timestamp,is_bot,loc_x,loc_y,loc_z,s_x,s_y,s_z,d_a,d_p,d_e,tar
669,0.0,-79.065376,1434.5,1750.701294,1.0,0.0,0.0,,,,
670,0.0,-79.065376,1434.5,1750.701294,1.0,0.0,0.0,,,,
671,0.0,-79.065376,1434.5,1750.701294,1.0,0.0,0.0,,,,
672,0.0,-79.065376,1434.5,1750.701294,1.0,0.0,0.0,,,,
673,0.0,-79.065376,1434.5,1750.701294,1.0,0.0,0.0,,,,
674,0.0,-79.065376,1434.5,1750.701294,1.0,0.0,0.0,,,,
675,0.0,-79.065376,1434.5,1750.701294,1.0,0.0,0.0,,,,
676,0.0,-79.065376,1434.5,1750.701294,1.0,0.0,0.0,,,,
677,0.0,-79.065376,1434.5,1750.701294,1.0,0.0,0.0,,,,
678,0.0,-79.065376,1434.5,1750.701294,1.0,0.0,0.0,,,,
679,0.0,-79.065376,1434.5,1750.701294,0.9999733284,0.0,-0.0073035969,,,,
680,0.0,-79.065376,1434.5,1750.701294,0.9999621361,0.0,-0.0087020844,,,,
681,0.0,-79.065376,1434.5,1750.701294,0.999951147,0.0,-0.0098845113,,,,
682,0.0,-79.065376,1434.5,1750.701294,0.9999395383,0.0,-0.0109963475,,,,
683,0.0,-79.065376,1434.5,1750.701294,0.9999247316,0.0,-0.0122691125,,,,
684,0.0,-79.065376,1434.5,1750.701294,0.9999223305,0.0,-0.0124632655,,,,
685,0.0,-79.065376,1434.5,1750.701294,0.9999223305,0.0,-0.0124632655,,,,
686,0.0,-79.065376,1434.5,1750.701294,0.9999223305,0.0,-0.0124632655,,,,
687,0.0,-79.065376,1434.5,1750.701294,0.9999223305,0.0,-0.0124632655,,,,
688,0.0,-79.065376,1434.5,1750.701294,0.9999223305,0.0,-0.0124632655,,,,
689,0.0,-79.065376,1434.5,1750.701294,0.9999223305,0.0,-0.0124632655,,,,
690,0.0,-79.065376,1434.5,1750.701294,0.9999223305,0.0,-0.0124632655,,,,
691,0.0,-79.065376,1434.5,1750.701294,0.9999223305,0.0,-0.0124632655,,,,
692,0.0,-79.066635,1434.503662,1750.701294,0.9998859039,0.0004392842,-0.015099212,,,,
693,0.0,-79.067863,1434.507324,1750.701294,0.9998436439,0.0008663683,-0.0176617439,,,,
694,0.0,-79.070663,1434.515503,1750.701294,0.9997622048,0.0018369954,-0.0217292271,,,,
695,0.0,-79.0709,1434.516113,1750.701294,0.9997550491,0.0019170037,-0.0220491915,,,,
696,0.0,-79.0709,1434.516113,1750.701294,0.9997550491,0.0019170037,-0.0220491915,,,,
697,0.0,-79.0709,1434.516113,1750.701294,0.9997550491,0.0019170037,-0.0220491915,,,,
698,0.0,-79.0709,1434.516113,1750.701294,0.9997550491,0.0019170037,-0.0220491915,,,,
699,0.0,-79.0709,1434.516113,1750.701294,0.9997550491,0.0019170037,-0.0220491915,,,,
700,0.0,-79.0709,1434.516113,1750.701294,0.9997550491,0.0019170037,-0.0220491915,,,,
701,0.0,-79.0709,1434.516113,1750.701294,0.9997550491,0.0019170037,-0.0220491915,,,,
702,0.0,-79.0709,1434.516113,1750.701294,0.9997550491,0.0019170037,-0.0220491915,,,,
703,0.0,-79.0709,1434.516113,1750.701294,0.9997550491,0.0019170037,-0.0220491915,,,,
704,0.0,-79.0709,1434.516113,1750.701294,0.9997550491,0.0019170037,-0.0220491915,,,,
705,0.0,-79.0709,1434.516113,1750.701294,0.9997550491,0.0019170037,-0.0220491915,,,,
706,0.0,-79.0709,1434.516113,1750.701294,0.9997550491,0.0019170037,-0.0220491915,,,,
707,0.0,-79.0709,1434.516113,1750.701294,0.9997550491,0.0019170037,-0.0220491915,,,,
708,0.0,-79.0709,1434.516113,1750.701294,0.9997550491,0.0019170037,-0.0220491915,,,,
709,0.0,-79.0709,1434.516113,1750.701294,0.9997550491,0.0019170037,-0.0220491915,,,,
710,0.0,-79.0709,1434.516113,1750.701294,0.9997550491,0.0019170037,-0.0220491915,,,,
711,0.0,-79.0709,1434.516113,1750.701294,0.9997550491,0.0019170037,-0.0220491915,,,,
712,0.0,-79.0709,1434.516113,1750.701294,0.9997550491,0.0019170037,-0.0220491915,,,,
713,0.0,-79.0709,1434.516113,1750.701294,0.9997550491,0.0019170037,-0.0220491915,,,,
714,0.0,-79.0709,1434.516113,1750.701294,0.9997550491,0.0019170037,-0.0220491915,,,,
715,0.0,-79.0709,1434.516113,1750.701294,0.9997550491,0.0019170037,-0.0220491915,,,,
716,0.0,-79.0709,1434.516113,1750.701294,0.9997550491,0.0019170037,-0.0220491915,,,,
717,0.0,-79.0709,1434.516113,1750.701294,0.9997550491,0.0019170037,-0.0220491915,,,,
718,0.0,-79.0709,1434.516113,1750.701294,0.9997550491,0.0019170037,-0.0220491915,,,,
719,0.0,-79.0709,1434.516113,1750.701294,0.9997550491,0.0019170037,-0.0220491915,,,,
720,0.0,-79.0709,1434.516113,1750.701294,0.9997550491,0.0019170037,-0.0220491915,,,,
721,0.0,-79.0709,1434.516113,1750.701294,0.9997550491,0.0019170037,-0.0220491915,,,,
722,0.0,-79.0709,1434.516113,1750.701294,0.9997550491,0.0019170037,-0.0220491915,,,,
723,0.0,-79.0709,1434.516113,1750.701294,0.9997550491,0.0019170037,-0.0220491915,,,,
724,0.0,-79.0709,1434.516113,1750.701294,0.9997550491,0.0019170037,-0.0220491915,,,,
725,0.0,-79.0709,1434.516113,1750.701294,0.9997550491,0.0019170037,-0.0220491915,,,,
726,0.0,-79.0709,1434.516113,1750.701294,0.9997550491,0.0019170037,-0.0220491915,,,,
727,0.0,-79.0709,1434.516113,1750.701294,0.9997550491,0.0019170037,-0.0220491915,,,,
728,0.0,-79.0709,1434.516113,1750.701294,0.9997550491,0.0019170037,-0.0220491915,,,,
729,0.0,-79.0709,1434.516113,1750.701294,0.9997550491,0.0019170037,-0.0220491915,,,,
730,0.0,-79.0709,1434.516113,1750.701294,0.9997550491,0.0019170037,-0.0220491915,,,,
731,0.0,-79.0709,1434.516113,1750.701294,0.9997550491,0.0019170037,-0.0220491915,,,,
732,0.0,-79.0709,1434.516113,1750.701294,0.9997550491,0.0019170037,-0.0220491915,,,,
733,0.0,-79.0709,1434.516113,1750.701294,0.9997550491,0.0019170037,-0.0220491915,,,,
734,0.0,-79.0709,1434.516113,1750.701294,0.9997550491,0.0019170037,-0.0220491915,,,,
735,0.0,-79.0709,1434.516113,1750.701294,0.9997550491,0.0019170037,-0.0220491915,,,,
736,0.0,-79.0709,1434.516113,1750.701294,0.9997550491,0.0019170037,-0.0220491915,,,,
737,0.0,-79.0709,1434.516113,1750.701294,0.9997550491,0.0019170037,-0.0220491915,,,,
738,0.0,-79.0709,1434.516113,1750.701294,0.9997550491,0.0019170037,-0.0220491915,,,,
739,0.0,-79.0709,1434.516113,1750.701294,0.9997550491,0.0019170037,-0.0220491915,,,,
740,0.0,-79.0709,1434.516113,1750.701294,0.9997550491,0.0019170037,-0.0220491915,,,,
741,0.0,-79.0709,1434.516113,1750.701294,0.9997550491,0.0019170037,-0.0220491915,,,,
742,0.0,-79.0709,1434.516113,1750.701294,0.9997550491,0.0019170037,-0.0220491915,,,,
743,0.0,-79.0709,1434.516113,1750.701294,0.9997550491,0.0019170037,-0.0220491915,,,,
744,0.0,-79.0709,1434.516113,1750.701294,0.9997550491,0.0019170037,-0.0220491915,,,,
745,0.0,-79.0709,1434.516113,1750.701294,0.9997550491,0.0019170037,-0.0220491915,,,,
746,0.0,-79.0709,1434.516113,1750.701294,0.9997550491,0.0019170037,-0.0220491915,,,,
747,0.0,-79.0709,1434.516113,1750.701294,0.9997550491,0.0019170037,-0.0220491915,,,,
748,0.0,-79.070938,1434.516357,1750.701294,0.999755309,0.0019301085,-0.0220362617,,,,
749,0.0,-79.0814935,1434.5462645,1750.701233,0.9998094612,0.0055026516,-0.0179173206,,,,
750,0.0,-79.092049,1434.576172,1750.701172,0.9998636135,0.0090751947,-0.0137983795,,,,
751,0.0,-79.118004,1434.64624,1750.701172,0.9998394806,0.0174866685,-0.0039024939,,,,
752,0.0,-79.15107,1434.730225,1750.701172,0.9995614716,0.0276945333,0.0104822381,,,,
753,0.0,-79.184029,1434.80896,1750.701294,0.9990140174,0.0373713329,0.0239661547,,,,
754,0.0,-79.184029,1434.80896,1750.701294,0.9990140174,0.0373713329,0.0239661547,,,,
755,0.0,-79.184029,1434.80896,1750.701294,0.9990140174,0.0373713329,0.0239661547,,,,
756,0.0,-79.184029,1434.80896,1750.701294,0.9990140174,0.0373713329,0.0239661547,,,,
757,0.0,-79.184029,1434.80896,1750.701294,0.9990140174,0.0373713329,0.0239661547,,,,
758,0.0,-79.184029,1434.80896,1750.701294,0.9990140174,0.0373713329,0.0239661547,,,,
759,0.0,-79.184029,1434.80896,1750.701294,0.9990140174,0.0373713329,0.0239661547,,,,
760,0.0,-79.184029,1434.80896,1750.701294,0.9990140174,0.0373713329,0.0239661547,,,,
761,0.0,-79.184029,1434.80896,1750.701294,0.9990140174,0.0373713329,0.0239661547,,,,
762,0.0,-79.184029,1434.80896,1750.701294,0.9990140174,0.0373713329,0.0239661547,,,,
763,0.0,-79.184029,1434.80896,1750.701294,0.9990140174,0.0373713329,0.0239661547,,,,
1415,0.0,881.655212,1682.407349,1841.290405,0.711190902,0.6935472232,0.1148901654,,,,
1416,0.0,881.658936,1682.404297,1841.29248,0.711190902,0.6935472232,0.1148901654,,,,
1417,0.0,881.796387,1682.009644,1831.474365,0.711190902,0.6935472232,0.1148901654,,,,
1418,0.0,881.818054,1682.005859,1834.113403,0.711190902,0.6935472232,0.1148901654,,,,
1419,0.0,881.8289185,1682.001953,1834.935852,0.711190902,0.6935472232,0.1148901654,,,,
1420,0.0,881.839783,1681.998047,1835.758301,0.711190902,0.6935472232,0.1148901654,,,,
1421,0.0,881.84436,1681.964478,1838.610596,0.711190902,0.6935472232,0.1148901654,,,,
1422,0.0,881.846252,1681.94812,1840.049805,0.711190902,0.6935472232,0.1148901654,,,,
1423,0.0,881.851318,1681.911499,1841.172119,0.711190902,0.6935472232,0.1148901654,,,,
1424,0.0,881.8522335,1681.9004515,1841.1724855,0.711190902,0.6935472232,0.1148901654,,,,
1425,0.0,881.854126,1681.873291,1841.17334,0.711190902,0.6935472232,0.1148901654,,,,
1426,0.0,881.855713,1681.85083,1841.174683,0.711190902,0.6935472232,0.1148901654,,,,
1427,0.0,881.855286,1681.857056,1841.17395,0.711190902,0.6935472232,0.1148901654,,,,
1428,0.0,881.856262,1681.842163,1841.175415,0.711190902,0.6935472232,0.1148901654,,,,
1429,0.0,881.857971,1681.817749,1841.177856,0.711190902,0.6935472232,0.1148901654,,,,
1430,0.0,881.859009,1681.79834,1841.18335,0.711190902,0.6935472232,0.1148901654,,,,
1431,0.0,881.859009,1681.798584,1841.183228,0.711190902,0.6935472232,0.1148901654,,,,
1432,0.0,881.860168,1681.765381,1841.191284,0.711190902,0.6935472232,0.1148901654,,,,
1433,0.0,881.85968,1681.738037,1841.191528,0.711190902,0.6935472232,0.1148901654,,,,
1434,0.0,881.858154,1681.721436,1841.192505,0.711190902,0.6935472232,0.1148901654,,,,
1435,0.0,881.856506,1681.707275,1841.193359,0.711190902,0.6935472232,0.1148901654,,,,
1436,0.0,881.856201,1681.7052,1841.193481,0.711190902,0.6935472232,0.1148901654,,,,
1437,0.0,881.856445,1681.683105,1841.191284,0.711190902,0.6935472232,0.1148901654,,,,
1438,0.0,881.856689,1681.675049,1841.190308,0.711190902,0.6935472232,0.1148901654,,,,
1439,0.0,881.85907,1681.663574,1841.187744,0.711190902,0.6935472232,0.1148901654,,,,
1440,0.0,881.861877,1681.650635,1841.185059,0.711190902,0.6935472232,0.1148901654,,,,
1441,0.0,881.863708,1681.643433,1841.182495,0.711190902,0.6935472232,0.1148901654,,,,
1442,0.0,881.864075,1681.642334,1841.182007,0.711190902,0.6935472232,0.1148901654,,,,
1443,0.0,881.867432,1681.630005,1841.176636,0.711190902,0.6935472232,0.1148901654,,,,
1444,0.0,881.867737,1681.628296,1841.176392,0.711190902,0.6935472232,0.1148901654,,,,
1445,0.0,881.86792,1681.626587,1841.176636,0.711190902,0.6935472232,0.1148901654,,,,
1446,0.0,881.868286,1681.623169,1841.176758,0.711190902,0.6935472232,0.1148901654,,,,
1447,0.0,881.870361,1681.619019,1841.172363,0.711190902,0.6935472232,0.1148901654,,,,
1448,0.0,881.872009,1681.616821,1841.168457,0.711190902,0.6935472232,0.1148901654,,,,
1449,0.0,881.875122,1681.614258,1841.1604,0.711190902,0.6935472232,0.1148901654,,,,
1450,0.0,881.877075,1681.61438,1841.154175,0.711190902,0.6935472232,0.1148901654,,,,
1451,0.0,881.883606,1681.616699,1841.134766,0.711190902,0.6935472232,0.1148901654,,,,
1452,0.0,881.883728,1681.616699,1841.134644,0.711190902,0.6935472232,0.1148901654,,,,
1453,0.0,881.887146,1681.619141,1841.126221,0.711190902,0.6935472232,0.1148901654,,,,
1454,0.0,881.891113,1681.627319,1841.116699,0.711190902,0.6935472232,0.1148901654,,,,
1455,0.0,881.89209,1681.632446,1841.114502,0.711190902,0.6935472232,0.1148901654,,,,
1456,0.0,881.892151,1681.63269,1841.114624,0.711190902,0.6935472232,0.1148901654,,,,
1457,0.0,881.890381,1681.638062,1841.115234,0.711190902,0.6935472232,0.1148901654,,,,
1458,0.0,881.886475,1681.648071,1841.11731,0.711190902,0.6935472232,0.1148901654,,,,
1459,0.0,881.868774,1681.68103,1841.127441,0.711190902,0.6935472232,0.1148901654,,,,
1460,0.0,881.860046,1681.695923,1841.132568,0.711190902,0.6935472232,0.1148901654,,,,
1461,0.0,881.866516,1681.684937,1841.128784,0.711190902,0.6935472232,0.1148901654,,,,
1462,0.0,881.858276,1681.698853,1841.133667,0.711190902,0.6935472232,0.1148901654,,,,
1463,0.0,881.837341,1681.730103,1841.146484,0.711190902,0.6935472232,0.1148901654,,,,
1464,0.0,881.824341,1681.744873,1841.154785,0.711190902,0.6935472232,0.1148901654,,,,
1465,0.0,881.809601,1681.760437,1841.1661375,0.711190902,0.6935472232,0.1148901654,,,,
1466,0.0,881.794861,1681.776001,1841.17749,0.711190902,0.6935472232,0.1148901654,,,,
1467,0.0,881.781067,1681.789795,1841.189941,0.711190902,0.6935472232,0.1148901654,,,,
1468,0.0,881.747742,1681.817261,1841.220459,0.711190902,0.6935472232,0.1148901654,,,,
1469,0.0,881.731384,1681.829834,1841.235718,0.711190902,0.6935472232,0.1148901654,,,,
1470,0.0,881.731995,1681.829224,1841.235107,0.711190902,0.6935472232,0.1148901654,,,,
1471,0.0,881.706238,1681.841064,1841.256104,0.711190902,0.6935472232,0.1148901654,,,,
1472,0.0,881.694214,1681.844116,1841.265015,0.711190902,0.6935472232,0.1148901654,,,,
1473,0.0,881.705505,1681.841187,1841.256836,0.711190902,0.6935472232,0.1148901654,,,,
1474,0.0,881.692383,1681.844116,1841.266235,0.711190902,0.6935472232,0.1148901654,,,,
1475,0.0,881.67926,1681.844604,1841.27417,0.711190902,0.6935472232,0.1148901654,,,,
1476,0.0,881.662537,1681.846069,1841.284546,0.711190902,0.6935472232,0.1148901654,,,,
1477,0.0,884.638306,1679.79187,1842.701294,0.711190902,0.6935472232,0.1148901654,,,,
1478,0.0,884.638306,1679.79187,1842.701294,0.711190902,0.6935472232,0.1148901654,,,,
1479,0.0,884.638306,1679.79187,1842.701294,0.711190902,0.6935472232,0.1148901654,,,,
1480,0.0,884.638306,1679.79187,1842.701294,0.711190902,0.6935472232,0.1148901654,,,,
1481,0.0,884.638306,1679.79187,1842.701294,0.711190902,0.6935472232,0.1148901654,,,,
1482,0.0,884.638306,1679.79187,1842.701294,0.711190902,0.6935472232,0.1148901654,,,,
1483,0.0,884.638306,1679.79187,1842.701294,0.711190902,0.6935472232,0.1148901654,,,,
1484,0.0,884.638306,1679.79187,1842.701294,0.711190902,0.6935472232,0.1148901654,,,,
1485,0.0,884.638306,1679.79187,1842.701294,0.711190902,0.6935472232,0.1148901654,,,,
1486,0.0,884.638306,1679.79187,1842.701294,0.711190902,0.6935472232,0.1148901654,,,,
1487,0.0,884.638306,1679.79187,1842.701294,0.711190902,0.6935472232,0.1148901654,,,,
1488,0.0,884.638306,1679.79187,1842.701294,0.711190902,0.6935472232,0.1148901654,,,,
1489,0.0,884.638306,1679.79187,1842.701294,0.711190902,0.6935472232,0.1148901654,,,,
1490,0.0,884.638306,1679.79187,1842.701294,0.711190902,0.6935472232,0.1148901654,,,,
1491,0.0,884.638306,1679.79187,1842.701294,0.711190902,0.6935472232,0.1148901654,,,,
1492,0.0,884.638306,1679.79187,1842.701294,0.711190902,0.6935472232,0.1148901654,,,,
1493,0.0,884.638306,1679.79187,1842.701294,0.711190902,0.6935472232,0.1148901654,,,,
1494,0.0,884.638306,1679.79187,1842.701294,0.711190902,0.6935472232,0.1148901654,,,,
1495,0.0,884.638306,1679.79187,1842.701294,0.711190902,0.6935472232,0.1148901654,,,,
1496,0.0,884.638306,1679.79187,1842.701294,0.711190902,0.6935472232,0.1148901654,,,,
1497,0.0,884.638306,1679.79187,1842.701294,0.711190902,0.6935472232,0.1148901654,,,,
1498,0.0,884.638306,1679.79187,1842.701294,0.711190902,0.6935472232,0.1148901654,,,,
1499,0.0,884.638306,1679.79187,1842.701294,0.711190902,0.6935472232,0.1148901654,,,,
1500,0.0,884.638306,1679.79187,1842.701294,0.711190902,0.6935472232,0.1148901654,,,,
1501,0.0,884.638306,1679.79187,1842.701294,0.711190902,0.6935472232,0.1148901654,,,,
1502,0.0,884.638306,1679.79187,1842.701294,0.711190902,0.6935472232,0.1148901654,,,,
1503,0.0,884.638306,1679.79187,1842.701294,0.711190902,0.6935472232,0.1148901654,,,,
1504,0.0,884.638306,1679.79187,1842.701294,0.711190902,0.6935472232,0.1148901654,,,,
1505,0.0,884.638428,1679.79187,1842.701294,0.711190902,0.6935472232,0.1148901654,,,,
1506,0.0,884.638306,1679.79187,1842.701294,0.711190902,0.6935472232,0.1148901654,,,,
1507,0.0,884.638367,1679.79187,1842.701294,0.711190902,0.6935472232,0.1148901654,,,,
1508,0.0,884.638428,1679.79187,1842.701294,0.711190902,0.6935472232,0.1148901654,,,,
1509,0.0,884.638306,1679.79187,1842.701294,0.711190902,0.6935472232,0.1148901654,,,,
1510,0.0,884.638306,1679.79187,1842.701294,0.711190902,0.6935472232,0.1148901654,,,,
1511,0.0,884.641052,1679.790527,1842.701294,0.7114258963,0.6933061661,0.1148901827,,,,
1512,0.0,884.64502,1679.788452,1842.701294,0.7117753779,0.6929473726,0.1148901654,,,,
1513,0.0,884.649231,1679.786255,1842.701294,0.712074926,0.6925020239,0.1157162333,,,,
1514,0.0,884.653381,1679.784058,1842.701294,0.7123459879,0.6920510628,0.1167412519,,,,
1515,0.0,884.664185,1679.778198,1842.701294,0.7131857598,0.6909470961,0.1181447517,,,,
1516,0.0,884.688171,1679.765259,1842.701294,0.715089624,0.6885967215,0.1203386252,,,,
1517,0.0,884.704834,1679.756226,1842.701294,0.7162199287,0.6867673271,0.1240147256,,,,
1518,0.0,884.720764,1679.747437,1842.701294,0.717237933,0.6849667938,0.1280243684,,,,
1519,0.0,884.731689,1679.741333,1842.701294,0.7179038587,0.6836802804,0.1311309419,,,,
1520,0.0,884.751282,1679.730225,1842.701294,0.7190600481,0.6813737012,0.1366840391,,,,
1521,0.0,884.757812,1679.726562,1842.701294,0.7194795915,0.680617386,0.1382356369,,,,
1522,0.0,884.791382,1679.707275,1842.701294,0.7215822298,0.6767510239,0.1460381367,,,,
1523,0.0,884.807373,1679.697998,1842.701294,0.7220231046,0.6743818638,0.1545695254,,,,
1524,0.0,884.824768,1679.687744,1842.701294,0.7221448505,0.6714651583,0.1662568978,,,,
1525,0.0,884.833191,1679.682739,1842.701294,0.7207411144,0.6687210943,0.1826043376,,,,
1526,0.0,884.83551,1679.681274,1842.701294,0.720217747,0.66782482,0.1878733795,,,,
1527,0.0,884.835144,1679.681641,1842.701172,0.7151178041,0.6631485483,0.2209989347,,,,
1528,0.0,884.826965,1679.686401,1842.701294,0.7093098257,0.6591595572,0.2497763985,,,,
1529,0.0,884.765991,1679.721924,1842.701172,0.6996682238,0.6604806233,0.2724513219,,,,
1530,0.0,884.57428,1679.824951,1842.701172,0.6747260875,0.6686839141,0.3124204376,,,,
1531,0.0,884.516785,1679.853516,1842.70105,0.6676796139,0.6712953551,0.3218174629,,,,
1532,0.0,884.16925,1680.003296,1842.70105,0.6254533231,0.6851649347,0.3733057097,,,,
1533,0.0,883.99469,1680.064941,1842.70105,0.6048815977,0.6914571301,0.3949750499,,,,
1534,0.0,883.717773,1680.14502,1842.701172,0.5738835235,0.701760447,0.422125546,,,,
1535,0.0,883.353821,1680.218384,1842.701294,0.534749655,0.7150641349,0.4502511404,,,,
1536,0.0,883.125916,1680.24646,1842.700806,0.5101481269,0.7220676984,0.4672976863,,,,
1537,0.0,882.808472,1680.263062,1842.70105,0.4749303738,0.7293814354,0.492385887,,,,
1538,0.0,882.741089,1680.263184,1842.701416,0.4672725706,0.7305271433,0.4979823669,,,,
1539,0.0,882.710999,1680.262695,1842.701294,0.4638007693,0.7309056185,0.5006653806,,,,
1540,0.0,882.704712,1680.262695,1842.701294,0.4630850988,0.7309811555,0.50121726,,,,
1541,0.0,882.704712,1680.262695,1842.701294,0.4630850988,0.7309811555,0.50121726,,,,
1542,0.0,882.704651,1680.262695,1842.701294,0.4630850988,0.7309811555,0.50121726,,,,
1543,0.0,882.704712,1680.262695,1842.701294,0.4630850988,0.7309811555,0.50121726,,,,
1544,0.0,882.704773,1680.262695,1842.701294,0.4630850988,0.7309811555,0.50121726,,,,
1545,0.0,882.704712,1680.262695,1842.701294,0.4630850988,0.7309811555,0.50121726,,,,
1546,0.0,882.704712,1680.262695,1842.701294,0.4630850988,0.7309811555,0.50121726,,,,
1547,0.0,882.704712,1680.262695,1842.701294,0.4630850988,0.7309811555,0.50121726,,,,
1548,0.0,882.704712,1680.262695,1842.701294,0.4630850988,0.7309811555,0.50121726,,,,
1549,0.0,882.613037,1680.260132,1842.701294,0.4548221404,0.7357995515,0.5017328378,,,,
1550,0.0,882.518158,1680.253723,1842.701294,0.4461259046,0.7406732812,0.5022699488,,,,
1551,0.0,882.241882,1680.225952,1842.701294,0.4193443712,0.7526151468,0.5076620324,,,,
1552,0.0,881.910156,1680.163086,1842.700317,0.3850761934,0.7639678128,0.5177542914,,,,
1553,0.0,881.60437,1680.075562,1842.701172,0.3519882714,0.7732535832,0.5274307091,,,,
1554,0.0,881.415222,1680.006226,1842.701172,0.3309961805,0.7788192249,0.5328059154,,,,
1555,0.0,881.192688,1679.907959,1842.701172,0.3050820051,0.784068579,0.5405195959,,,,
1556,0.0,881.051086,1679.835571,1842.701294,0.2876988305,0.7861795735,0.5469470369,,,,
1557,0.0,881.008301,1679.81189,1842.701172,0.2821260926,0.7861351195,0.5499058482,,,,
1558,0.0,880.972412,1679.791504,1842.701294,0.2774156333,0.7860467105,0.5524229678,,,,
1559,0.0,880.934631,1679.769409,1842.701294,0.2721468686,0.7851220793,0.5563446796,,,,
1560,0.0,880.91095,1679.755249,1842.701294,0.2687111561,0.7842092106,0.5592944024,,,,
1561,0.0,880.894775,1679.745361,1842.701294,0.2663631642,0.7835691139,0.5613110622,,,,
1562,0.0,880.875427,1679.733276,1842.701294,0.2635419662,0.7827857175,0.5637305673,,,,
1563,0.0,880.854797,1679.720337,1842.701294,0.2604079288,0.7815615105,0.5668768085,,,,
1564,0.0,880.832825,1679.706421,1842.701294,0.2572211699,0.7807167315,0.5694898199,,,,
1565,0.0,880.809082,1679.69104,1842.701294,0.2538227057,0.7799545751,0.5720532273,,,,
1566,0.0,880.795105,1679.681885,1842.701294,0.2517819791,0.7793690907,0.5737505168,,,,
1567,0.0,880.778564,1679.670898,1842.701294,0.2495689311,0.7793496775,0.5747429241,,,,
1568,0.0,880.767273,1679.663208,1842.701294,0.2480740589,0.7794020083,0.5753188427,,,,
1569,0.0,880.74823,1679.650269,1842.701294,0.2455082427,0.7793618797,0.5764726908,,,,
1570,0.0,880.730957,1679.638306,1842.701294,0.2431642529,0.7792782126,0.5775782316,,,,
1571,0.0,880.720825,1679.631226,1842.701294,0.2418452571,0.7794333418,0.577922605,,,,
1572,0.0,880.719482,1679.630371,1842.701294,0.2416862298,0.7794826359,0.5779226477,,,,
1573,0.0,880.719482,1679.630371,1842.701294,0.2416862298,0.7794826359,0.5779226477,,,,
1574,0.0,880.719482,1679.630371,1842.701294,0.2416862298,0.7794826359,0.5779226477,,,,
1575,0.0,880.719482,1679.630371,1842.701294,0.2416862298,0.7794826359,0.5779226477,,,,
1576,0.0,880.716858,1679.62854,1842.701294,0.2417165253,0.7807261148,0.5762289954,,,,
1577,0.0,880.713806,1679.626343,1842.701294,0.2417502484,0.7821804116,0.5742391671,,,,
1578,0.0,880.702881,1679.61853,1842.701294,0.2410025664,0.784600678,0.5712438526,,,,
1579,0.0,880.686157,1679.606567,1842.701294,0.2391926714,0.7861570419,0.5698631165,,,,
1580,0.0,880.667542,1679.593018,1842.701294,0.2370981922,0.7876755187,0.5686402417,,,,
1581,0.0,880.657654,1679.585815,1842.701294,0.2359335794,0.7883765471,0.5681529426,,,,
1582,0.0,880.64917,1679.57959,1842.701294,0.2349364483,0.7889423734,0.5677805885,,,,
1583,0.0,880.638062,1679.571289,1842.701294,0.2336547238,0.7898284781,0.5670771069,,,,
1584,0.0,880.620911,1679.558472,1842.701294,0.2316188613,0.7910125342,0.5662613122,,,,
1585,0.0,880.615234,1679.554199,1842.701294,0.2309121599,0.7913152497,0.5661269734,,,,
1586,0.0,880.609863,1679.550049,1842.701294,0.2302212568,0.7915165336,0.5661269734,,,,
1587,0.0,880.6083065,1679.548828,1842.701294,0.2300169752,0.7915758528,0.5661270309,,,,
1588,0.0,880.60675,1679.547607,1842.701294,0.2298126935,0.7916351721,0.5661270884,,,,
1589,0.0,880.60614,1679.547241,1842.389893,0.2297405945,0.7916561401,0.5661270309,,,,
1590,0.0,880.60614,1679.547241,1840.211792,0.2297405945,0.7916561401,0.5661270309,,,,
1591,0.0,880.60614,1679.547241,1838.71875,0.2297405945,0.7916561401,0.5661270309,,,,
1592,0.0,880.60614,1679.547241,1837.382812,0.2297405945,0.7916561401,0.5661270309,,,,
1593,0.0,880.60614,1679.547241,1836.067871,0.2297405945,0.7916561401,0.5661270309,,,,
1594,0.0,880.60614,1679.547241,1834.701538,0.2297405945,0.7916561401,0.5661270309,,,,
1595,0.0,880.60614,1679.547241,1833.029175,0.2297405945,0.7916561401,0.5661270309,,,,
1596,0.0,880.600403,1679.542725,1831.567627,0.2292839443,0.7929128638,0.5645512052,,,,
1597,0.0,880.594604,1679.538208,1830.184082,0.2288308192,0.794150727,0.5629929653,,,,
1598,0.0,880.590332,1679.534912,1829.150269,0.2285961533,0.7954439184,0.5612599856,,,,
1599,0.0,880.588684,1679.533569,1829.03125,0.2286477159,0.796441468,0.5598224808,,,,
1600,0.0,880.588623,1679.533691,1829.03125,0.2288674026,0.7972070632,0.558641755,,,,
1601,0.0,880.588684,1679.533569,1829.03125,0.2290789451,0.7979435556,0.5575023937,,,,
1602,0.0,880.588013,1679.533203,1829.03125,0.2290496075,0.7981354761,0.5572396604,,,,
1603,0.0,880.583496,1679.529663,1829.03125,0.2286786645,0.7991146747,0.5559872346,,,,
1604,0.0,880.582825,1679.529175,1829.03125,0.2286258272,0.7992535243,0.5558093513,,,,
1605,0.0,880.582825,1679.529175,1829.03125,0.2286258272,0.7992535243,0.5558093513,,,,
1606,0.0,880.582825,1679.529175,1829.03125,0.2290533179,0.8007487827,0.5534762548,,,,
1607,0.0,880.582825,1679.529175,1829.03125,0.229412787,0.8020042882,0.5515060243,,,,
1608,0.0,880.582825,1679.529175,1829.03125,0.2297763932,0.8032754195,0.5495010552,,,,
1609,0.0,880.582825,1679.529175,1829.03125,0.2300685552,0.8042979565,0.547880696,,,,
1610,0.0,880.582825,1679.529175,1829.03125,0.2303316633,0.8052165883,0.5464188603,,,,
1611,0.0,880.582825,1679.529175,1829.03125,0.2307148353,0.8065577169,0.5442750354,,,,
1612,0.0,880.580566,1679.527222,1829.03125,0.2308921797,0.8083703408,0.5415036413,,,,
1613,0.0,880.577698,1679.525146,1829.03125,0.2309974173,0.8101520343,0.5387892673,,,,
1614,0.0,880.577087,1679.524658,1829.03125,0.2312425999,0.8113433725,0.5368880627,,,,
1615,0.0,880.577026,1679.524658,1829.03125,0.2315136561,0.8122948368,0.5353302953,,,,
1616,0.0,880.577087,1679.524658,1829.03125,0.2315858073,0.8125467512,0.5349166205,,,,
1617,0.0,880.577087,1679.524658,1829.03125,0.2315858073,0.8125467512,0.5349166205,,,,
1618,0.0,880.577087,1679.524658,1829.03125,0.2315858073,0.8125467512,0.5349166205,,,,
1619,0.0,880.577087,1679.524658,1829.03125,0.2315858073,0.8125467512,0.5349166205,,,,
1620,0.0,880.577087,1679.52478,1829.03125,0.2315858073,0.8125467512,0.5349166205,,,,
1621,0.0,880.577087,1679.524658,1829.03125,0.2315858073,0.8125467512,0.5349166205,,,,
1622,0.0,880.577087,1679.524658,1829.03125,0.2315858073,0.8125467512,0.5349166205,,,,
1623,0.0,880.577087,1679.524658,1829.03125,0.2315858073,0.8125467512,0.5349166205,,,,
1624,0.0,880.577087,1679.524658,1829.03125,0.2315858073,0.8125467512,0.5349166205,,,,
1625,0.0,880.581482,1679.528076,1829.03125,0.2329538323,0.8150889969,0.530436084,,,,
1626,0.0,880.5914915,1679.5358885,1829.03125,0.2345652932,0.8156004407,0.5289328182,,,,
1627,0.0,880.601501,1679.543701,1829.03125,0.236176754,0.8161118845,0.5274295525,,,,
1628,0.0,880.621033,1679.558594,1829.03125,0.2392447278,0.8169644188,0.5247200192,,,,
1629,0.0,880.714355,1679.626831,1829.03125,0.2524064344,0.8163277958,0.5195189329,,,,
1630,0.0,881.17395,1679.89917,1829.03125,0.3101538994,0.8033386564,0.5083813154,,,,
1631,0.0,881.406921,1680.003052,1829.03125,0.3366515813,0.7945877601,0.5052682498,,,,
1632,0.0,881.502625,1680.039795,1829.03125,0.3470306406,0.7905802846,0.5045320089,,,,
1633,0.0,881.55603,1680.059082,1829.03125,0.3526577231,0.7880862592,0.5045320391,,,,
1634,0.0,881.570007,1680.063843,1829.03125,0.3541152544,0.787432415,0.5045320391,,,,
1635,0.0,883.275452,1684.628662,1827.442505,0.3541152544,0.787432415,0.5045320391,,,,
1636,0.0,883.275757,1684.628418,1827.444702,0.3541152544,0.787432415,0.5045320391,,,,
1637,0.0,883.271057,1684.63208,1827.411987,0.3541152544,0.787432415,0.5045320391,,,,
1638,0.0,883.241516,1684.655396,1827.314575,0.3541152544,0.787432415,0.5045320391,,,,
1639,0.0,883.205811,1684.68335,1827.190186,0.3541152544,0.787432415,0.5045320391,,,,
1640,0.0,883.205444,1684.683594,1827.188232,0.3541152544,0.787432415,0.5045320391,,,,
1641,0.0,883.179932,1684.703369,1827.100952,0.3541152544,0.787432415,0.5045320391,,,,
1642,0.0,883.179932,1684.703369,1827.100952,0.3541152544,0.787432415,0.5045320391,,,,
1643,0.0,883.157654,1684.720581,1827.042725,0.3541152544,0.787432415,0.5045320391,,,,
1644,0.0,883.147766,1684.728149,1827.035767,0.354461551,0.7872765908,0.5045320391,,,,
1645,0.0,883.148254,1684.727783,1827.050659,0.354830536,0.7871103752,0.5045320089,,,,
1646,0.0,883.14624,1684.729248,1827.030029,0.3562223211,0.7875807587,0.5028142862,,,,
1647,0.0,883.158508,1684.719849,1827.050049,0.3578107694,0.788148547,0.5007926927,,,,
1648,0.0,883.284058,1684.758057,1826.664551,0.3617763251,0.7865941251,0.5003874228,,,,
1649,0.0,883.385498,1684.810791,1826.480103,0.3655823455,0.7853225246,0.499617935,,,,
1650,0.0,883.495483,1684.911621,1826.357788,0.3695023824,0.7840090891,0.4987962886,,,,
1651,0.0,883.584534,1685.022461,1826.355469,0.3728327995,0.7834036822,0.4972669046,,,,
1652,0.0,883.623474,1685.171387,1826.086426,0.3745770142,0.7831107643,0.4964167516,,,,
1653,0.0,883.522217,1685.437378,1827.347046,0.3760697363,0.7831259795,0.4952628128,,,,
1654,0.0,883.555115,1685.67981,1827.531738,0.3775506977,0.7832283698,0.4939724602,,,,
1655,0.0,883.517822,1685.95459,1828.972534,0.3785753744,0.783296608,0.4930792125,,,,
1656,0.0,883.552917,1686.234253,1829.05957,0.3789866425,0.783731446,0.4920712808,,,,
1657,0.0,883.39093,1686.59375,1829.801025,0.3789885989,0.7837352125,0.4920637749,,,,
1658,0.0,883.210266,1686.764648,1832.069092,0.3789885989,0.7837352125,0.4920637749,,,,
1659,0.0,883.142822,1687.105957,1834.30127,0.3789885989,0.7837352125,0.4920637749,,,,
1660,0.0,882.814758,1687.083862,1835.180908,0.3789885989,0.7837352125,0.4920637749,,,,
1661,0.0,882.788391,1687.538696,1837.207275,0.3789885989,0.7837352125,0.4920637749,,,,
1662,0.0,882.643921,1687.80127,1839.05835,0.3789885989,0.7837352125,0.4920637749,,,,
1663,0.0,882.693909,1688.3302,1840.8479,0.3789885989,0.7837352125,0.4920637749,,,,
1664,0.0,883.266052,1688.87793,1841.565918,0.3795663235,0.7849299268,0.4897085011,,,,
1665,0.0,883.331055,1689.170288,1841.585449,0.3819174551,0.788062931,0.4828000356,,,,
1666,0.0,883.847595,1689.424316,1841.331665,0.3856233409,0.7915366809,0.4740931573,,,,
1667,0.0,883.98999,1690.311035,1841.272583,0.3901878262,0.7956060579,0.4634268669,,,,
1668,0.0,884.9729,1691.585693,1840.511963,0.3998128955,0.8022815301,0.4432764318,,,,
1669,0.0,885.463074,1693.257324,1840.370239,0.4079258254,0.8069228968,0.4271673672,,,,
1670,0.0,885.906067,1694.432861,1840.093018,0.4128093335,0.8103639946,0.4158108349,,,,
1671,0.0,886.450012,1696.308105,1839.987549,0.4188535178,0.8146605488,0.4011108586,,,,
1672,0.0,887.194946,1697.867554,1839.692505,0.4218045418,0.8163439444,0.3945421309,,,,
1673,0.0,888.062439,1699.650513,1839.484619,0.4224263802,0.8166704555,0.3931988307,,,,
1674,0.0,889.229004,1701.868164,1839.483521,0.4224263802,0.8166704555,0.3931988307,,,,
1675,0.0,890.058289,1703.708618,1839.658936,0.4224263802,0.8166704555,0.3931988307,,,,
1676,0.0,891.114746,1706.074341,1839.973633,0.4224263802,0.8166704555,0.3931988307,,,,
1677,0.0,891.730225,1707.812012,1840.137695,0.4224263802,0.8166704555,0.3931988307,,,,
1678,0.0,893.024231,1710.250122,1840.547363,0.4224263802,0.8166704555,0.3931988307,,,,
1679,0.0,893.955505,1713.200439,1840.721558,0.4224263802,0.8166704555,0.3931988307,,,,
1680,0.0,894.592773,1715.517212,1840.80835,0.4224263802,0.8166704555,0.3931988307,,,,
1681,0.0,894.894714,1717.502319,1840.749756,0.4224263802,0.8166704555,0.3931988307,,,,
1682,0.0,895.337708,1720.4646,1840.77356,0.4224263802,0.8166704555,0.3931988307,,,,
1683,0.0,895.710876,1723.709839,1840.685181,0.4224263802,0.8166704555,0.3931988307,,,,
1684,0.0,896.366028,1725.960083,1840.797485,0.4224263802,0.8166704555,0.3931988307,,,,
1685,0.0,896.629944,1728.374756,1840.815063,0.4121815708,0.8231596445,0.3905311156,,,,
1686,0.0,896.651062,1731.227661,1840.931396,0.3952228633,0.8331208468,0.3869218823,,,,
1687,0.0,896.396301,1734.895386,1840.988037,0.3783155154,0.8424779182,0.383547035,,,,
1688,0.0,896.20752,1737.516602,1841.046753,0.3659991668,0.8486009355,0.3819961547,,,,
1689,0.0,895.917725,1740.165405,1841.156006,0.3526855197,0.8558001179,0.378442971,,,,
1690,0.0,895.127747,1743.917725,1841.149292,0.3315797111,0.8675472406,0.3706975593,,,,
1691,0.0,894.501343,1746.700684,1841.060791,0.3125879719,0.8783579563,0.3616297283,,,,
1692,0.0,893.598389,1749.863403,1840.933838,0.2922883528,0.8915017022,0.346110147,,,,
1693,0.0,892.710938,1753.034546,1840.945068,0.2770606001,0.9011854262,0.3333200436,,,,
1694,0.0,891.640625,1756.300659,1840.833862,0.2609040863,0.9127547266,0.3143371866,,,,
1695,0.0,890.806946,1758.968994,1840.52478,0.2479591101,0.9242690202,0.2902465469,,,,
1696,0.0,889.603943,1762.018066,1840.118408,0.2341087607,0.9379936583,0.2556579455,,,,
1697,0.0,888.675659,1764.028809,1839.751709,0.2257572793,0.945627137,0.2341430517,,,,
1698,0.0,887.781067,1767.17041,1838.720947,0.2170643068,0.9524796728,0.2136950156,,,,
1699,0.0,887.070312,1769.768555,1837.659546,0.2084325166,0.957228871,0.2006708116,,,,
1700,0.0,886.347107,1772.439697,1836.397339,0.1993572184,0.9613787798,0.1897565315,,,,
1701,0.0,885.772766,1774.671631,1835.174072,0.1968354757,0.9625238304,0.1865574211,,,,
1702,0.0,884.723328,1778.830933,1832.677734,0.1951718302,0.9633217935,0.1841713304,,,,
1703,0.0,884.032227,1781.589478,1830.774536,0.1951715971,0.9633219391,0.1841708158,,,,
1704,0.0,883.356445,1783.946655,1828.937622,0.1951715971,0.9633219391,0.1841708158,,,,
1705,0.0,883.142517,1784.818848,1828.237305,0.1951715971,0.9633219391,0.1841708158,,,,
1706,0.0,881.796143,1790.389282,1823.52771,0.1951715971,0.9633219391,0.1841708158,,,,
1707,0.0,881.190002,1792.7771,1821.212158,0.1951715971,0.9633219391,0.1841708158,,,,
1708,0.0,880.396729,1796.244751,1817.76709,0.1951715971,0.9633219391,0.1841708158,,,,
1709,0.0,879.69574,1799.343384,1814.47229,0.1951715971,0.9633219391,0.1841708158,,,,
1710,0.0,879.168335,1801.834595,1811.646484,0.1951715971,0.9633219391,0.1841708158,,,,
1711,0.0,878.389526,1805.359741,1807.47937,0.1951715971,0.9633219391,0.1841708158,,,,
1712,0.0,877.623413,1808.839478,1803.165649,0.1924131677,0.9630236738,0.1885804248,,,,
1713,0.0,876.921326,1811.865234,1799.197021,0.1838035279,0.9646452592,0.1888803514,,,,
1714,0.0,876.191711,1814.976562,1794.935913,0.1736544132,0.9660195589,0.1914428285,,,,
1715,0.0,875.273987,1821.630127,1785.356079,0.1452510817,0.9694382519,0.1977159553,,,,
1716,0.0,874.022522,1826.463501,1778.524292,0.1250820743,0.9718413081,0.1996971371,,,,
1717,0.0,873.2507325,1828.885681,1774.779846,0.1118599661,0.9736906924,0.1980729694,,,,
1718,0.0,871.561584,1834.630859,1765.032959,0.0825861849,0.9775783153,0.1937012121,,,,
1719,0.0,870.516785,1838.473267,1759.641235,0.0620201902,0.9808601734,0.1845719812,,,,
1720,0.0,870.141541,1840.673096,1758.684326,0.0506171347,0.9830457464,0.1762355414,,,,
1721,0.0,869.875244,1843.390015,1760.160645,0.0399784567,0.985275149,0.1662365896,,,,
1722,0.0,869.9740295,1844.495911,1760.9323735,0.0372249882,0.9860639233,0.1620699694,,,,
1723,0.0,870.576233,1847.313721,1762.249634,0.0336868901,0.9876901404,0.1527526757,,,,
1724,0.0,871.073669,1849.717041,1762.597534,0.0349025634,0.9882463475,0.1488320117,,,,
1725,0.0,871.782837,1852.41333,1763.101807,0.037052574,0.988270124,0.1481528559,,,,
1726,0.0,872.472168,1853.897095,1763.149536,0.0372537778,0.9882625599,0.1481528559,,,,
1727,0.0,873.748657,1857.101196,1763.401001,0.0372537778,0.9882625599,0.1481528559,,,,
1728,0.0,874.682434,1859.069824,1763.534546,0.0372537778,0.9882625599,0.1481528559,,,,
1729,0.0,875.942383,1861.424927,1763.655151,0.0372537778,0.9882625599,0.1481528559,,,,
1730,0.0,877.622864,1864.202881,1763.72644,0.0372537778,0.9882625599,0.1481528559,,,,
1731,0.0,879.093994,1866.239502,1763.483032,0.0372537778,0.9882625599,0.1481528559,,,,
1732,0.0,880.625244,1868.365601,1763.576172,0.0372537778,0.9882625599,0.1481528559,,,,
1733,0.0,882.22699,1870.633789,1763.929565,0.0368084643,0.9883463095,0.1477048051,,,,
1734,0.0,883.97168,1873.088623,1764.123779,0.0363875423,0.9884251337,0.1472810303,,,,
1735,0.0,886.151245,1875.879639,1764.616821,0.0381965822,0.9885078757,0.1462641471,,,,
1736,0.0,887.890686,1878.41626,1764.867065,0.039979314,0.988568617,0.1453744957,,,,
1737,0.0,889.577515,1881.169434,1765.148804,0.0417421536,0.9886246795,0.1444951061,,,,
1738,0.0,891.525024,1883.511841,1765.257202,0.0420145844,0.9886330003,0.1443591543,,,,
1739,0.0,893.980957,1886.182373,1765.200317,0.0410889287,0.9888075521,0.1434270719,,,,
1740,0.0,895.766235,1886.501953,1764.996094,0.0387367178,0.9892430041,0.1410593691,,,,
1741,0.0,898.084839,1885.978516,1764.996216,0.036762898,0.9895994888,0.1390731501,,,,
1742,0.0,900.955933,1885.793701,1765.120117,0.0307810446,0.9902484992,0.1358691913,,,,
1743,0.0,903.309753,1885.58667,1765.256226,0.0255977954,0.9907490018,0.1332710335,,,,
1744,0.0,905.858887,1885.410645,1765.484497,0.0154557026,0.9915675991,0.1286655264,,,,
1745,0.0,907.631531,1885.801758,1765.346069,0.0006912763,0.9926120654,0.121329344,,,,
1746,0.0,909.436829,1886.230103,1765.146484,-0.0166354247,0.9935827973,0.1118771088,,,,
1747,0.0,911.299561,1886.889038,1764.975952,-0.0363198272,0.9942525473,0.1007111827,,,,
1748,0.0,914.260681,1888.767334,1764.652222,-0.0892878847,0.9925367164,0.0830574516,,,,
1749,0.0,914.9187925,1889.3737795,1764.478516,-0.0962100262,0.9919690383,0.0817999904,,,,
1750,0.0,915.576904,1889.980225,1764.30481,-0.1031321677,0.9914013602,0.0805425292,,,,
1751,0.0,917.541138,1892.703125,1763.850586,-0.1124281976,0.9903902268,0.0805425292,,,,
1752,0.0,918.606873,1894.565796,1764.099243,-0.1124281976,0.9903902268,0.0805425292,,,,
1753,0.0,919.619507,1896.429443,1764.38208,-0.1124281976,0.9903902268,0.0805425292,,,,
1754,0.0,920.1652835,1897.6785885,1764.4833375,-0.1124281976,0.9903902268,0.0805425292,,,,
1755,0.0,920.71106,1898.927734,1764.584595,-0.1124281976,0.9903902268,0.0805425292,,,,
1756,0.0,922.546143,1903.687378,1765.22937,-0.1124281976,0.9903902268,0.0805425292,,,,
1757,0.0,923.189148,1905.679688,1765.416748,-0.1124281976,0.9903902268,0.0805425292,,,,
1758,0.0,924.058899,1908.355713,1765.419434,-0.1124281976,0.9903902268,0.0805425292,,,,
1759,0.0,925.099365,1911.318115,1765.515137,-0.1124281976,0.9903902268,0.0805425292,,,,
1760,0.0,926.188721,1913.724243,1765.869385,-0.1124281976,0.9903902268,0.0805425292,,,,
1761,0.0,927.205811,1916.120605,1766.281494,-0.1312086122,0.9880100889,0.0813656212,,,,
1762,0.0,928.284119,1918.782349,1766.342285,-0.154565342,0.9844783901,0.0831375634,,,,
1763,0.0,929.596985,1921.86792,1766.379028,-0.1848421358,0.9789770466,0.0862399392,,,,
1764,0.0,930.341064,1923.615479,1766.341187,-0.2234382265,0.970597117,0.0895354423,,,,
1765,0.0,932.127136,1927.387939,1766.184937,-0.2836866789,0.9542260464,0.0947339464,,,,
1766,0.0,933.183594,1929.998657,1766.341431,-0.3469028029,0.9328261669,0.0974360701,,,,
1767,0.0,934.673279,1933.042847,1766.361206,-0.415969706,0.9041116505,0.097730891,,,,
1768,0.0,935.514404,1935.842163,1766.424316,-0.4734639656,0.8758243768,0.0936137507,,,,
1769,0.0,936.22821,1938.585571,1766.409912,-0.529394563,0.8433521744,0.0921873451,,,,
1770,0.0,936.509277,1940.844238,1766.351074,-0.5535090718,0.8277063854,0.0923571711,,,,
1771,0.0,936.758606,1944.768921,1766.435791,-0.57426536,0.8133778197,0.0929291061,,,,
1772,0.0,936.810486,1947.700195,1766.447266,-0.5753423006,0.8126129783,0.092959048,,,,
1773,0.0,936.669617,1950.358032,1766.015503,-0.5753423006,0.8126129783,0.092959048,,,,
1774,0.0,936.357056,1953.46106,1765.717651,-0.5753423006,0.8126129783,0.092959048,,,,
1775,0.0,936.125732,1955.636353,1765.560791,-0.5753423006,0.8126129783,0.092959048,,,,
1776,0.0,935.8526,1959.033325,1765.240967,-0.5753423006,0.8126129783,0.092959048,,,,
1777,0.0,935.701843,1961.402832,1765.059692,-0.5753423006,0.8126129783,0.092959048,,,,
1778,0.0,935.5625,1965.240845,1765.046143,-0.5753423006,0.8126129783,0.092959048,,,,
1779,0.0,935.509827,1967.413086,1765.176636,-0.5753423006,0.8126129783,0.092959048,,,,
1780,0.0,935.491272,1970.171753,1765.311401,-0.5753233674,0.8125862371,0.0933093249,,,,
1781,0.0,935.636414,1974.660278,1765.207031,-0.5752908158,0.8125402612,0.093908472,,,,
1782,0.0,935.60083,1975.610352,1765.897705,-0.5773586058,0.8108863766,0.0955003901,,,,
1783,0.0,935.751099,1980.547852,1766.255737,-0.5881962831,0.8020177611,0.1038876481,,,,
1784,0.0,935.881592,1984.51355,1766.253662,-0.6113832602,0.7833595446,0.1120639681,,,,
1785,0.0,935.853882,1987.855225,1766.546997,-0.6332721899,0.7647070813,0.1191193239,,,,
1786,0.0,935.846008,1991.380249,1766.535645,-0.6675961852,0.7343772028,0.1224967653,,,,
1787,0.0,935.845764,1993.727417,1766.504028,-0.6878491342,0.7153254476,0.1231790266,,,,
1788,0.0,935.782593,1997.631714,1766.391602,-0.7190625092,0.6841992991,0.1217391758,,,,
1789,0.0,935.718811,2001.02063,1766.285889,-0.7438694845,0.6575037443,0.1197790309,,,,
1790,0.0,935.523865,2004.024292,1766.036011,-0.764296229,0.6341400457,0.1171224863,,,,
1791,0.0,935.554199,2007.557861,1766.0896,-0.78378322,0.6104454565,0.114193733,,,,
1792,0.0,935.224182,2010.466797,1765.403564,-0.8004932958,0.5888992863,0.1113917141,,,,
1799,0.0,932.507446,2035.610474,1765.464355,-0.8805778783,0.4651500885,0.0906531598,,,,
1800,0.0,931.904724,2039.581055,1765.64624,-0.8867089711,0.4538306862,0.0882321306,,,,
1801,0.0,931.31604,2043.334595,1766.008789,-0.8927197815,0.4423686697,0.0857983209,,,,
1802,0.0,930.679871,2047.518188,1766.230347,-0.8962703879,0.4356432202,0.08315273,,,,
1803,0.0,930.145996,2050.217041,1766.388306,-0.8997730623,0.4291697357,0.0788782251,,,,
1804,0.0,929.322632,2054.095215,1766.52063,-0.9037719304,0.4216590748,0.073484165,,,,
1805,0.0,928.575989,2057.652588,1766.616211,-0.9071463419,0.415017332,0.0696141399,,,,
1806,0.0,927.750183,2061.313232,1766.601929,-0.9103969951,0.4085026562,0.0655964273,,,,
1807,0.0,926.952332,2065.114014,1766.508301,-0.9138485411,0.4010904579,0.0633031481,,,,
1808,0.0,926.369934,2068.78125,1766.192139,-0.9181185757,0.3916625975,0.0604871118,,,,
1809,0.0,925.371399,2072.075684,1766.153198,-0.9233764597,0.3794086329,0.0585235244,,,,
1810,0.0,924.743164,2075.380371,1765.654541,-0.9303089533,0.3623604872,0.0567461784,,,,
1811,0.0,923.909058,2077.95874,1765.514648,-0.9368142383,0.3455458068,0.0545635247,,,,
1812,0.0,922.842041,2081.447998,1765.358398,-0.9429848202,0.3286968428,0.0523260389,,,,
1813,0.0,921.453369,2085.438477,1765.302612,-0.9516864742,0.303153632,0.0488950941,,,,
1814,0.0,920.595642,2088.390625,1764.581421,-0.9580804406,0.2827553333,0.046165905,,,,
1815,0.0,919.294617,2091.477295,1764.549438,-0.9656738598,0.2562751132,0.0423917775,,,,
1816,0.0,917.9422,2094.411377,1764.598145,-0.9712063916,0.2350850679,0.0386413742,,,,
1817,0.0,916.454895,2096.948486,1764.590942,-0.9756638671,0.2166683341,0.0336875553,,,,
1818,0.0,914.604492,2099.755615,1764.800537,-0.9792643644,0.2004707167,0.0292026761,,,,
1819,0.0,912.723389,2102.150146,1764.953369,-0.983731899,0.1778276521,0.025473065,,,,
1820,0.0,910.672119,2104.422607,1765.290039,-0.9867332029,0.1606700423,0.023296432,,,,
1821,0.0,908.565369,2106.549072,1765.42981,-0.9871312626,0.1582482775,0.0230076749,,,,
1822,0.0,905.871704,2109.003906,1765.838745,-0.9871312626,0.1582482775,0.0230076749,,,,
1823,0.0,903.551941,2110.750977,1766.5802,-0.9871312626,0.1582482775,0.0230076749,,,,
1824,0.0,901.196838,2112.518799,1766.497559,-0.9871312626,0.1582482775,0.0230076749,,,,
1825,0.0,898.702087,2114.070801,1767.112061,-0.9871312626,0.1582482775,0.0230076749,,,,
1826,0.0,895.944702,2115.692383,1767.260742,-0.9871312626,0.1582482775,0.0230076749,,,,
1827,0.0,892.77417,2117.024658,1767.870361,-0.9871312626,0.1582482775,0.0230076749,,,,
1828,0.0,889.930176,2118.274902,1768.066162,-0.9871312626,0.1582482775,0.0230076749,,,,
1829,0.0,886.963928,2119.443848,1768.130737,-0.9871312626,0.1582482775,0.0230076749,,,,
1830,0.0,883.825378,2120.747803,1768.088623,-0.9871312626,0.1582482775,0.0230076749,,,,
1831,0.0,881.039124,2121.871094,1768.122314,-0.9871312626,0.1582482775,0.0230076749,,,,
1832,0.0,877.599121,2123.043457,1768.134766,-0.9871312626,0.1582482775,0.0230076749,,,,
1833,0.0,874.641846,2123.958008,1767.86145,-0.9871312626,0.1582482775,0.0230076749,,,,
1834,0.0,869.065552,2125.682373,1767.025146,-0.9881304943,0.1518303106,0.0233598575,,,,
1835,0.0,866.8442995,2126.1497805,1767.0380245,-0.9887022321,0.147961772,0.023660668,,,,
1836,0.0,864.623047,2126.617188,1767.050903,-0.9892739699,0.1440932335,0.0239614785,,,,
1837,0.0,858.554504,2127.17749,1765.765503,-0.9898513634,0.1397925713,0.0255404651,,,,
1838,0.0,855.342163,2127.090332,1765.520996,-0.9903206136,0.1362149351,0.0266565893,,,,
1839,0.0,851.715637,2126.953613,1765.421997,-0.9908781849,0.131872273,0.0277511512,,,,
1840,0.0,849.270874,2126.365967,1765.170654,-0.9909550548,0.1312830874,0.0277998271,,,,
1841,0.0,845.597656,2125.538574,1764.884644,-0.9910197897,0.1307935243,0.0277998271,,,,
1842,0.0,842.667664,2124.839111,1764.759766,-0.9910282887,0.1307291116,0.0277998271,,,,
1843,0.0,839.173218,2123.784424,1764.648804,-0.9910282887,0.1307291116,0.0277998271,,,,
1844,0.0,836.65625,2123.021484,1764.851318,-0.9910282887,0.1307291116,0.0277998271,,,,
1845,0.0,833.261108,2122.115234,1765.225098,-0.9910282887,0.1307291116,0.0277998271,,,,
1846,0.0,830.448853,2121.582275,1765.722168,-0.9910282887,0.1307291116,0.0277998271,,,,
1847,0.0,827.491821,2121.139648,1766.178711,-0.9910282887,0.1307291116,0.0277998271,,,,
1848,0.0,824.45752,2120.645508,1766.496582,-0.9910282887,0.1307291116,0.0277998271,,,,
1849,0.0,820.599182,2120.338379,1767.061157,-0.9910282887,0.1307291116,0.0277998271,,,,
1850,0.0,817.513733,2120.248535,1767.609375,-0.9910282887,0.1307291116,0.0277998271,,,,
1851,0.0,814.266541,2120.009521,1767.665894,-0.991259834,0.1289616656,0.0277998271,,,,
1852,0.0,810.901123,2119.971191,1767.83667,-0.9914844927,0.1270207288,0.0287094959,,,,
1853,0.0,808.57373,2119.965576,1767.756592,-0.9916520985,0.1256944002,0.0287581879,,,,
1854,0.0,804.159241,2119.8479,1767.485107,-0.9918501594,0.1241218306,0.0287581705,,,,
1855,0.0,800.875183,2119.852783,1767.615967,-0.9918564059,0.1240719054,0.0287581705,,,,
1856,0.0,798.432007,2119.8396,1767.283325,-0.9918564059,0.1240719054,0.0287581705,,,,
1857,0.0,793.967773,2119.860352,1766.90686,-0.9918564059,0.1240719054,0.0287581705,,,,
1889,0.0,688.48645,2149.602783,1767.981812,-0.9967306878,0.0135483763,0.0796516003,,,,
1890,0.0,685.039001,2150.646484,1767.890625,-0.9966385625,0.0099005283,0.0813237678,,,,
1891,0.0,681.086914,2151.818604,1767.920898,-0.9965035411,0.0054263716,0.0833741389,,,,
1892,0.0,678.073547,2152.894043,1767.513794,-0.9965010304,0.0053501952,0.0834090631,,,,
1893,0.0,675.368774,2153.86792,1767.456665,-0.9965010304,0.0053501952,0.0834090631,,,,
1894,0.0,673.013611,2155.08252,1767.457153,-0.9965010304,0.0053501952,0.0834090631,,,,
1895,0.0,668.795776,2156.890625,1767.376099,-0.9965010304,0.0053501952,0.0834090631,,,,
1896,0.0,666.361206,2157.91333,1767.091309,-0.9965010304,0.0053501952,0.0834090631,,,,
1897,0.0,663.742554,2158.729004,1766.922363,-0.9964245542,-0.0017519426,0.0844691566,,,,
1898,0.0,659.805481,2159.821045,1767.190308,-0.9962205533,-0.0120965939,0.0860132635,,,,
1899,0.0,656.559631,2160.73584,1766.686035,-0.9958990069,-0.027236272,0.0862748722,,,,
1900,0.0,652.640869,2161.569824,1766.219604,-0.994856915,-0.0481483706,0.0891148306,,,,
1901,0.0,650.370544,2161.929443,1766.047607,-0.9936341028,-0.0652402304,0.0918421585,,,,
1902,0.0,646.419739,2162.515869,1765.848267,-0.9916500346,-0.0868810898,0.0952989248,,,,
1903,0.0,643.033997,2162.91333,1765.72168,-0.9898735076,-0.1040169808,0.0965966184,,,,
1904,0.0,639.646606,2163.371338,1765.665771,-0.9881453114,-0.1185179135,0.0975825176,,,,
1905,0.0,636.135864,2163.896729,1765.723999,-0.9876533781,-0.1224315084,0.0977309084,,,,
1906,0.0,633.049744,2164.523438,1765.800415,-0.9876464318,-0.1224875311,0.0977309084,,,,
1907,0.0,629.703186,2165.451416,1766.084961,-0.9876464318,-0.1224875311,0.0977309084,,,,
1908,0.0,627.008667,2166.294434,1766.458008,-0.9876464318,-0.1224875311,0.0977309084,,,,
1909,0.0,623.270874,2167.609619,1766.664429,-0.9876464318,-0.1224875311,0.0977309084,,,,
1910,0.0,620.051331,2168.702881,1766.766846,-0.9879386182,-0.1201081021,0.0977309084,,,,
1911,0.0,616.888977,2169.530518,1767.171021,-0.9881815127,-0.118093017,0.0977309431,,,,
1912,0.0,612.947571,2170.466553,1767.413818,-0.9887576164,-0.1131682027,0.0977309258,,,,
1913,0.0,609.803528,2171.338135,1767.411011,-0.9893414162,-0.1079455038,0.0977309084,,,,
1914,0.0,606.943604,2171.723877,1767.614746,-0.9901002538,-0.100352067,0.0981374043,,,,
1915,0.0,602.689209,2172.374023,1767.696777,-0.9909103367,-0.0914452052,0.0986634641,,,,
1916,0.0,599.537659,2172.848145,1767.713013,-0.9928316208,-0.0674288271,0.0986849832,,,,
1917,0.0,596.25592,2173.299316,1767.716553,-0.994241017,-0.0417860534,0.0986849832,,,,
1918,0.0,592.779297,2173.713623,1767.791138,-0.9948228567,0.0166406775,0.1002525394,,,,
1919,0.0,589.336609,2173.918457,1767.836426,-0.9909829822,0.085547324,0.1031231509,,,,
1920,0.0,585.895874,2174.243896,1767.508911,-0.9761234094,0.1886014803,0.1077616411,,,,
1921,0.0,579.104126,2174.992188,1766.271362,-0.9094852607,0.3960526117,0.1264076317,,,,
1922,0.0,575.493225,2176.064697,1765.977539,-0.8553797054,0.4987630171,0.1398606889,,,,
1923,0.0,572.625732,2176.998047,1765.568604,-0.8150738027,0.5589215896,0.1525167296,,,,
1924,0.0,568.665527,2177.377441,1765.371704,-0.7774515261,0.6068290844,0.1653105772,,,,
1925,0.0,564.935242,2177.121826,1765.019653,-0.7687370463,0.6170709519,0.1681273148,,,,
1926,0.0,561.031738,2176.863037,1764.987305,-0.7687370463,0.6170709519,0.1681273148,,,,
1927,0.0,558.54657,2176.786621,1765.051636,-0.7687370463,0.6170709519,0.1681273148,,,,
1928,0.0,554.269714,2176.539307,1765.097778,-0.7687370463,0.6170709519,0.1681273148,,,,
1929,0.0,550.848328,2176.289307,1765.060913,-0.7687370463,0.6170709519,0.1681273148,,,,
1930,0.0,548.52887,2176.364502,1765.33374,-0.7687370463,0.6170709519,0.1681273148,,,,
1931,0.0,544.54895,2176.098389,1765.339844,-0.7687370463,0.6170709519,0.1681273148,,,,
1932,0.0,541.156128,2175.937012,1765.452515,-0.7687370463,0.6170709519,0.1681273148,,,,
1933,0.0,537.776978,2175.889404,1765.667725,-0.7687370463,0.6170709519,0.1681273148,,,,
1934,0.0,533.976196,2175.733154,1765.831543,-0.7687370463,0.6170709519,0.1681273148,,,,
1935,0.0,530.905212,2175.531738,1765.919556,-0.7733159118,0.6131220492,0.161443034,,,,
1936,0.0,526.838928,2175.226318,1765.873535,-0.7733898142,0.614712727,0.1549079035,,,,
1937,0.0,523.357727,2175.140869,1765.782471,-0.7605412544,0.6319158886,0.1491955432,,,,
1938,0.0,522.483459,2175.067383,1765.782471,-0.7558033211,0.6376506199,0.1488725182,,,,
1939,0.0,517.367676,2174.890869,1765.368286,-0.7262013591,0.671484094,0.1474472705,,,,
1940,0.0,514.675537,2174.870117,1765.034302,-0.707291177,0.6914260441,0.1472046758,,,,
1941,0.0,509.866333,2174.735352,1764.64563,-0.6815298766,0.7168317905,0.1472046585,,,,
1942,0.0,507.096375,2174.778076,1764.054199,-0.6693199156,0.7282455933,0.1472046412,,,,
1943,0.0,504.113861,2174.69751,1764.01001,-0.6613786418,0.7353876295,0.1475917562,,,,
1944,0.0,500.381195,2174.829102,1763.291748,-0.6562406268,0.7398789154,0.1480791351,,,,
1945,0.0,497.171661,2174.800293,1763.178833,-0.655460748,0.740555156,0.1481528559,,,,
1946,0.0,493.087799,2174.717773,1763.441895,-0.655460748,0.740555156,0.1481528559,,,,
1947,0.0,490.682861,2174.887939,1763.057373,-0.655460748,0.740555156,0.1481528559,,,,
1948,0.0,487.109894,2174.921143,1762.930054,-0.655460748,0.740555156,0.1481528559,,,,
1949,0.0,484.180054,2174.937744,1762.928711,-0.655460748,0.740555156,0.1481528559,,,,
1950,0.0,480.623688,2174.980957,1762.936646,-0.655460748,0.740555156,0.1481528559,,,,
1951,0.0,477.962341,2174.954346,1763.006592,-0.6555985449,0.740711233,0.1467563192,,,,
1952,0.0,473.003143,2174.977295,1762.976562,-0.6559230242,0.7410774467,0.1434196791,,,,
1953,0.0,469.653564,2174.914062,1762.91333,-0.6561691113,0.7413554818,0.1408337564,,,,
1954,0.0,467.121002,2174.921875,1762.584595,-0.6561593477,0.7418944608,0.1380127512,,,,
1955,0.0,465.935211,2174.814697,1762.600952,-0.6561459533,0.742069241,0.1371339839,,,,
1956,0.0,459.017914,2174.745361,1760.627441,-0.656264169,0.742896785,0.1319913153,,,,
1957,0.0,455.770599,2174.917725,1758.168579,-0.6564604307,0.7431189549,0.129745604,,,,
1958,0.0,448.096588,2174.76001,1753.775879,-0.6696812773,0.731786505,0.1265523521,,,,
1959,0.0,446.1147765,2174.728638,1752.5133055,-0.6799505124,0.7221383348,0.1264316702,,,,
1960,0.0,440.535309,2174.570068,1750.510132,-0.7269169201,0.6750091299,0.1263109883,,,,
1961,0.0,437.541077,2174.301758,1750.28186,-0.7855751412,0.6055065305,0.1274109066,,,,
1962,0.0,434.92392,2173.9558105,1750.2145385,-0.8203737746,0.5537632044,0.1282348934,,,,
1973,0.0,397.180084,2163.149414,1750.715088,-0.9913560159,0.0168380565,0.1301142944,,,,
1974,0.0,393.516937,2162.236816,1750.881836,-0.9914893676,-0.0043708458,0.1301142944,,,,
1975,0.0,388.942657,2161.186523,1751.268799,-0.9909895328,-0.0317808941,0.1301142598,,,,
1976,0.0,385.608826,2160.37207,1751.383057,-0.9900886001,-0.0528661496,0.1301143117,,,,
1977,0.0,381.625427,2159.381592,1751.526001,-0.9882306441,-0.0804392256,0.1301142771,,,,
1978,0.0,374.482605,2158.827637,1752.159668,-0.9883806066,-0.0756126495,0.131857892,,,,
1979,0.0,376.48291,2160.55957,1752.363159,-0.9885760877,-0.0695221882,0.1337310143,,,,
1980,0.0,374.232849,2161.149902,1752.512329,-0.983143256,-0.120090033,0.1378684958,,,,
1981,0.0,371.237274,2160.912354,1751.9198,-0.9663647223,-0.2160047075,0.1395750331,,,,
1982,0.0,368.088348,2161.012207,1751.770874,-0.9451268798,-0.2949818661,0.1404310498,,,,
1983,0.0,365.374481,2160.612549,1750.604736,-0.9064695333,-0.3992221471,0.1376032795,,,,
1984,0.0,362.922943,2160.085693,1750.113647,-0.8369774122,-0.5315900355,0.1299263087,,,,
1985,0.0,360.466766,2159.607422,1749.949951,-0.7446546396,-0.6570339812,0.1174555885,,,,
1986,0.0,359.085083,2159.239502,1749.637207,-0.6440044797,-0.7577109255,0.1055101106,,,,
1987,0.0,356.43045,2159.219238,1749.580688,-0.5123180377,-0.8538694608,0.0918540808,,,,
1988,0.0,353.779816,2159.55542,1749.830444,-0.4339067517,-0.8965223072,0.0892898846,,,,
1989,0.0,350.729675,2159.625244,1750.04187,-0.3517930737,-0.9319102391,0.0882323045,,,,
1990,0.0,347.568329,2159.704834,1749.760864,-0.3480457662,-0.9333207049,0.0881850687,,,,
1991,0.0,344.524445,2159.494629,1750.210571,-0.3480457662,-0.9333207049,0.0881850687,,,,
1992,0.0,341.407227,2159.572021,1750.838867,-0.3480457662,-0.9333207049,0.0881850687,,,,
1993,0.0,338.570282,2159.743896,1751.017944,-0.3480457662,-0.9333207049,0.0881850687,,,,
1994,0.0,334.317932,2160.087646,1751.089966,-0.3480457662,-0.9333207049,0.0881850687,,,,
1995,0.0,330.921326,2160.582764,1751.175049,-0.3480457662,-0.9333207049,0.0881850687,,,,
1996,0.0,328.034821,2160.95166,1751.206299,-0.3480457662,-0.9333207049,0.0881850687,,,,
1997,0.0,324.093689,2161.610107,1751.249512,-0.3480457662,-0.9333207049,0.0881850687,,,,
1998,0.0,320.931091,2161.879639,1751.134644,-0.3495444907,-0.9321367641,0.0945499977,,,,
1999,0.0,318.111145,2162.305908,1751.078125,-0.3146870065,-0.9437772432,0.1012748894,,,,
2000,0.0,311.768219,2163.513916,1751.063843,-0.079201454,-0.9887412955,0.1269558203,,,,
2001,0.0,310.5674135,2163.640259,1751.0686035,0.0201486574,-0.9866261428,0.1276225803,,,,
2002,0.0,309.366608,2163.766602,1751.073364,0.1194987688,-0.98451099,0.1282893403,,,,
2003,0.0,308.018585,2164.456299,1750.037842,0.2759582869,-0.9528200954,0.1264155439,,,,
2004,0.0,308.065704,2164.935547,1749.478271,0.4771673502,-0.8711928424,0.1154744613,,,,
2005,0.0,309.506927,2166.071289,1747.982788,0.7481022644,-0.6567260541,0.0951519409,,,,
2006,0.0,311.133362,2167.335205,1749.239258,0.7889831963,-0.6075051913,0.0918855725,,,,
2007,0.0,311.860413,2169.166504,1749.374512,0.8154469704,-0.5718515316,0.0896217843,,,,
2008,0.0,311.860565,2171.337891,1749.341064,0.8208742758,-0.5641094549,0.0891400372,,,,
2009,0.0,311.780334,2172.578613,1749.187134,0.8208742758,-0.5641094549,0.0891400372,,,,
2010,0.0,311.93689,2173.782959,1749.203125,0.8208742758,-0.5641094549,0.0891400372,,,,
2011,0.0,312.014465,2174.602295,1749.195557,0.8208742758,-0.5641094549,0.0891400372,,,,
2012,0.0,312.295898,2175.913086,1749.19165,0.8208742758,-0.5641094549,0.0891400372,,,,
2013,0.0,312.862762,2177.06958,1749.197754,0.8208742758,-0.5641094549,0.0891400372,,,,
2014,0.0,313.996704,2178.468994,1749.257935,0.8208742758,-0.5641094549,0.0891400372,,,,
2015,0.0,314.96817,2179.515869,1749.360962,0.8208742758,-0.5641094549,0.0891400372,,,,
2016,0.0,316.60672,2180.870361,1749.48938,0.8208742758,-0.5641094549,0.0891400372,,,,
2017,0.0,318.007782,2181.969482,1749.806763,0.8204472968,-0.5642908833,0.0918805324,,,,
2018,0.0,320.033722,2182.905029,1749.994751,0.819861621,-0.564528508,0.0955745052,,,,
2019,0.0,321.690216,2183.638672,1750.006226,0.8401924004,-0.5338727846,0.095166066,,,,
2020,0.0,324.08371,2184.727539,1750.165283,0.8867966958,-0.4535651691,0.0887144733,,,,
2021,0.0,327.390411,2185.937012,1750.164062,0.922989799,-0.3760315508,0.0817930541,,,,
2022,0.0,330.960724,2186.756104,1750.321533,0.9525661242,-0.2956186766,0.0723006028,,,,
2023,0.0,333.645782,2187.383301,1750.291992,0.9680883197,-0.2420594307,0.0649017514,,,,
2024,0.0,337.060303,2188.003906,1750.221802,0.979623045,-0.1922779247,0.0580335197,,,,
2025,0.0,339.780487,2188.624268,1750.520264,0.9869318684,-0.1524317668,0.0522498201,,,,
2026,0.0,342.452057,2189.007568,1750.742798,0.9904872995,-0.1287411615,0.0485862417,,,,
2027,0.0,345.948242,2189.206543,1750.527466,0.9916614754,-0.1199941267,0.0469992318,,,,
2028,0.0,348.68692,2189.261719,1750.258179,0.9916862789,-0.1198040075,0.046960877,,,,
2029,0.0,350.759094,2189.278809,1749.849121,0.9916862789,-0.1198040075,0.046960877,,,,
2030,0.0,354.699219,2189.270996,1749.709473,0.9916862789,-0.1198040075,0.046960877,,,,
2031,0.0,357.529053,2189.213867,1749.627075,0.9914913406,-0.1214067445,0.046960877,,,,
2032,0.0,360.897522,2189.123291,1749.323364,0.9912938853,-0.1226419714,0.0479101215,,,,
2033,0.0,363.578613,2189.050537,1748.937988,0.991292457,-0.1226502264,0.0479185418,,,,
2034,0.0,366.560242,2188.924316,1748.851318,0.991292457,-0.1226502264,0.0479185418,,,,
2035,0.0,369.221619,2188.704346,1749.058105,0.991292457,-0.1226502264,0.0479185418,,,,
2036,0.0,372.22345,2188.194824,1749.431885,0.991292457,-0.1226502264,0.0479185418,,,,
2037,0.0,375.204773,2187.553711,1749.643921,0.991292457,-0.1226502264,0.0479185418,,,,
2038,0.0,378.25296,2187.1875,1750.248169,0.991292457,-0.1226502264,0.0479185418,,,,
2039,0.0,380.687897,2186.930908,1750.695435,0.991292457,-0.1226502264,0.0479185418,,,,
2040,0.0,383.776001,2186.244629,1751.409668,0.991292457,-0.1226502264,0.0479185418,,,,
2041,0.0,386.502869,2185.397949,1752.402466,0.991292457,-0.1226502264,0.0479185418,,,,
2042,0.0,389.828491,2184.03833,1752.456665,0.991292457,-0.1226502264,0.0479185418,,,,
2043,0.0,395.442535,2182.356445,1753.126465,0.991292457,-0.1226502264,0.0479185418,,,,
2044,0.0,398.745056,2181.38208,1753.291504,0.991292457,-0.1226502264,0.0479185418,,,,
2045,0.0,400.194687,2180.9572755,1753.3119505,0.991292457,-0.1226502264,0.0479185418,,,,
2046,0.0,401.644318,2180.532471,1753.332397,0.991292457,-0.1226502264,0.0479185418,,,,
2047,0.0,408.610382,2178.973389,1753.145752,0.991292457,-0.1226502264,0.0479185418,,,,
2048,0.0,411.524536,2178.325195,1752.977539,0.991292457,-0.1226502264,0.0479185418,,,,
2049,0.0,415.391937,2177.494629,1752.747803,0.991292457,-0.1226502264,0.0479185418,,,,
2055,0.0,432.815674,2173.942871,1751.86499,0.9927402586,-0.1117193758,0.0445596235,,,,
2056,0.0,436.314301,2173.401123,1751.822998,0.9934036063,-0.1063398651,0.0429081342,,,,
2057,0.0,440.373291,2172.574219,1751.918213,0.9940420723,-0.1008950568,0.0412376766,,,,
2058,0.0,444.645203,2171.870605,1751.887207,0.9946706987,-0.0952352876,0.0395024202,,,,
2059,0.0,449.056183,2170.990234,1752.087646,0.9953494503,-0.0887275624,0.0375085526,,,,
2060,0.0,452.560272,2170.145508,1752.688965,0.9956287676,-0.0848011293,0.0391423756,,,,
2061,0.0,456.101074,2169.423096,1752.991333,0.9956490689,-0.0844901682,0.0392981311,,,,
2062,0.0,458.83017,2168.811035,1754.620239,0.9956490689,-0.0844901682,0.0392981311,,,,
2063,0.0,462.327026,2167.841797,1757.395264,0.9956490689,-0.0844901682,0.0392981311,,,,
2064,0.0,466.375153,2167.020264,1760.0979,0.9956490689,-0.0844901682,0.0392981311,,,,
2065,0.0,469.385681,2166.484375,1762.109497,0.9956490689,-0.0844901682,0.0392981311,,,,
2066,0.0,472.849945,2165.813477,1764.316772,0.9956490689,-0.0844901682,0.0392981311,,,,
2067,0.0,476.463409,2165.172119,1766.497437,0.9956490689,-0.0844901682,0.0392981311,,,,
2068,0.0,480.148163,2164.591553,1767.694946,0.9956490689,-0.0844901682,0.0392981311,,,,
2069,0.0,483.695862,2164.159668,1767.927612,0.9956490689,-0.0844901682,0.0392981311,,,,
2070,0.0,487.525482,2163.688477,1768.20874,0.9963560618,-0.0764233269,0.0378691605,,,,
2071,0.0,490.864227,2163.441162,1767.822021,0.9969684842,-0.0687117214,0.0365039839,,,,
2072,0.0,494.180908,2163.132568,1767.58667,0.9972280387,-0.0648809104,0.0364239789,,,,
2073,0.0,497.275482,2162.813477,1767.128174,0.9970339771,-0.0681973406,0.0356703123,,,,
2074,0.0,500.489594,2162.425537,1766.781494,0.9968109501,-0.0720817363,0.0342367203,,,,
2075,0.0,504.210175,2162.005371,1766.466797,0.9966239753,-0.0752272158,0.0328864396,,,,
2076,0.0,508.195221,2161.578125,1766.307495,0.9964444968,-0.0776927952,0.0325913231,,,,
2077,0.0,511.395325,2161.248535,1766.105347,0.996395788,-0.0786557654,0.0317601043,,,,
2078,0.0,514.976501,2160.946289,1766.133667,0.9963207759,-0.0796508641,0.0316330733,,,,
2079,0.0,518.748047,2160.58667,1766.161865,0.9962378221,-0.0806817849,0.0316330733,,,,
2080,0.0,522.081848,2160.398193,1766.275024,0.996265674,-0.0806957845,0.0307066317,,,,
2081,0.0,525.481384,2160.048584,1766.226685,0.9962666652,-0.0806956548,0.0306747945,,,,
2082,0.0,528.856201,2159.956787,1766.726685,0.9962666652,-0.0806956548,0.0306747945,,,,
2083,0.0,532.200012,2159.779053,1767.159912,0.9962666652,-0.0806956548,0.0306747945,,,,
2084,0.0,538.984558,2159.265137,1767.524536,0.9962666652,-0.0806956548,0.0306747945,,,,
2085,0.0,541.0401,2159.1671145,1767.8015135,0.9962666652,-0.0806956548,0.0306747945,,,,
2086,0.0,543.095642,2159.069092,1768.078491,0.9962666652,-0.0806956548,0.0306747945,,,,
2087,0.0,549.599243,2158.80127,1768.660278,0.9962666652,-0.0806956548,0.0306747945,,,,
2088,0.0,552.699341,2158.610596,1768.817871,0.9959659037,-0.0840185161,0.0315088504,,,,
2089,0.0,554.9345095,2158.5198975,1768.924072,0.9957623136,-0.0861702032,0.0320491448,,,,
2090,0.0,557.169678,2158.429199,1769.030273,0.9955587236,-0.0883218903,0.0325894391,,,,
2091,0.0,563.923279,2158.109131,1768.781006,0.994560484,-0.0983136716,0.0344073478,,,,
2092,0.0,567.279419,2157.701416,1768.729126,0.9937210054,-0.1061658277,0.0353182745,,,,
2093,0.0,570.790894,2157.361572,1768.487915,0.9921709523,-0.1192655776,0.0370475827,,,,
2094,0.0,573.836182,2157.003418,1768.162598,0.990106957,-0.1345712355,0.0397340702,,,,
2095,0.0,577.74939,2156.539795,1767.799927,0.9878132729,-0.1497229773,0.0425202051,,,,
2096,0.0,581.739563,2156.045166,1767.148926,0.983928914,-0.1723911288,0.0465316118,,,,
2097,0.0,584.874084,2155.56665,1767.005615,0.9800061219,-0.1925884704,0.0499768164,,,,
2098,0.0,588.489624,2154.89624,1766.924194,0.9740557044,-0.2200110332,0.0530153759,,,,
2099,0.0,592.552979,2154.187744,1766.904175,0.9679745385,-0.2448438071,0.0554689371,,,,
2100,0.0,595.855774,2153.473145,1766.968628,0.9607926535,-0.2711115473,0.0581034068,,,,
2101,0.0,598.963257,2152.70166,1767.061157,0.9540595002,-0.2925906716,0.0645071234,,,,
2102,0.0,602.264221,2151.87207,1767.230591,0.9482148308,-0.3073975095,0.0799712815,,,,
2103,0.0,605.802795,2150.873291,1767.460815,0.9467643199,-0.3105552883,0.0848099962,,,,
2104,0.0,609.558777,2150.069092,1767.479248,0.9467273824,-0.3105431722,0.0852654769,,,,
2105,0.0,612.719666,2149.232422,1767.643799,0.9467229558,-0.310541775,0.085319698,,,,
2106,0.0,616.654236,2147.942139,1768.002075,0.9467229558,-0.310541775,0.085319698,,,,
2107,0.0,619.902222,2146.97876,1768.11792,0.9467229558,-0.310541775,0.085319698,,,,
2108,0.0,622.530701,2145.972168,1768.339478,0.9467229558,-0.310541775,0.085319698,,,,
2109,0.0,626.84137,2144.873291,1768.418579,0.9467229558,-0.310541775,0.085319698,,,,
2110,0.0,629.635254,2143.871582,1768.579956,0.9467229558,-0.310541775,0.085319698,,,,
2111,0.0,633.439087,2142.978271,1768.444092,0.9467229558,-0.310541775,0.085319698,,,,
2112,0.0,636.569885,2142.527588,1768.348145,0.9467229558,-0.310541775,0.085319698,,,,
2113,0.0,639.27887,2142.238525,1768.09668,0.9467229558,-0.310541775,0.085319698,,,,
2114,0.0,644.115234,2141.944336,1767.708618,0.9467229558,-0.310541775,0.085319698,,,,
2115,0.0,647.627136,2141.971436,1767.036865,0.9467229558,-0.310541775,0.085319698,,,,
2116,0.0,650.595886,2142.066162,1766.923706,0.9466629496,-0.3114036873,0.0828070248,,,,
2117,0.0,654.638855,2142.216309,1766.275269,0.9465845615,-0.312404912,0.0798801537,,,,
2118,0.0,658.000671,2142.362793,1765.723511,0.9463328424,-0.3137661142,0.0774917865,,,,
2119,0.0,661.808228,2142.680664,1765.241333,0.9460044508,-0.3154196151,0.0747398525,,,,
2120,0.0,665.109619,2143.14624,1765.193237,0.9448391167,-0.3187955339,0.0751561785,,,,
2121,0.0,667.563354,2143.415771,1764.615356,0.9438387914,-0.3216563407,0.075534987,,,,
2122,0.0,668.633789,2143.599854,1764.615356,0.9434792687,-0.3226782241,0.0756679138,,,,
2123,0.0,673.971436,2144.398926,1764.549316,0.9431758791,-0.3235639473,0.0756679138,,,,
2124,0.0,677.079346,2144.705078,1764.609497,0.9430376217,-0.3239666819,0.0756679138,,,,
2125,0.0,681.060242,2144.934082,1764.955933,0.942870616,-0.3244524131,0.0756679138,,,,
2126,0.0,683.932983,2145.068359,1765.4646,0.9428652362,-0.3244680464,0.0756679138,,,,
2127,0.0,686.932922,2145.092041,1766.042236,0.9428652362,-0.3244680464,0.0756679138,,,,
2128,0.0,694.196716,2144.801025,1766.43335,0.9428652362,-0.3244680464,0.0756679138,,,,
2129,0.0,696.074188,2144.708496,1766.7398685,0.9429290072,-0.3244901208,0.0747678694,,,,
2130,0.0,701.117065,2144.550293,1767.75769,0.9430553002,-0.3245337292,0.0729695786,,,,
2131,0.0,705.010132,2144.241943,1767.989136,0.9434149823,-0.3237225525,0.0719157847,,,,
2132,0.0,707.584473,2143.807373,1768.006348,0.9434434237,-0.3236557306,0.0718434016,,,,
2133,0.0,711.805969,2143.30542,1768.06311,0.9434434237,-0.3236557306,0.0718434016,,,,
2134,0.0,715.718872,2142.896484,1768.128662,0.9434434237,-0.3236557306,0.0718434016,,,,
2135,0.0,719.239868,2142.479248,1767.858643,0.9434434237,-0.3236557306,0.0718434016,,,,
2136,0.0,722.073181,2141.914795,1767.958618,0.9434434237,-0.3236557306,0.0718434016,,,,
2137,0.0,725.69873,2141.220215,1767.533813,0.9434971375,-0.3236741759,0.0710505403,,,,
2138,0.0,729.104431,2140.645752,1767.054932,0.9405998421,-0.3328501804,0.0669529276,,,,
2139,0.0,733.050232,2140.119873,1766.717773,0.9373577027,-0.342675623,0.0627212446,,,,
2140,0.0,736.867126,2139.645264,1766.431641,0.9294240921,-0.3641091044,0.0599617979,,,,
2141,0.0,740.109619,2139.401855,1766.17688,0.9218444689,-0.3832296905,0.0577735187,,,,
2142,0.0,743.731934,2139.11377,1765.848267,0.9075775871,-0.4160490483,0.0566225464,,,,
2143,0.0,746.850342,2139.046387,1765.572021,0.8923619488,-0.4477654549,0.0565353848,,,,
2144,0.0,750.230347,2138.971191,1765.417725,0.8733066513,-0.4837882833,0.0573095947,,,,
2213,0.0,933.198059,1994.901245,1764.336792,0.8804449662,-0.4564845253,0.1282128684,,,,
2214,0.0,933.367004,1995.144165,1764.428955,0.8804449662,-0.4564845253,0.1282128684,,,,
2215,0.0,933.4201965,1995.2387085,1764.413391,0.8804449662,-0.4564845253,0.1282128684,,,,
2216,0.0,933.895508,1995.880859,1764.290649,0.8804449662,-0.4564845253,0.1282128684,,,,
2217,0.0,933.9464415,1996.0025025,1764.399353,0.8804449662,-0.4564845253,0.1282128684,,,,
2218,0.0,935.112915,1994.108032,1766.380371,0.8938347108,-0.4303420163,0.1259573693,,,,
2219,0.0,938.553284,1991.17627,1765.577637,0.9075488878,-0.4013774439,0.1234956022,,,,
2220,0.0,941.656677,1988.90686,1765.019653,0.9266861096,-0.3523557409,0.1307604152,,,,
2229,0.0,960.593994,1969.900879,1765.892822,0.991842341,-0.0112843814,0.1269702067,,,,
2230,0.0,963.302307,1966.950684,1765.900146,0.9921733716,0.0151252933,0.1239484819,,,,
2231,0.0,966.45282,1963.53125,1765.958618,0.99161876,0.0471400272,0.1202915318,,,,
2232,0.0,968.72113,1961.146729,1766.017212,0.9904149715,0.0728313387,0.1173617499,,,,
2233,0.0,973.557129,1955.870483,1766.019043,0.9903083526,0.075155562,0.116794727,,,,
2234,0.0,973.625916,1956.27002,1766.198242,0.9904909376,0.0727096291,0.1167947443,,,,
2235,0.0,976.052246,1953.722412,1766.232544,0.9909564762,0.0674288022,0.1160112877,,,,
2236,0.0,978.678772,1951.049194,1766.157471,0.9915409207,0.0602385579,0.1149692077,,,,
2237,0.0,980.776794,1949.016479,1766.103516,0.9922101405,0.0515515089,0.1134084606,,,,
2238,0.0,983.454712,1946.370361,1765.913574,0.9937000149,0.0267904105,0.1088235009,,,,
2239,0.0,985.266296,1944.684814,1766.0177,0.9941271649,-0.0304375552,0.10384958,,,,
2240,0.0,988.29895,1941.480591,1765.755859,0.9890955348,-0.1105182746,0.0973433821,,,,
2241,0.0,990.8526,1938.908569,1765.912598,0.963966603,-0.2485101805,0.0949267006,,,,
2242,0.0,992.537659,1936.477783,1765.671143,0.911095503,-0.4014786648,0.0933802234,,,,
2243,0.0,995.221619,1933.270508,1765.427734,0.7848260486,-0.6127044058,0.092959048,,,,
2244,0.0,996.575134,1930.990479,1765.291504,0.6901181987,-0.7174313517,0.0950217212,,,,
2245,0.0,998.749329,1927.278809,1765.463013,0.5738805338,-0.8131439027,0.0972528992,,,,
2246,0.0,1000.59845,1924.170044,1765.689331,0.4805628331,-0.8709990294,0.1020786674,,,,
2247,0.0,1002.666382,1920.291748,1765.797485,0.3695710726,-0.9227901583,0.1089749793,,,,
2248,0.0,1004.651001,1917.968628,1765.937256,0.3470634802,-0.9312718015,0.110814135,,,,
2249,0.0,1006.551331,1915.675903,1766.242188,0.3439393572,-0.9323985223,0.1110797646,,,,
2250,0.0,1008.57373,1913.054321,1766.346069,0.3439393572,-0.9323985223,0.1110797646,,,,
2251,0.0,1011.34314,1909.950317,1767.189941,0.3439393572,-0.9323985223,0.1110797646,,,,
2252,0.0,1013.71405,1907.365356,1767.706909,0.3439393572,-0.9323985223,0.1110797646,,,,
2253,0.0,1016.159119,1904.824585,1767.803467,0.3439393572,-0.9323985223,0.1110797646,,,,
2254,0.0,1020.942627,1900.473022,1767.875854,0.3439393572,-0.9323985223,0.1110797646,,,,
2255,0.0,1023.821838,1898.024536,1767.863525,0.3439393572,-0.9323985223,0.1110797646,,,,
2256,0.0,1026.787231,1895.464355,1767.688354,0.3439393572,-0.9323985223,0.1110797646,,,,
2257,0.0,1029.404053,1893.48291,1767.597778,0.3474061364,-0.9311123769,0.111079782,,,,
2258,0.0,1032.499023,1891.179077,1767.51001,0.3507426921,-0.9298606615,0.1110797646,,,,
2259,0.0,1035.740234,1888.994385,1767.185303,0.3996421777,-0.9101272393,0.1093368101,,,,
2260,0.0,1038.468628,1887.049316,1767.167236,0.4404754188,-0.8911018194,0.1091739568,,,,
2261,0.0,1041.406982,1884.936768,1766.969482,0.4510203733,-0.8859272818,0.1082288052,,,,
2290,0.0,1104.955688,1809.100952,1764.798096,0.0109946362,-0.9958511368,0.0903306774,,,,
2291,0.0,1107.742676,1805.707397,1764.921265,-0.0089454354,-0.9959423873,0.0895474193,,,,
2292,0.0,1109.921265,1802.917847,1765.21167,-0.0259541471,-0.9957039778,0.0888817802,,,,
2293,0.0,1111.314087,1801.173584,1765.392944,-0.0368229247,-0.995399074,0.0884576495,,,,
2294,0.0,1117.00354,1794.565308,1765.875122,-0.0438204791,-0.9951397687,0.0881850687,,,,
2295,0.0,1116.8566895,1793.1708375,1766.288208,-0.0438291964,-0.9953331879,0.0859405086,,,,
2296,0.0,1118.506348,1789.757812,1766.701294,-0.0501562477,-0.99535748,0.0821452243,,,,
2297,0.0,1119.903809,1788.2045895,1766.701294,-0.0540536914,-0.9952095646,0.081365231,,,,
2298,0.0,1123.307617,1784.397461,1766.701294,-0.0757837473,-0.9939304658,0.0797436694,,,,
2299,0.0,1124.574524,1782.9594115,1766.701294,-0.0850458516,-0.9931812808,0.0791927727,,,,
2300,0.0,1127.498047,1779.604736,1766.701294,-0.102416203,-0.9916289971,0.0786311233,,,,
2301,0.0,1129.794678,1776.966797,1766.701294,-0.1105358404,-0.9907567672,0.0786311407,,,,
2302,0.0,1132.270752,1774.085205,1766.701294,-0.1158510365,-0.9901493226,0.0786311407,,,,
2303,0.0,1134.647705,1771.280762,1766.701294,-0.1181800345,-0.9898740441,0.0786311407,,,,
2304,0.0,1136.502808,1769.156006,1766.701294,-0.1182364423,-0.989867308,0.0786311407,,,,
2305,0.0,1138.893311,1766.43689,1766.701294,-0.1182364423,-0.989867308,0.0786311407,,,,
2306,0.0,1141.529419,1763.421631,1766.701294,-0.1182364423,-0.989867308,0.0786311407,,,,
2307,0.0,1143.589111,1761.02063,1766.701294,-0.1207495591,-0.9894962574,0.0794776729,,,,
2308,0.0,1146.014526,1758.132324,1766.701294,-0.1275818062,-0.988553775,0.0805252543,,,,
2309,0.0,1147.833008,1755.917114,1766.701294,-0.1355410064,-0.9874283013,0.0813264119,,,,
2310,0.0,1149.7948,1753.330322,1766.701294,-0.1507754194,-0.9849800687,0.0841488985,,,,
2311,0.0,1151.789307,1750.623779,1766.701294,-0.1635714162,-0.9827175805,0.0866634227,,,,
2312,0.0,1153.807983,1747.290894,1766.701294,-0.1861106471,-0.9784336295,0.089612832,,,,
2313,0.0,1155.13147,1744.569702,1766.701294,-0.2048391053,-0.974472633,0.0918913946,,,,
2314,0.0,1156.213745,1741.974121,1766.701294,-0.2251058148,-0.9698294319,0.0935854963,,,,
2315,0.0,1157.072266,1739.352295,1766.701294,-0.2499804027,-0.9636856512,0.0939135979,,,,
2316,0.0,1161.670288,1736.307617,1766.418213,-0.2748860195,-0.956879257,0.0939135979,,,,
2317,0.0,1162.358765,1733.329346,1766.749146,-0.295228692,-0.9507997978,0.0939135979,,,,
2318,0.0,1162.81958,1730.3125,1767.010132,-0.3131934322,-0.9451113386,0.0931366294,,,,
2319,0.0,1163.311401,1727.006104,1767.10437,-0.331254481,-0.9390368985,0.0920878501,,,,
2320,0.0,1163.601196,1724.79834,1766.749268,-0.3399037173,-0.9359848949,0.0916391811,,,,
2321,0.0,1163.963135,1720.84021,1766.477051,-0.3504256754,-0.9321488957,0.0911058845,,,,
2322,0.0,1164.091675,1717.831909,1766.537231,-0.3572318414,-0.9295672981,0.0910497099,,,,
2323,0.0,1164.125488,1714.842651,1766.310303,-0.3636496326,-0.9270754527,0.0910497099,,,,
2324,0.0,1164.169434,1711.680664,1765.592529,-0.3691446672,-0.9249738829,0.0903079766,,,,
2325,0.0,1163.952515,1708.280396,1765.314209,-0.3757889893,-0.922315315,0.0900949236,,,,
2326,0.0,1163.765381,1706.7260135,1765.2215575,-0.3800498223,-0.9205562394,0.0900949149,,,,
2327,0.0,1163.405518,1703.867065,1765.101196,-0.3870998058,-0.917625549,0.0900949063,,,,
2328,0.0,1163.0755615,1701.451477,1765.130493,-0.3949501312,-0.9142342002,0.0900949063,,,,
2329,0.0,1162.569214,1697.858765,1765.174438,-0.4100110608,-0.9076109381,0.0901848941,,,,
2330,0.0,1162.1119385,1695.062561,1765.069885,-0.4287037234,-0.8986142628,0.0909646114,,,,
2331,0.0,1161.554443,1690.844849,1765.450195,-0.459392286,-0.8834400222,0.0921545162,,,,
2332,0.0,1160.993774,1685.546753,1765.645264,-0.5151237013,-0.8519090417,0.0943321638,,,,
2333,0.0,1160.418823,1681.34021,1765.076904,-0.5723259884,-0.8143020735,0.0967217458,,,,
2334,0.0,1160.268799,1680.757812,1765.039795,-0.5819937814,-0.8074002903,0.0968917416,,,,
2335,0.0,1159.890747,1675.189209,1765.94812,-0.633856139,-0.767264735,0.0976279748,,,,
2336,0.0,1159.859253,1673.927734,1766.014648,-0.6438944578,-0.7588468885,0.097730891,,,,
2337,0.0,1159.348877,1667.750366,1766.428833,-0.7053542994,-0.702085452,0.0977309084,,,,
2338,0.0,1158.819946,1665.264648,1766.201904,-0.7291556187,-0.6773335613,0.0977309084,,,,
2339,0.0,1158.718506,1661.042725,1766.648438,-0.7542162139,-0.6493123842,0.0977309084,,,,
2340,0.0,1155.94873,1656.628662,1768.571289,-0.802549008,-0.5888260288,0.0959114047,,,,
2341,0.0,1155.764648,1653.907959,1768.682983,-0.820856556,-0.5632846876,0.0943656463,,,,
2342,0.0,1155.738342,1651.944641,1768.6921995,-0.8297401394,-0.5500005623,0.0936739988,,,,
2353,0.0,1163.776245,1616.516479,1767.994019,-0.8604695693,-0.5020481303,0.0868319945,,,,
2354,0.0,1165.093262,1612.618286,1767.85083,-0.8613204588,-0.5006649494,0.086380992,,,,
2355,0.0,1166.629028,1608.064941,1767.684814,-0.8623610753,-0.4989659319,0.0858275864,,,,
2356,0.0,1167.678955,1604.933105,1767.572998,-0.8631445201,-0.4976813403,0.0854097239,,,,
2357,0.0,1169.256226,1601.157104,1767.235596,-0.8633129899,-0.4974044939,0.085319698,,,,
2358,0.0,1170.384766,1598.704346,1766.989746,-0.8609195228,-0.5013212422,0.0865712853,,,,
2359,0.0,1172.059204,1595.063721,1766.626831,-0.8581748556,-0.5057597763,0.0879941244,,,,
2360,0.0,1173.523315,1592.01355,1766.327393,-0.85248537,-0.5148859298,0.090339212,,,,
2361,0.0,1175.274048,1588.738281,1766.022949,-0.8314870223,-0.5474544234,0.0944615581,,,,
2362,0.0,1177.152954,1585.287842,1765.696899,-0.8109678154,-0.5768400547,0.097911969,,,,
2363,0.0,1179.62915,1581.253052,1765.337646,-0.758394994,-0.6442812303,0.0986850006,,,,
2364,0.0,1181.773438,1578.22644,1765.268066,-0.6886872283,-0.7190650466,0.0930341889,,,,
2365,0.0,1184.846313,1574.990479,1763.861084,-0.6194704781,-0.7801137247,0.0876293514,,,,
2366,0.0,1186.501099,1571.61084,1763.847412,-0.5293322962,-0.84472254,0.0790642181,,,,
2367,0.0,1188.627319,1567.873413,1764.181641,-0.4262045072,-0.901965443,0.0693401586,,,,
2368,0.0,1190.932007,1562.878296,1764.226929,-0.2944336678,-0.9537272491,0.0609356179,,,,
2369,0.0,1192.639893,1560.003784,1764.371094,-0.2228852313,-0.9730987978,0.0583172652,,,,
2370,0.0,1194.848633,1555.86377,1764.7229,-0.1516580659,-0.9868466869,0.0559772063,,,,
2371,0.0,1197.218262,1551.969238,1765.338135,-0.0906653084,-0.9943815548,0.0546363009,,,,
2372,0.0,1198.644287,1549.697388,1766.076172,-0.0761054149,-0.9956253947,0.0542036824,,,,
2373,0.0,1200.67981,1546.363892,1766.953613,-0.0611113182,-0.9966826942,0.0537495475,,,,
2374,0.0,1202.586304,1543.29541,1767.651733,-0.0582698929,-0.9968574843,0.0536635398,,,,
2375,0.0,1206.069336,1537.546265,1769.743164,-0.0607874152,-0.9965722964,0.0561119257,,,,
2376,0.0,1207.2886355,1535.612793,1770.30896,-0.061906344,-0.9964385717,0.0572298672,,,,
2377,0.0,1208.507935,1533.679321,1770.874756,-0.0630252727,-0.996304847,0.0583478088,,,,
2378,0.0,1212.508179,1527.928223,1772.51355,-0.0657554802,-0.9959637024,0.061094356,,,,
2379,0.0,1214.58252,1525.092773,1773.11792,-0.0659802771,-0.9959349227,0.0613207363,,,,
2380,0.0,1216.640747,1522.228638,1773.557373,-0.0659774671,-0.9958903989,0.0620426235,,,,
2381,0.0,1217.7026975,1520.789246,1773.8498535,-0.0659760484,-0.995870039,0.0623692182,,,,
2382,0.0,1218.764648,1519.349854,1774.142334,-0.0659746298,-0.9958496791,0.0626958129,,,,
2383,0.0,1221.422119,1515.765015,1774.685791,-0.0659726494,-0.9958176793,0.0632041074,,,,
2384,0.0,1225.82312,1510.12146,1774.479248,-0.0659613698,-0.9956474194,0.0658431013,,,,
2385,0.0,1227.898682,1507.523682,1774.155273,-0.0659571087,-0.9955831006,0.0668127954,,,,
2386,0.0,1230.443726,1504.325684,1773.778076,-0.0664056716,-0.9954748355,0.0679716017,,,,
2387,0.0,1232.957397,1501.180786,1773.526733,-0.0668590375,-0.9953814634,0.0688883983,,,,
2388,0.0,1235.026245,1498.476318,1773.236694,-0.0668937115,-0.9952614884,0.0705677058,,,,
2389,0.0,1237.438599,1495.352417,1773.155518,-0.067816491,-0.995109611,0.0718177245,,,,
2390,0.0,1239.52063,1492.26001,1773.026855,-0.0687401806,-0.9949114403,0.0736614799,,,,
2391,0.0,1240.886719,1489.996094,1772.988647,-0.0691811849,-0.9948443166,0.0741535524,,,,
2392,0.0,1243.08374,1486.471924,1773.487549,-0.0697104044,-0.9947674743,0.0746868906,,,,
2393,0.0,1244.612183,1483.760376,1774.164795,-0.0706056119,-0.9945684281,0.0764754173,,,,
2394,0.0,1245.588257,1481.02002,1774.993042,-0.0714951482,-0.9944232579,0.0775295288,,,,
2395,0.0,1247.067993,1477.803223,1775.325195,-0.0734230117,-0.9941282002,0.0794869983,,,,
2396,0.0,1247.814819,1475.225464,1775.880737,-0.0742792848,-0.9939322647,0.0811248488,,,,
2397,0.0,1248.879761,1472.109741,1776.105591,-0.0753544992,-0.9937466111,0.0823976479,,,,
2398,0.0,1250.033325,1469.037354,1776.164307,-0.0761663712,-0.9936164444,0.0832168573,,,,
2399,0.0,1251.005249,1465.492432,1776.338867,-0.0772174961,-0.9934458488,0.0842781332,,,,
2400,0.0,1251.571777,1462.641235,1776.171021,-0.0780347768,-0.9933116354,0.0851032818,,,,
2401,0.0,1252.40625,1458.863525,1775.964111,-0.0782433426,-0.9932003464,0.0862035455,,,,
2402,0.0,1252.957397,1455.960571,1775.438232,-0.0782427361,-0.9931941979,0.086274907,,,,
2403,0.0,1253.538696,1452.370483,1775.453613,-0.0782427361,-0.9931941979,0.086274907,,,,
2404,0.0,1253.943726,1449.0625,1775.132324,-0.0782427361,-0.9931941979,0.086274907,,,,
2405,0.0,1254.314819,1445.82605,1774.917114,-0.0782427361,-0.9931941979,0.086274907,,,,
2406,0.0,1254.678833,1442.022827,1774.342773,-0.0782368511,-0.9931179454,0.087153552,,,,
2407,0.0,1255.033203,1438.299316,1774.133057,-0.0791745185,-0.9929532238,0.0881776104,,,,
2408,0.0,1255.596191,1435.157349,1774.066284,-0.0791816061,-0.9929519963,0.0881850687,,,,
2409,0.0,1256.260986,1431.9104,1773.921021,-0.07965236,-0.9928719879,0.0886606856,,,,
2410,0.0,1256.874756,1429.336914,1773.917236,-0.0799919191,-0.9928140045,0.0890036255,,,,
2411,0.0,1257.901855,1425.226074,1773.93811,-0.0801203516,-0.9927104995,0.0900366232,,,,
2412,0.0,1258.798462,1422.441406,1773.801514,-0.0801198063,-0.9927052556,0.0900949063,,,,
2413,0.0,1259.701172,1419.979248,1773.913574,-0.0801198063,-0.9927052556,0.0900949063,,,,
2414,0.0,1261.488647,1415.889526,1773.895142,-0.0801198063,-0.9927052556,0.0900949063,,,,
2415,0.0,1263.163208,1412.383789,1774.264648,-0.0801198063,-0.9927052556,0.0900949063,,,,
2416,0.0,1264.596436,1409.526733,1774.40918,-0.0801198063,-0.9927052556,0.0900949063,,,,
2417,0.0,1266.114624,1407.035034,1775.120117,-0.0801198063,-0.9927052556,0.0900949063,,,,
2418,0.0,1268.288086,1403.258667,1775.204346,-0.0801198063,-0.9927052556,0.0900949063,,,,
2419,0.0,1270.024658,1400.009644,1775.269409,-0.0801198063,-0.9927052556,0.0900949063,,,,
2420,0.0,1272.73938,1394.195557,1775.150513,-0.0801198063,-0.9927052556,0.0900949063,,,,
2421,0.0,1274.214355,1390.521606,1774.797607,-0.0801198063,-0.9927052556,0.0900949063,,,,
2422,0.0,1275.03894,1387.658569,1774.757202,-0.0801198063,-0.9927052556,0.0900949063,,,,
2423,0.0,1275.975342,1384.329468,1774.351074,-0.0801198063,-0.9927052556,0.0900949063,,,,
2424,0.0,1276.4033205,1382.319275,1774.2910765,-0.0801198063,-0.9927052556,0.0900949063,,,,
2425,0.0,1276.831299,1380.309082,1774.231079,-0.0801198063,-0.9927052556,0.0900949063,,,,
2426,0.0,1278.197388,1374.140015,1773.534912,-0.0801198063,-0.9927052556,0.0900949063,,,,
2427,0.0,1278.618042,1370.562622,1773.497314,-0.0801198063,-0.9927052556,0.0900949063,,,,
2428,0.0,1279.036133,1366.844604,1773.510986,-0.0801198063,-0.9927052556,0.0900949063,,,,
2429,0.0,1279.314453,1363.377319,1773.639404,-0.0801198063,-0.9927052556,0.0900949063,,,,
2430,0.0,1279.385742,1360.628662,1773.815186,-0.0801198063,-0.9927052556,0.0900949063,,,,
2431,0.0,1279.234375,1356.933228,1774.222534,-0.0801198063,-0.9927052556,0.0900949063,,,,
2432,0.0,1279.213989,1353.406372,1774.467041,-0.0801198063,-0.9927052556,0.0900949063,,,,
2433,0.0,1279.568604,1349.558594,1774.401123,-0.0801198063,-0.9927052556,0.0900949063,,,,
2434,0.0,1279.218506,1346.924683,1774.796875,-0.0801198063,-0.9927052556,0.0900949063,,,,
2435,0.0,1279.026489,1342.390747,1774.969238,-0.0801198063,-0.9927052556,0.0900949063,,,,
2436,0.0,1278.868286,1338.922119,1775.097168,-0.0801198063,-0.9927052556,0.0900949063,,,,
2437,0.0,1278.72168,1335.763184,1775.234741,-0.0801198063,-0.9927052556,0.0900949063,,,,
2438,0.0,1278.581543,1331.930786,1775.328369,-0.0801198063,-0.9927052556,0.0900949063,,,,
2439,0.0,1278.464478,1328.675903,1775.371582,-0.0801198063,-0.9927052556,0.0900949063,,,,
2440,0.0,1278.355713,1325.317017,1775.279297,-0.0801198063,-0.9927052556,0.0900949063,,,,
2441,0.0,1278.256104,1322.112793,1775.7146,-0.0801198063,-0.9927052556,0.0900949063,,,,
2442,0.0,1278.228516,1318.178467,1776.76709,-0.0801198063,-0.9927052556,0.0900949063,,,,
2443,0.0,1278.206787,1314.955078,1776.73938,-0.0801198063,-0.9927052556,0.0900949063,,,,
2444,0.0,1278.206177,1312.10498,1776.307617,-0.0801198063,-0.9927052556,0.0900949063,,,,
2445,0.0,1278.051636,1307.599365,1776.299194,-0.0801198063,-0.9927052556,0.0900949063,,,,
2446,0.0,1277.976196,1304.062256,1775.618164,-0.0801198063,-0.9927052556,0.0900949063,,,,
2447,0.0,1277.840942,1300.620728,1775.25293,-0.0801198063,-0.9927052556,0.0900949063,,,,
2448,0.0,1275.247559,1296.832642,1775.701294,-0.0801198063,-0.9927052556,0.0900949063,,,,
2449,0.0,1275.079956,1293.626099,1775.701294,-0.0801198063,-0.9927052556,0.0900949063,,,,
2450,0.0,1274.879028,1289.9375,1775.701294,-0.0801198063,-0.9927052556,0.0900949063,,,,
2451,0.0,1274.687988,1286.562866,1775.701294,-0.0801198063,-0.9927052556,0.0900949063,,,,
2452,0.0,1274.501831,1283.395508,1775.197388,-0.0801198063,-0.9927052556,0.0900949063,,,,
2453,0.0,1274.276367,1279.642578,1774.121704,-0.0801198063,-0.9927052556,0.0900949063,,,,
2454,0.0,1274.056152,1276.066406,1773.196045,-0.0801198063,-0.9927052556,0.0900949063,,,,
2455,0.0,1273.817017,1272.333618,1772.237671,-0.0801198063,-0.9927052556,0.0900949063,,,,
2456,0.0,1273.581787,1268.700562,1771.305298,-0.0801198063,-0.9927052556,0.0900949063,,,,
2457,0.0,1273.359985,1265.338989,1770.442749,-0.0801198063,-0.9927052556,0.0900949063,,,,
2458,0.0,1273.14856,1262.215088,1769.640747,-0.0801198063,-0.9927052556,0.0900949063,,,,
2459,0.0,1272.675171,1255.348633,1767.878662,-0.0801198063,-0.9927052556,0.0900949063,,,,
2460,0.0,1272.518799,1253.121704,1767.307129,-0.0801198063,-0.9927052556,0.0900949063,,,,
2461,0.0,1272.362427,1250.894775,1766.735596,-0.0801198063,-0.9927052556,0.0900949063,,,,
2462,0.0,1272.121582,1247.513794,1765.86792,-0.0801198063,-0.9927052556,0.0900949063,,,,
2463,0.0,1271.646606,1240.952881,1764.184082,-0.0801198063,-0.9927052556,0.0900949063,,,,
2464,0.0,1271.387695,1237.432251,1763.280518,-0.0801198063,-0.9927052556,0.0900949063,,,,
2465,0.0,1271.137817,1234.049561,1762.412476,-0.0801198063,-0.9927052556,0.0900949063,,,,
2466,0.0,1270.83667,1230.003418,1761.374146,-0.0801198063,-0.9927052556,0.0900949063,,,,
2467,0.0,1270.696167,1228.133301,1760.8941655,-0.0801198063,-0.9927052556,0.0900949063,,,,
2468,0.0,1270.320557,1223.150879,1759.615479,-0.0801198063,-0.9927052556,0.0900949063,,,,
2469,0.0,1270.035034,1219.392456,1758.651123,-0.0801198063,-0.9927052556,0.0900949063,,,,
2470,0.0,1269.832764,1216.744385,1757.971436,-0.0801198063,-0.9927052556,0.0900949063,,,,
2471,0.0,1269.55481,1213.115234,1757.040039,-0.0801198063,-0.9927052556,0.0900949063,,,,
2472,0.0,1269.265259,1209.062744,1756.002441,-0.0775904245,-0.9929061556,0.0900949063,,,,
2473,0.0,1269.049438,1205.966675,1755.210205,-0.0750373254,-0.9930347081,0.0908375926,,,,
2474,0.0,1268.792725,1202.269287,1754.264038,-0.0720318415,-0.9932378169,0.0910497273,,,,
2475,0.0,1268.53418,1198.282715,1753.245728,-0.0669605824,-0.9935080475,0.0919676032,,,,
2476,0.0,1268.359497,1195.399048,1752.509766,-0.0623771319,-0.9937624491,0.0924407275,,,,
2477,0.0,1268.117065,1191.570435,1751.531372,-0.0577714101,-0.9939982687,0.0928972874,,,,
2478,0.0,1267.991577,1188.466064,1750.744019,-0.0465437414,-0.9946144914,0.0926050406,,,,
2479,0.0,1267.855713,1184.38501,1749.709595,-0.030106408,-0.9952985396,0.0920566197,,,,
2480,0.0,1267.85791,1180.578247,1748.735107,-0.0016299808,-0.9960106329,0.0892197417,,,,
2481,0.0,1270.417236,1178.208008,1750.108887,0.0211653264,-0.9958640532,0.0883561909,,,,
2482,0.0,1270.354858,1174.349243,1748.981201,0.0401039211,-0.995296473,0.0881850687,,,,
2483,0.0,1270.135498,1171.848755,1748.106689,0.0423870668,-0.9952018525,0.0881850861,,,,
2484,0.0,1269.590576,1167.740356,1746.664185,0.0439194618,-0.9951354051,0.0881850687,,,,
2485,0.0,1268.965332,1164.087036,1745.115356,0.0441067096,-0.9951271234,0.0881850687,,,,
2486,0.0,1268.323486,1161.89502,1743.890259,0.0441067096,-0.9951271234,0.0881850687,,,,
2487,0.0,1267.165283,1158.062256,1742.436523,0.0441067096,-0.9951271234,0.0881850687,,,,
2488,0.0,1265.960205,1154.388062,1741.174683,0.0441067096,-0.9951271234,0.0881850687,,,,
2489,0.0,1265.114746,1152.393311,1740.140503,0.0441067096,-0.9951271234,0.0881850687,,,,
2490,0.0,1263.489502,1148.629517,1738.884521,0.0441067096,-0.9951271234,0.0881850687,,,,
2491,0.0,1262.0896,1145.397339,1738.09375,0.0441067096,-0.9951271234,0.0881850687,,,,
2492,0.0,1260.877319,1143.203613,1737.168335,0.0441067096,-0.9951271234,0.0881850687,,,,
2493,0.0,1259.16333,1139.707275,1736.30127,0.0441067096,-0.9951271234,0.0881850687,,,,
2494,0.0,1257.597412,1136.293945,1735.595825,0.0441067096,-0.9951271234,0.0881850687,,,,
2495,0.0,1256.371094,1133.411621,1735.075439,0.0441067096,-0.9951271234,0.0881850687,,,,
2496,0.0,1254.996582,1130.041626,1734.315552,0.0519915583,-0.9946681473,0.0890626442,,,,
2497,0.0,1254.16626,1127.190308,1734.160522,0.0699208082,-0.9934259212,0.0906422617,,,,
2498,0.0,1253.167114,1123.4729,1733.65332,0.1028676499,-0.9901974597,0.094484059,,,,
2499,0.0,1252.506836,1120.409424,1732.894287,0.14025451,-0.9853837573,0.0966825905,,,,
2500,0.0,1251.726074,1113.855713,1732.292725,0.2248826828,-0.9692407714,0.1000005301,,,,
2501,0.0,1251.6414185,1112.0856935,1731.853943,0.2561615764,-0.9608711176,0.1002967298,,,,
2502,0.0,1251.446167,1107.19165,1730.410522,0.3459864272,-0.9328314182,0.1005929294,,,,
2503,0.0,1251.140747,1103.757812,1729.223511,0.3944096461,-0.9134979196,0.0998127344,,,,
2504,0.0,1250.7890625,1102.1092525,1728.814087,0.4127860534,-0.9052006636,0.0990571809,,,,
2505,0.0,1250.437378,1100.460693,1728.404663,0.4311624607,-0.8969034076,0.0983016273,,,,
2506,0.0,1249.617432,1093.6604,1725.809937,0.484063805,-0.869758236,0.0959314529,,,,
2507,0.0,1249.021118,1090.268066,1724.409058,0.5046602123,-0.8579837608,0.0958224206,,,,
2508,0.0,1248.564331,1087.796509,1723.349121,0.5112975499,-0.85404501,0.0958224206,,,,
2509,0.0,1247.770142,1083.918091,1721.9729,0.5181512679,-0.8499043028,0.095822438,,,,
2510,0.0,1247.085449,1080.607788,1720.892944,0.5210015179,-0.8481600568,0.0958224206,,,,
2511,0.0,1246.459473,1077.687134,1720.038574,0.5212004436,-0.8480378301,0.0958224206,,,,
2512,0.0,1245.742554,1074.353271,1719.175659,0.5223902018,-0.8473054609,0.0958224033,,,,
2513,0.0,1245.056885,1071.265259,1718.407471,0.5233885636,-0.8466891255,0.0958224206,,,,
2514,0.0,1244.656616,1069.492065,1717.944946,0.5244102251,-0.8460362804,0.0960027506,,,,
2515,0.0,1243.776611,1065.180786,1717.404419,0.5312602546,-0.8416631237,0.0967766916,,,,
2516,0.0,1242.919312,1061.237793,1716.440063,0.5362436293,-0.8384968924,0.096776709,,,,
2517,0.0,1242.058594,1057.214966,1715.741333,0.5425185355,-0.8344506619,0.096776709,,,,
2518,0.0,1241.453613,1054.283569,1714.818115,0.5495137321,-0.8298607896,0.0967766916,,,,
2519,0.0,1240.697266,1050.743896,1714.463257,0.558335661,-0.8239511868,0.096776709,,,,
2602,0.0,1108.318481,788.297119,1676.901855,-0.9577905647,-0.2872366241,0.0115046076,,,,
2603,0.0,1108.066162,788.179565,1676.886719,-0.9577905647,-0.2872366241,0.0115046076,,,,
2604,0.0,1107.874268,788.092712,1676.875488,-0.9577905647,-0.2872366241,0.0115046076,,,,
2605,0.0,1107.663696,787.999817,1676.863281,-0.9577905647,-0.2872366241,0.0115046076,,,,
2606,0.0,1103.326294,783.361572,1675.98999,-0.9577905647,-0.2872366241,0.0115046076,,,,
2607,0.0,1098.778564,780.612183,1675.259521,-0.9577905647,-0.2872366241,0.0115046076,,,,
2608,0.0,1094.919556,778.776733,1674.906494,-0.9577905647,-0.2872366241,0.0115046076,,,,
2609,0.0,1090.690552,776.835144,1674.560547,-0.9577905647,-0.2872366241,0.0115046076,,,,
2610,0.0,1087.906738,775.530884,1674.959961,-0.9577905647,-0.2872366241,0.0115046076,,,,
2611,0.0,1084.308716,773.846863,1675.242188,-0.9577905647,-0.2872366241,0.0115046076,,,,
2612,0.0,1081.701782,772.679932,1675.081665,-0.9577905647,-0.2872366241,0.0115046076,,,,
2613,0.0,1078.197632,771.074768,1675.32251,-0.9559005057,-0.2934981647,0.01063252,,,,
2614,0.0,1075.008057,769.640686,1675.563477,-0.9536484917,-0.3007691055,0.0096176631,,,,
2615,0.0,1072.507202,768.604919,1675.716553,-0.9544865347,-0.2980743814,0.0103497922,,,,
2616,0.0,1069.607666,767.802429,1675.734497,-0.9660506989,-0.2581855894,0.0092870078,,,,
2617,0.0,1065.562988,766.647095,1675.772949,-0.9779269811,-0.2088043563,0.0077175424,,,,
2618,0.0,1062.147339,766.452148,1675.790894,-0.9956538447,-0.0926633487,0.0093233789,,,,
2619,0.0,1058.333008,766.400635,1675.887817,-0.9987538955,0.0486006528,0.0113416394,,,,
2620,0.0,1054.857056,766.746338,1676.042358,-0.9735467589,0.2279529835,0.0156251573,,,,
2621,0.0,1051.134277,767.320251,1675.900024,-0.9039452223,0.4271425186,0.020791918,,,,
2622,0.0,1048.320923,768.117676,1675.584961,-0.8018991267,0.5968697637,0.0265381932,,,,
2623,0.0,1045.207031,768.993469,1675.290283,-0.6684850481,0.7430794791,0.0309940029,,,,
2624,0.0,1042.595703,769.526062,1675.895508,-0.5602429446,0.8276745955,0.0329029938,,,,
2625,0.0,1039.276489,769.784973,1677.379883,-0.4546520206,0.8900058071,0.0343686419,,,,
2626,0.0,1034.113525,768.997803,1677.414673,-0.379389582,0.9243887408,0.0396106156,,,,
2627,0.0,1031.280396,768.172607,1677.542969,-0.3859160349,0.9215296383,0.04303417,,,,
2628,0.0,1029.3341065,767.6310425,1677.3439945,-0.3922690047,0.9187218944,0.0449787034,,,,
2629,0.0,1024.693359,766.192627,1677.169922,-0.3987443228,0.9158589635,0.046960877,,,,
2630,0.0,1021.622681,765.22876,1676.817261,-0.3987443228,0.9158589635,0.046960877,,,,
2631,0.0,1019.050293,764.411987,1676.436035,-0.3987443228,0.9158589635,0.046960877,,,,
2632,0.0,1017.1960145,763.7903135,1676.2055055,-0.3987443228,0.9158589635,0.046960877,,,,
2633,0.0,1015.341736,763.16864,1675.974976,-0.3987443228,0.9158589635,0.046960877,,,,
2634,0.0,1009.185974,760.987793,1674.933228,-0.3987443228,0.9158589635,0.046960877,,,,
2635,0.0,1005.766541,759.774902,1674.714233,-0.3987443228,0.9158589635,0.046960877,,,,
2636,0.0,1003.057861,758.44873,1674.945557,-0.3987443228,0.9158589635,0.046960877,,,,
2637,0.0,1000.129395,756.790955,1674.685181,-0.3987443228,0.9158589635,0.046960877,,,,
2638,0.0,997.637573,755.013184,1674.697876,-0.408804929,0.9118041965,0.0386217191,,,,
2639,0.0,995.337402,753.061768,1674.749023,-0.3860063283,0.9220891498,0.027399165,,,,
2640,0.0,993.323364,751.110352,1674.96228,-0.3366674267,0.9413776514,0.0215211802,,,,
2641,0.0,991.774048,749.177124,1675.105591,-0.2864774333,0.9578455517,0.021507657,,,,
2642,0.0,989.622253,746.673706,1675.401367,-0.2353895324,0.9716528152,0.0219675822,,,,
2643,0.0,987.240723,744.781921,1675.391724,-0.2019130015,0.9791291313,0.023179387,,,,
2644,0.0,984.555298,742.40863,1675.611816,-0.164319519,0.9860924647,0.0249147892,,,,
2645,0.0,982.65094,740.451172,1675.88269,-0.1624101705,0.9863637691,0.0266355307,,,,
2646,0.0,980.401245,738.112671,1676.0625,-0.1699974611,0.9850034702,0.0294792615,,,,
2647,0.0,978.285278,736.157471,1676.074951,-0.1904667083,0.9810449318,0.0356829753,,,,
2648,0.0,975.747375,733.750793,1676.193726,-0.2365439137,0.9705922884,0.0446943682,,,,
2649,0.0,973.194397,731.641968,1676.252563,-0.3067688725,0.9503487602,0.0522502907,,,,
2650,0.0,970.240112,729.371521,1676.317383,-0.3981403305,0.915549033,0.0570459933,,,,
2665,0.0,929.592773,699.620422,1676.472046,-0.1070542729,0.9930413485,0.0490740545,,,,
2666,0.0,926.475098,697.827393,1676.575195,-0.0676339928,0.9965278513,0.048558053,,,,
2667,0.0,923.503845,695.992065,1676.531128,-0.0231707943,0.9985792864,0.0479846137,,,,
2668,0.0,920.490662,694.789124,1676.622925,0.1190487616,0.9917314181,0.0479185418,,,,
2669,0.0,918.078003,694.46875,1677.774048,0.2551440118,0.9657983092,0.0462077831,,,,
2670,0.0,912.887329,693.694641,1681.401733,0.4306427863,0.901349265,0.0460031865,,,,
2671,0.0,909.693848,693.611145,1683.54187,0.4974873833,0.866250547,0.0460031865,,,,
2672,0.0,906.562866,693.548706,1685.337891,0.5225080457,0.8513924177,0.0460031865,,,,
2673,0.0,903.419434,693.672607,1687.095215,0.5405792111,0.8400344179,0.0460031865,,,,
2674,0.0,900.163879,693.756775,1689.165161,0.5388911965,0.8410690991,0.0468940174,,,,
2675,0.0,898.4585875,694.07428,1689.8918455,0.5336098672,0.8443521061,0.0478584358,,,,
2676,0.0,894.145203,694.804626,1692.428711,0.5185927358,0.8535322056,0.0504415343,,,,
2677,0.0,890.790955,695.509705,1694.487305,0.5072368858,0.8602595178,0.0516168939,,,,
2678,0.0,888.010681,696.1745,1696.344849,0.5013679485,0.86365986,0.0521711259,,,,
2679,0.0,884.16925,697.427429,1698.681641,0.49615948,0.8666323044,0.0526708587,,,,
2680,0.0,880.885132,698.40094,1700.831787,0.494979422,0.8673046946,0.0527061525,,,,
2681,0.0,878.948303,699.203918,1702.391602,0.4949596071,0.8673160029,0.0527061525,,,,
2682,0.0,875.331055,700.448181,1705.025757,0.4949596071,0.8673160029,0.0527061525,,,,
2683,0.0,872.168213,701.657166,1707.160645,0.4949596071,0.8673160029,0.0527061525,,,,
2684,0.0,869.528687,702.614502,1709.238647,0.4938563935,0.8679446549,0.0527061525,,,,
2685,0.0,866.625427,703.550842,1711.679321,0.4928034528,0.8685429283,0.0527061525,,,,
2686,0.0,862.786621,704.959106,1714.505371,0.4781628706,0.8765209211,0.0554197074,,,,
2687,0.0,860.017761,705.999084,1716.452759,0.4414572193,0.8954749555,0.0569221194,,,,
2688,0.0,856.683594,707.186401,1718.685303,0.4075083168,0.91134692,0.0581701224,,,,
2689,0.0,852.914185,708.761475,1721.017212,0.3185259775,0.9461103721,0.058449684,,,,
2690,0.0,849.026489,710.065735,1723.184326,0.1924221119,0.97956999,0.058449684,,,,
2691,0.0,845.564087,711.407959,1725.254761,0.0421754268,0.9973990514,0.058449684,,,,
2692,0.0,841.679932,712.697998,1727.200562,-0.1273314506,0.990136524,0.058449684,,,,
2693,0.0,838.381042,713.936462,1728.780762,-0.3058157448,0.950342614,0.0576684159,,,,
2694,0.0,833.482971,715.631958,1730.490845,-0.4814104024,0.8746580719,0.0567210861,,,,
2695,0.0,828.459656,716.254333,1732.725586,-0.6234646081,0.7798624828,0.0557350017,,,,
2696,0.0,823.494202,716.684448,1734.611084,-0.7238542292,0.6877107853,0.0555781481,,,,
2697,0.0,819.594299,716.841125,1736.315796,-0.7703130877,0.635280023,0.0551093393,,,,
2698,0.0,815.166199,716.93689,1738.485352,-0.8076675415,0.5871019573,0.0546299748,,,,
2699,0.0,811.780823,716.8703,1740.477661,-0.8215487172,0.5676028201,0.0537098115,,,,
2700,0.0,808.665161,716.804199,1742.380371,-0.8227006212,0.5659363147,0.0536635398,,,,
2701,0.0,805.307556,716.705322,1744.508789,-0.8222462405,0.5665962799,0.0536635398,,,,
2702,0.0,801.966675,716.682739,1746.753662,-0.819173254,0.5708648581,0.0553939859,,,,
2703,0.0,798.632263,716.589783,1748.96521,-0.8173325314,0.5733147571,0.0572513964,,,,
2704,0.0,795.233826,716.499512,1751.476196,-0.8156972384,0.5754276284,0.0593385182,,,,
2705,0.0,791.441345,716.41156,1754.050537,-0.8143296862,0.5771762703,0.0611123167,,,,
2706,0.0,787.981201,716.258911,1756.384888,-0.813623815,0.5779767951,0.0629214739,,,,
2707,0.0,784.690247,716.180542,1758.718506,-0.8134953949,0.5780772591,0.0636547322,,,,
2708,0.0,781.42981,716.045898,1761.038574,-0.8134760646,0.5780635227,0.0640254329,,,,
2709,0.0,776.722534,715.718689,1763.757935,-0.8134673798,0.5780573513,0.0641912813,,,,
2710,0.0,773.722107,715.629028,1764.73999,-0.8134673798,0.5780573513,0.0641912813,,,,
2711,0.0,769.957947,715.330322,1764.643677,-0.8134673798,0.5780573513,0.0641912813,,,,
2712,0.0,765.7453,714.988464,1764.811768,-0.8134673798,0.5780573513,0.0641912813,,,,
2713,0.0,759.343018,714.12677,1764.647217,-0.8048603329,0.5901668045,0.0624738939,,,,
2714,0.0,756.332031,713.697449,1764.532837,-0.7989498736,0.5982154259,0.0617851414,,,,
2715,0.0,751.290771,712.907471,1764.191162,-0.7837491568,0.617429321,0.0672182469,,,,
2716,0.0,749.324188,712.498413,1764.170227,-0.764697954,0.6380999298,0.0836898088,,,,
2717,0.0,744.977295,711.270752,1763.44458,-0.7162431756,0.6872704875,0.1210577975,,,,
2718,0.0,743.856384,711.007324,1763.44458,-0.702297695,0.6998048494,0.1305799382,,,,
2719,0.0,738.008606,709.192993,1763.314575,-0.6250012927,0.761471149,0.1718577128,,,,
2720,0.0,734.038025,708.133118,1762.794312,-0.5815827582,0.79160452,0.1874133912,,,,
2721,0.0,731.356445,707.260498,1762.270386,-0.5694020734,0.7997607751,0.1901682974,,,,
2722,0.0,728.66864,706.394592,1761.868774,-0.5656957029,0.80224551,0.1907629769,,,,
2723,0.0,725.235718,705.0495,1759.844971,-0.5656957029,0.80224551,0.1907629769,,,,
2724,0.0,722.536255,703.994629,1758.559814,-0.5718524228,0.7999775825,0.1817159154,,,,
2725,0.0,720.575684,703.172302,1756.335815,-0.5777052867,0.7981318392,0.1710034178,,,,
2726,0.0,719.948303,702.430725,1754.045776,-0.5876220027,0.7935386832,0.1581035743,,,,
2727,0.0,719.922058,702.087524,1752.171265,-0.5955778012,0.7895205754,0.1481362339,,,,
2728,0.0,720.280151,701.722595,1751.684448,-0.6076735119,0.7828016196,0.1339945048,,,,
2729,0.0,720.221619,701.05481,1749.876587,-0.6149789674,0.7789132647,0.1228616937,,,,
2730,0.0,720.837097,700.781067,1748.101685,-0.6167436864,0.7788279238,0.1142553734,,,,
2731,0.0,720.85144,700.484131,1746.932983,-0.6159979807,0.7807180872,0.1050036005,,,,
2732,0.0,720.838928,700.484314,1746.932983,-0.6144600197,0.782276289,0.1023850172,,,,
2733,0.0,720.225586,702.17334,1748.161377,-0.5944721822,0.7993580108,0.0873475532,,,,
2734,0.0,720.439209,702.20166,1748.252075,-0.5674848163,0.8191792919,0.0831039778,,,,
2735,0.0,720.538147,702.228516,1748.22876,-0.5345785349,0.8414977845,0.0781490156,,,,
2736,0.0,720.883667,702.230591,1748.486328,-0.4762187959,0.8760530185,0.0758074349,,,,
2737,0.0,721.176331,702.202759,1748.660034,-0.4263634207,0.9018045919,0.0704465157,,,,
2738,0.0,720.792175,702.414124,1748.605713,-0.3871134616,0.9196946763,0.0656115093,,,,
2739,0.0,720.889404,702.396545,1748.618408,-0.3596824955,0.9311355232,0.0601260332,,,,
2740,0.0,721.061462,702.334473,1748.77417,-0.3427412048,0.9377721325,0.0557843526,,,,
2741,0.0,721.356506,702.154053,1749.083496,-0.3344206015,0.9408948325,0.0536635398,,,,
2742,0.0,721.499084,702.061035,1749.250854,-0.3344206015,0.9408948325,0.0536635398,,,,
2743,0.0,721.651062,701.976074,1749.437378,-0.3340041141,0.9410427601,0.0536635398,,,,
2744,0.0,721.065552,702.235901,1749.463013,-0.3336590008,0.9411651798,0.0536635398,,,,
2745,0.0,721.133545,702.241272,1749.618652,-0.3335183868,0.941215018,0.0536635398,,,,
2746,0.0,721.202759,702.190063,1749.791138,-0.3335183868,0.941215018,0.0536635398,,,,
2747,0.0,721.316101,702.109131,1749.969849,-0.3394511126,0.939091671,0.0536635398,,,,
2748,0.0,721.38446,702.068542,1750.063965,-0.3480038079,0.9356407262,0.0589048482,,,,
2749,0.0,721.466064,702.020874,1750.18811,-0.3562552269,0.9321337343,0.0648761491,,,,
2750,0.0,721.521423,701.996094,1750.303589,-0.3611844449,0.9295390299,0.0741821318,,,,
2751,0.0,721.479248,702.108276,1750.403687,-0.3656608619,0.9267317346,0.0863737586,,,,
2752,0.0,720.303894,702.838989,1750.07605,-0.3676028342,0.9255729674,0.0904590423,,,,
2753,0.0,720.293762,702.97168,1750.097534,-0.3705570179,0.9238234888,0.0961127364,,,,
2754,0.0,720.25061,703.032776,1750.090576,-0.3738543218,0.9218371848,0.1022210878,,,,
2755,0.0,720.312439,703.211548,1750.219604,-0.3773633273,0.919330456,0.1114828772,,,,
2756,0.0,720.331238,703.301453,1750.305908,-0.3791582693,0.9179068856,0.1169869918,,,,
2757,0.0,720.336426,703.355835,1750.335571,-0.3809258711,0.9162145208,0.1242836783,,,,
2758,0.0,720.397644,703.38623,1750.430786,-0.3822078794,0.9152464732,0.1274403007,,,,
2759,0.0,720.853149,703.700562,1750.356201,-0.3841029505,0.913986202,0.1307445825,,,,
2760,0.0,720.989227,703.625336,1750.579834,-0.3850652856,0.9134208263,0.1318508635,,,,
2761,0.0,721.125305,703.55011,1750.803467,-0.3860276207,0.9128554506,0.1329571445,,,,
2762,0.0,720.97876,703.934998,1750.290039,-0.3856175731,0.9128886489,0.1339156523,,,,
2763,0.0,721.151672,704.070129,1750.312256,-0.3837850389,0.9136605726,0.1339156523,,,,
2764,0.0,720.756226,704.359375,1750.318726,-0.3818918905,0.9144534856,0.1339156696,,,,
2765,0.0,720.550049,704.473999,1751.403931,-0.3799751674,0.9150055583,0.1355865052,,,,
2766,0.0,720.524231,704.610352,1753.208862,-0.3796596992,0.914842876,0.1375537167,,,,
2767,0.0,720.566528,704.779541,1755.313843,-0.3796512166,0.9148221203,0.1377150754,,,,
2768,0.0,720.582581,704.752441,1757.452759,-0.3796512166,0.9148221203,0.1377150754,,,,
2769,0.0,720.588379,704.633789,1759.014771,-0.3796512166,0.9148221203,0.1377150754,,,,
2770,0.0,720.518311,704.406982,1761.476807,-0.3796512166,0.9148221203,0.1377150754,,,,
2771,0.0,720.432434,704.46698,1762.734375,-0.3796512166,0.9148221203,0.1377150754,,,,
2772,0.0,720.25238,704.547302,1764.578369,-0.3796512166,0.9148221203,0.1377150754,,,,
2773,0.0,720.07312,705.305054,1765.40686,-0.3796512166,0.9148221203,0.1377150754,,,,
2774,0.0,720.049805,705.731201,1765.318848,-0.3796512166,0.9148221203,0.1377150754,,,,
2775,0.0,719.964172,706.346863,1765.182373,-0.3796512166,0.9148221203,0.1377150754,,,,
2776,0.0,719.746216,707.183838,1764.948853,-0.3796512166,0.9148221203,0.1377150754,,,,
2777,0.0,719.434021,707.918701,1764.911377,-0.3796512166,0.9148221203,0.1377150754,,,,
2778,0.0,719.085815,709.251648,1764.634644,-0.3773035197,0.9159223098,0.1368516587,,,,
2779,0.0,718.717773,710.628906,1764.116943,-0.3752993021,0.9164864944,0.1385746711,,,,
2780,0.0,718.188599,711.782593,1763.980591,-0.3689041098,0.9190657625,0.1386646385,,,,
2781,0.0,717.336487,713.531616,1763.735718,-0.3598826567,0.9221784099,0.141673758,,,,
2782,0.0,716.775269,715.143372,1763.236938,-0.3573629462,0.92297136,0.1428831458,,,,
2783,0.0,715.981079,717.200928,1763.020874,-0.3564745439,0.9232430272,0.1433464763,,,,
2784,0.0,715.286621,718.796021,1762.954834,-0.3563519501,0.923280428,0.1434103863,,,,
2785,0.0,714.512451,720.626587,1763.036377,-0.3563519501,0.923280428,0.1434103863,,,,
2786,0.0,713.389954,723.175354,1763.283936,-0.3563519501,0.923280428,0.1434103863,,,,
2787,0.0,712.276672,725.402954,1763.61438,-0.3563519501,0.923280428,0.1434103863,,,,
2788,0.0,711.42804,727.283447,1763.862061,-0.3563519501,0.923280428,0.1434103863,,,,
2789,0.0,710.615723,729.18396,1764.10022,-0.3563519501,0.923280428,0.1434103863,,,,
2790,0.0,709.608704,731.635742,1764.254883,-0.3563519501,0.923280428,0.1434103863,,,,
2791,0.0,708.700623,733.995483,1764.670776,-0.3563519501,0.923280428,0.1434103863,,,,
2792,0.0,707.994629,735.80072,1764.833618,-0.3563519501,0.923280428,0.1434103863,,,,
2793,0.0,706.971069,738.439575,1764.971436,-0.3563519501,0.923280428,0.1434103863,,,,
2794,0.0,706.262085,740.233704,1765.07251,-0.3563519501,0.923280428,0.1434103863,,,,
2795,0.0,704.713135,744.912354,1765.452515,-0.3563519501,0.923280428,0.1434103863,,,,
2796,0.0,704.3110965,746.173737,1765.490906,-0.3563519501,0.923280428,0.1434103863,,,,
2797,0.0,703.909058,747.43512,1765.529297,-0.3563519501,0.923280428,0.1434103863,,,,
2798,0.0,702.187439,752.062195,1765.770386,-0.3563519501,0.923280428,0.1434103863,,,,
2799,0.0,701.686798,753.5969545,1765.853638,-0.3563519501,0.923280428,0.1434103863,,,,
2800,0.0,700.561096,757.125854,1766.152954,-0.3563519501,0.923280428,0.1434103863,,,,
2801,0.0,699.57605,760.061768,1766.346924,-0.3563519501,0.923280428,0.1434103863,,,,
2802,0.0,699.0937195,761.5624085,1766.344971,-0.3563519501,0.923280428,0.1434103863,,,,
2803,0.0,697.621033,765.52478,1766.398315,-0.3563519501,0.923280428,0.1434103863,,,,
2804,0.0,696.591858,768.211853,1766.374512,-0.3563519501,0.923280428,0.1434103863,,,,
2805,0.0,695.509033,770.731873,1766.149048,-0.3563519501,0.923280428,0.1434103863,,,,
2806,0.0,694.258789,773.649109,1765.914551,-0.3563519501,0.923280428,0.1434103863,,,,
2807,0.0,693.324829,776.131042,1765.964233,-0.3563519501,0.923280428,0.1434103863,,,,
2808,0.0,692.37384,778.392822,1765.67749,-0.3559365039,0.9234406674,0.1434103863,,,,
2809,0.0,691.231445,781.336182,1765.39209,-0.3555017868,0.9236081099,0.1434103863,,,,
2810,0.0,690.289734,783.901733,1764.919434,-0.3515859891,0.9249780324,0.1442322151,,,,
2811,0.0,689.304443,786.789856,1764.679688,-0.346729138,0.9267898033,0.1443591543,,,,
2812,0.0,688.445251,789.402161,1764.577881,-0.3423193934,0.9284276318,0.1443591543,,,,
2813,0.0,687.688293,791.665466,1764.584473,-0.3358590537,0.9307841429,0.1443591888,,,,
2814,0.0,686.70166,794.535767,1764.549194,-0.3297012998,0.9329831094,0.1443591715,,,,
2815,0.0,685.732117,797.591431,1764.606079,-0.3191354655,0.9366498728,0.1443591715,,,,
2816,0.0,684.87085,800.161072,1764.720825,-0.3107045469,0.9394802388,0.1443591543,,,,
2817,0.0,683.820312,803.198669,1764.679321,-0.3038501734,0.941719439,0.1443591715,,,,
2818,0.0,682.799133,805.849243,1764.779541,-0.3027420721,0.9420762561,0.1443591543,,,,
2819,0.0,681.603271,808.84668,1765.204102,-0.3026385822,0.942109507,0.1443591543,,,,
2820,0.0,680.355347,811.597961,1766.015747,-0.3026385822,0.942109507,0.1443591543,,,,
2821,0.0,679.341614,814.422302,1765.969604,-0.3026385822,0.942109507,0.1443591543,,,,
2822,0.0,678.230164,817.142822,1766.479736,-0.3026385822,0.942109507,0.1443591543,,,,
2823,0.0,676.647766,820.660583,1767.074097,-0.3026385822,0.942109507,0.1443591543,,,,
2824,0.0,675.634705,823.668701,1766.972168,-0.3026385822,0.942109507,0.1443591543,,,,
2825,0.0,674.385437,826.672485,1767.232788,-0.3026385822,0.942109507,0.1443591543,,,,
2826,0.0,673.280457,828.979309,1767.453003,-0.302234487,0.9422392236,0.144359137,,,,
2827,0.0,672.022949,832.637756,1767.463623,-0.3017618139,0.9423907057,0.1443591543,,,,
2828,0.0,670.652283,835.811279,1767.30957,-0.2999787253,0.9429598051,0.1443591715,,,,
2829,0.0,669.970581,838.301392,1767.325317,-0.2915832372,0.9456528841,0.143943873,,,,
2830,0.0,668.678955,842.132324,1767.10022,-0.2815184701,0.9487734404,0.1434444483,,,,
2831,0.0,667.744446,845.398315,1766.837769,-0.2509711394,0.9575725461,0.1416626488,,,,
2832,0.0,666.857117,848.46936,1766.221313,-0.2203588169,0.9653362226,0.1398855573,,,,
2833,0.0,666.106628,851.966187,1765.949585,-0.1580225738,0.9778771494,0.1370589173,,,,
2834,0.0,665.437378,855.187317,1765.667236,-0.0932602038,0.9864340754,0.1350938532,,,,
2835,0.0,664.94989,858.401367,1765.622803,-0.0147068386,0.9908158505,0.1344159937,,,,
2836,0.0,664.356262,861.973755,1765.588867,0.0552349669,0.9894447584,0.1339707747,,,,
2837,0.0,663.786987,865.90033,1765.440796,0.1439324787,0.9800948429,0.1367389503,,,,
2838,0.0,662.964111,873.015076,1764.975952,0.2767810304,0.9499382869,0.144946584,,,,
2839,0.0,662.763672,876.285889,1764.98291,0.3362055134,0.9291768011,0.1536109536,,,,
2840,0.0,662.067139,879.946106,1764.968628,0.3744615881,0.9136018726,0.1584617851,,,,
2841,0.0,661.427612,883.456787,1764.911621,0.4071831534,0.8988035235,0.162339477,,,,
2842,0.0,660.691895,886.357483,1765.09375,0.4210781126,0.8922734558,0.1629150183,,,,
2843,0.0,659.716858,889.923279,1765.261353,0.4335898631,0.8861783438,0.1633639299,,,,
2844,0.0,658.829956,893.157288,1765.451416,0.4364881361,0.8847477397,0.1633999515,,,,
2845,0.0,657.782654,896.771973,1765.5896,0.4387906402,0.8836080716,0.1633999688,,,,
2846,0.0,656.844177,899.908203,1765.672241,0.4388309384,0.883588062,0.1633999515,,,,
2847,0.0,655.870972,903.047974,1765.690308,0.4395538448,0.8832286642,0.1633999515,,,,
2848,0.0,654.667969,906.922852,1765.580688,0.4414290149,0.8824665229,0.1624600282,,,,
2849,0.0,653.606079,910.351685,1765.394043,0.4432574747,0.8818947168,0.1605755884,,,,
2850,0.0,652.657104,913.426331,1765.366455,0.4448663449,0.8812427011,0.1597035909,,,,
2851,0.0,651.667542,916.971313,1764.755005,0.4475918571,0.8804974409,0.156159489,,,,
2852,0.0,650.680542,920.200867,1764.743652,0.4494334839,0.8799232574,0.1540928443,,,,
2853,0.0,649.714417,923.775085,1764.337158,0.4514564408,0.879241367,0.1520582147,,,,
2854,0.0,649.1521,926.540771,1763.558716,0.4537122431,0.8784825934,0.1497115011,,,,
2855,0.0,648.023682,930.250488,1763.532227,0.4559180984,0.8777301064,0.1474060647,,,,
2856,0.0,647.198486,933.47345,1763.190186,0.4589620024,0.8764700037,0.1454448792,,,,
2857,0.0,646.239502,936.813782,1762.866821,0.4622270103,0.8750859365,0.1434252237,,,,
2858,0.0,645.380798,939.724915,1762.593384,0.4677428943,0.872436771,0.1416709764,,,,
2859,0.0,644.484192,942.382874,1762.372681,0.4783681535,0.8666822513,0.1415124903,,,,
2860,0.0,643.529297,945.973694,1762.427124,0.4976437784,0.8554487895,0.143380746,,,,
2861,0.0,642.814209,948.773743,1762.506836,0.5217311292,0.8398417275,0.1498749534,,,,
2862,0.0,642.09259,951.734009,1762.691528,0.5420078718,0.8260592255,0.1544461812,,,,
2863,0.0,641.198303,955.397583,1763.028931,0.5591915306,0.8138122265,0.1581597044,,,,
2864,0.0,640.357971,958.886169,1763.434326,0.5615274145,0.812102927,0.1586688334,,,,
2865,0.0,639.47522,962.495728,1763.454468,0.5615274145,0.812102927,0.1586688334,,,,
2866,0.0,638.869507,965.279846,1763.799438,0.5615274145,0.812102927,0.1586688334,,,,
2867,0.0,637.936951,969.171692,1764.526855,0.5615274145,0.812102927,0.1586688334,,,,
2868,0.0,636.93634,973.247803,1764.825928,0.5615274145,0.812102927,0.1586688334,,,,
2869,0.0,636.25592,976.485535,1764.776855,0.5615274145,0.812102927,0.1586688334,,,,
2870,0.0,635.489563,979.781677,1764.958496,0.5615274145,0.812102927,0.1586688334,,,,
2871,0.0,634.708496,983.60022,1764.922852,0.5615274145,0.812102927,0.1586688334,,,,
2872,0.0,634.01709,987.004333,1764.668579,0.5615274145,0.812102927,0.1586688334,,,,
2873,0.0,633.504272,989.769226,1764.689819,0.5615274145,0.812102927,0.1586688334,,,,
2874,0.0,632.729431,993.681274,1764.425171,0.5615274145,0.812102927,0.1586688334,,,,
2875,0.0,631.976318,997.439697,1764.162354,0.5615274145,0.812102927,0.1586688334,,,,
2876,0.0,631.189026,1000.859863,1763.605347,0.5615274145,0.812102927,0.1586688334,,,,
2877,0.0,630.476135,1004.38855,1763.320801,0.5615274145,0.812102927,0.1586688334,,,,
2878,0.0,629.910522,1007.612427,1763.575928,0.5551139741,0.8198717408,0.1402098579,,,,
2879,0.0,628.705933,1014.56488,1762.698486,0.5508333395,0.826200192,0.1182196042,,,,
2880,0.0,628.4226685,1016.113678,1762.680908,0.5534863602,0.8244529466,0.1179832214,,,,
2881,0.0,627.355408,1021.550049,1762.725586,0.5613477224,0.8191608002,0.1177468385,,,,
2882,0.0,626.990784,1024.623169,1763.09375,0.5633322167,0.8177370961,0.1181645264,,,,
2883,0.0,626.471252,1028.247437,1763.439331,0.5654228319,0.8162179794,0.1186812173,,,,
2884,0.0,625.782104,1031.620239,1763.437622,0.5654941808,0.8161659808,0.1186988765,,,,
2885,0.0,625.435913,1034.375854,1763.7677,0.5654941808,0.8161659808,0.1186988765,,,,
2886,0.0,624.845337,1038.302124,1764.137573,0.5654941808,0.8161659808,0.1186988765,,,,
2887,0.0,624.530334,1041.415649,1764.710327,0.5654941808,0.8161659808,0.1186988765,,,,
2888,0.0,623.965942,1045.182983,1764.922241,0.5654941808,0.8161659808,0.1186988765,,,,
2889,0.0,623.270874,1048.673706,1764.936768,0.5654941808,0.8161659808,0.1186988765,,,,
2890,0.0,622.9422,1051.658691,1764.821533,0.5654941808,0.8161659808,0.1186988765,,,,
2891,0.0,622.326233,1055.259399,1764.625488,0.5654941808,0.8161659808,0.1186988765,,,,
2892,0.0,621.680542,1058.621948,1764.633301,0.5654941808,0.8161659808,0.1186988765,,,,
2893,0.0,621.322754,1061.663818,1764.068848,0.5658762363,0.8159011374,0.1186988592,,,,
2894,0.0,620.727661,1065.322876,1763.683838,0.5662577241,0.8156364182,0.1186988765,,,,
2895,0.0,620.082642,1068.644531,1763.735718,0.5662764152,0.8156234415,0.1186988765,,,,
2896,0.0,619.57135,1071.474731,1762.893433,0.5662764152,0.8156234415,0.1186988765,,,,
2897,0.0,618.769165,1075.744019,1762.861084,0.5662764152,0.8156234415,0.1186988765,,,,
2898,0.0,618.121216,1079.248413,1762.606079,0.5662764152,0.8156234415,0.1186988765,,,,
2899,0.0,617.662354,1081.831787,1762.126099,0.5662764152,0.8156234415,0.1186988765,,,,
2900,0.0,616.975952,1085.593872,1761.967041,0.5662764152,0.8156234415,0.1186988765,,,,
2901,0.0,616.34198,1089.08667,1761.943237,0.5662764152,0.8156234415,0.1186988765,,,,
2902,0.0,615.710876,1092.419434,1761.981323,0.5662764152,0.8156234415,0.1186988765,,,,
2903,0.0,615.085938,1095.960449,1762.003784,0.5662764152,0.8156234415,0.1186988765,,,,
2904,0.0,614.357666,1099.700684,1762.396118,0.5677814469,0.8145764601,0.1186988592,,,,
2905,0.0,613.884094,1102.30188,1762.340088,0.5689025961,0.8139128867,0.1178798077,,,,
2906,0.0,613.092041,1106.515015,1762.793213,0.5702508534,0.8131189448,0.1168398295,,,,
2907,0.0,612.528564,1109.657837,1763.695435,0.5737588481,0.8108876456,0.1151608029,,,,
2908,0.0,611.860291,1113.439453,1763.748779,0.5807069553,0.8063664764,0.1120381091,,,,
2909,0.0,611.297119,1116.623779,1764.308838,0.5883279609,0.8012009077,0.1093037782,,,,
2910,0.0,610.863464,1119.169434,1764.470459,0.5972163828,0.7950636554,0.105860172,,,,
2911,0.0,610.189697,1123.186646,1764.576172,0.607585729,0.7877041579,0.1017926396,,,,
2912,0.0,609.80426,1126.347046,1764.533447,0.6154635545,0.7818088016,0.0998980018,,,,
2913,0.0,609.43927,1130.236328,1764.348877,0.6249176507,0.7745492879,0.0977309084,,,,
2914,0.0,608.990845,1133.609497,1764.374512,0.6292111422,0.7712909815,0.095935188,,,,
2915,0.0,608.52832,1137.081299,1764.251221,0.6322426261,0.7688220397,0.0958224033,,,,
2916,0.0,608.287415,1140.328613,1764.131836,0.6330743611,0.7681373035,0.0958224206,,,,
2917,0.0,608.212769,1144.060303,1763.988159,0.6331692745,0.7680590691,0.0958224206,,,,
2918,0.0,608.251282,1146.650146,1763.760132,0.6331692745,0.7680590691,0.0958224206,,,,
2919,0.0,608.760254,1150.507812,1763.79834,0.6331692745,0.7680590691,0.0958224206,,,,
2920,0.0,610.164978,1156.26001,1764.120117,0.6331692745,0.7680590691,0.0958224206,,,,
2921,0.0,610.8476255,1158.031067,1764.326172,0.6331692745,0.7680590691,0.0958224206,,,,
2922,0.0,612.573059,1162.505249,1764.979614,0.6331692745,0.7680590691,0.0958224206,,,,
2923,0.0,613.832947,1165.715576,1764.825928,0.6332213976,0.7681221872,0.0949682429,,,,
2924,0.0,615.209473,1168.497681,1765.012207,0.6339368315,0.7675442319,0.0948680442,,,,
2925,0.0,616.167786,1171.803833,1764.840576,0.6345907631,0.767003662,0.0948680442,,,,
2926,0.0,617.370544,1175.155884,1764.756836,0.636009378,0.7658277365,0.0948680616,,,,
2927,0.0,618.227783,1177.908691,1764.877197,0.6385442558,0.7638222832,0.0940040057,,,,
5176,0.0,-180.084702,-496.992584,1759.880981,0.3281053316,0.890525111,0.315137935,,,,
5177,0.0,-180.01384,-496.800293,1759.880981,0.3281053316,0.890525111,0.315137935,,,,
5178,0.0,-179.944016,-496.610718,1759.880981,0.3281053316,0.890525111,0.315137935,,,,
5179,0.0,-179.86528,-496.397095,1759.880981,0.3281053316,0.890525111,0.315137935,,,,
5180,0.0,-179.794479,-496.204926,1759.880981,0.3281053316,0.890525111,0.315137935,,,,
5181,0.0,-179.447235,-496.0407565,1757.614929,0.3275777875,0.8921573037,0.3110115254,,,,
5182,0.0,-179.099991,-495.876587,1755.348877,0.3270502434,0.8937894964,0.3068851159,,,,
5183,0.0,-177.432617,-495.093842,1743.504761,0.3166374623,0.9055619917,0.2823086903,,,,
5184,0.0,-176.531967,-494.653137,1736.123657,0.3004085894,0.9169384081,0.2626378402,,,,
5185,0.0,-175.675644,-494.232788,1728.588867,0.2801226183,0.9297732951,0.2388575694,,,,
5186,0.0,-175.018387,-493.910858,1722.836426,0.2673918715,0.9379558668,0.2207722331,,,,
5187,0.0,-174.083832,-493.478729,1714.883301,0.2551777589,0.9453690089,0.2028835832,,,,
5188,0.0,-173.240295,-493.087036,1707.533081,0.2438518169,0.9519657533,0.1851958313,,,,
5189,0.0,-172.2771,-492.635406,1698.882935,0.2312758886,0.9590185629,0.163691354,,,,
5190,0.0,-171.505798,-492.276764,1691.608765,0.2184432869,0.9651129467,0.1443590334,,,,
5191,0.0,-170.605652,-491.86084,1682.627197,0.1987669408,0.9728007536,0.1189554417,,,,
5192,0.0,-169.862152,-491.489532,1679.44165,0.1848354921,0.9772031152,0.104450527,,,,
5193,0.0,-168.924652,-491.030457,1677.123413,0.1721331541,0.9808301476,0.0913367326,,,,
5194,0.0,-167.841995,-490.430969,1676.525391,0.1587375919,0.9841515491,0.0790449578,,,,
5195,0.0,-166.47908,-489.607758,1676.701294,0.1432273029,0.9874159338,0.0670500807,,,,
5196,0.0,-165.179764,-488.989166,1676.701416,0.1305236058,0.9896329184,0.0599189051,,,,
5197,0.0,-163.454544,-488.374878,1676.701416,0.1161734917,0.991721169,0.054706881,,,,
6028,0.0,-103.532623,-477.522583,1677.115723,-0.766198348,-0.6425691033,-0.0067111071,,,,
6029,0.0,-103.716385,-477.676697,1677.115723,-0.766198348,-0.6425691033,-0.0067111071,,,,
6030,0.0,-103.940208,-477.864441,1677.115723,-0.766198348,-0.6425691033,-0.0067111071,,,,
6031,0.0,-104.126877,-478.020966,1677.115723,-0.766198348,-0.6425691033,-0.0067111071,,,,
6032,0.0,-105.200829,-480.866577,1676.974487,-0.8377351025,-0.5460520575,-0.0052008134,,,,
6033,0.0,-106.279984,-483.643738,1676.852905,-0.8868174717,-0.4620950012,-0.0047939299,,,,
6034,0.0,-107.652756,-487.695587,1676.70874,-0.9273568536,-0.37414741,-0.0047939299,,,,
6035,0.0,-108.670364,-490.552307,1676.697266,-0.9477556154,-0.3189613013,-0.0047939299,,,,
6036,0.0,-109.820984,-493.894501,1676.701294,-0.9620085814,-0.2729132292,-0.0076064904,,,,
6188,0.0,-471.989075,-851.932617,1676.931885,-0.9969280541,0.0768060137,0.0153392019,,,,
6189,0.0,-471.837708,-851.927185,1676.931885,-0.9969280541,0.0768060137,0.0153392019,,,,
6190,0.0,-471.762238,-851.932922,1676.931885,-0.9969280541,0.0768060137,0.0153392019,,,,
6191,0.0,-471.635193,-851.942749,1676.931885,-0.9969280541,0.0768060137,0.0153392019,,,,
6192,0.0,-474.080292,-852.095764,1676.931885,-0.9966138215,0.0809083841,0.0146534694,,,,
6193,0.0,-477.869995,-852.450745,1676.956787,-0.9958756807,0.0897060219,0.0135815427,,,,
6194,0.0,-481.703674,-853.00061,1676.962646,-0.9947628793,0.1014448063,0.0124805953,,,,
6195,0.0,-484.443451,-853.446167,1676.986206,-0.9929650842,0.1179043406,0.0109044963,,,,
6196,0.0,-487.914612,-854.131165,1676.993042,-0.9902344802,0.1391296602,0.008866331,,,,
6197,0.0,-491.45343,-854.944458,1677.021118,-0.9866275051,0.1628507601,0.006767288,,,,
6198,0.0,-494.104462,-855.533875,1677.035767,-0.9810831363,0.193512522,0.0053650291,,,,
6199,0.0,-497.883301,-856.516296,1677.05127,-0.9738513849,0.2271534323,0.0038468707,,,,
6200,0.0,-500.42923,-857.263306,1677.052734,-0.968306824,0.249744206,0.0031186889,,,,
6201,0.0,-503.680756,-858.42688,1677.074097,-0.9587674463,0.2841887292,0.0013229243,,,,
6202,0.0,-506.303406,-859.38269,1677.091919,-0.9514315573,0.3078602688,0.0002162987,,,,
6203,0.0,-510.12973,-860.823242,1677.107178,-0.9435345074,0.3312733144,-0.0007902326,,,,
6204,0.0,-513.446838,-862.084595,1677.110596,-0.93920667,0.3433510039,-0.0009587441,,,,
6205,0.0,-516.685242,-863.332642,1677.134399,-0.9362711532,0.3512774547,0.0006909583,,,,
6206,0.0,-518.844604,-864.164429,1677.149048,-0.9363554532,0.3510479752,0.0019453253,,,,
6207,0.0,-522.80719,-865.727356,1677.165039,-0.9370901234,0.3490696967,0.0035280885,,,,
6208,0.0,-526.490967,-867.186646,1677.168335,-0.9372318715,0.3486856925,0.0038349502,,,,
6209,0.0,-528.783875,-868.103027,1677.185059,-0.9372318715,0.3486856925,0.0038349502,,,,
6210,0.0,-532.970337,-869.79071,1677.197388,-0.9372318715,0.3486856925,0.0038349502,,,,
6211,0.0,-535.375305,-870.776367,1677.216919,-0.9372318715,0.3486856925,0.0038349502,,,,
6212,0.0,-536.330994,-871.190857,1677.227051,-0.9372318715,0.3486856925,0.0038349502,,,,
6213,0.0,-542.050232,-873.691162,1677.249268,-0.9372318715,0.3486856925,0.0038349502,,,,
6214,0.0,-545.056519,-875.017029,1677.256714,-0.9372318715,0.3486856925,0.0038349502,,,,
6215,0.0,-551.717896,-878.210144,1677.285034,-0.9460562395,0.3237198873,-0.0135287164,,,,
6216,0.0,-554.885559,-879.650146,1677.307495,-0.9459436197,0.3237925106,-0.0186836398,,,,
6217,0.0,-556.532318,-880.320831,1677.310486,-0.942608775,0.3332123762,-0.0189286663,,,,
6218,0.0,-560.955261,-881.993835,1677.334839,-0.9275136985,0.3732970782,-0.0191736928,,,,
6219,0.0,-562.5141295,-882.4969175,1677.345276,-0.917263683,0.3970011158,-0.0187162087,,,,
6220,0.0,-564.072998,-883.0,1677.355713,-0.9070136674,0.4207051534,-0.0182587247,,,,
6221,0.0,-570.411133,-885.343323,1677.383545,-0.8602530743,0.5095891873,-0.0168377046,,,,
6222,0.0,-573.600952,-886.533997,1677.398438,-0.8277876335,0.5608030818,-0.0163565661,,,,
6223,0.0,-576.670959,-887.622131,1677.401001,-0.796398231,0.6045529231,-0.0162978785,,,,
6224,0.0,-579.697205,-888.602173,1677.421997,-0.7652521361,0.6435243176,-0.0162978785,,,,
6225,0.0,-582.617615,-889.376465,1677.431396,-0.7338394935,0.6791273643,-0.0162978785,,,,
6226,0.0,-585.701904,-890.056152,1677.45166,-0.7061563901,0.7078683012,-0.0162978785,0.146363152,726.5562733554,1394.8935082641,5.0
6227,0.0,-587.346008,-890.402374,1677.4562375,-0.6949298053,0.7187232285,-0.0162978785,0.1389918975,708.3050944088,1393.2052122525,5.0
6228,0.0,-592.683777,-891.493103,1677.489868,-0.6657073956,0.7460348803,-0.0162978785,0.1209066838,661.5255675549,1387.8652613091,5.0
6229,0.0,-595.63562,-891.999146,1677.505981,-0.6526952367,0.7574452503,-0.0162978785,0.1136617595,641.1199330777,1384.5935620003,5.0
6230,0.0,-598.625793,-892.476685,1677.518433,-0.642537604,0.7660808094,-0.0162978785,0.1084224072,625.8822268484,1382.041283069,5.0
6231,0.0,-602.128357,-892.985718,1677.534424,-0.6316608546,0.775057365,-0.0170483356,0.1031035341,609.7144811689,1378.694110363,5.0
6232,0.0,-605.683228,-893.372314,1677.551147,-0.6188055924,0.7853545992,-0.0172566623,0.0968569025,590.3301748431,1374.97237499,5.0
6233,0.0,-608.761719,-893.626099,1677.565674,-0.6043872868,0.7965037446,-0.0172566623,0.0899550395,568.6227245418,1371.7964277145,5.0
6234,0.0,-612.640564,-893.858398,1677.583984,-0.5862317908,0.8099595638,-0.0172566623,0.0817438795,541.5748443548,1367.6581714048,5.0
6235,0.0,-615.823669,-893.959717,1677.599243,-0.5696743767,0.8216893039,-0.0172566623,0.074630382,517.0887958256,1364.1126554813,5.0
6236,0.0,-618.8927,-894.02533,1677.613525,-0.5606100597,0.8279000957,-0.0172566623,0.0712237606,504.3878909957,1360.8531969936,5.0
6237,0.0,-621.466248,-894.018677,1677.63855,-0.5503272061,0.8347707313,-0.0172566623,0.0672460071,489.3809007314,1357.4551060261,5.0
6238,0.0,-626.124268,-893.958191,1677.701172,-0.5359296821,0.8440862417,-0.0172566623,0.0621923555,469.5691891653,1352.6198532032,5.0
6239,0.0,-629.329773,-893.831726,1677.701538,-0.5267252847,0.8498603897,-0.0172566623,0.0591084201,456.8043765781,1348.6676562369,5.0
6240,0.0,-632.446472,-893.652954,1677.701294,-0.5176606007,0.8554283449,-0.0164270854,0.0561447896,444.2556058922,1344.7644851354,5.0
6241,0.0,-635.990601,-893.38855,1677.701294,-0.5088116168,0.8607236013,-0.0162978785,0.0534482092,432.2860530505,1340.206324173,5.0
6242,0.0,-638.509827,-893.15979,1677.701294,-0.5020952388,0.8646704551,-0.0156644573,0.051413734,423.167493769,1336.9430485976,5.0
6243,0.0,-641.766113,-892.797913,1677.701294,-0.4931732295,0.8697958832,-0.0153390798,0.0487792021,411.0281862789,1332.2970017085,5.0
6244,0.0,-645.5755,-892.339661,1677.701294,-0.4856977469,0.8739922261,-0.0153390798,0.046863679,401.7412392992,1327.8895317458,5.0
6245,0.0,-649.692078,-891.768372,1677.701294,-0.4731922044,0.880825664,-0.0153390798,0.0434028315,385.4463213925,1322.67810229,5.0
6246,0.0,-652.941833,-891.251526,1677.701294,-0.464851679,0.8852556858,-0.0153390798,0.0412627379,374.8270253529,1318.4503595779,5.0
6247,0.0,-656.322083,-890.664734,1677.701294,-0.4570615021,0.8893028145,-0.0153390798,0.0393875584,365.1555690782,1314.0216522992,5.0
6248,0.0,-659.640137,-890.040771,1677.701294,-0.4518782261,0.8919477459,-0.0153390798,0.0383624456,359.2907647938,1309.7352851999,5.0
6249,0.0,-663.058899,-889.351379,1677.701294,-0.4491451189,0.8933271376,-0.0153390798,0.0381186875,356.9301302679,1305.2024373455,5.0
6250,0.0,-665.953064,-888.713684,1677.701294,-0.4482746351,0.8937642665,-0.0153390798,0.0383426787,356.7699402089,1300.8746744003,5.0
6251,0.0,-669.561584,-887.920959,1677.701294,-0.4474513571,0.8941767139,-0.0153390798,0.038728041,357.2830133081,1296.3751411329,5.0
6252,0.0,-672.798584,-887.15918,1677.701294,-0.4466132883,0.8945955977,-0.0153390798,0.0390450635,357.5103945726,1292.0276261327,5.0
6253,0.0,-675.699158,-886.432129,1677.701294,-0.4457369305,0.89503257,-0.0153390798,0.0392820277,357.3509878437,1287.628181142,5.0
6254,0.0,-679.311523,-885.529663,1677.701294,-0.4449080783,0.8954448696,-0.0153390798,0.0396894337,357.8875149794,1283.0590870781,5.0
6255,0.0,-682.517029,-884.693237,1677.701294,-0.4436825159,0.8960527539,-0.0153390798,0.0398967192,357.5567413816,1278.6064798023,5.0
6256,0.0,-685.581787,-883.860962,1677.701294,-0.4424741513,0.8966500644,-0.0153390798,0.0400938048,357.2035126132,1274.2640839179,5.0
6257,0.0,-691.687622,-882.244934,1677.701294,-0.4399641534,0.8978843224,-0.0153390798,0.0404970409,356.5353726087,1265.6628015274,5.0
6258,0.0,-695.608337,-881.213684,1677.701294,-0.4389609955,0.8983751761,-0.0153390798,0.0409630694,356.9493867983,1260.0537841818,5.0
6259,0.0,-699.296204,-880.227356,1677.701294,-0.438823056,0.8984425604,-0.0153392019,0.0416544346,358.3975961692,1254.8441822525,5.0
6260,0.0,-702.248535,-879.424805,1677.701294,-0.438823056,0.8984425604,-0.0153392019,0.0422989809,359.7157781813,1250.0326364723,5.0
6261,0.0,-705.842651,-878.428894,1677.701294,-0.438823056,0.8984425604,-0.0153392019,0.0430798901,361.5588919785,1245.2461434966,5.0
6262,0.0,-709.46991,-877.411072,1677.701294,-0.438823056,0.8984425604,-0.0153392019,0.0438557736,363.2188601743,1240.0938873953,5.0
6263,0.0,-712.73407,-876.481445,1677.701294,-0.438823056,0.8984425604,-0.0153392019,0.0446220845,364.8517278255,1235.1682710041,5.0
6264,0.0,-715.434998,-875.759827,1677.701294,-0.4448443954,0.8954971515,-0.0140824566,0.0472262311,373.7509537155,1230.7354194545,5.0
6265,0.0,-717.5332645,-875.182709,1677.701294,-0.4486105982,0.893618196,-0.013293367,0.0489982773,379.5755325664,1227.9231021101,5.0
6266,0.0,-720.525269,-874.367554,1677.701294,-0.4551615759,0.8903233878,-0.0123371402,0.0519703133,389.5144310744,1224.1879474648,5.0
6267,0.0,-726.68811,-873.03894,1677.701294,-0.5028714579,0.864307263,-0.0096567043,0.0723027767,453.7484071761,1215.3971521189,5.0
6268,0.0,-729.577271,-872.560974,1677.701294,-0.5345619295,0.8450796943,-0.0091571783,0.0877546466,496.2648285495,1211.4531647184,5.0
6269,0.0,-733.827454,-871.712952,1677.701294,-0.5695556822,0.821907214,-0.0086519604,0.1072550225,543.5688179788,1206.4231571823,5.0
6270,0.0,-737.365295,-871.146362,1677.701294,-0.6101341344,0.7922511508,-0.0086285564,0.1324178555,597.8083293183,1202.1227884816,5.0
6271,0.0,-741.18335,-870.619934,1677.701294,-0.6536442385,0.7567527717,-0.0086285564,,,,
6272,0.0,-744.57959,-870.184082,1677.701294,-0.6876815508,0.7259611785,-0.0086285564,,,,
6273,0.0,-748.249817,-869.779846,1677.701294,-0.7222162518,0.6916135002,-0.0086285564,,,,
6274,0.0,-750.0239565,-869.6002195,1677.701294,-0.736201239,0.6763919032,-0.0086285564,,,,
6275,0.0,-752.372986,-869.361206,1677.701294,-0.754273732,0.6565033779,-0.0086285564,,,,
6276,0.0,-759.267212,-868.626831,1677.701294,-0.7832675282,0.6216249088,-0.0086285564,,,,
6277,0.0,-761.982727,-868.314941,1677.701294,-0.7860352917,0.6181214023,-0.0086285739,,,,
6278,0.0,-766.204895,-867.877075,1677.701294,-0.7888140723,0.6145713199,-0.0086285564,,,,
6279,0.0,-769.686035,-867.547363,1677.701294,-0.7890832374,0.6142256855,-0.008628539,,,,
6280,0.0,-773.279175,-867.29071,1677.701294,-0.7890832374,0.6142256855,-0.008628539,,,,
6281,0.0,-777.080322,-867.061523,1677.701294,-0.7890940702,0.6142341178,-0.0068554251,,,,
6282,0.0,-780.877258,-866.893738,1677.701294,-0.7891034605,0.6142414272,-0.004816392,,,,
6283,0.0,-783.974792,-866.797791,1677.701294,-0.7891086715,0.6142454835,-0.003160786,,,,
6284,0.0,-788.034485,-866.716736,1677.701294,-0.7891111382,0.6142474036,-0.0019335793,,,,
6285,0.0,-791.287903,-866.69043,1677.701294,-0.789112596,0.6142485383,-0.0002097362,,,,
6286,0.0,-795.233154,-866.695312,1677.701294,-0.7891110273,0.614247649,0.0019006275,,,,
6287,0.0,-798.773621,-866.735229,1677.701294,-0.7891093938,0.6142460458,0.0028565416,,,,
6288,0.0,-801.966431,-866.796997,1677.701294,-0.7891071786,0.6142443214,0.0037113643,,,,
6289,0.0,-805.873413,-866.901001,1677.701294,-0.7891068107,0.614244035,0.0038349502,,,,
6290,0.0,-809.404602,-867.02124,1677.701294,-0.7891037264,0.6142416342,0.0047459164,,,,
6291,0.0,-812.276794,-867.13324,1677.701294,-0.7891035467,0.6142414943,0.0047936681,,,,
6292,0.0,-816.359863,-867.32373,1677.701294,-0.7891035467,0.6142414943,0.0047936681,,,,
6293,0.0,-820.072876,-867.540955,1677.701294,-0.7891035467,0.6142414943,0.0047936681,,,,
6294,0.0,-823.541626,-867.787598,1677.701294,-0.7891035467,0.6142414943,0.0047936681,,,,
6295,0.0,-826.653687,-868.02179,1677.701294,-0.7891035467,0.6142414943,0.0047936681,,,,
6296,0.0,-829.996704,-868.288513,1677.701294,-0.7891018173,0.6142401481,0.0052309024,,,,
6297,0.0,-830.626465,-868.340271,1677.701294,-0.7891014981,0.6142398996,0.0053076784,,,,
6298,0.0,-837.579773,-868.922974,1677.701294,-0.7885453522,0.6149497032,0.005752399,,,,
6299,0.0,-844.256897,-869.492371,1677.701294,-0.7835520394,0.6212679897,0.0085021468,,,,
6300,0.0,-847.423645,-869.764221,1677.701294,-0.7801266621,0.625542475,0.0099500277,,,,
6301,0.0,-849.494995,-869.946716,1677.701294,-0.7783634952,0.627715764,0.0107132774,,,,
6302,0.0,-854.908875,-870.426575,1677.701294,-0.7736813433,0.6334704595,0.0115046076,,,,
6303,0.0,-858.530396,-870.748352,1677.701294,-0.7704778509,0.6373450854,0.0124548537,,,,
6304,0.0,-859.08252,-870.797974,1677.701294,-0.7700725976,0.6378316757,0.0126074533,,,,
6305,0.0,-866.874573,-871.950317,1676.792358,-0.7662926059,0.6423332934,0.0142682282,,,,
6306,0.0,-870.72467,-872.300415,1676.826172,-0.7636411104,0.6454807925,0.014380581,,,,
6307,0.0,-873.846191,-872.614807,1677.023193,-0.7612303018,0.6483118471,0.0148383495,,,,
6308,0.0,-877.463745,-872.924255,1676.991699,-0.7589481271,0.6509718653,0.0152764821,,,,
6309,0.0,-881.386963,-873.208923,1676.829712,-0.7544128572,0.6562209611,0.0153392019,,,,
6310,0.0,-884.658691,-873.457397,1676.590332,-0.7492559955,0.662082915,0.016176123,,,,
6311,0.0,-888.419128,-873.748718,1676.315796,-0.7432096931,0.6688378598,0.0171834043,,,,
6312,0.0,-891.460144,-873.958618,1676.368164,-0.7347253567,0.6781244755,0.0180512043,,,,
6313,0.0,-895.598633,-874.372681,1675.678467,-0.7275244975,0.6858398639,0.0182150115,,,,
6314,0.0,-899.172119,-874.605347,1676.014771,-0.7209251945,0.6927491525,0.0191174163,,,,
6315,0.0,-901.947144,-874.776367,1676.260742,-0.7144772815,0.6993844608,0.0195854608,,,,
6316,0.0,-905.839966,-874.965698,1677.049072,-0.7073529149,0.706575715,0.0200652099,,,,
6317,0.0,-909.665405,-875.054382,1677.741577,-0.6989769974,0.7148607238,0.0201321298,,,,
6318,0.0,-912.725708,-874.873657,1678.348022,-0.6910462832,0.7225043561,0.0210354429,,,,
6319,0.0,-915.81134,-874.810486,1678.688232,-0.6845250319,0.7286842007,0.0210906703,,,,
6320,0.0,-919.235413,-874.978577,1678.620239,-0.6749389813,0.7375854331,0.0206179634,,,,
6321,0.0,-922.322083,-874.541443,1679.392334,-0.6669641711,0.7448162626,0.0201873582,,,,
6322,0.0,-925.88739,-874.335266,1679.705811,-0.6516256187,0.7582980914,0.019184826,,,,
6323,0.0,-929.155457,-874.28595,1679.641724,-0.638158627,0.7696884069,0.0182571367,,,,
6324,0.0,-931.559326,-873.963013,1680.156616,-0.6198511897,0.7845273853,0.0173575447,,,,
6325,0.0,-935.335083,-873.766418,1680.305298,-0.5995136004,0.8001967226,0.0163904908,,,,
6326,0.0,-938.676025,-873.402466,1680.171021,-0.5552926861,0.8315117404,0.0154356199,,,,
6327,0.0,-941.626953,-872.972961,1680.008301,-0.5012632624,0.8651894438,0.0135043713,,,,
6328,0.0,-945.193298,-872.761902,1680.018311,-0.4511613,0.8923657633,0.0116972615,,,,
6329,0.0,-948.245117,-872.031494,1679.696167,-0.3783474401,0.9256240279,0.0085658316,0.1366952418,535.6754741542,1061.4098594008,5.0
6330,0.0,-951.637451,-871.212891,1679.383179,-0.2913515041,0.9566035437,0.0048950181,0.0964362396,454.65848869,1061.1614297965,5.0
6331,0.0,-954.350525,-870.321167,1679.073975,-0.1820564302,0.9832859768,0.0020356983,0.0557611263,349.2917194599,1060.8346833092,5.0
6332,0.0,-955.852356,-869.799927,1678.84668,-0.0809355181,0.9967192014,-0.0005248728,0.0280442694,249.4396003179,1060.7053417738,5.0
6333,0.0,-957.62439,-870.386841,1677.817139,0.0294502276,0.9995548429,-0.0047749409,0.0086620472,139.4527876828,1061.8042074802,5.0
6334,0.0,-960.261475,-870.355774,1677.196167,0.113095802,0.9935501353,-0.0082138983,0.0014105454,56.4113995477,1062.457442751,5.0
6335,0.0,-963.722778,-869.634094,1676.549805,0.1697042134,0.9854165628,-0.012436948,5.65051e-05,11.296038694,1062.6088130404,5.0
6336,0.0,-965.889832,-868.44635,1676.724365,0.220786937,0.9751798549,-0.0166546976,0.0011231452,50.3235384793,1062.087237175,5.0
6337,0.0,-967.71698,-866.482788,1676.631592,0.2449656382,0.9693437766,-0.0190913284,0.0022366833,70.9167235347,1060.8998735738,5.0
6338,0.0,-970.372803,-863.873657,1677.045044,0.2428669399,0.9698701039,-0.0191737103,0.0015870983,59.6774318744,1059.6576926961,5.0
6339,0.0,-971.716675,-862.563782,1677.470093,0.2384921155,0.9709551382,-0.0191736928,0.0011316071,50.370645488,1059.1014806993,5.0
6340,0.0,-972.384094,-861.810669,1677.787476,0.2354898229,0.9716794782,-0.0195840474,0.0008653861,44.0444495024,1058.9250017738,5.0
6341,0.0,-972.332825,-861.262634,1678.401855,0.2320763455,0.9724901828,-0.0200851724,0.0006368694,37.7853756162,1058.8945712077,5.0
6342,0.0,-971.998718,-861.038696,1678.949829,0.2317572903,0.9725652964,-0.0201321298,0.000547412,35.0381510406,1059.0793115709,5.0
6343,0.0,-971.145142,-860.76001,1679.29187,0.2317572903,0.9725652964,-0.0201321298,0.0004800417,32.8151932049,1059.1869196776,5.0
6344,0.0,-970.536377,-860.114075,1679.590454,0.2317572903,0.9725652964,-0.0201321298,0.0004268591,30.9336677077,1058.8159718113,5.0
6345,0.0,-969.499207,-859.157776,1679.932373,0.2308357623,0.9727844341,-0.0201319553,0.0003517112,28.0629683534,1058.1900594797,5.0
6346,0.0,-968.568848,-858.106689,1680.418823,0.2299002877,0.9730059414,-0.0201319553,0.00029008,25.4688872065,1057.4688641168,5.0
6347,0.0,-967.389465,-856.974792,1680.759766,0.2273713468,0.9736000077,-0.0201319553,0.0002271429,22.5190992277,1056.6011836312,5.0
6348,0.0,-966.241638,-855.815247,1681.050415,0.2225554946,0.9747033076,-0.0205551449,0.0001770229,19.8667080132,1055.8821296738,5.0
6349,0.0,-964.48938,-853.911926,1681.514282,0.2169130694,0.9759632771,-0.0210808463,0.0002029522,21.2394704574,1054.274932749,5.0
6350,0.0,-963.249451,-851.979797,1682.001343,0.2104189905,0.9773837691,-0.0210906703,0.0002998896,25.7773448917,1052.6282281109,5.0
6351,0.0,-962.048584,-850.077515,1682.453491,0.2006087496,0.9794248757,-0.0219782261,0.0005713502,35.5260576742,1051.0972010047,5.0
6352,0.0,-961.246216,-848.440735,1683.061279,0.1951867828,0.9805182024,-0.022049366,0.0008266088,42.6814561339,1049.9388103298,5.0
6353,0.0,-960.207886,-846.210876,1683.758911,0.1900793745,0.9815210934,-0.022049366,0.0011290983,49.795039854,1048.1606126629,5.0
6354,0.0,-959.845703,-844.311829,1684.434448,0.1894932805,0.9816344176,-0.0220491915,0.0013015538,53.3964062295,1046.9051317083,5.0
6355,0.0,-959.585449,-842.307983,1684.924561,0.188564103,0.9818133247,-0.022049366,0.0015402424,58.0171733775,1045.7173740102,5.0
6356,0.0,-959.071838,-840.236755,1684.329346,0.1912720403,0.9812681629,-0.0229738768,0.0016239184,59.4833439536,1044.1783092986,5.0
6357,0.0,-958.744934,-838.226501,1683.838257,0.1996564142,0.9795498624,-0.0248874135,0.0014679402,56.4806704896,1042.7737643529,5.0
6358,0.0,-958.863464,-836.65509,1683.539673,0.2113948896,0.9770707475,-0.0253959638,0.0011711268,50.4069051166,1041.8381753653,5.0
6359,0.0,-959.554932,-834.793213,1683.198608,0.222526335,0.9745839087,-0.025850246,0.0009744648,45.9360481512,1040.7858758851,5.0
6360,0.0,-960.202454,-833.251099,1682.90686,0.2265967782,0.9736665856,-0.0250455609,0.0009742079,45.8941176242,1039.9728601616,5.0
6361,0.0,-961.942566,-832.102966,1683.105103,0.211029961,0.9772676978,-0.0203519613,0.0017121721,60.8374495396,1040.0836583647,5.0
6362,0.0,-963.459351,-831.129578,1683.101929,0.2072443422,0.9780995382,-0.0192633338,0.0021674607,68.4483036053,1040.1776727281,5.0
6363,0.0,-965.700623,-829.689636,1683.129883,0.2036156435,0.9788813939,-0.0182177512,0.0027806216,77.5213142819,1040.2489706063,5.0
6364,0.0,-967.646301,-828.659424,1683.211426,0.2036058812,0.9788834754,-0.0182150115,0.0031694968,82.7857786937,1040.6147526242,5.0
6365,0.0,-969.513245,-827.734131,1683.291992,0.2036058812,0.9788834754,-0.0182150115,0.0035646887,87.8232826303,1041.0491686427,5.0
6366,0.0,-971.265259,-826.969238,1683.411133,0.2036058812,0.9788834754,-0.0182150115,0.0039897141,92.9537616693,1041.6329193503,5.0
6367,0.0,-973.704346,-825.834717,1683.580078,0.2036058812,0.9788834754,-0.0182150115,0.0045153368,98.9103693248,1042.0115899434,5.0
6368,0.0,-977.250854,-824.488708,1684.263306,0.2036058812,0.9788834754,-0.0182150115,0.0052016295,106.2089893014,1042.6584427317,5.0
6369,0.0,-979.401733,-824.005676,1684.544556,0.2036058812,0.9788834754,-0.0182150115,0.0057630511,111.8988938729,1043.7853041289,5.0
6370,0.0,-982.11377,-823.198853,1684.845581,0.2036058812,0.9788834754,-0.0182150115,0.0064034902,118.0361831656,1044.6917125238,5.0
6371,0.0,-984.809326,-822.371582,1684.902344,0.2036058812,0.9788834754,-0.0182150115,0.0070687094,124.0979784455,1045.5588449469,5.0
6372,0.0,-987.48645,-821.713501,1685.023682,0.2061118657,0.978039764,-0.0309211704,0.0080169637,132.2670834328,1046.6560802933,5.0
6373,0.0,-990.262268,-821.020325,1685.021729,0.2327367384,0.9716494731,-0.04160423,0.0064636259,118.9318097496,1047.7262848176,5.0
6374,0.0,-993.401001,-820.180115,1684.964233,0.257963905,0.9648437014,-0.0503115853,0.0054422862,109.2901511728,1048.9795843275,5.0
6375,0.0,-996.082458,-819.490173,1684.763184,0.3196865781,0.9463573683,-0.0469917352,0.0026219965,75.9879412597,1050.0222195523,5.0
6376,0.0,-999.384155,-818.504456,1684.707031,0.3925480789,0.9187587161,-0.0422898022,0.0037903157,91.4211248514,1051.0074340661,5.0
6377,0.0,-1001.944702,-817.983582,1684.043091,0.5339414762,0.8446820054,-0.0376670909,0.0034665238,81.6071416413,980.9407501766,3.0
6378,0.0,-1004.568176,-817.035095,1683.78479,0.6627538588,0.7481444819,-0.0322049182,0.0139441262,163.3051809312,981.3153214074,3.0
6379,0.0,-1006.917725,-816.004089,1683.784424,0.7658735292,0.6426622595,-0.0205659288,0.044200761,288.7405641982,982.0436478035,3.0
6380,0.0,-1010.888306,-815.053833,1683.803345,0.8594523901,0.5111693282,-0.0068925299,0.0872348102,576.2244732798,1410.6392369231,0.0
6381,0.0,-1013.108582,-813.725708,1683.702637,0.9099582049,0.4146934566,0.0023243052,0.0479688956,431.983971493,1411.706472934,0.0
6382,0.0,-1013.459351,-813.601074,1683.727295,0.9174447468,0.3978481197,0.0034655886,0.0424290281,406.9046420127,1411.8948175286,0.0
6383,0.0,-1017.671448,-810.496399,1683.84082,0.9748683869,0.2225319106,0.0105440542,0.0057437518,151.3391143012,1414.043848041,0.0
6384,0.0,-1019.921997,-808.581482,1683.751953,0.9849886741,0.1723999933,0.0086921887,0.0015601451,79.0306999231,1415.3628494465,0.0
6385,0.0,-1021.848877,-806.706116,1683.871582,0.9879755147,0.1544924399,0.0060389072,0.0006944965,52.776336851,1416.3305664718,0.0
6386,0.0,-1020.502991,-803.323853,1684.697388,0.9910966701,0.1331277579,0.002095371,,,,
6387,0.0,-1022.625122,-801.375793,1684.697388,0.9913271605,0.1314110647,0.0012620822,,,,
6388,0.0,-1024.300781,-799.867004,1684.697388,0.991730016,0.1282984956,0.0001703964,,,,
6389,0.0,-1028.027954,-796.570984,1684.697388,0.9933677977,0.1149124175,-0.0039439452,,,,
6390,0.0,-1030.536255,-794.363342,1684.697388,0.9943888202,0.1055755964,-0.0066833919,,,,
6391,0.0,-1033.98645,-791.659241,1684.697388,0.9961354995,0.0872205521,-0.0103267551,,,,
6392,0.0,-1036.172485,-790.196289,1684.555664,0.9973430335,0.0716497787,-0.0131598914,,,,
6393,0.0,-1039.630127,-788.154785,1684.216064,0.9989068555,0.0433138794,-0.0175784522,,,,
6394,0.0,-1043.208862,-786.319336,1683.858398,0.999683185,0.016321791,-0.0191606053,,,,
6395,0.0,-1045.537231,-785.232483,1683.627197,0.9997886148,-0.005147469,-0.0199055093,,,,
6396,0.0,-1048.769897,-784.597961,1683.308228,0.9989815798,-0.0403795441,-0.0201319553,,,,
6397,0.0,-1051.839111,-784.842285,1683.006592,0.9972301471,-0.0716012386,-0.0201319727,,,,
6398,0.0,-1053.985107,-785.00769,1682.79541,0.9958732845,-0.0886617497,-0.0193777014,,,,
6399,0.0,-1057.068359,-785.2052,1682.491089,0.9938277596,-0.1092646045,-0.0191736928,,,,
6400,0.0,-1058.5448,-785.30896,1682.345703,0.9931396528,-0.1154098258,-0.0188202576,,,,
6401,0.0,-1061.813354,-785.47699,1682.023071,0.9919571508,-0.1252534395,-0.0182369641,,,,
6402,0.0,-1063.738525,-785.58374,1681.83313,0.991910646,-0.1256243756,-0.0182150115,,,,
6403,0.0,-1066.174805,-785.741272,1681.593994,0.991910646,-0.1256243756,-0.0182150115,,,,
6404,0.0,-1067.533813,-785.841248,1681.460938,0.991910646,-0.1256243756,-0.0182150115,,,,
6405,0.0,-1068.325806,-785.960388,1681.385254,0.991910646,-0.1256243756,-0.0182150115,,,,
6406,0.0,-1068.186768,-786.135437,1681.404541,0.991910646,-0.1256243756,-0.0182150115,,,,
6407,0.0,-1068.233276,-786.277161,1680.125977,0.991910646,-0.1256243756,-0.0182150115,,,,
6408,0.0,-1068.31311,-786.505066,1678.70459,0.991910646,-0.1256243756,-0.0182150115,,,,
6409,0.0,-1068.388184,-786.705627,1677.63208,0.991910646,-0.1256243756,-0.0182150115,,,,
6410,0.0,-1068.510864,-787.008118,1676.00061,0.991910646,-0.1256243756,-0.0182150115,,,,
6411,0.0,-1068.602295,-787.210632,1674.838867,0.991910646,-0.1256243756,-0.0182150115,,,,
6412,0.0,-1068.708252,-787.197205,1673.114014,0.991910646,-0.1256243756,-0.0182150115,,,,
6413,0.0,-1068.780273,-787.188049,1672.034546,0.991910646,-0.1256243756,-0.0182150115,,,,
6414,0.0,-1068.873413,-787.17627,1670.717529,0.991910646,-0.1256243756,-0.0182150115,,,,
6415,0.0,-1068.99939,-787.1604,1669.061401,0.991910646,-0.1256243756,-0.0182150115,,,,
6416,0.0,-1069.088013,-787.149109,1667.961426,0.991910646,-0.1256243756,-0.0182150115,,,,
6417,0.0,-1069.247925,-787.128845,1667.734497,0.991910646,-0.1256243756,-0.0182150115,,,,
6418,0.0,-1069.341797,-787.117004,1667.734375,0.991910646,-0.1256243756,-0.0182150115,,,,
6419,0.0,-1069.489258,-787.098328,1667.734497,0.991910646,-0.1256243756,-0.0182150115,,,,
6420,0.0,-1069.651611,-787.077759,1667.734497,0.991910646,-0.1256243756,-0.0182150115,,,,
6421,0.0,-1069.765991,-787.063293,1667.734497,0.991910646,-0.1256243756,-0.0182150115,,,,
6422,0.0,-1069.8605955,-787.0513,1667.734497,0.991910646,-0.1256243756,-0.0182150115,,,,
6423,0.0,-1069.977905,-787.036377,1667.734497,0.991910646,-0.1256243756,-0.0182150115,0.0545633976,476.1229834705,1461.3690403309,0.0
6424,0.0,-1069.977905,-787.036377,1667.734497,0.991910646,-0.1256243756,-0.0182150115,0.0543234884,475.8045354625,1463.5226026389,0.0
6425,0.0,-1069.977905,-787.036377,1667.734497,0.991910646,-0.1256243756,-0.0182150115,0.0543239996,475.8158346477,1463.5506640891,0.0
6426,0.0,-1069.977905,-787.036377,1667.734497,0.991910646,-0.1256243756,-0.0182150115,0.0548854303,477.8868320215,1462.6193471044,0.0
6427,0.0,-1069.977905,-787.036377,1667.734497,0.991910646,-0.1256243756,-0.0182150115,0.055446861,479.9578293953,1461.6880301197,0.0
6428,0.0,-1069.977905,-787.036377,1667.734497,0.991910646,-0.1256243756,-0.0182150115,0.0572830621,486.9770021156,1459.7906431079,0.0
6429,0.0,-1069.977905,-787.036438,1667.734497,0.991910646,-0.1256243756,-0.0182150115,0.0574471524,487.6352456433,1459.7379714754,0.0
6430,0.0,-1069.977905,-787.036377,1667.734497,0.991910646,-0.1256243756,-0.0182150115,0.0587255859,492.63570906,1459.0451941922,0.0
6431,0.0,-1069.977905,-787.036377,1667.734375,0.991910646,-0.1256243756,-0.0182150115,0.0595569089,495.773167269,1458.3658563397,0.0
6432,0.0,-1069.977905,-787.036377,1667.734436,0.991910646,-0.1256243756,-0.0182150115,0.060065221,497.6399252562,1457.856797749,0.0
6433,0.0,-1069.977905,-787.036377,1667.734497,0.991910646,-0.1256243756,-0.0182150115,0.06132862,502.3574830241,1456.8981108522,0.0
6434,0.0,-1069.977905,-787.036377,1667.734497,0.991910646,-0.1256243756,-0.0182150115,0.0615169083,503.068593656,1456.7986545893,0.0
6435,0.0,-1069.977905,-787.036377,1667.734497,0.991910646,-0.1256243756,-0.0182150115,0.0628654624,507.9835106037,1455.672460719,0.0
6436,0.0,-1069.977905,-787.036377,1667.734497,0.991910646,-0.1256243756,-0.0182150115,0.0636549323,510.7558503566,1454.8088778296,0.0
6437,0.0,-1069.977905,-787.036377,1667.734497,0.991910646,-0.1256243756,-0.0182150115,0.064641896,514.2765102989,1453.981824022,0.0
6438,0.0,-1069.977905,-787.036377,1667.734497,0.991910646,-0.1256243756,-0.0182150115,0.0653892427,516.9268717541,1453.3799215197,0.0
6439,0.0,-1069.977905,-787.036499,1667.734497,0.991910646,-0.1256243756,-0.0182150115,0.0657147357,518.0938675718,1453.1712840791,0.0
6440,0.0,-1069.977905,-787.036377,1667.734497,0.991910646,-0.1256243756,-0.0182150115,0.0671036092,523.0790267634,1452.4128400994,0.0
6441,0.0,-1069.977905,-787.036377,1667.734436,0.991910646,-0.1256243756,-0.0182150115,,,,
6442,0.0,-1069.977905,-787.036377,1667.734497,0.991910646,-0.1256243756,-0.0182150115,,,,
6443,0.0,-1069.977905,-787.036377,1667.734497,0.991910646,-0.1256243756,-0.0182150115,,,,
6444,0.0,-1069.977905,-787.036377,1667.734497,0.991910646,-0.1256243756,-0.0182150115,,,,
6445,0.0,-1069.977905,-787.036377,1667.734497,0.991910646,-0.1256243756,-0.0182150115,,,,
6446,0.0,-1069.977905,-787.036377,1667.734619,0.991910646,-0.1256243756,-0.0182150115,,,,
6447,0.0,-1069.977905,-787.036377,1667.734375,0.991910646,-0.1256243756,-0.0182150115,,,,
6448,0.0,-1069.977905,-787.036377,1667.734497,0.991910646,-0.1256243756,-0.0182150115,,,,
6449,0.0,-1069.977905,-787.036377,1667.734497,0.991910646,-0.1256243756,-0.0182150115,,,,
6450,0.0,-1069.977905,-787.036377,1667.734497,0.991910646,-0.1256243756,-0.0182150115,,,,
6451,0.0,-1069.977905,-787.036377,1667.734497,0.991910646,-0.1256243756,-0.0182150115,,,,
6452,0.0,-1069.977905,-787.036377,1667.734497,0.991910646,-0.1256243756,-0.0182150115,,,,
6453,0.0,-1069.977905,-787.036377,1667.734619,0.991910646,-0.1256243756,-0.0182150115,,,,
6454,0.0,-1069.977905,-787.036377,1667.734375,0.991910646,-0.1256243756,-0.0182150115,,,,
6455,0.0,-1069.977905,-787.036377,1667.734497,0.991910646,-0.1256243756,-0.0182150115,,,,
6456,0.0,-1069.977905,-787.036377,1667.734497,0.991910646,-0.1256243756,-0.0182150115,,,,
6457,0.0,-1069.977905,-787.036377,1667.734497,0.991910646,-0.1256243756,-0.0182150115,,,,
6458,0.0,-1069.977905,-787.036377,1667.734497,0.991910646,-0.1256243756,-0.0182150115,,,,
6459,0.0,-1069.977905,-787.036377,1667.734497,0.991910646,-0.1256243756,-0.0182150115,,,,
6460,0.0,-1069.977905,-787.036377,1667.734375,0.991910646,-0.1256243756,-0.0182150115,,,,
6461,0.0,-1069.977905,-787.036377,1667.734497,0.991910646,-0.1256243756,-0.0182150115,,,,
6462,0.0,-1069.977905,-787.036377,1667.734497,0.991910646,-0.1256243756,-0.0182150115,,,,
6463,0.0,-1069.977905,-787.036377,1667.734497,0.991910646,-0.1256243756,-0.0182150115,,,,
6464,0.0,-1069.977905,-787.036377,1667.734436,0.991910646,-0.1256243756,-0.0182150115,,,,
6465,0.0,-1069.977905,-787.036377,1667.734375,0.991910646,-0.1256243756,-0.0182150115,,,,
6466,0.0,-1069.977905,-787.036377,1667.734497,0.991910646,-0.1256243756,-0.0182150115,,,,
6467,0.0,-1069.977905,-787.036377,1667.734497,0.991910646,-0.1256243756,-0.0182150115,,,,
6468,0.0,-1069.977905,-787.036377,1667.734497,0.991910646,-0.1256243756,-0.0182150115,,,,
6469,0.0,-1069.977905,-787.036377,1667.734497,0.991910646,-0.1256243756,-0.0182150115,,,,
6470,0.0,-1069.977905,-787.036377,1667.734497,0.991910646,-0.1256243756,-0.0182150115,,,,
6471,0.0,-1069.977905,-787.036377,1667.734497,0.991910646,-0.1256243756,-0.0182150115,,,,
6472,0.0,-1069.977905,-787.036377,1667.734497,0.991910646,-0.1256243756,-0.0182150115,,,,
6473,0.0,-1069.977905,-787.036377,1667.734375,0.991910646,-0.1256243756,-0.0182150115,,,,
6474,0.0,-1069.977905,-787.036377,1667.734497,0.991910646,-0.1256243756,-0.0182150115,,,,
6475,0.0,-1069.977905,-787.036377,1667.734497,0.991910646,-0.1256243756,-0.0182150115,,,,
6476,0.0,-1069.977905,-787.036377,1667.734497,0.991910646,-0.1256243756,-0.0182150115,,,,
6477,0.0,-1069.977905,-787.036377,1667.734497,0.991910646,-0.1256243756,-0.0182150115,,,,
6478,0.0,-1069.977905,-787.036377,1667.734497,0.991910646,-0.1256243756,-0.0182150115,,,,
6479,0.0,-1069.977905,-787.036377,1667.734497,0.991910646,-0.1256243756,-0.0182150115,,,,
6480,0.0,-1069.977905,-787.036377,1667.734497,0.991910646,-0.1256243756,-0.0182150115,,,,
6481,0.0,-1069.977905,-787.036377,1667.734497,0.991910646,-0.1256243756,-0.0182150115,,,,
6482,0.0,-1069.977905,-787.036377,1667.734497,0.991910646,-0.1256243756,-0.0182150115,,,,
6483,0.0,-1069.977905,-787.036377,1667.734497,0.991910646,-0.1256243756,-0.0182150115,,,,
6484,0.0,-1069.977905,-787.036377,1667.734497,0.991910646,-0.1256243756,-0.0182150115,,,,
6485,0.0,-1069.978271,-787.034119,1667.734497,0.9919451229,-0.1253518612,-0.0182149417,,,,
6486,0.0,-1069.979492,-787.028625,1667.734497,0.9920235157,-0.1247299468,-0.0182149591,,,,
6487,0.0,-1069.979492,-787.028076,1667.734497,0.9920306317,-0.1246733294,-0.0182150115,,,,
6488,0.0,-1069.979492,-787.028076,1667.734497,0.9920306317,-0.1246733294,-0.0182150115,,,,
6489,0.0,-1069.982666,-787.013123,1667.734497,0.9922113229,-0.1229601404,-0.019937268,,,,
6490,0.0,-1069.991455,-786.972595,1667.734497,0.9927232498,-0.1183226619,-0.0223673214,,,,
6491,0.0,-1069.996948,-786.94812,1667.734497,0.9930310862,-0.1155135312,-0.0233642022,,,,
6492,0.0,-1070.034058,-786.797363,1667.734375,0.994812541,-0.09806402,-0.027045448,,,,
6493,0.0,-1070.08728,-786.61377,1667.734497,0.9966186736,-0.0764288253,-0.0301637892,,,,
6494,0.0,-1070.036865,-786.575989,1667.734497,0.9969785185,-0.0713645293,-0.0306747072,,,,
6495,0.0,-1069.77002,-786.544617,1667.734375,0.9973872589,-0.0654042252,-0.0306747945,,,,
6496,0.0,-1069.748535,-786.546082,1667.734497,0.9973872589,-0.0654042252,-0.0306747945,,,,
6497,0.0,-1069.669434,-786.551147,1667.734497,0.9973872589,-0.0654042252,-0.0306747945,,,,
6498,0.0,-1069.574951,-786.557312,1667.738403,0.9973872589,-0.0654042252,-0.0306747945,,,,
6499,0.0,-1069.378784,-786.570251,1667.757568,0.9973872589,-0.0654042252,-0.0306747945,,,,
6500,0.0,-1069.255981,-786.578247,1667.772827,0.9973872589,-0.0654042252,-0.0306747945,,,,
6501,0.0,-1069.066772,-786.590637,1667.802002,0.9973872589,-0.0654042252,-0.0306747945,,,,
6502,0.0,-1068.904297,-786.601379,1667.819214,0.9973872589,-0.0654042252,-0.0306747945,,,,
6503,0.0,-1068.744141,-786.611877,1667.834839,0.9973872589,-0.0654042252,-0.0306747945,,,,
6504,0.0,-1068.599487,-786.621277,1667.849365,0.9973872589,-0.0654042252,-0.0306747945,,,,
6505,0.0,-1068.285156,-786.641907,1667.880859,0.9973872589,-0.0654042252,-0.0306747945,,,,
6506,0.0,-1068.0354,-786.60376,1667.903564,0.9978355492,-0.0590849897,-0.0288648705,,,,
6507,0.0,-1067.778931,-786.563782,1667.927002,0.9982535684,-0.0525469381,-0.0269931945,,,,
6508,0.0,-1067.545044,-786.559265,1667.949585,0.9984592342,-0.0504929492,-0.0230134679,,,,
6509,0.0,-1067.348511,-786.608459,1667.970825,0.9983052931,-0.05501053,-0.0189837658,,,,
6510,0.0,-1067.158936,-786.665894,1667.991699,0.998043411,-0.0605267246,-0.0156800935,,,,
6511,0.0,-1066.692261,-786.863098,1668.042847,0.9967643575,-0.0801876005,-0.0055465581,,,,
6512,0.0,-1066.4482425,-786.935333,1668.0698245,0.9962307034,-0.0864264947,-0.0024156262,,,,
6513,0.0,-1065.942993,-787.036804,1668.125244,0.9956144254,-0.0935418994,0.0013524378,,,,
6514,0.0,-1065.649292,-787.066833,1668.154785,0.9955747744,-0.0939560572,0.001768611,,,,
6515,0.0,-1065.219238,-787.10675,1668.197876,0.9955604958,-0.0941043176,0.0019174699,,,,
6516,0.0,-1064.92627,-787.133911,1668.227295,0.9955604958,-0.0941043176,0.0019174699,,,,
6517,0.0,-1064.471924,-787.176025,1668.272705,0.9955604958,-0.0941043176,0.0019174699,,,,
6518,0.0,-1064.189453,-787.202393,1668.301025,0.9955604958,-0.0941043176,0.0019174699,,,,
6519,0.0,-1063.796875,-787.239075,1668.340088,0.9955604958,-0.0941043176,0.0019174699,,,,
6520,0.0,-1063.322388,-787.308655,1668.388794,0.9952829261,-0.0969959808,0.0019174699,,,,
6521,0.0,-1062.987915,-787.364197,1668.42334,0.9950128704,-0.0997281861,0.0019174699,,,,
6522,0.0,-1062.495605,-787.4552,1668.474487,0.9944968824,-0.1047486239,0.0019174699,,,,
6523,0.0,-1061.985718,-787.530701,1668.526489,0.9941982546,-0.1075460547,0.0019174699,,,,
6524,0.0,-1061.746094,-787.555481,1668.550537,0.9941974493,-0.1075534987,0.0019174699,,,,
6525,0.0,-1061.129395,-787.619873,1668.612061,0.9941974493,-0.1075534987,0.0019174699,,,,
6526,0.0,-1060.64978,-787.669922,1668.660034,0.9941974493,-0.1075534987,0.0019174699,,,,
6527,0.0,-1060.177002,-787.724792,1668.70752,0.9941321181,-0.1081556981,0.0019174699,,,,
6528,0.0,-1059.618896,-787.794678,1668.763916,0.9940043538,-0.1093236844,0.0019174699,,,,
6529,0.0,-1059.179932,-787.851807,1668.808228,0.9938763453,-0.110481372,0.0019174699,,,,
6530,0.0,-1058.515259,-787.939514,1668.875366,0.993676287,-0.1122664685,0.0019174699,,,,
6531,0.0,-1058.061401,-788.008728,1668.921753,0.9934206998,-0.1145060545,0.0019174699,,,,
6532,0.0,-1057.703125,-788.059448,1668.958008,0.9932766997,-0.1157485255,0.0019174699,,,,
6533,0.0,-1056.930542,-788.156494,1669.035645,0.9931405616,-0.116910856,0.0019174699,,,,
6534,0.0,-1056.409058,-788.217041,1669.088013,0.9931206157,-0.1170801687,0.0019174699,,,,
6535,0.0,-1055.682739,-788.300415,1669.160645,0.9931206157,-0.1170801687,0.0019174699,,,,
6536,0.0,-1055.072754,-788.370728,1669.22168,0.9931206157,-0.1170801687,0.0019174699,,,,
6537,0.0,-1054.470825,-788.440613,1669.281738,0.9931206157,-0.1170801687,0.0019174699,,,,
6538,0.0,-1053.878906,-788.509277,1669.340942,0.9931206157,-0.1170801687,0.0019174699,,,,
6539,0.0,-1053.322876,-788.574036,1669.396606,0.9931206157,-0.1170801687,0.0019174699,,,,
6540,0.0,-1052.603149,-788.661865,1669.46875,0.9930699358,-0.117509259,0.0019174699,,,,
6541,0.0,-1051.976685,-788.738403,1669.531616,0.9930238636,-0.1178979624,0.0019174699,,,,
6542,0.0,-1051.162354,-788.842407,1669.613403,0.9929057592,-0.1188885049,0.0019174699,,,,
6543,0.0,-1050.542969,-788.922607,1669.675537,0.9928041101,-0.1197343826,0.0019174699,,,,
6544,0.0,-1049.722046,-789.037231,1669.758545,0.9925584692,-0.1217538848,0.0019174699,,,,
6736,0.0,-973.683105,-442.249542,1677.701294,0.6696598692,0.7422811347,0.0239661547,,,,
6737,0.0,-973.446655,-442.490845,1677.701294,0.6696598692,0.7422811347,0.0239661547,,,,
6738,0.0,-973.307983,-442.639954,1677.701294,0.6696598692,0.7422811347,0.0239661547,,,,
6739,0.0,-973.092041,-442.884644,1677.701294,0.6696598692,0.7422811347,0.0239661547,,,,
6740,0.0,-971.498108,-440.803589,1677.701294,0.6707228009,0.7413359881,0.0234920648,,,,
6779,0.0,-1005.907654,-323.247528,1677.701294,0.9957694449,0.0811358754,0.0431298299,0.0146387551,349.1910994179,2048.2894280074,5.0
6780,0.0,-1005.841309,-323.561005,1677.701294,0.9957694449,0.0811358754,0.0431298299,0.0149473435,352.729316228,2047.7339608646,5.0
6781,0.0,-1005.796082,-323.808563,1677.701294,0.9957694449,0.0811358754,0.0431298299,0.0151951487,355.5346007993,2047.2481561329,5.0
6782,0.0,-1005.743286,-324.155151,1677.701294,0.9957694449,0.0811358754,0.0431298299,0.0155458714,359.4741035929,2046.6309695307,5.0
6783,0.0,-1005.714417,-324.389374,1677.701294,0.9957694449,0.0811358754,0.0431298299,0.0157842833,362.1388207571,2046.2948301699,5.0
6784,0.0,-1007.023254,-322.803467,1677.701294,0.985199738,0.1663437113,0.0413672091,0.0046444022,197.0304339878,2046.7191443124,5.0
6785,0.0,-1009.250732,-319.981812,1677.701294,0.9542956303,0.2964812132,0.0376661666,0.0018470127,124.3899076955,2047.5562392834,5.0
6786,0.0,-1012.020264,-316.116974,1677.701294,0.9119280885,0.4089670494,0.0336617565,0.0146407376,349.2576528777,2048.5421238704,5.0
6787,0.0,-1013.880005,-313.438507,1677.701294,0.8961464496,0.4424883844,0.0335495255,0.0215178042,422.7988831679,2049.1265614232,5.0
6788,0.0,-1016.153503,-310.184875,1677.701294,0.8808962945,0.4721187856,0.0335495255,0.028953161,489.7163312257,2049.9729119054,5.0
6789,0.0,-1018.247009,-307.177826,1677.701294,0.8722353487,0.4879343459,0.0335495255,0.0334368242,525.8224362926,2050.5607992437,5.0
6790,0.0,-1020.0979,-304.481567,1677.701294,0.8682174617,0.4950483497,0.0335495255,0.0355667134,542.1042660109,2050.8897528766,5.0
6791,0.0,-1021.647766,-302.205811,1677.701294,0.8673209677,0.4966173258,0.0335495255,0.0360131624,545.4396076134,2050.9107217212,5.0
6792,0.0,-1024.50647,-297.932434,1677.701294,0.8673209677,0.4966173258,0.0335495255,0.036131793,546.3936561011,2051.1844797608,5.0
6793,0.0,-1025.563843,-296.336029,1677.701294,0.8676655496,0.4959907368,0.0339069748,0.03604724,545.7858950441,2051.2603263862,5.0
6794,0.0,-1027.715942,-293.062958,1677.701294,0.8685456899,0.4944063129,0.0345077144,0.0356011203,542.362434812,2050.8926590171,5.0
6795,0.0,-1030.08667,-289.048523,1677.701294,0.868717398,0.4941045436,0.0345077144,0.0356298786,542.3436331989,2050.008752344,5.0
6796,0.0,-1030.480957,-288.294312,1677.701294,0.868717398,0.4941045436,0.0345077144,0.0355873068,541.9723292027,2049.808015108,5.0
6797,0.0,-1032.452759,-283.855164,1677.701294,0.868717398,0.4941045436,0.0345077144,0.0357465013,542.7679216198,2048.3239073958,5.0
6798,0.0,-1033.709473,-280.709167,1677.701294,0.868717398,0.4941045436,0.0345077144,0.0358918766,543.4946832486,2046.9843433883,5.0
6817,0.0,-1035.92981,-213.477188,1677.704468,0.6701634798,0.7419873073,0.0183233783,,,,
6818,0.0,-1035.765503,-209.365448,1677.703979,0.6566987828,0.7539519346,0.0174123223,,,,
6819,0.0,-1035.611572,-205.338242,1677.703247,0.6427940512,0.7658615623,0.0164886348,,,,
6820,0.0,-1035.488159,-201.922043,1677.702515,0.6302652198,0.7762217363,0.015670635,,,,
6821,0.0,-1035.362915,-198.124451,1677.701538,0.6152719823,0.7881776708,0.014708738,,,,
6942,0.0,-949.3125,179.561234,1677.701294,-0.9943686193,0.1054506164,0.0105459216,,,,
6943,0.0,-949.420898,179.572723,1677.701294,-0.9943686193,0.1054506164,0.0105459216,,,,
6944,0.0,-950.185425,180.879425,1677.701294,-0.9943686193,0.1054506164,0.0105459216,,,,
6945,0.0,-950.311951,186.202728,1677.701294,-0.9943686193,0.1054506164,0.0105459216,,,,
6946,0.0,-950.112183,189.493774,1677.701294,-0.9943686193,0.1054506164,0.0105459216,,,,
6947,0.0,-949.859924,192.503891,1677.701294,-0.9943686193,0.1054506164,0.0105459216,,,,
6948,0.0,-949.483398,196.959061,1677.701294,-0.9943686193,0.1054506164,0.0105459216,,,,
6949,0.0,-949.384033,198.146545,1677.701294,-0.9943686193,0.1054506164,0.0105459216,,,,
6950,0.0,-948.977905,203.026703,1677.701294,-0.9943686193,0.1054506164,0.0105459216,,,,
6951,0.0,-948.724548,206.319031,1677.701294,-0.9943686193,0.1054506164,0.0105459216,,,,
6952,0.0,-948.352539,210.774994,1677.701294,-0.9943686193,0.1054506164,0.0105459216,,,,
6953,0.0,-948.083069,214.089874,1677.701294,-0.9943686193,0.1054506164,0.0105459216,,,,
6954,0.0,-947.835693,217.26947,1677.701294,-0.9942966091,0.1061274545,0.0105459216,,,,
6955,0.0,-947.499084,221.637619,1677.701294,-0.9940707241,0.1082228213,0.0105459216,,,,
6956,0.0,-947.400635,223.353012,1677.701294,-0.994061208,0.1083101945,0.0105459216,,,,
6957,0.0,-947.159668,226.397568,1677.701294,-0.994061208,0.1083101945,0.0105459216,,,,
6958,0.0,-946.723022,231.562729,1677.701294,-0.994061208,0.1083101945,0.0105459216,,,,
6959,0.0,-946.399109,235.470963,1677.701294,-0.994061208,0.1083101945,0.0105459216,,,,
6960,0.0,-946.05304,239.495758,1677.701294,-0.994061208,0.1083101945,0.0105459216,,,,
6961,0.0,-945.875061,242.121048,1677.701294,-0.994061208,0.1083101945,0.0105459216,,,,
6962,0.0,-945.570618,246.041687,1677.701294,-0.994061208,0.1083101945,0.0105459216,,,,
6963,0.0,-945.352905,248.845901,1677.701294,-0.994061208,0.1083101945,0.0105459216,,,,
6964,0.0,-945.093689,252.181396,1677.701294,-0.994061208,0.1083101945,0.0105459216,,,,
6965,0.0,-944.747864,256.667847,1677.701294,-0.994061208,0.1083101945,0.0105459216,,,,
6966,0.0,-944.263916,262.976532,1677.701294,-0.994061208,0.1083101945,0.0105459216,,,,
6967,0.0,-944.099518,265.1326445,1677.701294,-0.994061208,0.1083101945,0.0105459216,,,,
6968,0.0,-943.848267,268.436249,1677.701416,-0.994061208,0.1083101945,0.0105459216,,,,
6969,0.0,-943.5495,272.608429,1677.701294,-0.994061208,0.1083101945,0.0105459216,,,,
6970,0.0,-943.248291,276.406403,1677.701294,-0.994061208,0.1083101945,0.0105459216,,,,
6971,0.0,-942.92334,280.506683,1677.701294,-0.9941235326,0.107671944,0.0111872399,,,,
6972,0.0,-942.698547,283.548096,1677.701294,-0.994216726,0.1067742748,0.0115046076,,,,
6973,0.0,-942.624176,285.898407,1677.701294,-0.9942856756,0.1061283058,0.0115046076,,,,
6974,0.0,-942.673584,291.121643,1677.701294,-0.9943581078,0.1054495017,0.0115046076,,,,
6975,0.0,-942.971985,294.367371,1677.701294,-0.9943581078,0.1054495017,0.0115046076,,,,
6976,0.0,-943.416504,297.489868,1677.701294,-0.9943581078,0.1054495017,0.0115046076,,,,
6977,0.0,-943.998596,300.549652,1677.701294,-0.9942316174,0.1066355244,0.0115046076,,,,
6978,0.0,-944.868103,304.081757,1677.701294,-0.993212026,0.1158108136,0.0108502023,,,,
6979,0.0,-945.958313,307.663147,1677.701294,-0.9894435211,0.1446298002,0.0091509303,,,,
6980,0.0,-947.049622,310.692993,1677.700195,-0.9772930917,0.211829775,0.0051341427,,,,
6981,0.0,-947.5118206667,312.087321,1677.700358,-0.9700745832,0.2394015633,0.0034400871,,,,
6982,0.0,-947.9740193333,313.481649,1677.700521,-0.9628560747,0.2669733515,0.0017460315,,,,
6983,0.0,-949.005615,316.769928,1677.701172,-0.9434683556,0.3314558389,-0.0021186885,,,,
6984,0.0,-949.005615,316.769928,1677.701172,-0.0817793616,0.9965840557,-0.0115046076,,,,
6985,0.0,-949.6025085,322.165268,1677.701172,-0.4129342418,0.8322987882,-0.0104776252,,,,
6986,0.0,-950.758728,330.9198,1677.701172,-0.6241945675,0.7811977517,-0.0105458343,,,,
6987,0.0,-952.931946,336.995514,1677.648315,-0.3083980091,0.9511878416,-0.0115046948,,,,
6988,0.0,-954.358215,341.868225,1677.641846,-0.0938071631,0.9955239114,-0.0115046948,,,,
6989,0.0,-955.028137,344.885315,1677.665894,0.0030488743,0.99993753,-0.0107536215,,,,
6990,0.0,-955.421692,347.679474,1677.766724,0.0819664213,0.9966167104,-0.0060529569,,,,
6991,0.0,-955.728699,351.435028,1677.914795,0.1483203383,0.9889391624,-0.0006405882,,,,
6992,0.0,-955.620422,355.505463,1678.110474,0.1863433494,0.9824717292,0.0050455335,,,,
6993,0.0,-954.332214,358.486389,1678.459961,0.1902285508,0.9817185892,0.0064583366,,,,
6994,0.0,-952.618774,362.588684,1678.960815,0.1904763484,0.9816688453,0.0067111071,,,,
6995,0.0,-952.716125,366.088989,1678.90979,0.1904763484,0.9816688453,0.0067111071,,,,
6996,0.0,-952.383179,369.138733,1679.102051,0.1904763484,0.9816688453,0.0067111071,,,,
6997,0.0,-952.35022,372.273407,1679.078369,0.1904763484,0.9816688453,0.0067111071,,,,
6998,0.0,-952.07373,376.742035,1679.164795,0.1904763484,0.9816688453,0.0067111071,,,,
6999,0.0,-951.634399,379.463379,1679.052368,0.1904763484,0.9816688453,0.0067111071,,,,
7000,0.0,-951.308655,383.021759,1678.858276,0.1904763484,0.9816688453,0.0067111071,,,,
7001,0.0,-950.948853,386.793701,1678.679077,0.1904763484,0.9816688453,0.0067111071,,,,
7002,0.0,-950.567566,391.272034,1678.654907,0.1904763484,0.9816688453,0.0067111071,,,,
7003,0.0,-950.31012,394.455994,1678.148193,0.1785378533,0.9838553793,-0.0123623409,,,,
7004,0.0,-950.016357,397.527435,1677.806396,0.1810057693,0.9832352965,-0.0220286888,,,,
7005,0.0,-949.578125,401.121552,1677.396118,0.2049006038,0.9784692992,-0.0247704078,,,,
7006,0.0,-948.486877,407.405243,1676.704346,0.3065715624,0.9515458461,-0.0239662245,,,,
7007,0.0,-947.727203,409.557617,1676.690918,0.3707256424,0.9258577059,-0.0239662245,,,,
7008,0.0,-946.967529,411.709991,1676.67749,0.4348797225,0.9001695657,-0.0239662245,,,,
7009,0.0,-945.11438,414.124176,1676.694702,0.5644031601,0.8250561597,-0.0270445234,,,,
7010,0.0,-941.289429,420.027161,1675.551514,0.8070086248,0.5897588854,-0.0303568214,,,,
7011,0.0,-940.0961,421.392029,1675.1445925,0.8599866951,0.498337232,-0.0303032993,,,,
7012,0.0,-937.295044,424.849579,1673.871216,0.964110251,0.2638217628,-0.0298245103,,,,
7013,0.0,-936.473877,425.850357,1673.716614,0.9809493118,0.1623135616,-0.0283386458,,,,
7014,0.0,-935.65271,426.851135,1673.562012,0.9977883725,0.0608053603,-0.0268527813,,,,
7015,0.0,-935.5401,430.259644,1675.381714,0.9877082786,-0.1549218094,-0.0207747302,,,,
7016,0.0,-935.274841,433.130066,1675.711548,0.9700778662,-0.2420318274,-0.0192231115,,,,
7017,0.0,-934.752686,436.088257,1676.262207,0.9565004584,-0.291145297,-0.0184740096,,,,
7018,0.0,-934.002991,439.808319,1676.425537,0.9406861096,-0.338810428,-0.0178083459,,,,
7019,0.0,-933.166931,443.585022,1676.599609,0.925654562,-0.3779746951,-0.017284723,,,,
7020,0.0,-932.474548,446.21405,1676.601196,0.9170951115,-0.3983516894,-0.0158898734,,,,
7021,0.0,-931.320007,450.445343,1676.504639,0.9025423507,-0.4303904619,-0.0134668327,,,,
7022,0.0,-930.549194,453.208069,1676.592896,0.8947846548,-0.446350242,-0.0114840315,,,,
7023,0.0,-929.416199,456.836395,1676.73999,0.8842302007,-0.4669673326,-0.0088579014,,,,
7024,0.0,-928.724854,459.810211,1677.127441,0.877780657,-0.4790286582,-0.0057151368,,,,
7025,0.0,-928.076782,462.971069,1677.04895,0.8750194819,-0.4839858728,0.0099288055,,,,
7026,0.0,-927.544373,466.601471,1677.570557,0.8736615158,-0.485807159,0.0265887201,,,,
7027,0.0,-927.161499,470.483612,1677.839966,0.8830617393,-0.4670179354,0.0457844133,,,,
7028,0.0,-926.850647,473.094818,1677.991699,0.8859310741,-0.4611594257,0.0495793921,,,,
7029,0.0,-926.289673,477.656982,1678.676636,0.8874366386,-0.4581321825,0.0507061711,,,,
7030,0.0,-926.021606,481.066711,1679.158569,0.8875499077,-0.457903276,0.0507912509,,,,
7031,0.0,-925.837769,484.294342,1679.662842,0.8875499077,-0.457903276,0.0507912509,,,,
7032,0.0,-925.81488,485.563416,1679.824341,0.8875499077,-0.457903276,0.0507912509,,,,
7033,0.0,-925.949768,490.186035,1680.9104,0.8875499077,-0.457903276,0.0507912509,,,,
7034,0.0,-926.138367,494.134949,1681.428711,0.8875499077,-0.457903276,0.0507912509,,,,
7035,0.0,-926.387146,497.085022,1682.041016,0.8875499077,-0.457903276,0.0507912509,,,,
7036,0.0,-926.726318,500.92395,1682.580566,0.8875499077,-0.457903276,0.0507912509,,,,
7037,0.0,-926.947266,504.070526,1682.79187,0.8902015562,-0.4530689308,0.0476417175,,,,
7038,0.0,-927.675598,506.816589,1683.748657,0.8910182713,-0.4529719322,0.0300477774,,,,
7039,0.0,-928.640747,510.551422,1684.47229,0.8437328198,-0.5364490965,0.0183656082,,,,
7040,0.0,-929.269409,512.401123,1684.707031,0.7635045758,-0.6452967106,0.0255522597,,,,
7041,0.0,-930.524231,515.497803,1685.553345,0.617442511,-0.7857561317,0.0367701947,,,,
7042,0.0,-930.933411,516.639832,1685.71521,0.5832741561,-0.8112899292,0.0399988704,,,,
7043,0.0,-933.129211,520.458374,1686.485474,0.3466694946,-0.9360287441,0.0605842528,,,,
7044,0.0,-934.095581,524.414856,1686.697144,0.2161205561,-0.9742011794,0.0649920556,,,,
7045,0.0,-934.279907,527.633057,1687.303589,0.1420980941,-0.9877063681,0.0651480012,,,,
7046,0.0,-934.42804,531.345581,1687.395386,0.0957619122,-0.9933676911,0.0636418604,,,,
7047,0.0,-934.356934,535.693848,1687.505859,0.0749814609,-0.9952956451,0.0613543752,,,,
7103,0.0,-958.310852,763.029785,1714.390137,0.359978608,0.932676819,-0.0230076749,,,,
7104,0.0,-958.264099,763.15094,1714.381226,0.359978608,0.932676819,-0.0230076749,,,,
7105,0.0,-958.231079,763.236511,1714.391235,0.359978608,0.932676819,-0.0230076749,,,,
7106,0.0,-958.194031,763.332275,1714.390991,0.359978608,0.932676819,-0.0230076749,,,,
7107,0.0,-958.158264,763.425049,1714.390503,0.359978608,0.932676819,-0.0230076749,,,,
7108,0.0,-958.759766,766.54425,1714.757446,0.359978608,0.932676819,-0.0230076749,,,,
7109,0.0,-959.358459,770.398743,1715.190552,0.359978608,0.932676819,-0.0230076749,,,,
7110,0.0,-959.64032,773.144348,1715.468872,0.359978608,0.932676819,-0.0230076749,,,,
7111,0.0,-960.167786,776.923645,1715.817383,0.361455184,0.9321246888,-0.0222196858,,,,
7112,0.0,-960.967529,779.974915,1716.098267,0.3617741579,0.9320049849,-0.0220491915,,,,
7113,0.0,-962.190552,783.865662,1716.474121,0.3617741579,0.9320049849,-0.0220491915,,,,
7114,0.0,-962.917786,787.471436,1716.836304,0.3617741579,0.9320049849,-0.0220491915,,,,
7115,0.0,-964.068542,790.458313,1717.147949,0.3617741579,0.9320049849,-0.0220491915,,,,
7116,0.0,-965.448242,793.183167,1717.330078,0.3617741579,0.9320049849,-0.0220491915,,,,
7117,0.0,-967.722595,797.173645,1717.569092,0.3617741579,0.9320049849,-0.0220491915,,,,
7118,0.0,-969.013489,799.834167,1717.837891,0.3617741579,0.9320049849,-0.0220491915,,,,
7119,0.0,-970.213257,803.085022,1718.170776,0.3617741579,0.9320049849,-0.0220491915,,,,
7120,0.0,-971.658142,806.901978,1718.63916,0.3617741579,0.9320049849,-0.0220491915,,,,
7121,0.0,-972.478027,809.727417,1718.819824,0.3617741579,0.9320049849,-0.0220491915,,,,
7122,0.0,-973.463379,813.522705,1719.03125,0.3617741579,0.9320049849,-0.0220491915,,,,
7123,0.0,-974.070312,816.970947,1719.009766,0.3617741579,0.9320049849,-0.0220491915,,,,
7124,0.0,-974.503723,820.108032,1719.135742,0.3617741579,0.9320049849,-0.0220491915,,,,
7125,0.0,-974.747864,823.287048,1719.172607,0.3617741579,0.9320049849,-0.0220491915,,,,
7126,0.0,-974.977417,827.203003,1719.405029,0.3617741579,0.9320049849,-0.0220491915,,,,
7127,0.0,-975.037476,830.389648,1719.598633,0.3617741579,0.9320049849,-0.0220491915,,,,
7128,0.0,-975.002808,837.185791,1720.23999,0.3617741579,0.9320049849,-0.0220491915,,,,
7129,0.0,-975.1354065,839.184662,1720.541443,0.3617741579,0.9320049849,-0.0220491915,,,,
7130,0.0,-975.268005,841.183533,1720.842896,0.3617741579,0.9320049849,-0.0220491915,,,,
7131,0.0,-975.630432,844.410156,1721.442627,0.3643853682,0.9309871798,-0.022049366,,,,
7132,0.0,-975.971191,847.126404,1721.900879,0.3673383058,0.9298260023,-0.022049366,,,,
7133,0.0,-976.497986,851.061401,1722.645142,0.3723949561,0.9277894896,-0.0229925993,,,,
7134,0.0,-977.373047,856.70343,1723.779541,0.385090723,0.9225508476,-0.024598144,,,,
7135,0.0,-978.004578,860.696594,1724.658813,0.4008273858,0.9158144781,-0.0249248567,,,,
7136,0.0,-978.517456,863.741089,1724.835083,0.4241913947,0.905217514,-0.0253557295,,,,
7137,0.0,-978.9157715,865.813141,1725.298706,0.4360173437,0.8994779005,-0.0256032233,,,,
7138,0.0,-980.044739,870.904785,1726.280396,0.4852796551,0.873975816,-0.0258829949,,,,
7139,0.0,-980.649536,873.763672,1726.508057,0.5333604283,0.8454920012,-0.0258829949,,,,
7140,0.0,-981.414917,877.625977,1727.070679,0.5811495065,0.8133851005,-0.0258829949,,,,
7141,0.0,-982.028748,881.204346,1727.432251,0.647754869,0.7613954463,-0.0262793464,,,,
7142,0.0,-982.544373,884.855774,1727.677246,0.7189738556,0.6945197285,-0.0268130894,,,,
7143,0.0,-982.919189,887.933228,1727.162231,0.7574518897,0.6523666807,-0.0261600593,,,,
7144,0.0,-983.235779,891.336121,1727.133667,0.799499667,0.6001687454,-0.0244491202,,,,
7145,0.0,-983.445312,894.771912,1727.391235,0.8260213667,0.5631648781,-0.023108912,,,,
7146,0.0,-983.671692,898.956238,1727.353516,0.8453018366,0.5338314983,-0.022107384,,,,
7147,0.0,-983.690186,901.727234,1727.537842,0.8497052314,0.526822544,-0.0214249126,,,,
7148,0.0,-983.61853,905.314331,1727.823853,0.8526234903,0.5220999592,-0.0210906703,,,,
7149,0.0,-983.530701,909.025146,1728.214966,0.852970947,0.5215321151,-0.0210906703,,,,
7150,0.0,-983.310852,912.465637,1728.545288,0.852970947,0.5215321151,-0.0210906703,,,,
7151,0.0,-982.970703,916.369446,1729.081543,0.852970947,0.5215321151,-0.0210906703,,,,
7152,0.0,-982.641113,919.03418,1729.567261,0.852970947,0.5215321151,-0.0210906703,,,,
7153,0.0,-982.217651,922.465637,1730.160645,0.852970947,0.5215321151,-0.0210906703,,,,
7154,0.0,-981.29364,926.134705,1731.535889,0.852970947,0.5215321151,-0.0210906703,,,,
7155,0.0,-980.919922,928.427429,1731.983032,0.852970947,0.5215321151,-0.0210906703,,,,
7156,0.0,-980.346252,931.68158,1732.707886,0.852970947,0.5215321151,-0.0210906703,,,,
7157,0.0,-979.781494,935.830383,1733.367188,0.852970947,0.5215321151,-0.0210906703,,,,
7158,0.0,-978.94043,939.371277,1733.809814,0.852970947,0.5215321151,-0.0210906703,,,,
7159,0.0,-978.406189,942.092407,1734.037842,0.852970947,0.5215321151,-0.0210906703,,,,
7160,0.0,-977.729431,945.652527,1734.393433,0.852970947,0.5215321151,-0.0210906703,,,,
7161,0.0,-977.039185,949.080566,1734.674072,0.852970947,0.5215321151,-0.0210906703,,,,
7162,0.0,-976.518372,951.912231,1735.096069,0.852970947,0.5215321151,-0.0210906703,,,,
7163,0.0,-975.69397,955.586487,1735.194824,0.852970947,0.5215321151,-0.0210906703,,,,
7164,0.0,-975.158081,957.894531,1734.935547,0.852970947,0.5215321151,-0.0210906703,,,,
7165,0.0,-974.460388,961.684204,1735.072754,0.852970947,0.5215321151,-0.0210906703,,,,
7166,0.0,-973.738892,965.60376,1735.514526,0.852970947,0.5215321151,-0.0210906703,,,,
7167,0.0,-973.311646,967.837341,1735.519165,0.852970947,0.5215321151,-0.0210906703,,,,
7168,0.0,-972.441101,972.391174,1735.856323,0.852970947,0.5215321151,-0.0210906703,,,,
7169,0.0,-972.285278,973.847717,1735.793091,0.852970947,0.5215321151,-0.0210906703,,,,
7170,0.0,-971.410278,978.683716,1736.358398,0.852970947,0.5215321151,-0.0210906703,,,,
7171,0.0,-970.210754,985.037048,1737.222168,0.852970947,0.5215321151,-0.0210906703,,,,
7172,0.0,-969.414612,988.901794,1737.983154,0.852970947,0.5215321151,-0.0210906703,,,,
7173,0.0,-969.0385745,990.6604915,1738.333618,0.8531876459,0.5211933434,-0.020688554,,,,
7174,0.0,-968.662537,992.419189,1738.684082,0.8534043447,0.5208545718,-0.0202864377,,,,
7175,0.0,-967.936646,995.798035,1739.389771,0.8537486442,0.5203473418,-0.0187589027,,,,
7176,0.0,-966.401062,1002.656433,1741.346191,0.8540322071,0.5199338465,-0.0172564355,,,,
7177,0.0,-965.783569,1005.460388,1741.749268,0.8540410141,0.5199391264,-0.0166508584,,,,
7178,0.0,-964.99231,1009.031128,1742.461914,0.8544596034,0.5192743156,-0.0159050733,,,,
7179,0.0,-964.264465,1012.355286,1743.239868,0.854890658,0.5185767723,-0.0154949715,,,,
7180,0.0,-963.348511,1016.361145,1743.655884,0.8554452184,0.5176660998,-0.0153390798,,,,
7181,0.0,-963.115479,1019.407349,1744.106079,0.8570926832,0.5149583644,-0.014491904,,,,
7182,0.0,-963.062988,1022.800049,1744.392456,0.8585620337,0.5125271545,-0.0136802842,,,,
7183,0.0,-963.272095,1026.94104,1744.740356,0.8616997864,0.5072631836,-0.0125515199,,,,
7184,0.0,-963.904114,1030.043945,1744.423218,0.8644238584,0.5026416165,-0.0110814446,,,,
7185,0.0,-964.456482,1034.16394,1744.692505,0.869395798,0.494021921,-0.0096585717,,,,
7186,0.0,-964.923096,1036.977905,1744.921387,0.8718509234,0.4896910972,-0.0088654758,,,,
7187,0.0,-965.580322,1040.523804,1745.338013,0.8752705602,0.4835647054,-0.0081622383,,,,
7188,0.0,-965.748901,1041.724487,1745.483032,0.8761529904,0.4819665718,-0.008010068,,,,
7189,0.0,-966.817383,1046.661743,1746.282471,0.8811241166,0.4728287522,-0.0072980993,,,,
7190,0.0,-967.96405,1050.623047,1746.835938,0.8856656568,0.4642747792,-0.0067285775,,,,
7191,0.0,-968.027466,1051.236572,1747.241577,0.887285952,0.4611708993,-0.0067112642,,,,
7192,0.0,-969.09967,1055.568848,1748.180908,0.8950307934,0.4459538516,-0.0067112642,,,,
7193,0.0,-969.381958,1059.529785,1748.643311,0.90383517,0.4278281717,-0.0067112642,,,,
7511,0.0,-1019.43811,1060.651489,1750.484131,0.922796447,-0.3833754714,0.0383401269,,,,
7512,0.0,-1019.508362,1060.389282,1750.484131,0.922796447,-0.3833754714,0.0383401269,,,,
7513,0.0,-1019.575562,1060.161377,1750.484131,0.922796447,-0.3833754714,0.0383401269,,,,
7514,0.0,-1019.687073,1059.820068,1750.484131,0.922796447,-0.3833754714,0.0383401269,,,,
7515,0.0,-1019.085144,1056.609619,1750.109985,0.8449438606,-0.5323790362,0.0514046125,,,,
7516,0.0,-1018.659424,1052.648682,1749.704102,0.7655949715,-0.640317137,0.062115246,,,,
7517,0.0,-1018.866333,1047.795288,1749.304077,0.6873014445,-0.7226835688,0.0731107641,,,,
7518,0.0,-1019.235901,1043.809082,1748.956299,0.6236037384,-0.7773892354,0.082367191,,,,
7519,0.0,-1019.334351,1039.164307,1748.479248,0.5575135677,-0.8251018687,0.0915725291,,,,
7520,0.0,-1019.47229,1034.926147,1748.027222,0.5121795333,-0.8532905127,0.0978132233,,,,
7521,0.0,-1019.740723,1030.815918,1747.582031,0.4708419894,-0.876137984,0.103392717,,,,
7522,0.0,-1019.808655,1027.704224,1747.223267,0.4628083094,-0.8804008786,0.1034541529,,,,
7523,0.0,-1019.964233,1023.818359,1746.771118,0.4579903163,-0.8829168205,0.1034541356,,,,
7524,0.0,-1020.174011,1020.4422,1746.375488,0.457728946,-0.8830523506,0.1034541356,,,,
7525,0.0,-1020.43689,1016.579773,1745.920898,0.457728946,-0.8830523506,0.1034541356,,,,
7526,0.0,-1020.729736,1013.432922,1745.551025,0.457728946,-0.8830523506,0.1034541356,,,,
7527,0.0,-1021.191895,1009.579529,1745.0979,0.457728946,-0.8830523506,0.1034541356,,,,
7528,0.0,-1021.471008,1005.774414,1744.651978,0.4560514163,-0.8839198762,0.1034541356,,,,
7529,0.0,-1021.595215,1002.637634,1744.284302,0.4545460688,-0.8846949266,0.1034541356,,,,
7530,0.0,-1021.639099,999.182678,1743.881104,0.4501092966,-0.886960461,0.1034541529,,,,
7531,0.0,-1021.574463,995.259399,1743.426758,0.4401716129,-0.8919339602,0.1034541529,,,,
7532,0.0,-1021.429993,992.001526,1743.049683,0.4307218817,-0.8964387164,0.104289445,,,,
7533,0.0,-1021.237061,988.778564,1742.679321,0.4195661017,-0.9016496757,0.1048434479,,,,
7534,0.0,-1020.91626,985.295044,1742.274902,0.4101976686,-0.9059024556,0.1052549931,,,,
7535,0.0,-1020.553467,981.328857,1741.817993,0.3938514808,-0.913018171,0.106201838,,,,
7536,0.0,-1020.171387,978.088135,1741.444336,0.3793554867,-0.9190348965,0.1070713489,,,,
7537,0.0,-1019.607117,973.932312,1740.962524,0.3640327295,-0.9250810004,0.1081911019,,,,
7538,0.0,-1019.111389,970.451721,1740.559448,0.3483603562,-0.9310925286,0.1082209106,,,,
7539,0.0,-1018.561523,967.28009,1740.188721,0.339919734,-0.9342070502,0.1082208932,,,,
7540,0.0,-1017.884888,963.643799,1739.762939,0.3313584209,-0.9372778858,0.1082208932,,,,
7541,0.0,-1017.204224,960.420227,1739.383057,0.3292939505,-0.9380051858,0.1082209106,,,,
7542,0.0,-1016.464539,957.165039,1738.998291,0.3281765909,-0.9383966983,0.1082208932,,,,
7543,0.0,-1015.561035,953.257141,1738.536621,0.3279022921,-0.9384925793,0.1082209106,,,,
7544,0.0,-1014.80481,950.073792,1738.160278,0.327131628,-0.9387614906,0.1082208932,,,,
7545,0.0,-1014.183716,947.439209,1737.849609,0.3259736886,-0.9392064911,0.10785324,,,,
7546,0.0,-1013.121643,943.203979,1737.347778,0.3245054409,-0.9397748474,0.1073287244,,,,
7547,0.0,-1012.302246,939.950256,1736.962646,0.322940333,-0.9404061757,0.106516506,,,,
7548,0.0,-1011.480652,936.643311,1736.571777,0.3221469141,-0.9407011193,0.1063144859,,,,
7549,0.0,-1010.495667,932.883606,1736.126099,0.3217064571,-0.9408518404,0.1063144859,,,,
7550,0.0,-1008.940491,926.863953,1735.41333,0.3209375531,-0.9411584389,0.1059239348,,,,
7551,0.0,-1007.988159,923.346375,1734.995728,0.3201282,-0.9414829107,0.1054886934,,,,
7552,0.0,-1007.021973,919.773682,1734.571533,0.3192672226,-0.9418657098,0.1046777208,,,,
7553,0.0,-1006.06781,916.21875,1734.149658,0.3190204649,-0.9419792873,0.1044076877,,,,
7554,0.0,-1005.660034,914.548767,1733.951416,0.3190204649,-0.9419792873,0.1044076877,,,,
7555,0.0,-1004.563904,910.032959,1733.414673,0.3190204649,-0.9419792873,0.1044076877,,,,
7556,0.0,-1003.852356,906.238586,1732.963623,0.3190204649,-0.9419792873,0.1044076877,,,,
7557,0.0,-1003.499878,902.35199,1732.500977,0.3190204649,-0.9419792873,0.1044076877,,,,
7558,0.0,-1003.326965,899.637695,1732.177856,0.3190204649,-0.9419792873,0.1044076877,,,,
7559,0.0,-1003.344116,896.07428,1731.753296,0.3190204649,-0.9419792873,0.1044076877,,,,
7560,0.0,-1003.48175,892.636414,1731.343628,0.3190204649,-0.9419792873,0.1044076877,,,,
7561,0.0,-1003.776917,889.024902,1730.912964,0.319049994,-0.9420661,0.1035305003,,,,
7562,0.0,-1003.957336,886.968994,1730.66394,0.3203230838,-0.9417145812,0.1027947937,,,,
7563,0.0,-1004.414246,882.591797,1730.134399,0.3224933146,-0.9410960151,0.1016678535,,,,
7564,0.0,-1004.919434,878.952576,1729.692749,0.3253938046,-0.940210115,0.1006171532,,,,
7565,0.0,-1005.292542,876.813904,1729.432007,0.327578743,-0.9395323931,0.0998551425,,,,
7566,0.0,-1006.098267,872.570923,1728.917358,0.330706172,-0.9385516747,0.098763261,,,,
7567,0.0,-1006.634827,870.046448,1728.61084,0.3318635638,-0.9381855378,0.0983588919,,,,
7568,0.0,-1007.545959,866.36676,1728.163818,0.3333892417,-0.9377002672,0.0978254688,,,,
7569,0.0,-1008.32782,863.312256,1727.793091,0.3342627614,-0.9374634043,0.097112162,,,,
7570,0.0,-1009.173035,860.380615,1727.434937,0.3356507032,-0.9370776242,0.0960423429,,,,
7571,0.0,-1010.420898,856.148804,1726.921143,0.3372226622,-0.9366240714,0.0949538047,,,,
7572,0.0,-1011.269531,853.407104,1726.588013,0.3379447116,-0.9363724808,0.0948680616,,,,
7573,0.0,-1012.388062,850.026184,1726.175659,0.3389599213,-0.9360797071,0.0941326395,,,,
7574,0.0,-1013.717957,846.133423,1725.701416,0.3400633691,-0.9357929335,0.0929972615,,,,
7575,0.0,-1014.065552,845.135376,1725.579834,0.3403388324,-0.9356965825,0.092959048,,,,
7576,0.0,-1015.56897,840.996643,1725.073853,0.3413172637,-0.9353727666,0.0926299784,,,,
7577,0.0,-1017.054565,837.001221,1724.587891,0.3418238159,-0.9352392882,0.0921083748,,,,
7578,0.0,-1018.520813,833.163757,1724.119507,0.3427845011,-0.9348978397,0.0920044299,,,,
7579,0.0,-1019.528687,830.591003,1723.805542,0.3435261249,-0.9346967969,0.0912781434,,,,
7580,0.0,-1020.794373,827.434387,1723.418213,0.3449659739,-0.9342707755,0.0902030759,,,,
7581,0.0,-1021.977234,824.492004,1723.058838,0.3460654355,-0.9339376222,0.0894384263,,,,
7582,0.0,-1023.458374,820.865112,1722.615234,0.3471944726,-0.9336157574,0.0884172817,,,,
7583,0.0,-1024.895996,817.248291,1722.182129,0.3490783636,-0.9330169174,0.0873139622,,,,
7584,0.0,-1025.905884,814.718567,1721.880005,0.3504899825,-0.9325566916,0.0865724503,,,,
7585,0.0,-1027.169556,811.577454,1721.504761,0.3524933362,-0.9318640961,0.0858938553,,,,
7586,0.0,-1028.704346,807.80127,1721.053711,0.3543379907,-0.9312092373,0.085404594,,,,
7587,0.0,-1030.102661,804.381348,1720.645264,0.3561972839,-0.9305813887,0.0845090165,,,,
7588,0.0,-1031.463013,801.038696,1720.246216,0.3597018643,-0.9293230336,0.0835060953,,,,
7589,0.0,-1032.869751,797.590637,1719.834351,0.3635194743,-0.9279272532,0.0824900268,,,,
7590,0.0,-1034.226685,794.274109,1719.43811,0.3671888758,-0.926567916,0.0815121246,,,,
7591,0.0,-1035.558228,791.046814,1719.052734,0.3698835524,-0.9255788474,0.0805602563,,,,
7592,0.0,-1037.552246,786.130493,1718.465454,0.3776487763,-0.9226593674,0.0779813663,,,,
7593,0.0,-1039.159058,782.217773,1717.997925,0.3815328982,-0.9211508258,0.0769012591,,,,
7594,0.0,-1039.922852,780.341644,1717.773743,0.3839057548,-0.9202058938,0.0763588022,,,,
7595,0.0,-1041.572266,776.294861,1717.290039,0.3884893924,-0.9183946293,0.0750153103,,,,
7596,0.0,-1043.41333,771.815857,1716.755005,0.3912395597,-0.9173221773,0.0738351546,,,,
7597,0.0,-1044.414795,768.998169,1716.417847,0.3927222903,-0.9167503916,0.0730610856,,,,
7598,0.0,-1045.435181,765.378723,1715.984741,0.3939901198,-0.9162270453,0.0727996353,,,,
7599,0.0,-1045.896606,763.307312,1715.737061,0.3946840072,-0.9159536437,0.0724807357,,,,
7600,0.0,-1046.606079,759.350708,1715.263672,0.3956374949,-0.9155825292,0.0719694712,,,,
7601,0.0,-1047.115601,755.50354,1715.051025,0.3958723671,-0.9154909036,0.0718434016,,,,
7602,0.0,-1047.375122,751.832886,1715.143799,0.3958996473,-0.9155532898,0.0708917677,,,,
7603,0.0,-1047.4038493333,750.7541913333,1715.0522056667,0.395899606,-0.9155534281,0.0708902125,,,,
7604,0.0,-1047.4325766667,749.6754966667,1714.9606123333,0.3958995646,-0.9155535664,0.0708886572,,,,
7628,0.0,-1014.843445,676.548218,1705.559326,0.1304867982,-0.9888307725,0.0720201285,,,,
7629,0.0,-1012.716736,672.786621,1705.080444,0.1153429713,-0.9906914838,0.0722937268,,,,
7630,0.0,-1011.331116,670.320007,1704.765625,0.104921957,-0.9918355862,0.0724813971,,,,
7631,0.0,-1009.367065,666.793579,1704.314453,0.0890887772,-0.9933621477,0.0727656046,,,,
7632,0.0,-1004.921021,660.425598,1703.51355,0.0512744148,-0.9956843579,0.0773536929,,,,
7633,0.0,-1004.977173,663.524536,1703.916504,-0.007732425,-0.9964875935,0.0833827656,,,,
7634,0.0,-999.407654,660.6427,1703.561035,-0.0911938109,-0.991681206,0.0908409298,,,,
7635,0.0,-998.1183165,660.061371,1703.479553,-0.1201975088,-0.9879087604,0.0934171148,,,,
7636,0.0,-993.935547,658.31842,1700.316406,-0.1884614537,-0.9770225095,0.0995454487,,,,
7637,0.0,-991.185913,657.692322,1700.479614,-0.2188626608,-0.9703787576,0.1022946845,,,,
7638,0.0,-987.522827,656.791809,1700.449097,-0.2550626807,-0.9611868121,0.1051805168,,,,
7639,0.0,-984.948853,656.204285,1701.175537,-0.2746815117,-0.9557059871,0.1057172333,,,,
7640,0.0,-980.606689,654.905334,1701.456665,-0.3003383834,-0.9478962182,0.1062526,,,,
7641,0.0,-977.89032,654.094299,1701.549316,-0.3149445416,-0.943101352,0.1066291502,,,,
7642,0.0,-973.693542,652.783875,1701.612793,-0.3360725206,-0.9357151092,0.1072030569,,,,
7643,0.0,-970.577698,651.805664,1701.54895,-0.3524619997,-0.9296580926,0.1072677476,,,,
7644,0.0,-966.863403,650.548828,1701.375122,-0.3732931871,-0.9213958035,0.1080831617,,,,
7645,0.0,-964.337952,649.753662,1701.307861,-0.390733351,-0.9141201687,0.1082209106,,,,
7646,0.0,-960.094421,648.189209,1701.033203,-0.4101562994,-0.9055716673,0.1082209106,,,,
7647,0.0,-957.347229,647.097778,1700.29187,-0.423279808,-0.8995941564,0.1075386349,,,,
7648,0.0,-953.976135,645.773132,1699.817993,-0.4389642125,-0.8921621747,0.1065695744,,,,
7649,0.0,-952.5762025,645.213226,1699.699524,-0.4436481162,-0.8898846917,0.1060859308,,,,
7650,0.0,-951.17627,644.65332,1699.581055,-0.4483320198,-0.8876072087,0.1056022872,,,,
7769,0.0,-828.36322,483.975922,1681.800415,-0.7027296053,-0.7112703303,0.0162978262,,,,
7770,0.0,-828.245239,484.095306,1681.800415,-0.7027296053,-0.7112703303,0.0162978262,,,,
7771,0.0,-828.19519,484.146027,1681.800415,-0.7027296053,-0.7112703303,0.0162978262,,,,
7772,0.0,-828.103333,484.238953,1681.800415,-0.7027296053,-0.7112703303,0.0162978262,,,,
7773,0.0,-828.021545,484.321686,1680.802002,-0.7027296053,-0.7112703303,0.0162978262,,,,
7774,0.0,-828.609436,483.827057,1679.430664,-0.7027296053,-0.7112703303,0.0162978262,,,,
7775,0.0,-829.60199,482.990509,1677.614258,-0.7027296053,-0.7112703303,0.0162978262,,,,
7776,0.0,-830.204712,482.445312,1676.560181,-0.7012655891,-0.7127137956,0.0162978262,,,,
7777,0.0,-830.982727,481.573425,1674.805298,-0.6900436375,-0.7235432569,0.0180259186,,,,
7778,0.0,-831.226318,480.873383,1673.511475,-0.6598761603,-0.7510760086,0.0211726825,,,,
7883,0.0,-861.671204,389.959595,1660.451172,-0.6274032052,-0.7751937192,0.0737557846,,,,
7884,0.0,-860.788574,389.891541,1662.977783,-0.6274032052,-0.7751937192,0.0737557846,,,,
7885,0.0,-860.6321715,389.917725,1664.094299,-0.6274032052,-0.7751937192,0.0737557846,,,,
7886,0.0,-860.475769,389.943909,1665.210815,-0.6274032052,-0.7751937192,0.0737557846,,,,
7918,0.0,-800.892395,302.133636,1676.668213,0.6188744381,-0.7838547698,0.0506569813,,,,
7919,0.0,-799.1073,299.849182,1677.006348,0.6501097734,-0.7582009337,0.0498861377,,,,
7920,0.0,-796.635925,296.707001,1676.901489,0.6906185703,-0.7215651701,0.0488845127,,,,
7921,0.0,-794.925964,294.566956,1676.910278,0.7173176348,-0.6950754985,0.048223046,,,,
7976,0.0,-640.331238,183.917816,1707.063477,0.8636916788,-0.5039293295,-0.009587226,,,,
7977,0.0,-640.400513,183.817932,1707.204346,0.8636916788,-0.5039293295,-0.009587226,,,,
7978,0.0,-640.509399,183.832642,1707.319946,0.8636916788,-0.5039293295,-0.009587226,,,,
7979,0.0,-638.167175,182.973862,1708.321899,0.8656198648,-0.5005779503,-0.0111339757,,,,
7980,0.0,-635.168335,181.503433,1709.359131,0.8660799104,-0.4997731813,-0.0115046076,,,,
7981,0.0,-632.307495,179.467789,1709.929077,0.8660799104,-0.4997731813,-0.0115046076,,,,
7982,0.0,-629.840942,177.664154,1710.68103,0.8646871325,-0.5021571309,-0.0124249236,,,,
7983,0.0,-626.125977,176.070969,1711.612061,0.8632400754,-0.5046163429,-0.0133760488,,,,
7984,0.0,-623.147705,174.891602,1712.259277,0.8594085178,-0.5111133454,-0.013421912,,,,
8039,0.0,-459.688171,126.570724,1728.701294,0.1923989532,-0.979022689,0.0670612953,,,,
8040,0.0,-460.015747,126.467361,1728.701294,0.1923989532,-0.979022689,0.0670612953,,,,
8041,0.0,-460.259766,126.398117,1728.701294,0.1923989532,-0.979022689,0.0670612953,,,,
8042,0.0,-460.493927,126.337715,1728.701294,0.1923989532,-0.979022689,0.0670612953,,,,
8043,0.0,-460.830353,126.261131,1728.701294,0.1923989532,-0.979022689,0.0670612953,,,,
8044,0.0,-458.971802,123.838959,1728.701294,0.329215723,-0.942371032,0.0596141405,,,,
8045,0.0,-457.062653,121.353104,1728.701294,0.4628013996,-0.8849383263,0.0519521227,,,,
8046,0.0,-454.387543,119.074486,1728.701294,0.5464677767,-0.8360376705,0.0491322956,,,,
8047,0.0,-452.455719,116.752724,1728.701294,0.5868238067,-0.808285849,0.0480812456,,,,
8048,0.0,-451.036255,114.140625,1728.701294,0.5930132797,-0.8037655525,0.0479185418,,,,
8049,0.0,-449.638763,111.15181,1728.701294,0.5930132797,-0.8037655525,0.0479185418,,,,
8050,0.0,-448.249359,107.693459,1728.701294,0.5930132797,-0.8037655525,0.0479185418,,,,
8051,0.0,-447.48465,105.33786,1728.701294,0.5930132797,-0.8037655525,0.0479185418,,,,
8052,0.0,-446.505005,102.074951,1728.701294,0.5930132797,-0.8037655525,0.0479185418,,,,
8053,0.0,-445.581879,98.464928,1728.701294,0.5930132797,-0.8037655525,0.0479185418,,,,
8054,0.0,-445.003754,95.592842,1728.701294,0.5930132797,-0.8037655525,0.0479185418,,,,
8055,0.0,-443.99295,89.27668,1728.701294,0.5930132797,-0.8037655525,0.0479185418,,,,
8056,0.0,-443.77742,87.4556655,1728.701294,0.5930132797,-0.8037655525,0.0479185418,,,,
8057,0.0,-443.322144,83.09845,1728.701294,0.5939981538,-0.802728691,0.0528473446,,,,
8058,0.0,-442.744232,80.195343,1728.700562,0.6426904257,-0.763665039,0.061357354,,,,
8059,0.0,-442.155365,76.906174,1728.70105,0.6938242877,-0.7168406476,0.0689009697,,,,
8060,0.0,-441.532288,74.46978,1728.701172,0.788360983,-0.6107209506,0.0742083614,,,,
8061,0.0,-441.215759,72.260956,1728.701172,0.8656544311,-0.4949100437,0.0755410782,,,,
8062,0.0,-441.207214,70.181107,1728.701416,0.9336359526,-0.3503057872,0.0748983542,,,,
8063,0.0,-441.342041,67.269646,1728.701294,0.979501762,-0.1874205762,0.0738229358,,,,
8064,0.0,-440.207764,64.512833,1728.701294,0.9943520508,-0.0763156649,0.073755802,,,,
8065,0.0,-439.076569,62.017403,1728.700317,0.9970227865,0.0089555919,0.0765856422,,,,
8066,0.0,-437.695221,58.875244,1728.700928,0.9933324667,0.0832512943,0.0797485581,,,,
8067,0.0,-436.134705,55.560516,1728.701172,0.9865723731,0.1370816193,0.0887895392,,,,
8068,0.0,-434.567261,52.360306,1728.701294,0.9856658966,0.1426381719,0.0900949063,,,,
8069,0.0,-433.20105,49.810272,1728.701294,0.9856658966,0.1426381719,0.0900949063,,,,
8070,0.0,-431.448761,47.003075,1728.701294,0.9856658966,0.1426381719,0.0900949063,,,,
8071,0.0,-429.634277,44.276852,1728.701294,0.9856658966,0.1426381719,0.0900949063,,,,
8072,0.0,-427.31192,41.461895,1728.701294,0.9856658966,0.1426381719,0.0900949063,,,,
8073,0.0,-425.440735,39.622635,1728.701294,0.9856658966,0.1426381719,0.0900949063,,,,
8074,0.0,-423.005035,37.567261,1728.701294,0.9856658966,0.1426381719,0.0900949063,,,,
8075,0.0,-420.325867,35.662537,1728.701294,0.9856658966,0.1426381719,0.0900949063,,,,
8076,0.0,-418.118134,34.332214,1728.701294,0.9856658966,0.1426381719,0.0900949063,,,,
8077,0.0,-417.450012,33.943352,1728.701294,0.9856658966,0.1426381719,0.0900949063,,,,
8078,0.0,-412.928528,31.799349,1728.701294,0.9856658966,0.1426381719,0.0900949063,,,,
8079,0.0,-409.706757,30.44062,1728.701294,0.9849173102,0.1460790406,0.0927297465,,,,
8080,0.0,-407.219269,29.359541,1728.701294,0.9817588475,0.1644897922,0.0953555113,,,,
8081,0.0,-404.039734,28.102051,1728.701294,0.969404944,0.2230479258,0.1024874499,,,,
8082,0.0,-401.991669,27.3773,1728.700562,0.9584980645,0.2644641998,0.1064901279,,,,
8083,0.0,-398.548584,26.02869,1728.701172,0.9424174277,0.3153154198,0.1114700769,,,,
8084,0.0,-395.250641,24.816227,1728.701294,0.9207538162,0.3722634679,0.1167575285,,,,
8085,0.0,-392.869751,23.950827,1728.701172,0.9042770998,0.4095789917,0.1205320555,,,,
8086,0.0,-392.068115,23.653175,1728.701294,0.8988316158,0.4210578048,0.1217047713,,,,
8087,0.0,-386.187195,21.37187,1728.701294,0.8764770222,0.464844719,0.1253292336,,,,
8088,0.0,-383.470245,20.275156,1728.701294,0.8723870995,0.4724676164,0.1253598823,,,,
8089,0.0,-379.815338,18.850615,1728.701294,0.8689485104,0.4787623529,0.125359865,,,,
8090,0.0,-377.467896,17.966578,1728.701294,0.8676047995,0.4811931172,0.125359865,,,,
8091,0.0,-374.131714,16.740934,1728.701294,0.8664019217,0.4833555821,0.1253598477,,,,
8092,0.0,-367.24234,14.311939,1728.701294,0.8661610447,0.4837870905,0.125359865,,,,
8093,0.0,-365.417877,13.69083,1728.701294,0.8661610447,0.4837870905,0.125359865,,,,
8094,0.0,-363.593414,13.069721,1728.701294,0.8661610447,0.4837870905,0.125359865,,,,
8095,0.0,-359.85672,11.825869,1728.701294,0.8657018596,0.4846082898,0.125359865,,,,
8096,0.0,-353.407684,9.745235,1728.701294,0.8621530198,0.4908941628,0.1253598477,,,,
8097,0.0,-349.939148,8.657,1728.701294,0.8577386987,0.4990035276,0.1236115047,,,,
8098,0.0,-348.1703645,8.116847,1728.701294,0.855240232,0.5033809532,0.1230693436,,,,
8099,0.0,-343.469299,6.717731,1728.701294,0.8508478417,0.5111498316,0.1215886508,,,,
8100,0.0,-339.929382,5.667604,1728.701294,0.8491436021,0.5141808113,0.1207196598,,,,
8101,0.0,-338.224594,5.2670665,1728.701294,0.849028323,0.5143848204,0.120661116,,,,
8102,0.0,-335.614685,4.683735,1728.701294,0.8488480146,0.5146960966,0.1206025549,,,,
8103,0.0,-329.739258,4.056902,1728.701294,0.8484193038,0.5154024684,0.1206025722,,,,
8104,0.0,-327.448608,4.153043,1728.552856,0.8484193038,0.5154024684,0.1206025722,,,,
8105,0.0,-324.043182,4.511467,1728.173584,0.8484193038,0.5154024684,0.1206025722,,,,
8106,0.0,-321.261536,5.088005,1727.878906,0.8484193038,0.5154024684,0.1206025722,,,,
8107,0.0,-318.905273,5.891602,1727.624634,0.8484193038,0.5154024684,0.1206025722,,,,
8108,0.0,-316.407867,6.982212,1727.357056,0.8484193038,0.5154024684,0.1206025722,,,,
8109,0.0,-313.912415,8.467409,1727.087158,0.8458150281,0.5197723296,0.1201401829,,,,
8110,0.0,-311.542236,10.066762,1726.828735,0.8432386565,0.5240455028,0.1196865874,,,,
8111,0.0,-309.496033,11.926698,1726.592163,0.8310274572,0.543209958,0.1196507707,,,,
8112,0.0,-307.780151,13.948821,1726.37793,0.8094595718,0.5750517036,0.1187044221,,,,
8113,0.0,-306.531891,15.92291,1726.199097,0.7763578788,0.6191783161,0.1178416607,,,,
8114,0.0,-305.651367,18.066265,1726.027588,0.7156055641,0.6886447624,0.1169489968,,,,
8115,0.0,-304.984375,20.001364,1725.896484,0.6564085963,0.7456659373,0.1144991909,,,,
8116,0.0,-303.581268,23.213846,1725.725952,0.5909144178,0.7989866687,0.1115367837,,,,
8117,0.0,-302.626312,26.381958,1725.69812,0.5047885761,0.8566047441,0.1068494539,,,,
8118,0.0,-302.006348,29.144751,1725.701416,0.4364067588,0.8938165315,0.1031559444,,,,
8119,0.0,-301.51001,32.045784,1725.701416,0.3733460216,0.9224317344,0.0986531475,,,,
8120,0.0,-301.134583,35.107899,1725.701416,0.3218307175,0.941991204,0.0952762345,,,,
8121,0.0,-300.926544,37.752132,1725.701294,0.2900121781,0.9524550386,0.0933934473,,,,
8122,0.0,-300.802765,40.746712,1725.701294,0.2696745748,0.9585298059,0.0921750234,,,,
8123,0.0,-300.80011,43.497543,1725.701294,0.2611162397,0.9609128459,0.0920044125,,,,
8124,0.0,-300.899902,46.382645,1725.701294,0.2587969617,0.9615400759,0.0920044299,,,,
8125,0.0,-301.137054,49.449837,1725.701294,0.2585818598,0.9615979444,0.0920044299,,,,
8126,0.0,-301.506653,52.516232,1725.701294,0.2585818598,0.9615979444,0.0920044299,,,,
8127,0.0,-302.002808,55.522247,1725.701294,0.2585818598,0.9615979444,0.0920044299,,,,
8128,0.0,-302.625153,58.769802,1725.701294,0.2585818598,0.9615979444,0.0920044299,,,,
8129,0.0,-303.306549,61.760723,1725.701294,0.257042171,0.9620106586,0.0920044299,,,,
8130,0.0,-303.960083,64.237251,1725.719238,0.2549039663,0.9626157981,0.0916231047,,,,
8131,0.0,-304.920135,67.601662,1725.762085,0.2527010535,0.9632398771,0.0911653264,,,,
8132,0.0,-306.055878,71.271446,1725.872925,0.2496372328,0.9642135053,0.0892948389,,,,
8133,0.0,-307.030884,74.202171,1725.984009,0.2486579554,0.9646311258,0.0874986416,,,,
8134,0.0,-309.149841,80.092339,1726.224121,0.2477468548,0.9649646194,0.0863989538,,,,
8135,0.0,-309.851364,81.932953,1726.30365,0.2476881236,0.9649852435,0.0863369304,,,,
8136,0.0,-310.552887,83.773567,1726.383179,0.2476293923,0.9650058676,0.086274907,,,,
8137,0.0,-311.024261,86.855194,1726.246216,0.2476495603,0.965084462,0.0853327402,,,,
8138,0.0,-311.071411,93.256302,1725.337036,0.2476700556,0.9651643315,0.084364428,,,,
8139,0.0,-310.933594,96.174149,1724.701782,0.2484319752,0.9649684953,0.084364428,,,,
8140,0.0,-310.825958,98.629112,1724.178101,0.2485952705,0.9649264401,0.084364428,,,,
8141,0.0,-310.655457,102.759354,1723.287964,0.2485952705,0.9649264401,0.084364428,,,,
8142,0.0,-310.523499,105.900658,1722.604858,0.2485952705,0.9649264401,0.084364428,,,,
8143,0.0,-310.357361,108.508888,1722.006958,0.2485952705,0.9649264401,0.084364428,,,,
8144,0.0,-310.098938,112.000771,1721.174072,0.2485952705,0.9649264401,0.084364428,,,,
8145,0.0,-309.709351,114.999626,1720.530762,0.2485952705,0.9649264401,0.084364428,,,,
8146,0.0,-308.867004,118.660858,1719.879761,0.2485952705,0.9649264401,0.084364428,,,,
8147,0.0,-308.017548,121.538994,1719.334351,0.2485952705,0.9649264401,0.084364428,,,,
8148,0.0,-306.978546,124.171036,1718.835693,0.2485952705,0.9649264401,0.084364428,,,,
8149,0.0,-305.825043,126.896835,1718.319214,0.2485952705,0.9649264401,0.084364428,,,,
8150,0.0,-304.466553,129.442093,1717.837402,0.2485952705,0.9649264401,0.084364428,,,,
8151,0.0,-302.833801,132.700455,1717.219604,0.248612877,0.9649942222,0.0835331577,,,,
8152,0.0,-301.669006,135.152313,1716.75647,0.24944635,0.9648968441,0.0821620272,,,,
8153,0.0,-300.31076,138.09523,1716.195679,0.2502906291,0.9647853547,0.0808938831,,,,
8154,0.0,-298.753723,141.523239,1715.52478,0.2539759921,0.9640677251,0.0779077461,,,,
8155,0.0,-297.477783,144.419113,1714.953979,0.2593668629,0.9628635628,0.0749839307,,,,
8283,0.0,-51.486588,225.72113,1676.701416,0.6642433873,0.7334447198,0.1443591543,,,,
8284,0.0,-51.31699,225.496353,1676.701416,0.6642433873,0.7334447198,0.1443591543,,,,
8285,0.0,-51.178043,225.302124,1676.701416,0.6642433873,0.7334447198,0.1443591543,,,,
8286,0.0,-51.008724,225.051788,1676.701416,0.6642433873,0.7334447198,0.1443591543,,,,
8287,0.0,-50.839127,224.783981,1676.701416,0.6642433873,0.7334447198,0.1443591543,,,,
8288,0.0,-47.839718,224.833176,1676.701416,0.6616334668,0.7353254004,0.1467573205,,,,
8289,0.0,-44.683079,225.179184,1676.701538,0.656865013,0.7387017481,0.1511558208,,,,
8290,0.0,-41.349445,225.683136,1676.701416,0.6527334883,0.7415734247,0.1549446647,,,,
8291,0.0,-37.896408,226.4048,1676.701416,0.6479086721,0.7449484121,0.1589535026,,,,
8317,0.0,37.206879,267.107452,1676.690308,0.4070976447,0.8694911353,0.2797439426,,,,
8318,0.0,40.776951,269.212738,1676.692505,0.3969794245,0.8726797086,0.284319297,,,,
8319,0.0,44.473217,271.397247,1676.695312,0.3860210498,0.87597314,0.2892383225,,,,
8320,0.0,47.800785,273.3685,1676.698242,0.3755966858,0.8789537579,0.2938833461,,,,
8321,0.0,49.387146,274.311005,1676.699768,0.3702941708,0.8803947014,0.2962291363,,,,
8322,0.0,50.973507,275.25351,1676.701294,0.3649916557,0.8818356449,0.2985749265,,,,
8323,0.0,54.16573,279.365784,1676.701294,0.3460042326,0.8880903657,0.3026162146,,,,
8324,0.0,56.894608,283.153473,1676.701294,0.3303633154,0.892675133,0.3065798211,,,,
8325,0.0,58.8713,286.155701,1676.701294,0.3121486241,0.8970134346,0.3129379084,,,,
8326,0.0,60.679562,289.081268,1676.701294,0.2948787832,0.9005838176,0.3193670156,,,,
8327,0.0,61.93932,291.234833,1676.70105,0.2843381968,0.9018800823,0.3252139403,,,,
8328,0.0,63.925934,294.66864,1676.701172,0.2723028114,0.9031018392,0.3320515728,,,,
8329,0.0,65.795609,298.125763,1676.718262,0.2575148161,0.9025469416,0.3451016339,,,,
8330,0.0,67.177277,300.795227,1676.719849,0.249627168,0.901140367,0.3544464924,,,,
8331,0.0,68.790596,303.996155,1676.71936,0.2443019105,0.8988589119,0.3638258279,,,,
8332,0.0,70.478973,307.446869,1676.738037,0.242704546,0.8957021345,0.3725750792,,,,
8333,0.0,72.05542,310.802795,1676.758179,0.241823301,0.8924508218,0.3808582698,,,,
8334,0.0,73.371803,313.700714,1676.7771,0.2417951222,0.8897288339,0.3871920983,,,,
8335,0.0,74.984932,317.391815,1676.801636,0.2409323018,0.8857965582,0.396630916,,,,
8336,0.0,76.06559,319.956726,1676.818481,0.2410563729,0.8835808876,0.4014681059,,,,
8337,0.0,77.610809,323.695557,1676.842773,0.2413381763,0.8813199386,0.4062401389,,,,
8338,0.0,79.156479,327.329895,1676.866211,0.249821668,0.8729608437,0.4189612148,,,,
8339,0.0,80.676582,331.040161,1676.869141,0.2574826573,0.8680188251,0.4245538841,,,,
8340,0.0,81.891754,334.054352,1676.894043,0.2637111678,0.8646204463,0.4276539532,,,,
8341,0.0,84.360977,340.527496,1676.92334,0.2679956285,0.8612849663,0.4317019226,,,,
8342,0.0,85.72506,344.199127,1676.957153,0.2690347116,0.8583141002,0.4369407617,,,,
8343,0.0,86.3690075,345.941513,1676.972168,0.2696861136,0.8561404982,0.4407642,,,,
8344,0.0,87.012955,347.683899,1676.987183,0.2703375155,0.8539668961,0.4445876382,,,,
8345,0.0,89.289429,353.88147,1677.041748,0.2727607615,0.8435332634,0.4626588382,,,,
8346,0.0,90.32592,356.727905,1677.067017,0.2720671036,0.8343278996,0.4794543222,,,,
8347,0.0,91.554482,360.12442,1677.097168,0.2706892643,0.8244571377,0.4969886823,,,,
8348,0.0,92.486198,362.733704,1677.120117,0.2675993213,0.8144888825,0.5147800147,,,,
8349,0.0,93.333275,365.247589,1677.141968,0.2579669166,0.7996954635,0.5421625546,,,,
8350,0.0,93.959167,367.127594,1677.158081,0.2503595365,0.7892340697,0.5607403015,,,,
8351,0.0,94.64241,369.299347,1677.176758,0.2358603267,0.7701283891,0.5926821835,,,,
8352,0.0,95.186234,371.053741,1677.19165,0.2223438459,0.7498608419,0.6231147021,,,,
8353,0.0,95.789726,373.024139,1677.196045,0.2060577302,0.7235767107,0.6587692734,,,,
8354,0.0,96.282066,374.584656,1677.205933,0.1951140354,0.7036116059,0.6832724356,,,,
8355,0.0,96.728569,375.957367,1677.220947,0.1877156153,0.6894958834,0.6995414745,,,,
8356,0.0,97.231689,377.621033,1677.248047,0.1652198579,0.6312273694,0.7577957553,,,,
8357,0.0,97.605789,378.671417,1677.248535,0.1603084144,0.6125080035,0.7740382147,,,,
8358,0.0,98.026321,379.806641,1677.266113,0.1561540572,0.5924548689,0.7903247046,,,,
8359,0.0,98.393349,380.693329,1677.268921,0.1565414768,0.5808164431,0.7988410515,,,,
8360,0.0,98.819832,381.605133,1677.282227,0.1616396106,0.574320304,0.8025140651,,,,
8361,0.0,99.284729,382.44693,1677.285034,0.1725842441,0.5729210106,0.8012341695,,,,
8401,0.0,147.046082,441.187866,1676.701294,0.8590636025,-0.4783112077,0.1822858071,,,,
8402,0.0,146.956451,440.892761,1676.701294,0.8590636025,-0.4783112077,0.1822858071,,,,
8403,0.0,146.874435,440.647217,1676.701294,0.8590636025,-0.4783112077,0.1822858071,,,,
8404,0.0,146.775375,440.375153,1676.701294,0.8590636025,-0.4783112077,0.1822858071,,,,
8405,0.0,146.68338,440.141754,1676.701294,0.8590636025,-0.4783112077,0.1822858071,,,,
8406,0.0,148.847702,442.164215,1676.701294,0.856067446,-0.4874317798,0.1719266932,,,,
8407,0.0,150.360184,443.428772,1676.701294,0.854759238,-0.4919399806,0.1654741688,,,,
8408,0.0,152.99939,445.550232,1676.701294,0.8530820673,-0.4974174425,0.1575654607,,,,
8409,0.0,155.5112,447.316345,1676.701294,0.8508439005,-0.5036308506,0.1497351771,,,,
8410,0.0,158.129181,449.057495,1676.701294,0.8483689981,-0.5103089224,0.1409072278,,,,
8411,0.0,160.359482,450.380585,1676.701294,0.8458069354,-0.5164869437,0.1336108717,,,,
8412,0.0,163.594193,452.233521,1676.701294,0.8429333921,-0.5230555428,0.1260007761,,,,
8413,0.0,166.220123,453.621948,1676.701294,0.8405257094,-0.5280029821,0.1213646683,,,,
8414,0.0,168.595032,454.750061,1676.701294,0.8374009821,-0.5342747912,0.1153691586,,,,
8415,0.0,172.086472,456.382385,1676.701294,0.8338729184,-0.541146192,0.108704898,,,,
8416,0.0,175.110214,457.679993,1676.701294,0.8300427615,-0.5479763092,0.1036869255,,,,
8417,0.0,177.728592,458.704956,1676.701294,0.8244773564,-0.5572303962,0.0986477286,,,,
8418,0.0,180.560547,459.74469,1676.701294,0.8189951052,-0.5654163869,0.097730891,,,,
8419,0.0,184.205856,461.072968,1676.701294,0.8138060846,-0.5728597818,0.097730891,,,,
8420,0.0,187.363602,462.090881,1676.701294,0.8102555206,-0.5763796366,0.1061720575,,,,
8421,0.0,190.56424,462.024384,1676.701294,0.8101146583,-0.5763764968,0.1072584466,,,,
8422,0.0,193.161377,461.955933,1676.701294,0.8101138407,-0.5763759151,0.1072677476,,,,
8423,0.0,196.580063,461.86615,1676.701294,0.8101138407,-0.5763759151,0.1072677476,,,,
8424,0.0,199.90181,461.779297,1676.701294,0.8101138407,-0.5763759151,0.1072677476,,,,
8425,0.0,203.149658,461.694092,1676.701294,0.8101138407,-0.5763759151,0.1072677476,,,,
8426,0.0,205.952438,461.607788,1676.701294,0.8101138407,-0.5763759151,0.1072677476,,,,
8427,0.0,206.686798,461.590759,1676.701294,0.8101138407,-0.5763759151,0.1072677476,,,,
8428,0.0,213.470871,461.422821,1676.701294,0.8101138407,-0.5763759151,0.1072677476,,,,
8429,0.0,220.106781,461.24881,1676.701294,0.8101138407,-0.5763759151,0.1072677476,,,,
8430,0.0,221.9088595,461.201294,1676.701294,0.8171419304,-0.5677137817,0.0989246913,,,,
9233,0.0,-187.816788,441.507416,1676.701294,0.016569967,0.9989320567,-0.0431298299,,,,
9234,0.0,-187.811935,441.800079,1676.701294,0.016569967,0.9989320567,-0.0431298299,,,,
9235,0.0,-187.807098,442.091522,1676.701294,0.016569967,0.9989320567,-0.0431298299,,,,
9236,0.0,-187.802429,442.373993,1676.701294,0.016569967,0.9989320567,-0.0431298299,,,,
9237,0.0,-189.476379,444.662384,1676.701294,0.016569967,0.9989320567,-0.0431298299,,,,
9238,0.0,-191.97934,448.064453,1676.701294,0.016569967,0.9989320567,-0.0431298299,,,,
9305,0.0,-212.780457,696.022278,1713.390503,0.0615602151,0.9973294324,-0.0392981311,,,,
9306,0.0,-212.780457,696.022278,1713.390503,0.0615602151,0.9973294324,-0.0392981311,,,,
9307,0.0,-212.592392,699.367798,1713.902344,0.0615602151,0.9973294324,-0.0392981311,,,,
9308,0.0,-212.45311,701.84613,1714.281616,0.0615602151,0.9973294324,-0.0392981311,,,,
9309,0.0,-212.215042,706.047729,1714.924438,0.0615602151,0.9973294324,-0.0392981311,,,,
9310,0.0,-212.010651,709.620117,1715.471191,0.0615602151,0.9973294324,-0.0392981311,,,,
9311,0.0,-211.797272,713.325256,1716.037964,0.0615602151,0.9973294324,-0.0392981311,,,,
9312,0.0,-211.670883,715.507141,1716.371704,0.0615602151,0.9973294324,-0.0392981311,,,,
9313,0.0,-211.406097,720.059998,1717.068359,0.0615602151,0.9973294324,-0.0392981311,,,,
9314,0.0,-211.242599,722.81781,1717.490601,0.0618644177,0.9973225412,-0.0389941359,,,,
9315,0.0,-210.991241,727.007324,1718.131958,0.0624369714,0.997309069,-0.03842194,,,,
9316,0.0,-210.729507,730.688843,1718.697998,0.0675066614,0.9971042729,-0.0350131354,,,,
9317,0.0,-210.468628,734.132263,1719.228027,0.0735038707,0.9967462805,-0.0330761758,,,,
9318,0.0,-210.247711,737.166809,1719.69458,0.0774837828,0.9964803115,-0.0319883123,,,,
9319,0.0,-212.047897,741.924011,1720.078491,0.0845845973,0.9959654464,-0.0299712443,,,,
9320,0.0,-211.76033,744.073303,1720.474854,0.0887763399,0.9956345252,-0.0288210635,,,,
9321,0.0,-211.2621,748.642517,1721.213623,0.0948946651,0.9951167,-0.0271616617,,,,
9322,0.0,-211.073608,752.410156,1721.913574,0.0983870712,0.9948067522,-0.0260674139,0.1444776722,59.3442341899,114.615952973,3.0
9323,0.0,-210.761658,755.587708,1722.567017,0.0993578124,0.9947150827,-0.0258829949,0.1363395986,57.333431924,113.7400840311,3.0
9324,0.0,-210.403061,758.93689,1723.179077,0.0997562232,0.9946752065,-0.0258829949,0.1319852647,55.7021642339,112.1809714932,3.0
9325,0.0,-210.279953,761.1366885,1723.481201,0.0998239715,0.9946684069,-0.0258830123,0.1291586457,54.6877119361,111.2505708095,3.0
9326,0.0,-210.156845,763.336487,1723.783325,0.0998917198,0.9946616073,-0.0258830298,0.1263320267,53.6732596384,110.3201701257,3.0
9327,0.0,-209.966675,768.994629,1724.434326,0.0998917198,0.9946616073,-0.0258830298,0.1199965476,51.2623044367,107.9280738613,3.0
9328,0.0,-209.586166,772.812317,1725.307861,0.0998917198,0.9946616073,-0.0258830298,0.1150282653,49.3956244092,106.0800640622,3.0
9329,0.0,-209.372437,777.145264,1725.78894,0.0998917198,0.9946616073,-0.0258830298,0.1118896737,47.8189548359,104.0378556409,3.0
9330,0.0,-209.12648,781.139221,1726.199463,0.0998917198,0.9946616073,-0.0258830298,0.109879954,46.431566361,101.8848020961,3.0
9331,0.0,-208.947372,783.908691,1726.437134,0.0998936285,0.9946792166,-0.0251896621,0.1077022073,45.2817002758,100.3034064237,3.0
9332,0.0,-208.686966,786.797241,1726.726074,0.1002589259,0.9946491338,-0.0249248567,0.1050756873,44.0850530098,98.7971265504,3.0
9333,0.0,-208.320419,790.873474,1727.327759,0.1007603539,0.994598463,-0.0249248567,0.1046877772,42.7759414669,96.0309456932,3.0
9334,0.0,-207.97319,794.689514,1728.223755,0.1008500579,0.9946109216,-0.0240495399,0.1034823529,41.3181850139,93.2673515434,3.0
9335,0.0,-207.80101,797.268982,1729.210449,0.1008518428,0.994628524,-0.0233024692,0.10095714,40.0311626034,91.4244382327,3.0
9336,0.0,-207.559967,800.953735,1730.537231,0.1008542477,0.9946522425,-0.0222561716,0.1000090977,38.6947200788,88.767950751,3.0
9337,0.0,-207.308914,803.900391,1731.143433,0.100857187,0.99468123,-0.0209064216,0.1007587149,37.8429633753,86.5074989949,3.0
9338,0.0,-206.921509,810.446167,1732.672974,0.0991500075,0.9949092121,-0.018025971,0.1071746576,36.8977646856,81.92165803,3.0
9339,0.0,-206.7817,812.465271,1733.135498,0.0974636279,0.9950935844,-0.0168950458,0.1119731109,36.9728602884,80.4623851752,3.0
9340,0.0,-206.641891,814.484375,1733.598022,0.0957772484,0.9952779567,-0.0157641207,0.1167715641,37.0479558912,79.0031123203,3.0
9341,0.0,-206.151978,818.075745,1733.666992,0.0896925027,0.9958843304,-0.013025181,0.1276420481,37.3088035425,76.3167733244,3.0
9342,0.0,-206.296448,821.611511,1735.409912,0.0791562073,0.9968126527,-0.0099413364,0.1492726772,39.0805335378,74.3531042279,3.0
9343,0.0,-206.210938,825.270813,1736.134033,0.0698895709,0.9975241598,-0.0078101468,,,,
9344,0.0,-206.024673,828.927185,1736.543701,0.0516462626,0.9986485272,-0.0058122802,,,,
9345,0.0,-206.250412,835.303345,1737.664062,0.0313590612,0.9994961994,-0.0048945469,,,,
9346,0.0,-206.2449696667,836.6884156667,1737.799845,0.0284258889,0.9995768072,-0.0045519828,,,,
9347,0.0,-206.2395273333,838.0734863333,1737.935628,0.0254927165,0.9996574151,-0.0042094187,,,,
9348,0.0,-206.196243,840.227844,1738.174805,0.0204850776,0.9997838481,-0.0035522786,,,,
9349,0.0,-206.187546,845.954102,1738.36377,0.0108277703,0.9999392193,-0.0020777606,,,,
9350,0.0,-205.948929,852.639648,1738.931396,-0.002193912,0.9999975642,-0.0002415536,,,,
9351,0.0,-205.9099833333,854.0190223333,1738.9933673333,-0.004776368,0.9999817693,0.0001388816,,,,
9352,0.0,-205.8710376667,855.3983966667,1739.0553386667,-0.007358824,0.9999659744,0.0005193168,,,,
9353,0.0,-205.832092,856.777771,1739.11731,-0.00994128,0.9999501795,0.000899752,,,,
9354,0.0,-205.794296,857.865906,1739.268921,-0.011547741,0.9999326056,0.0011974876,,,,
9355,0.0,-205.203583,869.388794,1740.821411,-0.0247136737,0.999680713,0.0052636793,,,,
9356,0.0,-204.879593,874.139221,1741.931274,-0.026508897,0.9996320264,0.005752399,,,,
9357,0.0,-205.019012,876.469055,1741.993286,-0.0269673995,0.9996178798,0.006070724,,,,
9358,0.0,-204.75856,881.07959,1742.98584,-0.0275322006,0.999598892,0.0066357455,,,,
9359,0.0,-204.753342,883.915771,1743.329224,-0.0276075197,0.9995963115,0.0067111071,,,,
9360,0.0,-204.574432,888.27063,1744.216309,-0.0276075197,0.9995963115,0.0067111071,,,,
9361,0.0,-204.063034,891.311768,1745.337158,-0.0276075197,0.9995963115,0.0067111071,,,,
9362,0.0,-203.739258,895.542603,1746.20874,-0.0276075197,0.9995963115,0.0067111071,,,,
9363,0.0,-203.6549835,896.7074585,1746.444336,-0.0276075197,0.9995963115,0.0067111071,,,,
9364,0.0,-203.45932,899.341309,1746.954956,-0.0276075197,0.9995963115,0.0067111071,,,,
9365,0.0,-203.174561,905.94165,1748.125122,-0.0276075197,0.9995963115,0.0067111071,,,,
9366,0.0,-203.042679,908.973267,1748.552979,-0.0276075197,0.9995963115,0.0067111071,,,,
9367,0.0,-202.9375,913.045166,1749.090942,-0.0276075197,0.9995963115,0.0067111071,,,,
9368,0.0,-202.910767,915.71344,1749.411255,-0.0262760714,0.9996223721,0.0080424603,,,,
9369,0.0,-202.834473,918.967163,1749.822021,-0.0204747766,0.9997428626,0.0097463925,,,,
9370,0.0,-202.998154,922.432922,1750.265869,-0.0146361275,0.9998324036,0.0109976564,,,,
9371,0.0,-203.54921,927.014526,1750.213501,0.006244988,0.9998820793,0.014029526,,,,
9372,0.0,-204.059906,929.959351,1749.96875,0.0309314245,0.9993972747,0.0157586236,,,,
9373,0.0,-204.843582,934.202454,1750.109253,0.0693122286,0.9974139666,0.0190051073,,,,
9374,0.0,-205.329636,936.78949,1750.191895,0.1002585186,0.994735393,0.0212067785,,,,
9375,0.0,-206.148315,940.669006,1750.418213,0.1440294425,0.9892681731,0.0245764386,,,,
9376,0.0,-206.688583,943.209229,1750.56604,0.1777545005,0.9837081717,0.0268620631,,,,
9377,0.0,-207.668137,947.00293,1750.951172,0.2191086134,0.9752799821,0.0286421365,,,,
9378,0.0,-208.418655,949.568542,1750.991821,0.2447883911,0.9691084915,0.0301226705,,,,
9379,0.0,-209.296478,952.211304,1751.002319,0.2715022393,0.9619123842,0.0317977844,,,,
9380,0.0,-210.866058,956.555908,1751.182251,0.3039063714,0.9520777653,0.0344796488,,,,
9381,0.0,-208.913483,959.122498,1754.165039,0.3196824137,0.9468323698,0.0362162648,,,,
9382,0.0,-210.093964,962.116516,1754.425537,0.3306448009,0.9429887444,0.0380295105,,,,
9383,0.0,-210.585007,963.482849,1754.5300905,0.3334025353,0.9420064092,0.0381848187,,,,
9384,0.0,-211.07605,964.849182,1754.634644,0.3361602697,0.9410240739,0.0383401269,,,,
9402,0.0,-221.103607,1029.004639,1756.639526,0.3434932942,0.938332571,0.0392981311,,,,
9403,0.0,-221.787704,1034.062012,1756.780151,0.343663216,0.9382703499,0.0392981485,,,,
9404,0.0,-222.394547,1038.553833,1756.904785,0.3438211242,0.938212498,0.0392981311,,,,
9405,0.0,-222.784546,1041.440552,1756.984985,0.3439280662,0.9381733,0.0392981485,,,,
9406,0.0,-223.348724,1045.626587,1757.100952,0.3440938333,0.9381125142,0.0392981485,,,,
9407,0.0,-224.459763,1049.224854,1757.328979,0.3441054585,0.9381082509,0.0392981311,,,,
9408,0.0,-225.086807,1051.091431,1757.438599,0.3441054585,0.9381082509,0.0392981311,,,,
9409,0.0,-225.787155,1053.1390385,1757.55011,0.3441054585,0.9381082509,0.0392981311,,,,
9410,0.0,-227.003754,1056.69751,1757.739014,0.3441054585,0.9381082509,0.0392981311,0.0033751464,22.789120395,277.6086657135,0.0
9411,0.0,-228.726562,1061.46936,1757.701294,0.3441054585,0.9381082509,0.0392981311,0.0038920341,23.7535532307,269.4934742442,0.0
9702,0.0,2633.434814,-103.0,1676.701294,1.0,0.0,0.0,,,,
9703,0.0,2634.404053,-97.0,1676.701294,1.0,0.0,0.0,,,,
9704,0.0,2634.392578,-97.0,1676.701294,1.0,0.0,0.0,,,,
9705,0.0,2628.928711,-100.13562,1676.635742,1.0,0.0,0.0,,,,
9706,0.0,2634.24707,-95.527176,1676.701294,0.8473076367,0.5301793581,0.0312988338,,,,
9707,0.0,2631.027344,-93.838356,1676.701294,0.4059365603,0.9117422326,0.0627822456,,,,
9708,0.0,2633.922852,-94.910385,1676.701294,0.8057519689,0.5913770864,0.0322010281,,,,
9709,0.0,2633.878418,-95.007729,1676.702759,0.9772897002,0.2117938772,0.006942288,,,,
9710,0.0,2634.337646,-96.787819,1676.701294,0.9997291555,0.0226329274,-0.0054190637,,,,
9711,0.0,2634.320312,-96.730209,1676.701294,0.9995580518,0.0288004463,-0.0073644724,,,,
9712,0.0,2634.293213,-96.667,1676.701294,0.9993222156,0.0356037128,-0.0093533449,,,,
9713,0.0,2634.273193,-96.604233,1676.701294,0.9990392243,0.0423479295,-0.0112819006,,,,
9714,0.0,2634.219482,-96.485031,1676.701294,0.9983551641,0.0552679113,-0.0152454712,,,,
9715,0.0,2634.163818,-96.332245,1676.701294,0.9972540962,0.0718242571,-0.0180428281,,,,
9716,0.0,2634.087646,-96.141457,1676.701294,0.9955157391,0.0926325143,-0.0191736928,,,,
9717,0.0,2634.04834,-96.051529,1676.701294,0.9945476913,0.1025049227,-0.0191736928,,,,
9718,0.0,2634.039551,-96.043602,1676.701294,0.9944513814,0.1034351176,-0.0191735881,,,,
9719,0.0,2634.0322265,-96.044361,1676.701294,0.9944513814,0.1034351176,-0.0191735881,,,,
9720,0.0,2634.049316,-96.042549,1676.701294,0.9944513814,0.1034351176,-0.0191735881,,,,
9721,0.0,2634.033447,-96.044235,1676.701294,0.9944513814,0.1034351176,-0.0191735881,,,,
9722,0.0,2634.046143,-96.042923,1676.701294,0.9944513814,0.1034351176,-0.0191735881,,,,
9723,0.0,2634.0452885,-96.0429955,1676.701294,0.9944513814,0.1034351176,-0.0191735881,,,,
9724,0.0,2634.044434,-96.043068,1676.701294,0.9944513814,0.1034351176,-0.0191735881,,,,
9725,0.0,2634.263428,-96.020309,1676.701294,0.9944513814,0.1034351176,-0.0191735881,,,,
9726,0.0,2634.367432,-96.009476,1676.701294,0.9944513814,0.1034351176,-0.0191735881,,,,
9727,0.0,2634.431885,-95.968399,1676.701294,0.9941339086,0.1069080902,-0.0163838943,,,,
9728,0.0,2634.538574,-96.188156,1676.701294,0.9923234797,0.1227144009,-0.0153390798,,,,
9729,0.0,2634.836426,-96.238663,1676.701294,0.9897280601,0.1424643593,-0.0119278383,,,,
9730,0.0,2635.346436,-96.243301,1676.701294,0.9868547904,0.1614078414,-0.0080704021,,,,
9731,0.0,2636.055176,-96.206863,1676.701294,0.9824476907,0.1864694814,-0.0050663201,,,,
9732,0.0,2636.970947,-96.119415,1676.701294,0.9748904151,0.2226816426,-0.0012508597,,,,
9733,0.0,2638.136963,-95.961342,1676.701294,0.9629571742,0.2696527405,0.0009381492,,,,
9734,0.0,2639.411621,-95.737823,1676.701294,0.9490946883,0.314978184,0.0028312868,,,,
9735,0.0,2640.877686,-95.641731,1676.701294,0.914277929,0.4050695505,0.0038115455,,,,
9736,0.0,2641.685547,-95.6426925,1676.701294,0.8957781783,0.442513909,0.004283897,,,,
9737,0.0,2642.493408,-95.643654,1676.701294,0.8772784276,0.4799582676,0.0047562486,,,,
9738,0.0,2645.029053,-95.091705,1676.701294,0.7751249831,0.6317897446,0.0047936681,,,,
9739,0.0,2646.619385,-94.542336,1676.701294,0.711050782,0.7031243177,0.0047936681,,,,
9740,0.0,2648.115967,-94.123672,1676.701294,0.6365622987,0.7712147232,0.0040361677,,,,
9741,0.0,2649.688232,-93.809021,1676.701294,0.5748182915,0.8182720971,0.0038349502,,,,
9742,0.0,2652.384766,-93.544327,1676.701294,0.5509000879,0.8345661562,0.0029024261,,,,
9743,0.0,2654.303711,-93.36734,1676.701294,0.5506157707,0.8347538562,0.0028762114,,,,
9744,0.0,2656.996826,-93.087296,1676.701294,0.5506157707,0.8347538562,0.0028762114,,,,
9745,0.0,2659.762939,-92.764633,1676.701294,0.5506157707,0.8347538562,0.0028762114,,,,
9746,0.0,2663.227539,-92.320206,1676.701294,0.5506157707,0.8347538562,0.0028762114,,,,
9747,0.0,2666.085205,-91.923096,1676.701294,0.5506157707,0.8347538562,0.0028762114,,,,
9748,0.0,2669.008789,-91.493958,1676.701294,0.5506157707,0.8347538562,0.0028762114,,,,
9749,0.0,2672.025635,-91.030983,1676.701294,0.5506157707,0.8347538562,0.0028762114,,,,
9750,0.0,2674.827637,-90.583443,1676.701294,0.5506157707,0.8347538562,0.0028762114,,,,
9751,0.0,2677.748779,-90.102921,1676.701294,0.5506157707,0.8347538562,0.0028762114,,,,
9752,0.0,2678.555664,-89.991592,1676.701294,0.5517868762,0.8339788224,0.0032507049,,,,
9753,0.0,2684.477295,-89.221962,1676.701294,0.5684951382,0.8226327041,0.0094187046,,,,
9754,0.0,2687.54541,-88.740448,1676.701294,0.5688588983,0.8223687625,0.0104485551,,,,
9755,0.0,2690.629639,-88.207664,1676.701294,0.5654771111,0.8246965626,0.0105459216,,,,
9756,0.0,2693.645508,-87.642952,1676.701294,0.5586213439,0.8293237118,0.0128208898,,,,
9757,0.0,2696.888428,-86.810661,1676.701294,0.5448899962,0.8383728857,0.0150265273,,,,
9758,0.0,2702.564453,-84.684006,1676.701294,0.5145839287,0.8572851108,0.0162978262,,,,
9759,0.0,2705.41748,-83.332413,1676.701294,0.5037052437,0.8637073235,0.0170495397,,,,
9760,0.0,2707.1104735,-82.4204295,1676.701294,0.500149126,0.8657596422,0.0171529876,,,,
9761,0.0,2708.803467,-81.508446,1676.701294,0.4965930083,0.8678119609,0.0172564355,,,,
9762,0.0,2713.945068,-78.218628,1676.701294,0.4910535514,0.8709408652,0.0181223323,,,,
9769,0.0,2728.361816,-67.285133,1676.701172,0.5619121451,0.8269917897,0.018420664,,,,
9770,0.0,2735.348633,-62.551197,1676.701294,0.6382851954,0.7695978397,0.0176401401,,,,
9771,0.0,2737.543457,-61.095768,1676.701172,0.6621828202,0.7491406467,0.0173840174,,,,
9772,0.0,2741.908203,-59.62479,1676.701294,0.7552711363,0.6550889913,0.0205894159,,,,
9773,0.0,2745.187256,-58.427868,1676.701294,0.8628548192,0.504636465,0.0286984176,,,,
9774,0.0,2748.266602,-58.119652,1676.701294,0.9136993539,0.40523854,0.0305813061,,,,
9775,0.0,2751.411377,-58.417011,1676.701294,0.9573926824,0.2871555478,0.0306747945,,,,
9776,0.0,2754.377686,-58.845936,1676.701294,0.9838298319,0.1766072302,0.0298118797,,,,
9777,0.0,2757.575928,-59.260799,1676.701294,0.9959029229,0.084718996,0.031623723,,,,
9778,0.0,2758.7089845,-59.3966825,1676.701294,0.9972399377,0.0623028011,0.0335116394,,,,
9779,0.0,2759.842041,-59.532566,1676.701294,0.9985769525,0.0398866062,0.0353995559,,,,
9780,0.0,2765.611084,-59.642166,1676.701294,0.9992188223,0.0095801769,0.0383401269,,,,
9781,0.0,2768.636963,-59.492989,1676.701294,0.9992188223,0.0095801769,0.0383401269,,,,
9782,0.0,2771.825928,-59.143486,1676.701294,0.9992188223,0.0095801769,0.0383401269,,,,
9783,0.0,2774.928223,-58.600155,1676.701294,0.9992188223,0.0095801769,0.0383401269,,,,
9784,0.0,2778.060303,-57.862511,1676.701294,0.9992188223,0.0095801769,0.0383401269,,,,
9785,0.0,2781.165283,-56.95628,1676.701294,0.9992188223,0.0095801769,0.0383401269,,,,
9786,0.0,2784.0,-55.978077,1676.701294,0.9992188223,0.0095801769,0.0383401269,,,,
9787,0.0,2786.773438,-54.89209,1676.701294,0.9992188223,0.0095801769,0.0383401269,,,,
9788,0.0,2789.318115,-53.789284,1676.701294,0.9992188223,0.0095801769,0.0383401269,,,,
9789,0.0,2792.093262,-52.427845,1676.701294,0.9991858393,0.0257324319,0.0310725049,,,,
9790,0.0,2794.951904,-50.750526,1676.701294,0.9992197979,0.032111229,0.022992704,,,,
9791,0.0,2797.460938,-49.551338,1676.701294,0.9997553843,0.00173344,0.0220491915,,,,
9792,0.0,2800.260498,-48.020973,1676.701294,0.9978407488,-0.0612979797,0.0235880837,,,,
9793,0.0,2803.14502,-46.401794,1676.701294,0.9837020799,-0.1778543529,0.0264205818,,,,
9794,0.0,2805.550049,-46.0909,1676.701294,0.9402727499,-0.3392893809,0.0277465628,,,,
9795,0.0,2807.44873,-45.956985,1676.701294,0.8622533196,-0.5056091132,0.0296418202,,,,
9796,0.0,2808.952637,-45.696781,1676.701294,0.7819106055,-0.6225667135,0.0320389183,,,,
9797,0.0,2812.659668,-44.614159,1676.701294,0.5800036715,-0.8133351189,0.0456259287,,,,
9798,0.0,2815.087891,-43.830212,1676.701294,0.5163133769,-0.8547489782,0.0531477294,,,,
9799,0.0,2818.054932,-42.996361,1676.701294,0.4879908547,-0.8708738696,0.0586824423,,,,
9800,0.0,2819.7088625,-42.61504,1676.701294,0.4864621026,-0.8717024738,0.0590446022,,,,
9801,0.0,2824.108154,-41.734718,1676.701294,0.4849333506,-0.872531078,0.0594067621,,,,
9802,0.0,2825.7893065,-41.498537,1676.701294,0.4849333506,-0.872531078,0.0594067621,,,,
9803,0.0,2830.500488,-40.959396,1676.701294,0.4849333506,-0.872531078,0.0594067621,,,,
9804,0.0,2832.3190915,-40.8424835,1676.701294,0.4849333506,-0.872531078,0.0594067621,,,,
9805,0.0,2837.116943,-40.638733,1676.701294,0.4849333506,-0.872531078,0.0594067621,,,,
9806,0.0,2839.99707,-40.629776,1676.701294,0.4849333506,-0.872531078,0.0594067621,,,,
9807,0.0,2843.581543,-40.709351,1676.701294,0.4849333506,-0.872531078,0.0594067621,,,,
9808,0.0,2846.502441,-40.846905,1676.701294,0.4849333506,-0.872531078,0.0594067621,,,,
9809,0.0,2850.054688,-41.055801,1676.701294,0.4849333506,-0.872531078,0.0594067621,,,,
9810,0.0,2853.022217,-41.229012,1676.701294,0.4883140187,-0.8710685574,0.0528108659,,,,
9811,0.0,2857.047119,-41.434456,1676.701416,0.50613553,-0.8618331181,0.0327185246,,,,
9812,0.0,2860.348145,-41.690201,1676.701294,0.5135729264,-0.8574974666,0.0306748119,,,,
9813,0.0,2863.567383,-42.004265,1676.701294,0.516507658,-0.8557329579,0.0306748119,,,,
9814,0.0,2866.819336,-42.386768,1676.701294,0.5152378222,-0.85639444,0.0334447249,,,,
9815,0.0,2870.516357,-42.884796,1676.701294,0.5109420412,-0.8586462997,0.0408015023,,,,
9816,0.0,2874.037598,-43.39032,1676.701294,0.5074642845,-0.8603984861,0.0468449055,,,,
9817,0.0,2877.361084,-43.876671,1676.701294,0.5061646582,-0.8609808679,0.0500927529,,,,
9818,0.0,2881.071289,-44.441471,1676.701294,0.5065824158,-0.8604887282,0.0541609149,,,,
9819,0.0,2884.217285,-44.905762,1676.701294,0.5110409872,-0.8574679651,0.0598815351,,,,
9820,0.0,2887.526855,-45.389305,1676.701294,0.5180549186,-0.8527244023,0.0669342596,,,,
9821,0.0,2891.899414,-46.008636,1676.701294,0.530984731,-0.8438294385,0.0775054461,,,,
9822,0.0,2895.443359,-46.50964,1676.701294,0.5419950761,-0.8357506825,0.0881029751,,,,
9823,0.0,2898.956787,-46.998913,1676.701294,0.5534487465,-0.8270210683,0.0986439944,,,,
9824,0.0,2902.326904,-47.49379,1676.701294,0.5614115269,-0.8205923228,0.106982883,,,,
9825,0.0,2905.701172,-48.043461,1676.701294,0.5691035898,-0.8140285718,0.1160973231,,,,
9826,0.0,2909.246094,-48.652836,1676.701294,0.5776743893,-0.8065484049,0.1255865058,,,,
9827,0.0,2912.731201,-49.242023,1676.701294,0.5858635026,-0.7988120875,0.136613342,,,,
9828,0.0,2916.177979,-49.827362,1676.701294,0.5913185516,-0.7930997758,0.1460654517,,,,
9829,0.0,2919.602295,-50.412792,1676.701294,0.594015354,-0.7896156721,0.1537948293,,,,
9830,0.0,2923.314209,-51.05336,1676.701294,0.5939321523,-0.7885905934,0.1592779784,,,,
10422,0.0,1490.589722,-690.502869,1677.701294,-0.9949451656,-0.0379833223,0.092959048,,,,
10423,0.0,1490.474365,-690.130615,1677.701294,-0.9949451656,-0.0379833223,0.092959048,,,,
10424,0.0,1490.401855,-689.865906,1677.701294,-0.9949451656,-0.0379833223,0.092959048,,,,
10425,0.0,1490.259888,-689.24115,1677.701294,-0.9949451656,-0.0379833223,0.092959048,,,,
10426,0.0,1489.20577,-689.2352906667,1677.701294,-0.9948074414,-0.0422513012,0.0923897434,,,,
10427,0.0,1488.151652,-689.2294313333,1677.701294,-0.9946697171,-0.04651928,0.0918204387,,,,
10428,0.0,1486.008179,-689.227112,1677.701294,-0.9941486092,-0.0581248337,0.0910496926,,,,
10429,0.0,1477.312134,-689.318542,1677.701294,-0.984741569,-0.1509498888,0.0865919941,,,,
10430,0.0,1475.0542605,-689.4004515,1677.701294,-0.9796617263,-0.1801287314,0.0832349866,,,,
10431,0.0,1469.892334,-689.468018,1677.701294,-0.9680544899,-0.2392468829,0.0750428784,,,,
10432,0.0,1467.769165,-689.37027,1677.701294,-0.96056404,-0.2676528574,0.0691438201,,,,
10433,0.0,1465.645996,-689.272522,1677.701294,-0.9530735901,-0.2960588318,0.0632447618,,,,
10434,0.0,1462.363892,-688.98053,1677.701294,-0.9452602352,-0.321156479,0.0578066071,,,,
10435,0.0,1455.525879,-688.045593,1677.701294,-0.9440577562,-0.3253846606,0.0536635398,,,,
10436,0.0,1452.789551,-687.556152,1677.701294,-0.9440577562,-0.3253846606,0.0536635398,,,,
10437,0.0,1448.724731,-686.722351,1677.701294,-0.9440577562,-0.3253846606,0.0536635398,,,,
10438,0.0,1445.007568,-685.855774,1677.748901,-0.9440577562,-0.3253846606,0.0536635398,,,,
10439,0.0,1442.456909,-685.202637,1677.751831,-0.9440577562,-0.3253846606,0.0536635398,,,,
10440,0.0,1439.04126,-684.241394,1677.749512,-0.9440577562,-0.3253846606,0.0536635398,,,,
10441,0.0,1435.69751,-683.274841,1677.749512,-0.9440577562,-0.3253846606,0.0536635398,,,,
10442,0.0,1431.91394,-682.11261,1677.749512,-0.9440577562,-0.3253846606,0.0536635398,,,,
10443,0.0,1428.282471,-680.988037,1677.749512,-0.9440577562,-0.3253846606,0.0536635398,,,,
10444,0.0,1424.822754,-679.871765,1677.749512,-0.9440577562,-0.3253846606,0.0536635398,,,,
10445,0.0,1423.172119,-679.314636,1677.749512,-0.9440577562,-0.3253846606,0.0536635398,,,,
10446,0.0,1421.521484,-678.757507,1677.749512,-0.9440577562,-0.3253846606,0.0536635398,,,,
10447,0.0,1420.99646,-678.5802305,1677.749512,-0.9439255804,-0.3257676459,0.0536635398,,,,
10448,0.0,1420.471436,-678.402954,1677.749512,-0.9437934045,-0.3261506312,0.0536635398,,,,
10449,0.0,1418.7264406667,-677.827006,1677.749512,-0.9415909817,-0.3321887933,0.0545245455,,,,
10450,0.0,1416.9814453333,-677.251058,1677.749512,-0.9393885589,-0.3382269555,0.0553855511,,,,
10451,0.0,1415.23645,-676.67511,1677.749512,-0.820269041,-0.5702013759,0.0450454363,,,,
10452,0.0,1408.612061,-675.301697,1677.695923,-0.820304125,-0.5702257641,0.0440876446,,,,
10453,0.0,1399.265503,-674.779114,1677.701538,-0.864716256,-0.4985559972,0.060891003,,,,
10454,0.0,1393.924561,-675.241943,1677.701416,-0.8371273764,-0.5444442162,0.0528984984,,,,
10455,0.0,1392.12085,-675.4604795,1677.701355,-0.8307383977,-0.5542589038,0.0502663598,,,,
10456,0.0,1390.317139,-675.679016,1677.701294,-0.824349419,-0.5640735913,0.0476342211,,,,
10457,0.0,1383.385254,-676.874756,1677.701294,-0.8203037414,-0.5702251577,0.0441026224,,,,
10458,0.0,1380.547241,-677.360229,1677.701294,-0.8213810355,-0.5687436853,0.0431719229,,,,
10459,0.0,1379.036438,-677.5936885,1677.701294,-0.8218279433,-0.5681259167,0.0427907434,,,,
10460,0.0,1376.236938,-678.027039,1677.701416,-0.8225529662,-0.5671226884,0.0421719581,,,,
10461,0.0,1370.347412,-678.607788,1677.701294,-0.8225529662,-0.5671226884,0.0421719581,,,,
10462,0.0,1367.514038,-678.780884,1677.701294,-0.823021491,-0.5664425389,0.0421719755,,,,
10463,0.0,1363.415527,-678.974792,1677.701294,-0.8236003382,-0.5656005736,0.0421719581,,,,
10464,0.0,1360.24646,-679.051819,1677.701294,-0.8240876197,-0.564890362,0.0421719581,,,,
10465,0.0,1356.609497,-679.07196,1677.701294,-0.8241807286,-0.5647545065,0.0421719581,,,,
10466,0.0,1355.274414,-679.069458,1677.701416,-0.8241807286,-0.5647545065,0.0421719581,,,,
10467,0.0,1349.987305,-678.957947,1677.701294,-0.8241807286,-0.5647545065,0.0421719581,,,,
10468,0.0,1346.093262,-679.027893,1677.701294,-0.8236681205,-0.5655018596,0.0421719581,,,,
10469,0.0,1344.647705,-679.1301575,1677.701294,-0.823438466,-0.5658360666,0.0421719581,,,,
10470,0.0,1342.027954,-679.331116,1677.701294,-0.8230963137,-0.56633381,0.0421719581,,,,
10471,0.0,1333.843994,-680.599365,1677.701294,-0.8230963137,-0.56633381,0.0421719581,,,,
10472,0.0,1329.368286,-681.61908,1677.701294,-0.8230963137,-0.56633381,0.0421719581,,,,
10473,0.0,1326.199219,-682.467468,1677.701294,-0.8230963137,-0.56633381,0.0421719581,,,,
10474,0.0,1323.424561,-683.256531,1677.701294,-0.8250852661,-0.5634837779,0.0414769309,,,,
10475,0.0,1319.477173,-684.318359,1677.701294,-0.8389861859,-0.5430154374,0.0351626878,,,,
10476,0.0,1315.792847,-685.200806,1677.701294,-0.8631996204,-0.5042275592,0.0253176586,,,,
10477,0.0,1313.227783,-685.728149,1677.701172,-0.8845864206,-0.4659010511,0.0210493501,,,,
10478,0.0,1309.324463,-686.492615,1677.701294,-0.9151667729,-0.4026533526,0.0184405923,,,,
10479,0.0,1305.684814,-687.20105,1677.701294,-0.9388623488,-0.3438105633,0.0182150115,,,,
10480,0.0,1301.913208,-688.006775,1677.701294,-0.9528436727,-0.3028616436,0.0190724997,,,,
10481,0.0,1299.599609,-688.499817,1677.701294,-0.9556223703,-0.2939698265,0.0191735881,,,,
10482,0.0,1295.504761,-689.258606,1677.701294,-0.9580697376,-0.285892902,0.0191735881,,,,
10483,0.0,1292.037354,-689.742676,1677.701294,-0.9581760383,-0.2855364306,0.0191735881,,,,
10484,0.0,1288.549683,-690.050903,1677.701294,-0.9565433951,-0.2910190607,0.0182384124,,,,
10485,0.0,1286.169678,-690.204041,1677.701294,-0.9534456671,-0.30105525,0.0175241634,,,,
10486,0.0,1283.320557,-690.298828,1677.701294,-0.9481118372,-0.3174881687,0.0168880676,,,,
10487,0.0,1279.546021,-690.254822,1677.701294,-0.9422295259,-0.3345668993,0.0163862851,,,,
10488,0.0,1276.107178,-690.221436,1677.701294,-0.939173685,-0.3429734951,0.0179435524,,,,
10489,0.0,1272.763306,-690.241943,1677.701294,-0.9388426592,-0.343864326,0.0182150115,,,,
10490,0.0,1269.307983,-690.364014,1677.701294,-0.9388426592,-0.343864326,0.0182150115,,,,
10491,0.0,1265.884277,-690.584045,1677.701294,-0.9388426592,-0.343864326,0.0182150115,,,,
10492,0.0,1263.503296,-690.794312,1677.701294,-0.9388426592,-0.343864326,0.0182150115,,,,
10493,0.0,1260.040161,-691.177307,1677.701294,-0.9388426592,-0.343864326,0.0182150115,,,,
10494,0.0,1256.474243,-691.659607,1677.701294,-0.9388426592,-0.343864326,0.0182150115,,,,
10495,0.0,1254.5673215,-691.956787,1677.701294,-0.9388426592,-0.343864326,0.0182150115,,,,
10496,0.0,1252.6604,-692.253967,1677.701294,-0.9388426592,-0.343864326,0.0182150115,,,,
10497,0.0,1251.596191,-692.428833,1677.701294,-0.9388426592,-0.343864326,0.0182150115,,,,
10498,0.0,1242.389893,-694.330688,1677.701294,-0.9388426592,-0.343864326,0.0182150115,,,,
10499,0.0,1239.949951,-695.115906,1677.701294,-0.9377531571,-0.3470393652,0.0135164828,,,,
10500,0.0,1236.381714,-696.580261,1677.701294,-0.9337372813,-0.3576537484,0.014781266,,,,
10526,0.0,1151.598999,-724.610718,1677.697754,-0.812407181,-0.573255746,0.1066415581,,,,
10527,0.0,1147.710449,-725.815857,1677.698853,-0.8067042229,-0.5808000558,0.1090852511,,,,
10528,0.0,1145.8706665,-726.3897095,1677.699402,-0.8038337949,-0.5845187444,0.1102974628,,,,
10529,0.0,1144.030884,-726.963562,1677.699951,-0.8009633669,-0.5882374329,0.1115096744,,,,
11073,0.0,177.678192,-655.498352,1676.701294,-0.3101924009,-0.9505790479,-0.0134219294,,,,
11074,0.0,176.302505,-659.714111,1674.7677,-0.3101924009,-0.9505790479,-0.0134219294,,,,
11075,0.0,176.239609,-659.90686,1674.833618,-0.3101924009,-0.9505790479,-0.0134219294,,,,
11076,0.0,176.147095,-660.190369,1675.076416,-0.3101924009,-0.9505790479,-0.0134219294,,,,
11077,0.0,175.299286,-661.321838,1675.80481,-0.3060801919,-0.9519006886,-0.0141419664,,,,
11078,0.0,174.214539,-663.131287,1675.93457,-0.3039776976,-0.9525586635,-0.0151509726,,,,
11079,0.0,173.350723,-664.86322,1675.563721,-0.303797583,-0.95261311,-0.0153392019,,,,
11087,0.0,164.641953,-685.635559,1675.854248,-0.303797583,-0.95261311,-0.0153392019,,,,
11088,0.0,163.354889,-688.936707,1675.870605,-0.303797583,-0.95261311,-0.0153392019,,,,
11089,0.0,161.939362,-692.719482,1675.912964,-0.303797583,-0.95261311,-0.0153392019,,,,
11090,0.0,160.973953,-696.002808,1675.998779,-0.303797583,-0.95261311,-0.0153392019,,,,
11091,0.0,159.624756,-699.732727,1675.957764,-0.303797583,-0.95261311,-0.0153392019,,,,
11092,0.0,158.951019,-702.553345,1676.059204,-0.303797583,-0.95261311,-0.0153392019,,,,
11093,0.0,158.327988,-705.173706,1676.188965,-0.303797583,-0.95261311,-0.0153392019,,,,
11094,0.0,157.437912,-708.978027,1676.403809,-0.303797583,-0.95261311,-0.0153392019,,,,
11169,0.0,44.678188,-929.396973,1688.713745,0.2446349339,-0.9660210543,-0.0834090631,,,,
11170,0.0,44.7421,-929.649292,1688.465454,0.2446349339,-0.9660210543,-0.0834090631,,,,
11171,0.0,44.808861,-929.912903,1686.92627,0.2446349339,-0.9660210543,-0.0834090631,,,,
11172,0.0,44.858002,-930.106934,1686.09436,0.2446349339,-0.9660210543,-0.0834090631,,,,
11173,0.0,44.49947,-931.289734,1684.372437,0.2431706597,-0.9663258946,-0.0841563768,,,,
11174,0.0,44.072887,-932.732056,1682.970215,0.242730825,-0.9662833973,-0.0858961159,,,,
11175,0.0,43.673389,-933.886597,1681.434937,0.2434257142,-0.9659381651,-0.0877917021,,,,
11176,0.0,43.48937,-934.3089295,1680.9916995,0.2452589094,-0.9653876826,-0.0887140093,,,,
11177,0.0,43.331112,-935.404785,1679.312134,0.2482229263,-0.9645011879,-0.0901267854,,,,
11178,0.0,42.836105,-936.59906,1676.818237,0.2503068269,-0.9637537728,-0.0923317808,,,,
11179,0.0,42.236671,-938.018311,1676.30603,0.2508994645,-0.9635393475,-0.092959048,,,,
11180,0.0,42.074131,-938.420227,1676.641357,0.2508994645,-0.9635393475,-0.092959048,,,,
11181,0.0,41.956377,-938.6876525,1676.799255,0.2508994645,-0.9635393475,-0.092959048,,,,
11182,0.0,41.69611,-939.028687,1677.367065,0.2508994645,-0.9635393475,-0.092959048,,,,
11183,0.0,41.594036,-939.117493,1677.651489,0.2508994645,-0.9635393475,-0.092959048,,,,
11184,0.0,41.715096,-939.812195,1677.487549,0.2508994645,-0.9635393475,-0.092959048,,,,
11185,0.0,41.686699,-939.768311,1677.591431,0.2508994645,-0.9635393475,-0.092959048,,,,
11186,0.0,41.661446,-939.669434,1677.688232,0.2508994645,-0.9635393475,-0.092959048,,,,
11187,0.0,41.605629,-939.391968,1677.832397,0.2524461609,-0.9632846283,-0.0913983631,,,,
11188,0.0,41.571636,-939.21521,1677.915405,0.2536463131,-0.9631604168,-0.0893619567,,,,
11189,0.0,41.493095,-938.78125,1678.091064,0.2572096735,-0.9624700355,-0.0865714418,,,,
11190,0.0,41.591766,-938.924561,1678.010254,0.2631354042,-0.9613136155,-0.0814609826,,,,
11191,0.0,41.572231,-938.504517,1678.193481,0.2683890893,-0.9603582529,-0.0753612822,,,,
11192,0.0,42.010727,-938.72644,1677.94751,0.2698331807,-0.9602101733,-0.0720172039,,,,
11193,0.0,41.923676,-938.368164,1677.955078,0.2699104585,-0.9602715862,-0.0709001068,,,,
11194,0.0,41.670982,-937.926819,1677.958496,0.269586729,-0.9603887509,-0.0705439066,,,,
11195,0.0,41.597565,-937.488892,1678.019897,0.2691243764,-0.9605542566,-0.0700541949,,,,
11196,0.0,41.396561,-937.007446,1678.014648,0.2690214345,-0.9606437645,-0.0692172344,,,,
11197,0.0,41.221478,-936.442261,1678.149292,0.2697530771,-0.9605089631,-0.0682334898,,,,
11198,0.0,41.418903,-936.707825,1678.072144,0.271479365,-0.9601976219,-0.0657227603,,,,
11199,0.0,41.184776,-936.267029,1678.182495,0.2732385853,-0.9598322827,-0.0637390346,,,,
11200,0.0,40.912914,-935.9151,1678.282104,0.27466185,-0.9595805872,-0.0613674579,,,,
11201,0.0,40.912914,-935.9151,1678.282104,0.2751406776,-0.9595044811,-0.0604049525,,,,
11202,0.0,41.408112,-936.770874,1677.923218,0.2791273862,-0.9587322071,-0.0540412561,,,,
11203,0.0,41.401268,-936.763855,1677.920898,0.2830984239,-0.9578413221,-0.0489416386,,,,
11204,0.0,41.146309,-936.565857,1677.92749,0.2894207281,-0.9561787849,-0.0442467331,,,,
11205,0.0,41.156788,-936.562622,1677.927612,0.2908897075,-0.955765859,-0.0435293093,,,,
11206,0.0,41.051537,-935.954041,1678.116821,0.3021067509,-0.9524954222,-0.0385224837,,,,
11207,0.0,41.079491,-935.96167,1678.105225,0.3056669466,-0.9514184299,-0.037022816,,,,
11208,0.0,41.04937,-935.781067,1678.18457,0.3096726378,-0.9501959525,-0.0350786148,,,,
11209,0.0,41.458397,-936.886169,1677.919678,0.3155762091,-0.948348763,-0.0323462511,,,,
11210,0.0,41.551373,-936.926392,1677.922241,0.3250737761,-0.9452397713,-0.0291344279,,,,
11211,0.0,41.546406,-936.670532,1677.980225,0.3352718596,-0.9417107717,-0.0278137146,,,,
11212,0.0,41.607567,-936.717773,1677.978882,0.3406462475,-0.9398074032,-0.0268733862,,,,
11213,0.0,41.507156,-936.353516,1678.089355,0.3446881238,-0.938352756,-0.0261572677,,,,
11214,0.0,41.459209,-936.157043,1678.190063,0.3478645879,-0.9371874407,-0.0258829949,,,,
11215,0.0,41.433914,-936.019409,1678.262085,0.3513160162,-0.9358991011,-0.0258829949,,,,
11216,0.0,41.412014,-935.939758,1678.301025,0.3523977927,-0.9354807203,-0.0262986257,,,,
11217,0.0,41.31443,-935.663696,1678.437988,0.3532986915,-0.9351271178,-0.0267826094,,,,
11218,0.0,41.240051,-935.436035,1678.54895,0.3549843828,-0.9344094925,-0.0294106824,,,,
11219,0.0,41.680599,-936.591614,1678.266235,0.3551652236,-0.9343106315,-0.0303530533,,,,
11220,0.0,41.554184,-936.318726,1678.302856,0.3522111873,-0.9352035479,-0.0366279066,,,,
11221,0.0,41.477119,-936.181458,1678.366211,0.3488629022,-0.9363386833,-0.039554338,,,,
11222,0.0,41.4099825,-936.010895,1678.4105835,0.3483648828,-0.9365089862,-0.0399052272,,,,
11223,0.0,41.342846,-935.840332,1678.454956,0.3478668634,-0.936679289,-0.0402561165,,,,
11224,0.0,41.294968,-935.711426,1678.547974,0.3478668634,-0.936679289,-0.0402561165,,,,
11225,0.0,41.663185,-936.718323,1678.436523,0.347144638,-0.9368496981,-0.0424646143,,,,
11226,0.0,41.656502,-936.72168,1678.448364,0.3461550988,-0.9371106781,-0.0447238696,,,,
11227,0.0,41.649818,-936.723022,1678.432251,0.3452821194,-0.9373808472,-0.0457974373,,,,
11228,0.0,41.615936,-936.635254,1678.494141,0.3450722993,-0.9374061555,-0.0468487758,,,,
11229,0.0,41.579041,-936.535034,1678.546143,0.3450702355,-0.9374013061,-0.046960877,,,,
11230,0.0,41.524994,-936.388245,1678.659424,0.3450702355,-0.9374013061,-0.046960877,,,,
11231,0.0,41.516724,-936.365784,1678.681396,0.3450702355,-0.9374013061,-0.046960877,,,,
11232,0.0,41.463867,-936.222168,1678.863159,0.3450702355,-0.9374013061,-0.046960877,,,,
11233,0.0,41.541916,-936.12439,1679.019287,0.3450702355,-0.9374013061,-0.046960877,,,,
11234,0.0,41.57795,-936.068542,1679.119263,0.3450702355,-0.9374013061,-0.046960877,,,,
11235,0.0,41.617477,-936.004761,1679.239868,0.3450628329,-0.9373800861,-0.0474364373,,,,
11236,0.0,41.624741,-935.937134,1679.355835,0.3450550202,-0.9373596195,-0.0478954776,,,,
11237,0.0,41.636471,-935.9326175,1679.3759155,0.344651962,-0.9374641242,-0.0487356306,,,,
11238,0.0,41.685589,-935.875671,1679.48584,0.3441078325,-0.9375590567,-0.0507229222,,,,
11239,0.0,41.745945,-935.866882,1679.512451,0.3440580175,-0.9374229258,-0.05350083,,,,
11240,0.0,41.806362,-935.853027,1679.531616,0.3448237674,-0.9369211157,-0.0572310444,,,,
11241,0.0,41.988949,-935.932312,1679.409668,0.3471852419,-0.93576169,-0.0617451799,,,,
11242,0.0,42.058765,-935.679626,1679.529419,0.3505265585,-0.9341279389,-0.0673507655,,,,
11243,0.0,42.359474,-935.93927,1679.331055,0.3546443075,-0.9319448058,-0.0755400166,,,,
11244,0.0,42.463932,-935.649902,1679.452881,0.3593021832,-0.9292360911,-0.0861523542,,,,
11245,0.0,42.982273,-936.427673,1679.065552,0.3623584512,-0.9266293304,-0.100271815,,,,
11246,0.0,43.174294,-936.514587,1679.043823,0.3630982458,-0.9248639752,-0.1130764841,,,,
11247,0.0,43.328594,-936.71051,1678.999268,0.3636944193,-0.9230671307,-0.1251936161,,,,
11248,0.0,43.48048,-936.780823,1679.120361,0.3641752962,-0.9209392363,-0.1387345546,,,,
11249,0.0,43.63467,-936.977783,1679.12915,0.3644543095,-0.9192364574,-0.1489207564,,,,
11250,0.0,43.747353,-937.208679,1679.189941,0.358219733,-0.9202658225,-0.1574466224,,,,
11251,0.0,44.020298,-937.560303,1679.207275,0.3513555118,-0.9221246207,-0.161973727,,,,
11252,0.0,44.053528,-937.775574,1679.619873,0.3331034728,-0.9281547117,-0.1660448965,,,,
11253,0.0,44.183537,-938.056641,1680.608398,0.3166327044,-0.9332990006,-0.1694010212,,,,
11254,0.0,44.208965,-938.314575,1681.583374,0.2787614893,-0.9450595438,-0.1707468617,,,,
11255,0.0,44.105679,-938.675354,1683.82373,0.2174265013,-0.9609879333,-0.1709617168,,,,
11256,0.0,44.051102,-938.867676,1685.645874,0.1583597823,-0.9725859344,-0.1702902805,,,,
11257,0.0,43.630066,-939.198669,1687.732056,0.0435808698,-0.9847960628,-0.1681589201,,,,
11258,0.0,43.158897,-939.169189,1689.578125,-0.0444630863,-0.9850583136,-0.1663825495,,,,
11259,0.0,42.730743,-939.129333,1690.805908,-0.1375222435,-0.9770686634,-0.1625560197,,,,
11260,0.0,42.116383,-938.896423,1692.604126,-0.2343312768,-0.9597116508,-0.1550561193,,,,
11261,0.0,41.426933,-938.513,1694.016479,-0.3182760912,-0.9373507133,-0.1416826385,,,,
11262,0.0,41.258636,-938.983215,1695.281494,-0.3728911636,-0.9206507776,-0.1155609182,,,,
11263,0.0,40.796631,-938.997375,1695.506958,-0.3753872455,-0.9199558493,-0.1129851814,,,,
11264,0.0,40.626396,-939.202362,1695.7214965,-0.3753872455,-0.9199558493,-0.1129851814,,,,
11265,0.0,40.949493,-940.766296,1696.013306,-0.3753872455,-0.9199558493,-0.1129851814,,,,
11266,0.0,40.902287,-942.056763,1696.032593,-0.3753872455,-0.9199558493,-0.1129851814,,,,
11267,0.0,41.150406,-943.03125,1696.420288,-0.3753872455,-0.9199558493,-0.1129851814,,,,
11268,0.0,41.214752,-945.218628,1696.138062,-0.3753872455,-0.9199558493,-0.1129851814,,,,
11269,0.0,41.617527,-946.642212,1696.348633,-0.3753872455,-0.9199558493,-0.1129851814,,,,
11270,0.0,42.163212,-947.964661,1696.705933,-0.3753872455,-0.9199558493,-0.1129851814,,,,
11271,0.0,42.830898,-949.73468,1697.44165,-0.3753872455,-0.9199558493,-0.1129851814,,,,
11272,0.0,43.1116255,-950.657318,1697.8225705,-0.3847663797,-0.9152730403,-0.1186913536,,,,
11273,0.0,43.392353,-951.579956,1698.203491,-0.3941455139,-0.9105902313,-0.1243975258,,,,
11278,0.0,42.811474,-961.078857,1704.912476,-0.829585305,-0.5581138012,-0.0172396828,,,,
11279,0.0,42.589043,-963.873901,1706.453857,-0.861174026,-0.5083072398,-0.0017455378,,,,
11280,0.0,42.355236,-966.893433,1708.182617,-0.8859570665,-0.4636201225,0.0116815372,,,,
11281,0.0,42.17717,-969.534607,1709.670166,-0.907364417,-0.419630238,0.0245005746,,,,
11282,0.0,42.003529,-972.41864,1711.379272,-0.9170095066,-0.3974613386,0.0334372416,,,,
11283,0.0,41.750862,-974.569153,1712.528564,-0.9190364807,-0.3925576551,0.0356431548,,,,
11284,0.0,41.284607,-977.529541,1714.071533,-0.9209423324,-0.3878658639,0.0377530396,,,,
11285,0.0,41.025249,-980.783081,1715.974487,-0.9214677487,-0.3865581752,0.0383401269,,,,
11286,0.0,40.134026,-984.314514,1717.951538,-0.9210652293,-0.3874209781,0.0392915911,,,,
11287,0.0,39.598877,-987.117065,1719.439209,-0.921062416,-0.3874270032,0.0392981311,,,,
11288,0.0,39.08905,-989.367065,1720.60791,-0.921062416,-0.3874270032,0.0392981311,,,,
11289,0.0,38.190559,-993.557312,1722.840332,-0.921062416,-0.3874270032,0.0392981311,,,,
11290,0.0,37.392845,-996.684082,1724.177734,-0.921062416,-0.3874270032,0.0392981311,,,,
11291,0.0,36.567413,-999.655212,1725.380127,-0.921062416,-0.3874270032,0.0392981311,,,,
11292,0.0,35.671307,-1002.94281,1726.901001,-0.9202995075,-0.3890506144,0.0410905829,,,,
11293,0.0,34.798847,-1005.85083,1728.254517,-0.9192594616,-0.3913190975,0.0427949315,,,,
11294,0.0,33.904869,-1009.281311,1729.959961,-0.9169419937,-0.3963984059,0.0456692898,,,,
11295,0.0,32.917328,-1012.812134,1731.644043,-0.9140577186,-0.4028611578,0.0469188086,,,,
11296,0.0,31.936604,-1016.315308,1733.316895,-0.9091598451,-0.4135694389,0.0488742798,,,,
11297,0.0,31.014643,-1018.594238,1720.77478,-0.9018560542,-0.4290552753,0.0506678233,,,,
11298,0.0,30.207895,-1021.110229,1720.694458,-0.8951503362,-0.4427594957,0.0516711187,,,,
11299,0.0,29.934952,-1021.757935,1720.943481,-0.8917589614,-0.449504658,0.0520722306,,,,
11300,0.0,28.109524,-1026.153564,1721.401855,-0.856964956,-0.5125732032,0.0536635398,,,,
11301,0.0,26.196131,-1031.630737,1721.613403,-0.7465372797,-0.6633963062,0.0508667957,,,,
11302,0.0,25.6798375,-1033.5878295,1721.6976315,-0.7015656262,-0.7080811435,0.0490328317,,,,
11303,0.0,24.658978,-1038.451904,1721.88562,-0.5874394552,-0.8081365775,0.0427803539,,,,
11304,0.0,24.4646935,-1040.441162,1721.9802855,-0.5368970744,-0.8405672284,0.0396508898,,,,
11305,0.0,24.3554,-1045.570312,1722.002197,-0.4284925918,-0.9029067925,0.033962078,,,,
11306,0.0,24.489643,-1047.533447,1722.0303345,-0.3959717256,-0.9169744125,0.0332921297,,,,
11307,0.0,24.80649,-1052.537231,1722.04126,-0.3298759491,-0.9434889273,0.0317883993,,,,
11308,0.0,25.012138,-1055.746094,1722.067139,-0.3095692168,-0.95022779,0.0351290063,,,,
11309,0.0,25.331329,-1059.520508,1722.046387,-0.2936482996,-0.9551156863,0.0390474325,,,,
11310,0.0,25.666876,-1062.899414,1721.647583,-0.2819101508,-0.9582483865,0.0478194161,,,,
11311,0.0,26.208803,-1065.984131,1721.45459,-0.2638938622,-0.962602439,0.061290895,,,,
11312,0.0,26.993202,-1069.852051,1721.143188,-0.2431839422,-0.9670740244,0.075029338,,,,
11313,0.0,27.813589,-1072.582642,1721.039185,-0.2162965051,-0.9723888435,0.0876114089,,,,
11314,0.0,28.82531,-1075.983398,1720.838623,-0.1903904421,-0.9766553221,0.0994779445,,,,
11315,0.0,30.26973,-1080.096069,1720.336426,-0.1458516267,-0.9826062936,0.1149442242,,,,
11316,0.0,31.623213,-1083.197754,1719.706665,-0.1044634234,-0.9865755098,0.1255235304,,,,
11317,0.0,33.278931,-1086.242676,1719.575806,-0.0531612152,-0.9895561501,0.133986981,,,,
11318,0.0,35.034061,-1089.506958,1719.503296,-0.0096236067,-0.9900233224,0.1405745615,,,,
11319,0.0,37.084934,-1092.96228,1719.44043,0.0423989877,-0.9882938802,0.1465521482,,,,
11320,0.0,38.664642,-1095.36731,1719.399536,0.0792782401,-0.9854083528,0.1506165291,,,,
11321,0.0,40.557926,-1098.36084,1719.641235,0.102761378,-0.9834684066,0.1490972585,,,,
11322,0.0,42.212875,-1100.887451,1720.024048,0.106555326,-0.9832073503,0.1481528559,,,,
11323,0.0,42.720921,-1101.730225,1720.024048,0.106555326,-0.9832073503,0.1481528559,,,,
11324,0.0,46.232265,-1106.468262,1721.260254,0.106555326,-0.9832073503,0.1481528559,,,,
11325,0.0,47.673492,-1108.452759,1721.229248,0.106555326,-0.9832073503,0.1481528559,,,,
11326,0.0,49.841606,-1111.17395,1721.651001,0.106555326,-0.9832073503,0.1481528559,,,,
11327,0.0,51.980694,-1113.890137,1721.669434,0.106555326,-0.9832073503,0.1481528559,,,,
11328,0.0,54.22234,-1116.323364,1722.073242,0.106555326,-0.9832073503,0.1481528559,,,,
11329,0.0,56.980484,-1119.367432,1722.136475,0.106555326,-0.9832073503,0.1481528559,,,,
11330,0.0,58.750294,-1121.318359,1722.036133,0.106555326,-0.9832073503,0.1481528559,,,,
11331,0.0,61.114437,-1123.839844,1721.970825,0.106555326,-0.9832073503,0.1481528559,,,,
11332,0.0,63.557198,-1126.363647,1721.902466,0.1108014181,-0.9827378984,0.1481528559,,,,
11333,0.0,66.431908,-1129.300659,1721.583496,0.1167913757,-0.9821823228,0.1472333498,,,,
11334,0.0,68.228485,-1130.965576,1721.17981,0.1169349665,-0.982169541,0.1472046412,,,,
11335,0.0,70.718315,-1133.340332,1721.010376,0.1169221487,-0.9820640703,0.1479167773,,,,
11336,0.0,72.870651,-1135.40332,1720.862549,0.115813559,-0.9818865239,0.149953572,,,,
11337,0.0,75.644524,-1138.006714,1720.662109,0.1143978364,-0.9816974609,0.1522604028,,,,
11338,0.0,78.354301,-1140.348267,1720.366577,0.1132768044,-0.9814954607,0.1543859653,,,,
11339,0.0,81.013618,-1142.566406,1720.202515,0.1122606282,-0.9814133175,0.1556452751,,,,
11340,0.0,83.565414,-1144.861328,1720.349731,0.1112999946,-0.9813716447,0.1565950388,,,,
11341,0.0,88.611504,-1149.397461,1720.432983,0.1085644755,-0.981393354,0.1583693134,,,,
11342,0.0,90.1496775,-1150.765503,1720.496643,0.1080241434,-0.9814286384,0.1585190734,,,,
11343,0.0,91.687851,-1152.133545,1720.560303,0.1074838113,-0.9814639227,0.1586688334,,,,
11344,0.0,96.887276,-1157.011841,1721.633057,0.1048881704,-0.9814770948,0.1603158887,,,,
11345,0.0,98.423649,-1158.372864,1721.838379,0.1030473581,-0.9815853255,0.1608347638,,,,
11346,0.0,99.960022,-1159.733887,1722.043701,0.1012065458,-0.9816935562,0.161353639,,,,
11347,0.0,102.628685,-1161.97876,1722.366089,0.098119637,-0.981845778,0.1623311589,,,,
11348,0.0,108.532234,-1166.95752,1722.698364,0.0942309279,-0.9820493788,0.1633999688,,,,
11349,0.0,111.460045,-1169.405029,1722.808228,0.0939696427,-0.9820744178,0.1633999515,,,,
11350,0.0,114.567177,-1172.051636,1722.748413,0.0939696427,-0.9820744178,0.1633999515,,,,
11351,0.0,116.791122,-1173.995361,1722.540405,0.0939696427,-0.9820744178,0.1633999515,,,,
11352,0.0,120.428185,-1176.945068,1722.352173,0.0939696427,-0.9820744178,0.1633999515,,,,
11353,0.0,122.706299,-1178.780396,1722.073364,0.0939696427,-0.9820744178,0.1633999515,,,,
11354,0.0,125.860092,-1181.372681,1721.717163,0.0939696427,-0.9820744178,0.1633999515,,,,
11355,0.0,128.493347,-1183.550415,1721.377197,0.0939696427,-0.9820744178,0.1633999515,,,,
11356,0.0,131.918304,-1186.389282,1720.95752,0.0939696427,-0.9820744178,0.1633999515,,,,
11357,0.0,134.281784,-1188.425415,1720.787231,0.0939696427,-0.9820744178,0.1633999515,,,,
11358,0.0,137.291,-1191.028076,1720.614746,0.0939696427,-0.9820744178,0.1633999515,,,,
11359,0.0,139.225296,-1192.72522,1720.716309,0.0939696427,-0.9820744178,0.1633999515,,,,
11360,0.0,141.423584,-1194.999268,1720.875977,0.0921717804,-0.9822447827,0.1633999688,,,,
11361,0.0,144.058701,-1197.911743,1721.151978,0.0896699184,-0.9824763386,0.1633999688,,,,
11362,0.0,146.068451,-1200.630005,1721.514771,0.0794318275,-0.9834934334,0.1625769089,,,,
11363,0.0,147.574722,-1203.258301,1722.063965,0.0573037783,-0.9851870554,0.1616253165,,,,
11364,0.0,148.425125,-1205.494751,1722.58313,0.0253770997,-0.9867460963,0.1602752143,,,,
11365,0.0,149.890579,-1208.802002,1722.983398,-0.0269045231,-0.9868125908,0.1596153419,,,,
11366,0.0,151.048264,-1211.849731,1723.279053,-0.0869306117,-0.9833443023,0.1596153246,,,,
11367,0.0,151.870071,-1214.074341,1723.340332,-0.1468374156,-0.9760971847,0.1602281482,,,,
11368,0.0,152.836349,-1217.581299,1723.515625,-0.2447889905,-0.9559155766,0.1621843413,,,,
11369,0.0,153.558365,-1220.698975,1723.545898,-0.3442250243,-0.9244147745,0.1642146683,,,,
11370,0.0,153.822891,-1223.158813,1723.364746,-0.4132016825,-0.8952819574,0.1665370418,,,,
11371,0.0,153.44725,-1226.797729,1722.893188,-0.5069153642,-0.8437888059,0.1762307138,,,,
11372,0.0,153.409454,-1228.984497,1722.74939,-0.5334303503,-0.8256172713,0.183870016,,,,
11373,0.0,153.492706,-1231.980835,1722.539673,-0.5433402209,-0.8184213473,0.1869970656,,,,
11374,0.0,153.428711,-1235.707397,1722.539429,-0.5433402209,-0.8184213473,0.1869970656,,,,
11375,0.0,153.229004,-1237.768677,1722.066772,-0.5433402209,-0.8184213473,0.1869970656,,,,
11376,0.0,152.790634,-1241.307129,1721.778687,-0.5433402209,-0.8184213473,0.1869970656,,,,
11377,0.0,152.276352,-1245.064087,1721.390015,-0.5433402209,-0.8184213473,0.1869970656,,,,
11378,0.0,151.945816,-1247.585327,1721.259399,-0.5433402209,-0.8184213473,0.1869970656,,,,
11379,0.0,151.581833,-1251.232422,1721.101318,-0.5433402209,-0.8184213473,0.1869970656,,,,
11380,0.0,151.350372,-1254.529053,1721.005249,-0.5433402209,-0.8184213473,0.1869970656,,,,
11381,0.0,151.15834,-1257.732788,1720.947021,-0.5433402209,-0.8184213473,0.1869970656,,,,
11382,0.0,151.003555,-1260.456299,1721.068726,-0.5433402209,-0.8184213473,0.1869970656,,,,
11383,0.0,150.955002,-1264.123901,1721.266602,-0.5433402209,-0.8184213473,0.1869970656,,,,
11384,0.0,150.97937,-1267.477173,1721.391602,-0.5433402209,-0.8184213473,0.1869970656,,,,
11385,0.0,151.178604,-1271.28772,1721.506104,-0.5258593717,-0.8286065956,0.1920495532,,,,
11386,0.0,151.508331,-1277.553589,1721.741821,-0.5761453515,-0.7951899238,0.1890225357,,,,
11387,0.0,151.785751,-1281.3479,1721.973267,-0.6332387544,-0.7520243122,0.1829429248,,,,
11388,0.0,151.841812,-1283.996216,1721.919312,-0.6870187052,-0.7038172516,0.1806836327,,,,
11389,0.0,151.6109235,-1286.1936035,1721.8735355,-0.726714086,-0.6606720546,0.1787684939,,,,
11390,0.0,151.380035,-1288.390991,1721.827759,-0.7664094668,-0.6175268577,0.1768533551,,,,
11391,0.0,150.661621,-1290.612183,1721.65686,-0.8178873216,-0.5486382776,0.173367729,,,,
11392,0.0,149.453171,-1296.13501,1720.901733,-0.9101356474,-0.3797027475,0.1657676894,,,,
11393,0.0,148.963455,-1299.241211,1720.659912,-0.9341359953,-0.3085469046,0.1794122344,,,,
11394,0.0,148.533752,-1301.901245,1720.706665,-0.9448358865,-0.2661317705,0.1909424739,,,,
11395,0.0,148.003616,-1305.915527,1720.379517,-0.948603823,-0.2443871048,0.2010615082,,,,
11396,0.0,147.406326,-1309.877563,1719.900269,-0.9486178691,-0.2435210167,0.2020436906,,,,
11397,0.0,146.941574,-1312.473145,1719.709595,-0.9486178691,-0.2435210167,0.2020436906,,,,
11398,0.0,146.17186,-1316.458496,1719.351685,-0.9486178691,-0.2435210167,0.2020436906,,,,
11399,0.0,145.35701,-1320.123535,1719.122925,-0.9486178691,-0.2435210167,0.2020436906,,,,
11400,0.0,145.018616,-1321.369629,1719.0856325,-0.9486178691,-0.2435210167,0.2020436906,,,,
11401,0.0,144.680222,-1322.615723,1719.04834,-0.9486178691,-0.2435210167,0.2020436906,,,,
11402,0.0,143.149704,-1328.385376,1719.172974,-0.9486178691,-0.2435210167,0.2020436906,,,,
11403,0.0,141.82103,-1331.93042,1719.526367,-0.9486178691,-0.2435210167,0.2020436906,,,,
11404,0.0,140.730408,-1335.269531,1719.416748,-0.9486178691,-0.2435210167,0.2020436906,,,,
11405,0.0,140.16452,-1336.479614,1719.633301,-0.9486178691,-0.2435210167,0.2020436906,,,,
11406,0.0,139.861206,-1337.005371,1719.716919,-0.9486178691,-0.2435210167,0.2020436906,,,,
11407,0.0,139.345245,-1337.92041,1719.897217,-0.9486178691,-0.2435210167,0.2020436906,,,,
11408,0.0,138.914871,-1338.924561,1720.03186,-0.9486178691,-0.2435210167,0.2020436906,,,,
11409,0.0,138.847946,-1340.55542,1720.788696,-0.9517044956,-0.232721589,0.2002478843,,,,
11410,0.0,138.563812,-1341.382935,1721.146973,-0.954021928,-0.2242803677,0.1988478752,,,,
11411,0.0,138.086746,-1342.417358,1721.41748,-0.9591942282,-0.2030520263,0.1967645986,,,,
11412,0.0,137.514954,-1343.388794,1721.583862,-0.9673521648,-0.1601694206,0.1964065834,,,,
11413,0.0,137.164566,-1343.983643,1721.886475,-0.9740918741,-0.1094244056,0.197917458,,,,
11414,0.0,136.667023,-1344.616577,1722.023071,-0.9779468199,-0.0637051603,0.1989011562,,,,
11415,0.0,136.020859,-1345.594849,1722.183228,-0.9798235789,0.0159606812,0.1992260295,,,,
11416,0.0,135.208893,-1346.392578,1722.355835,-0.9754609985,0.0956309847,0.1983193264,,,,
11417,0.0,134.780609,-1346.716553,1722.495972,-0.9657198263,0.1700281652,0.1961520842,,,,
11418,0.0,134.056473,-1347.140869,1722.590332,-0.9481310331,0.2512830414,0.1946904652,,,,
11419,0.0,133.138443,-1347.411743,1722.582397,-0.9321178485,0.3062498866,0.1933062947,,,,
11420,0.0,132.267059,-1347.851074,1722.537964,-0.9139566074,0.3577774747,0.1915165746,,,,
11421,0.0,131.178802,-1348.36377,1722.500977,-0.8976693914,0.3975165157,0.1901848667,,,,
11422,0.0,130.072845,-1349.000977,1722.476562,-0.8859223488,0.4232130605,0.1898217514,,,,
11423,0.0,128.691437,-1349.860718,1722.452148,-0.8773624352,0.4406845505,0.1898217171,,,,
11424,0.0,127.627403,-1350.403809,1722.379028,-0.8742831165,0.4467624747,0.1898218199,,,,
11425,0.0,126.050011,-1351.057861,1722.157227,-0.8667927459,0.4614745516,0.1889750614,0.1431199595,669.1114244408,1297.9453856944,6.0
11426,0.0,125.215256,-1351.373413,1722.009277,-0.8626667505,0.4694261404,0.1882688933,0.1394544325,660.5362613356,1296.7622138319,6.0
11427,0.0,122.260223,-1352.598511,1721.807739,-0.8500807802,0.4928246252,0.1857055625,0.128989875,635.4231808762,1293.4426415723,6.0
11428,0.0,121.4097095,-1352.94928,1721.7975465,-0.844815458,0.5021322724,0.184483532,0.1247408265,624.956789088,1292.3521848367,6.0
11429,0.0,120.559196,-1353.300049,1721.787354,-0.8395501359,0.5114399196,0.1832615016,0.120491778,614.4903972999,1291.2617281011,6.0
11430,0.0,118.018974,-1354.15271,1721.768188,-0.8282585802,0.5301029938,0.1815999457,0.1128951351,594.5060461057,1288.0141815374,6.0
11431,0.0,116.390495,-1354.740234,1721.778198,-0.8232828684,0.5381529572,0.1805455989,0.1100811635,586.5314446797,1285.9178292121,6.0
11432,0.0,115.086746,-1355.155396,1721.734619,-0.8208916204,0.5418420064,0.1804000767,0.1092608127,583.714252791,1284.2579765431,6.0
11433,0.0,113.254456,-1355.866211,1721.525024,-0.8191808949,0.5444248962,0.1804000938,0.1094341755,583.1341493264,1282.0238029063,6.0
11434,0.0,112.4801865,-1356.206177,1721.3920285,-0.8188855802,0.5449448498,0.1801696606,0.1098205166,583.6359218216,1281.0027919827,6.0
11435,0.0,110.362152,-1357.265259,1721.065186,-0.818229636,0.5461296158,0.1795625393,0.1109238623,585.2772313645,1278.5696959982,6.0
11436,0.0,108.712692,-1358.383179,1720.834229,-0.8145065871,0.5522639014,0.1777177615,0.1091565205,580.046878033,1276.7635091358,6.0
11437,0.0,107.741684,-1359.250854,1720.608643,-0.8082825564,0.5617800074,0.1763023889,0.1052566396,569.7170295127,1275.7314259758,6.0
11438,0.0,106.592766,-1360.402466,1720.510498,-0.7918295861,0.5855491602,0.1736032477,0.0948154555,541.5558715263,1274.1928861368,6.0
11439,0.0,105.526581,-1361.229492,1720.450073,-0.7650109949,0.6204948712,0.172465337,0.0800340817,498.6728225714,1272.1298905083,6.0
11440,0.0,104.238243,-1362.587769,1720.41394,-0.7338403641,0.6572017455,0.1719423908,0.065860731,453.2256138338,1269.8642625173,6.0
11441,0.0,103.089333,-1363.617798,1720.418945,-0.6972528073,0.695907105,0.1719064393,0.0522418304,404.0294611647,1266.5907859491,6.0
11442,0.0,102.293159,-1364.313843,1720.439575,-0.6679333213,0.7240947869,0.1719064221,0.0433593954,368.2471012747,1264.2768830622,6.0
11443,0.0,101.039505,-1365.369141,1720.501343,-0.6210018059,0.7648999928,0.1711278998,0.0323569799,318.1237809221,1260.7790728206,6.0
11444,0.0,99.898705,-1366.526978,1720.012817,-0.5522734367,0.8161405421,0.1700254882,0.0229819773,268.2275215914,1258.3583253209,6.0
11445,0.0,98.93438,-1367.29187,1720.066284,-0.5270385772,0.8326610933,0.170017181,0.0215355501,259.4591674328,1256.9757802504,6.0
11446,0.0,97.816437,-1368.380371,1720.231201,-0.4951934122,0.8516485159,0.1716924282,0.0212341458,257.2806137888,1255.1408413896,6.0
11447,0.0,97.576561,-1369.64917,1720.865112,-0.4802389515,0.8598394895,0.1733395561,0.0217940685,260.4989232882,1254.5877030692,6.0
11448,0.0,97.305267,-1370.350708,1721.156372,-0.4764165993,0.8618715131,0.1737950484,0.022007004,261.4216900954,1252.9933959198,6.0
11449,0.0,97.713226,-1371.944214,1722.496338,-0.4764165993,0.8618715131,0.1737950484,0.0222238719,262.6094709578,1252.5987014648,6.0
11450,0.0,98.189051,-1372.5234376667,1722.8673503333,-0.4764165993,0.8618715131,0.1737950484,0.022288019,263.0018308552,1252.6863545747,6.0
11451,0.0,98.664876,-1373.1026613333,1723.2383626667,-0.4764165993,0.8618715131,0.1737950484,0.0223521662,263.3941907526,1252.7740076847,6.0
11452,0.0,99.140701,-1373.681885,1723.609375,-0.4764165993,0.8618715131,0.1737950484,0.0224163133,263.78655065,1252.8616607946,6.0
11453,0.0,99.254944,-1373.663818,1723.609375,-0.4764165993,0.8618715131,0.1737950484,0.0224235623,263.6958626066,1252.2307737362,6.0
11454,0.0,101.840355,-1372.579956,1723.636719,-0.4764165993,0.8618715131,0.1737950484,0.0225571022,263.2046963168,1246.2351745381,6.0
11455,0.0,102.262733,-1372.133179,1723.620239,-0.4764165993,0.8618715131,0.1737950484,0.0225989622,262.9705383284,1243.985930775,6.0
11456,0.0,102.520363,-1372.11084,1723.596069,-0.4764165993,0.8618715131,0.1737950484,0.0226372065,262.7053527382,1241.6932675209,6.0
11457,0.0,102.665268,-1372.381226,1723.647705,-0.4759019862,0.8624485637,0.1723362253,0.0223816747,260.9287780634,1240.2363394464,6.0
11458,0.0,102.729279,-1372.880981,1723.660034,-0.463256861,0.8716192078,0.1602280793,0.0204870114,249.3029333107,1237.9665374385,6.0
11459,0.0,102.598244,-1372.850342,1723.454468,-0.4373803688,0.8858518347,0.1548061368,0.0211718034,253.015729998,1236.131151565,6.0
11460,0.0,102.311867,-1373.286133,1723.092529,-0.3955109548,0.9066258841,0.1469713946,0.0242919712,270.2628241537,1233.6545064629,6.0
11461,0.0,101.846474,-1373.45105,1722.666016,-0.3488871389,0.9257629173,0.1457421879,0.0316619281,307.3418377282,1231.127856659,6.0
11462,0.0,101.539314,-1373.908691,1722.543213,-0.3181092037,0.9367301708,0.1460928529,0.0381058918,336.3109151929,1230.005678878,6.0
11463,0.0,101.094505,-1375.215698,1722.67395,-0.2876478583,0.9463903091,0.1469833066,0.0456662323,367.1113835114,1228.855712625,6.0
11464,0.0,100.365547,-1376.367676,1722.477295,-0.2787453297,0.9490162458,0.1472046412,0.0482207396,376.6310015712,1227.6760455674,6.0
11465,0.0,99.748146,-1377.63916,1722.155396,-0.2782166802,0.9491713609,0.1472046412,0.048466501,377.477155685,1227.3878930413,6.0
11466,0.0,98.824593,-1379.400635,1721.975952,-0.2782166802,0.9491713609,0.1472046412,0.0485749315,377.7522577226,1226.944816662,6.0
11467,0.0,97.535744,-1381.185791,1721.858643,-0.2782166802,0.9491713609,0.1472046412,0.0486456348,377.8219263413,1226.3011856245,6.0
11468,0.0,96.524803,-1383.769531,1721.782227,-0.2790477242,0.9487864457,0.1481102564,0.0486518244,377.8417811749,1226.2895608543,6.0
11469,0.0,96.1908645,-1384.7254635,1721.678406,-0.2793882746,0.9486828274,0.1481315562,0.0485641694,377.4861102493,1226.2132878794,6.0
11470,0.0,95.497856,-1386.41626,1721.574585,-0.2799960911,0.9485003533,0.1481528559,0.0484272452,376.8740663507,1225.9111577584,6.0
11471,0.0,93.575111,-1390.228271,1722.011719,-0.2799960911,0.9485003533,0.1481528559,0.0486191358,377.3090744854,1224.9619865409,6.0
11472,0.0,92.589806,-1392.138672,1722.072021,-0.2799960911,0.9485003533,0.1481528559,0.0487445641,377.5850689768,1224.3191823412,6.0
11473,0.0,91.142937,-1394.966431,1722.185913,-0.2799960911,0.9485003533,0.1481528559,0.0487209593,377.4270685429,1224.095886829,6.0
11474,0.0,90.6525345,-1395.902832,1722.211609,-0.2799960911,0.9485003533,0.1481528559,0.0487253886,377.4141892538,1223.9998739525,6.0
11475,0.0,89.812653,-1397.516724,1722.237305,-0.2799960911,0.9485003533,0.1481528559,0.0487576696,377.4625729155,1223.7615998947,6.0
11476,0.0,87.531723,-1401.606323,1722.250977,-0.2799960911,0.9485003533,0.1481528559,0.0488096466,377.7270089468,1223.9830058048,6.0
11477,0.0,84.627594,-1405.802246,1722.292847,-0.2778508395,0.9500380139,0.142220544,0.0484214057,376.4921399099,1224.7408243237,6.0
11478,0.0,83.646019,-1406.870361,1722.247681,-0.2773138746,0.950420131,0.1407074606,0.0484264994,376.6358387447,1225.1454410941,6.0
11479,0.0,82.347149,-1408.15625,1722.119751,-0.2770281108,0.950653082,0.1396888324,0.0483098457,376.609192522,1226.502828471,6.0
11480,0.0,79.490898,-1410.666992,1721.841797,-0.2767408063,0.9508872956,0.1386646212,0.0480964402,376.788572706,1229.7365406461,6.0
11481,0.0,77.156517,-1412.27771,1721.72168,-0.2767408063,0.9508872956,0.1386646212,0.047833371,376.6224591727,1232.4868051055,6.0
11482,0.0,75.811417,-1413.131592,1721.716919,-0.2767408063,0.9508872956,0.1386646212,0.0477290253,376.6416465565,1233.8631900787,6.0
11483,0.0,72.999939,-1414.990601,1721.681396,-0.2767408063,0.9508872956,0.1386646212,0.0473391552,375.7753684351,1235.9606635752,6.0
11484,0.0,70.325706,-1416.428101,1721.691772,-0.2767408063,0.9508872956,0.1386646212,0.0470799322,375.2262280721,1237.4653270482,6.0
11485,0.0,67.513603,-1417.656494,1721.839111,-0.2767408063,0.9508872956,0.1386646212,0.0468765713,374.7554640274,1238.5262320357,6.0
11486,0.0,65.604309,-1418.57019,1721.850342,-0.2760711675,0.9510819278,0.1386646212,0.0469323927,375.2373596567,1239.398838432,6.0
11487,0.0,63.130196,-1419.690186,1721.842163,-0.2758290215,0.9511521822,0.1386646212,0.0468380023,375.2047898173,1240.5093991815,6.0
11488,0.0,60.555771,-1420.842896,1721.820923,-0.2779965927,0.9505753585,0.1382909337,0.0461179443,372.8252461083,1241.9987848996,6.0
11489,0.0,57.331505,-1422.288086,1721.77771,-0.280989825,0.9497699337,0.1377744214,0.0450220188,368.9054398042,1243.4594907957,6.0
11490,0.0,54.573555,-1423.478271,1721.732666,-0.2881337867,0.9477636188,0.1368321739,0.0429266991,360.850920146,1244.974694391,6.0
11491,0.0,51.845707,-1424.574585,1721.544922,-0.2971539717,0.9451118983,0.1358786843,0.0404169028,350.7706424727,1246.4070043529,6.0
11492,0.0,49.790264,-1425.071655,1721.388306,-0.304219536,0.9429578554,0.1352070889,0.0385440716,342.915903483,1247.1524811629,6.0
11493,0.0,48.99361975,-1425.22656225,1721.33432025,-0.3066470528,0.9422480937,0.1345949516,0.0378664926,339.9766833363,1247.4266689992,6.0
11494,0.0,48.1969755,-1425.3814695,1721.2803345,-0.3090745697,0.941538332,0.1339828142,0.0371889136,337.0374631896,1247.7008568355,6.0
11495,0.0,47.40033125,-1425.53637675,1721.22634875,-0.3115020866,0.9408285703,0.1333706769,0.0365113345,334.0982430429,1247.9750446718,6.0
11496,0.0,45.341854,-1425.755127,1720.410889,-0.3167157618,0.9393120816,0.1318481688,0.0349176253,326.9839927299,1248.2850305067,6.0
11497,0.0,45.341854,-1425.755127,1720.410889,-0.3356452416,0.9349558929,0.1148901654,0.0285011985,295.899057959,1248.2850305067,6.0
11498,0.0,35.789425,-1425.942383,1719.234253,-0.3335896503,0.9342953504,0.1257383924,0.0302269119,305.1934012913,1250.7489561296,6.0
11499,0.0,29.857536,-1425.754761,1719.098999,-0.3346015402,0.9343115806,0.1228970286,0.0294784211,301.6828448601,1251.7220655195,6.0
11500,0.0,24.873875,-1424.845459,1718.674561,-0.3355310855,0.9346375465,0.1177775332,0.028578088,297.3466662483,1252.7277545873,6.0
11501,0.0,22.567368,-1424.46875,1718.57605,-0.3356166667,0.9348770658,0.1156128231,0.0282495557,295.7469151238,1253.1078156452,6.0
11502,0.0,19.480959,-1423.817871,1718.479004,-0.3350269717,0.9354508586,0.112643772,0.0279708886,294.4192711891,1253.5926597784,6.0
11503,0.0,16.865755,-1423.201172,1718.411255,-0.333139797,0.9364234138,0.1101320374,0.0280726773,295.1181441774,1254.3205637638,6.0
11504,0.0,13.541945,-1422.172607,1718.657471,-0.3309518901,0.9374795559,0.107716891,0.0282342778,295.9699832853,1254.3873616917,6.0
11505,0.0,10.305148,-1421.057251,1718.876343,-0.3274565258,0.939042675,0.104742915,0.0286404511,298.1134395507,1254.6098930996,6.0
11506,0.0,7.096696,-1420.16394,1718.946655,-0.3212375248,0.9416161555,0.1008239475,0.0294948363,302.5629437106,1255.0295553476,6.0
11507,0.0,4.248405,-1418.890015,1719.657104,-0.3122079725,0.9450598224,0.0968922801,0.0311666291,310.9509099412,1255.2852766737,6.0
11508,0.0,2.260174,-1418.131226,1719.918213,-0.3035761037,0.9481331845,0.0942603508,0.0329127066,319.4423823091,1255.448553459,6.0
11509,0.0,-1.049158,-1416.931763,1720.156006,-0.2886398765,0.9531293783,0.0907271176,0.0362029303,334.8192420139,1255.7125735053,6.0
11510,0.0,-3.789358,-1415.869995,1720.359009,-0.2720803324,0.9582357429,0.0880712988,0.0402843485,352.9971371179,1256.3379544992,6.0
11511,0.0,-9.799747,-1413.426147,1720.576416,-0.2438224415,0.9661701717,0.0840584107,0.0478164151,383.6829348421,1255.8091663062,6.0
11512,0.0,-12.815624,-1412.046631,1720.40686,-0.2279211004,0.9702270315,0.0819236188,0.052238938,400.6499511078,1256.0302089104,6.0
11513,0.0,-15.644997,-1410.842773,1720.462769,-0.2133501527,0.9736683418,0.0803223038,0.0565428517,416.388433657,1256.0945130794,6.0
11514,0.0,-18.908298,-1409.257446,1720.380981,-0.1995550223,0.9767041757,0.0789097345,0.0606707372,430.5830088375,1255.2825075496,6.0
11515,0.0,-20.3761355,-1408.387573,1719.9009395,-0.1928402408,0.97807567,0.0783154047,0.0628899704,437.9776803545,1255.0402747529,6.0
11516,0.0,-23.944368,-1406.40918,1719.141113,-0.1785100426,0.98092414,0.0769545079,0.0676915322,453.6699666275,1254.3959083103,6.0
11517,0.0,-26.375473,-1405.028564,1718.701416,-0.1705346691,0.9823946076,0.0762808073,0.0706461753,463.0967556327,1254.3579045292,6.0
11518,0.0,-28.1590005,-1404.0867305,1718.7348635,-0.1670782525,0.983001474,0.0760301377,0.0719203339,466.9173922244,1253.9243409122,6.0
11519,0.0,-29.942528,-1403.144897,1718.768311,-0.1636218359,0.9836083403,0.0757794681,0.0731944925,470.7380288161,1253.4907772951,6.0
11520,0.0,-35.251736,-1399.926025,1718.305664,-0.156180869,0.9848785207,0.0749789009,0.0762652802,479.9124604409,1252.927666997,6.0
11521,0.0,-37.974186,-1398.234253,1718.160645,-0.1533227777,0.9853477865,0.0747118835,0.0775235218,483.597506108,1252.6703212228,6.0
11522,0.0,-41.243855,-1396.335571,1718.182617,-0.1502287494,0.9858837283,0.0739229136,0.0787837368,487.172324202,1252.2071908476,6.0
11523,0.0,-44.202965,-1394.55127,1718.02063,-0.1441881639,0.9867977795,0.0737557846,0.0812346199,494.217561489,1251.8049376687,6.0
11524,0.0,-47.18541,-1392.723633,1717.995483,-0.1382501253,0.9876471977,0.0737557846,0.0837073016,501.1942785111,1251.3923941866,6.0
11525,0.0,-50.189678,-1390.80896,1718.016724,-0.1262211848,0.9892564363,0.0737557846,0.0886810747,515.0409708915,1251.0069551053,6.0
11526,0.0,-52.537445,-1389.257812,1718.236084,-0.1122306723,0.9909411488,0.0737557846,0.0945990222,531.0080602947,1250.7329686245,6.0
11527,0.0,-55.398499,-1387.293091,1718.714478,-0.0878680226,0.9933978533,0.0737557846,0.1053232222,558.5974811384,1250.458659155,6.0
11528,0.0,-58.280827,-1385.214233,1719.315918,-0.0533796011,0.9958467264,0.0737557846,0.1213463472,596.9340651074,1250.2292315352,6.0
11529,0.0,-59.901537,-1384.1452025,1719.699341,-0.0353012181,0.9964871651,0.0737557846,0.1302386283,616.3924739629,1249.9355327987,6.0
11530,0.0,-61.522247,-1383.076172,1720.082764,-0.0172228351,0.9971276038,0.0737557846,0.1391309094,635.8508828185,1249.6418340621,6.0
11531,0.0,-62.447575,-1382.505615,1720.103638,-0.0093231701,0.9972327525,0.0737557846,0.1431362098,644.1269821344,1249.4149885925,6.0
11532,0.0,-67.19622,-1379.469849,1720.477783,0.0273859206,0.996955297,0.073007856,,,,
11533,0.0,-72.351074,-1377.051147,1719.103882,0.0516470946,0.996008429,0.0727996353,,,,
11534,0.0,-77.404686,-1374.667847,1717.579102,0.0740782011,0.9945916917,0.0727996353,,,,
11535,0.0,-80.487282,-1373.289307,1717.391724,0.0791540847,0.9942006068,0.0727996179,,,,
11536,0.0,-82.410172,-1372.188354,1715.985596,0.0793756859,0.9941829377,0.0727996353,,,,
11537,0.0,-85.247498,-1370.754517,1714.462646,0.0793756859,0.9941829377,0.0727996353,,,,
11538,0.0,-87.747963,-1369.439331,1712.269165,0.0839318783,0.9938086601,0.0727996353,,,,
11539,0.0,-88.745247,-1369.063721,1711.299316,0.0862739433,0.9936080816,0.0727996353,,,,
11540,0.0,-90.0771675,-1368.1860965,1709.3706665,0.0941376326,0.992896395,0.0723346007,,,,
11541,0.0,-91.409088,-1367.308472,1707.442017,0.1020013219,0.9921847085,0.0718695661,,,,
11542,0.0,-91.6465645,-1367.171448,1707.442017,0.1032071736,0.9920602068,0.0718564926,,,,
11543,0.0,-91.884041,-1367.034424,1707.442017,0.1044130252,0.9919357052,0.0718434191,,,,
11544,0.0,-92.802269,-1366.911865,1704.428589,0.1449990993,0.9872846585,0.0651480186,,,,
11545,0.0,-94.976395,-1365.813843,1704.807861,0.1118515028,0.9911244962,0.0718434016,,,,
11546,0.0,-95.672508,-1365.103027,1705.092041,0.1164335669,0.9905966624,0.0718434191,,,,
11547,0.0,-95.92852,-1364.924805,1705.7677,0.1356832315,0.9883384379,0.0691172402,,,,
11548,0.0,-95.94191,-1364.827637,1706.217163,0.14247598,0.9875768386,0.0662765649,,,,
11549,0.0,-96.398735,-1364.046997,1706.202515,0.1450612819,0.9872829165,0.0650358926,,,,
11550,0.0,-96.202827,-1364.314941,1707.064209,0.1460652053,0.9873001672,0.062476681,,,,
11551,0.0,-96.239426,-1364.769897,1707.573486,0.1439433462,0.9876243252,0.062277648,,,,
11552,0.0,-96.105362,-1364.771484,1707.573608,0.1407207112,0.9880886478,0.062277648,,,,
11553,0.0,-95.985275,-1364.791382,1707.575562,0.1388468846,0.9883537005,0.062277648,,,,
11554,0.0,-95.714561,-1364.772583,1707.563599,0.1364999399,0.9886805657,0.062277648,,,,
11555,0.0,-95.70343,-1364.772156,1707.560791,0.1364999399,0.9886805657,0.062277648,,,,
11556,0.0,-95.692299,-1364.771729,1707.557983,0.1364999399,0.9886805657,0.062277648,,,,
11557,0.0,-95.685097,-1364.791504,1707.526978,0.1342596769,0.9889872779,0.0622776306,,,,
11558,0.0,-95.641243,-1364.858765,1707.490112,0.1328925919,0.9891719029,0.062277648,,,,
11559,0.0,-95.580521,-1364.969727,1707.450806,0.1327073954,0.989196766,0.062277648,,,,
11560,0.0,-95.487007,-1365.133301,1707.397461,0.1327073954,0.989196766,0.062277648,,,,
11561,0.0,-95.289711,-1365.496582,1707.343018,0.1327073954,0.989196766,0.062277648,,,,
11562,0.0,-95.087898,-1365.836914,1707.270508,0.1327073954,0.989196766,0.062277648,,,,
11563,0.0,-95.025185,-1366.092651,1707.191406,0.1318224752,0.9892589201,0.0631634702,,,,
11564,0.0,-95.23661,-1365.044067,1706.751221,0.1307983524,0.9893289398,0.0641875366,,,,
11565,0.0,-95.161751,-1365.125732,1706.623413,0.1307945048,0.9893292055,0.0641912813,,,,
11566,0.0,-95.077248,-1365.259155,1706.517456,0.1307894206,0.9892887558,0.0648219488,,,,
11567,0.0,-94.958252,-1365.468872,1706.376343,0.1301001626,0.9893582179,0.0651480186,,,,
11568,0.0,-94.968903,-1365.442139,1706.380127,0.1291429109,0.9894376153,0.0658431013,,,,
11569,0.0,-94.767456,-1365.901245,1706.481689,0.1280673833,0.9895052695,0.0669183605,,,,
11570,0.0,-94.783943,-1366.118164,1706.557007,0.127924243,0.9895141084,0.0670612953,,,,
11571,0.0,-94.807663,-1366.301514,1706.627319,0.127924243,0.9895141084,0.0670612953,,,,
11572,0.0,-94.836754,-1366.526611,1706.707275,0.127924243,0.9895141084,0.0670612953,,,,
11573,0.0,-94.808876,-1366.35437,1706.646606,0.1286798812,0.9893637186,0.0678300861,,,,
11574,0.0,-94.843895,-1366.68103,1706.775024,0.1297444562,0.9892117824,0.0680178329,,,,
11575,0.0,-94.85051,-1366.735107,1706.804321,0.129804813,0.9891408207,0.0689285674,,,,
11576,0.0,-94.853966,-1366.810059,1706.821411,0.1307209784,0.9889514562,0.0699073896,,,,
11577,0.0,-94.846832,-1366.838867,1706.827881,0.1322880388,0.9885709103,0.0723009684,,,,
11578,0.0,-94.807831,-1366.564941,1706.730103,0.1325857937,0.9882903511,0.0755194631,,,,
11579,0.0,-94.722427,-1365.928467,1706.501221,0.1325788166,0.9882372967,0.0762227178,,,,
11580,0.0,-94.782043,-1366.372925,1706.631958,0.1325485479,0.9880107592,0.0791556825,,,,
11581,0.0,-94.78746,-1366.020996,1706.277466,0.1257240007,0.9887982613,0.0804454732,,,,
11582,0.0,-94.768303,-1365.167603,1706.316528,0.1151108462,0.9899268651,0.0824275132,,,,
11583,0.0,-94.780342,-1365.0946453333,1706.59672,0.1126855385,0.9901609253,0.0828915381,,,,
11584,0.0,-94.792381,-1365.0216876667,1706.876912,0.1102602308,0.9903949854,0.083355563,,,,
11585,0.0,-94.828873,-1364.8927,1707.156982,0.1041649293,0.9909704295,0.0844231923,,,,
11586,0.0,-95.730186,-1364.457153,1712.460327,-0.0093121978,0.9961446716,0.0872300192,0.1407955811,714.4267582879,1396.3671668524,6.0
11587,0.0,-96.30558,-1364.540771,1714.692383,-0.085488372,0.9925133057,0.0872300192,0.1054965907,625.4087483209,1398.9334148277,6.0
11588,0.0,-97.363953,-1364.72644,1717.987305,-0.2361920041,0.9678681162,0.0862823665,0.0503435321,439.1998018402,1401.881314025,6.0
11589,0.0,-97.795868,-1364.681396,1719.589966,-0.2964065162,0.9513030992,0.084649812,0.0340767797,362.9127228795,1402.1344006059,6.0
11590,0.0,-98.030807,-1364.668823,1721.007324,-0.3297537889,0.9403208814,0.0840183232,0.0266117014,321.4840722963,1402.8681844499,6.0
11591,0.0,-98.914307,-1363.983765,1722.265625,-0.3697571644,0.9253769867,0.0834090631,0.0191461866,273.7660070822,1405.7631851766,6.0
11592,0.0,-99.093159,-1363.8428955,1722.2647095,-0.3697571644,0.9253769867,0.0834090631,0.0192074989,274.4162246182,1406.8730389886,6.0
11593,0.0,-99.272011,-1363.702026,1722.263794,-0.3697571644,0.9253769867,0.0834090631,0.0192688113,275.0664421542,1407.9828928006,6.0
11594,0.0,-100.039612,-1362.485352,1721.994751,-0.3697571644,0.9253769867,0.0834090631,0.0194081847,276.2302719021,1408.9037430173,6.0
11595,0.0,-100.3720665,-1362.117798,1721.7598265,-0.3697571644,0.9253769867,0.0834090631,0.019466758,276.7507337568,1409.4547789399,6.0
11596,0.0,-100.857956,-1361.686768,1721.524902,-0.3697571644,0.9253769867,0.0834090631,0.0195683169,277.6658980643,1410.4765662194,6.0
11597,0.0,-102.240829,-1360.384521,1720.873047,-0.3697571644,0.9253769867,0.0834090631,0.0197702627,279.2808929356,1411.4880797733,6.0
11598,0.0,-103.690918,-1359.718994,1720.505249,-0.3697571644,0.9253769867,0.0834090631,0.0199003533,280.3281688738,1412.1889982289,6.0
11599,0.0,-104.480484,-1359.439453,1720.478882,-0.3697571644,0.9253769867,0.0834090631,0.0198268531,314.4972927227,1587.549341856,5.5
11600,0.0,-105.68499,-1359.019043,1720.414062,-0.3697571644,0.9253769867,0.0834090631,0.0197051912,348.0220554215,1761.7793543512,5.0
11601,0.0,-108.166611,-1357.8479,1720.252441,-0.3697571644,0.9253769867,0.0834090631,0.0194610216,344.5204837395,1754.8521563175,5.0
11602,0.0,-109.789482,-1357.029175,1720.042114,-0.3697571644,0.9253769867,0.0834090631,0.0193182931,342.4901697285,1750.8800309723,5.0
11603,0.0,-111.0014305,-1356.506348,1720.0025025,-0.3697571644,0.9253769867,0.0834090631,0.0192183861,341.0337575991,1747.9146191972,5.0
11604,0.0,-112.213379,-1355.983521,1719.962891,-0.3697571644,0.9253769867,0.0834090631,0.019118479,339.5773454698,1744.949207422,5.0
11605,0.0,-117.307808,-1353.813843,1720.231079,-0.4018997017,0.9117462938,0.084825265,0.0139156471,288.1570010228,1733.3195153814,5.0
11606,0.0,-120.884941,-1352.363403,1720.324829,-0.4071208831,0.9092215402,0.0869987208,0.0132648578,280.1135358812,1725.4914412477,5.0
11607,0.0,-123.62426,-1351.348999,1720.39856,-0.4095298841,0.9078155943,0.0903112444,0.0131807126,278.3237682118,1719.8939390331,5.0
11608,0.0,-126.17347,-1350.372803,1720.421509,-0.4132711605,0.9057414448,0.0940179933,0.0130172211,275.7603653686,1714.6506671231,5.0
11609,0.0,-128.827881,-1349.368774,1720.500366,-0.4188402305,0.9027712981,0.0978613543,0.0127062046,271.6004466062,1709.1946298476,5.0
11610,0.0,-131.23201,-1348.484985,1720.619629,-0.4270568669,0.8984553248,0.1019826544,0.0122391648,265.7386208564,1703.7141087195,5.0
11611,0.0,-134.228516,-1347.305542,1720.694946,-0.4349868726,0.8942034162,0.1057670607,0.0118605382,260.7347204719,1697.9435447329,5.0
11612,0.0,-137.157516,-1346.135498,1720.730835,-0.4474713694,0.8875396056,0.109739793,0.0112791544,253.4163627089,1692.0354975917,5.0
11613,0.0,-140.05751,-1345.083618,1720.90918,-0.4651490434,0.8776692734,0.1154686709,0.0109263419,248.5910020269,1686.252394897,5.0
11614,0.0,-142.295334,-1344.482178,1721.251465,-0.4745050117,0.8724174302,0.1171871214,0.0107632715,246.1272419954,1682.0709198055,5.0
11615,0.0,-145.54509,-1343.460693,1721.367676,-0.4886778074,0.8642820025,0.119208308,0.0106697882,244.1875979571,1676.0704270585,5.0
11616,0.0,-148.731293,-1342.449829,1721.436157,-0.5039927891,0.8552765786,0.1203878842,0.0107812736,244.6175243913,1670.364546055,5.0
11617,0.0,-149.697464,-1341.979858,1721.307861,-0.507795256,0.8529890751,0.1206383675,0.0108512713,245.1376834367,1668.5381414031,5.0
11618,0.0,-155.631409,-1339.991455,1720.756714,-0.5152471347,0.8483835606,0.1215142967,0.0111722702,247.2936508989,1658.9896159572,5.0
11619,0.0,-157.123611,-1339.494019,1720.897461,-0.5155861801,0.8481718293,0.1215542629,0.0112268948,247.6379089681,1657.2753922824,5.0
11620,0.0,-161.430923,-1338.152344,1720.526489,-0.5155595631,0.8481280426,0.1219719654,0.0113534068,247.993105087,1650.4322487151,5.0
11621,0.0,-164.447159,-1337.250854,1720.380249,-0.5155342521,0.848086938,0.1223641308,0.0114862964,248.7942524051,1646.2130481432,5.0
11622,0.0,-168.436874,-1336.007568,1720.382324,-0.5155254093,0.8480718574,0.1225058246,0.0116291878,249.5827191656,1641.3119482331,5.0
11623,0.0,-171.94165,-1335.01355,1720.229248,-0.5155254093,0.8480718574,0.1225058246,0.011720728,249.9894041786,1637.5916474813,5.0
11624,0.0,-174.227509,-1334.407227,1720.093018,-0.5149262149,0.8483413668,0.1231581036,0.0118488289,251.0001302652,1635.3530741906,5.0
11625,0.0,-178.122528,-1333.325317,1720.11499,-0.5117442386,0.8500998007,0.1242906401,0.0119913142,251.9569911155,1631.8637033644,5.0
11626,0.0,-181.609467,-1332.204102,1720.187134,-0.5045323306,0.8542551245,0.1252809228,0.0119439707,250.9094100485,1628.2769463107,5.0
11627,0.0,-185.144211,-1331.041626,1720.293335,-0.4967975344,0.8587648796,0.1253598477,0.0117914534,248.809376702,1624.9952888275,5.0
11628,0.0,-188.209015,-1330.061157,1720.264038,-0.4903396847,0.8624684934,0.1253598477,0.0116820844,247.2764570452,1622.4812479457,5.0
11629,0.0,-189.372589,-1329.702637,1720.264038,-0.4884730013,0.8635270903,0.1253598477,0.0116592498,246.9031002631,1621.607831468,5.0
11630,0.0,-194.758423,-1327.804321,1721.032227,-0.4786662896,0.8690014337,0.1253598477,0.0116389652,246.1156267052,1617.8355810841,5.0
11631,0.0,-198.23877,-1326.636108,1721.235107,-0.4670309386,0.8751982358,0.1261354447,0.0117485246,246.9586615179,1615.8347374365,5.0
11632,0.0,-201.532349,-1325.721313,1721.339478,-0.4507957025,0.88334802,0.1283725445,0.0122804043,252.2262376791,1614.3822336655,5.0
11633,0.0,-205.174271,-1324.505737,1721.256958,-0.4348667447,0.8909608978,0.1306889171,0.0130547149,259.7263567584,1612.6472230996,5.0
11634,0.0,-208.808807,-1323.503296,1721.378174,-0.422687158,0.8965273067,0.1325683022,0.0138208301,266.9595767768,1611.2733714127,5.0
11635,0.0,-216.203079,-1321.601807,1720.860229,-0.4034187546,0.9049120582,0.1356004253,0.015159544,279.1220559514,1609.1194523566,5.0
11636,0.0,-219.633301,-1320.602417,1720.723511,-0.395078684,0.9083329659,0.1372736556,0.015869285,285.3742903295,1608.2406113662,5.0
11637,0.0,-222.739639,-1319.700562,1720.7052,-0.3897860215,0.9104326154,0.1384893869,0.0163172626,289.2536259975,1607.7519817725,5.0
11638,0.0,-224.7482985,-1319.110291,1720.6177365,-0.387780654,0.9112131372,0.1389673484,0.0164489499,290.300706196,1607.1687375201,5.0
11639,0.0,-228.615005,-1318.244385,1720.091064,-0.384725428,0.9124112368,0.1396140395,0.0165598334,291.0630172074,1606.0146146734,5.0
11640,0.0,-234.388351,-1316.469971,1719.70752,-0.381678993,0.9136898165,0.1396139877,0.0164495278,289.9048875,1604.9340511586,5.0
11641,0.0,-237.958344,-1315.422363,1719.473999,-0.3815651104,0.9137373728,0.1396140395,0.0162406571,287.9568178367,1604.2833446377,5.0
11642,0.0,-238.8170066667,-1315.0973306667,1719.4916993333,-0.3814446476,0.9137876494,0.1396140337,0.0162017527,287.5989047246,1604.1983288485,5.0
11643,0.0,-239.6756693333,-1314.7722983333,1719.5093996667,-0.3813241848,0.9138379261,0.139614028,0.0161628483,287.2409916125,1604.1133130593,5.0
11644,0.0,-247.715149,-1312.206543,1719.811646,-0.3803487926,0.9142443468,0.1396140049,0.0158466177,284.1799048889,1602.6454444885,5.0
11645,0.0,-251.16893,-1310.972656,1720.216064,-0.3799489634,0.9144105807,0.1396140222,0.0157487803,283.1683206896,1601.853795429,5.0
11646,0.0,-255.397705,-1309.472778,1720.683472,-0.3784582275,0.915028576,0.1396140222,0.0156787947,282.451608431,1601.3332758511,5.0
11647,0.0,-257.71283,-1308.664429,1721.039551,-0.3774051208,0.9154634317,0.1396140395,0.0156606248,282.2681268818,1601.2138000316,5.0
11648,0.0,-260.644073,-1307.710205,1724.294922,-0.3727145612,0.9172808593,0.1402842863,0.0162607883,287.5688505099,1601.137961118,5.0
11649,0.0,-263.466614,-1306.772705,1729.674072,-0.3489343286,0.9262645016,0.1424040287,0.018829547,309.4029842384,1601.9303905007,5.0
11650,0.0,-265.821564,-1306.004517,1733.494019,-0.330860808,0.932642419,0.1439070672,0.0210851705,327.2515309948,1602.0629503043,5.0
11651,0.0,-268.628723,-1305.014404,1737.750854,-0.2944244808,0.9441052104,0.1482551074,0.0262719721,265.3416903354,1165.2403100758,6.0
11652,0.0,-271.73114,-1303.723877,1741.589233,-0.2543112328,0.954904397,0.1532429101,0.0330590681,295.6856514429,1159.5494853187,6.0
11653,0.0,-274.887909,-1302.605835,1745.422729,-0.2022705365,0.9661766392,0.1599666591,0.0440148162,338.593829859,1153.9760965985,6.0
11654,0.0,-278.078552,-1301.785767,1749.108765,-0.1636045714,0.9726507628,0.1648758255,0.0536680581,371.3053123261,1148.8538054951,6.0
11655,0.0,-280.976074,-1300.727051,1752.219971,-0.1211261929,0.9779159423,0.1703198616,0.0657261676,407.8056173386,1143.7341018177,6.0
11656,0.0,-284.093292,-1299.699585,1755.332886,-0.0923256454,0.980363241,0.1742523767,0.0747101218,431.8220877927,1138.5892174728,6.0
11657,0.0,-287.056946,-1298.926758,1758.378296,-0.0601772623,0.9819390359,0.1793723137,0.0857282599,459.3337264087,1133.8733190874,6.0
11658,0.0,-290.578522,-1298.075928,1762.063477,-0.0366230517,0.9825940237,0.1821201163,0.0939380136,477.5044622194,1128.4653752605,6.0
11659,0.0,-293.907349,-1296.990112,1764.988525,-0.0141569881,0.982975464,0.1831906569,0.1016556499,493.3189715853,1122.9865631255,6.0
11660,0.0,-295.513077,-1296.46582,1766.2872925,-0.0069336673,0.9831896768,0.1823101367,0.1038000769,497.0027835314,1120.3499058781,6.0
11661,0.0,-297.118805,-1295.941528,1767.58606,0.0002896535,0.9834038897,0.1814296165,0.1059445039,500.6865954774,1117.7132486307,6.0
11662,0.0,-297.801971,-1295.911743,1768.580322,0.0040563176,0.9834776794,0.1809839784,0.1071505634,502.8263267301,1116.5103254072,6.0
11663,0.0,-306.863098,-1292.849121,1774.962891,0.0381770126,0.9835243282,0.1766986463,0.1172118099,517.5378817911,1101.6806594917,6.0
11664,0.0,-307.857574,-1292.465698,1775.428223,0.0422572511,0.9832320369,0.1773952827,0.1187243,519.8357792848,1099.9428883256,6.0
11665,0.0,-312.443542,-1290.685913,1777.47876,0.0563114657,0.9808217358,0.186595127,0.1254191994,529.4494881163,1091.9190385303,6.0
11666,0.0,-315.891785,-1289.337036,1778.867798,0.058326662,0.9800845355,0.1898217685,0.1259988093,527.6491971143,1085.8682375822,6.0
11667,0.0,-319.897369,-1287.75769,1779.836792,0.058326662,0.9800845355,0.1898217685,0.1245514501,521.418417621,1078.8458518101,6.0
11668,0.0,-323.120605,-1286.486694,1780.87854,0.058326662,0.9800845355,0.1898217685,0.1234373031,516.4676182063,1073.0954299091,6.0
11669,0.0,-326.297089,-1285.240112,1781.401978,0.058326662,0.9800845355,0.1898217685,0.1222158937,511.3563243807,1067.4239875391,6.0
11670,0.0,-329.632507,-1283.940674,1781.646729,0.058326662,0.9800845355,0.1898217685,0.1208510314,505.8253290274,1061.4383802641,6.0
11671,0.0,-332.701599,-1282.734619,1781.68335,0.058326662,0.9800845355,0.1898217685,0.1195501992,500.65951947,1055.9332222186,6.0
11672,0.0,-336.167664,-1281.378662,1781.526123,0.058326662,0.9800845355,0.1898217685,0.1180340504,494.7677247298,1049.7643633362,6.0
11673,0.0,-339.186554,-1280.241821,1781.195435,0.058326662,0.9800845355,0.1898217685,0.1166428571,489.4821084243,1044.3387814525,6.0
11674,0.0,-342.449554,-1278.989624,1780.666016,0.058326662,0.9800845355,0.1898217685,0.1151110579,483.7644407714,1038.5622586583,6.0
11675,0.0,-345.674957,-1277.794189,1779.933228,0.058326662,0.9800845355,0.1898217685,0.1135195916,477.9400391057,1032.7895976886,6.0
11676,0.0,-348.496521,-1276.734741,1779.076782,0.0675724216,0.9813677612,0.1798646302,0.1127190778,473.7853732913,1027.2228242027,6.0
11677,0.0,-354.541443,-1274.480957,1776.860107,0.1091807221,0.9803875149,0.164072821,0.1216724396,486.0367225451,1016.6870932748,6.0
11678,0.0,-356.421997,-1273.8234865,1775.903015,0.1360355386,0.9772343866,0.160510028,0.1312362079,501.3231058387,1013.2001422663,6.0
11679,0.0,-358.302551,-1273.166016,1774.945923,0.1628903551,0.9740812582,0.156947235,0.1407999763,516.6094891323,1009.7131912578,6.0
11680,0.0,-359.71199,-1272.6862795,1774.112671,0.1994866066,0.9658723146,0.1608534568,,,,
11681,0.0,-361.608154,-1272.144653,1772.871826,0.2522881733,0.9531786344,0.1667368242,,,,
11682,0.0,-367.976715,-1270.438965,1768.181396,0.4450979552,0.8777711611,0.1772162493,,,,
11683,0.0,-372.026855,-1268.541382,1764.767822,0.5396772005,0.8232124275,0.1762663281,,,,
11684,0.0,-374.499146,-1266.338501,1761.942261,0.5954229486,0.7848870693,0.1715336726,,,,
11685,0.0,-376.253754,-1264.579712,1759.716675,0.6228375308,0.7642704816,0.1672245232,,,,
11686,0.0,-378.967407,-1261.577271,1755.945435,0.6476346767,0.7445512865,0.1619033886,,,,
11687,0.0,-381.256775,-1259.012817,1752.56958,0.6514112385,0.7417160179,0.1597521428,,,,
11688,0.0,-381.967794,-1258.1878253333,1751.464274,0.650026977,0.74299423,0.1594277037,,,,
11689,0.0,-382.678813,-1257.3628336667,1750.358968,0.6486427156,0.7442724422,0.1591032646,,,,
11690,0.0,-383.769196,-1255.981567,1748.429443,0.6457815519,0.7469011557,0.1584451038,,,,
11691,0.0,-389.285675,-1249.320312,1737.268799,0.6288816939,0.7618458928,0.1552374012,,,,
11692,0.0,-392.06546,-1246.077026,1732.377197,0.6275431579,0.763021211,0.1548812981,,,,
11693,0.0,-393.888977,-1243.883423,1728.342407,0.6275431579,0.763021211,0.1548812981,,,,
11694,0.0,-396.799713,-1240.439575,1721.67627,0.6275431579,0.763021211,0.1548812981,,,,
11695,0.0,-398.3992,-1238.546997,1718.320068,0.6275431579,0.763021211,0.1548812981,,,,
11696,0.0,-400.804047,-1235.734375,1712.497925,0.6275431579,0.763021211,0.1548812981,,,,
11697,0.0,-403.169647,-1233.203247,1706.179443,0.6276177322,0.7631117762,0.1541311105,,,,
11698,0.0,-403.714447,-1227.869263,1698.176025,0.6271952914,0.763827569,0.1522941605,,,,
11699,0.0,-403.642303,-1224.101562,1687.804443,0.6271780904,0.7640692195,0.1511485057,,,,
11700,0.0,-403.423004,-1221.204834,1681.609985,0.6270000539,0.7644805471,0.1498012865,,,,
11701,0.0,-403.161652,-1218.015991,1674.972778,0.6267628389,0.7649600525,0.1483390098,,,,
11702,0.0,-403.055176,-1215.150269,1668.489014,0.6268087733,0.7651138999,0.1473481656,,,,
11703,0.0,-402.667847,-1212.89978,1666.03772,0.6269684092,0.765308841,0.1456468047,,,,
11704,0.0,-402.541901,-1210.915161,1665.268799,0.6271574092,0.7655394621,0.1436068107,,,,
11705,0.0,-402.399994,-1209.09082,1665.643555,0.6273463534,0.7657696606,0.1415393225,,,,
11706,0.0,-402.259827,-1206.229858,1666.128296,0.62868972,0.7652607103,0.1382941834,,,,
11707,0.0,-402.170959,-1204.080566,1666.280273,0.6296512939,0.7647830796,0.136550684,,,,
11708,0.0,-402.120148,-1201.238037,1666.604736,0.6312627584,0.7638334166,0.1344092314,,,,
11709,0.0,-402.126007,-1198.384521,1666.839111,0.6336366908,0.7620949272,0.1331009615,,,,
11710,0.0,-402.145569,-1195.792969,1667.068726,0.6366672775,0.7601374984,0.1297912219,,,,
11711,0.0,-402.08429,-1192.954224,1667.33606,0.63934347,0.7582896304,0.1274235609,,,,
11712,0.0,-402.180115,-1189.877319,1667.571899,0.6434116931,0.7554886934,0.1235241969,,,,
11713,0.0,-402.201141,-1187.762329,1667.655029,0.6462672725,0.75339456,0.1213888356,,,,
11714,0.0,-402.294189,-1184.451782,1667.893677,0.6507058457,0.7502149557,0.1173005654,,,,
11715,0.0,-402.433136,-1181.645142,1668.005859,0.6566282265,0.7455815736,0.1137870344,,,,
11716,0.0,-402.413666,-1178.520264,1668.128418,0.6622299486,0.7410860332,0.1106480301,,,,
11717,0.0,-402.511444,-1175.358154,1668.250122,0.6667884787,0.7374094157,0.1077983224,,,,
11718,0.0,-402.728973,-1171.822266,1668.506714,0.6709932976,0.7339182561,0.1055082361,,,,
11719,0.0,-402.847961,-1168.456787,1668.737915,0.6727157481,0.7324944258,0.1044291074,,,,
11720,0.0,-402.989441,-1165.134277,1669.073608,0.6727487696,0.7324671513,0.1044076877,,,,
11721,0.0,-403.162384,-1159.568726,1669.984375,0.6727487696,0.7324671513,0.1044076877,,,,
11722,0.0,-403.206833,-1157.414856,1670.3672485,0.6723415468,0.7327077786,0.1053331636,,,,
11723,0.0,-403.276245,-1152.740845,1671.312866,0.6692018893,0.7351326211,0.1083921613,,,,
11724,0.0,-403.316254,-1149.730591,1671.682251,0.6647336083,0.7386257069,0.1120771837,,,,
11725,0.0,-403.343903,-1147.376404,1671.888733,0.6619205264,0.74077583,0.1144303825,,,,
11726,0.0,-403.416901,-1142.326904,1672.914917,0.6562508239,0.7450046241,0.1195950093,,,,
11727,0.0,-403.472137,-1138.971436,1673.28479,0.6528493477,0.7473599813,0.1234535845,,,,
11728,0.0,-403.518433,-1135.404175,1673.452148,0.6502753913,0.7491985495,0.1258707627,,,,
11729,0.0,-403.51004,-1131.92041,1673.813599,0.6496795096,0.7495191899,0.1270335338,,,,
11730,0.0,-403.485321,-1128.278442,1674.164307,0.6490917777,0.749989502,0.1272619782,,,,
11731,0.0,-403.506683,-1124.662842,1674.197266,0.6489414023,0.7501196207,0.1272619782,,,,
11732,0.0,-403.284576,-1120.886841,1674.662109,0.6489414023,0.7501196207,0.1272619782,,,,
11733,0.0,-402.965637,-1117.172485,1674.739746,0.6489414023,0.7501196207,0.1272619782,,,,
11734,0.0,-402.820374,-1114.173218,1674.727661,0.6489414023,0.7501196207,0.1272619782,,,,
11735,0.0,-402.690765,-1110.396851,1674.678101,0.6489414023,0.7501196207,0.1272619782,,,,
11736,0.0,-402.67038,-1107.066284,1674.716187,0.6489414023,0.7501196207,0.1272619782,,,,
11737,0.0,-402.409271,-1103.819702,1674.626709,0.6489414023,0.7501196207,0.1272619782,,,,
11738,0.0,-402.360199,-1100.34668,1674.612549,0.6489414023,0.7501196207,0.1272619782,,,,
11739,0.0,-402.143585,-1097.122559,1674.55481,0.6489414023,0.7501196207,0.1272619782,,,,
11740,0.0,-401.544373,-1094.602417,1674.145386,0.6489414023,0.7501196207,0.1272619782,,,,
11741,0.0,-401.258728,-1090.548462,1673.937256,0.6489414023,0.7501196207,0.1272619782,,,,
11742,0.0,-401.105408,-1086.949951,1673.596069,0.6489414023,0.7501196207,0.1272619782,,,,
11743,0.0,-401.151215,-1084.616943,1673.615356,0.6489414023,0.7501196207,0.1272619782,,,,
11744,0.0,-401.205139,-1080.061157,1673.898193,0.6489414023,0.7501196207,0.1272619782,,,,
11745,0.0,-401.195282,-1077.898926,1674.244385,0.6489414023,0.7501196207,0.1272619782,,,,
11746,0.0,-401.170746,-1073.723511,1674.681885,0.6489414023,0.7501196207,0.1272619782,,,,
11747,0.0,-401.164154,-1069.794067,1674.808716,0.6489414023,0.7501196207,0.1272619782,,,,
11748,0.0,-401.341553,-1066.885986,1675.067261,0.6489414023,0.7501196207,0.1272619782,,,,
11749,0.0,-401.559448,-1062.835693,1675.345581,0.6489414023,0.7501196207,0.1272619782,,,,
11750,0.0,-401.927612,-1058.807373,1675.68335,0.6489414023,0.7501196207,0.1272619782,,,,
11751,0.0,-402.266724,-1054.536255,1675.729614,0.6420631533,0.7558640202,0.1281580671,,,,
11752,0.0,-402.542633,-1052.093872,1675.726929,0.6212927522,0.7727878812,0.1295924638,,,,
11753,0.0,-402.878876,-1047.32666,1675.681152,0.5884364627,0.7977352706,0.1317610236,,,,
11754,0.0,-403.55069,-1043.174683,1675.31543,0.529449595,0.8377435483,0.1336745063,,,,
11755,0.0,-404.313202,-1038.918701,1675.075928,0.3721669456,0.9180661281,0.136551635,,,,
11756,0.0,-405.33078,-1035.332031,1674.953247,0.2148258767,0.9670903156,0.1363310828,0.0854883048,497.2170771183,1229.0333618581,5.0
11757,0.0,-407.463043,-1031.516235,1675.789185,0.0551119108,0.9891929993,0.1358671682,0.0335713108,314.1920542023,1222.8465068406,5.0
11758,0.0,-408.922211,-1028.264526,1676.619751,-0.1379029814,0.9815957911,0.1321077993,0.0060276206,133.4311142806,1217.0953159019,5.0
11759,0.0,-410.040894,-1025.747192,1677.404541,-0.3164685003,0.9398964566,0.1282276851,0.0136485044,80.5857184673,489.4265209324,6.0
11760,0.0,-411.34549,-1024.122192,1676.967773,-0.4702749988,0.8739679136,0.1225622762,0.035005385,127.4033310052,485.7722159063,6.0
11761,0.0,-411.640839,-1022.779663,1676.9211425,-0.5365875902,0.831591862,0.1196972654,0.0569426414,157.2182413536,483.1166210193,6.0
11762,0.0,-412.133392,-1020.720764,1676.744019,-0.6324945233,0.7658998172,0.1155341855,0.0926903714,201.3951737837,478.9841551169,6.0
11763,0.0,-412.369812,-1012.87915,1676.393921,-0.7960858733,0.5947234648,0.1120325072,,,,
11764,0.0,-412.199753,-1010.9034115,1676.380005,-0.8044458728,0.5831918058,0.1120325245,,,,
11765,0.0,-412.029694,-1008.927673,1676.366089,-0.8128058724,0.5716601467,0.1120325418,,,,
11766,0.0,-411.775696,-1005.312744,1676.369263,-0.8134786814,0.570702329,0.1120325245,,,,
11767,0.0,-410.909637,-998.653931,1675.734863,-0.8134786814,0.570702329,0.1120325245,,,,
11768,0.0,-410.609192,-994.607239,1675.472778,-0.8134786814,0.570702329,0.1120325245,,,,
11769,0.0,-410.466614,-991.429932,1675.221436,-0.8134786814,0.570702329,0.1120325245,,,,
11770,0.0,-410.372925,-987.279175,1675.02771,-0.8134786814,0.570702329,0.1120325245,,,,
11771,0.0,-410.349213,-984.595032,1674.894775,-0.8134786814,0.570702329,0.1120325245,,,,
11772,0.0,-410.429535,-981.005188,1674.664429,-0.8134786814,0.570702329,0.1120325245,,,,
11773,0.0,-410.561005,-977.335327,1674.487915,-0.8134786814,0.570702329,0.1120325245,,,,
11774,0.0,-410.697266,-973.838135,1674.453979,-0.8028501371,0.5855598781,0.1120325245,,,,
11775,0.0,-410.783249,-972.1257935,1674.410217,-0.8011023702,0.5881083871,0.1111448602,,,,
11776,0.0,-410.869232,-970.413452,1674.366455,-0.7993546033,0.5906568962,0.110257196,,,,
11777,0.0,-411.766357,-964.407654,1674.687134,-0.8158608921,0.5683567584,0.1064969481,,,,
11778,0.0,-411.9811603333,-963.112956,1674.6480713333,-0.8254446362,0.5536863774,0.1070412035,,,,
11779,0.0,-412.1959636667,-961.818258,1674.6090086667,-0.8350283802,0.5390159963,0.107585459,,,,
11780,0.0,-412.744751,-959.575745,1674.544556,-0.8520583285,0.5120377819,0.1086918335,,,,
11781,0.0,-414.397461,-953.526733,1675.319458,-0.9012931478,0.418978194,0.1101269026,,,,
11782,0.0,-416.222931,-949.664856,1675.525024,-0.9432141411,0.314570006,0.106737038,,,,
11783,0.0,-417.87854,-947.249268,1675.88501,-0.962361991,0.2534060363,0.0982078355,,,,
11784,0.0,-419.264404,-945.624451,1675.7229,-0.9720270409,0.2165733011,0.0908814451,,,,
11785,0.0,-420.74472,-944.226013,1676.378784,-0.9774799184,0.1927793536,0.0858436364,,,,
11786,0.0,-422.498932,-942.838196,1677.193115,-0.9827760286,0.1673427638,0.0784071233,,,,
11787,0.0,-423.799561,-942.166077,1677.582153,-0.9845827882,0.1580245055,0.0749999251,,,,
11788,0.0,-426.442444,-940.754089,1676.926147,-0.9860521952,0.151023656,0.0699494361,,,,
11789,0.0,-428.170685,-940.016174,1676.465088,-0.9862349794,0.1502106604,0.0691181804,,,,
11790,0.0,-429.887878,-939.545227,1676.256592,-0.9863500137,0.1500824954,0.0677413836,,,,
11791,0.0,-432.656464,-939.136292,1675.924683,-0.9863954342,0.1500894066,0.0670612953,,,,
11792,0.0,-434.42868,-939.146729,1676.080322,-0.9863954342,0.1500894066,0.0670612953,,,,
11793,0.0,-437.359711,-939.557434,1676.258179,-0.9863954342,0.1500894066,0.0670612953,,,,
11794,0.0,-437.838379,-939.641296,1676.356323,-0.9864023184,0.1500904541,0.066957612,,,,
11795,0.0,-442.450012,-940.114258,1676.403564,-0.9864573815,0.1500988325,0.0661224247,,,,
11796,0.0,-444.661194,-940.270081,1676.479858,-0.9865767187,0.1493202917,0.0661046787,,,,
11797,0.0,-447.14621,-940.383667,1676.538818,-0.986888547,0.1469036328,0.0668604409,,,,
11798,0.0,-450.512268,-940.441101,1676.185913,-0.9875220213,0.1415771423,0.0689649928,,,,
11799,0.0,-452.890747,-940.507446,1675.937256,-0.9883247548,0.1346554897,0.0712886959,,,,
11800,0.0,-454.042053,-940.486206,1675.938477,-0.9887108931,0.1310591932,0.0726240847,,,,
11801,0.0,-458.409546,-940.47998,1675.742554,-0.9900335724,0.1162206356,0.0795379745,,,,
11802,0.0,-459.963837,-940.429138,1675.706909,-0.9903265561,0.1121493014,0.0817058536,,,,
11803,0.0,-463.558319,-940.240967,1675.666016,-0.990803812,0.1043713889,0.0861070225,,,,
11804,0.0,-468.706573,-939.8479,1675.936401,-0.9909474234,0.0986756418,0.0910292353,,,,
11805,0.0,-471.412323,-939.716858,1676.047852,-0.9908734563,0.0986477545,0.0918608415,,,,
11806,0.0,-476.900024,-939.113953,1676.650513,-0.9908602649,0.0986464412,0.0920044299,,,,
11807,0.0,-480.025635,-938.900574,1676.841064,-0.990699639,0.1002467468,0.0920044299,,,,
11808,0.0,-483.190521,-938.253967,1677.406738,-0.9903029522,0.1040924963,0.0920044299,,,,
11809,0.0,-485.5207215,-938.000427,1677.443115,-0.9896934248,0.109596716,0.0920044386,,,,
11810,0.0,-490.679169,-937.685608,1677.38562,-0.988309255,0.1215730155,0.0920044473,,,,
11811,0.0,-493.81601,-937.773438,1677.405151,-0.987138724,0.1307376289,0.0920044125,,,,
11812,0.0,-497.349304,-937.907654,1677.382568,-0.9854997561,0.1425672433,0.0920044125,,,,
11813,0.0,-500.310883,-938.413574,1677.37146,-0.9804414194,0.1741921346,0.0916063505,,,,
11814,0.0,-503.72171,-938.710144,1677.281006,-0.9742024845,0.2064432937,0.0911629626,,,,
11815,0.0,-507.376373,-939.093018,1677.14978,-0.9619482114,0.2584692038,0.0885963278,,,,
11816,0.0,-509.1551055,-939.3603215,1677.011963,-0.9534832726,0.286942409,0.0874645252,,,,
11817,0.0,-513.824402,-940.025391,1676.490601,-0.9274765178,0.3643689453,0.0838008395,,,,
11818,0.0,-516.19696,-940.399353,1676.230347,-0.9095095092,0.4073481055,0.0828249573,,,,
11819,0.0,-519.988647,-940.941956,1675.703735,-0.8698198443,0.4866932464,0.0808895688,,,,
11820,0.0,-522.342834,-941.217102,1675.287842,-0.8444227438,0.5295876962,0.0805425465,,,,
11821,0.0,-526.181885,-941.866516,1674.855347,-0.8151697425,0.5735949745,0.0805425118,,,,
11822,0.0,-530.038391,-942.502563,1674.448242,-0.7940482325,0.6024950645,0.0805425465,,,,
11823,0.0,-532.990784,-943.009644,1674.290161,-0.7864600525,0.61236712,0.0805425118,,,,
11824,0.0,-535.797913,-943.476685,1674.127197,-0.7834252787,0.616244865,0.0805425292,,,,
11825,0.0,-538.934326,-943.941162,1673.946655,-0.7811718368,0.6190989117,0.0805425292,,,,
11826,0.0,-542.551453,-944.598572,1673.978882,-0.7794384128,0.6212798555,0.0805425465,,,,
11827,0.0,-545.838562,-945.17926,1674.064453,-0.7748700021,0.626968405,0.0805425292,,,,
11828,0.0,-549.170715,-945.743042,1674.192627,-0.7682730275,0.6351484621,0.0796428666,,,,
11829,0.0,-549.885864,-945.862122,1674.211426,-0.7667348934,0.6370302795,0.0794356739,,,,
11830,0.0,-555.664062,-946.827271,1674.651367,-0.7528331699,0.6534977903,0.0786311407,,,,
11831,0.0,-559.490479,-947.507935,1675.19043,-0.7443047331,0.6631949979,0.0786311581,,,,
11832,0.0,-562.807922,-947.903748,1675.114868,-0.7316016107,0.6771825674,0.0786311233,,,,
11833,0.0,-564.6489865,-948.264954,1675.465027,-0.7242788154,0.6848718896,0.0791057397,,,,
11834,0.0,-566.490051,-948.62616,1675.815186,-0.7169560202,0.6925612118,0.079580356,,,,
11835,0.0,-567.30542,-948.945312,1676.118408,-0.55804853,0.8258902707,0.0805425292,,,,
11836,0.0,-574.291016,-950.015015,1676.182007,-0.6763671496,0.7322444217,0.0796591858,,,,
11837,0.0,-580.288513,-950.496582,1675.982544,-0.6333871195,0.769637037,0.0804958888,,,,
11838,0.0,-583.989807,-950.75708,1675.943359,-0.6063735548,0.7910903968,0.0805425118,,,,
11839,0.0,-586.694153,-950.819641,1675.794556,-0.5917736292,0.8020703665,0.0805425292,,,,
11840,0.0,-587.848287,-950.818929,1675.701579,-0.5824325386,0.808716504,0.080542535,,,,
11841,0.0,-589.002421,-950.818217,1675.608602,-0.5730914481,0.8153626414,0.0805425407,,,,
11842,0.0,-591.012451,-950.785156,1675.519409,-0.5565801516,0.8268805434,0.0805425465,,,,
11843,0.0,-599.603821,-950.143738,1674.230103,-0.4953445839,0.8650097727,0.0799489607,,,,
11844,0.0,-603.283447,-949.966309,1673.959229,-0.4733621184,0.8772652029,0.0795868628,,,,
11845,0.0,-609.435486,-950.787292,1673.834229,-0.4454036182,0.891856328,0.0787902733,,,,
11846,0.0,-611.5464175,-951.1704405,1673.917725,-0.4401091646,0.8944683818,0.0787107157,,,,
11847,0.0,-616.603516,-952.253113,1674.179321,-0.4293092179,0.8997281459,0.0786311581,,,,
11848,0.0,-618.0016175,-952.5415955,1674.423584,-0.4279243193,0.9003863438,0.0786311494,,,,
11849,0.0,-619.399719,-952.830078,1674.667847,-0.4265394207,0.9010445418,0.0786311407,,,,
11850,0.0,-625.33667,-954.413086,1675.680908,-0.419036514,0.9045582036,0.0786311407,,,,
11851,0.0,-627.648743,-955.189819,1676.115845,-0.4137415284,0.9069923326,0.0786311407,,,,
11852,0.0,-629.7389225,-955.8572995,1676.2019655,-0.4102134587,0.9085852066,0.0786311407,,,,
11853,0.0,-634.288391,-957.500305,1676.700928,-0.4017757347,0.9123559612,0.0786311581,,,,
11854,0.0,-637.884583,-958.921387,1676.873901,-0.3947800777,0.9154047378,0.0786311407,,,,
11855,0.0,-641.434937,-960.390076,1676.94043,-0.3895517688,0.9176418491,0.0786311407,,,,
11856,0.0,-643.3703,-961.169189,1676.876953,-0.384835203,0.9196298254,0.0786311059,,,,
11857,0.0,-647.609009,-962.785034,1676.623535,-0.3774168944,0.9226991013,0.0786311407,,,,
11858,0.0,-650.934082,-964.079285,1676.355347,-0.3699982806,0.9256988798,0.0786311407,,,,
11859,0.0,-653.901245,-965.237305,1676.083984,-0.3591186556,0.9300487166,0.0777378664,,,,
11860,0.0,-657.028015,-966.442078,1676.073608,-0.3503175263,0.9334046158,0.0776753115,,,,
11861,0.0,-660.088928,-967.653015,1675.799072,-0.338435181,0.9378542362,0.0767532401,,,,
11862,0.0,-663.549927,-968.263916,1675.244507,-0.3296818443,0.9409775056,0.076623857,,,,
11863,0.0,-666.634705,-968.51178,1675.014526,-0.319165093,0.9446713259,0.0756949758,,,,
11864,0.0,-669.460876,-968.602173,1674.79834,-0.3117087152,0.9471599898,0.0756678963,,,,
11865,0.0,-671.962708,-968.63208,1674.640747,-0.3069458476,0.9487448635,0.075282339,,,,
11866,0.0,-676.063232,-968.667358,1674.507446,-0.3017797182,0.9504436657,0.0747384776,,,,
11867,0.0,-679.297729,-968.199768,1674.299561,-0.2972936416,0.951928078,0.0738202205,,,,
11868,0.0,-682.311096,-967.849243,1674.202515,-0.2914608271,0.9537351155,0.0737557846,,,,
11869,0.0,-686.089417,-967.334106,1674.255249,-0.2852261778,0.9556900757,0.072818313,,,,
11870,0.0,-689.477051,-966.765198,1674.35437,-0.2798024772,0.9573635354,0.0718723514,,,,
11871,0.0,-692.831177,-966.155884,1674.568604,-0.2762527746,0.9584619726,0.0709580973,,,,
11872,0.0,-695.693726,-965.461609,1674.423706,-0.2721606878,0.9596372121,0.070887102,,,,
11873,0.0,-699.294678,-964.653503,1674.754028,-0.2666507352,0.9612430734,0.0700652505,,,,
11874,0.0,-703.468811,-963.860107,1675.525513,-0.2615789031,0.9626454004,0.0699307546,,,,
11875,0.0,-706.910828,-962.952271,1675.651001,-0.256986368,0.9639456771,0.0690415694,,,,
11876,0.0,-710.11853,-962.074768,1675.757568,-0.2512699361,0.9655224951,0.0680421239,,,,
11877,0.0,-713.54895,-961.046814,1675.630249,-0.2463126053,0.9668588724,0.0671864667,,,,
11878,0.0,-714.241028,-960.33844,1677.701294,-0.2432500644,0.9676425936,0.0670612953,,,,
11879,0.0,-715.8310245,-959.7877505,1677.701294,-0.2422471315,0.9679215234,0.0666558602,,,,
11880,0.0,-717.9375,-959.055969,1677.701294,-0.2409492299,0.9682838634,0.0661046787,,,,
11881,0.0,-724.31073,-956.65686,1677.701294,-0.2371915044,0.9692752907,0.0651582768,,,,
11882,0.0,-727.065125,-955.531128,1677.701294,-0.2335312448,0.9702270233,0.0642081064,,,,
11883,0.0,-730.475952,-954.105225,1677.701294,-0.2300329566,0.9711216467,0.0633054995,,,,
11884,0.0,-733.501648,-952.777405,1677.701294,-0.2249055158,0.9723803307,0.062401935,,,,
11885,0.0,-736.869995,-951.25177,1677.701294,-0.2197199736,0.973631391,0.0613599845,,,,
11886,0.0,-742.916199,-948.378479,1677.701294,-0.2097316092,0.976004903,0.0585412788,,,,
11887,0.0,-745.976135,-946.862732,1677.701294,-0.2042628009,0.9772708041,0.0567316806,,,,
11888,0.0,-748.932434,-945.32373,1677.701294,-0.1947080817,0.9793721059,0.0540281504,,,,
11889,0.0,-749.95166,-944.7881466667,1677.701294,-0.1923483812,0.9798693,0.0533450187,,,,
11890,0.0,-750.970886,-944.2525633333,1677.701294,-0.1899886807,0.9803664941,0.052661887,,,,
11891,0.0,-752.47467,-943.459717,1677.701294,-0.1863525302,0.9811292496,0.0515570566,,,,
11892,0.0,-754.880981,-942.1153565,1677.701294,-0.1770955596,0.9829707124,0.0480000689,,,,
11893,0.0,-757.287292,-940.770996,1677.701294,-0.1678385891,0.9848121753,0.0444430812,,,,
11894,0.0,-758.739197,-939.941589,1677.701172,-0.1063767551,0.9940134555,0.0249246124,,,,
11895,0.0,-769.135681,-933.667969,1677.701294,-0.1194653784,0.9925115221,0.0254735535,,,,
11896,0.0,-772.827026,-931.325928,1677.701294,-0.1064663687,0.9940037675,0.0249283462,,,,
11897,0.0,-775.734009,-929.499207,1677.701294,-0.1063767551,0.9940134555,0.0249246124,,,,
11898,0.0,-778.498169,-927.682251,1677.701294,-0.1063767551,0.9940134555,0.0249246124,,,,
11899,0.0,-781.629028,-925.588623,1677.701294,-0.1063767551,0.9940134555,0.0249246124,,,,
11900,0.0,-784.169739,-923.860535,1677.701294,-0.1063767551,0.9940134555,0.0249246124,,,,
11901,0.0,-787.233887,-921.748352,1677.701294,-0.1063767551,0.9940134555,0.0249246124,,,,
11902,0.0,-790.258606,-919.633606,1677.701294,-0.1063767551,0.9940134555,0.0249246124,,,,
11903,0.0,-792.845276,-917.802917,1677.701294,-0.1063767551,0.9940134555,0.0249246124,,,,
11904,0.0,-795.546448,-915.867065,1677.701294,-0.1063767551,0.9940134555,0.0249246124,,,,
11905,0.0,-798.602295,-913.663879,1677.701294,-0.1063767551,0.9940134555,0.0249246124,,,,
11906,0.0,-801.41626,-911.616028,1677.701294,-0.1063767551,0.9940134555,0.0249246124,,,,
11907,0.0,-804.352295,-909.453918,1677.701294,-0.1063767551,0.9940134555,0.0249246124,,,,
11908,0.0,-808.797363,-907.052185,1673.854736,-0.1063767551,0.9940134555,0.0249246124,,,,
11909,0.0,-811.62677,-904.804993,1674.421509,-0.1063767551,0.9940134555,0.0249246124,,,,
11910,0.0,-814.151733,-902.806885,1674.798828,-0.1063767551,0.9940134555,0.0249246124,,,,
11911,0.0,-816.833557,-900.664551,1675.22876,-0.1063767551,0.9940134555,0.0249246124,,,,
11912,0.0,-819.420715,-898.582642,1675.65686,-0.103728647,0.9943664975,0.0218090919,,,,
11913,0.0,-822.649597,-896.10083,1676.062012,-0.1008807076,0.9947272408,0.0184607474,,,,
11914,0.0,-825.353271,-894.019287,1676.415527,-0.0899222379,0.9958716452,0.0123958661,,,,
11915,0.0,-828.241577,-891.804016,1676.720947,-0.0821390731,0.9966009817,0.0062972983,,,,
11916,0.0,-831.194519,-889.510193,1676.969971,-0.0693856209,0.9975884257,-0.0017229184,,,,
11917,0.0,-833.618591,-887.544006,1676.888672,-0.0633865716,0.9979795316,-0.004358562,,,,
11918,0.0,-836.520691,-885.158508,1676.732178,-0.0589744716,0.9982435319,-0.0056447139,,,,
11919,0.0,-839.021179,-882.635803,1676.470581,-0.0566825258,0.9983728858,-0.0062186902,,,,
11920,0.0,-841.8703,-880.039062,1676.348755,-0.05483704,0.9984729669,-0.0066808263,,,,
11921,0.0,-844.479797,-877.66217,1676.262451,-0.0501375038,0.9986975114,-0.0094610444,,,,
11922,0.0,-846.49823,-875.370422,1676.143799,-0.0424519774,0.9990254577,-0.0120815733,,,,
11923,0.0,-848.779114,-872.474792,1676.067505,-0.0384909167,0.9991560304,-0.0143414199,,,,
11924,0.0,-850.524109,-869.936646,1676.221924,-0.0375337451,0.9991918796,-0.0143807381,,,,
11925,0.0,-852.076172,-867.330688,1676.206421,-0.0374739984,0.9991941244,-0.014380581,,,,
11926,0.0,-853.480652,-864.580017,1676.404297,-0.0374739984,0.9991941244,-0.014380581,,,,
11927,0.0,-854.771057,-861.587646,1676.714233,-0.0374739984,0.9991941244,-0.014380581,,,,
11928,0.0,-856.810425,-855.641846,1677.384033,-0.0374739984,0.9991941244,-0.014380581,,,,
11929,0.0,-857.319275,-853.924469,1677.6433715,-0.0374739984,0.9991941244,-0.014380581,,,,
11930,0.0,-858.60083,-849.279053,1678.224609,-0.0374739984,0.9991941244,-0.014380581,,,,
11931,0.0,-859.497864,-846.367249,1678.386475,-0.0374739984,0.9991941244,-0.014380581,,,,
11932,0.0,-860.453308,-842.482605,1678.363647,-0.0374739984,0.9991941244,-0.014380581,,,,
11933,0.0,-861.321655,-839.135803,1678.398804,-0.0374739984,0.9991941244,-0.014380581,,,,
11934,0.0,-862.575745,-836.049805,1678.26355,-0.0374739984,0.9991941244,-0.014380581,,,,
11935,0.0,-863.628357,-833.315552,1678.189453,-0.0370245694,0.9992043103,-0.0148299553,,,,
11936,0.0,-863.67749,-830.780457,1677.701294,-0.0365782024,0.9992140248,-0.0152763774,,,,
11937,0.0,-865.434021,-827.572449,1677.701294,-0.0356127139,0.9992479408,-0.0153390798,,,,
11938,0.0,-867.059082,-824.865417,1677.701294,-0.0355574982,0.9992499053,-0.0153392019,,,,
11939,0.0,-868.874756,-821.923645,1677.701294,-0.0355574982,0.9992499053,-0.0153392019,,,,
11940,0.0,-870.858948,-818.880859,1677.701294,-0.0346565406,0.9992815603,-0.0153390798,,,,
11941,0.0,-872.460876,-816.566101,1677.701294,-0.0341702011,0.9992983088,-0.0153390798,,,,
11942,0.0,-874.689209,-813.417297,1677.701294,-0.0336994112,0.9993142961,-0.0153390798,,,,
11943,0.0,-876.720398,-810.305054,1677.701294,-0.0336414013,0.9993162487,-0.0153392019,,,,
11944,0.0,-878.439941,-807.360107,1677.701294,-0.0327282799,0.9993465727,-0.0153390798,,,,
11945,0.0,-879.899048,-804.604187,1677.701294,-0.0318514637,0.9993749031,-0.0153390798,,,,
11946,0.0,-881.479309,-801.328491,1677.701294,-0.0308278236,0.9994070031,-0.0153390798,,,,
11947,0.0,-882.768188,-798.378174,1677.701294,-0.0299222083,0.9994345272,-0.0153390798,,,,
11948,0.0,-884.163086,-794.860107,1677.701294,-0.02790541,0.9994928718,-0.0153390798,,,,
11949,0.0,-885.272583,-791.782349,1677.701294,-0.026982029,0.9995182253,-0.0153390798,,,,
11950,0.0,-886.335938,-788.565552,1677.735962,-0.0260349168,0.9995433436,-0.0153390798,,,,
11951,0.0,-887.241516,-785.579895,1677.903931,-0.0251652403,0.9995656173,-0.0153390798,,,,
11952,0.0,-888.193359,-782.195374,1678.098145,-0.0250175097,0.9995693238,-0.0153392019,,,,
11953,0.0,-889.112915,-778.630005,1678.282104,-0.0250175097,0.9995693238,-0.0153392019,,,,
11954,0.0,-889.898132,-775.30719,1678.439087,-0.0250175097,0.9995693238,-0.0153392019,,,,
11955,0.0,-890.6297,-771.952148,1678.585571,-0.0250175097,0.9995693238,-0.0153392019,,,,
11956,0.0,-891.296814,-768.606323,1678.720337,-0.0241921417,0.9995896423,-0.0153390798,,,,
11957,0.0,-891.994751,-764.802185,1678.861572,-0.0231364805,0.9996146337,-0.0153390798,,,,
11958,0.0,-892.518188,-761.611206,1678.970825,-0.0205541263,0.9996576745,-0.0161883212,,,,
11959,0.0,-893.070618,-757.905945,1679.088013,-0.016559649,0.9997146785,-0.0172145189,,,,
11960,0.0,-893.465332,-755.077393,1679.168823,-0.0155232865,0.9997305813,-0.0172566623,,,,
11961,0.0,-893.977356,-751.270996,1679.272705,-0.0146016804,0.9997444666,-0.0172566623,,,,
11962,0.0,-894.409546,-747.762878,1679.360718,-0.0136587565,0.9997577937,-0.0172566623,,,,
11963,0.0,-894.830872,-744.053223,1679.445312,-0.0135157788,0.9997597407,-0.0172564355,,,,
11964,0.0,-895.182251,-740.720886,1679.515625,-0.0135157788,0.9997597407,-0.0172564355,,,,
11965,0.0,-895.559998,-736.852905,1679.591064,-0.0135157788,0.9997597407,-0.0172564355,,,,
11966,0.0,-895.851318,-733.618103,1679.649414,-0.0135157788,0.9997597407,-0.0172564355,,,,
11967,0.0,-896.082214,-730.840149,1679.695557,-0.0135157788,0.9997597407,-0.0172564355,,,,
11968,0.0,-896.401978,-726.817505,1679.759399,-0.0135157788,0.9997597407,-0.0172564355,,,,
11969,0.0,-896.907166,-719.678223,1679.860474,-0.0135157788,0.9997597407,-0.0172564355,,,,
11970,0.0,-897.028107,-717.771454,1679.8846435,-0.0135157788,0.9997597407,-0.0172564355,,,,
11971,0.0,-897.336426,-712.691101,1679.946411,-0.0135157788,0.9997597407,-0.0172564355,,,,
11972,0.0,-897.429474,-710.992157,1679.965027,-0.0135157788,0.9997597407,-0.0172564355,,,,
11973,0.0,-897.73175,-705.334412,1680.025513,-0.0135157788,0.9997597407,-0.0172564355,,,,
11974,0.0,-897.887634,-702.127808,1680.015259,-0.0135157788,0.9997597407,-0.0172564355,,,,
11975,0.0,-898.059204,-698.272827,1679.957642,-0.0135157788,0.9997597407,-0.0172564355,,,,
11976,0.0,-898.20343,-694.802734,1679.752441,-0.0135157788,0.9997597407,-0.0172564355,,,,
11977,0.0,-898.326111,-691.679626,1679.56543,-0.0135157788,0.9997597407,-0.0172564355,,,,
11978,0.0,-898.462952,-688.015442,1679.346069,-0.0135157788,0.9997597407,-0.0172564355,,,,
11979,0.0,-898.588806,-684.454041,1679.132935,-0.0135157788,0.9997597407,-0.0172564355,,,,
11980,0.0,-898.700745,-681.118774,1678.93335,-0.0135157788,0.9997597407,-0.0172564355,,,,
11981,0.0,-898.827332,-677.155396,1678.696411,-0.0135157788,0.9997597407,-0.0172564355,,,,
11982,0.0,-898.92511,-673.933044,1678.503662,-0.0135157788,0.9997597407,-0.0172564355,,,,
11983,0.0,-899.020386,-670.655701,1678.307739,-0.0135157788,0.9997597407,-0.0172564355,,,,
11984,0.0,-899.127258,-666.81543,1678.077637,-0.0135157788,0.9997597407,-0.0172564355,,,,
11985,0.0,-899.19635,-664.237976,1677.923584,-0.0135157788,0.9997597407,-0.0172564355,,,,
11986,0.0,-899.301331,-660.15033,1677.725098,-0.0135157788,0.9997597407,-0.0172564355,,,,
11987,0.0,-899.391968,-656.470947,1677.699463,-0.0135157788,0.9997597407,-0.0172564355,,,,
11988,0.0,-899.461426,-653.525635,1677.701294,-0.0135157788,0.9997597407,-0.0172564355,,,,
11989,0.0,-899.561523,-649.185791,1677.701294,-0.0135157788,0.9997597407,-0.0172564355,,,,
11990,0.0,-899.635681,-645.832092,1677.701294,-0.0135157788,0.9997597407,-0.0172564355,,,,
11991,0.0,-899.716553,-642.051697,1677.701294,-0.0135157788,0.9997597407,-0.0172564355,,,,
11992,0.0,-899.783875,-638.801147,1677.701294,-0.0135157788,0.9997597407,-0.0172564355,,,,
12044,0.0,-905.353027,-440.33316,1676.424805,0.7355174689,0.6775030452,-0.0019174699,,,,
12045,0.0,-905.194214,-440.18692,1676.281738,0.7355174689,0.6775030452,-0.0019174699,,,,
12046,0.0,-905.09082,-440.091644,1676.223877,0.7355174689,0.6775030452,-0.0019174699,,,,
12047,0.0,-905.0774184286,-440.0792975714,1676.2260045714,0.7355174689,0.6775030452,-0.0019174699,,,,
12048,0.0,-905.0640168571,-440.0669511429,1676.2281321429,0.7355174689,0.6775030452,-0.0019174699,,,,
12049,0.0,-905.0506152857,-440.0546047143,1676.2302597143,0.7355174689,0.6775030452,-0.0019174699,,,,
12050,0.0,-905.0372137143,-440.0422582857,1676.2323872857,0.7355174689,0.6775030452,-0.0019174699,,,,
12051,0.0,-905.0238121429,-440.0299118571,1676.2345148571,0.7355174689,0.6775030452,-0.0019174699,,,,
12052,0.0,-905.0104105714,-440.0175654286,1676.2366424286,0.7355174689,0.6775030452,-0.0019174699,,,,
12053,0.0,-904.997009,-440.005219,1676.23877,0.7355174689,0.6775030452,-0.0019174699,,,,
12058,0.0,-909.024597,-417.379944,1675.778442,0.8159593846,0.5781089827,-0.0005356066,,,,
12059,0.0,-912.098694,-408.959808,1675.937012,0.8317937731,0.5550846639,-0.0003673045,,,,
12060,0.0,-914.08844,-402.796539,1675.920044,0.8426841416,0.5384081875,-0.000247383,,,,
12074,0.0,-932.918518,-358.976074,1675.92688,0.9749530981,0.221502102,0.0200817174,,,,
12075,0.0,-934.733948,-355.02182,1676.003174,0.9802417164,0.1966017327,0.0217700756,,,,
12076,0.0,-936.267395,-351.612854,1676.048218,0.9844873942,0.1739017145,0.0232973045,,,,
12077,0.0,-937.87207,-348.443207,1676.13501,0.9883986233,0.1498262755,0.0249047916,,,,
12078,0.0,-939.164185,-343.080658,1676.157471,0.9883458515,0.1501707081,0.0249246124,,,,
12079,0.0,-938.782227,-342.272827,1676.100952,0.9880558058,0.1520673835,0.024924595,,,,
12080,0.0,-939.719116,-338.643951,1676.518799,0.986152367,0.1638865341,0.0253912006,,,,
12081,0.0,-940.511719,-335.56723,1676.685181,0.9846121422,0.1728456514,0.0257548083,,,,
12082,0.0,-941.434326,-331.153625,1676.90625,0.9753568883,0.2191095826,0.0258830298,,,,
12083,0.0,-942.097717,-327.48938,1676.975098,0.9636120403,0.2660486882,0.0258830298,,,,
12084,0.0,-942.145691,-321.716125,1676.893555,0.9065400854,0.421712847,0.0185296587,,,,
12085,0.0,-942.2301025,-319.099243,1676.770691,0.8759551481,0.477894595,0.0145484448,,,,
12086,0.0,-942.314514,-316.482361,1676.647827,0.8453702108,0.5340763431,0.0105672309,,,,
12087,0.0,-942.384949,-312.129456,1676.442871,0.7838649052,0.6209178773,0.0040987896,,,,
12088,0.0,-942.5157775,-310.5772095,1676.227356,0.7594732854,0.6494481323,0.0023001375,,,,
12089,0.0,-942.86853,-307.420502,1675.539429,0.7118698302,0.7023106262,-0.0010626261,,,,
12090,0.0,-944.146301,-296.452667,1674.950684,0.5614035862,0.8274575271,-0.0118344523,,,,
12091,0.0,-944.779907,-291.82309,1674.782104,0.5119007161,0.8588747349,-0.0170835163,,,,
12092,0.0,-945.25946,-288.310852,1675.296753,0.4961557491,0.8680435637,-0.0181616132,,,,
12093,0.0,-945.55011,-285.693359,1675.01355,0.491418123,0.8707332793,-0.0182149591,,,,
12094,0.0,-946.045349,-281.901398,1674.987549,0.4907446204,0.8711130429,-0.0182149417,,,,
12095,0.0,-946.440674,-278.727966,1674.948608,0.4962636332,0.867980773,-0.0182149417,,,,
12096,0.0,-947.005005,-274.872986,1675.015625,0.5024797412,0.8643970875,-0.0182149591,,,,
12097,0.0,-947.549377,-271.215454,1675.248291,0.5109118332,0.8594574411,-0.017378311,,,,
12098,0.0,-947.968445,-268.314453,1675.255493,0.5169456724,0.8558525032,-0.0168423465,,,,
12099,0.0,-948.655212,-264.606995,1675.802124,0.5225644589,0.8524425602,-0.0163727781,,,,
12100,0.0,-949.295471,-261.146484,1676.283691,0.5255124825,0.8506297725,-0.0162978785,,,,
12101,0.0,-949.826904,-258.145325,1676.529053,0.5269703386,0.8497352646,-0.0158821426,,,,
12102,0.0,-950.50531,-254.174042,1676.72644,0.52819338,0.8489843814,-0.0154036842,,,,
12103,0.0,-951.139709,-250.540192,1676.908447,0.5283584431,0.8488828332,-0.0153392019,,,,
12104,0.0,-951.734314,-247.033966,1676.889526,0.5283584431,0.8488828332,-0.0153392019,,,,
12105,0.0,-952.328308,-243.505783,1676.840088,0.5283584431,0.8488828332,-0.0153392019,,,,
12106,0.0,-952.943604,-239.749268,1676.672363,0.5283584431,0.8488828332,-0.0153392019,,,,
12107,0.0,-953.563538,-236.223267,1676.519165,0.5283584431,0.8488828332,-0.0153392019,,,,
12108,0.0,-953.8639225,-234.44146,1676.4403685,0.5283584431,0.8488828332,-0.0153392019,,,,
12109,0.0,-954.164307,-232.659653,1676.361572,0.5283584431,0.8488828332,-0.0153392019,,,,
12110,0.0,-955.404724,-225.852524,1675.079834,0.5283584431,0.8488828332,-0.0153392019,,,,
12111,0.0,-956.126099,-222.250992,1674.766724,0.5283584431,0.8488828332,-0.0153392019,,,,
12112,0.0,-956.680542,-219.468735,1674.532349,0.5283584431,0.8488828332,-0.0153392019,,,,
12113,0.0,-957.632935,-214.865463,1674.185547,0.5283584431,0.8488828332,-0.0153392019,,,,
12114,0.0,-958.255127,-211.938309,1674.043823,0.5283584431,0.8488828332,-0.0153392019,,,,
12115,0.0,-959.048401,-208.244537,1673.895874,0.5283584431,0.8488828332,-0.0153392019,,,,
12116,0.0,-960.601746,-206.278809,1677.701294,0.5283584431,0.8488828332,-0.0153392019,,,,
12117,0.0,-961.179932,-202.98082,1677.701294,0.5373364108,0.8432419275,-0.0145819534,0.1485970494,776.1171248913,1479.6932660035,5.0
12118,0.0,-961.832825,-199.016205,1677.701294,0.564094161,0.8256159174,-0.0124953771,0.1335003793,738.0250832466,1478.4815848617,5.0
12119,0.0,-961.950684,-196.003006,1677.701294,0.6219652868,0.7830044521,-0.0079504669,0.1004593911,646.674263781,1480.3554789827,5.0
12120,0.0,-962.044128,-192.803772,1677.701294,0.6827060427,0.730687215,-0.0029416086,0.0688590291,540.6440358368,1482.5999464204,5.0
12121,0.0,-961.660156,-190.386871,1677.701294,0.774405594,0.6326846039,0.0024835312,0.0286592594,352.8343301504,1484.4224175476,5.0
12122,0.0,-961.690674,-187.694244,1677.701294,0.8647466058,0.5021567133,0.0072071526,0.0034856399,124.0034449442,1486.4704254419,5.0
12123,0.0,-961.668396,-185.668167,1677.701294,0.9214304858,0.3884318688,0.0093028547,0.0009953904,66.4093372818,1488.7628564018,5.0
12124,0.0,-961.632263,-183.994354,1677.701294,0.9719171522,0.235059018,0.0111493162,0.0208387317,302.830218239,1491.1556421169,5.0
12125,0.0,-961.683411,-181.928955,1677.701294,0.9987784133,0.0475592696,0.0134088406,0.0762436595,572.2001874855,1494.0705215463,5.0
12126,0.0,-961.707214,-180.623932,1677.701294,0.9980614238,-0.060772083,0.0134219294,0.1227107438,717.9343558098,1495.8148650011,5.0
12127,0.0,-961.491394,-178.294144,1677.701294,0.9853934383,-0.1699500899,0.0108045647,,,,
12128,0.0,-961.017151,-175.484085,1677.701294,0.9699715751,-0.2430883321,0.0079502401,,,,
12129,0.0,-960.303406,-172.917084,1677.701294,0.9620247947,-0.2728758128,0.0068618652,,,,
12133,0.0,-956.318909,-164.490768,1677.701294,0.9518882156,-0.3063914733,0.005752399,,,,
12134,0.0,-954.099976,-161.428574,1677.701294,0.9521193535,-0.3056724498,0.005752399,,,,
12135,0.0,-951.521973,-157.983032,1677.701294,0.9522916662,-0.3051352034,0.005752399,,,,
12136,0.0,-947.453186,-152.871078,1677.701294,0.9524469175,-0.3046502571,0.005752399,,,,
12137,0.0,-945.588074,-150.898895,1677.701294,0.9524469175,-0.3046502571,0.005752399,,,,
12138,0.0,-942.868896,-148.156433,1677.701294,0.9524469175,-0.3046502571,0.005752399,,,,
12139,0.0,-940.815308,-146.207199,1677.701294,0.9524469175,-0.3046502571,0.005752399,,,,
12140,0.0,-939.8653565,-145.3442765,1677.701294,0.9524469175,-0.3046502571,0.005752399,,,,
12141,0.0,-938.915405,-144.481354,1677.701294,0.9524469175,-0.3046502571,0.005752399,,,,
12142,0.0,-933.234314,-139.335022,1677.701294,0.9524469175,-0.3046502571,0.005752399,,,,
12143,0.0,-931.171997,-137.186691,1677.701294,0.9524469175,-0.3046502571,0.005752399,,,,
12144,0.0,-929.096313,-134.851318,1677.701294,0.9524469175,-0.3046502571,0.005752399,,,,
12148,0.0,-921.881409,-123.938179,1677.702393,0.9819596022,-0.1890796,0.0020602376,,,,
12149,0.0,-920.169739,-120.226669,1677.703003,0.9945978213,-0.1038001574,-0.0008374263,,,,
12150,0.0,-918.483704,-116.527573,1677.702881,0.9995741557,-0.028986637,-0.0033588798,,,,
12151,0.0,-916.799072,-112.664162,1677.701782,0.9985654481,0.0531954155,-0.0061068516,,,,
12152,0.0,-915.351868,-108.570877,1677.701294,0.9864916408,0.1636361883,-0.0075789499,,,,
12153,0.0,-914.267029,-104.752533,1677.701294,0.952375561,0.3048716196,-0.005838355,,,,
12154,0.0,-912.744019,-101.288162,1677.701172,0.9049961006,0.4254065129,-0.0033699626,,,,
12155,0.0,-911.231201,-97.710327,1677.701172,0.8582587422,0.5132128467,-0.0021225806,,,,
12156,0.0,-909.733948,-93.612091,1677.701294,0.7895780539,0.6136471456,-0.0019176619,,,,
12157,0.0,-908.638794,-90.11969,1677.701416,0.7225080246,0.6913543626,-0.0033614978,,,,
12158,0.0,-907.391724,-85.51017,1677.701294,0.6360212686,0.7716249957,-0.0084741877,,,,
12183,0.0,-892.872742,6.443574,1678.721924,0.1251328394,0.9917214785,-0.0288146085,,,,
12184,0.0,-892.307007,10.386936,1678.693848,0.1095543148,0.9935502824,-0.0292521525,,,,
12185,0.0,-891.6745,14.854154,1678.483276,0.0913406086,0.9953748847,-0.0297612527,,,,
12250,0.0,-928.009521,247.129089,1678.081055,-0.9793504137,-0.2018425406,0.0115046076,,,,
12251,0.0,-928.117126,247.106918,1678.098145,-0.9793504137,-0.2018425406,0.0115046076,,,,
12293,0.0,-974.633301,399.327057,1676.012817,-0.2600531118,0.9655924101,-0.0019174699,,,,
12294,0.0,-974.563599,399.068085,1676.58374,-0.2600531118,0.9655924101,-0.0019174699,,,,
12295,0.0,-974.731262,399.690613,1675.98291,-0.2600531118,0.9655924101,-0.0019174699,,,,
12296,0.0,-974.610413,399.241943,1676.733521,-0.2600531118,0.9655924101,-0.0019174699,,,,
13564,0.0,1035.564575,1591.23999,1771.832397,0.7483550026,-0.6581536222,0.0824536215,,,,
13565,0.0,1035.352539,1587.177124,1771.70459,0.7483550026,-0.6581536222,0.0824536215,,,,
13566,0.0,1035.352539,1587.177124,1771.70459,0.7483550026,-0.6581536222,0.0824536215,,,,
13567,0.0,1035.352539,1587.177124,1771.70459,0.7483550026,-0.6581536222,0.0824536215,,,,
13568,0.0,1035.352539,1587.177124,1771.70459,0.7483550026,-0.6581536222,0.0824536215,,,,
13569,0.0,1035.078735,1590.723999,1771.708008,0.9620029971,-0.2730263385,0.0026176418,,,,
13570,0.0,1035.013428,1590.81897,1771.704712,0.9659423665,-0.2587573084,0.0,,,,
13571,0.0,1035.013428,1590.81897,1771.70459,0.9659423665,-0.2587573084,0.0,,,,
13572,0.0,1035.013428,1590.81897,1771.70459,0.9659423665,-0.2587573084,0.0,,,,
13573,0.0,1035.013428,1590.81897,1771.70459,0.9659423665,-0.2587573084,0.0,,,,
13574,0.0,1035.013428,1590.81897,1771.70459,0.9659423665,-0.2587573084,0.0,,,,
13575,0.0,1035.013428,1590.81897,1771.70459,0.9659423665,-0.2587573084,0.0,,,,
13576,0.0,1035.013428,1590.81897,1771.70459,0.9659423665,-0.2587573084,0.0,,,,
13577,0.0,1035.013428,1590.81897,1771.704468,0.9659423665,-0.2587573084,0.0,,,,
13578,0.0,1035.013428,1590.81897,1771.70459,0.9659423665,-0.2587573084,0.0,,,,
13579,0.0,1035.013428,1590.81897,1771.704712,0.9659423665,-0.2587573084,0.0,,,,
13580,0.0,1035.013428,1590.81897,1771.70459,0.9659423665,-0.2587573084,0.0,,,,
13581,0.0,1035.013428,1590.81897,1771.70459,0.9659423665,-0.2587573084,0.0,,,,
13582,0.0,1035.013428,1590.81897,1771.70459,0.9659423665,-0.2587573084,0.0,,,,
13583,0.0,1035.013428,1590.81897,1771.70459,0.9659423665,-0.2587573084,0.0,,,,
13584,0.0,1035.013428,1590.81897,1771.70459,0.9659423665,-0.2587573084,0.0,,,,
13585,0.0,1035.013428,1590.81897,1771.70459,0.9659423665,-0.2587573084,0.0,,,,
13586,0.0,1035.013428,1590.81897,1771.70459,0.9659423665,-0.2587573084,0.0,,,,
13587,0.0,1035.013428,1590.81897,1771.70459,0.9659423665,-0.2587573084,0.0,,,,
13588,0.0,1035.013428,1590.81897,1771.70459,0.9659423665,-0.2587573084,0.0,,,,
13589,0.0,1035.013428,1590.81897,1771.70459,0.9659423665,-0.2587573084,0.0,,,,
13590,0.0,1035.013428,1590.81897,1771.70459,0.9659423665,-0.2587573084,0.0,,,,
13591,0.0,1035.013428,1590.81897,1771.70459,0.9659423665,-0.2587573084,0.0,,,,
13592,0.0,1035.013428,1590.81897,1771.70459,0.9659423665,-0.2587573084,0.0,,,,
13593,0.0,1035.013428,1590.81897,1771.70459,0.9659423665,-0.2587573084,0.0,,,,
13594,0.0,1035.013428,1590.81897,1771.70459,0.9659423665,-0.2587573084,0.0,,,,
13595,0.0,1035.013428,1590.81897,1771.70459,0.9659423665,-0.2587573084,0.0,,,,
13596,0.0,1035.013428,1590.81897,1771.70459,0.9659423665,-0.2587573084,0.0,,,,
13597,0.0,1035.013428,1590.81897,1771.70459,0.9659423665,-0.2587573084,0.0,,,,
13598,0.0,1035.013428,1590.81897,1771.704712,0.9659423665,-0.2587573084,0.0,,,,
13599,0.0,1035.013428,1590.81897,1771.70459,0.9659423665,-0.2587573084,0.0,,,,
13600,0.0,1035.040527,1590.780396,1771.70459,0.9643522951,-0.2646162266,0.001703999,,,,
13601,0.0,1035.079712,1590.722412,1771.70459,0.9619368561,-0.2732483358,0.0035821585,,,,
13602,0.0,1035.130127,1590.643555,1771.70459,0.9585931556,-0.284742085,0.0045942489,,,,
13603,0.0,1035.200928,1590.524536,1771.704712,0.9534173457,-0.3016271748,0.0040512123,,,,
13604,0.0,1035.335815,1590.261108,1771.704468,0.9414743518,-0.3370844789,0.0003145083,,,,
13605,0.0,1035.52063,1589.76416,1771.704346,0.9171203911,-0.3986027157,-0.0024623778,,,,
13606,0.0,1035.626221,1589.277954,1771.70459,0.891128378,-0.4537421535,-0.0028761067,,,,
13607,0.0,1035.666382,1588.761719,1771.704712,0.8611544646,-0.5083430573,0.0005693089,,,,
13608,0.0,1035.64209,1588.290649,1771.704712,0.8314555335,-0.555487236,0.0107529757,,,,
13609,0.0,1035.6359865,1588.241333,1771.704651,0.8281771042,-0.5602857096,0.0128270314,,,,
13610,0.0,1035.629883,1588.192017,1771.70459,0.8248986748,-0.5650841831,0.0149010871,,,,
13611,0.0,1035.628662,1588.183594,1771.70459,0.8243295611,-0.5659023622,0.0153392019,,,,
13612,0.0,1035.628662,1588.183594,1771.704712,0.8243295611,-0.5659023622,0.0153392019,,,,
13613,0.0,1035.628662,1588.183594,1771.70459,0.8243295611,-0.5659023622,0.0153392019,,,,
13614,0.0,1035.628662,1588.183594,1771.70459,0.8243295611,-0.5659023622,0.0153392019,,,,
13615,0.0,1035.628662,1588.183594,1771.70459,0.8243295611,-0.5659023622,0.0153392019,,,,
13616,0.0,1035.628662,1588.183594,1771.70459,0.8243295611,-0.5659023622,0.0153392019,,,,
13617,0.0,1035.628662,1588.183594,1771.70459,0.8243295611,-0.5659023622,0.0153392019,,,,
13618,0.0,1035.628662,1588.183594,1771.70459,0.8243295611,-0.5659023622,0.0153392019,,,,
13619,0.0,1035.629639,1588.191162,1771.70459,0.824940217,-0.5652174675,0.0016890241,,,,
13620,0.0,1035.573242,1587.875854,1771.70459,0.8033282314,-0.5954642404,-0.0092785259,,,,
13621,0.0,1035.461548,1587.469482,1771.70459,0.7735898667,-0.6334224897,-0.0182939221,,,,
13622,0.0,1035.076172,1586.62793,1771.70459,0.7039655233,-0.7099972091,-0.0183440744,,,,
13623,0.0,1034.539917,1585.905518,1771.70459,0.6315748045,-0.7752207073,-0.0120880654,,,,
13624,0.0,1033.717041,1585.190674,1771.704834,0.5391095531,-0.8422300756,-0.0030642174,,,,
13625,0.0,1033.461914,1585.027344,1771.70459,0.4287224186,-0.9033966535,0.0084601557,0.1351919733,698.3190806448,1390.7894583467,3.0
13626,0.0,1033.461914,1585.027344,1771.70459,0.3806263342,-0.9246426223,0.0126338754,0.1112511441,636.9814341526,1389.5923808008,3.0
13627,0.0,1033.461914,1585.027344,1771.70459,0.2999169341,-0.9536958982,0.022670827,0.0776244484,535.976416693,1387.4818160634,3.0
13628,0.0,1033.461914,1585.027344,1771.70459,0.2878100875,-0.9572271619,0.0296903016,0.0743453852,524.3738365105,1385.8773886666,3.0
13629,0.0,1033.461914,1585.027344,1771.70459,0.2808895056,-0.959120823,0.0344722007,0.0726918435,518.3557451376,1384.8715557677,3.0
13630,0.0,1033.461914,1585.027344,1771.70459,0.2884236961,-0.9561388667,0.0510905,0.0781955132,536.2506459206,1383.3188971222,3.0
13631,0.0,1033.461914,1585.027344,1771.70459,0.2915759824,-0.9549316813,0.0555781481,0.0807417849,543.972367005,1381.8501873639,3.0
13632,0.0,1033.461914,1585.027344,1771.70459,0.2915759824,-0.9549316813,0.0555781481,0.0815422826,545.9810720217,1380.4161724519,3.0
13633,0.0,1033.461914,1585.027344,1771.70459,0.2915759824,-0.9549316813,0.0555781481,0.0823827241,548.1117893642,1379.0185315767,3.0
13634,0.0,1033.461914,1585.027344,1771.70459,0.2915759824,-0.9549316813,0.0555781481,0.0828386553,549.2799264447,1378.3205922017,3.0
13635,0.0,1033.461914,1585.027344,1771.70459,0.2915759824,-0.9549316813,0.0555781481,0.083512577,551.0076999739,1377.3006056606,3.0
13636,0.0,1033.461914,1585.027344,1771.704712,0.2915759824,-0.9549316813,0.0555781481,0.0849913163,554.854228898,1375.3278860226,3.0
13637,0.0,1033.461914,1585.027344,1771.70459,0.2915759824,-0.9549316813,0.0555781481,0.0861703117,557.9420683366,1373.911100492,3.0
13638,0.0,1033.461914,1585.027344,1771.70459,0.2915759824,-0.9549316813,0.0555781481,0.0870532511,560.2664671063,1372.9372626657,3.0
13639,0.0,1033.461914,1585.027344,1771.70459,0.2915759824,-0.9549316813,0.0555781481,0.0880351925,562.859999356,1371.9310318881,3.0
13640,0.0,1033.461914,1585.027344,1771.70459,0.2915759824,-0.9549316813,0.0555781481,0.0889718526,565.3450744642,1371.0514554384,3.0
13641,0.0,1033.461914,1585.027344,1771.70459,0.2915759824,-0.9549316813,0.0555781481,0.0906834939,569.9233577375,1369.6618859666,3.0
13642,0.0,1033.461914,1585.027344,1771.70459,0.2941603993,-0.9541387367,0.0555781481,0.0928607811,576.0568904454,1368.8567785411,3.0
13643,0.0,1033.461914,1585.027344,1771.70459,0.3053094966,-0.9507244405,0.0539365323,0.0983400153,591.7115168091,1368.2909437677,3.0
13644,0.0,1033.461914,1585.027344,1771.7046306667,0.3213548015,-0.9449878715,0.0560313951,0.1064272612,613.2096674738,1368.1178818857,3.0
13645,0.0,1033.461914,1585.027344,1771.7046713333,0.3374001063,-0.9392513026,0.0581262579,0.1145145072,634.7078181385,1367.9448200036,3.0
13646,0.0,1033.461914,1585.027344,1771.70459,0.3681010168,-0.9276947126,0.0623230429,0.1305897447,675.734094821,1367.631154445,3.0
13647,0.0,1033.842407,1585.279419,1771.704346,0.5504299908,-0.8306801816,0.0836496333,,,,
13648,0.0,1035.541382,1587.022705,1771.704102,0.7482938881,-0.6567740329,0.0932959097,,,,
13649,0.0,1036.044189,1588.165039,1771.704346,0.8358605317,-0.5405728356,0.0954891668,,,,
13650,0.0,1036.161865,1589.649536,1771.70459,0.9214291746,-0.3765452649,0.095822438,,,,
13651,0.0,1035.954712,1590.68335,1771.704712,0.9663269335,-0.2391040095,0.0950869615,,,,
13652,0.0,1035.545532,1591.547729,1771.70459,0.9909849144,-0.0955355438,0.0939247534,,,,
13653,0.0,1035.506104,1591.349487,1771.689697,0.9924282003,-0.0801903345,0.0930364307,,,,
13654,0.0,1035.532593,1590.910278,1771.665649,0.9925343529,-0.078956784,0.092959048,,,,
13655,0.0,1035.553223,1590.290894,1771.631714,0.9925343529,-0.078956784,0.092959048,,,,
13656,0.0,1035.766235,1589.332275,1771.559692,0.9925343529,-0.078956784,0.092959048,,,,
13657,0.0,1036.131958,1588.431519,1771.473999,0.9925343529,-0.078956784,0.092959048,,,,
13658,0.0,1036.617554,1587.505981,1771.400879,0.9925343529,-0.078956784,0.092959048,,,,
13659,0.0,1037.35498,1586.175659,1771.308105,0.9925343529,-0.078956784,0.092959048,,,,
13660,0.0,1038.132812,1584.896851,1771.277588,0.9925343529,-0.078956784,0.092959048,,,,
13661,0.0,1039.187134,1583.31958,1771.265259,0.9925343529,-0.078956784,0.092959048,,,,
13662,0.0,1040.350952,1581.659058,1771.24353,0.9901893016,-0.0981922453,0.0994154414,,,,
13663,0.0,1041.598267,1579.892456,1771.213135,0.9905247058,-0.0827242369,0.1096243942,,,,
13664,0.0,1042.63208,1578.413696,1771.145874,0.9925509098,-0.0245787724,0.1193255021,,,,
13665,0.0,1043.464233,1577.098511,1771.050171,0.9901660188,0.0631219066,0.1248474275,,,,
13666,0.0,1044.060059,1575.71582,1770.941528,0.9724251428,0.1977149839,0.1236855969,,,,
13667,0.0,1044.697754,1574.159058,1770.830688,0.9398239568,0.3216614563,0.1151730777,,,,
13668,0.0,1046.8479,1572.862671,1770.654785,0.882053636,0.4602172996,0.1009030245,,,,
13669,0.0,1049.10791,1571.691406,1770.302002,0.8108227218,0.5791214994,0.0847632159,,,,
13670,0.0,1051.509766,1570.595459,1769.855957,0.7303142557,0.6796702714,0.0684792668,,,,
13671,0.0,1053.927002,1569.36438,1769.395508,0.6600050531,0.7493168693,0.0540144348,,,,
13838,0.0,1098.840332,1186.877075,1732.739746,0.1494471655,0.9834425205,-0.1025005057,,,,
13839,0.0,1098.781372,1186.593384,1733.244995,0.1494471655,0.9834425205,-0.1025005057,,,,
13840,0.0,1099.009155,1186.10022,1733.912231,0.1494471655,0.9834425205,-0.1025005057,,,,
13841,0.0,1099.08252,1185.677124,1734.435181,0.1494471655,0.9834425205,-0.1025005057,,,,
13842,0.0,1097.60144,1184.382446,1734.109375,0.1494471655,0.9834425205,-0.1025005057,,,,
13843,0.0,1095.799683,1182.930908,1733.720581,0.1494471655,0.9834425205,-0.1025005057,,,,
13844,0.0,1094.606323,1181.916138,1733.372925,0.1494471655,0.9834425205,-0.1025005057,,,,
13848,0.0,1085.207764,1174.94458,1731.01123,0.1487141716,0.9835536147,-0.1025006446,,,,
13849,0.0,1084.209412,1174.267029,1730.799133,0.1484072682,0.983621499,-0.1022931458,,,,
13850,0.0,1081.304932,1172.297119,1730.28125,0.1477256973,0.9837855675,-0.1017009123,,,,
13851,0.0,1078.607666,1170.645142,1729.94751,0.1475756794,0.9838240054,-0.1015467642,,,,
13852,0.0,1076.5896,1169.434326,1729.769897,0.1475756794,0.9838240054,-0.1015467642,,,,
13853,0.0,1075.6579186667,1168.9028726667,1729.7161456667,0.1475756794,0.9838240054,-0.1015467642,,,,
13854,0.0,1074.7262373333,1168.3714193333,1729.6623943333,0.1475756794,0.9838240054,-0.1015467642,,,,
13855,0.0,1072.65979,1167.206177,1729.551392,0.1475756794,0.9838240054,-0.1015467642,,,,
13856,0.0,1068.404541,1164.990356,1729.097778,0.1475756794,0.9838240054,-0.1015467642,,,,
13857,0.0,1064.778687,1162.473022,1728.831909,0.1475756794,0.9838240054,-0.1015467642,,,,
13858,0.0,1061.03894,1159.627808,1728.241699,0.1475756794,0.9838240054,-0.1015467642,,,,
13859,0.0,1059.324951,1157.904175,1728.050171,0.1475756794,0.9838240054,-0.1015467642,,,,
13860,0.0,1058.3587645,1156.8931275,1727.7908325,0.1475756794,0.9838240054,-0.1015467642,,,,
13861,0.0,1056.734253,1155.12207,1727.400391,0.1475756794,0.9838240054,-0.1015467642,,,,
13862,0.0,1053.671631,1151.048096,1726.353394,0.1475756794,0.9838240054,-0.1015467642,,,,
13863,0.0,1051.885376,1148.231323,1726.057983,0.1475756794,0.9838240054,-0.1015467642,,,,
13875,0.0,1044.233154,1113.838013,1722.240356,0.7272631609,0.6838093576,-0.0591020927,,,,
13876,0.0,1043.96228,1110.128906,1721.36731,0.7752489756,0.6293062421,-0.0544305017,,,,
13877,0.0,1043.769775,1106.293945,1720.317871,0.8218388631,0.5675611475,-0.0495502461,,,,
13878,0.0,1043.515381,1102.584595,1719.408203,0.8628639312,0.5034404776,-0.0448722829,,,,
13879,0.0,1043.371216,1099.97229,1718.699463,0.8892676063,0.4554914924,-0.0416007772,,,,
13880,0.0,1043.500488,1095.178101,1717.266357,0.9521823786,0.3044223566,-0.0259951294,,,,
13881,0.0,1043.481567,1090.842896,1715.972656,0.9933793755,0.1147027317,-0.0063796238,,,,
13882,0.0,1043.327759,1086.883301,1715.093872,0.9997217776,-0.0212879887,0.0101582,,,,
13883,0.0,1042.884399,1082.991089,1714.103638,0.9932494406,-0.1135906035,0.0235100716,,,,
13884,0.0,1042.569824,1079.356567,1713.277222,0.9777116272,-0.2061780593,0.0396305665,,,,
13885,0.0,1041.746338,1072.870483,1711.714966,0.9456499435,-0.315326888,0.079467843,,,,
13886,0.0,1041.221191,1069.268799,1710.913452,0.9383847659,-0.3328195963,0.0930867734,,,,
13887,0.0,1040.9145505,1067.47876,1710.5514525,0.9380497969,-0.33351078,0.0939774175,,,,
13888,0.0,1040.317261,1063.127319,1709.873169,0.9377148279,-0.3342019636,0.0948680616,,,,
13889,0.0,1039.684692,1059.362915,1709.351807,0.9377148279,-0.3342019636,0.0948680616,,,,
13890,0.0,1038.889404,1055.706177,1708.706299,0.9377148279,-0.3342019636,0.0948680616,,,,
13891,0.0,1038.251587,1052.183838,1708.363403,0.9377148279,-0.3342019636,0.0948680616,,,,
13892,0.0,1037.650146,1048.975464,1708.056641,0.9377148279,-0.3342019636,0.0948680616,,,,
13893,0.0,1036.953613,1045.263794,1707.692871,0.9377148279,-0.3342019636,0.0948680616,,,,
13894,0.0,1036.161621,1041.780518,1707.226318,0.9377148279,-0.3342019636,0.0948680616,,,,
13895,0.0,1035.437622,1038.431763,1706.747925,0.9377148279,-0.3342019636,0.0948680616,,,,
13896,0.0,1034.827881,1035.886841,1706.320679,0.9377148279,-0.3342019636,0.0948680616,,,,
13897,0.0,1033.783081,1031.719116,1705.453613,0.9401594677,-0.3282968998,0.0912212744,,,,
13898,0.0,1033.13623,1029.226929,1704.937256,0.9455660607,-0.3162435822,0.0767777418,,,,
13899,0.0,1032.213257,1025.642456,1704.056152,0.9455129417,-0.31859228,0.0671136069,,,,
13900,0.0,1031.242676,1021.970093,1703.109863,0.9385874559,-0.3389766841,0.0644080381,,,,
13901,0.0,1030.427979,1019.175293,1702.307861,0.9286962453,-0.3646510464,0.0674751682,,,,
13902,0.0,1029.60083,1015.596252,1701.194946,0.9104753881,-0.4069384511,0.0737269606,,,,
13903,0.0,1028.784546,1011.8125,1700.216431,0.8907859417,-0.4474461905,0.0793240991,,,,
13904,0.0,1028.111572,1008.125183,1699.327881,0.8768626072,-0.4736899067,0.0820356049,,,,
13905,0.0,1027.865112,1004.952087,1698.499146,0.8691046086,-0.4875888026,0.0831525039,,,,
13906,0.0,1027.629395,1000.655823,1697.336548,0.8666652437,-0.4917082382,0.0843466891,,,,
13907,0.0,1027.544434,998.21582,1696.692139,0.8669727582,-0.4911627834,0.084364428,,,,
13908,0.0,1027.598022,994.002136,1695.640503,0.8700131388,-0.4857569162,0.084364428,,,,
13909,0.0,1027.818115,990.163452,1694.703369,0.8749668725,-0.4767762738,0.084364428,,,,
13910,0.0,1028.16626,986.772644,1693.878174,0.881217116,-0.4652898566,0.0834370649,,,,
13911,0.0,1028.550293,983.415833,1693.131836,0.884264686,-0.4594767604,0.0834090631,,,,
13912,0.0,1028.934937,979.81427,1692.550537,0.8865415193,-0.4550682021,0.0834090283,,,,
13913,0.0,1029.406616,976.122437,1691.872437,0.8879322721,-0.4523485475,0.0834090631,,,,
13914,0.0,1029.914673,972.393494,1691.272339,0.8896727312,-0.44891576,0.0834090631,,,,
13915,0.0,1030.411987,968.748413,1690.677979,0.8913826812,-0.4455107674,0.0834090631,,,,
13916,0.0,1030.911743,965.148499,1689.995483,0.8934299454,-0.4413908256,0.0834090631,,,,
13917,0.0,1031.424072,961.536743,1689.282104,0.8962506422,-0.4356348409,0.0834090631,,,,
13918,0.0,1031.96521,958.137756,1688.634766,0.8996722569,-0.4285239297,0.0834090631,,,,
13919,0.0,1032.819702,954.266418,1688.039795,0.9041489093,-0.4189960359,0.0834090631,,,,
13920,0.0,1033.239502,950.770996,1687.116699,0.9082641561,-0.409998961,0.0834090805,,,,
13921,0.0,1033.983887,947.441589,1686.344849,0.9110328038,-0.4038095537,0.0834090805,,,,
13922,0.0,1034.886719,944.173218,1685.878174,0.9152375927,-0.3943518244,0.0826243758,,,,
13923,0.0,1035.889771,940.253601,1685.084595,0.9193664953,-0.3846643312,0.0824536215,,,,
13924,0.0,1036.767334,937.162598,1684.551147,0.9229999699,-0.3760633437,0.0815316942,,,,
13925,0.0,1037.691162,934.177856,1684.237061,0.9244266457,-0.3725499066,0.0814981215,,,,
13926,0.0,1038.755249,930.892029,1683.945557,0.9255407977,-0.3697732965,0.0814981041,,,,
13927,0.0,1039.877197,927.616455,1683.766357,0.9259605589,-0.3687209005,0.0814981041,,,,
13928,0.0,1042.300781,916.575806,1684.700684,0.9263370332,-0.3677740571,0.0814981215,,,,
13929,0.0,1042.9299925,914.708313,1684.447327,0.9263370332,-0.3677740571,0.0814981215,,,,
13930,0.0,1044.60022,909.825867,1683.780884,0.9263370332,-0.3677740571,0.0814981215,,,,
13931,0.0,1045.1895145,908.015015,1683.446289,0.9243321479,-0.3729427364,0.0805742346,,,,
13932,0.0,1046.829468,902.696716,1682.353638,0.9094161396,-0.4083763048,0.078683408,,,,
13933,0.0,1047.635132,898.921448,1681.933228,0.8680830133,-0.4901520436,0.0786311407,,,,
13934,0.0,1048.072021,894.280396,1681.592896,0.7831261579,-0.6166606738,0.0802685124,0.1258252979,450.2729656244,927.2286739534,0.0
13935,0.0,1048.412476,890.015015,1681.249878,0.6552904376,-0.7505895843,0.0849100602,0.0533975711,298.4079693129,925.5737636422,0.0
13936,0.0,1046.922729,885.416687,1680.896729,0.4515086073,-0.8868042287,0.0985811215,0.0079600046,116.3955711359,924.337919513,0.0
13937,0.0,1045.73999,882.117554,1680.606079,0.2970217558,-0.9486557773,0.1087671491,0.0116894342,140.8208254421,923.6938024859,0.0
13938,0.0,1043.983154,878.728821,1680.275024,0.0957167724,-0.988194569,0.1196235485,0.0543354837,300.1296695683,923.0669083137,0.0
13939,0.0,1042.384888,875.867249,1679.963745,-0.0716733824,-0.9896907148,0.1239968355,0.0432593042,310.1902045774,1066.1582589619,3.0
13940,0.0,1041.669067,873.506897,1679.862671,-0.1489939442,-0.9809305816,0.1248038411,0.0247762969,235.8227295347,1066.0051910161,3.0
13941,0.0,1040.981567,869.751709,1679.850708,-0.226126913,-0.9660023764,0.1253236926,0.0119978514,164.4669177514,1064.9234476165,3.0
13942,0.0,1041.024536,866.405762,1679.760986,-0.2420707501,-0.9618857023,0.127191382,0.0104077724,153.161290372,1064.3588722263,3.0
13943,0.0,1041.252686,863.3172,1679.640259,-0.2525448768,-0.958946853,0.1290039466,0.0095738425,146.8583361392,1063.8549738297,3.0
13944,0.0,1041.61438,859.975586,1679.462158,-0.2534660938,-0.9586822692,0.1291636408,0.0097467497,148.0891287199,1063.2590778676,3.0
13945,0.0,1042.037598,857.071777,1679.266846,-0.2534660938,-0.9586822692,0.1291636408,0.0100094014,149.9949529588,1062.7890749818,3.0
13946,0.0,1042.689697,853.400085,1678.978027,-0.2534660938,-0.9586822692,0.1291636408,0.0103586667,152.4873143898,1062.1708758183,3.0
13947,0.0,1043.324463,850.39447,1678.704712,-0.2534660938,-0.9586822692,0.1291636408,0.0106641692,154.6405304022,1061.7096473055,3.0
13948,0.0,1044.129639,847.010193,1678.364258,-0.2534660938,-0.9586822692,0.1291636408,0.0110241396,157.1531600006,1061.2947346546,3.0
13949,0.0,1045.000122,843.885925,1678.02063,-0.2534660938,-0.9586822692,0.1291636408,0.0113953066,159.7187074273,1061.0077357856,3.0
13950,0.0,1045.939453,840.985291,1677.679321,-0.2534660938,-0.9586822692,0.1291636408,0.0117617439,162.2237908497,1060.8267781282,3.0
13951,0.0,1047.082397,837.665527,1677.264404,-0.2534660938,-0.9586822692,0.1291636408,0.0122136289,165.2746004355,1060.7154684843,3.0
13952,0.0,1048.331909,834.244934,1676.810913,-0.2534660938,-0.9586822692,0.1291636408,0.0127292563,168.6968632652,1060.6619069764,3.0
13953,0.0,1049.297729,831.191284,1676.707397,-0.252661166,-0.9590103929,0.1283019932,0.0132199485,171.8967025802,1060.6638522906,3.0
13954,0.0,1050.151245,827.738464,1676.701172,-0.2598787348,-0.9609614013,0.0949538221,0.0111671068,158.0554502466,1060.5716025427,3.0
13955,0.0,1050.215332,824.818054,1676.701294,-0.319290581,-0.9444210851,0.078245376,0.0039355551,93.9767910394,1060.3038427219,3.0
13956,0.0,1050.143799,822.159363,1676.701294,-0.4433264844,-0.8933773221,0.0730656462,0.0009691793,46.6830964725,1060.5907993621,3.0
13957,0.0,1049.532471,819.572937,1676.701294,-0.5527088483,-0.8304674392,0.069546829,0.014007725,176.8255819332,1060.1626878498,3.0
13958,0.0,1048.607422,817.374634,1676.701294,-0.6750924901,-0.7345016473,0.0689743429,0.0511346161,334.8484081086,1060.717704861,3.0
13959,0.0,1047.360962,815.735657,1676.701294,-0.8112578465,-0.5810468769,0.0651554554,0.134883047,532.3601722361,1061.3871807756,3.0
13960,0.0,1046.689453,814.333923,1676.701294,-0.8747627709,-0.4805067074,0.0624771861,,,,
13961,0.0,1045.997314,811.997192,1676.701294,-0.9287666507,-0.3658389102,0.0596187922,,,,
13962,0.0,1045.360962,809.860962,1676.701294,-0.9645618059,-0.2570823977,0.0594067621,,,,
13963,0.0,1044.776489,807.623047,1676.701294,-0.9791860341,-0.1940761379,0.0594067621,,,,
13964,0.0,1043.96582,804.576965,1676.701294,-0.9867141131,-0.1512154019,0.0594067447,,,,
13965,0.0,1043.137939,801.70929,1676.935303,-0.98783619,-0.1429702298,0.0611487956,,,,
13966,0.0,1042.227539,798.892822,1677.267212,-0.9878745347,-0.1422809948,0.0621290771,,,,
13967,0.0,1041.037476,795.561279,1677.710327,-0.9878653697,-0.1422796748,0.062277648,,,,
13968,0.0,1039.927979,792.726868,1678.122559,-0.9878653697,-0.1422796748,0.062277648,,,,
13969,0.0,1037.307617,787.071838,1679.096069,-0.9878653697,-0.1422796748,0.062277648,,,,
13970,0.0,1035.585327,784.239197,1679.737793,-0.9878653697,-0.1422796748,0.062277648,,,,
13971,0.0,1033.906372,781.820801,1680.367798,-0.9878653697,-0.1422796748,0.062277648,,,,
13972,0.0,1032.060425,779.514038,1681.059692,-0.9878653697,-0.1422796748,0.062277648,,,,
13973,0.0,1029.801392,777.052124,1681.905762,-0.9878653697,-0.1422796748,0.062277648,,,,
13974,0.0,1027.75647,775.101074,1682.671509,-0.9878653697,-0.1422796748,0.062277648,,,,
13975,0.0,1025.327637,772.983459,1683.114014,-0.9883428992,-0.1460868806,0.0428595017,,,,
13976,0.0,1023.453186,771.48584,1682.745483,-0.9877389722,-0.1534763584,0.0285784929,,,,
13977,0.0,1020.622131,769.370728,1681.786743,-0.9867469251,-0.1617449874,0.0130024936,,,,
13978,0.0,1017.874695,767.695618,1681.092651,-0.988082171,-0.1534967993,0.0115046076,,,,
13979,0.0,1015.380432,766.363831,1680.525391,-0.9897794057,-0.1421420844,0.0115046076,,,,
13980,0.0,1012.414612,764.997681,1679.908813,-0.992567911,-0.1209619644,0.0133095926,,,,
13981,0.0,1009.825745,763.841675,1679.412231,-0.9938280788,-0.1100138533,0.014237339,,,,
13982,0.0,1006.758545,762.468689,1678.864258,-0.9940136931,-0.1083050174,0.014380581,,,,
13983,0.0,1003.590332,761.147339,1678.342529,-0.9940136931,-0.1083050174,0.014380581,,,,
13984,0.0,1000.782166,760.065552,1677.915161,-0.9940136931,-0.1083050174,0.014380581,,,,
13985,0.0,997.674072,758.946472,1677.473022,-0.9940136931,-0.1083050174,0.014380581,,,,
13986,0.0,995.249573,758.138794,1677.168823,-0.9940136931,-0.1083050174,0.014380581,,,,
13987,0.0,991.49054,756.9375,1676.729736,-0.9940136931,-0.1083050174,0.014380581,,,,
13988,0.0,988.210632,755.991089,1676.699585,-0.9943062815,-0.1055851199,0.014380581,,,,
13989,0.0,985.712219,755.499512,1676.701172,-0.996818656,-0.078807402,0.0119147144,,,,
13990,0.0,981.803406,754.638245,1676.701294,-0.9989121651,-0.0457810977,0.0088643937,,,,
13991,0.0,978.626465,754.48645,1676.701294,-0.9983943039,0.0561085164,0.0077877026,,,,
13992,0.0,975.355591,754.134766,1676.701294,-0.9729992729,0.2305734909,0.0104057794,,,,
13993,0.0,973.252319,754.649353,1676.701294,-0.9093599917,0.415705922,0.015905719,,,,
13994,0.0,971.441711,755.105591,1676.701294,-0.7937398114,0.6077921401,0.0237871001,,,,
13995,0.0,970.323853,755.191223,1676.701294,-0.6468454978,0.7618557933,0.0341562902,,,,
13996,0.0,968.658936,754.549377,1676.701294,-0.4989677363,0.8655718178,0.0426219005,,,,
13997,0.0,967.550537,753.73877,1676.701294,-0.3182229529,0.9466995735,0.0499406635,,,,
13998,0.0,965.765991,752.471008,1676.701294,-0.1574043903,0.9859306207,0.0562553916,,,,
13999,0.0,963.538757,751.348816,1676.701294,-0.0815521963,0.9948721423,0.0598218995,,,,
14000,0.0,960.572876,750.1427,1676.701294,-0.0295605579,0.9975236783,0.0638175887,,,,
14001,0.0,957.260132,749.089661,1676.701294,-0.0197931176,0.9975651182,0.066873519,,,,
14002,0.0,953.809692,748.092468,1676.701294,-0.0280513761,0.9967422521,0.075617479,,,,
14003,0.0,950.813599,747.291077,1676.701294,-0.0393518013,0.9952731224,0.0887854017,,,,
14004,0.0,947.802734,746.485046,1676.701294,-0.047790744,0.9941821911,0.0965288339,,,,
14005,0.0,944.159851,745.568176,1676.701294,-0.054823684,0.9931986097,0.1027175029,,,,
14006,0.0,940.724426,744.491882,1676.701294,-0.0556607781,0.9930755861,0.1034541356,,,,
14007,0.0,937.294006,743.221497,1676.701294,-0.0556607781,0.9930755861,0.1034541356,,,,
14008,0.0,934.405334,742.009583,1676.701294,-0.0556607781,0.9930755861,0.1034541356,,,,
14009,0.0,931.270935,740.559509,1676.701294,-0.0556607781,0.9930755861,0.1034541356,,,,
14010,0.0,928.046753,738.922119,1676.701294,-0.0556607781,0.9930755861,0.1034541356,,,,
14011,0.0,924.914917,737.193848,1676.701294,-0.0556607781,0.9930755861,0.1034541356,,,,
14012,0.0,922.140442,735.549805,1676.701294,-0.0556607781,0.9930755861,0.1034541356,,,,
14013,0.0,916.311279,731.781921,1680.068237,-0.0556607781,0.9930755861,0.1034541356,,,,
14014,0.0,914.689056,730.7004085,1681.0444335,-0.0698528002,0.99331959,0.089700258,,,,
14015,0.0,913.066833,729.618896,1682.02063,-0.0840448222,0.9935635939,0.0759463803,,,,
14016,0.0,907.869446,725.528259,1685.651855,-0.0434243078,0.9971060363,0.062400977,,,,
14017,0.0,905.305847,723.330261,1687.527222,-0.0093407105,0.998015153,0.062277648,,,,
14018,0.0,902.667847,720.986572,1689.476685,0.0286389801,0.997406811,0.0660262234,,,,
14019,0.0,901.9272666667,720.3318683333,1690.0098066667,0.0369266929,0.9970074957,0.0668828383,,,,
14020,0.0,901.1866863333,719.6771646667,1690.5429283333,0.0452144058,0.9966081803,0.0677394533,,,,
14021,0.0,900.446106,719.022461,1691.07605,0.0535021186,0.996208865,0.0685960682,,,,
14022,0.0,900.041809,718.66748,1691.364136,-0.0863436851,0.9937403015,0.070887102,,,,
14023,0.0,894.202393,714.675232,1695.242432,0.0702358067,0.994933246,0.0719358562,,,,
14024,0.0,885.063477,710.189575,1700.931519,0.0272643894,0.996762246,0.075641774,,,,
14025,0.0,881.827942,708.886963,1702.81665,-0.0111470653,0.9971352976,0.0748127075,,,,
14026,0.0,878.17572,707.531311,1704.835205,-0.0770311398,0.9944694504,0.0713912861,,,,
14027,0.0,874.083923,706.037781,1707.044189,-0.1668567102,0.9839122606,0.063839657,,,,
14028,0.0,870.486206,704.665283,1709.049805,-0.2404410812,0.9689636,0.0574249801,,,,
14029,0.0,866.400208,702.839111,1711.283081,-0.3519257707,0.9349386162,0.0451446096,,,,
15022,0.0,2037.57666,374.108429,1676.649414,-0.8518639736,0.5232144818,0.0239661547,0.0929567223,823.4344225994,1955.727501047,6.0
15023,0.0,2037.57666,374.108429,1664.033691,-0.8518639736,0.5232144818,0.0239661547,0.0930310701,822.9643129787,1953.8678466722,6.0
15024,0.0,2037.57666,374.108429,1665.775146,-0.8518639736,0.5232144818,0.0239661547,0.092902951,820.5817925642,1949.4887111217,6.0
15025,0.0,2035.094849,375.501648,1667.142822,-0.8518639736,0.5232144818,0.0239661547,0.0930824767,818.8145993403,1943.5049787931,6.0
15026,0.0,2033.850342,375.94455,1668.595825,-0.8518639736,0.5232144818,0.0239661547,0.0931432911,817.0621132906,1938.7430494702,6.0
15027,0.0,2033.473511,376.870453,1669.886719,-0.8518639736,0.5232144818,0.0239661547,0.0930008486,814.6623067151,1934.4562719342,6.0
15028,0.0,2032.626465,379.333954,1671.075928,-0.8518639736,0.5232144818,0.0239661547,0.0927661786,811.3395243304,1928.8827531889,6.0
15029,0.0,2031.268311,383.492004,1672.861328,-0.8518639736,0.5232144818,0.0239661547,0.0923719113,806.0032159137,1920.0827922775,6.0
15030,0.0,2030.229248,386.721344,1673.214355,-0.8518639736,0.5232144818,0.0239661547,0.0920715915,801.9123528642,1913.2998662494,6.0
15031,0.0,2029.246704,389.725555,1673.287231,-0.8518639736,0.5232144818,0.0239661547,0.0917945196,798.1012577551,1906.9400899666,6.0
15032,0.0,2028.231812,392.874817,1673.327881,-0.8518639736,0.5232144818,0.0239661547,0.0914999174,794.0979880311,1900.280243245,6.0
15033,0.0,2027.250122,395.894196,1673.500488,-0.8518639736,0.5232144818,0.0239661547,0.0912142438,790.2301001018,1893.8415668219,6.0
15034,0.0,2026.266357,399.262024,1673.535156,-0.8518639736,0.5232144818,0.0239661547,0.0908728201,785.883448347,1886.7906210607,6.0
15035,0.0,2025.257812,402.154449,1673.829956,-0.8527914824,0.5217013618,0.0239661547,0.0912900254,784.6014318868,1879.608762372,6.0
15036,0.0,2024.045532,405.999603,1674.010376,-0.8538642109,0.5199437785,0.0239661547,0.0916893704,782.7751571741,1871.3413068766,6.0
15048,0.0,2006.436279,434.727966,1675.655884,-0.9317297838,0.3627595911,0.0168845775,,,,
15049,0.0,2004.119385,437.717041,1675.762573,-0.936816825,0.3494560808,0.0159588226,,,,
15050,0.0,2000.732056,441.585419,1675.571289,-0.9438413268,0.3300754573,0.0146199277,,,,
15051,0.0,1998.231689,444.298187,1675.605957,-0.9489936066,0.3150024485,0.0135864641,0.0287440776,114.0034611892,478.9303322278,3.0
15052,0.0,1996.269165,446.469727,1675.512573,-0.9533013081,0.3017544355,0.0126837181,0.0246816579,105.4052547465,477.3715683111,3.0
15053,0.0,1993.232178,448.856445,1675.527344,-0.9548753793,0.2967451382,0.0124632655,0.0223356513,99.7821040383,474.7632069001,3.0
15054,0.0,1991.122559,450.377472,1675.684814,-0.9557546004,0.2939010223,0.0124632655,0.0210200543,96.4179878531,472.7379309029,3.0
15055,0.0,1985.715454,453.34137,1675.25293,-0.9589471073,0.2833109817,0.0124632655,0.0153340485,81.7993511529,468.8973010632,3.0
15056,0.0,1983.039062,454.618195,1675.07251,-0.9609783014,0.276342851,0.0124632655,0.0150114611,80.7398299266,467.7322827155,3.0
15057,0.0,1981.075012,455.612015,1675.054016,-0.9620040384,0.2727246852,0.0124632655,0.0141370615,78.1561797516,466.6476009809,3.0
15058,0.0,1976.744263,457.763489,1675.017334,-0.9636517042,0.2669038051,0.011736773,0.0125227974,73.2769913386,464.4787761083,3.0
15059,0.0,1975.017273,458.5569155,1675.0439455,-0.9641126682,0.265233305,0.0116206903,0.0119421534,71.4417073182,463.7779796001,3.0
15060,0.0,1973.290283,459.350342,1675.070557,-0.9645736322,0.2635628049,0.0115046076,0.0113615093,69.6064232977,463.0771830919,3.0
15061,0.0,1971.094727,460.410522,1675.039551,-0.9651384735,0.2614868467,0.0115046076,0.0107000194,67.4380742896,462.2349062754,3.0
15062,0.0,1969.234131,461.0759885,1675.2781985,-0.9654718138,0.2602502265,0.0115046076,0.0102660521,65.9564177102,461.5756068243,3.0
15063,0.0,1966.188599,462.130066,1675.99292,-0.965918534,0.258590467,0.0115046076,0.0095962097,63.636805245,460.4557583634,3.0
15064,0.0,1960.317749,464.243774,1676.668945,-0.9663660043,0.256916163,0.0114381323,0.0086910096,60.2968285012,458.3423918119,3.0
15065,0.0,1954.779053,466.051666,1677.315552,-0.9665773586,0.2561539582,0.0106470403,0.0079015281,57.2825265091,456.5740449921,3.0
15066,0.0,1951.170044,467.489563,1677.320312,-0.9668292426,0.2552057976,0.0105459216,0.0073622729,55.1843667578,455.6128181885,3.0
15067,0.0,1947.964233,468.890106,1677.311646,-0.9675593354,0.2524236835,0.0105459216,0.0067325203,52.6924201368,454.8587140809,3.0
15068,0.0,1946.298218,469.679626,1677.276611,-0.9685701045,0.2485308012,0.0102173113,0.0061489247,50.3239589358,454.4947321126,3.0
15069,0.0,1942.187012,471.816101,1677.091797,-0.9703760152,0.2414086421,0.0096050275,0.0050594337,45.5982706924,453.8710020312,3.0
15070,0.0,1939.998901,473.092834,1676.859009,-0.9716682952,0.2361542058,0.0095872434,0.0044012602,42.5168089117,453.6652668885,3.0
15071,0.0,1937.158447,474.892548,1676.602173,-0.9743783696,0.2247422406,0.0088157882,0.003240896,36.4826031937,453.5137267916,3.0
15072,0.0,1934.315796,476.624207,1676.047607,-0.9777295627,0.2096913222,0.008628539,0.0020336982,28.8873990854,453.1803861896,3.0
15073,0.0,1932.398315,478.04538,1675.735107,-0.9789444951,0.2039441682,0.008628539,0.0016087983,25.718794273,453.5858987728,3.0
15074,0.0,1929.656128,480.222382,1675.200073,-0.980163052,0.1980048986,0.008628539,0.0012274561,22.4853822927,453.9579199696,3.0
15075,0.0,1926.879028,482.677094,1674.992188,-0.981055015,0.1935370918,0.008628539,0.0010274095,20.580641223,454.1336601678,3.0
15076,0.0,1924.905518,484.454773,1674.730591,-0.9819622894,0.1888798841,0.008628539,0.0008026864,18.2029907107,454.4038223434,3.0
15077,0.0,1922.439087,486.747528,1674.392212,-0.9829762475,0.1835299573,0.008628539,0.0005974349,15.7245538123,454.9701525647,3.0
15078,0.0,1920.251831,488.930664,1674.345947,-0.9841337405,0.1772183091,0.008628539,0.0004090786,13.0279316396,455.5137570337,3.0
15079,0.0,1917.674927,491.341003,1674.612915,-0.9853701635,0.1702092509,0.008628539,0.000250129,10.1954270469,455.8642900802,3.0
15080,0.0,1916.21814,492.561584,1674.766479,-0.9863990758,0.1641736666,0.0079918997,0.0001351068,7.5039548954,456.5110908465,3.0
15081,0.0,1912.938965,495.108215,1675.043945,-0.9879201562,0.1548083771,0.0069376805,3.03109e-05,3.5527430833,456.302341736,3.0
15082,0.0,1910.011353,497.339386,1675.406128,-0.9889049562,0.1484293918,0.0059752213,2.5453e-06,1.0293919778,456.2461372244,3.0
15083,0.0,1907.122559,499.224548,1675.451294,-0.9899196386,0.141543688,0.0049490878,8.6648e-06,1.8984821216,456.0514958361,3.0
15084,0.0,1903.97644,501.44104,1676.544434,-0.9906581081,0.1362847521,0.0047936681,4.23619e-05,4.2009542434,456.4045758036,3.0
15085,0.0,1900.720459,503.479126,1676.85791,-0.991356851,0.1311359127,0.0038686523,8.81345e-05,6.0595295105,456.4156994158,3.0
15086,0.0,1900.021362,503.834015,1676.85791,-0.9914989218,0.1300627077,0.0036851322,0.0001090435,6.7454763629,456.7826147569,3.0
15087,0.0,1895.182007,506.343414,1677.058716,-0.9920600557,0.1257299947,0.0029689054,0.0001717293,8.461821952,456.6099683738,3.0
15088,0.0,1891.61731,508.10376,1677.209351,-0.9921312513,0.1251691157,0.0028762114,0.0001737808,8.5103103499,456.5079645967,3.0
15089,0.0,1888.966187,509.894958,1677.411987,-0.9921312513,0.1251691157,0.0028762114,0.000158359,8.1199409254,456.2823940683,3.0
15090,0.0,1885.177979,511.670044,1677.395142,-0.9921312513,0.1251691157,0.0028762114,0.0001493224,7.8775419068,455.8579130543,3.0
15091,0.0,1882.353516,512.855164,1677.282959,-0.9921312513,0.1251691157,0.0028762114,0.0001531262,7.9991654731,457.1109168558,3.0
15092,0.0,1876.419067,515.044373,1677.296875,-0.9921312513,0.1251691157,0.0028762114,0.0001458366,7.8022600609,456.8650353641,3.0
15093,0.0,1874.547485,515.643433,1677.305359,-0.9921312513,0.1251691157,0.0028762114,0.0001528974,7.9930179394,457.2150429468,3.0
15094,0.0,1872.675903,516.242493,1677.313843,-0.9921312513,0.1251691157,0.0028762114,0.0001599582,8.1837758178,457.5650505296,3.0
15095,0.0,1869.152466,517.266968,1676.811035,-0.9921312513,0.1251691157,0.0028762114,0.0001580035,8.1309432405,457.4142405039,3.0
15096,0.0,1865.667847,518.192993,1676.532593,-0.9921312513,0.1251691157,0.0028762114,0.000199161,9.1434496537,458.1571858159,3.0
15097,0.0,1863.49292,518.735962,1676.216675,-0.9917862467,0.1278995042,0.0013257517,0.0001843631,8.8095665316,458.7991069812,3.0
15098,0.0,1859.97168,519.589539,1675.521362,-0.9913677442,0.131109678,-0.0004980995,0.0001288049,7.3494382171,457.9172638637,3.0
15099,0.0,1855.947632,520.652283,1675.335449,-0.990095346,0.1402828944,-0.0056493738,2.70453e-05,3.3614755197,457.0587808835,3.0
15100,0.0,1854.887573,520.921936,1675.335449,-0.9896945377,0.1430002403,-0.0074601138,3.87284e-05,4.019866422,456.7580535258,3.0
15101,0.0,1846.405151,522.772766,1675.103638,-0.9868570772,0.1604762675,-0.0189862263,0.0002215145,9.540601125,453.2979381553,3.0
15102,0.0,1842.548706,523.621765,1675.157104,-0.9852101962,0.1695072605,-0.0250630785,0.0004159026,13.0149685085,451.3126276668,3.0
15103,0.0,1839.206421,523.731445,1674.801392,-0.9839414466,0.1758694577,-0.0304821828,0.0004906483,14.0683822152,449.1560884757,3.0
15104,0.0,1835.260742,524.378723,1674.29895,-0.982477691,0.1827781782,-0.0364653855,0.0006904558,16.5595531785,445.6979825359,3.0
15105,0.0,1833.844238,524.153503,1673.402588,-0.9821508135,0.1842887368,-0.0376489175,0.0006244235,15.7155291144,444.7768644566,3.0
15106,0.0,1831.0130615,524.511322,1672.1099245,-0.9817119246,0.186338497,-0.0389061288,0.0007225806,16.7354873769,441.5545952624,3.0
15107,0.0,1828.181885,524.869141,1670.817261,-0.9812730357,0.1883882573,-0.0401633401,0.0008207378,17.7554456394,438.3323260682,3.0
15108,0.0,1827.4569095,524.863831,1670.529114,-0.9811639018,0.1889451204,-0.0402096411,0.0008403115,17.9357225415,437.6354797518,3.0
15109,0.0,1826.731934,524.858521,1670.240967,-0.9801394718,0.1941804856,-0.0402561165,0.0010594177,20.1073112679,436.9386334353,3.0
15110,0.0,1822.37085,525.64093,1665.660889,-0.9803251907,0.1932406934,-0.0402561165,0.0013532313,22.4728519645,432.1197803768,3.0
15111,0.0,1821.0910035,526.060272,1664.1271365,-0.9803251907,0.1932406934,-0.0402561165,0.0014795451,23.3976954512,430.7364651116,3.0
15112,0.0,1819.811157,526.479614,1662.593384,-0.9803251907,0.1932406934,-0.0402561165,0.0016058588,24.322538938,429.3531498464,3.0
15113,0.0,1818.608887,527.147766,1660.317261,-0.9803251907,0.1932406934,-0.0402561165,0.0018156927,25.7844794955,428.074566773,3.0
15114,0.0,1815.404663,528.83728,1656.634521,-0.9797379455,0.195699102,-0.0426077413,0.0025302232,30.1030671574,423.4393582573,3.0
15115,0.0,1812.896606,529.430481,1656.756592,-0.9793070172,0.1967984955,-0.0472029472,0.0028385939,31.6752120011,420.6891536416,3.0
15116,0.0,1811.837646,529.770081,1656.811157,-0.9793765738,0.1960620259,-0.0487976293,0.0029035514,31.9558076645,419.6483465238,3.0
15117,0.0,1810.862061,529.953796,1656.877441,-0.9795920912,0.1947200924,-0.0498339301,0.0028899358,31.7728786632,418.2264239714,3.0
15118,0.0,1810.455688,530.037842,1656.877441,-0.9796277522,0.1945406037,-0.0498339301,0.002899605,31.8657919339,418.7505077905,3.0
15119,0.0,1809.467468,530.2224425,1657.100647,-0.9800183819,0.192238471,-0.0510050728,0.0028182198,31.3214893947,417.5159495431,3.0
15120,0.0,1808.479248,530.407043,1657.323853,-0.9804090116,0.1899363382,-0.0521762154,0.0027368346,30.7771868554,416.2813912958,3.0
15121,0.0,1808.223145,530.448914,1657.323853,-0.9806483965,0.1884657372,-0.0530036638,0.002722846,30.677041301,415.9898803621,3.0
15122,0.0,1806.353882,531.058472,1658.539551,-0.9819555709,0.1807604542,-0.0555780087,0.0024385299,28.7939014108,412.5593162868,3.0
15123,0.0,1805.52417,531.757812,1658.941895,-0.9821075283,0.179932966,-0.0555781481,0.0024002349,28.5018288655,411.6153988928,3.0
15124,0.0,1805.222778,532.047363,1659.049927,-0.9821075283,0.179932966,-0.0555781481,0.0024054696,28.5095025549,411.2785270845,3.0
15125,0.0,1805.087036,532.320618,1659.321533,-0.9821075283,0.179932966,-0.0555781481,0.0024177974,28.624288399,411.8816208096,3.0
15126,0.0,1804.914185,532.532532,1659.403076,-0.9821075283,0.179932966,-0.0555781481,0.0024243115,28.6489148338,411.6824386405,3.0
15127,0.0,1804.984741,532.823364,1659.776489,-0.9821075283,0.179932966,-0.0555781481,0.0024011465,28.5053456962,411.5881293548,3.0
15128,0.0,1805.244263,532.974976,1660.175781,-0.9821075283,0.179932966,-0.0555781481,0.0023689433,28.3162275013,411.623741516,3.0
15129,0.0,1805.436157,533.046021,1660.39978,-0.9819869911,0.1805896849,-0.0555780087,0.0023803158,28.378729557,411.5468273204,3.0
15130,0.0,1804.628906,532.740723,1660.109985,-0.9818881244,0.1812384958,-0.0552115819,0.0023844737,28.3512735429,410.7904627884,3.0
15131,0.0,1804.924927,532.987,1660.274292,-0.980868245,0.188429989,-0.0489042461,0.0024311419,28.584236554,410.1762972733,3.0
15132,0.0,1804.864624,532.941833,1660.235474,-0.9803516903,0.191720987,-0.0464071822,0.0024800902,28.8635410904,410.0816276541,3.0
15133,0.0,1805.07019,533.075073,1660.330444,-0.9802013846,0.1928808551,-0.0447461874,0.0024839936,28.8953728866,410.2115931197,3.0
15134,0.0,1805.305176,533.209656,1660.418945,-0.9800077031,0.1940133339,-0.0440877318,0.0025438072,29.2503134582,410.3456154104,3.0
15135,0.0,1805.368652,533.243652,1660.442505,-0.9799808282,0.1941490559,-0.0440876446,0.0025158119,29.1957058169,411.8491919897,3.0
15136,0.0,1806.509277,533.757324,1660.841309,-0.9799808282,0.1941490559,-0.0440876446,0.002558708,29.5220751348,412.9519331431,3.0
15137,0.0,1806.357422,533.692139,1660.799805,-0.9799808282,0.1941490559,-0.0440876446,0.0025514221,29.4698804389,412.8092442251,3.0
15138,0.0,1807.028809,533.950989,1660.974731,-0.9796267887,0.1957091873,-0.0450474065,0.0027385782,30.5608836936,413.2243277866,3.0
15139,0.0,1806.4973755,533.810608,1660.813049,-0.9793078602,0.1970952,-0.0459004,0.0028450196,31.1076836535,412.7664663493,3.0
15140,0.0,1806.357788,533.811401,1660.763916,-0.9788786218,0.1988119788,-0.0476491441,0.0030296185,32.1085349938,412.8009653909,3.0
15141,0.0,1806.644043,533.907593,1660.856079,-0.9788659921,0.1988094137,-0.0479185418,0.0030867414,32.399396235,412.6740808115,3.0
15142,0.0,1806.801514,533.966431,1660.905151,-0.9788659921,0.1988094137,-0.0479185418,0.0030755197,32.3779843818,413.1518802235,3.0
15143,0.0,1806.9731445,534.035248,1660.937805,-0.9788659921,0.1988094137,-0.0479185418,0.0030849331,32.4450057317,413.3760703017,3.0
15144,0.0,1807.144775,534.104065,1660.970459,-0.9788659921,0.1988094137,-0.0479185418,0.0030943465,32.5120270815,413.6002603799,3.0
15145,0.0,1807.509033,534.137756,1661.06311,-0.9788659921,0.1988094137,-0.0479185418,0.0030924624,32.5449638895,414.1451683319,3.0
15146,0.0,1806.45166,533.981689,1660.833252,-0.9788659921,0.1988094137,-0.0479185418,0.0030710174,32.3791065565,413.4684873499,3.0
15147,0.0,1806.522644,534.0554805,1660.8217165,-0.9788659921,0.1988094137,-0.0479185418,0.0030674305,32.3841207588,413.774101389,3.0
15148,0.0,1806.891357,534.263306,1660.861206,-0.9788659921,0.1988094137,-0.0479185418,0.0030145204,32.2212594714,415.2847141441,3.0
15149,0.0,1807.096069,534.22168,1660.890381,-0.9788659921,0.1988094137,-0.0479185418,0.0031325536,32.866650499,415.5579310918,3.0
15150,0.0,1807.073975,534.226196,1660.887451,-0.9788659921,0.1988094137,-0.0479185418,0.0033154162,33.8446196075,415.9737054946,3.0
15151,0.0,1807.327881,534.174622,1660.956543,-0.9788659921,0.1988094137,-0.0479185418,0.0035497911,35.0563499853,416.4242902366,3.0
15152,0.0,1807.51416,534.13678,1661.032959,-0.9788659921,0.1988094137,-0.0479185418,0.0037917816,36.2630096464,416.8110910198,3.0
15153,0.0,1807.739624,534.091003,1661.127441,-0.9788659921,0.1988094137,-0.0479185418,0.0041328776,37.897281052,417.2688560357,3.0
15154,0.0,1806.62854,534.31665,1660.881714,-0.9788659921,0.1988094137,-0.0479185418,0.0044417167,39.1922465487,416.2866851577,3.0
15155,0.0,1806.674316,534.307312,1660.881714,-0.9788659921,0.1988094137,-0.0479185418,0.004545333,39.6828531849,416.6765920476,3.0
15156,0.0,1806.945679,534.252197,1660.954834,-0.9788659921,0.1988094137,-0.0479185418,0.0048466175,41.0565418151,417.5176578183,3.0
15157,0.0,1807.001831,534.240784,1660.966431,-0.9788659921,0.1988094137,-0.0479185418,0.0051761687,42.5068616905,418.31415189,3.0
15158,0.0,1807.173828,534.205872,1661.004517,-0.9788659921,0.1988094137,-0.0479185418,0.0053810986,43.3843937088,418.7627987186,3.0
15159,0.0,1807.366821,534.166748,1661.060425,-0.9788659921,0.1988094137,-0.0479185418,0.0055451395,44.0913688413,419.2617451895,3.0
15160,0.0,1807.63623,534.112,1661.16333,-0.9788659921,0.1988094137,-0.0479185418,0.0054080248,43.7186462187,420.9401314345,3.0
15161,0.0,1807.809692,534.076721,1661.157959,-0.9788659921,0.1988094137,-0.0479185418,0.0053040635,43.3911528687,421.8504153509,3.0
15162,0.0,1807.871826,534.064148,1661.084595,-0.9788659921,0.1988094137,-0.0479185418,0.0052308935,43.1554966417,422.4758271442,3.0
15163,0.0,1808.416016,533.953613,1661.394165,-0.9788659921,0.1988094137,-0.0479185418,0.0051445302,42.8831801417,423.3098807654,3.0
15164,0.0,1807.647339,534.114075,1660.943726,-0.9787366057,0.1994454437,-0.0479183849,0.0051303139,42.8459989666,423.5269380643,3.0
15165,0.0,1807.406982,534.173096,1661.281494,-0.9784420297,0.2008855963,-0.0479183849,0.0050586728,42.6691219939,424.7470258631,3.0
15166,0.0,1807.179321,534.230652,1662.566895,-0.9781202695,0.2024464542,-0.0479183849,0.0048679559,41.9958141571,426.134666609,3.0
15167,0.0,1807.002197,534.287109,1664.262939,-0.977536242,0.2052479614,-0.0479183674,0.0047849747,41.7794118025,427.5901041586,3.0
15168,0.0,1806.823242,534.342041,1666.467529,-0.9769818711,0.2076924583,-0.0486853811,0.0046557965,41.3412752592,428.9216459404,3.0
15169,0.0,1806.587158,534.30719,1668.17395,-0.9767168673,0.2088905939,-0.0488761799,0.0044902582,40.7344211627,430.3273645385,3.0
15170,0.0,1806.285034,534.137512,1670.741089,-0.9767348673,0.209223606,-0.0470582807,0.0040707331,38.9834343728,432.4851598891,3.0
15171,0.0,1806.201538,533.855896,1672.198853,-0.9767393496,0.2092245661,-0.046960877,0.0038741372,38.1609441651,433.9479591867,3.0
15172,0.0,1805.979736,533.548828,1673.913696,-0.9767393496,0.2092245661,-0.046960877,0.0036667713,37.2775248558,435.7010809656,3.0
15173,0.0,1805.079468,533.258362,1675.569336,-0.9767393496,0.2092245661,-0.046960877,0.0034629657,36.3390304034,437.0293005295,3.0
15174,0.0,1804.12085,533.181702,1676.574219,-0.9767393496,0.2092245661,-0.046960877,0.0033655921,35.9184491866,438.1648780487,3.0
15175,0.0,1803.7920535,533.209137,1676.555481,-0.9767393496,0.2092245661,-0.046960877,0.0033763797,35.9966070704,438.4175991739,3.0
15176,0.0,1803.463257,533.236572,1676.536743,-0.9767393496,0.2092245661,-0.046960877,0.0033871674,36.0747649541,438.670320299,3.0
15177,0.0,1802.24353,533.364868,1676.456543,-0.9767393496,0.2092245661,-0.046960877,0.0034926376,36.8805583635,441.6571528787,3.0
15178,0.0,1801.744507,533.365601,1676.461914,-0.9767393496,0.2092245661,-0.046960877,0.0035056416,37.0388744339,442.7310474436,3.0
15179,0.0,1801.35144,534.022949,1676.05188,-0.9767393496,0.2092245661,-0.046960877,0.0036520462,37.8594161434,443.3918035931,3.0
15180,0.0,1799.759399,534.377441,1675.679077,-0.9767393496,0.2092245661,-0.046960877,0.0037471512,38.5087032835,445.2464971898,3.0
15181,0.0,1798.637207,534.624023,1675.463623,-0.9767393496,0.2092245661,-0.046960877,0.0038005711,38.8591256933,446.1353438113,3.0
15182,0.0,1796.873291,534.963623,1675.393555,-0.976733921,0.2092234033,-0.0470788179,0.0038177415,39.0143942138,446.9114837454,3.0
15183,0.0,1793.57605,535.292175,1674.638428,-0.9762485421,0.211656172,-0.0462649861,0.0039955117,39.9520108043,447.3749718929,3.0
15184,0.0,1792.515564,535.567871,1674.557495,-0.9751648011,0.2168440334,-0.0447422473,0.0043637182,41.7235271299,447.5030247894,3.0
15185,0.0,1791.455078,535.843567,1674.476562,-0.9740810601,0.2220318949,-0.0432195085,0.0047319247,43.4950434555,447.6310776859,3.0
15186,0.0,1786.987061,536.559937,1674.029053,-0.9687296505,0.2449681234,-0.039414245,0.0069027548,52.4532069756,447.1946281597,3.0
15187,0.0,1784.548584,536.979614,1674.125488,-0.9647714756,0.2602784896,-0.0383550211,0.0086651589,58.7548271077,447.2837719659,3.0
15188,0.0,1782.550659,537.391602,1674.201294,-0.9604770879,0.2758304272,-0.0374344631,0.0107234086,65.3409394682,447.3746390663,3.0
15189,0.0,1781.543274,537.6198735,1674.277466,-0.9587347394,0.2818047694,-0.037079873,0.0116221509,67.9285727015,447.1937376683,3.0
15190,0.0,1779.473389,538.138672,1674.353638,-0.9550421338,0.2942379629,-0.0363117587,0.0135720875,73.3535926542,446.7470150176,3.0
15191,0.0,1775.45166,539.39032,1674.914062,-0.9364210523,0.3493982256,-0.0321946086,0.0243472591,97.9636438702,446.6677390783,3.0
15192,0.0,1773.272949,540.262756,1675.223389,-0.9157201633,0.4007847927,-0.0287772914,0.0378929205,121.8449116842,446.8553949509,3.0
15193,0.0,1770.413208,541.292786,1675.373169,-0.8925002081,0.45032849,-0.0254485685,0.0542271378,144.9648638063,446.2809404728,3.0
15194,0.0,1767.440796,542.264893,1675.390015,-0.8589893051,0.511546826,-0.0213826678,0.079189364,173.8814470173,445.8384725963,3.0
15195,0.0,1765.338867,543.129272,1675.475708,-0.8440744819,0.5358427401,-0.0202688658,0.0907447262,185.6222821037,445.9512760234,3.0
15196,0.0,1761.934937,544.544434,1675.617798,-0.8271642684,0.5616325022,-0.0191886825,0.0992942146,473.2949780077,1089.4629750183,6.0
15197,0.0,1759.268066,546.031799,1675.54541,-0.8147563006,0.5794864446,-0.0191737103,0.090596883,450.7243153738,1083.6911982564,6.0
15198,0.0,1756.402954,547.049622,1675.455078,-0.8127974346,0.582230796,-0.0191736928,0.089632069,446.2161665082,1078.3384242325,6.0
15199,0.0,1753.375,548.001038,1675.357422,-0.8126600356,0.5824225614,-0.0191735881,0.0899510065,444.7107135494,1072.8829040651,6.0
15200,0.0,1752.0269775,548.3932495,1675.3321535,-0.8126600356,0.5824225614,-0.0191735881,0.090098087,443.9759481116,1070.2792527212,6.0
15201,0.0,1750.678955,548.785461,1675.306885,-0.8126600356,0.5824225614,-0.0191735881,0.0902451676,443.2411826737,1067.6756013773,6.0
15202,0.0,1750.116211,548.885925,1675.306885,-0.8126600356,0.5824225614,-0.0191735881,0.0903362327,443.0822319085,1066.7800691495,6.0
15203,0.0,1741.375977,550.42804,1674.380371,-0.8126600356,0.5824225614,-0.0191735881,0.0917550227,440.6662295407,1053.1198096929,6.0
15204,0.0,1737.21875,550.927368,1674.396362,-0.8126600356,0.5824225614,-0.0191735881,0.0923365742,439.2252244864,1046.5247841499,6.0
15205,0.0,1734.106323,551.258972,1674.140747,-0.8126600356,0.5824225614,-0.0191735881,0.0927965275,438.2364158571,1041.7034105742,6.0
15206,0.0,1731.023071,551.523315,1674.25769,-0.813130833,0.5817650877,-0.0191737103,0.0935427538,437.9035699514,1036.9549166045,6.0
15207,0.0,1727.501953,551.861633,1674.002686,-0.8137426823,0.5809089571,-0.0191736928,0.0944672646,437.6603317443,1031.5453086381,6.0
15208,0.0,1724.475342,552.107788,1673.822754,-0.8137753194,0.5808632396,-0.0191735881,0.0949048771,436.6554682839,1026.9192741809,6.0
15209,0.0,1721.089478,552.330505,1673.659302,-0.8137753194,0.5808632396,-0.0191735881,0.0953491322,435.4142877808,1021.7311030214,6.0
15210,0.0,1718.081543,552.493958,1673.478027,-0.8143154612,0.580105765,-0.0191737103,0.0961174383,435.103300685,1017.1176860565,6.0
15211,0.0,1715.038818,552.649658,1673.46875,-0.8148647789,0.5793338948,-0.0191736928,0.0968833381,434.7569662058,1012.4866293606,6.0
15212,0.0,1712.650146,552.728821,1673.519165,-0.8158670301,0.5779215852,-0.0191736928,0.0977879839,434.9361571247,1008.4475294533,6.0
15213,0.0,1710.6920775,552.7365725,1673.4818725,-0.8164624879,0.5770791202,-0.0191736928,0.0985453122,435.4030144825,1005.8612375507,6.0
15214,0.0,1707.917358,552.717773,1673.549438,-0.8173836086,0.5757746132,-0.0191737103,0.0997522889,436.4871001249,1002.547294159,6.0
15215,0.0,1702.300781,552.433594,1674.009766,-0.8208232771,0.5708603307,-0.0191736928,0.0967756767,187.0128047118,435.7558694337,3.0
15216,0.0,1698.822021,552.133789,1674.348633,-0.8219801985,0.5691932204,-0.0191737103,0.0955874325,185.9681286576,435.8706269861,3.0
15217,0.0,1695.390137,551.741455,1673.474121,-0.8231021454,0.5675695791,-0.0191737103,0.0946900072,185.1927057538,436.0025002125,3.0
15218,0.0,1691.898682,551.378784,1674.06958,-0.8236682572,0.5667477142,-0.0191736928,0.0936418134,184.2414948467,436.0640551581,3.0
15219,0.0,1688.60022,551.008545,1674.388672,-0.82418894,0.5659902479,-0.0191736928,0.0928552622,183.4713701334,435.9866756665,3.0
15220,0.0,1687.0023195,550.817993,1674.6497805,-0.8243402131,0.5657698393,-0.0191736928,0.0924865551,183.1831885115,436.1277525667,3.0
15221,0.0,1685.404419,550.627441,1674.910889,-0.8244914862,0.5655494308,-0.0191736928,0.0921178481,182.8950068896,436.2688294669,3.0
15222,0.0,1677.887085,548.748962,1675.556274,-0.8247498006,0.5651444524,-0.019987855,0.08995037,180.2473636598,434.8556511178,3.0
15223,0.0,1671.237549,547.741699,1675.546875,-0.8250054502,0.564766068,-0.0201319553,0.0894720298,179.8762397175,435.0643071513,3.0
15224,0.0,1667.50415,546.962524,1675.362671,-0.8252556391,0.5644004204,-0.0201319553,0.0886380638,178.7759129743,434.3375804908,3.0
15225,0.0,1663.941772,546.466248,1675.375,-0.825288861,0.5643518347,-0.0201321298,0.0881678058,178.2218340627,434.0912250598,3.0
15226,0.0,1660.108643,545.656189,1675.134155,-0.825288861,0.5643518347,-0.0201321298,0.0872956313,177.2158575969,433.6929883931,3.0
15227,0.0,1656.549438,544.854736,1674.853638,-0.8263462442,0.5628024423,-0.0201319553,0.0855217316,175.3458494428,433.3432407978,3.0
15228,0.0,1653.35144,544.11322,1674.765625,-0.827808252,0.5606498029,-0.0201319727,0.0834419727,173.2175165911,433.1502206379,3.0
15229,0.0,1649.671753,543.496643,1674.954224,-0.8343923593,0.5508031364,-0.0201319553,0.0777405774,167.4167950419,433.0810124808,3.0
15230,0.0,1646.510498,542.756653,1674.862305,-0.8463093172,0.5323436333,-0.0192560572,0.0683714399,157.356485878,432.9975869205,3.0
15231,0.0,1643.375,542.529053,1675.142822,-0.8753906146,0.4830358594,-0.0191736928,0.0485863693,133.3443923823,433.0548092508,3.0
15232,0.0,1639.638306,542.443726,1675.477539,-0.9170841939,0.3982322825,-0.0191736928,0.0234433324,93.1468723283,432.7170116707,3.0
15233,0.0,1636.842773,542.441467,1675.672485,-0.9509435997,0.308522592,-0.0228052699,0.0073390369,52.4275955774,433.5345358639,3.0
15234,0.0,1633.05249,542.637085,1675.947144,-0.9770083703,0.2115337861,-0.02661018,0.000522051,13.9921502233,433.0815458683,3.0
15235,0.0,1629.709717,542.405823,1676.147583,-0.9976144426,0.0616858221,-0.030988438,0.0098466028,60.5986688508,432.8890486745,3.0
15236,0.0,1626.341187,541.314575,1677.755493,-0.9894106923,-0.1400517693,-0.0381049064,0.0198908608,348.3298924969,1755.1708314438,0.0
15237,0.0,1623.741577,540.440918,1678.671509,-0.9544764766,-0.2946307385,-0.0465551657,0.0018384041,106.2792262442,1753.5275422268,0.0
15238,0.0,1620.119141,539.279968,1678.249512,-0.895234323,-0.441998924,-0.0565018409,0.0097273388,243.6453971651,1751.0756174143,0.0
15239,0.0,1617.139282,539.05481,1677.726318,-0.8424362836,-0.5350262842,-0.0636237632,0.0296271018,422.5659747969,1748.9432863869,0.0
15240,0.0,1614.133667,538.893494,1677.19519,-0.8016583665,-0.5939479709,-0.0675993434,0.0494773844,542.5848221909,1746.5811943239,0.0
15241,0.0,1611.01123,539.003296,1677.014526,-0.7754699796,-0.6274473685,-0.0703996481,0.0559362648,284.5148354395,862.7856952551,5.0
15242,0.0,1607.642944,539.303772,1676.68457,-0.7547968809,-0.6519292164,-0.0725945273,0.0474065706,261.115722453,858.238200179,5.0
15243,0.0,1606.892212,539.503479,1676.318848,-0.7523045066,-0.654780961,-0.072799879,0.0466121558,258.7436622446,857.4837249316,5.0
15244,0.0,1600.79248,540.288696,1675.743408,-0.7458169816,-0.6621610402,-0.0727996353,0.0458508297,254.0112840403,848.5951673609,5.0
15245,0.0,1597.921143,540.637695,1675.577759,-0.7469544101,-0.6609678848,-0.0719761385,0.0472161448,256.4377162333,844.5192443558,5.0
15246,0.0,1594.990112,540.961487,1675.43689,-0.7485983879,-0.6592563461,-0.07057991,0.0487652383,259.0804101633,839.8943086176,5.0
15247,0.0,1591.534424,541.439026,1675.122437,-0.7501778161,-0.65760418,-0.0692097301,0.050495275,262.0947141154,835.3543633485,5.0
15248,0.0,1587.752563,541.799255,1675.063965,-0.7514453695,-0.6562300641,-0.0684978805,0.0521864432,264.5865806411,829.8799511242,5.0
15249,0.0,1584.887451,542.110718,1675.001587,-0.7522925224,-0.6553009893,-0.0680923947,0.0534342497,266.3544093786,825.8772329605,5.0
15250,0.0,1581.693848,542.209106,1675.192139,-0.7524483379,-0.655129814,-0.0680178329,0.0543953158,267.0836841045,820.9927188162,5.0
15251,0.0,1578.160278,542.430908,1675.367432,-0.7524483379,-0.655129814,-0.0680178329,0.0554060922,267.7958498138,815.8505707087,5.0
15252,0.0,1574.678711,542.747375,1675.377808,-0.7530626815,-0.6544235582,-0.0680176762,0.0567394294,269.2897958417,810.9832711365,5.0
15253,0.0,1571.328491,542.979004,1675.966675,-0.7536761716,-0.6537169297,-0.0680176762,0.0579735548,270.5548512524,806.3299477019,5.0
15254,0.0,1568.246582,543.260193,1676.312378,-0.7584113871,-0.6480439395,-0.0696507029,0.0614312215,276.807971388,802.1275076994,5.0
15255,0.0,1564.446167,543.666931,1676.393433,-0.7753400597,-0.6275551517,-0.0708683521,0.069800461,626.4166952442,1706.6052399394,0.0
15256,0.0,1561.430298,543.984619,1676.680908,-0.8016609206,-0.593367044,-0.0724935823,0.0555305885,559.9276501579,1703.9828462656,0.0
15257,0.0,1557.686523,544.542664,1676.692017,-0.8512804131,-0.5193840881,-0.0745776592,0.0311672468,421.3029990287,1700.7517156422,0.0
15258,0.0,1551.046387,546.029419,1676.460083,-0.9471604535,-0.3115057688,-0.0764933415,0.0031334816,134.0840186727,1695.0750151221,0.0
15259,0.0,1549.282715,546.516693,1676.3115845,-0.9646773069,-0.2417118034,-0.0761243967,0.0074953604,196.9405255031,1693.5730678027,0.0
15260,0.0,1544.263306,548.344666,1675.845215,-0.9965254466,-0.0397391615,-0.0731972224,0.0379087134,460.7481675798,1689.4077791854,0.0
15261,0.0,1542.15564,549.2781375,1676.072876,-0.9938766616,0.0367668354,-0.070644765,0.0238246991,260.660991609,1062.2269767072,1.5
15262,0.0,1540.047974,550.211609,1676.300537,-0.9912278765,0.1132728323,-0.0680923076,0.0097406848,60.5738156382,435.046174229,3.0
15263,0.0,1533.563477,553.141602,1676.560547,-0.9455724148,0.3209344854,-0.0537946513,0.005847448,46.9424327023,434.7135929053,3.0
15264,0.0,1529.886841,554.785645,1676.566162,-0.9081577469,0.4158506773,-0.0481427146,0.0202661483,87.0441291656,434.5607240481,3.0
15265,0.0,1526.603394,556.041138,1677.105957,-0.8749063523,0.4821721734,-0.0452644434,0.0371926722,117.3441225297,434.3039861398,3.0
15266,0.0,1523.125488,557.179749,1677.259521,-0.8399527008,0.5410096978,-0.0422843617,0.0567776954,144.2119873239,434.1614290201,3.0
15267,0.0,1522.0411783333,557.5086673333,1677.1464026667,-0.8307753609,0.5545797939,-0.0414162088,0.0621927047,150.369689101,434.0046325609,3.0
15268,0.0,1520.9568686667,557.8375856667,1677.0332843333,-0.821598021,0.56814989,-0.040548056,0.067607714,156.5273908782,433.8478361018,3.0
15269,0.0,1519.094238,558.488525,1676.790771,-0.8075470871,0.5884941865,-0.0392720585,0.075920267,165.5884430015,433.2510528097,3.0
15270,0.0,1509.001465,561.243958,1676.283813,-0.7307132456,0.6816070663,-0.0383400572,0.1025972679,358.2123537317,811.8819768243,6.0
15271,0.0,1505.831665,561.901611,1676.280273,-0.7099408187,0.7032169465,-0.0383400572,0.0913144937,338.0540356002,809.7464995741,6.0
15272,0.0,1502.85437,562.624756,1676.229858,-0.6902449532,0.7225358821,-0.0387789077,0.0816531039,319.6405886525,807.6291782445,6.0
15273,0.0,1499.236206,563.365723,1676.203247,-0.671711495,0.7397729504,-0.0392383648,0.0736328753,303.4704983439,805.7699537591,6.0
15274,0.0,1497.613159,568.357666,1676.687866,-0.6521512781,0.7570695858,-0.0392982531,0.0652745552,284.676618177,801.06944284,6.0
15275,0.0,1494.634399,568.742615,1676.687866,-0.6336615585,0.7725659883,-0.0401848601,0.0596091538,272.0351359345,799.8782979933,6.0
15276,0.0,1491.501953,569.175415,1676.687866,-0.6106934901,0.7907978129,-0.0411373356,0.0532057086,256.8532922233,798.0791937665,6.0
15277,0.0,1488.093872,569.637939,1676.687866,-0.5882316462,0.8075925155,-0.0421646691,0.047883285,243.2752635083,795.7068430704,6.0
15278,0.0,1485.011841,570.050232,1676.687866,-0.5717578402,0.8192905416,-0.0430810933,0.0448329839,234.9133725748,793.4452900933,6.0
15279,0.0,1482.026123,570.49469,1676.687866,-0.5517342897,0.8328593957,-0.0439829567,0.0412734628,225.1163454884,791.743802661,6.0
15280,0.0,1478.829102,570.994568,1676.687866,-0.5305392315,0.8465130807,-0.0440877318,0.0377772592,215.0125242523,789.722265108,6.0
15281,0.0,1475.452148,571.577454,1676.687866,-0.504353666,0.8623226121,-0.0450232408,0.0339831688,203.5378302275,787.4438369236,6.0
15282,0.0,1472.448486,572.197266,1676.687866,-0.4684689423,0.8822825242,-0.0459825785,0.0295267555,189.4455689104,785.4007587051,6.0
15283,0.0,1469.664185,572.805847,1676.687866,-0.4374101099,0.8979938981,-0.0477425873,0.0281047723,184.168258872,782.3171103749,6.0
15284,0.0,1468.016968,573.157898,1676.687866,-0.4236733123,0.9043996451,-0.0482925526,0.0276735872,182.4151565667,780.8109834865,6.0
15285,0.0,1466.052002,573.583557,1676.687866,-0.4065266105,0.9123242413,-0.0489958533,0.0271584663,180.3220503504,779.0227043035,6.0
15286,0.0,1460.365112,574.942322,1676.687866,-0.3706761626,0.9273780597,-0.0506864569,0.0277515965,181.0998984887,774.0934885138,6.0
15287,0.0,1457.128418,575.750244,1676.687866,-0.3558040722,0.9331793611,-0.0507911637,0.0282744482,182.1499141049,771.4515745642,6.0
15288,0.0,1454.527466,576.483643,1676.687866,-0.3401259839,0.9389847265,-0.0512054538,0.0286801957,182.9096362755,769.2490857827,6.0
15289,0.0,1450.974854,577.506104,1676.687866,-0.3240101974,0.9446410459,-0.0516786833,0.0295434772,184.8773139929,766.2480630918,6.0
15290,0.0,1445.022217,578.13446,1673.802246,-0.3121130662,0.9486345415,-0.0517488214,0.0312210637,189.2499076194,763.3317926245,6.0
15291,0.0,1442.386841,579.229553,1673.423828,-0.30667112,0.9503601991,-0.0526147893,0.0321464165,191.3415400015,760.7581090539,6.0
15292,0.0,1439.177124,580.429504,1673.263062,-0.3006902822,0.952211207,-0.0536579105,0.0330889731,193.3408021676,757.8609220046,6.0
15293,0.0,1437.7315065,580.9772335,1673.2521975,-0.2984659027,0.9529077601,-0.0536607164,0.0333432513,193.7226910993,756.5164839982,6.0
15294,0.0,1435.787598,581.710144,1673.241333,-0.2951571152,0.9539268099,-0.0539065737,0.0337903759,194.9397224873,756.2909846338,6.0
15295,0.0,1431.333862,583.451233,1673.578247,-0.2857810435,0.9566459719,-0.0561932342,0.035033501,197.0679884683,751.0982300318,6.0
15296,0.0,1429.842896,584.042542,1673.508789,-0.2833836599,0.9573322096,-0.0566457568,0.0353915618,197.6801068261,749.6785772747,6.0
15297,0.0,1424.292236,586.232788,1674.169678,-0.273533996,0.9600917182,-0.0583356297,0.0362460312,198.3202175204,743.3497887486,6.0
15298,0.0,1420.994873,587.537415,1674.679077,-0.2679684728,0.9615464954,-0.0601766955,0.0368401577,198.9356637608,739.7314373391,6.0
15299,0.0,1418.263306,588.902344,1674.409058,-0.2626740908,0.9628907725,-0.0619974369,0.0377008894,200.3680939234,736.6652188947,6.0
15300,0.0,1414.773193,590.381531,1674.893555,-0.2539480725,0.965092115,-0.0640904523,0.038384627,201.0489098588,732.6830288669,6.0
15301,0.0,1411.426514,591.680664,1675.335693,-0.249147159,0.9662153785,-0.0659813269,0.0387594262,200.9987299186,729.0196070905,6.0
15302,0.0,1405.329956,594.50647,1675.571533,-0.2451091132,0.9671141817,-0.0679093678,0.0389160359,199.444669612,721.9548559479,6.0
15303,0.0,1402.33606,595.886292,1675.702393,-0.2451072979,0.9671070194,-0.0680178329,0.0385649771,197.6074167441,718.4883642611,6.0
15304,0.0,1399.095825,597.365967,1675.753906,-0.2451072979,0.9671070194,-0.0680178329,0.0381351558,195.5324926538,714.8610453482,6.0
15305,0.0,1395.816406,598.800049,1675.429565,-0.2451072979,0.9671070194,-0.0680178329,0.0377856589,193.7430418653,711.5237340774,6.0
15306,0.0,1392.712769,600.334961,1675.184204,-0.2451072979,0.9671070194,-0.0680178329,0.0373514528,191.6908687516,707.9888335852,6.0
15307,0.0,1389.772949,601.984253,1675.211182,-0.2451072979,0.9671070194,-0.0680178329,0.0367476423,189.1184073402,704.0945742309,6.0
15308,0.0,1386.681396,603.552612,1674.971558,-0.2451072979,0.9671070194,-0.0680178329,0.0347046771,184.2483348856,705.4977897125,6.0
15309,0.0,1383.221558,605.307983,1674.682251,-0.2451072979,0.9671070194,-0.0680178329,0.0339596926,181.1810879101,701.1884906911,6.0
15310,0.0,1380.194336,606.953674,1674.497314,-0.2459896001,0.9668173444,-0.0689444643,0.0330560711,177.733291991,697.0231113637,6.0
15311,0.0,1379.2066243333,607.4758096667,1674.395426,-0.2462863122,0.9667409948,-0.0689544296,0.0329147959,177.0485404655,695.7993623546,6.0
15312,0.0,1378.2189126667,607.9979453333,1674.293538,-0.2465830244,0.9666646453,-0.068964395,0.0327735208,176.36378894,694.5756133454,6.0
15313,0.0,1377.231201,608.520081,1674.19165,-0.2468797365,0.9665882957,-0.0689743603,0.0326322457,175.6790374145,693.3518643362,6.0
15472,0.0,868.688904,680.762939,1703.787842,-0.9031155945,0.4256594569,-0.0565353848,0.0549797325,71.6446882161,219.0890237171,3.0
15473,0.0,868.6557823333,680.778564,1703.8144126667,-0.9031155945,0.4256594569,-0.0565353848,0.0548055529,71.6465496184,219.4344257887,3.0
15474,0.0,868.6226606667,680.794189,1703.8409833333,-0.9031155945,0.4256594569,-0.0565353848,0.0546313732,71.6484110208,219.7798278604,3.0
15477,0.0,865.195862,680.368774,1707.098145,-0.8946379314,0.4434450076,-0.0545847685,0.0678292269,342.0368707996,944.804029105,0.0
15478,0.0,861.955811,679.378113,1709.682007,-0.8837072611,0.4651223876,-0.0521789344,0.0742581766,356.0878858701,941.6424475923,0.0
15479,0.0,859.263306,678.782043,1711.175415,-0.87518355,0.4811608738,-0.050378242,0.0795329058,367.0990664434,939.3045368109,0.0
15480,0.0,855.371704,677.830444,1713.87915,-0.8618833124,0.504859767,-0.0476840808,0.0876350852,383.1505836249,935.9337345264,0.0
15481,0.0,851.650085,676.89447,1716.308472,-0.848388426,0.5274515493,-0.0450770644,0.095886224,398.5593053731,932.7567433049,0.0
15482,0.0,848.448853,676.13739,1718.301636,-0.8395972207,0.5415108656,-0.0429242287,0.1009059589,406.9977033741,929.7374313115,0.0
15483,0.0,845.660217,675.618347,1719.897705,-0.8271035405,0.5606276231,-0.039954993,0.1086576367,420.4182866898,927.3985136992,0.0
15484,0.0,842.072937,674.890991,1722.15332,-0.8043275834,0.5931563833,-0.0349663195,0.1242727171,446.3059131369,924.3999138097,0.0
15485,0.0,838.723267,674.255615,1724.270386,-0.7832327946,0.6210080742,-0.0299225889,0.1387200615,468.2757347341,921.5654181739,0.0
15486,0.0,836.286804,673.796143,1725.810303,-0.7666799283,0.6414924954,-0.0262538734,,,,
15487,0.0,832.385681,672.781616,1728.20752,-0.7390195065,0.6733646886,-0.0207404245,,,,
15488,0.0,828.818298,672.169495,1730.381836,-0.7130123821,0.7009960108,-0.0147626454,,,,
15489,0.0,826.421997,671.568054,1732.043701,-0.6936686416,0.7202086611,-0.0111040626,,,,
15490,0.0,823.233337,671.033264,1734.309326,-0.666478954,0.7455031571,-0.0055539756,,,,
15491,0.0,821.2875975,670.8007505,1735.3950805,-0.6473630437,0.7617579206,-0.002105621,,,,
15492,0.0,819.341858,670.568237,1736.480835,-0.6282471334,0.778012684,0.0013427337,,,,
15493,0.0,813.053833,670.076721,1741.044678,-0.5777671537,0.816122858,0.0113400512,,,,
15494,0.0,809.127258,669.857422,1743.666016,-0.5516203034,0.8339443348,0.0158709564,,,,
15495,0.0,806.633728,669.843872,1744.770996,-0.5357023703,0.8441884643,0.0192043526,,,,
15496,0.0,802.195862,669.815063,1747.875732,-0.5114971586,0.8589381629,0.0244108391,,,,
15497,0.0,799.489563,669.882629,1749.727905,-0.4980658596,0.8667312684,0.0265952627,,,,
15498,0.0,798.369141,669.931091,1750.47998,-0.4927282957,0.8697517209,0.0274001943,,,,
15499,0.0,792.285645,670.544617,1754.255737,-0.46383106,0.8853414219,0.0321140859,,,,
15500,0.0,788.906372,671.03656,1756.190308,-0.4496617457,0.8925723439,0.0334503417,,,,
15501,0.0,786.888428,671.271362,1757.541626,-0.4392706983,0.8976934007,0.0344646479,,,,
15502,0.0,782.495789,671.982544,1760.182861,-0.4211566678,0.9062619722,0.0362808344,,,,
15503,0.0,779.961243,672.388062,1761.530273,-0.4063747363,0.9129671638,0.0367495788,,,,
15504,0.0,776.573608,673.091064,1762.389648,-0.3843268593,0.9224439553,0.0372828999,,,,
15505,0.0,772.935364,673.822632,1762.787109,-0.3668799721,0.9295168997,0.0373820701,,,,
15506,0.0,767.685242,674.969666,1761.672607,-0.3262943627,0.9445287554,0.0373820701,,,,
15507,0.0,766.3258975,675.2481995,1761.545776,-0.3147487619,0.9483677203,0.0371996263,,,,
15508,0.0,764.966553,675.526733,1761.418945,-0.3032031611,0.9522066852,0.0370171825,,,,
15509,0.0,758.222351,677.535522,1761.139404,-0.260301073,0.9648658994,0.035737203,,,,
15510,0.0,756.602539,678.1095275,1761.116455,-0.2465491902,0.96837214,0.0356015287,,,,
15511,0.0,754.982727,678.683533,1761.093506,-0.2327973075,0.9718783807,0.0354658543,,,,
15512,0.0,753.6827085,679.27475,1761.0023195,-0.2238032809,0.9739451217,0.035465863,,,,
15513,0.0,751.353149,680.541931,1761.348389,-0.2063271354,0.9778435693,0.0353704272,,,,
15514,0.0,751.353149,680.541931,1761.348389,-0.2063271354,0.9778435693,0.0353704272,,,,
15515,0.0,742.028992,686.530884,1763.309326,-0.1385097056,0.9898088986,0.0330666864,,,,
15516,0.0,739.441833,688.774719,1764.07251,-0.1276596266,0.9913101062,0.03173788,,,,
15517,0.0,738.235168,689.9074705,1764.347412,-0.123473876,0.991847764,0.0312110212,,,,
15518,0.0,735.297913,692.909485,1764.935059,-0.116020048,0.992797629,0.0298699908,,,,
15519,0.0,733.309937,695.376648,1765.17334,-0.1128583658,0.9931918912,0.0288592529,,,,
15520,0.0,731.90094,697.241516,1765.38147,-0.1118897629,0.9933044088,0.0287581705,,,,
15521,0.0,729.881897,700.327209,1765.564209,-0.1107132321,0.9934618866,0.0278578543,0.0800530362,106.5780075786,271.852966805,3.0
15522,0.0,728.400635,702.497009,1765.367432,-0.110655862,0.9934699038,0.0277998271,0.0794483683,105.4088280431,269.8494269369,3.0
15523,0.0,726.841553,705.344727,1765.190552,-0.110655862,0.9934699038,0.0277998271,0.0796608665,104.4010995994,266.9276688522,3.0
15524,0.0,725.701111,707.867737,1765.211426,-0.110655862,0.9934699038,0.0277998271,0.0798886349,103.4816490643,264.2150985172,3.0
15525,0.0,724.09314,711.400024,1764.765747,-0.110655862,0.9934699038,0.0277998271,0.0805388104,102.5164899383,260.7362739988,3.0
15526,0.0,723.5927735,712.608276,1764.76062,-0.110655862,0.9934699038,0.0277998271,0.0818526181,103.2021434905,260.4654476295,3.0
15527,0.0,723.092407,713.816528,1764.755493,-0.110655862,0.9934699038,0.0277998271,0.0831664258,103.8877970428,260.1946212603,3.0
15528,0.0,722.7547,714.691223,1764.627319,-0.110655862,0.9934699038,0.0277998271,0.0840158958,104.4920176145,260.4392481217,3.0
15529,0.0,720.543762,722.315063,1764.841919,-0.110655862,0.9934699038,0.0277998271,0.0912739714,109.5595332299,262.4852487138,3.0
15530,0.0,719.526733,725.119446,1764.677368,-0.110655862,0.9934699038,0.0277998271,0.0936127839,111.0170819481,262.7947404566,3.0
15531,0.0,718.110352,729.431519,1764.517822,-0.110655862,0.9934699038,0.0277998271,0.0976089046,113.5782589718,263.5727970981,3.0
15532,0.0,716.892456,732.42865,1764.456787,-0.110655862,0.9934699038,0.0277998271,0.0995732068,114.6739844344,263.6137646397,3.0
15533,0.0,715.375366,735.534363,1764.20752,-0.110655862,0.9934699038,0.0277998271,0.1010480522,115.8962136329,264.5746844841,3.0
15534,0.0,714.154053,738.589539,1764.289062,-0.110655862,0.9934699038,0.0277998271,0.1026642308,117.0852898629,265.2898654711,3.0
15535,0.0,712.508118,741.789917,1764.308716,-0.110655862,0.9934699038,0.0277998271,0.1034072167,117.703871811,265.7836601023,3.0
15536,0.0,711.27832,743.978699,1764.308228,-0.110655862,0.9934699038,0.0277998271,0.103604497,117.9694811322,266.1435267072,3.0
15537,0.0,709.436462,747.140442,1764.344849,-0.110655862,0.9934699038,0.0277998271,0.1037014933,118.2587081178,266.67805181,3.0
15538,0.0,707.371643,749.88855,1764.201416,-0.110655862,0.9934699038,0.0277998271,,,,
15539,0.0,706.545227,751.2543335,1764.442505,-0.110655862,0.9934699038,0.0277998271,,,,
15540,0.0,705.218994,753.372192,1764.683594,-0.110655862,0.9934699038,0.0277998271,,,,
15541,0.0,702.957397,757.694153,1765.173584,-0.110655862,0.9934699038,0.0277998271,,,,
15542,0.0,701.07019,760.994324,1765.1521,-0.115721973,0.9928925393,0.0277998271,,,,
15543,0.0,699.4729,763.782593,1765.550293,-0.1224635436,0.9920328376,0.0295555341,,,,
15544,0.0,697.920654,766.727234,1765.546997,-0.1354228691,0.9903151321,0.0306036882,,,,
15545,0.0,696.502014,769.425476,1765.367676,-0.1463249633,0.988707668,0.0323442799,,,,
15546,0.0,695.275024,771.867554,1764.805786,-0.1597659055,0.9865713419,0.0339388088,,,,
15547,0.0,693.795837,775.079773,1764.505005,-0.1737298228,0.9841618506,0.0352618831,,,,
15548,0.0,692.336121,778.37561,1764.578613,-0.1918527423,0.9807203477,0.0371500328,,,,
15549,0.0,691.697113,779.9114075,1764.5375365,-0.1987466883,0.9793005707,0.0376870728,,,,
15550,0.0,690.715942,782.214417,1764.209473,-0.2096198071,0.9770172791,0.038688149,,,,
15551,0.0,688.821106,787.045227,1764.477783,-0.2253487828,0.9734153666,0.040993293,,,,
15552,0.0,686.665222,793.287048,1764.780518,-0.2321910643,0.9717243477,0.0428847508,,,,
15553,0.0,685.578003,796.554688,1765.068481,-0.2331511767,0.9714835802,0.0431298299,,,,
15554,0.0,684.503113,799.973694,1765.247925,-0.2333585212,0.9714337951,0.0431298299,,,,
15555,0.0,683.494812,803.195984,1765.570312,-0.2341332945,0.9712473517,0.0431298299,,,,
15556,0.0,682.436096,806.429199,1766.255249,-0.2342897704,0.9712096176,0.0431298299,,,,
15557,0.0,681.371765,809.861694,1766.680786,-0.2342897704,0.9712096176,0.0431298299,,,,
15558,0.0,680.406982,812.379517,1767.640869,-0.2342897704,0.9712096176,0.0431298299,,,,
15559,0.0,679.188904,816.019958,1768.098633,-0.2342897704,0.9712096176,0.0431298299,,,,
15560,0.0,678.170776,819.483215,1768.180908,-0.2342897704,0.9712096176,0.0431298299,,,,
15561,0.0,677.099854,822.781921,1768.422852,-0.2342897704,0.9712096176,0.0431298299,,,,
15562,0.0,675.872375,826.074707,1768.660522,-0.2342897704,0.9712096176,0.0431298299,,,,
15563,0.0,675.464996,827.4064025,1768.65686,-0.2329719582,0.971555373,0.0424488409,,,,
15564,0.0,675.057617,828.738098,1768.653198,-0.231654146,0.9719011283,0.0417678519,,,,
15565,0.0,674.803345,829.719849,1768.653198,-0.2305551345,0.9721872475,0.041185989,,,,
15566,0.0,672.214355,838.358154,1768.159912,-0.220712751,0.9746201326,0.0374363293,,,,
15567,0.0,670.948303,842.78772,1767.670166,-0.2202454543,0.9742416226,0.0484272724,,,,
15568,0.0,670.23053,845.537476,1767.546875,-0.2202406329,0.9742202956,0.0488761625,,,,
15569,0.0,669.175293,849.530579,1767.193848,-0.2202406329,0.9742202956,0.0488761625,,,,
15570,0.0,668.51001,852.187988,1767.14917,-0.2202406329,0.9742202956,0.0488761625,,,,
15571,0.0,667.645935,855.726074,1767.15564,-0.2202406329,0.9742202956,0.0488761625,,,,
15572,0.0,666.809143,859.127136,1767.161621,-0.2202406329,0.9742202956,0.0488761625,,,,
15573,0.0,666.020142,862.473206,1767.182617,-0.2202406329,0.9742202956,0.0488761625,,,,
15574,0.0,665.378662,865.698792,1767.30896,-0.2202406329,0.9742202956,0.0488761625,,,,
15575,0.0,664.621033,869.495422,1767.523926,-0.2202406329,0.9742202956,0.0488761625,,,,
15576,0.0,664.069824,872.285278,1767.715698,-0.2202406329,0.9742202956,0.0488761625,,,,
15577,0.0,663.419006,875.976746,1768.067871,-0.2202406329,0.9742202956,0.0488761625,,,,
15578,0.0,662.777039,879.593506,1768.349731,-0.2202406329,0.9742202956,0.0488761625,,,,
15579,0.0,662.19165,882.955139,1768.589355,-0.2202406329,0.9742202956,0.0488761625,,,,
15580,0.0,661.60199,886.135315,1768.714722,-0.2203436379,0.9746759316,0.0381511414,,,,
15581,0.0,661.181152,889.712646,1768.917358,-0.214496157,0.9761383883,0.0338414753,,,,
15582,0.0,660.9953915,891.146606,1768.9093625,-0.2069977927,0.977730916,0.0336955004,,,,
15583,0.0,660.847473,893.838928,1768.96228,-0.1922544901,0.9807645169,0.0337516422,,,,
15584,0.0,660.055908,899.616699,1768.713379,-0.153984637,0.9873460133,0.0379022631,,,,
15585,0.0,659.440125,903.261108,1768.574707,-0.14401448,0.9888006822,0.0391540604,,,,
15586,0.0,658.780029,906.823425,1768.630249,-0.1387641208,0.9895454389,0.0392981311,,,,
15587,0.0,658.305176,909.405396,1768.313965,-0.1382728869,0.9896142004,0.0392981311,,,,
15588,0.0,657.493958,912.980408,1768.024292,-0.1382728869,0.9896142004,0.0392981311,,,,
15589,0.0,656.936707,915.798828,1768.039062,-0.1382728869,0.9896142004,0.0392981311,,,,
15590,0.0,655.99353,919.936768,1767.643066,-0.1382728869,0.9896142004,0.0392981311,,,,
15591,0.0,655.240601,923.496582,1767.384033,-0.1382728869,0.9896142004,0.0392981311,,,,
15592,0.0,654.594299,926.954224,1767.441406,-0.1382728869,0.9896142004,0.0392981311,,,,
15593,0.0,654.010681,929.671692,1766.494385,-0.1382728869,0.9896142004,0.0392981311,,,,
15594,0.0,653.342651,933.372559,1766.309082,-0.1382728869,0.9896142004,0.0392981311,,,,
15595,0.0,652.146545,939.643005,1766.18042,-0.1382728869,0.9896142004,0.0392981311,0.0384595583,80.7462457408,293.982554803,3.0
15596,0.0,651.7659605,941.5832215,1766.217102,-0.1382728869,0.9896142004,0.0392981311,0.0390054724,80.7458535433,291.9784352888,3.0
15597,0.0,650.831482,946.299805,1766.357544,-0.1382728869,0.9896142004,0.0392981311,0.0401737293,80.3793101343,286.4602801694,3.0
15598,0.0,650.074524,950.081787,1766.570557,-0.1382728869,0.9896142004,0.0392981311,0.0411485984,80.2237950547,282.5692725943,3.0
15599,0.0,649.7795715,951.8685915,1766.5841675,-0.1382728869,0.9896142004,0.0392981311,0.0415645341,80.1221643501,280.8376728628,3.0
15600,0.0,648.87738,956.078552,1767.245972,-0.1382728869,0.9896142004,0.0392981311,0.0424040661,79.6696600053,276.5207239108,3.0
15601,0.0,648.200928,959.67926,1767.58728,-0.1382728869,0.9896142004,0.0392981311,0.0426174718,79.6696603082,275.8425571828,3.0
15602,0.0,647.598572,963.230469,1767.705444,-0.1382728869,0.9896142004,0.0392981311,0.0427009906,79.5301796517,275.0960789298,3.0
15603,0.0,646.936523,966.437927,1768.178223,-0.1375001116,0.9897218674,0.0392981485,0.0431267008,79.8891022911,275.0002378962,3.0
15604,0.0,646.27948,969.582764,1768.59021,-0.1337183433,0.9902399003,0.0392981485,0.0440045008,80.6398096297,274.8634663765,3.0
15605,0.0,645.537048,973.665894,1768.891357,-0.1260440641,0.9912459588,0.0392981311,0.0459533717,82.1271262474,274.0693526255,3.0
15785,0.0,602.432617,1588.30188,1765.701294,-0.9787268769,0.1987811591,0.0507912509,,,,
15786,0.0,602.102295,1588.369019,1765.701294,-0.9787268769,0.1987811591,0.0507912509,,,,
15787,0.0,601.860718,1588.418091,1765.701294,-0.9787268769,0.1987811591,0.0507912509,,,,
15788,0.0,601.555115,1588.480103,1765.701294,-0.9787268769,0.1987811591,0.0507912509,,,,
15789,0.0,600.117981,1591.180176,1765.701294,-0.9803421096,0.1904269894,0.0516421326,,,,
15790,0.0,598.288208,1594.54126,1765.701294,-0.9820877145,0.1809026831,0.05270617,,,,
15791,0.0,596.595398,1597.138428,1765.701294,-0.9832430568,0.1745140419,0.05270617,,,,
15792,0.0,594.707458,1599.78479,1765.701294,-0.9841078571,0.1693575326,0.0533830666,,,,
15793,0.0,592.508179,1603.471558,1765.701294,-0.9854190188,0.1614607748,0.0536635398,,,,
15794,0.0,590.825439,1606.156982,1765.701294,-0.9864633356,0.1546691913,0.0544750287,,,,
15795,0.0,588.732788,1609.396851,1765.701294,-0.9883791788,0.1418561193,0.0546208778,,,,
15842,0.0,444.590149,1698.09668,1762.219238,-0.7936470906,0.6076983324,0.0287581705,,,,
15843,0.0,444.6609803333,1698.1639,1762.219238,-0.7936470906,0.6076983324,0.0287581705,,,,
15844,0.0,444.7318116667,1698.23112,1762.219238,-0.7936470906,0.6076983324,0.0287581705,,,,
15845,0.0,444.874023,1698.363647,1762.219238,-0.7936470906,0.6076983324,0.0287581705,,,,
15846,0.0,445.417786,1698.822144,1762.219238,-0.7936470906,0.6076983324,0.0287581705,,,,
15847,0.0,442.272217,1698.668579,1761.367676,-0.7936470906,0.6076983324,0.0287581705,,,,
15848,0.0,436.505127,1698.310425,1759.81897,-0.7936470906,0.6076983324,0.0287581705,,,,
15849,0.0,432.753601,1698.050415,1758.811401,-0.7936470906,0.6076983324,0.0287581705,,,,
15850,0.0,430.98143,1697.9196775,1758.335266,-0.7936470906,0.6076983324,0.0287581705,,,,
15851,0.0,429.209259,1697.78894,1757.859131,-0.7936470906,0.6076983324,0.0287581705,,,,
15852,0.0,425.627747,1697.453125,1756.909058,-0.7936470906,0.6076983324,0.0287581705,,,,
15976,0.0,126.25206,1994.865601,1750.701294,0.7148870916,-0.6988921801,0.0220491915,,,,
15977,0.0,126.3815765,1994.739014,1750.701294,0.7148870916,-0.6988921801,0.0220491915,,,,
15978,0.0,126.656052,1994.470703,1750.701294,0.7148870916,-0.6988921801,0.0220491915,,,,
15979,0.0,126.882736,1994.248901,1750.701294,0.7148870916,-0.6988921801,0.0220491915,,,,
15980,0.0,127.116425,1994.020508,1750.701294,0.7148870916,-0.6988921801,0.0220491915,,,,
15981,0.0,124.912865,1994.637329,1750.701294,0.7148870916,-0.6988921801,0.0220491915,,,,
15982,0.0,121.071182,1995.63208,1750.701294,0.7148870916,-0.6988921801,0.0220491915,,,,
15983,0.0,117.725273,1996.355103,1750.701294,0.7148870916,-0.6988921801,0.0220491915,,,,
15984,0.0,115.457977,1996.839111,1750.701294,0.7148870916,-0.6988921801,0.0220491915,,,,
15985,0.0,111.732643,1998.015137,1750.701294,0.7148870916,-0.6988921801,0.0220491915,,,,
15986,0.0,109.481033,1998.852783,1750.701294,0.7182227017,-0.6954638624,0.0220491915,,,,
15987,0.0,106.382347,2000.11084,1750.701172,0.7278214158,-0.6853695725,0.02333529,,,,
15988,0.0,102.830177,2001.65625,1750.701294,0.7375648056,-0.674818078,0.0248740659,,,,
15989,0.0,100.497353,2002.750854,1750.701294,0.7423613765,-0.6694846837,0.0262649001,,,,
15990,0.0,97.737495,2004.148071,1750.701294,0.7470020289,-0.6642225916,0.0282191001,,,,
15991,0.0,94.248337,2006.00061,1750.701294,0.7498111145,-0.660987392,0.0296472633,,,,
15992,0.0,92.370262,2007.049316,1750.701294,0.7501790344,-0.6605666852,0.0297165049,,,,
15993,0.0,89.078705,2008.951538,1750.701294,0.7504999956,-0.6602020038,0.0297165049,,,,
15994,0.0,85.911705,2010.845093,1750.701294,0.7510967834,-0.6595229726,0.0297165049,,,,
15995,0.0,82.671341,2012.876953,1750.701294,0.7518808607,-0.6585853683,0.0306673105,,,,
15996,0.0,80.50766,2014.272339,1750.701294,0.7518860329,-0.6585791149,0.0306747945,,,,
15997,0.0,77.099648,2016.525269,1750.701294,0.7518860329,-0.6585791149,0.0306747945,,,,
15998,0.0,75.10582,2017.878296,1750.701294,0.7518860329,-0.6585791149,0.0306747945,,,,
15999,0.0,72.221153,2019.880005,1750.701294,0.7518860329,-0.6585791149,0.0306747945,,,,
16000,0.0,68.997391,2022.155273,1750.701294,0.7518860329,-0.6585791149,0.0306747945,,,,
16001,0.0,66.808624,2023.836304,1750.718018,0.7518860329,-0.6585791149,0.0306747945,,,,
16002,0.0,64.304771,2026.040527,1750.727051,0.7518860329,-0.6585791149,0.0306747945,,,,
16003,0.0,61.954643,2028.397095,1750.726318,0.7518860329,-0.6585791149,0.0306747945,,,,
17120,0.0,-848.317383,-127.130722,1677.701294,0.3307696375,-0.9432128625,0.0306747945,,,,
17121,0.0,-848.4459535,-127.156769,1677.701294,0.3307696375,-0.9432128625,0.0306747945,,,,
17122,0.0,-848.642334,-127.195442,1677.701294,0.3307696375,-0.9432128625,0.0306747945,,,,
17123,0.0,-849.108154,-127.269386,1677.701294,0.3307696375,-0.9432128625,0.0306747945,,,,
17124,0.0,-848.287292,-129.966446,1677.701294,0.3419921143,-0.9391758999,0.0314646282,,,,
17125,0.0,-847.326843,-133.048279,1677.701294,0.354715414,-0.9344390423,0.0316330733,,,,
17126,0.0,-846.347656,-136.130356,1677.701294,0.3806885893,-0.9241620781,0.0316330733,,,,
17127,0.0,-844.629944,-140.083191,1677.701294,0.4251671067,-0.9045943589,0.0306916464,,,,
17128,0.0,-843.193115,-142.957809,1677.701294,0.4588345981,-0.8880226224,0.0297763955,,,,
17129,0.0,-841.544983,-145.371338,1677.701294,0.5082606168,-0.860744536,0.0281067455,,,,
17130,0.0,-839.547058,-147.805634,1677.701294,0.5667857701,-0.8234497828,0.026160007,,,,
17131,0.0,-837.614197,-149.850037,1677.701416,0.6176788948,-0.7860769755,0.0235748054,,,,
17132,0.0,-835.160461,-152.415451,1677.701294,0.6566339408,-0.7539388882,0.0201995207,,,,
17133,0.0,-833.368103,-153.931351,1677.701416,0.6870352309,-0.726421299,0.0171664771,,,,
17134,0.0,-831.30188,-155.570877,1677.701416,0.7139281104,-0.7000717427,0.0143599533,,,,
17135,0.0,-828.210144,-157.917862,1677.701294,0.7330417243,-0.6800692395,0.0124763719,,,,
17136,0.0,-824.114807,-160.634781,1677.701294,0.7380182127,-0.6746656837,0.0124632655,,,,
17137,0.0,-822.4143065,-161.751381,1677.701294,0.7385209536,-0.67411491,0.0124632655,,,,
17138,0.0,-820.713806,-162.867981,1677.701294,0.7390236946,-0.6735641364,0.0124632655,,,,
17139,0.0,-816.331055,-165.878586,1677.701294,0.7390236946,-0.6735641364,0.0124632655,,,,
17140,0.0,-813.178284,-168.131104,1677.701294,0.7390236946,-0.6735641364,0.0124632655,,,,
17141,0.0,-810.609375,-170.014206,1677.701294,0.7390236946,-0.6735641364,0.0124632655,,,,
17142,0.0,-808.19397,-171.819794,1677.701294,0.7390236946,-0.6735641364,0.0124632655,,,,
17143,0.0,-806.6893615,-172.9656375,1677.701294,0.7390236946,-0.6735641364,0.0124632655,,,,
17144,0.0,-802.653137,-176.074219,1677.701294,0.7390236946,-0.6735641364,0.0124632655,,,,
17145,0.0,-800.011108,-178.151764,1677.701294,0.7390236946,-0.6735641364,0.0124632655,,,,
17146,0.0,-797.517639,-180.13298,1677.701294,0.7390236946,-0.6735641364,0.0124632655,,,,
17147,0.0,-795.094177,-182.080963,1677.701294,0.7390236946,-0.6735641364,0.0124632655,,,,
17148,0.0,-791.96521,-184.624771,1677.701294,0.7390236946,-0.6735641364,0.0124632655,,,,
17149,0.0,-789.565063,-186.598206,1677.701294,0.7390236946,-0.6735641364,0.0124632655,,,,
17150,0.0,-787.114319,-188.629684,1677.701294,0.7390236946,-0.6735641364,0.0124632655,,,,
17151,0.0,-784.345764,-190.943268,1677.701294,0.7390236946,-0.6735641364,0.0124632655,,,,
17152,0.0,-781.773315,-193.109268,1677.701294,0.7390236946,-0.6735641364,0.0124632655,,,,
17153,0.0,-779.258057,-195.240341,1677.701294,0.7390236946,-0.6735641364,0.0124632655,,,,
17154,0.0,-776.846008,-197.295715,1677.701294,0.7390236946,-0.6735641364,0.0124632655,,,,
17155,0.0,-773.929932,-199.79454,1677.701294,0.7390236946,-0.6735641364,0.0124632655,,,,
17156,0.0,-773.0652466667,-200.53952,1677.701294,0.7390236946,-0.6735641364,0.0124632655,,,,
17157,0.0,-772.2005613333,-201.2845,1677.701294,0.7390236946,-0.6735641364,0.0124632655,,,,
17158,0.0,-770.614014,-202.652328,1677.701294,0.7390236946,-0.6735641364,0.0124632655,,,,
17159,0.0,-763.448364,-208.960617,1677.701294,0.7346852156,-0.6783251369,0.0106133225,,,,
17160,0.0,-760.880981,-211.279999,1677.701294,0.7308243195,-0.6824974862,0.0096434055,,,,
17161,0.0,-758.942871,-213.079239,1677.701294,0.7257883623,-0.6878721964,0.0079432066,,,,
17162,0.0,-755.852051,-215.92775,1677.701294,0.719613482,-0.6943502119,0.0058497692,,,,
17163,0.0,-753.553406,-218.054718,1677.701294,0.7155746335,-0.6985242933,0.0040933442,,,,
17164,0.0,-750.865601,-220.564362,1677.701294,0.710878453,-0.7033119542,0.002029834,,,,
17165,0.0,-748.624146,-222.674072,1677.701294,0.7067668292,-0.7074464421,-0.0004250749,,,,
17166,0.0,-746.307922,-224.85289,1677.701294,0.7037856284,-0.7104103774,-0.0016985362,,,,
17167,0.0,-743.275818,-227.741135,1677.701294,0.6990701726,-0.7150370758,-0.0047826901,,,,
17168,0.0,-742.716919,-228.276978,1677.701294,0.6981360612,-0.7159460755,-0.005220832,,,,
17169,0.0,-739.084839,-231.779022,1677.701294,0.6929931394,-0.7209064094,-0.0073795342,,,,
17170,0.0,-736.001099,-234.781998,1677.701294,0.6888377034,-0.7248647515,-0.0085854833,,,,
17171,0.0,-733.827881,-236.912277,1677.701294,0.6863265956,-0.7272322431,-0.0094376231,,,,
17172,0.0,-731.541931,-239.160568,1677.701294,0.6842519413,-0.7291724644,-0.010334312,,,,
17173,0.0,-728.859985,-241.798248,1677.701294,0.6831690492,-0.7301715112,-0.0113848335,,,,
17174,0.0,-726.528625,-243.960388,1677.701294,0.6825182606,-0.7307779867,-0.0115046948,,,,
17175,0.0,-726.2286985,-244.232353,1677.701294,0.682435488,-0.7308552756,-0.0115046948,,,,
17176,0.0,-725.928772,-244.504318,1677.701294,0.6823527155,-0.7309325644,-0.0115046948,,,,
17177,0.0,-723.386597,-246.573029,1677.701294,0.6816650473,-0.7315737759,-0.0115140666,,,,
17178,0.0,-717.661255,-250.582901,1677.701294,0.6758205897,-0.7369202712,-0.014664394,,,,
17179,0.0,-715.214447,-251.9990385,1677.701294,0.6720006533,-0.7403620883,-0.0158509987,,,,
17180,0.0,-712.767639,-253.415176,1677.701294,0.6681807169,-0.7438039054,-0.0170376034,,,,
17181,0.0,-706.968201,-256.299255,1677.701294,0.6579684365,-0.7528056931,-0.0190032925,,,,
17182,0.0,-704.589844,-257.344208,1677.701294,0.6542108223,-0.7560540241,-0.0197613909,,,,
17183,0.0,-702.246643,-258.315979,1677.701294,0.650278115,-0.7594195735,-0.0205008417,,,,
17184,0.0,-697.531128,-260.088257,1677.701294,0.6431264977,-0.7654449726,-0.0219613703,,,,
17185,0.0,-691.437744,-262.749268,1677.701294,0.6363134482,-0.7710897301,-0.0229308484,,,,
17186,0.0,-688.873108,-264.053619,1677.701294,0.6337332914,-0.7732093941,-0.0230075702,,,,
17187,0.0,-683.005676,-264.01358,1677.526489,0.6324914574,-0.7742255537,-0.0230075702,,,,
17188,0.0,-680.152344,-265.49292,1677.334839,0.6317668104,-0.7747938592,-0.0237733682,,,,
17189,0.0,-677.392273,-267.077759,1677.448853,0.6316143428,-0.7749122179,-0.0239661547,,,,
17190,0.0,-673.994568,-269.168884,1677.353882,0.6316143428,-0.7749122179,-0.0239661547,,,,
17191,0.0,-671.159363,-271.135101,1677.268921,0.630878445,-0.7755114491,-0.0239662245,,,,
17192,0.0,-668.66449,-273.004364,1677.292236,0.6294798869,-0.7766191894,-0.0248537042,,,,
17193,0.0,-666.891907,-274.492432,1677.428467,0.6279482237,-0.7778362825,-0.0255293161,,,,
17194,0.0,-663.931885,-277.196472,1677.720703,0.6239344859,-0.7810205535,-0.0266955487,,,,
17195,0.0,-661.956848,-279.122864,1677.931641,0.6197577365,-0.7842882352,-0.0281480411,,,,
17196,0.0,-658.932495,-281.861389,1678.080322,0.6126265616,-0.7898173137,-0.0296193677,,,,
17197,0.0,-656.682373,-284.191833,1678.264648,0.6060382405,-0.7948489452,-0.0305418627,,,,
17198,0.0,-656.336304,-284.966095,1678.500854,0.6043743907,-0.7961059457,-0.0307720506,,,,
17199,0.0,-652.328613,-289.843384,1678.858398,0.5886163746,-0.8077571415,-0.0325447998,,,,
17200,0.0,-650.177795,-292.159088,1678.865356,0.5757009905,-0.8169762508,-0.0334391255,,,,
17201,0.0,-647.834778,-294.972015,1678.959473,0.564093109,-0.8250293297,-0.033549508,,,,
17202,0.0,-647.314514,-295.551666,1678.959473,0.5604524536,-0.8275067841,-0.033549508,,,,
17203,0.0,-643.951416,-299.842926,1678.81958,0.5344793209,-0.8445154149,-0.033549508,,,,
17204,0.0,-641.46582,-302.815674,1678.589111,0.5176201388,-0.8549525264,-0.033549508,,,,
17205,0.0,-639.847473,-304.819916,1678.634644,0.5081225989,-0.8606310795,-0.033549508,,,,
17206,0.0,-637.341187,-307.948212,1678.301147,0.4935226092,-0.8690856487,-0.033549508,,,,
17207,0.0,-635.497131,-310.403534,1678.27832,0.4848586839,-0.8739487898,-0.033549508,,,,
17208,0.0,-633.328735,-313.256622,1677.881958,0.4764460622,-0.8785316711,-0.034369357,,,,
17209,0.0,-631.112122,-316.282104,1677.527344,0.4704637269,-0.8817079162,-0.0354264346,,,,
17210,0.0,-629.261292,-318.885773,1676.899292,0.4679544329,-0.8830406732,-0.0354657322,,,,
17211,0.0,-627.161072,-321.662354,1676.634888,0.4677167149,-0.8831666018,-0.0354658717,,,,
17212,0.0,-625.399109,-324.035156,1676.422729,0.4677167149,-0.8831666018,-0.0354658717,,,,
17213,0.0,-624.382202,-325.5228425,1676.413269,0.4677167149,-0.8831666018,-0.0354658717,,,,
17214,0.0,-623.365295,-327.010529,1676.403809,0.4677167149,-0.8831666018,-0.0354658717,,,,
17215,0.0,-620.165894,-331.721466,1676.639771,0.4677167149,-0.8831666018,-0.0354658717,,,,
17216,0.0,-617.703186,-335.411865,1676.803589,0.4677167149,-0.8831666018,-0.0354658717,,,,
17217,0.0,-615.90564,-338.175964,1676.982056,0.4677167149,-0.8831666018,-0.0354658717,,,,
17218,0.0,-613.960388,-341.157837,1677.448608,0.4652037256,-0.8844546403,-0.0364071825,,,,
17219,0.0,-612.362366,-343.689148,1678.140503,0.4592922133,-0.8875381416,-0.0364240312,,,,
17220,0.0,-610.611267,-346.664612,1679.106812,0.4479569512,-0.8932785084,-0.0372568951,,,,
17221,0.0,-609.05957,-349.556091,1679.602051,0.4322337828,-0.9009864155,-0.0373822968,,,,
17222,0.0,-607.108948,-352.683075,1681.018921,0.404940303,-0.9135786309,-0.0373822968,,,,
17223,0.0,-605.489197,-355.584686,1681.843262,0.3777647262,-0.9251796607,-0.0365569019,,,,
17224,0.0,-602.265259,-361.600952,1683.357544,0.3195254112,-0.9470072214,-0.0328760431,,,,
17225,0.0,-600.741272,-364.463165,1683.945801,0.2850592368,-0.9580059104,-0.0310790468,,,,
17226,0.0,-599.098877,-368.003906,1684.702393,0.255413798,-0.966372904,-0.0297859382,,,,
17227,0.0,-597.62085,-370.871857,1685.059937,0.2378407737,-0.9708494648,-0.0297167142,,,,
17228,0.0,-595.990479,-374.422455,1684.910767,0.2213188418,-0.9747486277,-0.0297167142,,,,
17229,0.0,-594.726257,-377.328003,1684.525269,0.2143442484,-0.9763060279,-0.0297167142,,,,
17230,0.0,-593.621826,-380.1026,1684.325073,0.2092932539,-0.9773548437,-0.0312064638,,,,
17231,0.0,-592.180176,-384.003021,1684.197998,0.2043135213,-0.9782647294,-0.0354133354,,,,
17232,0.0,-591.255676,-386.372528,1683.976685,0.2009160144,-0.978864043,-0.0381829879,,,,
17233,0.0,-590.148438,-389.758636,1685.569946,0.193355175,-0.9801953894,-0.0427875555,,,,
17234,0.0,-589.127625,-392.864166,1688.124023,0.1789905478,-0.9827637112,-0.0462371256,,,,
17235,0.0,-588.320679,-396.824432,1690.842896,0.1504046323,-0.9875085364,-0.0469610165,,,,
17236,0.0,-588.131714,-399.211456,1692.449585,0.1425615628,-0.9886712617,-0.0469610165,,,,
17237,0.0,-587.947205,-402.248962,1694.592529,0.1399341449,-0.9890465667,-0.046960877,,,,
17238,0.0,-587.875488,-405.67627,1696.940063,0.1399341449,-0.9890465667,-0.046960877,,,,
17239,0.0,-588.225952,-409.078735,1699.626831,0.1399341449,-0.9890465667,-0.046960877,,,,
17240,0.0,-588.63092,-412.312836,1701.94458,0.1399341449,-0.9890465667,-0.046960877,,,,
17241,0.0,-589.177673,-415.515747,1704.231201,0.1399341449,-0.9890465667,-0.046960877,,,,
17242,0.0,-589.710022,-417.881622,1705.874756,0.1399341449,-0.9890465667,-0.046960877,,,,
17243,0.0,-590.946533,-422.067902,1708.927368,0.1399341449,-0.9890465667,-0.046960877,,,,
17244,0.0,-591.400818,-424.235291,1710.487915,0.1399341449,-0.9890465667,-0.046960877,,,,
17245,0.0,-592.264221,-428.443573,1713.478271,0.1399341449,-0.9890465667,-0.046960877,,,,
17246,0.0,-592.897522,-432.057556,1715.986694,0.1399341449,-0.9890465667,-0.046960877,,,,
17247,0.0,-593.212769,-434.356232,1717.577271,0.1399341449,-0.9890465667,-0.046960877,,,,
17248,0.0,-593.608337,-437.764465,1719.871216,0.1399341449,-0.9890465667,-0.046960877,,,,
17249,0.0,-593.852966,-441.235443,1722.332886,0.1399341449,-0.9890465667,-0.046960877,,,,
17250,0.0,-594.031067,-444.932007,1724.817017,0.1399341449,-0.9890465667,-0.046960877,,,,
17251,0.0,-594.070679,-448.683289,1726.847656,0.1399341449,-0.9890465667,-0.046960877,,,,
17252,0.0,-593.971802,-451.332367,1728.525024,0.1474015249,-0.9878882705,-0.0484722142,,,,
17253,0.0,-593.751282,-455.166016,1730.930908,0.162654497,-0.9853812934,-0.0506677535,,,,
17254,0.0,-593.614014,-457.622375,1732.386719,0.1692592322,-0.9842619418,-0.0507911637,,,,
17255,0.0,-593.285828,-462.05069,1735.150024,0.1869849665,-0.9810488673,-0.0507911637,,,,
17256,0.0,-593.029602,-464.841309,1737.048462,0.201765115,-0.9782347862,-0.0484514343,,,,
17257,0.0,-592.665894,-468.057831,1739.27356,0.2218345203,-0.9739783053,-0.0464295855,,,,
17258,0.0,-592.147949,-471.956543,1742.109619,0.2466271957,-0.9681417031,-0.0433205381,,,,
17259,0.0,-591.59552,-475.415955,1744.657227,0.2704343107,-0.9618919615,-0.0403625823,,,,
17260,0.0,-591.147522,-477.817444,1746.575317,0.2808304153,-0.9589673306,-0.0389350316,,,,
17261,0.0,-590.47876,-481.41272,1749.374512,0.2956497625,-0.9546397737,-0.0354135622,,,,
17262,0.0,-589.690918,-485.292236,1752.661133,0.309796864,-0.950268337,-0.0318746097,,,,
17263,0.0,-588.358337,-491.218567,1757.526855,0.3264422298,-0.9448100121,-0.0277400727,,,,
17264,0.0,-587.472961,-494.699738,1760.43457,0.3336883417,-0.9423211814,-0.026132004,,,,
17265,0.0,-586.688416,-498.081909,1762.817993,0.3422526331,-0.939308925,-0.023703976,,,,
17266,0.0,-585.66156,-501.345428,1765.471313,0.3519998066,-0.9357520205,-0.0215474413,,,,
17267,0.0,-584.592163,-504.868225,1768.126953,0.363387375,-0.9314509329,-0.0186755255,,,,
17268,0.0,-583.866394,-506.700485,1769.5023805,0.3708934206,-0.9284906315,-0.0165393618,,,,
17269,0.0,-583.140625,-508.532745,1770.877808,0.3783994662,-0.9255303301,-0.0144031981,,,,
17270,0.0,-582.305847,-510.946838,1772.532227,0.3903384687,-0.9205802907,-0.0129540822,,,,
17271,0.0,-580.844971,-514.789551,1775.0802,0.4120926793,-0.9110901221,-0.0097166361,,,,
17272,0.0,-580.3940125,-516.0159,1775.8951415,0.4188161515,-0.9079963912,-0.0089572215,,,,
17273,0.0,-579.32312,-518.586853,1777.242554,0.4329592005,-0.9013822599,-0.0075068175,,,,
17274,0.0,-576.630432,-525.789001,1782.163696,0.4747989824,-0.8800891839,-0.0029924323,,,,
17275,0.0,-574.958191,-529.826904,1784.642456,0.5006738811,-0.8656358365,-0.0005131093,,,,
17276,0.0,-573.520996,-533.658386,1787.254395,0.5253051286,-0.8509095354,0.0027357827,,,,
17277,0.0,-572.674194,-536.113647,1788.898438,0.5366788143,-0.8437755653,0.0043180533,,,,
17278,0.0,-571.670898,-539.590942,1791.425537,0.5595415572,-0.8287625989,0.0081117476,,,,
17279,0.0,-570.885254,-542.882385,1793.894409,0.573353273,-0.8192424891,0.0103811541,,,,
17280,0.0,-570.212402,-546.109375,1796.144287,0.5853442603,-0.8106614087,0.014148406,,,,
17281,0.0,-569.786682,-548.588257,1798.276611,0.5909338307,-0.8065532593,0.0164026716,,,,
17282,0.0,-569.26416,-552.200989,1800.98877,0.5935912555,-0.8045472609,0.0187916568,,,,
17283,0.0,-568.869324,-555.838196,1803.830078,0.5861321847,-0.8099678357,0.0200291586,,,,
17284,0.0,-568.709717,-558.622803,1805.895142,0.5678136671,-0.8229414812,0.0188403254,,,,
17285,0.0,-568.424377,-562.458313,1808.624023,0.5378372172,-0.842907237,0.015444014,,,,
17286,0.0,-568.06604,-566.378906,1811.392822,0.4938334878,-0.8695464362,0.0041810986,,,,
17287,0.0,-568.281189,-567.966003,1812.308838,0.480261613,-0.8771246686,-0.0010482446,,,,
17288,0.0,-567.862732,-573.257507,1815.504028,0.4235932641,-0.9051594891,-0.0354266265,,,,
17289,0.0,-567.763611,-577.2276,1817.819946,0.3941346246,-0.9167410291,-0.0651443264,,,,
17290,0.0,-567.486389,-580.964905,1820.662598,0.3860702092,-0.918562237,-0.084812796,,,,
17291,0.0,-568.08667,-583.350769,1821.86438,0.3868329904,-0.9170019083,-0.097302301,,,,
17292,0.0,-568.475586,-586.968567,1824.021118,0.3872500303,-0.9146879903,-0.1156861899,,,,
17293,0.0,-569.034607,-587.72998,1824.662231,0.388334237,-0.9133911643,-0.1221192094,,,,
17294,0.0,-569.960022,-592.59375,1827.299438,0.4040526443,-0.9024236845,-0.1495759147,,,,
17295,0.0,-570.248352,-594.418152,1828.311768,0.4340665448,-0.8864593935,-0.1605489902,,,,
17296,0.0,-570.293945,-595.080811,1828.960815,0.4517945324,-0.8775543105,-0.1605619276,,,,
17297,0.0,-570.525635,-595.461975,1829.219238,0.4714168506,-0.8681648994,-0.1550995178,,,,
17298,0.0,-570.559692,-595.677795,1829.327026,0.4809147119,-0.8635841477,-0.1514709865,,,,
17299,0.0,-571.55011,-596.968872,1830.324341,0.5259441674,-0.8406016343,-0.1295053097,,,,
17300,0.0,-572.347046,-597.554199,1831.260254,0.5438609684,-0.8309314364,-0.1173379521,,,,
17301,0.0,-573.048462,-598.297913,1831.921631,0.5672135596,-0.8181191539,-0.0946035303,,,,
17302,0.0,-573.572021,-599.487061,1832.167847,0.6051507447,-0.7945662875,-0.049568044,,,,
17303,0.0,-572.4893185,-599.355469,1832.656311,0.6198426986,-0.7836847638,-0.0307196514,,,,
17304,0.0,-571.406616,-599.223877,1833.144775,0.6345346524,-0.7728032402,-0.0118712587,,,,
17305,0.0,-570.500183,-598.684937,1830.812744,0.6572078785,-0.753446312,0.0199112852,,,,
17306,0.0,-570.275879,-599.104492,1829.199097,0.6658745942,-0.7453522216,0.0325743849,,,,
17307,0.0,-569.903564,-599.891846,1825.602417,0.6773407877,-0.7339284289,0.0505818017,,,,
17308,0.0,-569.775208,-600.039734,1825.386597,0.6773337705,-0.7339204399,0.0507912509,,,,
17309,0.0,-571.399445,-601.8907165,1823.7854005,0.6766900879,-0.7345134497,0.0507912509,,,,
17310,0.0,-573.088318,-603.623047,1821.473267,0.672859715,-0.7381676911,0.0486648106,,,,
17311,0.0,-573.268005,-603.148132,1818.954956,0.6622902168,-0.7483747551,0.0361509973,,,,
17509,0.0,375.075317,-615.5,1677.701294,1.0,0.0,0.0,,,,
17510,0.0,375.075317,-615.5,1677.701294,1.0,0.0,0.0,,,,
17511,0.0,377.109375,-616.319885,1677.577026,0.9526117877,-0.2992797201,-0.0544282187,,,,
17512,0.0,378.050262,-617.875183,1677.58252,0.8514573141,-0.5149025301,-0.0994777708,,,,
17513,0.0,377.555969,-620.911926,1677.693726,0.5916347308,-0.7884892084,-0.1680866252,,,,
17514,0.0,377.413849,-621.120667,1677.701294,0.5680672225,-0.8046255195,-0.1728508147,,,,
17515,0.0,376.911194,-616.151672,1677.583618,0.9627405715,-0.266137036,-0.0479757227,,,,
17516,0.0,375.075317,-615.5,1677.701294,1.0,0.0,0.0,,,,
17517,0.0,375.075317,-615.5,1677.701294,1.0,0.0,0.0,,,,
17518,0.0,375.075317,-615.5,1677.701294,1.0,0.0,0.0,,,,
17519,0.0,375.075317,-615.5,1677.701294,1.0,0.0,0.0,,,,
17520,0.0,375.075317,-615.5,1677.701294,1.0,0.0,0.0,,,,
17521,0.0,375.075317,-615.5,1677.701294,1.0,0.0,0.0,,,,
17522,0.0,375.075317,-615.5,1677.701294,1.0,0.0,0.0,,,,
17523,0.0,375.075317,-615.5,1677.701294,1.0,0.0,0.0,,,,
17524,0.0,375.075317,-615.5,1677.701294,1.0,0.0,0.0,,,,
17525,0.0,375.075317,-615.5,1677.701294,1.0,0.0,0.0,,,,
17526,0.0,375.075317,-615.5,1677.701294,1.0,0.0,0.0,,,,
17527,0.0,375.075317,-615.5,1677.701294,1.0,0.0,0.0,,,,
17528,0.0,375.075317,-615.5,1677.701294,1.0,0.0,0.0,,,,
17529,0.0,375.075317,-615.5,1677.701294,1.0,0.0,0.0,,,,
18781,0.0,1169.19873,1634.444702,1768.701294,-0.4754550774,0.8789454193,0.0373820701,,,,
18782,0.0,1169.036987,1634.743774,1768.701294,-0.4754550774,0.8789454193,0.0373820701,,,,
18783,0.0,1168.9104,1634.977783,1768.701294,-0.4754550774,0.8789454193,0.0373820701,,,,
18784,0.0,1168.785889,1635.207886,1768.701294,-0.4754550774,0.8789454193,0.0373820701,,,,
22354,0.0,1429.203857,591.733215,1661.656128,-0.9820563731,0.1417313432,0.1244086265,,,,
22355,0.0,1429.208496,591.739868,1661.65979,-0.9820563731,0.1417313432,0.1244086265,,,,
22356,0.0,1428.130005,589.84375,1659.036987,-0.9820563731,0.1417313432,0.1244086265,,,,
22357,0.0,1428.715454,591.872437,1660.890503,-0.9820563731,0.1417313432,0.1244086265,,,,
22358,0.0,1427.568481,591.946228,1660.309082,-0.9820563731,0.1417313432,0.1244086265,,,,
22359,0.0,1427.014893,592.56189,1656.686646,-0.9820563731,0.1417313432,0.1244086265,,,,
22360,0.0,1428.037598,593.163696,1654.825439,-0.9820563731,0.1417313432,0.1244086265,,,,
22361,0.0,1426.830811,593.339661,1654.878662,-0.9820563731,0.1417313432,0.1244086265,,,,
22362,0.0,1426.073608,593.447083,1654.914551,-0.9820563731,0.1417313432,0.1244086265,,,,
22363,0.0,1424.892822,593.620056,1654.972534,-0.9820563731,0.1417313432,0.1244086265,,,,
22364,0.0,1423.586426,593.843567,1655.025146,-0.9821707237,0.1409367499,0.1244086092,,,,
22365,0.0,1422.632812,593.92981,1655.36731,-0.9821918034,0.1407897544,0.1244086265,,,,
22366,0.0,1421.27356,594.084961,1655.591187,-0.9821918034,0.1407897544,0.1244086265,,,,
22367,0.0,1420.341187,594.192688,1655.732544,-0.9821918034,0.1407897544,0.1244086265,,,,
22368,0.0,1418.941895,594.331055,1655.922852,-0.9821918034,0.1407897544,0.1244086265,,,,
22369,0.0,1417.899414,594.424194,1656.062378,-0.9821918034,0.1407897544,0.1244086265,,,,
22370,0.0,1416.463013,594.526062,1656.285156,-0.9820962689,0.1407760603,0.1251759538,,,,
22371,0.0,1415.923035,594.588135,1656.3375245,-0.9818599026,0.141744142,0.1259292232,,,,
22372,0.0,1415.383057,594.650208,1656.389893,-0.9816235364,0.1427122237,0.1266824926,,,,
22373,0.0,1414.865723,594.618774,1656.518921,-0.9812695372,0.1444907747,0.1274068731,,,,
22374,0.0,1411.685547,595.084167,1656.582153,-0.9718072949,0.1972494016,0.1291636754,,,,
22375,0.0,1410.594116,595.204346,1657.578003,-0.9670262659,0.2196626696,0.1288740184,,,,
22376,0.0,1408.087036,595.817627,1658.592773,-0.9293748958,0.3477295714,0.1238807828,,,,
22377,0.0,1406.543701,595.953918,1660.260742,-0.9043060773,0.4098666785,0.1193307353,,,,
22378,0.0,1404.743042,596.430298,1662.78479,-0.8503321822,0.5149277304,0.1085569544,0.1447058016,302.970563524,584.7242017918,5.0
22379,0.0,1403.50354,597.261047,1665.105957,-0.7959416391,0.5977343911,0.0958671212,0.0968477547,248.9624792214,579.8989947672,5.0
22380,0.0,1403.205811,598.506409,1666.91333,-0.7193150515,0.6909411297,0.0720153587,,,,
22381,0.0,1402.647583,599.492126,1668.798096,-0.6577752287,0.751453046,0.0514788128,,,,
22382,0.0,1402.214233,600.099487,1670.037231,-0.6191299275,0.7843515425,0.0383508877,,,,
22383,0.0,1401.501099,601.013489,1671.659546,-0.5657520889,0.8243251893,0.020311478,,,,
22384,0.0,1400.588989,601.746887,1672.906982,-0.5429222713,0.8397082465,0.011201254,,,,
22385,0.0,1399.564453,602.505005,1673.888916,-0.53523152,0.8446905638,0.0050071367,,,,
22386,0.0,1398.611206,603.327332,1673.852173,-0.5349914729,0.8448438581,0.0047936681,,,,
22387,0.0,1397.586182,604.091064,1673.569946,-0.5349914729,0.8448438581,0.0047936681,,,,
22388,0.0,1396.398926,604.811096,1673.667358,-0.5349914729,0.8448438581,0.0047936681,,,,
22605,0.0,1432.735352,698.733032,1664.209106,0.6015990442,-0.7981330689,0.0325913231,,,,
22606,0.0,1432.782104,698.670837,1665.390137,0.6015990442,-0.7981330689,0.0325913231,,,,
22607,0.0,1432.793396,698.612274,1666.2731935,0.6015990442,-0.7981330689,0.0325913231,,,,
22608,0.0,1432.675415,698.381958,1668.238281,0.6015990442,-0.7981330689,0.0325913231,,,,
22609,0.0,1434.945068,696.107727,1669.903809,0.6008990788,-0.7986601923,0.0325913231,,,,
22610,0.0,1436.981323,694.047791,1671.044434,0.6002695352,-0.7991334624,0.0325913231,,,,
22611,0.0,1439.819946,690.781189,1672.727539,0.5978513396,-0.8009064182,0.0335064924,,,,
22687,0.0,1564.380005,448.79248,1675.652222,-0.2319979591,-0.9719221182,0.0392981311,0.0754213239,273.6510796621,718.2609496643,3.0
22688,0.0,1564.306396,448.484039,1675.786621,-0.2319979591,-0.9719221182,0.0392981311,0.0773916486,277.1671233013,718.5371929728,3.0
22689,0.0,1565.439453,446.448547,1676.165161,-0.2311717993,-0.9721189509,0.0392981485,0.0819895468,284.7734263374,718.1162145787,3.0
22690,0.0,1567.834106,442.490448,1675.981567,-0.2190553863,-0.9748482289,0.0410568916,0.090939653,298.5401591108,716.5001488919,3.0
22691,0.0,1569.723145,439.301025,1675.810547,-0.1863696303,-0.9815015713,0.0438295158,0.1091140758,324.8505192715,715.1720143158,3.0
22692,0.0,1569.978821,438.866287,1675.810547,-0.1778424607,-0.9830168712,0.0444355058,0.1136723053,331.0062325918,714.990922021,3.0
22693,0.0,1572.370605,434.684601,1675.30127,-0.084852268,-0.9951270125,0.0502227209,,,,
22694,0.0,1575.651123,430.036255,1675.234863,0.0499643015,-0.9972654961,0.0544527216,,,,
22695,0.0,1577.595581,427.729065,1675.307495,0.1399891532,-0.9885689717,0.0559859367,,,,
22696,0.0,1580.576538,423.986115,1675.338501,0.2836729521,-0.9571999654,0.057427193,,,,
22697,0.0,1582.732666,421.726166,1675.415283,0.3758832419,-0.924925605,0.0567839212,,,,
22698,0.0,1585.620117,418.579041,1675.592407,0.4808147926,-0.8750514866,0.05569588,,,,
22699,0.0,1587.840576,416.284668,1675.758667,0.5609475119,-0.825934493,0.0563036606,,,,
22700,0.0,1590.267944,413.999207,1675.815552,0.6298727712,-0.7745023928,0.058363821,,,,
22701,0.0,1593.746582,411.097137,1675.929932,0.695605937,-0.7157415221,0.0620197863,,,,
22702,0.0,1595.877441,409.065277,1675.904297,0.7177250361,-0.693417689,0.063582082,,,,
22703,0.0,1598.881714,406.081757,1675.826904,0.7389911532,-0.6706501004,0.0641912639,,,,
22704,0.0,1601.722046,403.072266,1675.793579,0.7466346075,-0.662039388,0.0651199785,,,,
22705,0.0,1603.444336,401.175995,1675.781128,0.7462840765,-0.6623014346,0.0664596642,,,,
22706,0.0,1606.470093,397.832947,1675.66748,0.7434002646,-0.6652847076,0.0689369598,,,,
22707,0.0,1608.381836,395.783325,1675.709473,0.7423369809,-0.6663912662,0.0697028484,,,,
22708,0.0,1611.287964,392.672791,1675.65979,0.7400535206,-0.6688019658,0.0708852392,,,,
22709,0.0,1613.040649,390.988159,1675.6698,0.739571197,-0.6692647354,0.0715482948,,,,
22710,0.0,1615.95813,388.499817,1675.728638,0.7393153561,-0.6694313079,0.0726259473,,,,
22711,0.0,1618.624756,386.079163,1675.871094,0.739306063,-0.6694227053,0.0727996353,,,,
22712,0.0,1621.116943,383.79187,1675.960449,0.7397953096,-0.6687951282,0.0735933183,,,,
22713,0.0,1623.869751,381.430786,1676.34021,0.7410361969,-0.6674020072,0.0737557846,,,,
22714,0.0,1626.543213,379.054993,1676.531128,0.7434670145,-0.6645953078,0.0746315962,,,,
22715,0.0,1629.256714,376.830627,1676.969727,0.7472850509,-0.6602902315,0.0747118661,,,,
22716,0.0,1631.739014,374.686523,1677.105225,0.7541257197,-0.6524664998,0.0747118835,,,,
22717,0.0,1634.275269,372.716675,1677.464355,0.7600467472,-0.6455595065,0.0747118835,,,,
22718,0.0,1637.102783,370.481995,1677.742798,0.7658961793,-0.6386087825,0.0747118835,,,,
22719,0.0,1640.031372,368.077545,1677.908081,0.7696353897,-0.6340973911,0.0747118835,,,,
22720,0.0,1642.662598,365.874481,1677.987549,0.7704277224,-0.6331344716,0.0747118835,,,,
22721,0.0,1645.17627,363.927063,1678.115723,0.7704859762,-0.6330635789,0.0747118835,,,,
22722,0.0,1647.765869,361.808136,1678.11792,0.7704859762,-0.6330635789,0.0747118835,,,,
22723,0.0,1650.30188,359.828674,1678.140869,0.7677834207,-0.6363385545,0.0747118661,,,,
22724,0.0,1653.074463,357.238464,1678.346802,0.758834125,-0.6469844706,0.0747118835,,,,
22725,0.0,1657.041138,352.497772,1676.947144,0.7051508627,-0.7051102008,0.0747118835,,,,
22726,0.0,1657.9087525,350.8732755,1676.7017215,0.6664782187,-0.7399011322,0.0751460423,,,,
22727,0.0,1660.023926,346.552124,1676.288574,0.5448640444,-0.835033074,0.0764391163,,,,
22728,0.0,1660.4725955,344.6936645,1676.147949,0.4803248879,-0.8705465882,0.0775175117,,,,
22729,0.0,1660.921265,342.835205,1676.007324,0.4157857313,-0.9060601023,0.0785959072,,,,
22730,0.0,1660.80481,339.735718,1675.703979,0.2515078763,-0.9645006421,0.0805127288,,,,
22731,0.0,1660.710083,331.931183,1676.944702,-0.070323253,-0.9937965089,0.0861576402,,,,
22732,0.0,1660.5631916667,330.772349,1677.0881753333,-0.120596683,-0.9863368761,0.0861967291,,,,
22733,0.0,1660.4163003333,329.613515,1677.2316486667,-0.1708701131,-0.9788772432,0.0862358181,,,,
22734,0.0,1659.84082,327.45874,1677.652344,-0.2560144533,-0.9628152695,0.0862748896,,,,
22735,0.0,1657.901611,321.204346,1677.182861,-0.4767867639,-0.8747748408,0.086274907,0.1157352486,331.7646579096,710.4382460259,3.0
22736,0.0,1657.6365965,319.7165375,1677.325256,-0.5089468626,-0.8556456848,0.0862748896,0.1010186861,309.8628504603,709.5070178161,3.0
22737,0.0,1657.371582,318.228729,1677.467651,-0.5411069612,-0.8365165288,0.0862748722,0.0863021235,287.9610430111,708.5757896064,3.0
22738,0.0,1657.348999,317.7613675,1677.44458,-0.5496670729,-0.8308383788,0.0864185145,0.0827124466,282.0091118326,708.3410816141,3.0
22739,0.0,1657.326416,317.294006,1677.421509,-0.5582271847,-0.8251602289,0.0865621567,0.0791227696,276.0571806541,708.1063736218,3.0
22740,0.0,1657.326416,317.294006,1677.421509,-0.626780851,-0.7739694262,0.0900949063,0.0502772453,221.7025410192,708.1063736218,3.0
22741,0.0,1655.602173,311.389709,1677.446045,-0.6187336387,-0.7805879543,0.0886066021,0.0574762119,234.9332963656,703.1003767107,3.0
22742,0.0,1655.487549,300.471832,1676.820923,-0.626780851,-0.7739694262,0.0900949063,0.0623276239,242.7363811758,698.4807052442,3.0
22743,0.0,1655.487549,300.471832,1676.820923,-0.626780851,-0.7739694262,0.0900949063,0.0623276239,242.7363811758,698.4807052442,3.0
22744,0.0,1655.626099,291.116119,1676.801636,-0.626780851,-0.7739694262,0.0900949063,0.070566406,256.500461847,695.143128344,3.0
22745,0.0,1655.65686,286.193573,1676.325806,-0.626780851,-0.7739694262,0.0900949063,0.0749212935,263.2370666319,693.1387265094,3.0
22746,0.0,1655.635864,282.381531,1675.901733,-0.626780851,-0.7739694262,0.0900949063,0.0781815727,268.0687290102,691.5725984799,3.0
22747,0.0,1655.671021,278.915131,1675.671875,-0.626780851,-0.7739694262,0.0900949063,0.080772253,271.8108544989,690.3549457002,3.0
22748,0.0,1655.644409,275.021118,1675.195679,-0.626780851,-0.7739694262,0.0900949063,0.0832922385,275.3500705005,689.1360579244,3.0
22749,0.0,1655.70752,272.613159,1675.076416,-0.626780851,-0.7739694262,0.0900949063,0.0847587555,277.3684824775,688.4193707432,3.0
22750,0.0,1655.730957,268.665222,1674.580811,-0.626780851,-0.7739694262,0.0900949063,0.0867778027,280.0973196883,687.4196191665,3.0
22751,0.0,1655.678955,265.626251,1674.572388,-0.6201613049,-0.7799164641,0.0844408963,0.0913043586,286.5410453598,686.3928408124,3.0
22752,0.0,1655.550903,262.729187,1674.630371,-0.6137639585,-0.7855453888,0.0788177985,0.0958451558,292.5799858983,684.8704054294,3.0
22753,0.0,1655.232544,259.731812,1674.739502,-0.622896182,-0.7785829053,0.0762168357,0.0917906464,285.5983645658,682.4070297526,3.0
22754,0.0,1654.665649,256.291901,1674.873535,-0.6509887164,-0.7553065987,0.0756679138,0.0786934112,264.4809139368,680.184631683,3.0
22755,0.0,1654.174438,253.797318,1675.016968,-0.6735261416,-0.7352067891,0.0763774427,0.0684669713,246.707576417,678.4078414322,3.0
22756,0.0,1653.404785,250.721527,1675.472412,-0.7070349585,-0.702925164,0.0774453437,0.0538727888,218.906773608,676.065631502,3.0
22757,0.0,1652.794556,248.272293,1676.187378,-0.7257887366,-0.6835182903,0.0776753289,0.0463804872,202.9238941504,674.1329307239,3.0
22758,0.0,1651.505249,244.576584,1676.69104,-0.7513548265,-0.6553109684,0.0776753463,0.0366509904,179.9502672375,670.827541147,3.0
22759,0.0,1650.309692,241.438217,1677.020142,-0.7700670952,-0.6333314777,0.076732706,0.0299432514,162.1935891628,667.7975755834,3.0
22760,0.0,1649.334717,239.062912,1677.347778,-0.779785503,-0.62142203,0.0759554472,0.026733032,152.8257672983,665.3950296906,3.0
22761,0.0,1647.925171,235.878937,1677.854248,-0.7901517325,-0.608406023,0.0741778327,0.0233946217,142.3407915679,661.9289521055,3.0
22762,0.0,1646.415527,232.945358,1678.125854,-0.8005162182,-0.5949427543,0.0722281347,0.0200841685,131.2948820715,658.411647475,3.0
22763,0.0,1644.707642,230.068512,1678.303467,-0.8059039588,-0.58776648,0.071058949,0.0184356031,125.114132258,654.5963785251,3.0
22764,0.0,1642.843506,227.016525,1678.34375,-0.8097282277,-0.582713367,0.0691760737,0.0171853231,120.044157576,650.3110216758,3.0
22765,0.0,1639.282104,221.881851,1677.88623,-0.8134822702,-0.5776806924,0.0673172615,0.0157450757,113.5375275355,642.3449631168,3.0
22766,0.0,1636.799561,218.753647,1677.609375,-0.8171519077,-0.5726096471,0.0661887586,0.0141931646,106.9611854125,637.1153762464,3.0
22767,0.0,1634.413818,216.11792,1677.612061,-0.8206134082,-0.5677528349,0.0651947289,0.0129784361,101.5458219665,632.3384468281,3.0
22768,0.0,1632.23291,213.681107,1677.213257,-0.8252824165,-0.561050879,0.0642716445,0.0114456267,94.7597132463,628.1092851696,3.0
22769,0.0,1630.088013,211.249878,1677.125,-0.8298541542,-0.5542757075,0.0641912987,0.0100984434,88.43772642,623.8706499292,3.0
22770,0.0,1627.447632,208.310364,1676.811279,-0.836157362,-0.5448288563,0.0632643923,0.0083960014,80.0054716391,618.7026039804,3.0
22771,0.0,1625.312256,205.806229,1676.537964,-0.8399419752,-0.5389794785,0.063234485,0.0074547327,74.8900256008,614.4744684205,3.0
22772,0.0,1622.859741,202.800537,1676.351685,-0.845360978,-0.5304396428,0.0632345024,0.0062896662,68.2314189206,609.3117797334,3.0
22773,0.0,1620.810913,200.108353,1676.189819,-0.8479115359,-0.5263529472,0.0632345024,0.0056985336,64.477140289,604.8237074021,3.0
22774,0.0,1619.7579955,198.735329,1676.1643065,-0.84848965,-0.5254193618,0.0632345024,0.0055586116,63.4296511729,602.436836075,3.0
22775,0.0,1616.770264,194.507217,1676.116577,-0.8491993181,-0.5242727517,0.063234485,0.0052773561,61.0824777058,595.3429130671,3.0
22776,0.0,1614.665771,191.406723,1676.081787,-0.8491993181,-0.5242727517,0.063234485,0.0051214702,59.6499565761,590.1393569431,3.0
22777,0.0,1612.824585,188.395157,1676.040771,-0.8491993181,-0.5242727517,0.063234485,0.004984698,58.367259188,585.2976203719,3.0
22778,0.0,1611.084595,185.635178,1676.017578,-0.8491993181,-0.5242727517,0.063234485,0.0048536449,57.1592651996,580.8516899351,3.0
22779,0.0,1609.471802,182.870605,1676.010498,-0.8491993181,-0.5242727517,0.063234485,0.0047225892,55.9543299456,576.4238878273,3.0
22780,0.0,1607.741821,179.425797,1675.947388,-0.8491993181,-0.5242727517,0.063234485,0.0045936542,54.7137555725,571.4808757095,3.0
22781,0.0,1606.035522,176.534836,1676.218506,-0.8491993181,-0.5242727517,0.063234485,0.0044550308,53.4303667715,566.6723762028,3.0
22782,0.0,1604.545898,173.62265,1676.335693,-0.8491993181,-0.5242727517,0.063234485,0.0043500214,52.3964288331,562.3592040681,3.0
22783,0.0,1603.147583,170.630463,1676.398926,-0.8491993181,-0.5242727517,0.063234485,0.0042569854,51.4327324135,558.0025805148,3.0
22784,0.0,1601.727295,167.251678,1676.337891,-0.8491993181,-0.5242727517,0.063234485,0.0041505983,50.3725341927,553.4451242777,3.0
22785,0.0,1600.467285,164.212769,1676.389648,-0.8491993181,-0.5242727517,0.063234485,0.0040862171,49.6056396085,549.2871606234,3.0
22786,0.0,1599.015503,160.678802,1676.342163,-0.8487269097,-0.5250371706,0.0632345024,0.0040678371,49.0613066932,544.4831551033,3.0
22787,0.0,1597.606201,157.411377,1676.03479,-0.8486962843,-0.5250866755,0.063234485,0.0039830958,48.15395879,540.0568930032,3.0
22788,0.0,1596.202271,153.976685,1675.81189,-0.8486962843,-0.5250866755,0.063234485,0.0038815957,47.1372592717,535.5080803015,3.0
22789,0.0,1595.105347,151.022186,1675.728149,-0.8486962843,-0.5250866755,0.063234485,0.0038023924,46.3140243287,531.5967133844,3.0
22790,0.0,1593.966553,148.014633,1675.599976,-0.8486962843,-0.5250866755,0.063234485,0.0036845674,45.2400042876,527.4906920498,3.0
22791,0.0,1592.835815,145.59938,1675.692505,-0.8486962843,-0.5250866755,0.063234485,0.0035638844,44.1881456339,523.8612397053,3.0
22792,0.0,1591.463623,143.163712,1675.598511,-0.8486962843,-0.5250866755,0.063234485,0.003384022,42.7302368421,519.8420926202,3.0
22793,0.0,1590.190796,141.048096,1675.856201,-0.8486962843,-0.5250866755,0.063234485,0.0032456225,41.5512277435,516.1459641455,3.0
22794,0.0,1588.741943,139.306564,1675.646362,-0.8486962843,-0.5250866755,0.063234485,0.0029968518,39.6590267186,512.6489183128,3.0
22795,0.0,1587.051147,137.43335,1675.846069,-0.8486962843,-0.5250866755,0.063234485,0.0027757513,37.8987277788,509.0037019044,3.0
22796,0.0,1585.200317,135.735428,1676.091797,-0.8486962843,-0.5250866755,0.063234485,0.0026107594,36.4991256238,505.4377618499,3.0
22797,0.0,1583.283569,134.417068,1676.105835,-0.8486962843,-0.5250866755,0.063234485,0.0023999318,34.8162229766,502.8378131594,3.0
22798,0.0,1580.85144,133.078552,1676.067871,-0.8486962843,-0.5250866755,0.063234485,0.002243358,33.5151063351,500.6336326029,3.0
22799,0.0,1578.530762,131.982529,1676.216797,-0.8486962843,-0.5250866755,0.063234485,0.0021338323,32.5532340012,498.575349647,3.0
22800,0.0,1575.84729,131.018539,1676.440552,-0.8486962843,-0.5250866755,0.063234485,0.0020697009,31.9324641338,496.5791430041,3.0
22801,0.0,1573.252319,130.290649,1676.722778,-0.8492039281,-0.5243702584,0.0623580035,0.0020200055,31.4457067937,494.9821244723,3.0
22802,0.0,1570.389038,129.668365,1676.937866,-0.8502473104,-0.5227933223,0.0613730672,0.0020374674,31.4782161544,493.3681535682,3.0
22803,0.0,1567.712036,129.21022,1677.120361,-0.8512263061,-0.5213019869,0.0604815195,0.0021512679,32.2558563319,492.0169035076,3.0
22804,0.0,1564.85144,128.763245,1677.185425,-0.8522692386,-0.5197052363,0.0595282486,0.002354023,33.6478671064,490.6738610558,3.0
22805,0.0,1561.756104,128.418488,1677.207275,-0.8534093564,-0.5180446775,0.0576383765,0.0026346272,35.5055073934,489.4489244047,3.0
22806,0.0,1559.157959,128.317566,1676.942627,-0.8543706224,-0.5165635177,0.0566830817,0.002989181,37.7568489324,488.6854665525,3.0
22807,0.0,1557.6900025,128.391754,1676.750366,-0.8547036025,-0.516068807,0.0561614682,0.0032466168,39.293839018,488.4263793451,3.0
22808,0.0,1556.222046,128.465942,1676.558105,-0.8550365826,-0.5155740964,0.0556398546,0.0035040525,40.8308291036,488.1672921377,3.0
22809,0.0,1552.242554,129.114792,1675.630737,-0.8556103623,-0.5147304806,0.0546208778,0.004516238,46.3535027877,488.2812484521,3.0
22810,0.0,1542.544922,134.844711,1676.701294,-0.8556548422,-0.5147572395,0.0536635398,0.0077084393,60.5612446217,488.6918726357,3.0
22811,0.0,1539.926147,136.192505,1676.701294,-0.8556964197,-0.5147822523,0.0527529146,0.0088974927,65.1885961554,489.7686691966,3.0
22812,0.0,1537.699829,137.501785,1676.701294,-0.8557352891,-0.5148056359,0.0518871097,0.0099776539,69.1683171493,490.8672014934,3.0
22813,0.0,1535.147339,139.169724,1676.701294,-0.855817526,-0.5148551091,0.0500057875,0.0112876023,73.7685506345,492.361867092,3.0
22814,0.0,1532.918457,140.769318,1676.701294,-0.8554743771,-0.5155961164,0.0482103199,0.0123976553,77.5300503437,493.8960321453,3.0
22815,0.0,1530.417358,142.716187,1676.701294,-0.8549935393,-0.516500883,0.0470413175,0.0138060079,82.1255530958,495.9448856866,3.0
22816,0.0,1527.964111,144.779617,1676.701294,-0.8545433843,-0.517419695,0.045082853,0.0152947257,86.8168893219,498.2936610469,3.0
22817,0.0,1525.912964,146.622208,1676.701294,-0.8541290927,-0.5181793723,0.0441998994,0.0165545889,90.6779242059,500.417216917,3.0
22818,0.0,1523.547119,148.861847,1676.701294,-0.853676078,-0.5190840477,0.042295452,0.0181783479,95.493397818,503.111050499,3.0
22819,0.0,1521.452271,150.950623,1676.701294,-0.8532407647,-0.5198769321,0.0413300479,0.0198275333,100.2054298788,505.7144964237,3.0
22820,0.0,1519.029541,153.170731,1676.701294,-0.8527846822,-0.520771015,0.0394440844,0.0219006122,105.7597451443,508.1222513369,3.0
22821,0.0,1516.793213,155.032028,1676.701294,-0.8523288061,-0.5215278163,0.0392981311,0.0241195405,111.4833602164,510.6757111022,3.0
22822,0.0,1514.174683,157.043579,1676.701294,-0.8522517087,-0.521653795,0.0392981311,0.0268855303,118.128446348,512.8838784957,3.0
22823,0.0,1511.378052,159.020325,1676.701294,-0.8522517087,-0.521653795,0.0392981311,0.0297375033,124.6339844311,514.8991585943,3.0
22824,0.0,1508.928467,160.623123,1676.701294,-0.8522517087,-0.521653795,0.0392981311,0.0322773487,130.2152402822,516.6910595431,3.0
22825,0.0,1505.927856,162.461212,1676.701294,-0.8522517087,-0.521653795,0.0392981311,0.0353231884,136.6630173473,518.7707685754,3.0
22826,0.0,1503.153564,164.047897,1676.701294,-0.8522517087,-0.521653795,0.0392981311,0.038083119,142.3847832642,520.9031954067,3.0
22827,0.0,1500.131592,165.676346,1676.701294,-0.8522517087,-0.521653795,0.0392981311,0.0410659038,148.4260618386,523.3106327723,3.0
22828,0.0,1497.386475,167.058441,1676.701294,-0.8513575926,-0.5231117519,0.0392981485,0.0432147875,152.7833774716,525.3979047732,3.0
22829,0.0,1494.22229,168.526871,1676.701294,-0.8474257179,-0.5294575603,0.0392981485,0.0439871348,154.7442749715,527.5527608182,3.0
22830,0.0,1491.415894,169.732971,1676.701294,-0.8422748067,-0.537613993,0.0392981485,0.0435168327,154.3911283009,529.1217866075,3.0
22831,0.0,1488.244141,171.02594,1676.701294,-0.8363938381,-0.546718396,0.0392981311,0.0428325261,153.6898312987,530.8163542971,3.0
22832,0.0,1485.299194,172.133545,1676.701294,-0.8281868398,-0.5590726387,0.0392981311,0.0406813095,150.3052068164,532.3828081488,3.0
22833,0.0,1481.998169,173.320709,1676.701294,-0.8214999049,-0.5688528483,0.0392981311,0.0394448881,148.4774809492,533.9193973709,3.0
22834,0.0,1478.701904,174.257339,1676.701294,-0.8146802125,-0.5785774005,0.0392981311,0.0380369349,146.2627930094,535.4090309088,3.0
22835,0.0,1475.432251,174.93985,1676.701294,-0.8098855417,-0.5852700786,0.0392981485,0.0374313055,145.4770341341,536.7406871156,3.0
22836,0.0,1472.575317,175.343445,1676.701294,-0.8072932726,-0.588895681,0.0384636051,0.0376695077,146.1800185539,537.6590549607,3.0
22837,0.0,1469.169922,175.609543,1676.701294,-0.8047645198,-0.592354711,0.0383401095,0.0381159223,147.3197484116,538.7299008233,3.0
22838,0.0,1466.334229,175.641113,1676.701294,-0.8027214954,-0.5951731779,0.0375111862,0.0383253426,147.9492020489,539.5803348749,3.0
22839,0.0,1462.964111,175.501923,1676.701294,-0.801280318,-0.5971201159,0.0373820701,0.0389217659,149.3380729195,540.5387278078,3.0
22840,0.0,1459.819824,175.164261,1676.701294,-0.798451927,-0.6008969139,0.0373820701,0.038605199,148.9871130722,541.4312233219,3.0
22841,0.0,1457.08728,174.744522,1676.701294,-0.7968772268,-0.6029836368,0.0373820701,0.0386631232,149.2916700435,542.1394521596,3.0
22842,0.0,1453.720581,174.075729,1676.701294,-0.7949764745,-0.6054873952,0.0373820701,0.0386220019,149.421172328,542.8928218757,3.0
22843,0.0,1452.2964475,173.7217025,1676.701294,-0.793911627,-0.6068804124,0.0373820701,0.038491865,149.2487851771,543.1656254618,3.0
22844,0.0,1450.872314,173.367676,1676.701294,-0.7928467795,-0.6082734295,0.0373820701,0.0383617281,149.0763980263,543.438429048,3.0
22845,0.0,1445.572388,171.776566,1676.701294,-0.7895974818,-0.6124854264,0.0373820701,0.0381232593,148.8439600996,544.2523907534,3.0
22846,0.0,1441.710327,170.49855,1676.701294,-0.7858902341,-0.6172350613,0.0373820701,0.0371455669,147.0873120233,544.7254538116,3.0
22847,0.0,1438.337158,169.542511,1676.701294,-0.7838156117,-0.6198674598,0.0373820701,0.0369040379,146.7405933104,545.1833225424,3.0
22848,0.0,1435.159912,168.751648,1676.701294,-0.78090542,-0.6235297164,0.0373820527,0.0362536274,145.5938685891,545.6631857169,3.0
22849,0.0,1432.14563,168.072327,1676.701294,-0.7764982587,-0.6290095667,0.0373820701,0.0349734443,143.1748093352,546.1515855576,3.0
22850,0.0,1430.4138795,167.7326965,1676.701294,-0.7742011776,-0.631824278,0.0373820701,0.0343659181,142.0196079735,546.4527831418,3.0
22851,0.0,1428.682129,167.393066,1676.701294,-0.7719040965,-0.6346389892,0.0373820701,0.0337583919,140.8644066118,546.753980726,3.0
22852,0.0,1422.059082,166.268341,1676.701294,-0.758336693,-0.6507903202,0.0373820701,0.0297511932,132.6694260624,547.9716868465,3.0
22853,0.0,1415.655151,165.366745,1676.701294,-0.7419075614,-0.669512109,0.0364239789,0.0250529211,122.113566275,548.9806004911,3.0
22854,0.0,1413.7828365,165.1334535,1676.701294,-0.736307719,-0.6756400671,0.0359486666,0.0235016395,118.3884076846,549.6310098665,3.0
22855,0.0,1408.645386,164.346725,1676.701294,-0.7242491775,-0.6886256609,0.0354658717,0.0204449186,110.8408606089,550.9642254573,3.0
22856,0.0,1405.651978,163.66951,1676.701294,-0.7170123853,-0.6962003699,0.0346162439,0.0186903774,106.1322444185,551.5211078906,3.0
22857,0.0,1404.650635,163.3769126667,1676.701294,-0.7153879212,-0.6978635458,0.0345800674,0.0183446949,105.1600287498,551.5973485594,3.0
22858,0.0,1403.649292,163.0843153333,1676.701294,-0.713763457,-0.6995267217,0.0345438909,0.0179990125,104.1878130812,551.6735892282,3.0
22859,0.0,1401.961792,162.574524,1676.701294,-0.7109983945,-0.7023464249,0.0345077144,0.0173350172,102.3513616777,552.0861073341,3.0
22860,0.0,1397.349976,160.451935,1676.701294,-0.7033176885,-0.7100720202,0.0337928259,0.0154057895,96.5868687988,552.382926827,3.0
22861,0.0,1392.505859,157.160858,1676.701294,-0.6975148848,-0.7157844751,0.0335495255,0.0134935949,90.3986755669,552.1451338737,3.0
22862,0.0,1391.3626705,156.1365735,1676.701294,-0.6969910576,-0.716294186,0.0335495255,0.0130731437,88.9897212961,552.2259616524,3.0
22863,0.0,1390.219482,155.112289,1676.701294,-0.6964672303,-0.7168038968,0.0335495255,0.0126526925,87.5807670254,552.306789431,3.0
22864,0.0,1387.105835,151.613098,1676.701294,-0.6957164387,-0.7175326238,0.0335495255,0.0112873483,82.7219057689,552.1264466082,3.0
22865,0.0,1385.066772,148.751556,1676.701294,-0.6957164387,-0.7175326238,0.0335495255,0.010536368,79.8280813184,551.3688446441,3.0
22866,0.0,1383.605591,146.353607,1676.701294,-0.6957164387,-0.7175326238,0.0335495255,0.0099592295,77.524241966,550.6728571006,3.0
22867,0.0,1382.273804,143.855865,1676.701294,-0.6957164387,-0.7175326238,0.0335495255,0.009398652,75.2154358961,549.8978789194,3.0
22868,0.0,1381.075562,141.304291,1676.701294,-0.6957164387,-0.7175326238,0.0335495255,0.0088263474,72.7239188957,548.5701825781,3.0
22869,0.0,1379.84375,138.33107,1676.701294,-0.6957164387,-0.7175326238,0.0335495255,0.008261591,70.231361242,547.4986995237,3.0
22870,0.0,1378.854004,135.609833,1676.701294,-0.6957164387,-0.7175326238,0.0335495255,0.0078277602,68.246100574,546.5068931788,3.0
22871,0.0,1377.970337,132.887741,1676.701294,-0.6957164387,-0.7175326238,0.0335495255,0.0074825075,66.622857951,545.6304595046,3.0
22872,0.0,1377.084595,129.838043,1676.701294,-0.6957164387,-0.7175326238,0.0335495255,0.0072139465,65.2724727139,544.3939238129,3.0
22873,0.0,1376.354736,127.015999,1676.701294,-0.6957164387,-0.7175326238,0.0335495255,0.0070410231,64.32606423,543.0251141531,3.0
22874,0.0,1375.588501,123.717445,1676.701294,-0.6957164387,-0.7175326238,0.0335495255,0.0066559573,62.3341249901,541.1647151268,3.0
22875,0.0,1375.47876,123.22702,1676.701294,-0.6957164387,-0.7175326238,0.0335495255,0.0066382954,62.2044710873,540.7546441292,3.0
22876,0.0,1374.394653,117.630539,1676.701294,-0.6957164387,-0.7175326238,0.0335495255,0.0060285535,58.9256186344,537.4500710538,3.0
22877,0.0,1373.86438,114.460266,1676.701294,-0.6957164387,-0.7175326238,0.0335495255,0.0056687416,56.9097775419,535.2354985308,3.0
22878,0.0,1373.396118,111.349655,1676.701294,-0.6957164387,-0.7175326238,0.0335495255,0.0053283492,54.9635542952,533.1418348944,3.0
22879,0.0,1372.742554,108.056435,1676.701294,-0.6957164387,-0.7175326238,0.0335495255,0.0049956542,52.9801130721,530.6947306581,3.0
22880,0.0,1371.895996,104.723595,1676.701294,-0.6957164387,-0.7175326238,0.0335495255,0.004688508,51.0798220847,528.1127984229,3.0
22881,0.0,1371.064453,102.049034,1676.701294,-0.6974557915,-0.7158420554,0.0335495255,0.0046288567,50.5474892918,525.9577746832,3.0
22882,0.0,1369.978516,99.042938,1676.701294,-0.7018376378,-0.7115464563,0.0335495255,0.004809048,51.2739817744,523.4500627589,3.0
22883,0.0,1368.412231,95.938278,1676.701294,-0.7170933702,-0.6961691804,0.0335495255,0.0062773441,58.2456507776,520.6467524497,3.0
22884,0.0,1366.803223,93.550873,1676.701294,-0.733891958,-0.6784371919,0.0335495255,0.0084969601,67.411484769,518.2169532564,3.0
22885,0.0,1365.023926,91.44381,1676.701294,-0.7524403856,-0.6577594218,0.0344384835,0.0118262066,79.1259405356,516.0229079937,3.0
22886,0.0,1362.981934,89.576279,1676.701294,-0.7774208364,-0.6279847523,0.0353835264,0.0178413209,96.6057832092,513.7128321307,3.0
23017,0.0,1073.379639,-263.079407,1675.701294,-0.6073184621,-0.7940969141,0.0239661547,,,,
23018,0.0,1073.122925,-263.414886,1675.701294,-0.6073184621,-0.7940969141,0.0239661547,,,,
23019,0.0,1073.0599975,-263.497177,1675.701294,-0.6073184621,-0.7940969141,0.0239661547,,,,
23020,0.0,1072.99707,-263.579468,1675.701294,-0.6073184621,-0.7940969141,0.0239661547,,,,
23021,0.0,1072.875,-263.739227,1675.701294,-0.6073184621,-0.7940969141,0.0239661547,,,,
23022,0.0,1068.761841,-268.772797,1675.701294,-0.5515560573,-0.83354735,0.0313804228,,,,
23023,0.0,1066.627319,-271.370575,1675.701294,-0.5017709999,-0.8642427095,0.0361994857,,,,
23024,0.0,1064.418579,-273.680664,1675.701294,-0.4640407191,-0.8850273465,0.0373203286,,,,
23025,0.0,1062.410889,-275.685577,1675.701172,-0.4174063689,-0.9078830319,0.0389913281,,,,
23026,0.0,1060.164551,-277.752716,1675.701294,-0.367095422,-0.9293527891,0.0392981485,,,,
23027,0.0,1057.566772,-279.949188,1675.701294,-0.3212064054,-0.9461934795,0.0392981485,,,,
23028,0.0,1054.984253,-282.000549,1675.701294,-0.2939745046,-0.9550713868,0.0376515162,,,,
23029,0.0,1052.169067,-284.170288,1675.701294,-0.2623060929,-0.9643273887,0.0356118111,,,,
23030,0.0,1049.734131,-286.004578,1675.701294,-0.2308487502,-0.9723722784,0.0346555426,,,,
23031,0.0,1046.737915,-288.226471,1675.701294,-0.1947194771,-0.9802517752,0.0345077144,,,,
23032,0.0,1044.269897,-290.299347,1675.701294,-0.1789941735,-0.9832135881,0.0353853928,,,,
23033,0.0,1041.935059,-292.492584,1675.701294,-0.1768553981,-0.9835976515,0.0354658717,,,,
23034,0.0,1039.319458,-295.221863,1675.701294,-0.1767042576,-0.9836248153,0.0354658717,,,,
23035,0.0,1037.325562,-297.528778,1675.701294,-0.1767042576,-0.9836248153,0.0354658717,,,,
23384,0.0,547.531433,-1102.850708,1676.468262,-0.4852690679,0.8711670714,0.0747118835,,,,
23385,0.0,547.63208,-1102.730835,1676.46167,-0.4852690679,0.8711670714,0.0747118835,,,,
23386,0.0,547.734131,-1102.743408,1676.823486,-0.4852690679,0.8711670714,0.0747118835,,,,
23387,0.0,547.940491,-1102.783569,1677.202026,-0.4852690679,0.8711670714,0.0747118835,,,,
23388,0.0,548.063232,-1102.812866,1677.584473,-0.4852690679,0.8711670714,0.0747118835,,,,
23389,0.0,544.123413,-1100.773315,1676.962158,-0.4759127156,0.8765071535,0.0724037078,,,,
23390,0.0,541.977844,-1097.959473,1676.807739,-0.468350335,0.8806781921,0.0710906859,,,,
23391,0.0,540.812378,-1095.195557,1676.496216,-0.4648682285,0.8826000765,0.0701044587,,,,
23392,0.0,539.886841,-1092.515137,1675.926392,-0.4644125601,0.8828537045,0.0699307546,,,,
23393,0.0,539.490173,-1090.429932,1675.809448,-0.4644125601,0.8828537045,0.0699307546,,,,
23394,0.0,539.165649,-1087.919434,1675.79248,-0.4644125601,0.8828537045,0.0699307546,,,,
23395,0.0,538.833984,-1085.282227,1675.786499,-0.4644125601,0.8828537045,0.0699307546,,,,
23396,0.0,538.7760315,-1084.0903935,1675.85614,-0.4644125601,0.8828537045,0.0699307546,,,,
23397,0.0,538.665405,-1082.222046,1675.925781,-0.4644125601,0.8828537045,0.0699307546,,,,
23398,0.0,538.665405,-1082.222046,1675.925781,-0.4728868978,0.8784193329,0.0689743255,,,,
23399,0.0,538.715881,-1072.503418,1676.108154,-0.4670223302,0.8814759399,0.0699307546,,,,
23400,0.0,539.025208,-1068.201538,1676.144043,-0.4694879994,0.8802394546,0.0689892821,,,,
23401,0.0,539.037842,-1065.87085,1676.143799,-0.4701244563,0.8799008669,0.0689743429,,,,
23402,0.0,538.920044,-1061.98291,1675.980225,-0.4728275952,0.8784512551,0.0689743255,,,,
23403,0.0,538.667847,-1058.944458,1676.003662,-0.4752834544,0.87712495,0.0689743429,,,,
23404,0.0,538.378235,-1056.11145,1675.917969,-0.4769052878,0.8762441934,0.0689743429,,,,
23405,0.0,538.017883,-1053.49292,1675.912354,-0.4789955217,0.8751033255,0.0689743429,,,,
23406,0.0,537.344238,-1049.820557,1675.866699,-0.4827653654,0.8730292918,0.0689743255,,,,
23407,0.0,536.848877,-1047.191162,1675.931763,-0.48438623,0.8721310224,0.0689743429,,,,
23408,0.0,536.214539,-1044.46875,1675.991211,-0.4859401134,0.8712661741,0.0689743429,,,,
23409,0.0,535.255371,-1040.820435,1675.915771,-0.48794114,0.8701471061,0.0689743255,,,,
23410,0.0,534.415283,-1037.856689,1676.160645,-0.4888155841,0.8696561762,0.0689743429,,,,
23411,0.0,533.458801,-1034.808594,1676.346436,-0.4896279443,0.8691990659,0.0689743429,,,,
23412,0.0,532.349548,-1031.565796,1676.421753,-0.4904611649,0.8687291786,0.0689743429,,,,
23413,0.0,531.220215,-1028.453735,1676.534546,-0.4905588069,0.8686740467,0.0689743255,,,,
23414,0.0,529.996887,-1025.172119,1676.583008,-0.4905588069,0.8686740467,0.0689743255,,,,
23415,0.0,528.778137,-1022.0672,1676.75708,-0.4912174051,0.8683017914,0.0689743429,,,,
23416,0.0,527.40033,-1018.73822,1676.987061,-0.4920287417,0.8678423012,0.0689743255,,,,
23417,0.0,525.927185,-1015.259888,1677.081421,-0.4928960076,0.8673500249,0.0689743429,,,,
23418,0.0,524.203308,-1011.334717,1677.114014,-0.4946850089,0.8663309324,0.0689743255,,,,
23419,0.0,522.668152,-1007.940979,1677.046875,-0.4955249371,0.8658507834,0.0689743255,,,,
23420,0.0,521.9022525,-1006.285797,1677.0388795,-0.4967610932,0.865140986,0.0689743342,,,,
23421,0.0,521.136353,-1004.630615,1677.030884,-0.4979972493,0.8644311885,0.0689743429,,,,
23422,0.0,518.66626,-998.059082,1676.386719,-0.5004761895,0.8629983336,0.0689743429,,,,
23423,0.0,517.701721,-995.528381,1676.213135,-0.5023126674,0.8619306957,0.0689743429,,,,
23424,0.0,515.960449,-991.667542,1676.455322,-0.504509267,0.8606468146,0.0689743429,,,,
23425,0.0,514.502441,-988.353027,1676.250122,-0.507011044,0.8592471981,0.0680738849,,,,
23426,0.0,513.239258,-985.602112,1676.158813,-0.5097680333,0.8576188703,0.0680178329,,,,
23427,0.0,511.506897,-981.882385,1675.978638,-0.5144241054,0.8549067837,0.0670986657,,,,
23428,0.0,510.363464,-979.530151,1675.947876,-0.5186244582,0.8523681447,0.0670612953,,,,
23429,0.0,506.994904,-973.081238,1676.149536,-0.5369086781,0.8411623833,0.0646135928,,,,
23430,0.0,505.9605255,-971.2285155,1676.232422,-0.5439519818,0.8366353984,0.0639287158,,,,
23431,0.0,503.758484,-967.454651,1676.581421,-0.556253512,0.8286495692,0.0626252486,,,,
23432,0.0,502.572861,-965.390259,1676.817688,-0.5642262536,0.8232675828,0.0615262851,,,,
23433,0.0,501.387238,-963.325867,1677.053955,-0.5721989952,0.8178855964,0.0604273216,,,,
23434,0.0,500.543961,-961.841217,1677.165344,-0.5760308943,0.8151802154,0.0603955449,,,,
23435,0.0,499.077972,-959.590332,1677.916748,-0.5823980049,0.8106730904,0.0601805979,,,,
23436,0.0,494.377014,-952.014221,1678.652466,-0.6063186601,0.7930708145,0.058449684,,,,
23437,0.0,493.1744385,-950.1856995,1678.810791,-0.6117829436,0.7888677752,0.0579785932,,,,
23438,0.0,489.977997,-945.611206,1679.185791,-0.6303030508,0.7742174556,0.0574925695,,,,
23439,0.0,488.172821,-943.023254,1679.281372,-0.6384618655,0.7675031288,0.0574925521,,,,
23440,0.0,486.132751,-940.42749,1679.278931,-0.6473959758,0.7599822741,0.0574925521,,,,
23441,0.0,484.103394,-937.720459,1679.249146,-0.6588411114,0.7500819931,0.0574925521,,,,
23442,0.0,482.832901,-936.197418,1679.2000735,-0.6651420529,0.7444523221,0.0574925608,,,,
23443,0.0,481.562408,-934.674377,1679.151001,-0.6714429944,0.7388226511,0.0574925695,,,,
23444,0.0,477.812103,-930.431091,1678.035034,-0.6881050152,0.7233743703,0.0569298561,,,,
23445,0.0,475.304352,-927.352112,1677.923218,-0.7009420658,0.7109739592,0.0565353848,,,,
23446,0.0,472.579498,-924.112366,1677.67749,-0.7171827943,0.6946627778,0.0556099337,,,,
23447,0.0,470.282959,-921.442078,1677.567871,-0.7261437018,0.6853688467,0.0546339482,,,,
23448,0.0,468.017944,-918.848816,1677.614258,-0.739025587,0.6716080166,0.0527622391,,,,
23449,0.0,465.890259,-916.376587,1677.585693,-0.7582217368,0.6502051367,0.0483019476,,,,
23450,0.0,463.768738,-913.786438,1677.574585,-0.7880629189,0.6141790306,0.0417247449,,,,
23451,0.0,462.7837375,-912.4530945,1677.6306765,-0.7985380889,0.6003518469,0.0401390839,,,,
23452,0.0,461.798737,-911.119751,1677.686768,-0.8090132589,0.5865246632,0.0385534229,,,,
23453,0.0,461.234955,-910.218933,1678.042358,-0.8165534778,0.5760251463,0.0378873163,,,,
23454,0.0,457.231964,-903.972595,1678.239502,-0.8397522287,0.5417467011,0.0364239789,,,,
23455,0.0,454.956329,-899.668152,1678.409302,-0.8397522287,0.5417467011,0.0364239789,,,,
23456,0.0,453.378204,-896.556396,1678.450195,-0.8397522287,0.5417467011,0.0364239789,,,,
23457,0.0,451.943573,-893.862,1678.310425,-0.8397522287,0.5417467011,0.0364239789,,,,
23458,0.0,450.497559,-890.691223,1678.311279,-0.8397522287,0.5417467011,0.0364239789,,,,
23459,0.0,448.814423,-886.788269,1678.26709,-0.8397522287,0.5417467011,0.0364239789,,,,
23460,0.0,447.908936,-884.095642,1677.93042,-0.8397522287,0.5417467011,0.0364239789,,,,
23461,0.0,446.68634,-880.756104,1677.5979,-0.8397522287,0.5417467011,0.0364239789,,,,
23462,0.0,445.287231,-877.237244,1677.515747,-0.8397522287,0.5417467011,0.0364239789,,,,
23463,0.0,444.299042,-874.023376,1677.169434,-0.8397522287,0.5417467011,0.0364239789,,,,
23464,0.0,443.171295,-870.24469,1676.80188,-0.8397522287,0.5417467011,0.0364239789,,,,
23465,0.0,442.123596,-866.707336,1676.524292,-0.8397522287,0.5417467011,0.0364239789,,,,
23726,0.0,-170.52002,-1019.418701,1742.515869,-0.6752045606,0.7300670043,0.1053611439,,,,
23727,0.0,-170.516663,-1019.413452,1742.534424,-0.6752045606,0.7300670043,0.1053611439,,,,
23728,0.0,-170.513306,-1019.408203,1742.552979,-0.6752045606,0.7300670043,0.1053611439,,,,
23729,0.0,-169.981888,-1019.331421,1743.309326,-0.6752045606,0.7300670043,0.1053611439,,,,
23730,0.0,-172.555939,-1018.995331,1742.927002,-0.6752045606,0.7300670043,0.1053611439,,,,
23731,0.0,-178.721588,-1018.423218,1741.513428,-0.6752045606,0.7300670043,0.1053611439,,,,
23732,0.0,-182.552582,-1018.266418,1740.939453,-0.6752045606,0.7300670043,0.1053611439,,,,
23733,0.0,-185.224091,-1018.383118,1740.920166,-0.6752045606,0.7300670043,0.1053611439,,,,
23734,0.0,-189.596542,-1018.417847,1741.02356,-0.6752045606,0.7300670043,0.1053611439,,,,
23735,0.0,-193.628616,-1018.201721,1741.266724,-0.6766229762,0.7288852932,0.1044393485,,,,
23736,0.0,-196.752716,-1017.766724,1741.484253,-0.6791843272,0.7265037401,0.1044076877,,,,
23737,0.0,-199.62085,-1017.254028,1741.704102,-0.6848407004,0.7212798008,0.1036757636,,,,
23738,0.0,-202.823776,-1016.499207,1741.859741,-0.6901466811,0.7163400275,0.1027352111,,,,
23739,0.0,-206.507065,-1015.442566,1742.063965,-0.6994942161,0.7073747693,0.1016305928,,,,
23740,0.0,-209.39743,-1014.458679,1742.193481,-0.7059859906,0.7010233306,0.1007475614,,,,
23741,0.0,-212.509583,-1013.252808,1742.324341,-0.7122683052,0.6947788773,0.0997806244,,,,
23742,0.0,-215.699829,-1011.887695,1742.478516,-0.7203791061,0.6865103429,0.098780021,,,,
23743,0.0,-218.338776,-1010.635315,1742.555786,-0.7253216071,0.6814076583,0.0979396211,,,,
23744,0.0,-219.901291,-1009.888092,1742.5723265,-0.728534579,0.6780248445,0.0974560257,,,,
23745,0.0,-221.463806,-1009.140869,1742.588867,-0.7317475509,0.6746420307,0.0969724303,,,,
23746,0.0,-226.689667,-1006.051453,1743.04126,-0.7425431347,0.6630030694,0.0951662919,,,,
23747,0.0,-229.777618,-1004.209412,1743.174561,-0.7485721182,0.6562315405,0.0948680616,,,,
23748,0.0,-233.486099,-1002.33844,1743.209839,-0.7575656248,0.6459611481,0.0939602007,0.1480571144,200.59309896,383.0783013326,0.0
23749,0.0,-236.173523,-1000.698303,1743.160767,-0.7647367007,0.6374621647,0.0939136153,0.1454893015,199.0939301137,383.2902912262,0.0
23750,0.0,-238.638031,-999.062683,1743.036987,-0.7746591069,0.6253666932,0.0939136153,0.1409234912,196.4379740772,383.7824562143,0.0
23751,0.0,-241.342514,-997.322144,1742.593506,-0.788152012,0.6084201027,0.092959048,0.1335108801,191.8303193028,384.2785904332,0.0
23752,0.0,-243.094742,-996.261414,1742.162231,-0.7977313398,0.5958047681,0.0929590653,0.1280452891,188.2733382079,384.5557874716,0.0
23753,0.0,-245.849823,-994.592712,1741.341553,-0.8102943285,0.5787222738,0.0922151341,0.1209460186,183.5375145852,384.998847714,0.0
23754,0.0,-248.899902,-992.889221,1740.276367,-0.8248230882,0.5578548718,0.0920044299,0.1122565162,177.0195143136,384.5420833489,0.0
23755,0.0,-252.065262,-991.114563,1738.94104,-0.8370401097,0.5394999707,0.0911242907,0.1051298781,171.8438751659,385.0181947178,0.0
23756,0.0,-254.798203,-989.57666,1737.588257,-0.8449230832,0.5270815218,0.0910497273,0.1007152363,168.3996706122,385.0335801595,0.0
23757,0.0,-257.397644,-988.123169,1736.143188,-0.8532936968,0.5135485014,0.0903205611,0.0956234098,164.2615787833,384.9261913816,0.0
23758,0.0,-261.018311,-986.108704,1733.887573,-0.8654191755,0.492881888,0.0900949236,0.0881162683,157.8990334487,384.6986694982,0.0
23759,0.0,-263.793365,-984.595154,1731.948608,-0.8750339931,0.4757750667,0.0891829403,0.0817288139,152.2998427993,384.6421337057,0.0
23760,0.0,-266.649658,-983.001892,1729.740845,-0.8809349153,0.4647663231,0.0891400024,0.0778847612,148.7519609638,384.4560879613,0.0
23761,0.0,-269.670105,-981.340637,1727.212036,-0.8897025722,0.4477537087,0.0891400545,0.0718342724,142.9728138099,384.1629133306,0.0
23779,0.0,-323.310333,-954.724121,1685.468872,-0.956346967,0.2789111014,0.0872300192,0.0210547874,79.764248774,390.7652750835,0.0
23780,0.0,-327.599457,-952.605042,1676.588379,-0.9587909403,0.270390193,0.0872300192,0.0173898201,72.2402898785,389.0570318701,0.0
23781,0.0,-331.128723,-951.229309,1674.287598,-0.9609688546,0.2625448231,0.0872300192,0.0153840421,67.7675701297,387.8362900399,0.0
23782,0.0,-334.573059,-949.786133,1671.481689,-0.9632166679,0.2541742994,0.0872300192,0.0132719761,62.8089424119,386.7982282219,0.0
23783,0.0,-336.707001,-948.869812,1669.303223,-0.9646952807,0.2485033985,0.0872300192,0.0118152704,59.2085514269,386.3084759934,0.0
23784,0.0,-340.293915,-948.209045,1668.38916,-0.9688992768,0.2315709723,0.0872300192,0.00877123,50.9395756811,385.4468437427,0.0
23785,0.0,-342.994873,-947.894714,1669.696777,-0.9721683127,0.2174389468,0.0872300192,0.0069946838,45.4112253079,384.6138756251,0.0
23786,0.0,-346.15686,-947.763123,1669.859375,-0.9756079799,0.2014447725,0.0872300019,0.0051316722,38.8103160978,383.5841107007,0.0
23787,0.0,-349.088959,-947.882935,1670.318848,-0.9773199088,0.1929681831,0.0872300192,0.0042214426,35.1199508652,382.6196564265,0.0
23788,0.0,-351.26239,-948.041138,1670.822388,-0.9789772456,0.1846982597,0.0865453949,0.0035650425,32.2231820998,381.9517358711,0.0
23789,0.0,-354.199036,-948.484375,1671.333496,-0.980811227,0.1748312743,0.0862749244,0.0030194954,29.5915364952,381.0775949127,0.0
23790,0.0,-358.018005,-949.381287,1671.659058,-0.9819422837,0.1683626797,0.086274907,0.0027870454,28.3469157872,379.9457609398,0.0
23791,0.0,-360.029419,-949.848328,1671.975586,-0.9820530861,0.1677151648,0.086274907,0.0028222841,28.4792338362,379.3320842984,0.0
23792,0.0,-363.833679,-950.838501,1672.707642,-0.9821057883,0.1674062755,0.086274907,0.003027171,29.4130100677,378.2987600993,0.0
23793,0.0,-366.810242,-951.554382,1673.261108,-0.9821057883,0.1674062755,0.086274907,0.0031741676,30.0652434245,377.6414915974,0.0
23794,0.0,-369.788605,-952.209351,1673.664062,-0.9821057883,0.1674062755,0.086274907,0.0035531499,31.7231333861,376.6521380702,0.0
23795,0.0,-372.787201,-952.808167,1673.910034,-0.9821057883,0.1674062755,0.086274907,0.0039015736,33.1621986265,375.7789401587,0.0
23796,0.0,-375.981506,-953.338745,1674.082153,-0.9821057883,0.1674062755,0.086274907,0.004430493,35.2467561611,374.8518828513,0.0
23797,0.0,-379.144623,-953.714966,1674.16626,-0.9821057883,0.1674062755,0.086274907,0.0050477458,37.5304230399,373.9973030651,0.0
23798,0.0,-382.541901,-953.918762,1674.095093,-0.9821057883,0.1674062755,0.086274907,,,,
23799,0.0,-385.575165,-954.088135,1673.980225,-0.9821057883,0.1674062755,0.086274907,,,,
23800,0.0,-388.077057,-954.135254,1673.914062,-0.9821057883,0.1674062755,0.086274907,,,,
23801,0.0,-392.134186,-954.12854,1673.744873,-0.9821057883,0.1674062755,0.086274907,,,,
23802,0.0,-395.209106,-954.100525,1673.730469,-0.9821057883,0.1674062755,0.086274907,,,,
23803,0.0,-398.9599,-954.066895,1673.739014,-0.9821057883,0.1674062755,0.086274907,,,,
23804,0.0,-402.278046,-954.026733,1673.796143,-0.9821057883,0.1674062755,0.086274907,,,,
23805,0.0,-405.396729,-953.905823,1673.831787,-0.9821057883,0.1674062755,0.086274907,,,,
23806,0.0,-408.800781,-953.785217,1674.172607,-0.9821057883,0.1674062755,0.086274907,,,,
23807,0.0,-411.25177,-953.659912,1674.38208,-0.9821057883,0.1674062755,0.086274907,,,,
23808,0.0,-415.282135,-953.403137,1674.634644,-0.9821057883,0.1674062755,0.086274907,,,,
23809,0.0,-418.536041,-953.247498,1675.181641,-0.9821057883,0.1674062755,0.086274907,,,,
23810,0.0,-422.324585,-952.967957,1675.46106,-0.9821057883,0.1674062755,0.086274907,,,,
23811,0.0,-425.851807,-952.782654,1676.087158,-0.9821057883,0.1674062755,0.086274907,,,,
23812,0.0,-429.354004,-952.483521,1676.328125,-0.9821057883,0.1674062755,0.086274907,,,,
23813,0.0,-435.78772,-952.068848,1677.277466,-0.9821057883,0.1674062755,0.086274907,,,,
23814,0.0,-438.879456,-951.7771,1677.469849,-0.9821057883,0.1674062755,0.086274907,,,,
23815,0.0,-442.437836,-951.463074,1677.710693,-0.9816217846,0.1706321286,0.0854596317,,,,
23816,0.0,-445.956329,-950.954468,1677.692505,-0.9796521825,0.181664948,0.0853196806,,,,
23817,0.0,-449.392944,-950.40863,1677.390747,-0.9746305873,0.2069197126,0.085319698,,,,
23818,0.0,-453.110443,-949.985596,1677.051636,-0.967100939,0.239961925,0.0844632958,,,,
23819,0.0,-456.759277,-949.682495,1676.677368,-0.9489702566,0.3043766679,0.0825245186,,,,
23820,0.0,-459.300415,-949.624207,1676.433472,-0.9341006947,0.3475168231,0.0817798862,,,,
23821,0.0,-463.679718,-949.661072,1676.072754,-0.8992608521,0.4299303589,0.0805593342,,,,
23822,0.0,-466.937805,-949.905396,1675.913696,-0.8804055948,0.4673316669,0.0805425465,,,,
23823,0.0,-470.172882,-950.119873,1675.659058,-0.8568822578,0.5086435914,0.0838718852,,,,
23824,0.0,-473.428009,-950.440125,1675.590698,-0.8403480344,0.5326127503,0.1006918039,,,,
23825,0.0,-477.377563,-950.857483,1675.603027,-0.8372644161,0.5367376754,0.1044076877,,,,
23826,0.0,-480.613434,-951.242188,1675.622314,-0.8372644161,0.5367376754,0.1044076877,,,,
23827,0.0,-483.825928,-951.634399,1675.624756,-0.8372644161,0.5367376754,0.1044076877,,,,
23828,0.0,-487.242523,-952.034912,1675.713745,-0.8372644161,0.5367376754,0.1044076877,,,,
23829,0.0,-490.447021,-952.491089,1675.586426,-0.8372644161,0.5367376754,0.1044076877,,,,
23858,0.0,-590.677002,-967.928711,1676.549072,-0.5907571576,0.7996297397,0.1076952187,,,,
23859,0.0,-595.977722,-968.729004,1676.45166,-0.5765547044,0.80990887,0.1078531186,,,,
23860,0.0,-597.3104856667,-968.9316,1676.3696693333,-0.5728248303,0.8125202333,0.1078940158,,,,
23861,0.0,-598.6432493333,-969.134196,1676.2876786667,-0.5690949561,0.8151315966,0.1079349129,,,,
23862,0.0,-601.18158,-969.601746,1675.805664,-0.5623266202,0.8198309956,0.1080088468,,,,
23863,0.0,-607.308228,-970.704651,1675.017822,-0.5435796002,0.832353116,0.1082104828,,,,
23864,0.0,-613.750671,-970.923767,1675.187866,-0.5023553827,0.8586087352,0.1021279062,,,,
23865,0.0,-617.070618,-970.689758,1675.069092,-0.4807449277,0.8713351081,0.0982824695,,,,
23866,0.0,-620.500366,-970.431213,1675.031494,-0.4667432983,0.8793412682,0.0943908232,,,,
23867,0.0,-624.062988,-970.0495,1675.133179,-0.4581186415,0.8841988985,0.0912119411,,,,
23868,0.0,-627.517639,-969.587646,1675.220703,-0.4512181112,0.8882244953,0.086368177,,,,
23869,0.0,-630.145935,-969.15509,1675.37793,-0.4491735414,0.889410994,0.0848010227,,,,
23870,0.0,-633.744873,-968.529846,1675.523682,-0.4472467098,0.890650315,0.0819292199,,,,
23871,0.0,-637.031555,-967.94165,1675.636841,-0.4449955808,0.8921003074,0.0783324616,,,,
23872,0.0,-640.415894,-966.967773,1676.133057,-0.4423940162,0.893749179,0.0741615763,,,,
23873,0.0,-643.660583,-966.116882,1676.481812,-0.43756539,0.8964362949,0.0702744523,,,,
23874,0.0,-645.919861,-965.549011,1676.596436,-0.4351184293,0.8978291738,0.0676367299,,,,
23875,0.0,-649.581055,-964.649048,1676.723145,-0.4289851165,0.9011319758,0.0627130925,,,,
23876,0.0,-653.498962,-963.549133,1676.81189,-0.4200477565,0.9057082136,0.0570308162,,,,
23877,0.0,-657.10675,-962.52356,1676.613403,-0.4159230153,0.9078104621,0.0537420709,,,,
23878,0.0,-658.032166,-962.286499,1676.603516,-0.4145394081,0.9084898749,0.0529455039,,,,
23879,0.0,-663.026855,-960.739563,1676.190308,-0.4079496129,0.9116731007,0.0492876335,,,,
23880,0.0,-666.832764,-959.59259,1676.092651,-0.4047729654,0.9132516579,0.0461546945,,,,
23881,0.0,-669.207764,-958.574829,1675.513672,-0.4008336669,0.9150982364,0.0439043184,,,,
23882,0.0,-671.948364,-957.530457,1675.075684,-0.3967972079,0.9169726547,0.0413899312,,,,
23883,0.0,-675.563293,-956.163513,1674.556152,-0.3910798207,0.9195997105,0.0373221948,,,,
23884,0.0,-679.14386,-954.95752,1674.565796,-0.3852396687,0.9221935631,0.033903242,,,,
23885,0.0,-681.704834,-953.792725,1674.116699,-0.378845615,0.9249597874,0.0304202523,,,,
23886,0.0,-684.397766,-952.759705,1673.88855,-0.3743748072,0.926844329,0.0283389039,,,,
23887,0.0,-687.198914,-951.680176,1673.709351,-0.3696456814,0.9288113841,0.025912987,,,,
23888,0.0,-690.833679,-950.27063,1673.79541,-0.360841955,0.9323574605,0.0224198427,,,,
23889,0.0,-693.296448,-949.323547,1673.821045,-0.3524985406,0.9355963504,0.0201059202,,,,
23890,0.0,-695.88092,-949.024536,1677.695923,-0.3429218704,0.9391964838,0.0177357168,,,,
23891,0.0,-699.536011,-947.641785,1677.695923,-0.3311952266,0.9434343128,0.0155376746,,,,
23892,0.0,-702.829041,-946.347168,1677.695923,-0.3190299801,0.9476478738,0.0135417528,,,,
23893,0.0,-705.9776,-945.066772,1677.695923,-0.3063211976,0.9518572809,0.0116206991,,,,
23894,0.0,-708.42334,-944.040527,1677.695923,-0.2956390665,0.9552385289,0.0108118074,,,,
23895,0.0,-712.062439,-942.705627,1677.695923,-0.2830116027,0.9590673434,0.0097089396,,,,
23896,0.0,-719.310913,-940.53479,1676.321533,-0.2649359248,0.9642183575,0.009587226,,,,
23897,0.0,-722.540771,-940.399231,1676.611938,-0.2594586604,0.9657128064,0.008943105,,,,
23898,0.0,-724.7007445,-940.323822,1676.604492,-0.256011066,0.9666273307,0.008785822,,,,
23899,0.0,-726.860718,-940.248413,1676.597046,-0.2525634715,0.967541855,0.008628539,,,,
23900,0.0,-727.870728,-940.21405,1676.593994,-0.2511231025,0.9679184314,0.0084319348,,,,
23901,0.0,-734.340759,-940.287964,1676.184692,-0.2426470415,0.9700844821,0.0076492323,,,,
23902,0.0,-740.255859,-940.496765,1675.862549,-0.23180133,0.9727443108,0.0060538644,,,,
23903,0.0,-742.357025,-940.604431,1676.039978,-0.225747773,0.9741506078,0.0054340636,,,,
23904,0.0,-747.663513,-940.886902,1675.740479,-0.2164392059,0.9762843289,0.0047936681,,,,
23905,0.0,-750.721069,-941.102539,1675.730713,-0.2124381987,0.9771658206,0.0041195588,,,,
23906,0.0,-754.330383,-941.389587,1675.79541,-0.2088809388,0.9779317594,0.0042693591,,,,
23907,0.0,-757.953003,-941.685913,1675.949585,-0.2066059314,0.9784128272,0.0047253217,,,,
23908,0.0,-761.212585,-942.07428,1676.193848,-0.202460719,0.9792745396,0.0055707655,,,,
23909,0.0,-763.931152,-942.459778,1676.484009,-0.1983776972,0.9801047279,0.006404023,,,,
23910,0.0,-768.080261,-943.136841,1676.91626,-0.1914817811,0.9814665354,0.0076267531,,,,
23911,0.0,-770.748779,-943.539124,1677.066406,-0.1870234468,0.9823196789,0.0083832418,,,,
23912,0.0,-774.122559,-944.123169,1677.336914,-0.1798334872,0.9836592221,0.008628539,,,,
23913,0.0,-778.101807,-944.786438,1677.544312,-0.1718394769,0.9850788925,0.0095273115,,,,
23914,0.0,-781.138855,-945.283386,1677.590942,-0.1675785294,0.9858121126,0.0095872434,,,,
23915,0.0,-782.793274,-942.602844,1677.695923,-0.1623025509,0.9866944649,0.009587226,,,,
23916,0.0,-786.713745,-943.150757,1677.695923,-0.1558137412,0.9877399269,0.009587226,,,,
23917,0.0,-789.406067,-943.535889,1677.695923,-0.1520275912,0.988336043,0.0089150237,,,,
23918,0.0,-793.780273,-944.159546,1677.695923,-0.1469322544,0.9891166032,0.0076979081,,,,
23919,0.0,-796.451294,-944.509766,1677.695923,-0.1439987144,0.9895534238,0.0069564074,,,,
23920,0.0,-800.562988,-945.058228,1677.695923,-0.1376785998,0.9904647885,0.004909766,,,,
23921,0.0,-803.181641,-945.418457,1677.695923,-0.1301939198,0.9914877906,0.0012265124,,,,
23922,0.0,-806.186646,-945.827332,1677.695923,-0.1230292247,0.9923972599,-0.0033894578,,,,
23923,0.0,-809.526367,-946.277527,1677.695923,-0.1162779992,0.9931843715,-0.0080144312,,,,
23924,0.0,-812.662415,-946.697693,1677.695923,-0.1106050357,0.9937979157,-0.0114990752,,,,
23925,0.0,-814.48822,-946.936768,1677.695923,-0.1092056372,0.9939354516,-0.0129014301,,,,
23926,0.0,-817.010864,-947.265076,1677.695923,-0.107913761,0.9940588545,-0.0141990853,,,,
23927,0.0,-819.544189,-947.590393,1677.695923,-0.1077332001,0.9940758304,-0.014380581,,,,
23928,0.0,-821.172424,-947.7995,1677.695923,-0.1077332001,0.9940758304,-0.014380581,,,,
23929,0.0,-822.677673,-947.992737,1677.695923,-0.1077332001,0.9940758304,-0.014380581,,,,
23930,0.0,-824.716858,-948.254578,1677.695923,-0.1077332001,0.9940758304,-0.014380581,,,,
23933,0.0,-829.183594,-948.828125,1674.008545,-0.1077332001,0.9940758304,-0.014380581,,,,
23934,0.0,-829.6567385,-948.888855,1673.147522,-0.1077332001,0.9940758304,-0.014380581,,,,
23935,0.0,-830.947571,-949.054565,1677.695923,-0.1077332001,0.9940758304,-0.014380581,,,,
23936,0.0,-831.6207275,-949.1409605,1677.695923,-0.1077332001,0.9940758304,-0.014380581,,,,
23937,0.0,-832.293884,-949.227356,1677.695923,-0.1077332001,0.9940758304,-0.014380581,,,,
23938,0.0,-833.896912,-949.433289,1675.255615,-0.1077332001,0.9940758304,-0.014380581,,,,
23939,0.0,-834.209045,-949.473328,1674.107422,-0.1077332001,0.9940758304,-0.014380581,,,,
23940,0.0,-834.4831845,-949.508545,1673.1447755,-0.1077332001,0.9940758304,-0.014380581,,,,
23941,0.0,-834.993713,-949.574097,1671.001099,-0.1077332001,0.9940758304,-0.014380581,,,,
23942,0.0,-835.161011,-949.595642,1669.853027,-0.1077332001,0.9940758304,-0.014380581,,,,
23943,0.0,-835.284973,-949.612183,1668.106201,-0.1077300933,0.9940497549,-0.0161031603,,,,
23944,0.0,-835.296204,-949.612976,1666.94165,-0.1077286426,0.9940350731,-0.0169945,,,,
23945,0.0,-835.291992,-949.612427,1665.181152,-0.107728298,0.9940305977,-0.0172564355,,,,
23946,0.0,-835.291992,-949.612427,1664.076904,-0.107728298,0.9940305977,-0.0172564355,,,,
23947,0.0,-835.291992,-949.612427,1664.025879,-0.107728298,0.9940305977,-0.0172564355,,,,
23948,0.0,-835.291992,-949.612427,1664.025879,-0.107728298,0.9940305977,-0.0172564355,,,,
23949,0.0,-835.291992,-949.612427,1664.025879,-0.107728298,0.9940305977,-0.0172564355,,,,
23950,0.0,-835.291992,-949.612427,1664.025879,-0.107728298,0.9940305977,-0.0172564355,,,,
23951,0.0,-835.291992,-949.612427,1664.025879,-0.107728298,0.9940305977,-0.0172564355,,,,
23952,0.0,-835.291992,-949.612427,1664.025879,-0.107728298,0.9940305977,-0.0172564355,,,,
23953,0.0,-835.291992,-949.612427,1664.025879,-0.107728298,0.9940305977,-0.0172564355,,,,
23954,0.0,-835.268799,-949.601807,1664.025879,-0.1048857478,0.9943345451,-0.0172566623,,,,
23955,0.0,-835.266357,-949.600647,1664.025879,-0.104594866,0.9943651852,-0.0172566623,,,,
23956,0.0,-835.260986,-949.598206,1664.025879,-0.1039145899,0.99442821,-0.0177283177,,,,
23957,0.0,-835.260986,-949.598206,1664.025879,-0.1039136807,0.9944195092,-0.0182150115,,,,
23958,0.0,-835.260986,-949.598206,1664.025879,-0.1039136807,0.9944195092,-0.0182150115,,,,
23959,0.0,-835.260986,-949.598206,1664.025879,-0.1039136807,0.9944195092,-0.0182150115,,,,
23960,0.0,-835.260986,-949.598206,1664.025879,-0.1039136807,0.9944195092,-0.0182150115,,,,
23961,0.0,-835.260986,-949.598206,1664.025879,-0.1039136807,0.9944195092,-0.0182150115,,,,
23962,0.0,-835.260986,-949.598206,1664.025879,-0.1039136807,0.9944195092,-0.0182150115,,,,
23963,0.0,-835.260986,-949.598206,1664.025879,-0.1039136807,0.9944195092,-0.0182150115,,,,
23964,0.0,-835.260986,-949.598206,1664.025879,-0.1039136807,0.9944195092,-0.0182150115,,,,
23965,0.0,-835.260986,-949.598206,1664.025879,-0.1039136807,0.9944195092,-0.0182150115,,,,
23966,0.0,-835.260986,-949.598206,1664.025879,-0.1039136807,0.9944195092,-0.0182150115,,,,
23967,0.0,-835.260986,-949.598206,1664.025879,-0.1039136807,0.9944195092,-0.0182150115,,,,
23968,0.0,-835.260986,-949.598206,1664.025879,-0.1039136807,0.9944195092,-0.0182150115,,,,
23969,0.0,-835.260986,-949.598206,1664.025879,-0.1039136807,0.9944195092,-0.0182150115,,,,
23970,0.0,-835.260986,-949.598206,1664.025879,-0.1039136807,0.9944195092,-0.0182150115,,,,
23971,0.0,-835.260986,-949.598206,1664.025879,-0.1039136807,0.9944195092,-0.0182150115,,,,
23972,0.0,-835.260986,-949.598206,1664.025879,-0.1039136807,0.9944195092,-0.0182150115,,,,
23973,0.0,-835.260986,-949.598206,1664.025879,-0.1039136807,0.9944195092,-0.0182150115,,,,
23974,0.0,-835.260986,-949.598206,1664.025879,-0.1039136807,0.9944195092,-0.0182150115,,,,
23975,0.0,-835.260986,-949.598206,1664.025879,-0.1039136807,0.9944195092,-0.0182150115,,,,
23976,0.0,-835.260986,-949.598206,1664.025879,-0.1039136807,0.9944195092,-0.0182150115,,,,
23977,0.0,-835.260986,-949.598206,1664.025879,-0.1039149569,0.9944317217,-0.0175280549,,,,
23978,0.0,-835.260986,-949.598206,1664.025879,-0.1039152024,0.9944340713,-0.0173922452,,,,
23979,0.0,-835.260986,-949.598206,1664.025879,-0.1039154479,0.9944364209,-0.0172564355,,,,
23980,0.0,-835.260986,-949.598206,1664.025879,-0.1039154479,0.9944364209,-0.0172564355,,,,
23981,0.0,-835.260986,-949.598206,1664.025879,-0.1039154479,0.9944364209,-0.0172564355,,,,
23982,0.0,-835.260986,-949.598206,1664.025879,-0.1039154479,0.9944364209,-0.0172564355,,,,
23983,0.0,-835.260986,-949.598206,1664.025879,-0.1039154479,0.9944364209,-0.0172564355,,,,
23984,0.0,-835.2547,-949.595337,1664.025879,-0.1031659385,0.9945272614,-0.0165019848,,,,
23985,0.0,-835.247925,-949.592285,1664.025879,-0.102324774,0.9946175244,-0.0162978785,,,,
23986,0.0,-835.245361,-949.591064,1664.025879,-0.1020100961,0.9946498485,-0.0162978262,,,,
23987,0.0,-835.219971,-949.697021,1664.025879,-0.1002963656,0.9948241142,-0.0162978785,,,,
23988,0.0,-835.199402,-949.711121,1664.025879,-0.0980124753,0.9950517242,-0.0162978785,,,,
23989,0.0,-835.163757,-949.69458,1664.025879,-0.0936179964,0.9954747862,-0.0162978785,,,,
23990,0.0,-835.143921,-949.576416,1665.02832,-0.0900215536,0.9958064566,-0.0162978785,,,,
23991,0.0,-835.125916,-949.460388,1666.382446,-0.0867149511,0.9960998426,-0.0162978785,,,,
23992,0.0,-835.123535,-949.339661,1667.681641,-0.0852131177,0.9962294433,-0.0162978785,,,,
23993,0.0,-835.135742,-949.157837,1669.41748,-0.0848307955,0.9962620724,-0.0162978262,,,,
23994,0.0,-835.146912,-949.027649,1670.560059,-0.0848307955,0.9962620724,-0.0162978262,,,,
23995,0.0,-835.174133,-948.799438,1672.391968,-0.0857373732,0.9961844618,-0.0162978785,,,,
23996,0.0,-835.218994,-948.641296,1673.518066,-0.0893670169,0.9958654103,-0.0162978785,,,,
23997,0.0,-835.301025,-948.4021,1675.097412,-0.0963930711,0.995209905,-0.0162978785,,,,
23998,0.0,-835.388489,-948.172058,1676.517334,-0.1039781017,0.9944595556,-0.0154514307,,,,
23999,0.0,-835.51886,-947.964844,1677.695923,-0.1166255249,0.9930805991,-0.013762656,,,,
24000,0.0,-835.662109,-947.758972,1677.695923,-0.1305605337,0.9913588828,-0.0127087615,,,,
24001,0.0,-835.7628475,-947.6707765,1677.695923,-0.1394029604,0.990115475,-0.0125861531,,,,
24002,0.0,-835.863586,-947.582581,1677.695923,-0.148245387,0.9888720672,-0.0124635447,,,,
24003,0.0,-835.973511,-947.510132,1677.695923,-0.1570590538,0.9875105638,-0.0124635447,,,,
24004,0.0,-836.430878,-947.2412415,1677.695923,-0.1732764838,0.9846654258,-0.0117312986,,,,
24005,0.0,-836.888245,-946.972351,1677.695923,-0.1894939139,0.9818202878,-0.0109990526,,,,
24006,0.0,-837.13916,-946.77832,1677.695923,-0.1921637994,0.9813061998,-0.0105459216,,,,
24007,0.0,-837.13916,-946.77832,1677.695923,-0.1921637994,0.9813061998,-0.0105459216,,,,
24008,0.0,-837.13916,-946.77832,1677.695923,-0.1921637994,0.9813061998,-0.0105459216,,,,
24009,0.0,-837.13916,-946.77832,1677.695923,-0.1921637994,0.9813061998,-0.0105459216,,,,
24010,0.0,-838.4434815,-945.7485655,1677.695923,-0.1921637994,0.9813061998,-0.0105459216,,,,
24011,0.0,-839.747803,-944.718811,1677.695923,-0.1921637994,0.9813061998,-0.0105459216,,,,
24012,0.0,-844.658447,-941.156006,1677.695923,-0.1921637994,0.9813061998,-0.0105459216,,,,
24013,0.0,-844.658447,-941.156006,1677.695923,-0.1921637994,0.9813061998,-0.0105459216,,,,
24014,0.0,-846.3829546667,-939.9643353333,1677.695923,-0.1921637994,0.9813061998,-0.0105459216,,,,
24015,0.0,-848.1074623333,-938.7726646667,1677.695923,-0.1921637994,0.9813061998,-0.0105459216,,,,
24016,0.0,-849.83197,-937.580994,1677.695923,-0.1921637994,0.9813061998,-0.0105459216,,,,
24017,0.0,-853.979431,-934.737976,1677.695923,-0.190281821,0.9816728641,-0.0105459216,,,,
24018,0.0,-859.901062,-930.698486,1677.695923,-0.1921637994,0.9813061998,-0.0105459216,,,,
24019,0.0,-866.23877,-926.391113,1677.695923,-0.1921637994,0.9813061998,-0.0105459216,,,,
24020,0.0,-868.38324,-924.93634,1677.695923,-0.1921637994,0.9813061998,-0.0105459216,,,,
24021,0.0,-870.951111,-923.187866,1677.695923,-0.1905390559,0.9816229691,-0.0105458343,,,,
24022,0.0,-872.98822,-921.808777,1677.695923,-0.1908928351,0.9815399941,-0.0117968431,,,,
24023,0.0,-876.028748,-919.738953,1677.695923,-0.1889061685,0.9819347524,-0.0108904298,,,,
24024,0.0,-878.99353,-917.73175,1677.695923,-0.1892813331,0.9818838584,-0.0087558908,,,,
24025,0.0,-881.31012,-916.162354,1677.695923,-0.189345229,0.9818790535,-0.0078681947,,,,
24026,0.0,-884.480042,-914.02002,1677.695923,-0.1902438713,0.9817136158,-0.0067561879,,,,
24027,0.0,-886.740845,-912.489075,1677.695923,-0.1902881178,0.9817053495,-0.0067111071,,,,
24028,0.0,-890.14386,-910.190857,1678.197266,-0.1912237354,0.981523531,-0.0067112642,,,,
24029,0.0,-892.123108,-908.851379,1678.515259,-0.1912292175,0.981522464,-0.0067111071,,,,
24030,0.0,-895.219543,-906.757019,1678.776245,-0.1912292175,0.981522464,-0.0067111071,,,,
24031,0.0,-898.262817,-904.699585,1678.930176,-0.1912292175,0.981522464,-0.0067111071,,,,
24032,0.0,-901.263367,-902.667542,1679.092041,-0.1903707199,0.9816893337,-0.0067112642,,,,
24033,0.0,-904.267517,-900.636108,1679.253418,-0.1902881178,0.9817053495,-0.0067111071,,,,
24034,0.0,-907.170349,-898.674316,1679.409668,-0.1902893253,0.981710937,-0.0057973055,,,,
24035,0.0,-908.165812,-898.0015663333,1679.463216,-0.1902893018,0.9817110296,-0.0057823367,,,,
24036,0.0,-909.161275,-897.3288166667,1679.516764,-0.1902892782,0.9817111223,-0.0057673678,,,,
24037,0.0,-911.004517,-896.083313,1679.615723,-0.1902892547,0.9817112149,-0.005752399,,,,
24038,0.0,-917.723633,-891.543091,1679.976807,-0.1902892547,0.9817112149,-0.005752399,,,,
24039,0.0,-921.814575,-888.779297,1680.196533,-0.1902892547,0.9817112149,-0.005752399,,,,
24040,0.0,-924.426147,-887.015076,1680.337036,-0.1902892547,0.9817112149,-0.005752399,,,,
24041,0.0,-926.986572,-885.285339,1680.474609,-0.1902892547,0.9817112149,-0.005752399,,,,
24042,0.0,-932.553467,-881.463318,1680.779907,-0.1781607221,0.983984587,-0.0057523641,,,,
24043,0.0,-935.540955,-879.337646,1680.949951,-0.1609071996,0.9869568758,-0.0049998413,,,,
24044,0.0,-936.9319155,-878.3128355,1681.031067,-0.1498550417,0.9886343794,-0.0045082656,,,,
24045,0.0,-938.322876,-877.288025,1681.112183,-0.1388028838,0.990311883,-0.0040166899,,,,
24046,0.0,-940.987671,-875.007385,1681.285156,-0.0860314871,0.9962879589,-0.0029809656,,,,
24047,0.0,-943.412048,-872.729187,1681.45813,-0.0181750323,0.9998328869,-0.0019663216,,,,
24048,0.0,-946.507935,-869.053589,1681.75415,0.1937186835,0.9810343589,0.0066826938,0.0675555387,118.846040217,328.9279095375,5.0
24049,0.0,-949.402832,-866.98761,1681.932861,0.3460524085,0.9380880476,0.0154449214,0.0224315703,69.2667478411,328.8737413109,5.0
24050,0.0,-951.149963,-865.882324,1682.089111,0.4776230962,0.8782579852,0.0232182973,0.0026416468,23.8983523743,329.0050703815,5.0
24051,0.0,-953.062622,-864.903259,1682.247681,0.5975656749,0.8013170819,0.0283936329,0.0045714121,31.4533231442,329.3239029236,5.0
24052,0.0,-954.959656,-864.110962,1682.402222,0.7050518619,0.7083849878,0.0330542141,0.0276644599,77.035529672,329.7915889809,5.0
24053,0.0,-956.146149,-863.579956,1682.491455,0.7483732946,0.6591095523,0.0347054514,0.0475105037,98.1258542996,330.1069705754,5.0
24054,0.0,-959.232666,-862.074524,1682.705566,0.8277583684,0.5597587429,0.0385516963,0.0919426702,138.5669934843,330.8304900565,5.0
24055,0.0,-962.639221,-860.218201,1682.904419,0.8631905524,0.5031932741,0.041214065,0.1225140234,158.9980812264,331.5206850716,5.0
24056,0.0,-964.985229,-858.840393,1683.026001,0.868983375,0.4931219892,0.0412140475,0.1280883676,162.494766323,331.8500295514,5.0
24057,0.0,-967.759338,-857.25116,1683.162231,0.8703374793,0.4907281049,0.041214065,0.1291335991,163.3416214364,332.3195161983,5.0
24058,0.0,-971.203552,-855.3927,1683.322388,0.8703374793,0.4907281049,0.041214065,0.1286335323,163.3656539823,332.9693330735,5.0
24059,0.0,-973.525879,-854.203125,1683.425293,0.8703374793,0.4907281049,0.041214065,0.1282421952,163.3576940265,333.4258724227,5.0
24060,0.0,-977.20813,-852.410339,1683.580688,0.8703374793,0.4907281049,0.041214065,0.1276061906,163.3936614734,334.2725656744,5.0
24061,0.0,-980.584656,-850.853271,1683.716553,0.8703374793,0.4907281049,0.041214065,0.1273002123,163.5346415104,334.9354518328,5.0
24062,0.0,-983.808716,-849.436768,1683.840454,0.8703374793,0.4907281049,0.041214065,0.1269771187,163.6761468991,335.6225380619,5.0
24063,0.0,-986.760925,-848.194946,1683.949585,0.8703374793,0.4907281049,0.041214065,0.1231191535,161.974049659,336.9490831096,5.0
24064,0.0,-989.231079,-847.149963,1684.036865,0.8703374793,0.4907281049,0.041214065,0.1229587656,162.1643008299,337.550379036,5.0
24065,0.0,-993.224304,-845.474304,1684.172363,0.8703374793,0.4907281049,0.041214065,0.1226279159,162.4367751867,338.5435214912,5.0
24066,0.0,-996.863342,-843.933594,1684.288818,0.8642880796,0.5013058112,0.041214065,0.1164271402,158.9654304207,339.4566830416,5.0
24067,0.0,-999.423218,-842.779053,1684.363647,0.8491715108,0.5263993686,0.0425611309,0.1027207361,150.1176932814,340.0456243532,5.0
24068,0.0,-1003.234497,-841.3078,1684.476685,0.8429966001,0.5360570808,0.0447161978,0.0968605376,146.4454822398,341.0886228485,5.0
24069,0.0,-1006.281616,-840.304382,1684.566895,0.8496865924,0.5248105289,0.0510549069,0.1025664137,150.9388542026,342.1489186291,5.0
24070,0.0,-1010.174133,-839.028076,1684.679565,0.8572301605,0.5116441531,0.0581094877,0.108287753,155.4643232846,343.4895523271,5.0
24071,0.0,-1011.52594,-838.604553,1684.693054,0.8603797262,0.505891498,0.061374629,0.1110342096,157.5302269661,343.9958865044,5.0
24072,0.0,-1012.877747,-838.18103,1684.706543,0.8635292918,0.500138843,0.0646397702,0.1137806661,159.5961306475,344.5022206817,5.0
24073,0.0,-1014.03418,-837.835938,1684.702881,0.8665994969,0.4943258264,0.0681710306,0.11695855,161.9070303378,345.0005436712,5.0
24074,0.0,-1021.389099,-835.555481,1684.701294,0.8773076855,0.4726760302,0.0831179617,0.1274890421,170.0505424986,348.0401993711,5.0
24075,0.0,-1026.182739,-834.0177,1684.701294,0.8780458386,0.4709499866,0.0850976822,0.1276407908,171.0659888,349.9244940308,5.0
24076,0.0,-1029.803101,-832.861511,1684.701294,0.8780290984,0.4709410275,0.085319698,0.1272000296,171.4688210831,351.314325113,5.0
24077,0.0,-1033.43457,-831.712952,1684.701294,0.8780290984,0.4709410275,0.085319698,0.1268896843,171.9604696561,352.7230054992,5.0
24078,0.0,-1036.718872,-830.683411,1684.563354,0.8780290984,0.4709410275,0.085319698,0.1267045287,172.4950945029,354.0605489524,5.0
24079,0.0,-1040.033081,-829.652466,1684.260864,0.8780290984,0.4709410275,0.085319698,0.1265658135,173.0752757853,355.4328830958,5.0
24080,0.0,-1043.743774,-828.507507,1683.892944,0.8780290984,0.4709410275,0.085319698,0.1264609042,173.7606528408,356.9783831214,5.0
24081,0.0,-1047.045044,-827.495789,1683.568726,0.8780290984,0.4709410275,0.085319698,0.1264028369,174.3921303614,358.352437152,5.0
24082,0.0,-1050.516113,-826.439026,1683.227905,0.8780290984,0.4709410275,0.085319698,0.1263540835,175.0626784476,359.7950362307,5.0
24083,0.0,-1054.015137,-825.160706,1682.885132,0.8780290984,0.4709410275,0.085319698,0.1263490956,175.6807410687,361.0719466933,5.0
24084,0.0,-1057.115356,-823.812744,1682.581421,0.8780290984,0.4709410275,0.085319698,0.1263692088,176.155909585,362.0216776012,5.0
24085,0.0,-1059.977905,-822.570801,1682.302002,0.8780290984,0.4709410275,0.085319698,0.1267345282,176.8271431042,362.9123854176,5.0
24086,0.0,-1062.556641,-821.458008,1682.050415,0.8780290984,0.4709410275,0.085319698,0.1273994815,177.6574926921,363.7283299983,5.0
24087,0.0,-1065.297241,-820.283325,1681.78418,0.8780290984,0.4709410275,0.085319698,0.128487826,178.7946785005,364.6089038149,5.0
24088,0.0,-1067.38147,-819.356506,1681.578125,0.8780290984,0.4709410275,0.085319698,0.129714413,179.9082086446,365.2606590119,5.0
24089,0.0,-1069.096191,-818.372192,1681.406616,0.8780290984,0.4709410275,0.085319698,0.1318806911,181.508870333,365.6831438169,5.0
24090,0.0,-1069.117798,-817.539185,1681.404541,0.8780290984,0.4709410275,0.085319698,0.1358893644,183.8523868384,365.2924504466,5.0
24091,0.0,-1069.117798,-816.855652,1681.404541,0.8780290984,0.4709410275,0.085319698,0.1397740325,186.1148858029,364.9934000533,5.0
24092,0.0,-1069.117798,-816.740723,1681.404541,0.8780290984,0.4709410275,0.085319698,0.1404470232,186.5041728483,364.9454943114,5.0
24093,0.0,-1069.117798,-815.753601,1681.404541,0.8780290984,0.4709410275,0.085319698,0.1478651951,190.8136435705,364.6197153134,5.0
24094,0.0,-1069.117798,-815.261169,1681.404541,0.8780290984,0.4709410275,0.085319698,,,,
24095,0.0,-1069.117798,-814.956055,1681.404541,0.8780290984,0.4709410275,0.085319698,,,,
24096,0.0,-1069.12915,-814.546997,1681.404541,0.8741875034,0.4778627902,0.0862749244,,,,
24097,0.0,-1069.134644,-814.495667,1681.404663,0.8723475978,0.4812133716,0.086274907,,,,
24098,0.0,-1069.157349,-814.4883425,1681.404602,0.8712727991,0.483151567,0.0862749157,,,,
24099,0.0,-1069.203247,-814.460571,1681.404541,0.8684995487,0.4881241383,0.086274907,,,,
24100,0.0,-1069.2073365,-814.4569395,1681.404541,0.868197593,0.4886606194,0.086274907,,,,
24101,0.0,-1069.149414,-814.408142,1681.404541,0.8673784958,0.4901134414,0.086274907,0.0962753474,887.1809708497,2072.2998897165,6.0
24102,0.0,-1069.149658,-814.407898,1681.404541,0.8673601552,0.4901458982,0.086274907,0.0963092336,887.352512657,2072.3543552545,6.0
24103,0.0,-1069.149658,-814.407898,1681.404541,0.8673601552,0.4901458982,0.086274907,0.0964092926,887.3980266453,2071.4393514778,6.0
24104,0.0,-1068.888062,-814.260132,1681.430786,0.8673601552,0.4901458982,0.086274907,0.095731057,882.7204932679,2067.4386928935,6.0
24105,0.0,-1068.449829,-814.012451,1681.474609,0.8673601552,0.4901458982,0.086274907,0.0952624056,879.3096752438,2064.2557495264,6.0
24106,0.0,-1067.867188,-813.682983,1681.532959,0.8673601552,0.4901458982,0.086274907,0.0948815204,876.3498414594,2061.226417424,6.0
24107,0.0,-1067.081055,-813.238647,1681.61145,0.8673601552,0.4901458982,0.086274907,0.0945063931,873.1296637692,2057.5215899022,6.0
24108,0.0,-1066.178833,-812.737549,1681.701538,0.8677856959,0.4893920989,0.086274907,0.093792299,868.5049000653,2054.0148186176,6.0
24109,0.0,-1065.086914,-812.130249,1681.810669,0.8683057922,0.488616587,0.0854334953,0.0929888528,863.3014640146,2050.0781484228,6.0
24110,0.0,-1063.778442,-811.393372,1681.941406,0.8683700922,0.4885221919,0.085319698,0.0925732045,859.7039470292,2045.8902480943,6.0
24111,0.0,-1062.318359,-810.570251,1682.087402,0.8683700922,0.4885221919,0.085319698,0.0922287149,856.5141346171,2041.9180203115,6.0
24112,0.0,-1060.777466,-809.701843,1682.241455,0.8683700922,0.4885221919,0.085319698,0.0919012006,853.4193247399,2037.9871954981,6.0
24113,0.0,-1058.865112,-808.859924,1682.432861,0.8683700922,0.4885221919,0.085319698,0.0914833754,849.667872449,2033.4342454831,6.0
24114,0.0,-1057.014404,-808.264099,1682.617798,0.8683700922,0.4885221919,0.085319698,0.091081454,846.1789773804,2029.334109767,6.0
24115,0.0,-1055.134277,-807.812683,1682.805908,0.8683700922,0.4885221919,0.085319698,0.0906627747,842.655708945,2025.3232321385,6.0
24116,0.0,-1052.662964,-807.397339,1683.052856,0.8689068594,0.4877323878,0.0843681671,0.0896472649,836.0771861446,2020.3242137151,6.0
24117,0.0,-1050.74646,-807.224487,1683.243896,0.8710213778,0.4843563827,0.0819795946,0.0874128689,824.542769453,2016.5773546703,6.0
24118,0.0,-1048.326294,-807.099792,1683.485229,0.873184738,0.4809331284,0.0790679414,0.0850226914,811.844442045,2011.9796393662,6.0
24119,0.0,-1045.586914,-807.075378,1683.758667,0.875434153,0.4773546825,0.0758126036,0.0824953802,798.2103981845,2006.9398538877,6.0
24120,0.0,-1043.004395,-807.150574,1684.016357,0.8776794668,0.4742129328,0.069288151,0.079963346,784.6378676074,2002.4838625393,6.0
24121,0.0,-1040.365356,-807.325195,1684.279541,0.8811820417,0.4697293405,0.0535962322,0.0762646472,765.3963346628,1998.2604019123,6.0
24122,0.0,-1037.836182,-807.568237,1684.531494,0.8844599459,0.4645023078,0.0443645143,0.0729120174,747.6064081155,1994.4478562332,6.0
24123,0.0,-1034.685181,-807.947449,1684.70105,0.8882325589,0.4579467881,0.0364370776,0.0690862219,726.8205835346,1989.9861588036,6.0
24124,0.0,-1032.302856,-808.262207,1684.704468,0.8894073305,0.4558469018,0.0340323741,0.0675796129,717.980067468,1986.7980827077,6.0
24125,0.0,-1028.955933,-808.739319,1684.701294,0.8896420053,0.4554245621,0.0335495255,0.0666085828,711.464549444,1982.5688355274,6.0
24126,0.0,-1025.983765,-809.217407,1684.701294,0.8896420053,0.4554245621,0.0335495255,0.0658989074,706.54974249,1979.0831917208,6.0
24127,0.0,-1023.099243,-809.725891,1684.701294,0.8896420053,0.4554245621,0.0335495255,0.0652206653,701.9209039243,1975.9677136226,6.0
24128,0.0,-1019.948669,-810.323364,1684.701294,0.8896420053,0.4554245621,0.0335495255,0.0644863682,696.9818707501,1972.8288267175,6.0
24129,0.0,-1017.021545,-810.915649,1684.701294,0.8896420053,0.4554245621,0.0335495255,0.0637936993,692.3413203848,1969.9515451267,6.0
24130,0.0,-1014.166016,-811.522766,1684.701294,0.8896420053,0.4554245621,0.0335495255,0.0631175395,687.8495288492,1967.2827360052,6.0
24131,0.0,-1010.546692,-812.327881,1684.701294,0.8896420053,0.4554245621,0.0335495255,0.0622643983,682.1511462382,1963.873257003,6.0
24132,0.0,-1007.399048,-813.059509,1684.701294,0.8896420053,0.4554245621,0.0335495255,0.061520596,677.2887037784,1961.2500584204,6.0
24133,0.0,-1004.299683,-813.804565,1684.701294,0.8896420053,0.4554245621,0.0335495255,0.0607910115,672.5135892216,1958.7051798337,6.0
24134,0.0,-1001.163452,-814.580383,1684.701294,0.8896420053,0.4554245621,0.0335495255,0.0600569387,667.7129335261,1956.2020126108,6.0
24135,0.0,-998.011353,-815.380371,1684.701294,0.8896420053,0.4554245621,0.0335495255,0.0593248859,662.922675434,1953.7455426683,6.0
24136,0.0,-994.748657,-816.227661,1684.701294,0.8896420053,0.4554245621,0.0335495255,0.0585631595,657.9752398942,1951.3522267988,6.0
24137,0.0,-991.427979,-816.865234,1684.701294,0.8693227604,0.4930434064,0.0344403499,0.0729426195,730.7211176357,1949.0081604333,6.0
24138,0.0,-988.382324,-817.295837,1684.701294,0.8536331315,0.5195528965,0.0370845583,0.0841948153,781.9070539271,1946.8692456069,6.0
24139,0.0,-985.175781,-817.5625,1684.701294,0.8388657376,0.5428668713,0.0399979286,0.0948387035,826.6071260681,1944.6456018008,6.0
24140,0.0,-982.136597,-817.620178,1684.701294,0.8238344055,0.5650837872,0.0444655563,0.1058826896,869.9417684498,1942.5592056361,6.0
24141,0.0,-976.156433,-817.053711,1684.701294,0.7714073216,0.6338624992,0.0561166306,0.1464921843,1010.2007906328,1938.667214843,6.0
24142,0.0,-973.332397,-816.5401,1684.701294,0.7450915742,0.6643476883,0.0589974163,,,,
24143,0.0,-970.448181,-815.838562,1684.701294,0.7148111804,0.6966461428,0.0610665874,,,,
24144,0.0,-967.668213,-814.803406,1684.701294,0.6626974062,0.7462172339,0.0631821776,,,,
24145,0.0,-965.520447,-813.72821,1684.701294,0.6176978648,0.7837971271,0.0641202883,,,,
24146,0.0,-963.533752,-812.449829,1684.701294,0.5677628039,0.8206856132,0.0641912987,,,,
24147,0.0,-962.6271055,-811.679413,1684.701294,0.5401595082,0.838468258,0.06419129,,,,
24148,0.0,-960.199402,-808.96228,1684.701294,0.4428289106,0.8943670227,0.0633260182,0.1354280529,223.4454474797,444.6595463196,5.0
24149,0.0,-958.736633,-806.769104,1684.701294,0.3814339184,0.9223560036,0.0613805232,0.1059031194,199.7897779403,446.0851782341,5.0
24150,0.0,-957.641418,-804.656494,1684.701294,0.3302656288,0.9420110331,0.0594964528,0.0844548757,179.9161899855,447.3131735249,5.0
24151,0.0,-956.543335,-802.372925,1684.701294,0.2801529669,0.9581723402,0.0584814643,0.0662083678,160.4727807768,448.476921596,5.0
24152,0.0,-955.573486,-799.961853,1684.701172,0.2185238159,0.9736092478,0.0658207748,0.0474442585,136.7976950262,449.4539769322,5.0
24153,0.0,-954.555298,-797.622192,1684.701294,0.1847093753,0.9802569547,0.0705602544,0.0392365375,124.9332747332,450.4226107954,5.0
24154,0.0,-953.598755,-795.48877,1684.701294,0.1727124171,0.9824181593,0.070887102,0.0369698554,121.554564393,451.2153972325,5.0
24155,0.0,-952.299622,-792.555847,1684.701294,0.1700606616,0.9828806592,0.070887102,0.0374368611,122.567187045,452.1813915684,5.0
24156,0.0,-951.118652,-789.696167,1684.701294,0.1700606616,0.9828806592,0.070887102,0.0385074232,124.4884751611,452.9638924741,5.0
24157,0.0,-950.167358,-787.229431,1684.701294,0.1700606616,0.9828806592,0.070887102,0.039388396,126.0342440167,453.5327240451,5.0
24158,0.0,-949.002441,-784.033997,1684.701294,0.1700606616,0.9828806592,0.070887102,0.0404942114,127.9382091128,454.1826278172,5.0
24159,0.0,-948.837646,-783.572632,1684.701294,0.1700606616,0.9828806592,0.070887102,0.0406520664,128.2070400991,454.2707552718,5.0
24160,0.0,-947.155457,-778.5177,1684.590332,0.1700606616,0.9828806592,0.070887102,0.0422889858,130.9389447785,455.0728332102,5.0
24161,0.0,-946.121521,-775.203796,1684.40271,0.1700606616,0.9828806592,0.070887102,0.0433050048,132.5941104992,455.5054959864,5.0
24162,0.0,-945.299988,-772.447388,1684.243408,0.1700606616,0.9828806592,0.070887102,0.0441298803,133.9143128421,455.8171027363,5.0
24163,0.0,-944.300903,-768.960632,1684.041626,0.1700606616,0.9828806592,0.070887102,0.0451528675,135.5224079662,456.1545808934,5.0
24164,0.0,-943.548767,-766.202698,1683.882568,0.1700606616,0.9828806592,0.070887102,0.0459612501,136.8974609522,456.8071480184,5.0
24165,0.0,-942.617188,-762.727539,1683.680298,0.1700606616,0.9828806592,0.070887102,0.0469295568,138.2441978998,456.6303071852,5.0
24166,0.0,-941.760742,-759.420105,1683.488525,0.1700606616,0.9828806592,0.070887102,0.0478516269,139.5924407045,456.7274721162,5.0
24167,0.0,-940.920898,-755.817749,1683.278076,0.1620876836,0.9842269055,0.070887102,0.0464307861,137.632581716,456.9869904354,5.0
24168,0.0,-940.300537,-752.504395,1683.080444,0.1373912725,0.9879770529,0.070887102,0.0401759467,128.2808153512,457.1619853261,5.0
24169,0.0,-939.641235,-749.134827,1682.88147,0.1215809575,0.9900470126,0.0708871194,0.0366964152,122.7414954801,457.2838463649,5.0
24170,0.0,-939.3234555,-747.493317,1682.784851,0.1159820829,0.9907024765,0.0708871107,0.0356021054,120.9264687139,457.3224663124,5.0
24171,0.0,-939.005676,-745.851807,1682.688232,0.1103832083,0.9913579404,0.070887102,0.0345077956,119.1114419477,457.3610862599,5.0
24172,0.0,-937.945496,-739.829712,1682.333496,0.0874087155,0.9936471885,0.070887102,0.030062079,111.3187127893,457.4381689086,5.0
24173,0.0,-937.38678,-736.627197,1682.145752,0.0812333936,0.9941710879,0.0708871194,0.029185923,109.7069519851,457.429959105,5.0
24174,0.0,-936.67334,-732.412598,1681.89978,0.0766526561,0.9945347601,0.070887102,0.0288365011,109.0454534423,457.3776686804,5.0
24175,0.0,-935.994385,-728.315125,1681.661499,0.0760496978,0.9945810486,0.070887102,0.0293620949,109.9990185884,457.2901799951,5.0
24176,0.0,-935.405273,-724.591003,1681.444946,0.0760496978,0.9945810486,0.070887102,0.0299566291,111.0687961904,457.2015565226,5.0
24177,0.0,-934.904175,-721.276611,1681.252075,0.0760496978,0.9945810486,0.070887102,0.0304797924,111.9997061352,457.1204599627,5.0
24178,0.0,-934.363037,-717.548767,1681.035034,0.0760496978,0.9945810486,0.070887102,0.0310629878,113.0263436416,457.0273117572,5.0
24179,0.0,-933.919983,-714.371338,1680.849854,0.0760496978,0.9945810486,0.070887102,0.0315578898,113.8906394146,456.9542596482,5.0
24180,0.0,-933.395813,-710.473511,1680.622803,0.0760496978,0.9945810486,0.070887102,0.0321615704,114.9345364509,456.8642829707,5.0
24181,0.0,-932.948975,-707.021545,1680.421631,0.0760496978,0.9945810486,0.070887102,0.032695481,115.8504594973,456.7915906774,5.0
24182,0.0,-932.466614,-703.16394,1680.196533,0.0760496978,0.9945810486,0.070887102,0.0332925826,116.8675072741,456.720136695,5.0
24183,0.0,-932.042664,-699.65564,1679.991943,0.0760496978,0.9945810486,0.070887102,0.033845265,117.809545329,456.691231828,5.0
24184,0.0,-931.623047,-696.077393,1679.783081,0.0760496978,0.9945810486,0.070887102,0.0344213348,118.7920757666,456.6972565169,5.0
24185,0.0,-931.208069,-692.435974,1679.570435,0.0760496978,0.9945810486,0.070887102,0.0350273753,119.8210701662,456.7211719963,5.0
24186,0.0,-930.807068,-688.815979,1679.358887,0.0760496978,0.9945810486,0.070887102,0.0355577179,120.7062227122,456.7126941433,5.0
24187,0.0,-930.433533,-685.35675,1679.15686,0.0760496978,0.9945810486,0.070887102,0.0360086224,121.4462542911,456.679043907,5.0
24188,0.0,-930.061279,-681.828613,1678.950439,0.0760496978,0.9945810486,0.070887102,0.0364160924,122.1015357742,456.6145259221,5.0
24189,0.0,-929.703857,-678.287964,1678.743286,0.075164981,0.9946483019,0.070887102,0.0365375821,122.274604079,456.5150156872,5.0
24190,0.0,-929.042175,-671.277283,1678.328247,0.0706699623,0.9949777762,0.070887102,0.0358608711,121.0944747025,456.2761686432,5.0
24191,0.0,-928.735962,-667.842773,1678.123413,0.0677837952,0.9951785636,0.0708871194,0.0353010756,120.1277537913,456.1433876043,5.0
24192,0.0,-928.458435,-664.483948,1677.923462,0.0634392797,0.9954649537,0.0708871194,0.0343171836,118.430598211,455.9858678405,5.0
24193,0.0,-928.124695,-660.577209,1677.709351,0.0608667249,0.9956255612,0.0708871194,0.0337571679,117.4305475174,455.8054436145,5.0
24194,0.0,-927.817017,-656.996643,1677.701172,0.0598506288,0.9956871602,0.070887102,0.033540192,117.0201963701,455.6543419538,5.0
24195,0.0,-927.558594,-653.970886,1677.701294,0.0598300879,0.9956883947,0.070887102,0.0334413596,116.9300568713,455.9642019622,5.0
24196,0.0,-927.237671,-650.172424,1677.701294,0.0598300879,0.9956883947,0.070887102,0.0334541985,116.8112135091,455.4148503362,5.0
24197,0.0,-926.966614,-646.875916,1677.701294,0.0598300879,0.9956883947,0.070887102,0.0333901421,116.653483604,455.2285309907,5.0
24198,0.0,-926.870972,-643.50946,1677.701294,0.0598300879,0.9956883947,0.070887102,0.0331984844,116.3102569721,455.175228918,5.0
24199,0.0,-927.005127,-639.647217,1677.701294,0.0598300879,0.9956883947,0.070887102,0.0328441958,115.667217293,455.0525916016,5.0
26406,0.0,-143.712662,454.462433,1665.315552,0.9435063912,-0.3295525867,0.0345077144,,,,
26407,0.0,-143.618088,454.429382,1664.849854,0.9435063912,-0.3295525867,0.0345077144,,,,
26408,0.0,-143.536118,454.400726,1666.193604,0.9435063912,-0.3295525867,0.0345077144,,,,
26409,0.0,-143.450867,454.344757,1667.864746,0.9435063912,-0.3295525867,0.0345077144,,,,
26410,0.0,-142.445892,451.150848,1669.13208,0.9464724501,-0.3209347599,0.034507697,,,,
26418,0.0,-133.824371,427.888031,1676.701294,0.9664780278,-0.2548496726,0.0311747666,,,,
26419,0.0,-131.887619,423.358734,1676.701294,0.9689137057,-0.2454439854,0.0310399877,,,,
26420,0.0,-130.297195,419.642365,1676.701294,0.9707890827,-0.2379322013,0.0309325794,,,,
26421,0.0,-128.76532,416.053314,1676.701294,0.9725945308,-0.2304552937,0.0308259034,,,,
26422,0.0,-126.965485,411.807709,1676.701294,0.9748748695,-0.220629455,0.0306860291,,,,
26423,0.0,-125.361717,408.360718,1676.701294,0.9769668391,-0.2111749303,0.0306748119,,,,
26424,0.0,-123.830849,405.266602,1676.701294,0.9794035049,-0.1995691123,0.0306748119,,,,
26425,0.0,-122.475456,402.556,1676.701294,0.9819008257,-0.1867632447,0.0314683788,,,,
26426,0.0,-120.984505,399.636261,1676.701294,0.983700181,-0.1770121538,0.0316330733,,,,
26427,0.0,-119.120216,396.073608,1676.701294,0.9854360232,-0.1670784031,0.0316330733,,,,
26428,0.0,-117.655327,393.342316,1676.701294,0.9867969836,-0.1588428842,0.0316330733,,,,
26429,0.0,-115.815735,389.986786,1676.701294,0.9878982269,-0.1518434749,0.0316330908,,,,
26430,0.0,-113.92701,386.6185,1676.701294,0.9892524404,-0.1427548876,0.0316330733,,,,
26431,0.0,-112.30085,383.781616,1676.701294,0.9898958012,-0.1382231945,0.0316330733,,,,
26432,0.0,-110.40654,380.536469,1676.701294,0.9907137185,-0.1322334132,0.0316330908,,,,
26433,0.0,-108.758888,377.768799,1676.701294,0.9915038717,-0.126172188,0.0316330733,,,,
26434,0.0,-107.160568,375.123291,1676.701294,0.9919648737,-0.1224950534,0.0316330733,,,,
26435,0.0,-104.949043,371.526581,1676.701294,0.9927346169,-0.1160918947,0.0316330908,,,,
26792,0.0,612.629517,32.163734,1699.465942,-0.1740992444,-0.9771970192,0.1215542629,,,,
26793,0.0,612.684021,32.469685,1699.913208,-0.1740992444,-0.9771970192,0.1215542629,,,,
26794,0.0,612.757141,32.8801,1700.2229,-0.1740992444,-0.9771970192,0.1215542629,,,,
26795,0.0,612.759399,32.8927,1700.306519,-0.1740992444,-0.9771970192,0.1215542629,,,,
26796,0.0,612.740723,32.787937,1700.314209,-0.1740992444,-0.9771970192,0.1215542629,,,,
26797,0.0,613.250732,28.719448,1700.484741,-0.1740992444,-0.9771970192,0.1215542629,,,,
26798,0.0,613.891296,25.696032,1700.899658,-0.1508506071,-0.9826653938,0.1077627863,,,,
26799,0.0,614.847778,21.534239,1701.62207,-0.115782424,-0.988476258,0.0975147049,,,,
26800,0.0,615.666931,17.960678,1702.771606,-0.088825803,-0.9914151971,0.0959472969,,,,
26801,0.0,616.477905,14.382417,1704.646484,-0.0576853573,-0.9934608876,0.0985284955,,,,
26802,0.0,617.149353,11.797352,1705.924072,-0.0230889673,-0.9944249367,0.1028880209,,,,
26803,0.0,618.130005,8.29549,1707.672363,0.0329552648,-0.9936588862,0.1074986903,,,,
26804,0.0,619.215088,5.806013,1709.041016,0.1132847501,-0.9875165764,0.1094421158,,,,
26805,0.0,620.431885,2.521454,1710.947388,0.2529175401,-0.9611996564,0.11012692,,,,
26806,0.0,621.062622,-0.823584,1712.776001,0.4120014221,-0.9045036682,0.1101269373,,,,
26807,0.0,621.585693,-2.955886,1713.98999,0.5276151621,-0.8424798801,0.1088572111,,,,
26808,0.0,622.889526,-5.834321,1715.514038,0.6561154032,-0.7469746029,0.1074314678,,,,
26809,0.0,624.336914,-8.522552,1716.436035,0.7672210739,-0.632639254,0.105543347,,,,
26810,0.0,626.373779,-10.426559,1717.274902,0.8617679743,-0.4962408604,0.1053611266,,,,
26811,0.0,627.826416,-11.581736,1717.673828,0.888856281,-0.4459075558,0.1053611092,0.0199531029,340.6210257612,1713.6751268631,3.0
26812,0.0,629.943909,-13.249426,1717.853882,0.9069532711,-0.4078416323,0.1053611266,0.0147182308,293.0069165287,1714.1111899692,3.0
26813,0.0,633.643921,-15.857442,1717.396606,0.9085795692,-0.4042056355,0.1053611439,0.0147709716,294.0588359147,1717.2138954002,3.0
26814,0.0,635.882996,-17.011742,1717.031982,0.9085795692,-0.4042056355,0.1053611439,0.014791926,293.8401990147,1714.7303341165,3.0
26815,0.0,638.062439,-17.891632,1716.486694,0.9085795692,-0.4042056355,0.1053611439,,,,
26816,0.0,640.054321,-18.525112,1715.876831,0.9085795692,-0.4042056355,0.1053611439,,,,
26817,0.0,641.6819455,-18.9068775,1715.196228,0.9085795692,-0.4042056355,0.1053611439,,,,
26818,0.0,645.621765,-19.635887,1713.364746,0.9085795692,-0.4042056355,0.1053611439,,,,
26819,0.0,647.821411,-19.885159,1712.393066,0.9085795692,-0.4042056355,0.1053611439,,,,
26830,0.0,675.317932,-5.045972,1701.723022,0.9286690719,0.3420498345,0.1434422029,,,,
26831,0.0,678.358948,-2.356205,1699.794067,0.8986350091,0.4139785049,0.1451789168,,,,
26832,0.0,680.335632,-0.553931,1698.626587,0.8749798351,0.4615113611,0.1463473667,,,,
26833,0.0,683.084656,2.032976,1696.94873,0.8349217593,0.5300776355,0.1480653782,,,,
26834,0.0,682.385986,2.053371,1695.886353,0.7928423831,0.590774146,0.1496224047,,,,
26835,0.0,685.193542,4.980315,1694.114014,0.7802951634,0.6071447788,0.1500489104,,,,
26836,0.0,685.844604,7.047798,1693.351807,0.7802951634,0.6071447788,0.1500489104,,,,
26837,0.0,687.247437,9.555252,1692.176758,0.7802951634,0.6071447788,0.1500489104,,,,
26838,0.0,688.536133,12.054969,1691.344971,0.7802951634,0.6071447788,0.1500489104,,,,
26839,0.0,690.172668,15.514896,1690.458496,0.7802951634,0.6071447788,0.1500489104,,,,
26840,0.0,691.405701,18.359661,1689.738159,0.7802951634,0.6071447788,0.1500489104,,,,
26841,0.0,692.644104,21.104017,1689.051025,0.7888698462,0.5948094958,0.1545510576,,,,
26842,0.0,693.555603,24.073164,1688.327393,0.773323313,0.6156960186,0.151292651,,,,
26843,0.0,694.142456,27.068054,1687.610107,0.7363945486,0.6594869602,0.1509967485,,,,
26844,0.0,694.768127,30.201618,1686.927368,0.7035255117,0.6944435519,0.150996714,,,,
26845,0.0,695.335449,33.463123,1686.310669,0.6488662542,0.7464485794,0.1476045475,,,,
26846,0.0,696.098694,36.758282,1685.678955,0.601989491,0.7857278801,0.1422685881,,,,
26847,0.0,697.005798,40.117802,1685.00354,0.5625951386,0.8153907271,0.1364722398,,,,
26848,0.0,697.9375,43.104443,1684.380859,0.5396218228,0.8312583889,0.1334832547,,,,
26849,0.0,698.89978,45.921009,1683.843994,0.5226512673,0.8424253875,0.1309775529,,,,
26850,0.0,700.16217,49.260216,1683.218384,0.5146268895,0.8475950381,0.1293901699,,,,
26851,0.0,701.604919,52.759155,1682.560791,0.5138676224,0.8480901017,0.1291636408,,,,
26852,0.0,703.104553,56.239628,1681.919556,0.5138676224,0.8480901017,0.1291636408,,,,
26853,0.0,704.434631,59.220993,1681.369385,0.5138676224,0.8480901017,0.1291636408,,,,
26854,0.0,705.936523,62.496048,1680.94458,0.5138676224,0.8480901017,0.1291636408,,,,
26855,0.0,707.453735,65.717369,1680.559448,0.5138676224,0.8480901017,0.1291636408,,,,
26856,0.0,708.936218,68.792374,1680.187622,0.5138676224,0.8480901017,0.1291636408,,,,
26857,0.0,710.470764,71.911865,1679.808105,0.5138676224,0.8480901017,0.1291636408,,,,
26858,0.0,713.574463,78.05677,1679.055542,0.5138676224,0.8480901017,0.1291636408,,,,
26859,0.0,715.160767,81.126503,1678.692261,0.5138676224,0.8480901017,0.1291636408,,,,
26860,0.0,716.733521,84.130241,1678.386108,0.5138676224,0.8480901017,0.1291636408,,,,
26861,0.0,718.493713,87.450089,1678.065552,0.5138676224,0.8480901017,0.1291636408,,,,
26862,0.0,720.125061,90.491463,1677.819946,0.5138676224,0.8480901017,0.1291636408,,,,
26863,0.0,721.78186,93.549515,1677.598267,0.5138676224,0.8480901017,0.1291636408,,,,
26864,0.0,723.470154,96.636642,1677.374878,0.5138676224,0.8480901017,0.1291636408,,,,
26865,0.0,725.101807,99.595566,1677.159668,0.5138676224,0.8480901017,0.1291636408,,,,
26866,0.0,727.274841,103.502899,1676.98938,0.5138676224,0.8480901017,0.1291636408,,,,
26867,0.0,728.956543,106.50209,1676.894653,0.5138676224,0.8480901017,0.1291636408,,,,
26868,0.0,730.673035,109.544182,1676.816406,0.5138676224,0.8480901017,0.1291636408,,,,
26869,0.0,732.304504,112.419197,1676.768677,0.5138676224,0.8480901017,0.1291636408,,,,
26870,0.0,733.958191,115.318687,1676.723022,0.5138676224,0.8480901017,0.1291636408,,,,
26871,0.0,735.748535,118.442726,1676.702637,0.5138676224,0.8480901017,0.1291636408,,,,
26872,0.0,737.49939,121.483681,1676.700928,0.5138676224,0.8480901017,0.1291636408,,,,
26873,0.0,739.314087,124.622383,1676.701294,0.5138676224,0.8480901017,0.1291636408,,,,
26874,0.0,741.188538,127.851807,1676.701294,0.5138676224,0.8480901017,0.1291636408,,,,
26875,0.0,739.991943,132.774445,1677.502319,0.5145962813,0.8476481706,0.1291636408,,,,
26876,0.0,741.640564,135.840179,1677.451172,0.5161556855,0.8466995138,0.1291636235,,,,
26877,0.0,743.346252,138.975357,1677.425659,0.5194315253,0.8448307611,0.1282648652,,,,
26878,0.0,744.632507,141.215042,1677.478638,0.5230893358,0.8426808094,0.1275405825,,,,
26879,0.0,746.473572,144.587555,1677.435303,0.531251562,0.8377195943,0.1264818534,,,,
26880,0.0,748.164673,147.822723,1677.378906,0.5448829972,0.8294466272,0.1229667106,,,,
26881,0.0,749.710815,151.199173,1677.35083,0.5613282884,0.8187519827,0.1206471863,,,,
26882,0.0,750.88678,153.307755,1677.23584,0.5809734929,0.8052278294,0.1186505086,,,,
26883,0.0,752.212524,156.40419,1677.131836,0.6026013442,0.7894065876,0.1170848385,,,,
26884,0.0,753.579834,159.738358,1676.798828,0.6291031575,0.7686066923,0.116073123,,,,
26885,0.0,754.862549,163.036682,1676.708984,0.6586136019,0.7437550714,0.1142651179,,,,
26886,0.0,756.32373,166.439865,1676.939331,0.6921688032,0.7131173318,0.1112026031,,,,
26887,0.0,757.146179,168.823441,1676.974976,0.7227740622,0.682543006,0.1083175887,,,,
26888,0.0,758.309143,172.373825,1677.119385,0.7696391573,0.6299671385,0.1039084787,,,,
26889,0.0,759.379272,175.764069,1677.28186,0.8129911963,0.5733476409,0.1015765592,,,,
26890,0.0,760.117249,178.317169,1677.341919,0.8424787978,0.5292189058,0.1007810748,,,,
26891,0.0,761.073975,181.794907,1677.387207,0.8799531443,0.4642881933,0.1005929294,,,,
26892,0.0,761.930542,184.434799,1677.203247,0.9027425066,0.4182547379,0.1005929468,,,,
26893,0.0,763.051758,187.990814,1676.967163,0.9310639897,0.3507148501,0.1005929468,,,,
26894,0.0,765.02594,193.237442,1676.339355,0.9597905652,0.2620746648,0.1005929468,,,,
26895,0.0,765.857849,194.879982,1676.147766,0.9670909893,0.2315888522,0.1005929468,,,,
26896,0.0,768.133789,198.841156,1675.529785,0.9823735398,0.1575540778,0.1005929468,,,,
26897,0.0,769.043396,200.389534,1675.292114,0.9860036535,0.13002659,0.1005929468,,,,
26898,0.0,771.259216,203.962509,1674.781006,0.992881807,0.0626918181,0.1012692115,,,,
26899,0.0,772.234985,205.4337845,1674.5528565,0.9938437308,0.0348801848,0.1014079878,,,,
26900,0.0,774.473022,208.7724,1674.154053,0.9944044119,-0.0291224449,0.1015467816,,,,
26901,0.0,775.931152,210.862503,1673.926758,0.9925753559,-0.0669508331,0.1015467816,,,,
26902,0.0,777.712524,213.329224,1673.773438,0.9883428932,-0.1139898592,0.1009189648,,,,
26903,0.0,779.069824,215.248703,1676.701294,0.9819839513,-0.1599643144,0.1005929294,,,,
26904,0.0,781.091309,217.910904,1676.701294,0.9713208301,-0.2154458343,0.1005929294,,,,
26905,0.0,782.607605,219.822906,1676.701294,0.9653098095,-0.2409523486,0.1005929294,,,,
26906,0.0,784.619263,222.134109,1676.701294,0.9517966004,-0.2897659299,0.1005929294,,,,
26907,0.0,786.523071,224.17746,1676.701294,0.9389713388,-0.3291846307,0.0998514088,,,,
26908,0.0,789.059998,226.727814,1676.701294,0.9233471676,-0.3710608162,0.0987110875,,,,
26909,0.0,791.120972,228.631378,1676.701294,0.9105730625,-0.4013950281,0.0986850006,,,,
26910,0.0,793.152466,230.410843,1676.701294,0.8999539831,-0.4248419224,0.0979396211,,,,
26911,0.0,795.996338,232.686096,1676.701294,0.8806041634,-0.4634645783,0.0986756913,,,,
26912,0.0,798.434631,234.5616,1676.701294,0.8756075799,-0.4724546614,0.1004886013,,,,
26913,0.0,800.838867,236.296036,1676.701294,0.8754941569,-0.4721101526,0.1030630149,,,,
26914,0.0,801.68811,236.88327,1676.701294,0.875520331,-0.4719760501,0.1034541356,,,,
26917,0.0,811.756958,241.225708,1676.701294,0.875520331,-0.4719760501,0.1034541356,,,,
26918,0.0,813.214478,241.470917,1676.701294,0.875520331,-0.4719760501,0.1034541356,,,,
26919,0.0,815.754456,241.763596,1676.701294,0.875520331,-0.4719760501,0.1034541356,,,,
26920,0.0,820.011414,242.233444,1676.701294,0.875520331,-0.4719760501,0.1034541356,,,,
26921,0.0,823.343689,242.608231,1676.701294,0.875520331,-0.4719760501,0.1034541356,,,,
26922,0.0,825.910278,242.669815,1676.701294,0.875520331,-0.4719760501,0.1034541356,,,,
26923,0.0,828.924316,242.307602,1676.701294,0.8872065307,-0.4510102655,0.0972332879,,,,
26924,0.0,831.748169,242.278122,1676.701294,0.902068857,-0.4207890044,0.0959603612,,,,
26925,0.0,834.587219,242.055298,1676.701294,0.9052416598,-0.4146420286,0.0927875285,,,,
26926,0.0,837.494141,241.785019,1676.701294,0.9030892514,-0.4196410592,0.0912753277,,,,
26927,0.0,841.052856,241.463898,1676.701294,0.8932146295,-0.4403153142,0.0910497099,,,,
26928,0.0,844.071106,241.281967,1676.701294,0.8831527283,-0.4599814808,0.0919689935,,,,
26929,0.0,846.799744,241.118912,1676.701294,0.8696525355,-0.4850151086,0.0920044125,,,,
26930,0.0,849.479492,240.985886,1676.701294,0.8539594391,-0.512141056,0.0920044299,,,,
26931,0.0,852.40271,241.006912,1676.701294,0.83321222,-0.5453620327,0.0913107316,,,,
26932,0.0,855.713318,241.131592,1676.701294,0.8080099785,-0.582207097,0.0903037702,,,,
26933,0.0,859.471863,241.296387,1676.701294,0.7768713992,-0.6234444932,0.0882484727,,,,
26934,0.0,862.641663,241.442871,1676.701294,0.7596634243,-0.644434048,0.0872710693,,,,
26935,0.0,865.873535,241.587448,1676.701294,0.7378821209,-0.6695051514,0.0853980555,,,,
26936,0.0,869.165894,241.721146,1676.701294,0.717324664,-0.6917221546,0.0834612926,,,,
26937,0.0,872.152222,241.64035,1676.701294,0.700406402,-0.7091559903,0.080800083,,,,
26938,0.0,877.677368,240.981613,1676.701294,0.6719527239,-0.7365556456,0.07723547,,,,
26939,0.0,880.654358,240.351593,1676.701294,0.6603539595,-0.7471683771,0.0753131088,,,,
26940,0.0,883.785461,239.478821,1676.701294,0.6477912501,-0.7582158423,0.0739948157,,,,
26941,0.0,886.687195,238.481155,1676.701294,0.6358536668,-0.7683466395,0.0730311984,,,,
26942,0.0,889.702026,237.249649,1676.701294,0.6219980066,-0.7797735466,0.0712158396,,,,
26943,0.0,891.2487485,236.516876,1676.701294,0.6165718739,-0.7840961211,0.0705966446,,,,
26944,0.0,895.430603,234.365204,1676.701294,0.5972260923,-0.7990958978,0.0690415868,,,,
26945,0.0,897.789185,233.163773,1676.701294,0.5883351067,-0.8057343788,0.0682195945,0.0605972697,537.0224485065,1566.5054520523,3.0
26946,0.0,900.491943,231.862076,1676.701294,0.570371663,-0.8186845328,0.0665717797,0.0680208314,566.7512023327,1563.4005579891,3.0
26947,0.0,903.378662,230.507248,1676.701294,0.5515706024,-0.8315639128,0.0653554095,0.0762271186,597.4344229734,1560.1221081676,3.0
26948,0.0,906.391174,229.126343,1676.701294,0.5326953755,-0.8438581773,0.064335165,0.0847438079,627.1586235705,1556.7180944842,3.0
26949,0.0,909.496338,227.766708,1676.701294,0.5140899391,-0.8553309382,0.0641912813,0.0928723068,653.6102569518,1553.0514959273,3.0
26950,0.0,912.274109,226.605225,1676.701294,0.4991382486,-0.8641414747,0.0641912813,0.0994750277,673.8576103646,1549.795205013,3.0
26951,0.0,915.396606,225.341736,1676.701294,0.4856365163,-0.8718008107,0.0641912813,0.1054404299,691.0695694033,1546.1942473935,3.0
26994,0.0,1007.73407,108.855927,1676.701294,0.9795759852,-0.1797603878,0.0900949063,0.0843405857,563.1766706742,1401.0937660186,3.0
26995,0.0,1007.989563,108.809044,1676.701294,0.9795759852,-0.1797603878,0.0900949063,0.0846620868,564.0117907293,1400.6221683437,3.0
26996,0.0,1008.286987,108.754448,1676.701294,0.9795759852,-0.1797603878,0.0900949063,0.0850836429,565.0643867551,1399.9096080449,3.0
26997,0.0,1008.526855,108.710434,1676.701294,0.9795759852,-0.1797603878,0.0900949063,0.0855340682,566.2999511136,1399.4363120456,3.0
26998,0.0,1008.820312,108.656609,1676.701294,0.9795759852,-0.1797603878,0.0900949063,0.0860682249,567.6684613705,1398.6534371447,3.0
26999,0.0,1010.165466,106.224281,1676.701294,0.9820056752,-0.1659751654,0.090094941,0.0918612333,584.2892026536,1395.5864605727,3.0
27000,0.0,1010.536621,105.547867,1676.701294,0.9826215933,-0.1622889679,0.0900949236,0.0934470194,588.7302197142,1394.7910849316,3.0
27001,0.0,1013.823486,100.263504,1676.701294,0.9867462792,-0.1349618036,0.0900949063,0.105648042,621.0157586688,1388.1664979289,3.0
27002,0.0,1016.308289,96.868584,1676.701294,0.9887723126,-0.1198946145,0.0891885379,0.1127808012,638.2647154179,1383.4774209422,3.0
27003,0.0,1018.007935,94.128403,1676.701294,0.9900977533,-0.1091393736,0.0882895017,0.1180324636,650.3259416995,1379.8258556244,3.0
27004,0.0,1020.078003,91.03875,1676.701294,0.9913599473,-0.0979228658,0.0872729471,0.1236931817,662.6884775761,1375.5760653385,3.0
27005,0.0,1021.990784,88.257271,1676.701294,0.9921522967,-0.0895809176,0.0872300366,,,,
27006,0.0,1023.89502,85.562393,1676.701294,0.9930537879,-0.0798640431,0.0864054917,0.1333236685,682.3023245172,1367.6932794625,3.0
27007,0.0,1025.855469,83.094307,1676.701294,0.9937562578,-0.0716496223,0.0855267895,0.1378700695,691.0548993656,1363.8686999358,3.0
27008,0.0,1028.136841,80.584122,1676.701294,0.9944262865,-0.0629729501,0.084562215,0.1428783322,700.3631405786,1359.6274275723,3.0
27009,0.0,1030.947266,77.883041,1676.701294,0.9949322052,-0.0547042354,0.0843644106,0.1479612694,709.1699046336,1354.7252966199,3.0
27010,0.0,1033.270874,75.954765,1676.701294,0.9955566331,-0.0451190939,0.0826514228,,,,
27011,0.0,1035.646851,74.175438,1676.701294,0.9959398947,-0.0378449753,0.0816791523,,,,
27012,0.0,1038.646851,72.171463,1676.701294,0.9963138983,-0.0293272401,0.0806134548,,,,
27013,0.0,1041.184082,70.660011,1676.701294,0.9965279932,-0.0239479135,0.0797399289,,,,
27014,0.0,1044.287598,68.753929,1676.701294,0.9967464794,-0.0175338523,0.0786703238,,,,
27015,0.0,1046.85437,67.087227,1676.701294,0.9968069519,-0.013894037,0.0786311407,,,,
27016,0.0,1049.307983,65.441315,1676.701294,0.9969150209,-0.0097339267,0.0778825505,,,,
27017,0.0,1052.412109,63.284702,1676.701294,0.9969651656,-0.0051960798,0.0776753463,,,,
27018,0.0,1057.290283,59.752438,1676.701294,0.9970575706,0.0022327941,0.076623857,,,,
27019,0.0,1058.809631,58.6151715,1676.701294,0.9970769049,0.004528859,0.0762345804,,,,
27020,0.0,1060.328979,57.477905,1676.701294,0.9970962392,0.0068249239,0.0758453039,,,,
27021,0.0,1065.591187,53.427391,1676.701294,0.9970601956,0.0158987725,0.074954622,,,,
27022,0.0,1067.2698365,52.111572,1676.701294,0.9969924751,0.0197727825,0.074833244,,,,
27023,0.0,1070.893555,49.254951,1676.701294,0.9968680965,0.0277474172,0.0740545685,,,,
27024,0.0,1074.227051,46.604641,1676.701294,0.9966081143,0.0382023466,0.0728892809,,,,
27025,0.0,1076.881836,44.521652,1676.701294,0.996072306,0.051582529,0.0719666859,,,,
27026,0.0,1079.598877,42.3451,1676.701294,0.9956657264,0.0600562737,0.0710141203,,,,
27027,0.0,1082.376587,40.166679,1676.701294,0.9946953012,0.0753308589,0.0700465517,,,,
27028,0.0,1084.950684,38.126778,1676.701294,0.9938946229,0.085978382,0.0691461956,,,,
27029,0.0,1087.648438,36.009369,1676.701294,0.9916931008,0.1090663324,0.0681859881,,,,
27030,0.0,1090.128174,34.045715,1676.701294,0.9895492806,0.1271447824,0.0680178329,,,,
27031,0.0,1092.837646,31.94269,1676.701294,0.9865680732,0.1488458706,0.0672929694,,,,
27032,0.0,1095.769531,29.71389,1676.701294,0.9826188078,0.1734068063,0.0662597769,,,,
27033,0.0,1098.89563,27.342667,1676.701294,0.97849438,0.1957122062,0.0651573537,,,,
27034,0.0,1101.597534,25.349863,1676.701294,0.974693722,0.2141220876,0.0642174421,,,,
27035,0.0,1103.990845,23.581211,1676.701294,0.9717669657,0.2272700396,0.0633821224,,,,
27036,0.0,1106.568726,21.71269,1676.701294,0.9689991077,0.239030141,0.0624925673,,,,
27037,0.0,1109.584595,19.577301,1676.701294,0.9669979615,0.2472576595,0.0614702553,,,,
27038,0.0,1112.904053,17.287872,1676.701294,0.9662711032,0.2501198163,0.0613207363,,,,
27039,0.0,1115.638916,15.441789,1676.701294,0.9660444966,0.2509936212,0.0613207363,,,,
27040,0.0,1118.362915,13.630251,1676.701294,0.9660289828,0.2510533243,0.0613207363,,,,
27041,0.0,1121.299438,11.703556,1676.701294,0.9660289828,0.2510533243,0.0613207363,,,,
27042,0.0,1123.882202,10.029943,1676.701294,0.966247638,0.2503820894,0.0606160988,,,,
27043,0.0,1127.46228,7.740079,1676.701294,0.9696315779,0.2374425853,0.058614178,,,,
27044,0.0,1130.747437,5.628478,1676.701294,0.9780482593,0.2002731262,0.0575523875,,,,
27045,0.0,1133.311157,3.860899,1676.701172,0.9896180875,0.1319974852,0.0568568801,,,,
27046,0.0,1137.487915,0.425514,1676.701294,0.9981492373,-0.022402015,0.0565353848,,,,
27047,0.0,1140.785889,-3.898183,1676.701294,0.965986014,-0.252338604,0.0565353848,0.0906523693,494.5571230771,1188.7331618227,3.0
27048,0.0,1142.884644,-7.643893,1676.701294,0.8954681099,-0.4411789436,0.0591439247,0.0268625476,272.6873220607,1184.4389420051,3.0
27049,0.0,1145.365845,-9.671532,1676.701294,0.7971816551,-0.6004814199,0.0626376335,0.0035042285,98.7786338864,1180.9529878196,3.0
27050,0.0,1146.689209,-13.31139,1676.701294,0.6345822778,-0.7697982808,0.068672699,0.0240214715,256.5229016669,1177.4303597851,3.0
27051,0.0,1147.768066,-15.910906,1676.701294,0.4899024346,-0.8687709191,0.0723373677,0.0749805499,446.3736864666,1174.9157173465,3.0
27052,0.0,1149.107422,-18.340532,1676.701294,0.3661479798,-0.927572982,0.0744581755,0.1347554312,587.4449984641,1171.7263041529,3.0
27053,0.0,1150.382446,-20.86224,1676.701294,0.2199849132,-0.972638048,0.0747118835,,,,
27054,0.0,1151.367432,-23.127846,1676.701294,0.104842592,-0.99167846,0.0747118661,0.0967444068,437.367536924,1019.260172343,5.0
27055,0.0,1152.37146,-25.282005,1676.701294,0.0206240265,-0.9969918676,0.0747118835,0.0637961265,357.0454968747,1015.8997713471,5.0
27056,0.0,1153.421021,-27.447731,1676.701294,-0.0181937203,-0.9971708029,0.0729340687,0.0506333116,318.1028111627,1012.5175759918,5.0
27057,0.0,1154.353394,-29.779488,1676.701294,-0.0423485548,-0.9965825851,0.0709207369,0.0429545659,292.4926306045,1008.8109950777,5.0
27058,0.0,1154.851685,-31.386753,1676.701294,-0.0454757754,-0.9964945203,0.070218409,0.0417199029,287.6063857643,1006.2119595939,5.0
27059,0.0,1155.40332,-34.279774,1676.701294,-0.0466548473,-0.9964602425,0.0699307546,0.0407372982,282.9166604648,1001.4195752212,5.0
27060,0.0,1155.520386,-36.398079,1676.701294,-0.0440317855,-0.9966406852,0.0690546629,0.0408683002,282.3390161253,997.8052706445,5.0
27061,0.0,1155.536621,-36.952549,1676.701294,-0.0436235912,-0.9966747882,0.0688211363,0.0408217009,281.913187884,996.8570014827,5.0
27062,0.0,1155.150269,-40.672585,1676.701294,-0.0404927866,-0.9970135846,0.065759002,0.0404002603,278.6374729329,990.2931038736,5.0
27063,0.0,1154.588867,-43.233707,1676.701294,-0.0373058825,-0.9972890887,0.0634251104,0.0403056465,277.0232072751,985.6870174875,5.0
27064,0.0,1153.249634,-47.763309,1676.701294,-0.0335372961,-0.9976026905,0.0605319891,0.0396455786,272.5091307607,977.4991314844,5.0
27065,0.0,1152.6521,-50.033333,1676.701294,-0.033201418,-0.9976241183,0.0603637682,0.039025169,269.3058391329,973.5031565993,5.0
27066,0.0,1152.2781985,-51.5884305,1676.701294,-0.0332024479,-0.9976511362,0.0599133066,0.0385460409,266.9383396423,970.8080779663,5.0
27067,0.0,1151.322021,-55.79353,1676.701294,-0.0349928394,-0.9977251493,0.0576196802,0.036764725,258.8778148955,963.5915860794,5.0
27068,0.0,1150.798462,-58.34837,1676.701294,-0.0384360515,-0.99774586,0.0550078978,0.0350686056,251.8144861267,959.2852469064,5.0
27069,0.0,1150.7157595,-58.7611735,1676.701294,-0.0390946454,-0.997739259,0.0546573235,0.0347770956,250.6014963314,958.5918981562,5.0
27070,0.0,1149.80896,-63.615356,1676.701294,-0.0486898237,-0.9974947124,0.0513186116,0.0310637308,235.0765817949,950.5319746223,5.0
27071,0.0,1149.171265,-67.296555,1676.701294,-0.0561846707,-0.9971752063,0.0498486772,0.0284137451,223.550170433,944.501984076,5.0
27072,0.0,1148.757568,-70.071167,1676.701294,-0.0632517147,-0.9965714515,0.0533344413,0.0264208416,214.65102998,940.0097931069,5.0
27073,0.0,1148.427979,-72.740715,1676.701294,-0.0654070218,-0.9961135038,0.058989907,0.0257505561,210.982794235,935.7346704982,5.0
27074,0.0,1148.041748,-76.271797,1676.701294,-0.0648886169,-0.996009979,0.0612665412,0.0253668669,208.1694698617,930.1230590827,5.0
27075,0.0,1147.918823,-79.095619,1676.701294,-0.0648344244,-0.996010173,0.0613207363,0.0249217363,205.3723205295,925.6794181829,5.0
27076,0.0,1147.97644,-82.027596,1676.701294,-0.0648344244,-0.996010173,0.0613207363,0.0244850992,202.5821169232,921.1068585849,5.0
27077,0.0,1152.336426,-82.579475,1676.488159,-0.0648344244,-0.996010173,0.0613207363,0.0252256294,205.0209457799,918.5831734045,5.0
27078,0.0,1152.664185,-84.946678,1676.87793,-0.0648344244,-0.996010173,0.0613207363,0.0249310426,203.0012588475,914.8236406295,5.0
27079,0.0,1153.060303,-88.352242,1677.070923,-0.0648344244,-0.996010173,0.0613207363,0.0245435999,200.2749071612,909.5439369584,5.0
27080,0.0,1153.424805,-91.819069,1676.776611,-0.0648344244,-0.996010173,0.0613207363,0.0241630343,197.5766506597,904.2412822173,5.0
27081,0.0,1154.236938,-95.000206,1677.178711,-0.0648344244,-0.996010173,0.0613207363,0.0238820133,195.3410704869,899.1903968512,5.0
27082,0.0,1155.151123,-98.172783,1678.034546,-0.0648344244,-0.996010173,0.0613207363,0.0237322893,193.6258444356,894.0681426053,5.0
27083,0.0,1155.845215,-101.232071,1678.351929,-0.0582786688,-0.9968505224,0.0537832011,0.0245212476,195.711434183,889.2190065026,5.0
27084,0.0,1156.271973,-103.317207,1678.58606,-0.0537989254,-0.9976546862,0.0423178769,0.0248131747,196.1234559429,885.899141841,5.0
27085,0.0,1156.869263,-106.80011,1678.834473,-0.0602512313,-0.9976205335,0.0335120918,0.02286442,187.1716564964,880.3224222517,5.0
27086,0.0,1157.199707,-110.078979,1678.929199,-0.0811024029,-0.9960959852,0.034859553,0.0184671445,167.3922703736,875.0540662421,5.0
27087,0.0,1157.544678,-113.233597,1679.109375,-0.1114602065,-0.9929391854,0.04060045,0.0132280904,141.0327927971,869.9564717246,5.0
27088,0.0,1157.83667,-116.397087,1679.173218,-0.1403424013,-0.9890474305,0.0457076644,0.0091667515,116.8309367503,864.8338653566,5.0
27089,0.0,1158.227905,-119.803619,1679.187988,-0.18288974,-0.9817237237,0.0526295866,0.0049196202,85.1200696191,859.1836061208,5.0
27090,0.0,1157.987305,-123.1782,1678.732666,-0.2067070478,-0.9768311207,0.0554360708,0.003246049,68.7068875867,853.415371045,5.0
27091,0.0,1157.50293,-126.272018,1678.233398,-0.2330187817,-0.9706665162,0.0592348015,0.0022423426,56.751765496,847.9241184315,5.0
27092,0.0,1156.827759,-129.139252,1677.669922,-0.2483063747,-0.9668018404,0.0603170438,0.0019657807,52.8105878457,842.6592801657,5.0
27093,0.0,1156.01355,-131.810913,1677.148804,-0.2624865809,-0.9629907052,0.0612347662,0.0019822388,52.7143407391,837.6278814359,5.0
27094,0.0,1155.046875,-134.345688,1676.722778,-0.2701588846,-0.9608086934,0.062135592,0.0021598096,54.6996107606,832.7145027983,5.0
27095,0.0,1153.912231,-137.150803,1676.543457,-0.2791498126,-0.9582259007,0.062277648,0.0024729637,58.1443783797,827.2800027643,5.0
27096,0.0,1152.759155,-139.993546,1676.590576,-0.2850834762,-0.9564773422,0.062277648,0.0028051377,61.5145502891,821.8461737619,5.0
27097,0.0,1151.55249,-143.011826,1676.648438,-0.2922614239,-0.9543085217,0.062277648,0.0032835648,66.0767632136,816.051882021,5.0
27098,0.0,1150.368408,-145.861664,1676.768188,-0.2991585194,-0.9521689319,0.062277648,0.0038565757,71.1227183922,810.6092379184,5.0
27099,0.0,1149.128662,-148.877441,1676.882935,-0.3048936699,-0.9503480124,0.062277648,0.0044568792,75.9055173143,804.8729881698,5.0
27100,0.0,1147.863525,-151.79599,1677.182251,-0.3134852391,-0.9474540091,0.0637016908,0.0054998497,83.7110277329,799.263954484,5.0
27101,0.0,1145.261353,-157.915512,1677.612061,-0.339661136,-0.9382390621,0.0658617881,0.009144524,106.2631241276,787.5573010055,5.0
27102,0.0,1144.458313,-159.4442975,1677.918152,-0.3480879996,-0.9350935978,0.0659832334,0.0105988789,113.6131223668,784.5015102915,5.0
27103,0.0,1143.655273,-160.973083,1678.224243,-0.3565148632,-0.9319481336,0.0661046787,0.0120532338,120.9631206059,781.4457195776,5.0
27104,0.0,1141.775146,-164.810684,1678.496582,-0.3774707641,-0.923591962,0.0670351395,0.0163464249,139.3901822811,774.0836228458,5.0
27105,0.0,1140.284546,-167.931076,1678.672974,-0.3873009525,-0.9194432358,0.0679860892,0.0189669108,148.9005093164,768.1605811469,5.0
27106,0.0,1138.854492,-170.822998,1678.80481,-0.3970212414,-0.9152855884,0.0680178329,0.0216973677,158.0072975377,762.6534799144,5.0
27107,0.0,1137.317871,-173.927383,1678.939941,-0.404320687,-0.912021399,0.0688603653,0.0242312533,165.5889503737,756.7899540351,5.0
27108,0.0,1135.838257,-176.991333,1678.985229,-0.408159722,-0.9103011501,0.0689743255,0.0260105567,170.1738237707,751.0096552145,5.0
27109,0.0,1132.827271,-183.297455,1678.939331,-0.411126715,-0.9088919167,0.0699307371,0.0285921471,175.4443074306,738.9714432485,5.0
27110,0.0,1132.075623,-184.8972095,1678.8931885,-0.4111793552,-0.9088681012,0.0699307458,0.0290237664,175.9944707848,735.8802951677,5.0
27111,0.0,1131.323975,-186.496964,1678.847046,-0.4112319955,-0.9088442856,0.0699307546,0.0294553858,176.544634139,732.7891470868,5.0
27112,0.0,1124.870361,-193.551346,1676.624878,-0.4112319955,-0.9088442856,0.0699307546,0.0319459898,180.2501435007,718.8676472387,5.0
27113,0.0,1123.696777,-196.367065,1676.539795,-0.4120012977,-0.9084958009,0.0699307546,0.0327923587,181.1625222719,713.2748804468,5.0
27114,0.0,1122.537476,-199.109955,1676.455933,-0.4134361376,-0.9078437364,0.0699307546,0.0338292065,182.5472620319,707.8134279864,5.0
27115,0.0,1120.912598,-202.442398,1676.354248,-0.4162242392,-0.9065688459,0.0699307546,0.0355452787,185.2471503471,701.034775926,5.0
27116,0.0,1119.282715,-205.263565,1676.267944,-0.41884013,-0.9053632614,0.0699307546,0.0371435361,187.6606731453,695.0041140047,5.0
27117,0.0,1117.534668,-207.925186,1676.186523,-0.4206600493,-0.9045191057,0.0699307546,0.0385521225,189.5031998897,689.1345360971,5.0
27118,0.0,1115.40625,-210.809082,1676.098022,-0.4217455487,-0.9040134853,0.0699307546,0.0414158776,194.0718552165,681.4092242167,5.0
27119,0.0,1113.63269,-212.948608,1676.032593,-0.4225055684,-0.9036585275,0.0699307546,0.0424935488,195.0914237394,676.4334510296,5.0
27120,0.0,1111.267822,-215.568924,1675.952026,-0.4226419712,-0.9036676788,0.0689818125,0.0435124149,195.535223222,670.1620947349,5.0
27121,0.0,1109.483398,-217.370087,1675.896362,-0.4226643376,-0.9037155013,0.0682140051,0.0441935441,195.7136391774,665.7002793144,5.0
27122,0.0,1106.992676,-219.772247,1675.824097,-0.4197448016,-0.9053954427,0.063823145,0.0439240944,193.3639176172,659.6767482699,5.0
27123,0.0,1104.525269,-222.37381,1675.748535,-0.4108341752,-0.9098285436,0.0585431606,0.0416744035,186.6552203915,653.3757244956,5.0
27124,0.0,1102.672119,-224.499054,1675.707886,-0.4017741278,-0.9137668089,0.0600647087,0.0396166278,180.6865829264,648.3606470962,5.0
27125,0.0,1100.486084,-227.139053,1675.700806,-0.3914096657,-0.9178849164,0.0654656697,0.0375689612,174.3799317473,642.2213034187,5.0
27126,0.0,1098.197754,-229.920547,1675.701294,-0.3903147788,-0.9183052569,0.0661046787,0.0379073938,173.3869737435,635.7622722946,5.0
27127,0.0,1096.189209,-232.487015,1675.701294,-0.3903147788,-0.9183052569,0.0661046787,0.0383872165,172.8468245498,629.8852701743,5.0
27128,0.0,1094.612061,-234.59317,1675.701294,-0.3903147788,-0.9183052569,0.0661046787,0.0387297598,172.2887358583,625.1234103918,5.0
27129,0.0,1092.25769,-237.869629,1675.701294,-0.3903147788,-0.9183052569,0.0661046787,0.0391414682,171.1560774819,617.8038891238,5.0
27130,0.0,1090.67688,-240.168854,1675.701294,-0.3903147788,-0.9183052569,0.0661046787,0.0394033724,170.2753874506,612.6198366073,5.0
27131,0.0,1088.455688,-243.515884,1675.701294,-0.3903147788,-0.9183052569,0.0661046787,0.0396818263,168.7843400463,605.163939171,5.0
27132,0.0,1086.618164,-246.395172,1675.701294,-0.3903147788,-0.9183052569,0.0661046787,0.039822238,167.313027946,598.851577596,5.0
27133,0.0,1085.086304,-248.871185,1675.701294,-0.3903147788,-0.9183052569,0.0661046787,0.0398525614,165.8847129557,593.5179747542,5.0
27134,0.0,1083.191284,-252.016937,1675.701294,-0.3903147788,-0.9183052569,0.0661046787,0.0397799695,163.8883053148,586.8989470092,5.0
27135,0.0,1081.340454,-255.180099,1675.701294,-0.3903147788,-0.9183052569,0.0661046787,0.0396894539,161.8779836516,580.347056685,5.0
27136,0.0,1079.64856,-257.760895,1675.701294,-0.3903147788,-0.9183052569,0.0661046787,0.0396810442,160.3342856421,574.872435878,5.0
27137,0.0,1077.504639,-260.718597,1675.701294,-0.3903147788,-0.9183052569,0.0661046787,0.0396919388,158.5802766958,568.5070459153,5.0
27138,0.0,1075.630737,-263.065765,1675.701294,-0.3895478255,-0.9186308634,0.0661046787,0.0394699025,156.7291889424,563.4172021151,5.0
27139,0.0,1073.421143,-265.84201,1675.701294,-0.3728451294,-0.9255996404,0.0652059449,0.0345938661,145.3685284217,557.4997671176,5.0
27140,0.0,1071.398682,-268.134766,1675.701294,-0.3634014624,-0.9292363363,0.0667773051,0.032066296,138.8785187069,552.8476214389,5.0
27141,0.0,1069.047485,-270.752258,1675.701294,-0.3411204205,-0.9372987325,0.0714698865,0.0267210368,125.7779044897,547.7513533925,5.0
27142,0.0,1067.023315,-272.9487,1675.701172,-0.3140001802,-0.9462476406,0.0775840801,0.0210562427,110.802571193,542.8035435204,5.0
27143,0.0,1062.602295,-277.53186,1675.701294,-0.2405750479,-0.9660066751,0.0946295407,0.0103635309,76.6201021526,533.5830020765,5.0
27144,0.0,1061.369812,-278.7430265,1675.701294,-0.2192363628,-0.9704979666,0.0978925709,0.0086299478,69.3567908328,531.6055073938,5.0
27145,0.0,1057.985718,-281.996338,1675.701172,-0.1636855914,-0.9808406046,0.1056349158,0.0056241935,55.7929488101,526.7999089915,5.0
27146,0.0,1055.428589,-284.334503,1675.701294,-0.1342974558,-0.9848400515,0.1097919233,0.0056354746,55.5730017657,524.1991789324,5.0
27147,0.0,1053.017944,-286.505707,1675.701294,-0.110794636,-0.9874357858,0.112672612,0.0062725158,58.3763790337,522.015471578,5.0
27148,0.0,1050.457886,-288.77771,1675.701294,-0.0935724449,-0.988982025,0.1147116024,0.0070216223,61.5082223978,519.9518762662,5.0
27149,0.0,1047.80896,-291.119446,1675.701294,-0.0794590334,-0.9899841937,0.1166942941,0.0078160979,64.6017231824,517.7074265404,5.0
27150,0.0,1045.45813,-293.189117,1675.701294,-0.0714142279,-0.9905851805,0.116794727,0.0081902532,65.885505355,515.8427007859,5.0
27151,0.0,1042.691284,-295.6315,1675.701294,-0.0631315352,-0.9911475173,0.116794727,0.008572176,67.1419420459,513.8851576087,5.0
27152,0.0,1040.267578,-297.772369,1675.701294,-0.0585003755,-0.9914316405,0.116794727,0.0087331416,67.5684626914,512.382223432,5.0
27153,0.0,1037.590088,-300.148865,1675.701294,-0.0535890305,-0.9917092354,0.116794727,0.0088481777,67.7765837157,510.6232292823,5.0
27154,0.0,1034.876709,-302.574463,1675.701294,-0.0476739666,-0.9919041383,0.1177003543,0.0091693299,68.8471499162,509.5654862488,5.0
27155,0.0,1032.494263,-304.718445,1675.701294,-0.0422958141,-0.9921425029,0.1177468385,0.0093912149,69.5514987879,508.6893515178,5.0
27156,0.0,1029.926758,-307.049377,1675.701294,-0.0348446418,-0.9924321301,0.1177468385,0.0097266158,70.6538776468,507.8070832746,5.0
27157,0.0,1027.394409,-309.373871,1675.701294,-0.025506552,-0.9927160207,0.1177468385,0.0102231012,72.3167274061,507.0435262521,5.0
27158,0.0,1024.658691,-311.901093,1675.701294,-0.0170459786,-0.9930069372,0.1168189077,0.0105307602,73.296610974,506.3903465728,5.0
27159,0.0,1022.397888,-314.031128,1675.701294,-0.004981644,-0.9933415909,0.1150985103,0.0111783572,75.4425047312,505.9751497256,5.0
27160,0.0,1019.957886,-316.354218,1675.701294,0.008273545,-0.9934408516,0.1140474589,0.0120688729,78.318444644,505.6267354189,5.0
27161,0.0,1017.450073,-318.769257,1675.701294,0.0210808166,-0.99336328,0.1130707441,0.0129821462,81.1671232636,505.3660006718,5.0
27162,0.0,1014.814331,-321.338928,1675.701294,0.0336289713,-0.9931345018,0.1120399648,0.0138978658,83.9320557465,505.1879869312,5.0
27163,0.0,1012.535828,-323.576172,1675.701294,0.039849719,-0.9929051865,0.1120325418,0.0142213248,84.8799695636,505.0911580527,5.0
27164,0.0,1010.427368,-325.907562,1675.701294,0.0452354678,-0.9926744008,0.1120325245,0.0144301708,85.4993720821,505.1084184962,5.0
27165,0.0,1008.248779,-328.645782,1675.701294,0.0512511087,-0.9924786787,0.1111728216,0.0145991207,85.9998630313,505.1383079948,5.0
27166,0.0,1006.231201,-331.536011,1675.701294,0.0555106205,-0.9922599745,0.1110797646,0.01462903,86.0932992347,505.1737220546,5.0
27167,0.0,1004.652588,-334.10614,1675.701294,0.0581673596,-0.9921077766,0.111079782,0.0145938109,85.9827530229,505.1290017807,5.0
27168,0.0,1003.040466,-337.066559,1675.701294,0.0620184642,-0.9919734998,0.1101920409,0.0146312175,86.0767343792,505.0390435811,5.0
27169,0.0,1001.559692,-340.134338,1675.701294,0.0641472972,-0.9919484367,0.1091944286,0.0144529759,85.5362342143,504.9302607196,5.0
27170,0.0,1000.458557,-342.756714,1675.701294,0.0682770321,-0.9918535633,0.1075395545,0.0145606033,85.8373812849,504.8454624389,5.0
27171,0.0,999.264099,-345.916656,1675.701294,0.0715206538,-0.991746457,0.1064131624,0.0145756895,85.8629619872,504.7364221428,5.0
27172,0.0,998.178284,-349.248993,1675.701294,0.0783768851,-0.9915361303,0.1035044263,0.014937643,86.8991015814,504.6463907505,5.0
27173,0.0,997.353027,-352.116364,1675.701294,0.0837072461,-0.9913739802,0.1008500287,0.015195151,87.6304536485,504.5958145315,5.0
27174,0.0,996.520447,-355.518036,1675.701294,0.0927574029,-0.9909722524,0.0967990659,0.015958069,89.7659582404,504.482468859,5.0
27175,0.0,995.915405,-358.510162,1675.701294,0.102595064,-0.9903462341,0.0932126032,0.0170879639,92.8369782154,504.3408118284,5.0
27176,0.0,995.318115,-361.928589,1675.701294,0.1128672424,-0.9895159808,0.0901061005,0.0185115098,96.5516210482,504.1303826471,5.0
27177,0.0,994.94043,-364.965027,1675.701294,0.1288496653,-0.9879587516,0.0856461841,0.0211111522,102.9975421057,503.9183717094,5.0
27178,0.0,994.606262,-367.968018,1675.701294,0.1396208038,-0.9866605626,0.0837076185,0.0232008792,107.8635141156,503.6641904434,5.0
27179,0.0,994.252686,-371.40448,1675.701294,0.1599877854,-0.9838720997,0.0799974994,0.0274805074,117.1968773065,503.3765898949,5.0
27180,0.0,993.721375,-374.820099,1675.701294,0.1736914404,-0.9817923163,0.0769098902,0.0306461501,123.5912907261,503.081129955,5.0
27181,0.0,993.087402,-377.921509,1675.701294,0.1811442164,-0.9805960025,0.0749550049,0.0325083255,127.1603915992,502.8032839227,5.0
27182,0.0,992.250488,-381.169342,1675.701294,0.1829128875,-0.9804136662,0.0730199885,0.0329985583,128.0276360078,502.5206402,5.0
27183,0.0,991.19812,-384.600281,1675.701294,0.1794529004,-0.9812695214,0.0700484321,0.0321082913,126.2449674274,502.2325770986,5.0
27184,0.0,990.060669,-387.623657,1675.701294,0.163898582,-0.984410414,0.0638231276,0.0281013694,118.1555940655,501.9358937648,5.0
27185,0.0,988.609253,-390.995789,1675.701294,0.1349611755,-0.9891710767,0.0576720228,0.0215521738,103.569749695,501.5625308661,5.0
27186,0.0,988.388184,-391.498657,1675.701294,0.1306914225,-0.9897758031,0.0571280294,,,,
27187,0.0,985.593018,-397.037933,1675.802612,0.0695267439,-0.9962632637,0.0512400357,,,,
27188,0.0,982.528137,-403.385895,1676.171997,-0.0090608187,-0.998763747,0.0488761625,,,,
27189,0.0,981.168457,-406.798492,1676.377075,-0.0349219804,-0.9980569121,0.0516028628,,,,
27190,0.0,980.141663,-409.896667,1676.565063,-0.0440648243,-0.9973494228,0.0579000872,,,,
27191,0.0,979.311646,-412.80365,1676.741943,-0.0447731366,-0.9971923257,0.0600235932,,,,
27192,0.0,978.36908,-416.391022,1676.960571,-0.0447720947,-0.9971718383,0.0603637682,,,,
27193,0.0,977.603821,-419.548279,1677.153076,-0.0447720947,-0.9971718383,0.0603637682,,,,
27194,0.0,976.879822,-422.756958,1677.348755,-0.0447720947,-0.9971718383,0.0603637682,,,,
27195,0.0,976.134399,-426.309784,1677.565308,-0.0447720947,-0.9971718383,0.0603637682,,,,
27196,0.0,975.524597,-429.43869,1677.689087,-0.0447720947,-0.9971718383,0.0603637682,,,,
27197,0.0,974.904724,-432.838776,1677.701904,-0.0447720947,-0.9971718383,0.0603637682,,,,
27198,0.0,974.809387,-433.368958,1677.701294,-0.0447720947,-0.9971718383,0.0603637682,,,,
27199,0.0,973.803894,-439.521545,1677.701294,-0.0447720947,-0.9971718383,0.0603637682,,,,
27200,0.0,973.341553,-442.66333,1677.701294,-0.0447720947,-0.9971718383,0.0603637682,,,,
27201,0.0,972.837708,-446.294342,1677.701294,-0.0447720947,-0.9971718383,0.0603637682,,,,
27202,0.0,972.426819,-449.443298,1677.701294,-0.0447720947,-0.9971718383,0.0603637682,,,,
27203,0.0,971.955811,-453.261353,1677.701294,-0.0447720947,-0.9971718383,0.0603637682,,,,
27204,0.0,971.568237,-456.595856,1677.701294,-0.0447720947,-0.9971718383,0.0603637682,,,,
27205,0.0,971.220276,-459.745605,1677.701294,-0.0447720947,-0.9971718383,0.0603637682,,,,
27206,0.0,970.828979,-463.047668,1677.701294,-0.0496006719,-0.9969433228,0.0603637682,,,,
27207,0.0,970.375305,-466.813049,1677.701294,-0.0577944945,-0.9967671913,0.0558118509,,,,
27208,0.0,970.035461,-470.017059,1677.701294,-0.0607129561,-0.9964608303,0.0581356234,,,,
27209,0.0,969.699829,-473.511078,1677.701294,-0.0610122342,-0.9962132252,0.0619412407,,,,
27210,0.0,969.431885,-476.71814,1677.739502,-0.0577705811,-0.9962307981,0.0647051527,,,,
27211,0.0,969.116699,-480.678986,1677.747681,-0.0533558043,-0.9962567404,0.0680122434,,,,
27212,0.0,968.879822,-483.795227,1677.747681,-0.0498872236,-0.9963164776,0.0697476987,,,,
27213,0.0,968.612549,-487.241577,1677.747681,-0.0477855784,-0.996406658,0.0699307546,,,,
27214,0.0,968.357422,-490.454102,1677.747681,-0.0476101763,-0.9964150544,0.0699307546,,,,
27215,0.0,968.058899,-494.316528,1677.747681,-0.0476101763,-0.9964150544,0.0699307546,,,,
27216,0.0,967.811829,-497.623932,1677.747681,-0.0476101763,-0.9964150544,0.0699307546,,,,
27217,0.0,967.572266,-500.925232,1677.747681,-0.0476101763,-0.9964150544,0.0699307546,,,,
27218,0.0,967.324036,-504.441254,1677.747681,-0.0476101763,-0.9964150544,0.0699307546,,,,
27219,0.0,967.075012,-508.06488,1677.747681,-0.0476101763,-0.9964150544,0.0699307546,,,,
27220,0.0,966.870117,-511.126251,1677.707642,-0.0476101763,-0.9964150544,0.0699307546,,,,
27221,0.0,966.630981,-514.777527,1677.701172,-0.0476101763,-0.9964150544,0.0699307546,,,,
27222,0.0,966.425232,-517.99353,1677.701294,-0.0476101763,-0.9964150544,0.0699307546,,,,
27223,0.0,966.20166,-521.55835,1677.701294,-0.0476101763,-0.9964150544,0.0699307546,,,,
27224,0.0,966.005859,-524.741455,1677.701294,-0.0476101763,-0.9964150544,0.0699307546,,,,
27225,0.0,965.793579,-528.253052,1677.701294,-0.0476101763,-0.9964150544,0.0699307546,,,,
27226,0.0,965.574036,-531.952637,1677.701294,-0.0476101763,-0.9964150544,0.0699307546,,,,
27227,0.0,965.364746,-535.538391,1677.701294,-0.0476101763,-0.9964150544,0.0699307546,,,,
27228,0.0,965.192139,-538.541199,1677.701294,-0.0476101763,-0.9964150544,0.0699307546,,,,
27229,0.0,964.98584,-542.174316,1677.701294,-0.0476101763,-0.9964150544,0.0699307546,,,,
27230,0.0,964.615173,-548.830811,1677.701294,-0.0476101763,-0.9964150544,0.0699307546,,,,
27231,0.0,964.418457,-552.424072,1677.701294,-0.0476101763,-0.9964150544,0.0699307546,,,,
27232,0.0,964.222046,-556.051086,1677.701294,-0.0476101763,-0.9964150544,0.0699307546,,,,
27233,0.0,964.055481,-559.155029,1677.701294,-0.0476101763,-0.9964150544,0.0699307546,,,,
27234,0.0,963.857544,-562.875977,1677.701294,-0.0476101763,-0.9964150544,0.0699307546,,,,
27235,0.0,963.689758,-566.060669,1677.701294,-0.0476101763,-0.9964150544,0.0699307546,,,,
27236,0.0,963.499207,-569.701294,1677.701294,-0.0476101763,-0.9964150544,0.0699307546,,,,
27237,0.0,963.335754,-572.845886,1677.701294,-0.0476101763,-0.9964150544,0.0699307546,,,,
27238,0.0,963.140564,-576.62738,1677.701294,-0.0476101763,-0.9964150544,0.0699307546,,,,
27239,0.0,962.976685,-579.819031,1677.701294,-0.0476101763,-0.9964150544,0.0699307546,,,,
27240,0.0,962.797485,-583.33252,1677.701294,-0.0476101763,-0.9964150544,0.0699307546,,,,
27241,0.0,962.635071,-586.530884,1677.701294,-0.0476101763,-0.9964150544,0.0699307546,,,,
27242,0.0,962.450439,-590.185364,1677.701294,-0.0476101763,-0.9964150544,0.0699307546,,,,
27243,0.0,962.266235,-593.846497,1677.701294,-0.0476101763,-0.9964150544,0.0699307546,,,,
27244,0.0,962.11554,-596.857178,1677.701294,-0.0476101763,-0.9964150544,0.0699307546,,,,
27245,0.0,961.933472,-600.505005,1677.701294,-0.0476101763,-0.9964150544,0.0699307546,,,,
27246,0.0,961.752075,-604.152954,1677.701294,-0.0476101763,-0.9964150544,0.0699307546,,,,
27247,0.0,961.599487,-607.230835,1677.701294,-0.0476101763,-0.9964150544,0.0699307546,,,,
27248,0.0,961.420471,-610.851868,1677.701294,-0.0476101763,-0.9964150544,0.0699307546,,,,
27249,0.0,961.241943,-614.472961,1677.701294,-0.0476101763,-0.9964150544,0.0699307546,,,,
27250,0.0,961.089539,-617.571045,1677.701294,-0.0476101763,-0.9964150544,0.0699307546,,,,
27251,0.0,960.87854,-621.363831,1677.701294,-0.0504557578,-0.9962078235,0.0708815136,,,,
27252,0.0,960.642212,-624.564758,1677.701294,-0.059405676,-0.9957138065,0.070887102,,,,
27253,0.0,960.328979,-627.677856,1677.701294,-0.0770774987,-0.9944435432,0.0717014545,,,,
27254,0.0,959.864075,-631.205566,1677.701294,-0.107836662,-0.9915076895,0.0726894486,,,,
28084,0.0,519.441101,2174.773438,1767.942871,-0.9577560716,0.2714836241,0.0948680616,0.0500707892,263.9764349907,844.8186997543,5.0
28085,0.0,519.376404,2174.870361,1767.925903,-0.9577560716,0.2714836241,0.0948680616,0.0501605577,263.6366892429,842.9954782031,5.0
28086,0.0,519.376404,2174.870361,1767.925903,-0.9577560716,0.2714836241,0.0948680616,0.0502314863,263.4278972338,841.7482545277,5.0
28087,0.0,523.490845,2175.940186,1767.920532,-0.955945835,0.2776160752,0.0953775412,0.0524513873,270.0576791923,844.9555984595,5.0
28088,0.0,523.167236,2175.858398,1767.860718,-0.9534047704,0.2859877637,0.0960746732,0.0550164071,276.0063895479,843.7524610728,5.0
28089,0.0,521.972046,2175.653564,1767.769409,-0.9514305638,0.2923145467,0.0966027333,0.0569669031,280.1254918345,841.9789381062,5.0
28090,0.0,518.086853,2174.80957,1767.526611,-0.9478699975,0.3036062192,0.096776709,0.060347679,286.4782949551,837.3354769206,5.0
28091,0.0,514.070618,2173.831787,1767.322876,-0.9476132656,0.3044065823,0.096776709,0.060134141,284.4336394705,832.7881808072,5.0
28092,0.0,511.231323,2173.095703,1767.185303,-0.9476132656,0.3044065823,0.096776709,0.0597401209,282.4719501565,829.6832604616,5.0
28093,0.0,506.836945,2171.908203,1766.966309,-0.9488085996,0.3006601237,0.096776709,0.0579159248,276.6646813374,824.9368608168,5.0
28094,0.0,502.322357,2170.630859,1766.707886,-0.9523251409,0.2893286964,0.096776709,0.0538150944,265.4115004425,820.1166595678,5.0
28095,0.0,499.581451,2169.806396,1766.540771,-0.956328051,0.2758095794,0.0967767264,0.0493186967,253.4977013668,817.2878997584,5.0
28096,0.0,494.625519,2168.288818,1766.277832,-0.9674564859,0.2334389172,0.0976433298,0.0371553378,219.3666607547,812.3011195663,5.0
28097,0.0,491.521332,2167.266357,1766.078613,-0.9750915238,0.1978054212,0.100347076,0.0288815297,193.0817963151,809.2353963538,5.0
28098,0.0,486.486084,2165.624756,1765.775269,-0.9859642768,0.1289074825,0.1061004519,0.017139283,148.256742752,804.2147335831,5.0
28099,0.0,483.28125,2164.520264,1765.641357,-0.9912149262,0.073519578,0.1099447212,0.0114091651,120.651118908,800.9985032404,5.0
28100,0.0,478.737122,2163.405273,1765.421997,-0.9937240494,0.0014298723,0.1118502086,0.0084270886,103.1804680207,796.4538379679,5.0
28101,0.0,473.664032,2161.752686,1765.019165,-0.9914505046,-0.0682451833,0.1112137212,0.0103964124,113.8221125899,791.41015037,5.0
28102,0.0,467.821716,2159.055908,1764.562134,-0.9803057174,-0.1700257544,0.1004586641,0.0215312454,162.1446682248,785.6036609312,5.0
28103,0.0,464.248047,2157.429688,1764.078979,-0.9680711009,-0.2331872864,0.0919893099,0.0340536373,202.3479571068,782.0440908989,5.0
28104,0.0,462.4750215,2156.7225345,1763.8192135,-0.9629640644,-0.2537350942,0.0886526085,0.0393744867,216.2435217376,780.2661709957,5.0
28105,0.0,460.701996,2156.015381,1763.559448,-0.9578570278,-0.2742829021,0.0853159071,0.0446953362,230.1390863685,778.4882510925,5.0
28106,0.0,457.118927,2154.665771,1761.527344,-0.9489181022,-0.3056653909,0.0782502653,0.053986509,251.1377012427,774.812054566,5.0
28107,0.0,450.959625,2152.530762,1757.438843,-0.9397471599,-0.3344967757,0.0706199872,0.0637949689,270.0993084616,768.5189576799,5.0
28108,0.0,447.401825,2151.372803,1754.871826,-0.9377678976,-0.3403096993,0.0691424521,0.0661112476,273.498596515,764.8947528586,5.0
28109,0.0,445.5966645,2150.7988285,1753.647949,-0.9375089788,-0.3410384834,0.0690583975,0.0665347864,273.6710875276,763.0306227339,5.0
28110,0.0,441.276184,2149.412842,1750.724365,-0.936775499,-0.343065886,0.0689743603,0.0676724606,274.3099476346,758.5691934727,5.0
28111,0.0,437.873749,2148.275879,1749.473267,-0.9351085287,-0.3475839208,0.0689743255,0.0698262725,277.2116403394,755.0988922747,5.0
28112,0.0,434.507263,2147.108643,1749.518677,-0.9325226794,-0.3544629635,0.0689743429,0.0731128899,282.1651161305,751.758262694,5.0
28113,0.0,431.210388,2145.891602,1749.301392,-0.9270864909,-0.3681419066,0.0705845236,0.0793213232,292.085310454,748.3200532635,5.0
28114,0.0,427.918884,2144.662109,1749.269531,-0.9219268492,-0.3806624396,0.0717425382,0.0853390102,301.14521071,744.9999018436,5.0
28115,0.0,424.723511,2143.419922,1749.279663,-0.9153814915,-0.3959616589,0.072739877,0.0928522895,312.1476604264,741.7740062237,5.0
28116,0.0,422.384277,2142.497559,1749.223022,-0.9111961864,-0.4054894856,0.0727996353,0.0977584318,318.859124512,739.4160996701,5.0
28117,0.0,419.189758,2141.250977,1749.473877,-0.9060780201,-0.4168007133,0.0727996353,0.1038629208,326.6894225855,736.1561457701,5.0
28118,0.0,415.778778,2139.905762,1749.378784,-0.9023086572,-0.4248991648,0.0727996353,0.1085599566,331.9142565273,732.4783399889,5.0
28119,0.0,412.347961,2138.672119,1749.647583,-0.8994350712,-0.4309486811,0.0727996353,0.1122554516,335.4022350371,728.6024366808,5.0
28120,0.0,408.873688,2137.650391,1750.579346,-0.8975137127,-0.4349360281,0.0727996353,0.1148737173,337.3233196168,724.8794766562,5.0
28121,0.0,406.46759,2137.046631,1751.250488,-0.8957209809,-0.4386161591,0.0727996527,0.1171979704,339.3319056896,722.3743585823,5.0
28122,0.0,402.72464,2136.266602,1751.995361,-0.893213085,-0.4437010232,0.0727996353,0.1205900983,341.8602742343,718.0952546375,5.0
28123,0.0,399.039856,2135.261719,1752.560425,-0.8911932271,-0.4477441766,0.0727996179,0.1236020318,343.8090865895,713.9077040233,5.0
28124,0.0,396.750336,2134.550537,1752.860718,-0.8899287201,-0.4502522474,0.0727996353,0.1254632067,345.0445028784,711.4918610332,5.0
28125,0.0,393.057922,2133.584229,1753.087646,-0.887148178,-0.4557064005,0.0727996353,0.1289637404,347.7984398035,708.0317241391,5.0
28126,0.0,389.462219,2133.166992,1752.871948,-0.884289506,-0.4612291055,0.0727996005,0.1319851358,350.1254114356,705.1328645289,5.0
28127,0.0,386.944244,2132.920654,1752.464478,-0.8809732189,-0.4675322457,0.0727996353,0.1354831508,353.1451939334,702.6313124062,5.0
28128,0.0,383.260803,2132.758057,1752.184204,-0.8762634856,-0.4763008707,0.0727996179,0.1406103583,357.4148383458,699.0024816221,5.0
28129,0.0,379.551666,2132.6875,1751.497437,-0.8705756891,-0.4866191377,0.0727996179,0.1469150779,362.8556090353,695.4293164118,5.0
28130,0.0,377.080292,2132.688477,1750.976562,-0.8658878768,-0.4949125155,0.0727996353,,,,
28131,0.0,373.308472,2132.803711,1750.50354,-0.8591121559,-0.5065831784,0.0727996353,,,,
28132,0.0,369.676514,2132.994629,1750.253174,-0.8531053823,-0.5166347063,0.0727996353,,,,
28133,0.0,367.279144,2133.154053,1750.176636,-0.8484088207,-0.5243116331,0.0727996179,,,,
28134,0.0,363.904449,2133.435303,1750.142578,-0.84128827,-0.5356624496,0.0727996353,,,,
28135,0.0,360.361542,2133.757324,1750.094727,-0.8347611305,-0.5457784079,0.0727996179,,,,
28136,0.0,356.652039,2134.165283,1750.456421,-0.8250769178,-0.5603108917,0.0727996179,,,,
28137,0.0,353.998322,2134.431396,1750.615723,-0.8174094021,-0.5714386077,0.0727996353,,,,
28138,0.0,350.266327,2134.857422,1750.810303,-0.8085969575,-0.5838417344,0.0727996527,,,,
28139,0.0,346.739685,2135.208984,1750.836182,-0.797358965,-0.5990983989,0.0727996527,,,,
28140,0.0,342.757629,2135.751221,1751.312988,-0.7839349616,-0.616559964,0.0727996353,,,,
28141,0.0,340.069916,2136.088379,1751.460693,-0.7774429194,-0.6247261141,0.0727996527,,,,
28142,0.0,336.392944,2136.533203,1751.529297,-0.7635971218,-0.6415759123,0.0727996179,,,,
28143,0.0,332.858765,2136.840088,1751.535889,-0.7467073654,-0.6611568071,0.0727996353,,,,
28144,0.0,328.889923,2137.505127,1751.433594,-0.731114499,-0.6784516834,0.0719367963,,,,
28145,0.0,325.407806,2137.865723,1751.346313,-0.7126270605,-0.6978547097,0.0718434191,,,,
28146,0.0,321.943726,2138.302246,1751.128906,-0.6895559101,-0.720660232,0.0718434191,,,,
28147,0.0,318.407898,2138.630371,1750.884644,-0.6722002354,-0.7368754095,0.0718434016,,,,
28148,0.0,315.772034,2138.801025,1750.707764,-0.6494620516,-0.7569924482,0.0718434191,,,,
28149,0.0,311.962158,2138.936035,1750.334473,-0.6144918283,-0.7856451607,0.0718434016,,,,
28150,0.0,306.376343,2138.855713,1749.933472,-0.5737249995,-0.8158331926,0.0724970812,,,,
28151,0.0,303.00589,2138.743896,1749.672119,-0.5498151383,-0.8321078802,0.0727996527,,,,
28152,0.0,299.276184,2138.508301,1749.533081,-0.523810632,-0.8487182305,0.0727996353,,,,
28153,0.0,297.4963225,2138.3674315,1749.4815675,-0.5127368866,-0.8553563037,0.0727996353,,,,
28154,0.0,293.389984,2137.866211,1749.613037,-0.4914641463,-0.86784976,0.0727996353,,,,
28155,0.0,289.814056,2137.126953,1749.891357,-0.4818149595,-0.873243699,0.0727996353,,,,
28156,0.0,286.611694,2136.16748,1750.186401,-0.473276564,-0.8779006263,0.0727996179,,,,
28157,0.0,283.452576,2134.990479,1750.452881,-0.4608674527,-0.8844780405,0.0727996353,,,,
28158,0.0,281.305817,2134.058105,1750.670776,-0.4531391666,-0.8884622158,0.0727996353,,,,
28159,0.0,278.193726,2132.44458,1751.225098,-0.4384842413,-0.8957855677,0.0727996353,,,,
28160,0.0,275.351898,2130.669434,1751.651123,-0.4140631778,-0.9073322974,0.0727996353,,,,
28161,0.0,273.37973,2129.198975,1751.99646,-0.3987432916,-0.9141080783,0.07355412,,,,
28162,0.0,271.358551,2127.489746,1752.491333,-0.3817369537,-0.921323495,0.0737557846,,,,
28163,0.0,268.803345,2125.003174,1752.936768,-0.3569552242,-0.9311395688,0.0745792953,,,,
28164,0.0,266.61676,2122.669678,1753.026123,-0.3219820451,-0.9437220204,0.0756062887,,,,
28165,0.0,265.223389,2120.815674,1753.379761,-0.3024019929,-0.9501203338,0.0763176656,,,,
28166,0.0,263.121857,2118.134766,1753.423584,-0.2706088195,-0.9596351658,0.076623857,,,,
28167,0.0,261.275879,2115.646973,1753.613892,-0.2458208088,-0.9662137139,0.0774802498,,,,
28168,0.0,259.568512,2113.040527,1753.479858,-0.2197302972,-0.9723384363,0.0792247545,,,,
28169,0.0,257.40506,2110.454834,1753.193481,-0.20036672,-0.9764830305,0.0795868628,,,,
28170,0.0,255.127747,2107.896729,1752.870117,-0.1838134325,-0.9796565852,0.0805332046,,,,
28171,0.0,253.479996,2106.223633,1752.780762,-0.1774878197,-0.9808215816,0.0805425292,,,,
28172,0.0,251.152863,2103.850586,1752.317505,-0.1699819633,-0.9821502076,0.0805425465,,,,
28173,0.0,248.657532,2101.372559,1751.785889,-0.1660283949,-0.982826268,0.0805425292,,,,
28174,0.0,246.262344,2099.123535,1751.469971,-0.1657909849,-0.9828663441,0.0805425292,,,,
28175,0.0,244.57843,2097.568359,1751.268677,-0.1657909849,-0.9828663441,0.0805425292,,,,
28176,0.0,242.008514,2095.289551,1751.235107,-0.1657909849,-0.9828663441,0.0805425292,,,,
28177,0.0,239.456528,2093.07373,1751.196777,-0.1657909849,-0.9828663441,0.0805425292,,,,
28178,0.0,236.457352,2090.560059,1751.272949,-0.1657909849,-0.9828663441,0.0805425292,,,,
28179,0.0,234.400284,2088.916016,1751.518188,-0.1657909849,-0.9828663441,0.0805425292,,,,
28180,0.0,231.48941,2086.545654,1751.75415,-0.1650268844,-0.982994928,0.0805425292,,,,
28181,0.0,228.52095,2084.154297,1752.152222,-0.1648596479,-0.9830923539,0.0796914065,,,,
28182,0.0,226.395248,2082.275391,1752.427979,-0.1641985939,-0.9832114474,0.0795868802,,,,
28183,0.0,223.618912,2079.510986,1752.703003,-0.1631298328,-0.983454566,0.0787767368,,,,
28184,0.0,220.897324,2076.677734,1752.995117,-0.1629883179,-0.9834896806,0.0786311407,,,,
28185,0.0,219.142456,2074.725586,1753.213989,-0.1623084868,-0.9836576686,0.0779329591,,,,
28186,0.0,216.74234,2071.75415,1753.392212,-0.1620575077,-0.9837194252,0.0776753289,,,,
28187,0.0,213.202927,2066.72168,1753.668335,-0.1611274636,-0.9839546356,0.076623857,,,,
28188,0.0,212.8502655,2065.1048585,1753.550415,-0.1611274636,-0.9839546356,0.076623857,,,,
28189,0.0,212.497604,2063.488037,1753.432495,-0.1611274636,-0.9839546356,0.076623857,,,,
28190,0.0,213.227875,2057.408447,1752.146973,-0.1611274636,-0.9839546356,0.076623857,,,,
28191,0.0,213.954742,2053.773682,1751.670654,-0.1611274636,-0.9839546356,0.076623857,,,,
28192,0.0,214.383255,2051.9398195,1751.408264,-0.1611274636,-0.9839546356,0.076623857,,,,
28193,0.0,215.441956,2047.779175,1750.978638,-0.1611274636,-0.9839546356,0.076623857,,,,
28194,0.0,216.411514,2044.494629,1750.682739,-0.1657097097,-0.9833704414,0.0743159946,,,,
28195,0.0,216.9739225,2042.7319945,1750.470459,-0.1723988692,-0.9823572408,0.0721271005,,,,
28196,0.0,218.323074,2038.754028,1750.03479,-0.1950459483,-0.9784532289,0.067722647,,,,
28197,0.0,219.566284,2035.520508,1749.794678,-0.2273822107,-0.9717235046,0.0636455878,,,,
28198,0.0,220.262787,2033.427979,1749.301147,-0.2716332149,-0.960407167,0.061915024,,,,
28199,0.0,221.163055,2030.437378,1748.830811,-0.3326070698,-0.941069766,0.0613207363,,,,
28200,0.0,222.183136,2027.401001,1748.336548,-0.3898270994,-0.9188441652,0.0613207363,,,,
28201,0.0,223.188583,2024.560669,1747.627686,-0.4410781562,-0.8954349744,0.0603843256,,,,
28202,0.0,223.943771,2022.487305,1747.271606,-0.4860535705,-0.8718418103,0.0603637682,,,,
28203,0.0,224.963959,2019.281982,1747.062012,-0.5607853508,-0.8257578373,0.0603637682,,,,
28204,0.0,225.596725,2017.049683,1747.063232,-0.5946019354,-0.8016986856,0.061055351,,,,
28205,0.0,226.436569,2013.984497,1747.126831,-0.6370577347,-0.7680782978,0.0649089444,,,,
28206,0.0,227.270691,2010.490479,1747.493164,-0.676872057,-0.7326356118,0.0713391816,,,,
28207,0.0,227.778046,2008.116089,1747.812866,-0.6913179948,-0.7188401303,0.0731320524,,,,
28208,0.0,228.51413,2004.561523,1748.230103,-0.6968845876,-0.7133806528,0.0737557846,,,,
28209,0.0,229.255508,2001.020752,1748.366821,-0.6968845876,-0.7133806528,0.0737557846,,,,
28210,0.0,229.698944,1998.184448,1749.084229,-0.6968845876,-0.7133806528,0.0737557846,,,,
28211,0.0,230.424164,1994.254883,1749.470459,-0.6968845876,-0.7133806528,0.0737557846,,,,
28212,0.0,231.169891,1990.021484,1749.826904,-0.6968845876,-0.7133806528,0.0737557846,,,,
28213,0.0,231.536957,1987.638916,1749.898682,-0.6968845876,-0.7133806528,0.0737557846,,,,
28214,0.0,232.102646,1983.616333,1750.020752,-0.6968845876,-0.7133806528,0.0737557846,,,,
28215,0.0,232.487183,1980.685669,1749.921997,-0.6968845876,-0.7133806528,0.0737557846,,,,
28216,0.0,232.888367,1977.012451,1749.743286,-0.6968845876,-0.7133806528,0.0737557846,,,,
28217,0.0,233.208984,1973.427856,1749.757935,-0.6968845876,-0.7133806528,0.0737557846,,,,
28218,0.0,233.684738,1969.171631,1749.134766,-0.6968845876,-0.7133806528,0.0737557846,,,,
28219,0.0,233.940216,1966.368408,1748.950562,-0.6968845876,-0.7133806528,0.0737557846,,,,
28220,0.0,234.249527,1963.12439,1748.64502,-0.6968845876,-0.7133806528,0.0737557846,,,,
28221,0.0,234.518829,1959.316162,1748.431763,-0.6932950144,-0.7172468813,0.0699923878,,,,
28222,0.0,234.719421,1955.863281,1748.33728,-0.6929035447,-0.7177964764,0.0682121419,,,,
28223,0.0,234.79567,1952.196045,1748.219727,-0.6942987351,-0.7164655197,0.0680178329,,,,
28224,0.0,234.661087,1948.842163,1748.455933,-0.6944275096,-0.7163407069,0.0680178329,,,,
28225,0.0,234.244171,1945.757812,1748.759521,-0.6944275096,-0.7163407069,0.0680178329,,,,
28226,0.0,233.795395,1943.588257,1749.091064,-0.6944275096,-0.7163407069,0.0680178329,,,,
28227,0.0,232.874176,1940.336548,1749.560303,-0.6944275096,-0.7163407069,0.0680178329,,,,
28228,0.0,232.061096,1938.0448,1749.89624,-0.6944275096,-0.7163407069,0.0680178329,,,,
28229,0.0,229.569473,1932.173828,1750.651123,-0.6944275096,-0.7163407069,0.0680178329,,,,
28230,0.0,228.165283,1929.278687,1750.931396,-0.6944275096,-0.7163407069,0.0680178329,,,,
28231,0.0,226.596573,1926.188477,1751.100708,-0.692111545,-0.7185785856,0.0680178329,,,,
28232,0.0,225.862099,1924.6813355,1751.1817015,-0.6869627462,-0.7234278219,0.0684409796,,,,
28233,0.0,223.805389,1920.424683,1751.582153,-0.6395886656,-0.7653790109,0.0715633184,,,,
28234,0.0,223.0601805,1919.0494995,1751.7113645,-0.6120211668,-0.7866386267,0.073578286,,,,
28235,0.0,221.368713,1915.699951,1751.879028,-0.4969501083,-0.8640903484,0.0799278402,,,,
28236,0.0,219.824173,1913.126221,1751.816895,-0.3826161463,-0.9201165214,0.0836090401,,,,
28237,0.0,218.228775,1910.423828,1751.585327,-0.2599993059,-0.9618550176,0.085060485,,,,
28238,0.0,217.326324,1907.475952,1751.063232,-0.068798787,-0.9939754907,0.085319698,,,,
28239,0.0,217.101288,1904.933594,1749.809204,0.1128834793,-0.9900025306,0.0845713278,,,,
28240,0.0,216.149033,1903.046875,1749.352661,0.2521875503,-0.9641278085,0.0828191305,,,,
28241,0.0,215.334213,1902.034912,1748.794312,0.4032621408,-0.9117059897,0.0785610215,,,,
28242,0.0,213.327332,1900.754028,1748.960815,0.4967114328,-0.8645765725,0.076059864,,,,
28243,0.0,211.011627,1899.480469,1749.332153,0.5733652225,-0.8160170441,0.0732700857,,,,
28244,0.0,208.460648,1897.765869,1749.612671,0.6158529725,-0.7845695713,0.0719423669,,,,
28245,0.0,205.862442,1895.873657,1749.828369,0.6324781145,-0.7712392368,0.0718434016,,,,
28246,0.0,203.181061,1893.795044,1750.006348,0.638488039,-0.7662711969,0.0718434191,,,,
28247,0.0,200.584045,1891.739746,1750.31958,0.6387223351,-0.7660759129,0.0718434016,,,,
28248,0.0,197.892227,1889.612061,1750.502563,0.6387223351,-0.7660759129,0.0718434016,,,,
28249,0.0,195.167603,1887.420166,1750.762695,0.6387223351,-0.7660759129,0.0718434016,,,,
28250,0.0,192.536072,1885.319946,1750.88562,0.6387223351,-0.7660759129,0.0718434016,,,,
28251,0.0,190.512115,1883.689941,1750.935547,0.6387223351,-0.7660759129,0.0718434016,,,,
28252,0.0,187.833878,1881.516479,1750.952881,0.6387223351,-0.7660759129,0.0718434016,,,,
28253,0.0,185.090424,1879.283325,1750.971313,0.6387223351,-0.7660759129,0.0718434016,,,,
28254,0.0,182.474854,1877.142944,1750.995483,0.6387223351,-0.7660759129,0.0718434016,,,,
28255,0.0,179.886871,1875.054077,1750.95813,0.6387603332,-0.7661213787,0.0710159831,,,,
28256,0.0,177.304504,1873.147583,1750.920044,0.640144455,-0.7652026706,0.0684101571,,,,
28257,0.0,174.358139,1871.313843,1750.929932,0.6411145641,-0.7645799521,0.0662541519,,,,
28258,0.0,171.443085,1869.704956,1750.944458,0.6412546138,-0.7646306276,0.0642847074,,,,
28259,0.0,168.418686,1868.251099,1750.944702,0.6399224552,-0.7659862218,0.0613543752,,,,
28260,0.0,165.500946,1867.072876,1750.958496,0.637139223,-0.768450679,0.059474065,,,,
28261,0.0,163.310257,1866.204712,1750.927856,0.632944013,-0.7721672353,0.0560324639,,,,
28262,0.0,160.360916,1865.0177,1750.790039,0.6219087936,-0.7814703114,0.0503349256,,,,
28263,0.0,157.799301,1863.949585,1750.587036,0.5931803634,-0.80391348,0.0431297253,,,,
28264,0.0,155.199142,1863.295532,1750.421387,0.5537526987,-0.8318600525,0.0369702827,,,,
28265,0.0,152.162537,1862.741577,1750.210815,0.4530278606,-0.8909992846,0.0297662945,,,,
28266,0.0,149.530853,1862.323242,1750.034302,0.3717981493,-0.9278680417,0.0287581879,,,,
28267,0.0,145.236679,1861.94165,1749.975342,0.1970285162,-0.9798659455,0.0322876561,,,,
28268,0.0,141.189835,1862.093018,1749.956055,0.0192225631,-0.9990735929,0.0385025843,,,,
28269,0.0,137.050018,1862.412231,1750.250244,-0.170723228,-0.9842998508,0.0448038302,,,,
28270,0.0,132.306732,1863.073364,1750.956421,-0.4220082709,-0.9051645533,0.0508542107,,,,
28271,0.0,124.87989,1864.361328,1751.236816,-0.6948067422,-0.7172626105,0.0527061525,,,,
28272,0.0,120.918732,1864.977173,1751.219116,-0.8208621165,-0.5688262882,0.0512058547,,,,
28273,0.0,118.9465065,1865.600281,1751.194275,-0.8551813506,-0.5115135697,0.0505543634,,,,
28274,0.0,114.668175,1867.209595,1751.15686,-0.9181916706,-0.3933017998,0.0473048652,,,,
28275,0.0,111.485771,1869.153931,1751.032715,-0.9394655948,-0.3396383142,0.0452792635,,,,
28276,0.0,108.744881,1870.762207,1750.991455,-0.9501568037,-0.3085011459,0.0450454363,,,,
28277,0.0,105.62294,1872.668701,1750.829346,-0.955445887,-0.2915749932,0.0459040345,,,,
28278,0.0,96.139145,1875.234619,1750.701294,-0.9547389267,-0.2937295251,0.0468673432,,,,
28279,0.0,93.262642,1876.955566,1750.701294,-0.9524582935,-0.3010280305,0.046960877,,,,
28280,0.0,90.594833,1878.540894,1750.701294,-0.9523410114,-0.301398862,0.046960877,,,,
28281,0.0,87.562729,1880.336182,1750.701294,-0.9523410114,-0.301398862,0.046960877,,,,
28282,0.0,84.672134,1882.039062,1750.701294,-0.9523410114,-0.301398862,0.046960877,,,,
28283,0.0,81.931816,1883.646973,1750.701294,-0.9523410114,-0.301398862,0.046960877,,,,
28284,0.0,79.024788,1885.347534,1750.701294,-0.9523410114,-0.301398862,0.046960877,,,,
28285,0.0,76.144806,1887.027344,1750.701294,-0.9523410114,-0.301398862,0.046960877,,,,
28286,0.0,73.422722,1888.610229,1750.701294,-0.9523410114,-0.301398862,0.046960877,,,,
28287,0.0,70.671707,1890.205688,1750.701294,-0.9523410114,-0.301398862,0.046960877,,,,
28288,0.0,67.241234,1892.190918,1750.701294,-0.9523410114,-0.301398862,0.046960877,,,,
28289,0.0,64.532089,1893.754639,1750.701294,-0.9523410114,-0.301398862,0.046960877,,,,
28290,0.0,61.181793,1895.685425,1750.701294,-0.9523410114,-0.301398862,0.046960877,,,,
28291,0.0,58.424416,1897.194214,1750.701294,-0.9523410114,-0.301398862,0.046960877,,,,
28292,0.0,55.16357,1898.957886,1750.701294,-0.9523410114,-0.301398862,0.046960877,,,,
28293,0.0,52.603786,1900.318726,1750.701294,-0.9513730632,-0.3042076268,0.0484459953,,,,
28294,0.0,49.497459,1902.006836,1750.701294,-0.9517991878,-0.3028026229,0.0488761451,,,,
28295,0.0,45.971695,1904.052734,1750.701294,-0.9574039629,-0.284585264,0.0488761625,,,,
28296,0.0,43.060299,1905.800171,1750.701294,-0.9631971577,-0.2636404956,0.0523920265,,,,
28297,0.0,40.209515,1907.525635,1750.701294,-0.9684115064,-0.2435455013,0.053523295,,,,
28298,0.0,37.45731,1909.183472,1750.701294,-0.9723112524,-0.2276158819,0.0529323975,,,,
28299,0.0,34.034019,1911.262573,1750.701294,-0.9765574109,-0.2093422732,0.0501142283,,,,
28300,0.0,31.21147,1913.041138,1750.701294,-0.9805620252,-0.1903954544,0.0474097638,,,,
28301,0.0,27.962425,1915.144043,1750.701294,-0.9849856435,-0.1668613226,0.0442784495,,,,
28302,0.0,25.32803,1916.894165,1750.701294,-0.9889166676,-0.1420179224,0.0432982015,,,,
28303,0.0,22.105736,1919.008179,1750.701294,-0.9936017788,-0.1043806637,0.0431298299,,,,
28304,0.0,19.273129,1920.932129,1750.701294,-0.997114196,-0.0618652078,0.0439997305,,,,
28305,0.0,16.681622,1922.553833,1750.701294,-0.9987949613,-0.0161036789,0.0463605101,,,,
28306,0.0,13.086334,1924.612427,1750.701294,-0.997296734,0.054013895,0.0498168994,0.1461456315,212.5699910773,408.386359574,5.0
28307,0.0,10.213982,1926.258179,1750.701294,-0.9910036979,0.1230839858,0.0525547633,0.112665022,186.7956296963,405.0864009896,5.0
28308,0.0,7.726655,1927.7146,1750.701294,-0.9871756687,0.1496199024,0.055660435,0.1010562909,176.194332431,402.2112482314,5.0
28309,0.0,4.742419,1929.136963,1750.701294,-0.9857137012,0.1584060876,0.0572364461,0.0978458661,172.110746141,398.945796827,5.0
28310,0.0,0.961733,1930.837402,1750.701294,-0.9852898554,0.1609301253,0.0574925695,0.0975637596,170.1181510809,394.8674498342,5.0
28311,0.0,-2.243419,1932.199707,1750.701294,-0.9849764285,0.1628374706,0.0574925521,0.0974989284,168.5953250982,391.4561782398,5.0
28312,0.0,-5.2868,1933.433472,1750.701294,-0.9849101118,0.1629326793,0.0583524957,0.0982900807,167.8576354201,388.2523733372,5.0
28313,0.0,-11.40239,1935.760498,1750.701294,-0.9864500983,0.1527033331,0.0599824602,0.1046826304,170.1118821643,381.9058975322,5.0
28314,0.0,-13.1967805,1936.463501,1750.701294,-0.9874655917,0.145550792,0.0606142139,0.1085055223,172.1232831359,380.033671488,5.0
28315,0.0,-14.991171,1937.166504,1750.701294,-0.9884810851,0.138398251,0.0612459676,0.1123284141,174.1346841075,378.1614454438,5.0
28316,0.0,-20.50905,1939.435059,1750.701294,-0.996444931,0.0533082753,0.0652359354,,,,
28317,0.0,-23.799704,1940.035767,1750.701294,-0.9961045993,-0.0536367184,0.0699909253,,,,
28318,0.0,-26.549597,1940.590698,1750.701294,-0.9827931549,-0.1691881511,0.0741146691,,,,
28319,0.0,-29.277334,1941.183228,1750.701294,-0.9473616232,-0.3099634461,0.0801786567,,,,
28320,0.0,-30.5427405,1941.6201175,1750.701294,-0.9262707522,-0.3633732782,0.081746326,,,,
28321,0.0,-31.808147,1942.057007,1750.701294,-0.9051798811,-0.4167831103,0.0833139954,,,,
28322,0.0,-35.501564,1943.729614,1750.701172,-0.7726817808,-0.6289430075,0.0859858069,,,,
28323,0.0,-38.122974,1944.330444,1750.702026,-0.648753346,-0.7566523042,0.081218142,,,,
28324,0.0,-41.202061,1944.327515,1750.70166,-0.5230674052,-0.8491768282,0.0727956317,,,,
28325,0.0,-43.840988,1944.117554,1750.70166,-0.4161342272,-0.9071034332,0.0632112837,,,,
28326,0.0,-46.097019,1943.580444,1750.701904,-0.2926285179,-0.9548496196,0.05129088,,,,
28327,0.0,-48.341381,1942.935181,1750.701416,-0.1972077671,-0.9794197885,0.0429648051,,,,
28328,0.0,-50.464901,1942.217407,1750.701416,-0.1261750337,-0.9913086258,0.0372433782,,,,
28329,0.0,-52.712261,1941.420166,1750.701416,-0.07433729,-0.9967317941,0.0316180012,,,,
28330,0.0,-54.971786,1940.587769,1750.701416,-0.0429984227,-0.9986705882,0.0284287173,,,,
28331,0.0,-57.314037,1939.648682,1750.701294,-0.0358230166,-0.9989714115,0.0277998271,,,,
28332,0.0,-60.477699,1938.209717,1750.701294,-0.0355479379,-0.9989812379,0.0277998271,,,,
28333,0.0,-62.956932,1936.959229,1750.701294,-0.0355479379,-0.9989812379,0.0277998271,,,,
28334,0.0,-65.503807,1935.578369,1750.701294,-0.0355479379,-0.9989812379,0.0277998271,,,,
28335,0.0,-67.931343,1934.17688,1750.701294,-0.0355479379,-0.9989812379,0.0277998271,,,,
28336,0.0,-70.395012,1932.679443,1750.701294,-0.0355488013,-0.9990020667,0.0270398476,,,,
28337,0.0,-73.508698,1930.688232,1750.701294,-0.0355488694,-0.9990074149,0.0268414408,,,,
28338,0.0,-75.994453,1929.021606,1750.701294,-0.0355488694,-0.9990074149,0.0268414408,,,,
28339,0.0,-78.673279,1927.161377,1750.701294,-0.0355488694,-0.9990074149,0.0268414408,,,,
28340,0.0,-81.178375,1925.36377,1750.701294,-0.0355488694,-0.9990074149,0.0268414408,,,,
28341,0.0,-83.620857,1923.562988,1750.701294,-0.0355488694,-0.9990074149,0.0268414408,,,,
28342,0.0,-85.933662,1921.817749,1750.701294,-0.0355488694,-0.9990074149,0.0268414408,,,,
28343,0.0,-89.125908,1919.352051,1750.701294,-0.0355488694,-0.9990074149,0.0268414408,,,,
28344,0.0,-91.67617,1917.335571,1750.701294,-0.035549713,-0.9990311219,0.0259429268,,,,
28345,0.0,-94.183388,1915.551758,1750.701294,-0.0355506416,-0.9990537828,0.0250537613,,,,
28346,0.0,-96.456902,1914.105347,1750.701294,-0.035551782,-0.9990858323,0.0237396405,,,,
28347,0.0,-99.558678,1912.313965,1750.701294,-0.035552917,-0.9991177265,0.0223552817,,,,
28348,0.0,-103.021935,1910.514771,1750.701294,-0.034622428,-0.999196613,0.0201845488,,,,
28349,0.0,-105.987663,1909.166748,1750.701294,-0.0336660807,-0.9992661787,0.0182674324,,,,
28350,0.0,-108.855255,1907.992554,1750.701294,-0.0327576329,-0.999327981,0.0164476077,,,,
28351,0.0,-111.597931,1906.968506,1750.701294,-0.0326828015,-0.9993328852,0.0162978262,,,,
28352,0.0,-115.142082,1905.770752,1750.701294,-0.0326828015,-0.9993328852,0.0162978262,,,,
28353,0.0,-121.125488,1904.038696,1750.701294,-0.0326828015,-0.9993328852,0.0162978262,,,,
28354,0.0,-123.0019795,1903.569519,1750.701294,-0.0326828015,-0.9993328852,0.0162978262,,,,
28355,0.0,-124.878471,1903.100342,1750.701294,-0.0326828015,-0.9993328852,0.0162978262,,,,
28356,0.0,-131.140839,1901.761475,1750.701294,-0.0326828015,-0.9993328852,0.0162978262,,,,
28357,0.0,-134.212555,1901.189819,1750.701294,-0.0326828015,-0.9993328852,0.0162978262,,,,
28358,0.0,-136.169014,1900.8602295,1750.701294,-0.0326828015,-0.9993328852,0.0162978262,,,,
28359,0.0,-138.125473,1900.53064,1750.701294,-0.0326828015,-0.9993328852,0.0162978262,,,,
28360,0.0,-144.357986,1899.027466,1750.701294,-0.0326828015,-0.9993328852,0.0162978262,,,,
28361,0.0,-147.34549,1898.105469,1750.701294,-0.0278552505,-0.9995040562,0.0146876392,,,,
28362,0.0,-150.280685,1897.072144,1750.701294,-0.0254484525,-0.999583114,0.0136372484,,,,
28363,0.0,-153.684692,1895.726196,1750.701294,-0.0250181996,-0.9995968895,0.0134219294,,,,
28364,0.0,-156.615799,1894.444336,1750.701294,-0.0250181996,-0.9995968895,0.0134219294,,,,
28365,0.0,-159.396484,1893.130493,1750.701294,-0.0250181996,-0.9995968895,0.0134219294,,,,
28366,0.0,-163.054047,1891.264038,1750.701294,-0.0241032203,-0.9996193709,0.0134219294,,,,
28367,0.0,-165.950455,1889.718872,1750.701294,-0.0240598305,-0.9996204161,0.0134219294,,,,
28368,0.0,-168.590759,1888.264893,1750.701294,-0.0240598305,-0.9996204161,0.0134219294,,,,
28369,0.0,-171.813797,1886.398438,1750.701294,-0.0240598305,-0.9996204161,0.0134219294,,,,
28370,0.0,-174.376526,1884.841309,1750.701294,-0.0240598305,-0.9996204161,0.0134219294,,,,
28371,0.0,-177.320389,1882.982178,1750.701294,-0.0240598305,-0.9996204161,0.0134219294,,,,
28372,0.0,-180.276917,1881.042114,1750.701294,-0.0240598135,-0.9996088284,0.0142588742,,,,
28373,0.0,-183.278244,1878.994263,1750.701294,-0.0231648995,-0.9996282241,0.014380581,,,,
28374,0.0,-186.18515,1876.9552,1750.701294,-0.0231006153,-0.9996013273,0.016234165,,,,
28375,0.0,-188.451508,1875.322754,1750.701294,-0.0231004693,-0.9996002947,0.0162978262,,,,
28376,0.0,-191.300873,1873.224731,1750.701294,-0.0230997181,-0.999573834,0.0178480633,,,,
28377,0.0,-194.420624,1870.872559,1750.701294,-0.023099436,-0.9995502974,0.0191211681,,,,
28378,0.0,-196.698074,1869.125244,1750.701294,-0.0238458792,-0.9995171556,0.0199205859,,,,
28379,0.0,-199.482651,1866.962158,1750.701294,-0.0255951014,-0.9994538581,0.0209015881,,,,
28380,0.0,-202.37796,1864.702271,1750.701294,-0.0301178746,-0.9993059724,0.021920016,,,,
28381,0.0,-204.85466,1862.747559,1750.701294,-0.0344861057,-0.9991451994,0.0227942771,,,,
28382,0.0,-207.730698,1860.444092,1750.701294,-0.038782891,-0.9989239263,0.0254337729,,,,
28383,0.0,-205.462616,1859.866211,1749.489258,-0.0430671106,-0.9985177329,0.0332800401,,,,
28384,0.0,-207.49881,1858.065063,1748.921021,-0.0448149616,-0.9982245601,0.0392345105,,,,
28385,0.0,-209.779922,1856.121704,1748.727417,-0.0451046179,-0.9981708363,0.0402561165,,,,
28386,0.0,-212.862289,1853.518921,1748.67395,-0.0451046179,-0.9981708363,0.0402561165,,,,
28387,0.0,-215.359161,1851.797363,1748.779419,-0.0451046179,-0.9981708363,0.0402561165,,,,
28388,0.0,-218.017456,1850.129639,1748.981934,-0.0451046179,-0.9981708363,0.0402561165,,,,
28389,0.0,-220.742706,1848.569214,1749.145386,-0.0451046179,-0.9981708363,0.0402561165,,,,
28390,0.0,-223.732864,1847.046021,1749.490479,-0.0451046179,-0.9981708363,0.0402561165,,,,
28391,0.0,-226.570435,1845.706299,1749.713623,-0.0451046179,-0.9981708363,0.0402561165,,,,
28392,0.0,-229.519318,1844.490601,1750.093628,-0.0451046179,-0.9981708363,0.0402561165,,,,
28393,0.0,-233.394775,1843.128174,1750.264648,-0.0451046179,-0.9981708363,0.0402561165,,,,
28394,0.0,-236.733627,1842.013794,1750.668091,-0.0451046179,-0.9981708363,0.0402561165,,,,
28395,0.0,-239.988998,1841.125366,1751.00647,-0.0451046179,-0.9981708363,0.0402561165,,,,
28396,0.0,-243.254486,1840.34314,1751.185181,-0.0451046179,-0.9981708363,0.0402561165,,,,
28397,0.0,-246.78952,1839.7146,1751.497559,-0.0451046179,-0.9981708363,0.0402561165,,,,
28398,0.0,-250.243393,1839.145386,1751.588257,-0.0451046179,-0.9981708363,0.0402561165,,,,
28399,0.0,-256.936249,1838.36084,1751.698486,-0.0435655609,-0.9982699823,0.0394852421,,,,
28400,0.0,-260.419647,1838.195557,1751.691772,-0.0307779227,-0.9992397353,0.0239305427,,,,
28401,0.0,-263.997223,1837.821655,1751.738281,-0.0095581876,-0.9997994044,0.0176009111,,,,
28402,0.0,-267.90863,1837.479126,1751.442993,0.011823411,-0.9998213702,0.0147456652,,,,
28403,0.0,-271.062225,1836.774048,1751.23877,0.0348181713,-0.999290195,0.014380581,,,,
28404,0.0,-273.982544,1835.786499,1751.062744,0.0458095594,-0.9988466765,0.014380581,,,,
28405,0.0,-277.147369,1834.763916,1750.737183,0.0479135867,-0.9987479597,0.014380581,,,,
28406,0.0,-280.224182,1833.590088,1750.405151,0.0464923882,-0.9988151264,0.014380581,,,,
28407,0.0,-283.421112,1832.085693,1750.042358,0.0405109442,-0.9990517877,0.0159495736,,,,
28408,0.0,-286.323059,1830.57312,1749.758667,0.0360296089,-0.99920417,0.0171141423,,,,
28409,0.0,-288.995483,1829.10791,1749.705078,0.0331872515,-0.999300166,0.0172564355,,,,
28410,0.0,-291.53717,1827.471558,1749.785156,0.0325864701,-0.9993199375,0.0172564355,,,,
28411,0.0,-295.047028,1825.237061,1749.763306,0.0325864701,-0.9993199375,0.0172564355,,,,
28412,0.0,-297.070923,1823.758423,1750.052856,0.0332676373,-0.9992974931,0.0172564355,,,,
28413,0.0,-300.017365,1821.626587,1750.262329,0.0349851368,-0.9992261299,0.0179772493,,,,
28414,0.0,-303.365753,1819.203857,1750.30188,0.0400903314,-0.9990300189,0.0182150115,,,,
28415,0.0,-305.774475,1817.357666,1750.389526,0.048366983,-0.9986635311,0.0182150115,,,,
28416,0.0,-308.415344,1814.54541,1750.503906,0.0601879113,-0.9980031878,0.019158616,,,,
28417,0.0,-310.125122,1812.493652,1750.438965,0.0674136218,-0.9975254413,0.0199599004,,,,
28418,0.0,-312.0578,1809.845581,1750.272583,0.0819271541,-0.9964349646,0.0201321298,,,,
28419,0.0,-313.840576,1807.112061,1750.244751,0.0946473804,-0.9953072745,0.0201321298,,,,
28420,0.0,-315.116943,1805.002075,1750.273438,0.1049951606,-0.9942689342,0.0201321298,,,,
28421,0.0,-316.632843,1802.022827,1750.276245,0.1229584999,-0.9922075915,0.0201321298,,,,
28422,0.0,-317.814606,1799.425537,1750.24292,0.1335415448,-0.990838712,0.0201321298,,,,
28423,0.0,-318.86911,1796.708008,1750.198242,0.1422183422,-0.9896491209,0.019197931,,,,
28424,0.0,-319.838135,1793.853271,1750.109253,0.148220295,-0.9887684854,0.0191735881,,,,
28425,0.0,-320.57843,1791.427368,1750.014404,0.1498311151,-0.9885256752,0.0191735881,,,,
28426,0.0,-321.413452,1788.317261,1749.87146,0.1501160944,-0.9884824388,0.0191735881,0.1082671886,842.8455026897,1862.3857746569,6.0
28427,0.0,-322.033722,1785.655518,1749.79895,0.1501160944,-0.9884824388,0.0191735881,0.1087606482,843.7685829717,1860.4337487704,6.0
28428,0.0,-322.676117,1782.476318,1749.848633,0.1501160944,-0.9884824388,0.0191735881,0.1093382454,844.8519925047,1858.1794934579,6.0
28429,0.0,-323.246643,1779.271606,1750.012939,0.1492775972,-0.9886094135,0.0191735881,0.1101446184,846.3527797753,1855.0494782677,6.0
28430,0.0,-323.740509,1775.865845,1750.183716,0.1472822616,-0.9889086454,0.0191735881,,,,
28431,0.0,-324.195404,1772.560181,1750.397339,0.1435471336,-0.9894577272,0.0191735881,,,,
28432,0.0,-324.496033,1770.010742,1750.613037,0.1419928234,-0.9896953627,0.0184696296,,,,
28433,0.0,-324.893402,1766.458374,1751.017944,0.1391865249,-0.9900986439,0.0182150115,,,,
28434,0.0,-325.184448,1762.537231,1751.233154,0.1376976374,-0.990306808,0.0182150115,,,,
28435,0.0,-325.563965,1759.387329,1751.808594,0.1376922275,-0.9903075602,0.0182150115,0.1178311952,863.3417140074,1833.2567730928,6.0
28436,0.0,-325.871124,1755.753784,1752.160278,0.1376922275,-0.9903075602,0.0182150115,0.1186484664,863.964493791,1828.6469008133,6.0
28437,0.0,-326.093628,1752.599487,1752.331787,0.1376922275,-0.9903075602,0.0182150115,0.1191715532,863.4371118323,1823.7689570788,6.0
28438,0.0,-326.326447,1748.940063,1752.563965,0.1376922275,-0.9903075602,0.0182150115,0.1196965331,862.6245620265,1818.3063723309,6.0
28439,0.0,-326.454834,1742.218018,1752.787354,0.1525578454,-0.9880766105,0.0207536861,0.1138777992,838.1522370963,1808.4997888632,6.0
28440,0.0,-326.391556,1740.3323975,1752.74762,0.1606285625,-0.9867271356,0.0223290282,0.1105376159,825.1256566751,1805.6843844144,6.0
28441,0.0,-326.189301,1735.172363,1752.662109,0.186438041,-0.9821059531,0.0266224279,0.0998995108,783.3594495254,1798.0059346709,6.0
28442,0.0,-325.942535,1731.663208,1752.53064,0.217816391,-0.9754863586,0.0313430039,0.0873624446,732.7083926009,1792.4722355005,6.0
28443,0.0,-325.664062,1728.426758,1752.352539,0.2403825647,-0.9700765815,0.0341708727,,,,
28444,0.0,-325.256042,1724.943359,1751.823364,0.2629094398,-0.9641038718,0.0371799794,,,,
28445,0.0,-325.074829,1721.910156,1751.315308,0.2769299543,-0.9601306485,0.0381960509,,,,
28446,0.0,-325.028015,1718.422363,1750.788574,0.2909080901,-0.95594689,0.0392176811,,,,
28447,0.0,-325.115234,1715.10376,1750.611938,0.3031464234,-0.952133343,0.0392981311,,,,
28448,0.0,-325.373718,1712.245728,1749.989502,0.3146037013,-0.9485053517,0.0369067612,,,,
28449,0.0,-325.735626,1708.970581,1749.720947,0.3278539235,-0.9441777892,0.0322506918,,,,
28450,0.0,-326.214844,1705.369873,1749.617065,0.343946098,-0.9386827303,0.0239961134,,,,
28451,0.0,-326.560333,1703.019775,1749.512329,0.3566443182,-0.9340810988,0.0172432951,,,,
28452,0.0,-327.059784,1699.382568,1749.563843,0.3829542341,-0.9237514652,0.0054115764,,,,
28453,0.0,-327.563538,1696.285156,1749.739746,0.4006888871,-0.9162050808,-0.0040823661,,,,
28454,0.0,-328.128937,1693.17041,1749.938721,0.4162890964,-0.9091317901,-0.0135194845,,,,
28455,0.0,-328.774872,1690.158813,1750.23999,0.4291371074,-0.9029635714,-0.0223188657,,,,
28456,0.0,-329.635651,1686.494995,1750.3396,0.44487122,-0.8949757201,-0.033287506,,,,
28457,0.0,-330.433105,1683.140503,1750.863403,0.459811685,-0.8869427288,-0.0436555859,,,,
28458,0.0,-331.213318,1679.938843,1751.011597,0.469553604,-0.8810944129,-0.0564982165,,,,
28459,0.0,-331.96582,1676.785034,1751.010376,0.4678010278,-0.8814283787,-0.0651629618,,,,
28460,0.0,-332.785706,1673.539795,1750.956543,0.4540796772,-0.8875163701,-0.0782709362,,,,
28461,0.0,-333.779694,1670.065796,1750.887817,0.4344167082,-0.8957398791,-0.0945102782,,,,
28462,0.0,-334.440918,1667.043823,1750.62915,0.4307071294,-0.8965978998,-0.1029736607,,,,
28463,0.0,-335.283447,1663.854736,1750.142334,0.4310963591,-0.8952347607,-0.1127415295,,,,
28464,0.0,-336.268982,1660.259155,1749.614746,0.4330775868,-0.8930777424,-0.1218849862,,,,
28465,0.0,-336.683655,1657.452637,1747.991943,0.4324984331,-0.8920915876,-0.1308346466,,,,
28466,0.0,-338.014282,1653.090332,1746.53125,0.4234261591,-0.8935905294,-0.1490176286,,,,
28467,0.0,-338.568176,1650.497437,1745.097534,0.4161378438,-0.8940778151,-0.1656929552,,,,
28468,0.0,-339.374237,1646.832275,1743.449463,0.4145177737,-0.8925812519,-0.177408354,,,,
28469,0.0,-340.033142,1643.897339,1740.969727,0.4176617955,-0.8903193812,-0.1813560698,,,,
28470,0.0,-340.819336,1641.024048,1739.78125,0.4225590465,-0.8874916751,-0.1838542327,,,,
28471,0.0,-341.871155,1637.753662,1737.60144,0.4286965871,-0.8844774428,-0.1841708158,,,,
28472,0.0,-342.749878,1635.427368,1736.033936,0.4309178876,-0.8833973538,-0.1841708158,,,,
28473,0.0,-344.312561,1632.880981,1734.236694,0.4325770807,-0.8825860786,-0.1841707986,,,,
28474,0.0,-345.363312,1631.101685,1732.858887,0.4334488903,-0.8821582455,-0.1841708158,,,,
28475,0.0,-345.814423,1629.672363,1732.906006,0.4336521596,-0.8820583399,-0.1841708158,,,,
28476,0.0,-346.249176,1628.38147,1732.970581,0.4337092716,-0.882174507,-0.1834786279,,,,
28477,0.0,-346.639893,1627.213989,1732.938599,0.4330407724,-0.8824085744,-0.1839315017,,,,
28478,0.0,-347.537689,1624.903076,1732.794922,0.4212706979,-0.8875752076,-0.1863900477,,,,
28479,0.0,-347.97702,1623.771973,1732.605957,0.4162320651,-0.8893528547,-0.1892151363,,,,
28480,0.0,-348.573608,1622.647217,1734.294189,0.4123346482,-0.8902564949,-0.1934515734,,,,
28481,0.0,-348.440186,1622.631714,1736.440063,0.4092525049,-0.8909539354,-0.1967573944,,,,
28482,0.0,-348.303528,1622.26001,1738.232666,0.4064170978,-0.8914661869,-0.2002827506,,,,
28483,0.0,-348.330444,1621.582153,1739.615723,0.4026512226,-0.8922742746,-0.2042513448,,,,
28484,0.0,-348.458008,1620.798218,1741.074219,0.3973369533,-0.8939466813,-0.2073226386,,,,
28485,0.0,-348.675476,1620.043457,1742.513428,0.3958204231,-0.8943416701,-0.2085165937,0.0629913904,553.4944869296,1584.5535718402,6.0
28486,0.0,-349.100281,1619.348145,1743.831787,0.3970902399,-0.8935730508,-0.2093956645,0.0626555884,552.0776666581,1584.5897978133,6.0
28487,0.0,-349.591187,1618.955078,1745.232544,0.4016295269,-0.8915058742,-0.2095495152,0.0610834206,545.4391317464,1584.9116430537,6.0
28488,0.0,-350.126617,1618.354248,1746.58667,0.4106904919,-0.8875438948,-0.2088041058,,,,
28489,0.0,-350.87439,1617.735962,1748.036865,0.4128006473,-0.8866096763,-0.2086118584,,,,
28490,0.0,-351.491943,1617.256104,1749.27002,0.4128006473,-0.8866096763,-0.2086118584,,,,
28491,0.0,-352.259674,1616.465332,1750.566772,0.4128006473,-0.8866096763,-0.2086118584,,,,
28492,0.0,-353.072418,1615.728027,1750.638428,0.4128006473,-0.8866096763,-0.2086118584,,,,
28493,0.0,-353.951019,1615.008545,1750.64502,0.4128006473,-0.8866096763,-0.2086118584,,,,
28494,0.0,-354.374268,1614.471436,1750.473511,0.4128006473,-0.8866096763,-0.2086118584,,,,
28495,0.0,-355.416595,1613.863525,1750.491211,0.4128006473,-0.8866096763,-0.2086118584,,,,
28496,0.0,-356.502502,1613.807739,1750.349243,0.4128006473,-0.8866096763,-0.2086118584,,,,
28497,0.0,-357.731506,1613.880005,1750.079834,0.4128006473,-0.8866096763,-0.2086118584,,,,
28498,0.0,-359.285278,1613.446411,1749.992554,0.4128006473,-0.8866096763,-0.2086118584,,,,
28499,0.0,-360.78833,1613.155273,1749.767822,0.4120485799,-0.8869594629,-0.2086117901,,,,
28500,0.0,-362.522095,1613.074829,1749.67981,0.4110766674,-0.8851236765,-0.2181101803,,,,
28501,0.0,-364.29129,1613.106812,1749.671631,0.4077910235,-0.8860273468,-0.2205947004,,,,
28502,0.0,-366.473389,1613.219971,1749.69104,0.409992612,-0.88540083,-0.2190238076,,,,
28503,0.0,-368.633698,1613.718872,1749.78479,0.4181496535,-0.8829542362,-0.2134073195,,,,
28504,0.0,-370.598694,1614.432617,1749.969116,0.4345765674,-0.8765438194,-0.2069157795,,,,
28505,0.0,-372.426208,1615.20166,1750.40918,0.4539014129,-0.8677983491,-0.2022363287,,,,
28506,0.0,-374.38147,1616.027832,1750.81665,0.4720103848,-0.8587742773,-0.1992810508,,,,
28507,0.0,-376.391907,1616.796021,1751.343506,0.483909169,-0.8527818634,-0.1964561262,,,,
28508,0.0,-377.829712,1617.575195,1751.62207,0.4865242152,-0.8514592327,-0.1957328873,,,,
28509,0.0,-379.838684,1618.862793,1751.942993,0.4874752778,-0.850976336,-0.19546644,,,,
28510,0.0,-381.878357,1620.375366,1752.281494,0.4874752778,-0.850976336,-0.19546644,,,,
28511,0.0,-384.078186,1622.36499,1752.58374,0.4882895905,-0.8505092864,-0.1954666967,,,,
28512,0.0,-385.092804,1623.60083,1752.582886,0.4899907945,-0.849530336,-0.1954666967,,,,
28513,0.0,-386.86731,1626.17334,1752.71814,0.4929753923,-0.8475944189,-0.1963643646,,,,
28514,0.0,-388.194885,1628.368896,1752.507935,0.4937840396,-0.8468995462,-0.1973283582,,,,
28515,0.0,-389.2789,1630.573853,1751.900024,0.4936095284,-0.8465638368,-0.1991966457,,,,
28516,0.0,-390.199677,1632.670532,1751.289795,0.4939053444,-0.845353784,-0.2035546379,,,,
28517,0.0,-391.142456,1634.922729,1750.368774,0.4948636085,-0.8434434013,-0.2090771096,,,,
28518,0.0,-391.795471,1637.095825,1750.477905,0.495187554,-0.8421807387,-0.2133562508,,,,
28519,0.0,-392.674042,1639.045654,1749.165894,0.4949147034,-0.8413704836,-0.2171523559,,,,
28520,0.0,-393.370331,1640.981567,1748.06958,0.4946584757,-0.8409350228,-0.2194112119,,,,
28521,0.0,-394.17215,1643.353882,1747.442261,0.494608563,-0.840849901,-0.2198495245,,,,
28522,0.0,-395.258331,1645.882568,1744.200928,0.4907234964,-0.8431230822,-0.2198497628,,,,
28523,0.0,-396.064758,1647.869751,1743.051514,0.4803057284,-0.8492823533,-0.2191481043,,,,
28524,0.0,-397.138794,1649.471069,1740.754761,0.4711369849,-0.8544627041,-0.2189142043,,,,
28525,0.0,-397.935455,1651.1427,1739.937988,0.4682866145,-0.8560281729,-0.2189141702,,,,
28526,0.0,-398.979797,1652.999268,1738.549316,0.4684884143,-0.8559177395,-0.2189142043,,,,
28527,0.0,-399.0249833333,1653.1805423333,1738.5555823333,0.4686762218,-0.8558042668,-0.2189556035,,,,
28528,0.0,-399.0701696667,1653.3618166667,1738.5618486667,0.4688640292,-0.8556907942,-0.2189970027,,,,
28529,0.0,-401.422485,1658.878662,1737.703979,0.494928008,-0.8387242854,-0.2271295664,,,,
28530,0.0,-402.049469,1661.368774,1738.072388,0.5255978178,-0.81653027,-0.2387996065,,,,
28531,0.0,-402.302429,1662.479126,1738.005615,0.5308731654,-0.8113265109,-0.2447916969,,,,
28532,0.0,-402.801727,1663.847778,1738.267944,0.531749834,-0.8103718242,-0.2460480047,,,,
28533,0.0,-403.195953,1664.845581,1738.450684,0.5315481682,-0.8100642446,-0.2474923526,,,,
28534,0.0,-403.78772,1666.326172,1738.677368,0.5327619812,-0.8085762496,-0.2497381027,,,,
28535,0.0,-404.193329,1667.306519,1738.782837,0.5330965545,-0.8076217646,-0.2521014654,,,,
28536,0.0,-404.790009,1668.60791,1738.927124,0.5269248439,-0.8097715568,-0.258108959,,,,
28537,0.0,-405.193512,1669.426758,1738.980469,0.5190045628,-0.8137016986,-0.2617705283,,,,
28538,0.0,-405.63327,1670.383423,1739.100342,0.5134447683,-0.8166560615,-0.2635286456,,,,
28539,0.0,-405.989319,1671.180298,1739.175659,0.5099206552,-0.8183023971,-0.2652585762,,,,
28540,0.0,-406.209198,1671.77478,1740.328369,0.5094544012,-0.8185108067,-0.2655113415,,,,
28541,0.0,-406.679657,1672.530518,1740.391602,0.5094544012,-0.8185108067,-0.2655113415,,,,
28542,0.0,-406.47403,1673.08728,1740.559937,0.5094544012,-0.8185108067,-0.2655113415,,,,
28543,0.0,-406.442383,1673.551392,1741.693115,0.509992317,-0.8181757484,-0.2655113583,,,,
28544,0.0,-406.766846,1674.080444,1743.206421,0.5115426982,-0.8174369765,-0.2648034316,,,,
28545,0.0,-406.789734,1674.644165,1744.836548,0.5135129596,-0.8165473509,-0.2637325616,,,,
28546,0.0,-407.228058,1675.07251,1746.348022,0.5153251621,-0.8157232204,-0.2627462751,,,,
28547,0.0,-407.437256,1675.609497,1747.399902,0.5165823558,-0.8151480631,-0.2620616433,,,,
28548,0.0,-407.721252,1675.877563,1748.914917,0.5198426116,-0.8138604858,-0.2596050246,,,,
28549,0.0,-407.985901,1676.249023,1750.456421,0.5248948695,-0.8128332327,-0.2525618971,,,,
28550,0.0,-408.234589,1676.570435,1751.925171,0.5305249357,-0.8127574952,-0.240766581,,,,
28551,0.0,-408.393646,1676.581055,1753.392456,0.536606095,-0.8133278094,-0.2248372149,,,,
28552,0.0,-408.525452,1676.345459,1754.549438,0.5415844932,-0.814006307,-0.2099523014,,,,
28553,0.0,-408.737152,1675.769287,1755.99585,0.5462502351,-0.8170418756,-0.1845352384,,,,
28554,0.0,-408.750183,1675.209595,1755.969849,0.5477035099,-0.8191854707,-0.1701647138,,,,
28555,0.0,-408.515839,1674.168091,1755.828003,0.5467071442,-0.8243752028,-0.1466861394,,,,
28556,0.0,-407.496368,1673.183594,1755.355835,0.5461447835,-0.8256211124,-0.1416885819,,,,
28557,0.0,-407.841858,1671.453247,1755.629761,0.5432753755,-0.830990056,-0.1196135156,,,,
28558,0.0,-407.630432,1671.373291,1755.181519,0.5428783381,-0.8317455459,-0.1161139822,,,,
28559,0.0,-406.947021,1669.832642,1754.342041,0.541008966,-0.8344278542,-0.1050688098,,,,
28560,0.0,-406.072174,1668.804199,1753.745483,0.540867676,-0.8346959764,-0.1036570503,,,,
28561,0.0,-405.23172,1668.55188,1753.467773,0.5408792811,-0.8347136306,-0.1034541356,,,,
28562,0.0,-404.476013,1668.651978,1753.332153,0.5408792811,-0.8347136306,-0.1034541356,,,,
28563,0.0,-403.419128,1668.403809,1753.156738,0.5408792811,-0.8347136306,-0.1034541356,,,,
28564,0.0,-402.555847,1667.899292,1752.777954,0.5412472513,-0.8344750946,-0.1034539967,,,,
28565,0.0,-401.503815,1667.430298,1752.552246,0.5416356536,-0.8342230475,-0.1034539793,,,,
28566,0.0,-399.572479,1666.825195,1752.293945,0.5431468253,-0.8332399373,-0.1034540141,,,,
28567,0.0,-399.0558775,1666.6973265,1752.2722775,0.5435578324,-0.8329717347,-0.1034540054,,,,
28568,0.0,-398.539276,1666.569458,1752.25061,0.5439688396,-0.832703532,-0.1034539967,,,,
28569,0.0,-396.512329,1665.95459,1752.092651,0.54546854,-0.830711908,-0.1112735267,,,,
28570,0.0,-395.597626,1665.389648,1752.227783,0.5473531505,-0.8277932297,-0.1231377174,,,,
28571,0.0,-395.086273,1664.702393,1752.343018,0.5496633701,-0.8244391708,-0.1347970078,,,,
28572,0.0,-395.056458,1664.288086,1752.471191,0.5508650295,-0.8227349284,-0.1401961369,,,,
28573,0.0,-394.662964,1662.376709,1753.011841,0.5562440575,-0.8150058354,-0.1623515839,,,,
28574,0.0,-393.932343,1661.294678,1752.731689,0.5566735184,-0.8131743924,-0.1698882028,,,,
28575,0.0,-393.338867,1659.869385,1752.683838,0.5567562558,-0.8109207617,-0.1800832857,,,,
28576,0.0,-392.817322,1658.268555,1752.602295,0.5569108647,-0.8092939032,-0.1867984664,,,,
28577,0.0,-392.618225,1657.672729,1752.50647,0.5572951336,-0.8082189676,-0.1902741036,,,,
28578,0.0,-392.309235,1655.562134,1752.610352,0.5580063237,-0.8045432737,-0.2033201009,,,,
28579,0.0,-392.021545,1654.017212,1752.256836,0.5576567696,-0.803701448,-0.2075642305,,,,
28580,0.0,-391.858612,1652.316772,1752.173218,0.5564473122,-0.8032807462,-0.2123827476,,,,
28581,0.0,-392.280762,1650.968384,1751.797119,0.5526104722,-0.8042619945,-0.2185962265,,,,
28582,0.0,-393.035095,1649.783203,1750.565674,0.549776988,-0.8051547249,-0.2224210701,,,,
28583,0.0,-393.979919,1648.361694,1749.673096,0.5469953157,-0.8062255369,-0.2253808072,,,,
28584,0.0,-394.701324,1647.406738,1748.976318,0.5462175058,-0.8063681784,-0.2267527228,,,,
28585,0.0,-394.9343565,1647.121521,1748.5636595,0.5458980341,-0.8064543744,-0.2272143388,,,,
28586,0.0,-396.96582,1644.197876,1744.998291,0.5421625964,-0.8072426486,-0.2332788574,,,,
28587,0.0,-398.174805,1643.105103,1743.25293,0.5415179773,-0.8065829585,-0.2370278704,,,,
28588,0.0,-399.01416,1641.922729,1741.512207,0.5411738449,-0.8060696791,-0.2395465342,,,,
28589,0.0,-399.745758,1640.866211,1740.753662,0.5408376423,-0.8055692754,-0.2419768319,,,,
28590,0.0,-400.786072,1639.626831,1738.520508,0.5399321651,-0.8058047046,-0.2432119141,,,,
28591,0.0,-401.858398,1638.516235,1736.511841,0.5398864014,-0.8058211049,-0.2432591633,,,,
28592,0.0,-402.32782,1638.281494,1736.447998,0.5398864014,-0.8058211049,-0.2432591633,,,,
28593,0.0,-402.552399,1638.311768,1736.612793,0.5398864014,-0.8058211049,-0.2432591633,,,,
28594,0.0,-403.001007,1638.379028,1736.814209,0.5398864014,-0.8058211049,-0.2432591633,,,,
28595,0.0,-403.407623,1638.206177,1736.883911,0.5404218833,-0.8054620986,-0.2432591125,,,,
28596,0.0,-403.558563,1638.671631,1737.053833,0.5418073406,-0.8045308062,-0.2432590955,,,,
28597,0.0,-403.496826,1638.775146,1736.936157,0.5432514669,-0.8036771999,-0.2428596347,,,,
28598,0.0,-403.410339,1638.95166,1736.760498,0.5442407957,-0.8031214285,-0.2424828391,,,,
28599,0.0,-403.332611,1639.070557,1736.67395,0.5462998983,-0.8026678217,-0.2393340534,,,,
28600,0.0,-403.209381,1639.920898,1736.56311,0.5484104134,-0.8021792986,-0.2361236781,,,,
28601,0.0,-403.084778,1639.97937,1736.510986,0.54873524,-0.8022868092,-0.2350010896,,,,
28602,0.0,-402.984497,1639.934937,1736.481567,0.5487517694,-0.8023107359,-0.2348807754,,,,
28603,0.0,-402.841949,1639.890137,1736.466797,0.5487517694,-0.8023107359,-0.2348807754,,,,
28604,0.0,-402.790924,1639.852295,1736.440186,0.5487517694,-0.8023107359,-0.2348807754,,,,
28605,0.0,-402.709015,1639.16272,1737.637817,0.5481462071,-0.802724519,-0.234880996,,,,
28606,0.0,-402.589966,1639.060059,1737.779297,0.5467979029,-0.8038714384,-0.2340999015,,,,
29267,0.0,290.663483,2143.95166,1741.250977,-0.262537416,-0.961950348,0.0756679138,,,,
29268,0.0,290.622894,2143.802979,1739.313965,-0.262537416,-0.961950348,0.0756679138,,,,
29269,0.0,290.582611,2143.655518,1740.736572,-0.262537416,-0.961950348,0.0756679138,,,,
29270,0.0,289.910065,2143.202637,1742.096191,-0.2510397644,-0.9651030622,0.0745326506,,,,
29271,0.0,289.19751,2142.727051,1743.420044,-0.2388464067,-0.9682844328,0.07333247,,,,
29272,0.0,288.470886,2142.223389,1744.754883,-0.2265115607,-0.9713345921,0.0721222781,,,,
29320,0.0,227.24678,2010.633301,1750.805298,-0.5373291192,-0.8422690992,0.0431298299,,,,
29323,0.0,228.007721,2008.188965,1750.764648,-0.539893073,-0.8406663506,0.0423740086,,,,
29324,0.0,228.842133,2004.907593,1750.712646,-0.5513027802,-0.8332764488,0.0414198554,,,,
29325,0.0,229.603729,2001.511841,1750.694458,-0.5713594701,-0.8197100927,0.0402954069,,,,
29827,0.0,-63.644684,554.486938,1740.526611,-0.0100429603,-0.9881918812,0.1528919384,,,,
29828,0.0,-63.647572,554.202026,1740.526611,-0.0100429603,-0.9881918812,0.1528919384,,,,
29829,0.0,-63.649872,553.975952,1740.526611,-0.0100429603,-0.9881918812,0.1528919384,,,,
29830,0.0,-63.652523,553.715088,1740.526611,-0.0100429603,-0.9881918812,0.1528919384,,,,
29831,0.0,-63.672737,550.869446,1740.106201,-0.0024743398,-0.9882398154,0.1528919384,,,,
29832,0.0,-63.683113,547.242615,1740.074219,0.0096554493,-0.9881957408,0.1528919556,,,,
29833,0.0,-63.677784,543.804565,1740.542725,0.0225009601,-0.9881052674,0.1521239209,,,,
29834,0.0,-63.764294,540.113403,1740.668457,0.0391218263,-0.9876144912,0.151944396,,,,
29835,0.0,-63.978146,537.074036,1740.6604,0.0594224953,-0.9867132028,0.1512151528,,,,
29836,0.0,-64.408745,533.365662,1740.6604,0.1012188511,-0.9834714915,0.1501285105,,,,
29837,0.0,-64.953773,530.203552,1740.6604,0.1342994531,-0.9796450342,0.1491953879,,,,
29838,0.0,-65.599976,527.205444,1740.660522,0.1712139215,-0.9742550071,0.1466730183,,,,
29839,0.0,-65.719807,526.6913145,1740.660522,0.1780469798,-0.973088336,0.1461163979,,,,
29840,0.0,-65.839638,526.177185,1740.660522,0.184880038,-0.9719216649,0.1455597775,0.1449508509,783.3309445207,1510.6268103117,3.0
29841,0.0,-67.317284,519.83606,1740.6604,0.296125937,-0.9453460529,0.1364927457,0.0947421743,640.2511044711,1506.9602107441,3.0
29842,0.0,-68.775223,513.233337,1740.64917,0.4003044186,-0.9073339773,0.1284578768,0.0572793253,501.3565302318,1502.9431318322,3.0
29843,0.0,-69.587219,509.645905,1740.321533,0.4505191074,-0.8843000588,0.1226618928,0.0424864422,432.7908858558,1500.7229864282,3.0
29844,0.0,-69.8386,508.568665,1740.194702,0.4629963126,-0.8780011735,0.1214428004,0.0393256513,416.3910600539,1499.5491368874,3.0
29845,0.0,-70.973442,503.137604,1739.417847,0.5424897723,-0.8325002816,0.1124638967,0.0221709221,313.3060404035,1496.17540309,3.0
29846,0.0,-71.751373,499.408844,1738.900879,0.5827596951,-0.8054742237,0.1077144965,0.016323759,268.8149287543,1493.8531284073,3.0
29847,0.0,-72.534409,495.733337,1738.381104,0.6075068052,-0.7873982385,0.1045920442,0.0137533498,246.5213482871,1491.5358650747,3.0
29848,0.0,-73.180466,492.117371,1737.870483,0.6406089114,-0.7611097443,0.1016473306,0.0117965516,228.070699689,1489.2292187096,3.0
29849,0.0,-74.020546,488.593903,1737.37439,0.6626646719,-0.7422564442,0.0996539199,0.011392183,223.8361274311,1487.1409602572,3.0
29850,0.0,-74.254646,487.732819,1737.253174,0.6661474968,-0.7391343439,0.0996390195,0.0114373673,224.2015695597,1486.640561983,3.0
29851,0.0,-76.001183,482.2771,1736.489258,0.6929768771,-0.7141597019,0.0987874892,0.0123316554,232.2359877721,1483.3610442081,3.0
29852,0.0,-77.027596,479.534882,1736.107056,0.7029674998,-0.7043422214,0.0986850006,0.0129607515,237.829140124,1481.9950441088,3.0
29853,0.0,-78.634148,475.635773,1735.565186,0.7161188978,-0.6910959794,0.097775618,0.0139061694,246.0269534273,1480.3999095069,3.0
29854,0.0,-81.282051,469.87677,1734.76062,0.7359696674,-0.66992337,0.097730891,0.0161050474,264.2101685867,1478.1182786856,3.0
29855,0.0,-82.718681,466.970276,1734.319092,0.7465597375,-0.6582027132,0.0970450758,0.0174796767,274.9471524571,1476.9769047232,3.0
29856,0.0,-83.724964,465.0479125,1734.0128175,0.7520179357,-0.651995124,0.0964505218,0.0182261699,280.504515209,1476.2577995675,3.0
29857,0.0,-84.731247,463.125549,1733.706543,0.7574761339,-0.6457875347,0.0958559678,0.0189726632,286.0618779608,1475.5386944118,3.0
29858,0.0,-86.471489,459.994446,1733.198608,0.7614043592,-0.6411563503,0.0958224206,0.0193712037,288.7124047873,1473.959652126,3.0
29859,0.0,-89.503113,454.740601,1732.279541,0.7694889378,-0.6316769833,0.0941857919,0.0202498925,294.7954546432,1472.3268577329,3.0
29860,0.0,-91.385765,451.621857,1732.090698,0.771105585,-0.629743135,0.0939135805,0.0202298331,294.4497608406,1471.3217956012,3.0
29861,0.0,-93.451294,448.20816,1731.947388,0.7714074204,-0.6293733613,0.0939135979,0.0199385792,292.1330845271,1470.2605659513,3.0
29862,0.0,-95.313637,445.119537,1731.570801,0.7714074204,-0.6293733613,0.0939135979,0.0195257893,288.8938453827,1469.0933562785,3.0
29863,0.0,-97.096863,442.160217,1731.017334,0.7714074204,-0.6293733613,0.0939135979,0.0191709122,286.0943081813,1468.1293671088,3.0
29864,0.0,-99.015053,438.976257,1730.216431,0.7714074204,-0.6293733613,0.0939135979,0.0187791449,282.9865399757,1467.1057767503,3.0
29865,0.0,-100.367004,436.731171,1729.517822,0.7714074204,-0.6293733613,0.0939135979,0.0184991406,280.7531678181,1466.3976487352,3.0
29866,0.0,-102.25293,433.604614,1728.365845,0.7718362035,-0.6288474491,0.0939135805,0.0181846375,278.1922953346,1465.4168411556,3.0
29867,0.0,-104.274986,430.251709,1726.899048,0.7720104739,-0.6286334897,0.0939135979,0.017772973,274.8595718938,1464.3811447649,3.0
29868,0.0,-106.094055,427.233765,1725.374756,0.7720104739,-0.6286334897,0.0939135979,0.0173521458,271.4381514981,1463.4284815997,3.0
29869,0.0,-106.660988,423.85495,1724.890381,0.7720104739,-0.6286334897,0.0939135979,0.0170929826,269.0496114367,1461.4106527585,3.0
29870,0.0,-108.564255,420.877136,1722.922119,0.7662068974,-0.6358064658,0.0931511048,0.0153772824,255.1008218913,1460.2697310905,3.0
29871,0.0,-110.638153,418.047638,1720.789551,0.7470776123,-0.6582048719,0.0929590653,0.0121036526,226.411034891,1459.6290473436,3.0
29872,0.0,-112.865685,415.091034,1718.446533,0.6762525469,-0.730886237,0.0921292645,0.0088371516,193.5381396842,1459.0058004198,3.0
29873,0.0,-115.267342,412.053101,1715.838257,0.5848638893,-0.8059939131,0.0911484672,0.0186671914,280.4813944379,1458.4308825504,3.0
29874,0.0,-118.101341,408.937134,1712.917236,0.4564619835,-0.8849763403,0.0919746418,0.0523140455,465.4389682883,1458.1228713671,3.0
29875,0.0,-120.58606,406.860535,1710.655884,0.2997243357,-0.9491597373,0.0962346906,0.1171165056,684.8165736896,1458.3221941789,3.0
29876,0.0,-123.656235,404.174103,1707.433838,0.1219134413,-0.9873377171,0.101495543,,,,
29877,0.0,-126.423798,401.458984,1704.074341,-0.0326192462,-0.9938735276,0.1056001698,,,,
29878,0.0,-129.223587,398.86795,1700.66333,-0.2140968178,-0.9707561251,0.1086052398,,,,
29879,0.0,-131.459579,396.458862,1697.353394,-0.3224643612,-0.9402647389,0.1091739741,,,,
29880,0.0,-133.299911,391.830292,1692.220703,-0.4164203772,-0.902593548,0.1091739741,,,,
29881,0.0,-135.29216,387.888153,1686.631104,-0.480509188,-0.870167779,0.1091739741,,,,
29882,0.0,-137.84462,383.362671,1680.123047,-0.5483820593,-0.8287043025,0.1119209363,,,,
29883,0.0,-139.973907,380.137329,1675.500122,-0.5772662929,-0.808348156,0.1154854354,,,,
29884,0.0,-141.282654,378.059235,1674.088867,-0.5858776406,-0.8015202035,0.1196359207,,,,
29885,0.0,-142.633484,376.220001,1674.099487,-0.5829697684,-0.802727524,0.1255976567,,,,
29886,0.0,-144.616776,374.245819,1674.481567,-0.5814971395,-0.8035331142,0.1272619782,,,,
29887,0.0,-146.49617,372.897797,1674.267822,-0.5814971395,-0.8035331142,0.1272619782,,,,
29888,0.0,-148.552078,371.547638,1674.038574,-0.5814971395,-0.8035331142,0.1272619782,,,,
29889,0.0,-151.050262,370.040283,1673.939575,-0.5814971395,-0.8035331142,0.1272619782,,,,
29890,0.0,-153.577164,368.683472,1673.859497,-0.5814971395,-0.8035331142,0.1272619782,,,,
29891,0.0,-155.290588,367.583069,1674.06311,-0.5814971395,-0.8035331142,0.1272619782,,,,
29892,0.0,-158.399948,365.380798,1674.375488,-0.5814971395,-0.8035331142,0.1272619782,,,,
29893,0.0,-166.318939,364.349792,1676.701294,-0.5814971395,-0.8035331142,0.1272619782,,,,
29894,0.0,-168.576447,362.666595,1676.701294,-0.5814971395,-0.8035331142,0.1272619782,,,,
29895,0.0,-171.226196,360.58551,1676.701294,-0.5814971395,-0.8035331142,0.1272619782,,,,
29896,0.0,-173.581238,358.540894,1676.701294,-0.5814971395,-0.8035331142,0.1272619782,,,,
30033,0.0,-412.365997,43.540668,1728.701294,-0.7549534138,0.6484550968,0.0977309084,,,,
30034,0.0,-412.437683,43.602234,1728.701294,-0.7549534138,0.6484550968,0.0977309084,,,,
30035,0.0,-412.526459,43.678524,1728.701294,-0.7549534138,0.6484550968,0.0977309084,,,,
30036,0.0,-412.544495,43.694,1728.701294,-0.7549534138,0.6484550968,0.0977309084,,,,
30037,0.0,-413.906372,45.922977,1728.701294,-0.7653113566,0.6359323158,0.0994415264,,,,
30038,0.0,-415.254608,48.205467,1728.701294,-0.7749233811,0.6239105109,0.1011406335,,,,
30039,0.0,-416.572815,50.491982,1728.701294,-0.7904767944,0.6036008215,0.1039831039,,,,
30040,0.0,-418.685638,53.575851,1728.701294,-0.8158885997,0.5680666191,0.1078244365,,,,
30041,0.0,-420.127411,55.516651,1728.701294,-0.8417184997,0.52895955,0.1082208932,,,,
30114,0.0,-635.553894,191.570724,1712.731812,-0.6476532894,-0.7492111448,0.1386646212,,,,
30115,0.0,-635.64624,191.463806,1712.838867,-0.6476532894,-0.7492111448,0.1386646212,,,,
30116,0.0,-635.710449,191.389542,1712.884277,-0.6476532894,-0.7492111448,0.1386646212,,,,
30117,0.0,-635.650146,191.459305,1713.130005,-0.6476532894,-0.7492111448,0.1386646212,,,,
30118,0.0,-637.915344,192.786118,1712.633301,-0.6429493402,-0.7532517964,0.1386646212,,,,
30119,0.0,-640.440063,194.105011,1712.089111,-0.637415768,-0.7579401406,0.1386646385,,,,
30120,0.0,-644.52002,195.11412,1710.63501,-0.6297574646,-0.7643151534,0.1386646385,,,,
30121,0.0,-647.277222,195.930786,1709.708252,-0.6244098036,-0.7686901296,0.1386646385,,,,
30122,0.0,-651.033142,197.613419,1708.537109,-0.6124801734,-0.7783764388,0.1378338015,,,,
32381,0.0,1912.262329,491.517029,1676.653442,-0.9869031798,0.159376527,0.0249246124,0.067796515,401.7224028025,1109.9308842345,5.0
32382,0.0,1912.247925,491.512299,1676.647461,-0.9869031798,0.159376527,0.0249246124,0.0681027419,403.8788029031,1113.465457304,5.0
32383,0.0,1912.344727,491.449402,1676.627808,-0.9869031798,0.159376527,0.0249246124,0.068168788,404.964828638,1115.9376509377,5.0
32384,0.0,1911.6201785,491.5012665,1676.178162,-0.9871907236,0.1575645868,0.0249901203,0.067453843,402.8539914966,1115.7981549955,5.0
32385,0.0,1910.89563,491.553131,1675.728516,-0.9874782674,0.1557526465,0.0250556282,0.0667388979,400.7431543553,1115.6586590533,5.0
32386,0.0,1907.892578,492.354462,1674.484741,-0.990334219,0.1362888386,0.0257582454,0.0601057877,381.9241600776,1118.4844791773,5.0
32387,0.0,1906.580566,494.091248,1674.116455,-0.9927342582,0.1173956963,0.02639968,0.0542832803,363.9712447647,1119.9386337476,5.0
32388,0.0,1903.778687,498.154724,1674.001099,-0.9965361137,0.0787102984,0.0268414408,0.043371511,326.7979884056,1121.8193121919,5.0
32389,0.0,1901.998657,500.814453,1674.01416,-0.9982291816,0.0526724573,0.0276425985,0.0366946928,301.4045018467,1122.933882858,5.0
32390,0.0,1900.565674,502.899445,1674.024414,-0.9988365214,0.0389348161,0.028454939,0.0335008319,288.5558043205,1124.2299096641,5.0
32391,0.0,1897.8479,506.612701,1674.012695,-0.9992786974,0.0238258109,0.0295705199,0.0304674062,275.7018115506,1125.4865049937,5.0
32392,0.0,1895.946533,509.109833,1674.049927,-0.9993725452,0.0192729142,0.0297165049,0.0298096189,272.9692768295,1126.3709997364,5.0
32393,0.0,1893.464355,512.313599,1674.105835,-0.999396006,0.0180153414,0.0297165049,0.0300257503,274.3386733498,1128.0018834733,5.0
32394,0.0,1891.330566,514.940918,1674.218628,-0.999396006,0.0180153414,0.0297165049,0.0304606911,276.5702399347,1129.1541733386,5.0
32395,0.0,1889.278931,517.468445,1674.382812,-0.999396006,0.0180153414,0.0297165049,0.0308689507,278.664511877,1130.2731767236,5.0
32396,0.0,1887.391602,519.750183,1674.493164,-0.9993768872,0.0180149967,0.0303528788,0.0312462176,280.5837344694,1131.2746678845,5.0
32397,0.0,1885.41687,522.341858,1674.580078,-0.9993438882,0.0192574433,0.0306748119,0.0319568219,284.0454283105,1132.6316703511,5.0
32398,0.0,1883.103638,525.417542,1674.656616,-0.9992066075,0.0263384914,0.0298737241,0.0341870208,294.0644469213,1134.3335914258,5.0
32399,0.0,1881.253784,527.822266,1674.64856,-0.99909296,0.0323649199,0.0276725369,0.0360866697,302.2934946735,1135.5185682788,5.0
32400,0.0,1878.678589,531.211548,1674.645874,-0.9984284979,0.0513831959,0.0223674261,0.0417447296,325.1674132206,1137.2908309447,5.0
32401,0.0,1878.005615,532.132446,1674.509033,-0.9980748756,0.0584874784,0.0206338949,0.0439252029,333.5167791694,1137.8056118255,5.0
32402,0.0,1874.319336,536.707642,1673.967285,-0.9947169454,0.1021591185,0.0100852839,0.0583721733,383.9016932947,1140.3393274835,5.0
32403,0.0,1872.194702,539.444824,1672.940552,-0.9924345613,0.1226651446,0.0051868858,0.0660265872,408.0833485253,1141.9949918917,5.0
32404,0.0,1868.382812,543.916931,1670.657471,-0.9892501456,0.1462204337,-0.0019323924,0.0756932039,436.8620498499,1144.6658289979,5.0
32405,0.0,1867.226562,545.3051755,1670.2613525,-0.9882486477,0.1526859782,-0.0028275157,0.0784830336,444.8403119727,1145.6763548764,5.0
32406,0.0,1866.070312,546.69342,1669.865234,-0.9872471498,0.1591515226,-0.0037226391,0.0812728632,452.8185740956,1146.686880755,5.0
32407,0.0,1862.47998,550.700928,1665.887207,-0.9861505652,0.1658256065,-0.0029884705,0.0846469606,463.0625993649,1150.031148757,5.0
32408,0.0,1861.4859615,551.503693,1664.682495,-0.9859197934,0.1671936541,-0.0025073546,0.0852957005,465.0337727091,1150.7276257617,5.0
32409,0.0,1859.047485,554.141907,1661.272827,-0.9854998497,0.1696654616,-0.0019176619,0.0866802629,469.6339760979,1153.2026269033,5.0
32410,0.0,1858.024414,555.803406,1659.059692,-0.9854718679,0.1698279154,-0.0019174699,0.0869746038,471.1835583297,1155.137094178,5.0
32411,0.0,1856.661865,557.766479,1658.035889,-0.9853150642,0.1707432184,-0.0009887114,0.0874285088,473.4886348634,1157.9083468755,5.0
32412,0.0,1855.768921,559.219543,1656.64502,-0.9854564606,0.1699090309,0.0025466421,0.0870499575,473.4075216434,1160.109699636,5.0
32413,0.0,1854.937012,560.311096,1656.614014,-0.9855890609,0.1690501058,0.0060220302,0.0865016301,472.7895596455,1162.0951364038,5.0
32414,0.0,1854.612671,560.675842,1656.614014,-0.9856382432,0.1687167298,0.0072054597,0.0862265463,472.3827435726,1162.8622317911,5.0
32415,0.0,1853.147949,562.174011,1656.376831,-0.9858915125,0.1670577238,0.0104710337,0.0847206205,469.951011425,1166.653687723,5.0
32416,0.0,1852.406372,562.651855,1656.483521,-0.986156274,0.1653707445,0.0121786763,0.0834991238,467.5214366062,1168.7081121637,5.0
32417,0.0,1852.230957,562.732452,1656.57959,-0.9862456533,0.1648029143,0.0126093194,0.0831564305,466.7344443796,1169.0412737301,5.0
32418,0.0,1851.123291,563.743469,1656.84082,-0.9873454339,0.157786664,0.0158859295,0.0793670136,458.29352785,1173.8200213144,5.0
32419,0.0,1850.397339,563.820618,1657.373657,-0.9884888702,0.1500823355,0.0191061784,0.0754690901,448.4825921263,1176.7889678308,5.0
32420,0.0,1850.173706,564.022644,1657.425537,-0.9886355174,0.1491046187,0.0191735881,0.0747853177,446.9779082848,1177.9810518793,5.0
32421,0.0,1849.667969,564.082581,1657.487549,-0.9891760887,0.1454752183,0.0191735881,0.0724483764,441.2422164663,1180.7548001312,5.0
32422,0.0,1849.279297,564.477539,1657.670166,-0.9897637976,0.141421351,0.0191735881,0.0701184978,435.2969652666,1183.3249346733,5.0
32423,0.0,1848.972778,565.17688,1658.137451,-0.9908434041,0.1336477539,0.0191735881,0.0664396597,425.0540371925,1185.9095895336,5.0
32424,0.0,1848.814453,565.588318,1658.483643,-0.9912604149,0.1305188236,0.0191735881,0.0646995721,420.3089647279,1187.8011808274,5.0
32425,0.0,1848.729492,566.035339,1658.868286,-0.9914076427,0.1292883307,0.0198850057,0.0635904702,417.4160464063,1189.5275813289,5.0
32426,0.0,1848.70459,566.384033,1659.234741,-0.9917234512,0.1264822875,0.0220641628,0.0619269011,412.6786304279,1191.2069808452,5.0
32427,0.0,1848.716675,566.567383,1659.401855,-0.9922564011,0.1215682232,0.0254637305,0.0595068369,405.3361824022,1192.8226615022,5.0
32428,0.0,1848.682251,566.33606,1659.543945,-0.9925353851,0.118847109,0.0273655625,0.0581048587,400.8491972046,1193.3337009827,5.0
32429,0.0,1848.724731,566.583008,1659.834961,-0.9931625078,0.1121741887,0.0323293128,0.0547267058,390.1958515746,1195.8939865408,5.0
32430,0.0,1848.734009,566.632141,1659.883545,-0.9933990891,0.1091726762,0.0352076196,0.0531021687,385.084990389,1197.6471394241,5.0
32431,0.0,1848.768921,566.809509,1660.01123,-0.9937161926,0.105589371,0.0371350682,0.0513716826,379.4089864707,1199.1712646602,5.0
32432,0.0,1848.972534,567.021851,1660.174072,-0.9939357238,0.1023950747,0.0400877236,0.0497302066,374.0084809114,1200.9473582575,5.0
32433,0.0,1848.771484,566.790527,1660.124268,-0.993946237,0.1022268216,0.0402561165,0.0488832859,371.2892241869,1202.2382046671,5.0
32434,0.0,1848.945557,566.860718,1660.179321,-0.993946237,0.1022268216,0.0402561165,0.0485665221,370.3617460331,1203.0418774453,5.0
32435,0.0,1849.37915,567.107971,1660.232666,-0.993946237,0.1022268216,0.0402561165,0.0477826243,368.0265051033,1204.9804789631,5.0
32436,0.0,1850.091797,567.437683,1660.353271,-0.993946237,0.1022268216,0.0402561165,0.047056591,365.9127279308,1207.0422054876,5.0
32437,0.0,1850.547485,567.596008,1660.416138,-0.993946237,0.1022268216,0.0402561165,0.0463200006,363.5773580034,1208.609033696,5.0
32438,0.0,1851.03833,567.737,1660.497314,-0.993946237,0.1022268216,0.0402561165,0.0456028571,361.2627881563,1210.0986973819,5.0
32439,0.0,1851.757935,567.914062,1660.641846,-0.993946237,0.1022268216,0.0402561165,0.0446576138,358.1406084162,1211.9770685944,5.0
32440,0.0,1851.549927,567.862427,1660.605225,-0.993946237,0.1022268216,0.0402561165,0.0439727261,355.6186105513,1212.5658489575,5.0
32441,0.0,1851.573242,567.713928,1660.588867,-0.9937873403,0.1037601435,0.0402561165,0.0436941279,354.7401511001,1213.3341737708,5.0
32442,0.0,1852.209595,568.048279,1660.662354,-0.9932327089,0.1095080505,0.038688149,0.0439927048,356.5396766499,1215.436569614,5.0
32443,0.0,1852.3859865,568.1503295,1660.676758,-0.9932202714,0.1096817809,0.038514138,0.0435449108,354.9504029436,1216.1054365652,5.0
32444,0.0,1852.562378,568.25238,1660.691162,-0.9932078339,0.1098555113,0.0383401269,0.0430971167,353.3611292373,1216.7743035164,5.0
32445,0.0,1852.687378,568.31781,1660.722046,-0.9932078339,0.1098555113,0.0383401269,0.0424501903,350.9499099793,1217.4437484543,5.0
32446,0.0,1853.144653,568.298584,1660.857056,-0.9935314556,0.1066533036,0.0389912757,0.0400641539,341.6089481314,1219.0747116921,5.0
32447,0.0,1853.2651975,568.2723695,1660.9036255,-0.9937034518,0.1046320988,0.0400053808,0.0390597468,337.4897716478,1219.5602252043,5.0
32448,0.0,1853.385742,568.246155,1660.950195,-0.993875448,0.1026108939,0.0410194858,0.0380553397,333.3705951642,1220.0457387165,5.0
32449,0.0,1851.945435,568.244995,1660.609253,-0.995222714,0.0848843281,0.0482327736,0.0322918445,307.4901124059,1219.8442571476,5.0
32450,0.0,1851.993652,568.210693,1660.620361,-0.9955348095,0.0799820637,0.0501329496,0.0305822279,299.509116625,1220.4122546383,5.0
32451,0.0,1852.041138,568.180115,1660.606567,-0.9957407967,0.0765464909,0.0513896922,0.0291599494,292.7222518842,1221.0590440638,5.0
32452,0.0,1852.265503,568.135437,1660.658569,-0.9959493073,0.0729277607,0.0525977088,0.0275464114,284.8619729114,1222.076989684,5.0
32453,0.0,1852.414795,568.108215,1660.69043,-0.9960015514,0.0707158769,0.0545909726,0.0264333062,279.3009105222,1222.843006533,5.0
32454,0.0,1852.609985,568.094116,1660.759888,-0.9960020475,0.0706857919,0.0546208778,0.0258080543,276.1955812773,1223.6139123178,5.0
32455,0.0,1852.788086,568.081482,1660.838867,-0.9960020475,0.0706857919,0.0546208778,0.0252134626,273.1991030185,1224.3425533552,5.0
32456,0.0,1852.965576,568.068909,1660.916016,-0.9960020475,0.0706857919,0.0546208778,0.0247036176,270.59933103,1224.9836896563,5.0
32457,0.0,1853.200439,568.052246,1661.022949,-0.9960020475,0.0706857919,0.0546208778,0.0240889609,267.4077396109,1225.6917006176,5.0
32458,0.0,1853.230591,568.05011,1661.033081,-0.9960020475,0.0706857919,0.0546208778,0.0235248587,264.3874638863,1226.1163077356,5.0
32459,0.0,1853.430786,568.035889,1661.11377,-0.9960020475,0.0706857919,0.0546208778,0.0229713043,261.4350122898,1226.7736389711,5.0
32460,0.0,1853.577271,568.025452,1661.164795,-0.9960020475,0.0706857919,0.0546208778,0.0223897524,258.2593518996,1227.3291779041,5.0
32461,0.0,1853.748291,568.013367,1661.219482,-0.9958965907,0.0706783077,0.0565204164,0.0218227067,255.136751052,1227.9653350302,5.0
32462,0.0,1852.174683,568.125061,1660.811646,-0.995851514,0.0706751087,0.0573130971,0.0214125521,252.4901082988,1226.6835116374,5.0
32463,0.0,1852.319092,568.114746,1660.83374,-0.9957881822,0.070670614,0.0584085646,0.0208081914,249.0367959986,1227.163446821,5.0
32464,0.0,1852.48584,568.102966,1660.863525,-0.9957857816,0.0706704437,0.058449684,0.020287058,246.0115029542,1227.5657640833,5.0
32465,0.0,1852.626587,568.092957,1660.924561,-0.9957336414,0.0706667433,0.0593357132,0.019745064,242.8137232101,1227.9576906342,5.0
32466,0.0,1852.716553,568.086609,1660.97522,-0.9957294262,0.0706664441,0.0594067621,0.0192633451,239.9235481935,1228.2694616693,5.0
32467,0.0,1852.86084,568.076294,1661.057129,-0.9957294262,0.0706664441,0.0594067621,0.0187278439,236.6803066785,1228.700865771,5.0
32468,0.0,1852.910034,568.072815,1661.142822,-0.9957294262,0.0706664441,0.0594067621,0.0181841908,233.3057724121,1228.9857573445,5.0
32469,0.0,1853.020386,568.064941,1661.237305,-0.9957294262,0.0706664441,0.0594067621,0.0177091957,230.3367200654,1229.3628250449,5.0
32470,0.0,1852.968384,568.068726,1661.227661,-0.9957294262,0.0706664441,0.0594067621,0.0172075546,227.1703486511,1229.8536611514,5.0
32471,0.0,1853.068359,568.061646,1661.426025,-0.9957294262,0.0706664441,0.0594067621,0.0166909937,223.8569783099,1230.3660777394,5.0
32472,0.0,1853.10437,568.07019,1661.526001,-0.9957077049,0.0723289202,0.0577468074,0.0164724569,222.550875867,1231.206784645,5.0
32473,0.0,1851.66748,568.184204,1663.03125,-0.9957919337,0.0735198873,0.0547106104,0.0161451081,220.2916728154,1230.8996586225,5.0
32474,0.0,1851.667236,568.184387,1663.03125,-0.9960387132,0.0735682409,0.0499459278,0.0155321311,216.3202087613,1232.1385181959,5.0
32475,0.0,1851.667236,568.184387,1663.03125,-0.9962019868,0.0735803004,0.0465568568,0.0150528551,213.1904590195,1233.342937369,5.0
32476,0.0,1851.6698,568.176636,1663.03125,-0.9964608738,0.0726613412,0.0422617624,0.0143160716,208.24083783,1235.0908707969,5.0
32477,0.0,1851.672363,568.168762,1663.03125,-0.9966103128,0.0717154717,0.0403085036,0.0137283084,204.2286087996,1236.7694205268,5.0
32478,0.0,1851.672485,568.168396,1663.03125,-0.9966489476,0.0716921119,0.0393842138,0.0133555406,201.7350106385,1238.4841815343,5.0
32479,0.0,1851.672485,568.168396,1663.03125,-0.9966523281,0.0716923551,0.0392981311,0.0130132285,199.4431247367,1240.3065991809,5.0
32480,0.0,1851.672485,568.168396,1663.03125,-0.9966523281,0.0716923551,0.0392981311,0.0126770682,197.1666086209,1242.1948690396,5.0
32481,0.0,1851.677368,568.153748,1663.03125,-0.9968076809,0.0699436765,0.0385010321,0.011733388,190.3336865881,1246.1394173592,5.0
32482,0.0,1851.678833,568.149292,1663.03125,-0.9968659221,0.0694039248,0.0379583905,0.0114654249,188.3098239228,1247.2276529517,5.0
32483,0.0,1851.685303,568.130005,1663.03125,-0.9971106919,0.0670874897,0.0356305615,0.0106234078,181.703239956,1249.8912930867,5.0
32484,0.0,1851.685486,568.129303,1663.03125,-0.9971353551,0.0670065888,0.0350841127,0.0104553377,180.4046336801,1250.8889532226,5.0
32485,0.0,1851.685669,568.128601,1663.03125,-0.9971600183,0.066925688,0.0345376639,0.0102872675,179.1060274042,1251.8866133585,5.0
32486,0.0,1851.678467,568.150391,1663.03125,-0.9971281515,0.0695498706,0.0299710699,0.0100700663,177.7473866246,1255.6487445708,5.0
32487,0.0,1851.677612,568.152832,1663.03125,-0.9971166578,0.0698567529,0.029637895,0.0100745412,177.8293817977,1255.9503604718,5.0
32488,0.0,1851.658447,568.212402,1663.03125,-0.9967602209,0.0769703784,0.023337157,0.0105147694,182.2151830772,1259.8369018172,5.0
32489,0.0,1851.642212,568.265198,1663.03125,-0.9963160547,0.0832675975,0.0205140511,0.0111470859,187.8782679197,1261.8116721169,5.0
32490,0.0,1851.640015,568.272888,1663.03125,-0.9962491737,0.0841562912,0.0201321298,0.0109848792,186.8368023078,1263.9961209367,5.0
32491,0.0,1851.640015,568.272888,1663.03125,-0.9962491737,0.0841562912,0.0201321298,0.0107196848,184.8783820402,1266.0391357377,5.0
32492,0.0,1851.640015,568.272888,1663.03125,-0.9962491737,0.0841562912,0.0201321298,0.0104458515,182.8176914732,1268.1435453546,5.0
32493,0.0,1851.640015,568.272888,1663.03125,-0.9962491737,0.0841562912,0.0201321298,0.0101753491,180.7450509079,1270.235810089,5.0
32494,0.0,1851.637817,568.279541,1663.03125,-0.9961966602,0.0849636498,0.019323362,0.0100333913,179.7541914551,1272.1322310913,5.0
32495,0.0,1851.631592,568.301331,1663.03125,-0.9959924555,0.0875314983,0.018364788,0.0101011089,180.6642531035,1274.3015093708,5.0
32496,0.0,1851.628296,568.312683,1663.03125,-0.9958932266,0.0888611648,0.0173313164,0.0099770753,179.8753859099,1276.5595338693,5.0
32497,0.0,1851.628052,568.313293,1663.03125,-0.9958878651,0.0889357948,0.0172564355,0.0096952753,177.6424251809,1278.8123852855,5.0
32498,0.0,1851.628052,568.313293,1663.03125,-0.9958878651,0.0889357948,0.0172564355,0.0094141119,175.345570404,1280.8983367328,5.0
32499,0.0,1851.628052,568.313293,1663.03125,-0.9958878651,0.0889357948,0.0172564355,0.0090953221,172.6732592058,1283.1895399571,5.0
32500,0.0,1851.630005,568.30658,1663.03125,-0.9959591648,0.0881337478,0.0172564355,0.0087450605,169.5500584756,1284.8519873533,5.0
32501,0.0,1851.63269,568.297241,1663.03125,-0.9960542952,0.087052036,0.017256418,0.0082804233,165.2785588425,1286.9928988882,5.0
32502,0.0,1851.63269,568.296997,1663.03125,-0.996056566,0.0870260463,0.0172564355,0.0080258259,162.9337536843,1288.618448381,5.0
32503,0.0,1851.632812,568.296997,1663.03125,-0.996056566,0.0870260463,0.0172564355,0.0077476198,160.3141071638,1290.3734351505,5.0
34727,0.0,-977.848694,1135.562378,1750.563477,0.9988619213,0.0181973004,0.0440876446,0.0082660355,107.0283583916,834.1315873439,5.0
34728,0.0,-977.695007,1135.805664,1750.527344,0.9988619213,0.0181973004,0.0440876446,0.0082561827,106.7899227975,832.7677254563,5.0
34729,0.0,-978.124878,1128.510254,1750.524414,0.9988504622,0.0188157826,0.0440876446,0.0074478787,101.5535620898,833.6313103716,5.0
34730,0.0,-978.028809,1128.497681,1750.503418,0.9988392506,0.0194018322,0.0440876446,0.0074009255,101.2758214846,833.9745482546,5.0
34731,0.0,-977.861328,1129.733643,1750.478027,0.9988252927,0.0201075688,0.0440876446,0.0076657595,103.1500672552,834.6623444658,5.0
34732,0.0,-977.34021,1131.829468,1750.420898,0.9988105498,0.0208270322,0.0440876446,,,,
34733,0.0,-975.422058,1137.643555,1750.102783,0.9987113062,0.0251397379,0.0440876446,,,,
34734,0.0,-974.659729,1139.4553225,1749.984131,0.9986071048,0.0287580714,0.0440876446,,,,
34735,0.0,-972.87207,1143.387207,1749.704102,0.9982888195,0.0384150024,0.0440876446,,,,
34736,0.0,-971.890564,1145.4050905,1749.5700075,0.998131124,0.0421493504,0.0440876534,,,,
34737,0.0,-970.909058,1147.422974,1749.435913,0.9979734286,0.0458836984,0.0440876621,,,,
34738,0.0,-967.833374,1153.045532,1749.048096,0.9970518243,0.0644493461,0.0416406234,0.011344002,114.1131783299,759.7536973773,6.0
34739,0.0,-965.902954,1156.315918,1748.814697,0.9963220853,0.0755463662,0.040435739,0.0137193181,125.2022148626,758.4473522087,6.0
34740,0.0,-963.974426,1159.4104,1748.60083,0.9955743835,0.0852793127,0.0394852595,0.0162758148,136.0679430263,757.2578880201,6.0
34741,0.0,-962.195557,1162.194824,1748.43689,0.9948946854,0.0932362549,0.0386207947,0.0186854143,145.4734718966,756.0590565424,6.0
34742,0.0,-959.667297,1166.134888,1748.248535,0.9936973404,0.1059981866,0.0364688913,0.0228416182,160.6124162679,755.7792275035,6.0
34743,0.0,-958.266479,1168.321411,1748.108276,0.9931127132,0.1115741311,0.0357540521,0.0248896931,167.5749167521,755.794215381,6.0
34744,0.0,-955.855591,1172.296631,1747.919067,0.9922183267,0.1195938631,0.0346424605,0.0283537657,178.5995269784,755.3712206236,6.0
34745,0.0,-953.75946,1175.354614,1747.968628,0.9916811818,0.1242642618,0.0335682423,0.0309342235,186.3009567535,754.8581764613,6.0
34746,0.0,-951.887024,1178.104614,1748.053589,0.9910002637,0.1298223456,0.0326287579,0.0336866487,193.8376415188,753.152373581,6.0
34747,0.0,-950.416382,1180.304199,1748.230713,0.99072335,0.1320964402,0.0319025731,0.0355400757,198.8592791989,752.6015353151,6.0
34748,0.0,-948.368958,1183.388428,1748.484253,0.9904294958,0.1343456827,0.0316330733,0.037990146,205.5001674808,752.7072634013,6.0
34749,0.0,-946.130188,1186.529785,1748.589478,0.9902520364,0.1356475325,0.0316330733,0.0403088181,211.6598438487,753.0860800686,6.0
34750,0.0,-944.205933,1189.270386,1748.781982,0.9902636873,0.1357511311,0.0308133081,0.0420021614,216.0207494344,753.2749835945,6.0
34751,0.0,-942.254456,1192.069946,1748.870605,0.9902679083,0.1357517097,0.0306747945,0.0436841066,220.2664352079,753.4719734938,6.0
34752,0.0,-941.605774,1192.964966,1748.870605,0.9902679083,0.1357517097,0.0306747945,0.0442351836,221.6396602378,753.5381491327,6.0
34753,0.0,-938.146606,1197.755249,1748.767822,0.9902679083,0.1357517097,0.0306747945,0.0471977523,228.8683856804,753.869225471,6.0
34754,0.0,-936.207764,1200.37561,1748.727783,0.9902679083,0.1357517097,0.0306747945,0.0488507873,232.7958332637,754.0396402278,6.0
34755,0.0,-933.87262,1203.693115,1748.375977,0.9902679083,0.1357517097,0.0306747945,0.050938708,237.6704447324,754.2902044911,6.0
34756,0.0,-932.155457,1206.000366,1748.317261,0.9902679083,0.1357517097,0.0306747945,0.0524309725,241.0854112932,754.4501419573,6.0
34757,0.0,-929.93573,1209.151367,1747.886719,0.9902679083,0.1357517097,0.0306747945,0.0544630143,245.6708378646,754.7150736991,6.0
34758,0.0,-929.852295,1210.548096,1750.701294,0.9902679083,0.1357517097,0.0306747945,0.0553907754,248.2935312041,756.5375906708,6.0
34759,0.0,-928.142395,1212.644897,1750.701294,0.9902679083,0.1357517097,0.0306747945,0.0568020238,251.3664450641,756.6009354185,6.0
34760,0.0,-925.230835,1215.789795,1750.701294,0.9902679083,0.1357517097,0.0306747945,0.0601590481,258.82312566,757.6515883332,6.0
34761,0.0,-923.381104,1217.567871,1750.701294,0.9902679083,0.1357517097,0.0306747945,0.0614423524,261.4194004725,757.4684295757,6.0
34762,0.0,-920.319702,1220.219116,1750.701294,0.9902679083,0.1357517097,0.0306747945,0.0633069273,265.0748204084,757.0288991671,6.0
34763,0.0,-917.875244,1222.117432,1750.701294,0.9902679083,0.1357517097,0.0306747945,0.0645055742,267.3638869127,756.6728668609,6.0
34764,0.0,-915.368225,1223.901489,1750.701294,0.9902679083,0.1357517097,0.0306747945,0.0656271207,269.509101117,756.4176658122,6.0
34765,0.0,-911.977722,1226.096191,1750.701294,0.9902679083,0.1357517097,0.0306747945,0.0671081112,272.3600209131,756.2268089758,6.0
34766,0.0,-909.443237,1227.587891,1750.701294,0.9902679083,0.1357517097,0.0306747945,0.0682277294,274.505617754,756.1236350671,6.0
34767,0.0,-906.097351,1229.411377,1750.701294,0.9902679083,0.1357517097,0.0306747945,0.069683119,277.4352526758,756.4557867518,6.0
34768,0.0,-903.437439,1230.743652,1750.701294,0.9902679083,0.1357517097,0.0306747945,0.0709917526,279.8362152652,756.1934775632,6.0
34769,0.0,-900.810242,1231.968628,1750.701294,0.9904590958,0.1343496802,0.0306747945,0.0717687554,281.2256093234,755.9752916846,6.0
34770,0.0,-897.364258,1233.469604,1750.701294,0.9906598292,0.1330472003,0.0298587558,0.0729946745,283.2669488712,755.2815206757,6.0
34771,0.0,-893.800049,1234.904053,1750.701294,0.9909594141,0.1310402424,0.0287731567,0.0739545141,284.6054206981,754.0975919364,6.0
34772,0.0,-891.054871,1235.938599,1750.701294,0.9910694239,0.1302089269,0.0287581705,0.0749234885,286.022437205,753.1250798033,6.0
34773,0.0,-887.459412,1237.209717,1750.701294,0.9913516713,0.1282448533,0.027841001,0.0758499209,287.2216006232,751.8307084627,6.0
34774,0.0,-884.724609,1238.128906,1750.701294,0.9913633714,0.1281633154,0.0277998271,0.0770846182,289.0726116549,750.8323853359,6.0
34775,0.0,-878.156189,1240.173584,1750.701294,0.9913633714,0.1281633154,0.0277998271,0.1049986955,366.0284836363,820.5747974653,0.0
34776,0.0,-876.423004,1240.6713865,1750.701294,0.9913633714,0.1281633154,0.0277998271,0.106277488,368.2639391144,820.8960855749,0.0
34777,0.0,-874.689819,1241.169189,1750.701294,0.9913633714,0.1281633154,0.0277998271,0.1075562805,370.4993945926,821.2173736846,0.0
34778,0.0,-870.690979,1242.258057,1750.701294,0.9913633714,0.1281633154,0.0277998271,0.1097518747,374.1763178901,821.5063323244,0.0
34779,0.0,-864.580933,1243.806885,1750.701294,0.9913633714,0.1281633154,0.0277998271,0.1140398567,382.1691305794,824.0641435242,0.0
34780,0.0,-860.827026,1244.701538,1750.701294,0.9913633714,0.1281633154,0.0277998271,0.1159403453,382.975734174,819.4201471433,0.0
34781,0.0,-857.707947,1245.415161,1750.701294,0.9913633714,0.1281633154,0.0277998271,0.1181002741,385.74006149,818.2218128528,0.0
34782,0.0,-853.818542,1246.27124,1750.701294,0.9913633714,0.1281633154,0.0277998271,0.1208225918,389.2256948551,816.852302228,0.0
34783,0.0,-850.486694,1246.977051,1750.701294,0.9913633714,0.1281633154,0.0277998271,0.1232139338,392.1908695866,815.5680088728,0.0
34784,0.0,-847.379089,1247.614624,1750.701294,0.9913633714,0.1281633154,0.0277998271,0.1254947373,394.9122565034,814.2251705589,0.0
34785,0.0,-843.702148,1248.346558,1750.701294,0.9913633714,0.1281633154,0.0277998271,0.1282492953,397.9909590711,812.3098325964,0.0
34786,0.0,-840.2771,1249.00708,1750.701294,0.9913633714,0.1281633154,0.0277998271,0.130894655,400.8048658776,810.3173527377,0.0
34787,0.0,-836.343079,1249.711792,1750.701294,0.991841994,0.1244051023,0.0277998097,0.1321202783,401.4423523853,808.0979318454,0.0
34788,0.0,-833.003601,1250.205566,1750.701294,0.9933690394,0.1115577037,0.0277998271,0.1283253648,394.947398301,805.8752649908,0.0
34789,0.0,-829.796082,1250.589111,1750.701294,0.9954084645,0.0915923493,0.0277998271,0.1210352372,383.2227719873,803.592874896,0.0
34790,0.0,-826.74292,1250.906738,1750.701294,0.9971584463,0.0700157377,0.0277998097,0.1131478438,370.322657403,801.471727589,0.0
34982,0.0,-211.004211,1054.325439,1752.946289,0.0587085082,-0.9945400703,0.086274907,0.0036708059,86.1554857098,1006.4359532167,3.0
34983,0.0,-212.347046,1055.151001,1753.532349,0.0587085082,-0.9945400703,0.086274907,0.0038997266,88.8512997452,1007.0604177935,3.0
34984,0.0,-213.14196,1055.659424,1753.713196,0.0587085082,-0.9945400703,0.086274907,0.0040617647,90.695108112,1007.4793151644,3.0
34985,0.0,-213.936874,1056.167847,1753.894043,0.0587085082,-0.9945400703,0.086274907,0.0042238028,92.5389164789,1007.8982125354,3.0
34986,0.0,-212.661636,1052.939087,1753.617554,0.0587085082,-0.9945400703,0.086274907,0.0049244623,99.5379551767,1004.2217711162,3.0
34987,0.0,-210.081314,1047.88501,1752.966187,0.0587085082,-0.9945400703,0.086274907,0.0053516257,103.1905681364,998.7664953393,3.0
34988,0.0,-209.6950075,1044.647217,1752.5147095,0.0587085082,-0.9945400703,0.086274907,0.005627347,105.412010005,995.4101569076,3.0
34989,0.0,-209.308701,1041.409424,1752.063232,0.0587085082,-0.9945400703,0.086274907,0.0059030683,107.6334518736,992.053818476,3.0
34990,0.0,-208.860001,1037.867065,1752.125122,0.0587085082,-0.9945400703,0.086274907,0.0066073312,113.4331438105,988.3949122133,3.0
35008,0.0,-203.570175,975.056152,1751.722778,-0.0028841589,-0.9958458995,0.0910089345,0.0269228102,212.4764328145,921.8887901825,3.0
35009,0.0,-203.24733,970.847046,1751.50647,-0.0071243501,-0.9957947758,0.0913345949,0.0278181055,118.3760607201,505.3899776835,6.0
35010,0.0,-202.968033,967.185425,1751.349487,-0.0110081816,-0.9957320089,0.0916328896,0.0281474233,118.2248701154,501.8250107595,6.0
35011,0.0,-202.696106,963.625122,1751.174194,-0.0150859762,-0.9956497074,0.0919460354,0.0285318805,118.1936349706,498.3494827449,6.0
35012,0.0,-202.362183,957.968262,1750.973389,-0.0209901832,-0.9956049644,0.0912697486,0.0289375191,117.6881291351,492.7785734143,6.0
35013,0.0,-202.478592,957.070068,1751.018311,-0.0282592166,-0.9955105482,0.0903336324,0.0291746495,118.4860009285,494.128778522,6.0
35014,0.0,-202.391068,953.752747,1751.045776,-0.0322394417,-0.9954734484,0.0894048764,0.0294990006,119.0725075862,493.8778156841,6.0
35015,0.0,-202.317627,950.700439,1751.099365,-0.0341899363,-0.9954321198,0.0891400198,0.0361965151,238.3406854617,893.9552743454,3.0
35016,0.0,-202.245453,947.373169,1751.254028,-0.034944642,-0.9954541997,0.0885991441,0.037057065,240.0626397182,890.0926822849,3.0
35017,0.0,-202.182083,943.73175,1751.189087,-0.0349459311,-0.9954909219,0.0881850687,0.0310495435,122.1167609335,493.8900452633,6.0
35018,0.0,-202.133636,939.776001,1751.672607,-0.0349459311,-0.9954909219,0.0881850687,0.0319364257,123.8305996302,493.9298355709,6.0
35019,0.0,-202.104004,936.154114,1751.911377,-0.0349459311,-0.9954909219,0.0881850687,0.0325195268,124.7836396274,493.3218195542,6.0
35020,0.0,-202.087875,932.655518,1752.102905,-0.0349459311,-0.9954909219,0.0881850687,,,,
35021,0.0,-202.088699,928.321167,1751.911377,-0.0349459311,-0.9954909219,0.0881850687,,,,
35022,0.0,-202.097794,925.227295,1751.58667,-0.0349459311,-0.9954909219,0.0881850687,,,,
35023,0.0,-202.12648,920.674988,1751.170166,-0.0349459311,-0.9954909219,0.0881850687,,,,
35024,0.0,-202.14917,917.909851,1750.856323,-0.0349459311,-0.9954909219,0.0881850687,,,,
35025,0.0,-202.240265,913.811218,1750.339111,-0.0349459311,-0.9954909219,0.0881850687,,,,
35026,0.0,-202.588226,909.68335,1749.742432,-0.0349459311,-0.9954909219,0.0881850687,,,,
35027,0.0,-202.887512,906.732788,1749.272339,-0.0349459311,-0.9954909219,0.0881850687,,,,
35028,0.0,-203.498047,899.694153,1748.011841,-0.0349459311,-0.9954909219,0.0881850687,,,,
35029,0.0,-203.770172,895.872437,1747.199707,-0.0349459311,-0.9954909219,0.0881850687,,,,
35030,0.0,-203.924362,892.2724,1746.790161,-0.0349459311,-0.9954909219,0.0881850687,,,,
35031,0.0,-204.228912,888.467712,1745.574951,-0.0349459311,-0.9954909219,0.0881850687,,,,
35032,0.0,-204.3358305,886.6265865,1745.1414185,-0.0362727843,-0.9954815404,0.0877429868,,,,
35033,0.0,-204.597534,882.013672,1744.190063,-0.0405459435,-0.9954814511,0.0858644682,,,,
35034,0.0,-204.819382,878.152405,1743.406616,-0.0439796492,-0.9955149801,0.0837598641,,,,
35035,0.0,-204.9293215,876.2194825,1743.043945,-0.0447309432,-0.9955328076,0.0831422,,,,
35036,0.0,-205.193909,871.466858,1742.161377,-0.0476934276,-0.9956269715,0.0803260267,,,,
35037,0.0,-205.322189,867.594788,1741.721558,-0.0492579576,-0.9956754715,0.0787655318,,,,
35038,0.0,-205.452423,863.762817,1741.301636,-0.0493966249,-0.9957513329,0.0777126531,,,,
35039,0.0,-205.551193,861.217773,1741.053955,-0.0494048339,-0.9959115428,0.0756264591,,,,
35040,0.0,-205.687744,857.161865,1740.747437,-0.0494139675,-0.9961009292,0.0730835054,,,,
35041,0.0,-205.842728,853.253235,1740.659546,-0.0485103669,-0.9963629753,0.0700540208,,,,
35042,0.0,-205.959152,850.369629,1740.533325,-0.0470038874,-0.9966965404,0.0662317214,,,,
35043,0.0,-206.059113,846.423828,1740.557617,-0.043919888,-0.9970737894,0.0625691766,,,,
35044,0.0,-206.217072,842.611023,1740.275391,-0.0379815447,-0.9975640535,0.0585094986,,,,
35045,0.0,-206.180862,840.038452,1740.22583,-0.0323674761,-0.9979237282,0.0556828451,,,,
35046,0.0,-206.196472,836.137085,1740.026123,-0.0254264607,-0.9982700711,0.0530128313,,,,
35047,0.0,-206.177185,832.314087,1739.677612,-0.0155729145,-0.9986265741,0.0500244915,,,,
35048,0.0,-206.180847,829.662292,1739.395874,-0.0096420878,-0.9988081148,0.0478474663,,,,
35049,0.0,-206.156174,825.617981,1738.843384,0.000839124,-0.9990079003,0.0445253967,,,,
35050,0.0,-206.089737,822.730286,1738.418823,0.013883676,-0.9990414807,0.0415134118,,,,
35051,0.0,-206.011078,818.943115,1737.78125,0.0282083009,-0.998903395,0.0373670882,,,,
35052,0.0,-205.934708,815.112915,1737.117798,0.0417720907,-0.998577229,0.0331452878,,,,
35053,0.0,-205.662445,812.240479,1736.078125,0.0560927687,-0.997995628,0.0292972325,,,,
35054,0.0,-205.494812,808.212524,1734.978638,0.0732335084,-0.9970133451,0.024520256,,,,
35055,0.0,-205.36676,804.289856,1734.061157,0.0837070523,-0.9962864144,0.020162091,,,,
35056,0.0,-205.311325,801.496582,1733.474854,0.0860488001,-0.9961170616,0.0186119193,,,,
35057,0.0,-205.276367,798.433411,1732.973877,0.0866425775,-0.9960729276,0.0182150115,,,,
35058,0.0,-205.207413,794.428528,1732.417725,0.0866425775,-0.9960729276,0.0182150115,,,,
35059,0.0,-205.178085,790.315369,1731.941772,0.0866425775,-0.9960729276,0.0182150115,,,,
35060,0.0,-205.195541,787.658936,1731.733521,0.0866425775,-0.9960729276,0.0182150115,,,,
35061,0.0,-205.252151,783.481628,1731.104614,0.0866425775,-0.9960729276,0.0182150115,,,,
35062,0.0,-205.279022,780.526855,1729.751343,0.0866425775,-0.9960729276,0.0182150115,,,,
35063,0.0,-205.862015,776.538025,1729.166748,0.0866425775,-0.9960729276,0.0182150115,,,,
35064,0.0,-206.262741,773.765076,1728.78064,0.0866425775,-0.9960729276,0.0182150115,,,,
35065,0.0,-207.020935,770.142761,1728.279907,0.0866425775,-0.9960729276,0.0182150115,,,,
35066,0.0,-207.788956,767.153381,1727.875854,0.0866425775,-0.9960729276,0.0182150115,,,,
35067,0.0,-208.942062,763.235901,1727.242554,0.0866425775,-0.9960729276,0.0182150115,,,,
35068,0.0,-210.821457,757.84845,1726.148071,0.0866425775,-0.9960729276,0.0182150115,,,,
35069,0.0,-211.6102295,755.9277345,1725.699646,0.0866425775,-0.9960729276,0.0182150115,,,,
35070,0.0,-213.505356,751.465149,1724.774292,0.0926091719,-0.9955359133,0.0182150115,,,,
35071,0.0,-214.963913,747.522278,1723.998779,0.1074262503,-0.9940311766,0.0190163277,,,,
35072,0.0,-216.001694,743.968506,1723.230225,0.1322409953,-0.9910147961,0.0200497668,,,,
35073,0.0,-216.611542,741.476074,1722.684204,0.1457707463,-0.9890866426,0.0214126806,,,,
35074,0.0,-217.387146,737.599792,1721.776611,0.1672443788,-0.9856121828,0.0244528716,,,,
35075,0.0,-217.655388,735.742279,1721.3605345,0.1813472122,-0.9829414326,0.026963031,,,,
35076,0.0,-218.198776,731.328552,1720.418091,0.2134408851,-0.9764171905,0.0324416181,,,,
35077,0.0,-218.468246,727.406494,1719.55481,0.2526151121,-0.9667582368,0.0395489143,,,,
35078,0.0,-218.668564,724.078735,1718.773315,0.2819744443,-0.9584221373,0.0437883482,,,,
35079,0.0,-218.753876,721.682007,1718.361328,0.3128563397,-0.9485620178,0.0484872064,,,,
35080,0.0,-219.0495,717.747742,1717.713135,0.34880105,-0.9356341719,0.0540973561,,,,
35081,0.0,-219.357361,714.875854,1717.361694,0.3693681394,-0.9275039088,0.0574776194,,,,
35082,0.0,-219.726715,711.907288,1717.085571,0.3980623398,-0.9152490854,0.0621730267,,,,
35083,0.0,-220.476608,707.611755,1716.815918,0.4255128996,-0.9025456683,0.065955204,,,,
35084,0.0,-221.020309,704.727051,1716.57959,0.4459009754,-0.8924150061,0.0690490912,,,,
35085,0.0,-221.631592,701.733643,1716.377686,0.4613485519,-0.8843609708,0.0711560744,,,,
35086,0.0,-222.45607,697.454224,1715.926636,0.4811165931,-0.8735654614,0.07355412,,,,
35087,0.0,-223.015823,694.69635,1715.504395,0.4910757013,-0.8679308785,0.0744355144,,,,
35088,0.0,-223.794495,690.481018,1714.744751,0.507321728,-0.8583383978,0.0766802393,,,,
35128,0.0,-248.589325,534.832031,1690.409302,0.7210924757,-0.6882525501,0.0795868628,,,,
35129,0.0,-248.283859,534.843445,1690.299194,0.7210924757,-0.6882525501,0.0795868628,,,,
35130,0.0,-248.014618,534.833435,1690.189697,0.7210924757,-0.6882525501,0.0795868628,,,,
35146,0.0,-243.620972,492.112366,1683.321045,0.8639628345,-0.4984524899,0.0715075936,,,,
35147,0.0,-243.301941,488.001312,1682.719238,0.8706093822,-0.486830155,0.0709626933,,,,
35148,0.0,-242.948349,483.307343,1681.901123,0.878510675,-0.472522131,0.0702981475,,,,
35149,0.0,-242.537247,476.992828,1680.731445,0.8894977458,-0.4516476809,0.0693406983,,,,
35150,0.0,-241.71225,467.582855,1679.040527,0.8961984759,-0.4383496136,0.0683952347,,,,
35151,0.0,-241.382477,467.8484345,1679.1085205,0.8982328472,-0.4342406071,0.0677600281,,,,
35152,0.0,-241.052704,468.114014,1679.176514,0.9002672184,-0.4301316006,0.0671248215,,,,
35155,0.0,-238.745102,455.697632,1675.98291,0.9168246044,-0.3943431359,0.0626588847,0.0347797295,17.2337716027,65.9191525493,6.0
35156,0.0,-238.163788,453.354675,1675.338623,0.9213675392,-0.3838243888,0.0613245165,,,,
35157,0.0,-237.4951095,450.978378,1674.911316,0.9242931026,-0.3768261709,0.0602123464,,,,
35158,0.0,-236.826431,448.602081,1674.484009,0.9272186659,-0.3698279529,0.0591001762,,,,
35544,0.0,306.65155,436.723328,1676.701294,0.9633625912,-0.2672945024,0.0220491915,0.0153046268,132.8210467116,762.0940983741,6.0
35545,0.0,306.815063,436.677979,1676.701294,0.9633625912,-0.2672945024,0.0220491915,0.0156377481,134.7946610792,765.2002552893,6.0
35546,0.0,306.898438,436.654816,1676.701294,0.9633625912,-0.2672945024,0.0220491915,0.0159301049,136.5548591613,768.1028150287,6.0
35547,0.0,306.799103,436.682404,1676.701294,0.9633625912,-0.2672945024,0.0220491915,0.0162674645,138.6550482337,771.8522853088,6.0
35548,0.0,306.662476,436.720306,1675.867676,0.9633625912,-0.2672945024,0.0220491915,0.016492076,140.1313230496,774.7839028568,6.0
35549,0.0,307.609528,437.242798,1674.164795,0.9622228283,-0.2713688668,0.0220491915,0.0162424259,139.6815292558,778.160596261,6.0
35550,0.0,308.763306,437.776398,1672.637695,0.9573492487,-0.2879425412,0.0239062547,0.013782237,129.2159146051,780.985044858,6.0
35551,0.0,309.497314,438.159424,1671.593994,0.9541729602,-0.2982944609,0.0239661547,0.0123409629,122.632009664,782.9938996608,6.0
35552,0.0,310.571655,438.772217,1670.039429,0.9507633284,-0.308989833,0.0239661547,0.0110485563,116.522812268,786.0426309723,6.0
35553,0.0,311.703522,439.311005,1668.407959,0.9436759571,-0.3300019871,0.0239661547,0.0083570318,101.8177155454,789.2081775389,6.0
35554,0.0,312.452637,439.670471,1667.331299,0.9392185198,-0.3425314396,0.0232547823,0.0069289995,92.9913658428,791.3087667728,6.0
35555,0.0,313.619568,440.233276,1665.661377,0.9326697047,-0.3600528835,0.0221165797,0.0051671266,80.6699608476,794.5734256136,6.0
35556,0.0,314.367737,440.592499,1664.595703,0.9286425362,-0.3703199605,0.0220491915,0.0042627593,73.479279881,796.6504459541,6.0
35557,0.0,315.589569,441.179565,1663.03125,0.9226296012,-0.3851058033,0.0211692973,0.0031247734,63.194697863,800.0109127259,6.0
35558,0.0,316.549316,441.658905,1663.03125,0.9193119772,-0.3930080746,0.0202519571,0.0026376885,58.2573628216,802.6212275556,6.0
35559,0.0,317.349213,442.050751,1663.03125,0.9166265124,-0.3992999565,0.0188515633,0.0022777301,54.2845692054,804.7439278844,6.0
35560,0.0,318.520874,442.636475,1663.03125,0.9139019292,-0.4055261733,0.0182150115,0.001995496,51.0071381205,807.806405757,6.0
35561,0.0,319.673309,443.237396,1663.03125,0.9131853425,-0.407137254,0.0182150115,0.0020357287,51.7097102125,810.8084966501,6.0
35562,0.0,320.452393,443.645264,1663.03125,0.9131624104,-0.4071886856,0.0182150115,0.0021342728,53.0784074502,812.848805693,6.0
35563,0.0,321.634888,444.254333,1663.03125,0.9131624104,-0.4071886856,0.0182150115,0.0022903431,55.1951617312,815.9894616314,6.0
35564,0.0,322.496033,444.690704,1663.03125,0.9131624104,-0.4071886856,0.0182150115,0.0024041322,56.7076012456,818.2919667544,6.0
35565,0.0,321.539185,446.25238,1660.362793,0.9131624104,-0.4071886856,0.0182150115,0.002548106,58.78143838,823.9356646957,6.0
35566,0.0,322.95752,446.775421,1660.39563,0.9131624104,-0.4071886856,0.0182150115,,,,
35567,0.0,323.851105,447.115601,1660.411011,0.9131624104,-0.4071886856,0.0182150115,,,,
35568,0.0,325.332825,447.653259,1660.5896,0.9131624104,-0.4071886856,0.0182150115,,,,
35569,0.0,326.256348,448.015656,1660.671875,0.9131624104,-0.4071886856,0.0182150115,,,,
35570,0.0,328.636749,448.844788,1661.122314,0.9131624104,-0.4071886856,0.0182150115,,,,
35571,0.0,329.245926,449.10051,1661.257629,0.9131624104,-0.4071886856,0.0182150115,,,,
35572,0.0,329.855103,449.356232,1661.392944,0.9131624104,-0.4071886856,0.0182150115,,,,
35573,0.0,331.953857,450.183929,1661.549316,0.9114474938,-0.4110732778,0.016799592,,,,
35574,0.0,332.54512,450.430496,1661.685791,0.9085670525,-0.4173860138,0.0156649795,,,,
35575,0.0,333.941986,450.970123,1661.921875,0.9009280989,-0.4337300537,0.014380581,,,,
35576,0.0,334.997711,451.387238,1662.149048,0.8918265958,-0.4521237154,0.0151482327,,,,
35577,0.0,335.975616,451.828064,1662.391479,0.8829564945,-0.4691460359,0.017024271,,,,
35578,0.0,336.96991,452.318115,1662.565552,0.8771182543,-0.4799302114,0.0181813147,,,,
35579,0.0,337.899628,452.796509,1662.713013,0.8728133839,-0.4876779104,0.019158616,,,,
35580,0.0,338.580414,453.167938,1662.809082,0.872401312,-0.4883867105,0.019858796,,,,
35581,0.0,339.517242,453.694336,1662.801758,0.8719168482,-0.4892399279,0.0201321298,,,,
35582,0.0,340.668213,454.172089,1662.795044,0.871794109,-0.4894586078,0.0201321298,,,,
35583,0.0,341.477905,454.825409,1662.667725,0.871794109,-0.4894586078,0.0201321298,,,,
35584,0.0,342.445801,455.372559,1662.560669,0.871794109,-0.4894586078,0.0201321298,,,,
35585,0.0,343.217041,455.752228,1662.464111,0.871794109,-0.4894586078,0.0201321298,,,,
35586,0.0,344.287415,456.352142,1662.229126,0.871794109,-0.4894586078,0.0201321298,,,,
35587,0.0,344.974548,456.659119,1662.14209,0.871794109,-0.4894586078,0.0201321298,,,,
35588,0.0,346.046082,457.133118,1661.924316,0.871794109,-0.4894586078,0.0201321298,,,,
35589,0.0,347.250061,457.568451,1661.864746,0.871794109,-0.4894586078,0.0201321298,,,,
35590,0.0,348.332886,458.09198,1661.438721,0.871794109,-0.4894586078,0.0201321298,,,,
35591,0.0,349.165894,458.406433,1661.313354,0.871794109,-0.4894586078,0.0201321298,,,,
35592,0.0,350.278381,458.915741,1661.141602,0.871794109,-0.4894586078,0.0201321298,,,,
35593,0.0,351.362183,459.380463,1661.033325,0.871794109,-0.4894586078,0.0201321298,,,,
35594,0.0,352.155396,459.708466,1660.964355,0.871794109,-0.4894586078,0.0201321298,,,,
35595,0.0,353.302063,460.176605,1660.876099,0.871794109,-0.4894586078,0.0201321298,,,,
35634,0.0,408.745117,461.254456,1663.03125,0.871794109,-0.4894586078,0.0201321298,,,,
35635,0.0,408.745117,461.254456,1663.03125,0.871794109,-0.4894586078,0.0201321298,,,,
35636,0.0,408.745117,461.254456,1663.03125,0.871794109,-0.4894586078,0.0201321298,,,,
35637,0.0,408.745117,461.254456,1663.03125,0.871794109,-0.4894586078,0.0201321298,,,,
35638,0.0,409.706726,461.254486,1663.03125,0.871794109,-0.4894586078,0.0201321298,,,,
35639,0.0,410.994934,461.254456,1663.03125,0.871794109,-0.4894586078,0.0201321298,,,,
35640,0.0,412.096497,461.254456,1663.03125,0.871794109,-0.4894586078,0.0201321298,,,,
35641,0.0,413.515503,461.254486,1663.03125,0.871794109,-0.4894586078,0.0201321298,,,,
35642,0.0,414.607727,461.254486,1663.03125,0.871794109,-0.4894586078,0.0201321298,,,,
35643,0.0,415.70459,461.254486,1663.03125,0.871794109,-0.4894586078,0.0201321298,0.0876490174,748.474203094,1828.1823383865,0.0
35644,0.0,416.955505,461.254456,1663.03125,0.871794109,-0.4894586078,0.0201321298,0.0872415792,744.5972328484,1822.7604525229,0.0
35645,0.0,418.225098,461.254456,1663.03125,0.871794109,-0.4894586078,0.0201321298,,,,
35646,0.0,419.270691,461.254486,1663.03125,0.871794109,-0.4894586078,0.0201321298,,,,
35723,0.0,501.784943,443.158752,1663.03125,-0.6678888688,-0.7433216261,0.0373820701,,,,
35724,0.0,501.72229,443.089081,1663.03125,-0.6678888688,-0.7433216261,0.0373820701,,,,
35725,0.0,501.660889,443.020752,1663.03125,-0.6678888688,-0.7433216261,0.0373820701,,,,
