timestamp,is_bot,loc_x,loc_y,loc_z,s_x,s_y,s_z,d_a,d_p,d_e,tar
0,0.0,-252.390244,1106.019165,1757.701294,0.2311512776,-0.9729173488,0.0009587441,,,,
1,0.0,-249.821533,1104.433594,1757.701294,0.2311512776,-0.9729173488,0.0009587441,,,,
2,0.0,-247.263916,1104.09082,1757.701294,0.2203649458,-0.975417489,0.0001135162,,,,
3,0.0,-244.557907,1103.941284,1757.701294,0.2112425896,-0.9774145881,-0.0061066597,,,,
4,0.0,-241.72496,1103.754517,1757.701294,0.1993300459,-0.979876087,-0.0105065143,,,,
5,0.0,-239.412277,1103.639893,1757.701294,0.1951865456,-0.9807257439,-0.0089009918,,,,
6,0.0,-236.546631,1103.373047,1757.701294,0.1919059526,-0.9814078044,-0.0032904109,,,,
7,0.0,-233.787292,1102.941162,1757.701294,0.1853394774,-0.9826538656,0.0063764125,,,,
8,0.0,-231.390396,1102.424805,1757.243042,0.1760192436,-0.9842709484,0.0150972226,,,,
9,0.0,-228.750778,1101.737671,1756.68457,0.164707198,-0.9860322738,0.024736489,,,,
10,0.0,-225.941788,1100.869507,1756.091187,0.1506013975,-0.9879723884,0.0350682016,,,,
11,0.0,-223.54422,1099.992065,1755.57666,0.1337599777,-0.9898346034,0.0483293521,,,,
12,0.0,-221.092178,1098.885742,1755.055298,0.1205980015,-0.9909240697,0.0593768477,,,,
13,0.0,-218.757935,1097.595581,1754.565186,0.112335311,-0.9915546025,0.0648093218,,,,
14,0.0,-216.830551,1096.29187,1754.159058,0.1045789261,-0.9921641427,0.068363457,,,,
15,0.0,-214.549698,1094.520752,1753.677612,0.0965690299,-0.9928669102,0.0699265412,,,,
16,0.0,-212.89772,1092.971802,1753.330933,0.0922781161,-0.9931529005,0.0716384361,,,,
17,0.0,-211.270203,1091.217163,1752.99353,0.0901932806,-0.9932148242,0.0734131131,,,,
18,0.0,-209.517303,1089.024658,1752.630249,0.0881538576,-0.9933091664,0.074604271,,,,
19,0.0,-207.893066,1086.692261,1752.296631,0.0879386057,-0.9933201579,0.0747118835,,,,
20,0.0,-206.410416,1084.265991,1751.992554,0.0879386057,-0.9933201579,0.0747118835,,,,
21,0.0,-205.191483,1082.024536,1751.742554,0.0879386057,-0.9933201579,0.0747118835,,,,
22,0.0,-203.831207,1079.254883,1751.463501,0.0879386057,-0.9933201579,0.0747118835,,,,
23,0.0,-202.632401,1076.540771,1751.217529,0.0879386057,-0.9933201579,0.0747118835,,,,
24,0.0,-201.707367,1074.25354,1751.027832,0.0879386057,-0.9933201579,0.0747118835,,,,
25,0.0,-200.409363,1070.748169,1750.761597,0.0879386057,-0.9933201579,0.0747118835,,,,
26,0.0,-199.391953,1067.725342,1750.704224,0.0879386057,-0.9933201579,0.0747118835,,,,
27,0.0,-198.538528,1065.004639,1750.700928,0.0887323214,-0.9932495707,0.0747118835,,,,
28,0.0,-197.564911,1061.677856,1750.701782,0.0897344477,-0.9930950267,0.0755645206,,,,
29,0.0,-196.723923,1058.613892,1750.701538,0.0914467487,-0.9929309437,0.0756679138,,,,
30,0.0,-195.934189,1055.557861,1750.701294,0.0932214441,-0.9927087459,0.0764140571,,,,
31,0.0,-195.101135,1052.163208,1750.701294,0.0959195373,-0.9923700743,0.0774666249,,,,
32,0.0,-194.189758,1048.196045,1750.701294,0.0983343163,-0.992043902,0.0786082607,,,,
33,0.0,-193.521103,1045.074219,1750.701294,0.0992231239,-0.9919535853,0.0786311407,,,,
34,0.0,-192.768936,1041.39502,1750.701294,0.1002252505,-0.9917805515,0.079537644,,,,
35,0.0,-192.070328,1037.767456,1750.701294,0.100273842,-0.9917716914,0.0795868628,,,,
36,0.0,-190.934586,1031.489502,1750.701294,0.100273842,-0.9917716914,0.0795868628,,,,
37,0.0,-190.252487,1027.500122,1750.701294,0.100273842,-0.9917716914,0.0795868628,,,,
38,0.0,-189.646133,1023.812744,1750.701294,0.1002669845,-0.9917050765,0.0804212221,,,,
39,0.0,-189.107651,1020.338196,1750.701294,0.0986920784,-0.9917889106,0.0813303781,,,,
40,0.0,-188.512939,1016.399109,1750.701294,0.0974978432,-0.9918225588,0.0823540064,,,,
41,0.0,-188.026382,1013.076904,1750.701294,0.0966430434,-0.9918979395,0.0824536215,,,,
42,0.0,-187.405472,1008.705994,1750.701294,0.0955148877,-0.99192955,0.083382696,,,,
43,0.0,-186.952621,1005.466919,1750.701294,0.0954885171,-0.9919298722,0.0834090631,,,,
44,0.0,-186.368637,1001.188965,1750.701294,0.0954885171,-0.9919298722,0.0834090631,,,,
45,0.0,-185.932724,997.908142,1750.701294,0.0954885171,-0.9919298722,0.0834090631,,,,
46,0.0,-185.465927,994.322998,1750.701294,0.0954885171,-0.9919298722,0.0834090631,,,,
47,0.0,-184.996536,990.641235,1750.701294,0.0954885171,-0.9919298722,0.0834090631,,,,
48,0.0,-184.454239,986.426147,1750.701294,0.0973067058,-0.9915965156,0.0852511304,,,,
49,0.0,-183.944839,983.532532,1750.701172,0.1148193103,-0.9891921814,0.0911885642,,,,
50,0.0,-183.227127,979.165405,1750.701172,0.1353533183,-0.985927507,0.0981143729,,,,
51,0.0,-182.206177,975.759949,1750.70105,0.2038234376,-0.9727598699,0.1104275408,,,,
52,0.0,-181.004578,972.838257,1750.70105,0.3034277188,-0.9454899606,0.1182385469,,,,
53,0.0,-179.495911,970.233154,1750.701294,0.4705952461,-0.8741989542,0.1196507534,,,,
54,0.0,-178.580566,967.675781,1750.70166,0.6083346501,-0.7853321915,0.1148142085,,,,
55,0.0,-177.268951,963.928162,1750.701416,0.723309611,-0.6820752283,0.1076874624,,,,
56,0.0,-176.028076,960.670227,1750.701538,0.8109954162,-0.5758995776,0.1030830313,,,,
57,0.0,-174.650711,957.128113,1750.701416,0.8884968484,-0.4480878971,0.0989473944,,,,
58,0.0,-173.704803,954.103821,1750.700806,0.9194577306,-0.381000266,0.0971405111,,,,
59,0.0,-172.558533,950.540833,1750.698364,0.9467011623,-0.3074856226,0.0959661463,,,,
60,0.0,-171.472717,946.88208,1750.627075,0.9593671012,-0.2656985239,0.0949687294,,,,
61,0.0,-170.373383,943.205627,1750.536621,0.965685317,-0.2421161712,0.0939767427,,,,
62,0.0,-169.450699,939.529297,1750.438965,0.9693552441,-0.2273800861,0.0929984258,,,,
63,0.0,-168.801987,936.42926,1750.226562,0.9724805252,-0.2146421979,0.0906110098,,,,
64,0.0,-168.03157,932.236633,1749.911621,0.9774942875,-0.1907559327,0.0900949063,,,,
65,0.0,-167.535156,928.981323,1749.678101,0.978262724,-0.186373128,0.0909235941,,,,
66,0.0,-166.993286,924.89978,1749.343262,0.9783692459,-0.1857513635,0.0910497099,,,,
67,0.0,-166.619232,921.409363,1749.051636,0.9783692459,-0.1857513635,0.0910497099,,,,
68,0.0,-166.298462,917.679749,1748.740112,0.9783692459,-0.1857513635,0.0910497099,,,,
69,0.0,-166.052063,913.884644,1748.378906,0.9783692459,-0.1857513635,0.0910497099,,,,
70,0.0,-165.88118,910.188538,1747.848022,0.9783692459,-0.1857513635,0.0910497099,,,,
71,0.0,-165.761734,906.050293,1747.222778,0.9783692459,-0.1857513635,0.0910497099,,,,
72,0.0,-165.722229,902.870605,1746.744751,0.9783692459,-0.1857513635,0.0910497099,,,,
73,0.0,-165.727127,898.611633,1746.10437,0.9783692459,-0.1857513635,0.0910497099,,,,
74,0.0,-165.786835,894.816101,1745.533447,0.9783692459,-0.1857513635,0.0910497099,,,,
75,0.0,-165.891724,891.060852,1744.968872,0.9783692459,-0.1857513635,0.0910497099,,,,
76,0.0,-166.041962,887.231201,1744.392822,0.9783692459,-0.1857513635,0.0910497099,,,,
77,0.0,-166.111,885.81485,1744.1798705,0.9783692459,-0.1857513635,0.0910497099,,,,
78,0.0,-165.562439,881.380981,1743.259399,0.9783692459,-0.1857513635,0.0910497099,,,,
79,0.0,-165.6583405,880.206604,1742.9977415,0.9783692459,-0.1857513635,0.0910497099,,,,
80,0.0,-165.754242,879.032227,1742.736084,0.9783692459,-0.1857513635,0.0910497099,,,,
81,0.0,-166.452896,871.899109,1741.190063,0.9761783274,-0.1978013094,0.0891656609,,,,
82,0.0,-166.618057,870.263367,1740.808594,0.9762221981,-0.1979802397,0.0882838863,,,,
83,0.0,-167.721619,861.948181,1739.182861,0.9810376999,-0.1740275279,0.085319698,,,,
84,0.0,-168.120453,859.04187,1738.757568,0.9843297685,-0.1541199094,0.0856852401,,,,
85,0.0,-168.4614715,856.527252,1738.421814,0.9862087058,-0.1407783062,0.0859781522,,,,
86,0.0,-168.80249,854.012634,1738.08606,0.988087643,-0.127436703,0.0862710642,,,,
87,0.0,-169.640854,846.798096,1737.24353,0.9934990394,-0.0708723918,0.0890885114,,,,
88,0.0,-169.95575,843.457764,1736.900635,0.995440838,-0.0317155752,0.0899536567,,,,
89,0.0,-170.234802,840.011597,1736.571655,0.9958434888,0.0066534318,0.0908376448,,,,
90,0.0,-170.434967,835.849426,1736.127319,0.991662383,0.0903055168,0.0919273178,,,,
91,0.0,-170.512802,832.678772,1735.716919,0.9824673413,0.1621514975,0.0920044299,,,,
92,0.0,-171.061493,829.239441,1735.41394,0.9483979583,0.3049079865,0.0870197244,,,,
93,0.0,-171.530197,826.103577,1735.089111,0.9092057478,0.4084547724,0.080682136,,,,
94,0.0,-171.890335,822.980164,1734.723145,0.8613416085,0.5028900998,0.0720567896,,,,
95,0.0,-171.715057,819.802124,1734.013794,0.78664794,0.6147291577,0.0573853742,,,,
96,0.0,-171.418564,817.102234,1733.364502,0.7263492449,0.6858339344,0.0452613399,,,,
97,0.0,-171.023163,814.057495,1732.748657,0.6610068152,0.7495959854,0.0342906542,,,,
98,0.0,-170.2164,810.487244,1732.031372,0.5751901125,0.8176916257,0.0231676441,,,,
99,0.0,-169.592789,807.20282,1731.268188,0.5363144273,0.8438264445,0.0179935131,,,,
100,0.0,-169.246506,806.2121585,1731.1762695,0.5259856364,0.850238122,0.0168888164,,,,
101,0.0,-167.477127,801.060364,1730.042847,0.4820776562,0.8760346993,0.0128194762,,,,
102,0.0,-166.582413,798.52124,1729.203247,0.4683722259,0.8834580986,0.0113686379,,,,
103,0.0,-165.142471,794.804871,1728.381592,0.4555699746,0.8901452097,0.0098744063,,,,
104,0.0,-163.846695,791.482117,1727.665039,0.4397498172,0.8980845385,0.0080162289,,,,
105,0.0,-162.715179,788.749146,1727.26123,0.4308426098,0.9023978861,0.0072595285,,,,
106,0.0,-161.221283,784.983826,1726.709229,0.4237760344,0.9057416774,0.006773955,,,,
107,0.0,-159.785263,781.67572,1726.371216,0.4175230114,0.9086473855,0.0058705907,,,,
108,0.0,-158.237045,778.193665,1726.099731,0.414281712,0.9101358383,0.0048393079,,,,
109,0.0,-157.017029,775.455811,1725.879395,0.4141572142,0.9101927393,0.0047936681,,,,
110,0.0,-156.723923,774.29187,1725.570068,0.4141572142,0.9101927393,0.0047936681,,,,
111,0.0,-154.41127,769.684509,1725.410034,0.4141572142,0.9101927393,0.0047936681,,,,
112,0.0,-153.021347,766.104431,1724.901001,0.413611381,0.9104409076,0.0047936681,,,,
113,0.0,-151.524094,762.438416,1724.334717,0.4132843819,0.9105893918,0.0047936681,,,,
114,0.0,-150.167114,759.149414,1723.727783,0.4132843819,0.9105893918,0.0047936681,,,,
115,0.0,-148.757935,755.642456,1723.028076,0.4132843819,0.9105893918,0.0047936681,,,,
116,0.0,-147.382431,752.197998,1722.180542,0.4132843819,0.9105893918,0.0047936681,,,,
117,0.0,-146.250763,749.19043,1721.533569,0.4132843819,0.9105893918,0.0047936681,,,,
118,0.0,-145.220093,746.51001,1720.670288,0.4132843819,0.9105893918,0.0047936681,,,,
119,0.0,-143.862473,742.77594,1719.716431,0.4132843819,0.9105893918,0.0047936681,,,,
120,0.0,-142.723862,739.68042,1718.849487,0.4132843819,0.9105893918,0.0047936681,,,,
121,0.0,-141.446838,736.17804,1718.107788,0.4132843819,0.9105893918,0.0047936681,,,,
122,0.0,-140.195282,733.000671,1717.34021,0.4132843819,0.9105893918,0.0047936681,,,,
123,0.0,-137.620529,726.340698,1716.095093,0.4132843819,0.9105893918,0.0047936681,,,,
124,0.0,-136.315704,723.011414,1715.765137,0.4132843819,0.9105893918,0.0047936681,,,,
125,0.0,-134.675156,719.248169,1715.651733,0.4132843819,0.9105893918,0.0047936681,,,,
126,0.0,-133.06778,716.36322,1715.349243,0.4132843819,0.9105893918,0.0047936681,,,,
127,0.0,-131.904915,714.5601195,1715.2357175,0.4124276104,0.9109772788,0.0047936681,,,,
128,0.0,-128.789841,710.016785,1715.020752,0.4073870439,0.913243022,0.0047936681,,,,
129,0.0,-127.364235,708.643127,1714.773071,0.4032248471,0.9150849497,0.0054090282,,,,
130,0.0,-125.239746,706.07135,1714.559204,0.3929562285,0.9195347076,0.0064283699,,,,
131,0.0,-123.05117,703.116211,1714.384644,0.3822830867,0.9240208887,0.0067111071,,,,
132,0.0,-120.157829,699.126343,1714.105957,0.3728129895,0.9278822317,0.0067111071,,,,
133,0.0,-118.903862,698.238342,1710.599976,0.3715353199,0.9283945643,0.0067111071,,,,
134,0.0,-117.535202,696.27655,1710.293701,0.3709527295,0.9286274999,0.0067111071,,,,
135,0.0,-116.761414,695.104858,1710.126831,0.3709527295,0.9286274999,0.0067111071,,,,
136,0.0,-116.347504,693.922607,1710.12439,0.3709527295,0.9286274999,0.0067111071,,,,
137,0.0,-116.225113,693.44458,1710.117798,0.3709527295,0.9286274999,0.0067111071,,,,
138,0.0,-116.491638,693.349548,1710.475342,0.3709527295,0.9286274999,0.0067111071,,,,
139,0.0,-116.93856,693.864197,1710.771973,0.3709527295,0.9286274999,0.0067111071,,,,
140,0.0,-117.233902,694.352051,1711.25061,0.3709527295,0.9286274999,0.0067111071,,,,
141,0.0,-117.548058,694.906738,1711.597412,0.3709527295,0.9286274999,0.0067111071,,,,
142,0.0,-117.49321,695.787354,1712.131958,0.3702213273,0.9289193344,0.0067111071,,,,
143,0.0,-117.450378,696.917175,1712.241089,0.3693523431,0.9292651977,0.0067111071,,,,
144,0.0,-117.21418,698.397705,1712.085815,0.3677741339,0.9298909331,0.0067111071,,,,
145,0.0,-117.545509,699.672241,1712.241943,0.3652420105,0.9308936417,0.0059415196,,,,
146,0.0,-117.916328,700.911743,1712.563599,0.359906603,0.9329706035,0.005752399,,,,
147,0.0,-118.365898,702.281982,1712.852661,0.3483353732,0.9373564386,0.0050373305,,,,
148,0.0,-118.75692,703.744385,1712.99292,0.3385446543,0.9409413219,0.0041165219,,,,
149,0.0,-119.378258,705.694519,1713.224854,0.3201351273,0.9473698197,0.0019811394,,,,
150,0.0,-119.984138,707.212524,1713.459229,0.3080122607,0.9513818122,0.0010462723,,,,
151,0.0,-120.674858,708.781921,1713.53186,0.2978287566,0.954618831,0.0009587441,,,,
152,0.0,-121.544601,710.523071,1713.784912,0.2884641415,0.9574906834,0.000174149,,,,
153,0.0,-122.383553,711.916443,1713.886475,0.2808955693,0.9597380495,-0.000745273,,,,
154,0.0,-123.65078,714.210327,1714.214233,0.2747321464,0.9615203215,-0.0009587441,,,,
155,0.0,-124.630531,716.078735,1714.499512,0.2673212082,0.9636057878,-0.0018048265,,,,
156,0.0,-125.598938,717.95636,1714.800049,0.2633787356,0.9646906054,-0.0019176619,,,,
157,0.0,-126.848373,720.265808,1715.205322,0.260435093,0.9654894535,-0.0019176619,,,,
158,0.0,-127.971436,722.486633,1715.713135,0.2598679625,0.9656422554,-0.0019174699,,,,
159,0.0,-129.09198,724.707764,1716.157837,0.2598679625,0.9656422554,-0.0019174699,,,,
160,0.0,-131.522659,729.503845,1717.272827,0.2591945122,0.9658232382,-0.0019176619,,,,
161,0.0,-132.271957,730.911743,1717.603943,0.2590682757,0.9658570984,-0.0019175659,,,,
162,0.0,-133.021255,732.319641,1717.935059,0.2589420392,0.9658909585,-0.0019174699,,,,
163,0.0,-134.299469,734.699829,1718.536621,0.2589420392,0.9658909585,-0.0019174699,,,,
164,0.0,-135.956238,737.79364,1719.205811,0.2589420392,0.9658909585,-0.0019174699,,,,
165,0.0,-138.497894,742.675171,1720.050293,0.2589420392,0.9658909585,-0.0019174699,,,,
166,0.0,-139.839279,745.26239,1720.388672,0.2589420392,0.9658909585,-0.0019174699,,,,
167,0.0,-141.194138,747.905212,1720.669067,0.2589420392,0.9658909585,-0.0019174699,,,,
168,0.0,-142.60318,750.643494,1720.856689,0.2589420392,0.9658909585,-0.0019174699,,,,
169,0.0,-143.530182,752.390381,1720.9384765,0.2589420392,0.9658909585,-0.0019174699,,,,
170,0.0,-145.924332,756.728699,1721.064819,0.2606056881,0.9654434203,-0.0019176619,,,,
171,0.0,-147.472336,759.457275,1721.273193,0.2624408365,0.9649474983,-0.0010643365,,,,
172,0.0,-149.13501,762.400574,1721.424927,0.265260612,0.9641767497,-5.47684e-05,,,,
173,0.0,-150.705231,765.187622,1721.660034,0.2689217802,0.9631603044,0.0018177594,,,,
174,0.0,-151.744843,767.131165,1721.815552,0.2721346483,0.9622539505,0.0031730033,,,,
175,0.0,-153.61412,770.597656,1722.251465,0.278902496,0.9603029146,0.0056311529,,,,
176,0.0,-155.040054,773.338562,1722.640869,0.2836477008,0.958905369,0.0066689758,,,,
177,0.0,-156.272964,775.708252,1722.978149,0.2869004515,0.9579244044,0.0083046,,,,
178,0.0,-157.457397,778.092834,1723.472656,0.2915269158,0.95651727,0.0093150191,,,,
179,0.0,-159.86055,780.257812,1724.241699,0.2944090014,0.9556243816,0.0102655322,,,,
180,0.0,-161.47084,783.695862,1725.0354,0.2975925739,0.9546240453,0.0114713612,,,,
181,0.0,-162.528366,786.162354,1725.732666,0.3008832667,0.9535811012,0.0123427423,,,,
182,0.0,-163.841782,788.860535,1726.339478,0.3037451682,0.9526717902,0.0124632655,,,,
183,0.0,-164.42466,790.2377625,1726.7587895,0.305939102,0.9519667129,0.0124632655,,,,
184,0.0,-166.306839,794.421875,1727.805786,0.310224853,0.9505815102,0.0124632655,,,,
185,0.0,-167.336563,796.709595,1728.315552,0.3122626634,0.9499140467,0.0124632655,,,,
186,0.0,-168.802002,799.891846,1728.744751,0.3143643955,0.9492205718,0.0124632655,,,,
187,0.0,-170.574463,803.769043,1729.172729,0.3167378948,0.9484312168,0.0124632655,,,,
188,0.0,-172.09346,806.954529,1729.545532,0.3186505561,0.9477903197,0.0124632655,,,,
189,0.0,-173.615463,809.933777,1730.01123,0.3204165321,0.9472064817,0.0115380633,,,,
190,0.0,-174.868256,812.869934,1730.045776,0.3213398913,0.9468940375,0.0115046076,,,,
191,0.0,-176.25444,815.607666,1730.445801,0.3221328648,0.946624562,0.0115046076,,,,
192,0.0,-177.746521,818.562561,1730.601318,0.3229806795,0.9463356301,0.0115046076,,,,
193,0.0,-179.545975,822.043945,1730.54248,0.3232029519,0.9462597402,0.0115046076,,,,
194,0.0,-181.450958,825.788208,1730.265015,0.3232029519,0.9462597402,0.0115046076,,,,
195,0.0,-182.87471,829.106384,1730.606323,0.3241030902,0.9459518122,0.0115046076,,,,
196,0.0,-183.840698,831.333374,1730.996338,0.3241100243,0.9459494363,0.0115046076,,,,
197,0.0,-184.892487,834.026367,1731.595093,0.3241100243,0.9459494363,0.0115046076,,,,
198,0.0,-185.963623,837.67749,1732.415649,0.3241100243,0.9459494363,0.0115046076,,,,
199,0.0,-186.893204,840.918457,1733.792236,0.3241100243,0.9459494363,0.0115046076,,,,
200,0.0,-187.468414,844.037781,1734.885498,0.3241100243,0.9459494363,0.0115046076,,,,
201,0.0,-188.24968,847.481201,1736.037842,0.324876507,0.9456864698,0.0115046076,,,,
202,0.0,-188.358826,848.54364,1736.060669,0.3250161871,0.9456364832,0.0116670345,,,,
203,0.0,-189.626678,854.621094,1738.333374,0.3242595496,0.9458752618,0.013256452,,,,
204,0.0,-189.940445,858.131287,1739.074097,0.3240988656,0.9459164915,0.0142097307,,,,
205,0.0,-190.274933,861.763916,1739.820557,0.323346829,0.9461327098,0.0167249373,,,,
206,0.0,-190.258102,865.295654,1740.471191,0.32273105,0.9462707002,0.0204066485,,,,
207,0.0,-190.278671,869.270813,1741.173096,0.3222704287,0.9463523841,0.0236418248,,,,
208,0.0,-190.493362,873.209778,1741.542358,0.322201855,0.9462938465,0.0267192941,,,,
209,0.0,-189.964417,880.476135,1742.127441,0.3229776133,0.9457490516,0.035273116,,,,
210,0.0,-189.574341,883.754211,1742.364746,0.3243065727,0.9451782333,0.0382538139,,,,
211,0.0,-189.244568,885.8721615,1742.6481935,0.3249826468,0.9448838916,0.0397241128,,,,
212,0.0,-188.286957,891.594482,1743.468384,0.3291736369,0.943286047,0.0430830637,,,,
213,0.0,-187.574326,894.571838,1743.985474,0.3338233208,0.9415228133,0.0457906376,,,,
214,0.0,-186.622208,898.886292,1744.693115,0.3389854951,0.9395246306,0.0488088383,,,,
215,0.0,-185.515091,902.390808,1745.642822,0.3442999394,0.9374880415,0.0507318816,,,,
216,0.0,-184.399033,906.102478,1746.117798,0.3488584363,0.9356937047,0.0526790504,,,,
217,0.0,-183.505981,909.669678,1746.524414,0.3549208956,0.9332488206,0.0554778943,,,,
218,0.0,-182.821289,912.826965,1746.895752,0.361133892,0.9307596756,0.0571728807,,,,
219,0.0,-182.153717,916.517883,1747.349609,0.3690778106,0.927516798,0.0591114139,,,,
220,0.0,-181.922974,920.228577,1747.608398,0.3770430084,0.9241828271,0.061030091,,,,
221,0.0,-181.389221,923.148254,1748.23291,0.3843480595,0.921070802,0.0624911737,,,,
222,0.0,-181.422211,927.899963,1748.685303,0.3929685902,0.9173114965,0.0641506467,,,,
223,0.0,-181.237839,931.341797,1749.074829,0.4011692683,0.913690218,0.0650646122,,,,
224,0.0,-181.3414,934.160217,1749.329712,0.4092049318,0.9100851339,0.0655467228,,,,
225,0.0,-181.669678,938.525696,1749.587891,0.4183088784,0.9059003168,0.0660476963,,,,
226,0.0,-182.019913,941.938171,1749.803711,0.4256935658,0.9024210239,0.0664927347,,,,
227,0.0,-182.366943,946.125122,1749.801758,0.4344360485,0.8982051206,0.0670289575,,,,
228,0.0,-182.751511,949.684753,1749.862793,0.4402724914,0.8952923738,0.0679094897,,,,
229,0.0,-183.271576,953.10083,1750.010254,0.4473861774,0.8917506281,0.0680178329,,,,
230,0.0,-183.617355,956.248352,1749.750977,0.4551223102,0.8877962423,0.0684215971,,,,
231,0.0,-184.2621,960.653381,1749.193115,0.463333812,0.8834984644,0.0689365071,,,,
232,0.0,-184.880142,963.87262,1749.219482,0.4696413105,0.8801588377,0.0689743429,,,,
233,0.0,-185.554657,967.206726,1748.864502,0.4782073106,0.8755343,0.0689743255,,,,
234,0.0,-186.306747,970.414429,1748.121948,0.4867150862,0.87083349,0.0689743255,,,,
235,0.0,-187.174149,974.260315,1747.935547,0.4938073826,0.8668314766,0.0689743429,,,,
236,0.0,-188.038528,977.811768,1747.701538,0.5022789285,0.8619786213,0.0686202188,,,,
237,0.0,-188.871246,981.708008,1747.571777,0.5116751947,0.8564755236,0.0681041309,,,,
238,0.0,-189.787598,985.531555,1747.417603,0.5206469541,0.8511268408,0.0671554177,,,,
239,0.0,-190.544189,988.378662,1747.601929,0.5288271737,0.8461327836,0.0663410348,,,,
240,0.0,-191.390533,991.939697,1748.233887,0.5387667049,0.8399154581,0.0653640653,,,,
241,0.0,-192.218704,995.528687,1748.451538,0.548646862,0.8335713015,0.0643856049,,,,
242,0.0,-192.89653,998.590393,1749.735352,0.5594157737,0.8264281519,0.0638004845,,,,
243,0.0,-194.045212,1003.335205,1750.419189,0.5719388437,0.8178548805,0.0632404421,,,,
244,0.0,-195.787933,1009.819336,1751.079956,0.5818457365,0.8109112365,0.062277648,,,,
245,0.0,-196.4085005,1012.203644,1751.2251585,0.584263984,0.809165122,0.062277648,,,,
246,0.0,-197.029068,1014.587952,1751.370361,0.5866822315,0.8074190076,0.062277648,,,,
247,0.0,-197.931946,1018.101746,1751.402222,0.5895290945,0.8054043846,0.0614753943,,,,
248,0.0,-199.487885,1025.289429,1751.587524,0.5960834375,0.8005774809,0.0613207363,,,,
249,0.0,-200.631439,1029.192749,1751.26001,0.6003140908,0.7974630714,0.0606270742,,,,
250,0.0,-201.597733,1033.143799,1751.071777,0.6043705743,0.7944132579,0.0603637682,,,,
251,0.0,-202.073578,1035.4990235,1751.0324705,0.6063630504,0.7928895098,0.0603637682,,,,
252,0.0,-202.549423,1037.854248,1750.993164,0.6083555266,0.7913657617,0.0603637682,,,,
253,0.0,-204.2827,1045.045044,1750.780029,0.6155047983,0.7858859922,0.0594731068,,,,
254,0.0,-204.9431,1048.593628,1750.867188,0.6183733382,0.7836359175,0.0594067621,,,,
255,0.0,-205.482529,1052.077637,1750.988647,0.6241931072,0.7790738745,0.0585394145,,,,
256,0.0,-206.230103,1056.208008,1751.353149,0.6298963739,0.7745422682,0.0575745861,,,,
257,0.0,-206.662201,1059.338135,1751.584106,0.6351395481,0.7702547364,0.0574925695,,,,
258,0.0,-207.073746,1063.038818,1752.094116,0.6412327978,0.7652474322,0.0567174268,,,,
259,0.0,-207.38623,1065.913696,1752.594604,0.647637402,0.7599303613,0.0554223911,,,,
260,0.0,-207.856812,1069.92627,1752.995117,0.6544801355,0.7541478016,0.0540078296,,,,
261,0.0,-208.349228,1074.433716,1753.461548,0.660414971,0.7490476475,0.052722745,,,,
262,0.0,-207.574371,1078.229004,1753.470947,0.6664630609,0.7437951704,0.0509483363,,,,
263,0.0,-207.938461,1081.808105,1753.607666,0.6708503734,0.7399664393,0.0490861002,,,,
264,0.0,-208.261993,1085.263428,1753.705444,0.6760571349,0.7352789575,0.0480791536,,,,
265,0.0,-208.482391,1089.093872,1753.62915,0.6788230145,0.7327893893,0.0471065379,,,,
266,0.0,-208.717896,1092.30835,1753.521729,0.6803468029,0.7313842381,0.046960877,,,,
267,0.0,-208.938934,1095.487427,1753.322266,0.6818056671,0.7300244574,0.046960877,,,,
268,0.0,-209.110962,1098.15332,1753.132568,0.6829847103,0.7289503406,0.0465111438,,,,
269,0.0,-209.372299,1100.774048,1753.321777,0.6837735752,0.7282323102,0.0461670906,,,,
270,0.0,-209.563965,1104.266846,1752.935791,0.6852625728,0.7268417398,0.0460031691,,,,
271,0.0,-209.715042,1106.91687,1752.747192,0.6881826209,0.7240776113,0.0460031865,,,,
272,0.0,-209.905136,1109.880249,1752.526489,0.6913234434,0.7211293395,0.0452147351,,,,
273,0.0,-210.081665,1112.881714,1752.648193,0.6951188261,0.7174822132,0.0450454363,,,,
274,0.0,-210.474136,1115.921021,1752.133545,0.6993732138,0.7133358371,0.0450454363,,,,
275,0.0,-210.677383,1117.977295,1752.062866,0.7022964968,0.7104579785,0.0450454363,,,,
276,0.0,-210.978683,1120.257568,1751.752075,0.7046275634,0.7081461047,0.0450454363,,,,
277,0.0,-211.233246,1123.766235,1751.285278,0.7064645964,0.7063134451,0.0450454363,,,,
278,0.0,-211.37265,1127.011597,1750.613281,0.7084830032,0.7042888207,0.0450454363,,,,
279,0.0,-211.468002,1129.329712,1750.18457,0.710726878,0.7020243682,0.0450454363,,,,
280,0.0,-211.557327,1132.851562,1749.790039,0.7131845347,0.6995275034,0.0450454363,,,,
281,0.0,-211.580429,1135.885132,1749.318604,0.7155812523,0.6970755902,0.0450454537,,,,
282,0.0,-211.635254,1139.537476,1748.975464,0.720850767,0.6916249565,0.0450454363,,,,
283,0.0,-211.647141,1141.879761,1749.195435,0.7243656929,0.6879427677,0.0450454363,,,,
284,0.0,-211.631134,1144.968384,1749.570801,0.7288912458,0.6831460023,0.0450454363,,,,
285,0.0,-211.599182,1148.894409,1749.958618,0.7338705619,0.677794148,0.0450454363,,,,
286,0.0,-211.628098,1152.239868,1750.463867,0.7383592961,0.672901521,0.0450454537,,,,
287,0.0,-211.604889,1155.19043,1750.447266,0.7432767704,0.6674657679,0.0450454363,,,,
288,0.0,-211.587051,1158.234619,1750.741455,0.7479889899,0.6621262799,0.0458395078,,,,
289,0.0,-211.470398,1161.225098,1750.629761,0.7540259483,0.6551694643,0.046881151,,,,
290,0.0,-211.369247,1164.716309,1750.53772,0.7596071894,0.6486204761,0.0478371807,,,,
291,0.0,-211.776779,1168.04187,1750.191895,0.7628867155,0.6446942341,0.0487155394,,,,
292,0.0,-211.63353,1171.692871,1749.897949,0.7666796981,0.6400955116,0.0497993632,,,,
293,0.0,-211.47908,1174.768066,1749.77356,0.7690971824,0.6371860987,0.0498337209,,,,
294,0.0,-211.312469,1177.610596,1749.785156,0.7719004382,0.6337504349,0.0503000981,,,,
295,0.0,-211.218811,1181.286743,1749.490723,0.7745328318,0.6304932723,0.0507654011,,,,
296,0.0,-210.761154,1187.972534,1749.348511,0.7799789297,0.6238184587,0.0498337209,,,,
297,0.0,-210.693298,1188.817139,1749.484863,0.7809583912,0.6225918337,0.0498337209,,,,
298,0.0,-210.217148,1192.145508,1748.338013,0.7841342509,0.6186357842,0.0492264468,,,,
299,0.0,-209.790085,1196.095825,1748.454468,0.7863420379,0.6158538685,0.0488897947,,,,
300,0.0,-209.516373,1199.55896,1748.38501,0.7879970945,0.6137548982,0.0486364477,,,,
301,0.0,-209.028351,1203.494141,1748.509399,0.7898939378,0.6113348747,0.0483449894,,,,
302,0.0,-208.584106,1207.891479,1748.533569,0.7921506571,0.6084354146,0.0479966949,,,,
303,0.0,-207.744797,1212.057983,1749.078247,0.7947776822,0.6050602784,0.0472281217,,,,
304,0.0,-207.35788,1215.13501,1749.102539,0.7975606006,0.6014081513,0.046960877,,,,
305,0.0,-206.888077,1218.132324,1749.507812,0.799661272,0.5986444799,0.0465471459,,,,
306,0.0,-206.111237,1222.552612,1749.990234,0.8019349873,0.5956370433,0.0460085738,,,,
307,0.0,-205.467468,1226.202637,1749.955933,0.8041992768,0.5925767714,0.0460031865,,,,
308,0.0,-204.967499,1228.077515,1749.768433,0.8055391317,0.5907541063,0.0460031865,,,,
309,0.0,-204.376373,1232.930664,1749.731201,0.8078708597,0.5875613847,0.0460031865,,,,
310,0.0,-203.774368,1236.946411,1749.508545,0.8109567511,0.5833675296,0.0450718686,,,,
311,0.0,-203.405258,1239.224854,1749.326172,0.8132019976,0.5802356588,0.0450454363,,,,
312,0.0,-202.832336,1243.30542,1749.058594,0.8159605712,0.57634994,0.0450454537,,,,
313,0.0,-202.315918,1247.094238,1748.617676,0.8194568231,0.5713680282,0.0450454363,,,,
314,0.0,-201.789551,1250.707031,1748.364746,0.8234276969,0.5656303887,0.0450454363,,,,
315,0.0,-201.222855,1254.413086,1748.07666,0.8272988262,0.5599531774,0.0450454363,,,,
316,0.0,-200.66835,1257.950928,1747.785034,0.830534379,0.5551428217,0.0450454537,,,,
317,0.0,-200.323151,1261.367676,1747.518799,0.836651089,0.5458808148,0.0450454363,,,,
318,0.0,-199.837769,1264.761597,1747.555908,0.8400129469,0.5406932181,0.0450454537,,,,
319,0.0,-199.337677,1268.436646,1747.698242,0.8434702647,0.5352838698,0.0450454363,,,,
320,0.0,-198.852325,1271.437012,1747.791748,0.8460171728,0.5312493314,0.0450454363,,,,
321,0.0,-198.149506,1275.551392,1748.328857,0.8482939848,0.5276061258,0.0450454363,,,,
322,0.0,-197.426407,1279.518921,1748.24353,0.8508334171,0.5235011032,0.0450454363,,,,
323,0.0,-196.617249,1283.818726,1748.85144,0.8538851656,0.5185084692,0.0450454363,,,,
324,0.0,-195.936554,1287.34375,1749.700195,0.8558041083,0.5153350724,0.0450454363,,,,
325,0.0,-195.234589,1290.813354,1749.595459,0.8581341534,0.5114456798,0.0450454363,,,,
326,0.0,-194.592163,1294.025635,1749.970459,0.8603337276,0.5078049576,0.0442719109,,,,
327,0.0,-193.810852,1297.835205,1750.204346,0.8622393087,0.5045786897,0.0440876446,,,,
328,0.0,-192.975189,1301.757935,1750.220337,0.863615816,0.5022190777,0.0440876446,,,,
329,0.0,-191.727005,1305.513672,1749.990723,0.8646162495,0.5004947743,0.0440876621,,,,
330,0.0,-191.217163,1308.760986,1749.672852,0.8653108486,0.499292915,0.0440876446,,,,
331,0.0,-190.113083,1312.864258,1749.482666,0.8660248561,0.4980534375,0.0440876621,,,,
332,0.0,-188.730255,1316.263184,1749.990479,0.8665623583,0.4971176509,0.0440876446,,,,
333,0.0,-187.705887,1319.363159,1749.876709,0.8675215952,0.4954827354,0.043625002,,,,
334,0.0,-184.788422,1325.442627,1749.550293,0.8695249604,0.4920021961,0.0431298299,,,,
335,0.0,-182.767303,1328.443726,1749.689331,0.8710209721,0.4893488352,0.0431298473,,,,
336,0.0,-180.619568,1331.449097,1749.860352,0.8729141028,0.4860314202,0.0423606863,,,,
337,0.0,-178.583313,1333.939087,1750.171753,0.8747699953,0.4826996787,0.0421719755,,,,
338,0.0,-175.904251,1336.514648,1750.531494,0.8767996015,0.4790031156,0.0421719581,,,,
339,0.0,-173.407928,1338.790039,1750.91626,0.8785958199,0.4757004427,0.0421719581,,,,
340,0.0,-172.1634825,1339.8172605,1751.0543825,0.8797708292,0.4735371186,0.0419496768,,,,
341,0.0,-168.508835,1343.20105,1751.281372,0.8828324315,0.4678662217,0.0413291237,,,,
342,0.0,-165.327759,1345.746948,1751.593384,0.8857524664,0.462324528,0.041214065,,,,
343,0.0,-162.501633,1347.923828,1751.876221,0.8876771275,0.4586954797,0.0403456838,,,,
344,0.0,-159.328064,1350.126953,1752.025269,0.8900031482,0.4541738006,0.0402561165,,,,
345,0.0,-156.482849,1352.303711,1752.012695,0.8913279998,0.4516500563,0.0393271334,,,,
346,0.0,-154.987762,1353.470215,1751.926147,0.892061249,0.4502026043,0.0392981311,,,,
347,0.0,-150.692856,1356.750488,1751.593506,0.8934683788,0.4474035236,0.0392981311,,,,
348,0.0,-148.346924,1358.643433,1751.032349,0.894156607,0.4460860637,0.0386158766,,,,
349,0.0,-145.427124,1360.701416,1750.984253,0.895362278,0.4436850525,0.0383401269,,,,
350,0.0,-142.469589,1362.728149,1750.786987,0.8962934369,0.4418009858,0.0383401095,,,,
351,0.0,-138.960907,1365.058716,1750.354248,0.8982300459,0.4379318022,0.0373968078,,,,
352,0.0,-135.780609,1367.13562,1749.962524,0.8998231981,0.4347250188,0.0365016467,,,,
353,0.0,-132.45755,1369.213013,1749.942139,0.9028203855,0.4284724556,0.0364239789,,,,
354,0.0,-129.543732,1371.055176,1749.974609,0.9048147031,0.4243214661,0.0355196637,,,,
355,0.0,-126.803185,1372.716064,1750.082642,0.9061193902,0.4215707398,0.0350108853,,,,
356,0.0,-123.932976,1374.412598,1750.161011,0.9070928286,0.4195031948,0.0346362509,,,,
357,0.0,-119.88813,1376.758057,1750.248901,0.9089846324,0.4153987912,0.0345077144,,,,
358,0.0,-118.3860585,1377.612732,1750.2924805,0.9095445757,0.4141691162,0.0345077144,,,,
359,0.0,-113.841423,1380.155396,1750.397339,0.9112363199,0.4105027891,0.0337020682,,,,
360,0.0,-112.463242,1380.899414,1750.429688,0.9117416867,0.4094119182,0.0333013213,,,,
361,0.0,-110.275749,1382.795776,1752.794922,0.9136784105,0.4050981548,0.032973432,,,,
362,0.0,-106.619858,1384.804443,1752.896484,0.914951823,0.4022406292,0.0326441086,,,,
363,0.0,-102.007721,1387.161011,1752.86145,0.916313452,0.3991579303,0.032289383,,,,
364,0.0,-97.984749,1389.4552,1753.0802,0.9175020629,0.3964434482,0.0319774444,,,,
365,0.0,-94.142197,1391.783081,1753.159668,0.9187772125,0.3935064407,0.0316404,,,,
366,0.0,-90.937447,1393.674438,1753.253296,0.9188257452,0.3934514872,0.0309059409,,,,
367,0.0,-88.436165,1395.101318,1753.16748,0.9188322908,0.3934542901,0.0306747945,,,,
368,0.0,-84.81868,1397.154419,1752.927124,0.9188322908,0.3934542901,0.0306747945,,,,
369,0.0,-81.212471,1398.987549,1752.713379,0.9188322908,0.3934542901,0.0306747945,,,,
370,0.0,-77.837082,1400.740112,1752.328491,0.9188322908,0.3934542901,0.0306747945,,,,
371,0.0,-74.457016,1402.40625,1752.062134,0.9188322908,0.3934542901,0.0306747945,,,,
372,0.0,-71.261902,1403.934937,1751.928223,0.9188322908,0.3934542901,0.0306747945,,,,
373,0.0,-67.442177,1405.692261,1751.87207,0.9195457865,0.3917838734,0.0306747945,,,,
374,0.0,-63.903271,1407.441284,1751.712646,0.9206433376,0.3891977656,0.0306748119,,,,
375,0.0,-58.892056,1410.431763,1751.481201,0.9244770427,0.3801246283,0.0291112423,,,,
376,0.0,-55.193878,1413.098633,1751.437744,0.9271260231,0.3736990558,0.0280419844,,,,
377,0.0,-51.8829,1415.513916,1751.286255,0.9305773848,0.365038218,0.0277998271,,,,
378,0.0,-48.972046,1417.680054,1751.261963,0.9343898134,0.3552269046,0.0270096819,,,,
379,0.0,-46.785244,1419.717896,1751.013794,0.9368870329,0.3486286038,0.0264723301,,,,
380,0.0,-43.826988,1422.622559,1751.018188,0.939248597,0.3422522293,0.0259900871,,,,
381,0.0,-41.203323,1425.309326,1750.854492,0.9412711875,0.336658017,0.0258830298,,,,
382,0.0,-38.726765,1428.038086,1750.890503,0.943204767,0.3312021078,0.0258830298,,,,
383,0.0,-36.200436,1430.730103,1751.227173,0.9452626546,0.3252823123,0.0258830298,,,,
384,0.0,-33.94696,1433.574951,1751.05957,0.9472333527,0.3194981131,0.0258830298,,,,
385,0.0,-31.655815,1436.516968,1751.140625,0.9490387867,0.3141298612,0.0254521453,,,,
386,0.0,-29.092861,1439.924805,1751.189941,0.9505495915,0.3095672736,0.0249715297,,,,
387,0.0,-26.75621,1442.800659,1750.756104,0.9522955745,0.3041576935,0.0249246124,,,,
388,0.0,-24.196741,1445.821533,1750.070435,0.9544937575,0.2971875345,0.0249246124,,,,
389,0.0,-22.191702,1448.472046,1749.847534,0.9570661299,0.2887960988,0.0249246124,,,,
390,0.0,-19.598391,1452.077637,1749.701538,0.959670604,0.2800198144,0.024924595,,,,
391,0.0,-17.802755,1454.141602,1748.973877,0.9616742767,0.2730592412,0.0249246124,,,,
392,0.0,-15.799235,1457.015381,1748.553101,0.9640336143,0.2646090591,0.0249246124,,,,
393,0.0,-13.715456,1460.164551,1748.118042,0.9665062509,0.2554298939,0.0249246124,,,,
394,0.0,-12.03326,1462.887207,1747.958984,0.9677398846,0.2507610943,0.0244619969,,,,
395,0.0,-10.131803,1465.818359,1747.911377,0.9686307826,0.247336009,0.0240687679,,,,
396,0.0,-8.239729,1468.853149,1747.782593,0.9697751057,0.2428206494,0.0239661547,,,,
397,0.0,-6.0821,1472.006104,1748.012207,0.9710655102,0.2376076563,0.0239661547,,,,
398,0.0,-3.881893,1475.276733,1748.240112,0.9727361637,0.2306728835,0.0239661547,,,,
399,0.0,-2.627272,1477.21814,1748.072144,0.9739030225,0.2256956495,0.0239661547,,,,
400,0.0,-0.195335,1480.857422,1748.438354,0.9754704031,0.2188221105,0.0239661547,,,,
401,0.0,2.142826,1484.227173,1749.517822,0.977193918,0.2109921088,0.0239661547,,,,
402,0.0,4.345357,1487.651855,1749.495605,0.9783763683,0.2054392986,0.0239661547,,,,
403,0.0,6.392049,1490.973145,1750.272095,0.9795388738,0.1998229673,0.0239661547,,,,
404,0.0,7.688671,1493.079102,1750.49939,0.9800058591,0.1975199724,0.0239661547,,,,
405,0.0,10.218895,1497.031616,1750.532227,0.9806360339,0.1943671588,0.0239661547,,,,
406,0.0,11.603475,1499.230103,1750.641357,0.9810075055,0.1924505691,0.0242291692,,,,
407,0.0,14.318446,1503.386353,1750.546265,0.9816746166,0.1889409647,0.0248245662,,,,
408,0.0,16.514048,1506.718506,1750.530029,0.9823904421,0.1851696058,0.0249246124,,,,
409,0.0,18.527889,1509.832764,1750.288696,0.983217305,0.1807276837,0.024924595,,,,
410,0.0,20.55028,1513.051025,1749.763794,0.9840639041,0.1760596388,0.0249246124,,,,
411,0.0,23.021166,1516.751221,1749.704834,0.9848557333,0.1715749058,0.0249246124,,,,
412,0.0,24.844381,1519.705444,1749.018921,0.9854941901,0.167868892,0.0249246124,,,,
413,0.0,26.804039,1522.643188,1748.912109,0.9860433275,0.1646126361,0.0249246124,,,,
414,0.0,29.30891,1526.188721,1748.594604,0.9864457729,0.1621835404,0.0249246124,,,,
415,0.0,31.523792,1529.450317,1748.606934,0.9871406805,0.1578988305,0.0249246124,,,,
416,0.0,33.264565,1531.823242,1748.583984,0.9876899037,0.1544260918,0.0249246124,,,,
417,0.0,35.976868,1534.99707,1748.535156,0.9887509976,0.1474795863,0.0249246124,,,,
418,0.0,41.376911,1539.11145,1748.80896,0.9906442861,0.1341740024,0.024924595,,,,
419,0.0,44.039539,1541.259155,1749.679199,0.9923170795,0.1213409294,0.0241493787,,,,
420,0.0,46.913063,1543.203491,1750.390381,0.9935087481,0.1113859407,0.0230984777,,,,
421,0.0,48.1442205,1544.037048,1750.640869,0.9938602076,0.1082641067,0.0225975828,,,,
422,0.0,51.902584,1546.653564,1750.886475,0.9949941358,0.0974705234,0.0220491915,,,,
423,0.0,53.520821,1547.558472,1751.141724,0.9952673421,0.0946401126,0.0220491915,,,,
424,0.0,56.02137,1548.930542,1751.231812,0.9955352942,0.0917785988,0.0220491915,,,,
425,0.0,59.433575,1550.919189,1751.161255,0.9959679427,0.0869579797,0.0220491915,0.0021539022,71.4694017313,1089.4972543267,0.0
426,0.0,61.382877,1551.811157,1751.318115,0.9963237106,0.0829482399,0.0214161879,0.0019592128,68.2212770864,1090.377461412,0.0
427,0.0,64.130531,1553.121582,1751.136719,0.9966816296,0.0786187822,0.0210906703,0.0017620316,64.5360065489,1087.6061075686,0.0
428,0.0,66.31459,1554.117676,1750.996216,0.9968421358,0.0765567763,0.0210906703,0.0017473461,64.132382697,1085.3322647065,0.0
429,0.0,66.96035,1554.392212,1750.63855,0.9968916522,0.0759064696,0.0210906703,0.0017443798,64.0380923905,1084.656599034,0.0
430,0.0,72.11377,1556.566895,1750.101929,0.9971142137,0.0729275566,0.0210906703,0.0019578713,67.4955018057,1079.1465933335,0.0
431,0.0,75.405792,1557.717163,1750.040894,0.9971525827,0.0724010384,0.0210906703,0.0022576582,72.2331983617,1075.5683403282,0.0
432,0.0,77.727654,1558.463867,1750.342041,0.9972086788,0.0716242592,0.0210906703,0.002465745,75.3074679898,1073.0423210403,0.0
433,0.0,81.064873,1559.469849,1750.214722,0.9972779653,0.0706529805,0.0210906703,0.0027158895,78.7687806589,1069.4934971057,0.0
434,0.0,84.113876,1560.2146,1750.080566,0.9973482937,0.0696531743,0.0210906703,0.0029674048,82.0799478524,1066.242761484,0.0
435,0.0,87.428673,1561.155396,1749.967285,0.9974832505,0.0676930464,0.0210906703,0.0031827495,84.7219379227,1062.7362358187,0.0
436,0.0,89.683952,1561.706787,1749.843506,0.9976823146,0.064692989,0.0210906703,0.0032113907,84.9105801576,1060.3498840617,0.0
437,0.0,92.225212,1562.605347,1749.744385,0.997926204,0.0608150884,0.0210906703,0.0032575796,85.3011592373,1057.6607653437,0.0
438,0.0,95.54171,1563.983032,1749.839355,0.9981633798,0.0567895307,0.0210906703,0.0033446851,86.1508533257,1054.2179762177,0.0
439,0.0,98.578491,1565.447876,1750.124268,0.9984601651,0.0511191937,0.0215436025,0.0033301691,85.7074036881,1051.0710361646,0.0
440,0.0,100.616661,1566.563232,1749.906006,0.9986423052,0.0472687619,0.021890876,0.0033192383,85.3972236789,1048.9872792142,0.0
441,0.0,103.771118,1568.363037,1749.917847,0.9988994012,0.0409873052,0.0228041008,0.0032893692,84.7533443291,1045.7863499862,0.0
442,0.0,106.449211,1569.998413,1750.40979,0.9991402569,0.0338637947,0.0239163224,0.0032008276,83.3901410722,1043.0770026994,0.0
443,0.0,108.68502,1571.454712,1750.425415,0.9992701316,0.0291945984,0.0246349244,0.0031706118,82.820061963,1040.8629091635,0.0
444,0.0,109.711166,1572.028198,1750.929688,0.9993182595,0.0272279368,0.0249330223,0.0031582832,82.5781534676,1039.8430866756,0.0
445,0.0,114.019005,1574.849365,1751.062988,0.9995673368,0.0124839665,0.0266324949,0.0027211649,76.3489725487,1035.6342817034,0.0
446,0.0,117.115845,1577.096436,1750.797729,0.9996035815,0.0051348619,0.0276823593,0.0027082833,75.9507100916,1032.6758964593,0.0
447,0.0,119.661476,1579.281982,1750.954712,0.9995873847,-0.0002115513,0.0287230864,0.002791326,76.9273413172,1030.3000556583,0.0
448,0.0,121.631775,1580.832153,1750.971313,0.9995542965,-0.0047097129,0.0294792615,0.0028039204,76.9639390452,1028.4758362836,0.0
449,0.0,124.378853,1583.101562,1750.883667,0.9995140063,-0.0094170396,0.0297165049,0.0029345034,78.5418720515,1025.9773732932,0.0
450,0.0,126.833992,1584.932861,1750.804565,0.9994317833,-0.0150177656,0.0301757742,0.0029715065,78.8648143784,1023.7709750705,0.0
451,0.0,129.149139,1586.984497,1750.478027,0.9993491339,-0.0191771597,0.0305539696,0.0030430422,79.6481105207,1021.7323405368,0.0
452,0.0,132.390076,1589.553833,1750.276489,0.9992390442,-0.0252536627,0.0297251579,0.0031263421,80.5058541837,1018.9055370165,0.0
453,0.0,134.401535,1591.252075,1750.080322,0.9991366448,-0.0290326438,0.0297165049,0.0031955184,81.2532704155,1017.1907815388,0.0
454,0.0,136.992752,1593.836548,1749.240967,0.9989378626,-0.0348518391,0.0301412672,0.0032775011,82.1173130518,1015.0897681122,0.0
455,0.0,140.047165,1596.325073,1749.2052,0.9987199484,-0.0402506817,0.0306324552,0.0033777856,83.1522305563,1012.5346941611,0.0
456,0.0,142.705109,1598.675293,1748.795044,0.9984783949,-0.0458252209,0.0306748119,0.0034274478,83.5943920083,1010.5299001895,0.0
457,0.0,145.153549,1600.942749,1748.370605,0.9982746694,-0.0500673681,0.0306747945,0.0035998497,85.5287487613,1008.8953935766,0.0
458,0.0,146.109634,1601.769165,1748.370605,0.9982138582,-0.051265489,0.0306747945,0.0036740013,86.3459433694,1008.2228939229,0.0
459,0.0,150.770599,1605.793091,1747.869873,0.9975270018,-0.0632371457,0.0306748119,0.0035672163,84.8257127669,1005.1605888923,0.0
460,0.0,155.910095,1610.102295,1747.967407,0.9969129407,-0.072274792,0.0306747945,0.0038241032,87.5283968022,1001.8086342825,0.0
461,0.0,158.654099,1612.454468,1747.944824,0.9964063625,-0.0789519891,0.0306748119,0.0038057831,87.1689237968,1000.0881297434,0.0
462,0.0,161.104218,1614.206055,1748.531982,0.9959733114,-0.0842390644,0.0306747945,0.0038334074,87.3450190582,998.4981511737,0.0
463,0.0,162.6029895,1615.384949,1748.792114,0.9956251646,-0.0881703562,0.0306748032,0.0038175619,87.0873575238,997.612984716,0.0
464,0.0,166.482376,1618.474365,1749.324341,0.9948092559,-0.0970237159,0.0306747945,0.0038192959,86.8996222197,995.2365351821,0.0
465,0.0,170.100281,1621.503296,1749.514282,0.9936693599,-0.1079408425,0.0311444649,0.0036196069,84.4279497055,993.1935467389,0.0
466,0.0,172.109024,1623.189697,1749.706909,0.9929216072,-0.1145206815,0.0314911964,0.0034738107,82.622731128,992.1080346342,0.0
467,0.0,175.363434,1625.814575,1750.014038,0.9917468973,-0.1242474963,0.0316330733,0.003285972,80.2184901078,990.3406820944,0.0
468,0.0,178.184616,1627.869019,1749.882568,0.9902757936,-0.1356506107,0.0308668817,0.0028668315,74.8221205284,988.8386198949,0.0
469,0.0,180.992523,1630.190308,1749.895508,0.9885358232,-0.1481523591,0.0291170867,0.002415066,68.5883607371,987.4913474019,0.0
470,0.0,184.39769,1632.286621,1749.490845,0.9863685266,-0.1622770148,0.0272635338,0.0018789132,60.3859603784,985.5342338988,0.0
471,0.0,185.16066,1632.88147,1749.490845,0.9856478682,-0.1666877575,0.0267108846,0.0017215938,57.7864580749,985.2189015562,0.0
472,0.0,190.430237,1636.956543,1748.858276,0.9818713619,-0.1880071999,0.0241230493,0.0011747406,47.6250093812,982.8260604851,0.0
473,0.0,193.028442,1638.927002,1748.635864,0.9793141016,-0.2010292492,0.0230462888,0.0008641497,40.8112337761,981.8927971901,0.0
474,0.0,194.377991,1639.928467,1748.473022,0.9776835857,-0.2088191875,0.0230076749,0.0007062026,36.8839600478,981.6000806228,0.0
475,0.0,197.593735,1642.308228,1748.025757,0.9748521349,-0.2216618189,0.0230076749,0.0005107072,31.3292319121,980.4021059017,0.0
476,0.0,200.052429,1644.121216,1748.111694,0.9728278982,-0.2303834354,0.0230076749,0.0004250948,28.560924676,979.6264760701,0.0
477,0.0,202.193588,1645.751343,1747.908081,0.9709941471,-0.237993725,0.0230076749,0.0003595522,26.2518827082,979.046947476,0.0
478,0.0,204.702057,1647.638306,1747.665039,0.9694425353,-0.2442372142,0.0230076924,0.0003520159,25.9566211696,978.3410147329,0.0
479,0.0,207.388168,1649.638184,1747.421997,0.9684835041,-0.2480128004,0.0230076749,0.0004316455,28.7236628656,977.7055080807,0.0
480,0.0,209.908386,1651.524048,1747.429199,0.9674741359,-0.251834196,0.0239443967,0.0005096072,31.1909985471,977.1288155479,0.0
481,0.0,211.720215,1652.862915,1747.40564,0.9672776238,-0.2525858705,0.0239661547,0.0006336806,34.765858562,976.7233096928,0.0
482,0.0,213.723434,1654.508057,1747.462891,0.9672097516,-0.2528456444,0.0239661547,0.0008486842,40.227832462,976.6315370211,0.0
483,0.0,217.303146,1656.944702,1747.818726,0.9672097516,-0.2528456444,0.0239661547,0.0012050935,47.8805213519,975.5833560686,0.0
484,0.0,219.29213,1658.244507,1747.948853,0.9672097516,-0.2528456444,0.0239661547,0.0014262017,52.0545046443,975.007024531,0.0
485,0.0,219.624001,1658.4611205,1748.0562135,0.9672097516,-0.2528456444,0.0239661547,0.001475233,52.9321387882,974.9776700313,0.0
486,0.0,219.955872,1658.677734,1748.163574,0.9672097516,-0.2528456444,0.0239661547,0.0015242642,53.8097729322,974.9483155316,0.0
487,0.0,227.63118,1663.624512,1749.856323,0.9667786624,-0.254488981,0.0239661547,0.0025318221,69.2119937745,973.2509491401,0.0
488,0.0,230.49028,1665.679688,1750.105835,0.9662351021,-0.2564581583,0.0248785151,0.0028847669,73.835710368,972.7685672773,0.0
489,0.0,233.032471,1667.067505,1749.951172,0.9657145243,-0.2584070844,0.0249246124,0.0031729261,77.394679461,972.3237564784,0.0
490,0.0,235.276108,1668.458008,1749.94043,0.9654483109,-0.2593563795,0.025373753,0.0035512625,81.8572022636,972.1570421339,0.0
491,0.0,237.775253,1670.201538,1750.119629,0.9652398125,-0.2600936331,0.0257566752,0.0039533333,86.3107083652,971.6226217458,0.0
492,0.0,240.643692,1672.182983,1750.318848,0.9649926954,-0.2609964876,0.0258830298,0.0044508748,91.5234030364,971.1319827016,0.0
493,0.0,243.618607,1674.391602,1750.200806,0.9646898962,-0.2620327901,0.0266874707,0.0050457544,97.4107106707,970.9060044571,0.0
494,0.0,246.169769,1675.897217,1750.177612,0.9638149605,-0.2651385137,0.0276096069,0.0053114815,99.9052695144,970.6060969755,0.0
495,0.0,248.467789,1677.449951,1749.990845,0.9626858773,-0.269111283,0.0285485378,0.0054895122,101.5630483626,970.6232492324,0.0
496,0.0,251.710022,1679.611084,1749.830566,0.961428693,-0.2734618436,0.0295548362,0.0057554634,103.935707873,970.1422615474,0.0
497,0.0,254.840515,1681.842407,1749.253662,0.9600391146,-0.2781926677,0.0305571272,0.0059794919,105.9001353926,969.8388239782,0.0
498,0.0,259.638397,1684.911377,1748.780884,0.9573844374,-0.2870974176,0.0314660412,0.0061686833,107.5326297228,969.6161082016,0.0
499,0.0,262.955505,1686.966187,1748.519043,0.95568928,-0.2925872302,0.0324147019,0.0063551154,109.1152161134,969.3925854123,0.0
500,0.0,263.188161,1687.1290693333,1748.4622396667,0.955555406,-0.2930135429,0.0325040677,0.0063696246,109.2408520792,969.4075330986,0.0
501,0.0,263.420817,1687.2919516667,1748.4054363333,0.9554215321,-0.2934398557,0.0325934336,0.0063841338,109.366488045,969.422480785,0.0
502,0.0,263.653473,1687.454834,1748.348633,0.9378462739,-0.3452340343,0.0354658717,0.001850009,58.9414413083,969.4374284713,0.0
503,0.0,273.535339,1692.999634,1748.565918,0.9473174298,-0.3183522667,0.0352352311,0.005826708,104.772234954,971.9706074761,0.0
504,0.0,274.8021545,1693.653015,1748.529358,0.9450260345,-0.3250025275,0.0353505514,0.0054227106,101.0350941714,972.1776426747,0.0
505,0.0,278.488586,1695.52771,1748.559448,0.9392942335,-0.3412748376,0.0354658717,0.004504267,92.1771294672,972.267378458,0.0
506,0.0,280.17218,1696.3637085,1748.566284,0.9363493742,-0.3491283101,0.0358989663,0.0040873894,87.7109179174,972.3697981882,0.0
507,0.0,284.048126,1698.050415,1749.229126,0.9291166993,-0.3679165989,0.037142097,0.0031380246,76.9867569385,972.5542389207,0.0
508,0.0,286.731537,1699.349243,1749.203125,0.922797331,-0.3834679475,0.0373820701,0.0023479639,66.6118079938,972.6253724923,0.0
509,0.0,288.849976,1700.212402,1749.815308,0.9148469454,-0.40206672,0.0373820701,0.0015473704,54.1401406218,973.5882069102,0.0
510,0.0,291.292725,1701.328613,1749.903198,0.909588019,-0.4138263119,0.0373820701,0.0011955037,47.5924346124,973.5926751671,0.0
511,0.0,295.131714,1703.047852,1749.977905,0.9017937549,-0.4305468667,0.0373820701,0.0008180615,39.3674460186,973.4599742579,0.0
512,0.0,298.456329,1704.522583,1749.924438,0.8944436836,-0.4456153922,0.0373820701,0.0005827937,33.2278853654,973.4049580927,0.0
513,0.0,300.328339,1705.2323,1749.919922,0.8889335883,-0.4565081121,0.0373820701,0.0004769513,30.0692912795,973.69501118,0.0
514,0.0,303.711151,1706.379883,1749.642822,0.8813931326,-0.4709653272,0.0365760353,0.0004200741,28.2191282586,973.6687663271,0.0
515,0.0,306.043793,1707.206543,1749.440063,0.8775611917,-0.4780791225,0.0364239964,0.0004405946,28.902261189,973.7446779917,0.0
516,0.0,306.4660645,1707.3026125,1749.232727,0.8768428561,-0.4793930078,0.0364239964,0.0004469187,29.1091508896,973.7770961693,0.0
517,0.0,310.708435,1708.689697,1748.426025,0.8696910022,-0.4922729441,0.0361235264,0.000505728,30.9849764785,974.3894975016,0.0
518,0.0,314.011627,1709.92041,1748.339966,0.8672582262,-0.4965820842,0.0356286778,0.0005059121,30.9863167281,974.2543461113,0.0
519,0.0,317.340271,1711.080322,1747.902344,0.8653205604,-0.4999624984,0.0354658717,0.0005071049,31.0246096887,974.3107250963,0.0
520,0.0,320.063965,1712.084473,1747.570068,0.8624602479,-0.5048806718,0.0354658717,0.0005338375,31.8506471552,974.8924497667,0.0
521,0.0,322.816528,1713.036621,1747.728882,0.8603200457,-0.5085190185,0.0354658543,0.0005640609,32.7318757992,974.6622829249,0.0
522,0.0,325.803986,1714.088379,1747.445923,0.8568253955,-0.514385473,0.0354658543,0.0005912309,33.5162927778,974.8249236656,0.0
523,0.0,328.829315,1715.252563,1747.289062,0.8528151578,-0.5210712833,0.0345112205,0.0005917489,33.5435138638,975.189655449,0.0
524,0.0,330.739471,1716.013916,1747.216553,0.8509510596,-0.5241102095,0.0345077144,0.0006075669,33.9987347175,975.4762321768,0.0
525,0.0,333.630432,1716.911255,1747.227539,0.8492216345,-0.5269346432,0.0340954137,0.0006121687,34.1349480354,975.6974489876,0.0
526,0.0,336.379089,1717.74585,1747.290771,0.848190986,-0.5286173569,0.0337007599,0.0006248717,34.4801339647,975.4979814947,0.0
527,0.0,339.677856,1718.691406,1747.706177,0.8473903467,-0.5299094543,0.0335495255,0.000685143,36.1031236217,975.4691944792,0.0
528,0.0,342.838562,1719.624023,1747.727539,0.8468549537,-0.5307646529,0.0335495255,0.0007656738,38.1688337617,975.5626195026,0.0
529,0.0,346.236603,1720.465698,1748.432495,0.8458332807,-0.5324480326,0.0326366949,0.0008544319,40.3245034815,975.681554154,0.0
530,0.0,348.303925,1720.987061,1748.647827,0.8441967483,-0.5350641272,0.0322215774,0.0008993886,41.391303607,976.1534143797,0.0
531,0.0,352.393616,1722.097534,1748.773071,0.8416901525,-0.539032898,0.0316420921,0.0009769402,43.1402279428,976.2016554351,0.0
532,0.0,355.00116,1722.728516,1749.411987,0.8402240842,-0.5413379006,0.0312532507,0.00106101,44.9662406074,976.3984345779,0.0
533,0.0,358.624786,1723.723511,1749.801392,0.8381694628,-0.5445446694,0.0307091961,0.0011694946,47.2276152117,976.8073534293,0.0
534,0.0,361.271088,1724.42395,1749.949341,0.8373047801,-0.5458752259,0.0306747945,0.0012833852,49.4859489242,977.0747271477,0.0
535,0.0,364.104797,1725.192749,1750.197632,0.8359485587,-0.5479713022,0.0302895874,0.0014207304,52.1265669365,978.2336591556,0.0
536,0.0,367.812592,1726.147705,1750.258179,0.8345191752,-0.5501743634,0.0297643406,0.0015612856,54.6750261009,978.8190386561,0.0
537,0.0,370.660522,1726.892944,1750.442139,0.8335679832,-0.551617029,0.0297165049,0.0017248134,57.4940894383,979.319694027,0.0
538,0.0,373.740967,1727.626343,1750.390015,0.8325067951,-0.5532577421,0.0289535311,0.0018803301,60.0666412732,979.9536765311,0.0
539,0.0,376.975006,1728.36438,1750.243896,0.8322952064,-0.5535861786,0.0287581705,0.0021315418,63.9706685498,980.2808391103,0.0
540,0.0,380.345032,1729.170776,1750.040771,0.8313540005,-0.5549986427,0.0287581705,0.0023707432,67.4781117601,980.5352660831,0.0
541,0.0,383.733978,1729.978638,1749.88208,0.8302005481,-0.5567225679,0.0287581705,0.0026001003,70.6835164279,980.8228738406,0.0
542,0.0,389.379028,1731.325928,1749.342529,0.8249114818,-0.5646137424,0.0270623192,0.0025957666,70.6484013642,981.152557469,0.0
543,0.0,392.660431,1732.077515,1748.936157,0.8207730057,-0.5706595813,0.0260636802,0.002486786,69.1593575361,981.2663722407,0.0
544,0.0,394.2823335,1732.4116825,1748.90332,0.8186583992,-0.5737000684,0.0255474931,0.0024458839,68.5914731385,981.3375511374,0.0
545,0.0,395.904236,1732.74585,1748.870483,0.8165437926,-0.5767405556,0.025031306,0.0024049818,68.0235887409,981.4087300341,0.0
546,0.0,401.311584,1733.809937,1749.053223,0.8048388311,-0.5930093418,0.0239661547,0.0020439491,62.7310007069,981.6444466496,0.0
547,0.0,402.329865,1734.053833,1748.798828,0.8029307894,-0.5955902709,0.0239661547,0.0021447612,64.3737546271,983.4162092846,0.0
548,0.0,404.611496,1734.375,1748.609375,0.7948922268,-0.6061134792,0.0244380642,0.001931054,60.9611142252,982.894510529,0.0
549,0.0,409.563202,1734.985229,1748.376587,0.7803733416,-0.6248028595,0.0252751735,0.0017072036,57.3570821986,982.0075459977,0.0
550,0.0,410.616028,1735.1122636667,1748.4343263333,0.7777411845,-0.6280426041,0.0254213729,0.0017269553,57.6788531406,981.8912425923,0.0
551,0.0,411.668854,1735.2392983333,1748.4920656667,0.7751090273,-0.6312823487,0.0255675723,0.001746707,58.0006240826,981.7749391869,0.0
552,0.0,412.72168,1735.366333,1748.549805,0.7724768702,-0.6345220933,0.0257137717,0.0017664586,58.3223950246,981.6586357816,0.0
553,0.0,421.498627,1735.903809,1751.644531,0.7368091434,-0.6753787983,0.0312372364,0.0032849039,79.4949780978,981.5678149649,0.0
554,0.0,424.24707,1736.331665,1752.024658,0.7256362261,-0.6872884828,0.0329637507,0.0039467009,87.1250296377,981.6117888546,0.0
555,0.0,427.578552,1736.570923,1753.367065,0.7143376087,-0.6989555637,0.0343933237,0.0048202631,96.2714493116,981.6826721297,0.0
556,0.0,430.724243,1736.825928,1754.377441,0.7028435208,-0.7104615494,0.0354312312,0.0057642809,105.2533469008,981.6916563496,0.0
557,0.0,433.688293,1737.033813,1755.283325,0.6935726125,-0.7194178617,0.0373493157,0.0060697408,107.8015451261,979.9071559936,0.0
558,0.0,435.838715,1737.175781,1755.803955,0.6864805483,-0.726151149,0.0380652813,0.0066811089,113.0978704215,980.035395125,0.0
559,0.0,438.643646,1737.328735,1756.465454,0.6775272961,-0.7344294977,0.0396241836,0.007544698,120.1889104051,980.2778126023,0.0
560,0.0,441.770691,1737.429077,1757.104614,0.6647316472,-0.7459169432,0.0417103236,0.0089359335,130.8024462404,980.6257295336,0.0
561,0.0,443.125,1738.837524,1759.060547,0.6526787168,-0.7564186033,0.0429114124,0.0104200734,141.5519169122,983.1044678097,0.0
562,0.0,446.10556,1738.902588,1759.881714,0.6386306582,-0.7682193922,0.0446077118,0.0122547321,153.4898758959,983.4390758305,0.0
563,0.0,449.78714,1738.96582,1760.889526,0.6248188421,-0.7794134432,0.0460010769,0.0140551274,164.3782353826,983.8827052267,0.0
564,0.0,451.948486,1738.95813,1761.484497,0.6150073927,-0.7870963172,0.0473845373,0.0155246487,172.741375724,984.1530178237,0.0
565,0.0,455.018372,1738.917603,1762.328491,0.6014847888,-0.797358513,0.0493502843,0.0168166803,338.2785811149,1852.3495170055,1.0
566,0.0,457.87735,1738.822876,1763.118896,0.5866953565,-0.8082308355,0.0505121301,0.0144053996,313.0293844505,1850.87530202,1.0
567,0.0,461.621002,1738.657104,1764.150391,0.5690421319,-0.8207382658,0.0507912509,0.0118713891,284.0687204046,1849.0574592754,1.0
568,0.0,464.403778,1738.31665,1764.920532,0.5545410191,-0.8306049043,0.0507912509,0.0100832571,261.7183693272,1847.6356472144,1.0
569,0.0,467.300049,1737.767212,1765.678345,0.5410876563,-0.839430996,0.0507912509,0.0086815406,242.6939738161,1845.8237661921,1.0
570,0.0,469.904999,1737.086182,1765.704468,0.5301216253,-0.8463450543,0.0516827968,0.0078065228,230.0024352393,1844.3267274574,1.0
571,0.0,472.380249,1736.269653,1765.701294,0.520083745,-0.8525461669,0.0517487342,0.0070558246,218.4893442196,1842.5055575739,1.0
572,0.0,474.614807,1735.399902,1765.701294,0.5150628917,-0.8555372555,0.0525948853,0.0068138726,214.5344542435,1840.8827044949,1.0
573,0.0,476.834595,1734.441162,1765.701294,0.5118781876,-0.8574013683,0.0533255528,0.0067186402,212.8350187039,1839.153977249,1.0
574,0.0,480.035339,1732.901123,1765.701294,0.5096368902,-0.8586600497,0.0545266833,0.0067475047,212.9867169716,1836.537342723,1.0
575,0.0,482.329834,1731.598022,1765.701294,0.5088380877,-0.859127674,0.0546208778,0.0067310895,212.4955973443,1834.5278422928,1.0
576,0.0,484.792236,1730.056519,1765.701294,0.5087296877,-0.8591918671,0.0546208778,0.0067412569,212.385656278,1832.2001130628,1.0
577,0.0,486.931274,1728.567749,1765.701294,0.5087296877,-0.8591918671,0.0546208778,0.0067432852,212.1607869484,1829.9858636182,1.0
578,0.0,489.286194,1726.772095,1765.701294,0.5087296877,-0.8591918671,0.0546208778,0.0067407973,211.8205615559,1827.387252693,1.0
579,0.0,491.427307,1725.00061,1765.701294,0.5072963173,-0.8599865405,0.0554400266,0.0067376512,211.4882505372,1824.9448728198,1.0
580,0.0,493.771118,1722.917114,1765.701294,0.506266743,-0.8605265379,0.05646293,0.0067799509,211.8223750332,1822.1366128422,1.0
581,0.0,496.101105,1720.685303,1765.701294,0.5045544486,-0.8615268763,0.0565353848,0.0066822213,209.9624851847,1819.2526107293,1.0
582,0.0,498.117706,1718.630493,1765.701294,0.5029809902,-0.8623873415,0.0574299286,0.0066859217,209.7201417765,1816.6515501241,1.0
583,0.0,500.182159,1716.422485,1765.701294,0.5013829362,-0.8633132431,0.0574925695,0.006601714,208.0872913313,1813.9284979176,1.0
584,0.0,502.097107,1714.262817,1765.701294,0.5000439547,-0.8640596553,0.0579392389,0.0065680317,207.2608921254,1811.3360583247,1.0
585,0.0,506.472565,1709.120239,1765.701294,0.4979991715,-0.8652054436,0.058449684,0.0065085495,205.624482418,1805.2008447152,1.0
586,0.0,508.583649,1706.474243,1765.701294,0.496390771,-0.866072082,0.0592903971,0.0065192474,205.4451954776,1802.1512417812,1.0
587,0.0,510.817932,1703.598999,1765.701294,0.4953692669,-0.8665859937,0.0603158766,0.0065771115,205.9773337657,1798.8796527182,1.0
588,0.0,512.677307,1701.126587,1765.701294,0.4939143283,-0.8674127344,0.0603637682,0.0065123806,204.6494564599,1796.1141571927,1.0
589,0.0,514.935791,1698.061035,1765.701294,0.4928784997,-0.8680017269,0.0603637857,0.0064579531,203.407938212,1792.7005575298,1.0
590,0.0,516.902954,1695.313599,1765.701294,0.4913253902,-0.8688817966,0.0603637682,0.0064006523,202.1633962899,1789.6638486409,1.0
591,0.0,519.122192,1692.174316,1765.701294,0.4911664696,-0.868971642,0.0603637682,0.0063846233,201.5154742288,1786.1588234062,1.0
592,0.0,521.0495,1689.393921,1765.701294,0.4911664696,-0.868971642,0.0603637682,0.0063748476,201.0131809136,1783.0679004556,1.0
593,0.0,522.965454,1686.584473,1765.701294,0.4911664696,-0.868971642,0.0603637682,0.0063624323,200.4641238836,1779.9260852523,1.0
594,0.0,525.025024,1683.5177,1765.701294,0.4911664696,-0.868971642,0.0603637682,0.0063543618,199.953280221,1776.5137749351,1.0
595,0.0,527.047241,1680.46167,1765.701294,0.4911664696,-0.868971642,0.0603637682,0.0063524217,199.5210937434,1772.9437733022,1.0
596,0.0,529.084656,1677.341431,1765.701294,0.4911664696,-0.868971642,0.0603637682,0.0063547235,199.1387793137,1769.2270425046,1.0
597,0.0,531.134949,1674.134399,1765.701294,0.4896148392,-0.8697856305,0.0612394175,0.0064274221,199.835567622,1765.3806045969,1.0
598,0.0,533.106262,1671.011475,1765.701294,0.4879596977,-0.8707095387,0.0613207363,0.0064165795,199.2391932623,1761.593821305,1.0
599,0.0,535.111328,1667.770264,1765.701294,0.4846812986,-0.8724760194,0.062206385,0.0064879036,199.8899112059,1757.6372254569,1.0
600,0.0,537.085266,1664.51062,1765.701294,0.4796154258,-0.8751351832,0.0640894246,0.0066908887,202.5182511778,1753.6177808031,1.0
601,0.0,538.849548,1661.519287,1765.701294,0.4726312279,-0.8787947214,0.0658753372,0.0069427497,205.8439086569,1749.8965606525,1.0
602,0.0,540.680115,1658.241455,1765.701294,0.458066488,-0.8862622788,0.0686605105,0.0075739289,214.4617868073,1745.81492008,1.0
603,0.0,542.504517,1654.961914,1765.701294,0.4454894866,-0.8925590911,0.0698382868,0.0082273689,222.9508402286,1741.6414327328,1.0
604,0.0,544.345642,1651.634399,1765.701294,0.4346991804,-0.8977867059,0.0708212769,0.0089793295,232.29603255,1737.3285365247,1.0
605,0.0,546.173279,1648.237915,1765.701294,0.4221672388,-0.903594293,0.0727473446,0.010147899,246.244989828,1732.8817795256,1.0
606,0.0,547.734741,1645.289551,1765.701294,0.4119613855,-0.9082885169,0.0727996353,0.0110861332,256.7283138752,1728.9233274052,1.0
607,0.0,549.374512,1642.071167,1765.701294,0.3979064452,-0.9144681005,0.0736108287,0.0126762907,273.7302020528,1724.6156212664,1.0
608,0.0,551.098145,1638.746704,1765.701294,0.3895762041,-0.9180362005,0.0737557846,0.0137705427,284.4665008766,1720.0492911908,1.0
609,0.0,551.372253,1638.217896,1765.701294,0.3884500405,-0.9185132826,0.0737557846,0.0140562301,287.1308966437,1718.5494133,1.0
610,0.0,553.105469,1639.628418,1766.724609,0.3886085501,-0.9184462309,0.0737557846,0.0141150236,287.6409071664,1718.0381371872,1.0
611,0.0,557.027039,1631.879639,1765.458374,0.3704461781,-0.9258059483,0.0751862699,0.0167716669,311.5562879815,1708.2917671139,1.0
612,0.0,558.766663,1628.399902,1765.628784,0.3652394235,-0.9278392456,0.0755942978,0.0177545333,319.5926318354,1703.5834460945,1.0
613,0.0,561.074341,1623.688965,1765.685181,0.3584237545,-0.930449939,0.076127021,0.0190970254,330.1187419214,1697.2886848029,1.0
614,0.0,562.748718,1620.359009,1765.937012,0.3530038919,-0.9324850783,0.076549533,0.020223266,338.7067662422,1692.7394561376,1.0
615,0.0,565.919739,1614.653076,1766.024048,0.3512610532,-0.9331368908,0.076623857,0.0207491892,341.5168297686,1685.237556514,1.0
616,0.0,567.041626,1613.15686,1766.994751,0.3503141819,-0.9334927737,0.076623857,0.0211691749,344.3538168729,1682.474932851,1.0
617,0.0,568.550476,1609.932861,1766.998413,0.3502350902,-0.9334463914,0.0775449285,0.0215208034,346.2482123082,1678.002316466,1.0
618,0.0,570.708496,1606.415161,1767.58606,0.3502313939,-0.9334369363,0.0776753289,0.0218020231,347.4101002269,1672.8583402633,1.0
619,0.0,571.870239,1603.736694,1767.554688,0.3502313939,-0.9334369363,0.0776753289,0.0220243406,348.364850114,1669.0617314789,1.0
620,0.0,573.947937,1599.726196,1767.806763,0.3502313939,-0.9334369363,0.0776753289,0.0222882632,349.2298922316,1663.3812470096,1.0
621,0.0,575.987122,1596.241455,1767.718018,0.3502313939,-0.9334369363,0.0776753289,0.0225051681,349.8065725704,1658.1703907531,1.0
622,0.0,577.577332,1592.541626,1767.690063,0.3502313939,-0.9334369363,0.0776753289,0.0227773537,350.7725731161,1652.8985840872,1.0
623,0.0,579.482178,1589.019775,1767.313599,0.3502313939,-0.9334369363,0.0776753289,0.0229810293,351.1914162112,1647.6074073464,1.0
624,0.0,580.802063,1586.135498,1766.988403,0.3502313939,-0.9334369363,0.0776753289,0.0231935937,351.852814687,1643.2170664619,1.0
625,0.0,583.956787,1578.745239,1766.735962,0.3502313939,-0.9334369363,0.0776753289,0.0237140576,353.4954186858,1632.8863709388,1.0
626,0.0,585.516052,1575.07666,1766.407227,0.3502313939,-0.9334369363,0.0776753289,0.0239714665,354.2482245711,1627.6603152625,1.0
627,0.0,587.174011,1570.983032,1766.303467,0.3502313939,-0.9334369363,0.0776753289,0.024299834,355.403826526,1622.0339056201,1.0
628,0.0,588.371704,1567.580811,1766.372559,0.3486657896,-0.934022864,0.0776753289,0.0248972475,358.6918426735,1617.5249370715,1.0
629,0.0,589.701599,1563.734131,1766.494995,0.3476064098,-0.9343452898,0.0785408383,0.0255849563,362.3905140108,1612.3720279216,1.0
630,0.0,591.238586,1559.818237,1766.503418,0.3466385305,-0.9346972092,0.0786311407,0.0261497868,365.1012499874,1607.0232018566,1.0
631,0.0,592.106628,1557.050781,1766.737671,0.3450628353,-0.9352800547,0.0786311581,0.0267984289,368.6652753261,1603.2152685913,1.0
632,0.0,593.159485,1552.664429,1767.384399,0.343210627,-0.9359613289,0.0786311407,0.0276941913,373.4146604804,1597.753928431,1.0
633,0.0,594.272644,1548.824097,1767.659058,0.3405255922,-0.9368670901,0.0795133737,0.0288203665,379.6400781168,1592.7925036268,1.0
634,0.0,595.738098,1544.981567,1767.682251,0.338527564,-0.9375046048,0.0805245585,0.0297959922,384.6673892805,1587.6356581371,1.0
635,0.0,596.195984,1542.009521,1768.06604,0.3369103881,-0.9380494988,0.0809600402,0.0306575511,389.2036815411,1583.9723218037,1.0
636,0.0,597.457031,1537.695557,1768.1604,0.3350710521,-0.9386661355,0.0814449267,0.0316058165,393.7554536904,1578.654305244,1.0
637,0.0,598.85553,1533.909912,1768.141724,0.3323820626,-0.9395410814,0.0823694175,0.0327469378,399.4458393836,1573.7742667794,1.0
638,0.0,599.680542,1530.367554,1768.161987,0.3272674138,-0.9412451913,0.0833878268,0.0345381383,408.894662217,1569.3856180565,1.0
639,0.0,601.01886,1526.309814,1768.028442,0.3224382229,-0.9428282611,0.0843116982,0.0362427263,417.3450818759,1564.3753599718,1.0
640,0.0,602.259216,1522.378296,1767.809204,0.3130714678,-0.945803077,0.086271638,0.0392864993,432.8164765565,1559.4629092438,1.0
641,0.0,603.204651,1519.627441,1767.77832,0.3041861153,-0.948504691,0.088372272,0.0422132181,447.3232599,1556.0177770879,1.0
642,0.0,604.862427,1514.971069,1766.968506,0.2929170101,-0.9517949397,0.0910275668,0.0461537314,465.5085546921,1550.16905311,1.0
643,0.0,605.978577,1511.516602,1766.983276,0.2810076636,-0.955165202,0.0932423184,0.0503336406,484.2905786052,1545.9544695602,1.0
644,0.0,607.307678,1507.783447,1766.050293,0.2682702876,-0.9585886843,0.0955970038,0.0548833407,503.6006530079,1541.3213297755,1.0
645,0.0,608.411682,1504.259644,1766.016235,0.2544786686,-0.9620330832,0.0986557353,0.060146995,525.0400837179,1537.0963178949,1.0
646,0.0,609.714417,1500.144165,1765.106934,0.238205339,-0.9658111013,0.1023090079,0.0665815469,549.7199201141,1532.151125272,1.0
647,0.0,610.937927,1496.314941,1764.810181,0.2263197668,-0.9683943057,0.1048419378,0.0716814962,567.9320345661,1527.5781957475,1.0
648,0.0,611.980469,1492.610352,1764.836426,0.2152425739,-0.970660397,0.1071868841,0.0766665277,584.9267481821,1523.2503612575,1.0
649,0.0,612.987976,1489.151855,1764.758911,0.205530206,-0.9725139056,0.109425947,0.0812372398,599.8059311509,1519.2265303493,1.0
650,0.0,614.039246,1485.60376,1764.783447,0.1953711778,-0.9743394551,0.1117708778,0.0861810851,615.3147203746,1515.0986275475,1.0
651,0.0,615.181396,1481.724487,1764.924316,0.1862149546,-0.9758916631,0.1138395915,0.090913291,629.3320056669,1510.6132942256,1.0
652,0.0,616.182434,1478.343018,1765.345215,0.1784039987,-0.9771434634,0.1155969951,0.095095493,641.2869121729,1506.7312814457,1.0
653,0.0,617.309021,1474.7854,1765.935303,0.1745649478,-0.977752513,0.1163060718,0.0977542764,647.9780211916,1502.6543203088,1.0
654,0.0,618.526672,1470.718262,1766.416626,0.171831478,-0.9781816786,0.1167670621,0.099944289,652.8779934848,1498.2002709607,1.0
655,0.0,618.64682,1470.258667,1766.416565,0.171701793,-0.9782027906,0.1167808946,0.1000917719,653.121522661,1497.7134297949,1.0
656,0.0,618.766968,1469.799072,1766.416504,0.1715721081,-0.9782239025,0.116794727,0.1002392549,653.3650518373,1497.226588629,1.0
657,0.0,621.579285,1461.698364,1767.754272,0.1707299248,-0.9783712407,0.116794727,0.1027990684,657.2861232112,1488.3436174005,1.0
658,0.0,623.322815,1455.642456,1767.963989,0.1707299248,-0.9783712407,0.116794727,0.1043843693,659.1057388765,1481.7066044941,1.0
659,0.0,624.182556,1452.300293,1767.985107,0.1707299248,-0.9783712407,0.116794727,0.1052922591,660.2179154868,1478.1481643177,1.0
660,0.0,625.124634,1448.389282,1768.004517,0.1707299248,-0.9783712407,0.116794727,0.1063793528,661.627144184,1474.1380373912,1.0
661,0.0,626.403931,1444.639404,1767.783203,0.1707299248,-0.9783712407,0.116794727,0.1073950336,662.7572310836,1470.0509529624,1.0
662,0.0,627.187378,1440.928955,1767.848022,0.1707299248,-0.9783712407,0.116794727,0.1083974596,663.999304387,1466.3685179793,1.0
663,0.0,628.263306,1436.985474,1767.639282,0.1707299248,-0.9783712407,0.116794727,0.1094368603,665.149419453,1462.3179497481,1.0
664,0.0,629.214844,1433.343872,1766.827271,0.1707299248,-0.9783712407,0.116794727,0.1104465505,666.2702854015,1458.4608509765,1.0
665,0.0,630.117249,1429.182373,1766.558228,0.1707299248,-0.9783712407,0.116794727,0.1115389099,667.4459759689,1454.2829101752,1.0
666,0.0,630.99231,1425.093262,1766.332153,0.1707299248,-0.9783712407,0.116794727,0.1126909295,668.7872062766,1450.1801708416,1.0
667,0.0,631.674194,1421.515259,1766.323975,0.170265717,-0.9784521334,0.116794727,0.1140337513,670.8467709505,1446.5707184001,1.0
668,0.0,633.148438,1413.777832,1766.369995,0.1697918386,-0.9785344773,0.116794727,0.1165151208,674.0811661424,1438.9310337627,1.0
669,0.0,633.823975,1409.457031,1766.511353,0.1697918386,-0.9785344773,0.116794727,0.1179068849,675.9505706112,1434.9104660098,1.0
670,0.0,633.8639733333,1409.2524006667,1766.511353,0.1697918386,-0.9785344773,0.116794727,0.1179722432,676.0336939668,1434.7144734278,1.0
671,0.0,633.9039716667,1409.0477703333,1766.511353,0.1697918386,-0.9785344773,0.116794727,0.1180376016,676.1168173224,1434.5184808459,1.0
672,0.0,633.94397,1408.84314,1766.511353,0.1697918386,-0.9785344773,0.116794727,0.1181029599,676.199940678,1434.3224882639,1.0
673,0.0,634.691528,1394.072998,1768.160156,0.1697918386,-0.9785344773,0.116794727,0.1234425595,684.3989994894,1421.9881449683,1.0
674,0.0,635.657654,1390.405151,1768.096313,0.1697918386,-0.9785344773,0.116794727,0.124645753,685.7541645238,1418.3651529048,1.0
675,0.0,636.370789,1386.694702,1768.126343,0.1697918386,-0.9785344773,0.116794727,0.1258692141,687.2572168789,1415.0103010423,1.0
676,0.0,636.534058,1382.481445,1768.327148,0.1697918386,-0.9785344773,0.116794727,0.1274347043,689.5786266046,1411.6318517051,1.0
677,0.0,636.947632,1379.272339,1768.310303,0.1697918386,-0.9785344773,0.116794727,0.1286686954,691.3442219744,1408.9077153364,1.0
678,0.0,637.770142,1374.748291,1768.317871,0.1697918386,-0.9785344773,0.116794727,0.1301338977,693.0317354185,1404.9234103095,1.0
679,0.0,638.32074,1370.857544,1768.272095,0.1697918386,-0.9785344773,0.116794727,0.1315470878,694.9001397684,1401.6536145799,1.0
680,0.0,638.793518,1367.275024,1767.898438,0.1697918386,-0.9785344773,0.116794727,0.132854825,696.5962346294,1398.6318483552,1.0
681,0.0,639.583374,1363.289917,1767.495483,0.170646014,-0.9783858818,0.1167947097,0.1338303,697.209095518,1395.115781718,1.0
682,0.0,640.286865,1359.605713,1767.53772,0.1748647088,-0.9776406934,0.116794727,0.1331758489,694.0438141155,1391.9461864908,1.0
683,0.0,641.050537,1355.891479,1767.095459,0.1781510299,-0.9770471853,0.116794727,0.1329918528,691.9924496413,1388.7233284182,1.0
684,0.0,641.867615,1351.574219,1767.115479,0.1809537379,-0.9765319946,0.116794727,0.1331577145,690.5742075131,1385.0752624903,1.0
685,0.0,642.666504,1347.794922,1766.252808,0.1836700718,-0.9760247396,0.1167947443,0.1331307059,688.8945095418,1381.8364673235,1.0
686,0.0,642.723297,1347.494995,1766.252808,0.1839387867,-0.9759685579,0.1168409994,0.1331207618,688.7477007667,1381.5898997349,1.0
687,0.0,644.276184,1341.03479,1765.298462,0.1916626495,-0.9743215251,0.1181651157,0.1320894336,683.5932688143,1376.2131373168,1.0
688,0.0,645.05426,1336.788086,1765.287842,0.1961598689,-0.9733701687,0.1186247042,0.1314754507,680.3972850664,1372.74804476,1.0
689,0.0,645.9953,1332.631226,1765.367188,0.1986541644,-0.9728551278,0.1186988765,0.1318798106,679.6895758692,1369.364437192,1.0
690,0.0,646.538452,1329.668579,1765.317627,0.2007485845,-0.9723749592,0.1191089612,0.1322008648,679.3389736852,1367.1126371391,1.0
691,0.0,647.619507,1325.223755,1765.788086,0.2032549156,-0.9717909562,0.1196234792,0.1327575626,678.8685694165,1363.5017897069,1.0
692,0.0,648.143127,1321.542236,1765.672241,0.2085280903,-0.9705609105,0.1205303056,0.1318739482,675.4091133974,1360.7687384241,1.0
693,0.0,648.823486,1317.812744,1766.594849,0.2142674216,-0.9691872451,0.1215136037,0.130930084,671.7904842973,1358.004943954,1.0
694,0.0,649.102417,1314.538086,1766.914185,0.220814015,-0.9676099946,0.1223604065,0.1293862445,667.008993986,1355.7998280317,1.0
695,0.0,645.178894,1309.396484,1765.701294,0.2278257928,-0.9658690033,0.1232577647,0.0347955404,591.7192221044,2262.8200303776,6.0
696,0.0,644.874451,1304.959595,1765.701294,0.2370358252,-0.9635650158,0.1239212568,0.0368983297,607.7865757713,2258.2725402122,6.0
697,0.0,644.485901,1301.826782,1765.701294,0.2436280039,-0.9618677255,0.1243216565,0.0384187223,619.1094683964,2255.2403523166,6.0
698,0.0,643.899658,1297.602417,1765.701294,0.2555678644,-0.9587531279,0.1244086265,0.0411950013,639.4720598912,2251.1462552659,6.0
699,0.0,643.239929,1293.921021,1765.701294,0.2647730168,-0.9561342014,0.1253101691,0.0431716299,653.3147460359,2247.7441186147,6.0
700,0.0,642.625122,1290.916382,1765.701294,0.2742791411,-0.9534442076,0.125359865,0.0451629959,667.0251647467,2244.8926169571,6.0
701,0.0,641.650085,1286.594482,1765.701294,0.2846711736,-0.9503931938,0.1253598823,0.0473780813,681.4248848316,2240.3722008646,6.0
702,0.0,641.389282,1285.489136,1765.701416,0.2860671233,-0.949957453,0.1254848135,0.0476660049,683.0863681136,2239.206692287,6.0
703,0.0,639.625854,1279.026245,1765.701294,0.2996790105,-0.9455161138,0.1272468826,0.0508297566,702.53946965,2231.9621583621,6.0
704,0.0,638.651855,1275.942383,1765.701294,0.3007287796,-0.9451807205,0.1272619609,0.0506778333,700.40288621,2228.4202548371,6.0
705,0.0,637.27771,1271.708252,1765.701294,0.3016991102,-0.9448714388,0.1272619782,0.0504272954,697.3117778496,2223.9470604271,6.0
706,0.0,636.145203,1268.388062,1765.701294,0.3025179457,-0.9446095921,0.1272619782,0.0502581952,695.0483535603,2220.358098263,6.0
707,0.0,633.408386,1260.883911,1765.701294,0.3035364733,-0.9442827957,0.1272619782,0.0494432329,686.9673057525,2212.0927972805,6.0
708,0.0,632.6983335,1259.0324705,1765.701294,0.3035364733,-0.9442827957,0.1272619782,0.0491726203,684.4784695189,2209.984929528,6.0
709,0.0,630.57605,1253.597412,1765.701294,0.3035364733,-0.9442827957,0.1272619782,0.048369761,677.0731915258,2203.6868410264,6.0
710,0.0,628.999634,1249.694214,1765.701294,0.3035364733,-0.9442827957,0.1272619782,0.047779807,671.6600157194,2199.1907469861,6.0
711,0.0,627.852417,1246.93042,1765.701294,0.3035364733,-0.9442827957,0.1272619782,0.0473030274,667.4086110288,2195.9877382213,6.0
712,0.0,626.03772,1242.599121,1765.701294,0.3035364733,-0.9442827957,0.1272619782,0.046677858,661.6483989277,2191.2143831951,6.0
713,0.0,624.52301,1239.064575,1765.701294,0.3035364733,-0.9442827957,0.1272619782,0.0461209305,656.6144231508,2187.321125008,6.0
714,0.0,622.985535,1235.514404,1765.701294,0.3043892324,-0.9440082519,0.1272619955,0.0457795185,653.0774326729,2183.4451482476,6.0
715,0.0,621.652161,1232.441895,1765.701294,0.3066183488,-0.9432865804,0.1272619955,0.0458744209,652.7466983731,2180.1338172597,6.0
716,0.0,619.990967,1228.655518,1765.701294,0.3094963092,-0.9423462333,0.1272619782,0.0460212168,652.558800573,2176.1091772476,6.0
717,0.0,618.235168,1224.694824,1765.701294,0.3125081485,-0.9413517099,0.1272619955,0.0461669159,652.3185130674,2171.9535998261,6.0
718,0.0,616.662659,1221.199585,1765.701294,0.314304066,-0.9407536014,0.1272619955,0.0460589443,650.485458674,2168.327480156,6.0
719,0.0,615.068359,1217.702026,1765.701294,0.3152302874,-0.9404436455,0.1272619955,0.0457146344,647.031884196,2164.7316497764,6.0
720,0.0,613.614075,1214.549438,1765.701294,0.3152817614,-0.9404263926,0.1272619782,0.0451962528,642.48183453,2161.5140204377,6.0
721,0.0,611.836121,1210.719238,1765.701294,0.3152817614,-0.9404263926,0.1272619782,0.0445528236,636.8516929948,2157.6333520846,6.0
722,0.0,610.389832,1207.621338,1765.701294,0.3152817614,-0.9404263926,0.1272619782,0.0440337921,632.2987769353,2154.5105450488,6.0
723,0.0,608.652222,1203.902588,1765.701294,0.3160385195,-0.9401723452,0.1272619955,0.0436045317,628.1902520367,2150.7852791532,6.0
724,0.0,607.006836,1200.365845,1765.701294,0.3183664751,-0.9393865935,0.1272619955,0.0435549449,626.8003430348,2147.2205908083,6.0
725,0.0,605.433105,1196.998047,1765.701294,0.3202425203,-0.9387486952,0.1272619955,0.0435112353,625.5123855912,2143.8605247491,6.0
726,0.0,603.653076,1193.20166,1765.701294,0.3222162117,-0.9380730768,0.1272619955,0.0433813707,623.4873526866,2140.0450759888,6.0
727,0.0,601.943054,1189.548584,1765.701294,0.3249254551,-0.9371381078,0.1272619955,0.0434388228,622.7995064095,2136.3013765227,6.0
728,0.0,600.482178,1186.443848,1765.701294,0.3265921056,-0.9365585839,0.1272619955,0.0433242451,621.0331676962,2132.9951172341,6.0
729,0.0,598.639771,1182.534668,1765.701294,0.3285813654,-0.9358625277,0.1272619955,0.04321236,619.0739822528,2128.9561246899,6.0
730,0.0,598.319763,1181.84729,1765.701416,0.3289309039,-0.9357397314,0.1272619955,0.0431754829,618.607622963,2128.2406048611,6.0
731,0.0,596.182068,1175.862915,1765.701294,0.3321786359,-0.9345917496,0.1272619955,0.0429628164,615.2660244268,2121.8614520785,6.0
732,0.0,594.922852,1171.51709,1765.701294,0.3340969246,-0.93390772,0.1272619955,0.0428602623,613.2013175795,2117.2139640187,6.0
733,0.0,594.221802,1168.341797,1765.701294,0.3363464446,-0.9330999163,0.1272619955,0.0429960935,613.1384261984,2113.723564502,6.0
734,0.0,593.624329,1164.747559,1765.701294,0.3390613669,-0.9321168242,0.1272619955,0.0432015815,613.4042311498,2109.7155308953,6.0
735,0.0,593.146912,1160.851685,1765.701294,0.3419069485,-0.9310768084,0.1272619955,0.0434361894,613.7511827455,2105.3265866375,6.0
736,0.0,592.834106,1156.934326,1765.701294,0.3439006337,-0.9303422696,0.1272619955,0.0434731196,612.7125020275,2100.8905579614,6.0
737,0.0,592.698853,1153.823364,1765.701294,0.3446904982,-0.9300499153,0.1272619955,0.0433122303,610.5653269825,2097.3267619088,6.0
738,0.0,592.654968,1149.916382,1765.701294,0.3456284438,-0.9297017604,0.1272619955,0.0431082985,607.846307607,2092.8106956302,6.0
739,0.0,592.740967,1145.828247,1765.701294,0.3457639958,-0.9296513584,0.1272619782,0.0426991129,603.6313714922,2088.0148336063,6.0
740,0.0,592.913574,1142.476929,1765.701294,0.3457639958,-0.9296513584,0.1272619782,0.0423506108,600.0692852481,2084.0306502987,6.0
741,0.0,593.188599,1139.070801,1765.701294,0.3457639958,-0.9296513584,0.1272619782,0.0419606522,596.1555254804,2079.8295837432,6.0
742,0.0,593.617737,1134.655884,1765.701294,0.3457639958,-0.9296513584,0.1272619782,0.0415876028,592.0553111558,2074.5708104512,6.0
743,0.0,594.094788,1130.822266,1765.701294,0.3457639958,-0.9296513584,0.1272619782,0.0412375362,588.2686128405,2069.8479132403,6.0
744,0.0,594.190247,1130.099243,1765.701294,0.3457639958,-0.9296513584,0.1272619782,0.0411704754,587.5456938815,2068.9518627316,6.0
745,0.0,595.194092,1123.726562,1765.701294,0.3457639958,-0.9296513584,0.1272619782,0.0406130833,581.3804976112,2060.9496248004,6.0
746,0.0,595.832397,1120.238037,1765.701294,0.3457639958,-0.9296513584,0.1272619782,0.0402797036,577.751479112,2056.3682396978,6.0
747,0.0,597.401855,1112.387573,1765.701294,0.3457639958,-0.9296513584,0.1272619782,0.039707168,570.9104063591,2046.3175399729,6.0
748,0.0,597.8810115,1110.2775265,1765.701294,0.3457639958,-0.9296513584,0.1272619782,0.039546846,568.998814714,2043.5108341332,6.0
749,0.0,599.23407,1104.466553,1765.701294,0.3457639958,-0.9296513584,0.1272619782,0.0391138518,563.7860333255,2035.7424391753,6.0
750,0.0,599.7084045,1102.5577395,1765.701294,0.3457639958,-0.9296513584,0.1272619782,0.0389731603,562.0734274449,2033.1444138489,6.0
751,0.0,600.94165,1097.724243,1765.701294,0.3457639958,-0.9296513584,0.1272619782,0.0385771303,557.3914515685,2026.3279158585,6.0
752,0.0,604.709839,1095.17688,1767.680298,0.3457639958,-0.9296513584,0.1272619782,0.0388076368,557.8559370228,2022.1034218873,6.0
753,0.0,605.236847,1092.7389525,1767.612854,0.3457426861,-0.9295940632,0.1277366184,0.0387094876,556.2352456866,2018.730247174,6.0
754,0.0,605.763855,1090.301025,1767.54541,0.3457213764,-0.929536768,0.1282112586,0.0386113385,554.6145543504,2015.3570724608,6.0
755,0.0,606.6427,1086.810547,1767.438354,0.3456424784,-0.9293246361,0.1299499824,0.0386606155,553.6070989628,2010.4389687867,6.0
756,0.0,607.798096,1082.730103,1767.058594,0.3464753173,-0.9288589099,0.1310571633,0.0387560154,552.668604682,2004.6078295031,6.0
757,0.0,610.032654,1075.443604,1766.353271,0.3505183128,-0.9266864982,0.1356062182,0.0400133934,558.417695323,1994.0219199839,6.0
758,0.0,610.19281,1074.943726,1766.353271,0.351200041,-0.9263581593,0.136081935,0.0402302585,559.6896600208,1993.2896530248,6.0
759,0.0,612.365051,1068.554565,1765.200439,0.3640044617,-0.9200769109,0.1447730286,0.0444840354,585.0960327771,1983.7839922658,6.0
760,0.0,613.48053,1065.453857,1765.121826,0.3726884625,-0.9158235539,0.1495678039,0.0473858364,601.937460501,1978.8773557266,6.0
761,0.0,615.273743,1060.459961,1765.073364,0.3831016369,-0.9106392329,0.1548202932,0.0509340285,621.1999434604,1971.5787302778,6.0
762,0.0,616.657471,1057.077881,1764.884033,0.3928148113,-0.9057860486,0.1588966904,0.0542370591,638.7831633809,1966.3482260297,6.0
763,0.0,618.209229,1053.35144,1764.924683,0.403339727,-0.900356011,0.1633282524,0.0579943977,657.9683371103,1960.5897796554,6.0
764,0.0,619.479553,1049.932983,1764.891968,0.4119113615,-0.8959816691,0.1659695118,0.0609057176,671.9793060974,1955.3630478386,6.0
765,0.0,620.946411,1047.19812,1765.334473,0.4212371327,-0.8911980933,0.1683010296,0.0641495669,687.4232942131,1950.7044749529,6.0
766,0.0,622.794495,1042.696411,1765.432373,0.4319496772,-0.8855517841,0.1709313136,0.0679587069,704.3921484491,1943.9440055473,6.0
767,0.0,624.572388,1039.471802,1766.384277,0.4392800804,-0.8815817371,0.1727618355,0.0707447476,716.2464065239,1938.7441921857,6.0
768,0.0,626.042053,1036.329712,1766.896973,0.4475030948,-0.8772337154,0.1737871936,0.0735973278,728.0272038272,1933.4949793806,6.0
769,0.0,627.215393,1033.422363,1767.043091,0.4531159314,-0.8742141503,0.174457938,0.0755768868,735.7001806051,1929.1059535875,6.0
770,0.0,628.882019,1029.048828,1767.199951,0.4628055347,-0.8690669032,0.1747391051,0.078819669,747.9965018493,1922.1983389142,6.0
771,0.0,629.55896,1026.475342,1767.122681,0.4684769743,-0.8660228425,0.1747391223,,,,
772,0.0,630.622375,1022.36322,1766.935791,0.4768309423,-0.8614513867,0.1747391223,,,,
773,0.0,631.630737,1018.134338,1766.354492,0.4868654504,-0.8556271596,0.1756820906,,,,
774,0.0,631.966309,1017.252991,1766.037598,0.489533883,-0.8541030772,0.1756829841,,,,
775,0.0,632.595642,1011.323181,1765.158936,0.5058609233,-0.844535492,0.1756830356,,,,
776,0.0,632.731323,1008.327209,1765.094971,0.5118451037,-0.8409221527,0.1756830184,,,,
777,0.0,632.847656,1003.950867,1764.983032,0.5231904027,-0.8339108343,0.1756830184,,,,
778,0.0,632.755005,1000.065063,1764.261353,0.5303654173,-0.8293660236,0.1756830184,,,,
779,0.0,632.674011,996.311462,1764.183594,0.5374179825,-0.8248135517,0.1756830012,,,,
780,0.0,632.419495,993.726257,1764.091309,0.5421248043,-0.8217275544,0.1756830184,,,,
781,0.0,632.129883,989.773193,1764.204468,0.548265644,-0.8176431133,0.1756830184,,,,
782,0.0,631.837463,985.23175,1764.398438,0.5531958474,-0.8143155601,0.1756830184,,,,
783,0.0,631.620667,982.075378,1764.253052,0.5582561481,-0.8108548305,0.1756830012,,,,
784,0.0,631.280273,977.746338,1764.917603,0.565245279,-0.8059982988,0.1756830012,0.1154700041,861.9936445548,1847.8552402513,6.0
785,0.0,630.958313,973.697571,1765.152222,0.5702845438,-0.8024406658,0.1756830012,0.1170083772,864.5049359135,1841.7675008875,6.0
786,0.0,630.737915,970.72052,1765.33606,0.574890912,-0.799146993,0.1756830184,0.1186471119,868.0701518265,1837.3466660823,6.0
787,0.0,630.47345,967.312256,1765.507446,0.5805300926,-0.7949841628,0.1760255449,0.1207458833,872.7258381884,1832.0988937594,6.0
788,0.0,630.013672,962.344238,1765.498657,0.5865308652,-0.7904474082,0.1765628472,0.0804753287,501.5356996559,1276.0674274411,1.0
789,0.0,629.793213,958.942261,1765.597656,0.5909857298,-0.7871079031,0.1766267702,0.079486135,497.8787230561,1274.2925779672,1.0
790,0.0,629.7955935,958.130585,1765.549011,0.5923497217,-0.7860800686,0.1766267702,0.0790575679,496.4268134738,1273.8775757171,1.0
791,0.0,629.797974,957.318909,1765.500366,0.6364773173,-0.7501278549,0.179457031,,,,
792,0.0,628.223999,948.223816,1764.564575,0.6063519415,-0.77525501,0.1769660772,0.1302479366,892.6898803089,1808.9358884377,6.0
793,0.0,627.61731,943.592224,1764.321289,0.6148278781,-0.7683333569,0.177905967,0.1338985334,901.6134442846,1803.7022284777,6.0
794,0.0,627.821655,938.580994,1764.724609,0.6230962723,-0.7615179561,0.1784416935,0.1379624175,911.4359239051,1798.2560210333,6.0
795,0.0,627.85376,934.453857,1764.669556,0.6298596967,-0.7558139891,0.1789468532,0.1409551818,918.1735398847,1793.6566828094,6.0
796,0.0,628.439026,927.010925,1764.485596,0.6398431593,-0.7470767663,0.1802138636,0.0708052849,469.4698215256,1270.2430022846,1.0
797,0.0,629.034302,923.825256,1764.199341,0.6431864504,-0.744155219,0.180400111,0.0704752635,468.0857916628,1269.3515838083,1.0
798,0.0,630.173645,919.50592,1764.25293,0.6479117348,-0.7396244553,0.1821154827,0.1494036514,934.5132294521,1777.2519424565,6.0
799,0.0,630.925537,917.015137,1764.321899,0.64992245,-0.7376746934,0.1828574736,,,,
800,0.0,632.376282,912.72699,1764.363403,0.6526136062,-0.7350113833,0.1839938788,,,,
801,0.0,633.971069,908.70697,1764.542847,0.6556170986,-0.7320573,0.1850900577,,,,
802,0.0,634.965149,906.29425,1764.521606,0.6591129854,-0.7284334173,0.186962106,,,,
803,0.0,636.742615,902.532471,1764.604492,0.6649803608,-0.7224518433,0.1893791272,,,,
804,0.0,638.620789,899.386597,1765.181274,0.6725956407,-0.7144904934,0.1926614623,,,,
805,0.0,640.445557,896.531555,1765.590088,0.6836377392,-0.7026353412,0.1973398562,,,,
806,0.0,642.895752,893.092773,1766.273071,0.6945321268,-0.6905309466,0.2019706331,,,,
807,0.0,645.343262,889.542419,1766.54126,0.6968856896,-0.6878578431,0.2029825692,,,,
808,0.0,647.627686,886.826843,1766.613647,0.7017326122,-0.682218752,0.2053020101,,,,
809,0.0,650.110168,883.38501,1766.582764,0.7065504347,-0.6765180764,0.2076289374,,,,
810,0.0,652.222717,880.347046,1766.521851,0.71409966,-0.6674051912,0.2112628373,,,,
811,0.0,654.074585,877.648865,1766.199951,0.7197299822,-0.6606905288,0.2132528498,,,,
812,0.0,656.289917,874.097351,1765.822021,0.7251694713,-0.6540945578,0.2151500576,,,,
813,0.0,657.616455,871.739441,1765.37915,0.7313463449,-0.6467543559,0.2164285723,,,,
814,0.0,659.365112,868.286255,1764.71228,0.7422064123,-0.6335160133,0.2186026132,,,,
815,0.0,661.040222,864.537842,1764.23645,0.7533468582,-0.6194733544,0.2207289614,,,,
816,0.0,662.038757,862.013489,1763.909546,0.7637362052,-0.6060969273,0.2221565296,,,,
817,0.0,663.173523,858.666931,1763.953247,0.7718573864,-0.5952772883,0.2233408273,,,,
818,0.0,663.559753,857.595764,1763.848633,0.7739192048,-0.59248678,0.2236257589,,,,
819,0.0,665.80426,850.951416,1764.200439,0.7946373577,-0.5633309114,0.2262957224,,,,
820,0.0,666.769958,847.993164,1764.603271,0.8029653681,-0.5508293687,0.2276699896,,,,
821,0.0,667.810608,844.768188,1764.865112,0.8094260756,-0.5408346737,0.2287515768,,,,
822,0.0,669.083679,840.624817,1764.830933,0.817618538,-0.527519481,0.2307013728,,,,
823,0.0,670.299561,837.303711,1765.370728,0.823015318,-0.5185190594,0.2319132842,,,,
824,0.0,671.62561,833.029663,1765.439331,0.8275816488,-0.5107712931,0.2328546771,,,,
825,0.0,672.831482,828.911072,1765.452759,0.8322485307,-0.5026532491,0.2338847885,,,,
826,0.0,673.851929,825.458557,1765.470337,0.8350392417,-0.497757021,0.2344086451,,,,
827,0.0,674.715759,822.266296,1765.206421,0.8368416083,-0.4945627609,0.2347419822,,,,
828,0.0,675.654297,817.611267,1764.902344,0.8389168282,-0.4906172882,0.2356124611,,,,
829,0.0,676.758179,814.105347,1764.962158,0.8407681,-0.4873411869,0.235812573,,,,
830,0.0,677.375916,810.56311,1764.635498,0.842730246,-0.4837604644,0.2361811713,,,,
831,0.0,678.391968,806.170959,1764.459595,0.8446936812,-0.4800966008,0.2366428506,,,,
832,0.0,679.822754,798.462524,1763.695557,0.8480921729,-0.4735504184,0.2376755509,,,,
833,0.0,680.3336485,796.5690915,1763.62793,0.8488397959,-0.4722064933,0.2376755424,,,,
834,0.0,680.844543,794.675659,1763.560303,0.8495874189,-0.4708625682,0.237675534,,,,
835,0.0,681.758606,791.26825,1763.38501,0.8507557112,-0.4685582731,0.2380501303,,,,
836,0.0,684.309937,783.403931,1763.592529,0.8526701864,-0.464779972,0.2386066448,,,,
837,0.0,685.993896,779.676819,1764.033569,0.8536637881,-0.462952479,0.2386066618,,,,
838,0.0,687.676941,776.301758,1764.265015,0.8545421018,-0.4613292374,0.2386066448,,,,
839,0.0,689.788635,772.793396,1765.202148,0.8554308726,-0.4596791089,0.2386066618,,,,
840,0.0,691.946716,769.375732,1765.624878,0.8563894918,-0.4578907068,0.2386066618,,,,
841,0.0,694.088928,766.39801,1765.954468,0.8572406889,-0.4562951482,0.2386066618,,,,
842,0.0,696.409973,763.663452,1766.143311,0.8577599326,-0.4553183229,0.2386066279,,,,
843,0.0,698.423706,761.325928,1766.230469,0.8580777947,-0.4547189893,0.2386066618,,,,
844,0.0,701.406677,758.285095,1766.380005,0.859319737,-0.4523675966,0.2386066787,,,,
845,0.0,704.343628,755.480469,1766.299072,0.8612011996,-0.4487753676,0.2386067126,,,,
846,0.0,706.327026,753.679626,1766.235596,0.8625921724,-0.4464492303,0.2379450123,,,,
847,0.0,709.352783,751.052124,1766.032104,0.8645033318,-0.4428818101,0.2376756018,,,,
848,0.0,712.526672,748.426208,1765.831543,0.8669428574,-0.4385437193,0.2368321942,,,,
849,0.0,715.377991,746.030823,1765.797241,0.8694049863,-0.4336901929,0.2367441368,,,,
850,0.0,718.223694,743.810852,1765.265259,0.8712791612,-0.4303565553,0.2359361326,,,,
851,0.0,721.276611,741.547668,1765.321899,0.8727741488,-0.4278310767,0.235001819,,,,
852,0.0,724.248596,739.647949,1765.328979,0.8746504154,-0.4240491389,0.2348807754,,,,
853,0.0,727.027527,738.154297,1765.211426,0.8767717898,-0.4198629208,0.2344916978,,,,
854,0.0,730.573364,736.474731,1765.313599,0.8787894659,-0.41587502,0.2340449578,,,,
855,0.0,733.978638,734.890747,1765.389771,0.8825516966,-0.4082764912,0.2332655345,,,,
856,0.0,737.262024,733.658508,1765.166748,0.885735187,-0.4014679283,0.2330164826,,,,
857,0.0,740.942688,732.695435,1764.907349,0.888285917,-0.3957921885,0.2330164656,,,,
858,0.0,744.226746,731.96814,1764.892822,0.8906217185,-0.3905077123,0.2330164826,,,,
859,0.0,748.063599,731.257629,1764.903564,0.8926728155,-0.3857959818,0.2330165335,,,,
860,0.0,751.665466,730.692383,1765.01355,0.8944831528,-0.3821188371,0.2321316084,,,,
861,0.0,755.319275,730.380615,1764.921143,0.8958424036,-0.3795089064,0.2311695871,,,,
862,0.0,757.76886,730.216431,1764.907227,0.8964876146,-0.3783727825,0.2305298121,,,,
863,0.0,761.396362,730.144104,1764.991455,0.8978122941,-0.3761459758,0.2290137322,,,,
864,0.0,765.550964,729.749329,1765.536255,0.8991185165,-0.3739659022,0.2274541652,,,,
865,0.0,768.809875,729.277893,1765.995605,0.900810829,-0.3709393162,0.2257074969,,,,
866,0.0,772.276489,728.751343,1766.264893,0.902864708,-0.3676070092,0.2229358781,,,,
867,0.0,775.848877,728.474915,1766.13147,0.9049362977,-0.3636458254,0.2210249098,,,,
868,0.0,779.32959,728.342102,1765.608154,0.9059558041,-0.3620259062,0.2195024469,,,,
869,0.0,782.654175,728.281311,1765.296021,0.9065811641,-0.3611125745,0.2184223005,,,,
870,0.0,787.50116,728.242126,1764.620361,0.9071543743,-0.359939303,0.2179785296,,,,
871,0.0,790.350464,728.340088,1764.250977,0.9075535454,-0.3593218188,0.2173347483,,,,
872,0.0,794.755066,728.564575,1761.699341,0.9081972586,-0.3583705694,0.2162134929,,,,
873,0.0,797.796692,729.119629,1759.760986,0.9092866506,-0.3564869922,0.2147435945,,,,
874,0.0,802.354187,729.962463,1756.790039,0.9120190152,-0.3519210255,0.2106487781,,,,
875,0.0,805.701538,730.524292,1753.717773,0.9143431813,-0.3476176319,0.2076981677,,,,
876,0.0,810.686646,732.332703,1749.550415,0.9164561632,-0.3437158482,0.2048597488,,,,
877,0.0,811.913422,733.132477,1748.588501,0.916666365,-0.3436161791,0.204083414,,,,
878,0.0,815.404053,735.621704,1746.076538,0.9171983032,-0.3436371063,0.2016452622,,,,
879,0.0,817.789062,737.542908,1744.551758,0.917421038,-0.343720556,0.2004864545,0.0386129188,282.1133437956,1025.1222447939,1.0
880,0.0,819.744629,739.181091,1743.320435,0.9174825245,-0.343743556,0.2001653942,0.0419671436,293.7388972747,1024.700073178,1.0
881,0.0,821.2156985,740.2641905,1742.4205935,0.9175630752,-0.3437737534,0.1997433957,0.0417495061,292.7408510303,1023.8212175991,1.0
882,0.0,822.686768,741.34729,1741.520752,0.9176436259,-0.3438039507,0.1993213972,0.0415318686,291.7428047858,1022.9423620201,1.0
883,0.0,826.483887,744.129944,1739.407349,0.9175441531,-0.3445458867,0.1984964965,0.0410768188,289.4800191534,1020.4964278404,1.0
884,0.0,827.773743,745.045105,1738.736328,0.9174072772,-0.3450310223,0.1982863619,0.0409421587,288.7548450076,1019.5775919749,1.0
885,0.0,829.881226,746.497864,1737.674072,0.9172284354,-0.3455061736,0.1982863619,0.0408474456,287.9933488627,1018.0424297184,1.0
886,0.0,831.587524,747.762207,1736.8396,0.9171791833,-0.3456368967,0.1982863619,0.0408093491,287.5059880796,1016.7840165296,1.0
887,0.0,833.771179,748.766724,1735.533325,0.9171791833,-0.3456368967,0.1982863619,0.0407409382,286.7236212974,1014.850401564,1.0
888,0.0,834.3640745,748.934967,1735.3483275,0.9171791833,-0.3456368967,0.1982863619,0.0407588036,286.6316726833,1014.307351413,1.0
889,0.0,834.95697,749.10321,1735.16333,0.9171791833,-0.3456368967,0.1982863619,0.0407766689,286.5397240692,1013.764301262,1.0
890,0.0,834.95697,749.10321,1735.16333,0.9180581056,-0.3459681166,0.1935855809,0.0395076684,282.1371452843,1013.764301262,1.0
891,0.0,842.237427,752.743286,1732.858887,0.9173566552,-0.3457037766,0.1973465633,0.0408774558,285.0632697978,1007.322495027,1.0
892,0.0,843.329102,752.927429,1732.282227,0.917439581,-0.3457349539,0.1969059595,0.0406965519,284.1191101598,1006.1686637934,1.0
893,0.0,845.23822,752.848999,1731.114746,0.9176870751,-0.3458282214,0.1955844406,0.040157914,281.6446371705,1003.9344881516,1.0
894,0.0,847.898315,752.409485,1729.105469,0.9179617841,-0.3459317083,0.1941067133,0.0393879563,278.135466173,1000.8726331989,1.0
895,0.0,850.204956,751.884521,1727.688721,0.9185474332,-0.3461524454,0.1909164672,0.0383153873,273.6743194806,998.2351171585,1.0
896,0.0,852.543762,751.311035,1725.792358,0.9192369457,-0.3464123965,0.1870879184,0.0369849701,268.1974108955,995.3598817945,1.0
897,0.0,855.325073,750.486755,1724.05127,0.9198479814,-0.3489045002,0.1792912182,0.0345349156,258.4726765962,992.0938885715,1.0
898,0.0,857.9245,749.670105,1722.227661,0.9202266046,-0.3513112839,0.1725206598,0.0324071333,249.743121767,989.0212179265,1.0
899,0.0,860.566467,748.802551,1720.432861,0.9202372225,-0.3538123213,0.1672731171,0.0306467034,242.3022726295,986.2880868722,1.0
900,0.0,862.981262,747.956238,1718.896851,0.9201409993,-0.3559626339,0.1631905166,0.0292651436,236.258809991,983.7813459605,1.0
901,0.0,866.736511,746.640381,1716.504028,0.9199837007,-0.358768603,0.157845114,0.0274235257,227.8853604035,979.8009520629,1.0
902,0.0,868.018372,746.004822,1715.813599,0.9197141251,-0.3600502689,0.1564919549,0.0268838232,225.3647653873,978.5075335825,1.0
903,0.0,872.321716,744.317505,1713.186768,0.9186746779,-0.3641513329,0.1530707123,0.0253294557,217.8656243974,974.1558851427,1.0
904,0.0,873.408691,743.771545,1712.688599,0.9182560408,-0.3657387564,0.1517926403,0.0248310043,215.4544336621,972.8730283778,1.0
905,0.0,877.326843,742.170288,1710.362061,0.9171439162,-0.3700310742,0.1480676912,0.0233182328,207.9684028537,968.6818477172,1.0
906,0.0,881.425781,740.285583,1708.091064,0.9167400374,-0.3717063338,0.1463629228,0.0224490344,203.1236657313,964.0462074141,1.0
907,0.0,883.870117,739.235168,1706.595093,0.9166803055,-0.3721578084,0.1455877161,0.022005211,200.5560738962,961.3034008116,1.0
908,0.0,887.541687,737.8703,1704.201172,0.9166241033,-0.3727137344,0.1445154848,0.021371311,196.8314862949,957.1871033614,1.0
909,0.0,890.039062,736.684082,1702.729126,0.9165047614,-0.3730676304,0.1443591543,0.0210650121,194.8566978011,954.3742612229,1.0
910,0.0,893.582031,734.839661,1700.62793,0.9163069403,-0.3735532503,0.144359137,0.0206639656,192.1886342168,950.3008108343,1.0
911,0.0,897.356323,733.404968,1698.172607,0.916366016,-0.3737176766,0.1435563406,0.0201114645,188.8070520539,946.1848552865,1.0
912,0.0,900.687012,731.984375,1695.945312,0.9160747394,-0.3744870263,0.1434103863,0.0196492753,185.9189710161,942.4957116458,1.0
913,0.0,903.816101,730.610413,1693.808594,0.9158101068,-0.375470677,0.1425258539,0.019052591,182.4320565009,939.0477120352,1.0
914,0.0,907.005859,729.301636,1691.564941,0.9156170707,-0.3762366818,0.1417439206,0.0182739502,177.7919775998,934.273720732,1.0
915,0.0,911.058044,727.647217,1688.619141,0.9152228302,-0.3772815806,0.141512473,0.0176613784,173.975738895,929.7955662863,1.0
916,0.0,913.229675,726.83136,1686.992065,0.9151142111,-0.3776711185,0.141175447,0.0183602367,178.2844858954,934.6780871724,1.0
917,0.0,919.606445,724.545349,1681.913574,0.9148965192,-0.3785213836,0.1403065266,0.0170806592,171.948606274,934.3160779729,1.0
918,0.0,922.293762,723.497772,1679.818054,0.9146297696,-0.3792923947,0.1399602744,0.0166374996,169.2462136673,931.7453447734,1.0
919,0.0,924.981079,722.450195,1677.722534,0.91436302,-0.3800634058,0.1396140222,0.0161943401,166.5438210605,929.1746115739,1.0
920,0.0,927.912964,721.318359,1676.916992,0.9143580559,-0.3800753419,0.1396140395,0.0161017742,165.5419745233,926.2144895932,1.0
921,0.0,934.260071,718.929871,1676.463867,0.9139436075,-0.3816619467,0.1379900024,0.0157323798,162.5265776808,919.8712748261,1.0
922,0.0,937.730469,717.515137,1676.531738,0.9130603849,-0.3840738019,0.1371424379,0.0154370138,160.3658791984,916.2160172627,1.0
923,0.0,939.8031615,716.621918,1676.526672,0.9122308845,-0.3863999133,0.136098241,0.0150990723,158.2399170438,914.0877319515,1.0
924,0.0,944.708069,714.640259,1676.416992,0.910395182,-0.3915976254,0.1335361837,0.014315066,153.254929202,908.9973225025,1.0
925,0.0,947.75824,713.643066,1676.513916,0.9094398631,-0.3941852768,0.1324277272,0.0140141902,151.1141574479,905.8015934284,1.0
926,0.0,950.019165,713.0449825,1676.47052,0.9085842583,-0.3965185479,0.1313021076,0.0137089141,149.0801368189,903.4657397022,1.0
927,0.0,955.573547,711.812012,1676.552856,0.90664507,-0.4018090761,0.1286241943,0.0130617737,144.6387602328,897.8244539437,1.0
928,0.0,959.016846,711.178894,1676.918945,0.9052032491,-0.4055797214,0.1269337128,0.0127740002,142.5199155504,894.5167294188,1.0
929,0.0,963.153625,710.734802,1677.033325,0.903108875,-0.4109247147,0.1246404378,0.0121445913,138.3728959854,890.5681980497,1.0
930,0.0,965.393311,710.614502,1677.106812,0.9010418915,-0.4160176192,0.1226900575,0.0116314319,135.1244133555,888.5232290025,1.0
931,0.0,966.598755,710.454529,1676.882935,0.9001705675,-0.4181336907,0.1218899753,0.0114215197,133.7550946622,887.5176925558,1.0
932,0.0,973.682068,710.949524,1677.454224,0.8962492767,-0.4274703703,0.1183482852,0.0107420454,128.8368704892,881.3555109283,1.0
933,0.0,977.995178,710.927124,1677.331543,0.8935700301,-0.4336583019,0.116073591,0.0102317405,125.2485505971,877.8022727625,1.0
934,0.0,982.019836,711.148315,1677.254517,0.8901572325,-0.441174343,0.1139530627,0.0097062278,121.5098754919,874.2341027055,1.0
935,0.0,984.341492,711.245422,1677.179443,0.889090585,-0.4436080164,0.1128266783,0.0094938958,119.8893547465,872.1207802137,1.0
936,0.0,988.852783,712.093201,1676.976196,0.8876855501,-0.4467862874,0.1113390208,0.0092686664,117.9817619807,868.560201887,1.0
937,0.0,992.037964,712.523804,1676.907349,0.8867549213,-0.4488296348,0.1105335623,0.0091609445,116.9542699304,866.0199177178,1.0
938,0.0,996.198486,713.209961,1676.453369,0.8856430349,-0.4512998975,0.1093838075,0.0089590127,115.2664993631,863.0439777694,1.0
939,0.0,1000.056824,713.952698,1676.155273,0.8849917942,-0.4529484766,0.1078295032,0.0087755309,113.7239327575,860.3101749297,1.0
940,0.0,1004.105835,714.810913,1675.762695,0.8845100905,-0.4542039615,0.1064925401,0.008636117,112.4423939449,857.4237550889,1.0
941,0.0,1007.630493,715.411926,1675.733154,0.8840995389,-0.4550442126,0.1063144859,0.0086012374,111.896460351,854.9815936085,1.0
942,0.0,1010.836975,716.149719,1675.393921,0.8841307899,-0.4552811564,0.1050324475,0.0083213033,109.8043153316,852.9313810007,1.0
943,0.0,1014.591125,717.081238,1674.915283,0.8839491565,-0.4559274846,0.1037497831,,,,
944,0.0,1018.294312,717.889465,1674.921509,0.8835940945,-0.4568341966,0.102781287,,,,
945,0.0,1022.276428,718.785217,1674.781006,0.8832057932,-0.457819943,0.1017272169,,,,
946,0.0,1022.7538145,718.767059,1674.9572145,0.8831389666,-0.4580030394,0.1014824307,,,,
947,0.0,1023.231201,718.748901,1675.133423,0.8830721399,-0.4581861358,0.1012376445,,,,
948,0.0,1032.405762,721.144165,1675.133545,0.8823016839,-0.4603980306,0.0978641508,,,,
949,0.0,1038.305176,722.610779,1675.161377,0.8815634483,-0.4623986224,0.0950442035,,,,
950,0.0,1041.393555,723.611755,1675.137085,0.8809665428,-0.4638638805,0.0934251082,,,,
951,0.0,1043.793945,724.396423,1675.172363,0.8806926161,-0.4646031807,0.0923276794,,,,
952,0.0,1048.256958,725.428833,1675.29834,0.8805239502,-0.4651418872,0.0912173117,,,,
953,0.0,1050.958618,725.833801,1675.634033,0.8804983135,-0.4652232478,0.0910497099,,,,
954,0.0,1054.301758,726.092041,1675.923218,0.8801414259,-0.4660772581,0.0901280195,,,,
955,0.0,1056.22168,726.12854,1676.144287,0.8796770587,-0.4670987148,0.0893703703,,,,
956,0.0,1059.166138,726.536621,1676.238159,0.8791611866,-0.4682256905,0.0885455297,,,,
957,0.0,1063.04541,727.608459,1676.202148,0.8777809782,-0.4710310677,0.0873515173,,,,
958,0.0,1065.2771,728.223206,1676.084595,0.8762561555,-0.4740204768,0.0864854763,,,,
959,0.0,1069.341309,729.345947,1675.930298,0.8741235667,-0.4781504602,0.0853236628,,,,
960,0.0,1071.72876,730.003906,1675.556763,0.8723909128,-0.4813051469,0.085319698,,,,
961,0.0,1075.172363,730.924683,1675.153198,0.8682188705,-0.4887908981,0.085319698,,,,
962,0.0,1077.983154,731.698242,1675.172729,0.8668081614,-0.4912882661,0.085319698,,,,
963,0.0,1080.150635,732.291809,1674.88916,0.865969109,-0.4928301775,0.0849465623,,,,
964,0.0,1086.574707,734.022095,1673.991943,0.8638263214,-0.4967985838,0.0836376328,,,,
965,0.0,1089.828979,734.961548,1673.665771,0.8613263291,-0.5013064503,0.0825154391,,,,
966,0.0,1091.766357,735.457092,1673.757446,0.8594688863,-0.5046076349,0.0817579861,,,,
967,0.0,1093.701355,736.046997,1673.7011105,0.8580402482,-0.5071173346,0.0811804668,,,,
968,0.0,1095.636353,736.636902,1673.644775,0.8566116102,-0.5096270343,0.0806029474,,,,
969,0.0,1100.769653,738.316223,1673.604126,0.8517252251,-0.5181392146,0.0780762142,,,,
970,0.0,1103.579346,739.099365,1673.658569,0.849018287,-0.5227402095,0.0768805685,,,,
971,0.0,1106.146484,739.780518,1673.754761,0.8462463447,-0.5274664909,0.0751413677,,,,
972,0.0,1109.125854,740.502014,1674.290283,0.8439373876,-0.5313841944,0.0734882555,,,,
973,0.0,1112.94165,741.394226,1674.779663,0.8399059352,-0.5379372623,0.0719827883,,,,
974,0.0,1115.154785,741.905457,1674.96228,0.8368910477,-0.5427109634,0.0712613814,,,,
975,0.0,1116.346436,742.223999,1674.869141,0.8350900514,-0.5455350643,0.070824428,,,,
976,0.0,1122.345947,743.533875,1675.974854,0.8265045601,-0.5588035017,0.068035716,,,,
977,0.0,1124.615479,744.088745,1675.556763,0.8225521793,-0.5647756806,0.0666058774,,,,
978,0.0,1128.325684,745.008484,1676.062744,0.8160681228,-0.5742656232,0.0652059275,,,,
979,0.0,1131.081909,745.586853,1675.980591,0.8113686985,-0.5809991003,0.0641940855,,,,
980,0.0,1133.90332,746.349365,1676.045044,0.8079364778,-0.5858434052,0.0634519692,,,,
981,0.0,1137.545166,747.220337,1675.977905,0.8032804726,-0.5922818126,0.0627912163,,,,
982,0.0,1139.696655,747.647339,1676.030151,0.8003975134,-0.5962085715,0.0624432535,,,,
983,0.0,1143.183472,748.457397,1675.941528,0.7965850894,-0.6013099783,0.062277648,,,,
984,0.0,1145.941895,748.893921,1676.120117,0.7930016348,-0.6060279729,0.0622776306,,,,
985,0.0,1146.781616,749.079102,1676.173828,0.7920268752,-0.6073013449,0.062277648,,,,
986,0.0,1150.697021,750.524719,1674.842041,0.7833199641,-0.6185439707,0.0617510331,,,,
987,0.0,1155.126221,751.405518,1674.524414,0.7762136602,-0.6274800498,0.06132814,,,,
988,0.0,1158.026978,751.831177,1674.558716,0.7720099225,-0.632668807,0.0610807679,,,,
989,0.0,1162.188965,752.685791,1674.27478,0.7662349706,-0.6396828168,0.0607442487,,,,
990,0.0,1166.159546,753.325867,1674.22229,0.7598499099,-0.6472888046,0.0603764685,,,,
991,0.0,1169.451904,753.847412,1674.127686,0.7540202124,-0.6541327069,0.0596985859,,,,
992,0.0,1171.548706,754.027466,1674.136353,0.7469534913,-0.6622898901,0.0585882522,,,,
993,0.0,1175.340088,754.48114,1674.321655,0.7409018474,-0.6691457592,0.057518741,,,,
994,0.0,1177.689453,754.725891,1674.687134,0.7395570502,-0.6706648639,0.0571315143,,,,
995,0.0,1180.911987,755.073853,1674.966431,0.7379982852,-0.6724194594,0.0566621714,,,,
996,0.0,1184.316284,755.476501,1675.171143,0.7371410519,-0.6733697498,0.0565353848,,,,
997,0.0,1187.399902,755.82312,1675.28125,0.7369310691,-0.673599547,0.0565353848,,,,
998,0.0,1190.757935,756.200989,1675.375,0.7369310691,-0.673599547,0.0565353848,,,,
999,0.0,1193.67395,756.497742,1675.680176,0.7365111252,-0.6741139656,0.0558723891,,,,
1000,0.0,1196.410156,756.784546,1675.767944,0.7351443038,-0.6756285385,0.0555781481,,,,
1001,0.0,1198.325195,757.012146,1675.935913,0.7340902255,-0.6767736773,0.0555781481,,,,
1002,0.0,1200.400879,757.188171,1676.158691,0.7323097986,-0.6787695929,0.0547192717,,,,
1003,0.0,1203.981567,757.555725,1676.162354,0.729442812,-0.6819594532,0.0533337441,,,,
1004,0.0,1204.9650875,757.655182,1676.164917,0.7284060927,-0.6830887516,0.0530271378,,,,
1005,0.0,1205.948608,757.754639,1676.16748,0.7273693734,-0.6842180501,0.0527205315,0.1148891853,696.672414124,1496.9958518255,6.0
1006,0.0,1208.704956,757.961792,1676.093628,0.7239893116,-0.6878458064,0.0520348266,0.1134128834,692.0582579212,1496.1427312131,6.0
1007,0.0,1210.561768,758.00177,1675.873169,0.7222324455,-0.6897769568,0.0508728267,0.112681525,689.6225526347,1495.4176500197,6.0
1008,0.0,1211.779297,758.012939,1675.720825,0.7207252836,-0.6914076182,0.0501055998,0.1119658454,687.3213802083,1494.9000228588,6.0
1009,0.0,1213.221924,758.093079,1675.694458,0.7193434674,-0.6928647604,0.0498337209,0.1107886556,683.9175149575,1494.9126175748,6.0
1010,0.0,1214.94751,757.942444,1675.245728,0.7182074371,-0.6940757959,0.0493646309,0.1090917676,679.1511026808,1495.3236234519,6.0
1011,0.0,1216.328125,757.9599,1675.157227,0.7176992029,-0.6946278621,0.0489896648,,,,
1012,0.0,1218.074829,757.937073,1674.950073,0.7175451973,-0.6947949414,0.0488761625,,,,
1013,0.0,1219.136841,757.864258,1674.759766,0.7172783144,-0.6950704584,0.0488761451,,,,
1014,0.0,1221.06604,757.847839,1674.595459,0.7169011933,-0.6954594175,0.0488761451,,,,
1015,0.0,1222.431274,757.942627,1674.650146,0.7168787369,-0.6954825643,0.0488761625,,,,
1016,0.0,1224.178345,757.894348,1674.482422,0.7168787369,-0.6954825643,0.0488761625,,,,
1017,0.0,1225.298828,757.947571,1674.415283,0.7168787369,-0.6954825643,0.0488761625,,,,
1018,0.0,1227.085205,758.061646,1674.415771,0.7168787369,-0.6954825643,0.0488761625,,,,
1019,0.0,1228.352417,758.103088,1674.429932,0.7168787369,-0.6954825643,0.0488761625,,,,
1020,0.0,1229.512817,758.131287,1674.535278,0.7168787369,-0.6954825643,0.0488761625,,,,
1021,0.0,1231.575684,758.211792,1674.653442,0.7168787369,-0.6954825643,0.0488761625,,,,
1022,0.0,1233.340088,758.302368,1674.74231,0.7169101794,-0.6955132626,0.0479697432,,,,
1023,0.0,1234.491211,758.364624,1674.792603,0.7169120404,-0.6955148738,0.0479185418,,,,
1024,0.0,1236.396729,758.47998,1674.866821,0.7169120404,-0.6955148738,0.0479185418,,,,
1025,0.0,1237.713379,758.590759,1674.890503,0.7169120404,-0.6955148738,0.0479185418,,,,
1026,0.0,1239.496826,758.739868,1674.89563,0.7169120404,-0.6955148738,0.0479185418,,,,
1027,0.0,1241.696289,758.936279,1674.825684,0.7169120404,-0.6955148738,0.0479185418,,,,
1028,0.0,1243.226929,759.057007,1674.741211,0.7169120404,-0.6955148738,0.0479185418,,,,
1029,0.0,1244.65564,759.184326,1674.659546,0.7164336663,-0.6960076258,0.0479185418,,,,
1030,0.0,1246.589478,759.321838,1674.542358,0.7156763243,-0.6967863462,0.0479185418,,,,
1031,0.0,1248.041138,759.382812,1674.428711,0.7155770936,-0.6968882525,0.0479185418,,,,
1032,0.0,1250.168091,759.559937,1674.208984,0.7155770936,-0.6968882525,0.0479185418,,,,
1033,0.0,1251.418457,759.62439,1674.118408,0.7155770936,-0.6968882525,0.0479185418,,,,
1034,0.0,1253.506714,759.71991,1674.201172,0.7155770936,-0.6968882525,0.0479185418,,,,
1035,0.0,1254.862671,759.750305,1674.23938,0.7155770936,-0.6968882525,0.0479185418,,,,
1036,0.0,1253.197144,759.049866,1676.749756,0.7155770936,-0.6968882525,0.0479185418,,,,
1037,0.0,1254.796997,759.081299,1676.749756,0.7155770936,-0.6968882525,0.0479185418,,,,
1038,0.0,1256.342651,759.110596,1676.762207,0.7155770936,-0.6968882525,0.0479185418,,,,
1039,0.0,1259.922363,759.174622,1676.766235,0.7155770936,-0.6968882525,0.0479185418,,,,
1040,0.0,1261.026062,759.193329,1676.766235,0.7155770936,-0.6968882525,0.0479185418,,,,
1041,0.0,1264.156372,759.245361,1676.783203,0.7155770936,-0.6968882525,0.0479185418,,,,
1042,0.0,1266.127197,759.276855,1676.786865,0.7155770936,-0.6968882525,0.0479185418,,,,
1043,0.0,1268.607422,759.315918,1676.786011,0.7155770936,-0.6968882525,0.0479185418,,,,
1044,0.0,1270.859375,759.350525,1676.786011,0.7155770936,-0.6968882525,0.0479185418,,,,
1045,0.0,1273.576904,759.391785,1676.786011,0.7155770936,-0.6968882525,0.0479185418,,,,
1046,0.0,1276.181274,759.430725,1676.786011,0.7155770936,-0.6968882525,0.0479185418,,,,
1047,0.0,1276.2854,759.432251,1676.786011,0.7155770936,-0.6968882525,0.0479185418,,,,
1048,0.0,1279.775269,759.479614,1676.786011,0.7150993741,-0.6974275482,0.047198519,,,,
1049,0.0,1282.697876,759.520386,1676.786011,0.7148653251,-0.6976911861,0.0468463002,,,,
1050,0.0,1286.448853,759.572571,1676.786011,0.7145869617,-0.6980042395,0.0464279641,,,,
1051,0.0,1289.772949,759.618591,1676.786011,0.714315072,-0.6983095031,0.0460197321,,,,
1052,0.0,1293.819946,759.670898,1676.786011,0.7136600946,-0.6990108189,0.0455317963,,,,
1053,0.0,1295.848022,759.692322,1676.786011,0.7130104663,-0.6997041807,0.0450570135,,,,
1054,0.0,1298.972656,759.730225,1676.792236,0.7126821506,-0.7000692572,0.0445778789,,,,
1055,0.0,1301.889526,759.764587,1676.802246,0.7123905273,-0.7003936099,0.0441421331,,,,
1056,0.0,1305.505615,759.8078,1676.803223,0.7123540047,-0.7004341879,0.0440876446,,,,
1057,0.0,1308.709839,759.84082,1676.803223,0.7117351005,-0.7011205158,0.0431644424,,,,
1058,0.0,1311.146729,759.866028,1676.818848,0.7114334198,-0.7014287611,0.0431298299,,,,
1059,0.0,1314.93335,759.904846,1676.854736,0.7111041966,-0.7017625234,0.0431298299,,,,
1060,0.0,1318.631104,759.942505,1676.898926,0.7110393891,-0.7018281876,0.0431298299,,,,
1061,0.0,1322.019165,759.97583,1676.953735,0.7110393891,-0.7018281876,0.0431298299,,,,
1062,0.0,1325.828003,760.01239,1677.009521,0.7110393891,-0.7018281876,0.0431298299,,,,
1063,0.0,1328.865723,760.040649,1677.053711,0.7110393891,-0.7018281876,0.0431298299,0.0854208307,618.1123036517,1528.4415255432,6.0
1064,0.0,1332.678589,760.075012,1677.109253,0.7110393891,-0.7018281876,0.0431298299,0.0864010378,620.8724290845,1526.9240364111,6.0
1065,0.0,1336.480835,760.108154,1677.164429,0.7110393891,-0.7018281876,0.0431298299,0.0873336948,623.4029781653,1525.3108239206,6.0
1066,0.0,1340.522827,760.14325,1677.223511,0.7110393891,-0.7018281876,0.0431298299,0.088446132,626.5346340965,1523.7453400862,6.0
1067,0.0,1343.780273,760.170532,1677.270874,0.7110393891,-0.7018281876,0.0431298299,0.0892990793,628.8648825144,1522.4305709122,6.0
1068,0.0,1347.427246,760.2005,1677.32373,0.7110393891,-0.7018281876,0.0431298299,0.0895059377,629.4221078359,1522.1001316815,6.0
1069,0.0,1351.489136,760.229858,1677.382568,0.7104186765,-0.7024564911,0.0431298299,0.0892357372,628.4384001052,1521.9127362975,6.0
1070,0.0,1354.654541,760.254333,1677.38855,0.7103662009,-0.7025095575,0.0431298299,0.0892743722,628.5794562217,1521.9402974047,6.0
1071,0.0,1358.830933,760.282043,1677.386353,0.7097679941,-0.7031139398,0.0431298299,0.089096679,628.175524671,1522.4074323001,6.0
1072,0.0,1362.188232,760.303223,1677.386353,0.7091630583,-0.7037240756,0.0431298299,0.0888868572,627.62605176,1522.7863920045,6.0
1073,0.0,1365.777588,760.321472,1677.386353,0.708010742,-0.7048833995,0.0431298299,0.0883353609,625.9302544828,1523.1854987621,6.0
1074,0.0,1369.581177,760.334656,1677.386353,0.7061409435,-0.706756524,0.0431298473,0.0873463662,622.7980422303,1523.7252087559,6.0
1075,0.0,1373.650513,760.348694,1677.386353,0.704515161,-0.7083771635,0.0431298299,0.0867001052,620.5166622678,1523.5338639398,6.0
1076,0.0,1377.356689,760.355774,1677.386353,0.7025956338,-0.7102810674,0.0431298125,0.0857816491,617.3198800727,1523.4118516206,6.0
1077,0.0,1380.84314,760.357727,1677.386353,0.7006295801,-0.712220478,0.0431298299,0.0847633662,613.7488321088,1523.2646402798,6.0
1078,0.0,1384.592407,760.345947,1677.382324,0.6968615528,-0.7159076714,0.0431298299,0.0827803798,606.6834605103,1522.8688926377,6.0
1079,0.0,1388.324219,760.329224,1677.36731,0.6932464353,-0.7194089224,0.0431298299,0.0808889152,599.8090299818,1522.3637604732,6.0
1080,0.0,1392.553955,760.302673,1677.34668,0.6892780263,-0.7231575925,0.0440329294,0.0788882451,592.3703719046,1521.6363217927,6.0
1081,0.0,1396.078735,760.268616,1677.329712,0.6853469943,-0.7268808547,0.0440876446,0.0768787677,584.8060274522,1520.916256944,6.0
1082,0.0,1399.22229,760.232605,1677.314331,0.6824357032,-0.7295892465,0.0445089022,0.0753283969,578.859541054,1520.2517570182,6.0
1083,0.0,1404.762207,759.197205,1676.653198,0.6796635875,-0.7321435649,0.0449800876,0.0743163994,574.1550259358,1517.7294976386,6.0
1084,0.0,1408.975342,758.999878,1676.568604,0.6765163502,-0.7350486627,0.0450454363,0.0727991414,568.0055502114,1516.4425455129,6.0
1085,0.0,1412.148804,758.819946,1676.501343,0.6733468917,-0.7379244692,0.0455130883,0.0711662861,561.4577393344,1515.418299245,6.0
1086,0.0,1419.169189,758.578003,1676.50293,0.6681251356,-0.742625417,0.0460031865,0.0688544137,551.6391439627,1512.8005565582,6.0
1087,0.0,1422.589844,758.335144,1676.145752,0.6647880126,-0.7455740192,0.0466506186,0.0672346199,544.8292926993,1511.3825486217,6.0
1088,0.0,1426.498047,758.123718,1675.306641,0.6615894894,-0.7483942969,0.046960877,0.0657519746,538.3926787874,1509.6930809831,6.0
1089,0.0,1430.33606,758.00769,1674.86145,0.6569466459,-0.7524731095,0.046960877,0.0635947887,529.2788595885,1508.2580854401,6.0
1090,0.0,1434.244141,757.851135,1674.793823,0.6521424118,-0.7565916821,0.0477420294,0.0614794873,520.2330305435,1506.9457008518,6.0
1091,0.0,1436.972412,757.85968,1674.256592,0.6481065015,-0.7600183084,0.0482714574,0.059595698,512.2439722361,1506.3409651006,6.0
1092,0.0,1441.631348,757.67688,1674.234985,0.6431510735,-0.7641820463,0.0488108257,0.0576138533,503.4608487249,1504.9929181723,6.0
1093,0.0,1442.3620605,757.756653,1674.090881,0.6424348208,-0.764775983,0.0489317542,0.0573501604,502.3104373268,1504.9039412448,6.0
1094,0.0,1446.9021,757.72821,1673.869263,0.6347732051,-0.7710415748,0.0505753697,0.0541096178,488.0297996116,1504.0072238523,6.0
1095,0.0,1451.933838,757.479126,1673.783936,0.6267997841,-0.7774179619,0.0523769327,0.0511094305,474.3544869184,1502.9992546244,6.0
1096,0.0,1455.934814,757.210754,1673.925537,0.6190859367,-0.7834986661,0.053501806,0.0482471442,460.9420564022,1502.0974789353,6.0
1097,0.0,1459.318726,756.955505,1673.852783,0.6118615676,-0.7890207647,0.055422513,0.0455939932,448.2174498475,1501.5076558074,6.0
1098,0.0,1462.569946,756.678284,1674.564575,0.6068685288,-0.7927635516,0.0568905976,0.0439902659,440.2501175595,1500.844441964,6.0
1099,0.0,1467.453003,756.225525,1675.314087,0.5979305062,-0.7993446614,0.0593904199,0.0411515721,425.7784839404,1499.6505792565,6.0
1100,0.0,1470.696167,755.996704,1675.517822,0.5912476376,-0.8041767154,0.0610413099,0.0390685391,414.9571075147,1499.1959991605,6.0
1101,0.0,1474.448364,755.932861,1675.894897,0.5815058731,-0.8110597776,0.0635055647,0.0361457849,399.3714848659,1498.9722764179,6.0
1102,0.0,1479.162231,755.677795,1676.024536,0.5713042838,-0.8180743715,0.066073732,0.033370107,383.7753920236,1498.0869001984,6.0
1103,0.0,1482.031372,755.263916,1675.904053,0.5658213709,-0.8217570473,0.0675391104,0.0318768918,375.0400306199,1497.316157394,6.0
1104,0.0,1484.502808,755.357788,1676.827881,0.5576803613,-0.8271237735,0.0697056516,0.0295655682,361.4038141774,1497.3337814744,6.0
1105,0.0,1487.70813,754.952454,1676.779297,0.5519465904,-0.8308185682,0.0713825469,0.0281250398,352.3849598873,1496.3428225326,6.0
1106,0.0,1491.280029,754.482056,1676.725098,0.5468500648,-0.8340816938,0.0725447077,0.026853057,344.1523853786,1495.1136367251,6.0
1107,0.0,1495.521606,753.891785,1676.661133,0.54124388,-0.8376339479,0.0736507404,0.025476902,334.97794676,1493.5226004358,6.0
1108,0.0,1498.737793,753.427979,1676.612793,0.5388405636,-0.8391083339,0.07448524,0.0249285965,331.1039949032,1492.1899340682,6.0
1109,0.0,1499.670776,753.291687,1676.598755,0.5381831994,-0.8395086342,0.0747268166,0.02473976,329.794563745,1491.878965915,6.0
1110,0.0,1505.806519,752.343018,1676.598511,0.534112066,-0.8420334016,0.0755251715,0.0237296877,322.5022492614,1489.2361279055,6.0
1111,0.0,1510.030029,751.663269,1676.599609,0.5314184762,-0.8436544522,0.0764301541,0.0231559946,318.1808486845,1487.154590186,6.0
1112,0.0,1512.681885,751.212219,1676.599609,0.5291870857,-0.8449742418,0.0773276088,0.0225865252,314.0127639833,1485.8461576633,6.0
1113,0.0,1517.955078,750.299744,1676.599609,0.5260014478,-0.8468420348,0.0786196224,0.0219562659,309.0929107147,1483.1731642196,6.0
1114,0.0,1521.413696,749.673889,1676.599609,0.5228997096,-0.8486765488,0.0795236386,0.0212985644,304.0774215381,1481.2176339501,6.0
1115,0.0,1524.651855,749.067261,1676.599609,0.5199775276,-0.850390485,0.0803703539,0.0206694444,299.2517660237,1479.4938240179,6.0
1116,0.0,1528.251709,748.381531,1676.599609,0.5162320484,-0.8525838434,0.0812727641,0.0199127575,293.3616049766,1477.3908596903,6.0
1117,0.0,1532.399414,747.549316,1676.598022,0.5088491946,-0.8568139839,0.0833204307,0.0184892178,282.3116892865,1474.9298707603,6.0
1118,0.0,1536.000732,746.805054,1676.589233,0.5022325272,-0.8606119931,0.0843177677,0.017251141,272.3675093473,1472.6940517185,6.0
1119,0.0,1539.74939,746.008362,1676.579834,0.4953127025,-0.8645156963,0.0853108293,0.0160412449,262.3239172969,1470.4576966745,6.0
1120,0.0,1542.769409,745.338867,1676.578369,0.4875492125,-0.8687586003,0.0869152449,0.0148168965,251.9061724041,1468.7906546303,6.0
1121,0.0,1546.205078,744.558716,1676.584473,0.4801823175,-0.8727317264,0.0881151275,0.0136777729,241.8051134123,1467.0095278246,6.0
1122,0.0,1549.865845,743.720764,1676.595215,0.4745519958,-0.8757200704,0.088964946,0.0129222741,234.7800087559,1465.157163346,6.0
1123,0.0,1553.850464,742.770935,1676.605713,0.4659516939,-0.8801736632,0.0904618234,0.0118130135,224.2513924848,1463.2757816543,6.0
1124,0.0,1557.115112,741.959778,1676.614014,0.4585406049,-0.8839220737,0.0917729877,0.0109467443,215.7111394814,1461.8636964589,6.0
1125,0.0,1560.73645,741.035706,1676.615723,0.4486162464,-0.8888092124,0.0936036723,0.0098978784,204.9701346574,1460.4337078863,6.0
1126,0.0,1561.67688,740.792297,1676.615967,0.4462891803,-0.8899347537,0.0940324502,0.0096815227,202.7756981454,1460.7731701912,6.0
1127,0.0,1570.282349,738.467407,1676.639893,0.4268268889,-0.8990682995,0.0974422887,0.0079952902,183.9979664143,1457.9771841399,6.0
1128,0.0,1574.620117,737.252625,1676.661987,0.4211984198,-0.9016070751,0.0984711797,0.0076287113,179.5569886974,1456.4366051097,6.0
1129,0.0,1578.342285,736.174133,1676.690063,0.4139358817,-0.9048598982,0.0994266083,0.0071537471,173.7350316978,1455.0694045178,6.0
1130,0.0,1580.4108885,735.5440975,1676.708557,0.407824142,-0.9075421304,0.1000093174,0.0067991,169.2538561663,1454.3900863844,6.0
1131,0.0,1585.83313,733.854492,1676.755737,0.3898328666,-0.9152732992,0.1015141563,0.0059072223,157.6595910842,1452.6335141834,6.0
1132,0.0,1588.258057,733.058167,1676.776367,0.3799443579,-0.9192767131,0.102823196,0.005649468,154.1125896687,1451.8896082584,6.0
1133,0.0,1592.677612,731.577515,1676.786133,0.3632991974,-0.9257062915,0.105268965,0.0055070867,152.027834422,1450.594087897,6.0
1134,0.0,1596.134155,730.350952,1676.782959,0.3471547167,-0.931660669,0.107200749,0.0056661396,154.0957177432,1449.5994073119,6.0
1135,0.0,1599.409912,729.178345,1676.767822,0.3349978732,-0.9359918655,0.1081464407,0.0059317379,157.5494336197,1448.6246142567,6.0
1136,0.0,1602.323486,728.086243,1676.753296,0.3220230589,-0.9403537465,0.1097086188,0.0064703483,164.420633222,1447.7085449849,6.0
1137,0.0,1605.507568,726.86731,1676.737061,0.3088300106,-0.9445591604,0.1114989555,0.0072444748,173.8212787504,1446.6799969297,6.0
1138,0.0,1609.090332,725.422668,1676.717896,0.2910528698,-0.9499155053,0.1137926178,0.0086072055,189.2728847253,1445.7022269625,6.0
1139,0.0,1612.669312,723.959534,1676.698364,0.2768911833,-0.9539259,0.1155709733,0.0099092067,202.8319561467,1444.3767547677,6.0
1140,0.0,1613.1350913333,723.7700196667,1676.695882,0.2753168345,-0.9543617328,0.1157106199,0.0100687983,204.384887588,1444.0093579697,6.0
1141,0.0,1613.6008706667,723.5805053333,1676.6934,0.2737424856,-0.9547975656,0.1158502664,0.01022839,205.9378190293,1443.6419611718,6.0
1142,0.0,1614.06665,723.390991,1676.690918,0.2721681368,-0.9552333984,0.115989913,0.0103879816,207.4907504706,1443.2745643739,6.0
1143,0.0,1624.941406,718.48468,1676.669434,0.2220278544,-0.9675386049,0.1207173555,0.0169842574,264.1932249516,1439.5783738419,6.0
1144,0.0,1629.636108,716.208801,1676.669434,0.2014502353,-0.971687596,0.1234545198,0.0204739024,289.6296980062,1438.6732237947,6.0
1145,0.0,1632.035278,714.99585,1676.669434,0.1903667637,-0.973829766,0.1241615164,0.0224309399,302.9096669457,1438.2141865012,6.0
1146,0.0,1635.335571,713.281921,1676.669556,0.1749932462,-0.9765848332,0.1251376333,0.0253413838,321.5663972918,1437.5053982306,6.0
1147,0.0,1638.446533,711.590942,1676.675415,0.1581205361,-0.979212719,0.1270446654,0.0289102034,343.0972499708,1437.270323874,6.0
1148,0.0,1642.093384,709.582275,1676.6875,0.1428536344,-0.9813057631,0.1289644855,0.0322728936,361.9780667284,1436.4181010229,6.0
1149,0.0,1645.290527,707.661743,1676.688599,0.1175253146,-0.9844001924,0.1309353336,0.0383276727,393.7526052534,1435.9984883254,6.0
1150,0.0,1647.984497,706.001465,1676.688477,0.0979602439,-0.986313923,0.1326221546,0.0434325122,418.5292300712,1435.7238112514,6.0
1151,0.0,1651.178955,703.917969,1676.688477,0.0685535241,-0.9885172801,0.1346625457,0.0517476845,455.7764511431,1435.4359572338,6.0
1152,0.0,1653.784302,702.173767,1676.688477,0.0464194908,-0.9895746472,0.1363350596,0.0585570033,483.9097559912,1435.2006901688,6.0
1153,0.0,1656.984619,699.980713,1676.688477,0.0235335158,-0.9901291773,0.1381679629,0.0660507464,513.0472212714,1435.4760061769,6.0
1154,0.0,1659.886963,697.977783,1676.688477,0.0085482697,-0.9902016705,0.1393828496,0.0710426258,531.296564369,1435.2124386282,6.0
1155,0.0,1663.092896,695.635986,1676.688477,-0.0139125151,-0.9898563857,0.1413887467,0.079005337,559.1473780691,1435.2745982141,6.0
1156,0.0,1664.788574,694.360229,1676.688477,-0.0249369837,-0.9895300153,0.1421565884,0.0830808669,572.8662662106,1435.4922209858,6.0
1157,0.0,1668.969604,691.176819,1676.688477,-0.0433903595,-0.9887149123,0.1433879315,0.0898704216,594.2838719576,1434.3467045495,6.0
1158,0.0,1671.594482,689.098633,1676.688477,-0.0546221122,-0.9879094878,0.1450905539,0.0942480375,607.7040945693,1433.9130484615,6.0
1159,0.0,1674.445923,686.553528,1676.688477,-0.0906348396,-0.984666596,0.1490537504,0.1095314853,652.3269659537,1433.5443021564,6.0
1160,0.0,1676.634766,684.696472,1676.688477,-0.0987968746,-0.9837427019,0.1499649092,0.1129153653,661.7719515974,1433.6269120599,6.0
1161,0.0,1679.285767,682.416016,1676.688477,-0.1058462946,-0.9828885279,0.1507537847,0.1157072613,669.1343373754,1433.0416811158,6.0
1162,0.0,1682.522339,679.436768,1676.688477,-0.1266903948,-0.979949519,0.1537806361,0.1251445386,694.0520139322,1432.854764018,6.0
1163,0.0,1684.963989,677.056519,1676.688477,-0.1462968794,-0.9767829705,0.1565000051,0.1344707855,717.6343006546,1432.80863521,6.0
1164,0.0,1687.589355,674.342834,1676.688477,-0.1745816708,-0.9716332491,0.1595307787,0.1485704295,751.4857741742,1432.8508190409,6.0
1165,0.0,1689.819214,671.814392,1676.688477,-0.2130794758,-0.9631548341,0.164103329,,,,
1166,0.0,1692.124512,669.222961,1676.688477,-0.2400592131,-0.956440278,0.1661131205,,,,
1167,0.0,1694.400635,666.563782,1676.688477,-0.2663673297,-0.9492739486,0.167114979,,,,
1168,0.0,1696.693359,663.839661,1676.688477,-0.2858020651,-0.9432807988,0.1689334606,,,,
1169,0.0,1700.738892,658.808899,1676.688477,-0.3120864848,-0.9348151275,0.1694777373,,,,
1170,0.0,1703.310547,655.507751,1676.688477,-0.3210710066,-0.9316808507,0.1699535265,,,,
1171,0.0,1705.722778,652.359314,1676.688477,-0.3230983929,-0.9309680942,0.1700171638,,,,
1172,0.0,1707.659668,649.74231,1676.688477,-0.3231637262,-0.9309454142,0.170017181,,,,
1173,0.0,1708.944031,647.9675295,1676.688477,-0.3231637262,-0.9309454142,0.170017181,,,,
1174,0.0,1712.146973,643.511902,1676.688477,-0.318674046,-0.9326371987,0.1692179304,,,,
1175,0.0,1714.105591,640.763916,1676.688477,-0.3104806002,-0.9358101295,0.1669167412,,,,
1176,0.0,1716.448975,637.489746,1676.688477,-0.295602999,-0.9410087834,0.1646855686,,,,
1177,0.0,1718.765747,634.229004,1676.688354,-0.2794726852,-0.9462697052,0.1626919275,,,,
1178,0.0,1721.104858,630.937378,1676.688477,-0.261381948,-0.9517680654,0.1606767779,,,,
1179,0.0,1722.898926,628.394287,1676.688599,-0.2464908483,-0.9560350791,0.1588684651,,,,
1180,0.0,1725.013306,625.163025,1676.688477,-0.232880678,-0.9597143484,0.1572099212,,,,
1181,0.0,1727.547241,621.341187,1676.688477,-0.2128332973,-0.9647162113,0.1549987714,,,,
1182,0.0,1729.280884,618.796082,1676.688354,-0.1955049537,-0.9686271196,0.1534252788,,,,
1183,0.0,1731.63208,615.321411,1676.688599,-0.1746746971,-0.9729622826,0.1511064088,0.1482583956,740.1371278557,1412.5777145769,6.0
1184,0.0,1734.033936,611.736694,1676.688477,-0.1590169503,-0.9759321578,0.1492314742,0.1404441028,719.930923787,1408.7517083623,6.0
1185,0.0,1736.238159,608.550781,1676.688477,-0.1405645353,-0.9791771479,0.1464708993,0.131388591,696.1677663152,1404.997608752,6.0
1186,0.0,1738.511719,605.463745,1676.688477,-0.1126328428,-0.9833220972,0.1427987952,0.1181097287,660.6513847233,1401.3040109838,6.0
1187,0.0,1740.412109,602.957458,1676.688599,-0.0878585972,-0.9862415056,0.1400305665,0.1070535702,629.3328248312,1398.0111810375,6.0
1188,0.0,1742.94043,599.580505,1676.688599,-0.0629112411,-0.9885293388,0.1373023018,0.0964119752,597.0083725743,1393.5689125214,6.0
1189,0.0,1745.505981,596.320801,1676.688477,-0.0321379107,-0.9904143753,0.1343373361,0.0841203506,557.6792830898,1389.152299993,6.0
1190,0.0,1748.190308,592.976562,1676.688477,-0.0035250941,-0.9912354866,0.1320597734,0.0735664034,521.2093001397,1384.5076900468,6.0
1191,0.0,1750.515869,589.994629,1676.688477,0.0090027385,-0.991327863,0.1311030847,0.0693215788,504.9292784913,1380.1978932923,6.0
1192,0.0,1752.994507,586.922974,1676.688477,0.0235492215,-0.9913398795,0.1291924051,0.0644202916,485.7316386239,1375.5599385851,6.0
1193,0.0,1755.424561,583.906433,1676.688477,0.0313293447,-0.9912510081,0.128218217,0.0620011653,475.1965758665,1370.8710991477,6.0
1194,0.0,1757.757568,581.019714,1676.688477,0.0341203626,-0.9911595516,0.1282128857,0.0613510685,471.1887425714,1366.2628363633,6.0
1195,0.0,1759.905396,578.404419,1676.688477,0.0351495306,-0.9911235901,0.1282128684,0.0613133375,469.506333183,1361.7900761648,6.0
1196,0.0,1762.720215,575.031494,1676.688477,0.0361220452,-0.9910886228,0.1282128684,0.0612211208,467.2500146869,1356.2337434243,6.0
1197,0.0,1765.020386,572.375,1676.688477,0.0395855076,-0.9910678903,0.1273476517,0.0602200052,461.9478349971,1351.5941511325,6.0
1198,0.0,1767.685913,569.376099,1676.688477,0.0454259465,-0.9908283746,0.1272619955,0.058597673,454.0474508565,1346.1804640961,6.0
1199,0.0,1769.669189,567.24762,1676.688477,0.0545931498,-0.9904700119,0.1264466038,0.0558717789,442.2913957228,1341.9915742022,6.0
1200,0.0,1772.753296,563.959106,1676.688477,0.0654456914,-0.9899378535,0.1254587885,0.0526338168,427.7232795183,1336.0005714341,6.0
1201,0.0,1775.499634,561.203613,1676.688599,0.0840723247,-0.9887045949,0.1240768644,0.047248069,404.1866580432,1330.6578602215,6.0
1202,0.0,1778.383423,558.399231,1676.688477,0.1043116996,-0.9869598708,0.1225939749,0.0417401859,378.8405610747,1325.0861838607,6.0
1203,0.0,1781.189575,555.702942,1676.688477,0.1215793193,-0.985214259,0.1207117767,0.0372840853,356.9762434952,1319.6198719904,6.0
1204,0.0,1784.102905,553.018555,1676.688477,0.1427106745,-0.9827250282,0.117835404,0.0321041392,330.2831462666,1314.0286724141,6.0
1205,0.0,1786.62207,550.674194,1676.688477,0.1540094108,-0.9811266804,0.1169253538,0.0296185309,316.2526711326,1309.1134616909,6.0
1206,0.0,1791.774536,546.042053,1676.688477,0.1784641806,-0.977310225,0.1140844438,0.0245396679,285.9563343259,1298.766937169,6.0
1207,0.0,1793.423401,544.561615,1676.688477,0.1829819624,-0.9765263994,0.1135450441,0.0236755684,280.2096218238,1295.5627051074,6.0
1208,0.0,1795.072266,543.081177,1676.688477,0.1874997441,-0.9757425738,0.1130056444,0.022811469,274.4629093217,1292.3584730458,6.0
1209,0.0,1797.454102,540.944458,1676.688477,0.1913171959,-0.9750036324,0.112985164,0.0222390533,269.9832542991,1287.3356065272,6.0
1210,0.0,1801.841431,537.703064,1676.688599,0.1950709479,-0.9744178624,0.1116116244,0.0216466897,264.5562273992,1278.4104628674,6.0
1211,0.0,1804.72583,535.929688,1676.688477,0.196017448,-0.9742824781,0.1111342113,0.0214792374,262.5016381608,1273.3631653144,6.0
1212,0.0,1807.518066,534.507812,1676.688477,0.1961252829,-0.9742669856,0.1110797646,0.021519543,261.7323985885,1268.4550459458,6.0
1213,0.0,1810.205688,533.35376,1676.688477,0.1961252829,-0.9742669856,0.1110797646,0.0215644512,261.0665945059,1263.9245396205,6.0
1214,0.0,1812.293091,532.610046,1676.688599,0.1965473619,-0.9742298273,0.1106588367,0.0215151265,260.008212143,1260.2269014054,6.0
1215,0.0,1815.441284,531.577576,1676.688477,0.1970330719,-0.9741866356,0.1101742602,0.0213634918,258.1492077575,1255.6010453921,6.0
1216,0.0,1818.307983,530.802307,1676.688477,0.1970802915,-0.9741824368,0.11012692,0.0213595251,257.2386537783,1251.2871568035,6.0
1217,0.0,1820.790283,530.273376,1676.688477,0.1970802915,-0.9741824368,0.11012692,0.0213918191,256.6242566466,1247.3661248773,6.0
1218,0.0,1824.17041,529.621399,1676.688477,0.1970802915,-0.9741824368,0.11012692,0.0213182708,255.2729870631,1242.9134873826,6.0
1219,0.0,1826.659546,529.252441,1676.688477,0.1970802915,-0.9741824368,0.11012692,0.0212685745,254.2902744531,1239.5588022136,6.0
1220,0.0,1829.526245,528.917542,1676.688477,0.1970802915,-0.9741824368,0.11012692,0.0212014541,253.0868762427,1235.6230741109,6.0
1221,0.0,1832.218018,528.688293,1676.688477,0.1970802915,-0.9741824368,0.11012692,0.0211624831,252.058268008,1231.7216302032,6.0
1222,0.0,1835.80481,528.442932,1676.688477,0.1970802915,-0.9741824368,0.11012692,0.0210058081,250.2529821669,1227.4033520097,6.0
1223,0.0,1838.467163,528.336365,1676.688477,0.1978860795,-0.9741096779,0.1093226189,0.0206861967,247.6889758673,1224.0778129714,6.0
1224,0.0,1841.476196,528.282532,1676.688477,0.1988408062,-0.97393192,0.1091739394,0.0203688611,245.0340433754,1220.2558974767,6.0
1225,0.0,1844.137573,528.290344,1676.688477,0.2006122781,-0.9736152482,0.1087568954,0.0199268584,241.6665773692,1216.6244990243,6.0
1226,0.0,1847.65271,528.34259,1676.688477,0.2025193631,-0.9732743245,0.1082727893,0.0193438299,237.3701155271,1212.6913044259,6.0
1227,0.0,1850.75061,528.442871,1676.688477,0.20602168,-0.9726376102,0.1073831763,0.0185051567,231.5147966501,1209.0267122638,6.0
1228,0.0,1853.809937,528.59552,1676.688477,0.2089342172,-0.9720288715,0.1072677302,0.0178715465,226.8634629613,1205.3622643653,6.0
1229,0.0,1856.951782,528.796753,1676.688477,0.2109345527,-0.971596752,0.1072677302,0.0174016672,223.2022841183,1201.6717099132,6.0
1230,0.0,1860.073608,529.033508,1676.688477,0.2152873783,-0.97073467,0.1064215445,0.0164954583,216.7120259882,1198.0755895625,6.0
1231,0.0,1863.393433,529.326111,1676.688477,0.2201931377,-0.9696454054,0.1063144859,0.015603405,210.1561713645,1194.3131698908,6.0
1232,0.0,1866.334229,529.625549,1676.688477,0.2274393054,-0.9680232579,0.1058410812,0.0144325934,201.5655569181,1190.6985295455,6.0
1233,0.0,1869.414551,529.959045,1676.688477,0.2334257844,-0.9666416224,0.1054342304,0.0134653542,194.2234390802,1187.5302383314,6.0
1234,0.0,1872.656006,530.34021,1676.688477,0.2437451609,-0.9640992322,0.1053611266,0.0120691017,183.3823572004,1183.912035947,6.0
1235,0.0,1873.264404,530.415344,1676.688477,0.2461028604,-0.9635000857,0.1053611266,0.011953542,182.0228930516,1180.7676386717,6.0
1236,0.0,1877.232056,530.879639,1676.688354,0.2588327366,-0.9603537008,0.1035682572,0.0102073786,167.7245695371,1176.8894408981,6.0
1237,0.0,1880.790283,531.303345,1676.688477,0.2656462936,-0.9585909501,0.1026422776,0.0093145197,159.7566931198,1173.2147249388,6.0
1238,0.0,1884.948364,531.799255,1676.688599,0.2730445758,-0.9566175005,0.1016347251,0.0084197154,151.3881269898,1169.0799206373,6.0
1239,0.0,1888.59375,532.234131,1676.688477,0.2801341761,-0.9546679816,0.1006672156,0.0076484547,143.835952716,1165.1923371542,6.0
1240,0.0,1891.687622,532.322388,1676.688477,0.2830434931,-0.953902816,0.0997787489,0.0072663331,139.7533322314,1161.3948342486,6.0
1241,0.0,1894.521362,532.208435,1676.688477,0.2850144495,-0.9533303902,0.0996390021,0.0070656646,137.327509827,1157.269593146,6.0
1242,0.0,1897.790649,531.987244,1676.688477,0.2852778462,-0.9532516018,0.0996390195,0.0069760389,135.9202423052,1152.7189532661,6.0
1243,0.0,1900.507568,531.675598,1676.688599,0.2852778462,-0.9532516018,0.0996390195,0.0069275833,134.9538619741,1148.5050210196,6.0
1244,0.0,1903.838135,531.234985,1676.688477,0.2852778462,-0.9532516018,0.0996390195,0.0068410324,133.6242739405,1144.3360116326,6.0
1245,0.0,1906.770874,530.74231,1676.688354,0.2852778462,-0.9532516018,0.0996390195,0.0067691616,132.4278197697,1140.0738603699,6.0
1246,0.0,1909.499023,530.179565,1676.688477,0.2852778462,-0.9532516018,0.0996390195,0.006702207,131.299477051,1135.9729370645,6.0
1247,0.0,1912.679932,529.46936,1676.688477,0.2852778462,-0.9532516018,0.0996390195,0.0066258113,129.9782409726,1130.9846433367,6.0
1248,0.0,1915.802856,528.679932,1676.688477,0.2852778462,-0.9532516018,0.0996390195,0.0065513483,128.6596419631,1125.8342778045,6.0
1249,0.0,1918.862671,527.83551,1676.688477,0.2852778462,-0.9532516018,0.0996390195,0.0064817264,127.4240542385,1120.9750843774,6.0
1250,0.0,1924.579468,526.082581,1676.688354,0.2852778462,-0.9532516018,0.0996390195,0.006354921,125.1488166483,1111.8539549476,6.0
1251,0.0,1927.532471,525.098267,1676.688477,0.2852778462,-0.9532516018,0.0996390195,0.0062951244,124.0256898919,1107.0801336245,6.0
1252,0.0,1930.293823,524.122803,1676.688599,0.2852778462,-0.9532516018,0.0996390195,0.0062519109,123.052782414,1102.1733536134,6.0
1253,0.0,1933.328491,523.025146,1676.688477,0.2852778462,-0.9532516018,0.0996390195,0.006189007,121.912839229,1097.4808912375,6.0
1254,0.0,1936.450195,521.846069,1676.688477,0.2852778462,-0.9532516018,0.0996390195,0.0061469127,120.9158497293,1092.214987674,6.0
1255,0.0,1938.84668,520.899597,1676.688599,0.2852778462,-0.9532516018,0.0996390195,0.0061411831,120.3537832219,1087.6433809532,6.0
1256,0.0,1942.296631,519.515381,1676.688477,0.2852778462,-0.9532516018,0.0996390195,0.0061102728,119.4353136274,1082.0613516391,6.0
1257,0.0,1944.942383,518.418335,1676.688477,0.2852778462,-0.9532516018,0.0996390195,0.0061031506,118.8667413953,1077.5364470651,6.0
1258,0.0,1947.499878,517.326111,1676.688477,0.2852901532,-0.9532927253,0.0992094166,0.0060729267,118.03806428,1072.6756560425,6.0
1259,0.0,1950.718506,515.934082,1676.688477,0.2853036064,-0.9533376789,0.0987376432,0.0060151456,116.9118563804,1067.5164040647,6.0
1260,0.0,1953.574341,514.67804,1676.688477,0.2861597272,-0.9532594296,0.0970003629,0.0057969092,114.2499019406,1062.6075406292,6.0
1261,0.0,1956.743896,513.250366,1676.688477,0.2872324211,-0.9531499607,0.0948824998,0.005553811,111.2599181791,1057.1388360107,6.0
1262,0.0,1959.30896,512.081848,1676.688599,0.2880897412,-0.9530189159,0.0935908483,0.0053979358,109.2367850986,1052.7540449592,6.0
1263,0.0,1962.329834,510.681641,1676.688477,0.2891015869,-0.952860721,0.092069098,0.0052120084,106.8221580686,1047.6360200148,6.0
1264,0.0,1965.009399,509.426483,1676.688477,0.2891676845,-0.9529296327,0.0911436527,0.0051127451,105.333831524,1042.9935748423,6.0
1265,0.0,1967.94812,508.029419,1676.688477,0.2891938281,-0.9530162658,0.0901494692,0.0050094416,103.7661027299,1037.9834415735,6.0
1266,0.0,1970.616333,506.751007,1676.688477,0.2892172701,-0.9530930381,0.0892582291,0.0049101815,102.2752747316,1033.333845924,6.0
1267,0.0,1973.515747,505.3479,1676.688477,0.2892429391,-0.9531781074,0.088261077,0.0047980311,100.6026867911,1028.2166183319,6.0
1268,0.0,1978.237671,502.568481,1675.569824,0.2892768619,-0.953288999,0.0869424038,0.0045032662,96.8297001004,1021.455062157,6.0
1269,0.0,1981.851318,500.861145,1675.224365,0.2893156277,-0.9534171679,0.0853942124,0.0042885824,93.9642557792,1015.6800627766,6.0
1270,0.0,1984.422485,499.56665,1675.321777,0.2877858544,-0.9541066585,0.0828238267,0.0040939828,91.376312036,1010.858986326,6.0
1271,0.0,1987.184082,498.271118,1674.767944,0.2855267076,-0.9550438163,0.0797860153,0.0038423355,88.0679268527,1005.5940876067,6.0
1272,0.0,1990.40332,496.638763,1674.774902,0.2832323309,-0.9559729678,0.0767797605,0.0036388168,85.2232700014,999.9045439354,6.0
1273,0.0,1993.359619,495.129028,1674.557983,0.2813757905,-0.9568296518,0.0728332481,0.0033489247,81.3122130856,994.3791303312,6.0
1274,0.0,1995.509277,493.972076,1674.461304,0.2793075875,-0.9576675335,0.0697148967,0.0031827917,78.9069567923,989.7876459006,6.0
1275,0.0,1998.720581,492.256989,1674.372803,0.2769505936,-0.9586023586,0.0661807129,0.0029873237,75.9988512168,983.9555423193,6.0
1276,0.0,2001.027466,490.919525,1674.27124,0.2753660619,-0.9592867066,0.0627897008,0.0028131441,73.4002376842,979.246724014,6.0
1277,0.0,2004.000854,489.349579,1674.247314,0.2743009373,-0.959858252,0.0585758642,0.0025719804,69.763447152,973.3264806152,6.0
1278,0.0,2006.418579,487.98642,1674.448242,0.2734922854,-0.9602490622,0.0558901462,0.0024479099,67.7015995338,968.1711996402,6.0
1279,0.0,2008.33374,486.749207,1674.932251,0.2734215295,-0.960379768,0.0539570972,0.0023733228,66.3123319916,963.0719366523,6.0
1280,0.0,2011.362305,485.036652,1675.20752,0.2734498529,-0.960479698,0.0519993049,0.0022500861,64.1514020157,956.8327268007,6.0
1281,0.0,2014.23999,483.536255,1675.208618,0.2751014159,-0.9601110619,0.0500595635,0.0020462887,60.7904202029,950.7339062953,6.0
1282,0.0,2016.786255,482.231812,1675.46814,0.2766567611,-0.9597684953,0.0480153309,0.0018724095,57.7753632079,944.5624140386,6.0
1283,0.0,2019.471924,480.801025,1675.631958,0.2779151476,-0.9594891932,0.0462996635,0.001704687,54.7895116173,938.7398842047,6.0
1284,0.0,2022.325073,479.501617,1675.025757,0.2789543314,-0.9592018494,0.0460031865,0.0015759663,52.3365383267,932.5834730371,6.0
1285,0.0,2024.779663,478.383942,1674.490112,0.2790525507,-0.9591732798,0.0460031865,0.0014958617,50.6765818855,926.8491764122,6.0
1286,0.0,2026.924438,477.626404,1673.481201,0.2799358818,-0.9589376554,0.045546407,0.0013529698,47.9359430776,921.8264583603,6.0
1287,0.0,2029.40918,476.878052,1672.059326,0.2808261532,-0.9586991008,0.045085538,0.0011944059,44.7892909176,916.6698416595,6.0
1288,0.0,2031.53772,476.390991,1670.358521,0.2836022772,-0.9579268775,0.0441117416,0.0009741223,40.2276815852,911.609964723,6.0
1289,0.0,2034.7052,475.813263,1666.325073,0.2871353026,-0.9571683112,0.0371771713,0.0004753372,27.8722573496,904.0820291878,6.0
1290,0.0,2035.834351,475.764587,1663.639771,0.288262789,-0.9570064186,0.0322998321,0.000253671,20.281175586,900.4721488568,6.0
1291,0.0,2036.549683,475.673309,1662.8283085,0.2892608415,-0.9568137026,0.0286605354,0.0001689282,15.9541713915,898.2792185605,6.0
1292,0.0,2037.735718,475.893066,1659.908691,0.2911216214,-0.956461987,0.0207043213,3.15001e-05,7.0896299583,893.2153324701,6.0
1293,0.0,2038.891968,476.118805,1658.629883,0.291259,-0.9565196432,0.0154391451,3.18343e-05,7.1004063563,889.8651072796,6.0
1294,0.0,2040.559937,475.76712,1658.550049,0.2912795941,-0.9565863775,0.0099348092,7.63014e-05,10.9408259777,885.6803803386,6.0
1295,0.0,2041.861572,475.526794,1658.484863,0.2917445161,-0.9564840516,0.0048369692,0.0001520817,15.3752294473,881.6265457318,6.0
1296,0.0,2042.862305,475.315277,1658.42395,0.2921734082,-0.9563652808,0.0003862064,0.0002456694,19.4630759679,878.1072984376,6.0
1297,0.0,2043.037354,475.305603,1658.414062,0.2922467681,-0.9563428683,-0.0003803596,0.0002691416,20.2945002631,874.7867204496,6.0
1298,0.0,2044.228516,475.54126,1658.490601,0.2927693514,-0.9561666996,-0.0055990568,0.0004001849,24.6547041065,871.5612167097,6.0
1299,0.0,2045.544556,475.249481,1658.619629,0.2930891795,-0.9560442297,-0.0088410247,0.0004987658,27.3923204114,867.4004294303,6.0
1300,0.0,2046.793457,475.118378,1658.728271,0.2933681347,-0.9559279455,-0.0117004552,0.0005934993,29.7572301564,863.8371074706,6.0
1301,0.0,2048.221191,475.081909,1658.547119,0.2936894815,-0.9557828427,-0.0150215188,0.0007193296,32.6077740512,859.8452461078,6.0
1302,0.0,2049.451416,475.026672,1658.478027,0.2939888172,-0.9556365644,-0.0181475133,0.0008457249,35.2027891635,856.1292946164,6.0
1303,0.0,2050.656982,474.697754,1658.571045,0.2939952112,-0.9556333131,-0.0182150115,0.000843458,34.9971223711,852.2699819872,6.0
1304,0.0,2051.062988,474.728455,1658.631714,0.2939952112,-0.9556333131,-0.0182150115,0.0008348018,34.6994022072,849.3876798593,6.0
1305,0.0,2051.628418,474.788879,1658.620483,0.2939952112,-0.9556333131,-0.0182150115,0.0008347212,34.5674875322,846.1994615102,6.0
1306,0.0,2052.271484,474.796478,1658.480103,0.2939952112,-0.9556333131,-0.0182150115,0.0008462991,34.6611381816,842.6704960112,6.0
1307,0.0,2052.867188,474.705994,1658.519409,0.2939952112,-0.9556333131,-0.0182150115,0.0008516718,34.6445738075,839.6080412642,6.0
1308,0.0,2053.406982,474.626801,1658.481201,0.2939952112,-0.9556333131,-0.0182150115,0.000867867,34.8231975062,836.0289255105,6.0
1309,0.0,2053.956543,474.650146,1658.407837,0.2944128077,-0.9555047434,-0.0182149417,0.000892065,35.1670547474,832.7595802074,6.0
1310,0.0,2054.465088,474.620148,1658.378784,0.2948416862,-0.9553724907,-0.0182149417,0.0009148874,35.4659058052,829.2998633095,6.0
1311,0.0,2055.074219,474.690826,1658.348511,0.295252566,-0.9552455905,-0.0182149417,0.0009389921,35.7861965092,825.9838352712,6.0
1312,0.0,2055.628174,474.726196,1658.300537,0.2956239665,-0.9551307169,-0.0182149417,0.0009648097,36.1255631109,822.5902671994,6.0
1313,0.0,2056.033691,474.844574,1658.274658,0.2956431398,-0.9551215459,-0.0183838612,0.0009953659,36.5547375335,819.4932816696,6.0
1314,0.0,2056.672607,474.944733,1658.223145,0.2956419042,-0.955117967,-0.0185885359,0.0010350565,37.1114844819,815.8751730598,6.0
1315,0.0,2057.19873,474.905304,1658.059692,0.2956418497,-0.9551177909,-0.0185984477,0.0010654112,37.5042861501,812.6863949945,6.0
1316,0.0,2057.779541,474.954254,1657.963623,0.2956418497,-0.9551177909,-0.0185984477,0.0010919392,37.8058635457,809.2142493469,6.0
1317,0.0,2058.515381,475.073425,1657.860596,0.2956418497,-0.9551177909,-0.0185984477,0.0011119815,37.9709206817,805.3935006186,6.0
1318,0.0,2059.147217,475.174957,1657.763672,0.2954631413,-0.9551685376,-0.0188307452,0.0011427067,38.3164924642,801.7287667178,6.0
1319,0.0,2059.299316,475.220703,1657.763794,0.2954147127,-0.9551822782,-0.0188934612,,,,
1320,0.0,2058.927734,476.758057,1663.018433,0.2952565127,-0.9552272767,-0.0190903512,,,,
1321,0.0,2059.72998,477.009369,1663.018433,0.2925456317,-0.9560235273,-0.0208822541,,,,
1322,0.0,2060.291992,477.188049,1663.018433,0.2899788762,-0.9567829865,-0.0218762013,,,,
1323,0.0,2060.805664,477.347992,1663.018433,0.2885035121,-0.9572152422,-0.0224656111,,,,
1324,0.0,2061.373779,477.523285,1663.018433,0.2874836389,-0.9575117538,-0.0228997548,,,,
1325,0.0,2061.826416,477.662079,1663.018433,0.2867440888,-0.9577252588,-0.0232412597,,,,
1326,0.0,2062.305176,477.807678,1663.018311,0.2863239912,-0.9578496184,-0.0232955073,,,,
1327,0.0,2062.849854,477.971863,1663.018433,0.2862594623,-0.957868912,-0.0232952281,,,,
1328,0.0,2063.342285,478.119659,1663.018433,0.2862594623,-0.957868912,-0.0232952281,,,,
1329,0.0,2063.770752,478.248322,1663.018555,0.2862594623,-0.957868912,-0.0232952281,,,,
1330,0.0,2064.232178,478.386566,1663.018433,0.2862594623,-0.957868912,-0.0232952281,,,,
1331,0.0,2064.826416,478.564667,1663.018433,0.2862594623,-0.957868912,-0.0232952281,,,,
1332,0.0,2065.817139,478.861267,1663.018433,0.2862594623,-0.957868912,-0.0232952281,,,,
1333,0.0,2066.291016,479.002991,1663.018311,0.2862594623,-0.957868912,-0.0232952281,,,,
1334,0.0,2066.563477,479.0845035,1663.018372,0.2862594623,-0.957868912,-0.0232952281,,,,
1335,0.0,2066.835938,479.166016,1663.018433,0.2862594623,-0.957868912,-0.0232952281,,,,
1336,0.0,2067.414062,479.333435,1663.018311,0.2879508784,-0.957387449,-0.0222163007,,,,
1337,0.0,2068.505127,479.648651,1663.018433,0.2918015274,-0.9562693905,-0.0200180257,,,,
1338,0.0,2068.979004,479.788544,1663.018433,0.292944358,-0.9559215383,-0.0199403042,,,,
1339,0.0,2069.522705,479.951019,1663.018433,0.2935621545,-0.9557319947,-0.0199403042,,,,
1340,0.0,2070.05542,480.111908,1663.018433,0.2939553764,-0.9556111243,-0.0199403042,,,,
1341,0.0,2070.218262,480.160431,1663.018433,0.2941877298,-0.9555360481,-0.0201107014,,,,
1342,0.0,2070.249512,480.1698,1663.018433,0.294404724,-0.9554653525,-0.0202933129,,,,
1343,0.0,2070.2977295,480.184677,1663.018433,0.2944230179,-0.9554593908,-0.0203085814,,,,
1344,0.0,2070.411865,480.219727,1663.018433,0.2944396232,-0.9554479498,-0.0206039689,,,,
1345,0.0,2070.51123,480.250336,1663.018433,0.2944365219,-0.9554383602,-0.0210873026,,,,
1346,0.0,2070.593506,480.276703,1663.018433,0.2939996234,-0.9555639227,-0.021489789,,,,
1347,0.0,2070.609375,480.2818145,1663.018433,0.2939210235,-0.9555868668,-0.0215444225,,,,
1348,0.0,2070.625244,480.286926,1663.018433,0.2938424235,-0.955609811,-0.0215990561,,,,
1349,0.0,2070.94751,480.394623,1663.018433,0.2909919834,-0.9564735789,-0.0219535531,,,,
1350,0.0,2071.060059,480.439117,1663.018433,0.2878075906,-0.9574365944,-0.0219535531,,,,
1351,0.0,2071.169189,480.491913,1663.018555,0.28140798,-0.9593749914,-0.0202280684,,,,
1352,0.0,2071.173584,480.518829,1663.018433,0.273707595,-0.9616577715,-0.0172766608,,,,
1353,0.0,2071.157715,480.521912,1663.018433,0.2714008281,-0.9623373144,-0.0157633703,,,,
1354,0.0,2071.123535,480.538025,1663.018433,0.268552979,-0.963166257,-0.0137861808,,,,
1355,0.0,2071.0271,480.5,1663.018555,0.2669742655,-0.9636242377,-0.0123721489,,,,
1356,0.0,2070.910889,480.470306,1663.018433,0.2663039335,-0.9638184068,-0.0116744865,,,,
1357,0.0,2070.749756,480.42691,1663.018433,0.2660485778,-0.9638921075,-0.0114087429,,,,
1358,0.0,2070.615967,480.389984,1663.018433,0.2660485778,-0.9638921075,-0.0114087429,,,,
1359,0.0,2070.48584,480.350037,1663.018433,0.2672465121,-0.9635606569,-0.0114088651,,,,
1360,0.0,2070.304199,480.294525,1663.018433,0.2686846484,-0.9631606291,-0.0114088651,,,,
1361,0.0,2070.143311,480.243927,1663.018433,0.2704138836,-0.9626663869,-0.0122376116,,,,
1362,0.0,2069.952148,480.189972,1663.018433,0.2706630147,-0.9625947121,-0.0123674019,,,,
1363,0.0,2069.801758,480.145294,1663.924805,0.2712580857,-0.9624271932,-0.0123672449,,,,
1364,0.0,2069.545898,480.066498,1665.713135,0.2732760628,-0.9618561458,-0.0123672274,,,,
1365,0.0,2069.329346,480.005096,1667.044556,0.273430521,-0.9618122465,-0.0123674019,,,,
1366,0.0,2069.164795,479.958313,1668.211914,0.273430521,-0.9618122465,-0.0123674019,,,,
1367,0.0,2068.82373,479.86145,1669.918579,0.273430521,-0.9618122465,-0.0123674019,,,,
1368,0.0,2068.552246,479.784393,1671.356079,0.273430521,-0.9618122465,-0.0123674019,,,,
1369,0.0,2068.321045,479.718689,1672.51709,0.273430521,-0.9618122465,-0.0123674019,,,,
1370,0.0,2068.045166,479.640259,1673.769531,0.273430521,-0.9618122465,-0.0123674019,,,,
1371,0.0,2067.761963,479.559814,1675.394165,0.273430521,-0.9618122465,-0.0123674019,,,,
1372,0.0,2067.363525,479.446472,1676.688477,0.273430521,-0.9618122465,-0.0123674019,,,,
1373,0.0,2067.038086,479.34787,1676.688477,0.2750054601,-0.9613631198,-0.0123672449,,,,
1374,0.0,2066.572021,479.207825,1676.688477,0.2770747899,-0.960768761,-0.0123672449,,,,
1375,0.0,2066.025146,479.049103,1676.688477,0.2775469597,-0.9606324671,-0.0123672274,,,,
1376,0.0,2069.003174,479.923279,1676.334229,0.2779245465,-0.9605232937,-0.0123672449,,,,
1377,0.0,2067.879883,479.523712,1676.209106,0.278037988,-0.9604904604,-0.0123674019,,,,
1378,0.0,2067.512207,479.415634,1676.1906735,0.278037988,-0.9604904604,-0.0123674019,,,,
1379,0.0,2066.622803,479.136902,1676.161255,0.278037988,-0.9604904604,-0.0123674019,,,,
1380,0.0,2066.2764895,479.041214,1676.1363525,0.278037988,-0.9604904604,-0.0123674019,,,,
1381,0.0,2065.436279,478.80069,1676.090332,0.278037988,-0.9604904604,-0.0123674019,,,,
1382,0.0,2064.650635,478.561005,1676.060669,0.278037988,-0.9604904604,-0.0123674019,,,,
1383,0.0,2064.225342,478.442932,1676.043457,0.278037988,-0.9604904604,-0.0123674019,,,,
1384,0.0,2063.28833,478.203857,1676.0177,0.278037988,-0.9604904604,-0.0123674019,,,,
1385,0.0,2062.529053,477.993591,1675.983643,0.278037988,-0.9604904604,-0.0123674019,,,,
1386,0.0,2061.735352,477.819153,1675.94519,0.278037988,-0.9604904604,-0.0123674019,,,,
1387,0.0,2061.173096,477.653778,1675.910767,0.278037988,-0.9604904604,-0.0123674019,,,,
1388,0.0,2060.361572,477.424774,1675.86438,0.278037988,-0.9604904604,-0.0123674019,,,,
1389,0.0,2059.654297,477.232361,1675.838135,0.278037988,-0.9604904604,-0.0123674019,,,,
1390,0.0,2058.717529,476.956116,1675.812012,0.278037988,-0.9604904604,-0.0123674019,,,,
1391,0.0,2057.833252,476.666168,1675.772217,0.2736262163,-0.9617565934,-0.0123672449,,,,
1392,0.0,2056.926514,476.365295,1675.741943,0.2523756414,-0.9675503022,-0.0123672274,,,,
1393,0.0,2056.295898,476.178711,1675.72522,0.229302095,-0.9732767338,-0.0123672449,,,,
1394,0.0,2054.958984,475.981293,1675.898193,0.163702882,-0.986451111,-0.0107504451,,,,
1395,0.0,2053.775391,475.939423,1676.272583,0.0811909633,-0.9966881632,-0.0045533388,,,,
1396,0.0,2051.635498,476.632843,1677.436035,-0.0506659635,-0.9986654704,0.010011914,,,,
1397,0.0,2051.318359,476.776611,1677.463867,-0.1746603258,-0.9842317707,0.0279569678,,,,
1398,0.0,2051.220215,476.82608,1677.39563,-0.3594014205,-0.931550596,0.0551734174,,,,
1399,0.0,2051.336426,476.077942,1677.075684,-0.4358181567,-0.8976451838,0.0655412717,,,,
1400,0.0,2051.358887,474.946564,1676.579224,-0.5474391421,-0.8328896821,0.0812721553,,,,
1401,0.0,2050.748535,473.933075,1675.717651,-0.6021618647,-0.7932850341,0.0899996855,,,,
1402,0.0,2050.445312,472.989868,1675.612061,-0.6699477448,-0.735276078,0.1026601595,,,,
1403,0.0,2050.115967,471.718414,1675.356201,-0.6993074999,-0.7062376987,0.1104415394,,,,
1404,0.0,2049.94751,470.659088,1675.292969,-0.7156423685,-0.6886966115,0.1164172568,,,,
1405,0.0,2049.873291,469.008545,1675.360596,-0.7299038275,-0.6724342244,0.1227705844,,,,
1406,0.0,2049.602783,466.781769,1675.365967,-0.7314926411,-0.6705619386,0.1235524279,,,,
1407,0.0,2048.304443,465.623901,1676.688477,-0.7314926411,-0.6705619386,0.1235524279,,,,
1408,0.0,2048.38916,463.510437,1676.688477,-0.7314926411,-0.6705619386,0.1235524279,,,,
1409,0.0,2048.422607,461.698883,1676.688477,-0.7314926411,-0.6705619386,0.1235524279,,,,
1410,0.0,2048.455078,460.09903,1676.688477,-0.7314926411,-0.6705619386,0.1235524279,,,,
1411,0.0,2048.479736,457.717072,1676.688477,-0.7314926411,-0.6705619386,0.1235524279,,,,
1412,0.0,2048.476807,455.667938,1676.688477,-0.7314926411,-0.6705619386,0.1235524279,,,,
1413,0.0,2048.452881,453.853882,1676.688477,-0.7314926411,-0.6705619386,0.1235524279,,,,
1414,0.0,2048.434326,451.598022,1676.688477,-0.7314926411,-0.6705619386,0.1235524279,,,,
1415,0.0,2048.407471,449.875549,1676.688477,-0.7314926411,-0.6705619386,0.1235524279,,,,
1416,0.0,2048.350098,447.557465,1676.688477,-0.7314926411,-0.6705619386,0.1235524279,,,,
1417,0.0,2048.289307,445.377563,1676.688477,-0.7314926411,-0.6705619386,0.1235524279,,,,
1418,0.0,2048.23877,443.788971,1676.688477,-0.7314926411,-0.6705619386,0.1235524279,,,,
1419,0.0,2048.145996,441.214325,1676.688477,-0.7334501144,-0.6698937697,0.1152964306,,,,
1420,0.0,2048.052979,439.061493,1676.688477,-0.7537936541,-0.6471520285,0.1139709571,,,,
1421,0.0,2047.945801,437.313934,1676.688599,-0.772133859,-0.6245891872,0.117036964,,,,
1422,0.0,2047.345337,433.349915,1676.688477,-0.8058251986,-0.5787372726,0.1253352249,,,,
1423,0.0,2046.995361,431.394409,1676.688477,-0.8177627781,-0.5608103482,0.1294441662,,,,
1424,0.0,2046.634521,429.078186,1676.688477,-0.8264850901,-0.5473108167,0.1318076846,,,,
1425,0.0,2046.285522,427.110199,1676.688477,-0.8348897616,-0.5339563287,0.1336028632,,,,
1426,0.0,2045.868408,424.72934,1676.688477,-0.8421983577,-0.5220271217,0.134868864,,,,
1427,0.0,2045.467163,423.01413,1676.688477,-0.8516113808,-0.5065013899,0.1349607282,,,,
1428,0.0,2044.947632,420.577789,1676.688477,-0.861527833,-0.4894439697,0.1349607109,,,,
1429,0.0,2044.496216,418.804321,1676.688354,-0.8716072028,-0.4712605287,0.1349607282,,,,
1430,0.0,2043.747681,416.432159,1676.688477,-0.8896278139,-0.4362888483,0.1349607109,,,,
1431,0.0,2043.248291,414.886658,1676.688477,-0.9000255568,-0.4144147724,0.1349607109,,,,
1432,0.0,2042.492554,412.632568,1676.688477,-0.9135145273,-0.383766609,0.1349607282,,,,
1433,0.0,2041.957031,411.103668,1676.688354,-0.9208159715,-0.3660269941,0.1346186699,,,,
1434,0.0,2040.997803,408.172852,1676.688477,-0.9293670904,-0.3439617811,0.1340414284,,,,
1435,0.0,2040.380981,406.316437,1676.688354,-0.9327201126,-0.3350475978,0.1333277867,,,,
1436,0.0,2039.435059,403.607849,1676.688477,-0.9361328243,-0.3258807121,0.1321253072,,,,
1437,0.0,2038.659302,401.434357,1676.688477,-0.9376236302,-0.3215723999,0.1321102559,,,,
1438,0.0,2037.895752,399.367645,1676.688477,-0.9388477798,-0.3183102865,0.1313141567,,,,
1439,0.0,2037.375122,398.066986,1676.688477,-0.9402158823,-0.3143106541,0.1311598545,,,,
1440,0.0,2036.906738,396.9505,1676.688477,-0.9415737848,-0.3104961501,0.1305026761,,,,
1441,0.0,2036.542847,396.135162,1676.688477,-0.9422992182,-0.3083312587,0.1303994568,,,,
1442,0.0,2035.879028,394.597046,1676.688477,-0.9431766117,-0.3056368194,0.1303994395,,,,
1443,0.0,2035.372314,393.48111,1676.688477,-0.9436475925,-0.3043762906,0.1299395819,,,,
1444,0.0,2034.872803,392.405518,1676.688477,-0.9442961868,-0.3025150318,0.1295737905,,,,
1445,0.0,2034.456665,391.552673,1676.688477,-0.944933034,-0.3006852979,0.1291894456,,,,
1446,0.0,2033.881836,390.332886,1676.688354,-0.9455830125,-0.2988066067,0.1287919965,,,,
1447,0.0,2033.19519,388.920776,1676.688477,-0.9462819942,-0.2968312251,0.1282248464,,,,
1448,0.0,2032.674683,387.873596,1676.688477,-0.9466468691,-0.2956707048,0.1282128684,,,,
1449,0.0,2032.071899,386.673126,1676.688477,-0.9470735975,-0.2944527882,0.1278638195,,,,
1450,0.0,2031.531128,385.608307,1676.688477,-0.9476699587,-0.2927135144,0.1274380156,,,,
1451,0.0,2031.028442,384.651001,1676.688354,-0.9481859244,-0.2912231547,0.1270138848,,,,
1452,0.0,2030.223022,383.073669,1676.688477,-0.9487731671,-0.2895254181,0.1265089311,,,,
1453,0.0,2029.730835,382.123627,1676.688477,-0.9490750429,-0.2886576855,0.1262271905,,,,
1454,0.0,2028.989136,380.724548,1676.688477,-0.9494685902,-0.2875656392,0.1257592913,,,,
1455,0.0,2028.365601,379.550751,1676.688477,-0.9499943588,-0.2860253961,0.125300403,,,,
1456,0.0,2027.733765,378.368866,1676.688477,-0.9504954121,-0.2845222352,0.1249222528,,,,
1457,0.0,2027.22522,377.421753,1676.688477,-0.9510777673,-0.2829827194,0.1239833097,,,,
1458,0.0,2027.385498,372.447723,1674.894775,-0.952212277,-0.2798977031,0.1222663294,,,,
1459,0.0,2025.914917,370.105408,1674.904907,-0.9543743686,-0.2743213477,0.1179718726,,,,
1460,0.0,2025.548523,369.365082,1674.9371945,-0.9554205006,-0.2720472762,0.1146501045,,,,
1461,0.0,2025.182129,368.624756,1674.969482,-0.9564666327,-0.2697732047,0.1113283364,,,,
1462,0.0,2023.920166,366.564453,1675.030518,-0.9588505229,-0.2657543939,0.0999013361,,,,
1463,0.0,2023.588928,365.8809965,1674.9915775,-0.959453635,-0.2648742736,0.0963137166,,,,
1464,0.0,2022.65564,363.681366,1674.837891,-0.9609340567,-0.2626956584,0.0871592201,,,,
1465,0.0,2022.14624,362.159302,1674.683716,-0.9613245559,-0.2626634603,0.0828432551,,,,
1466,0.0,2021.858276,360.694489,1674.537598,-0.9614871144,-0.2627081468,0.080789593,,,,
1467,0.0,2021.567505,359.518982,1674.47168,-0.961521659,-0.2634428403,0.0779356735,,,,
1468,0.0,2021.448975,357.770111,1674.298828,-0.9615537205,-0.2640695051,0.075377311,,,,
1469,0.0,2021.436523,356.315125,1674.338379,-0.9615920893,-0.2645614995,0.0731291106,,,,
1470,0.0,2021.3573,354.801788,1674.361328,-0.9616209102,-0.2649647965,0.0712662733,,,,
1471,0.0,2021.335083,353.200409,1674.47644,-0.9616179406,-0.2656518473,0.068702491,,,,
1472,0.0,2021.421387,351.556152,1674.478882,-0.9616054281,-0.266279419,0.0664098755,,,,
1473,0.0,2021.500488,350.273499,1674.642944,-0.9616547837,-0.2666529694,0.064158171,,,,
1474,0.0,2021.540161,348.63913,1674.721924,-0.9615508166,-0.2675009929,0.0621550148,,,,
1475,0.0,2021.600952,347.31424,1674.810913,-0.9605499919,-0.2714767923,0.0603660853,,,,
1476,0.0,2021.686035,345.6138,1674.882568,-0.9594667861,-0.2756578451,0.0586194399,,,,
1477,0.0,2021.78186,344.424713,1674.92334,-0.9581649812,-0.2805369844,0.0567350785,,,,
1478,0.0,2021.917847,342.991486,1675.005127,-0.9566214009,-0.2861797207,0.0545588019,,,,
1479,0.0,2022.093262,341.317383,1675.108276,-0.9551095302,-0.2916352978,0.0521021921,,,,
1480,0.0,2022.314331,339.677338,1675.249878,-0.9537037915,-0.2966074872,0.0497300374,,,,
1481,0.0,2022.500732,338.400482,1675.263672,-0.952819627,-0.2997105176,0.048045438,,,,
1482,0.0,2022.740356,337.033478,1675.375732,-0.9518992546,-0.3028925098,0.0463026622,,,,
1483,0.0,2023.084229,335.318756,1675.529053,-0.9510540127,-0.3057793016,0.044668598,,,,
1484,0.0,2023.376221,333.913757,1675.622192,-0.9504228175,-0.3079108314,0.0434440783,,,,
1485,0.0,2023.808716,332.135468,1675.799683,-0.9499996316,-0.3094037922,0.0420712897,,,,
1486,0.0,2024.138428,330.825378,1675.90332,-0.9495902613,-0.3107589718,0.0413182421,,,,
1487,0.0,2024.608765,329.013428,1676.030396,-0.9491292947,-0.3122367613,0.0407650204,,,,
1488,0.0,2024.758057,328.063232,1676.032471,-0.9490333684,-0.3125321089,0.040735078,,,,
1489,0.0,2025.416992,326.034637,1676.233643,-0.9489336073,-0.3128348782,0.0407350954,,,,
1490,0.0,2025.899414,324.570068,1676.394165,-0.9489201912,-0.3128755708,0.0407350954,,,,
1491,0.0,2026.342651,323.024689,1676.520142,-0.9489201912,-0.3128755708,0.0407350954,,,,
1492,0.0,2026.819824,321.489838,1676.674561,-0.9489201912,-0.3128755708,0.0407350954,,,,
1493,0.0,2027.363647,319.955658,1676.899902,-0.9489201912,-0.3128755708,0.0407350954,,,,
1494,0.0,2027.848267,318.637207,1677.102417,-0.9488966911,-0.3129468353,0.0407350954,,,,
1495,0.0,2028.390015,317.001007,1677.293213,-0.9488605163,-0.3130565028,0.040735078,,,,
1496,0.0,2028.730835,315.832153,1677.373901,-0.9488174022,-0.3131871473,0.0407350954,,,,
1497,0.0,2029.143555,314.246368,1677.422485,-0.9487760262,-0.3133124705,0.0407350954,,,,
1498,0.0,2030.012695,311.473145,1677.613403,-0.9487700983,-0.3133304207,0.0407350954,,,,
1499,0.0,2030.2843625,310.596085,1677.6715695,-0.9487700983,-0.3133304207,0.0407350954,,,,
1500,0.0,2030.894165,308.407349,1677.748413,-0.9487700983,-0.3133304207,0.0407350954,,,,
1501,0.0,2031.1488645,307.4732365,1677.779419,-0.9487700983,-0.3133304207,0.0407350954,,,,
1502,0.0,2031.403564,306.539124,1677.810425,-0.9487700983,-0.3133304207,0.0407350954,,,,
1503,0.0,2030.69104,302.31665,1677.362549,-0.9487564969,-0.3133716031,0.0407350954,,,,
1504,0.0,2031.13501,300.812042,1677.433472,-0.9487432274,-0.3134117747,0.0407350954,,,,
1505,0.0,2031.777222,299.339325,1677.54895,-0.948651033,-0.313710324,0.0405838656,,,,
1506,0.0,2032.1200565,298.544647,1677.6047975,-0.9485673616,-0.3139717548,0.0405168825,,,,
1507,0.0,2032.462891,297.749969,1677.660645,-0.9484836903,-0.3142331855,0.0404498995,,,,
1508,0.0,2033.673218,294.908844,1677.781982,-0.9475204448,-0.3171868666,0.0399687177,,,,
1509,0.0,2034.539673,292.821381,1677.797119,-0.9449097153,-0.3246529947,0.0417859177,,,,
1510,0.0,2035.276855,291.07193,1677.846802,-0.9392209039,-0.3404211997,0.0444690958,,,,
1511,0.0,2036.032715,289.421112,1677.806152,-0.9317630688,-0.3600958829,0.0463523333,,,,
1512,0.0,2036.966064,287.892639,1677.748535,-0.9200981841,-0.3888970432,0.0466735621,,,,
1513,0.0,2037.858643,285.759369,1677.938843,-0.9058292887,-0.4210639818,0.0466735796,,,,
1514,0.0,2038.213623,286.535278,1679.027954,-0.8910575088,-0.451484322,0.0466735796,,,,
1515,0.0,2039.521362,283.804565,1679.13855,-0.8632672188,-0.5024134497,0.0484812792,,,,
1516,0.0,2041.006836,280.806396,1679.264648,-0.8342479174,-0.5490741311,0.0504778258,,,,
1517,0.0,2042.941284,278.174866,1679.369629,-0.762038665,-0.6451081209,0.0559695041,,,,
1518,0.0,2044.875488,275.815643,1679.472778,-0.6883899528,-0.7228053322,0.0605947578,,,,
1519,0.0,2046.968018,273.761414,1679.571777,-0.5951218431,-0.8010634862,0.0642439337,,,,
1520,0.0,2049.049316,272.208496,1679.65979,-0.4847129637,-0.8722053798,0.0656591063,,,,
1521,0.0,2051.296875,269.896667,1679.773682,-0.3660751794,-0.9281980326,0.0666136268,,,,
1522,0.0,2053.29248,267.042755,1679.871948,-0.1997373833,-0.9776259565,0.0659732288,,,,
1523,0.0,2055.592041,264.296417,1679.965088,-0.0102357818,-0.9979962216,0.0624401355,,,,
1524,0.0,2057.846191,261.911407,1680.053955,0.1359753214,-0.9891541757,0.055540333,,,,
1525,0.0,2060.269775,259.520691,1680.144653,0.2513564773,-0.9666296844,0.0494669042,,,,
1526,0.0,2062.523682,257.466125,1680.227417,0.3336333144,-0.941666418,0.0441946685,,,,
1527,0.0,2065.4729,255.061111,1680.325073,0.4342948382,-0.8999980178,0.0373036374,,,,
1528,0.0,2067.274414,253.722092,1680.381104,0.4806080639,-0.8762464192,0.0347577573,,,,
1529,0.0,2070.37915,251.518295,1680.475342,0.5369355164,-0.8430304851,0.0316204434,,,,
1530,0.0,2072.612793,249.970276,1680.54248,0.5484002196,-0.8355735729,0.0327719903,,,,
1531,0.0,2075.697021,248.044235,1680.626343,0.5561076525,-0.8303664105,0.0351554143,,,,
1532,0.0,2078.046387,246.6465,1680.686768,0.5561819961,-0.8303156423,0.0351784209,,,,
1533,0.0,2080.4104,245.322662,1680.695557,0.5561819961,-0.8303156423,0.0351784209,,,,
1534,0.0,2083.333984,243.778152,1680.693359,0.5561819961,-0.8303156423,0.0351784209,,,,
1535,0.0,2086.335449,242.288544,1680.546753,0.5561819961,-0.8303156423,0.0351784209,,,,
1536,0.0,2088.415527,241.313095,1680.424072,0.5561819961,-0.8303156423,0.0351784209,,,,
1537,0.0,2091.725098,239.82666,1680.221313,0.5561819961,-0.8303156423,0.0351784209,,,,
1538,0.0,2094.438232,238.655579,1680.057373,0.5561819961,-0.8303156423,0.0351784209,,,,
1539,0.0,2095.198975,238.346756,1680.011353,0.5561819961,-0.8303156423,0.0351784209,,,,
1540,0.0,2100.672852,236.173447,1679.680298,0.5561819961,-0.8303156423,0.0351784209,,,,
1541,0.0,2103.558838,235.090607,1679.505859,0.5561819961,-0.8303156423,0.0351784209,,,,
1542,0.0,2106.304932,234.053802,1679.3396,0.5521344667,-0.8331798485,0.0309656375,,,,
1543,0.0,2112.22876,231.591873,1678.976807,0.5130297994,-0.8583441507,0.0067634309,,,,
1544,0.0,2115.056885,230.377167,1678.801758,0.4886045842,-0.8725042688,-0.0013642362,,,,
1545,0.0,2116.763916,229.597031,1678.694092,0.4689736489,-0.8829107928,-0.0050208126,,,,
1546,0.0,2120.628662,227.809601,1678.448975,0.4245384941,-0.9053576428,-0.0097265491,,,,
1547,0.0,2123.73877,226.46962,1678.251465,0.3981372811,-0.917264233,-0.0106316648,,,,
1548,0.0,2127.039551,225.005844,1678.040405,0.3691363626,-0.9293220272,-0.0099456297,,,,
1549,0.0,2129.235596,224.007843,1677.899902,0.351486996,-0.9361488421,-0.0090684669,,,,
1550,0.0,2132.427002,222.633835,1677.697021,0.3329704353,-0.9429022185,-0.0081299159,,,,
1551,0.0,2135.646973,221.184586,1677.491211,0.3123296382,-0.9499476095,-0.0070523982,,,,
1552,0.0,2135.8582765,221.0813905,1677.477539,0.3105110213,-0.9505424786,-0.0069447314,,,,
1553,0.0,2141.006592,218.704788,1677.14917,0.2825095656,-0.959250253,-0.0052246892,,,,
1554,0.0,2143.834229,217.458633,1676.966187,0.2669863953,-0.9636890027,-0.0046659114,,,,
1555,0.0,2146.872559,216.09903,1676.768555,0.2500273325,-0.9682299545,-0.0041337831,,,,
1556,0.0,2149.601562,214.776077,1676.701294,0.2272422129,-0.9738357714,-0.0022061293,,,,
1557,0.0,2151.694336,213.668472,1676.693115,0.2029488839,-0.979188469,-0.0013010553,,,,
1558,0.0,2154.352051,212.289566,1676.700928,0.1800353342,-0.9836600399,-0.0004521101,,,,
1559,0.0,2156.965576,210.816544,1676.701294,0.1480886905,-0.988972032,0.0020148416,,,,
1560,0.0,2159.381836,209.421066,1676.701294,0.1216426083,-0.9925657377,0.0040412989,,,,
1561,0.0,2162.04541,207.690948,1676.701294,0.0750215449,-0.9971500936,0.0079660871,,,,
1562,0.0,2164.612305,206.017334,1676.701294,0.0383976309,-0.9992008,0.0111077974,,,,
1563,0.0,2166.832275,204.527222,1676.701294,0.0098739059,-0.9998563929,0.0137731445,,,,
1564,0.0,2169.083252,202.930237,1676.701294,-0.0222552883,-0.999615395,0.0165458215,,,,
1565,0.0,2171.009521,201.558228,1676.701416,-0.0417719646,-0.9989562462,0.0184802917,,,,
1566,0.0,2174.077393,199.360764,1676.701294,-0.0628412846,-0.9978101058,0.0206389378,,,,
1567,0.0,2174.402222,199.1330415,1676.701294,-0.0642602452,-0.9977157362,0.0207819105,,,,
1568,0.0,2174.727051,198.905319,1676.701294,-0.0902627743,-0.9956609729,0.022624291,,,,
1569,0.0,2181.009277,194.092926,1676.701294,-0.0872318357,-0.9959310962,0.022624291,,,,
1570,0.0,2183.635254,191.988739,1676.701294,-0.0901295224,-0.9956730441,0.022624291,,,,
1571,0.0,2185.645996,190.343399,1676.701294,-0.0902627743,-0.9956609729,0.022624291,,,,
1572,0.0,2187.867188,188.480789,1676.701294,-0.0902627743,-0.9956609729,0.022624291,,,,
1573,0.0,2190.297852,186.384171,1676.701294,-0.0902627743,-0.9956609729,0.022624291,,,,
1574,0.0,2192.71167,184.245178,1676.701294,-0.0902627743,-0.9956609729,0.022624291,,,,
1575,0.0,2195.051025,182.126846,1676.701294,-0.0910110266,-0.9955928558,0.022624291,,,,
1576,0.0,2196.0830075,181.1646955,1676.701294,-0.091819984,-0.995518243,0.022624291,,,,
1577,0.0,2199.747314,177.708374,1676.701294,-0.0940035348,-0.9953147627,0.022624291,,,,
1578,0.0,2201.706299,175.826279,1676.701294,-0.0940804035,-0.9953074998,0.022624291,,,,
1579,0.0,2204.049316,173.533539,1676.701294,-0.0949093683,-0.9952287944,0.022624291,,,,
1580,0.0,2205.923584,171.684723,1676.701294,-0.0950346054,-0.9952168433,0.022624291,,,,
1581,0.0,2208.537109,169.058121,1676.701294,-0.0950346054,-0.9952168433,0.022624291,,,,
1582,0.0,2208.9560545,168.628334,1676.701294,-0.0950346054,-0.9952168433,0.022624291,,,,
1583,0.0,2209.375,168.198547,1676.701294,-0.09598872,-0.9951252721,0.022624291,,,,
1584,0.0,2213.31665,163.990234,1676.701294,-0.0950346054,-0.9952168433,0.022624291,,,,
1585,0.0,2219.594238,158.59967,1675.622192,-0.0950346054,-0.9952168433,0.022624291,,,,
1586,0.0,2221.854492,156.032135,1675.499268,-0.0950346054,-0.9952168433,0.022624291,,,,
1587,0.0,2223.691895,153.618927,1674.849121,-0.0959158254,-0.9951323007,0.022624291,,,,
1588,0.0,2225.655762,151.163925,1674.378296,-0.0969296141,-0.9950120765,0.0235715425,,,,
1589,0.0,2229.246826,146.996689,1673.873779,-0.0987221983,-0.9948355543,0.0235827793,,,,
1590,0.0,2231.653564,144.349579,1673.51355,-0.0997348878,-0.9947345402,0.0235827619,,,,
1591,0.0,2233.750244,142.047455,1673.384155,-0.0998020415,-0.9947278049,0.0235827619,,,,
1592,0.0,2235.581299,140.059235,1673.202026,-0.1005227164,-0.9946552347,0.0235827793,,,,
1593,0.0,2238.089111,137.040466,1673.315674,-0.100755685,-0.9946316631,0.0235827619,,,,
1594,0.0,2239.956055,134.691696,1673.714722,-0.100755685,-0.9946316631,0.0235827619,,,,
1595,0.0,2241.453369,132.810638,1673.972534,-0.100755685,-0.9946316631,0.0235827619,,,,
1596,0.0,2241.6470945,132.460403,1674.3034665,-0.100755685,-0.9946316631,0.0235827619,,,,
1597,0.0,2241.84082,132.110168,1674.634399,-0.100755685,-0.9946316631,0.0235827619,,,,
1598,0.0,2249.717285,122.67717,1675.971436,-0.100755685,-0.9946316631,0.0235827619,,,,
1599,0.0,2251.72876,120.135811,1675.311279,-0.100755685,-0.9946316631,0.0235827619,,,,
1600,0.0,2253.739258,117.826775,1675.733032,-0.100755685,-0.9946316631,0.0235827619,,,,
1601,0.0,2256.507324,114.599182,1676.033569,-0.100755685,-0.9946316631,0.0235827619,,,,
1602,0.0,2259.16748,111.546844,1676.377319,-0.100755685,-0.9946316631,0.0235827619,,,,
1603,0.0,2261.604492,108.614067,1676.326294,-0.100755685,-0.9946316631,0.0235827619,,,,
1604,0.0,2264.280762,105.439804,1676.103271,-0.100755685,-0.9946316631,0.0235827619,,,,
1605,0.0,2266.500977,102.795395,1676.161255,-0.100755685,-0.9946316631,0.0235827619,,,,
1606,0.0,2269.656494,99.202354,1675.611572,-0.100755685,-0.9946316631,0.0235827619,,,,
1607,0.0,2272.186279,96.265083,1675.406494,-0.1007533867,-0.9946089741,0.0245304631,,,,
1608,0.0,2274.541992,93.454895,1675.393555,-0.1035144692,-0.9943251394,0.0245412285,,,,
1609,0.0,2276.65918,90.953293,1675.066162,-0.1076203632,-0.9938550186,0.0258855073,,,,
1610,0.0,2279.301514,87.685471,1674.637085,-0.1117933229,-0.9933567902,0.0272862669,,,,
1611,0.0,2279.770752,87.1077195,1674.637085,-0.1125140805,-0.9932709035,0.0274398155,,,,
1612,0.0,2280.23999,86.529968,1674.637085,-0.1625369984,-0.986040503,0.0361365555,,,,
1613,0.0,2285.192383,79.416252,1675.10083,-0.1278205279,-0.9913507425,0.0297593337,,,,
1614,0.0,2288.130371,76.21492,1674.598022,-0.1324787712,-0.9907247653,0.0302293662,,,,
1615,0.0,2290.45166,72.968132,1674.949219,-0.1426164539,-0.989254221,0.0321967891,,,,
1616,0.0,2292.325439,70.273376,1675.235474,-0.1505194814,-0.9880231428,0.0339728579,,,,
1617,0.0,2294.140625,67.341759,1675.866577,-0.1618398127,-0.9861597008,0.0360127701,,,,
1618,0.0,2296.154541,64.328255,1676.197876,-0.1811039012,-0.9826917048,0.0389665283,,,,
1619,0.0,2297.799316,62.206505,1676.08252,-0.1813934184,-0.9826365503,0.0390107388,,,,
1620,0.0,2300.066162,58.967762,1676.401611,-0.1884277008,-0.9812576099,0.0403547347,,,,
1621,0.0,2302.320801,55.470795,1676.366089,-0.195977164,-0.9797171867,0.041799345,,,,
1622,0.0,2304.199219,52.631325,1676.14563,-0.2029208045,-0.9782263856,0.0435463624,,,,
1623,0.0,2306.317627,49.74691,1676.146851,-0.2119836629,-0.9762541453,0.0446180513,,,,
1624,0.0,2309.756592,43.979725,1675.243164,-0.2241935262,-0.9733948663,0.047325437,,,,
1625,0.0,2310.9661865,42.195032,1674.942444,-0.2274446176,-0.9726050281,0.0479254803,,,,
1626,0.0,2312.175781,40.410339,1674.641724,-0.230695709,-0.9718151899,0.0485255236,,,,
1627,0.0,2312.361084,40.1431215,1674.572205,-0.2313306272,-0.971660127,0.0486035522,,,,
1628,0.0,2312.546387,39.875904,1674.502686,-0.2449914495,-0.9682089324,0.0505039898,,,,
1629,0.0,2317.520752,33.093246,1673.729004,-0.2411892714,-0.9691978242,0.0498328493,,,,
1630,0.0,2320.667236,28.296038,1673.819336,-0.2449346027,-0.9682233148,0.0505039898,,,,
1631,0.0,2324.849854,24.561726,1676.701294,-0.2449914495,-0.9682089324,0.0505039898,,,,
1632,0.0,2326.875244,21.492752,1676.701294,-0.2449914495,-0.9682089324,0.0505039898,,,,
1633,0.0,2329.444824,17.567307,1676.701294,-0.2449914495,-0.9682089324,0.0505039898,,,,
1634,0.0,2331.038818,15.105005,1676.701294,-0.2449914495,-0.9682089324,0.0505039898,,,,
1635,0.0,2333.292969,11.610935,1676.701294,-0.2449914495,-0.9682089324,0.0505039898,,,,
1636,0.0,2335.249756,8.558566,1676.701294,-0.2449914495,-0.9682089324,0.0505039898,,,,
1637,0.0,2337.326904,5.295113,1676.701294,-0.2449914495,-0.9682089324,0.0505039898,,,,
1638,0.0,2339.549561,1.785031,1676.701294,-0.2449914495,-0.9682089324,0.0505039898,,,,
1639,0.0,2341.284424,-0.968704,1676.701294,-0.2449914495,-0.9682089324,0.0505039898,,,,
1640,0.0,2343.147705,-3.940771,1676.701294,-0.2449914495,-0.9682089324,0.0505039898,,,,
1641,0.0,2343.641113,-4.730036,1676.701294,-0.2449914495,-0.9682089324,0.0505039898,,,,
1642,0.0,2347.479736,-10.884152,1676.701294,-0.2449914495,-0.9682089324,0.0505039898,,,,
1643,0.0,2349.229248,-13.704913,1676.701294,-0.2449914495,-0.9682089324,0.0505039898,,,,
1644,0.0,2351.521973,-18.822382,1675.768433,-0.2449914495,-0.9682089324,0.0505039898,,,,
1645,0.0,2353.734131,-22.075005,1675.385742,-0.2449914495,-0.9682089324,0.0505039898,,,,
1646,0.0,2355.645508,-24.860744,1675.036865,-0.2449914495,-0.9682089324,0.0505039898,,,,
1647,0.0,2357.095947,-26.904079,1676.701294,-0.2449914495,-0.9682089324,0.0505039898,,,,
1648,0.0,2358.459229,-29.867626,1676.701294,-0.2449914495,-0.9682089324,0.0505039898,,,,
1649,0.0,2359.880859,-33.445595,1676.701294,-0.2449914495,-0.9682089324,0.0505039898,,,,
1650,0.0,2360.890869,-36.452835,1676.701294,-0.2449914495,-0.9682089324,0.0505039898,,,,
1651,0.0,2361.781738,-39.674881,1676.701294,-0.2449914495,-0.9682089324,0.0505039898,,,,
1652,0.0,2362.753662,-43.646637,1676.701294,-0.2449914495,-0.9682089324,0.0505039898,,,,
1653,0.0,2363.359863,-46.724079,1676.701294,-0.2449914495,-0.9682089324,0.0505039898,,,,
1654,0.0,2363.937744,-50.589966,1676.701294,-0.2449914495,-0.9682089324,0.0505039898,,,,
1655,0.0,2364.328369,-53.980637,1676.701294,-0.2449914495,-0.9682089324,0.0505039898,,,,
1656,0.0,2364.554199,-56.921429,1676.701294,-0.2461634633,-0.967911616,0.0505039898,,,,
1657,0.0,2364.771484,-60.729954,1676.701294,-0.2474648477,-0.9675797096,0.0505040072,,,,
1658,0.0,2364.890869,-64.671989,1676.701294,-0.2493373366,-0.9670988779,0.0505039898,,,,
1659,0.0,2364.859375,-68.117775,1676.701294,-0.2518248701,-0.9664541281,0.0505039898,,,,
1660,0.0,2364.77417,-72.390106,1676.701294,-0.2542474568,-0.9658196404,0.0505039898,,,,
1661,0.0,2364.615479,-75.774834,1676.701294,-0.2559552185,-0.965368465,0.0505039898,,,,
1662,0.0,2364.386719,-79.279259,1676.701294,-0.2577379797,-0.9648940257,0.0505039898,,,,
1663,0.0,2364.138184,-82.181389,1676.701294,-0.2598396093,-0.9643301947,0.0505039898,,,,
1664,0.0,2363.704102,-86.723763,1676.701294,-0.262363091,-0.9636466964,0.0505039898,,,,
1665,0.0,2363.302979,-90.36792,1676.701294,-0.2638095212,-0.9632293782,0.0509283957,,,,
1666,0.0,2362.848633,-93.878105,1676.701294,-0.2651134437,-0.9628472546,0.0513811863,,,,
1667,0.0,2362.268799,-98.120598,1676.701294,-0.2662452919,-0.9625306011,0.0514615046,,,,
1668,0.0,2361.750488,-101.517784,1676.701294,-0.2670912201,-0.9622962098,0.0514614872,,,,
1669,0.0,2361.172119,-105.17495,1676.701294,-0.2675963169,-0.9621558743,0.0514614872,,,,
1670,0.0,2359.963623,-112.142113,1676.701294,-0.2681122032,-0.9620122462,0.0514614872,,,,
1671,0.0,2359.200684,-116.199303,1676.701294,-0.2681122032,-0.9620122462,0.0514614872,,,,
1672,0.0,2358.552002,-119.58181,1676.701294,-0.2681122032,-0.9620122462,0.0514614872,,,,
1673,0.0,2357.692383,-123.829933,1676.701294,-0.2681122032,-0.9620122462,0.0514614872,,,,
1674,0.0,2357.010742,-127.12281,1676.701294,-0.2681122032,-0.9620122462,0.0514614872,,,,
1675,0.0,2356.267334,-130.585907,1676.701294,-0.2681122032,-0.9620122462,0.0514614872,,,,
1676,0.0,2355.540039,-133.92514,1676.701294,-0.2681122032,-0.9620122462,0.0514614872,,,,
1677,0.0,2354.601318,-138.153717,1676.701294,-0.2681122032,-0.9620122462,0.0514614872,,,,
1678,0.0,2353.651123,-142.314987,1676.701294,-0.2681122032,-0.9620122462,0.0514614872,,,,
1679,0.0,2353.016846,-145.044739,1676.701294,-0.2681122032,-0.9620122462,0.0514614872,,,,
1680,0.0,2352.23291,-148.367447,1676.701294,-0.2681122032,-0.9620122462,0.0514614872,,,,
1681,0.0,2351.119385,-153.030609,1676.701294,-0.2681122032,-0.9620122462,0.0514614872,,,,
1682,0.0,2350.325928,-156.306534,1676.809937,-0.2681122032,-0.9620122462,0.0514614872,,,,
1683,0.0,2349.619141,-159.18103,1676.899292,-0.2681122032,-0.9620122462,0.0514614872,,,,
1684,0.0,2348.484863,-163.757858,1676.975586,-0.2681122032,-0.9620122462,0.0514614872,,,,
1685,0.0,2347.623535,-167.204239,1677.037598,-0.2681122032,-0.9620122462,0.0514614872,,,,
1686,0.0,2346.57959,-171.32489,1677.106689,-0.2681122032,-0.9620122462,0.0514614872,,,,
1687,0.0,2345.747559,-174.587402,1677.16272,-0.2681122032,-0.9620122462,0.0514614872,,,,
1688,0.0,2345.043213,-177.325653,1677.210083,-0.2681122032,-0.9620122462,0.0514614872,,,,
1689,0.0,2343.931396,-181.627502,1677.284424,-0.2681122032,-0.9620122462,0.0514614872,,,,
1690,0.0,2342.91626,-185.542786,1677.388794,-0.2681122032,-0.9620122462,0.0514614872,,,,
1691,0.0,2342.158203,-188.453629,1677.503906,-0.2681122032,-0.9620122462,0.0514614872,,,,
1692,0.0,2341.321533,-191.646759,1677.590088,-0.2681122032,-0.9620122462,0.0514614872,,,,
1693,0.0,2340.480713,-194.832916,1677.644287,-0.2681122032,-0.9620122462,0.0514614872,,,,
1694,0.0,2339.645508,-197.980438,1677.692505,-0.2681122032,-0.9620122462,0.0514614872,,,,
1695,0.0,2338.718262,-201.463562,1677.747681,-0.2681122032,-0.9620122462,0.0514614872,,,,
1696,0.0,2337.648438,-205.466034,1677.810913,-0.2681122032,-0.9620122462,0.0514614872,,,,
1697,0.0,2336.876709,-208.335297,1677.856567,-0.2681122032,-0.9620122462,0.0514614872,,,,
1698,0.0,2335.92041,-211.886566,1677.913208,-0.2681122032,-0.9620122462,0.0514614872,,,,
1699,0.0,2334.86377,-215.800995,1677.96582,-0.2681122032,-0.9620122462,0.0514614872,,,,
1700,0.0,2333.814697,-219.66893,1677.990234,-0.2681122032,-0.9620122462,0.0514614872,,,,
1701,0.0,2332.918701,-222.967102,1678.011353,-0.2681122032,-0.9620122462,0.0514614872,,,,
1702,0.0,2331.891113,-226.740128,1678.037109,-0.2681122032,-0.9620122462,0.0514614872,,,,
1703,0.0,2330.978271,-230.086075,1678.075439,-0.2681122032,-0.9620122462,0.0514614872,,,,
1704,0.0,2329.906982,-234.005936,1678.12561,-0.2681122032,-0.9620122462,0.0514614872,,,,
1705,0.0,2328.233887,-240.103683,1678.164673,-0.2684562693,-0.9619162889,0.0514614872,,,,
1706,0.0,2327.102783,-244.217438,1678.113037,-0.268919654,-0.9617868449,0.0514614872,,,,
1707,0.0,2326.5112305,-246.356537,1678.078308,-0.2693992066,-0.9616525021,0.0514614872,,,,
1708,0.0,2325.919678,-248.495636,1678.043579,-0.2698787591,-0.9615181593,0.0514614872,,,,
1709,0.0,2324.933105,-252.05011,1678.053955,-0.2707922809,-0.9612612839,0.0514614872,,,,
1710,0.0,2324.061768,-255.190247,1678.094238,-0.2712979746,-0.9611186838,0.0514614872,,,,
1711,0.0,2322.009033,-262.572388,1678.212769,-0.2725216353,-0.9607724359,0.0514614872,,,,
1712,0.0,2321.123535,-265.734314,1678.235229,-0.2734984111,-0.9605162588,0.0510601186,,,,
1713,0.0,2319.97168,-269.858368,1678.238403,-0.2744321824,-0.960275394,0.0505781063,,,,
1714,0.0,2318.913574,-273.605072,1678.266357,-0.2761648811,-0.9597824252,0.0505040072,,,,
1715,0.0,2317.813232,-277.449005,1678.328979,-0.2790322977,-0.9589527224,0.0505039898,,,,
1716,0.0,2316.774414,-281.087646,1678.372437,-0.2809506143,-0.9584403917,0.0495859639,,,,
1717,0.0,2315.931396,-284.057068,1678.375732,-0.2817463,-0.9582088344,0.0495464634,,,,
1718,0.0,2314.830811,-287.920105,1678.374146,-0.2827310382,-0.9579187377,0.0495464634,,,,
1719,0.0,2313.682861,-291.903503,1678.339233,-0.284630543,-0.9573560476,0.0495464634,,,,
1720,0.0,2313.054199,-294.549591,1678.295776,-0.2866591285,-0.9567505903,0.0495464634,,,,
1721,0.0,2312.067627,-299.230286,1678.204834,-0.2893538678,-0.9559390604,0.0495464634,,,,
1722,0.0,2311.618408,-302.54541,1678.203003,-0.291859617,-0.9551770055,0.0495464634,,,,
1723,0.0,2315.414795,-306.841248,1679.866577,-0.2939604906,-0.9545814829,0.0485944699,,,,
1724,0.0,2315.143066,-310.292206,1679.468384,-0.2964867498,-0.9538001512,0.048588874,,,,
1725,0.0,2315.022217,-314.19519,1678.730225,-0.300120265,-0.952663082,0.048588874,,,,
1726,0.0,2315.046631,-317.48645,1678.691406,-0.3034597624,-0.9516045891,0.048588874,,,,
1727,0.0,2315.108398,-321.292267,1678.068359,-0.3115559472,-0.9490248814,0.0477981823,,,,
1728,0.0,2315.348389,-325.001221,1677.87085,-0.3206722223,-0.9460383305,0.0466990685,,,,
1729,0.0,2315.753418,-328.781219,1677.696289,-0.3277481326,-0.9436533439,0.0458206083,,,,
1730,0.0,2316.016357,-332.731781,1677.441895,-0.3459373047,-0.937188705,0.044774015,,,,
1731,0.0,2316.311279,-336.191742,1677.279419,-0.3629237677,-0.9307867192,0.0438454354,,,,
1732,0.0,2316.609375,-339.017395,1677.164795,-0.3893140924,-0.9201547173,0.0418310125,,,,
1733,0.0,2316.64917,-340.261993,1677.143311,-0.4075766269,-0.9122728225,0.0404918577,,,,
1734,0.0,2317.557617,-345.538788,1677.064087,-0.4614961352,-0.8863748128,0.0368918488,,,,
1735,0.0,2318.411865,-349.219879,1676.960693,-0.5150339861,-0.8564698449,0.0346323262,,,,
1736,0.0,2319.917236,-352.316071,1677.226074,-0.5787520066,-0.8148283724,0.0331788844,,,,
1737,0.0,2321.434814,-354.908356,1677.118286,-0.6403845283,-0.7673766104,0.0322613328,,,,
1738,0.0,2321.316895,-357.960632,1676.958618,-0.6898377789,-0.7232471791,0.0322080232,,,,
1739,0.0,2322.674316,-360.14798,1677.207275,-0.7418473151,-0.6697513761,0.0331006842,,,,
1740,0.0,2324.407471,-362.840607,1677.074829,-0.7852308399,-0.6182713048,0.0339576475,,,,
1741,0.0,2326.083252,-365.474701,1677.072266,-0.8371135965,-0.5455948421,0.039586549,,,,
1742,0.0,2327.33667,-367.25473,1677.030029,-0.864290492,-0.5009782804,0.0449745257,,,,
1743,0.0,2329.105713,-369.459595,1676.921997,-0.8871622456,-0.4587298592,0.0501005622,,,,
1744,0.0,2330.46582,-371.250671,1676.802246,-0.9103895934,-0.4097553523,0.0573701974,,,,
1745,0.0,2332.233643,-373.179474,1676.55603,-0.940162615,-0.3338656865,0.0680291165,,,,
1746,0.0,2333.986572,-374.803253,1676.297974,-0.9630730159,-0.2579004294,0.0773158109,,,,
1747,0.0,2335.398682,-376.623138,1676.325562,-0.9796382404,-0.1807042395,0.0874922608,,,,
1748,0.0,2337.277832,-379.517883,1675.948364,-0.9823938845,-0.1638714063,0.0897129755,,,,
1749,0.0,2339.186768,-381.187286,1675.867798,-0.9932656896,-0.0422231162,0.1078910488,,,,
1750,0.0,2340.750244,-383.435883,1675.861206,-0.9928352784,0.0292072583,0.1158665008,,,,
1751,0.0,2342.180664,-386.237396,1675.867676,-0.9888268054,0.0859812405,0.1217734589,,,,
1752,0.0,2344.744629,-391.483124,1676.184448,-0.962681873,0.2359811896,0.1325009041,,,,
1753,0.0,2345.1535645,-392.9479525,1676.374817,-0.9559122906,0.2598600548,0.1344786445,,,,
1754,0.0,2346.111572,-396.624756,1676.472046,-0.9318412352,0.3346696995,0.1402430199,,,,
1755,0.0,2346.527832,-399.455444,1676.716553,-0.90784696,0.3934222222,0.1450270742,,,,
1756,0.0,2346.619873,-402.635529,1677.059082,-0.8875897191,0.4359540005,0.1487568487,0.1332287507,1096.4759677618,2198.6423437356,0.0
1757,0.0,2346.71582,-405.232697,1676.974731,-0.8743316876,0.4612277965,0.151039795,0.1195529534,1042.8488791473,2199.4326612677,0.0
1758,0.0,2346.703857,-408.253693,1677.102295,-0.8545599379,0.4958562848,0.1544469399,0.1018193992,967.28012948,2200.2307805249,0.0
1759,0.0,2346.164062,-411.590698,1677.32251,-0.8302157132,0.5343725401,0.1587068303,0.083424101,879.8743029822,2200.4517758915,0.0
1760,0.0,2345.813232,-414.764587,1677.263428,-0.8105569777,0.5628039368,0.162015785,0.0708400645,813.7003483188,2201.1057635711,0.0
1761,0.0,2345.061279,-417.299652,1677.272827,-0.7896013581,0.5911766486,0.1644380291,0.0591803665,746.0381270517,2201.3019051776,0.0
1762,0.0,2344.414307,-419.821228,1677.201538,-0.7603378285,0.6275363176,0.1675844764,0.0455437092,656.6985921623,2201.0955967324,0.0
1763,0.0,2343.615479,-422.700287,1677.153564,-0.7355248767,0.6557930104,0.1701137365,0.0362414922,587.2978975353,2201.4628988792,0.0
1764,0.0,2342.736572,-425.353851,1677.097778,-0.7054268372,0.6870759513,0.1740678446,0.0273905391,511.7120744896,2201.4296877296,0.0
1765,0.0,2341.652832,-427.863068,1676.879639,-0.673455852,0.7174069376,0.1782820836,0.0204109615,442.4547206722,2201.1497059988,0.0
1766,0.0,2340.420654,-430.360504,1676.636353,-0.6388537001,0.7472726818,0.1828920146,0.0153365872,383.955510789,2200.7621535952,0.0
1767,0.0,2339.236816,-432.472046,1676.359253,-0.6037893638,0.7746256114,0.1881317791,0.0125927211,348.064154139,2200.1691371564,0.0
1768,0.0,2337.692139,-434.987122,1675.893188,-0.5657541627,0.8017348194,0.1927265076,0.0117928039,336.7851211627,2199.447187802,0.0
1769,0.0,2336.344482,-437.05957,1675.71582,-0.5483183736,0.8132914549,0.1946894209,0.0121810647,342.1416697048,2198.7453468643,0.0
1770,0.0,2334.506104,-439.329865,1675.264648,-0.522888515,0.8292352675,0.1973739393,0.0134163121,358.7853181675,2197.6810070859,0.0
1771,0.0,2332.334961,-441.742065,1674.898315,-0.5081823728,0.8377896112,0.1996477983,0.0146529939,374.6312999983,2196.4567827819,0.0
1772,0.0,2330.054443,-443.472961,1674.53125,-0.498801326,0.8430142587,0.2013062265,0.0156135939,386.3646751845,2194.9915457872,0.0
1773,0.0,2329.945312,-441.523285,1676.701294,-0.4876226761,0.8490008366,0.2035232303,0.0173181418,406.0198125607,2191.1396831766,0.0
1774,0.0,2328.294922,-443.004486,1676.701294,-0.4816555491,0.8520106447,0.2051482227,0.0182106318,416.0175164869,2189.8802321422,0.0
1775,0.0,2326.34375,-444.434509,1676.701294,-0.4782814557,0.8538206973,0.2055165832,0.0186786129,420.9463348259,2188.1493325552,0.0
1776,0.0,2324.634033,-445.327942,1676.701294,-0.4763926394,0.8548760069,0.2055165832,0.0189595908,423.6634284642,2186.048680833,0.0
1777,0.0,2322.378174,-446.261536,1676.701294,-0.4746050913,0.8558696988,0.2055165832,0.0191994656,425.8403624414,2183.6442181466,0.0
1778,0.0,2320.837158,-446.596588,1676.701294,-0.4746011029,0.8558719105,0.2055165832,0.0192415815,425.9115994242,2181.6412178984,0.0
1779,0.0,2319.240479,-446.695404,1676.701294,-0.4738946997,0.8562632508,0.2055165661,0.0193860171,426.9948662071,2179.1064058228,0.0
1780,0.0,2318.110352,-446.525177,1676.701294,-0.4737803376,0.8563265299,0.2055165832,0.0194768939,427.4790904268,2176.5320719382,0.0
1781,0.0,2316.599365,-446.093475,1676.701294,-0.4737803376,0.8563265299,0.2055165832,0.0195565622,427.7101098464,2173.3117986016,0.0
1782,0.0,2315.692383,-445.552429,1676.701294,-0.4737803376,0.8563265299,0.2055165832,0.0196349829,428.044686341,2170.7070818862,0.0
1783,0.0,2314.823975,-444.652222,1676.701294,-0.4737803376,0.8563265299,0.2055165832,0.0197472681,428.5819864001,2167.3052927103,0.0
1784,0.0,2314.222168,-443.762268,1676.701294,-0.4737803376,0.8563265299,0.2055165832,0.0198554575,429.1822650964,2164.4789755031,0.0
1785,0.0,2313.625732,-442.487091,1676.701294,-0.4737803376,0.8563265299,0.2055165832,0.0199990997,429.9844578366,2160.8013432673,0.0
1786,0.0,2313.281738,-441.242401,1676.701294,-0.4737803376,0.8563265299,0.2055165832,0.0201571834,430.978926988,2157.3755640634,0.0
1787,0.0,2312.908203,-439.605042,1676.701294,-0.4737803376,0.8563265299,0.2055165832,0.0203343326,432.1240583878,2153.7612508949,0.0
1788,0.0,2312.671387,-437.705231,1676.701294,-0.4729676753,0.8567756487,0.2055165832,0.0206893306,435.0105798667,2149.6592141197,0.0
1789,0.0,2312.571289,-436.294952,1676.701294,-0.4717346215,0.8576326235,0.2047748277,0.0209270319,436.8999433571,2146.8280778488,0.0
1790,0.0,2312.465576,-434.112915,1676.701294,-0.4699852667,0.8590743377,0.2027440045,0.0211623117,438.4667190701,2142.6438821867,0.0
1791,0.0,2312.940186,-430.796021,1676.701294,-0.4676244311,0.8618924484,0.1961346447,0.021052262,436.1088338089,2136.6251622725,0.0
1792,0.0,2313.445068,-429.247894,1676.701294,-0.4674420171,0.8631558319,0.1909449409,0.0206629843,431.5057568569,2133.684477802,0.0
1793,0.0,2313.918945,-428.0742035,1676.701294,-0.4674787992,0.8638082646,0.1878533178,0.020422705,428.6392111978,2131.8395526123,0.0
1794,0.0,2315.199463,-425.377777,1676.701294,-0.4702243067,0.8643586127,0.1782506385,0.0191798502,414.6865466922,2127.5257148156,0.0
1795,0.0,2315.762451,-424.480728,1676.701294,-0.4722805342,0.864048879,0.1742125176,0.0185287491,407.3154446402,2126.0676519519,0.0
1796,0.0,2316.325439,-423.583679,1676.701294,-0.4743367616,0.8637391454,0.1701743967,0.017877648,399.9443425882,2124.6095890882,0.0
1797,0.0,2317.943115,-421.36972,1676.701294,-0.4816409753,0.8616195082,0.1601055712,0.016131,379.1967661963,2119.7150544098,0.0
1798,0.0,2318.288086,-421.029663,1676.701294,-0.4856416528,0.8599598847,0.156911382,0.0154161251,370.3784693303,2117.4998621127,0.0
1799,0.0,2318.688477,-420.591614,1676.701294,-0.4878907737,0.8590743165,0.1547705129,0.0150448477,365.6128461257,2115.6908093587,0.0
1800,0.0,2319.319092,-419.905518,1676.701294,-0.4910940027,0.8577936634,0.1517125949,0.0145243683,358.8256381043,2113.0148928471,0.0
1801,0.0,2319.852783,-419.327209,1676.701294,-0.4937481746,0.8567150428,0.1491712958,0.0141099591,353.3164892438,2110.6850316646,0.0
1802,0.0,2320.39917,-418.735291,1676.701294,-0.4966480406,0.8555184129,0.1463863691,0.0136602569,347.2437462279,2108.0370189133,0.0
1803,0.0,2326.331055,-412.895508,1676.701294,-0.515390563,0.8473595907,0.1278838992,0.0100962754,298.3024194783,2104.5543652156,0.0
1804,0.0,2329.092773,-410.427795,1676.701294,-0.5260558252,0.8423229574,0.117291535,0.0083224832,270.5923988434,2101.7430489448,0.0
1805,0.0,2331.00293,-408.868408,1676.701294,-0.5352479799,0.8376663079,0.1087416969,0.0069482813,247.0400813948,2099.2755199693,0.0
1806,0.0,2333.060791,-407.23349,1676.701294,-0.5453308689,0.8321239606,0.1009155961,0.0056493283,222.5576965092,2096.7345323653,0.0
1807,0.0,2335.231445,-405.548676,1676.701294,-0.5540179022,0.8270860859,0.0948302197,0.0046999876,202.804347546,2094.2320500146,0.0
1808,0.0,2337.14502,-404.094055,1676.739136,-0.5641371854,0.8210535096,0.0872947326,0.0036169676,177.7768220112,2092.0925420015,0.0
1809,0.0,2339.304688,-402.330353,1676.790894,-0.5722491886,0.8159858145,0.0818414116,0.0029215009,159.61123905,2089.5987127042,0.0
1810,0.0,2341.466797,-400.583191,1676.781494,-0.5801545806,0.8109263697,0.0762829304,0.0023051244,141.6338600399,2087.1580129729,0.0
1811,0.0,2343.788818,-398.73407,1676.756348,-0.5863628908,0.8068425795,0.0719973066,0.001912976,128.8788216918,2084.5849434882,0.0
1812,0.0,2346.172119,-396.845917,1676.731934,-0.5929593369,0.8023596943,0.06795694,0.0015452187,115.6985581939,2082.0243333816,0.0
1813,0.0,2348.212646,-395.235443,1676.711304,-0.5985525013,0.7984148573,0.0653346671,0.0012830218,105.3256181618,2079.8947251066,0.0
1814,0.0,2350.634521,-393.327454,1676.701782,-0.6051197859,0.7937578923,0.061469123,0.0009861109,92.2345680864,2077.4134307619,0.0
1815,0.0,2352.918701,-391.542236,1676.701172,-0.6084621678,0.7912952126,0.0602135945,0.0009103969,88.5280059479,2075.1484574063,0.0
1816,0.0,2354.950928,-389.953918,1676.701294,-0.6116599408,0.7889395102,0.058707462,0.0008266128,84.2753860708,2073.1200131551,0.0
1817,0.0,2357.83374,-387.693359,1676.701294,-0.6170509108,0.7849639484,0.0554957041,0.0006602038,75.2143054719,2070.2277617443,0.0
1818,0.0,2359.929199,-386.046143,1676.701294,-0.6210902646,0.7819465823,0.052975708,0.0005427677,68.1286413329,2068.0769327799,0.0
1819,0.0,2362.29126,-384.184509,1676.701294,-0.6256017545,0.7785292186,0.0501467901,0.0004244855,60.1781716824,2065.5639884942,0.0
1820,0.0,2364.99292,-382.047668,1676.701294,-0.6306842972,0.7745660759,0.047798653,0.000318649,52.0672108914,2062.6599358885,0.0
1821,0.0,2367.232422,-380.268066,1676.701294,-0.6349588477,0.7712219715,0.0452098706,0.0002327249,44.4450196459,2060.2120305706,0.0
1822,0.0,2367.680176,-380.695038,1676.020874,-0.6389001709,0.7680807905,0.0431099865,0.000149428,35.5763190883,2058.0041808736,0.0
1823,0.0,2370.525879,-378.54068,1676.070557,-0.6423462836,0.7652684735,0.0418976779,0.0001244275,32.4180813072,2055.0749447457,0.0
1824,0.0,2372.158691,-377.285828,1676.062866,-0.6438304964,0.7640873195,0.0406553825,0.0001158044,31.2480705107,2053.3273266218,0.0
1825,0.0,2375.605469,-374.679443,1676.258301,-0.6475924146,0.7610357043,0.0380620722,9.07248e-05,27.6100414422,2049.740380183,0.0
1826,0.0,2377.939453,-373.039246,1676.592163,-0.6495566953,0.759442301,0.0363798165,8.54535e-05,26.7675131598,2047.5637421481,0.0
1827,0.0,2380.514404,-371.046173,1676.657349,-0.6511803963,0.7580621616,0.0361365555,9.77404e-05,28.5901443675,2044.9137997869,0.0
1828,0.0,2382.822021,-369.324188,1676.844604,-0.6512940537,0.7579645143,0.0361365555,0.0001810163,38.843867771,2041.5889256785,0.0
1829,0.0,2385.793213,-367.091644,1677.084351,-0.6512940537,0.7579645143,0.0361365555,0.0002507495,45.653220548,2038.748355127,0.0
1830,0.0,2388.188965,-365.291718,1677.33252,-0.6519660571,0.7574271032,0.0352766743,0.0002902338,49.0610941998,2036.4781920683,0.0
1831,0.0,2390.785156,-363.24585,1677.358765,-0.6527441786,0.7567612014,0.0351784209,0.0003407076,53.0855099236,2033.7946599678,0.0
1832,0.0,2393.093506,-361.473053,1677.419922,-0.6534006068,0.7562353484,0.0342891367,0.000383776,56.2807045486,2031.6425793473,0.0
1833,0.0,2395.591309,-359.453674,1677.420044,-0.6547463984,0.7551137007,0.0333234573,0.0004122607,58.2595426744,2029.1345685688,0.0
1834,0.0,2398.005615,-357.612946,1677.428711,-0.656262009,0.753857346,0.0319261231,0.0004326197,59.605960502,2026.602290391,0.0
1835,0.0,2403.377441,-353.379669,1677.407104,-0.6590967281,0.7515069337,0.0287894338,0.0004925688,63.4533035758,2021.8980570775,0.0
1836,0.0,2404.8765865,-352.187912,1677.290771,-0.6603205305,0.7504554409,0.028113482,0.0004955056,63.5954164646,2020.4271573023,0.0
1837,0.0,2408.561523,-349.222137,1677.072144,-0.6616069036,0.7493790769,0.026595193,0.0005792877,68.6365633894,2016.7695731006,0.0
1838,0.0,2410.0344235,-348.0861205,1676.946228,-0.6619643918,0.7490655852,0.0265266344,0.0006206251,70.9537651446,2015.4140706747,0.0
1839,0.0,2413.671631,-345.122772,1676.713013,-0.6629822676,0.7481971631,0.0256030845,0.0007256977,76.6292202932,2011.7793889233,0.0
1840,0.0,2415.809082,-343.288513,1676.614624,-0.663629179,0.7476269654,0.0254996726,0.0007918095,79.9510508301,2009.4852265501,0.0
1841,0.0,2418.187012,-341.16394,1676.396484,-0.6649685234,0.7464624423,0.0247120444,0.0008384081,82.1594436155,2006.8079471669,0.0
1842,0.0,2420.695068,-338.971283,1676.28833,-0.6672287011,0.7445046124,0.022775921,0.0008447169,82.3521878439,2003.9934474475,0.0
1843,0.0,2423.065918,-336.955322,1676.274048,-0.6694414283,0.7425473829,0.0217153899,0.0007515669,77.6404296277,2002.952835614,0.0
1844,0.0,2425.029053,-335.315887,1676.317993,-0.6706696763,0.7414396666,0.0216657819,0.00077746,78.8833534701,2000.8557609528,0.0
1845,0.0,2427.60376,-333.094055,1676.395508,-0.6709750814,0.7411632978,0.0216657819,0.0008863561,84.1031640042,1997.972359639,0.0
1846,0.0,2428.951416,-331.649292,1675.815918,-0.6709750814,0.7411632978,0.0216657819,0.0009857144,88.5587660526,1995.0236794961,0.0
1847,0.0,2430.489746,-330.159973,1675.679932,-0.6709750814,0.7411632978,0.0216657819,0.0010864589,92.8550060958,1992.5153425271,0.0
1848,0.0,2432.391357,-328.553406,1675.661743,-0.6709750814,0.7411632978,0.0216657819,0.0012027383,97.5761766955,1990.0952003197,0.0
1849,0.0,2433.784424,-327.311371,1675.676514,-0.6709750814,0.7411632978,0.0216657819,0.0013018154,101.4052125905,1987.9797901081,0.0
1850,0.0,2435.2146,-325.996704,1675.713501,-0.6709750814,0.7411632978,0.0216657819,0.001420538,105.7842528993,1985.3354028936,0.0
1851,0.0,2436.078369,-325.266418,1675.719849,-0.6709750814,0.7411632978,0.0216657819,0.0015145333,109.0986721885,1983.0312374336,0.0
1852,0.0,2437.12207,-323.90509,1675.977539,-0.6709750814,0.7411632978,0.0216657819,0.0016545581,113.8355829047,1979.7107449817,0.0
1853,0.0,2437.482178,-323.122253,1676.271484,-0.6709750814,0.7411632978,0.0216657819,0.0017550941,117.0767469313,1976.95180864,0.0
1854,0.0,2437.459473,-322.63443,1676.635742,-0.6709750814,0.7411632978,0.0216657819,0.0018288643,119.3685049982,1974.6160762319,0.0
1855,0.0,2437.679443,-322.390594,1677.096313,-0.6709750814,0.7411632978,0.0216657819,0.0019364853,122.6399614672,1971.6065733047,0.0
1856,0.0,2437.518799,-322.597198,1677.446533,-0.6709750814,0.7411632978,0.0216657819,0.0001156085,23.3778548024,1537.4721405148,6.0
1857,0.0,2437.145752,-322.966736,1677.497192,-0.6709885053,0.741178126,0.020722242,0.0001031083,22.077787613,1537.4642478554,6.0
1858,0.0,2436.561523,-323.117584,1677.329468,-0.6709887137,0.7411783562,0.0207072529,0.0001018623,21.9398762891,1537.1759278744,6.0
1859,0.0,2437.234131,-323.588715,1676.904419,-0.6706891075,0.7414960834,0.0189652163,7.34485e-05,18.6395653126,1537.932348192,6.0
1860,0.0,2436.922363,-324.274475,1676.956543,-0.6704361735,0.7417606646,0.0175058228,5.71691e-05,16.4464705574,1538.0957141232,6.0
1861,0.0,2435.638672,-325.196014,1676.944336,-0.669049519,0.7430814235,0.0142386479,2.56303e-05,10.9850695652,1534.3121047827,6.0
1862,0.0,2434.768799,-325.830658,1676.938843,-0.6679860978,0.7440761051,0.0120549939,1.14461e-05,7.3260912843,1531.1904984969,6.0
1863,0.0,2433.244385,-326.964417,1676.869507,-0.6675358387,0.7445065645,0.0102897735,3.993e-06,4.3135475318,1526.3998286931,6.0
1864,0.0,2433.008789,-327.858887,1675.866943,-0.6675392012,0.7445103148,0.0097880516,1.4204e-06,2.5686185559,1523.9566792879,6.0
1865,0.0,2432.040283,-329.265472,1674.705444,-0.6675405001,0.7445117634,0.009587226,9.443e-07,2.0893251739,1520.301798657,6.0
1866,0.0,2430.693604,-330.432434,1673.29126,-0.6675405001,0.7445117634,0.009587226,2.4239e-06,3.3398217955,1516.8920046182,6.0
1867,0.0,2429.45459,-331.39035,1672.835571,-0.6675405001,0.7445117634,0.009587226,3.6296e-06,4.0783268132,1513.6867437785,6.0
1868,0.0,2428.629639,-331.999451,1672.845093,-0.6675405001,0.7445117634,0.009587226,5.5731e-06,5.0445176133,1510.9696533719,6.0
1869,0.0,2427.663818,-332.625702,1672.830444,-0.6675405001,0.7445117634,0.009587226,5.3674e-06,4.9375969696,1507.0219965068,6.0
1870,0.0,2426.819824,-332.406738,1673.067627,-0.6675405001,0.7445117634,0.009587226,7.5985e-06,5.8588539541,1502.9194904279,6.0
1871,0.0,2425.919434,-331.970398,1673.269775,-0.6675434757,0.7445150822,0.0091104578,1.00018e-05,6.7014696317,1498.3610173177,6.0
1872,0.0,2425.284668,-331.848694,1673.050415,-0.6677537286,0.7443339224,0.0084835074,1.0254e-05,6.7725683134,1495.5228797098,6.0
1873,0.0,2424.830322,-331.695923,1672.264526,-0.6678357341,0.7442666114,0.0079147586,8.2601e-06,6.0616202305,1491.359979242,6.0
1874,0.0,2424.353027,-331.277313,1670.27002,-0.6681439067,0.7439947618,0.007450794,2.728e-06,3.4745201611,1487.5015175421,6.0
1875,0.0,2423.324951,-330.718231,1666.168579,-0.668483809,0.7436968806,0.0066593418,2.2754e-06,3.1584489381,1480.578177998,6.0
1876,0.0,2423.03833,-330.964386,1664.722412,-0.668739649,0.7434731883,0.0059076259,6.8582e-06,5.4716245557,1477.3922017561,6.0
1877,0.0,2422.572754,-331.434235,1662.960083,-0.6688477008,0.7433846352,0.0046943774,1.77165e-05,8.7753928119,1474.2293253243,6.0
1878,0.0,2422.55127,-331.483887,1661.907227,-0.6688511568,0.7433888678,0.0033348468,3.49075e-05,12.2897267324,1470.8616716489,6.0
1879,0.0,2422.624023,-331.434662,1660.739014,-0.6688538041,0.7433914187,0.0019461282,5.81452e-05,15.8282743096,1467.8033219134,6.0
1880,0.0,2422.7272945,-331.3356935,1660.534851,-0.6688540778,0.743391723,0.0017062592,6.59649e-05,16.8106465772,1466.2704298246,6.0
1881,0.0,2422.830566,-331.236725,1660.330688,-0.6688543516,0.7433920272,0.0014663902,7.37846e-05,17.7930188448,1464.7375377357,6.0
1882,0.0,2422.998779,-331.084808,1660.223755,-0.6688546849,0.7433923976,0.0010740929,8.85568e-05,19.4523485855,1461.6912678204,6.0
1883,0.0,2423.289551,-330.819763,1660.061157,-0.6692657073,0.7430230277,0.0004397706,0.000115053,22.090929895,1456.3392795762,6.0
1884,0.0,2423.505371,-330.627136,1659.981201,-0.6694582702,0.7428496282,0.0002328444,0.000132691,23.6732419205,1453.2368516808,6.0
1885,0.0,2423.698242,-330.460358,1659.870972,-0.6694962502,0.7428154106,0.0001917419,0.0001549418,25.518960497,1449.708118934,6.0
1886,0.0,2423.842285,-330.334076,1659.733398,-0.6694962502,0.7428154106,0.0001917419,0.0001722284,26.8604037038,1447.3174642019,6.0
1887,0.0,2424.046631,-330.153259,1659.672607,-0.6694962502,0.7428154106,0.0001917419,0.000196581,28.6356354405,1444.2499987045,6.0
1888,0.0,2424.259277,-329.966309,1659.532593,-0.6694962502,0.7428154106,0.0001917419,0.0002277643,30.7483774059,1440.7517066426,6.0
1889,0.0,2424.482422,-329.767456,1659.452271,-0.6694962502,0.7428154106,0.0001917419,0.0002597228,32.7599415354,1437.4782096668,6.0
1890,0.0,2424.743408,-329.535553,1659.290527,-0.6694962502,0.7428154106,0.0001917419,0.0002992433,35.0739616205,1433.8049220644,6.0
1891,0.0,2424.946289,-329.350189,1659.106445,-0.6692495363,0.7430376985,0.0001917419,0.0003364647,37.1274810614,1431.3547752539,6.0
1892,0.0,2425.169678,-329.150299,1659.047485,-0.6691400883,0.7431362631,0.0001917419,0.0003752019,39.1262691852,1428.4388231145,6.0
1893,0.0,2425.51709,-328.836029,1659.038574,-0.6691400883,0.7431362631,0.0001917419,0.000432544,41.8894054045,1424.3640671356,6.0
1894,0.0,2425.838135,-328.542755,1658.963867,-0.6694729136,0.7428364431,0.0001917419,0.0004740956,43.7481139201,1420.8977748836,6.0
1895,0.0,2426.05249,-328.343414,1658.824829,-0.6704017398,0.7419982121,-0.0004006927,0.0004894829,44.3733585963,1418.3770428351,6.0
1896,0.0,2426.418457,-328.011292,1658.824829,-0.671739332,0.7407865,-0.0012772141,0.0005097877,45.1758216351,1414.9847505604,6.0
1897,0.0,2426.781738,-327.681335,1658.749023,-0.6740958409,0.7386388513,-0.0027284873,0.0005025814,44.7421249342,1411.4092794521,6.0
1898,0.0,2427.051514,-327.428101,1658.653687,-0.6766019464,0.7363415007,-0.0033167129,0.000458683,42.6757146171,1409.1567158434,6.0
1899,0.0,2427.443604,-327.065826,1658.570435,-0.6822396946,0.7311134488,-0.0047036275,0.0003527281,37.3318018983,1405.6663496694,6.0
1900,0.0,2427.782715,-326.757385,1658.450317,-0.6880202912,0.7256689825,-0.0057102325,0.0002646566,32.2627786652,1402.4071872904,6.0
1901,0.0,2427.829102,-326.747772,1658.631836,-0.6912715691,0.7225699883,-0.0060191156,0.0002230583,29.5726607352,1400.2012285298,6.0
1902,0.0,2427.976074,-326.632935,1659.125366,-0.6956717056,0.7183300648,-0.0065418663,0.0001850835,26.8731761652,1396.8194979017,6.0
1903,0.0,2428.127441,-326.480499,1659.540527,-0.6974162836,0.7166357259,-0.0066154128,0.0001731342,25.9478043032,1394.482093322,6.0
1904,0.0,2428.331299,-326.258942,1659.899658,-0.6988720943,0.7152147491,-0.006757113,0.0001714244,25.7588436013,1391.2132264811,6.0
1905,0.0,2428.585693,-325.982086,1660.251099,-0.6999744757,0.7141339815,-0.0069562852,0.0001742913,25.9153712375,1388.1086877412,6.0
1906,0.0,2428.682617,-325.881226,1660.353638,-0.7005071702,0.7136110436,-0.006998783,0.000184692,26.6103589762,1384.6236029865,6.0
1907,0.0,2428.712402,-325.850555,1660.380737,-0.7008134578,0.7133102511,-0.006998783,0.0001988781,27.5394263232,1380.9183406923,6.0
1908,0.0,2428.669678,-325.89447,1660.329468,-0.7008252353,0.7132986803,-0.0069987306,0.0002118249,28.3675003859,1378.2898616805,6.0
1909,0.0,2428.661377,-325.903076,1660.318481,-0.7011380338,0.7129912164,-0.006998783,0.0002288356,29.3949225584,1374.1064929922,6.0
1910,0.0,2428.650146,-325.914703,1660.30957,-0.7013529675,0.7127771687,-0.0072610469,0.0002426189,30.2082568891,1371.4331889749,6.0
1911,0.0,2428.618408,-325.948059,1660.308228,-0.7020915187,0.7120484556,-0.0073821521,0.0002466913,30.3793534305,1367.7711201913,6.0
1912,0.0,2428.584473,-325.983551,1660.323364,-0.7031082297,0.711042381,-0.0075861579,0.0002462909,30.2689552674,1363.9076392282,6.0
1913,0.0,2428.538574,-326.03241,1660.365723,-0.7041316349,0.710026031,-0.0078534122,0.0002460528,30.1686160522,1360.0440614655,6.0
1914,0.0,2428.501465,-326.072357,1660.400269,-0.7052250157,0.7089399613,-0.0078618419,0.0002384364,29.6295326171,1356.9048381503,6.0
1915,0.0,2428.450684,-326.127686,1660.441772,-0.7062497968,0.707914809,-0.0082369708,0.0002386155,29.5553654682,1353.0003849614,6.0
1916,0.0,2428.329346,-326.263,1660.505493,-0.7076666365,0.7064983709,-0.0082452085,0.0002265825,28.7415895447,1350.2284128084,6.0
1917,0.0,2428.260986,-326.341339,1660.520752,-0.7113200488,0.7028198951,-0.008245191,0.0002036345,27.1137780953,1343.604610698,6.0
1918,0.0,2428.1875,-326.427155,1660.522217,-0.7141172848,0.6999775142,-0.008245191,0.000202851,26.9851738655,1339.8113513489,6.0
1919,0.0,2428.175415,-326.44133,1660.520935,-0.7158130552,0.6982401203,-0.0081548732,0.0002078216,27.2716318723,1337.8641100934,6.0
1920,0.0,2428.179688,-326.436218,1660.525635,-0.7199670658,0.6939632004,-0.0079057356,0.0002291865,28.54039256,1333.1387523179,6.0
1921,0.0,2428.1806645,-326.435043,1660.526001,-0.7215014852,0.6923668464,-0.0076679502,0.0002097874,31.0990607284,1529.0320382509,3.0
1922,0.0,2428.175537,-326.441315,1660.525146,-0.7247298653,0.6889963687,-0.007115211,0.0001692577,31.680348823,1721.9445714068,0.0
1923,0.0,2427.94043,-326.729065,1660.463623,-0.7264713318,0.6871641067,-0.0067003387,0.0001545532,30.1968926297,1717.6118295687,0.0
1924,0.0,2427.930054,-326.7423555,1660.461609,-0.7271908327,0.686403675,-0.0065080598,0.0001499819,29.7080709978,1715.5319633408,0.0
1925,0.0,2427.911621,-326.765869,1660.459229,-0.7288500662,0.6846464831,-0.0060641791,0.000143134,28.9437718697,1710.7408079477,0.0
1926,0.0,2427.897949,-326.783295,1660.460571,-0.7302397165,0.6831673034,-0.0056914007,0.0001415085,28.7106581007,1706.6804977656,0.0
1927,0.0,2427.891113,-326.792084,1660.473145,-0.7315023139,0.6818179528,-0.0053520091,0.0001461214,29.1115457231,1702.9787248417,0.0
1928,0.0,2427.885742,-326.799225,1660.485718,-0.7323055985,0.6809557287,-0.0052731388,0.0001570822,30.1102566472,1698.8423619398,0.0
1929,0.0,2427.88208,-326.803986,1660.498413,-0.7329337347,0.6802822859,-0.0049144783,0.0001633565,30.633062343,1694.8252709742,0.0
1930,0.0,2427.880127,-326.806519,1660.509644,-0.7329716867,0.680241574,-0.0048895379,0.0001663459,30.8596518825,1691.9518687096,0.0
1931,0.0,2427.881592,-326.804596,1660.521729,-0.7329716867,0.680241574,-0.0048895379,0.0001712174,31.2281218274,1687.6231260582,0.0
1932,0.0,2427.882812,-326.80304,1660.529663,-0.7329716867,0.680241574,-0.0048895379,0.0001761506,31.5976722744,1683.5157376861,0.0
1933,0.0,2427.887207,-326.797272,1660.520752,-0.7329716867,0.680241574,-0.0048895379,0.0001789367,31.7924890245,1680.6575934602,0.0
1934,0.0,2427.897461,-326.784119,1660.501343,-0.7329716867,0.680241574,-0.0048895379,0.0001870768,32.425152538,1676.398747941,0.0
1935,0.0,2427.906738,-326.772034,1660.481201,-0.7329716867,0.680241574,-0.0048895379,0.0001953234,33.0535951477,1672.4292187458,0.0
1936,0.0,2427.916504,-326.759644,1660.45752,-0.7329716867,0.680241574,-0.0048895379,0.0002047593,33.7636974299,1668.5353409417,0.0
1937,0.0,2427.931152,-326.740936,1660.444092,-0.7329716867,0.680241574,-0.0048895379,0.0002147952,34.4951941269,1664.3882494408,0.0
1938,0.0,2427.944092,-326.724457,1660.437744,-0.7329716867,0.680241574,-0.0048895379,0.0002264689,35.3412393643,1660.6842003063,0.0
1939,0.0,2427.956787,-326.708588,1660.432495,-0.7329716867,0.680241574,-0.0048895379,0.0002356428,35.9854101203,1657.7153748413,0.0
1940,0.0,2427.979248,-326.680328,1660.432861,-0.7329716867,0.680241574,-0.0048895379,0.0002491768,36.9105114552,1653.5155353257,0.0
1941,0.0,2427.999268,-326.655121,1660.434692,-0.7329716867,0.680241574,-0.0048895379,0.0002622808,37.7821315362,1649.744434261,0.0
1942,0.0,2428.012939,-326.638214,1660.448364,-0.7329716867,0.680241574,-0.0048895379,0.0002755944,38.6375295836,1645.845435985,0.0
1943,0.0,2428.028076,-326.619415,1660.462524,-0.7329716867,0.680241574,-0.0048895379,0.0002734778,38.4021297448,1642.1353966726,0.0
1944,0.0,2428.044678,-326.599152,1660.4729,-0.7329716867,0.680241574,-0.0048895379,0.0002605727,37.416571262,1639.12798134,0.0
1945,0.0,2428.062744,-326.576904,1660.487183,-0.7329716867,0.680241574,-0.0048895379,0.0002393638,35.7701837186,1634.9440889572,0.0
1946,0.0,2428.069336,-326.568909,1660.490112,-0.7329716867,0.680241574,-0.0048895379,0.0002196334,34.1820392207,1631.0136920399,0.0
1947,0.0,2428.079834,-326.555908,1660.495483,-0.7329716867,0.680241574,-0.0048895379,0.0002042663,32.901208343,1627.8736031272,0.0
1948,0.0,2428.085938,-326.548492,1660.510742,-0.7331700197,0.6800278027,-0.0048897648,0.0001868608,31.3929489401,1623.9711017933,0.0
1949,0.0,2428.090332,-326.543213,1660.5271,-0.7334963927,0.6796734399,-0.0052016337,0.0001770639,30.4856280289,1620.0722751611,0.0
1950,0.0,2428.094971,-326.537506,1660.523682,-0.733806056,0.679334814,-0.0057343351,0.0001694198,29.7417197497,1615.7993233245,0.0
1951,0.0,2428.0979,-326.533966,1660.515015,-0.7342555946,0.6788462477,-0.0060410016,0.0001719931,29.9122076086,1612.8596592517,0.0
1952,0.0,2428.103516,-326.527191,1660.498901,-0.7346398529,0.6784253523,-0.0065823919,0.0001799191,30.5099041597,1608.4470376759,0.0
1953,0.0,2428.112305,-326.516785,1660.472534,-0.7346577624,0.6784056389,-0.0066152383,0.0001777533,30.2511620847,1604.4917160441,0.0
1954,0.0,2428.119629,-326.507843,1660.447021,-0.7346577624,0.6784056389,-0.0066152383,0.0001756559,30.0205020285,1601.7349411434,0.0
1955,0.0,2428.141357,-326.481842,1660.381592,-0.7346577624,0.6784056389,-0.0066152383,0.0001737404,29.7793065766,1597.6001169742,0.0
1956,0.0,2428.158447,-326.461426,1660.329346,-0.7346577624,0.6784056389,-0.0066152383,0.0001723538,29.5906164723,1593.8495013778,0.0
1957,0.0,2428.175781,-326.440826,1660.269775,-0.7346577624,0.6784056389,-0.0066152383,0.0001734514,29.6207459108,1590.4167429604,0.0
1958,0.0,2428.005371,-326.647705,1659.814575,-0.7346577624,0.6784056389,-0.0066152383,0.0001820157,30.207930725,1583.3294405878,0.0
1959,0.0,2428.052246,-326.589691,1659.879028,-0.7346577624,0.6784056389,-0.0066152383,0.0001833817,30.2485186679,1579.5415343244,0.0
1960,0.0,2428.090088,-326.54361,1659.877563,-0.7346577624,0.6784056389,-0.0066152383,0.0001890368,30.6339241614,1575.5599693484,0.0
1961,0.0,2427.782715,-326.918549,1660.211182,-0.7346577624,0.6784056389,-0.0066152383,0.0001936275,30.9295766503,1571.7973003531,0.0
1962,0.0,2427.809082,-326.8763275,1660.3198855,-0.7346577624,0.6784056389,-0.0066152383,0.0001957612,31.0600470344,1569.8367898125,0.0
1963,0.0,2427.835449,-326.834106,1660.428589,-0.7346577624,0.6784056389,-0.0066152383,0.0001978949,31.1905174184,1567.876279272,0.0
1964,0.0,2428.324707,-326.267792,1660.327393,-0.7344588634,0.678609094,-0.0077379273,0.0002238592,33.0288869261,1561.0464346774,0.0
1965,0.0,2428.331055,-326.269104,1660.171265,-0.7341633443,0.6789234425,-0.0081940895,0.0002377598,33.9477909122,1556.8728781202,0.0
1966,0.0,2428.269531,-326.340515,1659.871216,-0.7338333884,0.6792740932,-0.008675504,0.0002513504,34.8181531336,1553.0241179225,0.0
1967,0.0,2428.060547,-326.560608,1659.653809,-0.7335475412,0.6795821433,-0.0087244063,0.000256487,35.0812286112,1549.0127792694,0.0
1968,0.0,2427.999756,-326.631348,1659.261353,-0.7332486276,0.6799002119,-0.0090637721,0.0002668647,35.7040779022,1545.561221949,0.0
1969,0.0,2427.890381,-326.750549,1659.074463,-0.7330129068,0.6801537525,-0.0091077701,0.000268657,35.747368777,1542.2655604266,0.0
1970,0.0,2427.705322,-326.948334,1658.915771,-0.7326733384,0.6805140169,-0.009510627,0.0002764803,36.1685452156,1538.2040731821,0.0
1971,0.0,2427.595703,-327.068726,1658.714722,-0.7324447645,0.6807553034,-0.009842957,0.0002834013,36.5444531537,1535.0986723447,0.0
1972,0.0,2427.322266,-327.356079,1658.768677,-0.732099634,0.6811245915,-0.0099707961,0.0002786534,36.1378441891,1530.8947322887,0.0
1973,0.0,2427.22583,-327.468262,1658.37915,-0.7320271532,0.6811960829,-0.0103992173,0.0002902654,36.7819691804,1526.7004910325,0.0
1974,0.0,2427.044434,-327.664825,1658.217896,-0.7317734972,0.6814620575,-0.0108172525,0.0002990897,37.2381400024,1522.6663772659,0.0
1975,0.0,2426.920898,-327.80011,1658.050903,-0.7315758907,0.6816739356,-0.0108333609,0.0002999007,37.2229978979,1519.9880456736,0.0
1976,0.0,2426.68457,-328.053406,1657.763794,-0.7315010856,0.6817542052,-0.0108335354,0.0003033569,37.344940371,1516.2568092889,0.0
1977,0.0,2426.481201,-328.27478,1657.719604,-0.7315010856,0.6817542052,-0.0108335354,0.0003060484,37.4295767823,1512.9969932754,0.0
1978,0.0,2426.270264,-328.498077,1657.547729,-0.7312532093,0.6820200746,-0.0108333609,0.0003078751,37.4836918172,1510.68366582,0.0
1979,0.0,2425.96167,-328.824951,1657.398682,-0.7311707245,0.6821015574,-0.011262197,0.0003223652,38.2818440645,1507.7827869969,0.0
1980,0.0,2425.75,-329.053009,1657.223389,-0.7310456841,0.6822347275,-0.0113130178,0.0003276123,38.5296542902,1505.3434452137,0.0
1981,0.0,2425.43457,-329.388489,1657.056641,-0.7309117612,0.6823782038,-0.0113130178,0.0003321069,38.737375563,1503.1846755625,0.0
1982,0.0,2425.151611,-329.68927,1656.872192,-0.7309086778,0.682381509,-0.0113128607,0.0003367469,38.9532226773,1501.1122398093,0.0
1983,0.0,2425.0896,-329.758179,1656.676514,-0.7308056246,0.6824918715,-0.0113130178,0.0003362119,38.905437274,1500.4628424464,0.0
1984,0.0,2424.531006,-330.346832,1656.624146,-0.7305814792,0.6827318078,-0.0113128607,0.0003279138,38.3578035931,1497.9402386737,0.0
1985,0.0,2424.283203,-330.611938,1656.439819,-0.7305814792,0.6827318078,-0.0113128607,0.0003276566,38.3070232046,1496.5441110938,0.0
1986,0.0,2423.880127,-331.041107,1656.306885,-0.7305814792,0.6827318078,-0.0113128607,0.0003322901,38.5204575269,1494.3551976629,0.0
1987,0.0,2423.550781,-331.392365,1656.170532,-0.7305814792,0.6827318078,-0.0113128607,0.000335197,38.680539832,1494.0456611689,0.0
1988,0.0,2423.087646,-331.888245,1656.067505,-0.7305814792,0.6827318078,-0.0113128607,0.0003422571,39.0545514423,1492.8547576004,0.0
1989,0.0,2422.880371,-332.109589,1655.919312,-0.7305814792,0.6827318078,-0.0113128607,0.0003456813,39.2187735071,1491.6901736472,0.0
1990,0.0,2422.352783,-332.676605,1655.894653,-0.7305814792,0.6827318078,-0.0113128607,0.0003459091,39.1611027464,1489.0060755796,0.0
1991,0.0,2422.088623,-332.960419,1655.926636,-0.7305814792,0.6827318078,-0.0113128607,0.0003444732,39.0378570831,1487.4099506781,0.0
1992,0.0,2421.607666,-333.481812,1655.847656,-0.7305814792,0.6827318078,-0.0113128607,0.0003426513,38.8701667645,1484.9519151438,0.0
1993,0.0,2421.168213,-333.957977,1655.811523,-0.7305814792,0.6827318078,-0.0113128607,0.0003405118,38.6841362316,1482.479920573,0.0
1994,0.0,2420.73999,-334.420532,1655.803345,-0.7305814792,0.6827318078,-0.0113128607,0.0003366463,38.4086278972,1480.3465871428,0.0
1995,0.0,2420.490479,-334.692047,1655.800903,-0.7305814792,0.6827318078,-0.0113128607,0.0003333708,38.1715833456,1478.419186867,0.0
1996,0.0,2420.019287,-335.197113,1655.851562,-0.7305814792,0.6827318078,-0.0113128607,0.0003296869,37.8974431762,1475.9780211468,0.0
1997,0.0,2419.86792,-335.359192,1655.850464,-0.7305814792,0.6827318078,-0.0113128607,0.0003306548,37.9411286191,1475.5153960863,0.0
1998,0.0,2419.248291,-336.025238,1655.939697,-0.7305814792,0.6827318078,-0.0113128607,0.0003268574,37.6406716712,1472.3080442186,0.0
1999,0.0,2418.798096,-336.514465,1655.935791,-0.7305814792,0.6827318078,-0.0113128607,0.0003313068,37.8457188659,1470.356171745,0.0
2000,0.0,2418.493408,-336.845825,1655.914307,-0.7305814792,0.6827318078,-0.0113128607,0.0003345067,37.9959986866,1469.1183907387,0.0
2001,0.0,2417.97168,-337.408173,1657.00354,-0.7305814792,0.6827318078,-0.0113128607,0.0003189915,37.0229005874,1465.8871633375,0.0
2002,0.0,2417.8997805,-337.476105,1657.401001,-0.7305814792,0.6827318078,-0.0113128607,0.0003147123,36.7494001852,1464.9428650552,0.0
2003,0.0,2417.714355,-337.668091,1658.189941,-0.7305814792,0.6827318078,-0.0113128607,0.0003108981,36.4799155358,1463.0647756288,0.0
2004,0.0,2417.724487,-337.6542665,1658.1995235,-0.7305814792,0.6827318078,-0.0113128607,0.0003175334,36.8524394949,1462.5687692649,0.0
2005,0.0,2417.690918,-337.692932,1658.589111,-0.7305814792,0.6827318078,-0.0113128607,0.0003308929,37.5979416976,1461.6429857667,0.0
2006,0.0,2417.693848,-337.68927,1658.660278,-0.7306366193,0.6826670812,-0.0116527586,0.0003647016,39.4608702661,1461.242895062,0.0
2007,0.0,2417.67749,-337.709106,1658.777222,-0.7304302312,0.6828871592,-0.0116963714,0.0003901026,40.8106170564,1461.2048449751,0.0
2008,0.0,2417.661621,-337.728638,1658.972656,-0.7300707715,0.683271442,-0.0116963714,0.0004398471,43.3390270974,1461.3729764183,0.0
2009,0.0,2417.650635,-337.741974,1659.158325,-0.7300543981,0.6832889371,-0.0116963365,0.0004714458,44.8742432594,1461.5627638098,0.0
2010,0.0,2417.644043,-337.749969,1659.310913,-0.7300543981,0.6832889371,-0.0116963365,0.0005221511,47.2358451528,1461.8920742914,0.0
2011,0.0,2417.6401365,-337.754791,1659.397278,-0.7300069005,0.6833396781,-0.011696354,0.0005229866,47.260620524,1461.4910964006,0.0
2012,0.0,2417.600586,-337.803894,1659.829224,-0.7290088468,0.6844043368,-0.0116963714,0.0006113391,51.0984070559,1461.5634409231,0.0
2013,0.0,2417.61499,-337.78598,1659.721802,-0.7287428581,0.684687551,-0.0116963365,0.0006811018,53.9757946722,1462.6890034734,0.0
2014,0.0,2417.600342,-337.804138,1659.827026,-0.7287428581,0.684687551,-0.0116963365,0.0007198266,55.5236318935,1463.6157592221,0.0
2015,0.0,2417.557617,-337.857513,1660.065796,-0.7287428581,0.684687551,-0.0116963365,0.0007404999,56.3371956408,1464.1923377477,0.0
2016,0.0,2417.523193,-337.901276,1660.303467,-0.7287428581,0.684687551,-0.0116963365,0.0007485812,56.7059090275,1465.8014696291,0.0
2017,0.0,2417.468018,-337.971893,1660.579102,-0.7287428581,0.684687551,-0.0116963365,0.0007575824,57.1109377178,1467.4780428798,0.0
2018,0.0,2417.40625,-338.052612,1660.915527,-0.7287428581,0.684687551,-0.0116963365,0.0007828211,58.1788031679,1470.6303910233,0.0
2019,0.0,2417.391602,-338.072144,1660.992676,-0.7287428581,0.684687551,-0.0116963365,0.0008074885,59.1321230092,1471.7295277353,0.0
2020,0.0,2417.332275,-338.15152,1661.04187,-0.7287428581,0.684687551,-0.0116963365,0.0008480751,60.6657115356,1473.3408531648,0.0
2021,0.0,2417.311279,-338.179962,1660.995117,-0.7287428581,0.684687551,-0.0116963365,0.0008796479,61.7898436773,1473.4764623949,0.0
2022,0.0,2417.312988,-338.177765,1660.996704,-0.7287428581,0.684687551,-0.0116963365,0.0009048712,62.6523648615,1473.0834651609,0.0
2023,0.0,2417.250732,-338.263123,1660.892212,-0.7287428581,0.684687551,-0.0116963365,0.0009473716,64.0773781516,1472.4224785491,0.0
2024,0.0,2417.243408,-338.273132,1660.876831,-0.7287428581,0.684687551,-0.0116963365,0.0009772744,65.0711056958,1472.2143874562,0.0
2025,0.0,2417.232178,-338.288971,1660.851929,-0.7287428581,0.684687551,-0.0116963365,0.0010122458,66.2267202347,1472.2622876725,0.0
2026,0.0,2417.232178,-338.288971,1660.851929,-0.7287428581,0.684687551,-0.0116963365,0.0010289107,66.7766995529,1472.4238512094,0.0
2027,0.0,2417.20752,-338.323456,1660.839722,-0.7287428581,0.684687551,-0.0116963365,0.001091092,68.7814244218,1472.8007064695,0.0
2028,0.0,2417.207031,-338.323975,1660.838135,-0.7287428581,0.684687551,-0.0116963365,0.0257476618,498.3137401696,2210.2053886942,1.0
2029,0.0,2417.197266,-338.33783,1660.845337,-0.7287428581,0.684687551,-0.0116963365,0.0257367299,498.0322708145,2209.4199406494,1.0
2030,0.0,2417.192871,-338.343994,1660.848511,-0.7287428581,0.684687551,-0.0116963365,0.0257493313,497.9523259363,2208.5317191235,1.0
2031,0.0,2417.175293,-338.369202,1660.883789,-0.7287428581,0.684687551,-0.0116963365,0.0257691996,497.9463902374,2207.6649478151,1.0
2032,0.0,2417.170654,-338.375824,1660.916626,-0.7287428581,0.684687551,-0.0116963365,0.0258203703,498.1877274287,2206.5738044195,1.0
2033,0.0,2417.296631,-338.19986,1660.688843,-0.7287428581,0.684687551,-0.0116963365,0.0258904036,498.6626264241,2205.7271029788,1.0
2034,0.0,2417.293701,-338.203796,1660.701904,-0.7283445955,0.6851011543,-0.0122702294,0.0260900042,500.3521924872,2204.8297472565,1.0
2035,0.0,2417.26709,-338.240448,1660.786377,-0.7274488097,0.6860279694,-0.0135592918,0.0265137612,504.0150062625,2203.3868107684,1.0
2036,0.0,2417.314697,-338.175415,1660.676025,-0.7267974931,0.6866988579,-0.014494225,0.0268427168,506.8488574841,2202.340091276,1.0
2037,0.0,2417.3125,-338.168365,1660.596558,-0.7267430805,0.686754791,-0.0145723028,0.0269156241,507.3600690611,2201.6142496899,1.0
2038,0.0,2417.219482,-338.260773,1660.558228,-0.7267430805,0.686754791,-0.0145723028,0.026976836,507.6874624162,2200.5682382221,1.0
2039,0.0,2417.159668,-338.311279,1660.509399,-0.7267430805,0.686754791,-0.0145723028,0.0270623376,508.2136166683,2199.4138803341,1.0
2040,0.0,2417.068604,-338.409424,1660.518921,-0.7267430805,0.686754791,-0.0145723028,0.0271237819,508.5807929232,2198.5427441477,1.0
2041,0.0,2416.93335,-338.553101,1660.568115,-0.7267430805,0.686754791,-0.0145723028,0.0272139688,509.0577809104,2197.0055130863,1.0
2042,0.0,2416.909424,-338.5786285,1660.568115,-0.7267430805,0.686754791,-0.0145723028,0.0272296774,509.1413659574,2196.7412520155,1.0
2043,0.0,2416.885498,-338.604156,1660.568115,-0.7267430805,0.686754791,-0.0145723028,0.027245386,509.2249510044,2196.4769909447,1.0
2044,0.0,2416.500488,-338.995453,1660.550537,-0.7267430805,0.686754791,-0.0145723028,0.0276239392,511.6458012949,2191.9555758963,1.0
2045,0.0,2416.397217,-339.096558,1660.464233,-0.7267430805,0.686754791,-0.0145723028,0.0277319697,512.2710332725,2190.415344195,1.0
2046,0.0,2416.343628,-339.1419525,1660.4266965,-0.7267430805,0.686754791,-0.0145723028,0.0278132345,512.7800273825,2189.4351657311,1.0
2047,0.0,2416.232666,-339.237915,1660.232178,-0.7267430805,0.686754791,-0.0145723028,0.0279967371,513.9158553039,2187.1798310353,1.0
2048,0.0,2416.050049,-339.430084,1660.239502,-0.7267430805,0.686754791,-0.0145723028,,,,
2049,0.0,2415.949341,-339.5338745,1660.2087405,-0.7267430805,0.686754791,-0.0145723028,,,,
2050,0.0,2415.772461,-339.707306,1659.954468,-0.7267430805,0.686754791,-0.0145723028,,,,
2051,0.0,2415.529785,-339.964081,1659.9646,-0.7267430805,0.686754791,-0.0145723028,,,,
2052,0.0,2415.387939,-340.109711,1659.848877,-0.7267430805,0.686754791,-0.0145723028,,,,
2053,0.0,2415.189453,-340.314575,1659.700806,-0.7267430805,0.686754791,-0.0145723028,,,,
2054,0.0,2415.027588,-340.488403,1659.836304,-0.7267430805,0.686754791,-0.0145723028,,,,
2055,0.0,2414.712158,-340.822052,1659.77002,-0.7267430805,0.686754791,-0.0145723028,,,,
2056,0.0,2414.4729,-341.07608,1659.695435,-0.7267430805,0.686754791,-0.0145723028,,,,
2057,0.0,2414.229492,-341.333649,1659.629272,-0.7267430805,0.686754791,-0.0145723028,,,,
2058,0.0,2413.869141,-341.717041,1659.601807,-0.7267430805,0.686754791,-0.0145723028,,,,
2059,0.0,2413.599365,-342.014832,1659.858154,-0.7267430805,0.686754791,-0.0145723028,,,,
2060,0.0,2413.288086,-342.370026,1660.456299,-0.7267430805,0.686754791,-0.0145723028,,,,
2061,0.0,2413.141357,-342.540253,1660.854492,-0.7267430805,0.686754791,-0.0145723028,,,,
2062,0.0,2413.057373,-342.646912,1661.347534,-0.7267430805,0.686754791,-0.0145723028,,,,
2063,0.0,2413.079346,-342.619476,1661.394775,-0.7267430805,0.686754791,-0.0145723028,,,,
2064,0.0,2413.116211,-342.571777,1661.305176,-0.7267430805,0.686754791,-0.0145723028,,,,
2065,0.0,2413.277588,-342.381409,1660.802368,-0.7267430805,0.686754791,-0.0145723028,,,,
2066,0.0,2413.415283,-342.223999,1660.6073,-0.7267430805,0.686754791,-0.0145723028,,,,
2067,0.0,2413.606201,-342.009369,1660.443115,-0.7267430805,0.686754791,-0.0145723028,,,,
2068,0.0,2413.783447,-341.809479,1660.250366,-0.7267430805,0.686754791,-0.0145723028,,,,
2069,0.0,2414.07666,-341.486115,1659.986816,-0.7267430805,0.686754791,-0.0145723028,,,,
2070,0.0,2414.306885,-341.238617,1659.810547,-0.7267430805,0.686754791,-0.0145723028,,,,
2071,0.0,2414.347168,-341.196045,1659.810547,-0.7267430805,0.686754791,-0.0145723028,,,,
2072,0.0,2414.658203,-340.86615,1659.534912,-0.7267430805,0.686754791,-0.0145723028,,,,
2073,0.0,2414.868652,-340.644318,1659.315063,-0.7267430805,0.686754791,-0.0145723028,,,,
2074,0.0,2415.033203,-340.470245,1659.246582,-0.7267430805,0.686754791,-0.0145723028,,,,
2075,0.0,2415.254395,-340.237183,1659.170166,-0.7267430805,0.686754791,-0.0145723028,,,,
2076,0.0,2415.456055,-340.024994,1659.147583,-0.7267430805,0.686754791,-0.0145723028,,,,
2077,0.0,2415.567383,-339.908356,1659.343018,-0.7267430805,0.686754791,-0.0145723028,,,,
2078,0.0,2415.723633,-339.748779,1659.489624,-0.7267430805,0.686754791,-0.0145723028,,,,
2079,0.0,2415.831787,-339.642456,1659.709106,-0.7267430805,0.686754791,-0.0145723028,,,,
2080,0.0,2415.928711,-339.551666,1659.812744,-0.7267430805,0.686754791,-0.0145723028,,,,
2081,0.0,2415.990723,-339.493866,1659.80957,-0.7267430805,0.686754791,-0.0145723028,,,,
2082,0.0,2415.986084,-339.49823,1659.809448,-0.7267430805,0.686754791,-0.0145723028,,,,
2083,0.0,2416.109131,-339.386322,1659.799072,-0.7267430805,0.686754791,-0.0145723028,,,,
2084,0.0,2416.144531,-339.354889,1659.792114,-0.7267430805,0.686754791,-0.0145723028,,,,
2085,0.0,2416.213379,-339.294754,1659.776367,-0.7267430805,0.686754791,-0.0145723028,,,,
2086,0.0,2416.282227,-339.234619,1659.76062,-0.7267430805,0.686754791,-0.0145723028,,,,
2087,0.0,2416.304199,-339.215729,1659.760864,-0.726734604,0.686746781,-0.0153516796,,,,
2088,0.0,2416.3375245,-339.1875765,1659.7665405,-0.726733598,0.6867458303,-0.015441309,,,,
2089,0.0,2416.444092,-339.098328,1659.7948,-0.726732592,0.6867448796,-0.0155309384,0.0336523959,541.5795567768,2105.3491094796,1.0
2090,0.0,2416.483398,-339.06604,1659.807617,-0.726732592,0.6867448796,-0.0155309384,0.0336900908,541.8305056146,2105.1661482545,1.0
2091,0.0,2416.509521,-339.044678,1659.816284,-0.726732592,0.6867448796,-0.0155309384,0.0337772245,542.1134206199,2103.593485364,1.0
2092,0.0,2416.536499,-339.0229495,1659.8260495,-0.726732592,0.6867448796,-0.0155309384,0.0338856904,542.6258793914,2102.2722420498,1.0
2093,0.0,2416.624512,-338.952667,1659.862549,-0.726732592,0.6867448796,-0.0155309384,0.0341531733,543.8808746475,2099.0047367598,1.0
2094,0.0,2416.69043,-338.900879,1659.892822,-0.726732592,0.6867448796,-0.0155309384,0.0343423466,544.6960855331,2096.4539624367,1.0
2095,0.0,2416.723145,-338.875427,1659.907715,-0.726732592,0.6867448796,-0.0155309384,0.0344469934,545.0503870511,2094.6844628967,1.0
2096,0.0,2416.74707,-338.857025,1659.918823,-0.726732592,0.6867448796,-0.0155309384,0.0346000373,545.5018063951,2091.8591454695,1.0
2097,0.0,2416.778076,-338.833405,1659.96167,-0.726732592,0.6867448796,-0.0155309384,0.0346829909,545.7206869293,2090.2384844697,1.0
2098,0.0,2416.77832,-338.833221,1659.962036,-0.726732592,0.6867448796,-0.0155309384,0.0348504353,546.472076264,2088.1710315157,1.0
2099,0.0,2416.662598,-338.922638,1660.046631,-0.726732592,0.6867448796,-0.0155309384,0.035053384,547.5614765158,2086.375779797,1.0
2100,0.0,2416.581787,-338.986542,1660.023315,-0.726732592,0.6867448796,-0.0155309384,0.0352521923,548.657511383,2084.7542001181,1.0
2101,0.0,2416.5213216667,-339.035889,1660.0269773333,-0.726732592,0.6867448796,-0.0155309384,0.0352699724,548.7306835506,2084.5163080994,1.0
2102,0.0,2416.4608563333,-339.085236,1660.0306396667,-0.726732592,0.6867448796,-0.0155309384,0.0352877525,548.8038557183,2084.2784160808,1.0
2103,0.0,2416.400391,-339.134583,1660.034302,-0.726732592,0.6867448796,-0.0155309384,0.0353055327,548.8770278859,2084.0405240621,1.0
2104,0.0,2415.911133,-339.568146,1660.161865,-0.726732592,0.6867448796,-0.0155309384,0.0357981963,551.2789877855,2078.9680462919,1.0
2105,0.0,2416.04541,-339.443939,1660.111694,-0.726732592,0.6867448796,-0.0155309384,0.0359581495,552.1382665277,2077.6568100027,1.0
2106,0.0,2416.059814,-339.430878,1660.104736,-0.726732592,0.6867448796,-0.0155309384,0.0360858035,552.8061890469,2076.5550633703,1.0
2107,0.0,2416.02417,-339.463196,1660.121582,-0.726732592,0.6867448796,-0.0155309384,0.0363020098,554.0011593472,2074.9516964974,1.0
2108,0.0,2415.987793,-339.496643,1660.135132,-0.726732592,0.6867448796,-0.0155309384,0.0364733103,554.9987322657,2073.8913307469,1.0
2109,0.0,2416.050781,-339.438904,1660.109131,-0.726732592,0.6867448796,-0.0155309384,0.0367988109,556.9747196726,2072.221554403,1.0
2110,0.0,2416.047607,-339.441803,1660.110474,-0.726732592,0.6867448796,-0.0155309384,0.0370317662,558.3939777149,2071.0800100791,1.0
2111,0.0,2415.665283,-339.80661,1660.302734,-0.7267327997,0.6867450759,-0.0155125274,0.0371742227,559.1332772919,2069.919785128,1.0
2112,0.0,2415.496826,-339.978882,1660.461304,-0.7267331133,0.6867453723,-0.0154846927,0.0374372915,560.6853244953,2068.4984854878,1.0
2113,0.0,2415.46875,-340.008484,1660.518066,-0.7267333312,0.6867455782,-0.0154653219,0.03763886,561.9011951126,2067.5320846306,1.0
2114,0.0,2415.445557,-340.032806,1660.606812,-0.7267336428,0.6867458727,-0.0154375745,0.037932752,563.6837823536,2066.1955417639,1.0
2115,0.0,2415.445801,-340.032745,1660.606812,-0.726733671,0.6867458993,-0.0154350615,0.0381267643,564.8655111339,2065.3545362064,1.0
2116,0.0,2415.428711,-340.05072,1660.722778,-0.726733671,0.6867458993,-0.0154350615,0.0384256012,566.6648891924,2064.0184562603,1.0
2117,0.0,2415.428711,-340.05072,1660.722778,-0.726733671,0.6867458993,-0.0154350615,0.0385097715,567.1611472852,2063.611440817,1.0
2118,0.0,2415.438721,-340.040131,1660.994629,-0.726733671,0.6867458993,-0.0154350615,0.0388719151,569.3617325924,2062.1361048682,1.0
2119,0.0,2415.441162,-340.037476,1660.993042,-0.726733671,0.6867458993,-0.0154350615,0.0392385119,571.588179991,2060.6991440864,1.0
2120,0.0,2415.442871,-340.035797,1660.992065,-0.726733671,0.6867458993,-0.0154350615,0.0394479666,572.8488575531,2059.8640287587,1.0
2121,0.0,2415.443115,-340.035431,1660.991699,-0.726733671,0.6867458993,-0.0154350615,0.0396826333,574.2382992064,2058.8690211099,1.0
2122,0.0,2415.453857,-340.024109,1660.984619,-0.726733671,0.6867458993,-0.0154350615,0.0399954387,576.0568307673,2057.4607417727,1.0
2123,0.0,2415.456543,-340.02124,1660.980713,-0.726733671,0.6867458993,-0.0154350615,0.0402807237,577.7119990073,2056.2022184337,1.0
2124,0.0,2415.45874,-340.019043,1660.977661,-0.726733671,0.6867458993,-0.0154350615,0.0404624374,578.738583626,2055.320813766,1.0
2125,0.0,2415.459717,-340.017822,1660.975952,-0.726733671,0.6867458993,-0.0154350615,0.0407079056,580.10603353,2054.0849939599,1.0
2126,0.0,2415.461182,-340.016296,1660.973511,-0.726733671,0.6867458993,-0.0154350615,0.0408771106,581.0215186991,2053.1528513041,1.0
2127,0.0,2415.462891,-340.014648,1660.970459,-0.726733671,0.6867458993,-0.0154350615,0.0410711965,581.9909015277,2051.8149574967,1.0
2128,0.0,2415.464111,-340.013306,1660.964111,-0.726733671,0.6867458993,-0.0154350615,0.0413670348,583.3165359375,2049.2765117719,1.0
2129,0.0,2415.46582,-340.011383,1660.953369,-0.726733671,0.6867458993,-0.0154350615,0.0415355224,583.9479579275,2047.417711438,1.0
2130,0.0,2415.464844,-340.012451,1660.936401,-0.726733671,0.6867458993,-0.0154350615,0.0416377878,584.3127998502,2046.2329128203,1.0
2131,0.0,2415.4646,-340.012756,1660.928833,-0.726733671,0.6867458993,-0.0154350615,0.0416787231,584.42379614,2045.6376923736,1.0
2132,0.0,2415.461914,-340.015472,1660.901367,-0.726733671,0.6867458993,-0.0154350615,0.0418896941,584.98706581,2042.5565657624,1.0
2133,0.0,2415.462891,-340.014435,1660.911377,-0.726733671,0.6867458993,-0.0154350615,0.0419933425,585.2354136739,2040.9543658598,1.0
2134,0.0,2415.46167,-340.015808,1660.901245,-0.726733671,0.6867458993,-0.0154350615,0.042093353,585.3729035049,2039.0593383258,1.0
2135,0.0,2415.459473,-340.018188,1660.896851,-0.726733671,0.6867458993,-0.0154350615,0.0421821999,585.3871783949,2037.0066968625,1.0
2136,0.0,2415.456299,-340.021515,1660.895752,-0.726733671,0.6867458993,-0.0154350615,0.0422426388,585.3523069874,2035.4591060397,1.0
2137,0.0,2415.452881,-340.025177,1660.89856,-0.726733671,0.6867458993,-0.0154350615,0.0423250689,585.2136830895,2033.0372931261,1.0
2138,0.0,2415.450928,-340.027313,1660.900513,-0.726733671,0.6867458993,-0.0154350615,0.0423761533,585.0618797927,2031.3109670233,1.0
2139,0.0,2415.435059,-340.044067,1660.917236,-0.726733671,0.6867458993,-0.0154350615,0.0424222264,584.7143880045,2029.0256593503,1.0
2140,0.0,2415.430664,-340.048767,1660.922607,-0.726733671,0.6867458993,-0.0154350615,0.0424481383,584.4394977433,2027.4660771171,1.0
2141,0.0,2415.427979,-340.051605,1660.925903,-0.726733671,0.6867458993,-0.0154350615,0.0424742882,583.9464857825,2025.1456198416,1.0
2142,0.0,2415.421143,-340.058838,1660.934448,-0.726733671,0.6867458993,-0.0154350615,0.042490171,583.4044674404,2022.8959043134,1.0
2143,0.0,2415.41626,-340.064056,1660.941162,-0.726733671,0.6867458993,-0.0154350615,0.0424954352,582.9806260443,2021.3037890045,1.0
2144,0.0,2415.39502,-340.086853,1660.97583,-0.726733671,0.6867458993,-0.0154350615,0.0424951808,582.2370761268,2018.7316721442,1.0
2145,0.0,2415.384766,-340.0979,1661.0,-0.726733671,0.6867458993,-0.0154350615,0.0424925303,581.6413808929,2016.7278074655,1.0
2146,0.0,2415.38623,-340.096283,1660.996094,-0.726733671,0.6867458993,-0.0154350615,0.0424868004,581.1190400919,2015.0496065224,1.0
2147,0.0,2415.375,-340.108368,1661.023926,-0.726733671,0.6867458993,-0.0154350615,0.0424710261,580.2302423802,2012.3331649646,1.0
2148,0.0,2415.366699,-340.11734,1661.044678,-0.726733671,0.6867458993,-0.0154350615,0.0424565324,579.5636785714,2010.3570289654,1.0
2149,0.0,2415.358887,-340.125732,1661.065308,-0.726733671,0.6867458993,-0.0154350615,0.0424458695,579.0758183258,2008.9115800036,1.0
2150,0.0,2415.348877,-340.136749,1661.090454,-0.7267427646,0.6867548527,-0.014585147,0.0423945184,577.7491191865,2005.4962431219,1.0
2151,0.0,2415.346191,-340.139526,1661.098999,-0.7267440925,0.6867557474,-0.014476442,0.0423690914,576.9693594771,2003.3773895156,1.0
2152,0.0,2415.341309,-340.144928,1661.116333,-0.7267440925,0.6867557474,-0.014476442,0.042350074,576.2783599483,2001.4175720482,1.0
2153,0.0,2415.337646,-340.149048,1661.133667,-0.7267440925,0.6867557474,-0.014476442,0.0423198803,575.1371393072,1998.1511276681,1.0
2154,0.0,2415.334717,-340.152222,1661.146484,-0.7267440925,0.6867557474,-0.014476442,0.0422921039,574.3957909791,1996.2165747573,1.0
2155,0.0,2415.330322,-340.15683,1661.159424,-0.7267440925,0.6867557474,-0.014476442,0.0422701636,573.6362913217,1994.0832021671,1.0
2156,0.0,2415.325195,-340.162506,1661.174316,-0.7267440925,0.6867557474,-0.014476442,0.0422329513,572.5139218932,1991.039283447,1.0
2157,0.0,2415.32373,-340.164185,1661.175537,-0.7267440925,0.6867557474,-0.014476442,0.0421832276,571.5961905259,1988.9936657079,1.0
2158,0.0,2415.321533,-340.166656,1661.172485,-0.7267440925,0.6867557474,-0.014476442,0.0421743575,570.9252980695,1986.8635550783,1.0
2159,0.0,2415.322021,-340.166016,1661.165161,-0.7267440925,0.6867557474,-0.014476442,0.0421509952,570.2627814087,1985.0959994108,1.0
2160,0.0,2415.32251,-340.165375,1661.159058,-0.7267440925,0.6867557474,-0.014476442,0.042097973,569.0766396087,1982.187292356,1.0
2161,0.0,2415.323486,-340.16449,1661.152466,-0.7267440925,0.6867557474,-0.014476442,0.0420602366,568.1999339013,1980.0021421661,1.0
2162,0.0,2415.327148,-340.160461,1661.139038,-0.7267521103,0.686763324,-0.0136933206,0.042033455,567.4406149671,1977.9724548915,1.0
2163,0.0,2415.330322,-340.15683,1661.129395,-0.7267538462,0.6867649644,-0.0135177917,0.0419989712,566.6653795315,1976.0634996686,1.0
2164,0.0,2415.336426,-340.150177,1661.118042,-0.7267538462,0.6867649644,-0.0135177917,0.0419495049,565.5773280154,1973.4068370821,1.0
2165,0.0,2415.345947,-340.13974,1661.106079,-0.7267538462,0.6867649644,-0.0135177917,0.0418765449,563.9708081225,1969.4781593126,1.0
2166,0.0,2415.3504635,-340.134857,1661.103943,-0.7267538462,0.6867649644,-0.0135177917,0.0418573845,563.4443291452,1968.0800173799,1.0
2167,0.0,2415.358398,-340.126221,1661.099854,-0.7267538462,0.6867649644,-0.0135177917,0.0418201581,562.2720862219,1964.8409484972,1.0
2168,0.0,2415.385986,-340.096634,1661.311768,-0.7267538462,0.6867649644,-0.0135177917,0.0418156588,561.8413800064,1963.4391578244,1.0
2169,0.0,2415.410156,-340.070618,1661.526001,-0.7267538462,0.6867649644,-0.0135177917,0.0418066874,560.8507636072,1960.1831671439,1.0
2170,0.0,2415.410034,-340.070755,1661.526123,-0.7267538462,0.6867649644,-0.0135177917,,,,
2171,0.0,2415.409912,-340.070892,1661.526245,-0.7267538462,0.6867649644,-0.0135177917,,,,
2172,0.0,2415.4104,-340.070343,1661.525757,-0.7267538462,0.6867649644,-0.0135177917,,,,
2173,0.0,2415.4816895,-339.9926145,1661.9727175,-0.7268579507,0.6866590776,-0.0132950724,,,,
2174,0.0,2415.790039,-339.660919,1664.42334,-0.7271542067,0.6863573819,-0.0126611179,,,,
2175,0.0,2416.159424,-339.444061,1666.776001,-0.7274076339,0.6860985977,-0.0121181003,,,,
2176,0.0,2416.689453,-339.589966,1668.290283,-0.7275906383,0.6859113531,-0.0117251325,,,,
2177,0.0,2417.433594,-339.827179,1669.904541,-0.7278467071,0.685648812,-0.0111748663,,,,
2178,0.0,2417.6010745,-339.927048,1670.4696655,-0.7279362515,0.685556818,-0.0109822372,,,,
2179,0.0,2418.414551,-340.244934,1672.701904,-0.7280946717,0.6853939753,-0.0106417872,,,,
2180,0.0,2418.72168,-340.323029,1674.179688,-0.7281012747,0.685400191,-0.0097525358,,,,
2181,0.0,2418.366455,-340.238159,1675.263794,-0.728101766,0.6854006535,-0.0096831099,,,,
2182,0.0,2418.244141,-339.917664,1676.78186,-0.7284235934,0.6850650296,-0.0092181226,,,,
2183,0.0,2419.736328,-337.950531,1676.701294,-0.728763322,0.6847100586,-0.0087267449,,,,
2184,0.0,2419.727051,-337.653137,1676.701294,-0.7287649741,0.68470833,-0.0087244063,,,,
2185,0.0,2419.711914,-337.159668,1676.701294,-0.7287649741,0.68470833,-0.0087244063,,,,
2186,0.0,2419.695557,-336.621826,1676.701294,-0.7287649741,0.68470833,-0.0087244063,,,,
2187,0.0,2419.677734,-336.037018,1676.701294,-0.7287649741,0.68470833,-0.0087244063,,,,
2188,0.0,2419.651611,-335.19693,1676.701294,-0.7287649741,0.68470833,-0.0087244063,,,,
2189,0.0,2419.627686,-334.42572,1676.701294,-0.7287649741,0.68470833,-0.0087244063,,,,
2190,0.0,2419.602295,-333.602112,1676.701294,-0.7287649741,0.68470833,-0.0087244063,,,,
2191,0.0,2419.577881,-332.811462,1676.701294,-0.7287649741,0.68470833,-0.0087244063,,,,
2192,0.0,2419.550049,-331.92627,1676.701294,-0.7287649741,0.68470833,-0.0087244063,,,,
2193,0.0,2419.515381,-330.804657,1676.701294,-0.7287676666,0.6847108598,-0.0082901492,,,,
2194,0.0,2419.506348,-330.514099,1676.701294,-0.7287683312,0.6847114842,-0.0081794118,,,,
2195,0.0,2419.432617,-328.360046,1676.701294,-0.7293515878,0.6841040306,-0.0069236309,,,,
2196,0.0,2419.401123,-327.401154,1676.701294,-0.7294337705,0.6840211985,-0.0064322968,,,,
2197,0.0,2419.346924,-325.685364,1676.701294,-0.7294362354,0.68402351,-0.0058835582,0.0450834524,560.8182877066,1889.0761824562,1.0
2198,0.0,2419.301514,-324.241089,1676.701294,-0.7294399524,0.6840269956,-0.0049421764,0.0453586567,561.5878442943,1886.0537547932,1.0
2199,0.0,2419.261475,-322.966675,1676.701294,-0.7294426994,0.6840295715,-0.0041101865,0.0456326778,562.2834186778,1882.8434125642,1.0
2200,0.0,2419.202881,-321.320526,1676.701294,-0.7300302627,0.6834035147,-0.0039308553,0.0456513459,562.4394343109,1882.9897142246,1.0
2201,0.0,2419.148438,-319.662872,1676.701294,-0.7301010024,0.683332556,-0.0030239179,0.0460310502,564.2441639191,1881.4072150013,1.0
2202,0.0,2419.103271,-318.255402,1676.701294,-0.7301025875,0.6833340396,-0.0021913464,0.0464111133,566.0249052714,1879.784045702,1.0
2203,0.0,2419.049316,-316.670959,1676.701294,-0.730406181,0.6830112333,-0.0015703419,0.0467030553,567.0691587834,1877.4969764527,1.0
2204,0.0,2418.985596,-314.819214,1676.701294,-0.7307367116,0.6826585365,-0.0010866592,0.0469532378,567.7369527132,1874.8134845915,1.0
2205,0.0,2418.937256,-313.348419,1676.701294,-0.7307591084,0.6826353689,-0.0002805268,0.047274175,568.9314584367,1872.5237465487,1.0
2206,0.0,2418.876465,-311.484192,1676.701294,-0.7307591338,0.6826353926,-9.58709e-05,0.0477209623,570.5945026238,1869.3991514904,1.0
2207,0.0,2418.829834,-310.062378,1676.701294,-0.7307591338,0.6826353926,-9.58709e-05,0.0480668796,571.8705536968,1866.991340326,1.0
2208,0.0,2418.77002,-308.240021,1676.701294,-0.7307591338,0.6826353926,-9.58709e-05,0.0485150719,573.4983524577,1863.8511861369,1.0
2209,0.0,2418.717285,-306.638,1676.701294,-0.7307591338,0.6826353926,-9.58709e-05,0.048907002,574.8866584318,1861.0486408528,1.0
2210,0.0,2418.695557,-305.976257,1676.701294,-0.7307591338,0.6826353926,-9.58709e-05,0.0490903226,575.4815948853,1859.580201827,1.0
2211,0.0,2418.609619,-303.382111,1676.701294,-0.7307591338,0.6826353926,-9.58709e-05,0.0497183889,577.7519214495,1855.3857292752,1.0
2212,0.0,2418.510742,-300.409698,1676.701294,-0.7307589669,0.6826352368,0.0006824935,0.0505196993,580.7255121297,1850.4659647694,1.0
2213,0.0,2418.4787595,-299.4503935,1676.701294,-0.7307589446,0.6826352159,0.0007247392,0.0507922359,581.7641540722,1848.9357122305,1.0
2214,0.0,2418.446777,-298.491089,1676.701294,-0.7307589222,0.682635195,0.0007669849,0.0510647726,582.8027960147,1847.4054596916,1.0
2215,0.0,2418.335205,-295.39798,1676.701294,-0.7313779211,0.6819703289,0.0016754106,0.0517071217,584.8662112391,1842.6982729497,1.0
2216,0.0,2418.284668,-293.894806,1676.701294,-0.7314121848,0.6819334555,0.0017257283,0.0521540344,586.6536708316,1840.6047253842,1.0
2217,0.0,2418.239502,-292.557587,1676.701294,-0.7314121848,0.6819334555,0.0017257283,0.0526279686,588.5535547367,1838.4559114063,1.0
2218,0.0,2418.163574,-290.322845,1676.701294,-0.7314121848,0.6819334555,0.0017257283,0.0533082426,591.3504628646,1835.6892452214,1.0
2219,0.0,2418.104492,-288.592468,1676.701294,-0.7314121848,0.6819334555,0.0017257283,0.0538444044,593.5461830236,1833.5613591979,1.0
2220,0.0,2418.038818,-286.847565,1676.701294,-0.7318976181,0.6814102471,0.0024396363,0.0541554917,594.517187375,1831.424823061,1.0
2221,0.0,2417.966553,-285.075562,1676.701294,-0.7327890475,0.6804474108,0.0033960202,0.0543094134,594.587811138,1829.1172998652,1.0
2222,0.0,2417.865479,-282.538239,1676.701294,-0.7337980376,0.6793535056,0.004387988,0.0545466299,594.9734786795,1826.4308436269,1.0
2223,0.0,2417.760498,-280.182739,1676.701294,-0.7355281607,0.6774730529,0.0053467209,0.0544030063,593.3867859444,1823.8956099979,1.0
2224,0.0,2417.639648,-277.623505,1676.701294,-0.7377097717,0.675087417,0.0064243383,0.0541174469,590.9685769139,1821.1152341149,1.0
2225,0.0,2417.531494,-275.349426,1676.701294,-0.739520173,0.6730945744,0.0073217304,0.0539078785,589.0916985657,1818.7587048865,1.0
2226,0.0,2417.438232,-273.383514,1676.701294,-0.7408053004,0.6716740622,0.0078397118,0.0538932781,588.2977292148,1816.546607801,1.0
2227,0.0,2417.281738,-269.972137,1676.701294,-0.7422773663,0.6700402433,0.0083895073,0.0540907023,588.2909123128,1813.299462299,1.0
2228,0.0,2417.130371,-267.117828,1676.701294,-0.7447749501,0.6672374676,0.0102193707,0.0536690302,585.0986032275,1810.3345549706,1.0
2229,0.0,2416.98584,-264.368683,1676.701294,-0.7466589652,0.6651125523,0.0112108178,0.0535073956,583.2492268974,1807.2610399773,1.0
2230,0.0,2416.834961,-261.572601,1676.701294,-0.7484620615,0.6630668526,0.0121198805,0.0534146615,581.7338612424,1804.0865950919,1.0
2231,0.0,2416.627686,-258.120148,1676.701294,-0.7518707145,0.659178124,0.0132147423,0.0528075015,577.1907339176,1799.9775837397,1.0
2232,0.0,2416.474365,-255.478027,1676.701294,-0.7534243415,0.657382359,0.0141490517,0.0530053819,577.1498932315,1796.5787565818,1.0
2233,0.0,2416.266113,-251.861923,1676.701294,-0.7550083831,0.6555407714,0.0151207993,0.0533287662,580.2410252736,1800.8658313745,1.0
2234,0.0,2416.076416,-248.769104,1676.701294,-0.7567759399,0.6534777672,0.0160307385,0.0533565109,579.6317956209,1798.5200293157,1.0
2235,0.0,2415.867676,-245.370087,1676.701294,-0.7581087228,0.6519059473,0.0170235206,0.0537695318,580.801782595,1795.4060306506,1.0
2236,0.0,2415.732178,-243.224792,1676.701294,-0.7588482824,0.6510247886,0.0177766383,0.0541556714,582.1725691545,1793.3940300756,1.0
2237,0.0,2415.481689,-239.227142,1676.701294,-0.7598096681,0.6498743975,0.0187759341,0.0548394085,584.7850614129,1790.4910629202,1.0
2238,0.0,2415.256104,-235.772812,1676.701294,-0.7609050444,0.648564697,0.0196811388,0.0553347848,586.5390796469,1788.032538565,1.0
2239,0.0,2414.974121,-231.663971,1676.701294,-0.7624167116,0.6467499788,0.0208619952,0.0558465606,588.2529446032,1785.2565086009,1.0
2240,0.0,2414.82959,-229.607452,1676.701294,-0.7631027569,0.645928344,0.0212310332,0.0561749766,589.456554152,1783.8230298763,1.0
2241,0.0,2414.53418,-225.386108,1676.701294,-0.7640734089,0.6447630186,0.0217365034,0.0568956248,592.2414233203,1781.1942309491,1.0
2242,0.0,2414.261963,-221.536087,1676.701294,-0.7647670599,0.6439106067,0.0225936858,0.0576714757,595.3365820945,1778.7736755207,1.0
2243,0.0,2413.949951,-217.465683,1676.701294,-0.7666198014,0.6416632986,0.0237126828,0.057954091,595.8713929864,1776.1545008843,1.0
2244,0.0,2413.683838,-214.099472,1676.701294,-0.7683084384,0.6396069153,0.0245995398,0.058051209,595.5579719734,1773.7790501434,1.0
2245,0.0,2413.401611,-210.520767,1676.701294,-0.7695871722,0.6380625889,0.0247329122,0.0583839996,596.3747815176,1771.2941073659,1.0
2246,0.0,2413.098389,-206.692703,1676.701294,-0.7703870382,0.6370778562,0.0252114369,0.0590753071,598.8168273123,1768.4250551497,1.0
2247,0.0,2412.767334,-202.522507,1676.701294,-0.7709875677,0.6363318199,0.0256901827,0.0598618898,601.7029110226,1765.5929156853,1.0
2248,0.0,2412.520264,-199.489517,1676.701294,-0.7714434382,0.6357487992,0.0264288867,0.0604526679,603.8522390716,1763.4889944047,1.0
2249,0.0,2411.912109,-192.228241,1676.701294,-0.772632462,0.6342631823,0.0273732391,0.0618679333,608.8608426994,1758.3023500429,1.0
2250,0.0,2411.733154,-190.1556245,1676.701294,-0.7730005736,0.6337986886,0.0277282945,0.0622843969,610.3020757375,1756.7663797908,1.0
2251,0.0,2411.554199,-188.083008,1676.701294,-0.7733686851,0.6333341949,0.0280833499,0.0627008605,611.7433087757,1755.2304095387,1.0
2252,0.0,2411.203613,-184.04071,1676.701294,-0.7739396922,0.6326157581,0.02854217,0.0635399996,614.7276384539,1752.4872636321,1.0
2253,0.0,2410.876953,-180.273346,1676.701294,-0.7739495678,0.6325605824,0.0294817911,0.064599068,618.7247869263,1749.8423198623,1.0
2254,0.0,2410.542969,-176.462708,1676.701294,-0.7739485838,0.6325597782,0.0295248471,0.0657261838,622.9604526363,1747.1584475492,1.0
2255,0.0,2409.894531,-169.361511,1676.701294,-0.7750470435,0.6311263802,0.0313300599,0.0672519289,628.1337352326,1742.256614214,1.0
2256,0.0,2409.571533,-165.816879,1676.701294,-0.7751147581,0.631037676,0.0314414268,0.0682602673,631.7970280062,1739.8799363873,1.0
2257,0.0,2409.225586,-162.116318,1676.701294,-0.7755921566,0.6304110599,0.032228904,0.0691529774,634.809559942,1737.2570522427,1.0
2258,0.0,2408.884766,-158.463043,1676.701294,-0.7756956434,0.6302749643,0.032399665,0.0702136438,638.5348153424,1734.6793561372,1.0
2259,0.0,2408.555176,-154.942657,1676.701294,-0.77567753,0.6302602466,0.0331117959,0.0713319956,642.4937614902,1732.1998236553,1.0
2260,0.0,2408.202393,-151.200134,1676.701294,-0.7756711788,0.6302550861,0.0333578909,0.0724899145,646.4839106782,1729.5001244588,1.0
2261,0.0,2407.765137,-146.687912,1676.701294,-0.7762482556,0.6295441977,0.0333578909,0.0735569899,649.8115033938,1726.2247454356,1.0
2262,0.0,2407.401367,-142.897064,1676.701294,-0.7762504493,0.6294914927,0.0342884913,0.0747781979,653.9298961881,1723.4683398675,1.0
2263,0.0,2407.040283,-139.252487,1676.701294,-0.7768222271,0.6287842505,0.0343160861,0.0755712562,656.1974128967,1720.7004633905,1.0
2264,0.0,2406.777832,-136.564362,1676.701294,-0.7768530422,0.6287461786,0.0343160861,0.0763944301,658.8481728473,1718.685785393,1.0
2265,0.0,2406.384277,-132.551544,1676.701294,-0.7768530422,0.6287461786,0.0343160861,0.0776965645,663.0381336403,1715.641834911,1.0
2266,0.0,2406.069824,-129.363449,1676.701294,-0.7768530422,0.6287461786,0.0343160861,0.0787748563,666.4031957225,1712.9872501403,1.0
2267,0.0,2405.551514,-124.138695,1676.701294,-0.7768530422,0.6287461786,0.0343160861,0.0804184478,671.5705086774,1709.2692886115,1.0
2268,0.0,2405.283691,-121.452278,1676.701294,-0.7768367033,0.6287329547,0.0349228873,0.0812795602,674.2562392492,1707.3731618044,1.0
2269,0.0,2404.897949,-117.605148,1676.701294,-0.7768271118,0.6287251918,0.0352742324,0.0826057681,678.2538411126,1704.2424033997,1.0
2270,0.0,2404.483887,-113.489578,1676.701294,-0.7768271118,0.6287251918,0.0352742324,0.0839826351,682.3791450015,1701.1056084267,1.0
2271,0.0,2404.106201,-110.407646,1676.701294,-0.7771017987,0.6283856483,0.0352742324,0.0849008424,684.8582199778,1698.435428882,1.0
2272,0.0,2403.543701,-106.307632,1676.701294,-0.7774271959,0.6279830282,0.0352742324,0.0860173097,687.8657172725,1695.2811555525,1.0
2273,0.0,2402.824707,-102.64592,1676.701294,-0.7774897319,0.6279056022,0.0352742324,0.0872176249,691.1134240811,1692.0547839344,1.0
2274,0.0,2401.741211,-98.900551,1676.701294,-0.7774897319,0.6279056022,0.0352742324,0.0884848722,694.3358335654,1688.2866855334,1.0
2275,0.0,2400.606445,-95.501038,1676.701294,-0.7774897319,0.6279056022,0.0352742324,0.0896192698,697.0751456347,1684.6858699667,1.0
2276,0.0,2399.378662,-92.376045,1676.701294,-0.7774897319,0.6279056022,0.0352742324,0.0906578524,699.4382787811,1681.143568632,1.0
2277,0.0,2397.821533,-88.868423,1676.701294,-0.7774897319,0.6279056022,0.0352742324,0.0918108072,701.8777326433,1676.8871842176,1.0
2278,0.0,2396.729736,-86.640236,1676.701294,-0.7774897319,0.6279056022,0.0352742324,0.0925212825,703.2504786826,1674.0150715755,1.0
2279,0.0,2395.038086,-83.502083,1676.701294,-0.7774897319,0.6279056022,0.0352742324,0.0935645542,705.125303842,1669.5505438736,1.0
2280,0.0,2393.48584,-80.823387,1676.701294,-0.7774897319,0.6279056022,0.0352742324,0.0943475696,706.4100808054,1665.9796152682,1.0
2281,0.0,2391.375977,-77.295624,1676.701294,-0.7774897319,0.6279056022,0.0352742324,0.0953864757,708.1869656536,1661.5028701809,1.0
2282,0.0,2389.360107,-74.313454,1676.701294,-0.7774897319,0.6279056022,0.0352742324,0.0963673766,709.7858026054,1657.1839582234,1.0
2283,0.0,2387.063965,-71.059845,1676.701294,-0.7774897319,0.6279056022,0.0352742324,0.0973817186,711.2886104178,1652.4613276126,1.0
2284,0.0,2384.443604,-67.550789,1676.701294,-0.7774897319,0.6279056022,0.0352742324,0.0985326618,713.0527434674,1647.3546747664,1.0
2285,0.0,2383.113037,-65.861916,1676.701294,-0.7774897319,0.6279056022,0.0352742324,0.0991298639,713.8609130659,1644.5047200577,1.0
2286,0.0,2380.447998,-62.566704,1676.701294,-0.7774897319,0.6279056022,0.0352742324,0.1001434536,715.118144553,1639.4799521428,1.0
2287,0.0,2377.41626,-58.955414,1676.701294,-0.7774897319,0.6279056022,0.0352742324,0.1013055277,716.4104948141,1633.4950569987,1.0
2288,0.0,2375.461182,-56.723991,1676.701294,-0.7774897319,0.6279056022,0.0352742324,0.1020303858,717.1510222931,1629.6758495898,1.0
2289,0.0,2372.7854,-53.748978,1676.701294,-0.7774897319,0.6279056022,0.0352742324,0.1029890762,718.0061514678,1624.4175311318,1.0
2290,0.0,2370.132324,-50.883728,1676.701294,-0.7774897319,0.6279056022,0.0352742324,0.1039084541,718.7320010761,1619.2424815397,1.0
2291,0.0,2367.430176,-48.039429,1676.701294,-0.7774897319,0.6279056022,0.0352742324,0.1048167391,719.3537053454,1613.9926656401,1.0
2292,0.0,2362.99585,-43.526428,1676.701294,-0.7777288123,0.6276094511,0.0352742324,0.1061372896,719.6234978272,1605.0815140495,1.0
2293,0.0,2361.3770755,-41.9209155,1676.701294,-0.7778904669,0.6274090243,0.0352742324,0.106512987,719.4767490862,1602.0881949512,1.0
2294,0.0,2356.987305,-37.615177,1676.701294,-0.7780913754,0.6271599,0.0352742324,0.1077182332,719.5331471748,1593.7246596446,1.0
2295,0.0,2355.7613525,-36.4480705,1676.701294,-0.7782315548,0.6269859056,0.0352742324,0.1080076008,719.2962178515,1591.1907022621,1.0
2296,0.0,2351.532715,-32.444252,1676.701294,-0.7786631003,0.626449921,0.0352742498,0.1089511195,718.604111779,1583.1514826818,1.0
2297,0.0,2350.098877,-31.1154585,1676.701294,-0.7791019918,0.6259036052,0.0352742411,0.109052823,717.6816013816,1580.4255418137,1.0
2298,0.0,2345.829834,-27.202614,1676.701294,-0.7804591876,0.6242108499,0.0352742324,,,,
2299,0.0,2344.528076,-26.0250855,1676.701294,-0.780740968,0.6238582097,0.0352742324,,,,
2300,0.0,2340.688477,-22.792589,1676.701294,-0.7810888317,0.6234227823,0.0352742324,,,,
2301,0.0,2337.368408,-20.432131,1676.701294,-0.7810888317,0.6234227823,0.0352742324,,,,
2302,0.0,2334.623535,-18.729876,1676.701294,-0.7810888317,0.6234227823,0.0352742324,,,,
2303,0.0,2331.891602,-17.217676,1676.701294,-0.7810888317,0.6234227823,0.0352742324,,,,
2304,0.0,2326.241943,-17.257809,1677.968994,-0.7810888317,0.6234227823,0.0352742324,,,,
2305,0.0,2323.511475,-16.045811,1677.85437,-0.7837582075,0.6200388767,0.0357052315,,,,
2306,0.0,2319.314941,-14.391133,1677.609009,-0.7873964625,0.615377424,0.0362965146,,,,
2307,0.0,2316.035645,-13.13753,1677.26709,-0.7933330993,0.6077029353,0.0363281714,,,,
2308,0.0,2312.560303,-12.313307,1677.150513,-0.8022714183,0.5956779395,0.0390942937,,,,
2309,0.0,2309.128418,-11.592646,1676.81189,-0.8165554133,0.5758008527,0.0411173336,,,,
2310,0.0,2306.428711,-10.980019,1676.543701,-0.8334115499,0.5512385307,0.0395129188,,,,
2311,0.0,2303.219727,-10.97882,1676.093628,-0.8624137805,0.5051112833,0.033242484,,,,
2312,0.0,2299.720703,-10.903141,1675.734253,-0.8883143581,0.4584582416,0.0267140774,,,,
2313,0.0,2297.42041,-10.807845,1675.371338,-0.9158763443,0.4010685329,0.0177356644,,,,
2314,0.0,2294.592529,-11.757658,1675.188965,-0.9507652104,0.3098665685,0.00531267,,,,
2315,0.0,2291.689941,-13.729568,1674.556519,-0.9799270096,0.1992409519,-0.0067896277,,,,
2316,0.0,2289.928955,-15.292038,1674.714478,-0.9916622427,0.1280856915,-0.0141439733,,,,
2317,0.0,2287.922607,-17.832518,1674.643921,-0.9995316909,-0.0130768571,-0.0276657676,,,,
2318,0.0,2285.563232,-20.685894,1674.466309,-0.9849967375,-0.1672833869,-0.0423992408,,,,
2319,0.0,2284.121582,-23.184731,1674.073364,-0.9515817102,-0.3023427699,-0.0555076411,,,,
2320,0.0,2282.510498,-26.701349,1673.796265,-0.8878887266,-0.4545353768,-0.0710717969,,,,
2321,0.0,2281.899658,-29.872265,1673.817993,-0.8016310914,-0.5918236561,-0.0844532613,,,,
2322,0.0,2281.881836,-32.322742,1674.137451,-0.7293236585,-0.6778110183,-0.0930549552,,,,
2323,0.0,2282.055908,-35.03577,1674.400757,-0.6356747191,-0.7653475264,-0.1008008702,,,,
2324,0.0,2282.366211,-37.168064,1674.801147,-0.5745885543,-0.8116780881,-0.1050079744,,,,
2325,0.0,2283.073975,-38.855152,1675.37439,-0.5137096394,-0.8510601247,-0.1086235267,,,,
2326,0.0,2283.682373,-40.300938,1675.808716,-0.4810807864,-0.869688115,-0.1104710805,,,,
2327,0.0,2284.510498,-42.070446,1676.175171,-0.455343465,-0.8832557887,-0.1118996903,,,,
2328,0.0,2285.584961,-42.953003,1676.930542,-0.4485445256,-0.8866990262,-0.1121278087,,,,
2329,0.0,2286.421875,-44.109573,1677.090332,-0.4477968542,-0.8870768488,-0.1121277914,,,,
2330,0.0,2287.65332,-45.781223,1677.14563,-0.4477968542,-0.8870768488,-0.1121277914,,,,
2331,0.0,2288.934082,-47.497646,1677.123291,-0.4477968542,-0.8870768488,-0.1121277914,,,,
2332,0.0,2289.890625,-48.791813,1677.06665,-0.4478147111,-0.887112223,-0.1117760637,,,,
2333,0.0,2291.737793,-50.908573,1677.114502,-0.4478426226,-0.8871669378,-0.1112286379,,,,
2334,0.0,2293.44458,-52.500538,1677.003174,-0.4486833717,-0.8868597503,-0.1102860612,,,,
2335,0.0,2295.211914,-53.812191,1676.727295,-0.4504610077,-0.8863906728,-0.1067541834,,,,
2336,0.0,2297.11499,-55.238182,1676.510254,-0.4524466616,-0.8860378283,-0.1011384457,,,,
2337,0.0,2298.997559,-56.733376,1676.427124,-0.4561087995,-0.8850629759,-0.0928885985,,,,
2338,0.0,2301.10083,-58.296619,1676.24707,-0.4633781732,-0.8822763096,-0.0828805288,,,,
2339,0.0,2302.950928,-59.674015,1676.202026,-0.4710522268,-0.8789553108,-0.0744806103,,,,
2340,0.0,2305.205566,-61.292767,1676.199585,-0.4780786961,-0.8757742996,-0.0667842534,,,,
2341,0.0,2308.678467,-65.258858,1676.851074,-0.5027931023,-0.8630406496,-0.0485791466,,,,
2342,0.0,2310.581055,-66.86776,1676.83667,-0.5208864779,-0.8527998754,-0.0375453008,,,,
2343,0.0,2312.714844,-68.637985,1676.818604,-0.5399481771,-0.8412393782,-0.0277898303,,,,
2344,0.0,2315.1521,-70.685081,1676.798096,-0.5678116813,-0.8230081109,-0.0157335289,,,,
2345,0.0,2316.99292,-72.22171,1676.782715,-0.5887182981,-0.8083129096,-0.0064035693,,,,
2346,0.0,2319.015869,-73.882637,1676.766357,-0.6081919231,-0.7937820279,0.0035604467,,,,
2347,0.0,2320.689941,-75.279495,1676.753296,-0.6242519434,-0.7811313363,0.0119727424,,,,
2348,0.0,2323.654785,-77.655342,1676.730957,-0.6436246439,-0.7650169084,0.0222811062,,,,
2349,0.0,2325.658203,-79.273514,1676.716431,-0.6544913477,-0.7555440808,0.0281818696,,,,
2350,0.0,2327.85791,-81.120949,1676.70752,-0.6699344025,-0.7415674994,0.0355744324,,,,
2351,0.0,2330.348145,-83.00592,1676.701904,-0.6824042582,-0.7297968396,0.0414849525,,,,
2352,0.0,2332.719727,-84.808784,1676.701172,-0.6962146742,-0.7163279056,0.0464699812,,,,
2353,0.0,2334.875977,-86.478439,1676.701294,-0.7072120303,-0.7052552357,0.049660816,,,,
2354,0.0,2337.209961,-88.322624,1676.701294,-0.7158953215,-0.696257086,0.0521532258,,,,
2355,0.0,2339.388672,-90.069107,1676.701416,-0.7247364045,-0.6868429483,0.0548079234,,,,
2356,0.0,2342.13916,-92.347664,1676.701294,-0.7357980899,-0.6746948522,0.0582067645,,,,
2357,0.0,2344.118896,-94.014061,1676.701294,-0.7415674634,-0.6682723596,0.0590741117,,,,
2358,0.0,2346.832764,-96.3498,1676.701294,-0.7494052431,-0.6592794094,0.0611755014,,,,
2359,0.0,2348.652588,-97.94754,1676.701294,-0.7534142298,-0.6546896167,0.0612250281,,,,
2360,0.0,2350.82959,-99.94001,1676.701294,-0.7578477375,-0.6495132545,0.0616387783,,,,
2361,0.0,2353.617188,-102.552582,1676.701294,-0.7619518647,-0.6446431973,0.0621651356,,,,
2362,0.0,2355.655762,-104.514465,1676.701294,-0.7642107968,-0.6419620423,0.0621819454,,,,
2363,0.0,2357.736816,-106.572426,1676.701294,-0.7651323595,-0.6408633816,0.0621819803,,,,
2364,0.0,2359.875244,-108.710747,1676.701294,-0.7656533475,-0.6402408569,0.0621819629,,,,
2365,0.0,2362.028564,-111.103973,1676.701294,-0.7660349706,-0.6397842037,0.0621819629,,,,
2366,0.0,2363.898193,-113.541,1676.701294,-0.7663495789,-0.6394073244,0.0621819629,,,,
2367,0.0,2365.476807,-115.767296,1676.701294,-0.7671144554,-0.6384894798,0.0621819629,,,,
2368,0.0,2367.202637,-118.715622,1676.701294,-0.7681895508,-0.6371955898,0.0621819454,,,,
2369,0.0,2368.343506,-120.848427,1676.701294,-0.7695969888,-0.6354949886,0.0621819454,,,,
2370,0.0,2369.31958,-123.003792,1676.701294,-0.7714697388,-0.633256086,0.0618156262,,,,
2371,0.0,2370.604492,-126.088387,1676.701294,-0.7733547,-0.6310005246,0.061325736,,,,
2372,0.0,2371.694824,-129.063416,1676.701294,-0.775304303,-0.6286133385,0.0612250629,,,,
2373,0.0,2372.539307,-131.7939,1676.701294,-0.7776857084,-0.625745806,0.0603914335,,,,
2374,0.0,2373.107666,-133.92334,1676.701294,-0.7798849171,-0.6230506505,0.0598949326,,,,
2375,0.0,2373.902344,-137.220276,1676.701294,-0.7823624632,-0.6199841588,0.05940218,,,,
2376,0.0,2374.528076,-140.175339,1676.701294,-0.7848231094,-0.6169134941,0.0589103364,,,,
2377,0.0,2375.018799,-143.149673,1676.701294,-0.7872657491,-0.6138401969,0.0584196285,,,,
2378,0.0,2375.73291,-148.543045,1676.792847,-0.7911148313,-0.6089687401,0.0573968395,,,,
2379,0.0,2375.925659,-150.4493485,1676.825745,-0.7922768554,-0.6074531586,0.0573968395,,,,
2380,0.0,2376.118408,-152.355652,1676.858643,-0.7934388794,-0.6059375772,0.0573968395,,,,
2381,0.0,2376.44751,-157.530624,1676.910278,-0.797805306,-0.6003054659,0.056036071,,,,
2382,0.0,2376.583984,-160.808487,1676.901611,-0.8000056351,-0.5974124641,0.0555817554,,,,
2383,0.0,2376.672119,-164.248749,1676.899536,-0.8025882535,-0.5939882779,0.0550456269,,,,
2384,0.0,2376.67749,-166.79744,1676.899292,-0.8044938733,-0.5914416243,0.0546480817,,,,
2385,0.0,2376.655029,-170.516235,1676.89917,-0.8073217121,-0.5876708554,0.0536154729,,,,
2386,0.0,2376.59375,-173.372787,1676.89917,-0.8089501524,-0.58550759,0.0527305706,,,,
2387,0.0,2376.496582,-176.175705,1676.899292,-0.8102079864,-0.5838158439,0.0521735487,,,,
2388,0.0,2376.359619,-179.515335,1676.89917,-0.8112830243,-0.5823613514,0.0517214738,,,,
2389,0.0,2376.172852,-182.919678,1676.89917,-0.8136026919,-0.5792028412,0.0507417823,,,,
2390,0.0,2375.974609,-185.877884,1676.89917,-0.8157695237,-0.5762272873,0.0498216582,,,,
2391,0.0,2375.76416,-188.718048,1676.89917,-0.8168806168,-0.5746583267,0.0497379688,,,,
2392,0.0,2375.465332,-192.333801,1676.915283,-0.8182028025,-0.5728562475,0.0487841539,,,,
2393,0.0,2375.206055,-195.121536,1676.915527,-0.8196858369,-0.5707325139,0.0487803885,,,,
2394,0.0,2374.994873,-197.253967,1676.915405,-0.8204685658,-0.5696367546,0.048428301,,,,
2395,0.0,2374.555176,-201.493668,1676.915405,-0.8214917336,-0.5682097914,0.0478431254,,,,
2396,0.0,2374.256836,-204.20932,1676.915405,-0.8215271937,-0.5681602341,0.0478227808,,,,
2397,0.0,2373.867432,-207.548294,1676.933716,-0.8215271937,-0.5681602341,0.0478227808,,,,
2398,0.0,2373.524902,-210.333572,1676.938477,-0.8215271937,-0.5681602341,0.0478227808,,,,
2399,0.0,2373.102051,-213.696381,1676.935791,-0.8215271937,-0.5681602341,0.0478227808,,,,
2400,0.0,2372.715088,-216.659515,1676.950684,-0.8215271937,-0.5681602341,0.0478227808,,,,
2401,0.0,2372.373535,-219.166794,1676.957275,-0.8215271937,-0.5681602341,0.0478227808,,,,
2402,0.0,2371.814209,-223.207184,1676.95459,-0.8215271937,-0.5681602341,0.0478227808,,,,
2403,0.0,2371.403564,-226.082886,1676.972168,-0.8215271937,-0.5681602341,0.0478227808,,,,
2404,0.0,2370.990723,-228.910858,1676.975586,-0.8215271937,-0.5681602341,0.0478227808,,,,
2405,0.0,2370.564209,-231.76828,1676.973999,-0.8215271937,-0.5681602341,0.0478227808,,,,
2406,0.0,2370.09082,-234.900208,1676.971558,-0.8215271937,-0.5681602341,0.0478227808,,,,
2407,0.0,2369.512451,-238.662964,1676.88855,-0.8215271937,-0.5681602341,0.0478227808,,,,
2408,0.0,2369.019775,-241.807358,1676.806641,-0.8215271937,-0.5681602341,0.0478227808,,,,
2409,0.0,2368.570801,-244.636032,1676.804199,-0.8215271937,-0.5681602341,0.0478227808,,,,
2410,0.0,2368.066406,-247.780258,1676.805054,-0.8215271937,-0.5681602341,0.0478227808,,,,
2411,0.0,2367.549072,-250.964279,1676.804932,-0.8215271937,-0.5681602341,0.0478227808,,,,
2412,0.0,2367.180176,-253.211746,1676.804932,-0.8215271937,-0.5681602341,0.0478227808,,,,
2413,0.0,2366.621826,-256.593079,1676.804932,-0.8215271937,-0.5681602341,0.0478227808,,,,
2414,0.0,2366.061035,-259.961029,1676.804932,-0.8215271937,-0.5681602341,0.0478227808,,,,
2415,0.0,2365.505127,-263.268219,1676.769897,-0.8215271937,-0.5681602341,0.0478227808,,,,
2416,0.0,2365.032959,-266.038788,1676.728516,-0.8220160719,-0.5675199404,0.0470180257,,,,
2417,0.0,2364.589111,-268.626038,1676.709106,-0.8223480933,-0.567083867,0.0464704345,,,,
2418,0.0,2363.428467,-275.348816,1676.700928,-0.8231501602,-0.5659649484,0.0459074168,,,,
2419,0.0,2363.1400145,-276.9959715,1676.701111,-0.823463179,-0.5655454119,0.0454566023,,,,
2420,0.0,2362.851562,-278.643127,1676.701294,-0.8237761978,-0.5651258753,0.0450057877,,,,
2421,0.0,2362.337158,-281.545135,1676.701294,-0.8248341983,-0.5637182772,0.0432463789,,,,
2422,0.0,2361.251465,-287.59671,1676.701294,-0.8271075985,-0.560528136,0.0412459599,,,,
2423,0.0,2360.664551,-290.820038,1676.701294,-0.8286972046,-0.5582491486,0.0402347012,,,,
2424,0.0,2360.083984,-293.991364,1676.701294,-0.8298800099,-0.5565602401,0.0392411551,,,,
2425,0.0,2359.509033,-297.088806,1676.701294,-0.8315121581,-0.5541868622,0.0382681675,,,,
2426,0.0,2359.063232,-299.46936,1676.701294,-0.8328008974,-0.5523483687,0.0367959906,,,,
2427,0.0,2358.462158,-302.635223,1676.701294,-0.8349100983,-0.549241028,0.0354883199,,,,
2428,0.0,2357.859375,-305.806061,1676.701294,-0.8362684113,-0.5472854098,0.0336723098,,,,
2429,0.0,2357.255127,-308.958038,1676.701294,-0.8373817961,-0.5456498749,0.0325260126,,,,
2430,0.0,2356.656494,-311.99646,1676.701294,-0.8398148973,-0.5419543913,0.0315654232,,,,
2431,0.0,2356.134766,-314.652496,1676.701294,-0.8409422054,-0.5402516654,0.0307302,,,,
2432,0.0,2355.470459,-317.993378,1676.701294,-0.8425375889,-0.5378193086,0.0296783164,,,,
2433,0.0,2354.832031,-321.177643,1676.701294,-0.8437204608,-0.5360162471,0.0286769415,,,,
2434,0.0,2354.160645,-324.487061,1676.701294,-0.8448595721,-0.5342738456,0.0276362305,,,,
2435,0.0,2353.63208,-327.067566,1676.701294,-0.8457449668,-0.5329126642,0.0268243078,,,,
2436,0.0,2352.957031,-330.314636,1676.701294,-0.8473096645,-0.5304721445,0.0257999275,,,,
2437,0.0,2352.372559,-333.092804,1676.701294,-0.8487225355,-0.5282508205,0.0249224489,,,,
2438,0.0,2351.736084,-336.071167,1676.701294,-0.8506295796,-0.5252183397,0.0239794503,,,,
2439,0.0,2351.055176,-339.217499,1676.701294,-0.8527386487,-0.5218319832,0.0229821301,,,,
2440,0.0,2350.37915,-342.31073,1676.701294,-0.8544155339,-0.5191242257,0.0220030387,,,,
2441,0.0,2349.743164,-345.19577,1676.701294,-0.8558589274,-0.5167791711,0.02108992,,,,
2442,0.0,2349.006836,-348.476776,1676.701294,-0.8579250404,-0.5133835612,0.0200485454,,,,
2443,0.0,2348.30249,-351.571198,1676.701294,-0.8599547376,-0.5100140859,0.0190651881,,,,
2444,0.0,2347.565674,-354.764038,1676.701294,-0.8620493422,-0.5065351945,0.0171180688,,,,
2445,0.0,2346.882568,-357.669678,1676.701294,-0.8644013624,-0.5025706997,0.0152635682,,,,
2446,0.0,2346.282959,-360.21402,1676.701294,-0.8656869593,-0.5003786674,0.0143971425,,,,
2447,0.0,2345.51709,-363.39624,1676.701294,-0.8680319845,-0.4963490407,0.0125739281,,,,
2448,0.0,2344.703369,-366.736664,1676.701294,-0.8702362424,-0.4925239519,0.010442185,,,,
2449,0.0,2344.073242,-369.288361,1676.701294,-0.8718371161,-0.4896864647,0.0103541902,,,,
2450,0.0,2343.267578,-372.507874,1676.701294,-0.8738516244,-0.4860996027,0.0095139255,,,,
2451,0.0,2342.439453,-375.782318,1676.701294,-0.8754358845,-0.4832600529,0.0084695627,,,,
2452,0.0,2341.767578,-378.379517,1676.701294,-0.8774161208,-0.4796693003,0.0076363172,,,,
2453,0.0,2340.954346,-381.493805,1676.721802,-0.8794005005,-0.4760239888,0.0074780902,,,,
2454,0.0,2340.104248,-384.662994,1676.72522,-0.8826275232,-0.4700270717,0.0065732117,,,,
2455,0.0,2339.412109,-387.210724,1676.725098,-0.8849616384,-0.4656182947,0.0065193694,,,,
2456,0.0,2338.66748,-389.901855,1676.731323,-0.8875693202,-0.4606336394,0.0061116338,,,,
2457,0.0,2337.67334,-393.479858,1676.745605,-0.8901435836,-0.4556457233,0.0056013781,,,,
2458,0.0,2336.900879,-396.179932,1676.76001,-0.8931498329,-0.4497336584,0.0047971412,,,,
2459,0.0,2336.05835,-399.039856,1676.76355,-0.8973124061,-0.4413854649,0.003052419,,,,
2460,0.0,2335.183838,-402.036072,1676.776489,-0.8988106535,-0.4383288751,0.0026844702,,,,
2461,0.0,2333.401123,-407.871246,1676.793823,-0.9057010433,-0.4239159354,0.0009486212,,,,
2462,0.0,2332.8687745,-409.5716705,1676.795776,-0.907416322,-0.420212456,0.000438034,,,,
2463,0.0,2332.336426,-411.272095,1676.797729,-0.9091316006,-0.4165089766,-7.25533e-05,,,,
2464,0.0,2330.597412,-416.583191,1676.701782,-0.9169203302,-0.3990617659,-0.0026105733,,,,
2465,0.0,2329.588379,-419.561951,1676.70105,-0.9216141868,-0.3880800411,-0.0046013523,,,,
2466,0.0,2328.659424,-422.225616,1676.701294,-0.9263252788,-0.3766703859,-0.0063951744,,,,
2467,0.0,2327.578125,-425.277313,1676.701294,-0.9307279471,-0.3656148392,-0.0084426158,,,,
2468,0.0,2326.463867,-428.262421,1676.701294,-0.9365945792,-0.3502582593,-0.0104759727,,,,
2469,0.0,2325.323975,-431.299438,1676.701294,-0.9412956976,-0.3373502463,-0.01253878,,,,
2470,0.0,2324.422363,-434.070312,1676.701294,-0.9468526282,-0.3213003885,-0.0153675253,,,,
2471,0.0,2323.706543,-436.802673,1676.701294,-0.951226058,-0.3080129186,-0.0172345174,,,,
2472,0.0,2323.008789,-439.410553,1676.701294,-0.9563214138,-0.2916278275,-0.0200639884,,,,
2473,0.0,2322.417969,-441.765686,1676.701294,-0.9593542965,-0.2814139842,-0.0211069506,,,,
2474,0.0,2321.918213,-443.908478,1676.701294,-0.9607355796,-0.2765908226,-0.0220150611,,,,
2475,0.0,2321.524658,-445.475708,1676.701294,-0.961595662,-0.2735751692,-0.022145196,,,,
2476,0.0,2321.181885,-446.851501,1676.701294,-0.9619450285,-0.2723441801,-0.022145196,,,,
2477,0.0,2320.860352,-448.142426,1676.701294,-0.9621840048,-0.2714986763,-0.022145196,,,,
2478,0.0,2320.564697,-449.318359,1676.701294,-0.962783215,-0.2693660545,-0.022145196,,,,
2479,0.0,2320.273438,-450.477875,1676.701294,-0.963436531,-0.2670199264,-0.022145196,,,,
2480,0.0,2320.078613,-451.242859,1676.701294,-0.9643975182,-0.2635563596,-0.0218053229,,,,
2481,0.0,2319.927979,-452.086212,1676.701294,-0.9655071747,-0.2594654405,-0.0217619094,,,,
2482,0.0,2319.862061,-452.719727,1676.701294,-0.9664000944,-0.2561196533,-0.0217619094,,,,
2483,0.0,2319.817871,-453.626617,1676.701294,-0.9679060306,-0.2503683991,-0.0217619094,,,,
2484,0.0,2319.823242,-454.37265,1676.701294,-0.9689157253,-0.2464320121,-0.0217619094,,,,
2485,0.0,2319.856201,-455.182526,1676.701294,-0.9697990728,-0.2429324549,-0.0217619094,,,,
2486,0.0,2319.907715,-455.89624,1676.701294,-0.9704456276,-0.2403049061,-0.0221096349,,,,
2487,0.0,2319.970947,-456.576385,1676.701294,-0.9710539527,-0.2377965721,-0.0225169108,,,,
2488,0.0,2320.063232,-457.41217,1676.701294,-0.9715498726,-0.2357519596,-0.022624291,,,,
2489,0.0,2320.161865,-458.169708,1676.701294,-0.9721762583,-0.2331554507,-0.022624291,,,,
2490,0.0,2320.27832,-458.97403,1676.701294,-0.9727106388,-0.2308846041,-0.0229415095,,,,
2491,0.0,2320.407959,-459.789154,1676.701294,-0.97338925,-0.2280000433,-0.0230075702,,,,
2492,0.0,2320.526611,-460.474915,1676.701294,-0.9740893146,-0.2249903531,-0.0230075702,,,,
2493,0.0,2320.68457,-461.369995,1676.701294,-0.9747755247,-0.2219984868,-0.0230075702,,,,
2494,0.0,2320.825439,-462.123016,1676.701294,-0.9754808801,-0.2188782865,-0.0230075702,,,,
2495,0.0,2320.982178,-462.916595,1676.701294,-0.9764422304,-0.2145488812,-0.0230075702,,,,
2496,0.0,2321.120605,-463.590027,1676.701294,-0.9774906931,-0.2097550001,-0.0226888691,,,,
2497,0.0,2321.289062,-464.379425,1676.701294,-0.9789565122,-0.2028585216,-0.0221938613,,,,
2498,0.0,2321.427246,-465.020966,1676.701294,-0.9800152975,-0.1977580115,-0.0214891957,,,,
2499,0.0,2321.602051,-465.820221,1676.701294,-0.9815068082,-0.190320678,-0.0205529812,,,,
2500,0.0,2321.770752,-466.597992,1676.701294,-0.9828244731,-0.1835663603,-0.0189590738,,,,
2501,0.0,2321.931152,-467.363678,1676.701294,-0.9837444514,-0.1787125845,-0.0175689068,,,,
2502,0.0,2322.090576,-468.097473,1676.701294,-0.9850972031,-0.1714313965,-0.0139562468,,,,
2503,0.0,2322.395996,-469.488556,1676.701294,-0.9877870994,-0.1557150988,-0.0054271794,,,,
2504,0.0,2322.556885,-470.255951,1676.701294,-0.9889639245,-0.1481363609,-0.0024443137,,,,
2505,0.0,2322.694824,-470.921692,1676.701294,-0.99007067,-0.14057043,0.0001504299,,,,
2506,0.0,2322.850586,-471.702332,1676.701294,-0.9910005627,-0.1338455054,0.0018070431,,,,
2507,0.0,2322.995361,-472.493103,1676.701294,-0.9916228006,-0.1291377917,0.0027662386,,,,
2508,0.0,2323.121094,-473.255035,1676.701294,-0.9918273047,-0.1275551845,0.0028762114,,,,
2509,0.0,2323.250488,-474.081665,1676.701294,-0.9918528289,-0.1273565595,0.0028762114,,,,
2510,0.0,2323.374512,-474.899902,1676.701294,-0.9918528289,-0.1273565595,0.0028762114,,,,
2511,0.0,2323.486816,-475.677429,1676.701294,-0.9917180682,-0.1284017154,0.0028762114,,,,
2512,0.0,2323.601318,-476.551666,1676.701294,-0.9911515348,-0.1327184044,0.0021119341,,,,
2513,0.0,2323.708496,-477.427856,1676.701294,-0.9902440232,-0.1393386201,0.0012343314,,,,
2514,0.0,2323.820557,-478.358124,1676.701294,-0.989132481,-0.1470249368,0.0007765318,,,,
2515,0.0,2323.932129,-479.219543,1676.701294,-0.988339292,-0.1522657399,0.0007669849,,,,
2516,0.0,2324.025146,-479.911804,1676.701294,-0.9878492513,-0.1554132185,0.0007669849,,,,
2517,0.0,2324.156982,-480.814301,1676.701294,-0.9876834245,-0.1564636208,0.0007669849,,,,
2518,0.0,2324.277588,-481.61084,1676.701294,-0.9876790494,-0.1564912366,0.0007669849,,,,
2519,0.0,2324.404541,-482.446625,1676.701294,-0.9876790494,-0.1564912366,0.0007669849,,,,
2520,0.0,2324.519775,-483.202454,1676.701294,-0.9876790494,-0.1564912366,0.0007669849,,,,
2521,0.0,2324.648193,-484.040466,1676.701294,-0.9876790494,-0.1564912366,0.0007669849,,,,
2522,0.0,2324.770264,-484.833282,1676.701294,-0.9876790494,-0.1564912366,0.0007669849,,,,
2523,0.0,2324.893066,-485.626617,1676.701294,-0.9877202485,-0.1562294655,0.0010318559,,,,
2524,0.0,2325.021729,-486.440186,1676.701294,-0.9878358754,-0.1554928107,0.0015063582,,,,
2525,0.0,2325.057373,-487.168182,1676.701294,-0.987981275,-0.1545624123,0.0018603628,,,,
2526,0.0,2325.020508,-487.940613,1676.701294,-0.9881371813,-0.1535587215,0.0021517275,,,,
2527,0.0,2324.891113,-488.861786,1676.701294,-0.988320561,-0.152369021,0.0024799358,,,,
2528,0.0,2324.713135,-489.646118,1676.701294,-0.9884206076,-0.1517169893,0.002580257,,,,
2529,0.0,2324.480713,-490.450409,1676.701294,-0.988454987,-0.1514926993,0.0025885822,,,,
2530,0.0,2324.193848,-491.28183,1676.701294,-0.9884710387,-0.1513879283,0.0025885822,,,,
2531,0.0,2323.816895,-492.237854,1676.701294,-0.9884729727,-0.1513752998,0.0025885822,,,,
2532,0.0,2323.495117,-492.970764,1676.701294,-0.9884729727,-0.1513752998,0.0025885822,,,,
2533,0.0,2323.06543,-493.881866,1676.701294,-0.9884729727,-0.1513752998,0.0025885822,,,,
2534,0.0,2322.594482,-494.817322,1676.701294,-0.9884729727,-0.1513752998,0.0025885822,,,,
2535,0.0,2322.072998,-495.796875,1676.701294,-0.9884729727,-0.1513752998,0.0025885822,,,,
2536,0.0,2321.572754,-496.696198,1676.701294,-0.9884729727,-0.1513752998,0.0025885822,,,,
2537,0.0,2321.07251,-497.56601,1676.701294,-0.9884729727,-0.1513752998,0.0025885822,,,,
2538,0.0,2320.334961,-498.785706,1676.701294,-0.9884729727,-0.1513752998,0.0025885822,,,,
2539,0.0,2319.783203,-499.663757,1676.701294,-0.9884729727,-0.1513752998,0.0025885822,,,,
2540,0.0,2318.76123,-501.248322,1676.701294,-0.9884729727,-0.1513752998,0.0025885822,,,,
2541,0.0,2317.752441,-502.75705,1676.701294,-0.9889014266,-0.1485061454,0.0044601741,,,,
2542,0.0,2316.973877,-503.878387,1676.701294,-0.9897185943,-0.1428008374,0.008063805,,,,
2543,0.0,2315.787109,-505.49057,1676.701294,-0.9915212082,-0.1291884633,0.014001237,,,,
2544,0.0,2313.338623,-508.699127,1676.701294,-0.994685552,-0.1007822781,0.02106146,,,,
2545,0.0,2311.996338,-510.425964,1676.701294,-0.995942763,-0.0869062666,0.0233519533,0.1453655269,893.569141309,1720.950128056,1.0
2546,0.0,2310.740723,-512.03772,1676.701294,-0.9967793378,-0.0761662541,0.0250928968,0.1399708924,878.2838039634,1721.2982935111,1.0
2547,0.0,2309.202881,-514.06427,1676.701294,-0.9972017123,-0.0699489024,0.0263798426,0.1370324025,869.881965992,1721.6546530607,1.0
2548,0.0,2308.353882,-515.1842955,1676.701294,-0.9973062102,-0.0682033002,0.0269308612,0.1362795931,867.7336479694,1721.7997698235,1.0
2549,0.0,2306.212646,-518.015564,1676.701294,-0.9974159386,-0.0663665455,0.0275123069,0.135680323,866.1118621071,1722.0880798119,1.0
2550,0.0,2304.630615,-520.088745,1676.701294,-0.9974159386,-0.0663665455,0.0275123069,0.1359224403,866.8801025782,1722.1915894717,1.0
2551,0.0,2302.919434,-522.240234,1676.701294,-0.9973930483,-0.0663650224,0.0283335654,0.1362040278,867.7077371287,1722.1830486222,1.0
2552,0.0,2301.175049,-524.406189,1676.701294,-0.9974204807,-0.0655213911,0.0293143643,0.1360732538,867.1979766326,1721.9377645442,1.0
2553,0.0,2299.570801,-526.384949,1676.701294,-0.9974246341,-0.0654066761,0.0294290004,0.1362401905,867.5295767638,1721.6176163605,1.0
2554,0.0,2297.918945,-528.408875,1676.701294,-0.9974246341,-0.0654066761,0.0294290004,0.1364270612,867.8801409043,1721.2196329459,1.0
2555,0.0,2295.643311,-531.17749,1676.701294,-0.9974246341,-0.0654066761,0.0294290004,0.1366613317,868.2374270709,1720.5598354324,1.0
2556,0.0,2293.862061,-533.329041,1676.701294,-0.9974246341,-0.0654066761,0.0294290004,0.1368309012,868.4738391657,1720.0398578313,1.0
2557,0.0,2292.346191,-535.151733,1676.701294,-0.9974246341,-0.0654066761,0.0294290004,0.1369700241,868.6580967327,1719.59504361,1.0
2558,0.0,2290.072754,-537.872559,1676.701294,-0.9974246341,-0.0654066761,0.0294290004,0.1371719005,868.9208123777,1718.9420330086,1.0
2559,0.0,2288.156982,-540.14801,1676.701294,-0.9974844456,-0.0644880972,0.0294290004,0.136870677,867.7670860727,1718.4087101785,1.0
2560,0.0,2286.232422,-542.419556,1676.701294,-0.9975758468,-0.062623573,0.0303433363,0.1361172189,865.2563866419,1717.8252492659,1.0
2561,0.0,2284.370117,-544.608032,1676.701294,-0.9976871114,-0.0608032792,0.0303873157,0.1353634299,862.727054765,1717.218836328,1.0
2562,0.0,2282.452637,-546.846741,1676.701294,-0.9978220451,-0.0581030899,0.0312281476,0.134212441,858.9040002025,1716.3946073455,1.0
2563,0.0,2280.715332,-548.866394,1676.701294,-0.9979383389,-0.0555960738,0.0320647534,0.1331587948,855.3003924858,1715.4578610444,1.0
2564,0.0,2278.439941,-551.489868,1676.701294,-0.9981666738,-0.0506376012,0.0331530503,0.1309625213,847.9606771773,1713.9304484893,1.0
2565,0.0,2276.620361,-553.579041,1676.701294,-0.9983370055,-0.0470835214,0.0332620732,0.1293983817,842.5585767703,1712.5569731053,1.0
2566,0.0,2274.381104,-556.132202,1676.701294,-0.998534313,-0.0420192346,0.0341117231,0.1271522577,834.7616762893,1710.6029970428,1.0
2567,0.0,2272.19751,-558.590393,1676.701294,-0.9987668461,-0.0341253962,0.036058904,,,,
2568,0.0,2270.34082,-560.674866,1676.701294,-0.9989307775,-0.0288348945,0.0361365555,,,,
2569,0.0,2268.221436,-563.029907,1676.701294,-0.999091112,-0.0211653693,0.0369996888,,,,
2570,0.0,2266.369141,-565.065918,1676.701294,-0.9991624484,-0.0134928087,0.0386308926,,,,
2571,0.0,2264.186523,-567.445129,1676.701294,-0.9991967392,-0.0043779482,0.0398335276,,,,
2572,0.0,2261.831543,-569.972107,1676.701294,-0.9991259837,0.0085082244,0.0409252823,,,,
2573,0.0,2259.906982,-572.038574,1676.701294,-0.9990306606,0.0137895954,0.0418041405,,,,
2574,0.0,2257.88501,-574.204041,1676.701294,-0.9989815692,0.016778102,0.0418845994,,,,
2575,0.0,2255.856445,-576.362671,1676.701294,-0.9989469532,0.0187260521,0.0418845994,,,,
2576,0.0,2253.486084,-578.862488,1676.701294,-0.998904912,0.02084843,0.0418845994,,,,
2577,0.0,2251.535156,-580.906677,1676.701294,-0.9988850158,0.021780853,0.0418845994,,,,
2578,0.0,2249.352539,-583.17688,1676.701294,-0.9988634576,0.0227480717,0.041884582,,,,
2579,0.0,2246.959717,-585.643005,1676.701294,-0.9988165746,0.0247210574,0.0418845994,,,,
2580,0.0,2244.915527,-587.731995,1676.701294,-0.9987704021,0.0265210407,0.041884582,,,,
2581,0.0,2242.852295,-589.832336,1676.701294,-0.9987765931,0.0275271191,0.0410801023,,,,
2582,0.0,2240.390869,-592.317322,1676.701294,-0.9987257545,0.029527494,0.0409266948,,,,
2583,0.0,2238.391602,-594.325928,1676.701294,-0.9986986007,0.0304320662,0.0409266948,,,,
2584,0.0,2236.012207,-596.709473,1676.701294,-0.9987318062,0.0305544771,0.0400150366,,,,
2585,0.0,2234.175049,-598.536377,1676.701294,-0.9987104551,0.0313037874,0.0399687352,,,,
2586,0.0,2231.585693,-601.099548,1676.701294,-0.9986747381,0.0324232597,0.0399687352,,,,
2587,0.0,2229.464355,-603.182922,1676.701294,-0.9986495886,0.0342089895,0.0390991595,,,,
2588,0.0,2227.353027,-605.247314,1676.701294,-0.9985890992,0.0360273948,0.0390107388,,,,
2589,0.0,2222.984131,-609.484924,1676.701294,-0.9984815988,0.0405639991,0.0372700806,,,,
2590,0.0,2220.813477,-611.573059,1676.701294,-0.9983986419,0.0433542032,0.0363395783,,,,
2591,0.0,2218.276611,-614.001343,1676.701294,-0.9982909709,0.0466073489,0.0352546794,,,,
2592,0.0,2216.369141,-615.8172,1676.701294,-0.9982024959,0.0490468045,0.0344410825,,,,
2593,0.0,2213.73584,-618.307312,1676.701294,-0.9980219679,0.0533102801,0.0333191487,,,,
2594,0.0,2211.588867,-620.320251,1676.701294,-0.9978011495,0.0578165805,0.0324053867,0.0914008188,691.828366188,1656.4027972846,1.0
2595,0.0,2209.150635,-622.587708,1676.701294,-0.9974904895,0.0639256495,0.0304341038,0.0890978895,682.5458326139,1654.1652418101,1.0
2596,0.0,2207.173584,-624.41394,1676.701294,-0.9972057863,0.0689463374,0.028757996,0.0872417876,675.004853973,1652.397694415,1.0
2597,0.0,2204.673828,-626.693298,1676.701294,-0.9965944299,0.0780384565,0.026637223,0.0842987834,663.0625765404,1649.9849237695,1.0
2598,0.0,2202.644043,-628.543884,1676.701294,-0.9962618182,0.0824605351,0.0257419844,0.0832745845,658.5010483526,1648.2393672723,1.0
2599,0.0,2200.155762,-630.78717,1676.701294,-0.9956759393,0.0895516999,0.0246964983,0.0813709175,650.4457008803,1646.1936775787,1.0
2600,0.0,2197.94043,-632.770264,1676.701294,-0.9951788995,0.0951521338,0.0237703496,0.0800010791,644.5225330837,1644.5220098335,1.0
2601,0.0,2195.916748,-634.57489,1676.701294,-0.994837374,0.0986809108,0.0236786235,0.0794154861,641.7049356187,1643.1078444027,1.0
2602,0.0,2193.412598,-636.77478,1676.701294,-0.994089158,0.106135582,0.0228469724,0.0774979926,633.5965225123,1641.4745638655,1.0
2603,0.0,2191.101807,-638.797607,1676.701294,-0.9936242616,0.1104292627,0.0227201373,0.0767761511,630.2246999357,1640.0886913231,1.0
2604,0.0,2188.911621,-640.704102,1676.701294,-0.9933082032,0.1132369584,0.0227201373,0.0766000189,629.0618942896,1638.8686072938,1.0
2605,0.0,2186.545166,-642.749573,1676.701294,-0.99299263,0.1161205738,0.0219465037,0.0764694652,628.0761178023,1637.6410312605,1.0
2606,0.0,2184.030273,-644.911682,1676.701294,-0.9928341946,0.1175018868,0.0217616302,0.0770102951,629.7401775372,1636.4341308248,1.0
2607,0.0,2181.401367,-647.146301,1676.701294,-0.9924828925,0.1204331327,0.0217616302,0.0770205689,629.329635572,1635.262595943,1.0
2608,0.0,2179.251221,-648.95874,1676.701294,-0.9921654568,0.1230208837,0.0217616302,0.0769672294,628.7786896092,1634.3743770437,1.0
2609,0.0,2176.650391,-651.131104,1676.701294,-0.9916533516,0.1270828931,0.0217616302,0.0765648851,626.8036998198,1633.3451359437,1.0
2610,0.0,2174.407471,-652.992981,1676.701294,-0.9913043773,0.1297769741,0.0217616302,0.0765415528,626.3952745634,1632.519712801,1.0
2611,0.0,2172.293701,-654.732361,1676.701294,-0.9908678207,0.1330691303,0.0217616302,0.0762351845,624.9098187246,1631.7876121666,1.0
2612,0.0,2170.295898,-656.363342,1676.701294,-0.9903518261,0.1368564651,0.0217616302,0.0756889392,622.5023296933,1631.1245857509,1.0
2613,0.0,2167.131836,-658.927185,1676.701294,-0.9895995647,0.1421939977,0.0217616302,0.0750827623,619.7201259283,1630.1195224358,1.0
2614,0.0,2164.960693,-660.679443,1676.701294,-0.9893433126,0.1439661114,0.0217616302,0.0753932368,620.692073794,1629.4423562124,1.0
2615,0.0,2162.644287,-662.53772,1676.701294,-0.9890780233,0.145777554,0.0217616302,0.075759366,621.8588573044,1628.7107696037,1.0
2616,0.0,2160.347412,-664.364563,1676.701294,-0.9887039865,0.1482931479,0.0217616477,0.0758480733,621.9247434511,1627.9680566203,1.0
2617,0.0,2158.057129,-666.176941,1676.701294,-0.9884007769,0.150300817,0.0217616302,0.0761303433,622.7345146838,1627.1823334101,1.0
2618,0.0,2155.378418,-668.279419,1676.701294,-0.9879654097,0.1531364751,0.0217616477,0.0762716308,622.9261968202,1626.2346277347,1.0
2619,0.0,2152.787354,-670.294128,1676.701294,-0.9873646892,0.156963059,0.0217616302,0.0759766751,621.3634077064,1625.1758708876,1.0
2620,0.0,2150.561523,-672.015503,1676.701294,-0.9869299918,0.159673488,0.0217616302,0.0759381638,620.8539403629,1624.2388089534,1.0
2621,0.0,2147.776611,-674.146912,1676.766968,-0.9861200665,0.1646014762,0.0217616302,0.0752683007,617.7201931744,1622.9331960797,1.0
2622,0.0,2145.6604,-675.748962,1676.905273,-0.9852949242,0.1694707753,0.0217616302,0.0743112401,613.5455858661,1621.909187036,1.0
2623,0.0,2142.927246,-677.806641,1677.105713,-0.9843363445,0.174952543,0.0217616302,0.0734531643,609.7534579606,1620.9112306274,1.0
2624,0.0,2140.177246,-679.856689,1677.302734,-0.9832166003,0.1811395825,0.0217616302,0.0723825445,605.1319047795,1620.0286795528,1.0
2625,0.0,2137.918457,-681.53241,1677.463867,-0.9825748842,0.1845888092,0.0217616302,0.0721246899,603.7983184872,1619.2371114135,1.0
2626,0.0,2135.355469,-683.411743,1677.647095,-0.9814989768,0.1902266804,0.0217616302,0.0711802528,599.6177912387,1618.2623324246,1.0
2627,0.0,2132.9646,-685.152466,1677.69812,-0.9806014498,0.194800483,0.0217616302,0.0705562937,596.7155600754,1617.273338812,1.0
2628,0.0,2130.199951,-687.153015,1677.701294,-0.9797469662,0.1990535445,0.0217616302,0.0702208642,594.8934489167,1616.0407146005,1.0
2629,0.0,2125.529297,-690.483887,1677.701294,-0.9781066416,0.206963352,0.0217616302,0.0693315044,590.3709257736,1613.6368180645,1.0
2630,0.0,2123.380615,-692.00415,1677.701294,-0.977567846,0.2094935273,0.0217616302,0.0693169743,589.8665863225,1612.4212308857,1.0
2631,0.0,2121.8305665,-693.0896605,1677.701294,-0.9770927659,0.2116405798,0.0222027406,0.0692036052,589.0724774605,1611.5214752891,1.0
2632,0.0,2117.768555,-695.921265,1677.701294,-0.9759887521,0.2166327564,0.0227201373,0.069144294,587.9536208414,1609.1257547478,1.0
2633,0.0,2116.4603275,-696.818909,1677.701294,-0.9754688328,0.2189491166,0.0227201373,0.0688597468,586.4899300588,1608.3164333515,1.0
2634,0.0,2112.626709,-699.44574,1677.701294,-0.9744875986,0.2232884135,0.0227201373,0.0689357602,585.9211090021,1605.9000045842,1.0
2635,0.0,2110.399414,-700.95343,1677.701294,-0.9737557006,0.2263817413,0.023476431,0.0687779304,584.7414068225,1604.43892123,1.0
2636,0.0,2107.929688,-702.605652,1677.701294,-0.9725740054,0.2313852366,0.023678606,0.0680011275,580.9439699538,1602.7757279039,1.0
2637,0.0,2104.819336,-704.66449,1677.701294,-0.9709155553,0.2381546455,0.0246038495,0.0668641205,575.4644123431,1600.6291144318,1.0
2638,0.0,2102.631592,-706.0802,1677.701294,-0.9687240173,0.246834592,0.0254256248,0.0646381262,565.6218203686,1599.1922834807,1.0
2639,0.0,2099.650879,-707.99762,1677.701294,-0.9660817831,0.2568689801,0.0265389434,0.0622950457,554.9753408359,1597.3611126457,1.0
2640,0.0,2097.088623,-709.62207,1677.701294,-0.9635384053,0.2660550539,0.0284332533,0.0601317765,545.0571819832,1595.8936055973,1.0
2641,0.0,2094.826904,-711.017944,1677.701294,-0.9600832114,0.2781758937,0.0292984537,0.0568269787,529.9034658341,1594.6439904137,1.0
2642,0.0,2092.43335,-712.493652,1677.701294,-0.9571177269,0.2880416677,0.0309459945,0.0544088947,518.4127813174,1593.363860679,1.0
2643,0.0,2089.547363,-714.249573,1677.701294,-0.9539271026,0.2983966086,0.0313456031,0.0519912332,506.6043772657,1591.8730305102,1.0
2644,0.0,2087.254639,-715.622437,1677.701294,-0.9513606038,0.3064035111,0.0320918967,0.0501741622,497.5498779174,1590.7379748156,1.0
2645,0.0,2084.26001,-717.386841,1677.701294,-0.9478882752,0.3168698783,0.0331858095,0.0478222976,485.6050507745,1589.3088516864,1.0
2646,0.0,2081.543945,-718.96228,1677.701294,-0.9449793723,0.325340264,0.0341716053,0.0460429351,476.3304933461,1588.0690287798,1.0
2647,0.0,2079.417725,-720.174988,1677.701294,-0.9426569252,0.3318528764,0.0356593586,0.0447285297,469.3619555209,1587.1283218418,1.0
2648,0.0,2076.237549,-721.972839,1677.701294,-0.9404156069,0.3381015185,0.036136538,0.0438205477,464.2420210206,1585.6276156211,1.0
2649,0.0,2073.927002,-723.262878,1677.701294,-0.9392803297,0.3412427477,0.036136538,0.0435770908,462.62869733,1584.4264443241,1.0
2650,0.0,2070.915771,-724.914734,1677.701294,-0.9374852766,0.3460520188,0.0370048166,0.0430668765,459.481711182,1582.7362533547,1.0
2651,0.0,2068.055176,-726.45636,1677.701294,-0.9357231546,0.3507793671,0.0370946568,,,,
2652,0.0,2065.500732,-727.814941,1677.701294,-0.9344448358,0.3541706301,0.0370946568,,,,
2653,0.0,2063.030518,-729.110779,1677.701294,-0.9332143915,0.3574001781,0.0370946393,,,,
2654,0.0,2059.892334,-730.740417,1677.701294,-0.9322920458,0.35979929,0.0370946393,,,,
2655,0.0,2057.605957,-731.906982,1677.701294,-0.931187862,0.3626474229,0.0370946393,,,,
2656,0.0,2054.387451,-733.530579,1677.701294,-0.9298869023,0.3659704042,0.0370946393,,,,
2657,0.0,2051.860107,-734.791748,1677.701294,-0.929222333,0.3676545148,0.0370946568,,,,
2658,0.0,2049.284424,-736.060242,1677.701294,-0.9282986508,0.3699805437,0.0370946393,,,,
2659,0.0,2046.043457,-737.636169,1677.701294,-0.9270567954,0.3730813394,0.0370946393,,,,
2660,0.0,2043.619873,-738.797302,1677.701294,-0.9258362377,0.3761000498,0.0370946568,,,,
2661,0.0,2040.555786,-740.251953,1677.701294,-0.924572625,0.3791957922,0.0370946393,,,,
2662,0.0,2038.050781,-741.421631,1677.701294,-0.9232794234,0.3823337468,0.0370946393,,,,
2663,0.0,2035.083984,-742.800842,1677.701294,-0.9220864993,0.3852018617,0.0370946568,0.0886678794,1412.7299620714,3431.6889468024,0.0
2664,0.0,2032.354614,-744.051514,1677.701294,-0.9204603969,0.3890715172,0.0370946393,0.0872894796,1401.8281807328,3430.7510962032,0.0
2665,0.0,2029.577271,-745.299133,1677.701294,-0.918167529,0.3943794527,0.037858103,0.0852932762,1386.0360479785,3429.7778879567,0.0
2666,0.0,2026.92981,-746.478943,1677.701294,-0.9162889835,0.3987060197,0.0380527066,0.0837224784,1373.4052933405,3428.8499165543,0.0
2667,0.0,2023.440063,-748.015503,1677.674194,-0.9138780575,0.4041127335,0.0389845439,0.0817985535,1357.7263615793,3427.6173415952,0.0
2668,0.0,2020.77832,-749.170959,1677.640747,-0.9120460216,0.4082281431,0.0390107388,0.0803382341,1345.6900819585,3426.6642481393,0.0
2669,0.0,2015.382446,-751.456543,1677.574219,-0.9066759902,0.4198542161,0.0407564231,0.0760295737,1309.8312861372,3424.7185479864,0.0
2670,0.0,2012.545898,-752.640625,1677.541016,-0.90458132,0.4243319958,0.0409266774,0.0744743069,1296.5010648599,3423.6943319201,0.0
2671,0.0,2010.889343,-753.3171385,1677.522095,-0.9027402662,0.4281216506,0.041871476,0.0730952594,1284.6122009174,3423.0829996479,0.0
2672,0.0,2007.189575,-754.816895,1677.480713,-0.8987752682,0.4362445382,0.0435168943,0.0701690873,1259.1440857424,3421.7075384675,0.0
2673,0.0,2005.378845,-755.536011,1677.4506225,-0.8968746529,0.44005249,0.0441715037,0.0688261553,1247.1587247047,3421.0201957131,0.0
2674,0.0,2001.575684,-757.035583,1677.380615,-0.8931530682,0.4474459064,0.0454945896,0.0662617649,1224.0516834668,3419.5535845565,0.0
2675,0.0,1999.702515,-757.7492065,1677.3427125,-0.8903050074,0.4528813828,0.047067166,0.0643280196,1206.2619961977,3418.8237605111,0.0
2676,0.0,1994.997681,-759.52063,1677.249268,-0.8833672356,0.4659473282,0.0505511058,0.0597542404,1163.4884612281,3417.0343472824,0.0
2677,0.0,1992.197998,-760.55072,1677.195435,-0.8798038454,0.4725378882,0.0515086183,0.0575306877,1141.9167772399,3415.9191869146,0.0
2678,0.0,1989.755981,-761.424377,1677.148926,-0.8755121367,0.4802702231,0.0530943628,0.0548915077,1115.8464357558,3414.9152945198,0.0
2679,0.0,1987.144653,-762.340759,1677.10022,-0.8707746668,0.4886145471,0.0548388912,0.0520987657,1087.5302138457,3413.8477426263,0.0
2680,0.0,1983.524292,-763.58429,1677.03418,-0.8646110862,0.4992755589,0.0563168344,0.048628158,1051.1738598039,3412.4054431435,0.0
2681,0.0,1980.570679,-764.574951,1676.981812,-0.8600722699,0.5068366664,0.0582433194,0.0462745162,1025.6612271165,3411.1531946666,0.0
2682,0.0,1977.742676,-765.499878,1676.933228,-0.855684613,0.513994913,0.060108838,0.0440957166,1001.4283284708,3409.9489023773,0.0
2683,0.0,1975.82373,-766.1073,1676.900513,-0.8516527711,0.5203560417,0.0625871183,0.0421710941,979.5710584775,3409.1110066424,0.0
2684,0.0,1975.5386045,-766.1966555,1676.89569125,-0.8510454109,0.5212985598,0.0629706851,0.0418926966,976.3551747765,3409.0066896603,0.0
2685,0.0,1975.253479,-766.286011,1676.8908695,-0.8504380506,0.522241078,0.063354252,0.0416142991,973.1392910754,3408.9023726782,0.0
2686,0.0,1974.9683535,-766.3753665,1676.88604775,-0.8498306903,0.5231835961,0.0637378188,0.0413359015,969.9234073743,3408.7980556961,0.0
2687,0.0,1974.683228,-766.464722,1676.881226,-0.8492233301,0.5241261142,0.0641213856,0.041057504,966.7075236732,3408.693738714,0.0
2688,0.0,1974.683228,-766.464722,1676.881226,-0.8383695413,0.5397171093,0.0764326775,0.036466122,912.1199869329,3408.693738714,0.0
2689,0.0,1957.727905,-771.494446,1676.701294,-0.8383695413,0.5397171093,0.0764326775,0.0377056622,925.1752482105,3401.2506968645,0.0
2690,0.0,1954.356934,-772.431824,1676.701294,-0.8383695413,0.5397171093,0.0764326775,0.0379521678,927.7206260122,3399.7276198807,0.0
2691,0.0,1951.405273,-773.236511,1676.701294,-0.8383695413,0.5397171093,0.0764326775,0.0381662977,929.9025488399,3398.3360764842,0.0
2692,0.0,1948.509399,-774.013,1676.701294,-0.8383695413,0.5397171093,0.0764326775,0.0383775592,932.0540471591,3396.9934598747,0.0
2693,0.0,1945.700439,-774.755127,1676.701294,-0.8383695413,0.5397171093,0.0764326775,0.0385843048,934.1649443241,3395.7319649395,0.0
2694,0.0,1941.854736,-775.754578,1676.701294,-0.8383695413,0.5397171093,0.0764326775,0.0388659997,937.0107029753,3393.9543417417,0.0
2695,0.0,1939.009033,-776.482483,1676.701294,-0.8383695413,0.5397171093,0.0764326775,0.0390746242,939.105967566,3392.6312817742,0.0
2696,0.0,1935.963013,-777.25238,1676.701294,-0.8383695413,0.5397171093,0.0764326775,0.0392981469,941.3381259129,3391.2033565823,0.0
2697,0.0,1933.074829,-777.973938,1676.701294,-0.8383695413,0.5397171093,0.0764326775,0.0395106163,943.4517530228,3389.8505069958,0.0
2698,0.0,1930.309814,-778.655334,1676.701294,-0.8383695413,0.5397171093,0.0764326775,0.0397139721,945.4640948961,3388.5481051085,0.0
2699,0.0,1926.694214,-779.54071,1676.701294,-0.8383695413,0.5397171093,0.0764326775,0.0399805093,948.0886212944,3386.839204629,0.0
2700,0.0,1924.354736,-780.107361,1676.701294,-0.8383695413,0.5397171093,0.0764326775,0.040153266,949.7820678365,3385.7311815886,0.0
2701,0.0,1923.8950195,-780.2171325,1676.701294,-0.8383695413,0.5397171093,0.0764326775,0.0401873395,950.1178060627,3385.5216996016,0.0
2702,0.0,1923.435303,-780.326904,1676.701294,-0.8383695413,0.5397171093,0.0764326775,0.040221413,950.4535442889,3385.3122176146,0.0
2703,0.0,1915.254517,-781.820129,1676.701294,-0.8383695413,0.5397171093,0.0764326775,0.0408039467,955.9717951381,3381.0768703054,0.0
2704,0.0,1912.175171,-781.963501,1676.701172,-0.8383695413,0.5397171093,0.0764326775,0.0410019193,957.7004404237,3379.1742607299,0.0
2705,0.0,1908.436646,-781.872131,1676.701294,-0.8383695413,0.5397171093,0.0764326775,0.0412278743,959.5563005707,3376.626559263,0.0
2706,0.0,1904.646606,-781.763672,1676.701294,-0.8383695413,0.5397171093,0.0764326775,0.0414585894,961.4603530086,3374.098371193,0.0
2707,0.0,1901.048828,-781.410217,1676.701294,-0.8383695413,0.5397171093,0.0764326775,0.0416640403,963.0401133648,3371.4761089253,0.0
2708,0.0,1897.96228,-780.908203,1676.701294,-0.8383695413,0.5397171093,0.0764326775,0.0418300545,964.2290189953,3369.0758762225,0.0
2709,0.0,1894.582275,-780.240723,1676.701294,-0.8383695413,0.5397171093,0.0764326775,0.042006644,965.4472821379,3366.3864069074,0.0
2710,0.0,1891.15271,-779.432983,1676.701294,-0.8383695413,0.5397171093,0.0764326775,0.0421788505,966.5628114824,3363.5369568253,0.0
2711,0.0,1887.960571,-778.571228,1676.701294,-0.8383695413,0.5397171093,0.0764326775,0.0423335116,967.5069937867,3360.7995635095,0.0
2712,0.0,1881.459595,-776.530151,1676.701294,-0.8383695413,0.5397171093,0.0764326775,0.0426350608,969.2058422753,3355.0320831785,0.0
2713,0.0,1877.914307,-775.508667,1676.701416,-0.8526058134,0.5180221934,0.068675572,0.0501555521,1048.2354475121,3351.9640421261,0.0
2714,0.0,1874.784302,-774.522095,1676.701294,-0.8631498639,0.5009850007,0.0631374818,0.0564982201,1109.8097531722,3349.1814938537,0.0
2715,0.0,1871.337891,-773.401123,1676.701294,-0.8748540929,0.4805917539,0.0605134876,0.0646045659,1183.1915548422,3346.0975564801,0.0
2716,0.0,1868.039551,-772.261292,1676.701294,-0.8840407198,0.4636170464,0.0594242369,0.0717294599,1243.3143938672,3343.0909964578,0.0
2717,0.0,1864.738037,-771.064148,1676.701294,-0.8914743073,0.4491849317,0.0592153404,0.0780583341,1293.6952162776,3340.044338255,0.0
2718,0.0,1861.099243,-769.685669,1676.701294,-0.8977246165,0.4365593389,0.0592153404,0.0838106548,1337.1427735246,3336.6369440045,0.0
2719,0.0,1857.427246,-768.244019,1676.701294,-0.9023585543,0.4268987947,0.0592153578,0.0883710806,1369.9777082847,3333.1635336743,0.0
2720,0.0,1853.949951,-766.876099,1676.701294,-0.9070707696,0.4167927092,0.0592153404,0.0932181431,1403.8744312138,3329.8719648867,0.0
2721,0.0,1850.822876,-765.593445,1676.701294,-0.909195673,0.4121368336,0.0592153578,0.0955784984,1419.3751607181,3326.8679342036,0.0
2722,0.0,1846.684937,-763.866882,1676.701294,-0.9108368631,0.4084969403,0.0592153578,0.0975456123,1431.4448304658,3322.8720474792,0.0
2723,0.0,1843.622681,-762.566223,1676.701294,-0.911253165,0.4075674309,0.0592153578,0.0981758354,1434.5381156773,3319.8969893892,0.0
2724,0.0,1839.480591,-760.797241,1676.701294,-0.911733474,0.4064918372,0.0592153578,0.0989460932,1438.1214379692,3315.8816301679,0.0
2725,0.0,1835.969482,-759.293335,1676.701294,-0.9121214811,0.4056204445,0.0592153578,0.0995815307,1441.0082024159,3312.473655075,0.0
2726,0.0,1832.344971,-757.745483,1676.701294,-0.9128958504,0.4038746215,0.0592153404,0.1006428187,1446.7209556828,3308.9488575485,0.0
2727,0.0,1829.930176,-756.713074,1676.701294,-0.9134191053,0.402689803,0.0592153752,0.1013630669,1450.5830019014,3306.6006788106,0.0
2728,0.0,1826.158936,-755.092529,1676.701294,-0.9139597457,0.4014612394,0.0592153404,0.1021934975,1454.578051927,3302.9304874111,0.0
2729,0.0,1821.637451,-753.143982,1676.701294,-0.914443943,0.4003571112,0.0592153578,0.1030167784,1458.1656964061,3298.5354061575,0.0
2730,0.0,1818.132446,-751.623657,1676.701294,-0.9144574853,0.4003261808,0.0592153404,0.1032576103,1458.2613199437,3295.1117394456,0.0
2731,0.0,1814.641968,-750.108337,1676.701294,-0.9144574853,0.4003261808,0.0592153404,0.1034833,1458.2581008569,3291.7051518922,0.0
2732,0.0,1811.174561,-748.618164,1676.701294,-0.9151330644,0.3987794075,0.0592153578,0.1044575022,1463.2285921879,3288.3315375849,0.0
2733,0.0,1807.783813,-747.170166,1676.701294,-0.9161651221,0.3964025864,0.0592153578,0.1058358158,1470.8446481587,3285.0475746314,0.0
2734,0.0,1804.043579,-745.575439,1676.701294,-0.9173451943,0.3936639886,0.0592153578,0.1074221148,1479.5711391074,3281.4222746032,0.0
2735,0.0,1799.974487,-743.87146,1676.701294,-0.919755494,0.3879991917,0.0592153578,0.1104878278,1497.5290974631,3277.5038076915,0.0
2736,0.0,1796.729492,-742.503418,1676.701294,-0.921097888,0.3848015388,0.0592153404,0.1122984335,1507.5839363829,3274.3717451665,0.0
2737,0.0,1793.809448,-741.275879,1676.701294,-0.9222866188,0.3819436296,0.0592153404,0.1139286028,1516.5247104659,3271.5536083504,0.0
2738,0.0,1789.248169,-739.366333,1676.701294,-0.9241246289,0.3774747828,0.0592153578,0.1164972554,1530.4230651337,3267.1609284346,0.0
2739,0.0,1785.587402,-737.85968,1676.701294,-0.9262183497,0.3721596302,0.060139657,0.1194749117,1546.9726342653,3263.6584774493,0.0
2740,0.0,1782.018188,-736.426208,1676.701294,-0.9291869447,0.3643763628,0.0619797384,0.1237690541,1571.0969001563,3260.2716569089,0.0
2741,0.0,1778.432983,-734.9823,1676.701294,-0.9315011066,0.3580881725,0.0638635192,0.1273420886,1590.4319541461,3256.8659493269,0.0
2742,0.0,1774.556763,-733.443176,1676.701294,-0.9342975787,0.350527916,0.0649477831,0.1316346731,1613.3447577514,3253.2027681859,0.0
2743,0.0,1770.981812,-732.030701,1676.701294,-0.9364690053,0.3443280737,0.0668130218,0.1352489794,1632.0682714501,3249.8318963666,0.0
2744,0.0,1768.322388,-730.996277,1676.701294,-0.9382751702,0.3390988914,0.0682029828,0.1382966619,1647.7394992254,3247.3377798429,0.0
2745,0.0,1764.22876,-729.421753,1676.701294,-0.9410050848,0.3310012755,0.0703390787,0.1430672303,1671.7974499292,3243.5118095102,0.0
2746,0.0,1760.609741,-728.048767,1676.701294,-0.9433008743,0.323814887,0.0729889001,0.1473743699,1693.0480030525,3240.1450850284,0.0
2747,0.0,1757.074341,-726.733459,1676.701294,-0.9457181832,0.3160383205,0.0757423125,,,,
2748,0.0,1753.286865,-725.354431,1676.701294,-0.9484989418,0.3068530268,0.0786827642,,,,
2749,0.0,1749.538696,-723.97937,1676.701294,-0.9501325795,0.3011874455,0.0808344231,,,,
2750,0.0,1745.522095,-722.528198,1676.701294,-0.9517821029,0.2953569521,0.0829162197,,,,
2751,0.0,1741.703857,-721.199524,1676.701294,-0.954047837,0.2871191738,0.0857630735,,,,
2752,0.0,1737.891724,-719.892639,1676.701294,-0.9560524371,0.2794554783,0.0887038514,,,,
2753,0.0,1730.821777,-717.52887,1676.701294,-0.9593981383,0.2661648063,0.0933354601,,,,
2754,0.0,1727.246094,-716.348083,1676.701294,-0.9605230967,0.2614155307,0.0951698536,,,,
2755,0.0,1723.784912,-715.216858,1676.701294,-0.961397107,0.2577856093,0.0962402324,,,,
2756,0.0,1719.994995,-713.985474,1676.701294,-0.9619359604,0.2553996796,0.0972121999,,,,
2757,0.0,1715.543945,-712.561218,1676.701294,-0.9624965985,0.2531893255,0.0974446684,,,,
2758,0.0,1712.099731,-711.471436,1676.701294,-0.962732451,0.2522910379,0.097444651,,,,
2759,0.0,1709.314087,-710.601013,1676.701294,-0.9628553589,0.2518215526,0.0974446684,,,,
2760,0.0,1705.264648,-709.346802,1676.701294,-0.9629705375,0.251380748,0.0974446684,,,,
2761,0.0,1700.676514,-707.940613,1676.701294,-0.9629193124,0.2512309681,0.0983330994,,,,
2762,0.0,1697.290283,-706.912781,1676.701294,-0.9629130298,0.2512293289,0.0983987876,,,,
2763,0.0,1693.87793,-705.887939,1676.701294,-0.9629130298,0.2512293289,0.0983987876,,,,
2764,0.0,1690.434082,-704.86438,1676.701294,-0.9629130298,0.2512293289,0.0983987876,,,,
2765,0.0,1686.153198,-703.605347,1676.701294,-0.9629130298,0.2512293289,0.0983987876,,,,
2766,0.0,1682.753052,-702.615662,1676.701294,-0.9629130298,0.2512293289,0.0983987876,,,,
2767,0.0,1678.999023,-701.531982,1676.701294,-0.9629130298,0.2512293289,0.0983987876,,,,
2768,0.0,1675.24292,-700.491638,1676.701294,-0.9637755054,0.2475202192,0.0993504719,,,,
2769,0.0,1672.894043,-699.870667,1676.701294,-0.964879578,0.2426760944,0.1005769017,,,,
2770,0.0,1668.835083,-698.828186,1676.701294,-0.9671392535,0.2322675024,0.1034092434,,,,
2771,0.0,1664.562134,-697.838745,1676.701294,-0.9714660581,0.2118044237,0.1067360489,,,,
2772,0.0,1660.763672,-697.035583,1676.701294,-0.9759408839,0.1879035937,0.1105967027,,,,
2773,0.0,1657.366577,-696.391724,1676.701294,-0.9804112892,0.1611148476,0.1132947916,,,,
2774,0.0,1653.528931,-695.73175,1676.701294,-0.9850725496,0.1269174304,0.1162928973,,,,
2775,0.0,1650.057251,-695.248535,1676.701294,-0.9892892074,0.0868128353,0.1173473291,,,,
2776,0.0,1646.445801,-694.744507,1676.701294,-0.9917648887,0.0510418561,0.1174612043,,,,
2777,0.0,1643.151367,-694.275757,1676.701294,-0.9927360101,0.0260398856,0.1174612216,,,,
2778,0.0,1639.536865,-693.809204,1676.701294,-0.9930774275,-0.0002903882,0.1174612216,,,,
2779,0.0,1635.20459,-693.303284,1676.701294,-0.9927846716,-0.0280594608,0.11658157,,,,
2780,0.0,1631.654907,-692.916077,1676.701294,-0.9921789513,-0.0447946799,0.1165090778,,,,
2781,0.0,1627.469116,-692.509033,1676.701294,-0.9914204193,-0.0610764836,0.1155647669,,,,
2782,0.0,1623.75769,-692.162964,1676.701294,-0.9910949054,-0.0677518482,0.1146323496,,,,
2783,0.0,1620.647583,-691.901428,1676.701294,-0.9908749644,-0.0709409644,0.1146044697,,,,
2784,0.0,1616.838013,-691.628113,1676.701294,-0.9906817577,-0.0747431765,0.1138556655,,,,
2785,0.0,1613.060181,-691.42511,1676.701294,-0.9902349211,-0.0807342938,0.1136519899,,,,
2786,0.0,1608.454346,-691.234192,1676.701294,-0.9898207057,-0.0868963996,0.1127119613,,,,
2787,0.0,1604.694946,-691.143066,1676.701294,-0.9892270232,-0.0934277706,0.1126993709,,,,
2788,0.0,1601.220581,-691.106262,1676.701294,-0.9885509476,-0.1003288189,0.1126993883,,,,
2789,0.0,1597.271484,-691.108215,1676.701294,-0.9877211988,-0.1081927605,0.1126994229,,,,
2790,0.0,1593.361816,-691.163513,1676.701294,-0.9867307946,-0.1168810802,0.1126993883,,,,
2791,0.0,1586.884766,-691.322876,1676.701294,-0.9855140514,-0.1272819745,0.1120774438,,,,
2792,0.0,1582.67041,-691.475342,1676.701294,-0.9848712508,-0.1324435219,0.1117467351,,,,
2793,0.0,1580.394531,-691.574219,1676.701294,-0.9846256199,-0.1342451178,0.1117467264,,,,
2794,0.0,1578.118652,-691.673096,1676.701294,-0.984379989,-0.1360467137,0.1117467177,,,,
2795,0.0,1574.190918,-691.881042,1676.701294,-0.9839730767,-0.1389592,0.1117467004,,,,
2796,0.0,1570.533569,-692.106567,1676.701294,-0.9835735581,-0.1417593844,0.1117467351,,,,
2797,0.0,1563.786011,-692.562988,1676.701294,-0.9833135822,-0.1435516154,0.1117467351,,,,
2798,0.0,1559.237061,-692.901062,1676.701294,-0.9832725976,-0.1438320894,0.1117467177,,,,
2799,0.0,1556.212646,-693.142639,1676.701294,-0.9832725976,-0.1438320894,0.1117467177,,,,
2800,0.0,1551.89624,-693.304565,1676.701294,-0.9832725976,-0.1438320894,0.1117467177,,,,
2801,0.0,1548.258423,-693.212158,1676.701294,-0.9832725976,-0.1438320894,0.1117467177,,,,
2802,0.0,1544.317139,-692.906372,1676.701294,-0.9832725976,-0.1438320894,0.1117467177,,,,
2803,0.0,1540.681641,-692.677979,1676.717407,-0.9832725976,-0.1438320894,0.1117467177,,,,
2804,0.0,1538.175659,-692.560852,1676.728638,-0.9832725976,-0.1438320894,0.1117467177,,,,
2805,0.0,1533.27002,-692.409485,1676.750854,-0.9832725976,-0.1438320894,0.1117467177,,,,
2806,0.0,1529.598633,-692.362671,1676.767334,-0.9832725976,-0.1438320894,0.1117467177,,,,
2807,0.0,1526.745605,-692.362244,1676.768188,-0.9832725976,-0.1438320894,0.1117467177,,,,
2808,0.0,1522.493774,-692.409302,1676.793701,-0.9832725976,-0.1438320894,0.1117467177,,,,
2809,0.0,1518.480469,-692.503906,1676.832764,-0.9832725976,-0.1438320894,0.1117467177,,,,
2810,0.0,1514.643066,-692.636475,1676.979614,-0.9832725976,-0.1438320894,0.1117467177,,,,
2811,0.0,1511.098145,-692.793213,1677.118896,-0.9832725976,-0.1438320894,0.1117467177,,,,
2812,0.0,1508.168457,-692.944458,1677.233765,-0.9832725976,-0.1438320894,0.1117467177,,,,
2813,0.0,1504.236938,-693.175842,1677.387451,-0.9832725976,-0.1438320894,0.1117467177,,,,
2814,0.0,1500.553467,-693.419861,1677.531616,-0.9832725976,-0.1438320894,0.1117467177,,,,
2815,0.0,1496.430176,-693.721497,1677.682007,-0.9832725976,-0.1438320894,0.1117467177,,,,
2816,0.0,1493.064209,-693.98822,1677.707397,-0.9832725976,-0.1438320894,0.1117467177,,,,
2817,0.0,1488.942627,-694.337524,1677.701294,-0.9832725976,-0.1438320894,0.1117467177,,,,
2818,0.0,1486.061035,-694.595337,1677.701294,-0.9832725976,-0.1438320894,0.1117467177,,,,
2819,0.0,1481.567505,-695.018494,1677.701294,-0.9832725976,-0.1438320894,0.1117467177,,,,
2820,0.0,1477.451294,-695.425781,1677.701294,-0.9832725976,-0.1438320894,0.1117467177,,,,
2821,0.0,1473.813843,-695.800476,1677.701294,-0.9832725976,-0.1438320894,0.1117467177,,,,
2822,0.0,1469.897339,-696.217712,1677.701294,-0.9832725976,-0.1438320894,0.1117467177,,,,
2823,0.0,1466.18457,-696.625793,1677.701294,-0.9832725976,-0.1438320894,0.1117467177,,,,
2824,0.0,1463.546021,-696.922363,1677.701294,-0.9832725976,-0.1438320894,0.1117467177,,,,
2825,0.0,1459.136597,-697.429688,1677.701294,-0.9832725976,-0.1438320894,0.1117467177,,,,
2826,0.0,1456.070435,-697.790039,1677.701294,-0.9832725976,-0.1438320894,0.1117467177,,,,
2827,0.0,1451.745483,-698.308594,1677.701294,-0.9832725976,-0.1438320894,0.1117467177,,,,
2828,0.0,1448.015625,-698.764221,1677.701294,-0.9832725976,-0.1438320894,0.1117467177,,,,
2829,0.0,1444.17981,-699.240417,1677.741821,-0.9832725976,-0.1438320894,0.1117467177,,,,
2830,0.0,1441.411133,-699.588501,1677.753296,-0.9832725976,-0.1438320894,0.1117467177,,,,
2831,0.0,1436.804932,-700.175476,1677.748901,-0.9832725976,-0.1438320894,0.1117467177,,,,
2832,0.0,1433.819336,-700.560425,1677.748901,-0.9832725976,-0.1438320894,0.1117467177,,,,
2833,0.0,1429.334717,-701.145203,1677.748901,-0.9832725976,-0.1438320894,0.1117467177,,,,
2834,0.0,1425.458496,-701.648254,1677.748901,-0.9833963365,-0.1429835957,0.1117467524,,,,
2835,0.0,1421.651611,-702.081604,1677.748779,-0.9844355187,-0.1349113164,0.1126305745,,,,
2836,0.0,1415.124146,-702.771545,1677.718506,-0.9882856455,-0.0992463431,0.1159381144,,,,
2837,0.0,1411.812256,-703.383606,1677.697266,-0.9897511057,-0.0817180824,0.1171106477,,,,
2838,0.0,1407.825073,-704.184753,1677.701416,-0.9918859148,-0.0429851259,0.1196436836,,,,
2839,0.0,1403.812256,-704.966125,1677.701294,-0.992100917,0.0197160187,0.1238832074,,,,
2840,0.0,1400.35144,-705.588135,1677.701294,-0.9874259844,0.0931327256,0.1277349626,,,,
2841,0.0,1397.015625,-706.379517,1677.701294,-0.9793084153,0.1545386246,0.1306630827,,,,
2842,0.0,1393.722046,-707.184265,1677.701294,-0.9660909087,0.2209853537,0.1335433619,,,,
2843,0.0,1391.210938,-707.858948,1677.701294,-0.9534846174,0.2694766243,0.1350904638,,,,
2844,0.0,1389.143311,-708.637604,1677.701294,-0.9449937546,0.2962276094,0.1358225363,,,,
2845,0.0,1384.032959,-710.682678,1677.701294,-0.9289940091,0.3436361024,0.1374203779,,,,
2846,0.0,1380.399048,-712.196289,1677.701294,-0.9227879272,0.3599295314,0.1375251752,,,,
2847,0.0,1376.975708,-713.620117,1677.701294,-0.9184568882,0.3708419753,0.1375251752,0.1495494985,1480.9082270682,2815.1201095154,0.0
2848,0.0,1374.657715,-714.581482,1677.701294,-0.9169672472,0.3745101989,0.1375251925,0.1476644377,1471.0524611678,2812.7450603774,0.0
2849,0.0,1371.084351,-716.059814,1677.701294,-0.9154763516,0.3781400214,0.1375251752,0.1460070359,1461.328082936,2808.709332579,0.0
2850,0.0,1368.608276,-717.081787,1677.701294,-0.9148507332,0.3796510933,0.1375252098,0.1453464066,1456.7358647888,2805.7389448418,0.0
2851,0.0,1364.434326,-718.840515,1677.701294,-0.9131404294,0.3837465017,0.1375251925,0.1434116128,1445.3534722182,2801.0708590439,0.0
2852,0.0,1360.545044,-720.479858,1677.701294,-0.9096524321,0.3919429537,0.1375251752,0.1392461652,1423.5876818937,2796.7145271634,0.0
2853,0.0,1359.578735,-720.87793,1677.701172,-0.9083509429,0.3949498645,0.1375251579,0.1377064357,1415.8152249639,2795.795414886,0.0
2854,0.0,1353.994995,-723.106934,1677.701294,-0.8983140313,0.4172753615,0.1375251752,0.126589652,1360.5954148114,2793.9166303875,0.0
2855,0.0,1350.446289,-724.419434,1677.701294,-0.8844751079,0.4458594111,0.1375251579,0.1122883822,1285.692788739,2792.5565172318,0.0
2856,0.0,1347.764648,-725.450928,1677.701294,-0.8757157213,0.4628269674,0.1375251752,0.1042337074,1240.9806275888,2791.6984846766,0.0
2857,0.0,1343.372925,-727.092529,1677.701294,-0.8587376194,0.4936157785,0.1375251406,0.0901163643,1157.5429115135,2790.1773894412,0.0
2858,0.0,1340.865112,-727.993469,1677.701294,-0.8470314,0.5134439,0.1375251579,0.0813774896,1102.1099572894,2789.1894522227,0.0
2859,0.0,1337.21582,-729.258301,1677.701294,-0.8291010517,0.5417298607,0.1382758261,0.0695955502,1021.8456490889,2787.8564568988,0.0
2860,0.0,1333.604858,-730.442444,1677.701294,-0.8035162161,0.5785691272,0.1400694666,0.0553246535,913.9794257678,2786.4644978408,0.0
2861,0.0,1329.635376,-731.658142,1677.701294,-0.7727570164,0.6185569783,0.1422457668,0.0414602723,793.5059869247,2784.632838285,0.0
2862,0.0,1326.781616,-732.467041,1677.701294,-0.7577543895,0.6366702883,0.1430357617,0.0358496352,738.5671189437,2783.3013635726,0.0
2863,0.0,1322.6698,-733.544373,1677.701294,-0.7237454488,0.6748433782,0.1441490211,0.0252022172,620.4518510905,2781.1690919001,0.0
2864,0.0,1319.779785,-734.194641,1677.701294,-0.7043748137,0.6950333162,0.1441693836,0.0203792243,558.2924329144,2779.5655153704,0.0
2865,0.0,1316.379395,-734.79895,1677.701294,-0.6766562195,0.7220467744,0.1441694009,0.0148914836,477.5502508513,2777.5249379855,0.0
2866,0.0,1313.458496,-735.307678,1677.701294,-0.6595038381,0.7377464818,0.1441694009,0.0123021407,434.0579078927,2775.7614739947,0.0
2867,0.0,1309.216919,-735.966553,1677.701294,-0.639500448,0.7551518827,0.1441693836,0.0099886335,390.9727014592,2773.1005536413,0.0
2868,0.0,1308.200562,-736.113342,1677.701294,-0.633852262,0.7598990024,0.1441694009,0.009453271,380.3171683905,2772.4817038069,0.0
2869,0.0,1302.649536,-736.686157,1677.701294,-0.6099511524,0.7793499529,0.1434337565,0.0077145314,343.2942389813,2769.08289138,0.0
2870,0.0,1298.254028,-737.090271,1677.701294,-0.5985707017,0.7881630276,0.1432206583,0.0072222673,331.8976830439,2766.5467392622,0.0
2871,0.0,1296.537354,-737.216125,1677.701294,-0.5953169892,0.7906235105,0.1432206238,0.0071297064,329.6571650321,2765.586077552,0.0
2872,0.0,1291.121826,-737.498291,1677.701294,-0.5865350032,0.7971602963,0.143220641,0.0069544599,325.2477601728,2762.6381240699,0.0
2873,0.0,1287.723267,-737.595947,1677.701294,-0.5835875911,0.7994738535,0.1423624985,0.0068200009,321.8899587237,2760.8445471933,0.0
2874,0.0,1283.755615,-737.643799,1677.701294,-0.5825278603,0.800262492,0.1422716977,0.0068061147,321.3241206099,2758.7917772645,0.0
2875,0.0,1281.108276,-737.633789,1677.701294,-0.582527539,0.8002627258,0.1422716977,0.0068155934,321.3924926362,2757.4658918176,0.0
2876,0.0,1276.705933,-737.560303,1677.701294,-0.582527539,0.8002627258,0.1422716977,0.0068270787,321.400940103,2755.2258243742,0.0
2877,0.0,1272.981812,-737.441711,1677.701294,-0.582527539,0.8002627258,0.1422716977,0.0068366924,321.4005101395,2753.2908999905,0.0
2878,0.0,1269.897461,-737.306824,1677.701294,-0.582527539,0.8002627258,0.1422716977,0.0068439584,321.3747637441,2751.6135541035,0.0
2879,0.0,1266.43689,-737.122375,1677.701294,-0.582527539,0.8002627258,0.1422716977,0.0068510356,321.314369152,2749.6800045956,0.0
2880,0.0,1260.220947,-736.710876,1677.701294,-0.582527539,0.8002627258,0.1422716977,0.0068537757,320.8876787565,2745.4814678833,0.0
2881,0.0,1255.828003,-736.360718,1677.701294,-0.582527539,0.8002627258,0.1422716977,0.0068671519,320.8524418999,2742.5142836052,0.0
2882,0.0,1255.0217895,-736.292572,1677.701294,-0.5824015682,0.8003543922,0.1422716977,0.0068687532,320.826362641,2741.9728744297,0.0
2883,0.0,1248.872192,-735.724792,1677.701294,-0.5799995642,0.8020967926,0.142271715,0.0068417979,319.754086019,2738.1680405626,0.0
2884,0.0,1245.222778,-735.355286,1677.701294,-0.5779347904,0.8035857965,0.1422717323,0.0068073834,318.6740421619,2735.7849057445,0.0
2885,0.0,1240.289062,-734.91217,1677.701294,-0.5748375808,0.8058042689,0.1422716977,0.0067723933,317.4754214356,2732.5025488822,0.0
2886,0.0,1236.723389,-734.540466,1677.701294,-0.5696348143,0.8096521549,0.1413490937,0.0066239941,313.7024371837,2730.0041711644,0.0
2887,0.0,1233.738525,-734.205872,1677.701294,-0.5645594539,0.813203867,0.1413226582,0.0066133432,313.2059496586,2727.8701951023,0.0
2888,0.0,1230.435913,-733.817505,1677.701294,-0.5588873046,0.8171125302,0.1413226582,0.0066418312,313.5993972456,2725.4525869833,0.0
2889,0.0,1225.74231,-733.224426,1677.701294,-0.5500523314,0.8232468541,0.1403818006,0.0066610253,313.6321094432,2721.8199910877,0.0
2890,0.0,1223.7677,-732.966675,1677.701294,-0.546748518,0.82544615,0.1403734715,0.0067381061,315.2153765336,2719.9209935983,0.0
2891,0.0,1218.769653,-732.295105,1677.701294,-0.5409317672,0.8292696225,0.1403734887,0.0068944183,318.241684446,2714.8328582458,0.0
2892,0.0,1215.793091,-731.870056,1677.701294,-0.5364151882,0.8321983114,0.1403734887,0.0070435529,321.1499706792,2710.5853785683,0.0
2893,0.0,1212.840576,-731.406799,1677.701294,-0.5293298958,0.8367228661,0.1403734542,0.0073240724,327.0466440501,2707.16698474,0.0
2894,0.0,1207.861084,-730.602905,1677.701294,-0.5192669966,0.8430047922,0.1403734542,0.0078166041,337.2437479343,2702.5279382131,0.0
2895,0.0,1204.750244,-730.081299,1677.701294,-0.5136831216,0.846418891,0.1403734715,0.0081331487,343.6173554193,2699.7004760034,0.0
2896,0.0,1200.730347,-729.391785,1677.701294,-0.5079131697,0.8498938201,0.1403734542,0.0084739405,350.1628378218,2695.4690656213,0.0
2897,0.0,1196.793823,-728.689392,1677.701294,-0.5025870947,0.853054222,0.1403734542,0.1430425458,1079.8425668026,2095.2065878946,3.0
2898,0.0,1193.385986,-728.062622,1677.701294,-0.4987170154,0.8553225281,0.1403734715,0.1414565933,1072.4535205583,2091.6091233946,3.0
2899,0.0,1190.534302,-727.532166,1677.701294,-0.4966527455,0.8565228215,0.1403734542,0.1407939511,1068.1604165465,2087.7607079906,3.0
2900,0.0,1185.926147,-726.648804,1677.701294,-0.493520507,0.8583314032,0.1403734715,0.1398792466,1062.0774475591,2082.1354368088,3.0
2901,0.0,1182.999878,-726.073914,1677.701294,-0.4921727132,0.8591049436,0.1403734887,0.1397218725,1060.2604280984,2079.6555719753,3.0
2902,0.0,1178.949585,-725.252563,1677.701294,-0.4895866162,0.8605813376,0.1403734542,0.139017268,1055.0614714334,2074.303104918,3.0
2903,0.0,1175.010498,-724.422119,1677.701294,-0.4860618763,0.8625770376,0.1403734542,0.1377504282,1047.8329132359,2068.8386238208,3.0
2904,0.0,1171.619873,-723.674072,1677.701294,-0.4813804549,0.8651983304,0.1403734542,0.1357531104,1038.6346261009,2064.6012646262,3.0
2905,0.0,1168.55481,-722.96405,1677.701294,-0.4751577489,0.8687531772,0.1396174441,0.1327633981,1026.0504690021,2060.7716321984,3.0
2906,0.0,1164.861328,-722.073975,1677.701294,-0.4659455723,0.8737594825,0.1394241384,0.1283635536,1007.7911045626,2056.0747899216,3.0
2907,0.0,1161.781982,-721.352234,1677.701294,-0.4627371925,0.8755678674,0.1387631086,0.1271407738,1001.4240381677,2052.2157650188,3.0
2908,0.0,1157.550415,-720.32843,1677.701294,-0.4575512334,0.8783345708,0.1384747291,0.1251519883,991.7442013403,2047.3767152718,3.0
2909,0.0,1154.407227,-719.554321,1677.701294,-0.4543678691,0.8800986401,0.137754213,0.1239669527,985.2034220371,2042.9263339548,3.0
2910,0.0,1150.930054,-718.694153,1677.701294,-0.4498318023,0.8824614329,0.1375251579,0.1221795204,976.1306679473,2037.8945784031,3.0
2911,0.0,1147.687378,-717.85968,1677.701294,-0.4434945551,0.8856632575,0.1375251752,0.1194461824,963.5815569438,2033.1033633163,3.0
2912,0.0,1147.03772,-717.693695,1677.701294,-0.4427265368,0.8860470092,0.1375251752,0.1191658101,962.0662203609,2032.1417067865,3.0
2913,0.0,1146.388062,-717.52771,1677.701294,-0.4419585185,0.886430761,0.1375251752,0.1188854379,960.5508837781,2031.1800502566,3.0
2914,0.0,1140.584839,-716.003174,1677.701294,-0.435334579,0.889848829,0.1365754949,0.1164366573,947.2930805975,2022.7834219876,3.0
2915,0.0,1136.102905,-714.780273,1677.701294,-0.4301415947,0.8923706335,0.1365754776,0.1146081376,937.0182627175,2015.7632063201,3.0
2916,0.0,1133.470825,-714.063477,1677.701294,-0.4291292684,0.8928578916,0.1365754603,0.1145883212,935.1226484043,2011.848625747,3.0
2917,0.0,1130.175049,-713.14624,1677.701294,-0.4273974045,0.8936881966,0.1365754949,0.114328858,931.8203112219,2006.879341886,3.0
2918,0.0,1125.03894,-711.680786,1677.701294,-0.4244443157,0.8951883972,0.1359586566,0.1137564317,926.0107384459,1999.0753163567,3.0
2919,0.0,1123.0676265,-711.089966,1677.701294,-0.4224488162,0.8961543076,0.1357921642,0.1131372117,922.2297077704,1996.0266397989,3.0
2920,0.0,1121.096313,-710.499146,1677.701294,-0.4204533168,0.897120218,0.1356256717,0.1125179917,918.448677095,1992.977963241,3.0
2921,0.0,1116.356567,-708.965149,1677.701294,-0.4104760254,0.9017289584,0.1356256545,0.1085057349,899.5088937356,1985.5306745274,3.0
2922,0.0,1112.841675,-707.789429,1677.701294,-0.4003153127,0.9064032495,0.1348361959,0.1041581121,879.8389939001,1979.9562709345,3.0
2923,0.0,1109.632202,-706.678284,1677.701294,-0.3872786961,0.9123396893,0.1328589585,0.0984375897,854.5896428418,1975.2489860701,3.0
2924,0.0,1107.878418,-706.049561,1677.701294,-0.3786688111,0.9161169185,0.1316803826,0.0947032941,837.6702442281,1972.0105663882,3.0
2925,0.0,1104.968872,-704.987854,1677.701294,-0.3641874308,0.9222473947,0.1297199222,0.0886112661,809.3971129306,1966.7206110966,3.0
2926,0.0,1102.576904,-704.092896,1677.701294,-0.351783498,0.9272746846,0.1281016384,0.0835873489,785.6951136372,1963.0857121954,3.0
2927,0.0,1101.680481,-703.7484745,1677.701294,-0.34677871,0.9292260695,0.1274920016,0.0816153953,776.1522460157,1961.6604519035,3.0
2928,0.0,1100.784058,-703.404053,1677.701294,-0.3417739221,0.9311774544,0.1268823649,0.0796434417,766.6093783941,1960.2351916115,3.0
2929,0.0,1094.940186,-701.057007,1677.701294,-0.3073229631,0.9434885852,0.1240237313,0.0669574065,701.3941006587,1949.5845976432,3.0
2930,0.0,1090.869995,-699.392212,1677.701294,-0.2896537495,0.9491606549,0.1232670136,0.0611800699,669.2246838034,1943.1137690404,3.0
2931,0.0,1087.989624,-698.186523,1677.701294,-0.2786996332,0.9524346498,0.1232669963,0.0578437738,649.8108074389,1938.7264689622,3.0
2932,0.0,1084.554932,-696.695007,1677.701294,-0.2647702593,0.9564005214,0.1232669963,0.0537150327,624.7461460194,1932.2016535951,3.0
2933,0.0,1082.506226,-695.757935,1677.701294,-0.2539122081,0.9593403141,0.1232669963,0.0505349423,605.2411972096,1928.3011798522,3.0
2934,0.0,1079.499023,-694.341919,1677.701294,-0.2374986082,0.9635349805,0.1232669963,0.045939504,576.1984008558,1923.135546869,3.0
2935,0.0,1076.559204,-692.942505,1677.701294,-0.2247413935,0.9665901684,0.1232669963,0.0426348199,554.0245703576,1917.8334108089,3.0
2936,0.0,1074.250244,-691.804688,1677.701294,-0.2138639766,0.9690549247,0.1232669963,0.0399099751,535.3737584295,1914.1604668905,3.0
2937,0.0,1071.212158,-690.290405,1677.701294,-0.2024219349,0.9715094482,0.1232669963,0.0372284823,515.7812659945,1908.0643815583,3.0
2938,0.0,1069.143799,-689.212708,1677.701294,-0.192264654,0.9735705164,0.1232669963,0.0348628923,498.323403157,1903.8518403828,3.0
2939,0.0,1065.945435,-687.508667,1677.701294,-0.1777219626,0.9762297915,0.1240576409,0.0317406831,474.4376002785,1898.1468487461,3.0
2940,0.0,1063.677856,-686.272339,1677.701294,-0.1680238568,0.9778420658,0.1248714458,0.0298105122,459.1002234516,1894.3873544897,3.0
2941,0.0,1060.396606,-684.428528,1677.701294,-0.1548647655,0.9799742177,0.1251696334,0.0272771753,437.8480356539,1887.5161399256,3.0
2942,0.0,1060.0132646667,-684.2052816667,1677.701294,-0.1527532508,0.9802858374,0.1252875991,0.0268783831,434.4829605863,1886.7590115873,3.0
2943,0.0,1059.6299233333,-683.9820353333,1677.701294,-0.150641736,0.980597457,0.1254055647,0.026479591,431.1178855187,1886.0018832489,3.0
2944,0.0,1059.246582,-683.758789,1677.701294,-0.1485302213,0.9809090767,0.1255235304,0.0260807988,427.752810451,1885.2447549106,3.0
2945,0.0,1059.246582,-683.758789,1677.701294,-0.035707736,0.9901164777,0.1356256545,0.0096831766,261.7205195202,1885.2447549106,3.0
2946,0.0,1050.76062,-678.507751,1677.701294,-0.0281089616,0.9902307963,0.1365754603,0.0096254628,258.5559222551,1867.9974349591,3.0
2947,0.0,1047.34021,-676.257935,1677.701294,-0.0774606643,0.9881066489,0.1328348443,0.0153663495,325.0233350561,1861.1827278862,3.0
2948,0.0,1043.286377,-673.490784,1677.701294,-0.0553284185,0.98938332,0.1343853125,0.0128826051,296.5877280732,1853.7004996142,3.0
2949,0.0,1040.191772,-671.338745,1677.701294,-0.0429219833,0.9898377927,0.1355686078,0.0117379759,282.4419789623,1848.8251058014,3.0
2950,0.0,1037.813721,-669.647217,1677.701294,-0.0363990972,0.9900913026,0.1356256545,0.0111577857,274.7899409419,1844.6401563943,3.0
2951,0.0,1035.734375,-668.11377,1677.701294,-0.0300827839,0.9902067958,0.1363287486,0.0106667411,268.2206274898,1841.2914065136,3.0
2952,0.0,1034.106079,-666.873657,1677.701294,-0.0216609218,0.990281801,0.1373781611,0.0100142827,259.5593138695,1838.6612091354,3.0
2953,0.0,1030.681519,-664.212402,1677.701294,-0.0069202971,0.9902383123,0.1392127663,0.0090492273,246.1642254729,1833.9560733618,3.0
2954,0.0,1027.945557,-662.029236,1677.701294,0.0042441612,0.9900899211,0.1403707066,0.008414465,236.921835409,1830.1738790042,3.0
2955,0.0,1026.174438,-660.579102,1677.701294,0.0113800308,0.989932157,0.1410844406,0.0080642258,231.6872222807,1828.0289852958,3.0
2956,0.0,1023.496948,-658.331543,1677.701294,0.024920159,0.9895268823,0.1421813449,0.0074705601,222.5767729053,1824.319442057,3.0
2957,0.0,1021.051636,-656.226624,1677.701294,0.0371374858,0.9889977833,0.1431928481,0.0070928248,216.5255426568,1821.1930454538,3.0
2958,0.0,1018.919678,-654.339722,1677.701294,0.0496211264,0.9883197325,0.1440897295,0.0068357738,212.2709193609,1818.5494575728,3.0
2959,0.0,1017.01416,-652.585754,1677.701294,0.064112781,0.9872563807,0.1456516049,0.0067920417,211.3079150175,1816.098025109,3.0
2960,0.0,1016.5529175,-652.1596985,1677.701294,0.0674038621,0.9869869003,0.145954043,0.006810575,211.5293955936,1815.5371377261,3.0
2961,0.0,1016.091675,-651.733643,1677.701294,0.0706949432,0.9867174199,0.1462564811,0.0068291083,211.7508761697,1814.9762503432,3.0
2962,0.0,1010.272949,-646.075806,1677.701294,0.1159226259,0.9817683457,0.1506414958,0.0082462731,231.6653382216,1807.6501622971,3.0
2963,0.0,1008.127625,-643.847656,1677.701294,0.1366654864,0.9787910467,0.1526126856,0.0095714437,249.1037885069,1804.7552400458,3.0
2964,0.0,1004.391602,-639.747559,1677.701294,0.1779540981,0.9716940702,0.155380092,0.0133254323,292.851960503,1799.8823412295,3.0
2965,0.0,1002.878479,-635.852051,1675.977417,0.1985979331,0.9674467129,0.1568621009,0.0157518431,317.4557421023,1795.6409675272,3.0
2966,0.0,1000.746582,-633.316101,1675.430542,0.2254705869,0.9611780939,0.159058751,0.0197185263,354.2488008298,1792.7003339787,3.0
2967,0.0,999.225769,-631.506592,1675.137085,0.2388398552,0.9577952534,0.1599492927,0.021908532,372.7749851364,1790.6756897305,3.0
2968,0.0,997.061768,-628.783997,1674.549438,0.2613834127,0.9512094043,0.1639493238,0.026383951,407.9157865074,1787.5955434988,3.0
2969,0.0,995.367737,-626.615051,1674.346802,0.2756694298,0.9466304905,0.1670241897,,,,
2970,0.0,993.664734,-624.395935,1674.002441,0.2888353289,0.9414806653,0.1737478336,,,,
2971,0.0,992.162903,-622.362244,1673.870361,0.2953650421,0.9385947554,0.1783237983,,,,
2972,0.0,989.714661,-619.020691,1673.822876,0.296129438,0.938191884,0.1791740627,,,,
2973,0.0,988.282471,-617.012695,1673.886597,0.296129438,0.938191884,0.1791740627,,,,
2974,0.0,986.008423,-613.726868,1674.059204,0.296129438,0.938191884,0.1791740627,,,,
2975,0.0,985.7309265,-613.312897,1674.216736,0.296129438,0.938191884,0.1791740627,,,,
2976,0.0,985.45343,-612.898926,1674.374268,0.296129438,0.938191884,0.1791740627,,,,
2977,0.0,981.934021,-607.630859,1674.942505,0.296129438,0.938191884,0.1791740627,,,,
2978,0.0,979.553955,-603.957886,1674.785645,0.296129438,0.938191884,0.1791740627,,,,
2979,0.0,977.515137,-600.488037,1674.695557,0.296129438,0.938191884,0.1791740627,,,,
2980,0.0,976.456055,-598.234253,1675.011108,0.296129438,0.938191884,0.1791740627,,,,
2981,0.0,975.495789,-595.811768,1675.376221,0.296129438,0.938191884,0.1791740627,,,,
2982,0.0,974.383179,-592.461121,1676.232178,0.296129438,0.938191884,0.1791740627,,,,
2983,0.0,973.619263,-590.307434,1676.693115,0.2932065919,0.93934779,0.1779202736,,,,
2984,0.0,972.254211,-586.913513,1677.108521,0.2833526797,0.9449694432,0.1635359606,,,,
2985,0.0,971.515076,-584.033386,1677.189819,0.3079934787,0.9394192044,0.1504379457,,,,
2986,0.0,971.120483,-581.559265,1677.124023,0.3303355742,0.932957335,0.1430699811,,,,
2987,0.0,970.80896,-578.946289,1677.082275,0.3575278389,0.9235831221,0.1384487668,,,,
2988,0.0,970.322021,-575.840942,1676.823364,0.4143649176,0.900470821,0.1321136468,,,,
2989,0.0,970.339294,-572.594116,1676.779297,0.4549800811,0.8813583292,0.1272816612,,,,
2990,0.0,970.303162,-570.463745,1676.712769,0.4687135384,0.8743573752,0.1257250947,,,,
2991,0.0,970.485779,-567.370789,1676.681396,0.4864916055,0.8651188834,0.1220460381,,,,
2992,0.0,970.855652,-564.370728,1676.719482,0.4947709724,0.8607506347,0.1196245362,,,,
2993,0.0,971.401917,-561.310242,1676.811157,0.4965468478,0.8600136905,0.1175486288,,,,
2994,0.0,971.835876,-559.307007,1676.871582,0.4971427644,0.8596812974,0.1174612216,,,,
2995,0.0,972.712585,-556.360596,1677.119507,0.4974600049,0.8595946743,0.1167499016,,,,
2996,0.0,973.688477,-553.272888,1677.283569,0.49747417,0.8596191511,0.1165090778,,,,
2997,0.0,974.791077,-550.393921,1677.588501,0.4975255238,0.8597076466,0.1156335399,,,,
2998,0.0,975.683716,-548.187988,1677.763428,0.4969728942,0.8601299172,0.1148671756,,,,
2999,0.0,977.212952,-544.844849,1678.077271,0.4959981948,0.8609675567,0.1127858902,,,,
3000,0.0,978.200684,-542.559631,1678.001709,0.4942254071,0.8622749373,0.1105584889,,,,
3001,0.0,979.640808,-539.151367,1677.825684,0.4922073919,0.8637424175,0.1080783034,,,,
3002,0.0,981.009216,-534.153442,1677.668213,0.4913130236,0.8643878836,0.1069817724,,,,
3003,0.0,981.975952,-530.605835,1677.615845,0.4913540064,0.8644599864,0.1062081551,,,,
3004,0.0,982.429138,-527.55188,1677.599976,0.4914462278,0.8646219544,0.1044484614,,,,
3005,0.0,982.5162355,-527.1103515,1677.573914,0.4914630396,0.8646516726,0.1041223226,,,,
3006,0.0,983.12146,-521.73175,1677.405396,0.4928677844,0.8643512475,0.0998912812,,,,
3007,0.0,983.195923,-519.799591,1677.3630985,0.4935862142,0.8641298878,0.0982285932,,,,
3008,0.0,983.393799,-515.52655,1677.166504,0.4962056842,0.863053196,0.0944409858,,,,
3009,0.0,983.374268,-512.184021,1676.914917,0.4984933637,0.8620764255,0.09126118,,,,
3010,0.0,983.276306,-508.71994,1676.702271,0.501372192,0.8607494873,0.0879559282,,,,
3011,0.0,983.09375,-505.753296,1676.399048,0.5031128131,0.8600134004,0.0851730502,,,,
3012,0.0,982.823669,-502.743683,1676.016968,0.5048278857,0.8592785461,0.0823965173,,,,
3013,0.0,982.564941,-500.179016,1675.659668,0.5063136702,0.8586937702,0.0793188274,,,,
3014,0.0,982.143494,-496.361816,1675.277222,0.5092971726,0.857269124,0.0755383285,,,,
3015,0.0,982.018616,-493.763092,1675.125122,0.510131659,0.8569863229,0.073076212,,,,
3016,0.0,982.025818,-490.676331,1675.064209,0.512541477,0.8558622726,0.0692892827,,,,
3017,0.0,982.145691,-487.983398,1675.115479,0.5155777221,0.8543704612,0.0650440435,,,,
3018,0.0,982.280212,-484.74881,1675.227051,0.5195800928,0.8524102195,0.058594751,,,,
3019,0.0,982.2748715,-484.444443,1675.2537235,0.5200102598,0.8521964846,0.0578768982,,,,
3020,0.0,982.584167,-479.78656,1675.16748,0.5262933028,0.8489381711,0.0481595375,,,,
3021,0.0,982.685181,-478.394531,1675.20874,0.5279307559,0.8480562578,0.0457132436,,,,
3022,0.0,982.934631,-476.491852,1675.194214,0.5292846976,0.8473216423,0.0436319069,,,,
3023,0.0,982.60199,-475.905243,1675.878174,0.529630456,0.8471489528,0.0427812083,,,,
3024,0.0,982.66803,-474.685333,1676.025391,0.5303514386,0.8467573206,0.0415859548,,,,
3025,0.0,982.568909,-473.423828,1676.212524,0.5304127244,0.846745014,0.0410514682,,,,
3026,0.0,982.466919,-473.010986,1676.451416,0.5307054828,0.8465791835,0.040686319,,,,
3027,0.0,982.432007,-472.914032,1676.582642,0.5310641227,0.8463739943,0.0402735556,,,,
3028,0.0,980.548889,-472.961578,1678.116455,0.5314566109,0.8461489944,0.0398214769,,,,
3029,0.0,980.309998,-472.913086,1678.331177,0.5315202406,0.8461667196,0.0385761127,,,,
3030,0.0,980.211182,-472.825287,1678.416016,0.5315285237,0.846179906,0.0381706051,,,,
3031,0.0,980.228821,-472.57254,1678.445435,0.5315522904,0.846217742,0.0369823696,,,,
3032,0.0,980.283447,-472.339447,1678.471313,0.5315714015,0.8462481664,0.0359984153,,,,
3033,0.0,980.343811,-472.162628,1678.484741,0.5315851067,0.8462699848,0.0352758719,,,,
3034,0.0,980.3572183333,-472.109507,1678.4725746667,0.5316147408,0.8462567037,0.0351471692,,,,
3035,0.0,980.3706256667,-472.056386,1678.4604083333,0.5316443749,0.8462434227,0.0350184664,,,,
3036,0.0,980.384033,-472.003265,1678.448242,0.5376397692,0.8429342655,0.0201321298,,,,
3037,0.0,980.832458,-471.496216,1678.428833,0.5358157455,0.8438882717,0.0274603681,,,,
3038,0.0,981.159851,-471.028015,1678.375732,0.5375212553,0.8429283104,0.023297287,,,,
3039,0.0,981.157104,-471.01712,1678.477051,0.5376245386,0.8429105161,0.0214876078,,,,
3040,0.0,981.295898,-470.797882,1678.455933,0.5376324091,0.8429228558,0.0207954777,,,,
3041,0.0,981.483704,-470.515717,1678.425415,0.5376391191,0.842933376,0.0201866602,,,,
3042,0.0,981.661987,-470.258179,1678.411743,0.5376435533,0.8429401009,0.0197837267,,,,
3043,0.0,981.997314,-469.789795,1678.00647,0.5376484121,0.842947946,0.0193117926,,,,
3044,0.0,982.390198,-469.290955,1676.759644,0.5376591065,0.8429644859,0.0182636457,,,,
3045,0.0,982.821899,-468.599396,1675.086792,0.5376688805,0.8429800371,0.017228811,,,,
3046,0.0,983.444824,-467.425049,1672.953613,0.5376832832,0.8430023911,0.0156094687,,,,
3047,0.0,983.6431885,-467.0292055,1671.727417,0.5376839891,0.8430035466,0.0155222651,,,,
3048,0.0,983.879333,-466.412628,1668.525879,0.5376897239,0.8430127164,0.0148094849,,,,
3049,0.0,983.8177795,-466.363083,1667.776062,0.5374962112,0.8431413164,0.0145050617,,,,
3050,0.0,983.756226,-466.313538,1667.026245,0.5373026985,0.8432699165,0.0142006385,,,,
3243,0.0,98.634033,-133.48703,1678.965942,-0.865993445,0.5000553501,0.0,,,,
3244,0.0,97.884773,-133.928421,1678.732788,-0.865993445,0.5000553501,0.0,,,,
3245,0.0,97.953613,-133.923767,1678.783936,-0.865993445,0.5000553501,0.0,,,,
3246,0.0,98.086113,-133.91391,1678.887695,-0.865993445,0.5000553501,0.0,,,,
3247,0.0,98.070061,-133.914948,1678.87439,-0.865993445,0.5000553501,0.0,,,,
3248,0.0,103.684433,-131.393539,1679.265137,0.2308428754,0.9728853098,0.0143436711,0.1097166646,218.867260337,480.5969946551,6.0
3249,0.0,105.201263,-131.09343,1679.343506,0.4742015241,0.8802546318,0.0168729901,,,,
3250,0.0,105.198799,-131.133553,1679.317261,0.4742015241,0.8802546318,0.0168729901,,,,
3251,0.0,105.196335,-131.173676,1679.291016,0.4742015241,0.8802546318,0.0168729901,,,,
3252,0.0,105.177177,-130.930298,1679.469727,0.4742015241,0.8802546318,0.0168729901,,,,
3253,0.0,105.12265,-130.723816,1679.59436,0.4742015241,0.8802546318,0.0168729901,,,,
3254,0.0,105.059967,-130.613464,1679.657349,0.4742015241,0.8802546318,0.0168729901,,,,
3255,0.0,105.1026685,-130.5090635,1679.7399905,0.4742015241,0.8802546318,0.0168729901,,,,
3256,0.0,105.16375,-130.370544,1679.852783,0.4742015241,0.8802546318,0.0168729901,,,,
3257,0.0,105.19323,-130.315811,1679.893311,0.4742015241,0.8802546318,0.0168729901,,,,
3258,0.0,103.863831,-132.783585,1681.217651,0.4742015241,0.8802546318,0.0168729901,,,,
3259,0.0,104.04911,-132.439606,1680.911499,0.4742015241,0.8802546318,0.0168729901,,,,
3260,0.0,102.536133,-132.766647,1681.307007,-0.8272166258,0.5618827488,0.0006562612,,,,
3261,0.0,100.935432,-132.788605,1681.369629,-0.865993445,0.5000553501,0.0,,,,
3262,0.0,100.968925,-132.931046,1681.413818,-0.865993445,0.5000553501,0.0,,,,
3263,0.0,101.006691,-133.170502,1681.496826,-0.865993445,0.5000553501,0.0,,,,
3264,0.0,101.016335,-133.33786,1681.549927,-0.865993445,0.5000553501,0.0,,,,
3265,0.0,101.031578,-133.524918,1681.628418,-0.865993445,0.5000553501,0.0,,,,
3266,0.0,101.043304,-133.726013,1681.72229,-0.865993445,0.5000553501,0.0,,,,
3267,0.0,101.094986,-134.134842,1681.998901,-0.865993445,0.5000553501,0.0,,,,
3268,0.0,101.074333,-134.162003,1681.938965,-0.865993445,0.5000553501,0.0,,,,
3269,0.0,101.101135,-134.447464,1682.118652,-0.865993445,0.5000553501,0.0,,,,
3270,0.0,101.123932,-134.602142,1682.200806,-0.865993445,0.5000553501,0.0,,,,
3271,0.0,101.192413,-134.762985,1682.385132,-0.865993445,0.5000553501,0.0,,,,
3272,0.0,101.28653,-134.98494,1682.559204,-0.865993445,0.5000553501,0.0,,,,
3273,0.0,101.20903,-135.022308,1682.434937,-0.865993445,0.5000553501,0.0,,,,
3274,0.0,101.340584,-135.211151,1682.660889,-0.865993445,0.5000553501,0.0,,,,
3275,0.0,101.414696,-135.306671,1682.739746,-0.865993445,0.5000553501,0.0,,,,
3276,0.0,101.49971,-135.424286,1682.846436,-0.865993445,0.5000553501,0.0,,,,
3277,0.0,101.567169,-135.481171,1682.88916,-0.865993445,0.5000553501,0.0,,,,
3278,0.0,101.599068,-135.525421,1682.896484,-0.865993445,0.5000553501,0.0,,,,
3279,0.0,101.625748,-135.487411,1682.847046,-0.865993445,0.5000553501,0.0,,,,
3280,0.0,101.648048,-135.454498,1682.804077,-0.865993445,0.5000553501,0.0,,,,
3281,0.0,101.670761,-135.408997,1682.715332,-0.865993445,0.5000553501,0.0,,,,
3282,0.0,101.690544,-135.336899,1682.526001,-0.8650974007,0.5016039148,0.0,,,,
3283,0.0,101.711594,-135.256424,1682.31958,-0.864256874,0.5030507487,0.0,,,,
3284,0.0,101.732948,-135.162613,1682.106567,-0.8637975367,0.5038390771,0.0,,,,
3285,0.0,101.751999,-135.00322,1681.683228,-0.8635863957,0.5042008897,0.0,,,,
3286,0.0,101.756485,-134.95285,1681.564331,-0.8635863957,0.5042008897,0.0,,,,
3287,0.0,101.761986,-134.838272,1681.311768,-0.8632406975,0.5047925298,0.0,,,,
3288,0.0,101.623421,-134.756638,1681.30835,-0.8631025991,0.5050286164,0.0,,,,
3289,0.0,101.383904,-134.61882,1681.334106,-0.8623279546,0.506350174,0.0,,,,
3290,0.0,100.967445,-134.373886,1681.34729,-0.8613802208,0.5079607419,0.0,,,,
3291,0.0,100.117744,-133.829819,1681.296631,-0.8602276547,0.5099093502,0.0009147269,,,,
3292,0.0,99.324944,-133.285309,1681.205078,-0.8580606927,0.5135429614,0.0023397339,,,,
3293,0.0,97.967476,-132.358459,1681.131958,-0.8553598273,0.5180205295,0.0037811072,,,,
3294,0.0,95.705498,-130.80629,1680.868164,-0.8475525298,0.5306292185,0.0093456832,,,,
3295,0.0,94.4774285,-129.9967045,1680.7508545,-0.8450639035,0.5345321586,0.0108886803,,,,
3296,0.0,93.249359,-129.187119,1680.633545,-0.8425752772,0.5384350988,0.0124316775,,,,
3297,0.0,91.666451,-128.13089,1680.346191,-0.8367105857,0.54739626,0.0165145495,,,,
3298,0.0,87.839264,-125.691673,1679.861816,-0.8241903634,0.5658333008,0.0233006546,,,,
3299,0.0,86.2896845,-124.690727,1679.8065185,-0.8198774743,0.5719171311,0.0255184184,,,,
3300,0.0,84.740105,-123.689781,1679.751221,-0.8155645853,0.5780009614,0.0277361821,,,,
3301,0.0,82.6185,-122.397469,1679.858154,-0.811530638,0.5835663983,0.0294666308,,,,
3302,0.0,78.28186,-119.435623,1680.265137,-0.8062336721,0.5907655091,0.0313588786,,,,
3303,0.0,76.6435085,-118.3152695,1680.2179565,-0.8047167723,0.5927942832,0.0319236322,,,,
3304,0.0,73.180099,-115.910751,1680.496094,-0.7993815801,0.5998570379,0.0340679233,0.0723185724,478.5396002622,1281.6673732218,2.0
3305,0.0,71.548332,-114.671654,1680.90686,-0.7951243172,0.6053835548,0.0358897167,0.0750961609,486.6781211524,1280.0544262316,2.0
3306,0.0,68.487228,-112.44178,1681.340088,-0.7895746213,0.6124599463,0.0382718125,0.0783021284,495.0143925858,1276.1111049478,2.0
3307,0.0,66.679504,-111.109833,1681.486694,-0.7848855354,0.6183699494,0.0396648702,0.0808214439,500.7357675327,1271.4158477316,2.0
3308,0.0,64.073158,-109.205414,1681.694946,-0.7762645349,0.6290157695,0.0418632728,0.086586891,514.7431232711,1264.6201798903,2.0
3309,0.0,61.511784,-107.274651,1681.902222,-0.7710783154,0.6352244861,0.0439099504,0.0901936907,522.1744487499,1258.1513150804,2.0
3310,0.0,59.654778,-105.802353,1682.030884,-0.7659956671,0.6412401191,0.0454064718,0.0937115754,529.7715531982,1253.4231443505,2.0
3311,0.0,56.825466,-104.451752,1682.018433,-0.7577264401,0.6508260729,0.0477081215,0.0991539838,541.1340264677,1246.4541006407,2.0
3312,0.0,56.540592,-104.066727,1681.949402,-0.7569154578,0.6517521816,0.0479220448,0.0997522789,542.2886475439,1245.5668232937,2.0
3313,0.0,52.340637,-102.278328,1681.205566,-0.7473659845,0.6625037609,0.0503274476,0.1060942828,553.9630427105,1235.8211508702,2.0
3314,0.0,50.370575,-101.8032,1681.393677,-0.7400402707,0.6705539438,0.0519404099,0.1109274668,563.5884721396,1231.1706020052,2.0
3315,0.0,47.432026,-101.097244,1681.560303,-0.73268677,0.6784616826,0.0534774935,0.115677248,571.6562315328,1224.4281963646,2.0
3316,0.0,45.021271,-100.249428,1681.804321,-0.720734404,0.6910047736,0.0552659181,0.1237837402,587.3159143687,1218.7047977749,2.0
3317,0.0,42.424351,-99.160599,1681.633301,-0.7043224915,0.7074988608,0.058096385,0.1316822307,271.0738454805,546.5106847616,6.0
3318,0.0,40.070114,-98.347313,1681.583984,-0.6936442067,0.7178185039,0.0599525643,0.1277728132,266.4184315852,544.7105228062,6.0
3319,0.0,37.318951,-97.293922,1681.411133,-0.6686776082,0.7407598975,0.0643819125,0.1156776833,253.2544336907,542.4437007849,6.0
3320,0.0,34.387314,-96.256058,1681.168213,-0.6472843273,0.759223905,0.0678384967,0.106937538,242.8890076897,539.8340796576,6.0
3321,0.0,32.375145,-95.554993,1681.012451,-0.619263671,0.7820003334,0.0706256628,0.0942102116,227.9534270207,537.9719578699,6.0
3322,0.0,29.266926,-94.563095,1680.707275,-0.5855804753,0.8073538446,0.0726310998,0.081202798,211.2003798078,535.0503588743,6.0
3323,0.0,26.3811,-93.587044,1680.323975,-0.5602243938,0.8250608661,0.0736423508,0.0728966067,199.4803183874,532.2233060804,6.0
3324,0.0,23.518158,-92.620399,1680.002686,-0.5001180927,0.8625727094,0.0764866939,0.0521358598,168.6652051969,529.2707550367,6.0
3325,0.0,20.819162,-91.710747,1679.759521,-0.4674185778,0.8807091788,0.076623857,0.0435512257,153.6615534294,526.4180687778,6.0
3326,0.0,19.044527,-91.072929,1679.626221,-0.4526576812,0.8883255227,0.0773226321,0.0406781967,148.0006132055,524.2395513135,6.0
3327,0.0,16.163685,-90.123398,1679.483032,-0.431278615,0.8988688986,0.0776753463,0.0367795214,139.9860394578,520.9513308923,6.0
3328,0.0,13.251627,-89.190102,1679.454468,-0.4143870819,0.9067799565,0.0776753289,0.0342084024,134.2329520494,517.6354465173,6.0
3329,0.0,11.076427,-88.480606,1679.487427,-0.4005919484,0.9129581777,0.0776753289,0.031937419,129.2136419008,515.3935832491,6.0
3330,0.0,8.096016,-87.519592,1679.669556,-0.3869641726,0.9188827882,0.0768970131,0.0303602326,125.0480507747,511.3649734221,6.0
3331,0.0,4.572027,-86.706024,1680.38208,-0.3800574796,0.9217836496,0.076623857,0.0308199912,125.0559065446,507.6276209085,6.0
3332,0.0,2.21776,-86.194717,1681.183105,-0.3740142417,0.9242522013,0.076623857,0.0307627754,124.3689380312,505.3009915926,6.0
3333,0.0,-0.524001,-85.000313,1681.531982,-0.3658904098,0.9275902252,0.0755021989,0.0302504662,122.3027953792,501.0312848099,6.0
3334,0.0,-3.634479,-83.747559,1682.294434,-0.3600298306,0.9299890135,0.0741549449,0.0304473136,121.7256415682,497.077128443,6.0
3335,0.0,-6.996505,-82.355034,1683.227051,-0.3514879387,0.9334097424,0.0721282315,0.0300366354,119.7717641294,492.3792359246,6.0
3336,0.0,-8.720946,-81.361328,1683.586304,-0.344653169,0.9361460513,0.0696043376,0.0290401837,117.0031444422,489.0564246772,6.0
3337,0.0,-14.054832,-77.479218,1684.322876,-0.3189236541,0.9458785451,0.0600123387,0.0249286524,106.3338123115,479.2152053697,6.0
3338,0.0,-15.7158285,-76.2024615,1684.33197,-0.3081934194,0.9495498733,0.0568622428,0.0230697463,101.5726596072,475.8828825823,6.0
3339,0.0,-19.305969,-73.165398,1683.562988,-0.2798280305,0.9588320985,0.0483454252,0.0180197854,88.5405035858,468.5085522814,6.0
3340,0.0,-20.301336,-71.995552,1682.758911,-0.2708799534,0.9614828375,0.0456094733,0.01644803,84.0751885141,465.8849420929,6.0
3341,0.0,-21.296703,-70.825706,1681.954834,-0.2619318763,0.9641335765,0.0428735213,0.0148762745,79.6098734424,463.2613319044,6.0
3342,0.0,-24.268171,-66.904259,1678.536377,-0.2439700935,0.9690049049,0.0388341058,0.0120710949,70.3926303566,454.4158142059,6.0
3343,0.0,-25.0388975,-65.6257175,1677.0359495,-0.238602527,0.9703865822,0.0372208654,0.0111868951,67.316020638,451.5457921973,6.0
3344,0.0,-26.823467,-62.616486,1674.221924,-0.2312165408,0.9722847046,0.0346607057,0.0099738191,62.6418370303,444.635717565,6.0
3345,0.0,-27.87187,-60.387589,1672.492554,-0.2300467989,0.9725992748,0.0336023966,0.009629933,60.8603689008,439.5983283494,6.0
3346,0.0,-28.495947,-58.474792,1670.155396,-0.2273097087,0.9732757845,0.032627345,0.0089057676,57.9459641204,435.1526234468,6.0
3347,0.0,-28.675521,-57.637159,1669.367554,-0.2249046936,0.9738553296,0.0318906413,0.008380656,55.934333444,433.0990515327,6.0
3348,0.0,-28.871124,-55.333466,1666.793457,-0.2189833838,0.9752647969,0.0300807841,0.0069950633,50.5344496683,427.9938515798,6.0
3349,0.0,-28.95591,-53.720432,1665.489136,-0.2110199803,0.9770732772,0.0282555978,0.0056381138,44.9989458731,424.3590215332,6.0
3350,0.0,-29.626675,-52.225849,1665.664185,-0.2018880852,0.9790557321,0.0262882969,0.0043859574,39.4009121925,421.1490199411,6.0
3351,0.0,-30.303291,-50.820847,1665.724731,-0.1897620246,0.9815684733,0.0226650863,0.0030405484,32.575561738,418.0529829846,6.0
3352,0.0,-30.818319,-49.587631,1665.831177,-0.1805377295,0.9833605996,0.0202004804,0.0020799726,26.8014615814,415.7580079906,6.0
3353,0.0,-30.9396065,-49.1959725,1665.8812255,-0.1735617996,0.9846111911,0.0191237308,0.001630308,23.4850530523,415.4661975839,6.0
3354,0.0,-31.333187,-48.134361,1665.948486,-0.1541338005,0.9879041577,0.0169748853,0.0005329889,13.5361579614,414.6476674714,6.0
3355,0.0,-31.63258,-47.3740445,1665.9488525,-0.1453930488,0.9891945776,0.0166363557,0.000293419,8.917863334,414.4792199639,6.0
3356,0.0,-32.142941,-45.858727,1665.869873,-0.119947555,0.9926558125,0.0157169329,5.79009e-05,4.4541479966,413.9168384302,6.0
3357,0.0,-32.405739,-44.742352,1665.797852,-0.0983822925,0.9950412511,0.0146230341,0.000643909,14.8331327706,413.4048543983,6.0
3358,0.0,-32.629753,-43.666061,1665.739502,-0.0834045346,0.9964405756,0.0122418525,0.0015085816,22.6793823128,413.0433876094,6.0
3359,0.0,-32.831619,-42.448982,1665.680176,-0.0750576711,0.9971226824,0.0106161323,0.0023257753,28.1504683672,412.9898848209,6.0
3360,0.0,-33.113495,-41.345535,1665.687134,-0.0738564366,0.9972217903,0.0096916267,0.0026329654,29.9556500797,413.0734035048,6.0
3361,0.0,-32.986988,-41.309578,1665.732544,-0.0737523949,0.9972304996,0.009587226,0.0029227594,31.6616074777,414.4183688653,6.0
3362,0.0,-32.956097,-40.495922,1665.224609,-0.0688390492,0.9975846222,0.009279381,0.0036893472,35.636412661,415.2457103979,6.0
3363,0.0,-33.099625,-39.408939,1665.112549,-0.066108049,0.9977708981,0.0091082762,0.0042161529,38.1542914912,415.937874345,6.0
3364,0.0,-33.20314,-38.605732,1665.032593,-0.0643692561,0.9978855698,0.0089993547,0.0045431666,39.6361119548,416.284791659,6.0
3365,0.0,-33.403889,-37.046677,1664.904053,-0.061070376,0.9980947332,0.0087927682,0.0051607267,42.3391642799,417.2851177017,6.0
3366,0.0,-33.551277,-35.849056,1664.968018,-0.0585547766,0.9982468486,0.0086352408,0.0054269532,43.3320657953,416.4917310602,6.0
3367,0.0,-33.613838,-33.739822,1665.179688,-0.0708861492,0.9974463183,0.0087175648,0.0042826604,38.3468184947,414.7849623134,6.0
3368,0.0,-33.599373,-33.6291275,1665.1762085,-0.0715000158,0.9974016022,0.0087980825,0.0042326715,38.1167844882,414.7259970344,6.0
3369,0.0,-33.584908,-33.518433,1665.172729,-0.0900865572,0.9958408912,0.0136136538,0.0026524705,30.1822496517,414.6670317554,6.0
3370,0.0,-33.043152,-30.045721,1665.477417,-0.0771885244,0.9969546012,0.0111110261,0.0038948408,36.309204997,411.7941548808,6.0
3371,0.0,-32.754475,-28.969345,1665.396851,-0.0798837674,0.9967355242,0.0116995128,0.0037557209,35.6035372356,411.187258178,6.0
3372,0.0,-32.404064,-27.786509,1665.43457,-0.0828050361,0.9964887685,0.012387908,0.0035915676,34.7582664737,410.479422191,6.0
3373,0.0,-32.047848,-26.736509,1665.417969,-0.0860437427,0.9962071531,0.0129530875,0.0034370841,33.9756284907,410.1388581221,6.0
3374,0.0,-31.640348,-25.266087,1665.669067,-0.0898505717,0.9958627362,0.0135751728,0.0032114939,32.7756549081,409.2906205778,6.0
3375,0.0,-31.254164,-24.09675,1665.749878,-0.0933993026,0.9955298799,0.0140295609,0.0030226325,31.7589225794,408.7770614079,6.0
3376,0.0,-30.298775,-21.831324,1665.805054,-0.0939042713,0.9954814794,0.0140929799,0.0032111892,32.6703237169,407.9946079333,6.0
3377,0.0,-29.951559,-21.1622775,1665.7891235,-0.0939042713,0.9954814794,0.0140929799,0.0032938414,33.0697146493,407.8108556975,6.0
3378,0.0,-29.082916,-19.469635,1665.868042,-0.0939042713,0.9954814794,0.0140929799,0.0034974526,34.046240569,407.4349786529,6.0
3379,0.0,-28.6585995,-19.1134835,1665.927368,-0.0939037162,0.9954748508,0.0145500682,0.0035776122,34.4429030333,407.5704072158,6.0
3380,0.0,-27.963192,-18.407515,1665.918213,-0.0939029592,0.99546757,0.0150516223,0.0037118165,35.1306039854,408.1133003001,6.0
3381,0.0,-27.595991,-17.748478,1665.820679,-0.0939029592,0.99546757,0.0150516223,0.0037916921,35.5304549936,408.3958406271,6.0
3382,0.0,-27.038576,-17.012047,1665.719727,-0.0939029592,0.99546757,0.0150516223,0.0039078923,36.1015652222,408.7562886769,6.0
3383,0.0,-26.693132,-16.608406,1665.624634,-0.0939029592,0.99546757,0.0150516223,0.0039680745,36.4207605206,409.237438641,6.0
3384,0.0,-26.260916,-16.585896,1665.648804,-0.0939029592,0.99546757,0.0150516223,0.0040251856,36.7604918768,410.1198899794,6.0
3385,0.0,-26.051525,-16.051107,1665.544189,-0.0947373562,0.9953885081,0.0150516223,0.0039834715,36.6051089493,410.5147619429,6.0
3386,0.0,-25.737234,-15.780436,1665.541382,-0.1060183422,0.9942038175,0.0178572248,0.0030485408,32.094147809,411.3354025143,6.0
3387,0.0,-25.424881,-15.823298,1665.616699,-0.1137152648,0.9933206507,0.0195684297,0.0024895757,29.0746630745,412.2944539439,6.0
3388,0.0,-25.204399,-15.777023,1665.690674,-0.1290180725,0.9913869262,0.0225011021,0.0015161127,22.7521234502,413.3385070109,6.0
3389,0.0,-25.182205,-15.633484,1665.731445,-0.1372040938,0.9902447564,0.0242973043,0.0010774874,19.2190399343,414.12134579,6.0
3390,0.0,-25.214561,-15.406472,1665.781006,-0.1500797026,0.988317293,0.0265520462,0.0005420084,13.6657185285,415.1196621672,6.0
3391,0.0,-25.243418,-15.195432,1665.814087,-0.1577481925,0.9870987292,0.0274154428,0.0003096966,10.3479805551,415.8205849771,6.0
3392,0.0,-25.270184,-14.847322,1665.825439,-0.161958571,0.9864139568,0.0275123069,0.0002095241,8.5257288972,416.5069468389,6.0
3393,0.0,-25.298697,-14.68633,1665.862671,-0.1632673219,0.9861981822,0.0275123069,0.0001790182,7.8992601754,417.4863717887,6.0
3394,0.0,-25.365547,-14.804396,1665.91687,-0.1657488827,0.9857841452,0.0275123069,0.0001282607,6.7045922848,418.6243957369,6.0
3395,0.0,-25.569023,-14.658511,1665.931396,-0.1704477106,0.9849825638,0.0275123069,5.87531e-05,4.5493595273,419.6878827227,6.0
3396,0.0,-25.786999,-14.726751,1665.984131,-0.1737098633,0.984412493,0.0275123069,2.63028e-05,3.0536749177,421.0265442933,6.0
3397,0.0,-26.038069,-14.607344,1666.017456,-0.1754790603,0.9840986599,0.0275123069,1.4839e-05,2.2989408183,421.9998875815,6.0
3398,0.0,-26.337952,-14.517202,1666.075317,-0.1756165162,0.9840741396,0.0275123069,1.37065e-05,2.2162268925,423.2896287141,6.0
3399,0.0,-26.638285,-14.404466,1666.119995,-0.1764980727,0.9839164107,0.0275123069,1.20688e-05,2.0850176226,424.3882332808,6.0
3400,0.0,-27.011959,-14.188931,1666.161499,-0.1774845314,0.9837389461,0.0275123069,1.37656e-05,2.2330361689,425.5838611472,6.0
3401,0.0,-27.362488,-13.967489,1666.19104,-0.1807150365,0.9831506235,0.0275123069,2.64626e-05,3.1031019002,426.5474163619,6.0
3402,0.0,-27.837376,-13.67518,1666.225586,-0.1905869547,0.9813310643,0.0258061039,0.0001306057,6.9131208637,427.7522497759,6.0
3403,0.0,-27.741325,-14.495212,1666.493164,-0.1920196405,0.9810597601,0.0254991143,,,,
3404,0.0,-28.456524,-14.179709,1666.441406,-0.2012904225,0.9792765398,0.0223522804,,,,
3405,0.0,-29.043123,-13.806397,1666.489258,-0.2020975415,0.9791235955,0.0217616302,,,,
3406,0.0,-29.389919,-13.689487,1666.492188,-0.1856133715,0.9823980207,0.0210191626,,,,
3407,0.0,-29.757565,-13.626765,1666.595459,-0.174046933,0.9845284473,0.020283035,,,,
3408,0.0,-30.157986,-13.121505,1666.530762,-0.1675009337,0.9856893666,0.0189712889,,,,
3409,0.0,-30.471083,-12.469666,1666.390259,-0.1670701879,0.9857643157,0.0188750164,,,,
3410,0.0,-30.911581,-11.611283,1666.256226,-0.1675502645,0.9856808255,0.0189794381,,,,
3411,0.0,-31.306597,-10.903053,1666.161011,-0.1679897639,0.9856041726,0.0190749602,,,,
3412,0.0,-31.655592,-9.870661,1665.93042,-0.1685630734,0.9854987964,0.0194579714,,,,
3413,0.0,-31.919325,-9.08531,1665.760132,-0.1689173652,0.9854309796,0.019816864,,,,
3414,0.0,-32.154819,-8.331612,1665.588989,-0.1691793921,0.9853655423,0.0208106064,,,,
3415,0.0,-32.388691,-7.552286,1665.44519,-0.1693863367,0.9853207577,0.0212431954,,,,
3416,0.0,-32.614567,-6.734356,1665.291626,-0.1695803005,0.9852633282,0.0223314988,,,,
3417,0.0,-32.83511,-5.870055,1666.282837,-0.1695927583,0.9852368535,0.0233803072,,,,
3418,0.0,-33.007195,-5.240875,1666.230957,-0.1713349004,0.9848913604,0.0251666485,,,,
3419,0.0,-33.735821,-4.527479,1667.365356,-0.1714698692,0.9848408003,0.0262046197,,,,
3420,0.0,-34.618927,-3.363196,1671.286743,-0.1714650552,0.9848139647,0.0272248018,,,,
3421,0.0,-34.904942,-2.855376,1673.48877,-0.1714650552,0.9848139647,0.0272248018,,,,
3422,0.0,-35.150967,-2.253737,1674.996094,-0.1714650552,0.9848139647,0.0272248018,,,,
3423,0.0,-35.431049,-1.611762,1677.39917,-0.1714650552,0.9848139647,0.0272248018,,,,
3424,0.0,-35.636089,-1.097,1678.632812,-0.1714650552,0.9848139647,0.0272248018,,,,
3425,0.0,-35.894173,-0.530109,1680.049072,-0.1714650552,0.9848139647,0.0272248018,,,,
3426,0.0,-36.106247,0.189154,1681.395386,-0.1714650552,0.9848139647,0.0272248018,,,,
3427,0.0,-36.289207,1.057842,1682.786011,-0.1714650552,0.9848139647,0.0272248018,,,,
3428,0.0,-36.433815,2.018918,1682.867188,-0.1714650552,0.9848139647,0.0272248018,,,,
3429,0.0,-35.119606,5.330578,1682.412476,-0.1714650552,0.9848139647,0.0272248018,,,,
3430,0.0,-35.289856,6.259398,1682.381958,-0.1714650552,0.9848139647,0.0272248018,,,,
3431,0.0,-35.455242,7.170637,1682.351929,-0.1714650552,0.9848139647,0.0272248018,,,,
3432,0.0,-35.646484,8.231728,1682.317139,-0.1714650552,0.9848139647,0.0272248018,,,,
3433,0.0,-35.825603,9.231126,1682.28418,-0.1714650552,0.9848139647,0.0272248018,,,,
3434,0.0,-36.03495,10.403857,1682.245605,-0.1714650552,0.9848139647,0.0272248018,,,,
3435,0.0,-36.263351,11.687951,1682.203247,-0.1714650552,0.9848139647,0.0272248018,,,,
3436,0.0,-36.464928,12.824485,1682.023315,-0.1714650552,0.9848139647,0.0272248018,,,,
3437,0.0,-36.705715,14.184897,1681.782104,-0.1714650552,0.9848139647,0.0272248018,,,,
3438,0.0,-36.970325,15.682927,1681.516968,-0.1714650552,0.9848139647,0.0272248018,,,,
3439,0.0,-37.228485,17.19145,1681.250122,-0.1705858839,0.9849910071,0.0263281639,,,,
3440,0.0,-37.483353,18.643553,1680.993408,-0.1705251659,0.9850031695,0.0262664006,,,,
3441,0.0,-37.777939,20.32132,1680.7323,-0.1705251659,0.9850031695,0.0262664006,,,,
3442,0.0,-38.034309,21.783607,1680.5271,-0.1705251659,0.9850031695,0.0262664006,,,,
3443,0.0,-38.34734,23.571297,1680.278931,-0.1705251659,0.9850031695,0.0262664006,,,,
3444,0.0,-38.64616,25.326029,1680.037231,-0.1696143193,0.9851604229,0.0262664006,,,,
3445,0.0,-38.917793,26.883892,1679.88916,-0.1695807387,0.9851662039,0.0262664006,,,,
3446,0.0,-39.19791,28.571856,1679.733765,-0.1679698451,0.985442138,0.0262664006,,,,
3447,0.0,-39.486874,30.288109,1679.574707,-0.1668877074,0.9856259784,0.0262664006,,,,
3448,0.0,-39.815956,32.239761,1679.393921,-0.1658153477,0.985806952,0.0262664006,,,,
3449,0.0,-40.081085,33.773724,1679.257446,-0.1658014284,0.9858092932,0.0262664006,,,,
3450,0.0,-40.40657,35.659901,1679.126221,-0.1658014284,0.9858092932,0.0262664006,,,,
3451,0.0,-40.684471,37.273846,1679.017822,-0.1658014284,0.9858092932,0.0262664006,,,,
3452,0.0,-41.019684,39.227192,1678.886719,-0.1658014284,0.9858092932,0.0262664006,,,,
3453,0.0,-41.318771,40.975033,1678.779419,-0.1658014284,0.9858092932,0.0262664006,,,,
3454,0.0,-41.706917,43.24828,1678.658203,-0.1658014284,0.9858092932,0.0262664006,,,,
3455,0.0,-42.07288,45.589916,1678.535645,-0.1621121664,0.9864226892,0.0262664006,,,,
3456,0.0,-42.399475,47.920895,1678.413452,-0.1545156613,0.9876411224,0.0262664006,,,,
3457,0.0,-42.479179,50.306412,1678.293457,-0.1193106799,0.9925094649,0.0262664006,,,,
3458,0.0,-42.548603,52.999725,1678.138428,-0.0805390335,0.9963806057,0.0271873609,0.1472330785,757.0229879809,1449.4257645345,3.0
3459,0.0,-41.916161,55.583828,1677.979248,0.0255396019,0.9992308536,0.0297561761,0.096278528,620.5781906132,1449.5395983685,3.0
3460,0.0,-40.70676,60.8936,1677.612305,0.3016708431,0.9525799979,0.0398252438,0.0126942595,230.3324953671,1450.170890261,3.0
3461,0.0,-40.645237,63.71838,1677.428955,0.453122764,0.8900689779,0.0495678871,8.63022e-05,19.0586811186,1450.6956560334,3.0
3462,0.0,-40.437222,66.218742,1677.263306,0.5570579614,0.8284224269,0.0583327548,0.0082360332,185.8489796235,1451.0494141415,3.0
3463,0.0,-38.586018,68.143723,1677.066772,0.714090541,0.6964160939,0.0712693721,0.0560082049,479.0055972859,1451.6688161552,3.0
3464,0.0,-37.199604,70.255508,1676.98877,0.7874766922,0.6116391795,0.076012981,0.0997457544,632.2809125755,1452.3022361115,3.0
3465,0.0,-36.393314,72.308273,1676.934204,0.8170479486,0.5711945826,0.0785455187,0.1233125054,698.8342184332,1452.6956006431,3.0
3466,0.0,-35.437057,74.706314,1676.869385,0.8501570439,0.5192035706,0.0875251557,,,,
3467,0.0,-34.662247,77.499107,1676.801147,0.8628764694,0.495329778,0.1004619808,,,,
3468,0.0,-34.01075,80.114006,1676.740356,0.8634716599,0.4936659939,0.1034919274,,,,
3469,0.0,-33.016415,83.204048,1676.709473,0.8634973302,0.4935489184,0.1038355714,,,,
3470,0.0,-32.040565,85.34481,1676.702026,0.8634973302,0.4935489184,0.1038355714,,,,
3471,0.0,-30.620958,87.748589,1676.701294,0.8634973302,0.4935489184,0.1038355714,,,,
3472,0.0,-29.141222,89.646057,1676.701294,0.8634973302,0.4935489184,0.1038355714,,,,
3473,0.0,-27.513157,91.287773,1676.701294,0.8634973302,0.4935489184,0.1038355714,,,,
3474,0.0,-32.140064,92.639626,1676.905518,0.8634973302,0.4935489184,0.1038355714,,,,
3475,0.0,-30.416281,93.932251,1676.879272,0.8634973302,0.4935489184,0.1038355714,,,,
3476,0.0,-28.323627,95.174263,1676.832642,0.8634973302,0.4935489184,0.1038355714,,,,
3477,0.0,-26.555874,95.977844,1676.76001,0.8634973302,0.4935489184,0.1038355714,,,,
3478,0.0,-24.5919,96.713196,1676.727661,0.8634973302,0.4935489184,0.1038355714,,,,
3479,0.0,-22.308676,97.403885,1676.670776,0.8634973302,0.4935489184,0.1038355714,,,,
3480,0.0,-19.643709,98.067513,1676.648438,0.8634973302,0.4935489184,0.1038355714,,,,
3481,0.0,-17.30941,98.54023,1676.713013,0.8634973302,0.4935489184,0.1038355714,,,,
3482,0.0,-14.408405,98.995155,1676.681274,0.8634973302,0.4935489184,0.1038355714,,,,
3483,0.0,-11.574846,99.302307,1676.65271,0.8634973302,0.4935489184,0.1038355714,,,,
3484,0.0,-8.637726,99.479607,1676.529053,0.8634973302,0.4935489184,0.1038355714,,,,
3485,0.0,-6.00399,99.551781,1676.419067,0.8637301511,0.4936819117,0.1012343628,,,,
3486,0.0,-3.282337,99.529251,1676.293823,0.8659194956,0.4902197911,0.0993377246,,,,
3487,0.0,-0.149785,99.355789,1676.118652,0.8740765693,0.4766776579,0.0936405976,,,,
3488,0.0,9.383167,97.422737,1676.701294,0.874568199,0.4756917394,0.0940629275,,,,
3489,0.0,12.551527,97.015915,1676.701294,0.8745568358,0.4756855192,0.0941999357,,,,
3490,0.0,15.582607,96.565422,1676.701294,0.8746294007,0.4757249884,0.0933228095,,,,
3491,0.0,18.62075,96.062935,1676.701294,0.8746357696,0.4757284525,0.0932454289,,,,
3492,0.0,21.848278,95.47979,1676.701294,0.8746357696,0.4757284525,0.0932454289,,,,
3493,0.0,24.634876,94.936729,1676.701294,0.8746357696,0.4757284525,0.0932454289,,,,
3494,0.0,28.030584,94.23571,1676.701294,0.8746357696,0.4757284525,0.0932454289,,,,
3495,0.0,30.999779,93.586884,1676.701294,0.8746357696,0.4757284525,0.0932454289,,,,
3496,0.0,34.378067,92.813568,1676.701294,0.8746357696,0.4757284525,0.0932454289,,,,
3497,0.0,37.241009,92.171257,1676.701294,0.8746357696,0.4757284525,0.0932454289,,,,
3498,0.0,34.208752,93.323608,1676.051025,0.8746357696,0.4757284525,0.0932454289,,,,
3499,0.0,36.548512,92.858032,1676.334106,0.8746357696,0.4757284525,0.0932454289,,,,
3500,0.0,40.366566,92.072899,1676.776245,0.8746357696,0.4757284525,0.0932454289,,,,
3501,0.0,46.954788,90.686729,1677.297241,0.8746357696,0.4757284525,0.0932454289,,,,
3502,0.0,48.68972,90.3175315,1677.399414,0.8746357696,0.4757284525,0.0932454289,,,,
3503,0.0,50.424652,89.948334,1677.501587,0.8746357696,0.4757284525,0.0932454289,,,,
3504,0.0,53.941437,89.566261,1677.611694,0.8746357696,0.4757284525,0.0932454289,,,,
3505,0.0,57.356682,89.27372,1677.713501,0.8746357696,0.4757284525,0.0932454289,,,,
3506,0.0,63.797127,89.293274,1677.898193,0.8747049768,0.4757660954,0.0924003571,,,,
3507,0.0,66.951874,89.465233,1678.05957,0.8747139009,0.4757709494,0.092290819,,,,
3508,0.0,70.267883,89.694855,1678.171753,0.8747139009,0.4757709494,0.092290819,,,,
3509,0.0,73.644859,90.02639,1678.219849,0.8747139009,0.4757709494,0.092290819,,,,
3510,0.0,76.8386,90.444519,1678.250488,0.8747139009,0.4757709494,0.092290819,,,,
3511,0.0,80.033745,90.989616,1678.223389,0.8747139009,0.4757709494,0.092290819,,,,
3512,0.0,82.9328,91.538643,1678.131592,0.8747139009,0.4757709494,0.092290819,,,,
3513,0.0,86.27845,92.22805,1678.301392,0.8747139009,0.4757709494,0.092290819,,,,
3514,0.0,88.81485,92.791405,1678.395752,0.8753256965,0.4746444279,0.0922908017,,,,
3515,0.0,92.17408,93.561043,1678.528198,0.876239074,0.4729561217,0.0922908017,,,,
3516,0.0,96.105019,94.492226,1678.77356,0.879410081,0.4671241145,0.0918312094,,,,
3517,0.0,99.562729,95.342743,1679.013672,0.8820837044,0.4621411741,0.0913995276,,,,
3518,0.0,102.918701,96.210342,1679.222656,0.8850995246,0.4563513347,0.0913361417,,,,
3519,0.0,106.209023,96.975784,1679.54834,0.891836767,0.442539619,0.0937329539,,,,
3520,0.0,109.607269,97.792892,1679.848999,0.9039280776,0.4158534187,0.0998997731,,,,
3521,0.0,113.060669,98.500511,1679.979736,0.9144844012,0.3909668523,0.1042266778,,,,
3522,0.0,116.509392,99.251099,1679.775391,0.9322783314,0.3437844095,0.1125583958,,,,
3523,0.0,119.797882,99.778992,1679.558228,0.9423420364,0.3135936828,0.1168353054,,,,
3524,0.0,123.123726,100.131958,1679.461182,0.9534410785,0.2759609015,0.1216375384,,,,
3525,0.0,125.685204,100.102043,1679.14209,0.9624787095,0.240718801,0.1252565075,,,,
3526,0.0,129.239883,100.213455,1678.838013,0.9713843161,0.1993904861,0.129057911,,,,
3527,0.0,132.680771,100.012772,1678.392456,0.9769725018,0.1682031364,0.1312723719,,,,
3528,0.0,135.740936,99.638458,1677.981689,0.9791504013,0.1541692063,0.1322737594,,,,
3529,0.0,138.6884,99.077095,1677.518555,0.9804848706,0.1449194057,0.1328449639,,,,
3530,0.0,142.307556,98.274292,1676.807617,0.981601972,0.1366729455,0.1333344462,,,,
3531,0.0,144.771988,97.776215,1676.675415,0.9818217239,0.1350742998,0.1333455512,,,,
3532,0.0,147.813919,96.856499,1676.158081,0.9819891579,0.1338516084,0.1333455685,,,,
3533,0.0,154.761261,91.868195,1676.81189,0.9820150778,0.1336612948,0.1333455858,,,,
3534,0.0,157.165802,91.071671,1676.765259,0.9821914211,0.1323592698,0.1333455512,,,,
3535,0.0,160.460403,89.979179,1676.707275,0.9823764334,0.1309790332,0.1333455512,,,,
3536,0.0,163.629181,89.089027,1676.701172,0.9826210848,0.1272576341,0.1351343713,,,,
3537,0.0,166.463669,88.432312,1676.701538,0.9825219204,0.1270202939,0.1360754234,,,,
3538,0.0,169.382278,87.845551,1676.701538,0.9820752561,0.1269625318,0.1393151348,,,,
3539,0.0,172.381699,87.327385,1676.701538,0.9819803333,0.1269502776,0.1399937571,,,,
3540,0.0,175.98468,86.805405,1676.701538,0.9819803333,0.1269502776,0.1399937571,,,,
3541,0.0,179.020432,86.44503,1676.701538,0.9819803333,0.1269502776,0.1399937571,,,,
3542,0.0,182.295944,86.125725,1676.701538,0.9819803333,0.1269502776,0.1399937571,,,,
3543,0.0,187.957123,85.727409,1676.701538,0.9819803333,0.1269502776,0.1399937571,,,,
3544,0.0,191.263794,85.580536,1676.701538,0.9819803333,0.1269502776,0.1399937571,,,,
3545,0.0,194.722397,85.483604,1676.701538,0.9819803333,0.1269502776,0.1399937571,,,,
3546,0.0,196.794823,85.453968,1676.701538,0.9819803333,0.1269502776,0.1399937571,,,,
3547,0.0,198.867249,85.424332,1676.701538,0.9819803333,0.1269502776,0.1399937571,,,,
3548,0.0,205.295181,85.465637,1676.701538,0.9819803333,0.1269502776,0.1399937571,,,,
3549,0.0,208.447159,85.531982,1676.701538,0.9819803333,0.1269502776,0.1399937571,,,,
3550,0.0,211.608307,85.625671,1676.701538,0.9819803333,0.1269502776,0.1399937571,,,,
3551,0.0,215.643799,85.780479,1676.719727,0.9819803333,0.1269502776,0.1399937571,,,,
3552,0.0,217.954147,85.887207,1676.721313,0.9819803333,0.1269502776,0.1399937571,,,,
3553,0.0,221.554703,86.074776,1676.738525,0.9819803333,0.1269502776,0.1399937571,,,,
3554,0.0,225.219376,86.290878,1676.74707,0.9819803333,0.1269502776,0.1399937571,0.0101864876,206.7280577707,1452.0481084424,0.0
3555,0.0,228.206223,86.366165,1676.764648,0.98339646,0.1137543972,0.1413907337,0.0100901187,205.3487848181,1449.1965612875,0.0
3556,0.0,231.771423,86.515327,1676.773682,0.9840043463,0.1035329908,0.1449702252,0.0105084385,209.0472900164,1445.7872765566,0.0
3557,0.0,235.671265,86.744888,1676.798706,0.9842722306,0.0985508798,0.1466148021,0.0107340378,210.7172532029,1442.0227471898,0.0
3558,0.0,238.296844,86.934502,1676.800537,0.9841706482,0.0984569128,0.1473579708,,,,
3559,0.0,238.739792,91.132843,1677.9823,0.9841371221,0.0984535761,0.1475839365,,,,
3560,0.0,243.227005,91.364479,1678.118896,0.9841371221,0.0984535761,0.1475839365,0.0111115064,214.1267381383,1440.3870678973,0.0
3561,0.0,246.80719,91.503723,1678.402466,0.9841371221,0.0984535761,0.1475839365,0.0112681333,215.8698728319,1442.0420741077,0.0
3562,0.0,249.034668,91.592751,1678.552124,0.9841371221,0.0984535761,0.1475839365,0.011296917,216.0546763723,1441.4471656229,0.0
3563,0.0,253.409592,91.639977,1679.005615,0.9841371221,0.0984535761,0.1475839365,,,,
3564,0.0,256.702332,91.74276,1679.21521,0.9842221055,0.0976002994,0.147583971,,,,
3565,0.0,260.265289,91.532509,1679.671997,0.9840503353,0.0965873788,0.1493847912,,,,
3566,0.0,263.637756,91.790604,1679.680176,0.9840791751,0.0947212566,0.1503863713,,,,
3567,0.0,266.427765,91.801987,1679.840576,0.9840656238,0.0924148613,0.1519024078,,,,
3568,0.0,269.983887,91.799179,1679.941284,0.9842941713,0.0878897242,0.1531025168,,,,
3569,0.0,273.129822,91.66185,1679.920288,0.9847110625,0.0804369058,0.1545122249,,,,
3570,0.0,276.85553,91.941353,1679.920654,0.9850677726,0.0730608531,0.1558961034,,,,
3571,0.0,280.412628,92.197304,1680.027466,0.9857619078,0.0583073474,0.157714027,,,,
3572,0.0,284.453094,92.716248,1679.850342,0.9863776651,0.042848524,0.1588178383,,,,
3573,0.0,287.309448,93.21254,1679.649536,0.9868232019,0.0302319596,0.1589528133,,,,
3574,0.0,292.596863,93.319466,1679.409912,0.9872470131,0.008794529,0.1589527961,,,,
3575,0.0,293.739929,93.196152,1679.21106,0.9871592445,-0.0158314406,0.1589527961,,,,
3576,0.0,294.692413,93.342545,1678.868286,0.9869571228,-0.0305980412,0.158048719,,,,
3577,0.0,295.53833,93.534256,1678.57251,0.9863108207,-0.0471700151,0.1580061855,,,,
3578,0.0,297.11557,94.080345,1677.866943,0.9857031512,-0.060148455,0.1573895205,0.0200107826,206.6280312608,1038.0679648649,1.0
3579,0.0,298.554443,94.565842,1677.042725,0.9851625088,-0.0706598768,0.1564033669,0.0187275577,199.6812297953,1036.6319045233,1.0
3580,0.0,299.733704,95.148819,1676.216919,0.9844984157,-0.0816140732,0.155248229,0.0175983528,192.9965990557,1033.2795191368,1.0
3581,0.0,300.333984,95.21386,1676.064453,0.9835180037,-0.094346347,0.1542436486,0.0164966461,186.6419138469,1031.798472162,1.0
3582,0.0,300.479645,95.455551,1675.992554,0.9832806028,-0.0971596666,0.1540105687,0.0162830897,185.4129204357,1031.6484713001,1.0
3583,0.0,301.363556,95.935005,1675.95752,0.9817241379,-0.113765725,0.1525617151,0.0150995658,178.3483452857,1030.1903829542,1.0
3584,0.0,302.591675,96.545158,1675.844971,0.9792394708,-0.1356189092,0.1506571281,0.0138791287,170.7031942107,1028.1529093408,1.0
3585,0.0,302.919922,96.688194,1675.772461,0.978387269,-0.1423739612,0.149802939,0.0135700634,168.7109660164,1027.6420270692,1.0
3586,0.0,303.914093,97.164589,1675.594482,0.975707848,-0.1623726681,0.1470690723,0.0491594774,454.6096771337,1467.993604334,0.0
3587,0.0,304.644867,97.546341,1675.483154,0.9740372641,-0.173781022,0.1450915728,0.0122046039,159.5559472834,1024.3899583248,1.0
3588,0.0,305.375183,97.922699,1675.360962,0.9725762676,-0.1826833824,0.1439520251,0.0116457802,155.6235916271,1022.6905949782,1.0
3589,0.0,305.7960205,98.1380385,1675.2960815,0.9716381107,-0.1879475268,0.1434092852,0.0115061773,154.5679388701,1021.8749548758,1.0
3590,0.0,306.825439,98.622841,1675.053223,0.9694021686,-0.2001739379,0.1420909219,0.011028869,151.046510737,1019.8374808981,1.0
3591,0.0,307.2634885,98.8595275,1675.0092775,0.9686886614,-0.2036373454,0.1419915305,0.0109598353,150.4579938949,1019.0431985777,1.0
3592,0.0,307.701538,99.096214,1674.965332,0.9679751541,-0.207100753,0.141892139,0.0108908016,149.8694770528,1018.2489162573,1.0
3593,0.0,308.544067,99.585693,1674.853516,0.9674936671,-0.209338565,0.1418921045,0.0107175528,148.4695577738,1016.8136619863,1.0
3594,0.0,310.100128,100.4347,1674.657349,0.9676177529,-0.209406199,0.1409429956,0.0103105279,145.314091721,1014.5527459826,1.0
3595,0.0,311.345428,100.955612,1674.878906,0.9680060208,-0.2076039759,0.1409430129,0.0102516674,144.631340751,1012.6656618559,1.0
3596,0.0,310.701172,101.594032,1676.495728,0.9692679374,-0.2016301879,0.1409430129,0.0103510049,145.3407579499,1012.7632437124,1.0
3597,0.0,311.770844,101.936317,1676.763306,0.9717783359,-0.189760733,0.1401346857,0.0101094295,143.3710960083,1010.842942584,1.0
3598,0.0,312.674072,102.166145,1676.835327,0.9744880773,-0.1754272792,0.1399937744,0.0101864573,143.6853311789,1009.2404705562,1.0
3599,0.0,314.1026,102.297493,1677.033936,0.9793030939,-0.1461752315,0.1399937571,0.0110519164,149.2941877574,1006.9603768061,1.0
3600,0.0,314.416656,102.292091,1677.175903,0.9840708336,-0.1095734566,0.1399937571,0.0134119692,164.1644136429,1005.7240568313,1.0
3601,0.0,314.576996,102.739311,1677.445801,0.986822519,-0.0799382387,0.1406811782,0.0165359789,182.0026696778,1004.9643131999,1.0
3716,0.0,851.477905,446.436493,1675.588501,0.7071067812,-0.7071067812,0.0,0.0882818646,290.4905829005,707.1057671827,1.0
3717,0.0,851.1238095,446.249649,1675.496826,0.7071067812,-0.7071067812,0.0,0.0887285094,291.2794789313,707.323830622,1.0
3718,0.0,850.927734,445.949432,1675.401123,0.7071067812,-0.7071067812,0.0,0.0902654364,293.8476490275,707.7420069355,1.0
3719,0.0,850.804993,446.064789,1675.582031,0.7071067812,-0.7071067812,0.0,0.0918705211,296.5999790318,708.4009019877,1.0
3720,0.0,852.975647,447.176086,1675.425171,0.9877940673,-0.1382007415,0.0718570497,,,,
3721,0.0,853.788391,451.075745,1675.053833,0.9331130917,0.3366427652,0.1263788223,,,,
3722,0.0,855.074524,452.703125,1674.97583,0.8850502224,0.4445400982,0.1380949124,,,,
3723,0.0,855.901611,453.118683,1674.965942,0.8850502224,0.4445400982,0.1380949124,,,,
3724,0.0,856.751953,453.545807,1675.105347,0.8850502224,0.4445400982,0.1380949124,,,,
3725,0.0,857.834839,454.089844,1675.318237,0.8850502224,0.4445400982,0.1380949124,,,,
3726,0.0,859.085388,454.718079,1675.412598,0.8850502224,0.4445400982,0.1380949124,,,,
3727,0.0,860.55719,455.457458,1675.484253,0.8850502224,0.4445400982,0.1380949124,,,,
3728,0.0,861.358398,460.251587,1675.484253,0.8850502224,0.4445400982,0.1380949124,,,,
3729,0.0,864.067688,459.076385,1673.234497,0.8850502224,0.4445400982,0.1380949124,,,,
3730,0.0,866.007507,460.006317,1673.187134,0.8850502224,0.4445400982,0.1380949124,,,,
3731,0.0,867.594849,460.837585,1673.131104,0.8850502224,0.4445400982,0.1380949124,,,,
3732,0.0,869.18457,461.91626,1673.224609,0.8850502224,0.4445400982,0.1380949124,,,,
3733,0.0,871.614197,461.011841,1676.746216,0.8850502224,0.4445400982,0.1380949124,,,,
3734,0.0,872.575989,461.495087,1676.725708,0.8850502224,0.4445400982,0.1380949124,,,,
3735,0.0,873.91803,462.169159,1676.716309,0.8850502224,0.4445400982,0.1380949124,,,,
3736,0.0,875.344299,456.966583,1676.716675,0.730411842,-0.6829992029,0.0032603565,,,,
3737,0.0,875.977173,457.054077,1676.716553,0.7071067812,-0.7071067812,0.0,0.1357914469,358.6077257525,712.7482926618,1.0
3738,0.0,876.692139,457.369202,1676.716553,0.7071067812,-0.7071067812,0.0,0.1378779955,361.2339974108,712.9138804704,1.0
3739,0.0,877.600342,457.763611,1676.716431,0.7071067812,-0.7071067812,0.0,0.1405772803,364.5860822261,713.1049494531,1.0
3740,0.0,878.357605,457.769592,1676.716431,0.7071067812,-0.7071067812,0.0,0.1428037995,367.207089325,713.0373550425,1.0
3741,0.0,878.875549,457.700317,1676.716431,0.7071067812,-0.7071067812,0.0,0.1446773006,369.4283894779,713.0505826842,1.0
3742,0.0,877.906677,460.002106,1675.510864,0.7071067812,-0.7071067812,0.0,0.1464292398,373.0090090624,715.9799032926,1.0
3743,0.0,879.727661,457.553528,1676.716309,0.7071067812,-0.7071067812,0.0,0.1490474428,374.9618604806,713.8832417797,1.0
3744,0.0,880.017395,457.473999,1676.716309,0.7071067812,-0.7071067812,0.0,,,,
3745,0.0,880.168152,457.403778,1676.716309,0.7071067812,-0.7071067812,0.0,,,,
3746,0.0,880.222229,457.329865,1676.716309,0.7071067812,-0.7071067812,0.0,,,,
3747,0.0,880.199097,457.278534,1676.716309,0.7071067812,-0.7071067812,0.0,,,,
3748,0.0,880.01825,457.026703,1676.716309,0.7071067812,-0.7071067812,0.0,,,,
3749,0.0,879.849731,456.797699,1676.716309,0.7071067812,-0.7071067812,0.0,,,,
3750,0.0,879.678833,456.578064,1676.716309,0.7071067812,-0.7071067812,0.0,,,,
3751,0.0,879.466003,456.320831,1676.716309,0.7071067812,-0.7071067812,0.0,,,,
3752,0.0,879.143188,455.960754,1676.716431,0.7066208553,-0.7075916246,-0.001029395,,,,
3753,0.0,878.930542,455.741272,1676.716309,0.7058767974,-0.7083298517,-0.0026015499,,,,
3754,0.0,878.745483,455.560425,1676.716309,0.7057431687,-0.7084547569,-0.0042938633,,,,
3755,0.0,878.526001,455.357208,1676.716309,0.705185556,-0.7089944076,-0.0063452066,,,,
3756,0.0,878.298096,455.158417,1676.716309,0.7050449111,-0.7091126154,-0.0084244825,,,,
3757,0.0,878.1886905,455.068268,1676.71637,0.7047351826,-0.7094190726,-0.0085265194,,,,
3758,0.0,878.158142,454.813141,1676.716309,0.7043597455,-0.7097830265,-0.0092414392,,,,
3759,0.0,878.43512,454.391724,1676.716309,0.7043574895,-0.7097806788,-0.009587226,,,,
3760,0.0,878.751953,453.946625,1676.716187,0.703716171,-0.7104165199,-0.0095874354,,,,
3761,0.0,879.11261,453.469635,1676.716187,0.7036766801,-0.710455639,-0.009587226,,,,
3762,0.0,879.559021,452.900085,1676.716187,0.7017368561,-0.7123589564,-0.0104929538,,,,
3763,0.0,880.042053,452.297882,1676.716187,0.6979199775,-0.7160981011,-0.0105458343,,,,
3764,0.0,880.542053,451.68399,1676.716064,0.6921172179,-0.7217080726,-0.0105458343,,,,
3765,0.0,881.272583,450.791992,1676.716064,0.6741379618,-0.7385301577,-0.0105458343,,,,
3766,0.0,881.830078,450.110474,1676.716187,0.661429164,-0.7499431599,-0.0098345275,,,,
3767,0.0,882.73822,448.984009,1676.715942,0.6264209334,-0.7794624371,-0.0059264926,0.1322253002,365.4010110039,735.2757107424,1.0
3768,0.0,883.440979,448.089417,1676.715942,0.5966473967,-0.8024993736,-0.0025766965,0.1156244859,343.1182080225,735.0808884193,1.0
3769,0.0,884.494873,452.460022,1675.411499,0.5821446698,-0.8130844486,-0.0011237475,0.1088773857,335.6275281621,739.6544735292,1.0
3770,0.0,885.633728,450.19989,1675.305908,0.5111640444,-0.8594596898,0.0063530605,0.0757874579,282.2156975792,739.0196331991,1.0
3771,0.0,886.088867,449.114349,1675.280151,0.4695071925,-0.8828560551,0.0113217613,0.0594535046,250.9027270911,738.6770825197,1.0
3772,0.0,887.040405,447.270508,1675.149048,0.4276092986,-0.9038233313,0.0159271315,0.0457183191,220.6636431136,738.2306562329,1.0
3773,0.0,887.841187,445.436188,1675.050293,0.3758544564,-0.9264392566,0.0210649324,0.0312457669,182.9969554317,737.8235582747,1.0
3774,0.0,888.50824,443.996063,1674.975464,0.3470117935,-0.9375455327,0.024314386,0.0246454932,162.7309368232,737.5285627681,1.0
3775,0.0,889.219543,442.586151,1674.886475,0.3332593692,-0.9424899526,0.0255123919,0.0220210892,153.8593202046,737.2140143754,1.0
3776,0.0,890.296875,440.404877,1674.775879,0.3152510634,-0.9486334615,0.0266706342,0.0189060992,142.603032903,736.8435157888,1.0
3777,0.0,891.280029,438.341583,1674.635376,0.304501798,-0.9521095119,0.0276790968,0.0173439757,136.5572965361,736.405281708,1.0
3778,0.0,892.10437,436.69986,1674.628418,0.301158366,-0.9531688246,0.0277998271,0.0171476292,135.7641758852,736.2714408725,1.0
3779,0.0,893.067749,434.69931,1674.686523,0.300609896,-0.9533419429,0.0277998271,0.0175265592,137.1904390611,735.9898504076,1.0
3780,0.0,894.154785,432.365814,1674.824585,0.300609896,-0.9533419429,0.0277998271,0.0180968199,139.3337505832,735.7223988832,1.0
3781,0.0,894.777283,430.974335,1674.952515,0.300609896,-0.9533419429,0.0277998271,0.0184856004,140.8362266068,735.866417429,1.0
3782,0.0,895.95636,428.317505,1675.13855,0.300609896,-0.9533419429,0.0277998271,0.0190784274,142.9756863104,735.4569599632,1.0
3783,0.0,896.836731,426.286499,1675.285767,0.300609896,-0.9533419429,0.0277998271,0.0195417532,144.6867013223,735.4683842698,1.0
3784,0.0,897.119507,425.62146,1675.285645,0.300609896,-0.9533419429,0.0277998271,0.0196577609,145.1097878587,735.4608475706,1.0
3785,0.0,897.573853,419.900116,1676.701294,0.300609896,-0.9533419429,0.0277998271,0.019985294,145.8146618097,733.0130664642,1.0
3786,0.0,898.424744,417.532043,1676.701294,0.300609896,-0.9533419429,0.0277998271,0.0204503276,146.8733430445,729.9777848713,1.0
3787,0.0,899.152283,415.452667,1676.701294,0.300609896,-0.9533419429,0.0277998271,0.0207441205,147.9133456791,729.9764945818,1.0
3788,0.0,899.769104,413.652222,1676.701294,0.300609896,-0.9533419429,0.0277998271,0.0209863709,148.7698338766,729.9982413236,1.0
3789,0.0,900.443909,411.226898,1676.701294,0.300609896,-0.9533419429,0.0277998271,0.0212548229,149.7137076585,730.0252566435,1.0
3790,0.0,900.797241,409.490417,1676.701294,0.300609896,-0.9533419429,0.0277998271,0.0214291167,150.325662122,730.0543335519,1.0
3791,0.0,901.147461,407.043274,1676.701294,0.300609896,-0.9533419429,0.0277998271,0.0216596124,151.1316446266,730.09531173,1.0
3792,0.0,901.32251,404.840393,1676.701294,0.300609896,-0.9533419429,0.0277998271,0.0218462086,151.7751066144,730.1002246101,1.0
3793,0.0,901.374817,402.87384,1676.701294,0.300609896,-0.9533419429,0.0277998271,0.0219954185,152.2817107812,730.0758552476,1.0
3794,0.0,901.187439,398.526428,1676.701294,0.2998582876,-0.953578616,0.0277998271,0.0221228421,152.7073412259,730.0284727664,1.0
3795,0.0,901.1173705,397.8072965,1676.701294,0.2995564352,-0.9536734302,0.0277998271,0.0221007901,152.6320180608,730.0283460623,1.0
3796,0.0,901.047302,397.088165,1676.701294,0.2992545828,-0.9537682445,0.0277998271,0.0220787381,152.5566948958,730.0282193583,1.0
3797,0.0,900.574646,393.793915,1676.701294,0.297874517,-0.9542001581,0.0277998271,0.0219599048,152.1563380751,730.0578515808,1.0
3798,0.0,900.437378,393.000763,1676.701294,0.2972188146,-0.9544046028,0.0277998271,0.021856243,151.8012097088,730.0599970805,1.0
3799,0.0,899.324036,387.9617,1676.701294,0.2890914556,-0.9569251106,0.0268414408,0.0202423962,146.0786352234,729.7090503198,1.0
3800,0.0,898.603882,385.320557,1676.701294,0.2789742081,-0.9599460994,0.0260168689,0.0181775981,138.4118549292,729.2436805255,1.0
3801,0.0,897.887085,382.963989,1676.701294,0.2656029437,-0.9637349973,0.0258830298,0.0156198428,128.2882857353,728.6789679316,1.0
3802,0.0,897.347778,381.326996,1676.701294,0.2559176157,-0.9663693668,0.0252273841,0.0138652366,120.8470762987,728.229300213,1.0
3803,0.0,896.340271,378.775879,1676.701294,0.2392835105,-0.9706500791,0.0241210602,0.0110685611,107.9330042561,727.4426770929,1.0
3804,0.0,895.203308,376.224762,1676.701294,0.220203214,-0.9751824685,0.0230151604,0.0082471548,93.1199821129,726.56268273,1.0
3805,0.0,894.4599,374.621979,1676.701294,0.2099250267,-0.9774467403,0.0230076749,0.0068395989,84.6717385937,725.1903806388,1.0
3806,0.0,893.196777,372.047211,1676.701294,0.1916307029,-0.9812364068,0.0212788095,0.0046797046,69.8966041952,723.3367770537,1.0
3807,0.0,892.320129,370.020782,1676.701294,0.182274949,-0.9830380673,0.0202978149,0.0037249958,62.2580203546,721.9751143795,1.0
3808,0.0,891.585327,368.021271,1676.701294,0.1764825951,-0.9840978564,0.0201321298,0.003188719,57.4977094844,720.5662389284,1.0
3809,0.0,890.915344,365.579376,1676.701294,0.1733481079,-0.9846715186,0.019298548,0.0028925173,54.631869206,718.798819959,1.0
3810,0.0,890.539062,363.4534,1676.701294,0.1731022811,-0.984717205,0.0191735881,0.002880517,54.3922141185,717.1326465204,1.0
3811,0.0,890.346436,361.267792,1676.701294,0.1731022811,-0.984717205,0.0191735881,0.0029253945,54.678729554,715.3672425567,1.0
3812,0.0,890.332642,360.967331,1676.701294,0.1731022811,-0.984717205,0.0191735881,0.002933589,54.736217616,715.1209970134,1.0
3813,0.0,890.318848,360.66687,1676.701294,0.1731022811,-0.984717205,0.0191735881,0.0029417835,54.793705678,714.87475147,1.0
3814,0.0,890.514709,357.211426,1676.701294,0.1731022811,-0.984717205,0.0191735881,0.0030899866,55.9274452819,711.9794110507,1.0
3815,0.0,891.054138,354.317444,1676.701294,0.1731022811,-0.984717205,0.0191735881,0.0032737685,57.364003233,709.506222035,1.0
3816,0.0,891.736938,351.964294,1676.701294,0.1731022811,-0.984717205,0.0191735881,0.0034597978,58.7969048055,707.4407562114,1.0
3817,0.0,892.260071,350.515533,1676.701294,0.1731022811,-0.984717205,0.0191735881,0.0038914187,62.5985480751,710.2613777068,1.0
3818,0.0,893.120728,348.498596,1676.701294,0.1731022811,-0.984717205,0.0191735881,0.0040285735,63.5140601897,708.2997190782,1.0
3819,0.0,894.100769,346.520996,1676.701294,0.1731022811,-0.984717205,0.0191735881,0.0041571066,64.3379920214,706.331782354,1.0
3820,0.0,894.992554,344.92807,1676.701294,0.1731022811,-0.984717205,0.0191735881,0.0042561385,64.9217328205,704.4169969361,1.0
3821,0.0,899.288147,347.435242,1677.348022,0.1722838835,-0.9848607196,0.0191735881,0.0047655313,68.8509323565,706.0853379556,1.0
3822,0.0,900.212952,345.782623,1677.330078,0.1715028788,-0.9849970234,0.0191735881,0.0048010409,68.9019808704,703.9971455932,1.0
3823,0.0,901.286804,344.001373,1677.36377,0.1700849922,-0.9852428477,0.0191735881,0.0047984381,68.6668669595,701.7847016078,1.0
3824,0.0,902.893982,341.675659,1677.10083,0.1684688469,-0.9855204824,0.0191735881,0.0048225141,68.6029225697,699.383039157,1.0
3825,0.0,904.021545,340.130463,1676.818359,0.1676114549,-0.9856666646,0.0191735881,0.0048317836,68.4248656231,696.899986844,1.0
3826,0.0,905.716736,338.22113,1676.707031,0.1657280958,-0.9859688655,0.0199898617,0.0048703812,68.4702764129,694.6004257623,1.0
3827,0.0,906.856445,336.991425,1676.75354,0.1648662986,-0.9861104405,0.0201321298,0.004937271,68.792102313,693.1333928916,1.0
3828,0.0,907.26435825,336.53047975,1676.38693225,0.1647204421,-0.9861347817,0.0201321298,0.0049673271,68.9343132174,692.4823504722,1.0
3829,0.0,907.6722715,336.0695345,1676.0203245,0.1645745857,-0.9861591228,0.0201321298,0.0049973832,69.0765241219,691.8313080528,1.0
3830,0.0,908.08018475,335.60858925,1675.65371675,0.1644287293,-0.986183464,0.0201321298,0.0050274394,69.2187350264,691.1802656334,1.0
3831,0.0,908.488098,335.147644,1675.287109,0.1540951903,-0.9878699539,0.0191735881,0.0041303768,62.6964546995,690.529223214,1.0
3832,0.0,908.488098,335.147644,1675.287109,0.1541030524,-0.9879203562,0.0162978262,0.0040152707,61.8184459818,690.529223214,1.0
3833,0.0,914.898987,329.162811,1675.0177,0.1541030524,-0.9879203562,0.0162978262,0.0048063814,66.9660692905,683.8379071648,1.0
3834,0.0,918.448364,325.584503,1674.765625,0.1563966528,-0.9874691239,0.0210906703,0.0056433715,72.1466713665,680.0573931234,1.0
3835,0.0,920.595215,323.399872,1675.223389,0.1542637912,-0.9878210057,0.0203062431,0.0057221646,72.4109707987,677.8465127923,1.0
3836,0.0,922.158508,321.406952,1675.60437,0.1540952154,-0.9878693226,0.0192058882,0.0059044246,73.3376604033,675.8732764318,1.0
3837,0.0,924.199707,318.223053,1676.314453,0.1547930394,-0.9878291539,0.0152537781,0.0061598122,74.5628758894,672.8120191311,1.0
3838,0.0,924.955017,316.820053,1676.512329,0.1553134206,-0.9877588626,0.0144663418,0.0063086311,75.2919648605,671.4181996996,1.0
3839,0.0,926.963623,313.06369,1677.265869,0.1567685932,-0.987554351,0.0126495822,0.0067551606,77.4756477234,667.6779795509,1.0
3840,0.0,928.199646,310.643555,1677.862671,0.157737399,-0.9874024407,0.0124632655,0.0071033062,79.1551503564,665.2831404954,1.0
3841,0.0,929.299988,308.006683,1678.098877,0.1594354126,-0.9871391904,0.0116862318,0.0074624484,80.8009186575,662.6319467141,1.0
3842,0.0,930.332764,305.470337,1678.47937,0.1612344522,-0.9868573019,0.0107757684,0.0078344889,82.4697936006,660.1260381348,1.0
3843,0.0,930.964142,303.7300875,1678.6156005,0.1628587974,-0.9865952286,0.010188993,0.0081129608,83.6760730331,658.3603578357,1.0
3844,0.0,932.395447,299.734161,1678.718994,0.1666188729,-0.9859747645,0.009587226,0.0087877398,86.5506504027,654.2940359379,1.0
3845,0.0,933.356201,296.98172,1678.630371,0.1692268256,-0.9855340346,0.0092167264,0.0092654332,88.4795866052,651.483681067,1.0
3846,0.0,934.513306,293.472168,1678.473511,0.1715858268,-0.9851303397,0.0087474437,0.0097590265,90.2968898419,647.9130256289,1.0
3847,0.0,935.665222,289.858643,1678.217285,0.1737657541,-0.9847492122,0.008628539,0.0102246505,92.0060949901,645.045483321,1.0
3848,0.0,936.632385,286.519531,1677.964844,0.1765689521,-0.9842504526,0.008628539,0.0107866681,94.0233783355,641.8765547399,1.0
3849,0.0,937.437134,283.249512,1677.920532,0.1825604931,-0.98315676,0.008628539,0.0118661436,98.0005282987,638.0442612729,1.0
3850,0.0,938.286499,280.224792,1677.306641,0.1849683911,-0.9827065903,0.008628539,0.0123242713,99.5100486169,635.789784735,1.0
3851,0.0,939.20282,276.427216,1676.936523,0.1894923078,-0.9818442919,0.008628539,0.0131308428,102.0877285232,632.0371488884,1.0
3852,0.0,939.956848,273.145111,1676.731445,0.1930799781,-0.981138101,0.0093887561,0.0138135006,104.1214952116,628.6059800525,1.0
3853,0.0,940.837036,269.596375,1676.69519,0.1951421595,-0.9807237463,0.0100235198,0.0142536047,105.1201611208,624.8298530422,1.0
3854,0.0,941.840393,265.296661,1676.815552,0.1966668416,-0.9804136964,0.0105421694,0.0145940707,105.5961573182,620.3477835431,1.0
3855,0.0,942.604004,261.735443,1676.906494,0.1966776654,-0.9804114848,0.0105459216,0.0146282643,105.0739174104,616.563211517,1.0
3856,0.0,943.19397,258.464874,1677.168091,0.1966776654,-0.9804114848,0.0105459216,0.014655609,104.5660282913,613.0145063431,1.0
3857,0.0,943.921143,254.699326,1677.438721,0.1966760382,-0.9804020426,0.01141801,0.0147307345,104.1667223793,609.1259324754,1.0
3858,0.0,944.464294,251.179138,1677.850464,0.1966738857,-0.9803913127,0.0123392345,0.0147362019,103.5698500515,605.5241291469,1.0
3859,0.0,945.107849,247.652557,1678.079468,0.1966715687,-0.9803797629,0.0132595061,0.0147445158,103.0831721348,602.5100756844,1.0
3860,0.0,945.67688,243.977829,1678.376099,0.1974383095,-0.9802006004,0.0149965634,0.0149093711,103.1224418232,599.4229358012,1.0
3861,0.0,946.227173,240.267609,1678.643799,0.1976001528,-0.9801369392,0.0169044365,0.0150076433,102.9307865833,596.361533498,1.0
3862,0.0,946.756592,235.782043,1678.890503,0.1966610146,-0.980265582,0.0200956248,0.0149378783,102.063765439,592.7070280795,1.0
3863,0.0,947.563293,232.26297,1678.903076,0.1957469185,-0.9804285402,0.0210480763,0.0149283618,101.563721313,589.9897100716,1.0
3864,0.0,948.028931,229.306793,1678.886719,0.1942993175,-0.9806837962,0.0225181497,0.0147596546,100.6101610296,587.7561757874,1.0
3865,0.0,948.779846,224.983444,1678.838623,0.1920764513,-0.9810672437,0.0247729727,0.0145438908,99.3153060606,584.4478116382,1.0
3866,0.0,949.459351,221.665665,1678.661377,0.189225125,-0.9815936653,0.0258404405,0.0142201691,97.8243294715,582.1420243473,1.0
3867,0.0,950.358765,217.792938,1678.39502,0.1865800146,-0.9820758888,0.026736619,0.0139968023,96.5743286244,579.2383553405,1.0
3868,0.0,951.467957,213.871857,1677.762695,0.1828216955,-0.9827552951,0.0277174619,0.0135902412,94.707188158,576.4145573764,1.0
3869,0.0,952.384949,211.174911,1677.377319,0.1799892482,-0.9832574562,0.0284366902,0.0133168039,93.4432399754,574.4914592419,1.0
3870,0.0,953.838806,207.394424,1676.775146,0.177333295,-0.9837305882,0.0287581705,0.013178995,92.5375778435,571.8703882187,1.0
3871,0.0,955.390747,203.839462,1676.423096,0.1753417363,-0.984087518,0.0287581705,0.01317549,92.152162098,569.5638096369,1.0
3872,0.0,957.072693,199.961334,1675.768799,0.1731933267,-0.9844678965,0.0287581705,0.0131505363,91.699900884,567.3024405579,1.0
3873,0.0,958.307617,197.635193,1675.356934,0.172428357,-0.984602168,0.0287581705,0.013308576,92.0386593239,566.0297794009,1.0
3874,0.0,960.423645,193.777786,1675.104126,0.1704661247,-0.9849437892,0.0287581705,0.0133941368,92.0026876116,564.0106348469,1.0
3875,0.0,962.12677,190.237442,1675.1073,0.1673133941,-0.9854842443,0.0287581705,0.0131777607,90.9753478185,562.2421621124,1.0
3876,0.0,963.941895,188.122726,1675.112915,0.1653211797,-0.9858204072,0.0287581705,0.0132136445,90.9565821217,561.3674652116,1.0
3877,0.0,966.549377,185.171494,1675.119995,0.1624989941,-0.9862895338,0.0287581705,0.0132906795,91.0774459216,560.4928617707,1.0
3878,0.0,969.533447,182.039337,1675.115845,0.16008633,-0.9866840095,0.0287581705,0.0136112981,91.9628661373,559.281697167,1.0
3879,0.0,972.334961,178.468353,1675.127197,0.1533450995,-0.9877541435,0.0287581705,0.013224644,90.6382630013,559.1717174943,1.0
3880,0.0,973.2901,177.030777,1675.112305,0.1506490057,-0.9881689353,0.0287581705,0.0130463109,90.0283702466,559.1671548812,1.0
3881,0.0,975.015747,174.749435,1675.139404,0.1461134932,-0.9888497433,0.0287581705,0.0128197656,89.278249155,559.3543154277,1.0
3882,0.0,976.321472,173.190872,1675.1427,0.1417346005,-0.9894868724,0.0287581705,0.0125428841,88.3522633963,559.590189992,1.0
3883,0.0,977.769409,171.846283,1675.144165,0.135205842,-0.9904000949,0.0287581705,0.0119739738,86.4021806606,560.0083709152,1.0
3884,0.0,978.65387,170.442719,1675.213989,0.1283105909,-0.9913169825,0.0287581705,0.0112603811,83.9070006394,560.7027532242,1.0
3885,0.0,980.297058,168.761078,1675.302734,0.1208789173,-0.9922506009,0.0287581705,0.0106928971,81.8157599288,560.9683496543,1.0
3886,0.0,981.88031,167.152115,1675.406982,0.1118085587,-0.9933135526,0.0287581705,0.0098996125,78.7803215903,561.2691345231,1.0
3887,0.0,983.749939,165.310684,1675.586182,0.1038046669,-0.994181854,0.0287581705,0.0093650727,76.6895239232,561.6744319203,1.0
3888,0.0,985.183411,163.871216,1675.683594,0.0946186261,-0.9950738184,0.0295873549,0.0086074969,73.5619322037,561.8705337094,1.0
3889,0.0,986.796692,162.289291,1675.891357,0.0858503946,-0.9958647695,0.0297165049,0.0079728527,70.8437501143,562.1433102149,1.0
3890,0.0,988.609802,160.545517,1676.059448,0.0773319672,-0.9965624397,0.0297165049,0.0074504385,68.5417578528,562.5482188311,1.0
3891,0.0,990.277649,158.965271,1676.147095,0.0705947854,-0.9970623379,0.0297165049,0.0071056858,66.9993614077,563.0222118175,1.0
3892,0.0,991.953979,157.380844,1676.313721,0.0638887809,-0.9975144876,0.0297165049,0.0067828066,65.5238636916,563.5305553341,1.0
3893,0.0,993.506042,155.91835,1676.382935,0.0576788588,-0.9978676966,0.0305484744,0.0065069075,64.2488737864,564.1191421246,1.0
3894,0.0,995.16571,154.3479,1676.466064,0.0518901141,-0.9981815832,0.0306747945,0.0062929897,63.2630393368,564.7950384574,1.0
3895,0.0,996.865906,152.778015,1676.5625,0.0460825774,-0.9984665503,0.0306748119,0.0060852203,62.3024581933,565.605641123,1.0
3896,0.0,998.62262,151.163635,1676.538818,0.0409731133,-0.9986892715,0.0306747945,0.0059527279,61.7162884009,566.4662756678,1.0
3897,0.0,1000.40564,149.522873,1676.485596,0.0377878046,-0.998786428,0.031587229,0.0060595819,62.3575568605,567.298550491,1.0
3898,0.0,1002.070618,147.981155,1676.419678,0.0340742536,-0.9989185622,0.0316330733,0.006057082,62.4273019847,568.0498863773,1.0
3899,0.0,1003.647217,146.508286,1676.26123,0.0330047293,-0.998928344,0.0324476712,0.0063289475,63.8879559628,568.756662118,1.0
3900,0.0,1005.611084,144.679642,1676.042847,0.0328600258,-0.9988971553,0.0335364254,0.0068136165,66.384541928,569.6448352167,1.0
3901,0.0,1007.217102,143.146912,1675.637207,0.0328591705,-0.9988669102,0.0344263083,0.0072256678,68.4311550665,570.2769450236,1.0
3902,0.0,1008.697998,141.78392,1675.68811,0.0321134597,-0.9988357811,0.0359973339,0.0075719188,70.1280832517,570.949461033,1.0
3903,0.0,1010.52063,140.054718,1675.348145,0.0318986978,-0.9987977202,0.0372234778,0.0080725936,72.4876192498,571.6372716842,1.0
3904,0.0,1012.608032,138.199005,1675.067505,0.0318982473,-0.9987918115,0.0373820701,0.008633181,75.05204405,572.4024278928,1.0
3905,0.0,1014.128662,136.825668,1674.91333,0.0318982473,-0.9987918115,0.0373820701,0.0090502012,76.9559461704,573.3012776322,1.0
3906,0.0,1016.182678,135.011505,1674.628662,0.0318982473,-0.9987918115,0.0373820701,0.0096224834,79.4015065603,573.7430396525,1.0
3907,0.0,1017.864136,133.499786,1674.416138,0.0318982473,-0.9987918115,0.0373820701,0.0101042097,81.4429994335,574.364272972,1.0
3908,0.0,1019.527466,131.940247,1674.258423,0.0318982473,-0.9987918115,0.0373820701,0.0105856466,83.4561686478,575.0917311281,1.0
3909,0.0,1021.393066,130.193436,1674.130005,0.0318982473,-0.9987918115,0.0373820701,0.0111257875,85.66252214,575.866503634,1.0
3910,0.0,1022.890076,128.768555,1674.009644,0.0318982473,-0.9987918115,0.0373820701,0.0115756401,87.4545938719,576.4419552411,1.0
3911,0.0,1024.802002,126.927338,1673.941406,0.0318982473,-0.9987918115,0.0373820701,0.012170452,89.8036846805,577.3660337664,1.0
3912,0.0,1026.497559,125.351074,1673.944824,0.0318982473,-0.9987918115,0.0373820701,0.0127272027,91.9687398358,578.2891076474,1.0
3913,0.0,1028.070312,123.854393,1673.89502,0.0318982473,-0.9987918115,0.0373820701,0.0132378915,93.9195616592,579.1268688689,1.0
3914,0.0,1029.867676,122.104469,1673.901245,0.0318982473,-0.9987918115,0.0373820701,0.0138379044,96.1954092003,580.2455761775,1.0
3915,0.0,1031.428955,120.589127,1674.015869,0.0318982473,-0.9987918115,0.0373820701,0.014366322,98.1594446819,581.1787543877,1.0
3916,0.0,1033.023682,119.039833,1674.129883,0.0318982473,-0.9987918115,0.0373820701,0.014910482,100.1542119972,582.1478918419,1.0
3917,0.0,1034.7771,118.501755,1676.701294,0.0318982473,-0.9987918115,0.0373820701,0.0156177809,102.8752175853,584.3707102064,1.0
3918,0.0,1036.504395,116.889343,1676.701294,0.0318982473,-0.9987918115,0.0373820701,0.0162220979,105.0159258752,585.4032537195,1.0
3919,0.0,1039.751709,113.857193,1676.701294,0.0318982473,-0.9987918115,0.0373820701,0.0173684508,108.9858269706,587.3114620349,1.0
3920,0.0,1041.553345,112.17347,1676.701294,0.0318982473,-0.9987918115,0.0373820701,0.0180158738,111.1880981996,588.4106855694,1.0
3921,0.0,1043.305176,110.536339,1676.701294,0.0318982473,-0.9987918115,0.0373820701,0.0186591819,113.3299505327,589.4117730901,1.0
3922,0.0,1045.125977,108.976227,1676.701294,0.0512568175,-0.9981113295,0.033860192,0.0231237239,126.2283449237,590.388997143,1.0
3923,0.0,1046.851562,107.403305,1676.701294,0.060513377,-0.9976584812,0.03186983,0.0258013434,133.4488748994,591.2870009115,1.0
3924,0.0,1048.689941,105.697739,1676.701294,0.0615769736,-0.9976009347,0.0316330733,0.0268412868,136.3053604371,592.2843530432,1.0
3925,0.0,1050.399902,104.112183,1676.701294,0.0597787797,-0.9977103017,0.0316330733,0.0271698907,137.3243171118,593.1419747432,1.0
3926,0.0,1051.948486,102.675438,1676.701294,0.0572229914,-0.9978339926,0.0324476887,0.0273018306,137.8531814486,594.0056675927,1.0
3927,0.0,1053.716675,101.023323,1676.701294,0.0516132935,-0.9981066067,0.0334554876,0.0268365571,136.919807723,595.0060081672,1.0
3928,0.0,1055.283325,99.558258,1676.701294,0.0462493938,-0.9983112904,0.0351505478,0.0263769221,135.9660717075,595.9178361729,1.0
3929,0.0,1057.217529,97.754295,1676.701294,0.0405948449,-0.9984773492,0.0373502575,0.0260481673,135.3793881271,597.0293548066,1.0
3930,0.0,1058.788452,96.292892,1676.701294,0.037024804,-0.9985818545,0.0382549824,0.0259800015,135.4128923954,597.9497034911,1.0
3931,0.0,1060.630249,94.576996,1676.701294,0.0328524513,-0.998610151,0.0412126524,0.0259771093,135.6447053372,599.0062358935,1.0
3932,0.0,1062.104858,93.196243,1676.701294,0.0286552389,-0.9986686807,0.0428922314,0.0257594002,135.2794205204,599.8792250593,1.0
3933,0.0,1063.992798,91.429031,1676.701294,0.0242496964,-0.9986910371,0.0450351493,0.0257000172,135.3676947329,600.9547259243,1.0
3934,0.0,1065.543579,89.95842,1676.701294,0.0180050406,-0.9986988299,0.0477123229,0.0251216319,134.0703560101,601.9198458672,1.0
3935,0.0,1067.225708,88.352295,1676.701294,0.0101716075,-0.9986651141,0.0506411714,0.0242870554,132.0767849889,602.9442175297,1.0
3936,0.0,1068.928467,86.728218,1676.701294,0.0041782212,-0.9986527524,0.0517225545,0.023703405,130.7458405402,604.0827735854,1.0
3937,0.0,1070.454834,85.259483,1676.701294,-0.00199664,-0.9985675601,0.0534681345,0.0230190388,129.0896809171,605.1272236423,1.0
3938,0.0,1072.136597,83.636414,1676.701294,-0.0079422753,-0.9984799735,0.0545404684,0.022378438,127.5297526861,606.2127107583,1.0
3939,0.0,1073.709595,82.109581,1676.701294,-0.0134238762,-0.9983709843,0.0554542815,0.0218135375,126.0845267808,606.9670703762,1.0
3940,0.0,1075.296875,80.553345,1676.701294,-0.0198027612,-0.9982127804,0.0563834697,0.0210716074,124.0820494839,607.6382240328,1.0
3941,0.0,1077.146484,78.7258,1676.701294,-0.0274105985,-0.9979164887,0.0584066829,0.0202545432,121.8022094973,608.2600065954,1.0
3942,0.0,1078.598022,77.279083,1676.701294,-0.0334057664,-0.9976819699,0.0592852574,0.0196038737,119.9188720384,608.6120591037,1.0
3943,0.0,1080.203369,75.648026,1676.701294,-0.0435657546,-0.9972319115,0.0602539604,0.0182520309,115.80417123,608.8977855656,1.0
3944,0.0,1081.846924,73.982338,1676.701294,-0.0499672161,-0.9968721279,0.0612310208,0.0176386105,113.8956157914,609.0927174875,1.0
3945,0.0,1083.356445,72.418495,1676.701294,-0.059617937,-0.9962324332,0.0629812722,0.016496286,110.1942284375,609.1850697941,1.0
3946,0.0,1085.008667,70.703293,1676.701294,-0.06717699,-0.9956795172,0.0641057796,0.015755326,107.7264461951,609.2717268341,1.0
3947,0.0,1086.5979,69.014244,1676.701294,-0.0785408033,-0.994724369,0.0659906963,0.0144711915,103.2960703598,609.3875235283,1.0
3948,0.0,1088.232666,67.262596,1676.701294,-0.0887453567,-0.9938583567,0.0661046787,0.0133535397,99.2584843193,609.4093948567,1.0
3949,0.0,1089.615112,65.72171,1676.701294,-0.1029124999,-0.9924317688,0.0669940423,0.011729579,93.0530847144,609.3289829979,1.0
3950,0.0,1091.11084,64.041901,1676.701294,-0.1173721247,-0.9907599263,0.067959935,0.0102351538,86.9115881124,609.0172911932,1.0
3951,0.0,1092.414673,62.592983,1676.701294,-0.1262649012,-0.9896619368,0.0680178329,0.0094400539,83.4491834559,608.76156443,1.0
3952,0.0,1094.159302,60.629257,1676.701294,-0.1349743274,-0.9885117629,0.0680178329,0.00881252,80.5429634447,608.0250474384,1.0
3953,0.0,1095.651611,58.894665,1676.701294,-0.1465120931,-0.9868676613,0.0680178329,0.0078557705,75.9785396436,607.3459758886,1.0
3954,0.0,1096.924683,57.384331,1676.701294,-0.157327656,-0.9851441637,0.0688402894,0.0070594786,71.9580155912,606.660467454,1.0
3955,0.0,1098.427124,55.595383,1676.701294,-0.1657441243,-0.9837537422,0.0689743429,0.0065601823,69.2723601016,605.7598246742,1.0
3956,0.0,1099.900635,53.774879,1676.701294,-0.1798272834,-0.98127707,0.0689743429,0.0055929675,63.8671467368,604.713224902,1.0
3957,0.0,1101.269287,52.071926,1676.701294,-0.1909803177,-0.9791057932,0.0698452858,0.0050086032,60.3390610283,603.628476015,1.0
3958,0.0,1102.608643,50.382458,1676.701294,-0.1992517166,-0.9774499696,0.0699307546,0.0046338275,57.9324744268,602.4775176782,1.0
3959,0.0,1104.015625,48.562733,1676.701294,-0.2103395759,-0.9751240715,0.0699307371,0.0041153567,54.4871579229,601.2051557483,1.0
3960,0.0,1105.430664,46.707573,1676.701294,-0.2194010963,-0.9731253007,0.0699307371,0.0037742904,52.0708419531,599.8906882303,1.0
3961,0.0,1108.039307,43.187881,1676.701294,-0.2360286827,-0.9692265734,0.0699307546,0.0032512587,48.1317345682,597.3708704507,1.0
3962,0.0,1109.434692,41.255104,1676.701294,-0.2443438786,-0.9671637703,0.0699307546,0.0030479699,46.4966941227,595.9816975781,1.0
3963,0.0,1110.121948,40.284399,1676.701294,-0.2482627554,-0.9661567794,0.0699307546,0.0029671368,45.8194428923,595.2808038019,1.0
3964,0.0,1110.809204,39.313694,1676.701294,-0.2521816322,-0.9651497884,0.0699307546,0.0028863037,45.1421916619,594.5799100256,1.0
3965,0.0,1113.347168,35.639076,1676.701294,-0.2648854045,-0.961809889,0.0689743429,0.0026343047,42.9348088612,591.8991789842,1.0
3966,0.0,1114.664185,33.672958,1676.701294,-0.2724601463,-0.959817071,0.0672060921,0.0024251744,41.0994322224,590.490353514,1.0
3967,0.0,1115.846802,31.889814,1676.701294,-0.2769462695,-0.9585424073,0.0670612953,0.0023939272,40.7440223353,589.1874747101,1.0
3968,0.0,1117.221191,29.778131,1676.701294,-0.2828738065,-0.9568732421,0.0661514033,0.0022958237,39.7880037551,587.5127513444,1.0
3969,0.0,1118.505371,27.772604,1676.701294,-0.2877676085,-0.9554808813,0.0651620213,0.0022056074,38.890703769,585.8768035152,1.0
3970,0.0,1119.549194,26.110281,1676.701294,-0.2924672199,-0.9541083632,0.0643440477,0.002121426,38.0528522357,584.5056624637,1.0
3971,0.0,1120.888062,23.957731,1676.701294,-0.2967751914,-0.9527874711,0.0641912813,0.0021046011,37.7859055204,582.7181735294,1.0
3972,0.0,1122.100464,21.966173,1676.701294,-0.3022385887,-0.9511296236,0.0632793372,0.0020131083,36.8636232716,581.2569094559,1.0
3973,0.0,1123.178467,20.177271,1676.701294,-0.305635684,-0.9501006553,0.0624145292,0.0019514006,36.2100208084,579.8992387558,1.0
3974,0.0,1124.417603,18.086903,1676.701294,-0.3103058877,-0.9485946198,0.0622776306,0.0019247459,35.8625221384,578.2933589318,1.0
3975,0.0,1125.52002,16.203627,1676.701294,-0.3138355068,-0.9474861801,0.0614590366,0.001866579,35.2289256958,576.8514317001,1.0
3976,0.0,1126.822266,13.961525,1676.701294,-0.3161250445,-0.9467337131,0.0613207363,0.0018684615,35.1418952366,575.136678297,1.0
3977,0.0,1127.916138,12.052424,1676.701294,-0.3178406506,-0.946159123,0.0613207537,0.001880265,35.1633487335,573.6803002165,1.0
3978,0.0,1129.140381,9.890141,1676.701294,-0.3197765492,-0.9455065975,0.0613207363,0.0018942233,35.1920293749,572.0308926906,1.0
3979,0.0,1130.30127,7.829554,1676.701294,-0.3198073917,-0.9454961658,0.0613207363,0.001938008,35.4985265056,570.4637678845,1.0
3980,0.0,1131.412476,5.827974,1676.701294,-0.3206884276,-0.945197704,0.0613207363,0.0019717479,35.7102800781,568.9403720615,1.0
3981,0.0,1132.513916,3.832703,1676.701294,-0.3207137336,-0.9451891178,0.0613207363,0.0020282311,36.1210766285,567.423466797,1.0
3982,0.0,1133.593628,1.852581,1676.701294,-0.3215384939,-0.9449088656,0.0613207363,0.0020726877,36.4182120143,565.9288559222,1.0
3983,0.0,1134.63147,-0.066877,1676.701294,-0.3224004504,-0.9446672152,0.0605128256,0.0020710484,36.3105096399,564.4782271949,1.0
3984,0.0,1135.885254,-2.419617,1676.701294,-0.3252384851,-0.9437034191,0.0603637682,0.0020726376,36.2101503512,562.7024371979,1.0
3985,0.0,1136.896118,-4.343303,1676.701294,-0.3286491305,-0.9425777763,0.059471713,0.0019998523,35.477858,561.2555868549,1.0
3986,0.0,1137.903687,-6.262833,1676.701294,-0.3304720943,-0.9419960557,0.0585800806,0.0019717526,35.1367539461,559.8022181817,1.0
3987,0.0,1139.072021,-8.527802,1676.701294,-0.3350892889,-0.9403716302,0.058449684,0.0019238137,34.60088518,558.0841471205,1.0
3988,0.0,1140.122437,-10.57969,1676.701294,-0.3387294394,-0.9391236103,0.0575257456,0.0018525239,33.8596782099,556.5281620352,1.0
3989,0.0,1141.037964,-12.382668,1676.701294,-0.34187761,-0.9379841716,0.0574925521,0.0018349277,33.6156910318,555.1583519565,1.0
3990,0.0,1142.217896,-14.741682,1676.701294,-0.3477927565,-0.9358646138,0.0565475303,0.0017210715,32.4507578874,553.3467063529,1.0
3991,0.0,1143.151611,-16.645662,1676.701294,-0.3544349096,-0.9333700473,0.0565353848,0.0016389503,31.5842649403,551.8879321047,1.0
3992,0.0,1144.131104,-18.641829,1676.701294,-0.3589921476,-0.9316776396,0.0556903384,0.0015627341,30.7556642904,550.347896324,1.0
3993,0.0,1145.171753,-20.79155,1676.701294,-0.3645396056,-0.9295278078,0.0555781481,0.0015183519,30.2246818537,548.6879708445,1.0
3994,0.0,1146.054688,-22.671505,1676.701294,-0.3732117397,-0.9261279557,0.0547723199,0.0014133329,29.0844027632,547.2382143503,1.0
3995,0.0,1147.101685,-24.91614,1676.701294,-0.382194696,-0.9224661371,0.0546208778,0.0013824233,28.6749672539,545.5286465782,1.0
3996,0.0,1148.038818,-26.95327,1676.701294,-0.3900544965,-0.9192221872,0.0537406766,0.0013487445,28.2443558114,543.9992688127,1.0
3997,0.0,1148.987671,-29.062485,1676.701294,-0.3998422246,-0.9150642525,0.052759921,0.0013665259,28.3476996784,542.4282695836,1.0
3998,0.0,1149.763306,-30.81584,1676.701294,-0.4072741468,-0.9118093427,0.0522636765,0.0014277311,28.9060359279,541.1347152376,1.0
3999,0.0,1150.841675,-33.249271,1676.701294,-0.4149402419,-0.9083746538,0.0517695281,0.0015070856,29.6017479418,539.3827957537,1.0
4000,0.0,1151.654541,-35.139576,1676.701294,-0.4226088386,-0.9048794131,0.0509413118,0.0016186232,30.5992736612,538.0207843366,1.0
4001,0.0,1152.589233,-37.345001,1676.701294,-0.4304154371,-0.9012497856,0.0499136795,0.0017482256,31.7067367279,536.448086365,1.0
4002,0.0,1153.544678,-39.611111,1676.701294,-0.4352707305,-0.8989711317,0.0488906489,0.0017782963,31.8810572139,534.8214536947,1.0
4003,0.0,1154.4104,-41.66909,1676.701294,-0.4361468377,-0.8985471922,0.0488761625,0.0017048765,31.1298627418,533.3360304779,1.0
4004,0.0,1155.226807,-43.638119,1676.701294,-0.4369331219,-0.8981651116,0.0488761625,0.0016366703,30.420120315,531.9160615188,1.0
4005,0.0,1157.020874,-48.036774,1676.701294,-0.4370590581,-0.8981038361,0.0488761625,0.0014458187,28.4233572872,528.7623071453,1.0
4006,0.0,1157.4799195,-49.1848335,1676.701294,-0.4370590581,-0.8981038361,0.0488761625,,,,
4007,0.0,1158.580933,-52.258842,1676.701294,-0.4370590581,-0.8981038361,0.0488761625,,,,
4008,0.0,1159.212158,-54.608387,1676.701294,-0.4370771241,-0.8981412782,0.0480190791,,,,
4009,0.0,1159.672485,-56.8797,1676.701294,-0.4370793622,-0.8981455586,0.0479185418,,,,
4010,0.0,1159.939331,-58.688835,1676.701294,-0.4370793622,-0.8981455586,0.0479185418,,,,
4011,0.0,1160.276733,-61.131382,1676.701294,-0.4371172012,-0.8982223968,0.0460985722,,,,
4012,0.0,1160.511475,-62.80439,1676.701294,-0.4371469997,-0.8982848642,0.0445735722,,,,
4013,0.0,1160.747925,-64.488472,1676.701294,-0.4371706358,-0.898332796,0.0433592306,,,,
4014,0.0,1160.975708,-66.143898,1676.701294,-0.4379391511,-0.8980463991,0.0414965664,,,,
4015,0.0,1161.13916,-67.361145,1676.701294,-0.4380998762,-0.8980536254,0.0396003088,,,,
4016,0.0,1161.240234,-68.61779,1676.701294,-0.4396909168,-0.8973980864,0.0367229108,,,,
4017,0.0,1161.279785,-69.865128,1676.701294,-0.4407176514,-0.8970112885,0.03374463,,,,
4018,0.0,1161.267822,-71.117889,1676.701294,-0.4407924777,-0.8970159935,0.0326235945,,,,
4019,0.0,1161.254395,-71.970108,1676.701294,-0.4412526979,-0.8968235856,0.0316782721,,,,
4020,0.0,1161.202881,-72.816399,1676.701294,-0.4418415543,-0.8965799328,0.0303391669,,,,
4021,0.0,1161.104004,-73.727402,1676.701294,-0.4424359779,-0.8962948206,0.0300998345,,,,
4022,0.0,1161.017334,-74.318375,1676.701294,-0.4428392224,-0.8960860601,0.0303841407,,,,
4023,0.0,1160.877075,-75.109383,1676.701294,-0.443354747,-0.8958335201,0.0303129117,,,,
4024,0.0,1160.842041,-75.284851,1676.701294,-0.4438033035,-0.8956326178,0.0296789794,,,,
4025,0.0,1160.795532,-75.377998,1676.701294,-0.444254606,-0.8954138131,0.0295287724,,,,
4026,0.0,1160.749268,-75.464653,1676.701294,-0.4446210412,-0.8952683066,0.0284040308,,,,
4027,0.0,1160.706665,-75.542755,1675.438477,-0.4449701186,-0.8951075787,0.0280002874,,,,
4028,0.0,1160.674438,-75.603088,1674.293945,-0.4451864718,-0.8950120434,0.0276124507,,,,
4029,0.0,1160.626221,-75.693192,1672.654175,-0.4454945781,-0.8948785574,0.0269619819,,,,
4030,0.0,1160.5896,-75.763649,1671.441528,-0.4456437139,-0.8947979195,0.0271728452,,,,
4031,0.0,1160.54248,-75.854546,1669.940552,-0.445828384,-0.8947094992,0.0270548345,,,,
4032,0.0,1160.49939,-75.937294,1668.611938,-0.4459895787,-0.8946274036,0.0271128105,,,,
4033,0.0,1160.445923,-76.042389,1666.979736,-0.4461000306,-0.8945631465,0.0274142215,,,,
4034,0.0,1160.407959,-76.117058,1665.848145,-0.4461662888,-0.8945229815,0.0276455819,,,,
4035,0.0,1160.354492,-76.222038,1664.290771,-0.4462591796,-0.8944721485,0.0277906503,,,,
4036,0.0,1160.350301,-76.230293,1664.1680903333,-0.4462623149,-0.8944714765,0.0277618867,,,,
4037,0.0,1160.34611,-76.238548,1664.0454096667,-0.4462654501,-0.8944708046,0.0277331231,,,,
4038,0.0,1160.341919,-76.246803,1663.922729,-0.4462685854,-0.8944701326,0.0277043595,,,,
4039,0.0,1160.197388,-76.538559,1663.03125,-0.4461800937,-0.8945315837,0.0271398183,,,,
4040,0.0,1160.114258,-76.712372,1663.03125,-0.4458421612,-0.8946965422,0.0272555431,,,,
4041,0.0,1160.05188,-76.853096,1663.03125,-0.4451272025,-0.8950614583,0.0269584751,,,,
4042,0.0,1160.002075,-76.955246,1663.03125,-0.4450029953,-0.8951189995,0.0270981726,,,,
4043,0.0,1159.938477,-77.085808,1663.03125,-0.4448998312,-0.8951578428,0.0275059389,,,,
4044,0.0,1159.881958,-77.201447,1663.03125,-0.4447945955,-0.8951596562,0.0291025368,,,,
4045,0.0,1159.825684,-77.316338,1663.03125,-0.4446829612,-0.8951437469,0.0312207685,,,,
4046,0.0,1159.770752,-77.428436,1663.03125,-0.4445702996,-0.8951167621,0.0335146385,,,,
4047,0.0,1159.71106,-77.55114,1663.03125,-0.4444466575,-0.8950817136,0.0359985374,,,,
4048,0.0,1159.586792,-77.802727,1663.03125,-0.4442586421,-0.8949471914,0.0412769131,,,,
4049,0.0,1159.552429,-77.8731155,1663.03125,-0.4441833876,-0.8948979006,0.043076882,,,,
4050,0.0,1159.518066,-77.943504,1663.03125,-0.444108133,-0.8948486098,0.044876851,,,,
4051,0.0,1159.449707,-78.080841,1663.03125,-0.4440370572,-0.8947167691,0.0480936057,,,,
4052,0.0,1159.4401245,-78.100506,1663.03125,-0.4440159583,-0.8947044696,0.048513543,,,,
4053,0.0,1159.430542,-78.120171,1663.03125,-0.4439948594,-0.8946921701,0.0489334803,,,,
4054,0.0,1159.252075,-78.48304,1663.03125,-0.44367645,-0.8944076563,0.0564460098,,,,
4055,0.0,1159.11438,-78.749641,1663.03125,-0.444051099,-0.8938918212,0.0614494381,,,,
4056,0.0,1159.030273,-78.913757,1663.03125,-0.4442420806,-0.8936254406,0.0638948013,,,,
4057,0.0,1158.966064,-79.044174,1663.03125,-0.4441007666,-0.8935190611,0.0663189005,,,,
4058,0.0,1158.887939,-79.204041,1663.03125,-0.4438954114,-0.8933440406,0.0699520477,,,,
4059,0.0,1158.814331,-79.35228,1663.03125,-0.4438855793,-0.8933355999,0.0701220257,,,,
4060,0.0,1158.734009,-79.513863,1663.03125,-0.4438855793,-0.8933355999,0.0701220257,,,,
4061,0.0,1158.653198,-79.676743,1663.03125,-0.4438855793,-0.8933355999,0.0701220257,,,,
4062,0.0,1158.573486,-79.836876,1663.03125,-0.4438855793,-0.8933355999,0.0701220257,,,,
4063,0.0,1158.484863,-80.015213,1663.03125,-0.4438855793,-0.8933355999,0.0701220257,,,,
4064,0.0,1158.4104,-80.164932,1663.03125,-0.4438855793,-0.8933355999,0.0701220257,,,,
4065,0.0,1158.322266,-80.342117,1663.03125,-0.4438855793,-0.8933355999,0.0701220257,,,,
4066,0.0,1158.264038,-80.459091,1663.03125,-0.4438855793,-0.8933355999,0.0701220257,,,,
4067,0.0,1158.244141,-80.498734,1663.03125,-0.4438855793,-0.8933355999,0.0701220257,,,,
4068,0.0,1158.072876,-80.843689,1663.03125,-0.4438855793,-0.8933355999,0.0701220257,,,,
4069,0.0,1158.019287,-80.962723,1663.03125,-0.4433751923,-0.8935890221,0.0701220257,,,,
4070,0.0,1157.916504,-81.177719,1663.03125,-0.4430289107,-0.8937607542,0.0701220257,,,,
4071,0.0,1157.811279,-81.389786,1663.03125,-0.4430289107,-0.8937607542,0.0701220257,,,,
4072,0.0,1157.736206,-81.541267,1663.03125,-0.4430010602,-0.8937054707,0.0709971289,,,,
4073,0.0,1157.635986,-81.743248,1663.03125,-0.4429739551,-0.8936502012,0.0718567537,,,,
4074,0.0,1157.51416,-81.989021,1663.03125,-0.4429683809,-0.8936386424,0.0720346467,,,,
4075,0.0,1157.413818,-82.191704,1663.03125,-0.4429683809,-0.8936386424,0.0720346467,,,,
4076,0.0,1157.30896,-82.403221,1663.03125,-0.4429683809,-0.8936386424,0.0720346467,,,,
4077,0.0,1157.188232,-82.646439,1663.03125,-0.4429683809,-0.8936386424,0.0720346467,,,,
4078,0.0,1157.036377,-82.953033,1663.03125,-0.4429683809,-0.8936386424,0.0720346467,,,,
4079,0.0,1156.911499,-83.204636,1663.03125,-0.4429683809,-0.8936386424,0.0720346467,,,,
4080,0.0,1156.786255,-83.457207,1663.03125,-0.4429683809,-0.8936386424,0.0720346467,,,,
4081,0.0,1156.643311,-83.745628,1663.03125,-0.4429683809,-0.8936386424,0.0720346467,,,,
4082,0.0,1156.527588,-83.979065,1663.03125,-0.4429683809,-0.8936386424,0.0720346467,,,,
4083,0.0,1156.319458,-84.398903,1663.03125,-0.4429683809,-0.8936386424,0.0720346467,,,,
4084,0.0,1156.168945,-84.702316,1664.292603,-0.4429683809,-0.8936386424,0.0720346467,,,,
4085,0.0,1156.019775,-85.00367,1665.558838,-0.4429683809,-0.8936386424,0.0720346467,,,,
4086,0.0,1155.664795,-85.719841,1668.427612,-0.4429683809,-0.8936386424,0.0720346467,,,,
4087,0.0,1155.5717165,-85.9077225,1669.1451415,-0.4429683809,-0.8936386424,0.0720346467,,,,
4088,0.0,1155.30835,-86.439049,1671.136475,-0.4429683809,-0.8936386424,0.0720346467,,,,
4089,0.0,1155.089233,-86.881104,1672.728027,-0.4429683809,-0.8936386424,0.0720346467,,,,
4090,0.0,1154.979614,-87.102154,1673.4998165,-0.4429683809,-0.8936386424,0.0720346467,,,,
4091,0.0,1154.869995,-87.323204,1674.271606,-0.4429683809,-0.8936386424,0.0720346467,,,,
4092,0.0,1154.467896,-88.134613,1676.701294,-0.4429683809,-0.8936386424,0.0720346467,,,,
4093,0.0,1154.257324,-88.559387,1676.701294,-0.4429683809,-0.8936386424,0.0720346467,,,,
4094,0.0,1154.046021,-89.001595,1676.701294,-0.442221523,-0.8940084643,0.0720346467,,,,
4095,0.0,1153.8396,-89.514984,1676.701294,-0.4377864661,-0.8961886072,0.0720346467,,,,
4096,0.0,1153.571533,-90.225548,1676.701294,-0.430170984,-0.8998688442,0.0720346293,,,,
4097,0.0,1153.408081,-90.866661,1676.701294,-0.4232049003,-0.9031658884,0.0720346467,,,,
4098,0.0,1153.356689,-91.596031,1676.701294,-0.411661128,-0.9084856206,0.0720346641,,,,
4099,0.0,1153.352661,-92.125847,1676.701294,-0.4048846445,-0.9115258824,0.0720346467,,,,
4100,0.0,1153.419678,-93.346535,1676.701294,-0.3961996743,-0.9153342711,0.0720346467,,,,
4101,0.0,1153.532471,-94.427727,1676.701294,-0.3922509786,-0.9169712192,0.0728213766,,,,
4102,0.0,1153.701294,-95.529823,1676.701294,-0.3908794921,-0.9175432175,0.072990867,,,,
4103,0.0,1153.956421,-96.850197,1676.701294,-0.3907428871,-0.9176014001,0.072990867,,,,
4104,0.0,1154.20166,-97.933258,1676.701294,-0.3907428871,-0.9176014001,0.072990867,,,,
4105,0.0,1154.469116,-99.018303,1676.701294,-0.3907428871,-0.9176014001,0.072990867,,,,
4106,0.0,1154.831665,-100.408852,1676.701294,-0.3919526684,-0.917085294,0.0729908844,,,,
4107,0.0,1155.355957,-102.291756,1676.701294,-0.3942181015,-0.9161137603,0.072990867,,,,
4108,0.0,1155.712036,-103.504898,1676.701294,-0.3956050154,-0.9155157031,0.0729908844,,,,
4109,0.0,1156.220947,-105.18029,1676.701294,-0.3974539248,-0.9147145516,0.072990867,,,,
4110,0.0,1156.811157,-107.059639,1676.701294,-0.3994492927,-0.9138449518,0.072990867,,,,
4111,0.0,1157.364136,-108.782272,1676.701294,-0.4012532421,-0.9130543078,0.072990867,,,,
4112,0.0,1157.793213,-110.095726,1676.701294,-0.402618618,-0.9124530559,0.0729908844,,,,
4113,0.0,1158.445679,-112.092644,1676.701294,-0.4063588934,-0.9107934909,0.072990867,,,,
4114,0.0,1159.018311,-113.840263,1676.701294,-0.4108289507,-0.908785952,0.072990867,,,,
4115,0.0,1159.417847,-115.049782,1676.701294,-0.4139030942,-0.9073359439,0.0736594434,,,,
4116,0.0,1160.057495,-116.995819,1676.701294,-0.4203184933,-0.904358448,0.0739470203,,,,
4117,0.0,1160.602539,-118.641411,1676.701294,-0.4254058805,-0.9019135588,0.0747112395,,,,
4118,0.0,1161.227661,-120.542686,1676.701294,-0.4326720826,-0.898434414,0.0749030881,,,,
4119,0.0,1161.784058,-122.177834,1676.701294,-0.4347662764,-0.8974228726,0.0749030881,,,,
4120,0.0,1162.434937,-124.12735,1676.701294,-0.4398379684,-0.8948730619,0.075794226,,,,
4121,0.0,1162.965942,-125.728401,1676.701294,-0.4445165393,-0.8924846487,0.0766563639,,,,
4122,0.0,1163.516357,-127.413002,1676.701294,-0.4507146488,-0.889356934,0.0768150338,,,,
4123,0.0,1164.146118,-129.417969,1676.701294,-0.46062,-0.8841918707,0.0776785132,,,,
4124,0.0,1164.633301,-130.918732,1676.701294,-0.4658674236,-0.881430218,0.0777709099,,,,
4125,0.0,1165.28125,-132.878967,1676.701294,-0.4694356061,-0.8794670747,0.0785358272,,,,
4126,0.0,1166.021973,-135.117264,1676.701294,-0.4699336324,-0.8791839885,0.0787267145,,,,
4127,0.0,1166.763184,-137.067032,1676.701294,-0.4557714549,-0.8863552266,0.0815278673,,,,
4128,0.0,1167.604614,-139.017838,1676.701294,-0.4314748134,-0.898087827,0.0852510435,,,,
4129,0.0,1169.993408,-142.581604,1676.700928,-0.3020199949,-0.9481970738,0.0985202107,,,,
4130,0.0,1171.590942,-144.069351,1676.700439,-0.1864320997,-0.9764371367,0.1086903414,,,,
4131,0.0,1173.818848,-145.307144,1676.700562,0.0206833745,-0.9926309479,0.1193984898,,,,
4132,0.0,1175.455566,-145.246368,1676.701172,0.2929804047,-0.9483580393,0.1215710151,,,,
4133,0.0,1177.141602,-146.896194,1676.702026,0.5660632307,-0.8159010319,0.1178046055,,,,
4134,0.0,1178.388855,-147.995941,1676.701721,0.6974294354,-0.6817294447,0.1165177945,,,,
4135,0.0,1181.921021,-150.418716,1676.700806,0.9646185307,-0.2364514943,0.1166266737,0.006771251,138.9930548815,1196.4101078594,0.0
4136,0.0,1184.484619,-151.535019,1676.701172,0.9867996399,0.1091589775,0.1196277072,0.0697870308,437.9006129809,1193.1239898288,0.0
4137,0.0,1186.385254,-152.324677,1676.701294,0.9376995773,0.3261251314,0.1198411502,,,,
4138,0.0,1188.530029,-153.261978,1676.701294,0.8249512277,0.5539500162,0.112226786,,,,
4139,0.0,1189.837036,-154.382034,1676.701416,0.7974229662,0.5936508439,0.1081447577,,,,
4140,0.0,1191.322388,-155.819763,1676.701294,0.7926117784,0.6001826931,0.1074583811,,,,
4141,0.0,1191.713257,-156.202103,1676.701172,0.7926117784,0.6001826931,0.1074583811,,,,
4142,0.0,1194.296509,-158.774307,1676.701294,0.7926117784,0.6001826931,0.1074583811,,,,
4143,0.0,1195.490723,-159.915222,1676.701294,0.7926117784,0.6001826931,0.1074583811,,,,
4144,0.0,1196.508545,-160.830002,1676.701294,0.7926117784,0.6001826931,0.1074583811,,,,
4145,0.0,1197.312866,-161.487778,1676.701294,0.7926117784,0.6001826931,0.1074583811,,,,
4146,0.0,1197.901001,-161.893799,1676.701294,0.7926117784,0.6001826931,0.1074583811,,,,
4147,0.0,1198.261597,-162.052048,1676.701294,0.7926117784,0.6001826931,0.1074583811,,,,
4148,0.0,1198.425049,-162.01062,1676.701294,0.7926117784,0.6001826931,0.1074583811,,,,
4149,0.0,1198.398926,-161.82547,1676.701294,0.7926117784,0.6001826931,0.1074583811,,,,
4150,0.0,1198.276733,-161.515549,1676.701294,0.7926117784,0.6001826931,0.1074583811,,,,
4151,0.0,1198.121216,-161.186691,1676.701294,0.7926117784,0.6001826931,0.1074583811,,,,
4152,0.0,1197.872559,-160.724823,1676.701294,0.7928796212,0.6014735309,0.097834032,,,,
4153,0.0,1197.825073,-160.205505,1676.701294,0.8009071356,0.5912739305,0.0945669037,,,,
4154,0.0,1197.920044,-159.465118,1676.701294,0.8156279021,0.5710261774,0.0931677523,,,,
4155,0.0,1197.9330445,-159.373039,1676.701355,0.8171902225,0.5687689115,0.0932444294,,,,
4156,0.0,1197.946045,-159.28096,1676.701416,0.8187525429,0.5665116456,0.0933211066,,,,
4157,0.0,1198.474976,-156.797165,1676.701294,0.8469250249,0.5222895476,0.0996575668,,,,
4158,0.0,1198.749146,-155.91394,1676.701416,0.8570673134,0.5048090791,0.1029728795,,,,
4159,0.0,1199.122681,-154.73996,1676.701294,0.8690565352,0.4831764432,0.106213292,,,,
4160,0.0,1199.501709,-153.655426,1676.701294,0.8792593701,0.4639244141,0.1080606226,,,,
4161,0.0,1199.94104,-152.506805,1676.701294,0.8902016378,0.4424793617,0.1084115243,,,,
4162,0.0,1200.382446,-151.147339,1676.701294,0.8967229633,0.4291093898,0.1084115243,,,,
4163,0.0,1201.006592,-149.38826,1676.701294,0.9054643496,0.4103428481,0.1084115243,,,,
4164,0.0,1201.465698,-148.069458,1676.701294,0.9099162861,0.4003739423,0.1084115243,,,,
4165,0.0,1202.058472,-146.410461,1676.701294,0.9148878747,0.3891271852,0.1075184197,,,,
4166,0.0,1202.628906,-144.811707,1676.701294,0.9183207393,0.3812185828,0.1065805421,,,,
4167,0.0,1203.065308,-143.638184,1676.701294,0.9208557417,0.3750751369,0.1065051392,,,,
4168,0.0,1203.819458,-141.695648,1676.701294,0.9251646617,0.3643171751,0.1065051392,,,,
4169,0.0,1204.596558,-139.806946,1676.701294,0.9298766001,0.3521166959,0.1065051218,,,,
4170,0.0,1205.335327,-138.024506,1676.701294,0.9333544315,0.3427917105,0.1065051565,,,,
4171,0.0,1205.551392,-137.501389,1676.701416,0.9342473049,0.340309498,0.1066368553,,,,
4172,0.0,1207.518555,-132.751724,1676.701294,0.9382983774,0.3284979612,0.1080983091,,,,
4173,0.0,1207.9677125,-131.661003,1676.701294,0.9383856751,0.3281967014,0.1082549167,,,,
4174,0.0,1208.41687,-130.570282,1676.701294,0.9384729728,0.3278954417,0.1084115243,,,,
4175,0.0,1210.223755,-127.085701,1676.701294,0.9384729728,0.3278954417,0.1084115243,,,,
4176,0.0,1211.518677,-125.120392,1676.701294,0.9384729728,0.3278954417,0.1084115243,,,,
4177,0.0,1212.852173,-123.360634,1676.701294,0.9384729728,0.3278954417,0.1084115243,,,,
4178,0.0,1214.186035,-121.794975,1676.701294,0.9385593068,0.3279256062,0.1075696256,,,,
4179,0.0,1215.713989,-120.174377,1676.701294,0.9385706637,0.3279295742,0.1074583811,,,,
4180,0.0,1217.04895,-118.874405,1676.701294,0.938468262,0.3287433231,0.1058543753,,,,
4181,0.0,1218.765747,-117.33609,1676.701294,0.9385370868,0.3289279172,0.1046640431,,,,
4182,0.0,1220.396973,-115.966782,1676.701294,0.9381303677,0.3306632299,0.1028262688,,,,
4183,0.0,1222.043335,-114.681984,1676.701294,0.9378964879,0.3316320878,0.101834848,,,,
4184,0.0,1223.920776,-113.342186,1676.701294,0.9378395497,0.3326357683,0.0990475878,,,,
4185,0.0,1224.463623,-112.964447,1676.701294,0.9377466246,0.3330865444,0.0984104767,,,,
4186,0.0,1228.209106,-110.567451,1676.701294,0.9358832708,0.3389951423,0.0959416333,,,,
4187,0.0,1230.455444,-109.224144,1676.701294,0.9344350245,0.3434821396,0.0940808421,,,,
4188,0.0,1232.794312,-107.896988,1676.701294,0.9332174031,0.3470373771,0.0931146469,,,,
4189,0.0,1235.314209,-106.513138,1676.701294,0.9315571921,0.3514854962,0.0930545207,,,,
4190,0.0,1237.807007,-105.187576,1676.701294,0.9299764704,0.3558711528,0.0921926631,,,,
4191,0.0,1240.373169,-103.820694,1676.701294,0.9268224918,0.3640297722,0.0920999112,,,,
4192,0.0,1243.248657,-102.375175,1676.701294,0.9254060868,0.3676155427,0.0920998764,,,,
4193,0.0,1245.735229,-101.148872,1676.701294,0.9241433391,0.3705943162,0.0928382547,,,,
4194,0.0,1249.133301,-99.481873,1676.701294,0.9217796831,0.3763815511,0.0930545207,,,,
4195,0.0,1251.959106,-98.079491,1676.701294,0.9182300617,0.3845425529,0.0947659159,,,,
4196,0.0,1254.954224,-96.603104,1676.701294,0.9144254689,0.3932500059,0.0958148981,,,,
4197,0.0,1257.687866,-95.276421,1676.701294,0.9114917327,0.3996168239,0.0974126029,,,,
4198,0.0,1261.384521,-93.508026,1676.701294,0.9084631058,0.4061325604,0.0987478035,,,,
4199,0.0,1262.19043,-93.123672,1676.701294,0.9078211385,0.4074497153,0.0992245434,,,,
4200,0.0,1267.644165,-90.525536,1676.701294,0.9035583383,0.416228436,0.1016671937,,,,
4201,0.0,1270.780029,-89.029274,1676.701294,0.9010638543,0.4211696873,0.1034409249,,,,
4202,0.0,1274.262451,-87.354179,1676.701294,0.8977518403,0.4274614136,0.1063878426,,,,
4203,0.0,1276.056274,-83.068588,1675.459717,0.8954190797,0.4319585358,0.1078725869,,,,
4204,0.0,1278.972046,-81.529785,1675.258667,0.8914124182,0.4394374821,0.1108088445,,,,
4205,0.0,1283.425659,-79.967957,1675.449463,0.8870977119,0.4470305917,0.1149839099,,,,
4206,0.0,1287.687622,-78.077736,1675.431763,0.882291901,0.4552919274,0.1194582034,,,,
4207,0.0,1290.202271,-76.915337,1675.427002,0.8792164979,0.4604992986,0.1221423178,,,,
4208,0.0,1294.086914,-75.039642,1675.437866,0.8739524884,0.4692905457,0.126386042,,,,
4209,0.0,1300.336914,-71.751587,1675.601074,0.8641863517,0.4851161678,0.1335823838,,,,
4210,0.0,1301.6485595,-70.5015105,1675.9145505,0.859353584,0.4928799652,0.1359829493,,,,
4211,0.0,1302.960205,-69.251434,1676.228027,0.8545208164,0.5006437627,0.1383835148,,,,
4212,0.0,1305.052734,-67.295982,1676.869873,0.8479993948,0.5107961744,0.1413658188,,,,
4213,0.0,1306.14856,-66.511497,1677.436035,0.8446974051,0.5159489816,0.1424181945,,,,
4214,0.0,1310.477417,-63.914696,1677.991211,0.8301565096,0.5379723303,0.1463760272,,,,
4215,0.0,1313.800659,-62.068447,1678.167969,0.8221783632,0.5494636061,0.1487026722,,,,
4216,0.0,1320.174316,-57.924274,1678.367676,0.8000896405,0.5797056894,0.154265618,,,,
4217,0.0,1322.0720215,-56.59284,1678.2886965,0.791450805,0.5909339144,0.155564592,,,,
4218,0.0,1326.409546,-53.577145,1678.125366,0.7712946834,0.6162656263,0.159126331,,,,
4219,0.0,1328.1552125,-52.3129105,1677.95697,0.7637253908,0.6253205306,0.1598684621,,,,
4220,0.0,1332.226196,-49.377701,1677.608154,0.746121962,0.6459653506,0.1613405828,,,,
4221,0.0,1334.941895,-47.430164,1677.123047,0.7343633947,0.6589426356,0.1628035858,,,,
4222,0.0,1337.988892,-45.218685,1676.686768,0.723333191,0.670864098,0.163494516,,,,
4223,0.0,1339.9863285,-43.745163,1676.4672855,0.7181159335,0.6764030924,0.1634945332,,,,
4224,0.0,1344.30835,-40.510361,1676.213257,0.7056715076,0.6892459317,0.1642186625,,,,
4225,0.0,1347.177734,-38.307583,1676.248047,0.6958596162,0.6990985494,0.1644403016,,,,
4226,0.0,1350.7229,-35.528709,1676.296265,0.6859018591,0.7086704302,0.1653023321,,,,
4227,0.0,1353.157593,-33.652592,1676.36438,0.6822608246,0.7121570628,0.1653858671,,,,
4228,0.0,1356.692749,-30.893253,1676.718384,0.6767069825,0.7174365143,0.165385936,,,,
4229,0.0,1358.830566,-29.146709,1676.91272,0.6749655947,0.7190750653,0.1653859015,,,,
4230,0.0,1362.359009,-26.399092,1677.434082,0.6725006182,0.7213809054,0.165385936,,,,
4231,0.0,1365.359985,-23.920403,1677.735352,0.6709663538,0.7228081735,0.1653859015,,,,
4232,0.0,1368.541382,-21.323143,1677.967896,0.6701371201,0.7235770476,0.1653859015,,,,
4233,0.0,1370.607178,-19.583168,1678.109375,0.6701191996,0.7235936442,0.1653859015,,,,
4234,0.0,1374.373657,-16.436951,1678.348389,0.6680392823,0.7255143108,0.1653859187,,,,
4235,0.0,1376.427002,-14.558586,1678.408936,0.6660149803,0.7273730471,0.1653859015,,,,
4236,0.0,1382.35437,-13.684156,1676.701294,0.6606469504,0.7322520851,0.1653858843,,,,
4237,0.0,1385.116211,-10.998032,1676.701294,0.6572269601,0.7353232161,0.1653858843,,,,
4238,0.0,1388.18335,-7.945125,1676.701294,0.6518896749,0.7400590215,0.1653859015,,,,
4239,0.0,1390.551392,-5.524217,1676.701294,0.6461605557,0.7450664706,0.1653858843,,,,
4240,0.0,1393.468384,-2.511303,1676.701294,0.6397939784,0.750747016,0.1644462926,,,,
4241,0.0,1395.837158,0.019284,1676.701294,0.6318532084,0.7574436681,0.1644403016,,,,
4242,0.0,1398.126221,2.54125,1676.701294,0.6215810382,0.7658958118,0.1644403188,,,,
4243,0.0,1400.972046,5.704628,1676.701294,0.6102986542,0.7749160821,0.1644403188,,,,
4244,0.0,1403.516724,8.607406,1676.701294,0.5989396112,0.7837287309,0.1644403188,,,,
4245,0.0,1405.176636,10.563997,1676.701294,0.590258514,0.7903641916,0.1640711165,,,,
4246,0.0,1408.179565,14.072425,1676.701294,0.5787680971,0.79892165,0.1635594292,,,,
4247,0.0,1410.500122,16.821417,1676.701294,0.5707989602,0.8046477981,0.1634945504,,,,
4248,0.0,1413.339111,20.294012,1676.701294,0.5595454286,0.812513662,0.1634945332,,,,
4249,0.0,1415.375732,22.862488,1676.701294,0.5499860505,0.8190145763,0.1634945504,,,,
4250,0.0,1417.604858,25.658648,1676.701294,0.5433606476,0.8234250049,0.1634945504,,,,
4251,0.0,1419.924438,28.626444,1676.701294,0.5363178505,0.8278772195,0.1642634248,,,,
4252,0.0,1422.349365,31.748209,1676.701294,0.5315292239,0.8309248357,0.1644402671,,,,
4253,0.0,1426.795654,37.619995,1676.701294,0.5236208784,0.8357443863,0.1653859015,,,,
4254,0.0,1429.026855,40.706856,1676.701294,0.5161486206,0.8402244425,0.1661730655,,,,
4255,0.0,1430.2319945,42.399908,1676.701294,0.5124426679,0.8424630325,0.1662522161,,,,
4256,0.0,1433.342773,46.830494,1676.701294,0.502258999,0.8484168798,0.1671068397,,,,
4257,0.0,1434.52948,48.56695,1676.701294,0.4981562152,0.8508024253,0.167191768,,,,
4258,0.0,1437.607788,53.075222,1676.701294,0.4901245028,0.8552976168,0.1680593897,,,,
4259,0.0,1439.837769,56.450142,1676.701294,0.4826615083,0.8594994401,0.1682218203,,,,
4260,0.0,1441.864258,59.556797,1676.701294,0.4767988759,0.862765467,0.1682218203,,,,
4261,0.0,1443.994385,62.953873,1676.701294,0.4666954617,0.8682722841,0.1682218375,,,,
4262,0.0,1446.087036,66.304642,1676.701294,0.4594507338,0.8719453555,0.1691635903,,,,
4263,0.0,1447.748657,69.11203,1676.701294,0.4486105533,0.8775711692,0.1691668242,,,,
4264,0.0,1449.824219,72.595352,1676.701294,0.4397499919,0.8820445171,0.1691668242,,,,
4265,0.0,1451.496704,75.40847,1676.701294,0.4351056544,0.8841992475,0.1699257494,,,,
4266,0.0,1453.617676,79.101257,1676.701294,0.4261630801,0.8885083341,0.1701116382,,,,
4267,0.0,1454.991211,81.527145,1676.701294,0.4209424656,0.8909935271,0.1701116554,,,,
4268,0.0,1457.114746,85.331116,1676.701294,0.4137037085,0.894377586,0.1701116554,,,,
4269,0.0,1458.951416,88.685745,1676.701294,0.4075412167,0.8970507476,0.1709096632,,,,
4270,0.0,1460.810669,92.071075,1676.701294,0.4050927249,0.8981311765,0.1710563475,,,,
4271,0.0,1462.820801,95.747673,1676.701294,0.4048739791,0.8982298075,0.1710563475,,,,
4272,0.0,1464.48999,98.848068,1676.701294,0.4048739791,0.8982298075,0.1710563475,,,,
4273,0.0,1466.162476,101.996368,1676.701294,0.4048739791,0.8982298075,0.1710563475,,,,
4274,0.0,1467.772461,105.063927,1676.701294,0.4048739791,0.8982298075,0.1710563475,,,,
4275,0.0,1469.836792,109.008293,1676.701294,0.4065820627,0.8974579423,0.1710563303,,,,
4276,0.0,1471.351074,111.804665,1676.701294,0.4139170121,0.8942511471,0.1702574315,,,,
4277,0.0,1473.156738,115.123703,1676.701294,0.4242790897,0.8897192965,0.1684839088,,,,
4278,0.0,1474.904907,118.06147,1676.701294,0.4473730667,0.878661698,0.1667661826,,,,
4279,0.0,1476.820312,121.195862,1676.701294,0.4749865376,0.8642659811,0.1656263958,,,,
4280,0.0,1476.412842,125.842834,1678.188477,0.5273587444,0.8337532427,0.1635490293,,,,
4281,0.0,1478.375732,129.032928,1677.928345,0.5720200035,0.8039686903,0.1625652502,,,,
4282,0.0,1479.726074,131.235901,1677.697998,0.6092225808,0.7761609265,0.162548649,,,,
4283,0.0,1482.164673,135.15889,1677.098511,0.6612556591,0.7325308064,0.1616773666,,,,
4284,0.0,1483.888794,137.634094,1676.8479,0.7024754208,0.693118244,0.1616025465,,,,
4285,0.0,1486.214478,140.939743,1676.432251,0.7406522251,0.6521647701,0.161602581,,,,
4286,0.0,1488.286743,143.651474,1676.125122,0.773375005,0.6130054755,0.1616025638,,,,
4287,0.0,1491.116089,147.269699,1675.949707,0.8061830738,0.5694341596,0.1606660802,,,,
4288,0.0,1492.842896,149.385315,1675.929443,0.8197351655,0.5497488487,0.1606563472,,,,
4289,0.0,1495.744629,152.828491,1676.021484,0.8426261019,0.5142572794,0.1597520049,,,,
4290,0.0,1497.981079,155.28949,1676.049194,0.8504670469,0.5011970905,0.1597099829,,,,
4291,0.0,1500.147461,157.672562,1676.375977,0.8576225864,0.4890742688,0.1590278556,,,,
4292,0.0,1503.476685,161.014175,1676.879517,0.868388136,0.4697831297,0.1587635236,,,,
4293,0.0,1506.26709,163.623169,1677.177246,0.8747797808,0.4577712198,0.1587634891,,,,
4294,0.0,1508.921021,166.024155,1677.635376,0.8823194897,0.4433859868,0.157864451,,,,
4295,0.0,1511.774658,168.552567,1677.921143,0.8889168036,0.4303593051,0.1569005571,,,,
4296,0.0,1514.609497,170.958191,1678.146606,0.8968397152,0.4142949703,0.1550425841,,,,
4297,0.0,1520.104736,174.934616,1678.148804,0.9108429285,0.3832421544,0.1532664697,,,,
4298,0.0,1521.801941,176.0611115,1678.067383,0.9157585956,0.3711517011,0.1531739464,,,,
4299,0.0,1523.499146,177.187607,1677.985962,0.9206742628,0.3590612479,0.1530814231,,,,
4300,0.0,1528.910034,180.507324,1677.738647,0.9357269208,0.3186814178,0.1511862546,,,,
4301,0.0,1532.444092,182.559921,1677.084839,0.9438744077,0.2940541705,0.1504435017,,,,
4302,0.0,1535.681519,184.338409,1676.867188,0.9494559787,0.2756115817,0.1502384788,,,,
4303,0.0,1539.483887,186.325912,1676.380249,0.9556178427,0.2534224297,0.1502385133,,,,
4304,0.0,1542.618042,187.873505,1676.276978,0.9594244549,0.2386066219,0.1502384615,,,,
4305,0.0,1545.696411,189.305847,1676.270752,0.9631986298,0.2228829384,0.1502384615,,,,
4306,0.0,1549.76416,191.102081,1676.394653,0.967186877,0.2048851983,0.1502384788,,,,
4307,0.0,1552.272461,192.137833,1676.468506,0.969512347,0.1935825492,0.150238496,,,,
4308,0.0,1556.073242,193.653717,1676.736572,0.9720965349,0.1801574755,0.1502385133,,,,
4309,0.0,1560.417603,195.301971,1677.146606,0.9740378482,0.169347762,0.150238496,,,,
4310,0.0,1563.76355,196.518982,1677.355469,0.9747914842,0.1649544547,0.1502384443,,,,
4311,0.0,1567.403076,197.769226,1677.625732,0.9754177221,0.1612099925,0.150238496,,,,
4312,0.0,1571.060669,198.963501,1677.819946,0.9758792112,0.1583924061,0.1502385133,,,,
4313,0.0,1574.810059,200.137268,1677.919922,0.9761987952,0.1564107312,0.1502384615,,,,
4314,0.0,1578.434692,201.223923,1677.991333,0.9764828759,0.1546272864,0.1502384615,,,,
4315,0.0,1582.44812,202.297318,1677.890625,0.9769202387,0.1518395768,0.1502384443,,,,
4316,0.0,1585.912598,203.055313,1677.765381,0.9773175084,0.149261103,0.1502385133,,,,
4317,0.0,1589.702148,203.842743,1677.505249,0.977744421,0.1464385245,0.150238496,,,,
4318,0.0,1593.476562,204.674362,1677.246582,0.9779474156,0.1450766925,0.150238496,,,,
4319,0.0,1597.739136,205.637054,1676.891235,0.9781071036,0.1439961576,0.1502384788,,,,
4320,0.0,1601.443848,206.465363,1676.613281,0.9782455733,0.1430524121,0.150238496,,,,
4321,0.0,1605.139038,207.271439,1676.282837,0.9783828797,0.14211031,0.1502384788,,,,
4322,0.0,1608.782959,208.024063,1675.990845,0.978517623,0.1411795529,0.1502384615,,,,
4323,0.0,1612.408813,208.738235,1675.715454,0.9788992183,0.1385088975,0.150238496,,,,
4324,0.0,1615.857544,209.370514,1675.569824,0.9792748722,0.1358275725,0.1502384615,,,,
4325,0.0,1616.788818,209.540573,1675.569824,0.9793726569,0.1351206807,0.1502384788,,,,
4326,0.0,1623.325562,210.89537,1675.720825,0.98006612,0.1299953845,0.1502384788,,,,
4327,0.0,1626.990967,211.498734,1675.731812,0.9804407359,0.1271391273,0.150238496,,,,
4328,0.0,1630.735352,212.196259,1675.915649,0.9810381644,0.1224439231,0.150238496,,,,
4329,0.0,1634.312988,212.815842,1676.252075,0.9812786567,0.1205014631,0.1502384615,,,,
4330,0.0,1638.208496,213.471298,1676.728271,0.981879385,0.116699792,0.1493118608,,,,
4331,0.0,1641.125488,213.943878,1677.071899,0.9823954416,0.11230104,0.1492905648,,,,
4332,0.0,1644.840332,214.565552,1677.627808,0.9829483471,0.1073539669,0.1492905648,,,,
4333,0.0,1648.924438,215.275711,1677.927368,0.9835893515,0.1013129547,0.1492905648,,,,
4334,0.0,1652.767944,215.919403,1678.148682,0.9841784177,0.0954210653,0.1492905303,,,,
4335,0.0,1655.921265,216.433899,1678.241089,0.9846380988,0.0905546619,0.1492905475,,,,
4336,0.0,1663.343506,217.639542,1678.300537,0.985797385,0.076914518,0.1492905648,,,,
4337,0.0,1667.01001,218.255936,1678.210205,0.9864194447,0.0684763193,0.1492905648,,,,
4338,0.0,1669.273987,218.589531,1678.116394,0.9868589144,0.0614145654,0.1492905648,,,,
4339,0.0,1671.537964,218.923126,1678.022583,0.9872983841,0.0543528114,0.1492905648,,,,
4340,0.0,1675.024902,219.492844,1678.127563,0.9879211817,0.0415219973,0.1492905303,,,,
4341,0.0,1678.410156,220.182587,1678.02002,0.988526806,0.0229583573,0.1492905475,,,,
4342,0.0,1685.78064,221.877289,1677.124634,0.9887547053,-0.008744725,0.1492905303,,,,
4343,0.0,1689.429688,222.894699,1676.877686,0.9883127372,-0.0308262994,0.1492905648,,,,
4344,0.0,1693.019531,224.049133,1676.668213,0.9876329208,-0.0478908747,0.1492905821,,,,
4345,0.0,1697.243286,225.487335,1676.463989,0.9864709955,-0.0677296649,0.1492905475,,,,
4346,0.0,1700.56897,226.730927,1676.324585,0.9850074755,-0.0864442045,0.1492905648,,,,
4347,0.0,1703.968018,228.013779,1676.275391,0.9837288702,-0.0999492249,0.1492905303,,,,
4348,0.0,1707.310303,229.323792,1676.24231,0.982117918,-0.1136070925,0.1501260257,,,,
4349,0.0,1710.470093,230.603256,1676.248535,0.9802014726,-0.1289708211,0.1502384788,,,,
4350,0.0,1714.405396,232.234421,1676.344238,0.9782478205,-0.1430370807,0.1502384615,,,,
4351,0.0,1717.617065,229.406189,1676.701294,0.9759125332,-0.1572947653,0.1511723662,,,,
4352,0.0,1720.503662,230.943329,1676.701294,0.9725871511,-0.175953817,0.1520344955,,,,
4353,0.0,1723.241455,232.439087,1676.701294,0.9696185359,-0.1915598442,0.1521338915,,,,
4354,0.0,1727.020752,234.527832,1676.701294,0.9652085743,-0.2126680085,0.1521339088,,,,
4355,0.0,1730.079102,236.15686,1676.701294,0.9592622229,-0.2374896319,0.1530185036,,,,
4356,0.0,1733.064819,237.713806,1676.701294,0.9519162442,-0.2653705747,0.1530814231,,,,
4357,0.0,1736.125854,239.34816,1676.701294,0.9452258574,-0.288295259,0.1530814231,,,,
4358,0.0,1739.105591,240.903549,1676.701294,0.9374228962,-0.3127369199,0.1530814576,,,,
4359,0.0,1742.204346,242.553909,1676.701294,0.9310847916,-0.3311301529,0.1530814576,,,,
4360,0.0,1745.230957,244.1707,1676.701294,0.9257011341,-0.345895206,0.1530814058,,,,
4361,0.0,1749.09668,246.215256,1676.701294,0.920383592,-0.3598056791,0.1530814058,,,,
4362,0.0,1752.395874,247.96257,1676.701294,0.9174862178,-0.3671309204,0.1530814403,,,,
4363,0.0,1754.68689,249.180527,1676.701294,0.9167033426,-0.3690813727,0.1530814231,,,,
4364,0.0,1758.908447,251.404755,1676.701294,0.9160190397,-0.3707764783,0.1530814231,,,,
4365,0.0,1762.206177,253.12236,1676.701294,0.9160062389,-0.3708081015,0.1530814231,,,,
4366,0.0,1765.293823,254.702103,1676.701294,0.9156867547,-0.371596347,0.1530814231,,,,
4367,0.0,1768.369141,256.263153,1676.701294,0.9156503079,-0.3716861467,0.1530814231,,,,
4368,0.0,1771.57666,257.874573,1676.701294,0.9156503079,-0.3716861467,0.1530814231,,,,
4369,0.0,1774.647095,259.401337,1676.701294,0.9156503079,-0.3716861467,0.1530814231,,,,
4370,0.0,1778.049194,261.076752,1676.701294,0.9156503079,-0.3716861467,0.1530814231,,,,
4371,0.0,1782.073853,263.039612,1676.701294,0.9156503079,-0.3716861467,0.1530814231,,,,
4372,0.0,1785.39917,264.646576,1676.701294,0.9156503079,-0.3716861467,0.1530814231,,,,
4373,0.0,1788.764038,266.260529,1676.701294,0.9156503079,-0.3716861467,0.1530814231,,,,
4374,0.0,1792.064941,267.833099,1676.701294,0.9156503079,-0.3716861467,0.1530814231,,,,
4375,0.0,1795.119629,269.279846,1676.701294,0.9156503079,-0.3716861467,0.1530814231,,,,
4376,0.0,1798.986816,271.101349,1676.701294,0.9156503079,-0.3716861467,0.1530814231,,,,
4377,0.0,1801.281982,272.176819,1676.701294,0.9156503079,-0.3716861467,0.1530814231,,,,
4378,0.0,1805.621826,274.177124,1676.701294,0.9146090437,-0.3742410655,0.1530814231,,,,
4379,0.0,1808.770996,275.590942,1676.701294,0.9127281487,-0.3791525892,0.1522190549,,,,
4380,0.0,1812.290527,277.104126,1676.701294,0.9080559168,-0.3905973104,0.1512223299,,,,
4381,0.0,1818.601685,279.667358,1676.701294,0.8941826708,-0.4217413254,0.150238496,,,,
4382,0.0,1821.768066,280.807129,1676.701294,0.8806087889,-0.4493957668,0.150238496,,,,
4383,0.0,1825.630615,282.237335,1676.701294,0.8678031605,-0.4739383572,0.1493322075,,,,
4384,0.0,1828.631592,283.340393,1676.701294,0.8592328444,-0.4895613083,0.1484878601,,,,
4385,0.0,1831.938354,284.550598,1676.701294,0.8515676202,-0.5030482291,0.1475637742,,,,
4386,0.0,1835.212402,285.772827,1676.701294,0.8479458425,-0.5091785207,0.1473943088,,,,
4387,0.0,1838.611206,287.051453,1676.701294,0.847285935,-0.5102758736,0.1473942916,,,,
4388,0.0,1842.635254,288.533295,1676.701294,0.847285935,-0.5102758736,0.1473942916,,,,
4389,0.0,1845.870361,289.69458,1676.701294,0.847285935,-0.5102758736,0.1473942916,,,,
4390,0.0,1849.151123,290.847656,1676.701294,0.847285935,-0.5102758736,0.1473942916,,,,
4391,0.0,1852.71228,292.111633,1676.701294,0.8496004559,-0.5064128734,0.147394257,,,,
4392,0.0,1858.692261,293.583527,1674.619873,0.8595113173,-0.4889040756,0.1490405995,,,,
4393,0.0,1862.436157,294.766052,1674.945923,0.8751513102,-0.4588661217,0.1534668259,,,,
4394,0.0,1864.625977,295.556152,1675.095581,0.9072917942,-0.3888136146,0.1601423531,,,,
4395,0.0,1870.193115,298.375275,1675.164551,0.9534326342,-0.2473011769,0.172650919,,,,
4396,0.0,1874.393921,301.747375,1675.298462,0.9824994914,-0.0596730214,0.1764479523,,,,
4397,0.0,1878.009644,305.141998,1675.339478,0.9745911777,0.1385941457,0.1759650511,,,,
4398,0.0,1881.013428,310.300903,1676.044067,0.869101384,0.4648157987,0.1691421225,,,,
4399,0.0,1882.608276,314.635223,1676.27002,0.6898691083,0.7067536379,0.1567798098,,,,
4400,0.0,1883.990967,318.683838,1676.420654,0.4893658251,0.8597239952,0.1462728317,,,,
4401,0.0,1883.961792,321.667023,1676.363892,0.2983855771,0.9437865278,0.1422428817,,,,
4402,0.0,1883.973267,325.181885,1675.799683,0.0744935742,0.9873417104,0.140025192,,,,
4403,0.0,1884.005249,327.860291,1675.555054,-0.0793369088,0.9873070626,0.1375878592,,,,
4404,0.0,1885.760742,326.578827,1676.701294,-0.1861478376,0.9733265889,0.134105682,,,,
4405,0.0,1885.990723,328.780273,1676.701294,-0.2585493243,0.956767503,0.1332223406,0.1422707025,504.6368918766,981.5898152993,0.0
4406,0.0,1886.074341,331.056732,1676.701294,-0.3057003492,0.9425175391,0.1349369668,0.1194362154,464.4744579248,980.0535039553,0.0
4407,0.0,1886.006714,333.152557,1676.701294,-0.32119128,0.936581896,0.1401802903,0.1131022141,452.0526139413,978.5414891455,0.0
4408,0.0,1885.710327,335.335541,1676.701294,-0.3226102225,0.9360081147,0.1407531651,0.1138639417,455.839244069,983.6307471789,0.0
4409,0.0,1885.1698,337.457947,1676.701294,-0.3226102225,0.9360081147,0.1407531651,0.114379828,455.5830899014,980.9926839226,0.0
4410,0.0,1884.251587,339.917633,1676.701294,-0.3226102225,0.9360081147,0.1407531651,0.1148794018,454.6902323064,977.0684109538,0.0
4411,0.0,1883.264038,341.91748,1676.701294,-0.3226102225,0.9360081147,0.1407531651,0.1152690198,452.8819179442,971.6368926048,0.0
4412,0.0,1882.093994,343.903442,1676.701294,-0.3226102225,0.9360081147,0.1407531651,0.1156055677,450.8838221036,966.0272369487,0.0
4413,0.0,1880.673706,345.98468,1676.701294,-0.3226102225,0.9360081147,0.1407531651,0.115855012,448.4605917834,959.8640200715,0.0
4414,0.0,1878.937744,348.221985,1676.701294,-0.3226102225,0.9360081147,0.1407531651,,,,
4415,0.0,1877.059326,350.38855,1676.701294,-0.3226102225,0.9360081147,0.1407531651,,,,
4416,0.0,1875.357788,352.181122,1676.701294,-0.3226102225,0.9360081147,0.1407531651,,,,
4417,0.0,1873.34668,354.160278,1676.701294,-0.3226102225,0.9360081147,0.1407531651,,,,
4418,0.0,1871.354736,356.000183,1676.701294,-0.3226102225,0.9360081147,0.1407531651,,,,
4419,0.0,1868.717285,358.610626,1676.701294,-0.3226102225,0.9360081147,0.1407531651,,,,
4420,0.0,1866.859009,360.669098,1676.701294,-0.3226102225,0.9360081147,0.1407531651,,,,
4421,0.0,1863.032715,365.091034,1676.701294,-0.3452690647,0.9283164776,0.1379050051,,,,
4422,0.0,1861.8148195,366.6197665,1676.701294,-0.3543521526,0.9247664754,0.1383697836,,,,
4423,0.0,1860.596924,368.148499,1676.701294,-0.3634352405,0.9212164731,0.1388345621,,,,
4424,0.0,1858.62793,370.745941,1676.701294,-0.3800567474,0.9141965449,0.1407179666,,,,
4425,0.0,1856.670166,373.487701,1676.701294,-0.3933235541,0.9082669096,0.1426457248,,,,
4426,0.0,1853.062744,378.810333,1676.701294,-0.4168248299,0.8968683383,0.1479332446,,,,
4427,0.0,1851.193848,381.752808,1676.701294,-0.4234359432,0.8934159758,0.1500329834,,,,
4428,0.0,1849.423584,384.59729,1676.701294,-0.4297208156,0.8901048907,0.1518331457,,,,
4429,0.0,1847.356323,388.000336,1676.701294,-0.4355408196,0.8869078588,0.1539436403,,,,
4430,0.0,1845.723755,390.776855,1676.701294,-0.4371396125,0.8859671668,0.1548261558,,,,
4431,0.0,1843.609375,394.422913,1676.701294,-0.4390816456,0.8849800844,0.1549759942,,,,
4432,0.0,1842.060669,397.412933,1676.701294,-0.4390356933,0.8848516636,0.1558370737,,,,
4433,0.0,1840.75,400.333496,1676.701294,-0.4390295357,0.8848395636,0.155923101,,,,
4434,0.0,1839.318237,404.10025,1676.701294,-0.4398119576,0.8844509223,0.1559230838,,,,
4435,0.0,1838.356323,407.157013,1676.701294,-0.4411707236,0.8834956409,0.1574923655,,,,
4436,0.0,1837.384155,410.861176,1676.701294,-0.4444220447,0.881493472,0.1595565889,,,,
4437,0.0,1836.736816,413.938568,1676.701294,-0.4473841017,0.8798255229,0.1604821323,,,,
4438,0.0,1836.106812,417.701935,1676.701294,-0.4516740754,0.8772838804,0.1623684784,,,,
4439,0.0,1835.716675,420.727417,1676.701294,-0.4565090268,0.874470202,0.1640163842,,,,
4440,0.0,1835.368774,424.211823,1676.701294,-0.4649545553,0.8697896601,0.1651762958,,,,
4441,0.0,1835.123047,427.690765,1676.701294,-0.4753073213,0.8639949488,0.1661194713,,,,
4442,0.0,1834.917847,431.891907,1676.701294,-0.494682547,0.8528256321,0.1672651156,,,,
4443,0.0,1834.865112,434.972076,1676.701294,-0.5054151659,0.8465069572,0.1672766618,,,,
4444,0.0,1834.867676,438.438629,1676.701294,-0.51725912,0.8393220536,0.1672766962,,,,
4445,0.0,1834.928223,441.907288,1676.701294,-0.5290012906,0.8319712384,0.1672766962,,,,
4446,0.0,1835.049683,445.486938,1676.701294,-0.538995375,0.8256848591,0.1665187652,,,,
4447,0.0,1835.209351,448.990051,1676.701294,-0.5488201058,0.8193723845,0.1656061198,,,,
4448,0.0,1835.447998,453.252533,1676.701294,-0.5607994229,0.8114452217,0.1645012448,,,,
4449,0.0,1835.676636,456.803375,1676.701294,-0.5706339723,0.8047462279,0.1635859969,,,,
4450,0.0,1835.915283,460.153503,1676.701294,-0.5785263618,0.7992662,0.1627291931,,,,
4451,0.0,1836.242676,464.526733,1676.701294,-0.590119714,0.7909742061,0.161612278,,,,
4452,0.0,1836.528442,468.067688,1676.701294,-0.5966786927,0.7862217384,0.1607168811,,,,
4453,0.0,1836.80896,471.424866,1676.701294,-0.6015649294,0.7826627393,0.1598707987,,,,
4454,0.0,1837.129272,475.116852,1676.701294,-0.6049706999,0.7802224374,0.1589446457,,,,
4455,0.0,1837.459839,478.84314,1676.701294,-0.6074145604,0.7785112646,0.1580119072,,,,
4456,0.0,1837.783081,482.442169,1676.701294,-0.6095619469,0.7768706869,0.1578168838,,,,
4457,0.0,1838.0802,485.880066,1676.701294,-0.6129170117,0.774456971,0.1566816418,,,,
4458,0.0,1838.492432,490.351562,1676.701294,-0.6165634326,0.7718583259,0.1551910381,,,,
4459,0.0,1838.837402,494.282684,1676.701294,-0.6225318838,0.7675976571,0.152472589,,,,
4460,0.0,1839.139526,497.875854,1676.701294,-0.6298656134,0.7623011847,0.1488832187,,,,
4461,0.0,1839.458984,501.747925,1676.701294,-0.6378093077,0.7564335576,0.1449398491,,,,
4462,0.0,1839.777466,506.309265,1676.701294,-0.6486050391,0.7478804036,0.1413732829,,,,
4463,0.0,1839.922729,508.568085,1676.701294,-0.6544073082,0.7435895352,0.1372066986,,,,
4464,0.0,1840.057129,510.859863,1676.701294,-0.661480764,0.738159012,0.1325310223,,,,
4465,0.0,1840.20105,513.337219,1676.701294,-0.6664540045,0.7342978001,0.129018606,,,,
4466,0.0,1840.2736815,514.7029115,1676.701294,-0.6693004776,0.7319835014,0.1273609766,,,,
4467,0.0,1840.415771,517.652771,1676.701294,-0.6774553904,0.7251806677,0.1231551591,,,,
4468,0.0,1840.5354,520.431274,1676.701294,-0.6839159736,0.7195920412,0.1201924926,,,,
4469,0.0,1840.770508,523.030762,1676.701294,-0.689540469,0.7148564496,0.1162505828,,,,
4470,0.0,1841.104492,525.261719,1676.701294,-0.6960314128,0.7094320481,0.1106636416,,,,
4471,0.0,1841.501221,527.292847,1676.701294,-0.7064470664,0.7000221017,0.1044107254,,,,
4472,0.0,1841.984741,529.291382,1676.701294,-0.7169548496,0.6899684957,0.0995952733,,,,
4473,0.0,1842.616699,531.489441,1676.701294,-0.7276282446,0.6790661372,0.0970892325,,,,
4474,0.0,1843.252441,533.418457,1676.701294,-0.7410576796,0.6651038625,0.0920346003,,,,
4475,0.0,1843.946655,535.317932,1676.701294,-0.7503138838,0.6550742956,0.088919869,,,,
4476,0.0,1844.859741,537.59198,1676.701294,-0.7633874038,0.6403526847,0.084782728,,,,
4477,0.0,1845.575562,539.247009,1676.701294,-0.7743083594,0.6274306588,0.0823245583,,,,
4478,0.0,1846.703491,541.709045,1676.701294,-0.786294148,0.6126921439,0.0796859436,,,,
4479,0.0,1847.592163,543.528625,1676.701294,-0.7983150461,0.59706418,0.078787385,,,,
4480,0.0,1848.401733,545.158508,1676.701294,-0.8068854249,0.5855539567,0.0778618964,,,,
4481,0.0,1849.557861,547.408691,1676.701294,-0.8152983075,0.5739110698,0.0769074366,,,,
4482,0.0,1850.544922,549.301636,1676.701294,-0.8215225776,0.5650840302,0.076030871,,,,
4483,0.0,1851.559326,551.238953,1676.701294,-0.8252799765,0.5596055366,0.0758591045,,,,
4484,0.0,1852.790771,553.585815,1676.701294,-0.8259269635,0.5586502011,0.0758591045,,,,
4485,0.0,1853.812134,555.498962,1676.701294,-0.8264865853,0.558041819,0.0742243394,,,,
4486,0.0,1854.850952,557.39917,1676.701294,-0.8293453464,0.5543144207,0.0701556799,,,,
4487,0.0,1856.150513,559.727417,1676.701294,-0.8355513743,0.54592763,0.0617812567,,,,
4488,0.0,1857.280396,561.75946,1676.701294,-0.8379122463,0.5426360854,0.0587294327,,,,
4489,0.0,1858.323486,563.623474,1676.701294,-0.8400339681,0.5398022003,0.0543738625,,,,
4490,0.0,1859.543823,565.806641,1676.701294,-0.8408613484,0.5387456038,0.0520131441,,,,
4491,0.0,1860.679077,567.820496,1676.701294,-0.8419463649,0.5372289069,0.0501140715,,,,
4492,0.0,1861.728882,569.662476,1676.701294,-0.8443070351,0.5336735964,0.0483541417,,,,
4493,0.0,1862.933594,571.730225,1676.701294,-0.8523835762,0.5211181029,0.0433377658,,,,
4494,0.0,1863.720703,573.105896,1676.701294,-0.855562309,0.5160057647,0.0418471775,,,,
4495,0.0,1864.30896,574.123352,1676.701294,-0.8603885784,0.508115562,0.0393709247,,,,
4496,0.0,1864.755859,574.893738,1676.701294,-0.8642977799,0.5016371113,0.0367363058,,,,
4497,0.0,1865.048218,575.372375,1676.701294,-0.8649252767,0.5006273054,0.035729075,,,,
4498,0.0,1865.23645,575.67041,1676.701294,-0.8649632153,0.5005668581,0.0356574923,,,,
4499,0.0,1865.321777,575.797424,1676.701294,-0.8649632153,0.5005668581,0.0356574923,,,,
4500,0.0,1865.301392,575.755066,1676.701294,-0.8649632153,0.5005668581,0.0356574923,,,,
4501,0.0,1865.241943,575.651855,1676.701294,-0.8649632153,0.5005668581,0.0356574923,,,,
4502,0.0,1865.181885,575.547974,1676.701294,-0.8649632153,0.5005668581,0.0356574923,,,,
4503,0.0,1865.133301,575.464172,1676.701294,-0.8649632153,0.5005668581,0.0356574923,,,,
4504,0.0,1865.057251,575.332764,1674.372192,-0.8649632153,0.5005668581,0.0356574923,,,,
4505,0.0,1865.0325315,575.2900695,1673.510803,-0.8649702739,0.500570943,0.0354274366,,,,
4506,0.0,1864.956421,575.158325,1671.382568,-0.8649904081,0.5005825949,0.034765781,,,,
4507,0.0,1864.907471,575.063965,1670.038086,-0.8642964725,0.5019912019,0.0315664525,,,,
4508,0.0,1864.8787845,575.0059815,1669.2319335,-0.8635554604,0.5033653089,0.0298309114,,,,
4509,0.0,1864.802979,574.845947,1667.107422,-0.8611120608,0.5078678319,0.0235856758,,,,
4510,0.0,1864.739258,574.721558,1665.688843,-0.8596605157,0.5104890713,0.0196139217,,,,
4511,0.0,1864.653931,574.576599,1664.325806,-0.8595733903,0.5107380363,0.0167405209,,,,
4512,0.0,1864.591797,574.476013,1663.03125,-0.8600427707,0.510072809,0.012335395,,,,
4513,0.0,1864.545532,574.40448,1663.03125,-0.8606597385,0.5090776459,0.0102354792,,,,
4514,0.0,1864.455688,574.262939,1663.03125,-0.8615951742,0.5075356418,0.0078312298,,,,
4515,0.0,1864.395264,574.165649,1663.03125,-0.8620644018,0.5067392438,0.0077656946,,,,
4516,0.0,1864.360718,574.10791,1663.03125,-0.862106639,0.506667383,0.0077656946,,,,
4517,0.0,1864.259155,573.949402,1663.03125,-0.8634549339,0.5043662074,0.0077656946,,,,
4518,0.0,1864.136719,573.772278,1663.03125,-0.8694480037,0.4939634227,0.0077656946,,,,
4519,0.0,1864.02356,573.632629,1663.03125,-0.8729886664,0.4876652714,0.0085657094,,,,
4520,0.0,1863.930176,573.511108,1663.03125,-0.8751708023,0.4837275843,0.0091482775,,,,
4521,0.0,1863.839111,573.367432,1663.03125,-0.8769499972,0.4804855251,0.0096105425,,,,
4522,0.0,1863.769531,573.248596,1663.03125,-0.8775935138,0.4793076902,0.0096831099,,,,
4523,0.0,1863.695801,573.115479,1663.03125,-0.87768796,0.4791347225,0.0096831099,,,,
4524,0.0,1863.624023,572.998535,1663.03125,-0.8788388023,0.4770205414,0.0096831099,,,,
4525,0.0,1863.54126,572.864197,1663.03125,-0.8803304847,0.4742620322,0.0096831099,,,,
4526,0.0,1863.443848,572.702576,1663.03125,-0.8817492056,0.4716191004,0.0096831099,,,,
4527,0.0,1863.376953,572.586182,1663.03125,-0.8825010484,0.4702107367,0.0096831099,,,,
4528,0.0,1863.294556,572.439575,1663.03125,-0.8831035328,0.4690782319,0.0096831099,,,,
4529,0.0,1863.241821,572.341431,1663.03125,-0.8831421314,0.4690055578,0.0096831099,,,,
4530,0.0,1863.170166,572.211426,1663.03125,-0.8835052114,0.4683227523,0.0096094255,,,,
4531,0.0,1863.082397,572.051575,1663.03125,-0.8839840081,0.4674203596,0.0095121453,,,,
4532,0.0,1862.997681,571.902649,1663.03125,-0.8847847095,0.4658989322,0.0097058156,,,,
4533,0.0,1862.918457,571.763977,1663.03125,-0.8856847637,0.4641797479,0.0099830302,,,,
4534,0.0,1862.821167,571.59314,1663.03125,-0.886756845,0.4621195757,0.010382463,,,,
4535,0.0,1862.733521,571.444031,1663.03125,-0.8881864345,0.459359565,0.0106605658,,,,
4536,0.0,1862.608643,571.240845,1663.03125,-0.8919625831,0.4520047139,0.0097205454,,,,
4537,0.0,1862.477295,571.036499,1663.03125,-0.8955937446,0.4447831131,0.0089345881,,,,
4538,0.0,1862.378296,570.86676,1663.03125,-0.8968586686,0.4422354367,0.0085057072,,,,
4539,0.0,1862.287354,570.690979,1663.03125,-0.8973799567,0.4411676159,0.008963699,,,,
4540,0.0,1862.202881,570.526978,1663.03125,-0.8978787367,0.4401451172,0.0092763094,,,,
4541,0.0,1862.176147,570.474609,1663.03125,-0.8980679234,0.4397580048,0.0093221397,,,,
4542,0.0,1862.038574,570.212585,1663.03125,-0.8992653407,0.4372979317,0.009610717,,,,
4543,0.0,1861.942017,570.025391,1663.03125,-0.9000204946,0.4357365088,0.009838908,,,,
4544,0.0,1861.761963,569.681946,1663.03125,-0.9019639046,0.431699085,0.0098496064,,,,
4545,0.0,1861.680298,569.525146,1663.03125,-0.9028440637,0.4298547244,0.0098748426,,,,
4546,0.0,1861.6235965,569.41275,1663.03125,-0.9032800318,0.428936637,0.0098748426,,,,
4547,0.0,1861.447754,569.054932,1663.03125,-0.9086893107,0.4173280468,0.0110017228,,,,
4548,0.0,1861.3666995,568.8855595,1663.03125,-0.9122357338,0.4093888644,0.012231276,,,,
4549,0.0,1861.206421,568.585022,1663.03125,-0.9176760855,0.3970838968,0.013963559,,,,
4550,0.0,1861.031616,568.283325,1663.03125,-0.9204964897,0.3904811169,0.0145158474,,,,
4551,0.0,1860.926514,568.08783,1663.03125,-0.9229585619,0.3845858435,0.0155313223,,,,
4552,0.0,1860.780884,567.806885,1663.03125,-0.9265035129,0.3758963252,0.0171228852,,,,
4553,0.0,1860.636963,567.332397,1663.03125,-0.937617049,0.3469850319,0.021809563,,,,
4554,0.0,1860.544067,567.132385,1663.03125,-0.9399415332,0.3405390958,0.0233031846,,,,
4555,0.0,1860.4198,566.935303,1663.03125,-0.9405718975,0.3386219724,0.0256839539,,,,
4556,0.0,1860.3968505,566.8976135,1663.03125,-0.9405594689,0.338626408,0.02607467,,,,
4557,0.0,1860.373901,566.859924,1663.03125,-0.9405470403,0.3386308437,0.0264653862,,,,
4558,0.0,1858.479126,567.096619,1661.130737,-0.9396582794,0.3406592912,0.0315208697,,,,
4559,0.0,1858.442017,566.769104,1661.206665,-0.9388520405,0.3425095166,0.0352714765,,,,
4560,0.0,1858.25769,566.537781,1661.046265,-0.9382112035,0.3438277451,0.0392710993,,,,
4561,0.0,1858.133789,566.325806,1661.004761,-0.9378409361,0.344471637,0.0423517408,,,,
4562,0.0,1858.070679,566.157349,1660.972168,-0.9374178838,0.3451531604,0.046010945,,,,
4563,0.0,1858.103516,565.944824,1661.034302,-0.9371259641,0.3455377481,0.0489754225,,,,
4564,0.0,1858.069214,565.693787,1661.070557,-0.9368190796,0.3458894521,0.0522541774,,,,
4565,0.0,1857.896973,565.474792,1660.970947,-0.9365162247,0.3461305355,0.0559554588,,,,
4566,0.0,1857.80957,565.282837,1660.920288,-0.9362511862,0.3462150868,0.0597396848,,,,
4567,0.0,1857.724487,565.011475,1660.921753,-0.9359830986,0.3462752147,0.0634753095,,,,
4568,0.0,1857.674927,564.819458,1660.916504,-0.9358384134,0.3462279077,0.0658232477,,,,
4569,0.0,1857.587891,564.598145,1660.917114,-0.9356973489,0.3461321072,0.068286424,,,,
4570,0.0,1857.477173,564.325989,1660.893677,-0.9355956715,0.3460417934,0.0701128853,,,,
4571,0.0,1857.356689,564.023254,1660.869385,-0.9374406679,0.3395048305,0.0770808946,,,,
4572,0.0,1857.329224,563.958008,1660.869385,-0.9377792767,0.3383118669,0.0781991621,,,,
4573,0.0,1857.266968,563.494385,1660.951904,-0.9385036345,0.3359034677,0.0798735774,,,,
4574,0.0,1857.104736,563.234009,1660.894165,-0.9385036345,0.3359034677,0.0798735774,,,,
4575,0.0,1857.048462,562.974792,1660.927979,-0.9385036345,0.3359034677,0.0798735774,,,,
4576,0.0,1856.985107,562.718689,1660.936768,-0.9385036345,0.3359034677,0.0798735774,,,,
4577,0.0,1856.944702,562.525452,1660.962158,-0.9385036345,0.3359034677,0.0798735774,,,,
4578,0.0,1856.824829,562.252747,1660.982666,-0.9385036345,0.3359034677,0.0798735774,,,,
4579,0.0,1856.711792,561.933044,1660.965576,-0.9385036345,0.3359034677,0.0798735774,,,,
4580,0.0,1856.645752,561.682251,1660.991943,-0.9385036345,0.3359034677,0.0798735774,,,,
4581,0.0,1856.579224,561.453796,1661.003784,-0.9382423193,0.3366326852,0.07987356,,,,
4582,0.0,1856.536133,561.236206,1661.032959,-0.9378015976,0.3378585054,0.0798736122,,,,
4583,0.0,1856.452393,560.914856,1661.059326,-0.9372749067,0.3393169033,0.0798735774,,,,
4584,0.0,1856.314819,560.681335,1661.009033,-0.9366656976,0.340994989,0.0798735774,,,,
4585,0.0,1856.248291,560.44043,1661.034546,-0.9365558561,0.3412965574,0.0798735774,,,,
4586,0.0,1856.12793,560.101135,1661.029541,-0.9365558561,0.3412965574,0.0798735774,,,,
4587,0.0,1856.116272,560.067871,1661.029541,-0.9365205344,0.3413934528,0.0798735774,,,,
4588,0.0,1856.104614,560.034607,1661.029541,-0.9364852128,0.3414903481,0.0798735774,,,,
4589,0.0,1856.104614,560.034607,1661.029541,-0.9312104511,0.3556224224,0.0798735774,,,,
4590,0.0,1856.837891,557.818054,1663.03125,-0.9305268377,0.3574073529,0.0798735774,,,,
4591,0.0,1857.451294,556.205139,1666.906738,-0.9329787159,0.3509571548,0.0798735948,,,,
4592,0.0,1857.785156,555.569885,1668.255981,-0.9323257524,0.35268811,0.0798735774,,,,
4593,0.0,1858.372803,554.751282,1669.736328,-0.9314474857,0.3550011168,0.0798735774,,,,
4594,0.0,1858.5720825,554.380646,1670.576782,-0.9309997269,0.3561715174,0.0798735774,,,,
4595,0.0,1858.965942,553.646179,1672.37793,-0.9296379178,0.3597131543,0.0798735774,,,,
4596,0.0,1859.056396,553.172546,1673.979858,-0.9283313036,0.3630719046,0.0798735426,,,,
4597,0.0,1858.884155,553.021484,1675.357178,-0.9259572521,0.3690845185,0.07987356,,,,
4598,0.0,1858.615234,552.889587,1676.606201,-0.9229040552,0.3765211706,0.0804979068,,,,
4599,0.0,1855.736328,555.655579,1676.701294,-0.9187759353,0.3862466916,0.0816350038,,,,
4600,0.0,1855.41687,555.549683,1676.701294,-0.9153287311,0.3943153113,0.0817847741,,,,
4601,0.0,1855.202881,555.613281,1676.701172,-0.9112759622,0.4035248162,0.0821209071,,,,
4602,0.0,1855.034546,555.66864,1676.701294,-0.9092190062,0.4081035335,0.0822940143,,,,
4603,0.0,1854.140137,556.030762,1676.701294,-0.8984448624,0.4310704548,0.0835170177,,,,
4604,0.0,1853.518433,556.33783,1676.701294,-0.892742201,0.4425681425,0.084526929,,,,
4605,0.0,1852.867554,556.621521,1676.701294,-0.889986,0.4480615202,0.084651012,,,,
4606,0.0,1852.070679,556.990112,1676.701294,-0.8868810836,0.4540252011,0.0854579449,,,,
4607,0.0,1851.318359,557.333435,1676.701294,-0.88523081,0.4571304629,0.0860125158,,,,
4608,0.0,1850.175659,557.85083,1676.701294,-0.8837455665,0.4598986661,0.0865273985,,,,
4609,0.0,1849.138672,558.3396,1676.701294,-0.8824234169,0.4624240767,0.0865614612,,,,
4610,0.0,1848.388794,558.706665,1676.701294,-0.8813134586,0.4644704797,0.086912376,,,,
4611,0.0,1846.990967,559.388611,1676.701294,-0.8799174389,0.4670193997,0.0873966875,,,,
4612,0.0,1845.543579,560.115295,1676.701294,-0.8780555781,0.4704883158,0.0875165495,,,,
4613,0.0,1844.171143,560.804688,1676.701294,-0.8769340235,0.4724235222,0.0883330862,,,,
4614,0.0,1842.664917,561.57489,1676.701294,-0.8755654873,0.474929322,0.0884715574,,,,
4615,0.0,1841.062866,562.395325,1676.701294,-0.8745498707,0.4767969212,0.0884715748,,,,
4616,0.0,1839.46582,563.220764,1676.701294,-0.8736143952,0.4785088004,0.0884715574,,,,
4617,0.0,1837.867188,564.054504,1676.701294,-0.8727034438,0.4801681849,0.08847154,,,,
4618,0.0,1836.127563,564.971741,1676.701294,-0.8717913897,0.481822121,0.0884715574,,,,
4619,0.0,1834.239258,565.967407,1676.701294,-0.8713159356,0.4826813865,0.0884715748,,,,
4620,0.0,1832.502808,566.892639,1676.701294,-0.8708626912,0.4834986593,0.0884715748,,,,
4621,0.0,1830.201416,568.120605,1676.701294,-0.8704179627,0.4842988268,0.0884715574,,,,
4622,0.0,1828.011475,569.297607,1676.701294,-0.8699717188,0.4850999815,0.0884715574,,,,
4623,0.0,1826.421143,570.157043,1676.701294,-0.8696454484,0.4856846483,0.0884715574,,,,
4624,0.0,1824.026855,571.451538,1676.701294,-0.8694384156,0.4860551634,0.0884715748,,,,
4625,0.0,1820.537964,573.339539,1676.701294,-0.8694384156,0.4860551634,0.0884715748,,,,
4626,0.0,1815.954102,575.833923,1676.701294,-0.8694384156,0.4860551634,0.0884715748,,,,
4627,0.0,1814.178223,576.8044125,1676.701294,-0.8694384156,0.4860551634,0.0884715748,,,,
4628,0.0,1812.402344,577.774902,1676.701294,-0.8694384156,0.4860551634,0.0884715748,,,,
4629,0.0,1809.919067,579.117126,1676.701294,-0.8703588823,0.4844049985,0.08847154,,,,
4630,0.0,1807.740601,580.2995,1676.701294,-0.8709741776,0.483297802,0.0884715574,,,,
4631,0.0,1805.970337,581.2102055,1676.701294,-0.8737835482,0.4779475746,0.0896136423,,,,
4632,0.0,1804.200073,582.120911,1676.701294,-0.8765929189,0.4725973472,0.0907557272,,,,
4633,0.0,1795.518555,585.618469,1676.700806,-0.9269276996,0.3586113815,0.1104668133,,,,
4634,0.0,1792.103882,586.129822,1676.699585,-0.9689806401,0.2152288564,0.1214621687,,,,
4635,0.0,1789.580688,586.76532,1676.700195,-0.9835815746,0.1286646859,0.1265412372,,,,
4636,0.0,1786.380737,587.559204,1676.700073,-0.9912839133,-0.0091674756,0.1314235921,,,,
4637,0.0,1783.669556,588.300964,1676.700928,-0.981937202,-0.132721253,0.1348495468,,,,
4638,0.0,1780.256104,589.206116,1676.699585,-0.9497560771,-0.2804418557,0.1389811485,0.1331475179,342.1719771583,686.3140680171,3.0
4639,0.0,1777.683105,589.693665,1676.700439,-0.9173146766,-0.3721184944,0.1416390134,0.0920753541,286.8135352183,684.3012522402,3.0
4640,0.0,1773.669922,590.84552,1676.701294,-0.8893435503,-0.434111069,0.1435814375,0.0693445825,249.374834588,681.5441150816,3.0
4641,0.0,1769.557861,592.292725,1676.701294,-0.8863604173,-0.4401018878,0.1437899128,0.0691899041,248.2150401525,679.1050320262,3.0
4642,0.0,1767.217651,593.110535,1676.701294,-0.8863604173,-0.4401018878,0.1437899128,0.0704165474,249.7723881539,677.6029369506,3.0
4643,0.0,1762.768677,594.691284,1676.701294,-0.8863604173,-0.4401018878,0.1437899128,0.0727134666,252.7685816572,675.2156863409,3.0
4644,0.0,1758.95752,596.019897,1676.701294,-0.8863604173,-0.4401018878,0.1437899128,0.0746975724,255.4182103856,673.5178877636,3.0
4645,0.0,1755.229248,597.304626,1676.701294,-0.8863604173,-0.4401018878,0.1437899128,0.0766191551,258.0389847749,672.1775477515,3.0
4646,0.0,1754.2871705,597.635803,1676.701294,-0.8863604173,-0.4401018878,0.1437899128,0.0771092172,258.7103028122,671.8715381447,3.0
4647,0.0,1753.345093,597.96698,1676.701294,-0.8863604173,-0.4401018878,0.1437899128,0.0775992793,259.3816208495,671.5655285378,3.0
4648,0.0,1746.737061,600.194641,1676.701294,-0.8863604173,-0.4401018878,0.1437899128,0.0810714934,264.1855487788,669.8006639072,3.0
4649,0.0,1742.033081,601.758301,1676.701294,-0.8863604173,-0.4401018878,0.1437899128,0.0835848338,267.819688721,669.1661436944,3.0
4650,0.0,1737.486816,603.28717,1676.701294,-0.8863604173,-0.4401018878,0.1437899128,0.086063402,271.31469155,668.498262771,3.0
4651,0.0,1733.616211,604.570618,1676.701294,-0.8863604173,-0.4401018878,0.1437899128,0.0881944507,274.3903230687,668.2305124547,3.0
4652,0.0,1730.62146,605.542236,1676.701172,-0.8908414706,-0.4317706209,0.1413350811,0.0932795852,281.7908831221,668.1748531753,3.0
4653,0.0,1729.250366,605.998291,1676.701172,-0.892524209,-0.4285885829,0.1404007227,0.0953988946,284.8260851357,668.1993877534,3.0
4654,0.0,1723.46106,607.933777,1676.701294,-0.8937573186,-0.4267641515,0.138094947,0.0993863637,290.5294378047,668.4667696317,3.0
4655,0.0,1719.812378,609.112061,1676.70105,-0.8809437629,-0.45172557,0.1410038867,0.0904565102,278.0442019726,669.0046740306,3.0
4656,0.0,1715.88269,610.407715,1676.701172,-0.8680468502,-0.4750395186,0.1443333694,0.0827628628,266.7697927492,669.7010544208,3.0
4657,0.0,1713.130737,611.235535,1676.70105,-0.8577823003,-0.492548899,0.1469867594,0.0770484717,258.0363571975,670.3702290429,3.0
4658,0.0,1709.471802,612.168152,1676.701172,-0.8434699968,-0.5156430229,0.1505677168,0.069758308,246.21456354,670.9805370826,3.0
4659,0.0,1705.629272,612.736877,1676.701294,-0.8327439833,-0.5318018618,0.1540267445,0.0653755351,238.8690766972,671.6669282858,3.0
4660,0.0,1703.464233,612.819275,1676.701172,-0.8296295456,-0.5356891975,0.157327368,0.0650080313,238.5989368962,672.7371543357,3.0
4661,0.0,1701.203491,612.822205,1676.701294,-0.8270381498,-0.5387667388,0.160431605,0.0649483799,238.7995193106,673.6014441228,3.0
4662,0.0,1700.9855345,612.8260805,1676.701294,-0.8268213774,-0.5390226624,0.1606885209,0.0649553142,238.8340624135,673.6641265873,3.0
4663,0.0,1700.767578,612.829956,1676.701294,-0.826604605,-0.539278586,0.1609454368,0.0649622484,238.8686055164,673.7268090518,3.0
4664,0.0,1696.381836,611.729492,1676.701294,-0.8144385067,-0.5550649251,0.169094198,0.0610429276,232.9617382724,677.1467901887,3.0
4665,0.0,1695.267578,611.079041,1676.701294,-0.8074983002,-0.5639837303,0.1728260602,0.058382798,228.6044488112,678.9853752671,3.0
4666,0.0,1694.525879,610.31781,1676.701172,-0.7921191281,-0.5824145724,0.1825939559,0.0532838162,219.2094338269,680.628703174,3.0
4667,0.0,1693.804688,609.484924,1676.701294,-0.7905063804,-0.5842847989,0.1836053823,0.0527342579,218.6140667737,682.2115567779,3.0
4668,0.0,1693.394165,608.664673,1676.701172,-0.785147515,-0.5905634155,0.1864892275,0.0509324437,215.5400010406,684.0961988998,3.0
4669,0.0,1692.98584,607.523865,1676.701294,-0.7788254946,-0.5978194678,0.1898492374,0.0488926594,211.8311647159,685.8473149206,3.0
4670,0.0,1692.783813,606.413696,1676.701172,-0.773029675,-0.6046286143,0.1919618721,0.0468572033,207.9771996814,687.4807563013,3.0
4671,0.0,1692.786011,605.30957,1676.701294,-0.7676565636,-0.6108596424,0.1937882804,0.0449690509,204.5352376572,689.817901502,3.0
4672,0.0,1693.189453,603.03833,1676.701294,-0.7493477459,-0.6324211729,0.1962687334,0.038763623,191.3020557788,693.8130859434,3.0
4673,0.0,1693.588623,601.610657,1676.701294,-0.7404652091,-0.6426556041,0.1967359871,0.035891668,184.8800450108,696.3226115228,3.0
4674,0.0,1694.086914,600.302185,1676.701294,-0.7288736543,-0.6558837292,0.1963663155,0.0324456592,176.5089768872,698.5944464539,3.0
4675,0.0,1694.705444,598.976501,1676.701294,-0.7171130393,-0.6688537097,0.1959173397,0.029364305,168.5957308581,700.8636522395,3.0
4676,0.0,1694.753845,598.8670345,1676.701294,-0.7161161064,-0.6699307138,0.1958785481,0.0291256721,167.9633788965,701.0538632726,3.0
4677,0.0,1696.318237,595.960144,1676.701294,-0.6921198766,-0.6962384554,0.1903210175,0.0232434259,151.2826452163,705.7687810333,3.0
4678,0.0,1697.03418,594.660583,1676.701294,-0.6830909224,-0.7067459947,0.1841110827,0.020660027,143.1211558002,707.7472567518,3.0
4679,0.0,1697.602417,593.512573,1676.701294,-0.6798926657,-0.710777431,0.1803923687,0.0194902102,139.3915130618,709.4790464985,3.0
4680,0.0,1698.075806,592.469116,1676.701294,-0.6791168131,-0.7122029336,0.1776719887,0.0188618844,137.5074543304,711.3385184303,3.0
4681,0.0,1698.632812,591.275024,1676.701294,-0.67873783,-0.7131497072,0.1753067405,0.018352678,135.9390173471,712.8222066399,3.0
4682,0.0,1699.098267,590.234009,1676.701294,-0.6785866494,-0.7137974046,0.1732438293,0.0179632164,134.7400550631,714.0831984831,3.0
4683,0.0,1699.449219,589.428406,1676.701294,-0.6784800324,-0.7143234781,0.1714841519,0.0176931794,134.0198933189,715.6173956773,3.0
4684,0.0,1699.824585,588.599121,1676.701294,-0.6768955271,-0.7164954839,0.1686613975,0.0170797251,131.940193267,716.9420462329,3.0
4685,0.0,1700.245483,587.825928,1676.701294,-0.6751170816,-0.7189727888,0.1652121515,0.0163681183,129.4094165188,718.1843892388,3.0
4686,0.0,1700.807861,586.906738,1676.701294,-0.6735030478,-0.7212004899,0.1620601678,0.0156712984,126.8285521823,719.2133457183,3.0
4687,0.0,1701.369019,586.040955,1676.701294,-0.6731572627,-0.7217660213,0.1609754956,0.0154320445,125.9993232504,719.9850710734,3.0
4688,0.0,1702.099243,585.024475,1676.701294,-0.6729088401,-0.7222146363,0.1599991003,0.0152420272,125.4356945292,721.1838528945,3.0
4689,0.0,1702.880615,583.978027,1676.701294,-0.6731633783,-0.7225607443,0.1573436905,0.0147871923,123.7152230125,722.065754501,3.0
4690,0.0,1703.651978,582.94696,1676.701294,-0.6735886834,-0.7230176635,0.1533745217,0.0141485354,121.1577122174,722.8063194021,3.0
4691,0.0,1704.142334,582.237061,1676.701294,-0.6732372482,-0.7239134578,0.1506682224,0.0136717235,119.1824846045,723.2280955254,3.0
4692,0.0,1704.448242,581.707214,1676.701294,-0.6733762676,-0.724180484,0.1487515674,0.0134213222,118.2027082962,723.8971894852,3.0
4693,0.0,1704.508789,581.432129,1676.701294,-0.6732446935,-0.7247330137,0.1466411997,0.0131448336,117.087493082,724.5191299062,3.0
4694,0.0,1704.472656,581.275452,1676.701294,-0.6730968517,-0.7252281947,0.1448609466,0.0129150807,116.1393010335,724.9740016302,3.0
4695,0.0,1704.307739,581.332214,1676.701294,-0.673409796,-0.7256103315,0.1414527958,0.0124999562,114.3449722354,725.452955478,3.0
4696,0.0,1704.021851,581.493286,1676.701294,-0.675301811,-0.7251026968,0.1348834427,0.0118076118,111.2271253483,725.9395804382,3.0
4697,0.0,1703.689087,581.711487,1676.701294,-0.6759480618,-0.7255501767,0.1291168422,0.0111418212,108.1125810416,726.2668727191,3.0
4698,0.0,1703.27478,581.996155,1676.701294,-0.676625926,-0.7255874443,0.1253005069,0.0108049743,106.5421867617,726.726598688,3.0
4699,0.0,1702.778931,582.369019,1676.701294,-0.6772280398,-0.7255676542,0.1221219117,0.0105538984,105.3436083212,727.0020698836,3.0
4700,0.0,1702.202026,582.64624,1676.701294,-0.6788234753,-0.7247956725,0.1177706352,0.0102645324,103.9076113951,727.0764972468,3.0
4701,0.0,1701.484009,582.879028,1676.701294,-0.6799226722,-0.7243955145,0.113825737,0.0100157339,102.6532641738,727.1207767858,3.0
4702,0.0,1700.580688,583.086487,1676.701294,-0.6811369835,-0.724172348,0.1078277333,0.0095670251,100.3135129891,726.9377183362,3.0
4703,0.0,1699.875854,583.188843,1676.701294,-0.6816408321,-0.7240787107,0.1052416114,0.0094225804,99.5234277367,726.6928099669,3.0
4704,0.0,1698.715942,583.3479,1676.701294,-0.6822040826,-0.723966677,0.1023222375,0.0093023539,98.8183148023,726.170101831,3.0
4705,0.0,1697.47583,583.468933,1676.701294,-0.6828726642,-0.7239079106,0.0981950173,0.0090803675,97.5515497613,725.5303702827,3.0
4706,0.0,1696.326538,583.542175,1676.701294,-0.6834290428,-0.7238571281,0.0946340408,0.0089116576,96.5457246216,724.7838962664,3.0
4707,0.0,1694.989136,583.614014,1676.701294,-0.6843256751,-0.7234983335,0.0908214281,0.0088024673,95.8485684087,723.9794625184,3.0
4708,0.0,1693.864136,583.637024,1676.701416,-0.6808390635,-0.7272768782,0.0867554724,0.0080863303,91.7939278408,723.2741739363,3.0
4709,0.0,1692.063843,583.680237,1676.701294,-0.6760779703,-0.7322536718,0.0819947453,0.0072598454,86.8613293937,722.1666846382,3.0
4710,0.0,1690.636475,583.676697,1676.701294,-0.6671963247,-0.741020802,0.0757445401,0.0058730899,78.056033975,721.2681560623,3.0
4711,0.0,1688.942139,583.666992,1676.701294,-0.6630333671,-0.7451726896,0.0714452009,0.0052562842,73.7478047451,720.2215749884,3.0
4712,0.0,1687.499756,583.631104,1676.701294,-0.6577279114,-0.7503697705,0.0658726204,0.0044619835,67.8752207127,719.3119418268,3.0
4713,0.0,1683.807983,583.516602,1676.701294,-0.6411214205,-0.7655729708,0.053491593,0.0026396215,52.0610146204,716.9908045468,3.0
4714,0.0,1683.038208,583.4701845,1676.701355,-0.634425216,-0.7712363756,0.0511538852,0.0021919415,47.1658423886,716.4911021517,3.0
4715,0.0,1680.640869,583.340576,1676.701416,-0.6166919644,-0.7859085607,0.0451525776,0.0012343263,35.5116299563,714.9483686302,3.0
4716,0.0,1678.809937,583.229797,1676.701294,-0.6061768478,-0.7942305062,0.0418034952,0.000916764,30.5561754474,713.7642184255,3.0
4717,0.0,1678.546631,583.213318,1676.701294,-0.6052546872,-0.7949486978,0.0415130281,0.0008968027,30.2146375991,713.5942463389,3.0
4718,0.0,1676.114746,583.036133,1676.701294,-0.6017485374,-0.7976510178,0.0406392864,0.0008465943,29.2920404641,712.014613339,3.0
4719,0.0,1675.443237,582.964966,1676.701294,-0.6017382571,-0.7976807103,0.0402063975,0.0008331868,29.0410218877,711.5676182679,3.0
4720,0.0,1674.578247,582.882324,1676.701294,-0.6017491624,-0.7976951665,0.0397538292,0.0008213771,28.811433876,710.9970066531,3.0
4721,0.0,1673.7677,582.791809,1676.701294,-0.6017506889,-0.7976976245,0.0396813331,0.0008252313,28.8565601951,710.446432676,3.0
4722,0.0,1673.227417,582.717346,1676.701294,-0.6017506889,-0.7976976245,0.0396813331,0.0008301316,28.9265472004,710.0652842197,3.0
4723,0.0,1672.551514,582.632446,1676.701294,-0.6017506889,-0.7976976245,0.0396813331,0.0008367743,29.0227759401,709.5951580011,3.0
4724,0.0,1671.934814,582.541321,1676.701294,-0.6017506889,-0.7976976245,0.0396813331,0.0008431436,29.1149270133,709.1555170957,3.0
4725,0.0,1671.477661,582.465149,1675.502441,-0.6017506889,-0.7976976245,0.0396813331,0.0007823566,28.0330747247,708.8238678622,3.0
4726,0.0,1671.059082,582.382324,1674.001343,-0.6017506889,-0.7976976245,0.0396813331,0.0007086271,26.6682638451,708.513002423,3.0
4727,0.0,1670.59314,582.297302,1672.625977,-0.6017506889,-0.7976976245,0.0396813331,0.0006461081,25.4529390348,708.1748620301,3.0
4728,0.0,1670.157349,582.20752,1671.202637,-0.6017506889,-0.7976976245,0.0396813331,0.0005848906,24.2065261022,707.853945247,3.0
4729,0.0,1669.778809,582.123108,1669.932373,-0.6009505006,-0.7984826093,0.0358332044,0.0004115464,20.2979071571,707.5735024534,3.0
4730,0.0,1669.440308,582.027771,1668.521973,-0.5974485903,-0.8012589381,0.0322381145,0.0002408769,15.5237809114,707.3120634027,3.0
4731,0.0,1669.405701,582.0189515,1668.409668,-0.5971440454,-0.8014969688,0.0319588911,0.0002295179,15.1481821714,707.2857759702,3.0
4732,0.0,1668.684326,581.822205,1665.960693,-0.5881791417,-0.8083439023,0.0250086587,5.46403e-05,7.3878667049,706.7301102213,3.0
4733,0.0,1668.293335,581.705383,1664.299805,-0.5847449445,-0.810940593,0.0211826461,3.50426e-05,5.9139562507,706.4291984444,3.0
4734,0.0,1667.815063,581.586365,1663.03125,-0.5830794381,-0.8122091719,0.0182928925,4.27215e-05,6.5265365202,706.0723783829,3.0
4735,0.0,1667.386475,581.490173,1663.03125,-0.5848502112,-0.8109427097,0.0179485956,2.2699e-05,4.7551084364,705.7400415461,3.0
4736,0.0,1666.96875,581.392029,1663.03125,-0.586751873,-0.8095672933,0.0179732357,8.3401e-06,2.8809929163,705.4127362007,3.0
4737,0.0,1666.515991,581.294312,1663.03125,-0.5883395784,-0.8084132193,0.0180168618,1.9592e-06,1.3956553701,705.0653714997,3.0
4738,0.0,1666.036865,581.196289,1663.03125,-0.5916558189,-0.8060241787,0.0163833883,9.4622e-06,3.0656014041,704.7023501587,3.0
4739,0.0,1665.610718,581.10614,1663.03125,-0.5939906214,-0.8043371751,0.0147258404,3.16347e-05,5.6027221168,704.3783482445,3.0
4740,0.0,1665.114868,581.004272,1663.03125,-0.5967710155,-0.8023061346,0.0130085145,0.0103475274,240.1724892629,1673.8492988251,1.0
4741,0.0,1664.779053,580.928528,1663.03125,-0.5980610005,-0.8013612292,0.0119674545,0.0106821458,243.7092905216,1671.8247288621,1.0
4742,0.0,1664.308105,580.856995,1663.03125,-0.5994564596,-0.8003343312,0.0108125578,0.0110630804,247.65137334,1669.5222138163,1.0
4743,0.0,1663.889648,580.806641,1663.03125,-0.6005439686,-0.7995347301,0.0095476263,0.011391102,250.9258675158,1667.2006669932,1.0
4744,0.0,1663.513184,580.754395,1663.03125,-0.6007807701,-0.7993644614,0.0088839232,0.0115654641,252.4599310081,1664.7739770134,1.0
4745,0.0,1663.087769,580.693665,1663.03125,-0.6008929937,-0.799285514,0.0083831545,0.011704763,253.6354058282,1662.6013519595,1.0
4746,0.0,1662.997314,580.680481,1663.03125,-0.6008898752,-0.7992882201,0.0083485982,0.0117283568,253.8370008211,1662.2581984412,1.0
4747,0.0,1662.337402,580.578003,1663.03125,-0.6001039402,-0.7998659102,0.0094755823,0.0117872818,253.8870649218,1658.4497496245,1.0
4748,0.0,1661.886719,580.50354,1663.03125,-0.5991298282,-0.8005774228,0.0109196623,0.0117371989,252.9554889677,1655.8652121689,1.0
4749,0.0,1661.600342,580.458618,1663.03125,-0.5987888802,-0.8008254098,0.0114254097,0.0117774441,253.0771819995,1653.8456109099,1.0
4750,0.0,1661.229004,577.210815,1659.554199,-0.5984156701,-0.801096251,0.0119784143,0.011671609,251.193249786,1648.9160365659,1.0
4751,0.0,1660.796143,577.162354,1659.531372,-0.5963881795,-0.8025372117,0.0159738306,0.0114240217,248.1754208787,1646.5622812211,1.0
4752,0.0,1660.391846,577.091003,1659.511963,-0.5948286225,-0.8036257121,0.01909515,0.0112734623,246.1834119745,1644.1543807002,1.0
4753,0.0,1660.035156,577.081726,1659.558838,-0.5930636841,-0.8048687251,0.0214895796,0.0110775252,243.7378422238,1642.073758978,1.0
4754,0.0,1659.653564,576.907166,1659.515747,-0.5909192223,-0.8063641869,0.024316061,0.0108348577,240.6890671139,1639.4921358327,1.0
4755,0.0,1659.001709,576.768677,1659.483765,-0.5787834326,-0.8145525301,0.0389090459,0.0092815174,222.2662842696,1635.1559317476,1.0
4756,0.0,1658.496582,576.719971,1659.469971,-0.5779719897,-0.8149096676,0.0432505812,0.0094084877,223.4252750709,1632.6057308633,1.0
4757,0.0,1658.23877,576.565002,1659.426514,-0.5779223316,-0.8149309182,0.0435129536,0.0094890265,224.0748522909,1630.4219059087,1.0
4758,0.0,1657.894287,576.516357,1659.430176,-0.5779223316,-0.8149309182,0.0435129536,0.0095904254,224.9321764978,1628.026329544,1.0
4759,0.0,1657.393921,576.432678,1659.423706,-0.5779223316,-0.8149309182,0.0435129536,0.0097119995,225.9644586104,1625.2787172011,1.0
4760,0.0,1657.286499,576.414795,1659.423706,-0.5779223316,-0.8149309182,0.0435129536,0.009731637,226.1355398087,1624.8753527934,1.0
4761,0.0,1656.576172,576.3573,1659.452148,-0.5779223316,-0.8149309182,0.0435129536,0.0099164334,227.6754144182,1620.7003650536,1.0
4762,0.0,1656.318237,576.192322,1659.368286,-0.5779223316,-0.8149309182,0.0435129536,0.0100039829,228.3581437985,1618.4673007639,1.0
4763,0.0,1655.884277,576.131592,1659.375732,-0.5779223316,-0.8149309182,0.0435129536,0.0101172814,229.2883358666,1615.9812139712,1.0
4764,0.0,1655.487061,576.080139,1659.369507,-0.5779223316,-0.8149309182,0.0435129536,0.0102071523,229.9694577575,1613.6670498358,1.0
4765,0.0,1655.125732,576.019409,1659.365723,-0.5779223316,-0.8149309182,0.0435129536,0.01028549,230.4918544543,1611.1935192766,1.0
4766,0.0,1654.704834,575.970703,1659.37439,-0.5779223316,-0.8149309182,0.0435129536,0.0103499962,230.9037324423,1609.0610231889,1.0
4767,0.0,1654.253784,575.930969,1659.382324,-0.5779223316,-0.8149309182,0.0435129536,0.0104161332,231.2755341295,1606.553915103,1.0
4768,0.0,1653.917236,575.787109,1659.338379,-0.5779223316,-0.8149309182,0.0435129536,0.0104653409,231.4343737302,1603.8930962242,1.0
4769,0.0,1653.553955,575.721497,1659.343872,-0.5779223316,-0.8149309182,0.0435129536,0.0105174202,231.6704272084,1601.569965151,1.0
4770,0.0,1653.093872,575.712036,1659.365845,-0.5779223316,-0.8149309182,0.0435129536,0.0105771422,231.9663161945,1599.1058109951,1.0
4771,0.0,1652.776611,575.590576,1659.371948,-0.5779223316,-0.8149309182,0.0435129536,0.0106229767,232.1126720294,1596.6774341297,1.0
4772,0.0,1652.439331,575.550293,1659.404541,-0.5779122097,-0.8149161931,0.0439212492,0.0106938057,232.5452008168,1594.3747908579,1.0
4773,0.0,1651.970459,575.473389,1659.400024,-0.5778993625,-0.8148980772,0.0444235354,0.0108050013,233.3716200756,1591.8309729921,1.0
4774,0.0,1651.736206,575.252014,1660.457764,-0.5778503666,-0.814828777,0.046292742,0.0109666427,234.7337374367,1589.3429971842,1.0
4775,0.0,1651.3125,575.24646,1662.249634,-0.5778026784,-0.8147617427,0.0480350653,0.0111634123,236.4565118472,1586.9134706469,1.0
4776,0.0,1650.904419,575.19043,1664.218262,-0.5777256693,-0.8146529408,0.0507310275,0.0114042207,238.5801496095,1584.2665152561,1.0
4777,0.0,1650.50647,575.268188,1666.477905,-0.5756059479,-0.8159645577,0.0536622153,0.0113505653,237.593764204,1581.4198191932,1.0
4778,0.0,1650.504517,575.661011,1666.909546,-0.5687096096,-0.8204561757,0.0584896882,0.0105355374,228.6181060683,1579.1165396084,1.0
4779,0.0,1651.308472,576.608887,1669.069092,-0.5600548433,-0.8261341652,0.0619751048,,,,
4780,0.0,1651.83728,577.106079,1670.685303,-0.5532799176,-0.8304915704,0.0645374637,,,,
4781,0.0,1652.62561,577.695374,1672.567383,-0.5376604512,-0.840303533,0.0693628977,,,,
4782,0.0,1653.067383,577.816956,1674.054688,-0.5210170432,-0.8503656197,0.073617617,,,,
4783,0.0,1653.322876,577.665161,1675.64563,-0.5072507037,-0.8583502764,0.077016405,,,,
4784,0.0,1653.401245,577.38031,1676.953613,-0.5031600613,-0.8606693957,0.0779624524,,,,
4785,0.0,1653.151123,576.776733,1677.61731,-0.4971521678,-0.8639507388,0.0801800659,,,,
4786,0.0,1653.344116,576.453735,1677.643555,-0.4750073132,-0.8757089778,0.0866131549,,,,
4787,0.0,1653.019043,575.548767,1677.183594,-0.4243533683,-0.9002816983,0.0970416537,,,,
4788,0.0,1653.266113,574.90863,1677.163452,-0.3524657115,-0.9297556557,0.1064064984,,,,
4789,0.0,1653.400024,573.571411,1676.800415,-0.2210722967,-0.9688940446,0.1112266606,,,,
4790,0.0,1654.199585,572.513184,1676.343872,-0.1090150535,-0.988019742,0.1092369333,,,,
4791,0.0,1655.811401,572.249634,1677.179199,0.0413677186,-0.9938828694,0.1023989932,,,,
4792,0.0,1657.243286,571.513855,1676.827271,0.1533953011,-0.9834295577,0.096623944,,,,
4793,0.0,1659.028198,571.218262,1676.633545,0.286093287,-0.9539448866,0.0902207535,,,,
4794,0.0,1660.637085,571.378662,1675.795654,0.3966672396,-0.9143000535,0.0819177221,,,,
4795,0.0,1662.11853,571.481506,1675.540283,0.4764101415,-0.8759896339,0.0753361687,,,,
4796,0.0,1663.568848,571.761658,1675.328491,0.5422976037,-0.837753457,0.0638940871,,,,
4797,0.0,1664.886963,572.164795,1675.067139,0.5731808446,-0.817616716,0.0544667332,,,,
4798,0.0,1667.982788,571.480164,1674.157959,0.5768027378,-0.8153385067,0.0502167419,,,,
4799,0.0,1668.8692015,571.487793,1673.939026,0.5768027378,-0.8153385067,0.0502167419,,,,
4800,0.0,1670.87915,571.910339,1673.807129,0.5768027378,-0.8153385067,0.0502167419,,,,
4801,0.0,1672.302856,572.411682,1673.953003,0.5768027378,-0.8153385067,0.0502167419,,,,
4802,0.0,1673.626221,572.799622,1674.095825,0.5768027378,-0.8153385067,0.0502167419,,,,
4803,0.0,1675.479614,573.134033,1674.494507,0.5768027378,-0.8153385067,0.0502167419,,,,
4804,0.0,1677.307495,573.432495,1674.616089,0.5768027378,-0.8153385067,0.0502167419,,,,
4805,0.0,1678.972168,573.616211,1674.618896,0.5768027378,-0.8153385067,0.0502167419,,,,
4806,0.0,1680.861206,573.802673,1674.644775,0.5768027378,-0.8153385067,0.0502167419,,,,
4807,0.0,1683.233154,573.935486,1674.72522,0.5768027378,-0.8153385067,0.0502167419,,,,
4808,0.0,1685.64624,573.951172,1674.807861,0.5768027378,-0.8153385067,0.0502167419,,,,
4809,0.0,1688.431274,573.823181,1674.893555,0.5768027378,-0.8153385067,0.0502167419,,,,
4810,0.0,1691.215698,573.627686,1674.970581,0.5768027378,-0.8153385067,0.0502167419,,,,
4811,0.0,1693.513306,573.462341,1675.03894,0.5768027378,-0.8153385067,0.0502167419,,,,
4812,0.0,1696.623047,573.244141,1675.219116,0.5768027378,-0.8153385067,0.0502167419,,,,
4813,0.0,1698.684937,573.135498,1675.368042,0.5768027378,-0.8153385067,0.0502167419,,,,
4814,0.0,1702.41333,572.947754,1675.69397,0.5768027378,-0.8153385067,0.0502167419,,,,
4815,0.0,1705.642212,572.709534,1675.85022,0.5768027378,-0.8153385067,0.0502167419,,,,
4816,0.0,1708.728882,572.450684,1675.984375,0.5768027378,-0.8153385067,0.0502167419,,,,
4817,0.0,1711.448608,572.15033,1676.005127,0.5768027378,-0.8153385067,0.0502167419,,,,
4818,0.0,1714.472412,571.888611,1676.087402,0.5768027378,-0.8153385067,0.0502167419,,,,
4819,0.0,1718.335938,571.471008,1676.043091,0.5768027378,-0.8153385067,0.0502167419,,,,
4820,0.0,1721.102783,571.077576,1675.880249,0.5641539858,-0.8241411039,0.0502167419,,,,
4821,0.0,1724.207886,570.612976,1675.320557,0.5371398565,-0.8419010983,0.0518007276,,,,
4822,0.0,1727.683228,570.037903,1675.039185,0.5121035022,-0.857117531,0.0556735221,,,,
4823,0.0,1731.264282,569.35498,1674.941406,0.4852111717,-0.8725982793,0.0560567729,,,,
4824,0.0,1734.027466,568.759888,1674.749878,0.4490280106,-0.8917050167,0.0568859277,,,,
4825,0.0,1737.138062,568.130371,1674.59668,0.4103786492,-0.9099559842,0.0597450508,,,,
4826,0.0,1740.583984,567.319275,1674.526611,0.3793467923,-0.9231567026,0.0622712899,,,,
4827,0.0,1744.392334,566.136902,1674.425049,0.3525186163,-0.9334616543,0.066181305,,,,
4828,0.0,1747.192139,565.299866,1674.223999,0.3330144419,-0.9403595947,0.0694637608,,,,
4829,0.0,1751.491699,563.840515,1674.242554,0.3126572363,-0.9470573482,0.0729919985,,,,
4830,0.0,1754.405151,562.818481,1674.240967,0.2903216327,-0.9540279352,0.074458367,,,,
4831,0.0,1758.580811,561.36084,1674.286377,0.2658016786,-0.9610393887,0.0758469572,,,,
4832,0.0,1762.891846,559.712036,1674.268433,0.2189781935,-0.9728233849,0.0752543189,,,,
4833,0.0,1766.39917,558.312378,1674.306274,0.1684896745,-0.9828927511,0.074384605,,,,
4834,0.0,1769.814697,556.724792,1674.281128,0.1023248103,-0.9919773018,0.07423386,,,,
4835,0.0,1772.550171,555.380188,1674.366211,0.0409541312,-0.9963995663,0.0742338426,,,,
4836,0.0,1776.392578,553.302673,1674.127808,-0.0682871542,-0.9947032757,0.0768261535,,,,
4837,0.0,1778.762451,551.60199,1673.906616,-0.1724646056,-0.9818311242,0.0791429294,,,,
4838,0.0,1783.7052,547.674438,1673.517334,-0.3766264183,-0.9225248934,0.0842636463,,,,
4839,0.0,1784.619995,546.736389,1673.349304,-0.4334780293,-0.8947681019,0.086483349,,,,
4840,0.0,1787.86377,543.809998,1672.970581,-0.5568874949,-0.8254949411,0.0918390997,,,,
4841,0.0,1789.773193,541.631226,1673.052734,-0.6058435686,-0.7899463848,0.0945424743,,,,
4842,0.0,1790.791992,540.26178,1673.0708005,-0.6197041176,-0.7787269137,0.0960773299,,,,
4843,0.0,1794.01416,535.988098,1672.853516,-0.6487507989,-0.7544094681,0.0999437611,,,,
4844,0.0,1795.651855,533.565125,1672.62915,-0.6503259017,-0.7529425986,0.1007653947,,,,
4845,0.0,1797.115234,531.109802,1672.667725,-0.6506037813,-0.7526239021,0.1013507852,,,,
4846,0.0,1799.245361,527.376038,1672.608398,-0.6505687215,-0.7525833446,0.10187565,,,,
4847,0.0,1800.989502,524.0979,1672.944946,-0.6511982511,-0.7519063966,0.102847501,,,,
4848,0.0,1801.755859,522.45343,1673.409058,-0.651221941,-0.7518811645,0.1028819621,,,,
4849,0.0,1803.540039,518.128906,1674.342651,-0.651221941,-0.7518811645,0.1028819621,,,,
4850,0.0,1804.952881,514.588257,1674.584961,-0.6505931707,-0.7524252974,0.1028819621,,,,
4851,0.0,1806.235352,511.116913,1674.94165,-0.6464698462,-0.7558515967,0.1037550082,,,,
4852,0.0,1807.200928,508.428558,1674.982178,-0.6429596551,-0.7587358615,0.1045120776,,,,
4853,0.0,1808.359863,504.561371,1675.018555,-0.6395829718,-0.761484512,0.1052376368,0.0074161649,175.9857004279,1447.7027257253,1.0
4854,0.0,1809.174438,501.366608,1674.728149,-0.6378776329,-0.7628631101,0.1056030335,0.0071860563,172.9700548384,1445.4139385552,1.0
4855,0.0,1810.34729,497.279327,1674.7948,-0.6366143794,-0.7638983277,0.1057425028,0.0069726447,170.0517434347,1442.5327806532,1.0
4856,0.0,1811.255981,493.232697,1674.223633,-0.6364939398,-0.7639986854,0.1057424855,0.0067336891,166.6339137844,1438.3156308501,1.0
4857,0.0,1811.710938,490.718445,1673.842041,-0.6364939398,-0.7639986854,0.1057424855,0.0065886471,164.5076295035,1435.454588641,1.0
4858,0.0,1812.040771,488.445343,1673.36792,-0.6364939398,-0.7639986854,0.1057424855,0.0064436433,162.3659295887,1432.5668576445,1.0
4859,0.0,1809.358032,486.656799,1676.701294,-0.6364939398,-0.7639986854,0.1057424855,0.0066373098,164.2014732114,1427.5385424455,1.0
4860,0.0,1810.091919,483.347534,1676.701294,-0.6364939398,-0.7639986854,0.1057424855,0.0065001105,162.09587963,1423.9787133702,1.0
4861,0.0,1814.340698,476.958954,1672.712891,-0.6364939398,-0.7639986854,0.1057424855,0.005944202,154.5895467875,1419.9226683116,1.0
4862,0.0,1814.695312,474.981232,1672.712891,-0.6364939398,-0.7639986854,0.1057424855,0.0058857952,153.6207018995,1417.9867040573,1.0
4863,0.0,1815.369019,470.828888,1672.952881,-0.6364939398,-0.7639986854,0.1057424855,0.0057646504,151.5066988581,1413.0487494904,1.0
4864,0.0,1816.06604,466.443237,1672.927002,-0.6364939398,-0.7639986854,0.1057424855,0.0056445652,149.4178564767,1408.2701493193,1.0
4865,0.0,1816.343262,464.25412,1673.052856,-0.6364939398,-0.7639986854,0.1057424855,0.0055951688,148.4824316202,1405.6002147746,1.0
4866,0.0,1816.9198,459.832458,1673.418823,-0.6364939398,-0.7639986854,0.1057424855,0.0055305167,147.128985431,1400.8824333912,1.0
4867,0.0,1817.281006,456.347565,1674.171509,-0.6364939398,-0.7639986854,0.1057424855,0.0055253099,146.6683444047,1397.1524742256,1.0
4868,0.0,1817.722168,452.388672,1674.757446,-0.6364939398,-0.7639986854,0.1057424855,0.0055058149,145.9404919609,1392.6712718564,1.0
4869,0.0,1818.232056,448.304901,1674.735352,-0.6364939398,-0.7639986854,0.1057424855,0.0054531084,144.7743512945,1388.18527944,1.0
4870,0.0,1818.619629,445.255157,1675.369629,-0.6364939398,-0.7639986854,0.1057424855,0.0054719473,144.6840729098,1384.9359830708,1.0
4871,0.0,1819.143066,441.248627,1675.768555,-0.6364939398,-0.7639986854,0.1057424855,0.0054739207,144.2417997451,1380.4542639975,1.0
4872,0.0,1819.703369,436.662872,1675.953003,-0.6364939398,-0.7639986854,0.1057424855,0.0054739043,143.7450072452,1375.7018027948,1.0
4873,0.0,1820.050293,433.516113,1675.958862,-0.6364939398,-0.7639986854,0.1057424855,0.0054739037,143.3958331481,1372.3601381862,1.0
4874,0.0,1820.387329,429.754089,1675.832397,-0.6364939398,-0.7639986854,0.1057424855,0.0054751488,142.9582936941,1368.0175390508,1.0
4875,0.0,1820.726685,426.415283,1675.669312,-0.6364939398,-0.7639986854,0.1057424855,0.0054804408,142.6695171644,1364.5966363091,1.0
4876,0.0,1821.191528,421.653015,1675.329712,-0.6364939398,-0.7639986854,0.1057424855,0.00549599,142.3414684446,1359.5369587479,1.0
4877,0.0,1821.520752,418.662048,1675.015015,-0.6364939398,-0.7639986854,0.1057424855,0.005507999,142.1647443505,1356.3720553395,1.0
4878,0.0,1822.125854,413.880188,1674.50647,-0.6364939398,-0.7639986854,0.1057424855,0.0055433525,142.0945852154,1351.3846477791,1.0
4879,0.0,1822.512939,410.073944,1674.611206,-0.6379542661,-0.7627797068,0.1057424855,0.0055842443,142.1824783223,1347.2743000538,1.0
4880,0.0,1823.172607,403.721527,1673.935547,-0.6437551705,-0.7578011165,0.1063802067,0.0055620533,141.1957509334,1340.5832531252,1.0
4881,0.0,1823.3225705,401.548889,1673.851929,-0.6466562966,-0.75529502,0.1065379976,0.0055401501,140.6698361515,1338.2181222739,1.0
4882,0.0,1823.472534,399.376251,1673.768311,-0.6495574228,-0.7527889234,0.1066957885,0.0055182469,140.1439213697,1335.8529914225,1.0
4883,0.0,1823.915894,392.488007,1673.945435,-0.6554853136,-0.7476329347,0.1066958232,0.0055097479,139.251014054,1328.362310812,1.0
4884,0.0,1824.00769,389.082672,1674.211792,-0.6572072465,-0.7461197224,0.1066958058,0.0055401798,139.2218434559,1324.4415791046,1.0
4885,0.0,1824.172729,385.02063,1674.47644,-0.6586109088,-0.7448809835,0.1066957885,0.0055846602,139.3414573731,1320.3046988121,1.0
4886,0.0,1824.506714,381.319977,1674.486572,-0.6599668983,-0.7436798383,0.1066957885,0.0056105877,139.2775323529,1316.6547374262,1.0
4887,0.0,1824.556274,377.637665,1675.001343,-0.6613260232,-0.7424714807,0.1066957885,0.0056799103,139.7034422606,1312.6197520987,1.0
4888,0.0,1824.545166,373.729156,1675.545898,-0.6623605109,-0.7415487592,0.1066957885,0.0057581809,140.2431664284,1308.7302721483,1.0
4889,0.0,1824.67749,370.256531,1675.785889,-0.6630354435,-0.7409453459,0.1066958058,0.0058207545,140.6394335401,1305.3752411605,1.0
4890,0.0,1824.975098,366.35083,1675.873291,-0.6631214623,-0.740868363,0.1066958058,0.0059058011,141.2690644086,1301.7716953036,1.0
4891,0.0,1825.088501,363.176025,1675.885742,-0.6631214623,-0.740868363,0.1066958058,0.0059759921,141.7835286438,1298.8397825057,1.0
4892,0.0,1825.146851,359.441162,1675.830688,-0.6634443925,-0.7405791943,0.1066958058,0.0060473033,142.2360694791,1295.3032082751,1.0
4893,0.0,1825.380005,355.08313,1675.630371,-0.6638212155,-0.7402414463,0.1066958058,0.0061206649,142.6821819606,1291.5790824106,1.0
4894,0.0,1825.539917,351.892456,1675.461182,-0.6638314607,-0.7402322587,0.1066958058,0.0061898598,143.1812685212,1288.854517707,1.0
4895,0.0,1825.553833,348.231293,1674.586914,-0.6638314607,-0.7402322587,0.1066958058,0.0062182293,143.1482906246,1285.6240534005,1.0
4896,0.0,1825.835693,344.341583,1674.614868,-0.6638314607,-0.7402322587,0.1066958058,0.0063341227,144.1222424311,1282.5124399417,1.0
4897,0.0,1825.957275,341.295593,1674.29126,-0.6638314607,-0.7402322587,0.1066958058,0.0064858695,145.5462736215,1279.9922178712,1.0
4898,0.0,1826.109985,337.318573,1673.430298,-0.6638314607,-0.7402322587,0.1066958058,0.0066733178,147.2484146609,1276.7047817759,1.0
4899,0.0,1826.279541,334.582886,1673.25354,-0.6641206128,-0.7399728486,0.1066958058,0.0068404837,148.8093517964,1274.4294244049,1.0
4900,0.0,1826.554321,330.114594,1672.988403,-0.664497708,-0.7396342346,0.1066958058,0.0070764129,150.9270542141,1270.9111503595,1.0
4901,0.0,1826.766479,326.366486,1672.887573,-0.6664032083,-0.7379178606,0.1066958058,0.0071943999,151.8159955656,1267.9080996386,1.0
4902,0.0,1826.908203,323.586639,1672.917358,-0.6686526166,-0.7358802124,0.1066957885,0.0072594599,152.2190108769,1265.5851297019,1.0
4903,0.0,1827.206055,319.048767,1673.040283,-0.6714008129,-0.7333736792,0.1066958058,0.0073825358,153.0786746174,1262.1179570215,1.0
4904,0.0,1827.462402,315.215302,1673.282715,-0.6762992897,-0.7288588886,0.1066957885,0.0073507271,152.3927944366,1259.1684979746,1.0
4905,0.0,1827.661987,311.508331,1673.289917,-0.6812540219,-0.7242299126,0.1066957885,0.0073010414,151.5314523893,1256.288933177,1.0
4906,0.0,1827.858276,308.364502,1674.216919,-0.6844240928,-0.7212348256,0.1066957711,0.0074136641,152.3914451401,1253.8210627394,1.0
4907,0.0,1828.061646,304.148895,1674.664062,-0.6875517353,-0.7182538688,0.1066957885,0.007406675,151.928775208,1250.6018183069,1.0
4908,0.0,1828.198364,300.85144,1674.541626,-0.6893560288,-0.7165223422,0.1066958232,0.0073942555,151.4910410846,1248.0415222673,1.0
4909,0.0,1828.395508,297.150146,1675.290527,-0.6914833092,-0.7144696201,0.1066958058,0.007459431,151.8061774344,1245.1824944044,1.0
4910,0.0,1828.518555,294.002258,1675.288818,-0.6949701822,-0.7110783718,0.1066958058,0.0073694215,150.5863581339,1242.669209798,1.0
4911,0.0,1828.958008,289.191467,1675.479004,-0.6990526704,-0.7070653242,0.1066957885,0.0073160847,149.6246818955,1239.2093134722,1.0
4912,0.0,1829.170288,285.610474,1675.338745,-0.7044693723,-0.7016686654,0.1066957711,0.0071480867,147.5812492953,1236.5132202266,1.0
4913,0.0,1829.279541,282.246674,1675.271606,-0.7130778215,-0.6929184893,0.1066957711,0.0069074623,144.7701802022,1233.8322578603,1.0
4914,0.0,1829.557007,277.84787,1675.088257,-0.721602904,-0.6840360088,0.1066957711,0.0067568204,142.8124586288,1230.5939188987,1.0
4915,0.0,1829.775391,273.950745,1674.849243,-0.7326136524,-0.6722300537,0.1066957885,0.0066840779,141.7061372466,1227.6649078448,1.0
4916,0.0,1829.960571,270.457336,1674.478271,-0.7422553458,-0.6615685983,0.1066957885,0.0067503769,142.1010748561,1225.0463070444,1.0
4917,0.0,1830.256348,266.743591,1673.715088,-0.750606431,-0.6520782119,0.1066957885,0.0068690762,143.0290581726,1222.3827080951,1.0
4918,0.0,1830.310547,262.646118,1673.322266,-0.7611878629,-0.6396944885,0.1066958232,0.0072451389,146.5207646186,1219.4075463693,1.0
4919,0.0,1830.2677,259.389801,1673.163696,-0.7698946101,-0.629188603,0.1066957885,0.007726259,150.9869114252,1216.9708208385,1.0
4920,0.0,1830.107666,255.343765,1673.124268,-0.7808554305,-0.6155329442,0.1066957885,0.0085593589,158.48122644,1213.8737527213,1.0
4921,0.0,1829.97168,252.872177,1673.074829,-0.7857019999,-0.6093343683,0.1066958058,0.008969344,161.9565907928,1211.9349601451,1.0
4922,0.0,1829.608154,248.222733,1673.25293,-0.7921635213,-0.6009101102,0.1066958058,0.0095490094,166.5830994435,1208.3035001136,1.0
4923,0.0,1829.390747,244.533554,1673.272095,-0.7979099809,-0.5932585134,0.1066958232,0.0101312935,171.1622769427,1205.489401035,1.0
4924,0.0,1829.013794,241.005859,1673.548828,-0.8024937658,-0.5870432359,0.1066958058,0.0106363534,174.943969761,1202.6673170878,1.0
4925,0.0,1827.98584,234.266251,1674.607178,-0.813890123,-0.5707836803,0.108576508,0.0124907307,188.6058580273,1197.0345147949,1.0
4926,0.0,1827.682373,231.039108,1674.512817,-0.8200403967,-0.5617483136,0.1094192852,0.0135516193,195.9822905551,1194.4901977749,1.0
4927,0.0,1827.4345705,229.0616375,1674.712036,-0.8252008354,-0.5539547442,0.1099548362,0.0146271069,203.1345631747,1192.89764316,1.0
4928,0.0,1826.829102,224.39592,1675.11145,-0.8376331606,-0.5349379893,0.1105080805,0.0173109504,220.2955882903,1189.0990708255,1.0
4929,0.0,1826.283081,220.546906,1675.063965,-0.8450118028,-0.5232045691,0.1105080631,0.0190006891,230.09417282,1185.9838698931,1.0
4930,0.0,1825.523193,216.822495,1674.820312,-0.8538558675,-0.5084669604,0.111317149,0.0214766139,243.8109099211,1182.7681911798,1.0
4931,0.0,1824.764893,212.963333,1674.443481,-0.8645103097,-0.4901003895,0.1114609017,0.0248029033,261.0560209481,1179.443753132,1.0
4932,0.0,1824.356445,210.316727,1674.520874,-0.8719130393,-0.476647868,0.112135908,0.0275393732,274.3851007597,1177.2788132839,1.0
4933,0.0,1823.484985,206.678055,1673.997803,-0.8860491309,-0.4495698906,0.1131541036,0.0336932992,302.193988711,1174.0549447979,1.0
4934,0.0,1823.106445,204.725708,1674.267944,-0.8995099937,-0.4218373535,0.1137322226,0.040948213,332.0348372574,1172.3120187352,1.0
4935,0.0,1822.259399,200.862152,1673.762085,-0.9122379248,-0.3934182387,0.1142105866,0.0487574996,360.562078631,1168.970933151,1.0
4936,0.0,1821.214111,197.39357,1673.679688,-0.929696602,-0.3501363395,0.1143187298,0.0624499758,405.5004351095,1165.7320191276,1.0
4937,0.0,1820.09314,194.170441,1673.35437,-0.9482459805,-0.2959293188,0.1151320925,0.0821542556,461.4796619453,1162.6010125651,1.0
4938,0.0,1819.56543,192.201828,1673.061157,-0.9630569115,-0.2421514274,0.1178306897,0.1045055066,516.6118201911,1160.7360898158,1.0
4939,0.0,1819.161011,190.659332,1672.900513,-0.9745342449,-0.1885283976,0.1214086025,0.1293231005,570.1828458124,1159.2489240659,1.0
4940,0.0,1818.308716,188.484467,1673.059937,-0.9822558145,-0.1401078247,0.1246728209,,,,
4941,0.0,1816.802368,186.164963,1672.627441,-0.9911743967,-0.0330644587,0.1283746735,,,,
4942,0.0,1816.226929,184.569427,1672.960938,-0.9908221003,0.0355860192,0.1304039905,,,,
4943,0.0,1815.479858,182.540131,1673.285034,-0.9860744094,0.1007140019,0.1323402774,,,,
4944,0.0,1815.436218,182.1320115,1673.4280395,-0.9849054616,0.1107381934,0.1326511846,,,,
4945,0.0,1814.224243,180.83371,1674.445068,-0.9469679657,0.2891953737,0.1400632281,,,,
4946,0.0,1813.647827,179.607407,1675.142334,-0.9281374463,0.3437174763,0.1428956868,,,,
4947,0.0,1813.377441,179.016418,1675.691284,-0.9178512013,0.3700266842,0.143629472,,,,
4948,0.0,1812.632446,178.115005,1676.452515,-0.9028637007,0.4048841294,0.1445890031,,,,
4949,0.0,1812.074097,177.142899,1677.221802,-0.8884280908,0.4353134198,0.1455944849,,,,
4950,0.0,1811.872192,177.026413,1678.235718,-0.8741736703,0.4629627977,0.146580497,,,,
4951,0.0,1810.900879,177.301025,1678.16394,-0.8678273372,0.4744581733,0.1475301819,,,,
4952,0.0,1810.120728,177.746719,1677.872314,-0.8640621025,0.481058723,0.1482537957,,,,
4953,0.0,1809.005005,178.442886,1677.640503,-0.8604584675,0.487121992,0.1494101423,,,,
4954,0.0,1808.058105,179.23877,1677.297852,-0.8596830935,0.4884386435,0.1495749655,,,,
4955,0.0,1807.401367,179.892685,1677.198608,-0.8593222769,0.4890731635,0.1495749483,,,,
4956,0.0,1806.587769,180.809891,1677.05542,-0.8591751895,0.489331512,0.1495749483,,,,
4957,0.0,1805.438232,182.272446,1676.93689,-0.8591751895,0.489331512,0.1495749483,,,,
4958,0.0,1804.758057,183.251068,1676.667969,-0.8591751895,0.489331512,0.1495749483,,,,
4959,0.0,1803.855713,184.679291,1676.580933,-0.8591751895,0.489331512,0.1495749483,,,,
4960,0.0,1802.940186,186.267349,1676.370972,-0.8581223197,0.4908891517,0.1505122094,,,,
4961,0.0,1802.321411,187.438202,1676.379883,-0.8558761743,0.4945735129,0.1512382712,,,,
4962,0.0,1800.843506,190.501495,1675.875732,-0.8510524586,0.5025200583,0.1522606443,,,,
4963,0.0,1800.020386,192.42804,1675.574341,-0.8472426994,0.5086578359,0.1531241797,,,,
4964,0.0,1799.6710205,193.2199175,1675.539795,-0.8456351666,0.5112244192,0.1534323684,,,,
4965,0.0,1799.321655,194.011795,1675.505249,-0.8440276339,0.5137910026,0.153740557,,,,
4966,0.0,1798.368042,196.317169,1675.447876,-0.8409418344,0.5186704446,0.1542653593,,,,
4967,0.0,1797.096802,199.495026,1675.401611,-0.8368268268,0.5249906088,0.1552601775,,,,
4968,0.0,1796.163574,201.874481,1675.390137,-0.8349499718,0.5279704745,0.1552601775,,,,
4969,0.0,1795.318359,204.105942,1675.328613,-0.8324714155,0.5316636951,0.1559649247,,,,
4970,0.0,1794.598389,206.144867,1675.25354,-0.8298422582,0.5356875399,0.1562071897,,,,
4971,0.0,1793.938599,208.19873,1675.271851,-0.8284519431,0.5378351903,0.1562071897,,,,
4972,0.0,1793.289429,210.38974,1675.340088,-0.8277755078,0.5388756973,0.1562072069,,,,
4973,0.0,1792.598022,212.506912,1675.427246,-0.8276766198,0.5390275753,0.1562071897,,,,
4974,0.0,1791.913208,214.810257,1675.532349,-0.8276766198,0.5390275753,0.1562071897,,,,
4975,0.0,1791.279541,217.17662,1675.661011,-0.8276766198,0.5390275753,0.1562071897,,,,
4976,0.0,1790.650146,219.405457,1675.693237,-0.8276766198,0.5390275753,0.1562071897,,,,
4977,0.0,1790.386475,220.446548,1675.784546,-0.8279988821,0.538532408,0.1562072241,,,,
4978,0.0,1789.787354,224.159729,1675.837524,-0.8286985063,0.537455202,0.1562072069,,,,
4979,0.0,1789.365356,225.871826,1675.892578,-0.8323093731,0.532217021,0.1549391815,,,,
4980,0.0,1789.080933,227.984634,1676.002563,-0.8416777762,0.5177666674,0.1532846998,,,,
4981,0.0,1788.47998,231.298843,1676.060791,-0.8542038765,0.4973652834,0.1515371644,,,,
4982,0.0,1787.923828,233.732285,1676.067383,-0.8794774414,0.4513497113,0.151006186,,,,
4983,0.0,1787.360718,236.02951,1676.001587,-0.9019637799,0.4047209101,0.1505401098,,,,
4984,0.0,1786.469604,238.275986,1675.935059,-0.941534283,0.3032822182,0.1467415754,,,,
4985,0.0,1785.23877,239.818802,1675.775269,-0.9600281301,0.2395126269,0.1448436774,,,,
4986,0.0,1784.003662,241.710037,1675.659302,-0.9736641893,0.177539016,0.1430312705,,,,
4987,0.0,1783.280151,242.869553,1675.602051,-0.9805380343,0.1365393755,0.1410750237,,,,
4988,0.0,1782.091797,244.030014,1675.622925,-0.9870585147,0.0810784157,0.1383538185,,,,
4989,0.0,1780.197388,246.011292,1675.876465,-0.9914891106,0.009489176,0.1298433637,,,,
4990,0.0,1778.623047,247.297318,1676.150635,-0.9917229426,-0.0468719094,0.1195350541,,,,
4991,0.0,1777.638062,247.952438,1676.392822,-0.990640233,-0.0709535983,0.1166083861,,,,
4992,0.0,1776.077026,248.833847,1676.640137,-0.9892512561,-0.0909265132,0.1145177778,,,,
4993,0.0,1774.120117,249.883881,1676.642944,-0.9882579722,-0.1023174171,0.1134783086,,,,
4994,0.0,1774.327759,251.916458,1676.701294,-0.9867873247,-0.1166690063,0.1124238353,,,,
4995,0.0,1773.348267,252.235718,1676.701416,-0.9857993817,-0.1256656336,0.1113899796,,,,
4996,0.0,1771.121094,252.922928,1676.701294,-0.9840729618,-0.1398415972,0.1097485017,,,,
4997,0.0,1769.147583,253.401077,1676.701294,-0.9822876612,-0.1533192734,0.1077225651,,,,
4998,0.0,1767.506592,253.695755,1676.701294,-0.9801386381,-0.1676036624,0.1060059547,,,,
4999,0.0,1765.857544,253.930893,1676.701294,-0.9778684056,-0.1817662813,0.1036069513,,,,
5000,0.0,1763.611084,254.128296,1676.701294,-0.9730372173,-0.2081995654,0.099254797,0.1429478412,577.8116669186,1121.4643057129,1.0
5001,0.0,1761.770508,254.171295,1676.701294,-0.9662820116,-0.2395057733,0.0945307287,0.1271338546,545.7173541531,1118.3655687908,1.0
5002,0.0,1760.129639,254.151276,1676.701416,-0.9603378104,-0.2633654174,0.0915966525,0.1156738846,520.7209525518,1115.3453453819,1.0
5003,0.0,1758.00769,254.133896,1676.701294,-0.9541126416,-0.2859647006,0.0888440043,0.1053934157,496.88931803,1111.9708422299,1.0
5004,0.0,1755.96521,254.023941,1676.701294,-0.9466626111,-0.3105733685,0.0858724845,0.0945667262,470.5067797039,1108.4084705462,1.0
5005,0.0,1752.650513,253.699432,1676.701294,-0.9296422287,-0.359121174,0.0824457942,0.0746340836,417.8514315703,1102.2919918634,1.0
5006,0.0,1750.878662,253.487167,1676.701294,-0.9168488608,-0.3910447628,0.0804497354,0.06255674,382.5170149239,1098.7508081526,1.0
5007,0.0,1749.206543,253.26445,1676.701294,-0.9054829647,-0.4169153459,0.0792602994,0.0534957152,353.4533946032,1095.3299829279,1.0
5008,0.0,1747.516113,253.012924,1676.701294,-0.894710872,-0.4396013344,0.0790134313,0.0461159319,327.7191769908,1091.7594634357,1.0
5009,0.0,1746.4962765,252.8421935,1676.701294,-0.889131914,-0.4506905738,0.0785374016,0.042737515,314.8924192112,1089.5677524951,1.0
5010,0.0,1744.258911,252.438568,1676.701294,-0.8794825065,-0.4696244249,0.0772231848,0.0370947057,292.6069228704,1084.3736570251,1.0
5011,0.0,1742.425415,252.082123,1676.701294,-0.8748099402,-0.4784242913,0.0762742813,0.0346788646,282.0968700101,1080.5604560938,1.0
5012,0.0,1740.712524,251.709274,1676.701294,-0.8714236862,-0.4845849365,0.0761459028,0.0330935488,274.6532287601,1076.5177269815,1.0
5013,0.0,1739.513916,251.427887,1676.701294,-0.869867959,-0.4874982774,0.07533368,0.0323440584,270.8173219634,1073.5063121954,1.0
5014,0.0,1738.213623,251.099258,1676.701294,-0.8667588305,-0.4931543306,0.074350091,0.030849341,263.7213756022,1069.9978724957,1.0
5015,0.0,1737.062988,250.78418,1676.701294,-0.8620238296,-0.5015306259,0.0733617648,0.028646598,253.465739235,1066.597335622,1.0
5016,0.0,1735.991821,250.477859,1676.701294,-0.8573802389,-0.5097102366,0.0713764713,0.0264875236,243.0846980285,1063.2049859604,1.0
5017,0.0,1735.166504,250.230652,1675.4646,-0.8531656985,-0.5168609896,0.0704486223,0.0246152471,233.8073043442,1060.3033325793,1.0
5018,0.0,1734.423096,249.993866,1674.138062,-0.849888931,-0.5223524688,0.0695464112,0.0231933963,226.4475954928,1057.556180856,1.0
5019,0.0,1733.63501,249.712921,1672.720093,-0.8468517747,-0.5273884469,0.0685820513,0.021902683,219.5182038558,1054.6249822115,1.0
5020,0.0,1732.902222,249.422073,1671.387939,-0.8440179106,-0.5320279417,0.067675962,0.0207378958,213.1108403768,1051.8929474232,1.0
5021,0.0,1732.0354,249.046204,1669.792236,-0.8405348366,-0.5375310185,0.0675395632,0.0194385852,205.7512667814,1048.6149256222,1.0
5022,0.0,1731.385986,248.744476,1668.593994,-0.8383282601,-0.5409659284,0.0675395632,0.0186200965,200.93278459,1046.1066492721,1.0
5023,0.0,1730.585815,248.359283,1667.128052,-0.8365878404,-0.5437582616,0.0666913651,0.0178770751,196.3552306561,1043.1072177723,1.0
5024,0.0,1729.878418,248.001953,1664.33728,-0.8356894062,-0.5451512807,0.0665830121,0.0173740217,193.0675026442,1040.2521043109,1.0
5025,0.0,1729.088135,247.59726,1665.61853,-0.8349743931,-0.5462457921,0.0665830121,0.0171488451,191.3314023681,1037.585176885,1.0
5026,0.0,1728.2323,247.145416,1667.14978,-0.8348978079,-0.5464703785,0.0656945645,0.0170400315,190.1563866202,1034.4720145691,1.0
5027,0.0,1727.404419,246.687927,1668.650757,-0.8343794397,-0.5472697078,0.0656263475,0.0168327195,188.4206446065,1031.2682975066,1.0
5028,0.0,1726.669922,246.352997,1669.953369,-0.8334561883,-0.5487795611,0.0647439223,0.0164500708,185.7946056469,1028.5552985991,1.0
5029,0.0,1725.808105,246.031204,1671.450195,-0.8323383884,-0.550482191,0.0646696574,0.0160843154,183.2056120434,1025.5949595158,1.0
5030,0.0,1725.021484,245.795242,1672.802246,-0.8308687044,-0.5528033567,0.0637624093,0.0155908406,179.9357581729,1022.9799014869,1.0
5031,0.0,1724.148682,245.591751,1674.253784,-0.8302688596,-0.5537095684,0.0637129079,0.0154662573,178.7439480244,1020.2567725193,1.0
5032,0.0,1723.401978,245.451675,1675.686768,-0.8276193226,-0.5577704474,0.0627565527,0.01470398,173.8967799195,1017.7976714954,1.0
5033,0.0,1722.547974,245.320282,1676.701294,-0.8252204825,-0.5614092447,0.0618935802,0.0140819271,169.824792877,1015.5221121622,1.0
5034,0.0,1721.76709,245.198013,1676.701294,-0.8134596743,-0.5784262396,0.0608805679,0.0111076411,150.588418668,1013.1529532304,1.0
5035,0.0,1721.125732,245.102921,1676.701294,-0.7930666015,-0.6060887601,0.0608422593,0.0072424467,121.4611733928,1011.0382500589,1.0
5036,0.0,1720.864868,245.059311,1676.701294,-0.7458057435,-0.6633006019,0.0616936341,0.0029520281,77.5100272018,1009.4931910648,1.0
5037,0.0,1720.623535,245.117065,1676.700806,-0.6830361129,-0.7276465794,0.0631832575,0.00529669,103.5941646528,1007.8452708279,1.0
5038,0.0,1720.116089,245.261337,1676.701172,-0.6206841086,-0.7813954997,0.0645934241,0.0145452596,171.0021633382,1006.2615335993,1.0
5039,0.0,1720.003296,245.832413,1676.701294,-0.4910501869,-0.8687275461,0.0646696574,0.0500634897,314.1719987605,1005.5338153509,1.0
5040,0.0,1718.800537,244.902344,1676.701416,-0.2913720093,-0.9545448952,0.0628203406,0.1380083881,508.5527695042,1003.2159352186,1.0
5041,0.0,1718.075317,244.293884,1676.701538,-0.1510074347,-0.9866406043,0.0611316014,,,,
5042,0.0,1717.410889,243.665253,1676.701416,-0.0124662153,-0.9981753295,0.0590813421,,,,
5043,0.0,1716.994141,243.172028,1676.701416,0.0582256904,-0.9967050875,0.0564689069,,,,
5044,0.0,1716.809814,242.864136,1676.70166,0.0978936878,-0.9937765958,0.0531498208,,,,
5045,0.0,1716.749268,242.586197,1676.701294,0.1266254091,-0.990673925,0.0503108357,,,,
5046,0.0,1716.936035,242.417587,1676.701294,0.1411563334,-0.9887128847,0.0502167419,,,,
5047,0.0,1717.289429,242.289398,1676.701294,0.1508133074,-0.9872859895,0.0502167419,,,,
5048,0.0,1718.199219,242.056641,1676.701172,0.1748128791,-0.9830757235,0.0547957942,,,,
5049,0.0,1718.973389,241.916138,1676.701294,0.1910679054,-0.9799256354,0.0569104969,,,,
5050,0.0,1719.827271,241.656082,1676.701294,0.2226885877,-0.9731071818,0.0589254247,,,,
5051,0.0,1720.703003,241.526215,1676.701294,0.2554563492,-0.964909993,0.0607516178,,,,
5052,0.0,1721.638672,241.490875,1676.701294,0.2672198663,-0.9616574942,0.061712291,,,,
5053,0.0,1722.76709,241.522202,1676.701294,0.2691357344,-0.9611174826,0.0617991992,,,,
5054,0.0,1723.884277,241.590958,1676.701294,0.2691528781,-0.9611126818,0.0617991992,,,,
5055,0.0,1724.865356,241.689011,1676.701294,0.2691528781,-0.9611126818,0.0617991992,,,,
5056,0.0,1726.417236,241.935135,1676.701294,0.2691528781,-0.9611126818,0.0617991992,,,,
5057,0.0,1727.766602,242.223724,1676.701294,0.2757795697,-0.9591762522,0.0626621595,,,,
5058,0.0,1729.126709,242.578613,1676.701294,0.2946548804,-0.9533816388,0.0651302715,,,,
5059,0.0,1730.985962,242.940247,1676.701294,0.3331542559,-0.9403162761,0.0693796996,,,,
5060,0.0,1732.55481,243.205353,1676.701172,0.3880135915,-0.9185738141,0.0752834702,,,,
5061,0.0,1734.628662,243.561844,1676.701294,0.4762561543,-0.8755862261,0.0808012137,0.1250578202,244.1719700432,504.2506193908,0.0
5062,0.0,1736.113403,243.876007,1676.700684,0.5420141676,-0.8363019212,0.0825817092,0.0903969677,207.6693223456,499.8317809611,0.0
5063,0.0,1738.553589,244.53537,1676.701294,0.6204977563,-0.7796159505,0.0847437559,0.0542665511,160.6444981162,494.3767899807,0.0
5064,0.0,1740.587891,245.10466,1676.701294,0.7152077475,-0.6938656155,0.0838354667,0.0212595595,100.2834601545,488.942472452,0.0
5065,0.0,1742.554199,245.641846,1676.701416,0.7628586056,-0.6416390939,0.0796619173,0.0097550547,67.4563838826,484.1221325088,0.0
5066,0.0,1744.40625,246.454285,1676.702148,0.7905008236,-0.6081393775,0.0726288195,0.004928001,47.4944776668,478.9921915232,0.0
5067,0.0,1746.559692,247.457474,1676.701416,0.8115969266,-0.5804827062,0.0659564753,0.0025535707,33.8532868009,474.0119894681,0.0
5068,0.0,1748.462646,248.278061,1676.701294,0.8217649547,-0.5667686812,0.0589543991,0.0017088506,27.4044632751,468.9643991009,0.0
5069,0.0,1749.61792,248.917328,1676.701416,0.8259126806,-0.5610894699,0.0551982853,0.0014499309,25.0389472602,465.141296914,0.0
5070,0.0,1751.666138,249.957504,1676.701294,0.8311152292,-0.553810686,0.0504103153,0.0013068759,23.5053837171,459.9145094139,0.0
5071,0.0,1753.238892,250.960724,1676.701294,0.8438115732,-0.535498736,0.0349733139,0.0013560787,23.7028117441,455.2916687422,0.0
5072,0.0,1754.040283,251.323547,1676.701294,0.8441121985,-0.5354044341,0.0285777602,0.0012314326,22.4063338922,451.6315067965,0.0
5073,0.0,1754.901489,251.892776,1676.701294,0.8443503362,-0.5353808737,0.0209721189,0.0011460573,21.4140779094,447.409996204,0.0
5074,0.0,1755.762329,252.379456,1676.700928,0.8377881729,-0.5458928871,0.0105798489,0.0005974951,15.308224213,442.901878272,0.0
5075,0.0,1756.411011,252.758759,1676.701172,0.8314322386,-0.5556234937,0.0017221853,0.000274387,10.2881754168,439.2091490071,0.0
5076,0.0,1756.689209,252.830307,1676.701294,0.82786424,-0.5609280699,-0.0007075041,0.0001603151,7.7880464457,434.9544425793,0.0
5077,0.0,1756.708862,252.827667,1676.701172,0.8276025778,-0.5613139072,-0.0008190306,0.0001535161,7.6102648494,434.3346456886,0.0
5078,0.0,1756.983398,252.919037,1676.701294,0.8255799408,-0.5642826307,-0.0016953073,0.0001156928,6.499547067,427.2947366036,0.0
5079,0.0,1757.158325,252.898026,1676.701294,0.8190386905,-0.5737087846,-0.0058184062,4.0191e-05,3.7947607851,423.262146937,0.0
5080,0.0,1757.307129,252.84787,1676.701172,0.8121549933,-0.5833560576,-0.0099988421,0.0001092371,6.2011961568,419.5534685151,0.0
5081,0.0,1757.489136,252.811722,1676.701294,0.8041722299,-0.5942133385,-0.0147489984,0.0003699232,11.296424558,415.3463549237,0.0
5082,0.0,1757.628662,252.787766,1675.439209,0.7992071573,-0.6008406796,-0.01607475,0.0006543094,14.8853478705,411.5508163801,0.0
5083,0.0,1757.740723,252.812881,1674.037109,0.799340385,-0.6006625831,-0.0161062142,0.000717413,15.4419126924,407.7362991406,0.0
5084,0.0,1757.863037,252.857147,1672.678223,0.7995907883,-0.6003292107,-0.0161062142,0.0007855253,16.0118732055,404.0474308806,0.0
5085,0.0,1757.973511,252.893677,1671.386597,0.7998784833,-0.5999469353,-0.0160650821,0.0008632683,16.6401603809,400.5561210452,0.0
5086,0.0,1758.218994,252.979446,1668.593384,0.8003381479,-0.599337219,-0.015929435,0.0010854034,18.3067322519,393.0231343698,0.0
5087,0.0,1758.279358,252.9947355,1667.8600465,0.8003306834,-0.5993662295,-0.015177407,0.0011326447,18.6007468148,391.049607696,0.0
5088,0.0,1758.469238,253.063431,1665.784302,0.8002858409,-0.5994815413,-0.0128239788,0.0012653784,19.3857348294,385.4734717693,0.0
5089,0.0,1758.602051,253.100052,1664.36499,0.7993262435,-0.6008215818,-0.009538516,0.0013311066,19.6869448957,381.6818257837,0.0
5090,0.0,1758.735107,253.137222,1663.03125,0.7984695958,-0.6020053656,-0.0059870195,0.0013751461,19.8081112755,377.8357117237,0.0
5091,0.0,1758.7456055,253.140167,1663.03125,0.7983976272,-0.6021033548,-0.0057176672,0.001366587,19.7304451801,377.5310783627,0.0
5092,0.0,1758.756104,253.143112,1663.03125,0.7983256585,-0.6022013441,-0.005448315,0.0013580279,19.6527790847,377.2264450017,0.0
5093,0.0,1759.140137,253.289383,1663.03125,0.7973408106,-0.6035099092,0.0048395522,0.0009873121,16.2632837424,366.0776734253,0.0
5094,0.0,1759.248901,253.329727,1663.03125,0.797564306,-0.6031802586,0.0080469457,0.0008688083,15.1160732374,362.7073421777,0.0
5095,0.0,1759.401123,253.411209,1663.03125,0.7978403423,-0.6027522381,0.0118544349,0.0007360805,13.7600377513,358.6921718034,0.0
5096,0.0,1759.533569,253.450226,1663.03125,0.7961571716,-0.6048031747,0.018624658,0.0006100707,12.4022168509,355.108025959,0.0
5097,0.0,1759.679321,253.473709,1663.03125,0.7928749516,-0.60871002,0.0286604723,0.0005405003,11.5431368562,351.1313327687,0.0
5098,0.0,1759.818726,253.532486,1663.03125,0.7929045982,-0.6084854573,0.032368911,0.0004711271,10.6516683703,347.0441753435,0.0
5099,0.0,1759.955811,253.613998,1663.03125,0.7932634487,-0.6078799154,0.0348584192,0.0004214096,9.974253977,343.6045985804,0.0
5100,0.0,1760.09375,253.691483,1663.03125,0.7937594035,-0.6071222356,0.0367232945,0.0003930311,9.532317538,340.0264620708,0.0
5101,0.0,1760.227783,253.762909,1663.03125,0.7946424416,-0.605839713,0.0387508988,0.0003392016,8.8136993969,338.4161843163,0.0
5102,0.0,1760.384521,253.867096,1663.03125,0.7955507347,-0.6045155025,0.0407435358,0.0002996927,8.2567309815,337.2776765952,0.0
5103,0.0,1760.527954,253.956177,1663.03125,0.7962914044,-0.6033839233,0.0429865143,0.0002802039,7.9566188797,336.1296891639,0.0
5104,0.0,1760.686157,254.052032,1663.03125,0.7968947869,-0.6023590547,0.0460680788,0.0002805603,7.931569413,334.8585989297,0.0
5105,0.0,1760.781616,254.068512,1663.03125,0.796807286,-0.6022789942,0.048560912,0.0003262444,8.5228475256,333.6826505378,0.0
5106,0.0,1760.7894895,254.0701675,1663.031311,0.7968345439,-0.6022279449,0.0487460194,0.0003289182,8.555197059,333.5883267323,0.0
5107,0.0,1760.967651,254.118347,1663.03125,0.7973907844,-0.6011129828,0.0532082589,0.0004170217,9.5703584982,331.4203442869,0.0
5108,0.0,1761.056274,254.136139,1663.03125,0.7974948371,-0.6007653452,0.0555246319,0.0004874793,10.3121590666,330.3006724499,0.0
5109,0.0,1761.170044,254.17601,1663.03125,0.7975885635,-0.6004023214,0.0580477028,0.0005763721,11.1711100955,329.0731432791,0.0
5110,0.0,1761.279297,254.210541,1663.03125,0.7975651492,-0.600222742,0.0601871485,0.0006819926,12.1057705552,327.8397853975,0.0
5111,0.0,1761.395508,254.247375,1663.03125,0.7973728612,-0.600186553,0.063028738,0.0008154349,13.1832578942,326.5138842731,0.0
5112,0.0,1761.498413,254.283691,1663.03125,0.7971703825,-0.6001466431,0.0659043861,0.0009500641,14.1793316405,325.3624986233,0.0
5113,0.0,1761.607666,254.322556,1663.03125,0.7968421027,-0.6002407131,0.0689474417,0.0011160953,15.3102556801,324.1440235022,0.0
5114,0.0,1761.712891,254.360275,1663.03125,0.7964908531,-0.6004186766,0.0714124203,0.0012959268,16.4364318539,322.9557724925,0.0
5115,0.0,1761.83252,254.405685,1663.03125,0.7960631701,-0.6006075453,0.0745252014,0.1052993599,426.9343894466,955.8240899783,3.0
5116,0.0,1761.94043,254.447266,1663.03125,0.7956706255,-0.6008703602,0.0765706591,0.1044186832,423.928517435,952.8670656046,3.0
5117,0.0,1762.056396,254.494385,1663.03125,0.7952933405,-0.6010839903,0.0787815912,0.103717882,421.229852679,949.8189884583,3.0
5118,0.0,1762.175659,254.545166,1664.332397,0.7949280337,-0.6013016663,0.0807819735,0.1032597839,419.1414359827,947.089593944,3.0
5119,0.0,1762.289917,254.598114,1665.709229,0.7947421103,-0.6013050367,0.0825665245,0.1024530198,416.1034100175,943.7188384545,3.0
5120,0.0,1762.396118,254.645462,1667.028198,0.7947251407,-0.6013035827,0.0827402689,0.1017392648,413.3936286841,940.6792171566,3.0
5121,0.0,1762.539917,254.734665,1668.473633,0.7947251407,-0.6013035827,0.0827402689,0.1011377164,410.7680170329,937.3317230021,3.0
5122,0.0,1762.562988,254.749893,1668.69812,0.7947765725,-0.6012356009,0.0827402689,0.1009679399,410.2208260584,936.8278841397,3.0
5123,0.0,1762.671387,254.741379,1671.296387,0.7969550325,-0.5983449899,0.0827402515,0.0980931313,402.1120488594,930.9645930153,3.0
5124,0.0,1762.655518,254.613144,1672.857788,0.7970252556,-0.5982514436,0.0827402689,0.0973804194,399.1934361815,927.409606934,3.0
5125,0.0,1762.629028,254.492493,1674.180298,0.7975572455,-0.5975420387,0.0827402689,0.0966002092,396.5455961126,924.7814061302,3.0
5126,0.0,1762.596069,254.369217,1675.52478,0.7985538533,-0.5960916649,0.0835851084,0.0953170124,392.5232563063,921.2316089981,3.0
5127,0.0,1762.503296,254.07019,1676.701294,0.7992496679,-0.5951428426,0.0836956702,0.0938461399,387.3471393443,915.8264235079,3.0
5128,0.0,1762.472168,253.9845425,1676.701294,0.8000601519,-0.5940512938,0.0836956702,0.0929953104,385.0190392049,914.27658192,3.0
5129,0.0,1762.390015,253.798355,1676.701294,0.8070398348,-0.5845354907,0.0836956702,0.0873951129,372.036256379,909.9741621044,3.0
5130,0.0,1762.289795,253.632416,1676.701294,0.8134508827,-0.5755803126,0.0836956702,0.0825894439,361.0120539243,907.1975633194,3.0
5131,0.0,1762.153809,253.463715,1676.701294,0.8239486705,-0.5604494806,0.0836956876,0.0752011331,344.1567801857,904.5893294434,3.0
5132,0.0,1764.093018,256.2995,1676.165649,0.8288782717,-0.5531327557,0.0836956702,,,,
5133,0.0,1763.9672245,256.0227815,1676.107971,0.8307481022,-0.5503100594,0.0836956702,,,,
5134,0.0,1763.579346,255.372589,1676.035278,0.8326691464,-0.5474094696,0.0836956702,,,,
5135,0.0,1763.246338,254.771088,1675.995483,0.8341931739,-0.5450841984,0.0836956702,,,,
5136,0.0,1762.9599,254.3900835,1676.05603,0.8349771417,-0.5438806344,0.0836956702,,,,
5137,0.0,1762.724243,253.281296,1676.057129,0.8399942634,-0.5361013611,0.0836956876,,,,
5138,0.0,1762.773529,253.22664275,1676.05221575,0.8404299254,-0.5354123823,0.0837205233,,,,
5139,0.0,1762.822815,253.1719895,1676.0473025,0.8408655874,-0.5347234035,0.0837453591,,,,
5140,0.0,1762.872101,253.11733625,1676.04238925,0.8413012495,-0.5340344247,0.0837701949,,,,
5141,0.0,1762.921387,253.062683,1676.037476,0.8417369115,-0.5333454459,0.0837950306,,,,
5142,0.0,1760.513062,250.622894,1677.329224,0.8414496584,-0.5335651225,0.0852685897,,,,
5143,0.0,1760.637573,249.739151,1677.356445,0.8398560076,-0.5360162797,0.0856062759,,,,
5144,0.0,1760.643555,248.8909,1677.368286,0.8396133212,-0.5363963426,0.0856062759,,,,
5145,0.0,1760.830688,248.166962,1677.352173,0.8393953635,-0.5367373559,0.0856062759,,,,
5146,0.0,1761.31311,247.347717,1677.287476,0.8393417191,-0.5368212404,0.0856062759,,,,
5147,0.0,1761.39563,246.79422,1677.270508,0.8393417191,-0.5368212404,0.0856062759,,,,
5148,0.0,1761.406372,246.258118,1677.225098,0.8410667019,-0.5339807677,0.0864369292,,,,
5149,0.0,1761.429321,245.593811,1677.2229,0.8432267539,-0.5303915621,0.0874838979,,,,
5150,0.0,1761.881226,245.054398,1677.157471,0.8467808053,-0.5243782074,0.0893854765,,,,
5151,0.0,1762.087036,244.407974,1677.177368,0.8719775005,-0.481283061,0.0895648025,,,,
5152,0.0,1762.25708,244.035843,1677.177124,0.8881383084,-0.4508166959,0.0893009058,,,,
5153,0.0,1762.637939,243.232056,1677.161011,0.9130536016,-0.398032946,0.0888982257,,,,
5154,0.0,1762.947632,242.724915,1677.152466,0.9278294907,-0.3624379808,0.0881541055,,,,
5155,0.0,1762.9178466667,242.549561,1677.0245363333,0.9308201939,-0.3545491305,0.0878987699,,,,
5156,0.0,1762.8880613333,242.374207,1676.8966066667,0.9338108972,-0.3466602803,0.0876434342,,,,
5157,0.0,1762.858276,242.198853,1676.768677,0.9751987993,-0.21388692,0.0569182511,,,,
5158,0.0,1762.870728,240.752945,1672.698975,0.9736749384,-0.2194306062,0.0617035113,,,,
5159,0.0,1764.163208,240.02858,1668.984131,0.9736749384,-0.2194306062,0.0617035113,,,,
5160,0.0,1764.817871,239.535858,1666.798462,0.9736749384,-0.2194306062,0.0617035113,,,,
5161,0.0,1765.157715,239.28006,1664.875977,0.9743531307,-0.2169894507,0.0595949237,,,,
5162,0.0,1765.32373,239.267532,1663.815918,0.9750483222,-0.2144438953,0.0573984774,,,,
5163,0.0,1765.370728,239.249298,1662.184814,0.9751987993,-0.21388692,0.0569182511,,,,
5164,0.0,1765.278687,239.360107,1661.154053,0.9751987993,-0.21388692,0.0569182511,,,,
5165,0.0,1765.114868,239.372589,1661.11145,0.9751987993,-0.21388692,0.0569182511,,,,
5166,0.0,1767.558472,238.083054,1660.705933,0.9755455444,-0.2124912139,0.0561994204,,,,
5167,0.0,1767.49292,238.083603,1660.523682,0.9764174257,-0.2091062189,0.0536991629,,,,
5168,0.0,1767.814087,238.000534,1660.581299,0.9769885357,-0.2065791538,0.0530891168,,,,
5169,0.0,1768.114014,237.912781,1660.614014,0.9770169701,-0.2064446313,0.0530891168,,,,
5170,0.0,1768.484497,237.795807,1660.724854,0.9767490395,-0.2076434783,0.0533432252,,,,
5171,0.0,1768.965698,237.643158,1661.080688,0.9764718425,-0.2088762411,0.0536046326,,,,
5172,0.0,1769.384521,237.388748,1661.292358,0.9753384689,-0.214003659,0.054012082,,,,
5173,0.0,1770.129883,236.90213,1661.16748,0.9741993958,-0.2191702749,0.0538509786,,,,
5174,0.0,1770.367981,236.7499085,1661.0622555,0.973759515,-0.2211574077,0.0536434789,,,,
5175,0.0,1770.606079,236.597687,1660.957031,0.9733196341,-0.2231445405,0.0534359792,,,,
5176,0.0,1768.172974,236.657104,1664.513306,0.9706191834,-0.234696671,0.0530648038,,,,
5177,0.0,1768.327026,236.418121,1663.440796,0.9686607724,-0.2426369283,0.0531378299,,,,
5178,0.0,1768.4732665,236.1975555,1663.236023,0.9673769512,-0.247714908,0.0528359088,,,,
5179,0.0,1768.803345,235.718414,1663.03125,0.9653818876,-0.255608453,0.0519820147,,,,
5180,0.0,1768.991089,235.437927,1663.03125,0.9642922751,-0.2599369306,0.0507267221,,,,
5181,0.0,1769.148438,235.212097,1663.03125,0.9637619775,-0.2620019797,0.0501778179,,,,
5182,0.0,1769.362549,234.94136,1663.03125,0.9642919661,-0.2597740341,0.0515602114,,,,
5183,0.0,1769.559814,234.709198,1663.03125,0.9653085259,-0.2556139088,0.0533008392,,,,
5184,0.0,1769.752808,234.48053,1663.03125,0.9662372798,-0.2517608211,0.0547905835,,,,
5185,0.0,1769.7732545,234.4565355,1663.03125,0.9663343543,-0.251347228,0.0549751953,,,,
5186,0.0,1770.097168,234.071075,1663.03125,0.9677704862,-0.2449861506,0.0583272838,,,,
5187,0.0,1770.265625,233.844894,1663.03125,0.9685164391,-0.2414274765,0.0607345103,,,,
5188,0.0,1770.44519,233.62587,1663.03125,0.9695583915,-0.2363845371,0.0638660796,,,,
5189,0.0,1770.631104,233.415924,1663.03125,0.9708371068,-0.230283718,0.0666687437,,,,
5190,0.0,1770.838379,233.21286,1663.03125,0.9725515194,-0.2215898124,0.0710035006,,,,
5191,0.0,1771.022461,233.022644,1663.03125,0.9736885832,-0.214877309,0.0758833643,,,,
5192,0.0,1771.192505,232.812012,1663.03125,0.9743245965,-0.2110338976,0.0784619318,,,,
5193,0.0,1771.382568,232.562561,1663.03125,0.9747673484,-0.2077507302,0.0816593568,,,,
5194,0.0,1771.563965,232.342972,1663.03125,0.9753305894,-0.2035870046,0.0853379919,,,,
5195,0.0,1771.748535,232.10762,1663.03125,0.9757134077,-0.2003064066,0.0886605291,,,,
5196,0.0,1771.905762,231.920486,1663.03125,0.9762063716,-0.1966633744,0.0913489858,,,,
5197,0.0,1772.114014,231.621063,1663.03125,0.9761065682,-0.1954247129,0.0950007851,,,,
5198,0.0,1772.266113,231.392319,1663.03125,0.9759054439,-0.1953077037,0.0972803447,,,,
5199,0.0,1772.473511,231.082367,1663.03125,0.9752721465,-0.1949734152,0.1040654011,,,,
5200,0.0,1772.513428,231.024765,1663.03125,0.9752644981,-0.1947858994,0.1044873775,,,,
5201,0.0,1772.824341,230.605316,1663.03125,0.9758000951,-0.1916593023,0.1052657888,,,,
5202,0.0,1773.001221,230.357758,1663.03125,0.9760338501,-0.190465308,0.1052658061,,,,
5203,0.0,1773.215332,230.041061,1663.03125,0.9760729909,-0.190264632,0.1052657888,,,,
5204,0.0,1773.369629,229.81131,1663.03125,0.9760729909,-0.190264632,0.1052657888,,,,
5205,0.0,1773.567139,229.515823,1663.03125,0.9754258455,-0.1903040875,0.1110350137,,,,
5206,0.0,1773.7229,229.283112,1663.03125,0.975049914,-0.1903258925,0.1142528766,,,,
5207,0.0,1773.918091,228.991196,1663.03125,0.974685954,-0.1903554225,0.1172693663,,,,
5208,0.0,1774.158936,228.630341,1663.03125,0.9743108258,-0.1905018148,0.1201144178,,,,
5209,0.0,1774.345337,228.351456,1663.03125,0.9739924404,-0.1905346762,0.1226183637,,,,
5210,0.0,1774.530396,228.074936,1663.03125,0.9736727187,-0.190565153,0.1250854078,,,,
5211,0.0,1774.711548,227.804672,1663.03125,0.9733875068,-0.1905996834,0.1272341241,,,,
5212,0.0,1774.913574,227.503738,1663.03125,0.9731290558,-0.1905623379,0.1292510584,,,,
5213,0.0,1775.12793,227.185501,1663.03125,0.9729475991,-0.1905268748,0.1306616984,,,,
5214,0.0,1775.334229,226.878204,1663.03125,0.9729446158,-0.1905263964,0.1306846085,,,,
5215,0.0,1775.528442,226.588821,1663.03125,0.9729446158,-0.1905263964,0.1306846085,,,,
5216,0.0,1775.929565,225.992401,1663.03125,0.9729446158,-0.1905263964,0.1306846085,,,,
5217,0.0,1776.171753,225.632462,1663.03125,0.9729446158,-0.1905263964,0.1306846085,,,,
5218,0.0,1776.440186,225.23317,1663.03125,0.9729446158,-0.1905263964,0.1306846085,,,,
5219,0.0,1776.699341,224.848343,1663.03125,0.9731788268,-0.1905721195,0.1288613145,,,,
5220,0.0,1776.888184,224.556747,1663.03125,0.9733170093,-0.1912996841,0.1267218615,,,,
5221,0.0,1777.180542,224.105942,1663.03125,0.9737118074,-0.1924907495,0.1217892752,,,,
5222,0.0,1777.422729,223.70874,1663.03125,0.9739447366,-0.1950610078,0.1156842829,,,,
5223,0.0,1777.702026,223.258759,1663.03125,0.9742141282,-0.1973527348,0.1093559803,,,,
5224,0.0,1777.972534,222.849533,1663.03125,0.9745883794,-0.1976490212,0.1054151561,,,,
5225,0.0,1778.246582,222.438278,1663.03125,0.9748038776,-0.1976926185,0.1033200314,,,,
5226,0.0,1778.489624,222.109329,1663.03125,0.9754573841,-0.1953282433,0.1016354717,,,,
5227,0.0,1778.712891,221.823517,1663.03125,0.9762733471,-0.1921122095,0.0999162187,,,,
5228,0.0,1778.957031,221.488312,1663.03125,0.9766879781,-0.1901015614,0.099709527,,,,
5229,0.0,1778.993347,221.4385985,1663.03125,0.9767528948,-0.1898032252,0.0996414593,,,,
5230,0.0,1779.435425,220.827957,1663.03125,0.977456738,-0.186697448,0.0986021718,,,,
5231,0.0,1779.629395,220.55304,1663.03125,0.9777013793,-0.1858276169,0.0978167146,,,,
5232,0.0,1779.864136,220.210541,1663.03125,0.9777476477,-0.1855506067,0.0978800786,,,,
5233,0.0,1780.094727,219.872925,1663.03125,0.9777776548,-0.1853704198,0.0979217306,,,,
5234,0.0,1780.322876,219.541061,1663.03125,0.977804724,-0.1850918495,0.0981780478,,,,
5235,0.0,1780.571167,219.203247,1663.03125,0.9782898703,-0.1832792392,0.0967349481,,,,
5236,0.0,1780.748535,218.952896,1663.03125,0.9785320816,-0.1826076018,0.0955480455,,,,
5237,0.0,1781.022339,218.570709,1663.03125,0.9790692456,-0.1813942916,0.0923012637,,,,
5238,0.0,1781.199097,218.316788,1663.03125,0.9792552643,-0.1811443331,0.0908067063,,,,
5239,0.0,1781.451172,217.953979,1663.03125,0.9794789447,-0.1807809009,0.0891025402,,,,
5240,0.0,1784.562378,219.534882,1659.831665,0.9794628821,-0.181079243,0.0886722637,,,,
5241,0.0,1784.829468,219.122284,1659.848755,0.9794727585,-0.1816200229,0.0874487426,,,,
5242,0.0,1785.100708,218.867462,1659.820801,0.9794383821,-0.1820375765,0.0869642247,,,,
5243,0.0,1785.325928,218.504913,1659.827515,0.9794163579,-0.1823393719,0.0865791619,,,,
5244,0.0,1785.543213,218.144699,1659.835327,0.9794063799,-0.1817040987,0.0880156999,,,,
5245,0.0,1785.5734255,218.1020965,1659.835327,0.9793956744,-0.1816329342,0.0882808842,,,,
5246,0.0,1785.603638,218.059494,1659.835327,0.9795107565,-0.1763529767,0.0972538199,,,,
5247,0.0,1786.203003,217.139786,1659.881836,0.979259766,-0.1806011482,0.0918342856,,,,
5248,0.0,1786.413452,216.893478,1659.848999,0.9790564004,-0.1798131142,0.0954767447,,,,
5249,0.0,1786.635132,216.496567,1659.862793,0.9788427112,-0.1792042061,0.0987562617,,,,
5250,0.0,1786.913574,216.242844,1659.807617,0.9788142422,-0.1791356269,0.0991620214,,,,
5251,0.0,1787.105591,215.958328,1659.834961,0.9790263395,-0.1783968615,0.0983970855,,,,
5252,0.0,1787.291504,215.669617,1659.840332,0.9793548867,-0.1770266476,0.0975990365,,,,
5253,0.0,1787.547852,215.234253,1659.864258,0.9795107565,-0.1763529767,0.0972538199,,,,
5254,0.0,1787.802612,214.797363,1659.889038,0.9795107565,-0.1763529767,0.0972538199,,,,
5255,0.0,1788.01123,214.649536,1659.834961,0.9795107565,-0.1763529767,0.0972538199,,,,
5256,0.0,1788.254272,214.253265,1659.856934,0.9795107565,-0.1763529767,0.0972538199,,,,
5257,0.0,1788.629883,213.615891,1659.87793,0.9795107565,-0.1763529767,0.0972538199,,,,
5258,0.0,1788.770264,213.362816,1659.895447,0.9795107565,-0.1763529767,0.0972538199,,,,
5259,0.0,1788.910645,213.109741,1659.912964,0.9795107565,-0.1763529767,0.0972538199,,,,
5260,0.0,1789.36731,212.570541,1659.877441,0.9795107565,-0.1763529767,0.0972538199,,,,
5261,0.0,1789.548462,212.320312,1659.895386,0.9795107565,-0.1763529767,0.0972538199,,,,
5262,0.0,1789.803223,211.901001,1659.914795,0.9795107565,-0.1763529767,0.0972538199,,,,
5263,0.0,1790.017456,211.572021,1659.82251,0.9795107565,-0.1763529767,0.0972538199,,,,
5264,0.0,1790.210571,211.286133,1659.755493,0.9795107565,-0.1763529767,0.0972538199,,,,
5265,0.0,1790.522583,210.865189,1659.86438,0.9795107565,-0.1763529767,0.0972538199,,,,
5266,0.0,1790.6875,210.631287,1659.68457,0.9795107565,-0.1763529767,0.0972538199,,,,
5267,0.0,1790.980103,210.247711,1659.787842,0.979590486,-0.1763675784,0.0964207287,,,,
5268,0.0,1791.253052,209.869995,1659.742676,0.9798511701,-0.1754820428,0.0953820583,,,,
5269,0.0,1791.427979,209.601273,1659.617676,0.9799203397,-0.1754570098,0.0947151816,,,,
5270,0.0,1791.758667,209.151276,1659.73877,0.9799506751,-0.1754623708,0.0943908406,,,,
5271,0.0,1791.976074,208.827698,1659.797485,0.9800715244,-0.1747860965,0.0943908232,,,,
5272,0.0,1792.297119,208.295547,1659.683838,0.9801184452,-0.1745227853,0.0943908406,,,,
5273,0.0,1792.505005,207.946533,1659.574219,0.9801799402,-0.1745336117,0.0937299477,,,,
5274,0.0,1792.839111,207.371658,1659.4646,0.98020709,-0.1745385697,0.0934363337,,,,
5275,0.0,1793.045776,207.075729,1659.469116,0.9802381046,-0.1745439686,0.0931002757,,,,
5276,0.0,1793.457275,206.481201,1659.490601,0.9802863444,-0.174552576,0.0925747328,,,,
5277,0.0,1793.794678,206.071381,1659.812134,0.9803777699,-0.1745688555,0.0915704262,,,,
5278,0.0,1793.938965,205.788788,1660.309448,0.9803211926,-0.1752772511,0.0908198465,,,,
5279,0.0,1794.034302,205.389847,1660.875244,0.980300389,-0.1763286117,0.0889908309,,,,
5280,0.0,1793.640381,204.420258,1662.313232,0.9800483423,-0.1792219897,0.0859344233,,,,
5281,0.0,1793.541504,204.697433,1662.224609,0.9791048063,-0.1858629009,0.082515213,,,,
5282,0.0,1793.296875,205.090576,1662.982178,0.9765544697,-0.2012389561,0.0764476956,,,,
5283,0.0,1792.869385,205.417114,1664.081055,0.9726006905,-0.2220478607,0.0688668599,,,,
5284,0.0,1792.392334,205.804321,1665.217529,0.9682153014,-0.2423614399,0.061806655,,,,
5285,0.0,1791.670532,206.480927,1667.071533,0.9587822268,-0.2794754023,0.0512849014,,,,
5286,0.0,1791.085449,206.960236,1668.341064,0.950478732,-0.3074982086,0.0451113252,,,,
5287,0.0,1790.383423,207.523605,1669.983521,0.9440846298,-0.3273779651,0.0390881025,,,,
5288,0.0,1789.903931,207.890472,1671.106934,0.9404187665,-0.3382585602,0.0345498216,,,,
5289,0.0,1789.740967,208.171524,1672.364868,0.9347736034,-0.3544384318,0.0239104248,,,,
5290,0.0,1789.194458,208.611816,1673.977783,0.9258952177,-0.377745145,0.0051624865,,,,
5291,0.0,1789.415283,208.838074,1675.248047,0.9148358016,-0.4033475119,-0.0196530095,,,,
5292,0.0,1789.911499,209.051605,1676.733276,0.9049495812,-0.4237081474,-0.0392130246,,,,
5293,0.0,1790.401367,209.269653,1677.755005,0.8970861509,-0.4379904729,-0.0583162372,,,,
5294,0.0,1790.864746,209.483383,1677.603638,0.8905515299,-0.4485835974,-0.0754369183,,,,
5295,0.0,1791.315918,209.838364,1677.469604,0.8807897415,-0.4629345603,-0.0995038903,,,,
5296,0.0,1791.858887,210.190048,1677.289307,0.8743340361,-0.4715956178,-0.1146192246,,,,
5297,0.0,1792.417358,210.649338,1677.104126,0.8689012074,-0.4787553478,-0.1257139959,,,,
5298,0.0,1793.564209,211.7453,1676.680054,0.8623227642,-0.4876915673,-0.1362218244,,,,
5299,0.0,1794.012817,212.408936,1676.526001,0.858749073,-0.4928722945,-0.1400961488,,,,
5300,0.0,1794.334839,213.113937,1676.429199,0.8559128302,-0.4971220665,-0.1424179699,,,,
5301,0.0,1794.5702515,213.603813,1676.388855,0.8539965001,-0.4999261785,-0.1440472284,,,,
5302,0.0,1795.163452,214.90358,1676.250732,0.8500441272,-0.5056510015,-0.147451845,,,,
5303,0.0,1795.526855,215.677658,1676.207153,0.8482352221,-0.5082226233,-0.1490193717,,,,
5304,0.0,1796.214478,216.921158,1676.08252,0.8461633741,-0.5112529073,-0.1504260918,,,,
5305,0.0,1796.844238,218.152756,1676.03125,0.8444374901,-0.5137978501,-0.1514499736,,,,
5306,0.0,1797.392822,219.230087,1676.047852,0.8417621188,-0.5177128467,-0.1530030841,,,,
5307,0.0,1798.224487,220.720383,1676.086426,0.8374716243,-0.5245190438,-0.1533657431,,,,
5308,0.0,1799.121094,222.233017,1676.176147,0.8281826318,-0.5390662964,-0.1533657604,,,,
5309,0.0,1799.724731,223.428986,1676.266113,0.8067404368,-0.5704341316,-0.1541906908,,,,
5310,0.0,1800.718872,224.975586,1676.316772,0.7668939864,-0.6229219755,-0.1544079859,,,,
5311,0.0,1801.390991,226.126236,1676.346558,0.6840068566,-0.714049356,-0.1492251233,,,,
5312,0.0,1801.568726,227.01268,1676.298218,0.5285182819,-0.8381455354,-0.1348350372,,,,
5313,0.0,1801.730225,227.769211,1676.186279,0.3921201265,-0.9118563028,-0.1214902856,,,,
5314,0.0,1802.244873,229.103088,1676.30127,0.2034599993,-0.9735898367,-0.1035705486,,,,
5315,0.0,1802.749268,230.385361,1676.732788,-0.0327668389,-0.9961453591,-0.0813680392,,,,
5316,0.0,1803.432129,230.985626,1676.779907,-0.1456786345,-0.9868473481,-0.0700717272,,,,
5317,0.0,1804.09314,231.211426,1676.404175,-0.3652932413,-0.9297106251,-0.0468935118,,,,
5318,0.0,1804.531982,231.372131,1676.125122,-0.4782460535,-0.8776355168,-0.0321964577,,,,
5319,0.0,1805.233887,231.808548,1676.052979,-0.5791951738,-0.8150492614,-0.0150881479,,,,
5320,0.0,1806.489136,232.413971,1676.141113,-0.6650054963,-0.7468290688,0.0037459216,,,,
5321,0.0,1807.220215,232.66951,1676.219238,-0.7160492403,-0.6978071014,0.0184047493,,,,
5322,0.0,1808.31311,232.898209,1676.327759,-0.7949303284,-0.6048028959,0.0479502877,,,,
5323,0.0,1809.368408,233.001541,1676.562744,-0.8551616166,-0.5124437292,0.0781027144,,,,
5324,0.0,1809.544067,232.581879,1676.316162,-0.8801565985,-0.4656995482,0.0919145961,,,,
5325,0.0,1809.672241,232.222961,1676.136108,-0.9101621782,-0.3993103228,0.110254594,,,,
5326,0.0,1809.567871,231.635406,1675.830322,-0.9445246757,-0.2998460758,0.134035323,,,,
5327,0.0,1809.440186,231.268158,1675.723511,-0.9619339486,-0.2300473306,0.1475171316,,,,
5328,0.0,1809.21228,230.547791,1675.515259,-0.9722188912,-0.1728770922,0.1578098176,,,,
5329,0.0,1808.72937,229.947861,1675.236206,-0.9783597979,-0.1245846215,0.165199207,,,,
5330,0.0,1808.530029,229.278702,1675.520874,-0.9804613728,-0.1016408472,0.1684180351,,,,
5331,0.0,1808.190552,228.802277,1675.884277,-0.9809422524,-0.0965732368,0.1685998439,,,,
5332,0.0,1807.768188,228.249588,1676.153198,-0.9811307688,-0.0946388252,0.1685998439,,,,
5333,0.0,1807.160645,227.642975,1676.249878,-0.9809441449,-0.0953230274,0.1692988633,,,,
5334,0.0,1806.16394,227.071548,1675.990845,-0.9804914029,-0.0994543836,0.1695447857,,,,
5335,0.0,1805.076538,226.540787,1675.791138,-0.9801346903,-0.1029104768,0.1695447513,,,,
5336,0.0,1804.277832,226.19751,1675.685181,-0.9798392894,-0.1056860644,0.1695447513,,,,
5337,0.0,1803.057739,225.787857,1675.599487,-0.9795110305,-0.1098535457,0.1687908162,,,,
5338,0.0,1801.86084,225.584045,1675.499634,-0.9793708761,-0.1113857507,0.1685998267,,,,
5339,0.0,1800.111328,225.683197,1675.040527,-0.979234843,-0.1139780529,0.1676547816,,,,
5340,0.0,1799.015869,225.894775,1674.974609,-0.9789586105,-0.117408922,0.1668987239,,,,
5341,0.0,1798.435608,226.0690915,1674.944641,-0.978711903,-0.1213075024,0.1655001054,,,,
5342,0.0,1796.928589,226.514862,1674.923218,-0.9777386053,-0.1333813199,0.1619772922,,,,
5343,0.0,1796.125061,226.775131,1674.9209595,-0.9771762147,-0.1388026805,0.1607145274,,,,
5344,0.0,1794.093262,227.414215,1674.937866,-0.974700284,-0.1601014203,0.1559708035,,,,
5345,0.0,1792.525757,227.866089,1674.973145,-0.9709006639,-0.1856881851,0.1512342514,,,,
5346,0.0,1790.669312,228.432343,1674.996094,-0.9651734195,-0.2166872524,0.1465841226,,,,
5347,0.0,1788.702271,229.132004,1674.988037,-0.9598679318,-0.241239781,0.1430276949,,,,
5348,0.0,1787.30481,229.651047,1674.951782,-0.9555728702,-0.2586043321,0.1414365201,,,,
5349,0.0,1785.312744,230.376724,1674.918457,-0.9499524449,-0.2796017747,0.1393312599,,,,
5350,0.0,1784.052734,230.971588,1674.982788,-0.9479214823,-0.2868038375,0.1385222804,,,,
5351,0.0,1781.820312,231.966705,1675.01001,-0.9455850454,-0.2953520478,0.1365140641,,,,
5352,0.0,1779.824097,232.895142,1674.989746,-0.9448358924,-0.297842268,0.1362905715,,,,
5353,0.0,1778.466309,233.533005,1674.983276,-0.9441125261,-0.3004211571,0.1356416841,,,,
5354,0.0,1776.505859,234.41774,1674.962402,-0.9414303616,-0.3102670691,0.1320727834,,,,
5355,0.0,1774.083374,235.507416,1674.934082,-0.938224191,-0.3215594495,0.1278080118,,,,
5356,0.0,1772.348877,236.243301,1674.992554,-0.9368739438,-0.3260883643,0.1262283332,,,,
5357,0.0,1769.884033,237.248154,1675.027832,-0.9349847096,-0.3326764829,0.1230038637,,,,
5358,0.0,1768.190063,237.914703,1675.121582,-0.9334847852,-0.3376698141,0.1207694189,,,,
5359,0.0,1765.419312,238.708206,1675.153442,-0.9312568471,-0.3452427543,0.116482296,,,,
5360,0.0,1763.413574,239.025238,1674.678955,-0.9279939952,-0.3551322635,0.1127307427,,,,
5361,0.0,1761.354492,239.311081,1673.701538,-0.9222178921,-0.3718784641,0.1059271803,,,,
5362,0.0,1759.219971,239.476807,1672.34668,-0.9152259232,-0.3907392187,0.0984092088,,,,
5363,0.0,1756.806641,239.663574,1670.737183,-0.9061722351,-0.4137373133,0.0875974652,,,,
5364,0.0,1755.367432,239.829514,1670.800659,-0.9019977415,-0.4238318564,0.0822595392,,,,
5365,0.0,1753.304077,240.266815,1668.627075,-0.8915006887,-0.4477886295,0.0686430287,,,,
5366,0.0,1751.590332,240.859558,1665.682495,-0.8861060068,-0.45927739,0.0622930467,,,,
5367,0.0,1750.186401,241.237167,1663.827515,-0.8808779617,-0.4698403061,0.0574813308,,,,
5368,0.0,1748.477417,241.775101,1661.852173,-0.8761437524,-0.4790125076,0.0540290915,,,,
5369,0.0,1746.518921,242.295959,1660.080566,-0.8719354672,-0.4868743327,0.0517873066,,,,
5370,0.0,1744.66333,242.967194,1657.775146,-0.8692320821,-0.4918187123,0.0504969477,,,,
5371,0.0,1742.923096,243.746368,1657.104126,-0.8669853711,-0.4958642526,0.0495480497,,,,
5372,0.0,1741.742676,243.699493,1657.314453,-0.862299253,-0.5040568238,0.0486489121,,,,
5373,0.0,1740.614624,243.635925,1657.547485,-0.8586922616,-0.5103326988,0.0469908112,,,,
5374,0.0,1739.781494,243.742828,1657.703369,-0.8545089579,-0.5174613631,0.0452568067,,,,
5375,0.0,1738.738281,243.841843,1657.821777,-0.8474236362,-0.5292655085,0.0418473693,,,,
5376,0.0,1738.28418,243.543457,1658.257568,-0.8416826452,-0.5386178985,0.0382241302,,,,
5377,0.0,1738.088867,243.385696,1661.319702,-0.8380726711,-0.5443538886,0.0362359217,,,,
5378,0.0,1738.32312,243.54509,1661.825439,-0.8349307364,-0.5493756877,0.0328179724,,,,
5379,0.0,1738.566284,243.823105,1662.278442,-0.8322875717,-0.5535408306,0.029831977,,,,
5380,0.0,1738.539185,243.835373,1662.254395,-0.8324576988,-0.5532860061,0.0298123333,,,,
5381,0.0,1738.5298465,243.863663,1662.2225955,-0.8325007729,-0.5532217858,0.0298012205,,,,
5382,0.0,1738.520508,243.891953,1662.190796,-0.832543847,-0.5531575655,0.0297901077,,,,
5383,0.0,1738.476929,243.907501,1662.302002,-0.832967734,-0.5525350332,0.0294922237,,,,
5384,0.0,1738.312134,243.689056,1662.101074,-0.8331634221,-0.5522342516,0.0295980317,,,,
5385,0.0,1738.252563,243.751907,1662.092407,-0.8331826874,-0.5522195398,0.0293289839,,,,
5386,0.0,1738.196228,243.7737425,1662.1021725,-0.8331849692,-0.5522210521,0.029235387,,,,
5387,0.0,1738.139893,243.795578,1662.111938,-0.8331872511,-0.5522225645,0.0291417901,,,,
5388,0.0,1737.981812,243.502182,1662.035889,-0.8332312485,-0.5521517646,0.0292252511,,,,
5389,0.0,1737.828979,243.44664,1661.981323,-0.8331506974,-0.5522472077,0.0297142544,,,,
5390,0.0,1737.663696,243.395172,1661.940674,-0.832823058,-0.5527307265,0.0299081615,,,,
5391,0.0,1737.543335,243.350143,1661.920166,-0.8327974443,-0.5527693177,0.0299081615,,,,
5392,0.0,1737.418335,243.063126,1661.824097,-0.8327974443,-0.5527693177,0.0299081615,,,,
5393,0.0,1737.302002,242.981659,1661.798828,-0.8327974443,-0.5527693177,0.0299081615,,,,
5394,0.0,1737.056396,242.907669,1661.693481,-0.8327974443,-0.5527693177,0.0299081615,,,,
5395,0.0,1737.021606,242.820358,1661.734497,-0.8327974443,-0.5527693177,0.0299081615,,,,
5396,0.0,1737.037842,242.688538,1661.722778,-0.8327974443,-0.5527693177,0.0299081615,,,,
5397,0.0,1736.792603,242.64856,1661.700317,-0.8327974443,-0.5527693177,0.0299081615,,,,
5398,0.0,1736.680664,242.552811,1661.715332,-0.8327974443,-0.5527693177,0.0299081615,,,,
5399,0.0,1736.608765,242.517807,1661.739746,-0.8327974443,-0.5527693177,0.0299081615,,,,
5400,0.0,1736.495117,242.500443,1661.760742,-0.8327974443,-0.5527693177,0.0299081615,,,,
5401,0.0,1736.396973,242.245667,1661.702148,-0.8327974443,-0.5527693177,0.0299081615,,,,
5402,0.0,1736.234497,242.163895,1661.683838,-0.8327974443,-0.5527693177,0.0299081615,,,,
5403,0.0,1736.109863,242.101608,1661.672241,-0.8327974443,-0.5527693177,0.0299081615,,,,
5404,0.0,1735.997314,242.070282,1661.672607,-0.8327974443,-0.5527693177,0.0299081615,,,,
5405,0.0,1735.83667,242.0233,1661.682007,-0.8327974443,-0.5527693177,0.0299081615,,,,
5406,0.0,1735.732666,241.756149,1661.615112,-0.8327974443,-0.5527693177,0.0299081615,,,,
5407,0.0,1735.612305,241.68219,1661.626587,-0.8327974443,-0.5527693177,0.0299081615,,,,
5408,0.0,1735.485229,241.615936,1661.623047,-0.8324273189,-0.5533265406,0.0299081615,,,,
5409,0.0,1735.325073,241.568359,1661.638428,-0.8322446274,-0.5535525369,0.0307972238,,,,
5410,0.0,1735.214966,241.530914,1661.637573,-0.8322065627,-0.5535272188,0.0322467843,,,,
5411,0.0,1735.157837,241.490723,1661.637573,-0.8321136231,-0.5536201381,0.033040294,,,,
5412,0.0,1734.947632,241.225891,1661.577271,-0.8315695309,-0.5542542147,0.0359775024,,,,
5413,0.0,1734.765991,241.108612,1661.550537,-0.830937944,-0.5548603874,0.0408911199,,,,
5414,0.0,1734.640625,241.007675,1661.518311,-0.8303784726,-0.5554036747,0.0447029117,,,,
5415,0.0,1734.450928,240.948517,1661.500366,-0.82964548,-0.556240252,0.0478033426,,,,
5416,0.0,1734.312256,240.701935,1661.479126,-0.8289291757,-0.5570386262,0.050836902,,,,
5417,0.0,1734.207275,240.639999,1661.486206,-0.8288338143,-0.5570331941,0.0524264145,,,,
5418,0.0,1734.065918,240.594238,1661.467407,-0.8287852361,-0.5570005461,0.0535296564,,,,
5419,0.0,1733.934692,240.610703,1661.628418,-0.8285109645,-0.5572990488,0.0546566733,,,,
5420,0.0,1733.787842,240.388748,1661.902588,-0.8281872427,-0.5576815063,0.0556527501,,,,
5421,0.0,1734.029907,240.563675,1662.300049,-0.8272675413,-0.5591001189,0.055095119,,,,
5422,0.0,1734.161804,240.492798,1662.362732,-0.8271948276,-0.5592215708,0.0549537257,,,,
5423,0.0,1734.293701,240.421921,1662.425415,-0.8271221138,-0.5593430227,0.0548123324,,,,
5424,0.0,1734.520142,240.665176,1662.854004,-0.8245189256,-0.5634245295,0.0521664723,,,,
5425,0.0,1734.5178835,240.791046,1662.739319,-0.8229990698,-0.5656462864,0.0520533452,,,,
5426,0.0,1734.450806,240.989517,1662.67749,-0.8140234343,-0.578505025,0.0519402008,,,,
5427,0.0,1734.414917,240.745804,1662.487305,-0.8023197251,-0.594468424,0.0537619912,,,,
5428,0.0,1734.432983,240.234406,1662.204346,-0.7891358378,-0.6115546291,0.0571451231,,,,
5429,0.0,1734.706421,239.508102,1662.599121,-0.7594792294,-0.6471391906,0.0663488366,,,,
5430,0.0,1734.91272,239.0372925,1663.385925,-0.7345236185,-0.6735701096,0.0735222883,,,,
5431,0.0,1735.799805,237.66713,1665.470947,-0.6186875231,-0.7796968022,0.0964294842,,,,
5432,0.0,1736.970703,236.862259,1667.020386,-0.5140902339,-0.8509943618,0.1073304596,,,,
5433,0.0,1738.68396,236.262238,1668.628052,-0.355501483,-0.9273473958,0.1168139675,,,,
5434,0.0,1739.814697,236.032333,1669.613403,-0.2403467541,-0.9631318286,0.1208739779,,,,
5435,0.0,1741.01062,236.047073,1671.328613,-0.1272408762,-0.9843601652,0.1218393396,,,,
5436,0.0,1741.641968,236.120178,1672.872314,-0.0799653262,-0.9897952289,0.1179446969,,,,
5437,0.0,1741.927856,235.982849,1673.979126,-0.0679820341,-0.9910427329,0.1149467035,,,,
5438,0.0,1742.284912,235.870346,1675.631226,-0.0629106808,-0.9916809479,0.1122993489,,,,
5439,0.0,1742.453735,235.345276,1676.625488,-0.0634694074,-0.9916539819,0.1122230572,,,,
5440,0.0,1742.778442,234.984024,1676.633423,-0.0645866089,-0.991581845,0.1122230572,,,,
5441,0.0,1743.076538,234.544144,1676.206543,-0.0647426978,-0.9916694205,0.1113559319,,,,
5442,0.0,1743.31604,234.359756,1675.98584,-0.0615274857,-0.9920278423,0.1099778548,,,,
5443,0.0,1743.748535,234.514847,1676.270874,-0.0552373427,-0.9925531465,0.1085683535,,,,
5444,0.0,1744.249146,234.418213,1676.125854,-0.0431522877,-0.9933551432,0.1066932028,,,,
5445,0.0,1744.77832,234.208603,1675.79126,-0.0301866332,-0.9939434533,0.1056654096,,,,
5446,0.0,1745.448486,233.799759,1675.563843,-0.0108079976,-0.9942602374,0.1064413803,,,,
5447,0.0,1746.17688,233.250946,1675.518311,0.0073063535,-0.9939823772,0.1092961621,,,,
5448,0.0,1746.759521,232.81485,1675.50708,0.0226536667,-0.9933638861,0.1127608138,,,,
5449,0.0,1747.665527,232.083786,1675.495239,0.0422780336,-0.992212954,0.1171581059,,,,
5450,0.0,1748.58667,231.266006,1675.480835,0.0568095773,-0.9911098391,0.1203077668,,,,
5451,0.0,1749.645996,230.333481,1675.459595,0.0714134387,-0.9897803364,0.1234301681,,,,
5452,0.0,1750.683716,229.316086,1675.386475,0.0795457124,-0.9889076462,0.1254358282,,,,
5453,0.0,1751.561768,228.504181,1675.415039,0.0882524556,-0.9879774813,0.1269330549,,,,
5454,0.0,1752.973511,227.28299,1675.401978,0.1071245942,-0.9858252569,0.1291235228,,,,
5455,0.0,1754.427368,226.177887,1675.405518,0.1438768514,-0.980995416,0.1301823544,,,,
5456,0.0,1756.091431,224.95018,1675.478149,0.1836994341,-0.9743075879,0.1303044212,,,,
5457,0.0,1757.535889,223.996902,1675.542114,0.223515462,-0.9661588984,0.1287548882,,,,
5458,0.0,1758.989746,223.041809,1675.607666,0.2633601157,-0.9563938296,0.1263023835,,,,
5459,0.0,1760.567627,221.868042,1675.627319,0.3075382343,-0.9436096552,0.1225604055,,,,
5460,0.0,1762.039551,220.754684,1675.595459,0.3535986495,-0.9279377457,0.11789629,,,,
5461,0.0,1763.712769,219.551544,1675.510986,0.4244470471,-0.8986206651,0.1110207384,,,,
5462,0.0,1765.174438,218.46994,1675.388184,0.4846895084,-0.8684900603,0.1039283198,,,,
5463,0.0,1767.197754,216.724686,1675.163086,0.5541896105,-0.8270369241,0.0942539218,,,,
5464,0.0,1768.34668,215.615265,1675.022583,0.5887925364,-0.8034209507,0.0885331865,,,,
5465,0.0,1768.928955,214.9801865,1674.95813,0.6009996532,-0.7944219565,0.0863623991,,,,
5466,0.0,1769.51123,214.345108,1674.893677,0.61320677,-0.7854229624,0.0841916117,,,,
5467,0.0,1771.471313,212.044952,1674.730469,0.6386393934,-0.7652899663,0.080442481,,,,
5468,0.0,1772.805908,210.462936,1674.597534,0.6525039955,-0.7536566907,0.0789944841,,,,
5469,0.0,1773.496399,209.670021,1674.5391235,0.6608043889,-0.7463164488,0.0789083945,,,,
5470,0.0,1775.21582,207.705078,1674.429565,0.6799298634,-0.7291032109,0.0781273875,,,,
5471,0.0,1776.657349,206.053284,1674.230225,0.6905842391,-0.719133912,0.0770702624,,,,
5472,0.0,1778.068604,204.419617,1674.103027,0.69579204,-0.714207038,0.0760377799,,,,
5473,0.0,1779.282593,202.828522,1674.223999,0.7006285989,-0.7094719517,0.0759546989,,,,
5474,0.0,1780.099731,201.619522,1674.473267,0.7042237925,-0.7059737979,0.0752983852,,,,
5475,0.0,1781.293213,199.629242,1674.755005,0.7080308305,-0.7021876812,0.0749986894,,,,
5476,0.0,1782.285034,197.739243,1675.005981,0.7109464059,-0.6993296583,0.0741163748,,,,
5477,0.0,1783.191284,195.794205,1675.222412,0.7124624286,-0.6977929328,0.0740426284,,,,
5478,0.0,1783.817139,194.300613,1675.340576,0.7124963457,-0.697758301,0.0740426284,,,,
5479,0.0,1784.549561,192.406982,1675.381226,0.7129848812,-0.697259097,0.0740426284,,,,
5480,0.0,1785.227051,190.472397,1675.374512,0.7146024701,-0.6956011799,0.074042611,,,,
5481,0.0,1785.933105,188.315079,1675.305542,0.7183531302,-0.691727166,0.074042611,,,,
5482,0.0,1786.62085,186.15007,1675.20813,0.724773111,-0.684908279,0.0748637892,,,,
5483,0.0,1787.21106,184.179382,1675.144165,0.7298513609,-0.6793941004,0.0757670597,,,,
5484,0.0,1787.776489,182.158279,1675.071411,0.7342754958,-0.6745067667,0.0766819273,,,,
5485,0.0,1788.548828,179.503571,1674.903809,0.7402615082,-0.6677984157,0.0778342821,,,,
5486,0.0,1789.091187,177.499054,1674.970703,0.7426332186,-0.6651561564,0.0778664901,,,,
5487,0.0,1789.634277,175.328537,1675.14856,0.743465306,-0.6641332606,0.0786533595,,,,
5488,0.0,1790.147095,172.97876,1675.412598,0.7453151971,-0.6620364824,0.0788222875,,,,
5489,0.0,1790.575439,170.659393,1675.615967,0.7472984612,-0.6596872933,0.0797350923,,,,
5490,0.0,1790.966797,168.521667,1675.894409,0.7485443199,-0.6582680836,0.0797780124,,,,
5491,0.0,1791.354492,166.261047,1675.995972,0.7504250715,-0.6561232207,0.0797780124,,,,
5492,0.0,1791.573853,164.768356,1676.195435,0.7525135797,-0.6537268377,0.0797780298,,,,
5493,0.0,1792.031494,161.776581,1676.343506,0.7573706811,-0.648093448,0.0797780298,,,,
5494,0.0,1792.307373,160.155014,1676.384521,0.7609332106,-0.643906917,0.0797780124,,,,
5495,0.0,1792.775269,157.287125,1676.474609,0.7689507329,-0.634068256,0.0816836402,,,,
5496,0.0,1793.047607,155.63826,1676.586182,0.7724701095,-0.6297751985,0.081689224,,,,
5497,0.0,1793.4375,153.326752,1676.727539,0.7786320652,-0.6220476089,0.0823946561,,,,
5691,0.0,1170.039185,1800.979492,1765.599365,1.0,0.0,0.0,,,,
5692,0.0,1170.090332,1801.037109,1765.517212,1.0,0.0,0.0,,,,
5693,0.0,1170.029541,1800.994995,1765.554077,1.0,0.0,0.0,,,,
5694,0.0,1168.030518,1800.231079,1766.853271,0.9999963141,0.0020054833,0.0018302385,,,,
5695,0.0,1170.019043,1800.889038,1765.559082,0.999456413,0.024342234,0.0222336275,,,,
5696,0.0,1170.069946,1800.815796,1765.516968,0.9974536855,0.0526326723,0.0481242879,,,,
5697,0.0,1170.259766,1800.857788,1765.427856,0.9942244614,0.0791675615,0.0724583846,,,,
5698,0.0,1169.994995,1800.656982,1765.489624,0.9939687993,0.0808932331,0.0740426284,,,,
5699,0.0,1169.805908,1800.510254,1765.517212,0.9939687993,0.0808932331,0.0740426284,,,,
5700,0.0,1169.676758,1800.408936,1765.524658,0.9939687993,0.0808932331,0.0740426284,,,,
5701,0.0,1169.569336,1800.322266,1765.52124,0.9939687993,0.0808932331,0.0740426284,,,,
5702,0.0,1169.487061,1800.20752,1765.495483,0.9939687993,0.0808932331,0.0740426284,,,,
5703,0.0,1169.454956,1800.139038,1765.465698,0.9939687993,0.0808932331,0.0740426284,,,,
5704,0.0,1169.442505,1800.078247,1765.425903,0.9939687993,0.0808932331,0.0740426284,,,,
5705,0.0,1169.441162,1800.095459,1765.441528,0.9939687993,0.0808932331,0.0740426284,,,,
5706,0.0,1169.515015,1800.068848,1765.353516,0.9939687993,0.0808932331,0.0740426284,,,,
5707,0.0,1169.511108,1800.068237,1765.356201,0.9939687993,0.0808932331,0.0740426284,,,,
5708,0.0,1169.64563,1800.130859,1765.291504,0.9939687993,0.0808932331,0.0740426284,,,,
5709,0.0,1169.705566,1800.1698,1765.273193,0.9939687993,0.0808932331,0.0740426284,,,,
5710,0.0,1169.671997,1800.293823,1765.345947,0.9998087672,0.014441697,0.0131858422,,,,
5711,0.0,1169.7331545,1800.3607175,1765.3497925,0.9999043836,0.0072208485,0.0065929211,,,,
5712,0.0,1169.794312,1800.427612,1765.353638,1.0,0.0,0.0,,,,
5713,0.0,1169.837402,1800.463013,1765.351807,1.0,0.0,0.0,,,,
5714,0.0,1169.992676,1800.604126,1765.362183,1.0,0.0,0.0,,,,
5715,0.0,1170.0193485,1800.64032,1765.374268,1.0,0.0,0.0,,,,
5716,0.0,1170.053833,1800.702881,1765.403442,1.0,0.0,0.0,,,,
5717,0.0,1170.052002,1800.759888,1765.446655,1.0,0.0,0.0,,,,
5718,0.0,1170.06189,1800.748657,1765.434082,1.0,0.0,0.0,,,,
5719,0.0,1172.81897,1800.565674,1763.430176,1.0,0.0,0.0,,,,
5720,0.0,1172.855103,1800.578247,1763.368774,1.0,0.0,0.0,,,,
5721,0.0,1172.467651,1800.473633,1764.039429,1.0,0.0,0.0,,,,
5722,0.0,1172.385742,1800.463379,1764.182129,1.0,0.0,0.0,,,,
5723,0.0,1172.385742,1800.463379,1764.182129,1.0,0.0,0.0,,,,
5724,0.0,1171.86377,1800.419067,1765.081543,1.0,0.0,0.0,,,,
5725,0.0,1171.355591,1800.416382,1765.947754,1.0,0.0,0.0,,,,
5726,0.0,1170.901489,1800.398315,1766.709595,1.0,0.0,0.0,,,,
5727,0.0,1170.672485,1800.387573,1767.085571,1.0,0.0,0.0,,,,
5728,0.0,1170.560913,1800.373169,1767.26123,1.0,0.0,0.0,,,,
5729,0.0,1170.091431,1800.313843,1767.98938,1.0,0.0,0.0,,,,
5730,0.0,1169.687134,1800.208862,1768.596436,1.0,0.0,0.0,,,,
5731,0.0,1169.845947,1800.210449,1768.594238,1.0,0.0,0.0,,,,
5732,0.0,1170.176758,1800.211548,1768.59668,1.0,0.0,0.0,,,,
5733,0.0,1170.70813,1800.2146,1768.606689,1.0,0.0,0.0,,,,
5734,0.0,1171.572632,1800.297974,1768.626953,1.0,0.0,0.0,,,,
5735,0.0,1172.812866,1800.307739,1768.382935,1.0,0.0,0.0,,,,
5736,0.0,1173.581055,1800.151733,1768.156372,1.0,0.0,0.0,,,,
5737,0.0,1174.036011,1800.146484,1768.115601,1.0,0.0,0.0,,,,
5738,0.0,1177.276123,1800.173584,1767.536255,1.0,0.0,0.0,,,,
5739,0.0,1178.456665,1800.098633,1767.352539,0.9999997967,0.0006376036,0.0,,,,
5740,0.0,1181.602905,1800.081909,1766.866943,0.999998364,0.0018088757,0.0,,,,
5741,0.0,1184.12915,1800.167236,1766.592773,0.9999205945,0.0124782374,0.0017601811,,,,
5742,0.0,1186.899048,1800.287354,1766.439453,0.9995267732,0.0305229739,0.0038180904,,,,
5743,0.0,1188.882812,1800.382568,1766.360107,0.9986839759,0.0508574012,0.0066212596,,,,
5744,0.0,1192.380981,1800.55835,1766.215576,0.9935487622,0.112646346,0.0131018293,,,,
5745,0.0,1194.220825,1800.856934,1766.178101,0.9860295267,0.1657235871,0.0167769234,,,,
5746,0.0,1197.779663,1801.149414,1766.205078,0.9700084822,0.2420757337,0.0219746142,,,,
5747,0.0,1201.562622,1801.697266,1766.129761,0.9450029276,0.3259742522,0.0266505875,,,,
5748,0.0,1204.397339,1802.010254,1766.239746,0.900008307,0.4347429982,0.0313619663,,,,
5749,0.0,1206.953857,1803.233398,1766.226074,0.8430710519,0.5367051226,0.0343338431,,,,
5750,0.0,1209.355591,1804.778931,1766.112915,0.7580686066,0.6511581336,0.0364015489,,,,
5751,0.0,1211.114258,1805.934204,1765.955811,0.7011676138,0.7120314924,0.0370827618,,,,
5752,0.0,1211.567383,1806.2561035,1765.8775025,0.6862642976,0.7261107348,0.0372043793,,,,
5753,0.0,1212.020508,1806.578003,1765.799194,0.6713609815,0.7401899772,0.0373259969,,,,
5754,0.0,1218.829102,1810.667358,1765.915039,0.5385574648,0.8418684169,0.0348342611,,,,
5755,0.0,1221.162354,1812.464111,1765.933838,0.5022370228,0.8640653477,0.0338976078,,,,
5756,0.0,1225.648804,1816.29541,1765.972412,0.4730136474,0.8804161054,0.0335495255,,,,
5757,0.0,1226.9332275,1817.6936035,1765.9087525,0.4710214742,0.8814806284,0.0335495255,,,,
5758,0.0,1228.217651,1819.091797,1765.845093,0.4690293009,0.8825451514,0.0335495255,,,,
5759,0.0,1231.245972,1823.536743,1765.394043,0.4685942542,0.8827762198,0.0335495255,,,,
5760,0.0,1232.470337,1826.047607,1765.090454,0.4674888444,0.8833462642,0.0339640666,,,,
5761,0.0,1233.1361695,1827.6502075,1764.89978,0.466779057,0.8837108736,0.0342300472,,,,
5762,0.0,1233.802002,1829.252808,1764.709106,0.4660692697,0.8840754831,0.0344960277,,,,
5763,0.0,1234.730225,1833.363403,1764.554199,0.4606427604,0.8868851719,0.0352553422,,,,
5764,0.0,1235.050293,1835.846069,1764.303223,0.4569919908,0.8887285417,0.0363304214,,,,
5765,0.0,1235.320679,1838.114502,1764.445435,0.4545391544,0.8899572771,0.0370162407,,,,
5766,0.0,1235.537964,1841.427979,1764.281738,0.4505595034,0.8919318809,0.0381268118,,,,
5767,0.0,1235.4625855,1841.7625125,1764.215576,0.4494412872,0.8924798132,0.0384790548,,,,
5768,0.0,1235.315918,1846.296265,1764.036865,0.4334789444,0.9001411518,0.0429174979,,,,
5769,0.0,1235.008057,1850.435547,1763.97522,0.4077652852,0.9118414807,0.0476716507,,,,
5770,0.0,1234.613525,1853.582764,1763.833862,0.3716324746,0.9269122272,0.0521826294,,,,
5771,0.0,1234.4375,1856.600952,1763.440552,0.3314553468,0.9418852637,0.0546763486,,,,
5772,0.0,1234.304443,1860.120117,1763.137207,0.2948777489,0.9538537175,0.0566586167,,,,
5773,0.0,1233.381714,1862.167847,1766.701294,0.2348446489,0.9702205551,0.0593301379,,,,
5774,0.0,1233.342773,1865.025146,1766.701294,0.1937759528,0.9792001247,0.060149779,,,,
5775,0.0,1233.286865,1868.150513,1766.70105,0.1426014187,0.987890602,0.0611309568,,,,
5776,0.0,1233.27356,1872.248169,1766.701172,0.0914410197,0.9938716361,0.062110473,,,,
5777,0.0,1233.312256,1875.942993,1766.701294,0.060253236,0.9962384464,0.062277648,,,,
5778,0.0,1233.372192,1879.808228,1766.701294,0.0322281326,0.9975383913,0.062277648,,,,
5779,0.0,1233.409424,1883.51062,1766.701294,0.0059415003,0.9980411781,0.062277648,,,,
5780,0.0,1233.423584,1886.000122,1766.701294,-0.011450104,0.9979931823,0.0622776306,,,,
5781,0.0,1233.439331,1890.039307,1766.701294,-0.0375974379,0.9973504536,0.062277648,,,,
5782,0.0,1233.430908,1893.483276,1766.701294,-0.0564046807,0.9964192891,0.0629850172,,,,
5783,0.0,1233.429382,1893.98645,1766.701294,-0.0589602176,0.9962596128,0.0631181642,,,,
5784,0.0,1233.427856,1894.489624,1766.701294,-0.0615157546,0.9960999365,0.0632513111,,,,
5785,0.0,1232.884644,1904.912476,1766.701172,-0.1703833437,0.9830040711,0.0683557781,,,,
5786,0.0,1232.497803,1908.569824,1766.70105,-0.2411177073,0.9678532204,0.0715709085,,,,
5787,0.0,1231.884155,1911.26123,1766.700439,-0.3376347692,0.9383433682,0.0742595847,,,,
5788,0.0,1230.750854,1916.318726,1766.700928,-0.4702920807,0.8791265781,0.0772128137,,,,
5789,0.0,1229.28833,1920.08728,1766.701294,-0.6125711176,0.7865895794,0.0776753463,,,,
5790,0.0,1228.016724,1922.869263,1766.701172,-0.6745783365,0.7340583664,0.0781177479,,,,
5791,0.0,1226.521973,1926.020996,1766.701294,-0.71779627,0.6918047879,0.0785789428,,,,
5792,0.0,1224.948486,1928.918823,1766.701294,-0.7225316709,0.6868516057,0.0786311407,,,,
5793,0.0,1224.149658,1930.023438,1766.701294,-0.7225316709,0.6868516057,0.0786311407,,,,
5794,0.0,1221.928711,1932.675537,1766.701294,-0.7225316709,0.6868516057,0.0786311407,,,,
5795,0.0,1217.502197,1937.554443,1766.701294,-0.7225316709,0.6868516057,0.0786311407,,,,
5796,0.0,1216.305359,1938.3539425,1766.701294,-0.7225316709,0.6868516057,0.0786311407,,,,
5797,0.0,1215.108521,1939.153442,1766.701294,-0.7225316709,0.6868516057,0.0786311407,,,,
5798,0.0,1212.56958,1940.87207,1766.701294,-0.7225316709,0.6868516057,0.0786311407,,,,
5799,0.0,1212.1467285,1941.1085815,1766.701294,-0.7225316709,0.6868516057,0.0786311407,,,,
5800,0.0,1211.723877,1941.345093,1766.701294,-0.7225316709,0.6868516057,0.0786311407,,,,
5801,0.0,1202.015015,1945.93457,1766.701294,-0.7225316709,0.6868516057,0.0786311407,,,,
5802,0.0,1199.284058,1947.048462,1766.701416,-0.7276525503,0.6819933254,0.0735314225,,,,
5803,0.0,1197.3879395,1947.885376,1766.701355,-0.7312805484,0.6784599326,0.0698700694,,,,
5804,0.0,1193.179077,1949.526245,1766.701172,-0.7664621144,0.6387291935,0.0675340257,,,,
5805,0.0,1189.961792,1950.245728,1766.701172,-0.8618729681,0.501784553,0.0733978827,,,,
5806,0.0,1187.041504,1950.937378,1766.784912,-0.93281853,0.3532798069,0.0710138591,,,,
5807,0.0,1183.75769,1951.755615,1766.939453,-0.9751840647,0.2105782603,0.0683581462,,,,
5808,0.0,1179.190796,1952.408691,1767.297241,-0.9969577229,-0.0452990994,0.0634294127,,,,
5809,0.0,1171.9375,1951.494507,1766.791016,-0.9632401539,-0.2617425912,0.0604915019,,,,
5810,0.0,1168.69104,1951.089722,1766.956543,-0.9150290226,-0.3990690209,0.0588710824,,,,
5811,0.0,1164.993774,1950.052368,1767.371216,-0.8121699897,-0.5801961401,0.0612564025,,,,
5812,0.0,1162.878906,1949.617676,1767.668213,-0.7635319854,-0.6422500027,0.0673338046,,,,
5813,0.0,1159.599731,1948.994141,1768.378784,-0.703700364,-0.7059539862,0.0802169999,,,,
5814,0.0,1156.536011,1948.547485,1769.096436,-0.6777034743,-0.7291082324,0.0954944309,,,,
5815,0.0,1153.379517,1948.066162,1769.989502,-0.6706811138,-0.7335852289,0.1097249085,,,,
5816,0.0,1150.225342,1947.437378,1770.527344,-0.6702220266,-0.7338008728,0.1110797646,,,,
5817,0.0,1147.894165,1946.855469,1770.515625,-0.6702220266,-0.7338008728,0.1110797646,,,,
5818,0.0,1144.710815,1945.825806,1770.885498,-0.6702220266,-0.7338008728,0.1110797646,,,,
5819,0.0,1142.172363,1944.808594,1771.137451,-0.6702220266,-0.7338008728,0.1110797646,,,,
5820,0.0,1138.365234,1943.015625,1770.953491,-0.6702220266,-0.7338008728,0.1110797646,,,,
5821,0.0,1135.354248,1941.519043,1770.564697,-0.6702220266,-0.7338008728,0.1110797646,,,,
5822,0.0,1132.516113,1939.820557,1770.243652,-0.6702220266,-0.7338008728,0.1110797646,,,,
5823,0.0,1130.150269,1938.205566,1769.961548,-0.6702220266,-0.7338008728,0.1110797646,,,,
5824,0.0,1127.021729,1936.112183,1769.59021,-0.6702220266,-0.7338008728,0.1110797646,,,,
5825,0.0,1124.859009,1934.659424,1769.234741,-0.6702220266,-0.7338008728,0.1110797646,,,,
5826,0.0,1122.008057,1932.635376,1768.792603,-0.6702220266,-0.7338008728,0.1110797646,,,,
5827,0.0,1119.022827,1930.379395,1768.208618,-0.6702220266,-0.7338008728,0.1110797646,,,,
5828,0.0,1116.156372,1928.125732,1767.396484,-0.6686775135,-0.735977731,0.105863886,,,,
5829,0.0,1113.359131,1925.852905,1766.935059,-0.6596741042,-0.7449856506,0.0991284852,,,,
5830,0.0,1110.748535,1923.636597,1766.527588,-0.645860771,-0.7575909338,0.0944449126,,,,
5831,0.0,1108.026978,1921.172241,1766.215454,-0.6190335383,-0.7800436962,0.0912650559,,,,
5832,0.0,1105.671265,1919.0,1766.11438,-0.6033738413,-0.7922955698,0.0905965657,,,,
5833,0.0,1103.250977,1916.926147,1766.223877,-0.5921149391,-0.8007866536,0.090225464,,,,
5834,0.0,1098.109741,1911.761353,1766.275391,-0.5502432696,-0.8296840324,0.0941103115,,,,
5835,0.0,1096.978943,1910.3112795,1766.437073,-0.5288930113,-0.8429089035,0.0956229273,,,,
5836,0.0,1094.066284,1906.406006,1766.719727,-0.4698277668,-0.8771184861,0.099624449,,,,
5837,0.0,1091.770264,1903.359375,1766.859009,-0.4355240159,-0.8943931013,0.1018813622,,,,
5838,0.0,1089.660645,1900.188965,1766.917236,-0.3849878112,-0.9171310447,0.1032232148,,,,
5839,0.0,1088.6588135,1898.604065,1767.031799,-0.3648917578,-0.9250193534,0.1035712454,,,,
5840,0.0,1085.900024,1894.325317,1767.102539,-0.323630938,-0.9404192568,0.1042815297,,,,
5841,0.0,1083.733154,1891.069458,1767.150269,-0.3085558344,-0.9454587944,0.1044076877,,,,
5842,0.0,1081.902832,1888.251709,1767.149658,-0.3061671213,-0.9462350282,0.1044076877,,,,
5843,0.0,1079.925781,1884.845337,1767.061646,-0.3098516275,-0.9450349219,0.1044076877,,,,
5844,0.0,1078.162354,1881.337646,1766.837158,-0.3241697404,-0.9403113248,0.1035789159,,,,
5845,0.0,1077.358582,1879.4942015,1766.700256,-0.3348160718,-0.9365120086,0.1035165344,,,,
5846,0.0,1075.670166,1875.211304,1766.408203,-0.3579468518,-0.9280681745,0.1027789606,,,,
5847,0.0,1074.58374,1871.483765,1765.784058,-0.3717582004,-0.922653505,0.1025004883,,,,
5848,0.0,1074.032471,1868.861206,1765.543335,-0.3740605097,-0.9217225097,0.1025004883,,,,
5849,0.0,1073.460449,1864.991333,1765.054688,-0.374403283,-0.9215833267,0.1025005057,,,,
5850,0.0,1073.114502,1861.048096,1764.676147,-0.3720002208,-0.9225559526,0.1025004883,,,,
5851,0.0,1073.042847,1857.842285,1764.408081,-0.3708740524,-0.9230092543,0.1025005057,,,,
5852,0.0,1073.049194,1854.954468,1764.213623,-0.3702042486,-0.9232781058,0.1025005057,,,,
5853,0.0,1073.183838,1851.123535,1763.835205,-0.3699812167,-0.923367503,0.1025005057,,,,
5854,0.0,1073.341309,1848.384155,1763.912476,-0.3699812167,-0.923367503,0.1025005057,,,,
5855,0.0,1073.876099,1844.765991,1763.740356,-0.3670920892,-0.9245198994,0.1025005057,,,,
5856,0.0,1074.48584,1841.753418,1763.754761,-0.360847655,-0.9268920891,0.1032473974,,,,
5857,0.0,1075.168213,1838.443481,1763.918823,-0.3515593468,-0.9303480025,0.1042047023,,,,
5858,0.0,1075.944946,1835.030151,1764.118042,-0.3414719275,-0.9339883183,0.1051795795,,,,
5859,0.0,1076.748535,1831.427979,1764.562134,-0.3342542167,-0.9365752248,0.1053611266,,,,
5860,0.0,1077.482544,1828.213257,1764.602417,-0.3324986723,-0.9371999032,0.1053611613,,,,
5861,0.0,1078.314453,1824.682861,1764.899414,-0.3317124769,-0.9374784595,0.1053611439,,,,
5862,0.0,1079.203857,1820.983398,1765.753174,-0.3315114938,-0.9375495501,0.1053611439,,,,
5863,0.0,1080.117676,1817.73877,1765.808594,-0.3315114938,-0.9375495501,0.1053611439,,,,
5864,0.0,1081.300171,1813.466797,1766.365479,-0.3315114938,-0.9375495501,0.1053611439,,,,
5865,0.0,1082.393433,1809.91748,1766.361572,-0.3315114938,-0.9375495501,0.1053611439,,,,
5866,0.0,1083.334106,1806.827271,1766.503052,-0.3319221814,-0.9374042323,0.1053611439,,,,
5867,0.0,1084.656006,1802.494629,1766.287476,-0.3323957185,-0.9372364246,0.1053611439,,,,
5868,0.0,1085.7323,1799.213013,1766.040039,-0.3328076591,-0.9370902258,0.1053611439,,,,
5869,0.0,1086.992188,1795.549927,1765.745728,-0.3332709316,-0.9369255656,0.1053611439,,,,
5870,0.0,1088.192017,1792.054932,1765.430664,-0.3382450211,-0.935334237,0.1036347957,,,,
5871,0.0,1089.125122,1789.25415,1765.108765,-0.344863287,-0.9330236633,0.1026457845,,,,
5872,0.0,1090.548462,1785.155029,1764.742432,-0.3522817106,-0.9303562554,0.1016603875,,,,
5873,0.0,1091.85498,1781.775635,1764.502808,-0.3582912743,-0.9281563908,0.1007624775,,,,
5874,0.0,1093.621582,1778.636841,1764.406372,-0.3654652187,-0.9254612055,0.0997834204,,,,
5875,0.0,1095.491577,1775.717651,1764.538086,-0.3731120712,-0.9225046269,0.0988564396,,,,
5876,0.0,1097.490601,1772.861816,1764.577515,-0.3819295649,-0.918907546,0.0986850006,,,,
5877,0.0,1099.504517,1770.072388,1764.890259,-0.392127228,-0.9146939625,0.0978324688,,,,
5878,0.0,1101.621826,1767.692993,1765.313354,-0.4019624475,-0.9104256479,0.0977309084,,,,
5879,0.0,1103.834717,1765.529419,1765.792847,-0.414820369,-0.9046395586,0.0977309084,,,,
5880,0.0,1106.343018,1763.342651,1766.270264,-0.4327413377,-0.896102401,0.0986682404,,,,
5881,0.0,1108.499634,1761.637817,1766.626343,-0.4441479793,-0.8905020194,0.0986849832,,,,
5882,0.0,1111.437134,1759.268311,1766.891846,-0.455476572,-0.8847611918,0.0986849832,,,,
5883,0.0,1117.140503,1755.110107,1767.12439,-0.4708024957,-0.8765940219,0.0996390021,,,,
5884,0.0,1119.943237,1753.079712,1767.115845,-0.4780560007,-0.8726594559,0.0996390195,,,,
5885,0.0,1122.881592,1750.99353,1767.052734,-0.4863935963,-0.8681377892,0.0987828346,,,,
5886,0.0,1125.903809,1748.848022,1766.814819,-0.4957517346,-0.8629398727,0.0978007866,,,,
5887,0.0,1129.088257,1746.677002,1766.533813,-0.5096289194,-0.8549341797,0.0967776471,,,,
5888,0.0,1131.880737,1744.944336,1765.995605,-0.524288311,-0.8462258031,0.0949929319,,,,
5889,0.0,1134.408081,1742.823364,1765.75415,-0.5340354129,-0.8402188229,0.0940133366,,,,
5890,0.0,1136.512085,1740.573486,1765.567261,-0.5424111597,-0.8349361603,0.0931221887,,,,
5891,0.0,1138.632568,1737.925171,1765.502441,-0.5506953549,-0.8296917813,0.0913573978,,,,
5892,0.0,1140.171631,1735.905029,1765.315186,-0.5584037736,-0.8246776014,0.0899559859,,,,
5893,0.0,1142.470215,1732.992188,1765.224365,-0.5667500804,-0.8191202093,0.0885236075,,,,
5894,0.0,1144.41272,1729.915039,1765.164673,-0.5780834959,-0.8114413047,0.0859213643,,,,
5895,0.0,1146.174805,1726.612671,1765.009033,-0.5915819739,-0.8019809326,0.0828091294,,,,
5896,0.0,1147.830566,1723.674194,1765.118286,-0.6016807796,-0.7947975137,0.0792284777,,,,
5897,0.0,1149.171875,1720.931641,1765.051147,-0.6105165144,-0.7884125267,0.0753344109,,,,
5898,0.0,1150.964478,1717.295044,1765.140137,-0.619145466,-0.7820252051,0.0713825643,,,,
5899,0.0,1152.271851,1713.951904,1765.282715,-0.6299748213,-0.7737380991,0.0667913062,,,,
5900,0.0,1153.223022,1711.073364,1765.479248,-0.6422888747,-0.7639196775,0.0623837144,,,,
5901,0.0,1154.899536,1707.144287,1765.852783,-0.6545926964,-0.7537501917,0.058043521,,,,
5902,0.0,1156.17334,1703.662476,1765.975952,-0.670040047,-0.740422085,0.0531175255,,,,
5903,0.0,1157.218628,1700.620972,1766.209473,-0.6831723701,-0.7285663037,0.049665418,,,,
5904,0.0,1158.564453,1697.363892,1766.418457,-0.6947004124,-0.7178407228,0.0457824606,,,,
5905,0.0,1159.796875,1694.345825,1766.496826,-0.7019659806,-0.7108843318,0.0434422474,,,,
5906,0.0,1160.782349,1691.603882,1766.506958,-0.7139745092,-0.6990930397,0.0388499937,,,,
5907,0.0,1161.719971,1688.878784,1766.216919,-0.7230862996,-0.6898623422,0.0351589551,,,,
5908,0.0,1162.303101,1687.27771,1766.200928,-0.7300200952,-0.682657126,0.0324022991,,,,
5909,0.0,1163.464722,1683.663208,1765.235962,-0.7391347848,-0.6729428588,0.0287694058,,,,
5910,0.0,1163.839844,1682.271484,1764.990845,-0.7452632788,-0.6662044997,0.0274628804,,,,
5911,0.0,1164.301636,1680.123291,1763.866089,-0.7565118824,-0.6534878833,0.0253645057,,,,
5912,0.0,1164.732666,1677.850586,1762.588989,-0.7674023946,-0.6407462333,0.0231911473,,,,
5913,0.0,1164.989502,1676.193726,1761.15332,-0.773850471,-0.6329964259,0.0217019192,,,,
5914,0.0,1165.344482,1674.158081,1759.318115,-0.7797187933,-0.6258004041,0.0203090525,,,,
5915,0.0,1165.451172,1672.610474,1757.987549,-0.7836425478,-0.620912621,0.0192840471,,,,
5916,0.0,1165.584229,1671.171387,1756.399414,-0.7856943533,-0.6183176827,0.0191735881,,,,
5917,0.0,1165.753662,1670.075195,1754.713013,-0.785836761,-0.6181366828,0.0191735881,,,,
5918,0.0,1165.82019,1669.551025,1753.362305,-0.785836761,-0.6181366828,0.0191735881,,,,
5919,0.0,1166.076172,1668.355469,1752.05249,-0.785836761,-0.6181366828,0.0191735881,,,,
5920,0.0,1166.343018,1667.728516,1751.372559,-0.785836761,-0.6181366828,0.0191735881,,,,
5921,0.0,1166.506958,1666.307861,1751.699341,-0.785836761,-0.6181366828,0.0191735881,,,,
5922,0.0,1166.751343,1664.036133,1752.261963,-0.7862363006,-0.6176284103,0.0191735881,,,,
5923,0.0,1166.791626,1662.835571,1752.355591,-0.7864290347,-0.6173829823,0.0191735881,,,,
5924,0.0,1166.982666,1662.1907345,1752.4066165,-0.7864290347,-0.6173829823,0.0191735881,,,,
5925,0.0,1167.370483,1660.640259,1752.528931,-0.7864290347,-0.6173829823,0.0191735881,,,,
5926,0.0,1167.695801,1659.564697,1752.553589,-0.7864290347,-0.6173829823,0.0191735881,,,,
5927,0.0,1167.723999,1658.309692,1752.715942,-0.7864405858,-0.6173923832,0.0183807027,,,,
5928,0.0,1167.949829,1657.267212,1752.674683,-0.7870011895,-0.6166825286,0.0182150115,,,,
5929,0.0,1167.274536,1655.387207,1754.206177,-0.787572385,-0.6159528811,0.0182150115,,,,
5930,0.0,1166.817261,1653.684326,1755.669434,-0.7876255213,-0.6158849337,0.0182150115,,,,
5931,0.0,1166.62793,1651.796753,1755.03125,-0.7876255213,-0.6158849337,0.0182150115,,,,
5932,0.0,1166.556763,1651.112915,1755.378662,-0.7873336451,-0.6162580174,0.0182150289,,,,
5933,0.0,1166.417725,1648.668091,1757.762695,-0.7808327618,-0.6244745077,0.0182150289,,,,
5934,0.0,1166.4168705,1648.53125,1757.9666745,-0.778518791,-0.6273345725,0.018604833,,,,
5935,0.0,1166.250366,1645.199219,1760.417236,-0.7457896272,-0.6657361935,0.024354726,0.1322331256,627.7381836166,1263.1271797637,0.0
5936,0.0,1166.19458,1643.255249,1761.827637,-0.7014724211,-0.712076871,0.0297148475,0.1032514881,558.8251817747,1262.7661522582,0.0
5937,0.0,1166.237915,1641.459595,1763.328613,-0.6267900681,-0.7784405021,0.034126166,0.0653543567,449.7577411599,1264.8547621943,0.0
5938,0.0,1166.360229,1640.136841,1764.435547,-0.5838438442,-0.8110751627,0.0358252159,0.048740663,390.6537615137,1266.7438286302,0.0
5939,0.0,1166.859375,1638.085327,1765.98584,-0.508473531,-0.8601540481,0.0398708131,0.0271756758,294.0262148279,1269.8477959327,0.0
5940,0.0,1167.276001,1637.11084,1766.601929,-0.4805218674,-0.8759952027,0.0416069678,0.0214421216,262.0649692662,1272.3327748263,0.0
5941,0.0,1167.676025,1635.509155,1766.874146,-0.4476461134,-0.8930570606,0.0454097322,0.0162808272,229.329364867,1276.0901006768,0.0
5942,0.0,1168.015869,1634.466675,1766.834106,-0.4287206987,-0.9021642314,0.0479401939,0.0139521886,212.7875880629,1278.2925940716,0.0
5943,0.0,1168.376099,1632.716431,1766.889404,-0.4043778927,-0.913085197,0.0524780225,0.0117991853,196.317822437,1281.7507878714,0.0
5944,0.0,1168.559692,1631.875,1766.953369,-0.3963889724,-0.916428654,0.0550845236,0.0114067526,193.3522993681,1283.7940234404,0.0
5945,0.0,1169.145386,1629.460205,1766.974609,-0.3817337578,-0.9223151723,0.060117061,0.0109028796,189.5415219985,1287.0806472182,0.0
5946,0.0,1169.518921,1627.796509,1766.904419,-0.3732294429,-0.925634638,0.0624523812,0.0106260983,187.3858331416,1288.8181139547,0.0
5947,0.0,1170.160278,1625.302856,1766.739502,-0.3642887187,-0.9289459387,0.0659785753,0.0106381116,188.1165615168,1293.1171265236,0.0
5948,0.0,1170.532471,1623.745605,1766.668335,-0.3628585997,-0.9294528808,0.0667156582,0.0106534739,188.4407228266,1294.4161345461,0.0
5949,0.0,1171.311523,1621.011719,1766.682373,-0.3606889581,-0.9301564426,0.0686474166,0.0107654876,189.6621451625,1296.0471835503,0.0
5950,0.0,1171.344482,1620.5176395,1766.663147,-0.3604315328,-0.9302362562,0.0689164201,0.0107871375,189.8544898101,1296.0666919016,0.0
5951,0.0,1172.842896,1615.545166,1766.746094,-0.3576989084,-0.9311425829,0.070887102,0.0108459604,190.7326570485,1298.5445209519,0.0
5952,0.0,1173.300537,1614.148438,1766.757324,-0.3576389717,-0.9311298682,0.0713549888,0.0108794021,191.121650126,1299.2024013594,0.0
5953,0.0,1174.435547,1611.013184,1766.722046,-0.3576264009,-0.9310971394,0.0718434016,0.0109221265,191.6807800763,1300.4662118543,0.0
5954,0.0,1175.528931,1608.27356,1766.565674,-0.3581412421,-0.9308552357,0.072411193,0.0109643633,192.3256928383,1302.3398059896,0.0
5955,0.0,1176.478271,1605.829346,1766.275146,-0.3585947832,-0.9306415834,0.0729110743,0.0109851624,192.5974238787,1302.9514117748,0.0
5956,0.0,1178.120972,1601.735718,1765.922363,-0.3593168678,-0.9303002909,0.0737072398,0.0110137683,192.9915592127,1303.9305456621,0.0
5957,0.0,1179.012817,1599.354004,1765.821655,-0.3625409087,-0.9289900265,0.0744420586,0.0112162669,194.8526835708,1304.6332552421,0.0
5958,0.0,1179.763672,1597.394531,1765.570923,-0.3654447251,-0.9277814965,0.0753103416,0.011430662,196.8536998562,1305.6823130247,0.0
5959,0.0,1181.177856,1593.312378,1765.46582,-0.3689323598,-0.9262966165,0.0765734434,0.0117595557,199.7323276803,1306.2263921532,0.0
5960,0.0,1182.152954,1590.807495,1765.194336,-0.3719933644,-0.9250093968,0.0773211008,0.0119680361,201.5112176128,1306.3997872019,0.0
5961,0.0,1184.270508,1585.23291,1764.881592,-0.3769812342,-0.9228278565,0.0792079302,0.0124328421,205.6492890422,1308.2209411301,0.0
5962,0.0,1185.0023805,1583.283142,1764.6428835,-0.3774138688,-0.922634578,0.0793973965,,,,
5963,0.0,1185.734253,1581.333374,1764.404175,-0.3778465035,-0.9224412995,0.0795868628,,,,
5964,0.0,1187.152832,1577.634644,1764.461426,-0.3778465035,-0.9224412995,0.0795868628,,,,
5965,0.0,1188.499756,1574.039551,1764.582275,-0.3794928575,-0.9215182031,0.0823976479,,,,
5966,0.0,1189.404175,1571.592896,1764.668091,-0.3817169252,-0.9203358896,0.0852879792,0.017888308,546.5968696067,2902.8089007587,2.0
5967,0.0,1191.019043,1567.383179,1764.811768,-0.3846059261,-0.9187768775,0.0890355599,0.0186835826,558.0011800114,2900.2011445764,2.0
5968,0.0,1193.069336,1561.567261,1764.829102,-0.3870623453,-0.9169949159,0.0964523978,0.0198448346,573.9196401655,2895.1944234669,2.0
5969,0.0,1194.253418,1557.834229,1764.741577,-0.3841227831,-0.9173867465,0.1041693087,0.0203761775,581.2505378188,2894.0809494812,2.0
5970,0.0,1195.149048,1553.812012,1764.902832,-0.383155234,-0.9175452559,0.1063144859,0.0202108101,578.9061544308,2894.0553413446,2.0
5971,0.0,1195.650391,1550.498291,1765.375977,-0.3813294944,-0.9177806611,0.1107541183,0.0175081143,243.7952520193,1308.5787028714,0.0
5972,0.0,1195.925659,1547.780762,1765.660889,-0.3790781586,-0.9182143077,0.1148139138,0.0181209809,248.2595362386,1310.0157534085,0.0
5973,0.0,1196.236328,1544.022461,1766.625366,-0.37665023,-0.9186697486,0.1190818932,0.0189084173,253.6752732891,1310.6848245532,0.0
5974,0.0,1196.428955,1540.691528,1766.725586,-0.3743227294,-0.9192245053,0.1221016095,0.0193616948,256.8126853778,1311.4211990656,0.0
5975,0.0,1196.587036,1537.080933,1767.508667,-0.3717792203,-0.9198388543,0.1252066031,0.0199677701,260.830808344,1311.7708422488,0.0
5976,0.0,1197.019775,1533.685669,1768.145386,-0.3691396945,-0.9205259316,0.1279370753,0.0204721963,263.9727953843,1311.2821530415,0.0
5977,0.0,1197.156738,1530.557739,1768.535889,-0.3658808907,-0.921599027,0.1295623684,0.0206855422,265.2031628125,1310.6533640284,0.0
5978,0.0,1197.286743,1526.609741,1768.764526,-0.3628227933,-0.9226126514,0.1309408879,0.020767604,581.6567584983,2868.9645755309,2.0
5979,0.0,1197.529663,1522.993774,1768.936035,-0.3549869327,-0.9253842602,0.1328467111,0.0199848109,569.4470400851,2862.6553040476,2.0
5980,0.0,1197.286987,1520.213745,1768.912476,-0.3470337989,-0.9281399583,0.1346245154,0.0192592669,558.8378745601,2861.2258476858,2.0
5981,0.0,1197.22168,1516.275635,1768.654907,-0.3387609456,-0.9309239308,0.1364611914,0.0186348591,549.0514288537,2857.3780893216,2.0
5982,0.0,1197.080444,1512.647217,1768.338379,-0.3290036642,-0.9341361758,0.1383697729,0.0179760053,538.6764147703,2853.8222118394,2.0
5983,0.0,1196.678955,1508.824097,1767.99646,-0.3222955676,-0.9361608928,0.1404576442,0.0178809808,536.4018039933,2849.2443564137,2.0
5984,0.0,1196.307983,1505.641113,1767.654663,-0.3197174605,-0.9370286526,0.1405633295,0.0176746541,532.6718610938,2845.7505400395,2.0
5985,0.0,1195.723755,1501.735596,1767.514526,-0.3192965692,-0.9371721593,0.1405633122,0.0176271917,531.2273048205,2841.8173425727,2.0
5986,0.0,1195.256714,1499.295898,1767.228882,-0.3192965692,-0.9371721593,0.1405633122,0.0176246873,530.7293833679,2839.3536088585,2.0
5987,0.0,1194.074585,1494.516968,1766.982178,-0.3192965692,-0.9371721593,0.1405633122,0.01763254,529.9295463972,2834.4487905975,2.0
5988,0.0,1193.184204,1491.117065,1766.85498,-0.3192965692,-0.9371721593,0.1405633122,0.0176381263,529.3581786123,2830.9482823172,2.0
5989,0.0,1192.143433,1488.145264,1767.000854,-0.3192965692,-0.9371721593,0.1405633122,0.0176694761,529.2424071605,2827.8395617161,2.0
5990,0.0,1190.810059,1484.137817,1767.083496,-0.3192965692,-0.9371721593,0.1405633122,0.017703991,528.973389467,2823.6702756935,2.0
5991,0.0,1189.680176,1480.852173,1767.169067,-0.3192965692,-0.9371721593,0.1405633122,0.0177315397,528.7376500086,2820.2381086678,2.0
5992,0.0,1188.664062,1477.741821,1767.061035,-0.3192965692,-0.9371721593,0.1405633122,0.0177362119,528.1935580455,2816.9681858416,2.0
5993,0.0,1187.849976,1475.090698,1766.972046,-0.3192965692,-0.9371721593,0.1405633122,0.0177562825,527.9798693996,2814.2509145727,2.0
5994,0.0,1186.243164,1470.559937,1766.841675,-0.3192965692,-0.9371721593,0.1405633122,0.0177785994,527.4155716148,2809.4939114663,2.0
5995,0.0,1184.963379,1467.248169,1766.940918,-0.3192965692,-0.9371721593,0.1405633122,0.0178081415,527.1910712434,2805.9886041893,2.0
5996,0.0,1183.896851,1464.269043,1766.984985,-0.3192965692,-0.9371721593,0.1405633122,0.0178314483,526.9448850547,2802.8612057035,2.0
5997,0.0,1182.512939,1460.164795,1766.922241,-0.3192965692,-0.9371721593,0.1405633122,0.01785354,526.4612069,2798.5710273318,2.0
5998,0.0,1181.50354,1456.85144,1766.897583,-0.3192965692,-0.9371721593,0.1405633122,0.017866752,526.0059303161,2795.1261465709,2.0
5999,0.0,1180.565552,1453.891113,1766.754028,-0.3192965692,-0.9371721593,0.1405633122,0.0178701932,525.472955197,2792.027550244,2.0
6000,0.0,1179.31958,1449.768433,1766.861694,-0.3192965692,-0.9371721593,0.1405633122,0.0177919824,523.5486731254,2787.8556257855,2.0
6001,0.0,1178.384766,1446.296509,1766.314819,-0.3192965692,-0.9371721593,0.1405633122,0.0177635954,522.4476986256,2784.1950664778,2.0
6002,0.0,1177.431763,1442.893677,1765.964844,-0.3192965692,-0.9371721593,0.1405633122,0.01774522,521.5371271728,2780.7682681466,2.0
6003,0.0,1176.508789,1439.590088,1765.491699,-0.3192965692,-0.9371721593,0.1405633122,0.0177192026,520.5115993552,2777.3188227731,2.0
6004,0.0,1175.304199,1435.563721,1765.026855,-0.3167076684,-0.938050211,0.1405633468,0.0174799128,516.2293889997,2773.0921135623,2.0
6005,0.0,1174.457886,1432.777222,1764.86499,-0.3146301439,-0.9388755565,0.1397160047,0.017157938,510.9485324663,2770.1325287421,2.0
6006,0.0,1173.214111,1428.726318,1764.769409,-0.3123625528,-0.9397767857,0.1387415894,0.0168141707,505.0224670168,2765.6121092952,2.0
6007,0.0,1171.21228,1422.174072,1764.40686,-0.3087764451,-0.9410863999,0.1378894299,0.0164084393,497.5274852702,2757.7653715082,2.0
6008,0.0,1170.18103,1418.452271,1764.47876,-0.3086183357,-0.9411637907,0.1377150754,0.0164112537,496.7093559646,2752.9963970599,2.0
6009,0.0,1169.055054,1414.967529,1764.477661,-0.3086183357,-0.9411637907,0.1377150754,0.0164863397,497.0422470972,2748.6129239147,2.0
6010,0.0,1168.119263,1411.773926,1764.588501,-0.3086183357,-0.9411637907,0.1377150754,0.0165542872,497.3600601577,2744.7671320782,2.0
6011,0.0,1167.080444,1408.542969,1764.597656,-0.3086183357,-0.9411637907,0.1377150754,0.0166705047,498.3308090173,2740.6017370093,2.0
6012,0.0,1166.302612,1405.2854,1765.255859,-0.3078399784,-0.9414186615,0.1377151099,0.016688252,498.0397845822,2737.5566765852,2.0
6013,0.0,1165.119263,1401.284668,1765.512573,-0.3068883598,-0.9417293046,0.1377151099,0.0166641269,497.0707806109,2734.1908105496,2.0
6014,0.0,1164.198364,1397.645752,1766.183838,-0.3045073976,-0.9426167287,0.1369267967,0.0164195082,492.9888558919,2731.6944197883,2.0
6015,0.0,1163.291748,1394.11377,1766.662598,-0.3018586132,-0.9435590119,0.1363002887,0.0661312265,532.1397456345,1488.0204799035,6.0
6016,0.0,1162.317139,1390.066284,1767.116333,-0.2996007012,-0.9443472747,0.1358221065,0.0653845336,526.8110558722,1481.2216043363,6.0
6017,0.0,1161.466309,1386.594116,1767.248901,-0.2978433734,-0.9449039301,0.1358156395,0.0647563887,522.308645216,1475.4282087034,6.0
6018,0.0,1160.417725,1383.270264,1767.242065,-0.2952996933,-0.9457019657,0.1358156222,0.0639346603,517.1614646076,1469.9344576721,6.0
6019,0.0,1159.598022,1379.401123,1767.216675,-0.2897802854,-0.947539776,0.1348916572,0.061969638,507.2013044716,1463.5602108812,6.0
6020,0.0,1158.932739,1377.325684,1767.202148,-0.2857329446,-0.9487717995,0.1348656992,0.0607448704,501.114047258,1460.0384651688,6.0
6021,0.0,1157.690063,1372.487793,1766.995728,-0.2791276644,-0.9507360279,0.1348656819,0.0587244981,490.1783991951,1451.7803882652,6.0
6022,0.0,1156.879761,1369.033447,1766.527832,-0.2723732533,-0.9526930534,0.1348656992,0.0566973453,479.9053948437,1445.7861084243,6.0
6023,0.0,1156.088257,1366.148193,1766.108521,-0.2667631504,-0.9541657808,0.1356653395,0.055218506,471.960579453,1440.2171996959,6.0
6024,0.0,1154.904541,1362.140503,1766.080566,-0.2612138082,-0.9555640374,0.1366188747,0.0539769177,464.5270560731,1433.2864006923,6.0
6025,0.0,1153.910767,1358.594727,1765.770996,-0.2535769997,-0.9574866778,0.1375426009,0.0521604772,454.7531115712,1426.6857201164,6.0
6026,0.0,1153.118896,1355.813232,1765.355713,-0.2474600948,-0.958956089,0.1384439269,0.0507645495,446.9456578538,1420.8306056089,6.0
6027,0.0,1151.751587,1351.008667,1765.321411,-0.2401652834,-0.960642355,0.1395954955,0.049317436,437.991112542,1412.1204823806,6.0
6028,0.0,1150.736816,1347.490601,1765.321777,-0.2355849323,-0.9616401881,0.1405271796,0.0484989983,432.550139399,1406.001171675,6.0
6029,0.0,1149.534424,1343.946167,1765.474854,-0.2326914246,-0.9623391611,0.140563295,0.0479541651,427.9597638706,1398.7650316647,6.0
6030,0.0,1148.572266,1341.022705,1765.678589,-0.230840133,-0.9627212036,0.1409989968,0.0477116342,425.0977387211,1392.8510163653,6.0
6031,0.0,1147.437622,1336.975952,1765.729248,-0.2289564605,-0.9631005118,0.1414791271,0.0475217659,422.0248383733,1385.4747852168,6.0
6032,0.0,1146.326782,1333.57373,1766.036011,-0.2271766059,-0.9635169977,0.1415124903,0.0473166666,419.2823643369,1379.3790172904,6.0
6033,0.0,1145.292725,1330.62915,1766.359253,-0.2261430822,-0.9636980813,0.1419341904,0.0473381732,417.3708718911,1372.7860937067,6.0
6034,0.0,1143.67627,1326.537476,1766.867798,-0.2251630967,-0.963854521,0.142429078,0.0475135868,415.8487979285,1365.3139638682,6.0
6035,0.0,1142.439575,1322.820923,1767.053101,-0.2223825718,-0.9644950553,0.1424615038,0.0470457823,411.6850507667,1358.1843399441,6.0
6036,0.0,1141.738892,1320.579712,1767.121094,-0.2194796323,-0.9650739825,0.1430416003,0.0465615501,408.2301972221,1353.6037411449,6.0
6037,0.0,1140.477783,1316.036987,1767.177734,-0.2127370696,-0.9665280132,0.1434103863,0.1115057859,323.2814224554,704.4890018266,3.0
6038,0.0,1139.407104,1312.880859,1767.184326,-0.2066076301,-0.9677926333,0.1438426438,0.1128666512,324.2058867305,702.4845576895,3.0
6039,0.0,1138.3125,1308.820923,1767.042236,-0.2005230023,-0.9690006849,0.1443197775,0.114701238,325.1886865221,699.296386422,3.0
6040,0.0,1137.581299,1305.514038,1766.817261,-0.1947556847,-0.9700563965,0.1451234333,0.1165310145,326.4093513836,696.7269218812,3.0
6041,0.0,1136.539673,1301.543091,1766.359619,-0.188195126,-0.9713229359,0.1453077723,0.1181007293,326.9255331587,693.464708455,3.0
6042,0.0,1135.781006,1298.603271,1766.040894,-0.1849455867,-0.9719468999,0.1453077895,0.1182427768,325.9612930533,691.0300380959,3.0
6043,0.0,1134.924927,1294.685425,1765.430298,-0.1818102695,-0.9725382626,0.1453077895,0.1185968638,324.8256509174,687.6584488147,3.0
6044,0.0,1134.168213,1291.199585,1764.865479,-0.1798574883,-0.9727871329,0.1460701135,0.1183981242,323.1303875817,684.6072940877,3.0
6045,0.0,1132.727905,1284.213379,1763.653687,-0.1778275239,-0.9731323056,0.1462562394,0.1170347859,318.3736582847,678.2011109158,3.0
6046,0.0,1132.2629395,1282.0438235,1763.268921,-0.177262496,-0.973235217,0.146256248,0.1162972271,316.45530081,676.1140784134,3.0
6047,0.0,1131.797974,1279.874268,1762.884155,-0.1766974681,-0.9733381284,0.1462562567,0.1155596683,314.5369433353,674.027045911,3.0
6048,0.0,1131.052002,1276.364258,1762.263916,-0.1757849496,-0.9735033378,0.1462562912,0.1146271099,311.7020558655,670.4978140435,3.0
6049,0.0,1129.843384,1270.598511,1761.304688,-0.1757542306,-0.9735088868,0.146256274,0.1120988676,305.6118900169,664.3241039887,3.0
6050,0.0,1129.062134,1265.980835,1760.724487,-0.1749166145,-0.9736597354,0.146256274,0.1107635211,301.5973463421,659.3044059728,3.0
6051,0.0,1128.328735,1262.44751,1760.086182,-0.1723451702,-0.9741181908,0.1462562567,0.1105689811,299.5184134716,655.3017871997,3.0
6052,0.0,1127.675781,1258.5448,1759.536377,-0.1692562244,-0.974520082,0.1471833557,0.1106673505,297.657992354,650.9589119509,3.0
6053,0.0,1127.352417,1255.297363,1759.372925,-0.1600301147,-0.9759480237,0.1480399183,0.1141246071,300.4217082401,647.5676823752,3.0
6054,0.0,1126.867798,1252.268799,1758.701172,-0.1503783698,-0.9774031338,0.1485579345,0.1175346888,302.9671395787,644.093630952,3.0
6055,0.0,1126.467529,1247.765747,1758.62793,-0.139548019,-0.9789289425,0.1490787576,0.1214596344,305.2897337412,639.1252116076,3.0
6056,0.0,1126.104736,1243.962646,1758.134521,-0.1157967432,-0.9818753584,0.1500396441,0.1318442314,315.0574286402,634.8229444518,3.0
6057,0.0,1125.794189,1241.974609,1757.574585,-0.1016588635,-0.9833390415,0.1506977268,0.1378363067,320.3459129294,632.3076645319,3.0
6058,0.0,1125.648682,1237.406738,1757.119019,-0.0792211295,-0.9852401566,0.1517426983,0.1486877447,329.1736515482,627.404515599,3.0
6059,0.0,1125.157715,1233.403198,1756.154907,-0.0582829012,-0.9866691515,0.1519443615,,,,
6060,0.0,1124.907227,1229.452637,1755.247803,-0.0377267527,-0.987668764,0.1519444133,,,,
6061,0.0,1124.883057,1226.501221,1754.33667,-0.0202773465,-0.9881810207,0.151944396,,,,
6062,0.0,1124.703735,1223.217041,1753.289673,0.0070297094,-0.9883049308,0.1523284183,,,,
6063,0.0,1124.630615,1218.936646,1751.590942,0.0328671969,-0.9877080933,0.1528151494,0.04057836,719.367027119,2551.1696064803,2.0
6064,0.0,1124.40918,1215.249878,1750.504272,0.0578279164,-0.9865495335,0.1528919556,0.0463294464,766.4117298575,2547.4632195811,2.0
6065,0.0,1124.344727,1211.591675,1748.961304,0.0796954003,-0.9850242121,0.1528919384,0.0518561728,808.545233237,2543.8622004281,2.0
6066,0.0,1124.245239,1208.619141,1747.47522,0.0922458175,-0.9839282313,0.1528919384,0.055225737,832.6204214908,2540.6316208768,2.0
6067,0.0,1124.117676,1204.053833,1745.680176,0.1115033616,-0.9820005685,0.1524528903,0.0606650921,870.0428436648,2536.5580237531,2.0
6068,0.0,1124.082886,1200.223511,1744.630615,0.1271060187,-0.9801793807,0.1519619744,0.0650262865,897.8988932424,2531.3105241133,2.0
6069,0.0,1124.091431,1197.303345,1743.825439,0.1343140425,-0.9792204212,0.1519444133,0.0671068285,910.1565824317,2527.1372611822,2.0
6070,0.0,1124.129517,1193.917847,1742.903564,0.1374368706,-0.9787870107,0.1519443788,0.0677953524,913.1939166235,2523.1117568782,2.0
6071,0.0,1124.131104,1189.343384,1741.723022,0.1379557146,-0.9787140141,0.151944396,0.0676377023,910.018375204,2517.1637046775,2.0
6072,0.0,1124.172729,1185.507812,1740.773438,0.1379929869,-0.9787087596,0.151944396,0.0673216787,906.0956844086,2511.9836366241,2.0
6073,0.0,1124.063965,1182.784912,1740.435913,0.1379929869,-0.9787087596,0.151944396,0.0670910815,903.2584914499,2508.2681402232,2.0
6074,0.0,1124.251465,1178.36084,1739.234253,0.1388561905,-0.978586664,0.151944396,0.0669845406,900.3876019693,2502.2145845012,2.0
6075,0.0,1124.148193,1174.661499,1738.750732,0.1423785057,-0.9780803963,0.151944396,0.0677953549,903.7792646013,2497.0994723207,2.0
6076,0.0,1124.160156,1173.434326,1738.466064,0.1436476961,-0.9778948,0.151944396,0.0680995416,905.1015193995,2495.3578033848,2.0
6077,0.0,1124.276123,1168.546875,1737.137695,0.1525443953,-0.9765465212,0.151944396,0.0705334789,917.9543443618,2488.311836995,2.0
6078,0.0,1124.64563,1163.903931,1735.626343,0.1620084304,-0.9750211121,0.151944396,0.0733591523,933.0926916676,2481.9741499291,2.0
6079,0.0,1124.671509,1160.071289,1734.700317,0.1723701793,-0.973242738,0.1519443788,0.0766056365,950.6054761552,2476.4854437057,2.0
6080,0.0,1124.965088,1156.009277,1733.536011,0.1841144443,-0.9710894768,0.151944396,0.0804509919,970.8999696521,2470.6383804578,2.0
6081,0.0,1125.300293,1152.796021,1732.586304,0.1869957905,-0.9705387523,0.1519444133,0.0812601839,973.709847738,2465.9406393231,2.0
6082,0.0,1125.409668,1148.511719,1731.013672,0.1876177562,-0.9704187128,0.151944396,0.0811032853,970.2173920952,2459.3709143613,2.0
6083,0.0,1125.651245,1146.41333,1730.428467,0.1853781369,-0.9709001787,0.1516172465,0.0800508374,962.750340011,2455.7597454947,2.0
6084,0.0,1126.046631,1141.621704,1728.594238,0.1815906949,-0.971701808,0.1510642771,0.0783051338,949.7718587256,2448.3977092123,2.0
6085,0.0,1126.428833,1137.490356,1726.651123,0.1691926053,-0.9742361826,0.1491231802,0.0733500894,917.8468473649,2441.5661392901,2.0
6086,0.0,1126.497925,1135.428101,1726.22998,0.1465536078,-0.9784071957,0.1457442945,0.0651110197,865.2320711365,2437.6835959938,2.0
6087,0.0,1126.907715,1130.654663,1724.31604,0.1089028919,-0.9841228062,0.1401515693,0.052641908,778.007217566,2429.9363913676,2.0
6088,0.0,1127.075928,1124.915649,1722.002563,-0.0102701953,-0.992242783,0.1238902042,0.023449819,520.8671678819,2419.3756959438,2.0
6089,0.0,1127.355347,1120.241455,1720.049438,-0.0695705205,-0.9907941873,0.1161327736,0.0143511776,407.086931641,2411.52722877,2.0
6090,0.0,1127.459656,1118.2457885,1719.248596,-0.1043825577,-0.9874896748,0.1128487538,0.0114870131,361.0826639631,2407.9906501578,2.0
6091,0.0,1127.617065,1113.515137,1717.576538,-0.1623731275,-0.9808155974,0.1078690472,0.007870766,300.4655158608,2399.5366192832,2.0
6092,0.0,1127.610107,1110.302246,1716.579956,-0.1882990694,-0.9764155341,0.1056227495,0.0076466967,295.4573241136,2393.7271800673,2.0
6093,0.0,1127.698486,1106.035034,1715.513428,-0.2098175797,-0.9722299149,0.1036608693,0.0079718627,300.7120836763,2386.2901086937,2.0
6094,0.0,1127.661133,1102.859009,1714.91748,-0.2152541613,-0.9711440115,0.1026886316,0.008063306,301.5744867892,2379.5797346108,2.0
6095,0.0,1127.460205,1098.329712,1713.712402,-0.2193601055,-0.9703349456,0.1016426947,0.008089374,301.1279359399,2372.2402294794,2.0
6096,0.0,1127.365112,1095.435059,1713.157593,-0.2230568249,-0.9695609413,0.1009813541,0.0081774248,302.1175903094,2367.2406310976,2.0
6097,0.0,1127.215454,1092.040039,1712.898315,-0.229265286,-0.9681900689,0.1002268386,0.0084303523,305.8272435731,2360.2367059202,2.0
6098,0.0,1127.034912,1087.347534,1712.401367,-0.2350970536,-0.9668467897,0.0996828002,0.0087088355,309.7254370992,2351.957383472,2.0
6099,0.0,1126.571655,1083.535034,1711.273438,-0.2453432851,-0.9644872527,0.0978315482,0.0091817669,317.0136433122,2344.7633476924,2.0
6100,0.0,1126.4869995,1081.644165,1710.9774785,-0.2506359534,-0.9631626122,0.0973106515,0.0095462612,322.6537801663,2341.1896936985,2.0
6101,0.0,1125.966919,1076.939209,1709.849487,-0.2595871481,-0.9609311052,0.0960516719,0.0101193342,330.9480442812,2332.2243966695,2.0
6102,0.0,1125.863037,1073.536499,1709.054443,-0.2652932051,-0.959472989,0.0950320936,0.0104976057,336.0569278571,2325.3883479787,2.0
6103,0.0,1125.304688,1069.68042,1707.99939,-0.2704704959,-0.9581144766,0.094140111,0.0108669644,340.8599627374,2318.4084699133,2.0
6104,0.0,1125.116821,1065.22998,1706.545166,-0.2787785498,-0.9558848936,0.0925558773,0.0115020008,349.3680871403,2310.1168918077,2.0
6105,0.0,1124.5802,1061.412476,1705.331177,-0.2862110247,-0.95382506,0.0911098473,0.0121340809,357.6843187075,2303.0475984626,2.0
6106,0.0,1124.439575,1057.518799,1703.446411,-0.29415894,-0.9515865301,0.0891829229,0.0128101285,366.3045946668,2295.862849064,2.0
6107,0.0,1124.223633,1053.753052,1702.120361,-0.3019697507,-0.9493146764,0.0872692089,0.0135617047,375.6687718145,2288.8135377843,2.0
6108,0.0,1124.238037,1051.043823,1701.057129,-0.3118314116,-0.9462787021,0.0855440745,0.0147170165,390.3619270866,2283.7384049882,2.0
6109,0.0,1124.489868,1046.655884,1699.328003,-0.3276902486,-0.9411521217,0.082775508,0.0167686256,414.9949463794,2275.6600310482,2.0
6110,0.0,1124.650391,1043.08728,1698.427979,-0.3448131703,-0.9353254552,0.0791844074,0.0193035296,443.662966916,2268.9548446653,2.0
6111,0.0,1125.041016,1039.458008,1697.40625,-0.3625106397,-0.9289267296,0.075373517,0.0222379503,474.429590066,2262.2331948902,2.0
6112,0.0,1125.444214,1035.484985,1696.286743,-0.3843180499,-0.9205156461,0.0703603711,0.0263463457,514.1821641971,2254.8691422963,2.0
6113,0.0,1125.923096,1032.056274,1695.370361,-0.4029406942,-0.9128354032,0.0661084229,0.0302512474,548.7688941076,2248.0834346842,2.0
6114,0.0,1126.481323,1028.343872,1694.507935,-0.418370974,-0.9061188084,0.0625654315,0.033751409,577.4556763925,2241.5761052095,2.0
6115,0.0,1126.844727,1024.861694,1693.729736,-0.4398291604,-0.8961603,0.0587113823,0.0393054656,620.461077068,2235.0286830202,2.0
6116,0.0,1127.371948,1022.150696,1692.98291,-0.4568597882,-0.8878286298,0.0551312796,0.04406568,654.7006789027,2230.0542063483,2.0
6117,0.0,1127.901733,1018.47345,1692.080811,-0.4732549902,-0.8793760318,0.0522255583,0.0489364664,686.9381176357,2223.1338244387,2.0
6118,0.0,1128.47229,1014.856384,1691.177002,-0.4816753023,-0.87486441,0.0510016391,0.0513889009,701.3637639892,2216.3894482907,2.0
6119,0.0,1128.884277,1011.726196,1690.480347,-0.491460143,-0.8695084972,0.0492128149,0.0543960456,719.0305424681,2210.2248302205,2.0
6120,0.0,1129.611084,1007.316772,1689.474487,-0.5026759799,-0.8631926268,0.0470674859,0.05790504,738.7197732306,2202.8570236197,2.0
6121,0.0,1130.070435,1003.809448,1688.92981,-0.5166935297,-0.8550281706,0.0442111283,0.062719773,765.7907803151,2196.9069947079,2.0
6122,0.0,1130.793213,1000.404236,1687.962769,-0.5295993233,-0.8472794945,0.040521783,0.0672319854,789.9347757879,2191.3583369038,2.0
6123,0.0,1131.446167,997.01532,1687.283447,-0.5422479594,-0.8393740998,0.0376599401,0.0719067552,813.9371059437,2185.9588661215,2.0
6124,0.0,1132.061523,993.729797,1686.589233,-0.553528915,-0.8320944697,0.0349933381,0.0762007483,835.007410882,2180.8753111248,2.0
6125,0.0,1132.43457,991.003601,1685.797729,-0.5616380797,-0.8267199751,0.0331172209,0.079275679,849.2856238748,2176.4629059609,2.0
6126,0.0,1133.378174,986.140564,1684.79126,-0.5718697952,-0.8197674695,0.0307609033,0.0830755103,865.7739183528,2169.5291352321,2.0
6127,0.0,1134.345093,980.181824,1682.861328,-0.5904187913,-0.8066516567,0.0268096174,0.0871185981,199.1448074424,487.8311468256,3.0
6128,0.0,1134.840332,977.000305,1681.658447,-0.6028330153,-0.7974942405,0.024398608,0.0852553833,197.7877187306,489.5341426292,3.0
6129,0.0,1135.602417,972.964355,1680.886841,-0.6140598866,-0.7889400346,0.0224516694,0.0845744625,197.8781711608,491.6382090198,3.0
6130,0.0,1135.927429,970.901672,1680.3061525,-0.6219116022,-0.7827448746,0.0208266674,0.0830737736,196.5208680021,492.492705894,3.0
6131,0.0,1136.448242,967.172913,1679.239136,-0.6371138781,-0.770560967,0.0179360662,0.0799550655,193.8152854431,494.6628976001,3.0
6132,0.0,1136.974243,963.137817,1678.481323,-0.648971001,-0.7606473542,0.0158821426,0.0778925772,191.9156209387,495.9906172448,3.0
6133,0.0,1137.206665,961.048828,1678.1572265,-0.6571616033,-0.7535356544,0.0142204525,0.0759093263,189.802498389,496.694511452,3.0
6134,0.0,1137.829346,956.349609,1677.638306,-0.6757293958,-0.737065796,0.0111263666,0.0711827039,184.7203365461,498.5192406842,3.0
6135,0.0,1138.158691,952.975525,1677.430176,-0.6884523351,-0.7252317313,0.0085040143,0.0680646578,181.2297610192,499.7725413431,3.0
6136,0.0,1138.600464,948.788574,1677.174316,-0.7039998249,-0.7101756507,0.0058984456,0.0642702383,176.6237150865,500.7508518278,3.0
6137,0.0,1138.990356,945.739441,1677.356445,-0.7148217795,-0.6992972062,0.0036388115,0.0616154119,173.3558467661,501.6188421581,3.0
6138,0.0,1139.385986,941.588074,1676.964966,-0.7261704684,-0.6875137128,0.0011600154,0.0595950576,170.7571738438,502.1432746447,3.0
6139,0.0,1140.005493,937.834839,1677.544067,-0.7406278082,-0.6719118007,-0.002231995,0.0560143877,165.8660649285,502.6448321874,3.0
6140,0.0,1140.265015,934.103577,1677.216187,-0.7542332039,-0.6565839088,-0.0054630454,0.0530665,161.5818990951,502.6977332551,3.0
6141,0.0,1140.666626,930.464233,1677.274292,-0.7634067608,-0.6458782839,-0.0071665922,0.051657982,159.380379045,502.3813849953,3.0
6142,0.0,1140.934204,927.472168,1677.235107,-0.7689150118,-0.6392989699,-0.0081567058,0.0513447969,158.6960190008,501.7071743122,3.0
6143,0.0,1141.380615,922.453308,1677.223633,-0.7806661442,-0.6248435252,-0.0114429142,0.0500412006,156.3133191283,500.4024264196,3.0
6144,0.0,1141.623535,918.991577,1677.17041,-0.7891082211,-0.6140926028,-0.0140886694,0.0490939205,154.5589518831,499.415624525,3.0
6145,0.0,1141.850708,914.878601,1676.665039,-0.7987396423,-0.6014560357,-0.0162978785,0.047852461,152.1590937413,497.8396185184,3.0
6146,0.0,1141.901001,912.293823,1676.3302,-0.8043454762,-0.5938799133,-0.018303101,0.0476804869,151.6735748828,497.123318298,3.0
6147,0.0,1142.077759,908.160461,1675.641113,-0.8133076439,-0.5814666363,-0.0206694746,0.0473465983,150.7135897447,495.673204584,3.0
6148,0.0,1142.144897,904.026917,1675.243042,-0.8217716722,-0.5693626173,-0.0227492593,0.0473989183,150.2566555996,493.9042234569,3.0
6149,0.0,1142.122559,901.006165,1675.097656,-0.8296119147,-0.5577543666,-0.0255761105,0.0468393416,148.9628447581,492.4969922657,3.0
6150,0.0,1142.306641,896.123535,1674.480225,-0.8386305406,-0.5439499513,-0.0285878789,0.0473592383,149.1260628496,490.3882118108,3.0
6151,0.0,1141.900391,892.355896,1674.393921,-0.8471138953,-0.5304748794,-0.0315349126,0.0471437224,148.0753631973,488.0178754781,3.0
6152,0.0,1141.748169,889.127808,1674.220947,-0.854786022,-0.5178653261,-0.0340053023,0.046978688,147.2007206182,485.9661312891,3.0
6153,0.0,1141.44751,886.161743,1674.184204,-0.8600699448,-0.5089229838,-0.0357363483,0.0472412361,146.9986345494,483.9810714202,3.0
6154,0.0,1140.989014,882.298035,1674.213623,-0.8688000843,-0.4936602064,-0.0385488535,0.0469320996,145.7390872921,481.3737263579,3.0
6155,0.0,1140.393311,878.802246,1674.383301,-0.8794664913,-0.4740728214,-0.0423515141,0.0458623262,143.3273118431,478.7660398194,3.0
6156,0.0,1139.753296,875.344666,1674.426147,-0.8880062574,-0.4575477829,-0.0457702212,0.0454987265,141.9275380815,475.9365628766,3.0
6157,0.0,1138.96167,871.478271,1674.744263,-0.8947350094,-0.4439444041,-0.0486068819,0.0457837231,141.4869064432,473.0144246346,3.0
6158,0.0,1138.195312,867.760376,1674.845459,-0.9021533834,-0.4283093214,-0.0516758945,0.0458988173,140.856007451,470.3282906625,3.0
6159,0.0,1137.531616,865.457764,1675.322876,-0.9066407617,-0.4185563175,-0.0530390267,0.0456614535,139.9133175712,468.3648446574,3.0
6160,0.0,1136.355347,860.975891,1675.797607,-0.915143713,-0.3991457313,-0.0565214097,0.0455583731,138.7349502638,464.9330585014,3.0
6161,0.0,1135.69751,858.394592,1675.92627,-0.9185017634,-0.3911465152,-0.0579561401,0.0458859811,138.7150568714,463.2427626332,3.0
6162,0.0,1134.773804,855.111755,1676.095947,-0.9209780653,-0.3850842556,-0.0592411956,0.0469237117,139.5265038249,460.8938672446,3.0
6163,0.0,1133.438965,850.500916,1675.956909,-0.9228232228,-0.3804677106,-0.0603458416,0.0488939815,141.4638822148,458.0126108799,3.0
6164,0.0,1132.609009,847.790283,1675.888916,-0.9236092634,-0.3785527188,-0.0603636289,0.0500690477,142.601087837,456.3820515694,3.0
6165,0.0,1131.257568,843.913818,1675.567261,-0.924847457,-0.3753813411,-0.0612048202,0.0502656302,141.9548587663,453.4474587951,3.0
6166,0.0,1131.1088255,843.445343,1675.567261,-0.9249879361,-0.3750133639,-0.0613361442,0.0504902212,142.1716292914,453.1566201878,3.0
6167,0.0,1130.960083,842.976868,1675.567261,-0.9251284152,-0.3746453867,-0.0614674681,0.0507148123,142.3883998165,452.8657815804,3.0
6168,0.0,1128.331543,836.429626,1673.633057,-0.9272413282,-0.3690264028,-0.0635848515,0.0550633724,146.8558397691,448.7527161312,3.0
6169,0.0,1126.880493,831.915588,1673.311279,-0.9284459743,-0.365744868,-0.0649520153,0.0575466179,149.2064515936,446.2748345388,3.0
6170,0.0,1124.329346,825.261047,1673.518677,-0.931368853,-0.357772026,-0.0674628568,0.060222522,151.1877623666,442.3450927842,3.0
6171,0.0,1123.798035,823.6495665,1673.4298095,-0.9326334126,-0.3542485302,-0.0684680359,0.0607092165,151.5000862537,441.5408425147,3.0
6172,0.0,1123.266724,822.038086,1673.340942,-0.9338979723,-0.3507250343,-0.069473215,0.061195911,151.8124101407,440.7365922452,3.0
6173,0.0,1120.758423,815.505371,1673.516846,-0.9399587119,-0.3326083882,-0.0764805857,0.0627664414,152.4591371612,437.2186836985,3.0
6174,0.0,1119.282715,812.9975585,1671.622742,-0.9423580428,-0.324972415,-0.079261896,0.0645534532,154.0476007896,435.8799523151,3.0
6175,0.0,1117.807007,810.489746,1669.728638,-0.9447573736,-0.3173364417,-0.0820432063,0.0663404649,155.6360644181,434.5412209318,3.0
6176,0.0,1115.664917,804.504822,1665.98938,-0.9514586971,-0.2940108881,-0.0910161823,0.0700420695,159.074024574,432.6591202754,3.0
6177,0.0,1114.8896485,802.7128905,1665.5665285,-0.9533787657,-0.2867514649,-0.0936960978,0.0707285548,159.5114049394,431.8243232964,3.0
6178,0.0,1114.11438,800.920959,1665.143677,-0.9552988343,-0.2794920416,-0.0963760132,0.0714150401,159.9487853047,430.9895263174,3.0
6179,0.0,1112.279541,797.857178,1661.819458,-0.9645224454,-0.2395465662,-0.1109679909,0.0736299868,161.8408804913,429.7253922763,3.0
6180,0.0,1111.966309,797.599854,1660.865112,-0.9666000094,-0.2284250365,-0.1162171436,0.074769086,163.0045061258,429.6325342286,3.0
6181,0.0,1111.9019534,797.6801518,1661.28728,-0.9667702415,-0.227459404,-0.1166740711,0.0744475014,162.6102251701,429.4852600381,3.0
6182,0.0,1111.8375978,797.7604496,1661.709448,-0.9669404735,-0.2264937715,-0.1171309986,0.0741259168,162.2159442143,429.3379858475,3.0
6183,0.0,1111.7732422,797.8407474,1662.131616,-0.9671107056,-0.2255281391,-0.1175879262,0.0738043322,161.8216632585,429.190711657,3.0
6184,0.0,1111.7088866,797.9210452,1662.553784,-0.9672809376,-0.2245625066,-0.1180448537,0.0734827476,161.4273823027,429.0434374665,3.0
6185,0.0,1111.644531,798.001343,1662.975952,-0.9674511697,-0.2235968741,-0.1185017812,0.073161163,161.0331013469,428.8961632759,3.0
6186,0.0,1111.644531,798.001343,1662.975952,-0.9674511697,-0.2235968741,-0.1185017812,0.073161163,161.0331013469,428.8961632759,3.0
6187,0.0,1110.055908,797.929016,1656.564331,-0.9774161577,-0.1545620371,-0.1441118711,0.0816703728,169.7999413558,428.9865241464,3.0
6188,0.0,1108.895752,796.782288,1655.837158,-0.9801712974,-0.1293965299,-0.1500692031,0.0838175199,171.506351259,427.951321569,3.0
6189,0.0,1108.5354,796.215027,1656.498047,-0.9812824513,-0.1169091299,-0.1530261616,0.0841219361,171.577087078,427.3864293163,3.0
6190,0.0,1108.300781,795.843689,1656.29834,-0.9820156967,-0.1072544477,-0.1553758506,0.0850846451,172.4498503516,427.2306826433,3.0
6191,0.0,1108.025024,795.48877,1656.379395,-0.9828335053,-0.096025308,-0.157535523,0.0857880069,173.02655723,426.9769798614,3.0
6192,0.0,1107.828857,795.307434,1656.744995,-0.9833784596,-0.0863978549,-0.159694132,0.0863273361,173.4462672179,426.7337196082,3.0
6193,0.0,1107.50415,795.024658,1657.324829,-0.9840261994,-0.0710567635,-0.1632279857,0.0874185289,174.3320684306,426.3493095818,3.0
6194,0.0,1107.271973,794.843384,1657.644043,-0.9842854613,-0.0589136442,-0.1664671533,0.0887580826,175.5075345554,426.1220216768,3.0
6195,0.0,1106.957886,794.567932,1658.029053,-0.9843795261,-0.0469123929,-0.1696943603,0.0901938666,176.7237034737,425.8058851602,3.0
6196,0.0,1106.749756,794.306274,1658.365356,-0.9842344794,-0.0400692197,-0.1722699835,0.091277234,177.648271601,425.6065708027,3.0
6197,0.0,1106.448608,793.936096,1658.459229,-0.9839644285,-0.0320933465,-0.1754537564,0.0929771494,179.1580378477,425.4712658776,3.0
6198,0.0,1106.151367,793.273376,1659.167969,-0.983697657,-0.025696905,-0.1779847991,0.0937948224,179.9218975091,425.5099966192,3.0
6199,0.0,1105.9694825,793.028564,1659.254883,-0.9835898211,-0.024850568,-0.1786960528,0.0941137376,180.2222983673,425.5339068405,3.0
6200,0.0,1105.787598,792.783752,1659.341797,-0.9834819852,-0.0240042311,-0.1794073065,0.0944326528,180.5226992256,425.5578170619,3.0
6201,0.0,1105.758118,792.7472225,1659.341797,-0.9834411949,-0.0237457691,-0.1796647428,0.0945756399,180.6818828223,425.6270222661,3.0
6202,0.0,1105.728638,792.710693,1659.341797,-0.9834004046,-0.0234873072,-0.1799221792,0.094718627,180.8410664191,425.6962274704,3.0
6203,0.0,1105.020874,791.634338,1660.081299,-0.982758403,-0.0195350565,-0.1838594652,0.0962489227,182.4149678779,426.1450531333,3.0
6204,0.0,1104.244507,790.806702,1659.895142,-0.9824397706,-0.0166345425,-0.1858369961,0.0979211585,184.244270225,426.9150467537,3.0
6205,0.0,1103.904541,790.296204,1660.057861,-0.9822330518,-0.0162929692,-0.1869566023,0.0985323032,185.0099999382,427.4264658306,3.0
6206,0.0,1103.60791,789.866394,1660.211914,-0.9822253513,-0.0162928415,-0.1869970656,0.0986052804,185.2184296069,427.7578318,3.0
6207,0.0,1103.339355,789.457336,1660.361816,-0.9822014125,-0.0176755498,-0.18699722,0.0986296396,185.5219733542,428.4086905496,3.0
6208,0.0,1102.973145,789.042725,1660.359131,-0.982180333,-0.0188113071,-0.1869971342,0.0987906021,185.810812119,428.7441319739,3.0
6209,0.0,1102.510498,788.482056,1660.483032,-0.9821209306,-0.0216921537,-0.1869971342,0.0987204205,185.8825659812,429.054211107,3.0
6210,0.0,1102.144165,787.962402,1660.667603,-0.9820501359,-0.0246902573,-0.1869971171,0.0986572416,186.1029380744,429.6932562354,3.0
6211,0.0,1101.763672,787.503296,1660.696655,-0.9820243286,-0.0256961055,-0.1869971342,0.0988974469,186.5125223195,430.1428246923,3.0
6212,0.0,1101.349487,787.023315,1660.687256,-0.9819991846,-0.0266396947,-0.1869971342,0.0992335355,187.0262515411,430.6346354943,3.0
6213,0.0,1100.908569,786.525879,1660.734985,-0.981996347,-0.0267445692,-0.1869970656,0.099654629,187.617918771,431.131055151,3.0
6214,0.0,1100.391968,786.001221,1660.751221,-0.981996347,-0.0267445692,-0.1869970656,0.1001151316,188.1926952125,431.5084044041,3.0
6215,0.0,1100.064575,785.632812,1660.732666,-0.981996347,-0.0267445692,-0.1869970656,0.1005720248,188.830630694,432.0384822875,3.0
6216,0.0,1099.528809,785.028564,1660.713989,-0.9818519481,-0.031604073,-0.1869971514,0.100585639,189.1083521293,432.6461685288,3.0
6217,0.0,1099.499105,784.9761146667,1660.7993163333,-0.9818452849,-0.0323027769,-0.1869100733,0.1004221112,188.9772359289,432.6798170949,3.0
6218,0.0,1099.469401,784.9236653333,1660.8846436667,-0.9818386218,-0.0330014807,-0.1868229952,0.1002585834,188.8461197286,432.7134656609,3.0
6219,0.0,1099.439697,784.871216,1660.969971,-0.9818319586,-0.0337001846,-0.1867359171,0.1000950556,188.7150035282,432.747114227,3.0
6220,0.0,1099.439697,784.871216,1660.969971,-0.9795001717,-0.0597998695,-0.1923626506,0.0995333466,188.2125637301,432.747114227,3.0
6221,0.0,1097.358765,782.19458,1661.601929,-0.9814451855,-0.0594742152,-0.1822859444,0.0969072459,186.5803323662,434.4679641599,3.0
6222,0.0,1097.043213,781.64325,1661.755371,-0.9803925531,-0.0607040185,-0.1874712349,0.0990865655,188.4965449027,434.3250080368,3.0
6223,0.0,1096.180054,781.047363,1661.333984,-0.9795320964,-0.0606709056,-0.1919268438,0.1015743661,190.3484044916,433.4713375682,3.0
6224,0.0,1095.774658,780.498962,1661.436646,-0.9794948268,-0.0598864718,-0.1923629246,0.1019314696,190.4079062709,432.8873453903,3.0
6225,0.0,1095.364258,779.968384,1661.528564,-0.9795477341,-0.0597566986,-0.1921337386,0.1019715353,190.141379503,432.2010331663,3.0
6226,0.0,1095.007568,779.539246,1661.513428,-0.9795798213,-0.05972775,-0.1919790864,0.1020107772,189.9461320116,431.678635244,3.0
6227,0.0,1094.622192,778.830811,1661.713135,-0.9795948764,-0.0602610282,-0.1917354598,0.1017820342,189.4051614539,430.9066603851,3.0
6228,0.0,1094.255615,778.269897,1661.800171,-0.9796420775,-0.061524734,-0.1910918814,0.1013926162,188.762821003,430.225067939,3.0
6229,0.0,1093.786255,777.63208,1661.825195,-0.979712211,-0.06384925,-0.1899664626,0.1008221612,187.8750721143,429.3469104638,3.0
6230,0.0,1093.365601,777.019714,1661.81311,-0.9797775779,-0.0666263973,-0.1886711982,0.1001610439,186.9349551543,428.531452398,3.0
6231,0.0,1092.867065,776.392029,1661.824341,-0.9797888358,-0.0698742493,-0.1874337926,0.099438838,185.9611892658,427.7631502279,3.0
6232,0.0,1092.485107,775.948059,1661.823853,-0.9797791658,-0.0715915642,-0.1868353132,0.0991970249,185.5183394532,427.237114582,3.0
6233,0.0,1091.901978,775.110535,1661.813843,-0.9797593063,-0.0737509138,-0.1860981043,0.0988757492,184.9042400137,426.4780910745,3.0
6234,0.0,1092.064429,775.0671634,1661.754297,-0.9797395083,-0.0741699276,-0.186033861,0.0988147727,184.920822582,426.6413542377,3.0
6235,0.0,1092.22688,775.0237918,1661.694751,-0.9797197102,-0.0745889415,-0.1859696176,0.0987537963,184.9374051503,426.8046174008,3.0
6236,0.0,1092.389331,774.9804202,1661.635205,-0.9796999122,-0.0750079553,-0.1859053743,0.0986928199,184.9539877186,426.967880564,3.0
6237,0.0,1092.551782,774.9370486,1661.575659,-0.9796801141,-0.0754269692,-0.1858411309,0.0986318434,184.9705702869,427.1311437272,3.0
6238,0.0,1092.714233,774.893677,1661.516113,-0.9774932728,-0.123607986,-0.1709618888,0.08820578,175.4673440955,427.2944068903,3.0
6239,0.0,1092.714233,774.893677,1661.516113,-0.9774932728,-0.123607986,-0.1709618888,0.08820578,175.4673440955,427.2944068903,3.0
6240,0.0,1090.185425,771.37793,1660.909668,-0.9787946486,-0.1002159546,-0.1786555296,0.0946619035,180.395603907,424.768504946,3.0
6241,0.0,1088.752075,769.727051,1660.993408,-0.9781458137,-0.1134098629,-0.1742669507,0.0921132592,177.4869437675,423.3787357398,3.0
6242,0.0,1086.147095,768.746704,1663.03125,-0.977759678,-0.1187192001,-0.172892347,0.0899051649,174.1956446052,420.356247202,3.0
6243,0.0,1085.552734,767.992981,1663.031128,-0.9774953992,-0.1235709711,-0.1709764884,0.088967605,173.113651352,419.8376113006,3.0
6244,0.0,1085.030518,767.321655,1663.031128,-0.9770453403,-0.1284380204,-0.1699590475,0.0921085917,176.215099317,420.3550040479,3.0
6245,0.0,1083.923096,765.880676,1663.031128,-0.9758612104,-0.1386136954,-0.1687635667,0.099162127,182.9815339426,421.465285135,3.0
6246,0.0,1083.6670535,765.5493775,1663.031189,-0.9757037224,-0.1400460995,-0.1684849601,0.1007534312,184.46268899,421.6976357616,3.0
6247,0.0,1083.411011,765.218079,1663.03125,-0.9755462345,-0.1414785036,-0.1682063534,0.1023447353,185.9438440373,421.9299863882,3.0
6248,0.0,1082.709717,764.314575,1663.031128,-0.9752800612,-0.1437717709,-0.167804887,0.1068666293,190.0716796261,422.5768984772,3.0
6249,0.0,1081.659912,762.914429,1663.031006,-0.9743025151,-0.151801822,-0.1664055765,0.1130305371,195.6344462349,423.6088197347,3.0
6250,0.0,1081.088257,762.155762,1663.031128,-0.9739826431,-0.1543184651,-0.1659627133,0.1161177808,198.3211930661,424.0263926395,3.0
6251,0.0,1080.838257,761.824707,1663.031128,-0.9738329017,-0.15547856,-0.1657585499,0.1194241396,201.3614905844,424.898236213,3.0
6252,0.0,1079.934082,760.604492,1663.03125,-0.9733945103,-0.1593470786,-0.1646561136,0.121626706,203.0229264627,424.7561333174,3.0
6253,0.0,1079.8890075,760.543579,1663.0312195,-0.9733774994,-0.1594938256,-0.1646143751,0.1218275908,203.1909870768,424.7802618072,3.0
6254,0.0,1079.843933,760.482666,1663.031189,-0.9733604885,-0.1596405726,-0.1645726365,0.1220284756,203.3590476909,424.804390297,3.0
6255,0.0,1079.7988585,760.421753,1663.0311585,-0.9733434776,-0.1597873195,-0.164530898,0.1222293605,203.5271083049,424.8285187868,3.0
6256,0.0,1079.753784,760.36084,1663.031128,-0.9733264667,-0.1599340665,-0.1644891595,0.1224302453,203.695168919,424.8526472766,3.0
6257,0.0,1076.700073,756.189148,1663.031128,-0.9720288719,-0.1698573667,-0.1621984807,0.1339506782,212.8899201759,425.8151229583,3.0
6258,0.0,1076.061646,755.31189,1663.031006,-0.9719417345,-0.1707601576,-0.161772165,0.1345210328,213.0497636701,425.2954944064,3.0
6259,0.0,1075.491089,754.518311,1663.031128,-0.9718562174,-0.1717244984,-0.1612643461,0.1341947966,212.4438539402,424.5640165441,3.0
6260,0.0,1075.010864,753.853638,1663.031128,-0.9718539202,-0.1721549094,-0.1608186711,0.1337893886,211.8158491943,423.9037821717,3.0
6261,0.0,1074.366699,752.957031,1663.031128,-0.9718514422,-0.1727396614,-0.1602054419,0.1328913224,210.6615706874,422.9141417952,3.0
6262,0.0,1073.692383,752.016418,1663.031128,-0.9716898621,-0.1732360847,-0.1606489053,0.1323291014,209.6981881079,421.8099503925,3.0
6263,0.0,1073.171143,751.292358,1663.031128,-0.9717827834,-0.172728525,-0.1606333669,,,,
6264,0.0,1072.379395,750.191772,1663.031128,-0.9719487672,-0.1719421198,-0.1604727435,,,,
6265,0.0,1071.849976,749.457458,1663.031128,-0.9721658881,-0.1709201786,-0.1602491144,,,,
6266,0.0,1071.324341,748.729492,1663.031128,-0.9724184469,-0.169597469,-0.160122024,,,,
6267,0.0,1070.605957,747.73053,1663.031128,-0.9726422692,-0.1681347206,-0.1603051215,,,,
6268,0.0,1070.03833,746.938354,1663.031128,-0.972743956,-0.1673693601,-0.1604889197,,,,
6269,0.0,1069.283203,745.906982,1663.031128,-0.9731773154,-0.1630501222,-0.1622977829,,,,
6270,0.0,1069.240692,745.84921225,1663.031128,-0.9732006931,-0.1627654385,-0.1624423451,,,,
6271,0.0,1069.198181,745.7914425,1663.031128,-0.9732240708,-0.1624807549,-0.1625869073,,,,
6272,0.0,1069.15567,745.73367275,1663.031128,-0.9732474484,-0.1621960712,-0.1627314696,,,,
6273,0.0,1069.113159,745.675903,1663.031128,-0.974018873,-0.1082057199,-0.1989441056,,,,
6274,0.0,1066.604736,742.257202,1663.031128,-0.9736142891,-0.1484171048,-0.1733423751,,,,
6275,0.0,1065.644653,740.995483,1663.03125,-0.9741594201,-0.1374211403,-0.1792452354,,,,
6276,0.0,1064.891357,740.028198,1663.031128,-0.9745764688,-0.1276284702,-0.1841512422,,,,
6277,0.0,1063.940796,738.794373,1663.031128,-0.9747094122,-0.1167847576,-0.1905331526,,,,
6278,0.0,1063.389282,738.141785,1663.03125,-0.9744311677,-0.11293,-0.194243956,,,,
6279,0.0,1062.507202,737.144043,1663.031128,-0.9740636978,-0.1086952514,-0.1984571868,,,,
6280,0.0,1061.672241,736.396301,1663.031128,-0.9737730318,-0.1053644388,-0.2016542028,,,,
6281,0.0,1061.017822,735.933472,1663.031128,-0.9735001833,-0.1035781386,-0.2038846788,,,,
6282,0.0,1060.05835,735.411865,1663.031128,-0.973064546,-0.1003861011,-0.2075283596,,,,
6283,0.0,1059.491455,735.175964,1663.031128,-0.97284884,-0.0995676499,-0.2089292168,,,,
6284,0.0,1057.744263,734.748413,1663.031128,-0.9702798609,-0.1003967976,-0.220176008,,,,
6285,0.0,1056.884888,734.660461,1663.031128,-0.968351318,-0.1045774209,-0.2266258767,,,,
6286,0.0,1056.061157,734.653503,1663.031128,-0.9666466646,-0.1092763015,-0.2316309903,,,,
6287,0.0,1056.0172116667,734.6549883333,1663.0311686667,-0.9665673314,-0.1095124604,-0.2318499404,,,,
6288,0.0,1055.9732663333,734.6564736667,1663.0312093333,-0.9664879982,-0.1097486192,-0.2320688905,,,,
6289,0.0,1055.929321,734.657959,1663.03125,-0.966408665,-0.1099847781,-0.2322878406,,,,
6290,0.0,1055.929321,734.657959,1663.03125,-0.9652510428,-0.1143576009,-0.2349739632,,,,
6291,0.0,1052.254028,735.6474,1663.031128,-0.9652633805,-0.1143113487,-0.2349457849,,,,
6292,0.0,1051.526733,735.936462,1663.031128,-0.9652510428,-0.1143576009,-0.2349739632,,,,
6293,0.0,1050.973145,736.236633,1663.031128,-0.9652510428,-0.1143576009,-0.2349739632,,,,
6294,0.0,1050.131348,736.675232,1663.031128,-0.9652510428,-0.1143576009,-0.2349739632,,,,
6295,0.0,1049.498413,737.030334,1663.031128,-0.9652510428,-0.1143576009,-0.2349739632,,,,
6296,0.0,1048.903564,737.375793,1663.031128,-0.9652510428,-0.1143576009,-0.2349739632,,,,
6297,0.0,1048.03833,737.891785,1663.031128,-0.9652510428,-0.1143576009,-0.2349739632,,,,
6298,0.0,1047.298096,738.361084,1665.525024,-0.9652510428,-0.1143576009,-0.2349739632,,,,
6299,0.0,1046.619629,738.801086,1666.826904,-0.9652510428,-0.1143576009,-0.2349739632,,,,
6300,0.0,1045.723511,739.39856,1668.535278,-0.9652510428,-0.1143576009,-0.2349739632,,,,
6301,0.0,1045.109863,739.817139,1669.697021,-0.9652510428,-0.1143576009,-0.2349739632,,,,
6302,0.0,1044.181396,740.462097,1671.441162,-0.9652510428,-0.1143576009,-0.2349739632,,,,
6303,0.0,1043.660767,740.82959,1672.410645,-0.9652510428,-0.1143576009,-0.2349739632,,,,
6304,0.0,1043.5284425,740.9235535,1672.6564945,-0.9652510428,-0.1143576009,-0.2349739632,,,,
6305,0.0,1043.396118,741.017517,1672.902344,-0.9652510428,-0.1143576009,-0.2349739632,,,,
6306,0.0,1041.553467,741.951782,1676.459229,-0.9659440959,-0.1163326561,-0.231124894,,,,
6307,0.0,1040.251099,742.338562,1676.70105,-0.967104689,-0.1213877246,-0.2235476253,,,,
6308,0.0,1039.473877,742.567017,1676.701172,-0.9676918833,-0.1240949492,-0.2194831716,,,,
6309,0.0,1038.488159,742.650146,1676.70105,-0.9685240419,-0.1449982049,-0.2023282008,,,,
6310,0.0,1037.672974,742.552795,1676.700684,-0.9677704713,-0.1677358866,-0.1878429857,,,,
6311,0.0,1036.299316,742.443298,1676.700928,-0.9660673025,-0.1914251858,-0.1734080886,,,,
6312,0.0,1035.233765,741.805298,1676.699951,-0.9511526694,-0.2770062567,-0.1362942889,,,,
6313,0.0,1034.901367,740.80365,1676.695435,-0.8964693257,-0.43325422,-0.0929167853,,,,
6314,0.0,1035.661743,740.083801,1676.676636,-0.6821346889,-0.7291367168,-0.0552441349,0.0775281207,711.9387726939,1844.0938489329,2.0
6315,0.0,1035.526367,740.500305,1676.687744,-0.5028661147,-0.8635053667,-0.0385246986,0.0148433468,316.6221703367,1844.4972530932,2.0
6316,0.0,1033.842773,739.238464,1676.70166,-0.0915028558,-0.9952512441,-0.0331992237,0.0360313637,490.2210578622,1842.8260353035,2.0
6317,0.0,1032.750732,737.148193,1676.70166,0.271432968,-0.9618545957,-0.0340570213,0.0070198767,83.5638450814,706.4837704733,6.0
6318,0.0,1031.813965,734.944946,1676.701416,0.5449152617,-0.8377796308,-0.0345347335,0.001975288,51.2994278169,816.576499736,0.0
6319,0.0,1031.128662,733.663818,1676.700928,0.6101525356,-0.7916445468,-0.0318244395,0.0093771735,111.2595219854,814.3417926679,0.0
6320,0.0,1030.502686,731.549927,1676.701172,0.6301025834,-0.7759394043,-0.0298123333,0.0133984535,132.1983997362,810.2955936225,0.0
6321,0.0,1030.379639,731.15094,1676.701172,0.6301025834,-0.7759394043,-0.0298123333,0.0134959523,132.5420885585,809.4822236199,0.0
6322,0.0,1029.262085,727.353577,1676.701172,0.6301025834,-0.7759394043,-0.0298123333,0.014069798,134.3200886604,803.553965245,0.0
6323,0.0,1028.782593,725.637756,1676.70105,0.6301025834,-0.7759394043,-0.0298123333,0.0143487593,135.2235568143,801.1128442735,0.0
6324,0.0,1027.631958,720.795654,1676.701172,0.6301025834,-0.7759394043,-0.0298123333,0.0149954187,137.1745509307,795.0848759794,0.0
6325,0.0,1027.074341,718.072266,1676.701172,0.6301025834,-0.7759394043,-0.0298123333,0.0153604745,138.269151973,791.9215565274,0.0
6326,0.0,1026.8251955,716.742676,1676.701111,0.6301025834,-0.7759394043,-0.0298123333,0.015577102,138.9729911145,790.4713252666,0.0
6327,0.0,1026.57605,715.413086,1676.70105,0.6301025834,-0.7759394043,-0.0298123333,0.0157937295,139.6768302561,789.0210940059,0.0
6328,0.0,1025.591797,709.980042,1676.70105,0.6301025834,-0.7759394043,-0.0298123333,0.0162650149,140.788441325,783.7867929576,0.0
6329,0.0,1025.058472,706.601135,1676.701172,0.6301025834,-0.7759394043,-0.0298123333,0.0166887841,142.0101927239,780.5697824507,0.0
6330,0.0,1024.715454,704.367737,1676.70105,0.6301025834,-0.7759394043,-0.0298123333,0.0169326527,142.6644600981,778.5465138807,0.0
6331,0.0,1024.161377,700.56897,1676.701172,0.6301025834,-0.7759394043,-0.0298123333,0.0173407509,143.7140584651,775.0706000579,0.0
6332,0.0,1023.702515,697.193848,1676.701172,0.6301025834,-0.7759394043,-0.0298123333,0.0176951841,144.5563262654,771.8347744503,0.0
6333,0.0,1023.315491,694.043701,1676.701172,0.635591863,-0.7714494138,-0.0298125078,0.0181353839,122.5508233495,646.4216072198,6.0
6334,0.0,1023.121216,690.731445,1676.701294,0.6815205342,-0.7310605471,-0.0328669723,0.0296588954,155.425398659,642.9449577315,6.0
6335,0.0,1023.10671,690.329203,1676.7010906667,0.6881191375,-0.7247519704,-0.0325539316,0.0317143116,160.3562975418,642.5248698781,6.0
6336,0.0,1023.092204,689.926961,1676.7008873333,0.6947177409,-0.7184433938,-0.0322408908,0.0337697278,165.2871964245,642.1047820248,6.0
6337,0.0,1023.114746,681.639587,1676.697144,0.8224692857,-0.5688054733,0.0021465439,0.0938555743,268.0019214095,633.621594749,6.0
6338,0.0,1023.671875,677.685059,1676.693359,0.902136809,-0.4299312979,0.0361698346,,,,
6339,0.0,1024.18811,673.729675,1676.697876,0.9432888953,-0.3266698014,0.0591007686,,,,
6340,0.0,1024.685425,670.10083,1676.700806,0.9610773111,-0.2667685708,0.0718674597,,,,
6341,0.0,1025.195801,667.682495,1676.700439,0.9732304398,-0.21557821,0.0796777667,,,,
6342,0.0,1026.085815,663.96283,1676.70105,0.984687767,-0.1515275421,0.0861939993,,,,
6343,0.0,1027.146362,660.170044,1676.701172,0.9909102051,-0.1017908975,0.0879521381,,,,
6344,0.0,1028.029785,657.38855,1676.701172,0.9924932601,-0.0848372332,0.0880895709,,,,
6345,0.0,1029.245972,653.688477,1676.701172,0.993543471,-0.0714954459,0.0880895709,,,,
6346,0.0,1030.446045,650.51593,1676.701172,0.9943767992,-0.0587792959,0.0880895883,,,,
6347,0.0,1031.691528,647.540833,1676.701172,0.9946014835,-0.0548463261,0.0880895535,,,,
6348,0.0,1033.097168,644.693604,1676.701172,0.9946255265,-0.0544085423,0.0880895709,,,,
6349,0.0,1035.159546,641.361511,1676.701172,0.9946255265,-0.0544085423,0.0880895709,,,,
6350,0.0,1037.003296,638.908691,1676.701294,0.9946255265,-0.0544085423,0.0880895709,,,,
6351,0.0,1037.522827,638.248962,1676.701172,0.9946255265,-0.0544085423,0.0880895709,,,,
6352,0.0,1041.656128,634.025879,1676.701172,0.9946255265,-0.0544085423,0.0880895709,,,,
6353,0.0,1042.914307,632.987671,1676.701172,0.9946255265,-0.0544085423,0.0880895709,,,,
6354,0.0,1046.500366,630.213745,1676.701172,0.9946255265,-0.0544085423,0.0880895709,,,,
6355,0.0,1048.702637,628.715942,1676.701172,0.9946255265,-0.0544085423,0.0880895709,,,,
6356,0.0,1051.232178,627.224854,1676.712158,0.9946255265,-0.0544085423,0.0880895709,,,,
6357,0.0,1053.874756,625.81958,1676.720947,0.9945803574,-0.0558595768,0.087690481,,,,
6358,0.0,1057.328979,624.120056,1676.718628,0.9945147212,-0.0578492863,0.0871431546,,,,
6359,0.0,1060.596558,622.66217,1676.718506,0.9944266556,-0.0606706145,0.0862247245,,,,
6360,0.0,1064.097168,621.281738,1676.718506,0.9944356531,-0.0620423818,0.0851379747,,,,
6361,0.0,1066.424683,620.434448,1676.730835,0.9943639648,-0.0641056352,0.0844439049,,,,
6362,0.0,1069.877686,619.280518,1676.739746,0.9942769398,-0.0679375038,0.0824491512,,,,
6363,0.0,1073.113037,618.256287,1676.737427,0.9942112398,-0.0708072361,0.0808105555,,,,
6364,0.0,1076.633057,617.2099,1676.737183,0.9940914399,-0.0737599731,0.0796346374,,,,
6365,0.0,1080.468506,616.191162,1676.737183,0.9940605218,-0.0753531931,0.078521177,,,,
6366,0.0,1081.421997,615.943298,1676.737183,0.9940468231,-0.0756180142,0.0784399737,,,,
6367,0.0,1090.402832,613.825073,1676.753784,0.9936126507,-0.0842169962,0.07510924,,,,
6368,0.0,1094.106567,613.036987,1676.753052,0.9933396781,-0.088525917,0.0737525993,,,,
6369,0.0,1096.304443,612.588867,1676.753052,0.9932369674,-0.0900804856,0.0732334353,,,,
6370,0.0,1101.27356,611.60553,1676.783203,0.993058189,-0.0929755557,0.0720484512,,,,
6371,0.0,1105.609375,610.819458,1676.852173,0.9929394421,-0.0944643754,0.0717477955,,,,
6372,0.0,1109.483521,610.151123,1676.908813,0.9929333542,-0.0945283579,0.0717477781,,,,
6373,0.0,1113.092651,609.554138,1676.936768,0.9929333542,-0.0945283579,0.0717477781,,,,
6374,0.0,1115.77356,609.115967,1676.956177,0.9928563134,-0.0958156998,0.0711033945,,,,
6375,0.0,1120.613647,608.321167,1676.990234,0.9922682901,-0.1019421671,0.0707914893,,,,
6376,0.0,1124.025024,607.75061,1676.991577,0.9915682373,-0.1096078037,0.06912713,,,,
6377,0.0,1127.668579,607.16449,1677.007812,0.9909695513,-0.115521497,0.0680744595,,,,
6378,0.0,1130.837769,606.641663,1677.012939,0.9901252312,-0.1229918827,0.0672682941,,,,
6379,0.0,1135.683228,605.844849,1677.011597,0.9886702525,-0.1343381448,0.0669656225,,,,
6380,0.0,1136.339783,605.7296755,1677.013367,0.9883480497,-0.1367422806,0.0668114798,,,,
6381,0.0,1142.329346,604.640259,1677.032471,0.9846638074,-0.1620639817,0.0645945213,,,,
6382,0.0,1145.413208,604.027649,1677.035645,0.9818397196,-0.1790346913,0.0627482613,,,,
6383,0.0,1150.200684,603.106201,1677.050415,0.9781426372,-0.1989203002,0.0605615007,,,,
6384,0.0,1153.871704,602.394775,1677.052734,0.975368809,-0.2124084437,0.0594839435,,,,
6385,0.0,1157.22937,601.875854,1677.052124,0.9737621067,-0.2199035812,0.0585642777,,,,
6386,0.0,1161.082886,601.515259,1677.065918,0.972766119,-0.2245338658,0.057537995,,,,
6387,0.0,1164.266235,601.428101,1677.070679,0.9720722288,-0.227554791,0.0573968569,,,,
6388,0.0,1168.453003,601.45636,1677.068237,0.9713865158,-0.2304643957,0.0573968569,,,,
6389,0.0,1172.12915,601.658875,1677.065186,0.9700893349,-0.2360882409,0.056471451,,,,
6390,0.0,1174.602295,601.898071,1677.06189,0.9693129213,-0.2394147396,0.0557946514,,,,
6391,0.0,1177.717041,602.30603,1677.056519,0.9682250034,-0.2439259996,0.0551402718,,,,
6392,0.0,1182.104004,603.032471,1677.047119,0.9670645207,-0.2486052097,0.0546046008,,,,
6393,0.0,1185.613159,603.720337,1677.038208,0.9659539662,-0.2530692828,0.0537482404,,,,
6394,0.0,1188.665161,604.430725,1677.026245,0.9643692418,-0.2591655035,0.0531526791,,,,
6395,0.0,1189.967041,604.757935,1677.020264,0.9638343798,-0.2611802037,0.0529923525,,,,
6396,0.0,1196.008667,606.34729,1676.980957,0.9606108668,-0.2730269944,0.0517979039,,,,
6397,0.0,1198.5625,607.094543,1676.957886,0.9582650252,-0.2813760796,0.0505533718,,,,
6398,0.0,1202.509399,608.319031,1676.922485,0.95551932,-0.290815019,0.0490861874,,,,
6399,0.0,1205.979004,609.418335,1676.876831,0.9517667762,-0.3031492048,0.0473345897,,,,
6400,0.0,1209.595581,610.630005,1676.813843,0.946753887,-0.3188047013,0.044951528,,,,
6401,0.0,1212.3302,611.580078,1676.764893,0.9438780196,-0.3274028037,0.0436083499,,,,
6402,0.0,1216.101807,612.901123,1676.736938,0.9390082697,-0.3412816622,0.0423118957,,,,
6403,0.0,1219.72876,614.198425,1676.737061,0.9333934589,-0.3565747661,0.0403867179,0.1418433821,264.3922855371,514.995082283,6.0
6404,0.0,1223.218384,615.492554,1676.7323,0.9293289119,-0.3672515118,0.0383940179,0.1363712209,258.5860808822,512.9370568597,6.0
6405,0.0,1228.650757,617.532349,1676.724487,0.9237686757,-0.3811632812,0.0369592598,0.1291595614,250.3575098169,509.3062058153,6.0
6406,0.0,1231.0252075,618.440369,1676.72113,0.9221561714,-0.3850536684,0.0366584539,0.1276559738,248.24674246,507.7752986725,6.0
6407,0.0,1233.399658,619.348389,1676.717773,0.9205436671,-0.3889440555,0.036357648,0.1261523861,246.135975103,506.2443915297,6.0
6408,0.0,1236.893921,620.685059,1676.690918,0.9178282749,-0.3953119296,0.0363281714,0.1234284514,242.4021323569,503.670171932,6.0
6409,0.0,1243.453125,623.218811,1676.680054,0.9148020527,-0.4022654202,0.0363281714,0.1218765698,238.4198671894,498.3337088011,6.0
6410,0.0,1246.765137,624.294617,1676.675659,0.9136753623,-0.4048179793,0.0363281714,0.1223078592,237.4593243461,495.5070650676,6.0
6411,0.0,1250.129395,625.180298,1676.672119,0.9131963611,-0.4058973639,0.0363281714,0.1230418834,236.3918671212,491.9021887245,6.0
6412,0.0,1252.905762,625.736023,1676.669922,0.9131397775,-0.4060246431,0.0363281714,0.1239095099,235.5430551831,488.5298367843,6.0
6413,0.0,1257.06543,626.406799,1676.667236,0.9131397775,-0.4060246431,0.0363281714,0.1260805134,235.3299146686,484.1474952583,6.0
6414,0.0,1260.570435,626.784058,1676.665527,0.9131397775,-0.4060246431,0.0363281714,0.127760894,234.7237619251,479.929482477,6.0
6415,0.0,1263.704102,626.958435,1676.658325,0.9131397775,-0.4060246431,0.0363281714,0.1292841654,234.0242818134,475.8656336819,6.0
6416,0.0,1267.343384,627.02179,1676.654175,0.9131397775,-0.4060246431,0.0363281714,0.1312489035,233.2698395636,471.0153041957,6.0
6417,0.0,1270.512695,626.958374,1676.64856,0.9131397775,-0.4060246431,0.0363281714,0.1331730389,232.6786676266,466.6554915932,6.0
6418,0.0,1273.597656,626.781372,1676.641968,0.9131397775,-0.4060246431,0.0363281714,0.1351920229,231.9248470918,461.9071517449,6.0
6419,0.0,1277.496704,626.452576,1676.633911,0.9131397775,-0.4060246431,0.0363281714,0.1382125444,231.6700154788,456.7000369836,6.0
6420,0.0,1281.266968,626.039246,1676.626343,0.9131397775,-0.4060246431,0.0363281714,0.1414473201,231.435181157,451.3823555086,6.0
6421,0.0,1284.944946,625.495789,1676.619507,0.9131397775,-0.4060246431,0.0363281714,0.1447280116,230.7216619911,445.2544616648,6.0
6422,0.0,1288.213989,624.940186,1676.613647,0.9131397775,-0.4060246431,0.0363281714,0.148157908,230.3600006912,439.7872930469,6.0
6423,0.0,1291.691895,624.273987,1676.607666,0.9131397775,-0.4060246431,0.0363281714,,,,
6424,0.0,1295.162476,623.537659,1676.601807,0.9131397775,-0.4060246431,0.0363281714,,,,
6425,0.0,1299.037964,622.638916,1676.595703,0.9131397775,-0.4060246431,0.0363281714,,,,
6426,0.0,1301.56604,622.013184,1676.591675,0.9131397775,-0.4060246431,0.0363281714,,,,
6427,0.0,1305.718506,620.918274,1676.585571,0.9131397775,-0.4060246431,0.0363281714,,,,
6428,0.0,1309.880981,619.75116,1676.579468,0.9131397775,-0.4060246431,0.0363281714,,,,
6429,0.0,1313.285034,618.746155,1676.577637,0.9131397775,-0.4060246431,0.0363281714,,,,
6430,0.0,1316.528076,617.750916,1676.577515,0.9131397775,-0.4060246431,0.0363281714,,,,
6431,0.0,1319.366821,616.845886,1676.581909,0.9131397775,-0.4060246431,0.0363281714,,,,
6432,0.0,1323.340454,615.549133,1676.593018,0.9131397775,-0.4060246431,0.0363281714,,,,
6433,0.0,1326.566406,614.473389,1676.601074,0.9131397775,-0.4060246431,0.0363281714,,,,
6434,0.0,1330.111816,613.238159,1676.609985,0.9131397775,-0.4060246431,0.0363281714,,,,
6435,0.0,1333.691528,611.978333,1676.625244,0.9131397775,-0.4060246431,0.0363281714,,,,
6436,0.0,1337.873779,610.461487,1676.630127,0.9131397775,-0.4060246431,0.0363281714,,,,
6437,0.0,1340.252319,609.583923,1676.630127,0.9131397775,-0.4060246431,0.0363281714,,,,
6438,0.0,1344.721924,607.910095,1676.630127,0.9131397775,-0.4060246431,0.0363281714,,,,
6439,0.0,1347.335815,606.914673,1676.630127,0.9131397775,-0.4060246431,0.0363281714,,,,
6440,0.0,1351.187012,605.430603,1676.630127,0.9131397775,-0.4060246431,0.0363281714,,,,
6441,0.0,1354.483643,604.143311,1676.630127,0.9131397775,-0.4060246431,0.0363281714,,,,
6442,0.0,1358.409302,602.593262,1676.647217,0.9131397775,-0.4060246431,0.0363281714,,,,
6443,0.0,1360.857178,601.616638,1676.64856,0.9131397775,-0.4060246431,0.0363281714,,,,
6444,0.0,1364.287231,600.237671,1676.647339,0.9131397775,-0.4060246431,0.0363281714,,,,
6445,0.0,1367.06311,599.108765,1676.647461,0.9129351462,-0.4064845419,0.0363281714,,,,
6446,0.0,1371.660278,597.225098,1676.647461,0.912750084,-0.4068999239,0.0363281714,,,,
6447,0.0,1374.648071,595.714111,1676.647461,0.912750084,-0.4068999239,0.0363281714,,,,
6448,0.0,1377.566772,593.840881,1676.647461,0.912750084,-0.4068999239,0.0363281714,,,,
6449,0.0,1379.85376,591.979248,1676.663086,0.912750084,-0.4068999239,0.0363281714,,,,
6450,0.0,1381.727173,590.089233,1676.664062,0.9127782451,-0.4069122869,0.0354720463,,,,
6451,0.0,1383.550415,587.815063,1676.66394,0.9127814755,-0.406913918,0.0353700609,,,,
6452,0.0,1385.998413,583.537842,1676.66394,0.9128120286,-0.4069275385,0.0344119004,,,,
6453,0.0,1386.95752,581.171509,1676.677368,0.9128120286,-0.4069275385,0.0344119004,,,,
6454,0.0,1387.72229,578.709778,1676.682129,0.9128120286,-0.4069275385,0.0344119004,,,,
6455,0.0,1388.404175,575.650452,1676.681396,0.9128120286,-0.4069275385,0.0344119004,,,,
6456,0.0,1388.80249,572.929871,1676.681396,0.9131857171,-0.4060882506,0.0344119004,,,,
6457,0.0,1388.873779,570.902405,1676.692505,0.9132017485,-0.4060521983,0.0344119004,,,,
6458,0.0,1388.698608,568.329041,1676.698364,0.9132017485,-0.4060521983,0.0344119004,,,,
6459,0.0,1388.23877,565.881226,1676.697632,0.9132017485,-0.4060521983,0.0344119004,,,,
6460,0.0,1387.561768,563.639893,1676.697632,0.9132017485,-0.4060521983,0.0344119004,,,,
6461,0.0,1386.607788,561.443115,1676.697632,0.9132017485,-0.4060521983,0.0344119004,,,,
6462,0.0,1385.413574,559.162842,1676.697632,0.9132017485,-0.4060521983,0.0344119004,,,,
6463,0.0,1383.802612,556.609802,1676.697632,0.9128703229,-0.4068704292,0.0335295003,,,,
6464,0.0,1382.383545,554.760315,1676.697632,0.9116127467,-0.4098109878,0.0318928566,,,,
6465,0.0,1380.545532,552.632935,1676.697632,0.9100166345,-0.4134930766,0.0298864593,,,,
6466,0.0,1378.848267,550.871094,1676.697632,0.9092221221,-0.4153072791,0.0288963082,,,,
6467,0.0,1376.787598,548.922729,1676.697632,0.9087255812,-0.4164087995,0.0286623391,,,,
6468,0.0,1374.880127,547.287903,1676.697632,0.9086347497,-0.4166069635,0.0286623391,,,,
6469,0.0,1372.488525,545.359802,1676.697632,0.9086347497,-0.4166069635,0.0286623391,,,,
6470,0.0,1369.595215,543.17627,1676.697632,0.9086347497,-0.4166069635,0.0286623391,,,,
6471,0.0,1367.216431,541.519226,1676.697632,0.9086347497,-0.4166069635,0.0286623391,,,,
6472,0.0,1365.030396,540.0849,1676.697632,0.9086347497,-0.4166069635,0.0286623391,,,,
6473,0.0,1362.136597,538.247253,1676.697632,0.9086347497,-0.4166069635,0.0286623391,,,,
6474,0.0,1359.289551,536.517456,1676.697632,0.9086347497,-0.4166069635,0.0286623391,,,,
6475,0.0,1356.339844,534.826233,1676.697632,0.9100646673,-0.4134740278,0.0286623391,,,,
6476,0.0,1353.668823,533.360474,1676.697632,0.9134830154,-0.4057490264,0.0302738866,,,,
6477,0.0,1350.969849,531.953857,1676.697632,0.9194374482,-0.3919254158,0.0320818837,,,,
6478,0.0,1348.060669,530.538574,1676.697632,0.9285370237,-0.3696795676,0.0340001915,,,,
6479,0.0,1345.239868,529.233276,1676.697632,0.9386271593,-0.3432125826,0.0344119004,,,,
6480,0.0,1342.048096,527.809814,1676.697632,0.9505279295,-0.3087271876,0.0344119004,,,,
6481,0.0,1338.72168,526.249268,1676.697632,0.9591807831,-0.2806920847,0.0344119004,,,,
6482,0.0,1335.842896,524.773499,1676.697632,0.9630913376,-0.2670256916,0.0339463617,,,,
6483,0.0,1332.501465,523.028625,1676.697632,0.9661232604,-0.2558993393,0.0334869208,,,,
6484,0.0,1329.552979,521.381653,1676.697632,0.9663374658,-0.2550936135,0.0334537083,,,,
6485,0.0,1326.761719,519.80365,1676.697632,0.9663374658,-0.2550936135,0.0334537083,,,,
6486,0.0,1323.372559,517.864746,1676.697632,0.9659317784,-0.2567342425,0.0326087148,,,,
6487,0.0,1320.095337,515.994629,1676.697632,0.965877106,-0.2569541951,0.0324955029,,,,
6488,0.0,1316.748779,514.122559,1676.697632,0.965877106,-0.2569541951,0.0324955029,,,,
6489,0.0,1314.092163,512.650269,1676.697632,0.965877106,-0.2569541951,0.0324955029,,,,
6490,0.0,1310.588623,511.09375,1676.697632,0.965877106,-0.2569541951,0.0324955029,,,,
6491,0.0,1308.378662,510.942444,1676.697632,0.965877106,-0.2569541951,0.0324955029,,,,
6492,0.0,1308.103149,510.963623,1676.697632,0.965877106,-0.2569541951,0.0324955029,,,,
6493,0.0,1308.103149,510.963623,1676.697632,0.965877106,-0.2569541951,0.0324955029,,,,
6494,0.0,1308.103149,510.963623,1676.697632,0.965877106,-0.2569541951,0.0324955029,,,,
6495,0.0,1308.103149,510.963623,1676.697632,0.965877106,-0.2569541951,0.0324955029,,,,
6496,0.0,1308.103149,510.963623,1676.697632,0.965877106,-0.2569541951,0.0324955029,,,,
6497,0.0,1308.103149,510.963623,1676.697632,0.965877106,-0.2569541951,0.0324955029,,,,
6498,0.0,1308.103149,511.041809,1676.697632,0.965877106,-0.2569541951,0.0324955029,,,,
6499,0.0,1308.10376,511.09375,1676.697632,0.965895184,-0.256958842,0.0319162495,,,,
6500,0.0,1308.103149,511.184937,1676.697632,0.9659067698,-0.2569620866,0.0315372502,,,,
6501,0.0,1308.10376,511.273315,1676.697632,0.9659205408,-0.2569656237,0.0310833905,,,,
6502,0.0,1308.10376,511.367981,1676.697632,0.9659353508,-0.2569695276,0.0305869235,,,,
6503,0.0,1308.100342,511.424255,1676.697632,0.9657933729,-0.2575768176,0.0299557004,,,,
6504,0.0,1308.093994,511.516785,1676.697632,0.9654744406,-0.2588082691,0.0296206761,,,,
6505,0.0,1308.089233,511.589539,1676.697632,0.9652588191,-0.2597133743,0.0287119384,,,,
6506,0.0,1308.079956,511.657379,1676.697632,0.9648045764,-0.2614978775,0.0277666961,,,,
6507,0.0,1308.066284,511.71756,1676.697632,0.9641416536,-0.2641125237,0.0259893544,,,,
6508,0.0,1308.041992,511.769501,1676.697632,0.9629456599,-0.2686216914,0.0240425257,,,,
6509,0.0,1308.012451,511.804077,1676.697632,0.9614417419,-0.274159443,0.0215957582,,,,
6510,0.0,1307.987671,511.841705,1676.697632,0.9601912005,-0.2786580494,0.0195588846,,,,
6511,0.0,1307.964966,511.910919,1676.697632,0.9590042767,-0.2828415959,0.0176473471,,,,
6512,0.0,1307.939087,511.989166,1676.697632,0.9576155899,-0.2875376448,0.0171605613,,,,
6513,0.0,1307.929199,512.249146,1676.697632,0.9570748452,-0.2893866968,0.0162197505,,,,
6514,0.0,1307.928589,512.636658,1676.697632,0.957064812,-0.2894208732,0.0162019679,,,,
6515,0.0,1307.928589,513.174194,1676.697632,0.957064812,-0.2894208732,0.0162019679,,,,
6516,0.0,1307.928589,513.931213,1676.697632,0.957064812,-0.2894208732,0.0162019679,,,,
6517,0.0,1307.928589,514.924072,1676.697632,0.957064812,-0.2894208732,0.0162019679,,,,
6518,0.0,1307.928589,516.280457,1676.697632,0.957064812,-0.2894208732,0.0162019679,,,,
6519,0.0,1307.928589,517.23053,1676.697632,0.957064812,-0.2894208732,0.0162019679,,,,
6520,0.0,1307.928589,518.807617,1676.697632,0.957064812,-0.2894208732,0.0162019679,,,,
6521,0.0,1307.928589,520.766174,1676.697632,0.957064812,-0.2894208732,0.0162019679,,,,
6522,0.0,1307.920898,522.186279,1676.697632,0.9566335011,-0.290843327,0.0162019679,,,,
6523,0.0,1307.910767,524.031555,1676.697632,0.9560882437,-0.2926307692,0.0162019505,,,,
6524,0.0,1307.803345,526.48053,1676.697632,0.9551341963,-0.2957298822,0.0162019679,,,,
6525,0.0,1307.696655,528.605896,1676.697632,0.9543050188,-0.2984426709,0.0152938985,,,,
6526,0.0,1307.456299,530.929321,1676.697632,0.9537013134,-0.300368849,0.0152433422,,,,
6527,0.0,1307.203003,532.647888,1676.697632,0.9534837127,-0.3010588814,0.0152433422,,,,
6528,0.0,1306.697632,535.348694,1676.697632,0.9529271583,-0.3028159037,0.0152433422,,,,
6529,0.0,1306.141113,537.810059,1676.697632,0.952357239,-0.3046035617,0.0152433422,,,,
6530,0.0,1305.514038,540.238708,1676.697632,0.9516012391,-0.3069912169,0.0145421641,,,,
6531,0.0,1304.653076,543.234741,1676.697632,0.9512231312,-0.3081728444,0.0142847025,,,,
6532,0.0,1304.031616,545.290527,1676.697632,0.9511265811,-0.3084707019,0.0142847025,,,,
6533,0.0,1302.815674,549.09375,1676.697632,0.951071985,-0.3086389908,0.0142847025,,,,
6534,0.0,1301.841309,551.465576,1676.697632,0.951071985,-0.3086389908,0.0142847025,,,,
6535,0.0,1300.459351,554.591797,1676.697632,0.951071985,-0.3086389908,0.0142847025,,,,
6536,0.0,1299.280884,556.704346,1676.697632,0.951071985,-0.3086389908,0.0142847025,,,,
6537,0.0,1295.974731,561.354004,1676.697632,0.951071985,-0.3086389908,0.0142847025,,,,
6538,0.0,1294.036865,563.628662,1676.697632,0.951071985,-0.3086389908,0.0142847025,,,,
6539,0.0,1291.909302,565.861694,1676.697632,0.951071985,-0.3086389908,0.0142847025,,,,
6540,0.0,1291.594849,566.177368,1676.697632,0.951071985,-0.3086389908,0.0142847025,,,,
6541,0.0,1287.161011,569.977661,1676.696045,0.951071985,-0.3086389908,0.0142847025,,,,
6542,0.0,1285.767212,570.8507385,1676.6949465,0.951071985,-0.3086389908,0.0142847025,,,,
6543,0.0,1282.294434,572.742065,1676.692261,0.951071985,-0.3086389908,0.0142847025,,,,
6544,0.0,1280.997559,573.2262265,1676.6912235,0.951071985,-0.3086389908,0.0142847025,,,,
6545,0.0,1279.700684,573.710388,1676.690186,0.951071985,-0.3086389908,0.0142847025,,,,
6546,0.0,1278.773438,573.998596,1676.689575,0.951071985,-0.3086389908,0.0142847025,,,,
6547,0.0,1271.688354,575.526123,1676.683716,0.951071985,-0.3086389908,0.0142847025,,,,
6548,0.0,1269.147827,575.739868,1676.682007,0.951071985,-0.3086389908,0.0142847025,,,,
6549,0.0,1265.69458,575.818054,1676.679321,0.951071985,-0.3086389908,0.0142847025,,,,
6550,0.0,1263.323608,575.750916,1676.67749,0.951071985,-0.3086389908,0.0142847025,,,,
6551,0.0,1259.925659,575.501892,1676.69165,0.951071985,-0.3086389908,0.0142847025,,,,
6552,0.0,1256.588257,575.119263,1676.720093,0.9516252581,-0.3069288443,0.0142847025,,,,
6553,0.0,1254.669067,574.700806,1676.736694,0.9523276646,-0.3047424592,0.0142847025,,,,
6554,0.0,1251.111816,573.67981,1676.766846,0.953324858,-0.3016084581,0.0142847199,,,,
6555,0.0,1250.293823,573.444031,1676.77356,0.9537765264,-0.3001680754,0.0144728819,,,,
6556,0.0,1245.875488,571.272278,1676.80957,0.9570158779,-0.2895841058,0.0161757565,,,,
6557,0.0,1243.544189,569.819275,1676.828857,0.9596965793,-0.2804566521,0.0180704696,,,,
6558,0.0,1241.348633,568.2052,1676.847046,0.962567807,-0.2703038316,0.019976373,,,,
6559,0.0,1239.407349,566.560303,1676.863159,0.9648801868,-0.2617896964,0.0217343048,,,,
6560,0.0,1237.599365,564.841309,1676.878052,0.9668477579,-0.2542757691,0.0234360028,,,,
6561,0.0,1235.334839,562.422546,1676.937134,0.9695237017,-0.2436488968,0.02567113,,,,
6562,0.0,1233.43042,560.12915,1677.018555,0.9709431934,-0.2377097965,0.0276291123,,,,
6563,0.0,1231.96106,557.928711,1677.089111,0.9721930476,-0.23243149,0.0285706247,,,,
6564,0.0,1231.211304,556.396545,1677.129028,0.9734471663,-0.2269735905,0.0297254719,,,,
6565,0.0,1230.253174,553.915466,1677.183472,0.9746560955,-0.2215652724,0.0308921594,,,,
6566,0.0,1228.969482,550.529663,1677.256836,0.9761444683,-0.2146952069,0.0323719812,,,,
6567,0.0,1228.210327,547.408508,1677.308472,0.977239317,-0.2094872744,0.0334424747,,,,
6568,0.0,1228.143799,545.422913,1677.326416,0.9780667333,-0.2054539167,0.03426592,,,,
6569,0.0,1228.080566,543.162354,1677.345215,0.979044563,-0.2004655827,0.0358509953,,,,
6570,0.0,1228.516479,540.215637,1677.348511,0.9803801047,-0.1933721646,0.0382368443,,,,
6571,0.0,1228.676025,539.140442,1677.350952,0.9806093834,-0.1921432874,0.0385511905,,,,
6572,0.0,1229.861816,536.670044,1677.332031,0.9817249025,-0.1860319023,0.0401042037,,,,
6573,0.0,1230.728271,535.449219,1677.30957,0.9820593107,-0.1842461941,0.0401603057,,,,
6574,0.0,1232.046387,534.195801,1677.271118,0.9824248112,-0.1820782001,0.0410976804,,,,
6575,0.0,1233.046875,533.570923,1677.23938,0.9825601033,-0.1813420313,0.0411182579,,,,
6576,0.0,1234.654419,532.903442,1677.185425,0.9827518886,-0.1802997903,0.0411182579,,,,
6577,0.0,1236.998535,532.41925,1677.125977,0.9827787484,-0.1801533252,0.0411182579,,,,
6578,0.0,1238.3585815,532.427185,1677.093079,0.9827787484,-0.1801533252,0.0411182579,,,,
6579,0.0,1241.498535,532.603149,1677.015747,0.9827787484,-0.1801533252,0.0411182579,,,,
6580,0.0,1242.705383,532.798309,1676.9849855,0.9827787484,-0.1801533252,0.0411182579,,,,
6581,0.0,1243.912231,532.993469,1676.954224,0.9827787484,-0.1801533252,0.0411182579,,,,
6582,0.0,1245.78125,533.470703,1676.905273,0.9827787484,-0.1801533252,0.0411182579,,,,
6583,0.0,1248.44165,534.23053,1676.835205,0.9827787484,-0.1801533252,0.0411182579,,,,
6584,0.0,1249.706299,535.277527,1676.796631,0.9827787484,-0.1801533252,0.0411182579,,,,
6585,0.0,1250.801514,537.065491,1676.764648,0.9827787484,-0.1801533252,0.0411182579,,,,
6586,0.0,1253.077515,540.136658,1676.743652,0.9827787484,-0.1801533252,0.0411182579,,,,
6587,0.0,1254.572632,541.973389,1676.731445,0.9827787484,-0.1801533252,0.0411182579,,,,
6588,0.0,1256.356445,543.915039,1676.716553,0.9827787484,-0.1801533252,0.0411182579,,,,
6589,0.0,1258.199707,545.604614,1676.700806,0.9827787484,-0.1801533252,0.0411182579,,,,
6590,0.0,1260.080078,546.972107,1676.684692,0.9827787484,-0.1801533252,0.0411182579,,,,
6591,0.0,1262.404175,548.358276,1676.669189,0.9827787484,-0.1801533252,0.0411182579,,,,
6592,0.0,1264.479004,549.236511,1676.668213,0.9827787484,-0.1801533252,0.0411182579,,,,
6593,0.0,1266.230713,549.67981,1676.668335,0.9829658702,-0.1789396647,0.0419367912,,,,
6594,0.0,1268.77478,550.091003,1676.668335,0.9831914129,-0.1774574895,0.0429358244,,,,
6595,0.0,1271.161743,550.111633,1676.668335,0.9835100091,-0.1754221819,0.043990001,,,,
6596,0.0,1272.932617,549.846924,1676.668335,0.98388501,-0.1731907907,0.0444436392,,,,
6597,0.0,1275.099976,549.410583,1676.668335,0.9842264803,-0.1711306592,0.0448612635,,,,
6598,0.0,1277.292847,548.768616,1676.68103,0.9845502256,-0.1692346971,0.044949645,,,,
6599,0.0,1279.468262,547.853149,1676.686157,0.9846236378,-0.1688070489,0.0449496624,,,,
6600,0.0,1281.819092,546.679321,1676.685669,0.9846236378,-0.1688070489,0.0449496624,,,,
6601,0.0,1283.950928,545.44696,1676.685669,0.9846236378,-0.1688070489,0.0449496624,,,,
6602,0.0,1285.99231,544.131592,1676.685669,0.9846236378,-0.1688070489,0.0449496624,,,,
6603,0.0,1287.800171,543.035034,1676.685669,0.9846236378,-0.1688070489,0.0449496624,,,,
6604,0.0,1290.713379,541.420654,1676.685669,0.9846236378,-0.1688070489,0.0449496624,,,,
6605,0.0,1292.787964,541.302734,1676.685669,0.9846236378,-0.1688070489,0.0449496624,,,,
6606,0.0,1295.115112,541.343384,1676.685669,0.9846236378,-0.1688070489,0.0449496624,,,,
6607,0.0,1297.338989,541.102478,1676.685669,0.9846236378,-0.1688070489,0.0449496624,,,,
6608,0.0,1299.585083,540.824524,1676.685669,0.9846236378,-0.1688070489,0.0449496624,,,,
6609,0.0,1301.999878,540.51239,1676.685669,0.9846236378,-0.1688070489,0.0449496624,,,,
6610,0.0,1304.457397,540.182495,1676.685669,0.9846236378,-0.1688070489,0.0449496624,,,,
6611,0.0,1307.135132,539.818542,1676.685669,0.9847610936,-0.1680033226,0.0449496624,,,,
6612,0.0,1309.713379,539.453735,1676.685669,0.984785028,-0.1678629692,0.0449496624,,,,
6613,0.0,1312.886719,539.000977,1676.685669,0.9849300189,-0.1670101366,0.0449496624,,,,
6614,0.0,1315.540894,538.616333,1676.685669,0.9850400883,-0.1661482657,0.0457250297,,,,
6615,0.0,1318.908081,538.121399,1676.685669,0.98520996,-0.1650873874,0.0459073994,,,,
6616,0.0,1321.290283,537.767151,1676.685669,0.9853325867,-0.1643538994,0.0459073994,,,,
6617,0.0,1324.938232,537.211975,1676.685669,0.9853785698,-0.1640779794,0.0459074168,,,,
6618,0.0,1327.878296,536.765686,1676.685669,0.9855241121,-0.1632015168,0.0459073994,,,,
6619,0.0,1331.706909,536.180664,1676.685669,0.9856881598,-0.1622077701,0.0459074168,,,,
6620,0.0,1334.965698,535.672119,1676.685669,0.9856913729,-0.162188244,0.0459074168,,,,
6621,0.0,1337.03064,535.347656,1676.685669,0.9856913729,-0.162188244,0.0459074168,,,,
6622,0.0,1341.705322,534.611694,1676.685669,0.9856913729,-0.162188244,0.0459074168,,,,
6623,0.0,1344.544067,534.162659,1676.685669,0.9856913729,-0.162188244,0.0459074168,,,,
6624,0.0,1348.153076,533.589355,1676.685669,0.9856913729,-0.162188244,0.0459074168,,,,
6625,0.0,1351.790894,533.009766,1676.685669,0.9856913729,-0.162188244,0.0459074168,,,,
6626,0.0,1357.664673,532.07019,1676.685669,0.9856913729,-0.162188244,0.0459074168,,,,
6627,0.0,1361.999512,531.374268,1676.685669,0.9856913729,-0.162188244,0.0459074168,,,,
6628,0.0,1365.561523,530.801147,1676.685669,0.9856913729,-0.162188244,0.0459074168,,,,
6629,0.0,1368.939697,530.256348,1676.685669,0.9856913729,-0.162188244,0.0459074168,,,,
6630,0.0,1373.180664,529.57135,1676.685669,0.9856913729,-0.162188244,0.0459074168,,,,
6631,0.0,1376.847656,528.978088,1676.685669,0.9856913729,-0.162188244,0.0459074168,,,,
6632,0.0,1379.491943,528.549622,1676.685669,0.9856913729,-0.162188244,0.0459074168,,,,
6633,0.0,1384.383545,527.756104,1676.685669,0.9856913729,-0.162188244,0.0459074168,,,,
6634,0.0,1387.884033,527.187439,1676.685669,0.9856913729,-0.162188244,0.0459074168,,,,
6635,0.0,1390.699097,526.717041,1676.685669,0.9854595559,-0.1635908749,0.0459073994,,,,
6636,0.0,1394.070068,526.157654,1676.685669,0.9852723449,-0.1647146533,0.0459073994,,,,
6637,0.0,1398.481445,525.43396,1676.685669,0.9852208081,-0.1650226299,0.0459074168,,,,
6638,0.0,1402.168701,524.822266,1676.685669,0.9850764533,-0.1658821625,0.0459073994,,,,
6639,0.0,1405.974365,524.179993,1676.685669,0.9847539914,-0.1677858368,0.0459073994,,,,
6640,0.0,1408.916626,523.662476,1676.685669,0.9841868777,-0.1713134872,0.045031976,,,,
6641,0.0,1412.907593,522.968201,1676.685669,0.9835807493,-0.1749978036,0.0440985074,,,,
6642,0.0,1416.81311,522.295349,1676.685669,0.983183974,-0.1772399147,0.0439918841,,,,
6643,0.0,1420.217407,521.72113,1676.685669,0.9831723878,-0.1773041779,0.0439918667,,,,
6644,0.0,1423.480591,521.168518,1676.685669,0.9831723878,-0.1773041779,0.0439918667,,,,
6645,0.0,1427.736694,520.443787,1676.685669,0.9831723878,-0.1773041779,0.0439918667,,,,
6646,0.0,1431.203979,519.850098,1676.685669,0.9831723878,-0.1773041779,0.0439918667,,,,
6647,0.0,1434.953491,519.205627,1676.685669,0.9831723878,-0.1773041779,0.0439918667,,,,
6648,0.0,1438.440796,518.595581,1676.685669,0.9830116421,-0.1781932297,0.0439918667,,,,
6649,0.0,1441.460815,518.055481,1676.685669,0.9827065687,-0.179974663,0.043553651,,,,
6650,0.0,1445.598022,517.318176,1676.685669,0.9823758897,-0.181886508,0.0430686606,,,,
6651,0.0,1449.153931,516.685974,1676.685669,0.9822305981,-0.1828791071,0.0421697086,,,,
6652,0.0,1453.01709,515.995667,1676.683838,0.9820448838,-0.1838951928,0.0420761723,,,,
6653,0.0,1456.426758,515.383057,1676.671509,0.9818779555,-0.1847844048,0.0420761723,,,,
6654,0.0,1459.779297,514.756042,1676.658936,0.9812858214,-0.1880853466,0.0412557777,,,,
6655,0.0,1463.470825,514.065918,1676.645386,0.9807061109,-0.1911146552,0.0411182753,,,,
6656,0.0,1466.961426,513.416504,1676.632446,0.9803601474,-0.1930533956,0.0403034463,,,,
6657,0.0,1471.002686,512.676453,1676.617432,0.980310442,-0.1933354231,0.0401603231,,,,
6658,0.0,1474.321289,513.965393,1677.75,0.9801533411,-0.1941303078,0.0401603231,,,,
6659,0.0,1477.874878,513.480347,1677.201294,0.9801246322,-0.1942752011,0.0401603231,,,,
6660,0.0,1482.074707,513.057678,1676.637573,0.9799567721,-0.1951201508,0.0401603231,,,,
6661,0.0,1489.407104,512.875366,1676.140259,0.9790559086,-0.1995912764,0.0401603057,,,,
6662,0.0,1491.2446285,512.8670045,1675.893799,0.979023388,-0.1997506655,0.0401603144,,,,
6663,0.0,1496.346924,513.017944,1675.453369,0.9786446796,-0.2015979653,0.0401603231,,,,
6664,0.0,1498.2836305,513.2033995,1675.3634645,0.9784243296,-0.202661786,0.0401603231,,,,
6665,0.0,1503.582397,514.058594,1675.232666,0.9771045101,-0.2091081298,0.0392500494,,,,
6666,0.0,1506.19043,514.693726,1675.303101,0.9757353918,-0.215415,0.039202334,,,,
6667,0.0,1510.227539,515.761353,1675.456665,0.9740815377,-0.2227741793,0.039202334,,,,
6668,0.0,1513.605835,516.745422,1675.479248,0.973407189,-0.2258447535,0.0383743625,,,,
6669,0.0,1517.280273,517.921082,1675.725098,0.9729147187,-0.2279787777,0.0382443089,,,,
6670,0.0,1520.402832,519.006653,1675.933472,0.972888232,-0.2280917818,0.0382443089,,,,
6671,0.0,1524.0448,520.340027,1676.297241,0.972888232,-0.2280917818,0.0382443089,,,,
6672,0.0,1527.642212,521.742004,1676.562622,0.972888232,-0.2280917818,0.0382443089,,,,
6673,0.0,1531.146362,523.18573,1676.785156,0.972888232,-0.2280917818,0.0382443089,,,,
6674,0.0,1534.078247,524.445007,1676.911621,0.972888232,-0.2280917818,0.0382443089,,,,
6675,0.0,1537.473022,525.951538,1677.062256,0.972888232,-0.2280917818,0.0382443089,,,,
6676,0.0,1540.858643,527.527283,1676.883545,0.972888232,-0.2280917818,0.0382443089,,,,
6677,0.0,1544.391602,529.263,1676.666382,0.972888232,-0.2280917818,0.0382443089,,,,
6678,0.0,1547.931152,531.074463,1676.373779,0.9730881181,-0.2272375097,0.0382443263,,,,
6679,0.0,1551.075562,532.722168,1676.077515,0.9732596088,-0.2263637583,0.0390535889,,,,
6680,0.0,1554.5448,534.634521,1675.658203,0.9734758272,-0.2254062793,0.039202334,,,,
6681,0.0,1557.909424,536.480835,1675.296509,0.9735040781,-0.2252842358,0.039202334,,,,
6682,0.0,1561.515503,538.485352,1674.889771,0.9735040781,-0.2252842358,0.039202334,,,,
6683,0.0,1564.858154,540.294739,1674.636841,0.9735040781,-0.2252842358,0.039202334,,,,
6684,0.0,1567.819702,541.907654,1674.463623,0.9735040781,-0.2252842358,0.039202334,,,,
6685,0.0,1570.962646,543.595398,1674.356689,0.9735040781,-0.2252842358,0.039202334,,,,
6686,0.0,1574.389404,545.439026,1674.259277,0.9735040781,-0.2252842358,0.039202334,,,,
6687,0.0,1577.362305,547.091125,1674.192505,0.9735040781,-0.2252842358,0.039202334,,,,
6688,0.0,1580.443481,548.717163,1674.312866,0.9735040781,-0.2252842358,0.039202334,,,,
6689,0.0,1583.587402,550.394348,1674.485962,0.9733191896,-0.2260816937,0.039202334,,,,
6690,0.0,1584.959229,552.132019,1676.697998,0.9732876408,-0.2262174736,0.039202334,,,,
6691,0.0,1588.21936,554.015198,1676.697998,0.9732876408,-0.2262174736,0.039202334,,,,
6692,0.0,1591.464355,555.896484,1676.697998,0.9730734446,-0.2271370696,0.039202334,,,,
6693,0.0,1594.33728,557.562256,1676.697998,0.9728936102,-0.2280641304,0.0382723881,,,,
6885,0.0,-131.548721,-36.431065,1685.804932,1.0,0.0,0.0,0.0159082403,117.7937624605,663.0256747435,6.0
6886,0.0,-131.548721,-36.431065,1685.804932,0.9643480498,-0.2644836905,0.0090120078,8.46319e-05,30.0226143752,2307.6807907782,0.0
6887,0.0,-129.065369,-40.5,1685.538452,1.0,0.0,0.0,0.0174411104,121.9272810469,655.6933450018,6.0
6888,0.0,-128.864761,-41.396622,1685.539062,0.9948286329,-0.1015100551,0.0034205071,0.0115803839,352.0362492522,2319.9140056232,0.0
6889,0.0,-128.844528,-42.204918,1685.538818,0.9822718382,-0.1873545125,0.0063500062,0.0020678449,149.3067427818,2322.8976454637,0.0
6890,0.0,-128.8972625,-42.572117,1685.538635,0.9735256105,-0.2251311538,0.0076536675,0.0011299963,97.447639669,2324.272562135,0.0
6891,0.0,-128.949997,-42.939316,1685.538452,0.9647793828,-0.2629077951,0.0089573288,0.0001921477,45.5885365562,2325.6474788063,0.0
6892,0.0,-128.953506,-42.954765,1685.538452,0.9643480498,-0.2644836905,0.0090120078,0.0002645788,53.5942191884,2329.9906547024,0.0
6893,0.0,-128.953506,-42.954765,1685.538452,0.9643480498,-0.2644836905,0.0090120078,0.0002885024,56.0171795008,2332.1840105953,0.0
6894,0.0,-128.953506,-42.954765,1685.538452,0.9643480498,-0.2644836905,0.0090120078,0.000311341,58.2413776978,2334.1688821284,0.0
6895,0.0,-128.953506,-42.954765,1685.538452,0.9643480498,-0.2644836905,0.0090120078,0.0003370445,60.6548859089,2336.3815552819,0.0
6896,0.0,-128.953506,-42.954765,1685.538452,0.9643480498,-0.2644836905,0.0090120078,0.0003690226,63.5369532895,2338.9716694154,0.0
6897,0.0,-128.956619,-42.968384,1685.538452,0.9639656689,-0.2658739795,0.0090120078,0.0004366185,69.1780202267,2341.2591630635,0.0
6898,0.0,-129.0522,-42.953987,1685.53833,0.9636455902,-0.2670317586,0.0090120078,0.0005033436,74.3490425544,2343.5960717383,0.0
6899,0.0,-128.962219,-42.988453,1685.538452,0.9633919008,-0.2679455713,0.0090120078,0.0005663142,78.9300681445,2345.6339576996,0.0
6900,0.0,-130.3162305,-40.248558,1685.694763,0.963335417,-0.268148492,0.0090120078,0.0005504797,77.8892295574,2348.0256493529,0.0
6901,0.0,-128.946823,-43.008152,1685.538452,0.9629825543,-0.2694130358,0.0090120078,0.0006879707,87.1393885852,2349.5747279567,0.0
6902,0.0,-128.758728,-43.066422,1685.538452,0.9628348236,-0.2699405234,0.0090120078,0.0007554535,91.4016955249,2351.8922072525,0.0
6903,0.0,-128.36618,-41.0891,1685.53894,0.9985727974,-0.0533787319,0.001754788,0.005619941,129.445160534,1222.6889272223,3.0
6904,0.0,-127.68589,-40.684891,1685.5448,1.0,0.0,0.0,0.0012797006,61.9355237732,1224.6433257719,3.0
6905,0.0,-126.555824,-40.736794,1685.557251,1.0,0.0,0.0,0.0011969972,59.9735075574,1226.1056220079,3.0
6906,0.0,-125.909996,-40.761189,1685.559814,1.0,0.0,0.0,0.0011611004,59.0951466704,1226.6708319447,3.0
6907,0.0,-124.382332,-40.795727,1685.557251,1.0,0.0,0.0,0.0010751294,56.9292970154,1228.025005824,3.0
6908,0.0,-122.275215,-40.839664,1685.557251,1.0,0.0,0.0,0.0009851576,54.5522000391,1229.2816611814,3.0
6909,0.0,-121.466789,-40.854618,1685.557251,1.0,0.0,0.0,0.0009455561,53.4793541981,1230.0710521577,3.0
6910,0.0,-117.611649,-37.687515,1682.090698,1.0,0.0,0.0,0.0007524192,47.6548797431,1228.6952008251,3.0
6911,0.0,-115.157402,-37.573387,1681.832153,1.0,0.0,0.0,0.0006709375,45.0063259728,1228.8259834443,3.0
6912,0.0,-111.71904,-38.536087,1682.230469,1.0,0.0,0.0,0.0006193513,43.2204859224,1228.2121567422,3.0
6913,0.0,-110.704498,-38.470455,1682.377808,1.0,0.0,0.0,0.0005864786,42.0591276271,1228.2389208689,3.0
6914,0.0,-108.228279,-38.285286,1682.646729,1.0,0.0,0.0,0.0005143575,39.3801022781,1227.9626737835,3.0
6915,0.0,-104.583054,-38.132584,1682.926514,1.0,0.0,0.0,0.000424525,35.759891516,1227.3704604203,3.0
6916,0.0,-103.909386,-38.283726,1683.29895,1.0,0.0,0.0,0.0004093266,35.1191666775,1227.5485732401,3.0
6917,0.0,-99.408455,-38.219944,1683.80542,1.0,0.0,0.0,0.000316377,30.8474234474,1226.410233049,3.0
6918,0.0,-96.846382,-38.104462,1683.859497,1.0,0.0,0.0,0.000266089,28.2685944149,1225.4755685551,3.0
6919,0.0,-94.701996,-38.082035,1684.079224,1.0,0.0,0.0,0.000223166,25.8800879321,1225.0701170231,3.0
6920,0.0,-91.535591,-38.081692,1684.291626,1.0,0.0,0.0,0.0001875654,23.6958193875,1223.4909055499,3.0
6921,0.0,-88.883881,-38.108467,1684.378174,1.0,0.0,0.0,0.0001528056,21.3738309369,1222.6843609923,3.0
6922,0.0,-86.11145,-38.217815,1684.449585,1.0,0.0,0.0,0.0001186899,18.8230342731,1221.7453507969,3.0
6923,0.0,-83.261322,-38.143353,1684.405029,1.0,0.0,0.0,9.1635e-05,16.5206344908,1220.3686334517,3.0
6924,0.0,-77.658409,-38.419811,1684.499878,1.0,0.0,0.0,5.25117e-05,12.4782103524,1217.6292087531,3.0
6925,0.0,-75.6519395,-38.560169,1684.5597535,1.0,0.0,0.0,4.26929e-05,11.1689402972,1216.8014913815,3.0
6926,0.0,-73.64547,-38.700527,1684.619629,1.0,0.0,0.0,3.28741e-05,9.8596702419,1215.9737740098,3.0
6927,0.0,-68.257797,-38.813591,1684.551392,1.0,0.0,0.0,2.39949e-05,8.4046316977,1213.2411325589,3.0
6928,0.0,-66.413719,-38.6975745,1684.3737795,1.0,0.0,0.0,3.02915e-05,9.3824618712,1212.1857217753,3.0
6929,0.0,-62.185356,-38.238373,1683.995117,1.0,0.0,0.0,6.16275e-05,13.4221035425,1208.9965574143,3.0
6930,0.0,-59.273457,-37.631786,1683.612305,1.0,0.0,0.0,0.0001113842,18.0021882028,1206.1757499246,3.0
6931,0.0,-58.828892,-37.513027,1683.5958255,1.0,0.0,0.0,0.0001195305,18.6317478772,1205.7842348304,3.0
6932,0.0,-58.384327,-37.394268,1683.579346,1.0,0.0,0.0,0.0001276768,19.2613075516,1205.3927197362,3.0
6933,0.0,-52.238655,-36.046768,1682.23645,1.0,0.0,0.0,0.0002698549,27.8526970066,1198.9923849389,3.0
6934,0.0,-47.562775,-34.627827,1681.764893,1.0,0.0,0.0,0.0003998616,33.766563519,1194.1542854293,3.0
6935,0.0,-44.059063,-33.269428,1681.624512,0.9999982363,0.0018781477,0.0,0.0006021986,41.3071790044,1190.4359786959,3.0
6936,0.0,-42.372387,-32.639915,1681.276978,0.9999915146,0.0041195588,0.0,0.000784633,47.07495314,1188.5756411352,3.0
6937,0.0,-39.012989,-31.078602,1681.080688,0.9999731354,0.0073299682,0.0,0.0010958475,55.4537948916,1184.8414081637,3.0
6938,0.0,-36.691635,-30.126486,1680.667603,0.9999315825,0.0116974535,0.0,0.0014786847,64.2563894491,1182.0181117733,3.0
6939,0.0,-34.31065,-28.775749,1680.497925,0.9998515487,0.0172302245,0.0,0.0020493794,75.4465575986,1179.0598971919,3.0
6940,0.0,-32.415054,-27.517456,1680.258789,0.9997496143,0.0223749284,0.0002668434,0.0025985627,84.7719493062,1176.665159346,3.0
6941,0.0,-28.929859,-25.097425,1680.135986,0.9995602099,0.029641617,0.0008725947,0.0036251641,99.7087506117,1172.056094602,3.0
6942,0.0,-26.124634,-23.132669,1680.018677,0.9995150862,0.0311235168,0.0009587441,0.0041770386,106.6606518553,1168.1778958157,3.0
6943,0.0,-24.12289,-21.647228,1680.141479,0.9995028293,0.0315146798,0.0009587441,0.0045078086,110.5325068348,1165.4194739481,3.0
6944,0.0,-21.522379,-19.78199,1680.20813,0.9994990897,0.0316330588,0.0009587441,0.0049640917,115.5900146941,1161.5156465812,3.0
6945,0.0,-18.663181,-17.609772,1680.084351,0.9994990897,0.0316330588,0.0009587441,0.005494014,121.1361835607,1157.2077550245,3.0
6946,0.0,-17.776854,-16.994812,1680.296753,0.9994990897,0.0316330588,0.0009587441,0.005640096,122.5865921945,1155.8406342599,3.0
6947,0.0,-14.656435,-14.611627,1680.583252,0.9995345705,0.0304913624,0.0009587441,0.0061428948,127.3903658535,1151.0734337966,3.0
6948,0.0,-10.962944,-11.6528,1680.918335,0.9996097122,0.0279196021,0.0009587441,0.0065702319,131.1263164009,1145.7742075196,3.0
6949,0.0,-11.084076,-10.040519,1682.546021,0.9997563621,0.0220716477,0.000242496,0.0062956697,128.2643642189,1144.8660324241,3.0
6950,0.0,-9.443561,-8.668652,1682.45166,0.9998977688,0.0142448323,-0.0012396372,0.0058335204,123.1777997348,1142.0533071682,3.0
6951,0.0,-6.704422,-6.335141,1682.293701,0.9999836346,0.0047103396,-0.0032470397,0.005342123,117.498278826,1138.2570696589,3.0
6952,0.0,-3.944704,-3.968355,1682.100342,0.999964808,-0.0055227642,-0.006315205,0.0048790688,111.9067879157,1134.2357854189,3.0
6953,0.0,-2.269928,-2.509003,1681.948608,0.9998951538,-0.0117914353,-0.0084049704,0.0045759537,108.1769295109,1132.0777042823,3.0
6954,0.0,-0.042845,-0.559234,1681.749878,0.9997826737,-0.0180839109,-0.0103719567,0.00441037,105.9447198847,1129.291825628,3.0
6955,0.0,2.313165,1.683485,1681.44519,0.9994749555,-0.0291593967,-0.0141259633,0.0040049632,100.6815539453,1126.08433985,3.0
6956,0.0,5.012104,4.606789,1681.003418,0.9990327961,-0.0400538199,-0.0181428715,0.0036476751,95.846820363,1123.184341934,3.0
6957,0.0,6.571529,6.534407,1680.716431,0.9985081168,-0.0502759426,-0.0213042332,0.0033936216,91.9897839955,1117.5363702391,3.0
6958,0.0,8.26305,8.893143,1680.359253,0.9978011377,-0.0615918834,-0.0244812072,0.0029477306,85.6291925277,1116.0489370235,3.0
6959,0.0,9.436803,10.645369,1680.089844,0.9969577514,-0.0728379187,-0.0277467024,0.0024100784,77.3616055815,1114.9534071941,3.0
6960,0.0,11.109405,13.43166,1679.709839,0.995597164,-0.0879145257,-0.0325165056,0.0017986937,66.7668287071,1113.6854011815,3.0
6961,0.0,11.589394,14.272507,1679.608154,0.9951440178,-0.0923382841,-0.0340884888,0.0016639011,64.1998160099,1113.3603878979,3.0
6962,0.0,14.003394,18.972319,1679.077271,0.9916902258,-0.1206078311,-0.0447688191,0.0012006927,54.4896797333,1112.2789786353,3.0
6963,0.0,14.936035,21.044149,1678.816406,0.9906331615,-0.1281743178,-0.0470880405,0.0011899891,54.2379060481,1112.104665294,3.0
6964,0.0,16.199282,24.009235,1678.439331,0.9886079479,-0.1410095018,-0.0526369243,0.0013371202,57.4905746236,1112.0944138291,3.0
6965,0.0,17.243994,26.651407,1678.165283,0.9869828824,-0.150644793,-0.0563110665,0.0015136078,61.1833493065,1112.4384036754,3.0
6966,0.0,19.379124,32.420116,1677.666992,0.9837543414,-0.1679529594,-0.0633971543,0.0020298171,70.8636417107,1112.7574596872,3.0
6967,0.0,20.162018,34.751476,1677.478516,0.9820977008,-0.1762243559,-0.0665513524,0.0023415042,76.1369519768,1113.2363744566,3.0
6968,0.0,21.188019,37.876404,1677.229614,0.980512928,-0.1838287378,-0.069292086,0.002642901,80.9153150057,1113.6851362634,3.0
6969,0.0,22.064209,40.607132,1677.054077,0.9792758129,-0.1895714122,-0.0712850749,0.0028719834,84.4299839695,1114.814970476,3.0
6970,0.0,22.97946,43.640259,1676.945923,0.9779950468,-0.195344166,-0.0732553424,0.0030984402,87.8016476633,1116.2276485828,3.0
6971,0.0,24.03583,47.192028,1676.841187,0.9768869187,-0.2002982891,-0.0746494708,0.003245728,89.9986631766,1117.9379143807,3.0
6972,0.0,24.822195,49.939529,1676.779175,0.9760911445,-0.2037694409,-0.0756577328,0.0033394498,91.4321555119,1119.7198556004,3.0
6973,0.0,25.461674,52.196476,1676.731201,0.9755932555,-0.2059086946,-0.0762850535,0.0033816694,92.0988952396,1120.8340611419,3.0
6974,0.0,26.473253,55.847271,1676.700684,0.9742066414,-0.2116472349,-0.0782743118,0.0035829115,194.5190591848,2299.9504411567,0.0
6975,0.0,27.327194,59.031097,1676.701416,0.9725583682,-0.2186501119,-0.0795131998,0.0034776045,191.7442124216,2301.1507952239,0.0
6976,0.0,27.934772,61.358524,1676.700928,0.9705322163,-0.2267237314,-0.0816306724,0.0034615238,191.3983084593,2302.3194962448,0.0
6977,0.0,28.707657,64.313965,1676.701294,0.9685161148,-0.2344512133,-0.0837207495,0.0035242259,193.2133420753,2303.4204727612,0.0
6978,0.0,29.610571,67.839355,1676.701294,0.9647655482,-0.248622269,-0.0861069356,0.0036746179,197.4272417046,2305.0763809836,0.0
6979,0.0,30.239214,70.292297,1676.701294,0.9621410576,-0.2579614739,-0.087979903,0.0039164523,203.9338385691,2306.5002984853,0.0
6980,0.0,31.086769,73.553108,1676.701294,0.9595390583,-0.2668607295,-0.0898339947,0.0042371873,212.2331320268,2307.9154153926,0.0
6981,0.0,31.73761,76.075958,1676.701294,0.9566175504,-0.2768679486,-0.0907028185,0.0045910574,221.0106920063,2309.0905610149,0.0
6982,0.0,32.505676,79.029518,1676.701294,0.953034555,-0.2885884439,-0.0918795244,0.0051738731,234.7852212254,2311.0553473418,0.0
6983,0.0,33.452007,82.55896,1676.701294,0.9504297555,-0.2967412494,-0.0928865479,0.0056703109,245.9273145023,2312.6230656642,0.0
6984,0.0,34.047737,84.77182,1676.701294,0.9483291172,-0.3031673889,-0.0936024559,0.0061155184,255.4951144549,2313.7475149454,0.0
6985,0.0,35.028679,88.343628,1676.701294,0.944794185,-0.3136624351,-0.0947619371,0.0069467838,272.4658206072,2315.584800045,0.0
6986,0.0,33.427788,91.594971,1675.969604,0.9421679674,-0.3210640438,-0.0961113987,0.0076760797,286.7880292701,2319.0563881653,0.0
6987,0.0,34.393757,94.96019,1676.11145,0.9391364932,-0.3291411375,-0.0984314927,0.0084869114,301.6838760713,2320.5219563416,0.0
6988,0.0,35.096832,97.207573,1676.261475,0.9366072601,-0.3356538017,-0.1005154996,0.009308358,315.9615531788,2321.1099009818,0.0
6989,0.0,36.426537,101.078453,1676.422852,0.9331793875,-0.3442640919,-0.1032398458,0.0104353158,334.5406846249,2321.7588558742,0.0
6990,0.0,37.924698,103.995293,1676.599731,0.9297866682,-0.3523891811,-0.106388988,0.011657185,353.4865470374,2321.8299776892,0.0
6991,0.0,39.146004,106.948334,1676.777344,0.9260774572,-0.3608661786,-0.1102549062,0.0131480016,375.363359764,2322.4118825957,0.0
6992,0.0,39.879944,108.656036,1676.769897,0.9245347807,-0.3642992469,-0.1118994995,0.0147788335,201.1356704627,1174.2608209119,3.0
6993,0.0,41.3922,113.186081,1676.900146,0.9189584139,-0.3762406817,-0.1181456009,0.0170250952,217.2647850754,1182.458632799,3.0
6994,0.0,42.586056,115.746033,1676.875366,0.9153110589,-0.3836639279,-0.122505738,0.0189749554,230.0280241852,1186.4389168966,3.0
6995,0.0,43.201328,117.755753,1676.828125,0.9128276351,-0.3885990145,-0.1254452651,0.0203243432,238.3659513546,1188.3351368063,3.0
6996,0.0,44.085403,120.3694,1676.93689,0.9077249842,-0.3986880423,-0.130702708,0.0229414096,253.4241371304,1189.9484753699,3.0
6997,0.0,44.795334,122.461914,1677.005859,0.9011720663,-0.4110290273,-0.1376373699,0.0249377765,515.8241294091,2324.2476392255,0.0
6998,0.0,45.125343,123.399399,1677.030029,0.896101185,-0.4203733225,-0.1424392359,0.0276869678,543.1881515094,2324.4738675529,0.0
6999,0.0,46.029823,125.817734,1677.048706,0.8867793136,-0.4368435269,-0.1509641744,0.0339523835,308.2467460979,1193.0711685037,3.0
7000,0.0,46.357597,126.77282,1677.110962,0.8826807976,-0.4440104286,-0.1540433342,0.0361503249,318.0065325097,1193.5093307196,3.0
7001,0.0,47.041454,128.674698,1677.069336,0.8744138316,-0.4580081401,-0.1600905827,0.0407312244,337.3307676797,1194.1124140914,3.0
7002,0.0,47.639595,130.285629,1676.877686,0.8663457364,-0.4708320513,-0.1666200601,0.0453024438,355.4053724415,1194.3273790889,3.0
7003,0.0,48.220211,131.646988,1676.846069,0.8580741218,-0.483899318,-0.1719018659,0.0503048895,374.1694740014,1194.7578768645,3.0
7004,0.0,48.817146,132.942657,1676.605225,0.8525072397,-0.4924459986,-0.1752950217,0.0536416269,386.0462389558,1194.7497585016,3.0
7005,0.0,50.214905,136.009003,1676.388672,0.8387203499,-0.5130182723,-0.1826483696,0.0621612358,414.7211802035,1194.9165500924,3.0
7006,0.0,50.5246945,136.7922135,1676.2824095,0.8358912025,-0.5170683766,-0.184118502,0.0640311539,420.6995222318,1195.0224255693,3.0
7007,0.0,50.834484,137.575424,1676.176147,0.8330620551,-0.5211184809,-0.1855886345,0.065901072,426.6778642602,1195.1283010462,3.0
7008,0.0,50.180634,136.128342,1676.701294,0.8300682169,-0.5254191307,-0.1868729313,0.0687017369,435.5712539065,1195.7783242413,3.0
7009,0.0,51.003174,137.884766,1676.701294,0.8274520339,-0.5291701644,-0.1878884477,0.0705105403,441.0670081424,1195.7939372574,3.0
7010,0.0,52.385757,140.628983,1676.701294,0.8261207556,-0.5312282027,-0.1879390692,0.0718466584,445.0969282739,1195.8605117412,3.0
7011,0.0,53.270905,142.308578,1676.701294,0.8254276849,-0.5323044709,-0.187939052,0.0724432425,446.819696631,1195.7207929475,3.0
7012,0.0,54.218025,144.064133,1676.701294,0.8243649621,-0.5338098244,-0.1883334295,0.0734168262,449.6915253307,1195.7021729369,3.0
7013,0.0,55.325775,146.04744,1676.701294,0.8231716007,-0.5354686062,-0.1888435535,0.0743771002,451.8962966213,1194.0803185491,3.0
7014,0.0,56.399677,147.944824,1676.701294,0.8216608564,-0.5377710073,-0.1888803342,0.0755532162,455.2824866573,1193.9922653748,3.0
7015,0.0,57.380199,149.65712,1676.701294,0.819330429,-0.5410490037,-0.1896407752,0.0771571101,459.8323490688,1193.8221806961,3.0
7016,0.0,58.461586,151.52803,1676.701294,0.8159659336,-0.5458023685,-0.1905239347,0.0796626787,466.8983070422,1193.7299358982,3.0
7017,0.0,59.920395,154.023285,1676.701294,0.810256824,-0.5538460288,-0.1916727827,0.0836626142,477.8953788783,1193.5239258012,3.0
7018,0.0,61.188797,156.166489,1676.701294,0.8042510242,-0.5625209769,-0.1917040443,0.0855461166,248.6583891217,614.4414587734,6.0
7019,0.0,62.329887,158.061279,1676.701294,0.7987697183,-0.5699985368,-0.1925320884,0.0856824918,249.3121327114,615.5883384602,6.0
7020,0.0,63.834526,160.494995,1676.701294,0.7942064492,-0.5763019974,-0.1926450724,0.0855633426,249.7034769479,616.9645601063,6.0
7021,0.0,64.777672,161.977676,1676.701294,0.7926322213,-0.5784652435,-0.1926450724,0.0855083451,250.0256574409,617.9503582286,6.0
7022,0.0,66.497154,164.653,1676.701294,0.7906105658,-0.5812252655,-0.1926450724,0.0855025812,250.5547598584,619.2780005753,6.0
7023,0.0,68.214424,167.280228,1676.701294,0.7892100583,-0.583125504,-0.1926450895,0.0855797749,251.2505648658,620.730149598,6.0
7024,0.0,69.520882,169.25116,1676.701294,0.7882667712,-0.5844000115,-0.1926450724,0.0856849347,251.8512592145,621.8493476161,6.0
7025,0.0,71.247383,171.820618,1676.701294,0.788050184,-0.5846920981,-0.1926449011,0.0859709383,252.8478796142,623.3173546646,6.0
7026,0.0,72.952621,174.331345,1676.701294,0.788050184,-0.5846920981,-0.1926449011,0.0863475634,253.8954629133,624.5948016173,6.0
7027,0.0,74.410164,176.459869,1676.701294,0.788050184,-0.5846920981,-0.1926449011,0.0867692801,255.0571874214,625.9950461597,6.0
7028,0.0,76.07518,178.875015,1676.701294,0.788050184,-0.5846920981,-0.1926449011,0.087328189,256.4241436177,627.4244781677,6.0
7029,0.0,78.007469,181.658432,1676.701294,0.788050184,-0.5846920981,-0.1926449011,0.0880963765,258.0819250526,628.8478325649,6.0
7030,0.0,79.469376,183.751251,1676.701294,0.788050184,-0.5846920981,-0.1926449011,0.0887466809,259.4593744632,629.9907612472,6.0
7031,0.0,80.516663,185.245819,1676.701294,0.788050184,-0.5846920981,-0.1926449011,0.0892478661,260.5009328528,630.8239677488,6.0
7032,0.0,83.102776,188.904831,1676.701294,0.7891311901,-0.5834966108,-0.1918428262,0.0904877555,263.0656754777,632.8605930006,6.0
7033,0.0,85.180702,191.795074,1676.701294,0.7951096164,-0.5771926491,-0.1861433416,0.0906279142,263.9435016744,634.5044861328,6.0
7034,0.0,86.46785,193.585373,1676.701294,0.8035308402,-0.5676490911,-0.1792001624,0.0872600342,489.162336801,1197.339625112,3.0
7035,0.0,88.668213,196.744705,1676.700439,0.8271853607,-0.5387216015,-0.1598230747,0.0706378086,442.4834821494,1198.5925464359,3.0
7036,0.0,90.745895,199.78595,1676.70105,0.8463167746,-0.5130330966,-0.1433351279,0.0576381573,401.3206566185,1199.4203170607,3.0
7037,0.0,92.810287,202.895508,1676.700562,0.865932922,-0.4836768062,-0.1273456783,0.0451775041,356.7537720656,1200.4768591949,3.0
7038,0.0,94.404053,205.364075,1676.70105,0.8804463526,-0.4600037266,-0.1149382081,0.0364598727,321.4135524923,1201.2591828036,3.0
7039,0.0,96.197975,208.158981,1676.701172,0.8930002161,-0.4380246358,-0.1033684306,0.0293058978,288.8298098592,1201.8627919462,3.0
7040,0.0,97.719162,210.469986,1676.701294,0.8995061027,-0.4261417939,-0.0963947229,0.0257388198,270.9067654911,1201.7751871434,3.0
7041,0.0,99.305649,212.778046,1676.701294,0.9013031998,-0.4230124911,-0.0933433145,0.0248633608,266.3716214082,1202.0138335237,3.0
7042,0.0,100.993721,215.191635,1676.701294,0.9014173054,-0.4228539429,-0.092959048,0.0254978076,270.2303079128,1204.3530752838,3.0
7043,0.0,102.122803,216.75412,1676.701294,0.899366097,-0.4273785764,-0.0921312978,0.026775165,276.7563170077,1204.0462733688,3.0
7044,0.0,103.32534,218.366791,1676.701294,0.8959440912,-0.4347050706,-0.0911903892,0.0287973949,286.6337744461,1203.0540222348,3.0
7045,0.0,104.777893,220.1586,1676.701294,0.8933125467,-0.4401166508,-0.0910495883,0.0304835552,294.3400077441,1201.2590793839,3.0
7046,0.0,106.99884,222.755814,1676.701294,0.8929367752,-0.4408785446,-0.0910495709,0.0309795851,295.6948744727,1197.2390911329,3.0
7047,0.0,107.6939315,223.5370105,1676.701294,0.8929083066,-0.4409361799,-0.0910496404,0.0310950897,295.8103617759,1195.5204766174,3.0
7048,0.0,108.389023,224.318207,1676.701294,0.8928798381,-0.4409938152,-0.0910497099,0.0312105942,295.925849079,1193.8018621018,3.0
7049,0.0,110.632866,226.468185,1676.701294,0.8928798381,-0.4409938152,-0.0910497099,0.0311259887,293.7382321197,1186.5606334719,3.0
7050,0.0,111.337391,227.060379,1676.701294,0.8928798381,-0.4409938152,-0.0910497099,0.0310372571,292.8934187212,1184.8101115806,3.0
7051,0.0,113.21772,228.560165,1676.701294,0.8928798381,-0.4409938152,-0.0910497099,0.0306361793,289.7674551239,1179.6938843269,3.0
7052,0.0,114.401237,229.417603,1676.701294,0.8928798381,-0.4409938152,-0.0910497099,0.0297119637,286.0443281831,1182.2322515714,3.0
7053,0.0,115.888687,230.427505,1676.701294,0.8928798381,-0.4409938152,-0.0910497099,0.0293797271,283.8378382105,1179.6276361438,3.0
7054,0.0,117.279793,231.312576,1676.701294,0.8928798381,-0.4409938152,-0.0910497099,0.0290454639,281.61337765,1176.9982560212,3.0
7055,0.0,118.769768,232.20256,1676.701294,0.89203426,-0.4427017635,-0.0910495883,0.0290361028,280.9267453902,1174.3149511947,3.0
7056,0.0,119.740791,232.743713,1676.701294,0.8906992357,-0.4452171735,-0.0918506397,0.0294607297,282.5588646989,1172.7208326381,3.0
7057,0.0,121.44442,233.673599,1676.701294,0.888980648,-0.4484277026,-0.0928762776,0.0299279031,284.1911150863,1170.3918578009,3.0
7058,0.0,122.846115,234.512329,1676.701294,0.8835031733,-0.4585330464,-0.0957579667,0.0323689096,294.8728689207,1168.4198930538,3.0
7059,0.0,123.951149,235.2715,1676.701294,0.8768441802,-0.4703178193,-0.0997267891,0.03555815,308.407894547,1166.9071984216,3.0
7060,0.0,125.195023,236.209595,1676.701172,0.8672336957,-0.4865614436,-0.1056583112,0.0403715204,327.7652480422,1165.301970426,3.0
7061,0.0,126.630936,237.385284,1676.701172,0.8526879376,-0.5099076356,-0.1136551111,0.0479814407,356.1017013898,1163.5778235616,3.0
7062,0.0,127.901901,238.53978,1676.701172,0.8382884265,-0.5317311864,-0.1205589455,0.0556564399,382.2920877402,1162.120320056,3.0
7063,0.0,129.387527,239.981354,1676.701172,0.8254986694,-0.5500753306,-0.1263688152,0.0624521253,403.7382404061,1160.6467335565,3.0
7064,0.0,130.818649,241.375305,1676.701172,0.8038686308,-0.5791339612,-0.1356432058,0.0748623301,440.0806810037,1159.2303362754,3.0
7065,0.0,132.251602,242.888733,1676.701294,0.7873800497,-0.5999207664,-0.1418722362,0.0841593594,464.9453176569,1157.8997948208,3.0
7066,0.0,133.44455,244.191498,1676.701172,0.7737933416,-0.6161678889,-0.1469047216,0.0918989238,484.4146915305,1156.8083244488,3.0
7067,0.0,135.291901,246.24115,1676.701294,0.7582943391,-0.6338231525,-0.1525054314,0.1003265014,504.3293711188,1155.2259751327,3.0
7068,0.0,136.871994,247.996338,1676.701294,0.7393011768,-0.6542559653,-0.159320124,0.111431033,529.3038489331,1153.8133223514,3.0
7069,0.0,138.248947,249.570831,1676.701294,0.7317422424,-0.66209462,-0.1618147238,0.114903983,536.5256597837,1152.8059722027,3.0
7070,0.0,139.942322,251.496246,1676.701294,0.725335127,-0.6686026372,-0.1638885815,0.1172455899,540.7146050649,1150.8613508907,3.0
7071,0.0,141.918671,253.744736,1676.701294,0.7182539775,-0.6756595652,-0.1661185591,0.119774251,545.0043119948,1148.4529522412,3.0
7072,0.0,143.096802,255.096909,1676.701294,0.7138104204,-0.6800448566,-0.1673728674,0.1210965012,546.9501734315,1146.6469736975,3.0
7073,0.0,145.018982,257.255188,1676.701294,0.7095573639,-0.684191334,-0.1685543406,0.1217258618,547.0982718727,1144.1801907941,3.0
7074,0.0,147.086761,259.57547,1676.701294,0.7052203383,-0.6883666711,-0.169751585,0.1225869594,547.6690241018,1141.6056948019,3.0
7075,0.0,149.166092,261.898254,1676.701294,0.7007820989,-0.692622111,-0.1708187962,0.1237179179,548.735415274,1138.9315494758,3.0
7076,0.0,151.100876,264.049225,1676.701294,0.6976830602,-0.695501045,-0.1718040857,0.1238869105,547.5580851245,1135.763683831,3.0
7077,0.0,153.109131,266.265259,1676.701294,0.6943028155,-0.6988503163,-0.1719064737,0.1242592871,546.8181551918,1132.6405194791,3.0
7078,0.0,155.109283,268.461823,1676.701294,0.6921698858,-0.7009629229,-0.1719064565,0.1239721272,544.8026488266,1129.6854639468,3.0
7079,0.0,157.213425,270.756409,1676.701294,0.6893963773,-0.7036908364,-0.1719064909,0.1238577084,542.7778671345,1125.9723432117,3.0
7080,0.0,158.959091,272.648193,1676.701294,0.6870734205,-0.7059591201,-0.1719064737,0.1238413732,541.3064359848,1122.9890821456,3.0
7081,0.0,160.740662,274.573151,1676.701294,0.6856762607,-0.7073162204,-0.1719064565,0.1232656351,538.6787571505,1119.9727021413,3.0
7082,0.0,163.282471,277.309723,1676.701294,0.6846448225,-0.7083146414,-0.1719064737,0.1218354601,533.6268558923,1115.5370679774,3.0
7083,0.0,165.126511,279.287079,1676.701294,0.6845919136,-0.7083657868,-0.1719064393,0.120375841,529.0761468516,1112.2771249525,3.0
7084,0.0,167.387955,281.705048,1676.701294,0.6845919136,-0.7083657868,-0.1719064393,0.1186357934,523.7310521218,1108.5722830326,3.0
7085,0.0,169.793228,284.28891,1676.701294,0.6887842335,-0.7047377737,-0.1700616064,0.1139220512,511.7035457053,1103.9126489577,3.0
7086,0.0,171.918976,286.468201,1676.701294,0.6981306724,-0.69674171,-0.1648167281,0.1062513026,493.4735804397,1100.108705316,3.0
7087,0.0,173.729889,288.291351,1676.70105,0.7128607336,-0.683265099,-0.1580454962,0.0956797081,468.0672143439,1096.5496576805,3.0
7088,0.0,176.41246,291.016846,1676.701294,0.7296763632,-0.6670832543,-0.150240929,0.0837638492,437.5501131668,1092.1315988894,3.0
7089,0.0,181.040298,295.887512,1676.701172,0.7688003554,-0.625462186,-0.1332031055,0.0589650239,366.7264615406,1083.997618172,3.0
7090,0.0,182.287651,297.22229,1676.701233,0.7769592239,-0.615958022,-0.1294571395,0.0540740244,350.5818136293,1081.84328024,3.0
7091,0.0,185.495636,300.662018,1676.701294,0.7939071536,-0.5957951336,-0.1214067142,0.0438225165,315.1609666963,1076.414748577,3.0
7092,0.0,186.7574235,302.03241,1676.701294,0.7985513336,-0.5900615598,-0.1186640586,0.0409508503,304.1257782708,1074.3586254681,3.0
7093,0.0,190.017914,305.613739,1676.701294,0.8097874564,-0.5760279883,-0.1115169591,0.0339982073,276.4018352003,1069.1064728412,3.0
7094,0.0,191.971863,307.799103,1676.701294,0.8148984103,-0.5696121344,-0.1071568812,0.0306747333,262.0196557258,1066.0676070818,3.0
7095,0.0,194.129517,310.144623,1676.701294,0.8167155734,-0.5673332851,-0.1053974182,0.0287428078,252.9223837565,1062.554036338,3.0
7096,0.0,196.241074,312.44809,1676.701294,0.817497571,-0.5663598429,-0.1045669625,0.027416647,246.4853562346,1059.9033648135,3.0
7097,0.0,198.371689,314.54837,1676.701294,0.8176475477,-0.5661726967,-0.1044076877,0.0264016205,241.3554507324,1057.3345639988,3.0
7098,0.0,200.86528,316.69278,1676.701294,0.8176475477,-0.5661726967,-0.1044076877,0.0253298183,235.8312779948,1054.479360371,3.0
7099,0.0,203.422897,318.813141,1676.701294,0.8176475477,-0.5661726967,-0.1044076877,0.0242842736,230.4219979856,1051.9598168123,3.0
7100,0.0,205.592957,320.453918,1676.701294,0.8176475477,-0.5661726967,-0.1044076877,0.0234499797,226.0676697156,1050.0580711945,3.0
7101,0.0,207.928894,322.091675,1676.701294,0.8176475477,-0.5661726967,-0.1044076877,0.0226549337,221.865900061,1048.2573791794,3.0
7102,0.0,210.777161,323.932373,1676.701294,0.8176475477,-0.5661726967,-0.1044076877,0.0216028905,216.2624450563,1046.0885341308,3.0
7103,0.0,213.621231,325.625336,1676.701294,0.8176475477,-0.5661726967,-0.1044076877,0.0206622148,211.1614313294,1044.1579591509,3.0
7104,0.0,216.094543,326.989227,1676.701294,0.8176475477,-0.5661726967,-0.1044076877,0.0198756543,206.8032250282,1042.438298039,3.0
7105,0.0,218.536438,328.235718,1676.701294,0.8176475477,-0.5661726967,-0.1044076877,0.0190718403,202.2785570555,1040.684732968,3.0
7106,0.0,221.358673,329.626068,1676.701294,0.8176475477,-0.5661726967,-0.1044076877,0.0182877942,197.7297306711,1038.6542917273,3.0
7107,0.0,224.499374,331.071228,1676.701294,0.8177273694,-0.5662282218,-0.1034772933,0.0172974146,191.9212757752,1036.3435238932,3.0
7108,0.0,227.144287,332.208099,1676.701294,0.8177294684,-0.5662294219,-0.1034541356,0.016569883,187.517560309,1034.3648924147,3.0
7109,0.0,229.925705,333.326141,1676.701294,0.8180806719,-0.5658947993,-0.1025040995,0.0156715168,182.0321077981,1032.2519176742,3.0
7110,0.0,231.792603,334.053772,1676.701294,0.8182751233,-0.5657088577,-0.1019770116,0.0151083317,178.5110327697,1030.8332129931,3.0
7111,0.0,236.141113,335.668884,1676.701294,0.8185103186,-0.5656098997,-0.1006295169,0.0138964039,170.7029683247,1027.5167509752,3.0
7112,0.0,238.452087,336.457733,1676.701294,0.8188099693,-0.5653256717,-0.0997853654,0.0131835875,166.0057908739,1025.7170297215,3.0
7113,0.0,241.718994,337.543396,1676.701294,0.8191278383,-0.5650177211,-0.0989169315,0.0123885697,160.5618223518,1023.2127932991,3.0
7114,0.0,245.512787,338.748596,1676.701294,0.8192125458,-0.5649354614,-0.0986850006,0.0115856497,154.8592069789,1020.2894353937,3.0
7115,0.0,248.805695,339.740387,1676.701294,0.8192125458,-0.5649354614,-0.0986850006,0.0109524844,150.2169258844,1017.7473264452,3.0
7116,0.0,251.810181,340.609894,1676.701294,0.8187584941,-0.565593334,-0.0986848964,0.0105374928,147.0265449129,1015.4515960363,3.0
7117,0.0,255.130264,341.536285,1676.701294,0.8177723786,-0.5670181933,-0.098684879,0.0100915164,143.5360952299,1012.8995065224,3.0
7118,0.0,258.648315,342.484039,1676.701294,0.8166451688,-0.5686404513,-0.098684879,0.0096942703,140.3345021933,1010.2921981539,3.0
7119,0.0,261.734253,343.279053,1676.701294,0.8150601409,-0.5709837613,-0.0982573716,0.0093960046,137.8736980195,1008.1319503513,3.0
7120,0.0,265.695374,344.282257,1676.701294,0.8134388005,-0.5733734565,-0.0977762607,0.0090517118,134.9726603391,1005.4268044073,3.0
7121,0.0,269.169617,345.133728,1676.701294,0.8123163136,-0.5749702968,-0.0977310821,0.0087152891,132.1448477641,1003.0963656648,3.0
7122,0.0,272.703674,345.969482,1676.701294,0.8107241353,-0.5773567271,-0.0968792343,0.0084153386,129.5564302526,1000.7458331668,3.0
7123,0.0,276.445862,346.833618,1676.701294,0.8095047747,-0.579082284,-0.0967766916,0.0080336418,126.2886358142,998.3137218706,3.0
7124,0.0,279.349609,347.484985,1676.701294,0.8081892423,-0.5809168793,-0.0967766916,0.0078367172,124.5064548329,996.4656081007,3.0
7125,0.0,283.365997,348.363373,1676.701294,0.8063925701,-0.5835439619,-0.0959555489,0.0075010727,121.5182396425,993.9870704313,3.0
7126,0.0,286.825256,349.094177,1676.701294,0.8039429742,-0.587062267,-0.0950451939,0.007304801,119.6649143752,991.8413338998,3.0
7127,0.0,290.599915,349.873322,1676.701294,0.8015100816,-0.5904080061,-0.0948682006,0.0071407759,118.0383879256,989.4919330874,3.0
7128,0.0,294.534576,350.657806,1676.701294,0.7979857399,-0.5951628238,-0.0948681832,0.0070962302,117.3857834429,987.0939483018,3.0
7129,0.0,301.444855,351.974518,1676.701294,0.7912299443,-0.6045102288,-0.092317704,0.0068619192,114.9651000289,983.0475549358,3.0
7130,0.0,303.1771395,352.261185,1676.701294,0.7862248662,-0.6111441069,-0.0910086126,0.0071585655,117.2707186625,982.0714451477,3.0
7131,0.0,308.141479,353.077271,1676.701294,0.7726374752,-0.6287295796,-0.087922965,0.0080661304,124.5116567393,982.2904755667,3.0
7132,0.0,312.529694,353.799438,1676.701294,0.7645281223,-0.6387763988,-0.0863797574,0.0085917555,128.1018356224,979.3417026238,3.0
7133,0.0,314.396927,353.952377,1676.701294,0.7492578806,-0.656339059,-0.0853758318,0.0108587143,142.9479911754,978.2274721211,3.0
7134,0.0,318.958374,354.370392,1676.701294,0.7179816106,-0.6909305661,-0.0843644454,0.0158667552,173.1340494982,975.7824651511,3.0
7135,0.0,322.949341,354.791229,1676.701294,0.7000931108,-0.7090502638,-0.0843644454,0.0191357113,189.4252950229,972.9450335367,3.0
7136,0.0,325.810272,354.914764,1676.701294,0.6720558846,-0.7356789574,-0.0843644454,0.0256697698,218.6200552635,971.1115395947,3.0
7137,0.0,329.095093,354.955902,1676.701294,0.6355899097,-0.7674034819,-0.0843644628,0.0355543929,256.0379053357,968.8078023952,3.0
7138,0.0,333.159515,355.041687,1676.701294,0.5970872315,-0.7977276968,-0.0843644454,0.0470926852,292.9050560709,965.8492013771,3.0
7139,0.0,335.944489,355.061676,1676.701294,0.5733684605,-0.814942482,-0.0843644454,0.0546532084,314.2922677662,963.8897212692,3.0
7140,0.0,339.883972,355.060211,1676.701294,0.5457474628,-0.8337672956,-0.0836170057,0.063689317,337.3608094728,960.6690815354,3.0
7141,0.0,348.008667,357.102783,1673.627197,0.5163248548,-0.8523213001,-0.0834089065,0.0723749877,356.7976646913,955.2487440203,3.0
7142,0.0,351.685059,356.990234,1673.578857,0.4932521149,-0.8657996631,-0.0842216986,0.0803242739,373.8862840181,952.1430299779,3.0
7143,0.0,354.721863,356.613678,1674.358887,0.4732933598,-0.8768112946,-0.0848254041,0.0871628078,387.5705572711,949.1747307168,3.0
7144,0.0,357.531189,356.436371,1675.079712,0.4594546287,-0.8841048373,-0.0852061082,0.0917262636,395.9745401154,946.4552289306,3.0
7145,0.0,360.666107,356.690704,1675.511963,0.4460431931,-0.8909354525,-0.0853199241,0.0957583571,403.0122450893,943.7758704853,3.0
7146,0.0,363.964081,357.285583,1675.744995,0.4339276856,-0.8969395549,-0.084889331,0.098583359,407.3787448234,940.9312983118,3.0
7147,0.0,367.86496,357.948914,1676.022461,0.4249302079,-0.9012839194,-0.0843896624,0.0999584579,408.6772924229,937.7545615948,3.0
7148,0.0,370.617065,358.610443,1676.051636,0.4169049779,-0.9050264509,-0.0843644628,0.1016186793,410.9266150871,935.5904319468,3.0
7149,0.0,374.166809,359.460052,1675.951782,0.4044005952,-0.9106825989,-0.0843644628,0.1046756001,415.4473069525,932.7203272647,3.0
7150,0.0,377.588257,360.402466,1675.857666,0.3925398902,-0.915857561,-0.0843644628,0.1074822709,419.4487269561,930.0161397674,3.0
7151,0.0,380.759552,361.380798,1675.913696,0.3785934003,-0.9216681847,-0.0848221347,0.1113456311,425.3406379727,927.5216244759,3.0
7152,0.0,383.042023,362.117004,1675.370239,0.3696861419,-0.925247514,-0.0851422005,0.1137128887,428.7634231159,925.7825376647,3.0
7153,0.0,387.592133,363.533875,1675.049927,0.3462042782,-0.9342714318,-0.0853199241,0.1213682811,440.4343053213,922.3754022899,3.0
7154,0.0,390.853516,364.622253,1674.980103,0.3286768465,-0.9405806936,-0.0853199241,0.1268377916,448.3583616315,919.8420179285,3.0
7155,0.0,394.207977,365.751434,1674.815186,0.3068422263,-0.9479284565,-0.0853199241,0.1346561436,459.7496617913,917.3369384372,3.0
7156,0.0,396.01944,366.421387,1674.830688,0.2893859402,-0.9536045526,-0.0830309273,0.1417006792,470.0896023623,916.0872638362,3.0
7157,0.0,400.375885,367.769379,1674.971802,0.2613362306,-0.9619901986,-0.0792352979,,,,
7158,0.0,403.961853,368.826721,1675.104126,0.2363442738,-0.9687379349,-0.0754201413,,,,
7159,0.0,407.418182,369.818512,1675.132812,0.2093179034,-0.9752866368,-0.0707247585,,,,
7160,0.0,411.666168,370.976105,1675.733765,0.1830507105,-0.9809328487,-0.0652930602,,,,
7161,0.0,414.369904,371.698914,1675.644409,0.1636813877,-0.9846394215,-0.0607751013,,,,
7162,0.0,418.899323,372.69693,1676.241577,0.1432635226,-0.9880917178,-0.0561277134,,,,
7163,0.0,421.592896,373.284943,1676.345093,0.1318333726,-0.9898591325,-0.0529042499,,,,
7164,0.0,425.910583,374.160492,1676.461182,0.1114867842,-0.9926035066,-0.0480518011,,,,
7165,0.0,429.427734,374.840759,1676.488525,0.098592446,-0.994092312,-0.0453872755,,,,
7166,0.0,433.921173,375.661804,1676.307739,0.083297308,-0.9955964489,-0.0430031319,,,,
7167,0.0,438.183289,376.370941,1676.035889,0.0697439985,-0.9967066754,-0.0413712199,,,,
7168,0.0,441.501892,376.871246,1675.811279,0.0565847316,-0.9976035355,-0.0398165067,,,,
7169,0.0,446.057343,377.529907,1675.341431,0.0342003007,-0.9987148563,-0.0374028773,,,,
7170,0.0,447.143036,377.696533,1675.344482,0.0298117936,-0.998876905,-0.036826426,,,,
7171,0.0,453.511475,378.492554,1674.593994,0.0035121667,-0.9994263538,-0.033684241,,,,
7172,0.0,456.851776,378.864655,1674.536499,-0.016532676,-0.9993797545,-0.0310930375,,,,
7173,0.0,460.016785,379.150055,1674.350708,-0.0357719929,-0.9989486437,-0.0286700503,,,,
7174,0.0,467.098663,379.59552,1674.086182,-0.0901490371,-0.9956612095,-0.0230631093,,,,
7175,0.0,470.513672,379.685028,1674.121704,-0.11454747,-0.9932123513,-0.0202015448,,,,
7176,0.0,474.561981,379.755646,1674.308472,-0.147810604,-0.9888868903,-0.0159606899,,,,
7177,0.0,476.5336,379.7713775,1674.428589,-0.1591381952,-0.9870857229,-0.0142205466,,,,
7178,0.0,481.010986,379.818329,1674.737427,-0.1801592243,-0.9835670655,-0.0117678203,,,,
7179,0.0,483.056854,379.815491,1674.9067385,-0.1881874867,-0.9820399367,-0.0107319312,,,,
7180,0.0,487.90332,379.753174,1675.1427,-0.2018483246,-0.9793764894,-0.0088851449,,,,
7181,0.0,491.019104,379.627167,1675.11792,-0.2069428417,-0.9783197937,-0.0080648347,,,,
7182,0.0,495.519867,379.48349,1675.306885,-0.2148622779,-0.9766257225,-0.0060332176,,,,
7183,0.0,498.411316,379.386414,1675.388794,-0.2194799281,-0.9756035384,-0.005128069,,,,
7184,0.0,499.790771,379.507477,1675.351074,-0.2216667174,-0.9751110873,-0.0047152688,,,,
7185,0.0,505.245697,378.238739,1674.835571,-0.2306704111,-0.9730305695,-0.0016346921,,,,
7186,0.0,509.853973,377.033417,1674.829102,-0.2428687512,-0.9700588314,0.0007958351,,,,
7187,0.0,512.859009,375.924622,1674.796265,-0.2508741463,-0.9680166981,0.0024155682,,,,
7188,0.0,516.271545,374.57785,1674.314453,-0.2628026256,-0.9648429238,0.0035933809,,,,
7189,0.0,518.661255,373.273254,1673.926514,-0.2750288279,-0.961422598,0.0050726555,,,,
7190,0.0,522.865112,370.594788,1673.266479,-0.2932623807,-0.9560017822,0.0076005565,,,,
7191,0.0,524.660278,368.820374,1672.769897,-0.3112041761,-0.9503059338,0.0084019685,,,,
7192,0.0,525.79364,366.842102,1672.312378,-0.3300813767,-0.9439074214,0.0092230442,,,,
7193,0.0,527.024536,364.071106,1672.262817,-0.3606552154,-0.9326293581,0.011414729,,,,
7194,0.0,527.906982,362.913818,1672.735474,-0.3806395558,-0.9246422357,0.0122582399,,,,
7195,0.0,528.504333,361.918671,1673.132446,-0.4013544592,-0.9158236126,0.0134799389,,,,
7196,0.0,529.398499,360.245636,1673.477051,-0.4290542632,-0.9031490594,0.0153041075,,,,
7197,0.0,529.952209,359.858856,1674.106445,-0.4444235508,-0.8956701456,0.0162079536,0.0182517206,155.1868874739,815.9787942552,6.0
7198,0.0,530.007446,359.979523,1674.682617,-0.4630366765,-0.8861345574,0.0190415955,0.0145911205,138.8804334857,815.9654344466,6.0
7199,0.0,529.718994,360.073883,1674.926636,-0.4739863916,-0.8802909449,0.0206095353,0.0125747027,128.9594285144,815.7532816953,6.0
7200,0.0,529.6535846667,360.0398863333,1674.926636,-0.4753003854,-0.8795749204,0.02080736,0.0123446727,127.7581323638,815.6727715839,6.0
7201,0.0,529.5881753333,360.0058896667,1674.926636,-0.4766143791,-0.878858896,0.0210051848,0.0121146427,126.5568362133,815.5922614725,6.0
7202,0.0,529.522766,359.971893,1674.926636,-0.4779283729,-0.8781428715,0.0212030095,0.0118846126,125.3555400627,815.5117513611,6.0
7203,0.0,526.778076,360.844269,1674.940063,-0.5279149441,-0.8487780881,0.0296912262,0.004887783,81.026512925,820.5168924283,6.0
7204,0.0,526.186768,361.164948,1674.944458,-0.534812755,-0.8444312639,0.0301853865,0.0041588692,74.8897954368,822.0003989203,6.0
7205,0.0,524.650757,362.01532,1674.955811,-0.5483924489,-0.8356582908,0.0306747945,0.0028724051,62.5029062867,825.2289628949,6.0
7206,0.0,520.296753,362.408142,1675.609375,-0.554223471,-0.8318025007,0.0306748119,0.0022565423,55.4897902899,826.4593309507,6.0
7207,0.0,517.93457,363.398682,1675.574341,-0.5599251772,-0.8279751517,0.0306748119,0.001799068,49.7352069836,829.5079713119,6.0
7208,0.0,516.351929,364.129944,1675.690063,-0.5638185552,-0.8253288398,0.0306747945,0.0015266542,45.9374343885,831.6626779579,6.0
7209,0.0,514.930115,364.894226,1675.990845,-0.5669127392,-0.8232065367,0.0306748119,0.0013447101,43.2546350163,834.3521107888,6.0
7210,0.0,512.93811,365.880737,1676.100342,-0.5701306816,-0.8209949214,0.0303042065,0.0011323155,39.8282802118,837.1741577718,6.0
7211,0.0,509.985077,367.555359,1676.228271,-0.5734693026,-0.8186876177,0.02972446,0.0008974172,35.6005718393,840.5087596157,6.0
7212,0.0,508.272491,368.564423,1676.381958,-0.5769868217,-0.8162126787,0.0297165049,0.0007400963,32.4131845239,842.6417126182,6.0
7213,0.0,506.450012,369.835602,1676.44751,-0.5827487324,-0.8121244238,0.0292888236,0.0005510251,28.0863845433,846.1648283058,6.0
7214,0.0,504.341797,371.143524,1676.416626,-0.587180437,-0.8089411047,0.028869075,0.0004343461,25.0110074457,848.6827898928,6.0
7215,0.0,499.935242,373.964966,1676.33667,-0.6009695582,-0.7988359929,0.026394062,0.0003218241,25.2207342707,994.1876574269,2.0
7216,0.0,499.650757,374.214508,1676.225464,-0.6020188851,-0.798052921,0.0261345678,0.0003083706,24.6937905774,994.6671532735,2.0
7217,0.0,499.366272,374.46405,1676.114258,-0.6030682121,-0.797269849,0.0258750737,0.000294917,24.1668468841,995.1466491201,2.0
7218,0.0,494.830414,377.492065,1675.953247,-0.6090523119,-0.7927379382,0.0249367736,0.0003827557,27.69296581,1001.0026402811,2.0
7219,0.0,492.956635,378.636505,1676.060425,-0.6097025509,-0.7922383247,0.0249246124,0.0004565867,30.3320243766,1003.8627518213,2.0
7220,0.0,490.207977,380.564606,1675.885132,-0.6105938924,-0.7915515538,0.0249246124,0.0005857515,34.4919506641,1007.8819340029,2.0
7221,0.0,486.119263,383.374634,1675.814087,-0.6106485852,-0.7915093613,0.0249246124,0.0008003307,40.5407111553,1013.5111535478,2.0
7222,0.0,483.141449,385.458832,1675.732422,-0.6126310217,-0.7900017038,0.0240943819,0.000956926,38.3118219498,875.9565277644,6.0
7223,0.0,480.791168,387.147522,1675.926392,-0.6158676668,-0.7874850097,0.0239661547,0.0012002219,43.0691010983,879.3269656782,6.0
7224,0.0,478.530701,388.768524,1676.098022,-0.6183190158,-0.7855617214,0.0239661547,0.0014552569,47.5310317883,881.3541775052,6.0
7225,0.0,475.692108,390.855774,1676.408325,-0.621500074,-0.7830708244,0.0231892629,0.0017821329,52.8172488061,885.0836477923,6.0
7226,0.0,473.154419,392.675934,1676.376221,-0.6227029715,-0.7821199755,0.0230076749,0.0019892502,56.0071566514,888.3823150131,6.0
7227,0.0,471.010071,394.391876,1676.992798,-0.623372583,-0.7815965796,0.022658543,0.0021728383,58.7194766636,891.2294196243,6.0
7228,0.0,467.379852,397.127594,1677.261475,-0.6243016548,-0.7808715575,0.0220693102,0.0024799598,63.0059915381,895.1873904408,6.0
7229,0.0,465.132568,398.879578,1677.487549,-0.6243333322,-0.7808467989,0.0220491915,0.00264961,65.3132200522,897.8069959534,6.0
7230,0.0,462.369415,401.059326,1677.657104,-0.6243333322,-0.7808467989,0.0220491915,0.0028568703,68.085431973,901.3725672737,6.0
7231,0.0,459.696136,403.181,1677.714722,-0.6243333322,-0.7808467989,0.0220491915,0.0030597786,70.7536725904,905.1518703177,6.0
7232,0.0,456.663818,405.578094,1677.744141,-0.6243333322,-0.7808467989,0.0220491915,0.0033270104,74.0222547086,908.200551374,6.0
7233,0.0,453.742981,407.933899,1677.749023,-0.6250793898,-0.780249697,0.0220491915,0.0036406517,77.7815073029,912.3625027789,6.0
7234,0.0,451.611969,409.542572,1677.768799,-0.6250816776,-0.7802478641,0.0220491915,0.0038265549,79.993064307,915.2699939428,6.0
7235,0.0,448.42569,412.176727,1677.551025,-0.6250816776,-0.7802478641,0.0220491915,0.0041278986,83.4432064853,919.3060582301,6.0
7236,0.0,446.174469,414.0159,1677.369995,-0.6250816776,-0.7802478641,0.0220491915,0.0043554236,85.9421057532,921.8265097886,6.0
7237,0.0,443.699951,415.940002,1677.339966,-0.6250916114,-0.7802606825,0.0213012842,0.0045660001,88.3538194912,925.6326934812,6.0
7238,0.0,441.087311,418.053162,1677.10022,-0.6239535122,-0.7811963453,0.0203539854,0.0046639668,89.6553081877,929.3734441683,6.0
7239,0.0,438.262299,420.258698,1676.734375,-0.6221898657,-0.7826417015,0.0187546798,0.0046954928,90.3540003108,933.4739510442,6.0
7240,0.0,436.051605,421.94516,1676.591553,-0.6210917959,-0.783538119,0.0176917239,0.0047700612,91.3288586694,936.1589156436,6.0
7241,0.0,433.046265,424.207123,1676.383057,-0.6187371011,-0.7854259987,0.0164438558,0.0047627217,91.6619279799,940.2949647558,6.0
7242,0.0,430.511688,426.152588,1676.277344,-0.6156995266,-0.7878293486,0.0154599644,0.0046354309,90.7898431366,944.0197573346,6.0
7243,0.0,428.840546,427.374512,1676.277466,-0.613230283,-0.7897615738,0.0150092156,0.0045046627,89.7286115719,946.3993899813,6.0
7244,0.0,425.60611,429.800232,1676.357544,-0.6096888437,-0.7925091435,0.014448921,0.0044099974,89.2258217056,951.1209084768,6.0
7245,0.0,423.322968,431.488556,1676.388428,-0.6060634497,-0.7952981509,0.0137093412,0.0042141952,87.5260104393,954.3833243538,6.0
7246,0.0,420.733978,433.359222,1676.441162,-0.600358503,-0.7996310241,0.0126448876,0.0038221433,83.69136459,958.1368593919,6.0
7247,0.0,418.064545,435.175049,1676.485352,-0.5944534124,-0.8040334617,0.0124632655,0.0034464815,79.7980663987,961.9752789649,6.0
7248,0.0,416.18631,436.306396,1676.605591,-0.5899119772,-0.8073808209,0.0118350806,0.003151329,76.5076913545,964.4631732703,6.0
7249,0.0,413.852448,437.738586,1676.770752,-0.5829683721,-0.812413393,0.0115046076,0.002698793,71.0322201482,967.4952014423,6.0
7250,0.0,410.834442,439.316864,1676.844238,-0.5739891701,-0.8187820691,0.0115046076,0.002164274,63.8650020559,971.2408024993,6.0
7251,0.0,408.517059,440.361481,1676.813843,-0.5675898874,-0.8232310513,0.0115046076,0.0018241798,58.8059312827,974.0257982565,6.0
7252,0.0,406.085114,441.270081,1676.697876,-0.5622546939,-0.826884093,0.0115046076,0.0015890427,55.0172396263,976.3119602319,6.0
7253,0.0,402.865448,442.274536,1676.507202,-0.5563412725,-0.830874258,0.0115046076,0.001366893,51.2357059425,980.2546873094,6.0
7254,0.0,399.805237,443.086548,1676.282715,-0.551465362,-0.834118456,0.0115046076,0.0012147067,48.45752454,983.4277079871,6.0
7255,0.0,395.41333,444.060394,1676.031616,-0.5454965819,-0.8380340824,0.0115046076,0.0010678939,45.6282702762,987.5769106891,6.0
7256,0.0,393.8178405,444.203323,1675.693054,-0.5434605364,-0.8393579155,0.0110842447,0.0010148068,44.5204430471,988.8408451832,6.0
7257,0.0,390.002472,444.638641,1675.105469,-0.5399322288,-0.8416503596,0.0098924521,0.0009614789,43.5078214189,992.4002696701,6.0
7258,0.0,388.439453,444.7827755,1674.859253,-0.5393386118,-0.8420323485,0.0097398391,0.0009873708,44.1470054596,993.7631998687,6.0
7259,0.0,386.876434,444.92691,1674.613037,-0.5387449947,-0.8424143374,0.009587226,0.0010132627,44.7861895004,995.1261300673,6.0
7260,0.0,381.992828,445.279449,1674.153198,-0.5351350819,-0.8447224352,0.008628539,0.0010021978,44.7432358501,999.6420507064,6.0
7261,0.0,378.24472,445.480774,1674.163696,-0.5323492735,-0.8464808322,0.008628539,0.0010006007,44.7981883114,1001.6677963135,6.0
7262,0.0,376.180481,445.562042,1674.113525,-0.5295678127,-0.8482296838,0.0080209236,0.0009299853,43.2305726686,1002.6259826914,6.0
7263,0.0,373.840027,445.540985,1674.103149,-0.5248308799,-0.8511719693,0.0076698266,0.0007764139,39.5933417994,1004.950846153,6.0
7264,0.0,369.835846,445.41156,1674.005615,-0.515490572,-0.8568609245,0.0076698266,0.0005055128,32.0339150544,1007.5899682013,6.0
7265,0.0,366.934723,445.217346,1674.23584,-0.5095226272,-0.8604144899,0.0085789211,0.0003797525,27.8165453096,1009.4367329748,6.0
7266,0.0,364.233124,444.984314,1674.426025,-0.5020311966,-0.8647977523,0.0094617774,0.0002334969,21.8473546019,1011.0406635732,6.0
7267,0.0,361.190735,444.654205,1674.729248,-0.4943383135,-0.8692167259,0.0095872434,0.0001254631,16.0416095582,1012.7179746402,6.0
7268,0.0,357.923706,444.233582,1675.011719,-0.4844758931,-0.8747297948,0.0114409421,5.48654e-05,10.6221335775,1014.0357797466,6.0
7269,0.0,355.181885,443.821869,1675.243896,-0.4734123648,-0.8807529843,0.0124464244,6.15468e-05,11.274445482,1016.2112150983,6.0
7270,0.0,351.751251,443.371765,1675.28894,-0.4622088863,-0.8866695115,0.013420987,0.0001261277,18.6439075117,1173.8980493486,2.0
7271,0.0,348.670105,442.80899,1675.773926,-0.45736902,-0.8891615773,0.0143272143,0.0001798853,22.2923958446,1175.3397051792,2.0
7272,0.0,345.324677,442.206451,1675.914917,-0.4502636621,-0.8927639272,0.0153363923,0.0002831104,28.005481085,1177.0118864769,2.0
7273,0.0,342.347504,441.715393,1675.912476,-0.4478995918,-0.893952272,0.0153392019,0.0002921717,28.4846808291,1178.4442018249,2.0
7274,0.0,339.269135,441.121246,1675.965576,-0.4468798705,-0.8944624588,0.0153392019,0.0002735314,27.6002765347,1180.1156230757,2.0
7275,0.0,336.108734,440.727478,1675.869385,-0.446003643,-0.8948996923,0.0153392019,0.0002498526,26.4203604712,1181.9768669686,2.0
7276,0.0,332.634674,440.157288,1675.737305,-0.4451941025,-0.8953026974,0.0153392019,0.0002255667,25.1316957648,1183.2971975766,2.0
7277,0.0,329.446075,439.674042,1675.615479,-0.445100266,-0.895349352,0.0153392019,0.000198584,23.6143102375,1184.976492249,2.0
7278,0.0,326.50766,438.983154,1675.658325,-0.4436326414,-0.8960774455,0.0153392019,0.0001975249,23.5828205935,1186.5642013931,2.0
7279,0.0,323.231445,438.462738,1675.523682,-0.4418515069,-0.8969570529,0.0153392019,0.000194025,23.4069307499,1188.2878998225,2.0
7280,0.0,319.937134,437.873199,1675.354736,-0.4333466973,-0.9010967478,0.0153392019,0.0003159068,29.9110808157,1190.0683109095,2.0
7281,0.0,317.069214,437.456482,1675.023193,-0.4149129448,-0.9097460086,0.0144723234,0.0008504887,49.1395884075,1191.7210561921,2.0
7282,0.0,314.192078,436.611053,1674.877441,-0.3708556348,-0.9286047963,0.0126186574,0.0036939816,102.4692921641,1193.2537723884,2.0
7283,0.0,312.633179,436.036072,1674.313354,-0.3002848649,-0.9538152525,0.0080909789,0.0126875866,189.8402886719,1195.5446569579,2.0
7284,0.0,309.687164,434.732819,1674.256348,-0.1951341205,-0.9807761774,-0.0008745495,0.0352687311,315.0578150497,1196.8611241309,2.0
7285,0.0,307.731995,433.460175,1674.200073,-0.0939379405,-0.9955122729,-0.0114445547,0.0668948566,373.5423570762,1038.7612804861,6.0
7286,0.0,305.12439,431.834442,1674.199829,0.0087948266,-0.9997171765,-0.0220956583,0.1082192601,470.2905037214,1039.3899885956,6.0
7287,0.0,303.0513,430.141815,1674.552002,0.1405740515,-0.9895082319,-0.0333525881,,,,
7288,0.0,302.338898,428.828217,1674.585205,0.2915067686,-0.9556475754,-0.0419704115,0.0905736848,428.944711676,1031.4515857469,3.0
7289,0.0,301.973114,427.492188,1674.777954,0.4186296984,-0.9070088612,-0.0456519593,0.0424497229,297.3273330774,1031.4328112373,3.0
7290,0.0,301.497803,426.032501,1675.172974,0.5431675937,-0.8383630937,-0.0460031342,0.0115808491,156.5182731503,1031.432654977,3.0
7291,0.0,301.877014,424.670074,1675.623779,0.6510074827,-0.7576760317,-0.0460031342,0.0010266779,46.72726009,1031.453642134,3.0
7292,0.0,302.246918,424.075348,1675.828857,0.6952390222,-0.7174952867,-0.0429326858,0.0023599455,70.8454301975,1031.815957704,3.0
7293,0.0,302.722412,423.275513,1676.121826,0.7374849298,-0.6741912686,-0.0397757681,0.0076567319,127.4740634569,1032.0910868171,3.0
7294,0.0,303.671997,422.143372,1675.876587,0.7748585922,-0.6310249924,-0.0374382304,0.0164576267,186.4758693332,1032.0917236594,3.0
7295,0.0,304.717621,421.151855,1675.730713,0.8060002153,-0.5908517875,-0.0354657322,0.0273306002,239.6592732626,1032.1492455609,3.0
7296,0.0,305.832275,419.914246,1675.594116,0.817579023,-0.5747777691,-0.0345696018,0.0326856403,261.6742896087,1031.9191553314,3.0
7297,0.0,307.157104,418.697815,1675.736328,0.8342685359,-0.5504275723,-0.0320233929,0.0411968797,293.0563235523,1031.628998793,3.0
7298,0.0,308.810638,417.208191,1675.924683,0.8484767216,-0.5285374967,-0.0271176607,0.049698849,321.0494241121,1031.211841674,3.0
7299,0.0,312.183105,414.336853,1675.993164,0.8646796855,-0.5019397757,-0.0196342334,0.0616316145,356.1465216544,1030.4069417952,3.0
7300,0.0,314.27478,412.774231,1676.067139,0.8760160349,-0.4820547764,-0.0148019982,0.0606602477,455.9106355361,1329.231682306,0.0
7301,0.0,316.344971,411.309174,1676.074829,0.8866436055,-0.4623462591,-0.0099525583,0.0529359828,425.0554085584,1323.9754763465,0.0
7302,0.0,318.740509,409.627747,1676.207886,0.8935131306,-0.4489713997,-0.0076790416,0.0480020952,403.4870059197,1318.1346680418,0.0
7303,0.0,321.100647,408.161652,1676.32605,0.903725958,-0.4281005325,-0.0030539898,0.0409302044,371.7078028106,1312.6676023411,0.0
7304,0.0,322.994385,407.198059,1676.434692,0.9173018299,-0.3981895219,0.0015676541,0.0319570657,328.0101191945,1307.9360500879,0.0
7305,0.0,326.235779,405.513153,1676.319946,0.931756998,-0.3630177469,0.0068565421,0.0230113269,277.5921811026,1301.4704369385,0.0
7306,0.0,329.363922,404.272156,1676.081055,0.9530329001,-0.3025136936,0.0146204164,0.0112841261,193.9800383571,1294.9014147288,0.0
7307,0.0,332.158051,403.13446,1676.172974,0.9657791795,-0.2585524372,0.0205234913,0.0054998794,134.9920859684,1288.886551291,0.0
7308,0.0,335.14032,401.901947,1675.64856,0.9736425977,-0.2265607068,0.0262742867,0.0027107463,94.3745360408,1282.5960799063,0.0
7309,0.0,337.954163,400.702789,1675.442017,0.9774431451,-0.2092359793,0.0287263488,0.0016498133,73.2776660723,1276.1991036568,0.0
7310,0.0,341.021454,399.384918,1675.357788,0.9801497717,-0.1959011771,0.0304820258,0.0010771822,58.933917275,1270.0555121595,0.0
7311,0.0,344.131989,398.100464,1675.212524,0.9815735695,-0.1884631318,0.0315432337,0.0008326008,51.5535652672,1263.6177637097,0.0
7312,0.0,346.86087,397.015228,1675.144653,0.9818398903,-0.1869808803,0.0320714869,0.000777203,49.5732381209,1257.6200963211,0.0
7313,0.0,350.278351,395.672577,1675.219604,0.9819980995,-0.1860677993,0.0325346997,0.0007447321,48.2708611844,1250.9814801924,0.0
7314,0.0,353.747101,394.381927,1675.298584,0.9820173406,-0.1859563078,0.0325913231,0.000715371,47.0424884194,1243.9052368434,0.0
7315,0.0,356.994232,393.229309,1675.495972,0.9820173406,-0.1859563078,0.0325913231,0.000691809,46.0152257247,1237.2816391214,0.0
7316,0.0,360.055054,392.193481,1675.70105,0.9820173406,-0.1859563078,0.0325913231,0.0006724272,45.1400719797,1231.1122051167,0.0
7317,0.0,363.241028,391.158722,1675.968872,0.9820173406,-0.1859563078,0.0325913231,0.0006543889,44.2981035123,1224.6817205801,0.0
7318,0.0,366.959442,390.021484,1676.055298,0.982337173,-0.184089273,0.0335383093,0.0006258315,43.0612299717,1217.3365639556,0.0
7319,0.0,370.177429,389.082733,1676.481812,0.9828017457,-0.1814230796,0.0344440827,0.0006069242,42.185806496,1211.0164399963,0.0
7320,0.0,373.381927,388.182098,1676.703247,0.9832504203,-0.1788026499,0.0353302051,0.0005998036,41.7233874093,1204.8283244699,0.0
7321,0.0,376.643738,387.281921,1676.770508,0.9834262549,-0.1776537178,0.0362209566,0.0006139112,41.9908908214,1198.544017231,0.0
7322,0.0,380.588409,386.214508,1677.023682,0.9834550828,-0.1774525116,0.0364239789,0.0006221362,42.0064538678,1191.0386012565,0.0
7323,0.0,383.582184,385.438019,1677.099487,0.9835306532,-0.1770331832,0.0364239789,0.00061936,41.7000167407,1184.9960824939,0.0
7324,0.0,387.779968,384.369476,1676.935791,0.9836176545,-0.1765491535,0.0364239789,0.0006187489,41.4197161002,1177.611683055,0.0
7325,0.0,391.32196,383.488983,1677.007446,0.9836247593,-0.1765095654,0.0364239789,0.0006288922,41.5267301152,1171.0971153707,0.0
7326,0.0,394.784821,382.657471,1676.479004,0.9836247593,-0.1765095654,0.0364239789,0.0006264282,41.2064253574,1164.3466978819,0.0
7327,0.0,398.723419,381.7966,1676.248779,0.9836247593,-0.1765095654,0.0364239789,0.0006313223,41.1236254419,1157.4956970707,0.0
7328,0.0,402.206879,381.097229,1675.929077,0.9836247593,-0.1765095654,0.0364239789,0.0006411884,41.2175979709,1151.1832805075,0.0
7329,0.0,406.190521,380.35495,1675.932373,0.9836247593,-0.1765095654,0.0364239789,0.0006667888,41.7647758874,1143.8614387016,0.0
7330,0.0,408.967438,379.84787,1675.458984,0.9836247593,-0.1765095654,0.0364239789,0.0006711314,41.6990438037,1138.3614729769,0.0
7331,0.0,413.381958,379.040192,1675.489258,0.9836247593,-0.1765095654,0.0364239789,0.0006980923,42.2446731076,1130.7753574473,0.0
7332,0.0,416.886871,378.459869,1675.402832,0.9836247593,-0.1765095654,0.0364239789,0.0007195532,42.6442620547,1124.3260599462,0.0
7333,0.0,420.233521,377.926483,1675.464233,0.9836247593,-0.1765095654,0.0364239789,0.0007457965,43.1780725995,1118.1989683476,0.0
7334,0.0,423.295715,377.440094,1675.505493,0.9842394792,-0.1727788858,0.0376842702,0.0008888863,46.8888698754,1112.316034939,0.0
7335,0.0,427.45755,376.815186,1675.657837,0.9849317785,-0.1684552074,0.0391437708,0.001095134,51.7145780218,1105.3079335288,0.0
7336,0.0,434.719574,376.039459,1676.492188,0.9945796501,-0.0892205581,0.0533948656,0.0075389097,133.9077140072,1092.5879343294,0.0
7337,0.0,436.886307,375.906784,1676.765015,0.9962392604,-0.0350001583,0.0576345723,0.0170073668,190.9816132142,1088.8853842709,0.0
7338,0.0,439.05304,375.774109,1677.037842,0.9978988706,0.0192202415,0.061874279,0.0264758239,248.0555124213,1085.1828342124,0.0
7339,0.0,443.048737,375.756775,1677.378784,0.9836039148,0.1678912714,0.0658472462,0.0714658657,400.3942948154,1078.5117626023,0.0
7340,0.0,449.859802,378.665924,1678.290527,0.876373642,0.4774110233,0.0636235368,,,,
7341,0.0,451.6052855,379.183502,1677.921753,0.8314556922,0.5459474204,0.0625038591,,,,
7342,0.0,456.144684,380.244812,1676.85437,0.7005853572,0.7112227018,0.0578137161,,,,
7343,0.0,459.153381,380.605652,1676.155396,0.6192422529,0.7834739491,0.0520346349,,,,
7344,0.0,462.120728,380.723969,1675.617065,0.5603682235,0.8268898753,0.0473348512,,,,
7345,0.0,464.896179,380.775635,1675.157715,0.5254674036,0.8496824293,0.0438608841,,,,
7346,0.0,468.660065,380.783112,1674.832642,0.492348058,0.8694542114,0.0405310257,,,,
7347,0.0,471.972321,380.837006,1674.708008,0.474604068,0.8793515364,0.0386245269,,,,
7348,0.0,475.490509,380.946655,1674.775269,0.4653698586,0.8842855474,0.0383401269,,,,
7349,0.0,479.601379,381.157043,1674.912598,0.4592291436,0.887490073,0.0383401095,,,,
7350,0.0,482.969879,381.419159,1675.031738,0.4529572096,0.8906695123,0.0392120654,,,,
7351,0.0,486.744354,381.846741,1675.294189,0.4443991187,0.8949665239,0.0392981485,,,,
7352,0.0,490.398438,382.340057,1675.572998,0.4343552132,0.8998454533,0.0401709959,,,,
7353,0.0,493.940857,382.848511,1675.921387,0.4245988039,0.9044496174,0.0410700054,,,,
7354,0.0,498.152313,383.475555,1676.209595,0.4172856986,0.90784032,0.041214065,,,,
7355,0.0,502.156586,384.10498,1676.347778,0.4143868959,0.9091671471,0.041214065,,,,
7356,0.0,505.952087,384.740295,1676.428711,0.4109435634,0.910686332,0.0421401516,,,,
7357,0.0,509.853882,385.453735,1676.510864,0.4048074486,0.9134289548,0.0421719581,,,,
7358,0.0,512.824707,386.139923,1676.557739,0.4018025904,0.9147547236,0.0421719581,,,,
7359,0.0,517.219971,386.752533,1676.368896,0.3994837181,0.915728642,0.0430559316,,,,
7360,0.0,521.206726,387.537445,1676.212402,0.3993401472,0.9157877836,0.0431298299,,,,
7361,0.0,524.659668,388.297852,1676.018066,0.3993401472,0.9157877836,0.0431298299,,,,
7362,0.0,527.500977,389.095642,1676.088867,0.4014009394,0.9149201029,0.0424086223,,,,
7363,0.0,531.133728,389.95874,1675.783447,0.40564892,0.9130950857,0.0413076047,,,,
7364,0.0,535.332397,390.945374,1675.221191,0.4098087878,0.9112808214,0.0402991563,,,,
7365,0.0,538.871948,391.936584,1675.041504,0.4142540857,0.909311441,0.0393224596,,,,
7366,0.0,541.914551,392.776764,1674.907349,0.4263422422,0.9037078887,0.0392981485,,,,
7367,0.0,545.034912,393.536682,1674.776245,0.4606695787,0.8867207195,0.038857493,,,,
7368,0.0,549.047058,394.709137,1674.832275,0.4968116164,0.8670104001,0.0383560152,,,,
7369,0.0,551.801514,395.303925,1674.847168,0.5712885568,0.8199155339,0.0369851602,,,,
7370,0.0,555.914429,396.052551,1675.132935,0.7052389743,0.7082030344,0.0329613608,,,,
7371,0.0,559.584595,396.642212,1675.370117,0.8050736851,0.5925655724,0.0268775735,,,,
7372,0.0,563.796082,396.577362,1675.840576,0.9119101792,0.4100710149,0.0161736798,,,,
7373,0.0,568.23114,396.027252,1676.39978,0.9754688786,0.2200149091,0.0073421153,,,,
7374,0.0,573.581055,394.81073,1677.202637,0.9996876394,-0.0249120523,0.002003305,0.0518421111,272.6227148611,857.8446028578,0.0
7375,0.0,576.977234,393.796753,1677.604736,0.9874157095,-0.1581345628,0.0019174699,0.0184558718,162.9621715636,852.1531353821,0.0
7376,0.0,580.866272,392.388123,1677.954224,0.9558430243,-0.293864231,0.0028154218,0.0015941835,47.7125160125,845.3203563558,0.0
7377,0.0,583.645386,391.242706,1678.084473,0.9289817989,-0.3700898677,0.0051290464,0.0002656142,19.3646648256,840.2300231203,0.0
7378,0.0,587.071655,389.567749,1678.099854,0.8907231399,-0.4543897621,0.0119261106,0.0063037535,93.4562270233,833.6411374161,0.0
7379,0.0,590.075195,388.277832,1678.196411,0.8716698,-0.4898312109,0.0160357295,0.0111979757,123.5499694789,827.898518453,0.0
7380,0.0,593.034485,387.062531,1678.061279,0.860214689,-0.509511446,0.0207068864,0.0144724278,139.4458151157,822.6153860692,0.0
7381,0.0,595.845154,385.954956,1677.860107,0.8578251745,-0.5134493865,0.0224877188,0.0146437514,139.2558699649,816.7104517748,0.0
7382,0.0,599.177673,384.621613,1677.601318,0.8563590503,-0.5158292054,0.0238622675,0.0146217854,138.1458085711,810.8040029125,0.0
7383,0.0,606.610718,375.965576,1676.701294,0.8557284924,-0.5167802874,0.0258240574,0.0148356361,136.5798239558,795.8573425596,0.0
7384,0.0,609.487915,374.544586,1676.701294,0.8557118894,-0.5168048289,0.0258830298,0.014387547,133.6061571854,790.4708367495,0.0
7385,0.0,612.651794,372.929596,1676.701294,0.8557118894,-0.5168048289,0.0258830298,0.0138765958,130.2277199591,784.4384135073,0.0
7386,0.0,616.008484,371.179657,1676.701294,0.8557118894,-0.5168048289,0.0258830298,0.0133577969,126.7535924321,778.0957256017,0.0
7387,0.0,618.412048,369.87384,1676.701294,0.8557118894,-0.5168048289,0.0258830298,0.0129209719,123.8942934761,773.2076508077,0.0
7388,0.0,618.692688,369.7236785,1676.701294,0.8557118894,-0.5168048289,0.0258830298,0.0128839127,123.6364320957,772.7001659451,0.0
7389,0.0,625.564697,365.988617,1676.701294,0.8557118894,-0.5168048289,0.0258830298,0.0119432496,117.1182188008,760.0616428186,0.0
7390,0.0,628.296021,364.457642,1676.701294,0.8556935203,-0.5167935311,0.0267029113,0.0115932974,114.6103227611,754.8621305216,0.0
7391,0.0,629.741974,366.900925,1676.880554,0.8554747983,-0.517130619,0.0271736883,,,,
7392,0.0,633.730957,367.993195,1677.334229,0.8548665363,-0.5180721307,0.028363224,,,,
7393,0.0,638.088745,365.642944,1677.751587,0.8542088104,-0.5190883619,0.0295733112,,,,
7394,0.0,641.540405,363.753876,1677.924438,0.853250788,-0.5206056897,0.030541915,,,,
7395,0.0,644.85675,361.662994,1678.042847,0.8522504847,-0.5222338253,0.0306747945,,,,
7396,0.0,647.911987,359.649475,1678.153931,0.8512982728,-0.5237398264,0.0314300006,,,,
7397,0.0,650.666809,357.898621,1677.981812,0.8510798996,-0.5240823915,0.0316330733,,,,
7398,0.0,653.334351,356.013519,1677.748047,0.8510798996,-0.5240823915,0.0316330733,,,,
7399,0.0,657.114075,352.899323,1677.376953,0.8510798996,-0.5240823915,0.0316330733,,,,
7400,0.0,659.464966,351.041077,1677.18103,0.8510798996,-0.5240823915,0.0316330733,,,,
7401,0.0,661.665894,348.55368,1676.529785,0.8510621977,-0.5240715933,0.0322815855,,,,
7402,0.0,663.938599,345.980988,1676.27356,0.8516709785,-0.5230243975,0.0331967467,,,,
7403,0.0,667.260132,342.506439,1676.083252,0.8538838324,-0.5192597348,0.0353797763,,,,
7404,0.0,668.284363,341.444305,1676.00769,0.8551751382,-0.5170533218,0.0364876062,,,,
7405,0.0,672.26825,337.677155,1675.567871,0.8606887966,-0.5074609926,0.0412084498,,,,
7406,0.0,674.997864,335.243164,1675.575439,0.8635667005,-0.5023366314,0.0437088374,,,,
7407,0.0,677.777649,332.839233,1675.484009,0.8651913267,-0.4994275046,0.0449014005,,,,
7408,0.0,680.245911,330.734894,1675.566162,0.8654016272,-0.4990500298,0.0450454363,,,,
7409,0.0,682.598328,328.781433,1675.645996,0.8654016272,-0.4990500298,0.0450454363,,,,
7410,0.0,686.740601,325.544525,1675.837891,0.8654016272,-0.4990500298,0.0450454363,,,,
7411,0.0,689.293518,323.598633,1676.111572,0.8654016272,-0.4990500298,0.0450454363,,,,
7412,0.0,692.132263,321.515381,1676.58667,0.8664785244,-0.497037781,0.0465662016,,,,
7413,0.0,694.991882,319.482849,1677.042969,0.8673952611,-0.4952639859,0.0483636774,,,,
7414,0.0,697.931885,317.36087,1677.086182,0.8685553293,-0.4930427921,0.0502040345,,,,
7415,0.0,701.042419,315.513641,1677.963501,0.8698741353,-0.4905856135,0.05142708,,,,
7416,0.0,705.122803,313.068665,1678.308716,0.8711405868,-0.48810299,0.0535681728,,,,
7417,0.0,707.649292,311.478516,1678.348755,0.871499837,-0.4873710915,0.0543824716,,,,
7418,0.0,710.69873,309.752655,1678.484741,0.8722199,-0.4859794843,0.0552845995,,,,
7419,0.0,713.278076,308.330383,1678.404907,0.8740123483,-0.4825401496,0.0570738033,,,,
7420,0.0,720.459595,304.224396,1678.132812,0.8791170621,-0.472623761,0.061481474,,,,
7421,0.0,722.004883,303.373581,1678.033325,0.880569894,-0.4697672187,0.0624831817,,,,
7422,0.0,726.632385,300.721588,1677.601562,0.8842207579,-0.4624788797,0.0653217966,,,,
7423,0.0,728.847778,299.434433,1677.4212645,0.885444834,-0.4599318981,0.0666361904,,,,
7424,0.0,731.063171,298.147278,1677.240967,0.8866689101,-0.4573849165,0.0679505843,,,,
7425,0.0,736.048035,295.244873,1676.839478,0.888594477,-0.4534061186,0.0694460014,,,,
7426,0.0,738.349396,293.8945615,1676.8230595,0.8890759672,-0.4523559842,0.0701156552,,,,
7427,0.0,743.316956,290.972656,1676.813232,0.8895971479,-0.4512116279,0.070887102,,,,
7428,0.0,747.138,288.622284,1676.961792,0.889976211,-0.4504635003,0.0708870846,,,,
7429,0.0,748.6761165,287.6857455,1677.0808715,0.8901059516,-0.4502069896,0.0708870846,,,,
7430,0.0,750.214233,286.749207,1677.199951,0.8902356923,-0.4499504788,0.0708870846,,,,
7431,0.0,756.799561,282.710663,1677.76001,0.8907746414,-0.4487535033,0.0716995918,,,,
7432,0.0,759.465515,280.974091,1678.091675,0.8908301389,-0.4486203175,0.0718434016,,,,
7433,0.0,761.493744,279.6649475,1678.2788695,0.8910410156,-0.448201085,0.0718434104,,,,
7434,0.0,766.014343,276.853851,1678.564575,0.8912598337,-0.4477660488,0.0718434016,,,,
7435,0.0,769.142029,274.849091,1678.744629,0.891522588,-0.4471321729,0.0725278922,,,,
7436,0.0,773.315979,272.313171,1678.865234,0.8920513769,-0.44603201,0.0727996353,,,,
7437,0.0,776.052368,270.792419,1678.842163,0.893095293,-0.4438078068,0.0735895934,,,,
7438,0.0,779.888916,268.687988,1678.904297,0.8945152271,-0.4407508819,0.0747072191,,,,
7439,0.0,782.671387,267.232208,1678.510742,0.8945211214,-0.4407381283,0.0747118835,,,,
7440,0.0,785.648376,265.920807,1678.167236,0.8945211214,-0.4407381283,0.0747118835,,,,
7441,0.0,788.840576,264.802307,1677.692505,0.8945211214,-0.4407381283,0.0747118835,,,,
7442,0.0,793.549927,263.508209,1677.496338,0.8945211214,-0.4407381283,0.0747118835,,,,
7443,0.0,796.425842,262.760254,1676.775391,0.8942407013,-0.4413068123,0.0747118835,,,,
7444,0.0,799.707642,261.971832,1676.286987,0.8911848625,-0.4476292152,0.0736045277,,,,
7445,0.0,803.196594,261.2341,1676.142822,0.8842175168,-0.4616188295,0.0711859483,,,,
7446,0.0,807.97113,260.278931,1675.328857,0.868548624,-0.4911423333,0.0663513095,,,,
7447,0.0,810.565125,259.698944,1674.956299,0.8578372083,-0.5100063622,0.0633153583,,,,
7448,0.0,814.042236,259.280579,1674.725464,0.8468782305,-0.5283537305,0.0603290821,,,,
7449,0.0,817.883301,258.794983,1674.417358,0.8385499256,-0.5416588824,0.0586487632,,,,
7450,0.0,820.705994,258.586975,1674.251709,0.8364530138,-0.5449533497,0.0580706674,,,,
7451,0.0,824.404663,258.484283,1674.070801,0.8355037512,-0.5464546157,0.0576266848,,,,
7452,0.0,828.518372,258.520935,1673.697388,0.8352164619,-0.5469077328,0.0574925521,,,,
7453,0.0,832.145996,258.880157,1673.065918,0.8352164619,-0.5469077328,0.0574925521,,,,
7454,0.0,835.552979,259.701691,1672.553833,0.8348423089,-0.5474786989,0.0574925521,,,,
7455,0.0,838.718689,261.14975,1672.302246,0.8343573294,-0.5482871048,0.0568251491,,,,
7456,0.0,842.361572,263.049805,1671.896606,0.8338718954,-0.5492064087,0.0550452784,,,,
7457,0.0,845.356506,264.491516,1671.967773,0.8326386199,-0.5514129534,0.0515430253,,,,
7458,0.0,849.28717,266.34671,1670.832886,0.8310261704,-0.5543094274,0.0462229686,,,,
7459,0.0,851.978088,267.531525,1669.176758,0.8273523926,-0.5603209053,0.0390960552,,,,
7460,0.0,854.476379,268.704559,1667.117188,0.8195882962,-0.5723803067,0.0256087724,,,,
7461,0.0,856.687927,269.802307,1664.679688,0.8085312311,-0.5883702062,0.0098867975,,,,
7462,0.0,858.259644,270.448486,1662.240234,0.7989799812,-0.6013538175,-0.0021391263,,,,
7463,0.0,860.449463,271.285645,1659.782959,0.7892212504,-0.6139506946,-0.0139413955,,,,
7464,0.0,862.653381,272.674103,1659.695068,0.783889718,-0.6205487054,-0.020885744,,,,
7465,0.0,865.470398,274.300934,1657.957031,0.7832402695,-0.6213381621,-0.0217616302,,,,
7466,0.0,866.5404665,275.1779635,1657.963989,0.7826656216,-0.6220771734,-0.0212936565,,,,
7467,0.0,867.610535,276.054993,1657.970947,0.7820909737,-0.6228161846,-0.0208256828,,,,
7468,0.0,868.376282,276.843079,1658.005737,0.7815692346,-0.6234981534,-0.0199895999,,,,
7469,0.0,869.275085,277.552368,1658.016846,0.7788800398,-0.6268974231,-0.0185877507,,,,
7470,0.0,870.372803,278.315277,1658.018555,0.7758215152,-0.6307201586,-0.0171189413,,,,
7471,0.0,870.738159,278.790314,1659.143555,0.7723740353,-0.6349834743,-0.0153080689,,,,
7472,0.0,871.621338,278.668915,1659.494873,0.7671212264,-0.641346821,-0.0141166268,,,,
7473,0.0,872.035522,278.629242,1659.649658,0.7659021643,-0.6428026566,-0.0140932417,,,,
7474,0.0,873.422302,278.263,1660.046387,0.7573183788,-0.6528937538,-0.0140932417,,,,
7475,0.0,874.257446,277.920135,1660.295044,0.7468396871,-0.6648547679,-0.0140932417,,,,
7476,0.0,875.352966,277.500153,1660.239624,0.7376968179,-0.6750085209,-0.012919039,,,,
7477,0.0,876.316956,276.883972,1660.142456,0.7283626805,-0.6850836161,-0.0121755698,,,,
7478,0.0,877.152893,276.596222,1660.143921,0.7217611065,-0.6920351589,-0.0121755523,,,,
7479,0.0,877.764832,276.256165,1660.057373,0.7169133756,-0.6970391902,-0.0130988276,,,,
7480,0.0,878.216125,275.871796,1659.943481,0.7094854568,-0.704563493,-0.0148549981,,,,
7481,0.0,878.6828,275.577118,1659.975708,0.7050844635,-0.7089161786,-0.0171391667,,,,
7482,0.0,879.034546,275.006958,1659.962524,0.7010283693,-0.7128667813,-0.0194981412,,,,
7483,0.0,879.269531,274.439758,1659.96106,0.6986594979,-0.7151319542,-0.0214754282,,,,
7484,0.0,879.2229,273.678009,1660.482422,0.6983200274,-0.7153991031,-0.0235215353,,,,
7485,0.0,879.352295,273.401764,1660.540039,0.6980048206,-0.7156733561,-0.0245136257,,,,
7486,0.0,879.621155,272.668884,1660.691772,0.6936776852,-0.7198152107,-0.0260255926,,,,
7487,0.0,879.753296,272.072266,1660.547119,0.6923523783,-0.721084798,-0.0261705626,,,,
7488,0.0,879.425659,271.6819,1661.1849365,0.6923523783,-0.721084798,-0.0261705626,,,,
7489,0.0,879.098022,271.291534,1661.822754,0.646367741,-0.7617843305,-0.0435129536,,,,
7490,0.0,878.214539,271.345703,1663.03064,0.690592882,-0.7228041303,-0.0252123093,,,,
7491,0.0,877.855652,271.176208,1663.03064,0.6849762909,-0.7281289861,-0.0252123093,,,,
7492,0.0,877.234375,271.462524,1663.03064,0.6800020513,-0.7326958746,-0.0274584315,,,,
7493,0.0,877.012146,271.202362,1663.03064,0.6699082924,-0.7416710175,-0.033867117,,,,
7494,0.0,876.348816,271.329163,1663.03064,0.6500062422,-0.7587590598,-0.0421494285,,,,
7495,0.0,875.481506,271.677673,1663.03064,0.6217806072,-0.7815655108,-0.050440349,,,,
7496,0.0,875.190613,271.640137,1663.03064,0.6123920274,-0.788711505,-0.0539459607,,,,
7497,0.0,874.984192,271.458832,1663.03064,0.6084652845,-0.7915946851,-0.0561057221,,,,
7498,0.0,874.870544,271.260681,1663.03064,0.6166250758,-0.7851897436,-0.0570138792,,,,
7499,0.0,874.845032,271.175079,1663.03064,0.6468194979,-0.7606960121,-0.0544620453,,,,
7500,0.0,874.917603,270.896271,1663.03064,0.6708123853,-0.739817414,-0.0517777724,,,,
7501,0.0,875.111877,270.47879,1663.03064,0.6938333492,-0.7187027989,-0.045404519,,,,
7502,0.0,874.831726,270.407471,1663.03064,0.7005169866,-0.7122928736,-0.043758584,,,,
7503,0.0,874.769226,270.098297,1663.03064,0.7012468788,-0.7115409276,-0.0442981175,,,,
7504,0.0,875.094757,269.695709,1663.03064,0.7012407876,-0.7115347966,-0.0444921716,,,,
7505,0.0,875.420288,269.293121,1663.03064,0.7012346963,-0.7115286656,-0.0446862256,,,,
7506,0.0,875.83197,268.008484,1663.03064,0.6940630457,-0.718119145,-0.0508073046,,,,
7507,0.0,875.338928,268.211792,1663.03064,0.6818351229,-0.7296593478,-0.051943251,,,,
7508,0.0,875.64978,267.866455,1663.03064,0.677758199,-0.7334190776,-0.0523476862,,,,
7509,0.0,875.151428,268.692383,1663.03064,0.6774090557,-0.7337315337,-0.0524881664,,,,
7510,0.0,876.226257,268.146729,1662.411499,0.6773436806,-0.7337899884,-0.0525146762,,,,
7511,0.0,876.200989,268.180389,1661.935547,0.6773892983,-0.7338396132,-0.051216801,,,,
7512,0.0,875.872314,268.411652,1661.780518,0.677410735,-0.7338626308,-0.0505997556,,,,
7513,0.0,875.838928,268.662598,1660.989502,0.6788884398,-0.7325155103,-0.0503141476,,,,
7514,0.0,875.763916,269.052185,1660.731079,0.6811736897,-0.7304212734,-0.0498715126,,,,
7515,0.0,875.579132,269.266144,1660.6035765,0.6869167939,-0.7249876127,-0.0497569952,,,,
7516,0.0,875.394348,269.480103,1660.476074,0.6926598981,-0.7195539521,-0.0496424778,,,,
7517,0.0,875.090454,269.919281,1659.890625,0.7037770357,-0.708539895,-0.0516633449,,,,
7518,0.0,874.77478,270.358765,1659.849854,0.7158078122,-0.6964041547,-0.0513851081,,,,
7519,0.0,874.58783,270.626404,1659.815308,0.7223386398,-0.6896858399,-0.0505997207,,,,
7520,0.0,874.489258,270.7051085,1659.6567995,0.7229381155,-0.6890568877,-0.0505997207,,,,
7521,0.0,874.390686,270.783813,1659.498291,0.7235375912,-0.6884279355,-0.0505997207,,,,
7522,0.0,873.750488,271.633514,1659.555908,0.7356414117,-0.6755893887,-0.0490987909,,,,
7523,0.0,873.371887,272.07312,1659.653931,0.7512904043,-0.6583277572,-0.0465541893,,,,
7524,0.0,872.936523,272.437866,1659.623291,0.7643708718,-0.6432480967,-0.0443740518,,,,
7525,0.0,872.68811,272.960724,1659.910034,0.7839626207,-0.6192541728,-0.0438962279,,,,
7526,0.0,872.594971,273.504578,1659.907227,0.8051453447,-0.5914508404,-0.0438962104,,,,
7527,0.0,872.347717,273.875702,1659.943237,0.8127617459,-0.580875219,-0.0447473382,,,,
7528,0.0,871.953064,274.325317,1659.944214,0.8187893408,-0.5722720686,-0.0457022421,,,,
7529,0.0,871.743103,274.583344,1659.859375,0.8235862777,-0.5653378957,-0.0458116468,,,,
7530,0.0,871.612793,275.225983,1659.973389,0.8438343077,-0.5348997686,-0.0427305354,,,,
7531,0.0,871.453003,275.989319,1659.891846,0.8689032841,-0.493671,-0.0360003688,,,,
7532,0.0,871.219055,276.707489,1659.841431,0.888918836,-0.4569607121,-0.0317838114,,,,
7533,0.0,870.917969,277.236938,1659.812622,0.9000765418,-0.4346028774,-0.0313457776,,,,
7534,0.0,870.508606,277.625977,1659.807617,0.9046493673,-0.4248872476,-0.0328686643,,,,
7535,0.0,870.009094,277.971954,1659.833984,0.9058241644,-0.4223385264,-0.0333579432,,,,
7536,0.0,869.8843995,278.030197,1659.8954465,0.9058743,-0.4222245507,-0.0334388899,,,,
7537,0.0,869.759705,278.08844,1659.956909,0.9026358682,-0.429034842,-0.0343160861,,,,
7538,0.0,868.144958,278.949768,1660.148071,0.9038479831,-0.4263993472,-0.0352479815,,,,
7539,0.0,867.714783,279.161499,1660.139893,0.9038359596,-0.4264226619,-0.0352742324,,,,
7540,0.0,867.03833,279.508881,1660.178711,0.9038359596,-0.4264226619,-0.0352742324,,,,
7541,0.0,866.41803,279.815033,1660.162598,0.9038359596,-0.4264226619,-0.0352742324,,,,
7542,0.0,865.842957,280.069641,1660.182007,0.9029695577,-0.4283107112,-0.0345819688,,,,
7543,0.0,865.375122,280.286224,1660.189331,0.9025118965,-0.4292955492,-0.0343162954,,,,
7544,0.0,864.671143,280.625824,1660.194458,0.902307973,-0.4297239971,-0.0343162954,,,,
7545,0.0,863.811707,281.040619,1660.182617,0.9022241187,-0.4299000416,-0.0343160861,,,,
7546,0.0,863.338989,281.253326,1660.150879,0.9022241187,-0.4299000416,-0.0343160861,,,,
7547,0.0,862.608032,281.64798,1660.066895,0.9022241187,-0.4299000416,-0.0343160861,,,,
7548,0.0,861.64679,282.5867,1661.128052,0.9022241187,-0.4299000416,-0.0343160861,,,,
7549,0.0,861.055115,282.974609,1661.208374,0.9022241187,-0.4299000416,-0.0343160861,,,,
7550,0.0,860.6933595,283.387924,1661.9776,0.9022241187,-0.4299000416,-0.0343160861,,,,
7551,0.0,860.331604,283.801239,1662.746826,0.9022241187,-0.4299000416,-0.0343160861,,,,
7552,0.0,859.447083,284.868073,1664.250122,0.9022241187,-0.4299000416,-0.0343160861,,,,
7553,0.0,858.728149,285.679138,1665.571289,0.9019150907,-0.4306088943,-0.0335432458,,,,
7554,0.0,857.722778,286.643707,1667.014526,0.8991849092,-0.4365876468,-0.0292869569,,,,
7555,0.0,857.12439,287.17923,1668.540283,0.8923339826,-0.4508239499,-0.0223120955,,,,
7556,0.0,856.734314,287.622742,1671.155029,0.8772044647,-0.4799652278,-0.0120709275,,,,
7557,0.0,856.129028,288.276672,1672.564087,0.8715926093,-0.4901190708,-0.0104699516,,,,
7558,0.0,855.740173,288.85434,1673.857666,0.8674632222,-0.4974089174,-0.0095878542,,,,
7559,0.0,855.513245,289.140411,1675.144409,0.8635869948,-0.5041140967,-0.0092994515,,,,
7560,0.0,855.541443,289.222473,1675.508179,0.859438086,-0.5111552568,-0.0092994515,,,,
7561,0.0,855.652466,289.340485,1675.505371,0.8546575166,-0.5191088994,-0.0092994515,,,,
7562,0.0,855.773682,289.597504,1675.517456,0.8498244833,-0.5269947611,-0.0086527109,,,,
7563,0.0,856.036987,289.685028,1675.512695,0.8434810788,-0.537113974,-0.0069461277,,,,
7564,0.0,856.497803,289.432434,1675.45459,0.8334248448,-0.5526141512,-0.0045418023,,,,
7565,0.0,857.46637,289.319733,1675.253784,0.816053953,-0.5779733798,-0.0016486722,,,,
7566,0.0,858.688171,289.240326,1674.942871,0.7976321386,-0.6031437443,0.0007715227,,,,
7567,0.0,859.400787,288.9044035,1674.691467,0.7923078268,-0.6100571559,0.0014184981,,,,
7568,0.0,860.113403,288.568481,1674.440063,0.6239426994,-0.7811256599,0.0231993831,,,,
7569,0.0,862.807922,288.840912,1674.281128,0.7437390207,-0.6684409363,0.0062437003,,,,
7570,0.0,864.310974,287.919922,1674.889526,0.7009247347,-0.7131330315,0.0120745925,,,,
7571,0.0,865.647644,286.837677,1675.137695,0.6712679872,-0.7410360158,0.0162761346,,,,
7572,0.0,866.931396,285.787994,1675.345215,0.6478894448,-0.7614845028,0.0195094663,,,,
7573,0.0,868.420837,284.650848,1675.38623,0.6279797766,-0.7779027005,0.0225563452,,,,
7574,0.0,869.810852,283.638031,1675.268799,0.6213184981,-0.7831922636,0.0239416398,,,,
7575,0.0,871.876343,282.149261,1675.102051,0.6179659723,-0.7858108522,0.0248869773,,,,
7576,0.0,873.858276,280.588989,1674.896973,0.6171509161,-0.7864438432,0.0251162942,,,,
7577,0.0,875.613403,279.095734,1674.701416,0.6175859369,-0.7861022722,0.0251162942,,,,
7578,0.0,877.642578,276.964905,1674.53772,0.6195575292,-0.7845322148,0.0256451157,,,,
7579,0.0,879.9646,274.943634,1674.559204,0.6213832099,-0.7830728032,0.0260747244,,,,
7580,0.0,881.852722,273.06424,1674.776123,0.6216493701,-0.7828615264,0.0260747244,,,,
7581,0.0,884.378235,271.074463,1674.829224,0.6216493701,-0.7828615264,0.0260747244,,,,
7582,0.0,886.719421,269.505096,1674.796997,0.6183517009,-0.7854688299,0.0260747244,,,,
7583,0.0,889.890564,267.595154,1674.67041,0.6134400034,-0.7893107569,0.0260747244,,,,
7584,0.0,892.505737,266.014709,1674.595581,0.6080816622,-0.7934633568,0.0255459088,,,,
7585,0.0,896.027344,264.232269,1674.4375,0.5992649459,-0.8001566699,0.0251162942,,,,
7586,0.0,898.715881,262.873413,1674.343506,0.5918159179,-0.8057087864,0.0242336708,,,,
7587,0.0,900.976013,261.852936,1674.282471,0.5874758045,-0.8088810653,0.024157841,,,,
7588,0.0,903.679565,260.672516,1674.273804,0.5838836534,-0.8114778353,0.0241578585,,,,
7589,0.0,906.561462,259.365387,1674.325317,0.5770432234,-0.8163562439,0.024157841,,,,
7590,0.0,910.213501,257.87149,1674.51062,0.562966394,-0.8261266471,0.0241578585,,,,
7591,0.0,912.573792,256.952576,1674.572876,0.554087648,-0.8321077317,0.024157841,,,,
7592,0.0,918.386292,255.01207,1675.003174,0.5241684773,-0.8512718751,0.0241578585,,,,
7593,0.0,921.508362,254.02533,1675.167847,0.505589505,-0.8624358823,0.024157841,,,,
7594,0.0,924.479309,253.06781,1675.319946,0.4855266237,-0.8738880342,0.024157841,,,,
7595,0.0,927.958679,251.952209,1675.476929,0.4609345384,-0.8871052644,0.024157841,,,,
7596,0.0,930.99884,250.92717,1675.410645,0.4389079394,-0.8981901649,0.0247840347,,,,
7597,0.0,931.6970825,250.7201385,1675.3389285,0.433772235,-0.9006580514,0.0249843272,,,,
7598,0.0,932.395325,250.513107,1675.267212,0.4286365306,-0.9031259378,0.0251846197,,,,
7599,0.0,941.198242,247.275864,1674.460938,0.3666770046,-0.9299554748,0.0270331131,,,,
7600,0.0,943.998291,246.326614,1674.417236,0.3518581963,-0.9356628776,0.0270331131,,,,
7601,0.0,946.215698,246.156525,1674.148193,0.3403911004,-0.9398952652,0.0270331131,,,,
7602,0.0,950.455017,246.102966,1673.787109,0.3248488855,-0.9453795071,0.0270331131,,,,
7603,0.0,953.674927,246.145874,1673.667236,0.3071511348,-0.9512651946,0.0274355588,,,,
7604,0.0,956.349121,246.314804,1673.654053,0.291518064,-0.9561599893,0.027844089,,,,
7605,0.0,959.591614,246.502029,1673.733643,0.2709093505,-0.96217949,0.0286138563,,,,
7606,0.0,962.561829,246.722198,1673.889526,0.2494181529,-0.9679630629,0.02894985,,,,
7607,0.0,966.888916,247.005447,1674.253784,0.2313939055,-0.9724293125,0.0289498325,,,,
7608,0.0,969.596008,247.2883,1674.584717,0.2139206816,-0.9764219627,0.0289498325,,,,
7609,0.0,972.453003,247.582764,1674.962158,0.1937803611,-0.9806177022,0.02894985,,,,
7610,0.0,975.65387,247.991516,1675.352905,0.1702380224,-0.9849776251,0.02894985,,,,
7611,0.0,978.980225,248.457245,1675.706787,0.1443702904,-0.98910016,0.0289498325,,,,
7612,0.0,980.325745,248.58197,1675.706787,0.1342497134,-0.9905217742,0.0290452968,,,,
7613,0.0,986.101685,249.596344,1676.023438,0.0827258231,-0.9960787879,0.0313605881,,,,
7614,0.0,989.087219,249.94548,1675.962891,0.0544128344,-0.9979739313,0.0329738681,,,,
7615,0.0,992.34491,250.261444,1675.791626,0.0136237951,-0.9992147445,0.0372060017,,,,
7616,0.0,997.239075,250.616165,1675.484619,-0.0269520182,-0.9987470562,0.0421652271,,,,
7617,0.0,999.861877,250.786545,1675.299438,-0.0450869959,-0.9979751421,0.0448640009,,,,
7618,0.0,1003.544861,250.49556,1675.138672,-0.0770460202,-0.9957998605,0.0494625985,,,,
7619,0.0,1006.704651,249.996521,1674.953613,-0.0991035181,-0.993687667,0.0525672252,,,,
7620,0.0,1010.986938,248.560089,1674.397949,-0.1327552993,-0.9894708893,0.0576488485,,,,
7621,0.0,1013.312012,247.709793,1673.990234,-0.1558106103,-0.9859160476,0.0607667741,,,,
7622,0.0,1016.042603,246.557632,1673.704102,-0.1774439625,-0.9819357612,0.0656947561,,,,
7623,0.0,1019.643311,244.735901,1673.260254,-0.1907212844,-0.9791410902,0.0700579556,,,,
7624,0.0,1022.641785,243.053253,1672.984375,-0.1911369815,-0.9790485864,0.0702176603,,,,
7625,0.0,1024.447632,241.961533,1672.793823,-0.1911369815,-0.9790485864,0.0702176603,,,,
7626,0.0,1028.183838,239.742615,1672.591064,-0.1911369815,-0.9790485864,0.0702176603,,,,
7627,0.0,1030.371826,238.07608,1672.422607,-0.1911369815,-0.9790485864,0.0702176603,,,,
7628,0.0,1032.812622,236.573074,1672.555908,-0.1911369815,-0.9790485864,0.0702176603,,,,
7629,0.0,1036.606323,234.319382,1673.194336,-0.1911369815,-0.9790485864,0.0702176603,,,,
7630,0.0,1039.399902,232.710587,1674.003052,-0.1911369815,-0.9790485864,0.0702176603,,,,
7631,0.0,1043.089233,230.245819,1674.633057,-0.1911369815,-0.9790485864,0.0702176603,,,,
7632,0.0,1047.386475,226.651657,1674.826294,-0.1911369815,-0.9790485864,0.0702176603,,,,
7633,0.0,1049.218567,225.205284,1675.060364,-0.1911369815,-0.9790485864,0.0702176603,,,,
7634,0.0,1051.050659,223.758911,1675.294434,-0.1911369815,-0.9790485864,0.0702176603,,,,
7635,0.0,1056.599243,218.890915,1675.312134,-0.1911369815,-0.9790485864,0.0702176603,,,,
7636,0.0,1059.184692,216.060303,1675.462524,-0.1911369815,-0.9790485864,0.0702176603,,,,
7637,0.0,1061.49707,213.717178,1675.491699,-0.208504178,-0.9754975592,0.0702176603,,,,
7638,0.0,1062.501831,212.341049,1675.53833,-0.2226842266,-0.9723354657,0.0705370645,,,,
7639,0.0,1064.384766,208.948563,1675.641113,-0.2437605547,-0.9672283049,0.0710647462,,,,
7640,0.0,1065.921509,205.95813,1675.695068,-0.2558342449,-0.9639773973,0.072776484,,,,
7641,0.0,1066.917847,203.424408,1676.055298,-0.2568661974,-0.9636439133,0.0735538241,,,,
7642,0.0,1067.755615,200.355927,1676.244507,-0.256400366,-0.9637317879,0.0740263021,,,,
7643,0.0,1068.147949,198.505112,1676.787231,-0.2563842769,-0.963734814,0.0740426284,,,,
7644,0.0,1068.15564,196.027786,1677.379395,-0.2563842769,-0.963734814,0.0740426284,,,,
7645,0.0,1067.948975,193.56337,1677.697388,-0.2563842769,-0.963734814,0.0740426284,,,,
7646,0.0,1067.474976,190.66301,1677.436646,-0.2563842769,-0.963734814,0.0740426284,,,,
7647,0.0,1066.79248,188.53035,1677.373291,-0.2563842769,-0.963734814,0.0740426284,,,,
7648,0.0,1065.925293,186.200516,1677.419434,-0.2563842769,-0.963734814,0.0740426284,,,,
7649,0.0,1064.612061,183.037842,1677.587036,-0.255286516,-0.9640261842,0.0740426284,,,,
7650,0.0,1063.083496,180.388458,1677.363892,-0.2537412778,-0.9644340585,0.0740426284,,,,
7651,0.0,1061.826538,178.102341,1677.283569,-0.2467153807,-0.9661052141,0.0759752342,,,,
7652,0.0,1060.045776,175.331543,1677.125488,-0.2270829645,-0.9706328198,0.0794056447,,,,
7653,0.0,1058.873291,173.518875,1676.904053,-0.202529725,-0.9758033851,0.0823982045,,,,
7654,0.0,1056.284302,170.378494,1676.854614,-0.1644338089,-0.9825541711,0.0868839652,,,,
7655,0.0,1054.594482,168.402786,1676.543091,-0.1120905759,-0.9894437928,0.0918514218,,,,
7656,0.0,1053.917236,167.587891,1676.543091,-0.0872975526,-0.9917238054,0.0941436731,,,,
7657,0.0,1049.768677,163.086426,1675.601807,0.0814007271,-0.9911231501,0.1051133817,,,,
7658,0.0,1048.114014,161.211487,1675.281128,0.1634409964,-0.9805328681,0.1088224946,,,,
7659,0.0,1045.952148,158.539017,1675.258179,0.2940660319,-0.9492508951,0.1115701889,,,,
7660,0.0,1043.614258,155.330475,1674.981079,0.4490474317,-0.8860706462,0.1150444004,,,,
7661,0.0,1042.769165,153.458618,1674.644165,0.522790119,-0.8441283324,0.118902691,,,,
7662,0.0,1041.548462,150.839996,1674.631958,0.5823610508,-0.8037799293,0.1216282529,,,,
7663,0.0,1040.288696,148.49614,1674.529175,0.6202092327,-0.7746877357,0.1232859273,,,,
7664,0.0,1038.931763,145.733688,1674.451294,0.6689782959,-0.7329091212,0.1237427157,,,,
7665,0.0,1037.304199,143.254761,1674.919434,0.7092692689,-0.6941646889,0.1227700648,,,,
7666,0.0,1035.449097,140.578812,1674.898438,0.7347130083,-0.6673293565,0.121935743,,,,
7667,0.0,1033.824585,138.123032,1675.484619,0.7599099805,-0.6385257103,0.1217445634,,,,
7668,0.0,1031.768921,135.087006,1675.824219,0.788485693,-0.6028835452,0.1217445808,,,,
7669,0.0,1030.039062,132.559311,1675.816895,0.810006883,-0.5736437105,0.1217445808,,,,
7670,0.0,1027.677368,128.921234,1676.039429,0.8362270624,-0.5346985667,0.1217445808,,,,
7671,0.0,1027.4711915,128.333496,1676.1242065,0.839722532,-0.5291515269,0.1217445808,,,,
7672,0.0,1027.265015,127.745758,1676.208984,0.8432180015,-0.5236044871,0.1217445808,,,,
7673,0.0,1027.265015,127.745758,1676.208984,0.937750639,-0.3256267978,0.1207929124,,,,
7674,0.0,1022.90094,119.811165,1675.459229,0.8912186372,-0.4366367386,0.1227912833,,,,
7675,0.0,1019.574829,114.633591,1675.872192,0.9161672781,-0.3815230315,0.122791266,,,,
7676,0.0,1018.184937,112.003052,1675.592041,0.9252742892,-0.3590014237,0.1224151443,,,,
7677,0.0,1016.042725,108.363823,1675.832642,0.9315913218,-0.3424578655,0.1219024999,,,,
7678,0.0,1013.404175,102.71032,1675.233887,0.9393312292,-0.3211575265,0.1204769065,,,,
7679,0.0,1012.5513915,100.521687,1675.0491335,0.9407975466,-0.3169180442,0.1201778546,,,,
7680,0.0,1010.919678,95.812935,1674.598877,0.9440909795,-0.3074107417,0.1191253891,,,,
7681,0.0,1010.5216065,94.027233,1674.5283815,0.9451224173,-0.3044354294,0.1185429462,,,,
7682,0.0,1009.672424,89.842796,1674.360107,0.9469964407,-0.2988118799,0.1179372791,,,,
7683,0.0,1009.328064,86.318588,1674.30188,0.9481482105,-0.2954555068,0.1171367341,,,,
7684,0.0,1009.43219,83.107483,1674.571289,0.9489521997,-0.2932913485,0.1160599308,,,,
7685,0.0,1009.322083,80.309807,1674.419556,0.9494414303,-0.291980629,0.1153615304,,,,
7686,0.0,1009.2949525,79.45842,1674.419556,0.949570025,-0.2916173888,0.115221083,,,,
7687,0.0,1009.267822,78.607033,1674.419556,0.9496986197,-0.2912541486,0.1150806355,,,,
7688,0.0,1010.560486,71.92955,1675.64563,0.95087517,-0.2877692811,0.1141282256,,,,
7689,0.0,1011.451416,65.522583,1675.675171,0.9511129491,-0.2869824214,0.1141282082,,,,
7690,0.0,1011.983459,62.124081,1675.796021,0.9515054454,-0.2860545153,0.1131821616,,,,
7691,0.0,1012.586243,59.344398,1675.931885,0.9517952475,-0.2853779681,0.1124509765,,,,
7692,0.0,1013.712585,55.151573,1676.161621,0.9526031974,-0.2830159942,0.1115755137,,,,
7693,0.0,1014.642395,50.627823,1676.126709,0.9538902369,-0.2791142681,0.1104021801,,,,
7694,0.0,1015.18457,47.244011,1676.046509,0.9564126062,-0.2712543341,0.1081481064,,,,
7695,0.0,1015.856018,44.197052,1675.889404,0.9593381068,-0.2615239298,0.1061867742,,,,
7696,0.0,1016.804321,40.340683,1675.611938,0.9636204662,-0.2459243651,0.1046747527,,,,
7697,0.0,1017.819458,37.872803,1675.895752,0.9659546368,-0.2369516758,0.1038534684,,,,
7698,0.0,1018.744507,35.22736,1675.857056,0.9672018098,-0.2319017059,0.1036448641,,,,
7699,0.0,1020.061096,32.450783,1675.840698,0.9679302798,-0.2288421114,0.1036448814,,,,
7700,0.0,1021.382385,29.908655,1675.914429,0.9680733345,-0.228236196,0.1036448641,,,,
7701,0.0,1022.662048,27.848473,1675.75354,0.9679855558,-0.2289160292,0.102963175,,,,
7702,0.0,1023.491455,26.867821,1675.894775,0.9678090034,-0.2298429246,0.1025571209,,,,
7703,0.0,1026.543945,23.441544,1675.778076,0.9669358036,-0.2338474507,0.1017375131,,,,
7704,0.0,1028.839478,21.312618,1675.818481,0.9667136014,-0.2347643313,0.1017375131,,,,
7705,0.0,1030.085815,20.307529,1675.830688,0.9667460731,-0.2347827234,0.1013859114,,,,
7706,0.0,1032.846558,18.145693,1675.975464,0.9668004313,-0.2347959605,0.1008354253,,,,
7707,0.0,1035.205933,16.494732,1676.252075,0.9681771403,-0.22947638,0.0998679933,,,,
7708,0.0,1036.960327,15.419123,1676.345215,0.9688441397,-0.2266606263,0.0998298227,,,,
7709,0.0,1039.55835,13.965212,1676.560425,0.9712551554,-0.2164271207,0.099109659,,,,
7710,0.0,1042.194946,12.517519,1676.563965,0.9747679257,-0.2001276251,0.0988758047,,,,
7711,0.0,1044.739258,11.371729,1676.970581,0.9780807636,-0.1834851562,0.0984439806,,,,
7712,0.0,1047.886353,10.182234,1677.742188,0.9807712987,-0.1687921131,0.0979636776,,,,
7713,0.0,1052.317505,8.406281,1678.049438,0.9833315265,-0.1532006647,0.0979217306,,,,
7714,0.0,1054.365906,7.835563,1678.3793945,0.9836047322,-0.1514260268,0.0979217306,,,,
7715,0.0,1056.414307,7.264845,1678.709351,0.9838779378,-0.1496513888,0.0979217306,,,,
7716,0.0,1059.088501,6.58796,1678.941528,0.9838841141,-0.1496107771,0.0979217306,,,,
7717,0.0,1064.672485,4.779091,1678.990112,0.9838841141,-0.1496107771,0.0979217306,,,,
7718,0.0,1067.348755,4.229514,1678.945557,0.9838629965,-0.1500068915,0.0975271072,,,,
7719,0.0,1070.617432,3.284775,1678.983887,0.9838375977,-0.1504758189,0.0970598236,,,,
7720,0.0,1073.821899,2.512411,1678.909058,0.9825091068,-0.1594714791,0.0961493749,,,,
7721,0.0,1076.744507,1.902482,1678.59082,0.9809543772,-0.169282778,0.0952462645,,,,
7722,0.0,1079.709595,1.094879,1678.387939,0.9733553432,-0.2090105834,0.0943077513,,,,
7723,0.0,1082.989624,0.003188,1678.351562,0.9606482575,-0.2616482012,0.0932477575,,,,
7724,0.0,1086.135254,-1.161817,1678.010254,0.9258951877,-0.3668069954,0.0903920877,,,,
7725,0.0,1088.554443,-2.211387,1677.751831,0.8696113126,-0.4857341816,0.0885351336,,,,
7726,0.0,1091.61084,-3.817822,1677.547852,0.7956138254,-0.5995725721,0.0866681695,,,,
7727,0.0,1094.106079,-5.502796,1677.422974,0.7067583605,-0.7021511656,0.0864659497,,,,
7728,0.0,1096.765503,-7.996778,1677.015015,0.5835197962,-0.8072502194,0.0886099921,,,,
7729,0.0,1099.436768,-11.006146,1676.266357,0.4394530891,-0.8932348841,0.0949337894,,,,
7730,0.0,1101.797852,-13.585032,1675.61792,0.3015314189,-0.9477706616,0.1039691128,,,,
7731,0.0,1103.522095,-15.725199,1675.029541,0.1792049688,-0.9773616072,0.1124716315,,,,
7732,0.0,1105.41626,-17.294462,1674.744873,0.101548493,-0.9878238571,0.1178640359,,,,
7733,0.0,1107.976562,-18.97373,1674.453735,0.0397170447,-0.9917151867,0.1221619616,,,,
7734,0.0,1109.976196,-20.404062,1674.323975,-0.0186640762,-0.9917014574,0.1272001244,,,,
7735,0.0,1111.832275,-21.600075,1674.320801,-0.0516239328,-0.9901289282,0.1303060824,,,,
7736,0.0,1114.969604,-23.714779,1674.656616,-0.0808681763,-0.9877876308,0.1331763285,,,,
7737,0.0,1116.852661,-24.891985,1674.869629,-0.0939169824,-0.9864459046,0.1345513942,,,,
7738,0.0,1119.243896,-26.543991,1675.096802,-0.1080774113,-0.9847951039,0.136006899,,,,
7739,0.0,1121.79834,-28.406267,1675.267456,-0.1170208495,-0.9836473967,0.1369084359,,,,
7740,0.0,1124.386108,-30.453264,1675.654297,-0.1295375615,-0.9819923723,0.1375172748,,,,
7741,0.0,1125.969238,-31.800936,1675.841431,-0.137613636,-0.9808455009,0.1378571385,,,,
7742,0.0,1128.147827,-33.750725,1676.579834,-0.1496011759,-0.9790686947,0.1379999248,,,,
7743,0.0,1130.14978,-35.845081,1676.872559,-0.1619587529,-0.9771004955,0.1379999421,,,,
7744,0.0,1131.702881,-37.768456,1677.218628,-0.1704982928,-0.9755212318,0.1388836147,,,,
7745,0.0,1133.007568,-39.776577,1677.30542,-0.1775934716,-0.9742451484,0.1389494497,,,,
7746,0.0,1133.995361,-41.463726,1677.250488,-0.1853239017,-0.9728042464,0.1389494497,,,,
7747,0.0,1135.216675,-44.029362,1677.191528,-0.193440724,-0.9712228049,0.1389494497,,,,
7748,0.0,1136.443848,-46.725609,1677.103638,-0.2089267787,-0.968009634,0.1389494497,,,,
7749,0.0,1137.200684,-48.715893,1676.984863,-0.2204308301,-0.9654549702,0.1389494497,,,,
7750,0.0,1137.816406,-51.045341,1676.485962,-0.2366035149,-0.96161938,0.1389494324,,,,
7751,0.0,1138.391846,-53.280159,1676.124268,-0.247941615,-0.9587585754,0.1389494497,,,,
7752,0.0,1138.959717,-56.563263,1675.961792,-0.2626466898,-0.9549699513,0.1380185075,,,,
7753,0.0,1139.188232,-58.415787,1675.792236,-0.2696142524,-0.9531204451,0.137366561,,,,
7754,0.0,1139.399292,-61.342041,1675.409302,-0.2790337102,-0.9505115726,0.1366306663,,,,
7755,0.0,1139.618164,-64.545113,1675.334229,-0.286133805,-0.9484692132,0.1361381547,,,,
7756,0.0,1139.736206,-67.201088,1675.275635,-0.2905936576,-0.9472341223,0.1352880025,,,,
7757,0.0,1139.744873,-70.094193,1675.339478,-0.2953314653,-0.9457872965,0.1351507134,,,,
7758,0.0,1139.668213,-73.026619,1675.417969,-0.2983260631,-0.9449714592,0.1342777023,,,,
7759,0.0,1139.452759,-75.478653,1675.670044,-0.2993594605,-0.9446555351,0.1342007209,,,,
7760,0.0,1139.177856,-78.979759,1676.179321,-0.300302356,-0.9443562203,0.1342006863,,,,
7761,0.0,1138.478882,-84.702942,1676.629395,-0.3021785678,-0.9438921566,0.1332505531,,,,
7762,0.0,1138.2384645,-86.4056285,1676.890015,-0.3027109242,-0.9437881844,0.132775901,,,,
7763,0.0,1137.998047,-88.108315,1677.150635,-0.3032432806,-0.9436842122,0.132301249,,,,
7764,0.0,1137.358032,-93.251884,1677.688477,-0.3032441916,-0.9436840504,0.1323003148,,,,
7765,0.0,1136.775391,-96.881905,1677.842651,-0.3032441916,-0.9436840504,0.1323003148,,,,
7766,0.0,1136.040405,-100.164009,1677.879883,-0.3032441916,-0.9436840504,0.1323003148,,,,
7767,0.0,1135.56311,-102.820824,1678.039917,-0.3032441916,-0.9436840504,0.1323003148,,,,
7768,0.0,1134.908081,-106.274216,1678.074097,-0.3032441916,-0.9436840504,0.1323003148,,,,
7769,0.0,1134.62207,-108.599426,1678.24707,-0.3032712372,-0.9437686676,0.1316330461,,,,
7770,0.0,1134.454102,-111.919205,1678.268066,-0.3041009918,-0.943655462,0.1305256904,,,,
7771,0.0,1134.088745,-114.995644,1678.504761,-0.305088152,-0.9435837118,0.1287283896,,,,
7772,0.0,1133.855835,-118.20887,1677.731689,-0.306850238,-0.9432680648,0.1268396209,,,,
7773,0.0,1133.719727,-120.621689,1677.352417,-0.3082626755,-0.9429982483,0.1254130238,,,,
7774,0.0,1133.635986,-124.227394,1677.102417,-0.3123588855,-0.9421437877,0.1216429607,,,,
7775,0.0,1133.728882,-127.718155,1676.717163,-0.3160043692,-0.9413472054,0.1183498103,,,,
7776,0.0,1133.856445,-130.332535,1676.584106,-0.319609867,-0.9405765302,0.1147402448,,,,
7777,0.0,1133.980835,-133.897583,1676.444458,-0.3245784484,-0.9394777834,0.1096828398,,,,
7778,0.0,1133.990723,-136.751801,1676.452393,-0.328109143,-0.9385740157,0.1068794058,,,,
7779,0.0,1133.812012,-139.716705,1676.512817,-0.3318830667,-0.9377529046,0.1023382624,,,,
7780,0.0,1133.521484,-142.552612,1676.589844,-0.3353958214,-0.9368206452,0.0993816976,,,,
7781,0.0,1133.084351,-145.27124,1676.788208,-0.3374948652,-0.9364191429,0.0960021078,,,,
7782,0.0,1132.37915,-148.931808,1677.051636,-0.3398236615,-0.9358646366,0.0931518172,,,,
7783,0.0,1131.947876,-151.552811,1677.124146,-0.3416673687,-0.9353802259,0.0912537238,,,,
7784,0.0,1131.196655,-154.815048,1677.384277,-0.3434765722,-0.9348975779,0.0893888315,,,,
7785,0.0,1130.437622,-157.618057,1677.708496,-0.3452477223,-0.9344180486,0.0875609541,,,,
7786,0.0,1129.624512,-160.582703,1677.863647,-0.3462684087,-0.9342177419,0.0856469492,,,,
7787,0.0,1128.679199,-163.439285,1678.106079,-0.3479765061,-0.9336738072,0.0846497077,,,,
7788,0.0,1127.901123,-166.105759,1678.168091,-0.3496266435,-0.9332024158,0.0830328927,,,,
7789,0.0,1126.946289,-168.918991,1678.232666,-0.3500224937,-0.9331514241,0.0819309072,,,,
7790,0.0,1125.944946,-172.057037,1678.237061,-0.3507473323,-0.9329004124,0.081689224,,,,
7791,0.0,1124.733276,-175.408249,1678.341797,-0.3509237272,-0.9328340733,0.081689224,,,,
7792,0.0,1123.500244,-177.863663,1678.584351,-0.3509237272,-0.9328340733,0.081689224,,,,
7793,0.0,1122.4104,-181.009476,1678.233643,-0.3509237272,-0.9328340733,0.081689224,,,,
7794,0.0,1121.641235,-183.248001,1677.942505,-0.3509237272,-0.9328340733,0.081689224,,,,
7795,0.0,1120.330078,-186.029648,1677.720947,-0.3509237272,-0.9328340733,0.081689224,,,,
7796,0.0,1118.145264,-190.253723,1677.436157,-0.3476499864,-0.9341548866,0.0805861945,,,,
7797,0.0,1118.0368045,-191.885475,1677.481201,-0.3458032823,-0.9349108288,0.0797315486,,,,
7798,0.0,1118.069946,-195.909012,1677.104736,-0.3401838382,-0.9372463479,0.076447626,,,,
7799,0.0,1118.254395,-198.470749,1676.19519,-0.3358747787,-0.9389613572,0.074429179,,,,
7800,0.0,1118.1701665,-199.293724,1676.1177365,-0.3340926407,-0.9396741338,0.0734160691,,,,
7801,0.0,1117.739014,-202.057434,1676.198364,-0.3294267261,-0.9415356441,0.0706304679,,,,
7802,0.0,1117.431824,-202.969635,1676.212463,-0.32739085,-0.9423253696,0.0695133998,,,,
7803,0.0,1117.124634,-203.881836,1676.226562,-0.325354974,-0.9431150952,0.0683963317,,,,
7804,0.0,1115.753418,-207.425446,1675.428223,-0.3203759547,-0.9450670681,0.0648651245,,,,
7805,0.0,1115.1870115,-208.4723435,1675.27948,-0.3184195857,-0.9458293708,0.063316362,,,,
7806,0.0,1113.536377,-211.221863,1674.851685,-0.3095384444,-0.949169391,0.0571263391,,,,
7807,0.0,1112.626587,-212.537125,1674.668335,-0.3063179655,-0.9503776215,0.0543293701,,,,
7808,0.0,1111.107422,-214.414429,1674.558472,-0.3032994276,-0.9514965649,0.0516114732,,,,
7809,0.0,1109.742676,-216.121765,1674.554077,-0.3005715395,-0.9524702809,0.0495692817,,,,
7810,0.0,1107.96936,-218.103638,1674.615601,-0.2965308644,-0.9538950221,0.0464083329,,,,
7811,0.0,1106.335815,-219.670853,1674.713135,-0.2940307306,-0.9547571431,0.0445502778,,,,
7812,0.0,1104.659302,-221.24762,1674.93396,-0.2909150291,-0.9558221068,0.042101614,,,,
7813,0.0,1102.306641,-223.294998,1675.112671,-0.2875147886,-0.9569557249,0.0396356763,,,,
7814,0.0,1100.399902,-224.858444,1675.164062,-0.2850310711,-0.9577689492,0.0378936473,,,,
7815,0.0,1097.901489,-226.85701,1675.337402,-0.2819072567,-0.9587770174,0.035706156,,,,
7816,0.0,1096.025757,-228.386276,1675.32019,-0.2795150012,-0.9595379672,0.0340331242,,,,
7817,0.0,1093.883545,-230.027023,1675.303711,-0.2768803506,-0.9603908651,0.031411108,,,,
7818,0.0,1091.633789,-231.758362,1675.262329,-0.2725895674,-0.9617313821,0.0277069765,,,,
7819,0.0,1088.977539,-234.086456,1674.861206,-0.2672713769,-0.9633404602,0.0232630355,,,,
7820,0.0,1087.746094,-235.054153,1674.600464,-0.2628495718,-0.9646317618,0.0198913749,,,,
7821,0.0,1086.730103,-236.100266,1673.802734,-0.2597057901,-0.9655207108,0.0179627305,,,,
7822,0.0,1086.427246,-236.313461,1673.802734,-0.2589176572,-0.96574084,0.0175007621,,,,
7823,0.0,1084.745239,-238.416351,1670.995117,-0.2557685675,-0.9666105972,0.0156969164,,,,
7824,0.0,1083.208618,-239.815628,1669.336182,-0.2547138381,-0.9668993421,0.01505068,,,,
7825,0.0,1082.115356,-240.956894,1667.878418,-0.2538899823,-0.9671221875,0.0146475708,,,,
7826,0.0,1080.953125,-242.185135,1665.868042,-0.2537276036,-0.9671716998,0.0141847227,,,,
7827,0.0,1080.046875,-242.817902,1664.272705,-0.2537302829,-0.9671819131,0.0134197829,,,,
7828,0.0,1078.672607,-243.624191,1661.847412,-0.2537329622,-0.9671926764,0.0125662493,,,,
7829,0.0,1077.256836,-244.435013,1659.862549,-0.253329591,-0.9673231983,0.0104856238,,,,
7830,0.0,1075.90271,-244.945877,1657.449585,-0.2529164732,-0.9674501924,0.0085663726,,,,
7831,0.0,1075.07312,-245.362625,1656.283813,-0.2522894652,-0.9676288017,0.0066729202,,,,
7832,0.0,1074.484863,-245.978348,1656.246216,-0.2509774987,-0.9679839539,0.0041665601,,,,
7833,0.0,1073.950806,-246.575256,1656.2146,-0.2504230658,-0.9681338854,0.0022512459,,,,
7834,0.0,1073.634277,-246.946075,1656.155273,-0.2502435606,-0.9681821712,0.0012016065,,,,
7835,0.0,1073.252075,-247.460968,1656.113159,-0.2500462155,-0.9682339022,2.79951e-05,,,,
7836,0.0,1073.139771,-247.500977,1655.987549,-0.2500409996,-0.9682338774,-0.0016300844,,,,
7837,0.0,1073.086792,-247.615707,1655.987549,-0.2500405791,-0.9682328074,-0.002222483,,,,
7838,0.0,1072.684326,-248.098694,1655.891846,-0.2500385173,-0.9682237765,-0.0048433919,,,,
7839,0.0,1072.587524,-248.349182,1655.807861,-0.2500347722,-0.9682092745,-0.0073084488,,,,
8033,0.0,345.934601,1731.637207,1750.701294,1.0,0.0,0.0,,,,
8034,0.0,345.759216,1731.3927,1750.701294,1.0,0.0,0.0,,,,
8035,0.0,345.582184,1731.160278,1750.701294,1.0,0.0,0.0,,,,
8036,0.0,345.413239,1730.950684,1750.701294,0.998716811,-0.0506401702,-0.0005519254,,,,
8037,0.0,345.237732,1730.744141,1750.701294,0.8351572936,-0.5499531286,-0.0079906955,0.0103186795,227.9024769697,1590.5422946348,1.0
8038,0.0,344.946899,1730.424805,1750.701294,0.4032971025,-0.914900591,-0.0175600593,0.0939725414,673.8034963955,1592.0921377263,1.0
8039,0.0,340.377228,1727.639404,1750.701294,-0.1109994013,-0.9935010472,-0.0251952803,,,,
8040,0.0,339.061493,1727.347412,1750.701294,-0.221361693,-0.9748327914,-0.0264580758,,,,
8041,0.0,338.288025,1727.422607,1726.378906,-0.221361693,-0.9748327914,-0.0264580758,,,,
8042,0.0,332.706726,1729.939209,1731.920288,-0.221361693,-0.9748327914,-0.0264580758,,,,
8043,0.0,332.706726,1729.939209,1739.838745,-0.221361693,-0.9748327914,-0.0264580758,,,,
8044,0.0,332.706726,1729.939209,1748.828491,-0.221361693,-0.9748327914,-0.0264580758,,,,
8045,0.0,332.706726,1729.939209,1750.701294,-0.221361693,-0.9748327914,-0.0264580758,,,,
8046,0.0,332.706726,1729.939209,1750.701294,-0.221361693,-0.9748327914,-0.0264580758,,,,
8047,0.0,332.706726,1729.939209,1750.701294,-0.221361693,-0.9748327914,-0.0264580758,,,,
8048,0.0,332.706726,1729.939209,1750.701294,-0.221361693,-0.9748327914,-0.0264580758,,,,
8049,0.0,332.706726,1729.939209,1750.701294,-0.221361693,-0.9748327914,-0.0264580758,,,,
8050,0.0,332.706726,1729.939209,1750.701294,-0.221361693,-0.9748327914,-0.0264580758,,,,
8051,0.0,332.706726,1729.939209,1750.701294,-0.221361693,-0.9748327914,-0.0264580758,,,,
8052,0.0,332.706726,1729.939209,1750.701294,-0.221361693,-0.9748327914,-0.0264580758,,,,
8053,0.0,336.880646,1734.502075,1750.700928,0.9999938608,-0.003503846,-3.70882e-05,,,,
8054,0.0,336.918335,1734.5,1750.701294,1.0,0.0,0.0,,,,
8055,0.0,336.930145,1734.5,1750.701294,1.0,0.0,0.0,,,,
8056,0.0,336.920563,1734.5,1750.701294,1.0,0.0,0.0,,,,
8057,0.0,336.919189,1734.5,1750.701294,1.0,0.0,0.0,,,,
8058,0.0,336.92981,1734.5,1750.701294,1.0,0.0,0.0,,,,
8059,0.0,336.87793,1734.5,1750.701294,1.0,0.0,0.0,,,,
8060,0.0,336.880707,1734.5,1750.701294,1.0,0.0,0.0,,,,
8061,0.0,336.89975,1734.5,1750.701294,1.0,0.0,0.0,,,,
8062,0.0,336.919464,1734.5,1750.701294,1.0,0.0,0.0,,,,
8063,0.0,336.906372,1734.5,1750.701294,1.0,0.0,0.0,,,,
8064,0.0,336.898712,1734.5,1750.701294,1.0,0.0,0.0,,,,
8065,0.0,336.908539,1734.5,1750.701294,1.0,0.0,0.0,,,,
8066,0.0,336.897888,1734.5,1750.701294,1.0,0.0,0.0,,,,
8067,0.0,336.903107,1734.5,1750.701294,1.0,0.0,0.0,,,,
8068,0.0,336.912323,1734.5,1750.701294,1.0,0.0,0.0,,,,
8069,0.0,336.91507,1734.500122,1750.701294,1.0,0.0,0.0,,,,
8070,0.0,336.913177,1734.5,1750.701294,1.0,0.0,0.0,,,,
8071,0.0,336.916168,1734.5,1750.701294,1.0,0.0,0.0,,,,
8072,0.0,336.908813,1734.5,1750.701294,1.0,0.0,0.0,,,,
8073,0.0,336.908539,1734.5,1750.701294,1.0,0.0,0.0,,,,
8074,0.0,336.884247,1734.5,1750.701294,1.0,0.0,0.0,,,,
8075,0.0,336.912109,1734.5,1750.701294,1.0,0.0,0.0,,,,
8076,0.0,336.906616,1734.5,1750.701294,1.0,0.0,0.0,,,,
8077,0.0,336.872467,1734.5,1750.701294,1.0,0.0,0.0,,,,
8078,0.0,336.90744,1734.5,1750.701294,1.0,0.0,0.0,,,,
8079,0.0,336.907684,1734.5,1750.701294,1.0,0.0,0.0,,,,
8080,0.0,336.900055,1734.5,1750.701294,1.0,0.0,0.0,,,,
8081,0.0,336.890503,1734.5,1750.701294,1.0,0.0,0.0,,,,
8082,0.0,336.908539,1734.5,1750.701294,1.0,0.0,0.0,,,,
8083,0.0,336.872986,1734.5,1750.701294,1.0,0.0,0.0,,,,
8084,0.0,336.89975,1734.5,1750.701294,1.0,0.0,0.0,,,,
8085,0.0,336.908539,1734.5,1750.701294,1.0,0.0,0.0,,,,
8086,0.0,336.906784,1734.5,1750.701294,1.0,0.0,0.0,,,,
8087,0.0,336.905029,1734.5,1750.701294,1.0,0.0,0.0,,,,
8088,0.0,336.749908,1734.5,1750.701294,1.0,0.0,0.0,,,,
8089,0.0,336.887512,1734.5,1750.701294,1.0,0.0,0.0,,,,
8090,0.0,336.914856,1734.5,1750.701294,1.0,0.0,0.0,,,,
8091,0.0,336.815704,1734.5,1750.701294,1.0,0.0,0.0,,,,
8092,0.0,336.8500975,1734.5,1750.701294,1.0,0.0,0.0,,,,
8093,0.0,336.855255,1734.5,1750.701294,1.0,0.0,0.0,,,,
8094,0.0,336.859924,1734.5,1750.701294,1.0,0.0,0.0,,,,
8095,0.0,336.8801115,1734.5,1750.701294,1.0,0.0,0.0,,,,
8096,0.0,336.911041,1734.5,1750.701294,1.0,0.0,0.0,,,,
8097,0.0,336.9017335,1734.5,1750.701294,1.0,0.0,0.0,,,,
8098,0.0,336.881012,1734.5,1750.701294,1.0,0.0,0.0,,,,
8099,0.0,336.915955,1734.5,1750.701294,1.0,0.0,0.0,,,,
8100,0.0,336.925751,1734.5,1750.701294,1.0,0.0,0.0,,,,
8101,0.0,336.9147035,1734.5,1750.701294,1.0,0.0,0.0,,,,
8102,0.0,336.903656,1734.5,1750.701294,1.0,0.0,0.0,,,,
8103,0.0,337.596497,1734.5,1750.701294,1.0,0.0,0.0,,,,
8104,0.0,337.973877,1734.5,1750.701294,1.0,0.0,0.0,,,,
8105,0.0,338.273865,1734.5,1750.701294,1.0,0.0,0.0,,,,
8106,0.0,338.555206,1734.5,1750.701294,1.0,0.0,0.0,,,,
8107,0.0,338.850464,1734.5,1750.701294,1.0,0.0,0.0,,,,
8108,0.0,339.141815,1734.5,1750.701294,1.0,0.0,0.0,,,,
8109,0.0,339.412445,1734.5,1750.701294,1.0,0.0,0.0,,,,
8110,0.0,339.708923,1734.5,1750.701294,1.0,0.0,0.0,,,,
8111,0.0,339.981262,1734.5,1750.701294,1.0,0.0,0.0,,,,
8112,0.0,340.190216,1734.5,1750.701294,1.0,0.0,0.0,,,,
8113,0.0,340.487274,1734.5,1750.701294,1.0,0.0,0.0,,,,
8114,0.0,340.77179,1734.5,1750.701294,1.0,0.0,0.0,,,,
8115,0.0,341.049561,1734.5,1750.701294,1.0,0.0,0.0,,,,
8116,0.0,341.314545,1734.5,1750.701294,1.0,0.0,0.0,,,,
8117,0.0,341.397247,1734.5,1750.701294,1.0,0.0,0.0,,,,
8118,0.0,341.795898,1734.5,1750.701294,1.0,0.0,0.0,,,,
8119,0.0,342.103577,1734.5,1750.701294,1.0,0.0,0.0,,,,
8120,0.0,342.326355,1734.5,1750.701294,1.0,0.0,0.0,,,,
8121,0.0,342.595978,1734.5,1750.701294,1.0,0.0,0.0,,,,
8122,0.0,342.832764,1734.5,1750.701294,1.0,0.0,0.0,,,,
8123,0.0,343.065552,1734.5,1750.701294,1.0,0.0,0.0,,,,
8124,0.0,343.282806,1734.5,1750.701294,1.0,0.0,0.0,,,,
8125,0.0,343.548615,1734.5,1750.701294,1.0,0.0,0.0,,,,
8126,0.0,343.725891,1734.5,1750.701294,1.0,0.0,0.0,,,,
8127,0.0,343.948578,1734.5,1750.701294,1.0,0.0,0.0,,,,
8128,0.0,344.18396,1734.5,1750.701294,1.0,0.0,0.0,,,,
8129,0.0,344.391083,1734.5,1750.701294,1.0,0.0,0.0,,,,
8130,0.0,344.584625,1734.5,1750.701294,1.0,0.0,0.0,,,,
8131,0.0,344.973999,1734.5,1750.701294,1.0,0.0,0.0,,,,
8132,0.0,345.0857695,1734.5,1750.701294,1.0,0.0,0.0,,,,
8133,0.0,345.19754,1734.5,1750.701294,1.0,0.0,0.0,,,,
8134,0.0,345.539429,1734.5,1750.701294,1.0,0.0,0.0,,,,
8135,0.0,345.635849,1734.5,1750.701294,1.0,0.0,0.0,,,,
8136,0.0,345.884094,1734.5,1750.701294,1.0,0.0,0.0,,,,
8137,0.0,345.934601,1734.5,1750.701294,1.0,0.0,0.0,,,,
8138,0.0,345.934601,1734.5,1750.701294,1.0,0.0,0.0,,,,
8139,0.0,345.934601,1734.5,1750.701294,1.0,0.0,0.0,,,,
8140,0.0,345.934601,1734.5,1750.701294,1.0,0.0,0.0,,,,
8141,0.0,345.934601,1734.5,1750.701294,1.0,0.0,0.0,,,,
8142,0.0,345.934601,1734.5,1750.701294,1.0,0.0,0.0,,,,
8143,0.0,345.934601,1734.5,1750.701294,1.0,0.0,0.0,,,,
8144,0.0,345.934601,1734.5,1750.701294,1.0,0.0,0.0,,,,
8145,0.0,345.934601,1734.5,1750.701294,1.0,0.0,0.0,,,,
8146,0.0,345.934601,1734.5,1750.701294,1.0,0.0,0.0,,,,
8147,0.0,345.934601,1734.5,1750.701294,1.0,0.0,0.0,,,,
8148,0.0,345.934601,1734.5,1750.701294,1.0,0.0,0.0,,,,
8149,0.0,345.934601,1734.5,1750.701294,1.0,0.0,0.0,,,,
8150,0.0,345.934601,1734.5,1750.701294,1.0,0.0,0.0,,,,
8151,0.0,345.934601,1734.5,1750.701294,1.0,0.0,0.0,,,,
8152,0.0,345.934601,1734.5,1750.701294,1.0,0.0,0.0,,,,
8153,0.0,345.934601,1734.5,1750.701294,1.0,0.0,0.0,,,,
8154,0.0,345.934601,1734.5,1750.701294,1.0,0.0,0.0,,,,
8155,0.0,345.934601,1734.5,1750.701294,1.0,0.0,0.0,,,,
8156,0.0,345.934601,1734.5,1750.701294,1.0,0.0,0.0,,,,
8157,0.0,345.934601,1734.5,1750.701294,1.0,0.0,0.0,,,,
8158,0.0,345.934601,1734.5,1750.701294,1.0,0.0,0.0,,,,
8159,0.0,345.934601,1734.5,1750.701294,1.0,0.0,0.0,,,,
8160,0.0,345.934601,1734.5,1750.701294,1.0,0.0,0.0,,,,
8161,0.0,345.934601,1734.5,1750.701294,1.0,0.0,0.0,,,,
8162,0.0,345.934601,1734.5,1750.701294,1.0,0.0,0.0,,,,
8163,0.0,345.934601,1734.5,1750.701294,1.0,0.0,0.0,,,,
8164,0.0,345.934601,1734.5,1750.701294,1.0,0.0,0.0,,,,
8165,0.0,345.934601,1734.5,1750.701294,1.0,0.0,0.0,,,,
8166,0.0,345.934601,1734.5,1750.701294,1.0,0.0,0.0,,,,
8167,0.0,345.934601,1734.499878,1750.701294,1.0,0.0,0.0,,,,
8168,0.0,345.934601,1734.5,1750.701294,1.0,0.0,0.0,,,,
8169,0.0,345.934601,1734.5,1750.701294,1.0,0.0,0.0,,,,
8170,0.0,345.934601,1734.5,1750.701294,1.0,0.0,0.0,,,,
8171,0.0,345.934601,1734.5,1750.701294,1.0,0.0,0.0,,,,
8172,0.0,345.928375,1734.514648,1750.702881,1.0,0.0,0.0,,,,
8173,0.0,345.910446,1734.5512085,1750.710266,1.0,0.0,0.0,,,,
8174,0.0,345.892517,1734.587769,1750.717651,1.0,0.0,0.0,,,,
8175,0.0,345.787689,1734.803711,1750.762939,1.0,0.0,0.0,,,,
8176,0.0,345.7438505,1734.8951415,1750.790039,1.0,0.0,0.0,,,,
8177,0.0,345.639465,1735.114624,1750.854126,1.0,0.0,0.0,,,,
8178,0.0,345.56192,1735.307739,1750.92395,1.0,0.0,0.0,,,,
8179,0.0,345.5194855,1735.4073485,1750.9537355,1.0,0.0,0.0,,,,
8180,0.0,345.403931,1735.681519,1751.034424,1.0,0.0,0.0,,,,
8181,0.0,345.323364,1735.859497,1751.084717,1.0,0.0,0.0,,,,
8182,0.0,345.2887875,1735.940979,1751.107361,1.0,0.0,0.0,,,,
8183,0.0,345.193604,1736.162354,1751.16748,1.0,0.0,0.0,,,,
8184,0.0,345.147064,1736.268311,1751.196289,1.0,0.0,0.0,,,,
8185,0.0,345.111755,1736.360229,1751.226196,1.0,0.0,0.0,,,,
8186,0.0,345.086884,1736.421265,1751.236816,1.0,0.0,0.0,,,,
8187,0.0,345.080444,1736.441772,1751.234619,1.0,0.0,0.0,,,,
8188,0.0,345.081299,1736.441406,1751.234375,1.0,0.0,0.0,,,,
8189,0.0,345.095428,1736.432617,1751.230713,1.0,0.0,0.0,,,,
8190,0.0,345.099121,1736.430542,1751.229736,1.0,0.0,0.0,,,,
8191,0.0,345.104004,1736.430786,1751.228149,1.0,0.0,0.0,,,,
8192,0.0,345.11264,1736.430786,1751.225586,1.0,0.0,0.0,,,,
8193,0.0,345.118408,1736.431519,1751.220093,1.0,0.0,0.0,,,,
8194,0.0,345.138916,1736.43396,1751.203491,1.0,0.0,0.0,,,,
8195,0.0,345.13501,1736.43396,1751.204834,1.0,0.0,0.0,,,,
8196,0.0,345.148102,1736.43335,1751.199707,1.0,0.0,0.0,,,,
8197,0.0,345.157013,1736.43457,1751.195557,1.0,0.0,0.0,,,,
8198,0.0,345.167084,1736.436279,1751.190552,1.0,0.0,0.0,,,,
8199,0.0,345.17572,1736.438232,1751.186401,1.0,0.0,0.0,,,,
8200,0.0,345.189362,1736.441162,1751.180664,1.0,0.0,0.0,,,,
8201,0.0,345.218994,1736.449829,1751.162109,1.0,0.0,0.0,,,,
8202,0.0,345.214417,1736.448242,1751.165649,1.0,0.0,0.0,,,,
8203,0.0,345.226379,1736.452271,1751.156738,1.0,0.0,0.0,,,,
8204,0.0,345.241272,1736.457031,1751.150879,1.0,0.0,0.0,,,,
8205,0.0,345.261475,1736.463501,1751.143555,1.0,0.0,0.0,,,,
8206,0.0,345.27124,1736.4646,1751.138916,1.0,0.0,0.0,,,,
8207,0.0,345.284058,1736.466187,1751.132812,1.0,0.0,0.0,,,,
8208,0.0,345.297333,1736.46936,1751.126465,1.0,0.0,0.0,,,,
8209,0.0,345.310455,1736.473633,1751.119873,1.0,0.0,0.0,,,,
8210,0.0,345.322571,1736.47644,1751.114624,1.0,0.0,0.0,,,,
8211,0.0,345.346863,1736.477539,1751.10498,1.0,0.0,0.0,,,,
8212,0.0,345.353699,1736.476929,1751.101685,1.0,0.0,0.0,,,,
8213,0.0,345.360107,1736.476196,1751.098511,1.0,0.0,0.0,,,,
8214,0.0,345.376648,1736.473022,1751.089966,1.0,0.0,0.0,,,,
8215,0.0,345.380219,1736.47168,1751.087891,1.0,0.0,0.0,,,,
8216,0.0,345.3874665,1736.4731445,1751.086548,1.0,0.0,0.0,,,,
8217,0.0,345.394714,1736.474609,1751.085205,1.0,0.0,0.0,,,,
8218,0.0,345.407013,1736.473022,1751.078735,1.0,0.0,0.0,,,,
8219,0.0,345.423401,1736.466309,1751.068848,1.0,0.0,0.0,,,,
8220,0.0,345.432281,1736.463379,1751.065796,1.0,0.0,0.0,,,,
8221,0.0,345.433105,1736.462158,1751.063721,1.0,0.0,0.0,,,,
8222,0.0,345.434998,1736.459595,1751.059448,1.0,0.0,0.0,,,,
8223,0.0,345.432404,1736.460327,1751.057617,1.0,0.0,0.0,,,,
8224,0.0,345.433838,1736.459839,1751.05835,1.0,0.0,0.0,,,,
8225,0.0,345.428467,1736.459229,1751.057129,1.0,0.0,0.0,,,,
8226,0.0,345.427002,1736.457397,1751.05835,1.0,0.0,0.0,,,,
8227,0.0,345.423706,1736.454956,1751.059814,1.0,0.0,0.0,,,,
8228,0.0,345.416748,1736.452515,1751.061646,1.0,0.0,0.0,,,,
8229,0.0,345.407532,1736.448608,1751.063477,1.0,0.0,0.0,,,,
8230,0.0,345.406219,1736.447876,1751.063721,1.0,0.0,0.0,,,,
8231,0.0,345.394897,1736.44165,1751.064941,1.0,0.0,0.0,,,,
8232,0.0,345.39209,1736.441162,1751.065308,1.0,0.0,0.0,,,,
8233,0.0,345.382629,1736.439819,1751.066772,1.0,0.0,0.0,,,,
8234,0.0,345.371216,1736.43689,1751.068359,1.0,0.0,0.0,,,,
8235,0.0,345.365753,1736.433594,1751.069214,1.0,0.0,0.0,,,,
8236,0.0,345.355591,1736.427612,1751.071045,1.0,0.0,0.0,,,,
8237,0.0,345.33551,1736.417969,1751.072266,1.0,0.0,0.0,,,,
8238,0.0,345.332825,1736.416748,1751.072388,1.0,0.0,0.0,,,,
8239,0.0,345.315552,1736.401245,1751.076416,1.0,0.0,0.0,,,,
8240,0.0,345.316467,1736.402222,1751.07605,1.0,0.0,0.0,,,,
8241,0.0,345.310638,1736.384277,1751.075806,1.0,0.0,0.0,,,,
8242,0.0,345.308136,1736.375366,1751.075439,1.0,0.0,0.0,,,,
8243,0.0,345.304504,1736.364746,1751.075195,1.0,0.0,0.0,,,,
8244,0.0,345.304169,1736.363892,1751.075195,1.0,0.0,0.0,,,,
8245,0.0,345.30899,1736.348389,1751.072632,1.0,0.0,0.0,,,,
8246,0.0,345.313049,1736.340942,1751.069824,1.0,0.0,0.0,,,,
8247,0.0,345.314026,1736.338013,1751.068481,1.0,0.0,0.0,,,,
8248,0.0,345.315338,1736.330688,1751.064087,1.0,0.0,0.0,,,,
8249,0.0,345.31189,1736.324341,1751.058594,1.0,0.0,0.0,,,,
8250,0.0,345.30899,1736.31897,1751.054199,1.0,0.0,0.0,,,,
8251,0.0,345.307983,1736.314087,1751.051392,1.0,0.0,0.0,,,,
8252,0.0,345.307892,1736.313599,1751.051147,1.0,0.0,0.0,,,,
8253,0.0,345.310822,1736.308594,1751.048096,1.0,0.0,0.0,,,,
8254,0.0,345.31012,1736.30896,1751.048584,1.0,0.0,0.0,,,,
8255,0.0,345.313263,1736.307373,1751.046997,1.0,0.0,0.0,,,,
8256,0.0,345.934601,1734.5,1750.701294,1.0,0.0,0.0,,,,
8257,0.0,345.934601,1734.5,1750.701294,1.0,0.0,0.0,,,,
8258,0.0,345.934601,1734.5,1750.701294,1.0,0.0,0.0,,,,
8259,0.0,345.934601,1734.5,1750.701294,1.0,0.0,0.0,,,,
8260,0.0,345.934601,1734.5,1750.701294,1.0,0.0,0.0,,,,
8261,0.0,345.934601,1734.5,1750.701294,1.0,0.0,0.0,,,,
8262,0.0,345.934601,1734.5,1750.701294,1.0,0.0,0.0,,,,
8263,0.0,345.934601,1734.5,1750.701294,1.0,0.0,0.0,,,,
8264,0.0,345.934601,1734.5,1750.701294,1.0,0.0,0.0,,,,
8265,0.0,345.934601,1734.5,1750.701294,1.0,0.0,0.0,,,,
8266,0.0,345.934601,1734.5,1750.701294,1.0,0.0,0.0,,,,
8267,0.0,345.934601,1734.5,1750.701294,1.0,0.0,0.0,,,,
8268,0.0,345.934601,1734.5,1750.701294,1.0,0.0,0.0,,,,
8269,0.0,345.934601,1734.5,1750.701294,1.0,0.0,0.0,,,,
8270,0.0,345.934601,1734.5,1750.701294,1.0,0.0,0.0,,,,
8271,0.0,345.934601,1734.5,1750.701294,1.0,0.0,0.0,,,,
8272,0.0,345.934601,1734.5,1750.701294,1.0,0.0,0.0,,,,
8273,0.0,345.934601,1734.5,1750.701294,1.0,0.0,0.0,,,,
8274,0.0,345.934601,1734.5,1750.701294,1.0,0.0,0.0,,,,
8275,0.0,345.934601,1734.5,1750.701294,1.0,0.0,0.0,,,,
8276,0.0,345.934601,1734.5,1750.701294,1.0,0.0,0.0,,,,
8277,0.0,345.934601,1734.5,1750.701294,1.0,0.0,0.0,,,,
8278,0.0,345.934601,1734.5,1750.701294,1.0,0.0,0.0,,,,
8279,0.0,345.934601,1734.5,1750.701294,1.0,0.0,0.0,,,,
8280,0.0,345.934601,1734.5,1750.701294,1.0,0.0,0.0,,,,
8281,0.0,345.934601,1734.5,1750.701294,1.0,0.0,0.0,,,,
8282,0.0,345.934601,1734.5,1750.701294,1.0,0.0,0.0,,,,
8283,0.0,345.934601,1734.5,1750.701294,1.0,0.0,0.0,,,,
8284,0.0,345.934601,1734.5,1750.701294,1.0,0.0,0.0,,,,
8285,0.0,345.934601,1734.5,1750.701294,1.0,0.0,0.0,,,,
8286,0.0,345.934601,1734.5,1750.701294,1.0,0.0,0.0,,,,
8287,0.0,345.934601,1734.5,1750.701294,1.0,0.0,0.0,,,,
8288,0.0,345.934601,1734.5,1750.701294,1.0,0.0,0.0,,,,
8289,0.0,345.934601,1734.5,1750.701294,1.0,0.0,0.0,,,,
8290,0.0,345.934601,1734.5,1750.701294,1.0,0.0,0.0,,,,
8291,0.0,345.934601,1734.5,1750.701294,1.0,0.0,0.0,,,,
8292,0.0,345.934601,1734.5,1750.701294,1.0,0.0,0.0,,,,
8293,0.0,345.934601,1734.5,1750.701294,1.0,0.0,0.0,,,,
8294,0.0,345.934601,1734.5,1750.701294,1.0,0.0,0.0,,,,
8295,0.0,345.934601,1734.5,1750.701294,1.0,0.0,0.0,,,,
8296,0.0,345.934601,1734.5,1750.701294,1.0,0.0,0.0,,,,
8297,0.0,345.934601,1734.5,1750.701294,1.0,0.0,0.0,,,,
8298,0.0,345.934601,1734.5,1750.701294,1.0,0.0,0.0,,,,
8299,0.0,345.934601,1734.5,1750.701294,1.0,0.0,0.0,,,,
8300,0.0,345.934601,1734.5,1750.701294,1.0,0.0,0.0,,,,
8301,0.0,345.934601,1734.5,1750.701294,1.0,0.0,0.0,,,,
8302,0.0,345.934601,1734.5,1750.701294,1.0,0.0,0.0,,,,
8303,0.0,345.934601,1734.5,1750.701294,1.0,0.0,0.0,,,,
8304,0.0,345.934601,1734.5,1750.701294,1.0,0.0,0.0,,,,
8305,0.0,345.934601,1734.5,1750.701294,1.0,0.0,0.0,,,,
8306,0.0,345.934601,1734.5,1750.701294,1.0,0.0,0.0,,,,
8307,0.0,345.934601,1734.5,1750.701294,1.0,0.0,0.0,,,,
8308,0.0,345.934601,1734.5,1750.701294,1.0,0.0,0.0,,,,
8309,0.0,345.934601,1734.5,1750.701294,1.0,0.0,0.0,,,,
8310,0.0,345.934601,1734.5,1750.701294,1.0,0.0,0.0,,,,
8311,0.0,345.934601,1734.5,1750.701294,1.0,0.0,0.0,,,,
8312,0.0,345.934601,1734.5,1750.701294,1.0,0.0,0.0,,,,
8313,0.0,345.934601,1734.5,1750.701294,1.0,0.0,0.0,,,,
8314,0.0,345.934601,1734.5,1750.701294,1.0,0.0,0.0,,,,
8315,0.0,345.934601,1734.5,1750.701294,1.0,0.0,0.0,,,,
8316,0.0,345.934601,1734.5,1750.701294,1.0,0.0,0.0,,,,
8317,0.0,345.934601,1734.5,1750.701294,1.0,0.0,0.0,,,,
8318,0.0,345.934601,1734.5,1750.701294,1.0,0.0,0.0,,,,
8319,0.0,345.934601,1734.5,1750.701294,1.0,0.0,0.0,,,,
8320,0.0,345.934601,1734.5,1750.701294,1.0,0.0,0.0,,,,
8321,0.0,345.934601,1734.5,1750.701294,1.0,0.0,0.0,,,,
8322,0.0,345.934601,1734.5,1750.701294,1.0,0.0,0.0,,,,
8323,0.0,345.934601,1734.5,1750.701294,1.0,0.0,0.0,,,,
8324,0.0,345.934601,1734.5,1750.701294,1.0,0.0,0.0,,,,
8325,0.0,345.934601,1734.5,1750.701294,1.0,0.0,0.0,,,,
8326,0.0,345.934601,1734.5,1750.701294,1.0,0.0,0.0,,,,
8327,0.0,345.934601,1734.5,1750.701294,1.0,0.0,0.0,,,,
8328,0.0,345.934601,1734.5,1750.701294,1.0,0.0,0.0,,,,
8329,0.0,345.934601,1734.5,1750.701294,1.0,0.0,0.0,,,,
8330,0.0,345.934601,1734.5,1750.701294,1.0,0.0,0.0,,,,
8331,0.0,345.934601,1734.5,1750.701294,1.0,0.0,0.0,,,,
8332,0.0,345.934601,1734.5,1750.701294,1.0,0.0,0.0,,,,
8333,0.0,345.934601,1734.5,1750.701294,1.0,0.0,0.0,,,,
8334,0.0,345.934601,1734.5,1750.701294,1.0,0.0,0.0,,,,
8335,0.0,345.934601,1734.5,1750.701294,1.0,0.0,0.0,,,,
8336,0.0,345.934601,1734.5,1750.701294,1.0,0.0,0.0,,,,
8337,0.0,345.934601,1734.5,1750.701294,1.0,0.0,0.0,,,,
8338,0.0,345.934601,1734.5,1750.701294,1.0,0.0,0.0,,,,
8339,0.0,345.934601,1734.5,1750.701294,1.0,0.0,0.0,,,,
8340,0.0,345.934601,1734.5,1750.701294,1.0,0.0,0.0,,,,
8341,0.0,345.934601,1734.5,1750.701294,1.0,0.0,0.0,,,,
8342,0.0,345.934601,1734.5,1750.701294,1.0,0.0,0.0,,,,
8343,0.0,345.934601,1734.5,1750.701294,1.0,0.0,0.0,,,,
8344,0.0,345.934601,1734.5,1750.701294,1.0,0.0,0.0,,,,
8345,0.0,345.934601,1734.5,1750.701294,1.0,0.0,0.0,,,,
8346,0.0,345.934601,1734.5,1750.701294,1.0,0.0,0.0,,,,
8347,0.0,345.934601,1734.5,1750.701294,1.0,0.0,0.0,,,,
8348,0.0,345.934601,1734.5,1750.701294,1.0,0.0,0.0,,,,
8349,0.0,345.934601,1734.5,1750.701294,1.0,0.0,0.0,,,,
8350,0.0,345.934601,1734.5,1750.701294,1.0,0.0,0.0,,,,
8351,0.0,345.934601,1734.5,1750.701294,1.0,0.0,0.0,,,,
8352,0.0,345.934601,1734.5,1750.701294,1.0,0.0,0.0,,,,
8353,0.0,345.934601,1734.5,1750.701294,1.0,0.0,0.0,,,,
8354,0.0,345.934601,1734.5,1750.701294,1.0,0.0,0.0,,,,
8355,0.0,345.934601,1734.5,1750.701294,1.0,0.0,0.0,,,,
8356,0.0,345.934601,1734.5,1750.701294,1.0,0.0,0.0,,,,
8357,0.0,345.934601,1734.5,1750.701294,1.0,0.0,0.0,,,,
8358,0.0,345.934601,1734.5,1750.701294,1.0,0.0,0.0,,,,
8359,0.0,345.934601,1734.5,1750.701294,1.0,0.0,0.0,,,,
8360,0.0,345.934601,1734.5,1750.701294,1.0,0.0,0.0,,,,
8361,0.0,345.934601,1734.5,1750.701294,1.0,0.0,0.0,,,,
8362,0.0,345.934601,1734.5,1750.701294,1.0,0.0,0.0,,,,
8363,0.0,345.934601,1734.5,1750.701294,1.0,0.0,0.0,,,,
8364,0.0,345.934601,1734.5,1750.701294,1.0,0.0,0.0,,,,
8365,0.0,345.934601,1734.5,1750.701294,1.0,0.0,0.0,,,,
8366,0.0,345.934601,1734.5,1750.701294,1.0,0.0,0.0,,,,
8367,0.0,345.934601,1734.5,1750.701294,1.0,0.0,0.0,,,,
8368,0.0,345.934601,1734.5,1750.701294,1.0,0.0,0.0,,,,
8369,0.0,345.934601,1734.5,1750.701294,1.0,0.0,0.0,,,,
8370,0.0,345.934601,1734.5,1750.701294,1.0,0.0,0.0,,,,
8371,0.0,345.934601,1734.5,1750.701294,1.0,0.0,0.0,,,,
8372,0.0,345.934601,1734.5,1750.701294,1.0,0.0,0.0,,,,
8373,0.0,345.934601,1734.5,1750.701294,1.0,0.0,0.0,,,,
8374,0.0,345.934601,1734.5,1750.701294,1.0,0.0,0.0,,,,
8375,0.0,345.934601,1734.5,1750.701294,1.0,0.0,0.0,,,,
8376,0.0,345.934601,1734.5,1750.701294,1.0,0.0,0.0,,,,
8377,0.0,345.934601,1734.5,1750.701294,1.0,0.0,0.0,,,,
8378,0.0,345.934601,1734.5,1750.701294,1.0,0.0,0.0,,,,
8379,0.0,345.934601,1734.5,1750.701294,1.0,0.0,0.0,,,,
8380,0.0,345.934601,1734.5,1750.701294,1.0,0.0,0.0,,,,
8381,0.0,345.934601,1734.5,1750.701294,1.0,0.0,0.0,,,,
8382,0.0,345.934601,1734.5,1750.701294,1.0,0.0,0.0,,,,
8383,0.0,345.934601,1734.5,1750.701294,1.0,0.0,0.0,,,,
8384,0.0,345.934601,1734.5,1750.701294,1.0,0.0,0.0,,,,
8385,0.0,345.934601,1734.5,1750.701294,1.0,0.0,0.0,,,,
8386,0.0,345.934601,1734.5,1750.701294,1.0,0.0,0.0,,,,
8387,0.0,345.934601,1734.5,1750.701294,1.0,0.0,0.0,,,,
8388,0.0,345.934601,1734.5,1750.701294,1.0,0.0,0.0,,,,
8389,0.0,345.934601,1734.5,1750.701294,1.0,0.0,0.0,,,,
8390,0.0,345.934601,1734.5,1750.701294,1.0,0.0,0.0,,,,
8391,0.0,345.934601,1734.5,1750.701294,1.0,0.0,0.0,,,,
8392,0.0,345.934601,1734.5,1750.701294,1.0,0.0,0.0,,,,
8393,0.0,345.934601,1734.5,1750.701294,1.0,0.0,0.0,,,,
8394,0.0,345.934601,1734.5,1750.701294,1.0,0.0,0.0,,,,
8395,0.0,345.934601,1734.5,1750.701294,1.0,0.0,0.0,,,,
8396,0.0,345.934601,1734.5,1750.701294,1.0,0.0,0.0,,,,
8397,0.0,345.934601,1734.5,1750.701294,1.0,0.0,0.0,,,,
8398,0.0,345.934601,1734.5,1750.701294,1.0,0.0,0.0,,,,
8399,0.0,345.934601,1734.5,1750.701294,1.0,0.0,0.0,,,,
8400,0.0,345.934601,1734.5,1750.701294,1.0,0.0,0.0,,,,
8401,0.0,345.934601,1734.5,1750.701294,1.0,0.0,0.0,,,,
8402,0.0,345.934601,1734.5,1750.701294,1.0,0.0,0.0,,,,
8403,0.0,345.934601,1734.5,1750.701294,1.0,0.0,0.0,,,,
8404,0.0,345.934601,1734.5,1750.701294,1.0,0.0,0.0,,,,
8405,0.0,345.934601,1734.5,1750.701294,1.0,0.0,0.0,,,,
8406,0.0,345.934601,1734.5,1750.701294,1.0,0.0,0.0,,,,
8407,0.0,345.934601,1734.5,1750.701294,1.0,0.0,0.0,,,,
8408,0.0,345.934601,1734.5,1750.701294,1.0,0.0,0.0,,,,
8409,0.0,345.934601,1734.5,1750.701294,1.0,0.0,0.0,,,,
8410,0.0,345.934601,1734.5,1750.701294,1.0,0.0,0.0,,,,
8411,0.0,345.934601,1734.5,1750.701294,1.0,0.0,0.0,,,,
8412,0.0,345.934601,1734.5,1750.701294,1.0,0.0,0.0,,,,
8413,0.0,345.934601,1734.5,1750.701294,1.0,0.0,0.0,,,,
8414,0.0,345.934601,1734.5,1750.701294,1.0,0.0,0.0,,,,
8415,0.0,345.934601,1734.5,1750.701294,1.0,0.0,0.0,,,,
8416,0.0,345.934601,1734.5,1750.701294,1.0,0.0,0.0,,,,
8417,0.0,345.934601,1734.5,1750.701294,1.0,0.0,0.0,,,,
8418,0.0,345.934601,1734.5,1750.701294,1.0,0.0,0.0,,,,
8419,0.0,345.934601,1734.5,1750.701294,1.0,0.0,0.0,,,,
8420,0.0,345.934601,1734.5,1750.701294,1.0,0.0,0.0,,,,
8421,0.0,345.934601,1734.5,1750.701294,1.0,0.0,0.0,,,,
8422,0.0,345.934601,1734.5,1750.701294,1.0,0.0,0.0,,,,
8423,0.0,345.995544,1734.305054,1750.701294,0.9997379298,-0.0228363516,-0.0016039569,,,,
8424,0.0,346.035614,1734.1414185,1750.701294,0.998959891,-0.0415027704,-0.0025809364,,,,
8425,0.0,346.075684,1733.977783,1750.701294,0.9981818521,-0.0601691892,-0.003557916,,,,
8426,0.0,346.16095,1733.273071,1750.701294,0.9905533083,-0.1370467194,-0.004726526,,,,
8427,0.0,346.157684,1732.833008,1750.701294,0.9830271402,-0.1833975462,-0.0047939299,,,,
8428,0.0,345.943237,1732.018311,1750.701294,0.9629005665,-0.2698552005,0.0008183848,0.1242147198,815.5420731674,1689.5392174386,3.0
8429,0.0,345.435852,1730.978027,1750.701294,0.8871626209,-0.4611140349,0.0177856951,0.0450487719,499.918381305,1684.572333244,3.0
8430,0.0,345.267181,1730.778076,1750.701294,0.8451437891,-0.5339516448,0.0250522783,0.0246294865,371.1553424088,1682.6886065832,3.0
8431,0.0,345.172195,1730.6713255,1750.701294,0.8079982189,-0.5850109568,0.0298524714,0.0159164578,286.2644834393,1681.7160935213,3.0
8432,0.0,344.922058,1730.398804,1750.701294,0.7389806138,-0.6725997774,0.0389511462,0.0046523575,198.7482933395,2062.8021834151,2.0
8433,0.0,344.698822,1730.172729,1750.701294,0.6817378042,-0.7300935803,0.0468714228,0.0035323399,173.0052254546,2060.1404837147,2.0
8434,0.0,344.483002,1729.966675,1750.701294,0.6419618283,-0.7647558554,0.055077152,0.0065272511,234.694568959,2057.4662964908,2.0
8435,0.0,344.318512,1729.817383,1750.701294,0.6249465705,-0.7784292129,0.0590740594,0.0085958422,268.9142107656,2055.3691348463,2.0
8436,0.0,344.098969,1729.628052,1750.701294,0.6053574638,-0.7933728685,0.0640455501,0.0115096479,310.5480404443,2052.7498536963,2.0
8437,0.0,343.845337,1729.422363,1750.701294,0.5900559181,-0.8044301962,0.068746439,0.0141959496,344.1460288814,2049.7096303859,2.0
8438,0.0,343.616699,1729.247925,1750.701294,0.5763663633,-0.8138692925,0.0736110724,0.0169405962,375.164368131,2046.8658294042,2.0
8439,0.0,343.440887,1729.120239,1750.701294,0.5623316432,-0.8232820774,0.0773934368,0.0199452732,406.2361492548,2044.1839552147,2.0
8440,0.0,343.176147,1728.938721,1750.701294,0.5453210001,-0.8341996424,0.082072916,0.0238348126,443.0061367853,2041.231443371,2.0
8441,0.0,342.923798,1728.776611,1750.701294,0.5311312031,-0.8428948489,0.0861853747,0.0273015422,473.1488473022,2038.7963350572,2.0
8442,0.0,342.688232,1728.634644,1750.701294,0.522071022,-0.8482410339,0.0890449125,0.0295796233,491.7012996032,2036.6930975364,2.0
8443,0.0,342.502014,1728.52832,1750.701294,0.515668432,-0.8519152801,0.0912492397,0.0312433796,504.7255027613,2035.074116062,2.0
8444,0.0,342.21402,1728.373657,1750.701294,0.5066168922,-0.8568693801,0.0954682664,0.03375952,523.6958920749,2032.6505384993,2.0
8445,0.0,341.972351,1728.252686,1750.701294,0.5021734725,-0.8591573545,0.0983384142,0.0350192367,532.6866119351,2030.6697180858,2.0
8446,0.0,341.692078,1728.122437,1750.701294,0.4990695011,-0.8605955473,0.1015132361,0.0359512945,538.9960445764,2028.3933827244,2.0
8447,0.0,341.507812,1728.042114,1750.701294,0.4971731675,-0.8614463775,0.1035807907,0.036529234,542.8421265652,2026.9406874415,2.0
8448,0.0,341.225067,1727.92749,1750.701294,0.494956352,-0.8623395869,0.106717602,0.037248366,547.4630389597,2024.7365240512,2.0
8449,0.0,340.954529,1727.826294,1750.701294,0.4938226226,-0.8627191845,0.1088798697,0.0375725439,549.2344225805,2022.6728374787,2.0
8450,0.0,340.700836,1727.739624,1750.701294,0.4922561739,-0.8633805924,0.1107150032,0.0379877293,551.6880615711,2020.7894185291,2.0
8451,0.0,340.432404,1727.655396,1750.701294,0.4912413965,-0.8639115558,0.1110797646,0.0380608716,551.6545217899,2018.7616845388,2.0
8452,0.0,340.166962,1727.5802,1750.701294,0.4910909096,-0.863997109,0.1110797646,0.0378481307,549.6121740015,2016.8231487152,2.0
8453,0.0,340.166962,1727.5802,1750.701294,0.4910909096,-0.863997109,0.1110797646,0.0375850916,547.1757770528,2014.7614812412,2.0
8454,0.0,340.166962,1727.5802,1750.701294,0.4894690794,-0.8649169338,0.111079782,0.0376669737,547.0583339303,2012.1804136167,2.0
8455,0.0,340.166962,1727.5802,1750.701294,0.4874453422,-0.8659631599,0.1118250601,0.0380507673,549.3400200997,2010.5535603405,2.0
8456,0.0,340.166962,1727.5802,1750.701294,0.4814139978,-0.869303901,0.1120325418,0.0393199457,557.6157231018,2008.2842901186,2.0
8457,0.0,340.166962,1727.5802,1750.701294,0.4780311992,-0.8711686898,0.1120325245,0.0398965999,561.2020004258,2006.8355093255,2.0
8458,0.0,340.166962,1727.5802,1750.701294,0.4733587239,-0.8737163338,0.1120325245,0.0405882456,565.6448173515,2005.7685523035,2.0
8459,0.0,340.166962,1727.5802,1750.701294,0.4707602729,-0.8751191205,0.1120325418,0.0408499597,567.2609785123,2005.1794496712,2.0
8460,0.0,340.166962,1727.5802,1750.701294,0.4677734732,-0.8768341314,0.1111300311,0.0409654384,567.9150596839,2004.7191210937,2.0
8461,0.0,340.166931,1727.580078,1750.701172,0.4670617403,-0.8772479516,0.1108573953,0.0409999845,568.1092835991,2004.5773571046,2.0
8462,0.0,340.166962,1727.5802,1750.701294,0.4611101284,-0.880715186,0.1082506845,0.0415826185,571.805902082,2003.7341016361,2.0
8463,0.0,340.166962,1727.5802,1750.701294,0.4584244272,-0.8821197646,0.1082209106,0.0420000627,574.5278100644,2003.4557253737,2.0
8464,0.0,340.166962,1727.5802,1750.701294,0.4517992458,-0.8856323708,0.1073906204,0.0433484685,583.3595174039,2003.0540328767,2.0
8465,0.0,340.166962,1727.5802,1750.701294,0.4403713062,-0.891603297,0.1054356362,0.0459953949,600.3848063788,2002.6715392603,2.0
8466,0.0,340.166962,1727.5802,1750.701294,0.4320801301,-0.895865548,0.1035938276,0.0478576914,612.0598898729,2002.4529025041,2.0
8467,0.0,340.166962,1727.5802,1750.701294,0.4236551331,-0.9000794489,0.1018494673,0.0494943457,622.1622998748,2002.406705957,2.0
8468,0.0,340.166962,1727.5802,1750.701294,0.4171706852,-0.9033052227,0.1000414612,0.0508399638,630.4104606086,2002.6130663602,2.0
8469,0.0,340.166962,1727.5802,1750.701294,0.4128950664,-0.905377766,0.0989187964,0.0518063508,636.2440177044,2002.7913586896,2.0
8470,0.0,340.166962,1727.5802,1750.701294,0.4086194475,-0.9074503093,0.0977961316,0.0527727377,642.0775748002,2002.9696510189,2.0
8471,0.0,340.166962,1727.5802,1750.701294,0.4010714091,-0.9109996026,0.0960283753,0.0152594032,264.2128278505,1518.2148964304,0.0
8472,0.0,340.166962,1727.5802,1750.701294,0.3993841957,-0.9118271319,0.0952026558,0.0149545891,261.5878080425,1518.25609324,0.0
8473,0.0,340.166962,1727.5802,1750.701294,0.3982558106,-0.9123848383,0.0945739739,0.0147377141,259.6743368649,1518.1572102261,0.0
8474,0.0,340.166962,1727.5802,1750.701294,0.395668343,-0.9135791145,0.0939135979,0.0144674561,257.3135876583,1518.1969970757,0.0
8475,0.0,340.166962,1727.5802,1750.701294,0.3942738559,-0.9142263942,0.0934647615,0.0143670501,256.5948516038,1519.211875006,0.0
8476,0.0,340.166962,1727.5802,1750.701294,0.3928793688,-0.9148736739,0.0930159251,0.014266644,255.8761155492,1520.2267529363,0.0
8477,0.0,340.166962,1727.5802,1750.701294,0.3902871126,-0.9159883106,0.092959048,0.0142027099,255.2304861491,1519.7756528952,0.0
8478,0.0,340.166962,1727.5802,1750.701294,0.3889351296,-0.9165631877,0.0929590653,0.0141510728,254.6815927767,1519.2518414727,0.0
8479,0.0,340.166962,1727.5802,1750.701294,0.3863146538,-0.917670749,0.092959048,0.0140169971,253.3211732017,1518.2952589128,0.0
8480,0.0,340.166962,1727.5802,1750.701294,0.3830562458,-0.9190719288,0.0925996881,0.0137382087,250.6973507706,1517.6318963662,0.0
8481,0.0,340.166962,1727.5802,1750.701294,0.3796523328,-0.9205296909,0.0921368244,0.0134767632,248.1625706381,1516.6894138398,0.0
8482,0.0,340.166962,1727.5802,1750.701294,0.3781084435,-0.9211781531,0.0920044299,0.013427226,247.5518075102,1515.726041332,0.0
8483,0.0,340.166962,1727.5802,1750.701294,0.3770698644,-0.9216037664,0.0920044299,0.013453209,247.5971335186,1514.5487887127,0.0
8484,0.0,340.166962,1727.5802,1750.701294,0.3769110514,-0.921668728,0.0920044299,0.0135689934,248.4492424913,1513.3072724626,0.0
8485,0.0,340.166962,1727.5802,1750.701294,0.3769110514,-0.921668728,0.0920044299,0.0136967688,249.4440887507,1512.3119355817,0.0
8486,0.0,340.166962,1727.5802,1750.701294,0.3769110514,-0.921668728,0.0920044299,0.0137898276,250.1397200292,1511.4390536107,0.0
8487,0.0,340.166962,1727.5802,1750.701294,0.3769110514,-0.921668728,0.0920044299,0.0139535308,251.3436135011,1509.840582101,0.0
8488,0.0,340.166962,1727.5802,1750.701294,0.3769110514,-0.921668728,0.0920044299,0.0140610643,252.1147864187,1508.7117610753,0.0
8489,0.0,340.166962,1727.5802,1750.701294,0.3769110514,-0.921668728,0.0920044299,0.0141829857,252.979099324,1507.4093196903,0.0
8490,0.0,340.166962,1727.5802,1750.701294,0.3769110514,-0.921668728,0.0920044299,0.0143452418,254.1032707585,1505.5821192758,0.0
8491,0.0,340.166962,1727.5802,1750.701294,0.3769110514,-0.921668728,0.0920044299,0.0143823924,254.3492394188,1505.10593852,0.0
8492,0.0,340.166962,1727.5802,1750.701294,0.3769110514,-0.921668728,0.0920044299,0.0145585817,255.4158767797,1502.310894521,0.0
8493,0.0,340.166962,1727.5802,1750.701294,0.3769110514,-0.921668728,0.0920044299,0.0146868562,256.2323038037,1500.5654811218,0.0
8494,0.0,340.166962,1727.5802,1750.701294,0.3769110514,-0.921668728,0.0920044299,0.0147687492,256.7177871229,1499.2655155128,0.0
8495,0.0,340.166962,1727.5802,1750.701294,0.3769110514,-0.921668728,0.0920044299,0.0148976894,257.5329178895,1497.5517657124,0.0
8496,0.0,339.966553,1727.528687,1750.701294,0.3769110514,-0.921668728,0.0920044299,0.0149768775,258.0285110079,1496.4915615661,0.0
8497,0.0,339.663696,1727.458618,1750.701294,0.3769110514,-0.921668728,0.0920044299,0.0150762189,258.5125092175,1494.3881967146,0.0
8498,0.0,339.339325,1727.394043,1750.701294,0.3785811225,-0.920983993,0.0920044473,0.0153879547,260.7200992607,1491.9224608958,0.0
8499,0.0,339.122803,1727.356934,1750.701294,0.3812661033,-0.9198757234,0.0920044125,0.0157897491,263.8249061062,1490.5080727838,0.0
8500,0.0,339.138519,1727.082153,1750.701294,0.3876776308,-0.9171920407,0.0920044299,0.0167561388,271.2386627322,1487.9096520497,0.0
8501,0.0,339.241486,1726.666016,1750.701294,0.3943559264,-0.9143405209,0.0920044299,0.0177622417,278.7676018565,1485.6466878314,0.0
8502,0.0,339.48056,1725.887695,1750.701294,0.4058890357,-0.9092795383,0.0920044125,0.0196114725,292.1150225725,1482.2572717103,0.0
8503,0.0,339.76181,1725.307983,1750.701294,0.4165310723,-0.9043934956,0.0925973594,0.0215910797,305.8824548833,1479.9919611154,0.0
8504,0.0,340.496277,1724.179321,1750.701294,0.4350502384,-0.8955134897,0.0937383579,0.0254485768,330.7988092483,1475.6996136229,0.0
8505,0.0,341.261902,1722.959229,1750.701294,0.4513439294,-0.8873944426,0.0939135805,0.0276469564,471.8345265227,2020.5691886593,2.0
8506,0.0,342.16568,1721.547119,1750.701294,0.4700920987,-0.8776067769,0.0939135979,0.0235232974,435.2131545522,2018.3991954673,2.0
8507,0.0,343.138763,1720.037598,1750.701294,0.4888482553,-0.8672990369,0.0939135979,0.0198685219,399.8896911447,2016.0923178926,2.0
8508,0.0,344.231995,1718.378296,1750.701294,0.5092712759,-0.8554665415,0.0939135979,0.0164770554,363.9950527334,2013.4324604624,2.0
8509,0.0,345.094177,1717.027954,1750.701294,0.5218889728,-0.8478278931,0.0939135979,0.0146561206,343.0880884469,2011.3064891917,2.0
8510,0.0,346.439392,1714.974365,1750.701294,0.5414334755,-0.8353858149,0.0947646128,0.0124135617,315.4270972054,2008.1113141982,2.0
8511,0.0,348.695953,1711.358154,1750.701294,0.559808492,-0.8230991735,0.0955102235,0.0107962599,293.4705462369,2002.572381197,2.0
8512,0.0,349.491043,1710.139282,1750.701294,0.5666130704,-0.818323808,0.0960540029,0.0104157366,287.9568950379,2000.6306189461,2.0
8513,0.0,350.286133,1708.92041,1750.701294,0.5734176488,-0.8135484426,0.0965977823,0.0100352133,282.443243839,1998.6888566952,2.0
8514,0.0,350.763824,1708.196533,1750.701294,0.5775280856,-0.8105976211,0.0969164954,0.0098652164,279.8816629165,1997.4682811965,2.0
8515,0.0,354.862915,1702.057983,1750.701294,0.6011369185,-0.7929393605,0.0994061154,0.0095656448,274.1939206206,1987.1322279293,2.0
8516,0.0,356.874298,1699.117798,1750.701294,0.6093606616,-0.7863824322,0.1014014516,0.0098741246,277.9160599909,1982.5496390135,2.0
8517,0.0,358.193512,1697.200439,1750.701294,0.6133198235,-0.7831127102,0.1028264424,0.0101534721,281.4205257898,1979.8791786743,2.0
8518,0.0,360.261566,1694.194458,1750.701294,0.6168504941,-0.7802516965,0.1034541356,0.0103694666,283.7725947408,1975.6318769945,2.0
8519,0.0,362.319855,1691.279541,1750.701294,0.6213105728,-0.776587624,0.10433041,0.0107100703,287.7463411419,1971.3539480684,2.0
8520,0.0,363.902496,1689.151001,1750.701294,0.6284678852,-0.7705147988,0.1064662487,0.0114018787,296.3672581194,1968.1967110421,2.0
8521,0.0,365.750885,1686.682495,1750.701294,0.6357369719,-0.7643307912,0.1078746691,0.0121281802,305.0446634724,1964.5877123661,2.0
8522,0.0,368.43927,1683.192261,1750.701294,0.6477482182,-0.7540015432,0.1091050811,0.0134436846,320.2303554177,1959.5344338011,2.0
8523,0.0,370.526337,1680.768311,1750.701294,0.6583347836,-0.7445229412,0.1108192347,0.0149777452,337.2631238055,1955.9734211477,2.0
8524,0.0,372.721832,1678.583496,1750.701294,0.6719567273,-0.7319847484,0.112572131,0.0159011961,287.1580261189,1616.6812989687,3.0
8525,0.0,375.80545,1675.977173,1750.701294,0.6924302812,-0.7124316958,0.1139358791,0.0144797299,273.5739983439,1613.4571093165,3.0
8526,0.0,377.892334,1674.467773,1750.701294,0.7055716552,-0.6992977598,0.1146790414,0.0139101339,267.8196834355,1611.303646852,3.0
8527,0.0,381.077362,1672.460083,1750.701294,0.726348787,-0.677656026,0.1148901654,0.013649324,264.8083741654,1608.2300849399,3.0
8528,0.0,383.4776,1671.127197,1750.701294,0.7394319216,-0.6633556235,0.1148901654,0.0139464968,267.2986366425,1606.0856643492,3.0
8529,0.0,386.796234,1669.490112,1750.701294,0.754676321,-0.6459596709,0.1148901827,0.0148627945,275.403914764,1603.3362365697,3.0
8530,0.0,389.270203,1668.342529,1750.701294,0.7596767944,-0.6400714132,0.1148901827,0.0153146489,279.2120193305,1601.5288099352,3.0
8531,0.0,392.937164,1666.833252,1750.701294,0.7650558302,-0.6337848003,0.114045621,0.0157638069,282.8360966493,1599.2177380832,3.0
8532,0.0,396.418701,1665.564697,1750.701294,0.7674280308,-0.6310985721,0.1129991587,0.016006636,284.5730628093,1596.8850158406,3.0
8533,0.0,398.934021,1664.756836,1750.701294,0.7684417264,-0.6299962899,0.1122585757,0.0161157199,285.2615370225,1595.3654956879,3.0
8534,0.0,402.710938,1663.666382,1750.701294,0.768748036,-0.6296627436,0.1120325245,0.0162982898,286.4842194953,1593.277791606,3.0
8535,0.0,405.329712,1663.007446,1750.701294,0.7692239713,-0.6291985162,0.1113719411,0.0163934565,287.0773413527,1591.9736799487,3.0
8536,0.0,409.282867,1662.136108,1750.701294,0.7695042347,-0.6290504981,0.1102665113,0.0164636524,287.3570632948,1590.1522231925,3.0
8537,0.0,412.762817,1661.48645,1750.840332,0.7701009621,-0.628486485,0.1093126087,0.0165982498,288.2666121819,1588.7583643071,3.0
8538,0.0,416.209503,1660.974365,1751.623413,0.7713509466,-0.6272535049,0.1075674566,0.0167594794,289.4505014024,1587.655784464,3.0
8539,0.0,419.735962,1660.533569,1752.564575,0.7722043213,-0.6265268269,0.1056627716,0.0168828256,290.3771776669,1586.9590666926,3.0
8540,0.0,423.365082,1660.158081,1753.517578,0.7729052417,-0.6258497613,0.1045445538,0.0171473033,292.6544698461,1587.1282434237,3.0
8541,0.0,426.911407,1659.859863,1754.448853,0.7735686899,-0.6251850365,0.1036105794,0.0174474424,295.2168616788,1587.3142599696,3.0
8542,0.0,430.521545,1659.618774,1755.396973,0.7741720426,-0.6244636821,0.1034541356,0.017876641,298.8050892297,1587.3755649143,3.0
8543,0.0,434.172241,1659.428467,1756.357422,0.7742785467,-0.6243316217,0.1034541356,0.0182552299,301.890801347,1587.2025998539,3.0
8544,0.0,438.482758,1659.266479,1757.491699,0.7742785467,-0.6243316217,0.1034541356,0.0186834344,305.3618911015,1587.1192009239,3.0
8545,0.0,442.105835,1659.181274,1758.44519,0.7742785467,-0.6243316217,0.1034541356,0.0190524076,308.3102115551,1586.9983826679,3.0
8546,0.0,445.592224,1659.137573,1759.362549,0.7742785467,-0.6243316217,0.1034541356,0.0194117923,311.1553933219,1586.892181538,3.0
8547,0.0,449.432648,1659.127563,1760.373413,0.7742785467,-0.6243316217,0.1034541356,0.0198263299,314.4153791258,1586.8320957918,3.0
8548,0.0,453.665283,1659.158081,1761.487183,0.7742785467,-0.6243316217,0.1034541356,0.0202833903,317.977410165,1586.808363325,3.0
8549,0.0,457.313446,1659.21814,1762.447388,0.7742785467,-0.6243316217,0.1034541356,0.0206836476,321.0668974523,1586.8079210758,3.0
8550,0.0,461.317169,1659.314087,1763.500732,0.7742785467,-0.6243316217,0.1034541356,0.0211764692,324.8078164306,1586.7049031588,3.0
8551,0.0,468.607178,1659.562866,1765.419312,0.7742785467,-0.6243316217,0.1034541356,0.0221249743,331.883115101,1586.515598973,3.0
8552,0.0,472.704376,1659.738159,1765.70459,0.7742785467,-0.6243316217,0.1034541356,0.0226100657,335.411528905,1586.2838947243,3.0
8553,0.0,477.010071,1659.946899,1765.701416,0.7742785467,-0.6243316217,0.1034541356,0.0231652508,339.2707948194,1585.4143687066,3.0
8554,0.0,480.922028,1660.156494,1765.701294,0.7742785467,-0.6243316217,0.1034541356,0.0236830733,342.8516253245,1584.7431687335,3.0
8555,0.0,484.539948,1660.366211,1765.701294,0.7742785467,-0.6243316217,0.1034541356,0.0241552212,346.1168970306,1584.3126164639,3.0
8556,0.0,488.229462,1660.593872,1765.701294,0.7742785467,-0.6243316217,0.1034541356,0.0245497721,348.780481687,1583.7819716251,3.0
8557,0.0,492.424286,1660.868164,1765.701294,0.7742785467,-0.6243316217,0.1034541356,0.0250054516,351.9838331695,1583.8805106607,3.0
8558,0.0,496.230225,1660.913452,1765.701294,0.7742785467,-0.6243316217,0.1034541356,0.0254425362,354.9740864379,1583.731524201,3.0
8559,0.0,499.830719,1660.757324,1765.701294,0.7742785467,-0.6243316217,0.1034541356,0.0258790843,357.8767975629,1583.3328230657,3.0
8560,0.0,504.056946,1660.35022,1765.701294,0.7742785467,-0.6243316217,0.1034541356,0.0263880032,361.2429490981,1582.9428195505,3.0
8561,0.0,507.553528,1659.82251,1765.701294,0.7742785467,-0.6243316217,0.1034541356,0.0268409367,364.0695258516,1581.9925939672,3.0
8562,0.0,510.516693,1659.222046,1765.701294,0.7742785467,-0.6243316217,0.1034541356,0.0272849588,366.8964985385,1581.4291446665,3.0
8563,0.0,514.830261,1658.236084,1765.701294,0.7742785467,-0.6243316217,0.1034541356,0.0278667456,370.343219761,1579.7673864758,3.0
8564,0.0,518.346313,1657.261597,1765.701294,0.7742785467,-0.6243316217,0.1034541356,0.028361693,373.2454371483,1578.3917702661,3.0
8565,0.0,521.84491,1656.126587,1765.701294,0.7726149353,-0.6262489418,0.1042996863,0.0285918977,374.4014039036,1576.9855341831,3.0
8566,0.0,525.579834,1654.756958,1765.701294,0.7688708251,-0.6306706833,0.1053192461,0.0282655087,371.8932805379,1575.3088456798,3.0
8567,0.0,528.813049,1653.414307,1765.701294,0.7626277889,-0.6381989355,0.1053611613,0.0270569688,363.5797666975,1573.6308604648,3.0
8568,0.0,532.369934,1651.78418,1765.701294,0.753019816,-0.6493591401,0.1062725924,0.0252984327,351.1916882278,1571.2550442608,3.0
8569,0.0,534.99408,1650.332886,1765.701294,0.7366822157,-0.6677614143,0.1067427127,0.0222474777,329.2754886102,1569.7592077632,3.0
8570,0.0,539.037964,1648.098999,1765.701294,0.7166117407,-0.6891744659,0.1072668105,0.0192125465,305.6192363269,1566.6402561604,3.0
8571,0.0,541.838135,1646.13147,1765.701294,0.6828676918,-0.722367065,0.1089841224,0.0157254134,276.3113091906,1564.216055198,3.0
8572,0.0,544.626404,1644.086792,1765.701416,0.6523174843,-0.749907558,0.1100933879,0.0142834133,262.9279332157,1561.2127702016,3.0
8573,0.0,547.932617,1641.718018,1765.701294,0.6248850765,-0.7727844647,0.111008163,0.0142343727,261.9359047391,1557.9799791056,3.0
8574,0.0,550.640808,1639.373169,1765.701294,0.5834205497,-0.8040718796,0.1144066201,0.0165385917,281.6062820602,1554.823866847,3.0
8575,0.0,553.464783,1636.825195,1765.701294,0.5435592002,-0.8309817464,0.1183753902,0.0199129512,365.4395182292,1840.3717278574,2.0
8576,0.0,556.035583,1634.503784,1765.701294,0.5168560383,-0.8474600797,0.1211249314,0.0177047183,344.2738877034,1837.7033208365,2.0
8577,0.0,559.094238,1631.699219,1765.701294,0.4943065819,-0.8603540793,0.1243055162,0.0167296272,334.1500120688,1834.4563687324,2.0
8578,0.0,561.18396,1629.60144,1765.701294,0.4770872258,-0.8696984012,0.1265403889,0.0163264155,329.7192053591,1832.1613494039,2.0
8579,0.0,564.442688,1626.318115,1765.701294,0.4566035498,-0.8802459586,0.129152045,0.0162397433,328.159680478,1828.3151048795,2.0
8580,0.0,566.943726,1623.607422,1765.701294,0.441434303,-0.8875385303,0.1319511778,0.0166217512,331.4306406159,1825.3724612169,2.0
8581,0.0,569.163879,1621.074097,1765.701294,0.4307828237,-0.8925360009,0.1334377978,0.0168826001,333.4581323331,1822.4156398167,2.0
8582,0.0,571.413086,1618.481445,1765.701294,0.4225765668,-0.8962819129,0.1345651434,0.0171628539,335.640246641,1819.4316945394,2.0
8583,0.0,574.168457,1615.123291,1765.701294,0.4116178801,-0.9011912907,0.1357386397,0.0175309905,338.4894348024,1815.6773985705,2.0
8584,0.0,576.434021,1612.168457,1765.701294,0.4013939108,-0.9056505956,0.1366745299,0.0179575534,341.94229437,1812.4780768051,2.0
8585,0.0,578.53595,1609.307983,1765.701294,0.3922811096,-0.9095016339,0.1375583843,0.0183949478,345.4966341525,1809.6141806923,2.0
8586,0.0,581.027222,1605.774902,1765.701294,0.3822383984,-0.9137441436,0.1377150927,0.0188063722,348.610334308,1806.0271831431,2.0
8587,0.0,582.925659,1602.979736,1765.701294,0.3759593153,-0.9162246387,0.138517164,0.0192267151,351.905802574,1803.2523096944,2.0
8588,0.0,585.31897,1599.295044,1765.701294,0.3669882195,-0.9196906735,0.1396019764,0.0198727688,356.9981139158,1799.6588378732,2.0
8589,0.0,587.363953,1596.029785,1765.701294,0.3607789463,-0.9221423247,0.1396140568,0.0201936582,359.2077504567,1796.4984307078,2.0
8590,0.0,591.040466,1589.777832,1765.701294,0.3473332801,-0.9270209768,0.1413920122,0.0213596659,368.1054035629,1790.5709576935,2.0
8591,0.0,592.0045775,1588.0284425,1765.701294,0.3428007134,-0.9286189163,0.1418845974,0.0217858796,371.3601382296,1788.9415635355,2.0
8592,0.0,592.968689,1586.279053,1765.701294,0.3382681468,-0.9302168558,0.1423771826,0.0222120933,374.6148728964,1787.3121693776,2.0
8593,0.0,596.519836,1579.463135,1765.701294,0.3210415631,-0.9360116948,0.1442720414,0.024004822,387.8972958385,1781.0436654842,2.0
8594,0.0,598.229431,1576.026855,1765.701294,0.3137393549,-0.9383386229,0.145217926,0.0248343961,393.7650590579,1777.9052699822,2.0
8595,0.0,599.697144,1572.971069,1765.701294,0.3080516747,-0.9401396492,0.1457450024,0.0254233538,397.7477328821,1775.2286317782,2.0
8596,0.0,601.632751,1568.902466,1765.701294,0.3024257388,-0.9418883899,0.1462358832,0.0260083743,401.3803255676,1771.4415405897,2.0
8597,0.0,603.106384,1565.669922,1765.701294,0.2975104159,-0.9434493387,0.146256274,0.0264500273,404.0622568145,1768.5248182722,2.0
8598,0.0,604.597656,1562.284912,1765.701294,0.2921659391,-0.944994326,0.1470536905,0.0270852117,408.1202912674,1765.5007509065,2.0
8599,0.0,605.944275,1559.084595,1765.701294,0.28567071,-0.9468894518,0.1476232078,0.0278214153,412.9072662221,1762.7462371757,2.0
8600,0.0,607.663574,1554.9552,1765.701294,0.2791335593,-0.9487614121,0.1481088756,0.0285737207,417.4825723833,1758.995312895,2.0
8601,0.0,609.070496,1551.373047,1765.701294,0.2703578723,-0.9511599921,0.1490009742,0.0297466587,425.0841769439,1755.8799025289,2.0
8602,0.0,610.31781,1548.000854,1765.701294,0.2600204632,-0.9538781755,0.1500192823,0.0311808354,434.3516377055,1753.0515058432,2.0
8603,0.0,611.653442,1544.397461,1765.701294,0.2515545271,-0.9560154617,0.1508467994,0.0324179896,441.9336601542,1749.8371011812,2.0
8604,0.0,613.107727,1540.197388,1765.701294,0.2372631081,-0.9594905997,0.1519342181,0.0346296195,455.5567047379,1746.2096333969,2.0
8605,0.0,614.310791,1536.580078,1765.701294,0.2253717272,-0.9622046887,0.1528715856,0.0366025687,467.2930972322,1743.1287826909,2.0
8606,0.0,615.447815,1533.031982,1765.701294,0.2137275768,-0.9646980688,0.1538770905,0.0386536923,479.128418249,1740.1203944454,2.0
8607,0.0,616.630615,1529.195312,1765.701294,0.2011200941,-0.9670965369,0.155804352,0.0411674243,493.2375256851,1736.9231512722,2.0
8608,0.0,617.665527,1525.662109,1765.701294,0.1886907538,-0.9694505657,0.1567207713,0.0435867875,506.4195687427,1734.2142681092,2.0
8609,0.0,618.448303,1522.860474,1765.701294,0.1788814527,-0.9711707656,0.1575714758,0.045545005,516.8292313565,1732.2631009651,2.0
8610,0.0,619.805603,1518.030884,1765.701294,0.1663703046,-0.9732138116,0.1586688334,0.0460968143,303.8878108937,1012.5729084582,0.0
8611,0.0,620.734375,1514.537842,1765.701294,0.1576210385,-0.9745246581,0.1595534358,0.0453043347,299.807715388,1007.4728499887,0.0
8612,0.0,621.651489,1511.094604,1765.701294,0.1529646997,-0.9752562449,0.1596153419,0.0450358304,297.4271286371,1002.3793010308,0.0
8613,0.0,622.723938,1507.05542,1765.701294,0.1514429002,-0.9754937163,0.1596153419,0.0454079175,296.8473246216,996.4127575383,0.0
8614,0.0,623.516907,1503.969238,1765.701294,0.1513993826,-0.9755004713,0.1596153419,0.0459305297,297.0746729065,991.6191404452,0.0
8615,0.0,624.529541,1499.948486,1765.701294,0.1513993826,-0.9755004713,0.1596153419,0.0465292433,297.2355504552,985.9032522344,0.0
8616,0.0,625.513489,1495.895996,1765.701294,0.1513993826,-0.9755004713,0.1596153419,0.0471932996,297.482901671,979.9235818872,0.0
8617,0.0,626.299011,1492.544922,1765.701294,0.1513993826,-0.9755004713,0.1596153419,0.0477450115,297.6630559729,974.9731696125,0.0
8618,0.0,627.26001,1488.330322,1765.701294,0.1513993826,-0.9755004713,0.1596153419,0.0484564146,297.9022123797,968.743859837,0.0
8619,0.0,628.022644,1484.886963,1765.701294,0.1513993826,-0.9755004713,0.1596153419,0.048578494,525.9054125929,1708.0873401163,2.0
8620,0.0,628.755188,1481.482422,1765.701294,0.1513993826,-0.9755004713,0.1596153419,0.0482467164,523.2360147252,1705.105633067,2.0
8621,0.0,629.581726,1477.566772,1765.701294,0.1513993826,-0.9755004713,0.1596153419,0.0479739603,520.6575162544,1701.4004878672,2.0
8622,0.0,630.479675,1473.214111,1765.701294,0.1513993826,-0.9755004713,0.1596153419,0.0475903851,517.2861042916,1697.0152059074,2.0
8623,0.0,631.19281,1469.657104,1765.701294,0.1513993826,-0.9755004713,0.1596153419,0.0472812635,514.5290118445,1693.3451331,2.0
8624,0.0,631.925232,1465.963989,1765.701294,0.1513993826,-0.9755004713,0.1596153419,0.0469601667,511.6597649841,1689.5105253012,2.0
8625,0.0,632.655762,1462.184814,1765.701294,0.1513993826,-0.9755004713,0.1596153419,0.0466523824,508.8381313946,1685.5939621214,2.0
8626,0.0,633.426941,1458.152222,1765.701294,0.1513993826,-0.9755004713,0.1596153419,0.0463433763,505.9310110562,1681.4089240649,2.0
8627,0.0,634.100281,1454.554443,1765.701294,0.1513993826,-0.9755004713,0.1596153419,0.0460229363,503.0949253758,1677.6565007245,2.0
8628,0.0,634.816162,1450.700439,1765.701294,0.1513993826,-0.9755004713,0.1596153419,0.045793611,500.6792105544,1673.6779668272,2.0
8629,0.0,636.216003,1442.956665,1765.701294,0.1505316258,-0.9756347563,0.1596153246,0.0454568026,496.5085055346,1665.7300250158,2.0
8630,0.0,636.917236,1439.025146,1765.701294,0.1504640747,-0.9756451736,0.1596153419,0.0452172093,494.0234657692,1661.6763824205,2.0
8631,0.0,637.242401,1437.115051,1765.701294,0.1492979985,-0.9758235811,0.1596153332,0.0452965528,493.870617518,1659.7427515274,2.0
8632,0.0,637.567566,1435.204956,1765.701294,0.1481319223,-0.9760019886,0.1596153246,0.0453758963,493.7177692668,1657.8091206343,2.0
8633,0.0,638.259155,1431.130981,1765.701294,0.1459431184,-0.9763316769,0.1596153591,0.0456469837,493.9722734176,1653.8458341375,2.0
8634,0.0,639.516846,1423.323364,1765.701294,0.1375434165,-0.9774011566,0.1605265952,0.0472791741,500.2612014156,1646.4244307268,2.0
8635,0.0,640.003296,1420.224365,1765.701294,0.1343675876,-0.9778370443,0.1605617208,0.0478560123,502.3547009641,1643.5627633796,2.0
8636,0.0,640.654236,1416.10376,1765.701294,0.1312811512,-0.9782562002,0.1605617208,0.048449938,504.1839678992,1639.655351714,2.0
8637,0.0,641.333008,1411.69873,1765.701294,0.1275326469,-0.9786754974,0.1610270002,0.0492656757,506.9860862372,1635.402871661,2.0
8638,0.0,641.87439,1408.102417,1765.701294,0.1244566613,-0.9789986773,0.1614686638,0.0500145511,509.6290389578,1631.8877918675,2.0
8639,0.0,642.499939,1404.019531,1765.701294,0.1232685622,-0.9791425011,0.1615079694,0.0501638329,509.1327518156,1627.9333423794,2.0
8640,0.0,642.995422,1400.640991,1765.701294,0.1208461096,-0.9794444311,0.1615079694,0.0506438207,510.4722562099,1624.6630847321,2.0
8641,0.0,643.48999,1397.301636,1765.701294,0.1200257182,-0.9795453069,0.1615079522,0.0507191054,509.8192172475,1621.4113044373,2.0
8642,0.0,644.183716,1392.60376,1765.701294,0.1195200107,-0.979607137,0.1615079694,0.0508079171,508.8166094966,1616.8445416584,2.0
8643,0.0,644.772339,1388.570312,1765.701294,0.1194888425,-0.9796109421,0.1615079522,0.0507405436,507.2594559248,1612.9383528679,2.0
8644,0.0,645.249512,1385.24292,1765.701294,0.1194888425,-0.9796109421,0.1615079522,0.0506906619,506.0066526386,1609.7256488129,2.0
8645,0.0,645.866943,1380.912109,1765.701294,0.1194888425,-0.9796109421,0.1615079522,0.0506844674,504.6481126058,1605.4993650944,2.0
8646,0.0,646.395203,1377.153076,1765.701294,0.1194888425,-0.9796109421,0.1615079522,0.0506861845,503.501163561,1601.8240058337,2.0
8647,0.0,646.897949,1373.536011,1765.701294,0.1194888425,-0.9796109421,0.1615079522,0.0507076727,502.4847303867,1598.2604149229,2.0
8648,0.0,647.473877,1369.293213,1765.701294,0.1185872952,-0.9797204853,0.1615079694,0.0509659293,502.3881107012,1594.0049435129,2.0
8649,0.0,647.918274,1365.927856,1765.701294,0.117188041,-0.9798138835,0.1619620844,0.0514337887,503.5552635889,1590.6158219567,2.0
8650,0.0,648.482727,1361.659668,1765.701294,0.1158057048,-0.9799019232,0.1624230881,0.0519501197,504.6700572399,1586.4055684387,2.0
8651,0.0,648.956848,1357.929565,1765.701294,0.1131974754,-0.9800621347,0.1632928157,0.0528472747,507.7134759962,1582.7320053704,2.0
8652,0.0,649.418823,1354.176147,1765.701294,0.1095934949,-0.9803164823,0.1642219852,0.0540254008,511.9858019638,1579.0298324335,2.0
8653,0.0,649.939331,1349.868896,1765.701294,0.1053089073,-0.9807652693,0.1643457349,0.0552486732,516.171423298,1574.7114759467,2.0
8654,0.0,650.389648,1346.007812,1765.701294,0.1006093411,-0.9811024606,0.1652746877,0.0567772512,521.7662462853,1570.8239210486,2.0
8655,0.0,650.795227,1342.245605,1765.701294,0.0932930517,-0.9815160186,0.167100903,0.0592264725,531.2642321269,1566.9863534296,2.0
8656,0.0,651.142029,1338.973267,1765.701294,0.0876724591,-0.9819447473,0.1676247394,0.060994645,537.7457412489,1563.6574612484,2.0
8657,0.0,651.623718,1334.520386,1765.701294,0.0819048514,-0.9823603125,0.1681065486,0.0628880745,544.1765001066,1559.1154559532,2.0
8658,0.0,651.980286,1330.912842,1765.701294,0.0750332959,-0.9826208824,0.1697828201,0.0653575009,553.0812619755,1555.3955943108,2.0
8659,0.0,652.340637,1327.222412,1765.701294,0.0695119054,-0.9829068974,0.1704761746,0.0672925579,559.513357421,1551.4717825952,2.0
8660,0.0,652.723145,1323.373169,1765.701294,0.0654021185,-0.9831174829,0.1708876173,0.0687981932,564.0625709539,1547.4796146676,2.0
8661,0.0,653.111938,1319.161255,1765.701294,0.0594442337,-0.9831794704,0.1726977476,0.0691494522,278.8879665608,763.2399142192,0.0
8662,0.0,653.429199,1315.519775,1765.701294,0.0540820671,-0.9833181667,0.1736678237,0.0690760587,277.8578506792,760.810176906,0.0
8663,0.0,653.776794,1311.62561,1765.701294,0.0514435175,-0.9834372607,0.1737950484,0.0694744942,277.7757972667,758.4796514243,0.0
8664,0.0,654.16626,1307.263428,1765.701294,0.0495632046,-0.9835338174,0.1737950484,0.0699823274,277.7142411309,755.6545770054,0.0
8665,0.0,656.354065,1304.179321,1765.701294,0.0491570598,-0.9834857776,0.1741818266,,,,
8666,0.0,657.09845,1301.899292,1765.650635,0.0488645713,-0.9834488794,0.1744722192,,,,
8667,0.0,657.658081,1295.912109,1765.38208,0.0476719946,-0.9834600246,0.1747391223,,,,
8668,0.0,658.04834,1292.688599,1765.121582,0.0476458785,-0.9833219201,0.175521713,,,,
8669,0.0,658.336731,1288.919312,1765.14502,0.0468779274,-0.9830591314,0.1771925621,,,,
8670,0.0,658.600464,1286.393188,1765.200317,0.0455018194,-0.9824746836,0.1807569655,,,,
8671,0.0,659.077576,1281.371094,1765.386353,0.0432321659,-0.981434559,0.1868614093,,,,
8672,0.0,659.275452,1278.017578,1765.364014,0.0425166789,-0.9809133903,0.1897399608,,,,
8673,0.0,660.119324,1270.129517,1766.051636,0.0418440886,-0.9801906422,0.1935855809,,,,
8674,0.0,660.56958,1266.852173,1766.616211,0.0418440886,-0.9801906422,0.1935855809,,,,
8675,0.0,661.0338745,1264.194031,1767.1779175,0.0418440886,-0.9801906422,0.1935855809,,,,
8676,0.0,661.517456,1258.978271,1767.552856,0.0418440886,-0.9801906422,0.1935855809,,,,
8677,0.0,661.9319765,1256.4403075,1767.839233,0.0418440886,-0.9801906422,0.1935855809,,,,
8678,0.0,662.474976,1250.506714,1768.081177,0.0418440886,-0.9801906422,0.1935855809,,,,
8679,0.0,662.7040715,1248.537903,1768.1654665,0.0418440886,-0.9801906422,0.1935855809,,,,
8680,0.0,663.538513,1242.938721,1768.1073,0.0418440886,-0.9801906422,0.1935855809,,,,
8681,0.0,663.7952575,1240.4604495,1767.9558105,0.0418440886,-0.9801906422,0.1935855809,,,,
8682,0.0,664.136292,1234.972534,1767.904175,0.0418440886,-0.9801906422,0.1935855809,,,,
8683,0.0,664.603638,1230.086914,1767.487915,0.0418440886,-0.9801906422,0.1935855809,,,,
8684,0.0,664.805115,1227.883545,1767.060913,0.0418440886,-0.9801906422,0.1935855809,,,,
8685,0.0,665.096558,1222.599121,1766.878418,0.0418440886,-0.9801906422,0.1935855809,,,,
8686,0.0,665.304565,1219.007812,1766.555542,0.0418440886,-0.9801906422,0.1935855809,,,,
8687,0.0,665.459167,1215.526733,1766.391479,0.0418440886,-0.9801906422,0.1935855809,,,,
8688,0.0,665.570129,1212.135376,1766.379761,0.0418440886,-0.9801906422,0.1935855809,,,,
8689,0.0,665.55188,1206.922852,1766.574585,0.0418440886,-0.9801906422,0.1935855809,,,,
8690,0.0,665.725281,1203.384033,1766.583008,0.0418440886,-0.9801906422,0.1935855809,,,,
8691,0.0,665.363647,1199.284546,1767.241943,0.0418440886,-0.9801906422,0.1935855809,,,,
8692,0.0,665.599854,1196.070679,1767.141724,0.0418440886,-0.9801906422,0.1935855809,,,,
8693,0.0,665.413635,1192.052612,1767.529175,0.0418440886,-0.9801906422,0.1935855809,,,,
8694,0.0,665.305176,1187.754272,1767.827881,0.0418440886,-0.9801906422,0.1935855809,,,,
8695,0.0,665.135681,1184.264038,1768.03772,0.0418440886,-0.9801906422,0.1935855809,,,,
8696,0.0,664.944702,1180.39209,1768.232544,0.0418440886,-0.9801906422,0.1935855809,,,,
8697,0.0,664.814514,1175.47998,1768.338135,0.0418440886,-0.9801906422,0.1935855809,,,,
8698,0.0,664.989258,1172.419556,1768.358643,0.0497062406,-0.980463127,0.1903190642,,,,
8699,0.0,665.106079,1167.757446,1768.238159,0.0641340553,-0.9810185737,0.1830010411,,,,
8700,0.0,665.206543,1164.545532,1768.126099,0.0729195089,-0.9810366671,0.1795823015,,,,
8701,0.0,665.410278,1159.810791,1767.837524,0.0837902887,-0.9806823577,0.1767520888,,,,
8702,0.0,665.6604,1156.807373,1767.239136,0.0882813516,-0.9803108624,0.1766267702,,,,
8703,0.0,666.009155,1152.59436,1766.658691,0.0935951927,-0.9798178014,0.1766267702,,,,
8704,0.0,666.285156,1149.258667,1766.293823,0.0975655293,-0.9793257216,0.1772063725,,,,
8705,0.0,666.635742,1144.162354,1765.714355,0.1028065945,-0.9785655819,0.1784382416,,,,
8706,0.0,666.848267,1141.572021,1765.533325,0.1055378841,-0.9781979035,0.1788592088,,,,
8707,0.0,667.329712,1137.218628,1765.278442,0.1088666904,-0.9777463843,0.1793322383,,,,
8708,0.0,667.672729,1133.016235,1765.303223,0.1118649757,-0.9773849811,0.179457031,,,,
8709,0.0,667.783997,1131.730835,1765.303223,0.1130405444,-0.9772272095,0.1795795543,,,,
8710,0.0,668.619873,1126.021118,1765.411255,0.1187094119,-0.9761744206,0.1816358336,,,,
8711,0.0,669.160706,1120.885132,1765.459351,0.1236429915,-0.9752668848,0.1832127563,,,,
8712,0.0,669.387085,1118.903198,1765.556641,0.1250877938,-0.9749915389,0.1836968775,,,,
8713,0.0,669.954163,1114.660889,1765.927002,0.1271792323,-0.9745646544,0.1845241916,,,,
8714,0.0,670.475525,1110.73877,1766.243286,0.1280090731,-0.9743756722,0.1849479022,,,,
8715,0.0,667.631714,1105.231812,1765.701294,0.1283156889,-0.9741752537,0.1857892867,,,,
8716,0.0,668.413879,1097.65625,1765.701294,0.1283093744,-0.9741253444,0.1860551474,,,,
8717,0.0,668.6612545,1095.336731,1765.701294,0.1282984512,-0.974043925,0.1864879234,,,,
8718,0.0,669.208191,1090.177246,1765.701294,0.1271634487,-0.9740233194,0.187371371,,,,
8719,0.0,669.4838255,1087.6068725,1765.701294,0.1263298069,-0.974077887,0.1876493403,,,,
8720,0.0,669.75946,1085.036499,1765.701294,0.1254961651,-0.9741324545,0.1879273095,,,,
8721,0.0,670.511047,1078.219604,1765.701294,0.1238264939,-0.9742106037,0.1886284684,,,,
8722,0.0,670.938171,1074.452759,1765.701294,0.1235704164,-0.9741943125,0.1888803685,,,,
8723,0.0,671.47052,1069.759155,1765.701294,0.1227177078,-0.9743020941,0.1888803685,,,,
8724,0.0,671.513448,1069.3850503333,1765.701294,0.1226891566,-0.9742933825,0.1889438164,,,,
8725,0.0,671.556376,1069.0109456667,1765.701294,0.1226606053,-0.974284671,0.1890072643,,,,
8726,0.0,671.599304,1068.636841,1765.701294,0.1226320541,-0.9742759594,0.1890707122,,,,
8727,0.0,671.599304,1068.636841,1765.701294,0.1226320541,-0.9742759594,0.1890707122,,,,
8728,0.0,673.575562,1051.233643,1765.701294,0.1156509299,-0.9744294764,0.1926449011,,,,
8729,0.0,674.136719,1046.201294,1765.701294,0.1122770888,-0.9746394367,0.1935764029,,,,
8730,0.0,674.453308,1043.223022,1765.701294,0.1086836036,-0.9749027203,0.1943001806,,,,
8731,0.0,674.922485,1038.83728,1765.701294,0.104116799,-0.9751882106,0.1953654166,,,,
8732,0.0,675.38739,1034.550659,1765.701294,0.1008996229,-0.9755060961,0.1954664229,,,,
8733,0.0,675.678772,1031.8927,1765.701294,0.0996038796,-0.9755100828,0.1961100343,,,,
8734,0.0,676.18927,1027.26355,1765.701294,0.0981867625,-0.975594079,0.1964066005,,,,
8735,0.0,676.517029,1024.226318,1765.701294,0.0968234407,-0.9756050272,0.1970280493,,,,
8736,0.0,677.031433,1019.319092,1765.701294,0.0935656632,-0.9756819563,0.1982175238,,,,
8737,0.0,677.401733,1015.848145,1765.701294,0.0925756429,-0.9756052658,0.199058071,,,,
8738,0.0,677.695251,1013.090515,1765.701294,0.0920870899,-0.9756172325,0.199225961,,,,
8739,0.0,678.233582,1008.013062,1765.701294,0.0915423581,-0.975668492,0.1992259782,,,,
8740,0.0,678.600647,1004.493774,1765.701294,0.090839597,-0.9757341735,0.1992259782,,,,
8741,0.0,678.883606,1001.598022,1765.701294,0.0888220074,-0.9757208817,0.2001984314,,,,
8742,0.0,679.396484,996.361389,1765.701294,0.0861423269,-0.9756478182,0.2017196923,,,,
8743,0.0,679.733337,992.928284,1765.701294,0.0844926165,-0.9755980078,0.202656174,,,,
8744,0.0,680.123779,988.43396,1765.701294,0.0775484807,-0.9756085109,0.2053637423,,,,
8745,0.0,680.47937,984.364624,1765.701294,0.0728722303,-0.9756919544,0.2066757077,,,,
8746,0.0,680.741699,981.278564,1765.701294,0.0691984724,-0.975800999,0.2074222306,,,,
8747,0.0,681.022949,977.889465,1765.701294,0.0650977192,-0.9759086048,0.2082418836,,,,
8748,0.0,681.376282,973.406494,1765.701294,0.0589607066,-0.9760667262,0.2093260161,,,,
8749,0.0,684.16449,970.456787,1765.141357,0.0553326334,-0.9759860657,0.2106881563,,,,
8750,0.0,684.728333,965.293396,1765.281616,0.0511154469,-0.9760569358,0.2114239089,,,,
8751,0.0,684.853638,963.763916,1765.273926,0.0503522881,-0.9760216152,0.211769813,,,,
8752,0.0,685.35144,958.725708,1765.471069,0.0478946924,-0.976016882,0.2123608829,,,,
8753,0.0,685.934021,955.072815,1766.252319,0.0454804662,-0.976001006,0.212963761,,,,
8754,0.0,686.332642,950.414856,1766.460449,0.0426480099,-0.975956113,0.2137540939,,,,
8755,0.0,686.716248,946.547852,1766.754761,0.040997741,-0.9759365032,0.2141661199,,,,
8756,0.0,687.178467,943.000183,1767.246094,0.0393747458,-0.9759883837,0.2142342274,,,,
8757,0.0,687.835266,940.004211,1767.857666,0.036874686,-0.975941294,0.2148926433,,,,
8758,0.0,688.284851,935.720154,1767.991943,0.0341452686,-0.9758402654,0.2158005493,,,,
8759,0.0,688.587524,930.691467,1768.017822,0.0279071228,-0.9757775324,0.2169778784,,,,
8760,0.0,689.187744,926.564514,1767.958496,0.0220244949,-0.9757099116,0.2179566243,,,,
8761,0.0,689.764954,919.925415,1767.613281,0.0109582542,-0.9753660148,0.2203203435,,,,
8762,0.0,690.051575,915.414673,1767.163574,0.0032887431,-0.9751611249,0.2214722663,,,,
8763,0.0,690.098877,911.528076,1767.084839,-0.0067376325,-0.9748941541,0.2225668275,,,,
8764,0.0,690.237915,907.773254,1766.814819,-0.0140970084,-0.9746382644,0.2233417289,,,,
8765,0.0,690.396118,903.16156,1766.460815,-0.0214084513,-0.9743533173,0.2240028824,,,,
8766,0.0,690.480164,900.137085,1766.224976,-0.0256864129,-0.9741678317,0.2243596305,,,,
8767,0.0,690.409363,895.143494,1766.234863,-0.0316753517,-0.9737674904,0.2253298622,,,,
8768,0.0,690.344055,892.322266,1766.271729,-0.0361922052,-0.9735805149,0.2254575466,,,,
8769,0.0,690.006226,887.429138,1766.570801,-0.0425315303,-0.9731122479,0.2263705411,,,,
8770,0.0,690.131409,883.395874,1766.457031,-0.0459244894,-0.9727620365,0.2272112709,,,,
8771,0.0,689.921692,880.23407,1766.729004,-0.0473592549,-0.9726666087,0.2273252499,,,,
8772,0.0,689.583679,876.753418,1767.051025,-0.0486326357,-0.97260378,0.2273252159,,,,
8773,0.0,688.794189,872.099426,1767.668457,-0.0499183577,-0.9725386387,0.2273252159,,,,
8774,0.0,688.904358,869.120911,1767.624634,-0.0506623303,-0.9725001629,0.2273252329,,,,
8775,0.0,688.280029,863.84137,1767.911011,-0.0545506545,-0.9718542451,0.2291801744,0.0838005149,206.7967470855,516.0597646839,6.0
8776,0.0,688.022949,860.344055,1767.965576,-0.0586736533,-0.9714028643,0.2300736353,0.084719618,206.5077489008,512.6585184478,6.0
8777,0.0,687.629211,857.317993,1768.011475,-0.0626173759,-0.971037011,0.2305779422,0.0853188579,205.9755482408,509.6181899497,6.0
8778,0.0,687.249695,852.842407,1767.945801,-0.0668801002,-0.9706396577,0.2310534725,0.0863037024,205.3368533818,505.2608874024,6.0
8779,0.0,686.924438,848.855835,1767.835571,-0.0727374168,-0.9700243443,0.2318664262,0.0875324361,205.2783664447,501.7202572496,6.0
8780,0.0,686.674438,845.657959,1767.692017,-0.078925716,-0.9693475839,0.2326714268,0.0888686901,205.6247999771,498.9486358416,6.0
8781,0.0,686.47467,841.610107,1766.99707,-0.0889814969,-0.9682456625,0.233629258,0.0906289488,206.217239495,495.7312886827,6.0
8782,0.0,686.184875,836.582092,1766.89917,-0.1006666159,-0.9670233716,0.2339487789,0.0933629484,207.6432768965,492.1489702798,6.0
8783,0.0,686.002014,833.05542,1766.673706,-0.1073524333,-0.9661139421,0.2347324136,0.0955086939,208.7816534697,489.5323339434,6.0
8784,0.0,685.834961,829.202942,1765.830322,-0.1107585732,-0.9655092853,0.2356360721,0.0969291919,209.0614829703,486.7649031207,6.0
8785,0.0,685.773743,827.898254,1765.8302,-0.1091848414,-0.9654839028,0.2364730509,0.0974743141,209.2883347727,485.9982037187,6.0
8786,0.0,685.553955,821.830444,1765.444336,-0.0959435736,-0.9658599324,0.240643765,0.0990886222,209.0835486678,481.7558893993,6.0
8787,0.0,685.671387,817.815796,1765.09668,-0.0664260662,-0.9671977536,0.2451858137,0.0983405564,207.2468523844,479.2424066915,6.0
8788,0.0,685.921082,814.921997,1764.989868,-0.0120315653,-0.9687128062,0.2478925987,0.0957300689,204.122813666,478.0827846778,6.0
8789,0.0,686.464355,810.69342,1764.880249,0.0523528652,-0.9670070712,0.2493120569,0.0949543208,202.2306066458,475.4850012371,6.0
8790,0.0,687.205078,806.577515,1764.642334,0.1605207244,-0.9554391433,0.2477279567,0.1003286036,206.6665899007,473.3895294071,6.0
8791,0.0,687.971313,804.036438,1764.473633,0.2563011165,-0.9345116609,0.246977111,0.1149127413,219.8020468606,472.2608134817,6.0
8792,0.0,690.022827,800.375732,1764.409668,0.3603584897,-0.8995243505,0.2469771279,0.1430808402,242.782628484,471.0102621674,6.0
8793,0.0,692.036743,797.365723,1764.251465,0.4534892336,-0.8563584607,0.2469771279,,,,
8794,0.0,694.697632,794.504272,1764.658691,0.557357193,-0.7924666531,0.2476884396,,,,
8795,0.0,697.329773,791.85199,1765.32312,0.6327104529,-0.7328530774,0.2502076132,,,,
8796,0.0,700.080505,789.446411,1765.249268,0.692852061,-0.6754844412,0.2523426068,,,,
8797,0.0,702.782104,787.166443,1765.605591,0.7236894639,-0.642256538,0.2525472219,,,,
8798,0.0,705.448486,785.095764,1765.5271,0.7394702957,-0.6240220874,0.2525472556,,,,
8799,0.0,706.298218,784.475159,1765.565308,0.7422029648,-0.6208427217,0.252366943,,,,
8800,0.0,710.206238,781.931458,1765.700562,0.7488019678,-0.6131118494,0.2517726617,,,,
8801,0.0,713.9552,779.767944,1765.631104,0.7515150495,-0.6096638842,0.2520616565,,,,
8802,0.0,716.831665,778.433716,1765.508911,0.7525437888,-0.6082093113,0.2525059992,,,,
8803,0.0,722.342285,776.168213,1765.468262,0.7572720456,-0.6010799087,0.2554251207,,,,
8804,0.0,725.250183,774.910828,1765.418579,0.7632982337,-0.5923214601,0.2579362216,,,,
8805,0.0,727.2596435,773.9972535,1765.3062135,0.7683684969,-0.5851241556,0.259153593,,,,
8806,0.0,729.269104,773.083679,1765.193848,0.7734387601,-0.5779268511,0.2603709645,,,,
8807,0.0,732.90033,771.339722,1764.77478,0.7805735402,-0.5676371009,0.2617118072,,,,
8808,0.0,740.094666,767.995667,1763.847778,0.7945884209,-0.5465187273,0.2644740481,,,,
8809,0.0,743.020569,766.596436,1763.657471,0.8014108811,-0.5364088046,0.2645868364,,,,
8810,0.0,745.762756,765.129639,1763.725464,0.8107538428,-0.5221800234,0.2645869037,,,,
8811,0.0,749.162231,763.249573,1763.873535,0.8196973328,-0.5080256596,0.26458687,,,,
8812,0.0,752.547302,761.554321,1763.996826,0.8270201791,-0.4960155177,0.2645869037,,,,
8813,0.0,753.554932,760.913147,1764.484985,0.830103638,-0.4908378196,0.2645868195,,,,
8814,0.0,758.77887,758.08905,1765.12439,0.8363009046,-0.4802026501,0.26458687,,,,
8815,0.0,761.5224,756.555115,1765.137817,0.8373671203,-0.4783410089,0.2645868195,,,,
8816,0.0,764.774475,754.715759,1765.530029,0.8377080745,-0.4777436145,0.2645868869,,,,
8817,0.0,767.739563,753.031311,1765.786499,0.8377080745,-0.4777436145,0.2645868869,,,,
8818,0.0,771.046021,751.288513,1765.765259,0.8378797746,-0.4774424274,0.26458687,,,,
8819,0.0,774.855103,749.497803,1765.844238,0.8381100493,-0.4770381026,0.2645868364,,,,
8820,0.0,778.651978,747.942261,1765.705444,0.8387106736,-0.4763941478,0.2638427979,,,,
8821,0.0,781.980408,746.849487,1765.484985,0.840224992,-0.4738187367,0.2636622227,,,,
8822,0.0,785.314697,745.930847,1765.253784,0.8426788423,-0.4697972968,0.2630263649,,,,
8823,0.0,788.920898,745.13208,1764.871582,0.8466271869,-0.4635210875,0.2614777386,,,,
8824,0.0,791.89856,744.639404,1763.250122,0.8500165349,-0.4584861555,0.2593498323,,,,
8825,0.0,795.951599,744.07959,1760.460449,0.8529539126,-0.4543095711,0.2570455926,,,,
8826,0.0,799.722351,743.615295,1757.660522,0.8553958008,-0.4507292167,0.2552277361,,,,
8827,0.0,803.258911,743.413086,1754.911377,0.8591678667,-0.4452607588,0.2521377272,,,,
8828,0.0,804.608704,743.473877,1753.024048,0.8612560306,-0.4422348676,0.2503325222,,,,
8829,0.0,809.855957,743.52655,1749.080566,0.8703366359,-0.4285679913,0.242577033,,,,
8830,0.0,813.907166,743.502319,1746.546143,0.8792491849,-0.4139788949,0.235674236,,,,
8831,0.0,817.149292,743.26355,1744.643555,0.8871453225,-0.4003852608,0.229488169,,,,
8832,0.0,821.992737,742.731689,1741.713501,0.8940979564,-0.3885709688,0.222713822,,,,
8833,0.0,823.004272,742.61554,1741.207031,0.8953371833,-0.3867860438,0.2208345185,,,,
8834,0.0,827.358765,741.886658,1738.943359,0.8984093437,-0.3823326668,0.2160610634,,,,
8835,0.0,831.429443,741.136841,1736.407104,0.9005891096,-0.3793717009,0.212170611,,,,
8836,0.0,835.960938,740.132507,1734.224854,0.9028942842,-0.3762169384,0.2079488562,,,,
8837,0.0,838.813171,739.452759,1732.71814,0.9041755239,-0.3747747112,0.2049647234,,,,
8838,0.0,843.239563,738.343811,1730.37915,0.9056056175,-0.3732097262,0.2014769612,,,,
8839,0.0,846.663818,737.688477,1728.502441,0.9069546932,-0.3712579278,0.1989993355,,,,
8840,0.0,850.578125,737.203308,1726.373047,0.9087627423,-0.3687981217,0.1952901014,,,,
8841,0.0,854.10791,736.64447,1724.238159,0.9102808181,-0.3665209714,0.1924869079,,,,
8842,0.0,858.053955,735.993347,1721.776245,0.9116553606,-0.3646400975,0.1895312713,,,,
8843,0.0,859.85022,735.873901,1720.081543,0.912179339,-0.3639664115,0.1883011015,,,,
8844,0.0,868.290833,733.95575,1714.348755,0.9146559676,-0.3608014819,0.182282066,,,,
8845,0.0,870.944031,733.256409,1712.6479495,0.9151462791,-0.360250897,0.1808980934,,,,
8846,0.0,873.597229,732.557068,1710.947144,0.9156365906,-0.3597003121,0.1795141207,,,,
8847,0.0,879.999939,730.778992,1706.930542,0.916531655,-0.3591153716,0.1760848526,,,,
8848,0.0,883.494324,729.578735,1704.847168,0.916858506,-0.3591355319,0.1743334438,,,,
8849,0.0,886.510864,728.706482,1702.991211,0.9172585579,-0.3586592739,0.1732058406,,,,
8850,0.0,890.674622,727.233887,1700.630859,0.9179822323,-0.3577247645,0.1712939403,,,,
8851,0.0,893.835205,726.107971,1698.81189,0.9182090695,-0.3576349463,0.170262591,,,,
8852,0.0,896.700073,724.982117,1697.256958,0.9184838551,-0.3573725893,0.1693287936,,,,
8853,0.0,900.583557,723.458618,1694.995361,0.9188033512,-0.3569940945,0.1683912656,,,,
8854,0.0,904.208923,722.024414,1692.903687,0.9192265481,-0.3563295445,0.1674867428,,,,
8855,0.0,908.456177,720.428589,1690.334351,0.9198542025,-0.3552750567,0.1662765176,,,,
8856,0.0,911.628113,719.157654,1688.493652,0.9200038034,-0.3552902496,0.1654141479,,,,
8857,0.0,912.4418945,718.765198,1687.955505,0.9200392875,-0.3553039714,0.1651869982,,,,
8858,0.0,918.217957,716.37915,1683.945312,0.9202845344,-0.3553987371,0.1636096374,,,,
8859,0.0,922.144775,714.940002,1681.122681,0.9207519183,-0.3546719077,0.1625538154,,,,
8860,0.0,925.212769,713.784546,1679.340332,0.9208031547,-0.3545846054,0.1624540179,,,,
8861,0.0,928.421082,712.663391,1678.226196,0.9211312372,-0.354024781,0.1618137766,,,,
8862,0.0,931.861755,711.459778,1677.925659,0.9213811234,-0.3537930536,0.1608953096,,,,
8863,0.0,936.216919,709.914734,1677.614868,0.9215586256,-0.353861285,0.159724421,,,,
8864,0.0,939.564758,708.769165,1677.170898,0.9216939324,-0.3539132587,0.1588260062,,,,
8865,0.0,943.076843,707.478394,1676.752563,0.9217175119,-0.3539223497,0.1586688334,,,,
8866,0.0,946.228577,706.319031,1676.416748,0.9218224349,-0.3539625459,0.1579680809,,,,
8867,0.0,949.434814,705.133118,1676.186035,0.9219533888,-0.3540127928,0.1570888008,,,,
8868,0.0,952.821167,703.883972,1676.009277,0.9220915038,-0.3540658633,0.1561557654,,,,
8869,0.0,957.334656,702.256226,1676.052979,0.9220796769,-0.3550336312,0.1540136038,,,,
8870,0.0,960.291504,701.275452,1676.216675,0.9220769804,-0.3550751326,0.1539340519,,,,
8871,0.0,963.550293,700.151672,1676.460327,0.9220367042,-0.3558302064,0.1524243427,,,,
8872,0.0,964.2175295,699.897186,1676.460388,0.9220156437,-0.3560155598,0.1521181952,,,,
8873,0.0,964.884766,699.6427,1676.460449,0.9219945832,-0.3562009133,0.1518120477,,,,
8874,0.0,972.077271,697.319275,1677.833374,0.9217058134,-0.3582391055,0.148738485,,,,
8875,0.0,977.67334,695.987366,1677.851562,0.921491487,-0.3596472748,0.1466535957,,,,
8876,0.0,981.472168,694.496826,1676.984375,0.9212900602,-0.3606097879,0.1455513855,,,,
8877,0.0,985.898865,693.859741,1676.928467,0.9210188091,-0.3617778216,0.1443646808,,,,
8878,0.0,989.082764,693.565063,1676.848511,0.92053104,-0.3633421513,0.1435447162,,,,
8879,0.0,992.189514,693.491455,1676.893921,0.9197501553,-0.3661292816,0.1414531759,,,,
8880,0.0,995.590881,693.586426,1676.847656,0.9188804062,-0.3688591503,0.1400061652,,,,
8881,0.0,1000.660339,693.905945,1676.745483,0.9176920296,-0.3726146354,0.1378392986,,,,
8882,0.0,1003.660156,694.104431,1676.661255,0.9170131689,-0.3748476015,0.1362942543,,,,
8883,0.0,1008.326599,694.645752,1676.389526,0.9158449507,-0.3782030206,0.1348721671,,,,
8884,0.0,1012.0224,695.128235,1676.181885,0.9155966464,-0.3791396789,0.133924923,,,,
8885,0.0,1015.391113,695.720459,1675.91748,0.9153753873,-0.3799742402,0.1330694445,,,,
8886,0.0,1022.276611,697.377319,1675.476074,0.9150788829,-0.3807240654,0.1329654996,,,,
8887,0.0,1022.729614,697.482442,1675.4230143333,0.9150471462,-0.3808003183,0.1329654996,,,,
8888,0.0,1023.182617,697.587565,1675.3699546667,0.9150154096,-0.3808765712,0.1329654996,,,,
8889,0.0,1023.63562,697.692688,1675.316895,0.9149836729,-0.3809528241,0.1329654996,,,,
8890,0.0,1036.667114,697.441162,1676.436646,0.9149836729,-0.3809528241,0.1329654996,,,,
8891,0.0,1040.294678,697.387329,1676.35498,0.9149836729,-0.3809528241,0.1329654996,,,,
8892,0.0,1043.27417,696.968079,1676.958252,0.9149836729,-0.3809528241,0.1329654996,,,,
8893,0.0,1046.975952,696.460632,1677.069702,0.9149836729,-0.3809528241,0.1329654996,,,,
8894,0.0,1051.499878,695.06958,1677.790161,0.9149836729,-0.3809528241,0.1329654996,,,,
8895,0.0,1054.477661,694.343933,1677.968506,0.9149836729,-0.3809528241,0.1329654996,,,,
8896,0.0,1057.687988,693.388184,1678.210938,0.9149836729,-0.3809528241,0.1329654996,,,,
8897,0.0,1061.547852,692.24176,1678.34668,0.9150977952,-0.381000189,0.1320412101,,,,
8898,0.0,1064.954712,691.31427,1678.370605,0.9151940614,-0.3810402693,0.1312560212,,,,
8899,0.0,1068.459229,690.289673,1678.324707,0.915298887,-0.3810839133,0.1303955461,,,,
8900,0.0,1071.549438,689.386963,1678.132568,0.9153329467,-0.381098244,0.1301142771,,,,
8901,0.0,1076.248169,688.080261,1677.689087,0.9153329467,-0.381098244,0.1301142771,,,,
8902,0.0,1079.205444,687.225281,1677.497803,0.9154100452,-0.381130269,0.1294765119,,,,
8903,0.0,1084.042847,685.808899,1677.001953,0.9154476873,-0.3811460162,0.1291636408,,,,
8904,0.0,1084.6409305,685.6132815,1676.751465,0.9154476873,-0.3811460162,0.1291636408,,,,
8905,0.0,1085.239014,685.417664,1676.500977,0.9154476873,-0.3811460162,0.1291636408,,,,
8906,0.0,1093.628174,683.018799,1675.901245,0.9155615886,-0.3811934389,0.1282128684,,,,
8907,0.0,1097.538208,681.832458,1676.047119,0.9155615886,-0.3811934389,0.1282128684,,,,
8908,0.0,1102.221191,680.4505,1676.674072,0.9153238186,-0.3820631774,0.1273186381,,,,
8909,0.0,1105.216797,679.037415,1675.909424,0.9153087153,-0.3821182337,0.1272619782,,,,
8910,0.0,1109.075684,677.748291,1676.06189,0.9153087153,-0.3821182337,0.1272619782,,,,
8911,0.0,1112.76709,676.595337,1676.456909,0.9153087153,-0.3821182337,0.1272619782,,,,
8912,0.0,1116.287842,675.715271,1677.427734,0.9153087153,-0.3821182337,0.1272619782,,,,
8913,0.0,1120.606567,674.421692,1678.135376,0.9153087153,-0.3821182337,0.1272619782,,,,
8914,0.0,1121.5,673.906799,1677.715942,0.9152544633,-0.3822481549,0.1272619955,,,,
8915,0.0,1127.579468,671.991577,1678.441772,0.9149725132,-0.3829225627,0.1272619782,,,,
8916,0.0,1131.115967,670.912781,1678.814209,0.9150219824,-0.3830293543,0.1265831172,,,,
8917,0.0,1135.688354,669.49292,1679.087036,0.914687144,-0.3839179116,0.1263109883,,,,
8918,0.0,1138.669434,668.687256,1679.104248,0.9146864136,-0.3839196518,0.1263109883,,,,
8919,0.0,1141.838013,667.498169,1679.116089,0.9146864136,-0.3839196518,0.1263109883,,,,
8920,0.0,1146.869385,665.850525,1678.975342,0.9146864136,-0.3839196518,0.1263109883,,,,
8921,0.0,1147.5263675,665.5927125,1678.975342,0.9146864136,-0.3839196518,0.1263109883,,,,
8922,0.0,1148.18335,665.3349,1678.975342,0.9146864136,-0.3839196518,0.1263109883,,,,
8923,0.0,1157.190063,662.243225,1677.666016,0.9147837814,-0.3839604071,0.1254792379,,,,
8924,0.0,1160.958984,660.761902,1677.501709,0.9145389345,-0.3845821704,0.1253598477,,,,
8925,0.0,1167.86792,657.89856,1677.402344,0.9144291101,-0.3848432237,0.125359865,,,,
8926,0.0,1170.196045,656.836426,1677.4709475,0.9142576242,-0.3852501861,0.125359865,,,,
8927,0.0,1172.52417,655.774292,1677.539551,0.9140861382,-0.3856571485,0.125359865,,,,
8928,0.0,1178.887207,653.086731,1677.623901,0.9140597304,-0.3857197344,0.125359865,,,,
8929,0.0,1181.11676,652.004364,1677.831543,0.9140597304,-0.3857197344,0.125359865,,,,
8930,0.0,1186.228638,649.592468,1678.207275,0.9140597304,-0.3857197344,0.125359865,,,,
8931,0.0,1189.423462,647.917114,1678.538574,0.9140597304,-0.3857197344,0.125359865,,,,
8932,0.0,1192.579834,646.200562,1678.873779,0.9140597304,-0.3857197344,0.125359865,,,,
8933,0.0,1196.145386,644.345093,1679.106812,0.9140597304,-0.3857197344,0.125359865,,,,
8934,0.0,1199.468262,642.650391,1679.255981,0.9140597304,-0.3857197344,0.125359865,,,,
8935,0.0,1204.171875,640.264465,1679.39978,0.9140597304,-0.3857197344,0.125359865,,,,
8936,0.0,1207.086304,638.729858,1679.349487,0.9140597304,-0.3857197344,0.125359865,,,,
8937,0.0,1207.732666,638.408386,1679.326782,0.9140597304,-0.3857197344,0.125359865,,,,
8938,0.0,1213.667358,635.693237,1678.873901,0.9140597304,-0.3857197344,0.125359865,,,,
8939,0.0,1217.561523,634.136475,1678.502686,0.9140597304,-0.3857197344,0.125359865,,,,
8940,0.0,1220.757935,632.780579,1678.691528,0.9140597304,-0.3857197344,0.125359865,,,,
8941,0.0,1224.497192,631.263977,1678.36792,0.9140597304,-0.3857197344,0.125359865,,,,
8942,0.0,1229.138672,629.38855,1677.949341,0.9140597304,-0.3857197344,0.125359865,,,,
8943,0.0,1232.406616,628.094055,1677.075562,0.9140597304,-0.3857197344,0.125359865,,,,
8944,0.0,1235.975952,626.602905,1677.029785,0.9140597304,-0.3857197344,0.125359865,,,,
8945,0.0,1239.459839,625.182861,1676.65686,0.9140597304,-0.3857197344,0.125359865,,,,
8946,0.0,1243.039795,623.824036,1676.40686,0.9140597304,-0.3857197344,0.125359865,,,,
8947,0.0,1246.286621,622.569641,1676.288208,0.9140597304,-0.3857197344,0.125359865,,,,
8948,0.0,1249.932007,621.092529,1676.318848,0.9140597304,-0.3857197344,0.125359865,,,,
8949,0.0,1253.82251,619.666748,1676.533691,0.9138791668,-0.3863614436,0.1246984502,,,,
8950,0.0,1256.743164,618.589905,1676.831909,0.9136509511,-0.3871678071,0.1238669796,,,,
8951,0.0,1261.895996,616.533691,1677.073853,0.9132753497,-0.38848395,0.1225085961,,,,
8952,0.0,1265.195801,615.348999,1677.485352,0.91293734,-0.3892784814,0.1225058246,,,,
8953,0.0,1266.354736,615.387207,1678.515747,0.9128210348,-0.389641901,0.1222168046,,,,
8954,0.0,1272.859619,613.039429,1679.011108,0.9123752355,-0.3911776452,0.120629514,,,,
8955,0.0,1276.078979,611.401611,1678.686768,0.9123676204,-0.3912037127,0.1206025722,,,,
8956,0.0,1279.39856,610.464722,1679.143066,0.9118715429,-0.3925827542,0.1198710575,,,,
8957,0.0,1282.958862,609.164856,1679.234619,0.9112456131,-0.3943114007,0.1189535702,,,,
8958,0.0,1286.185181,608.006042,1679.139526,0.9108292984,-0.3954542947,0.1183464828,,,,
8959,0.0,1290.257202,606.455994,1678.999634,0.9105106155,-0.396325492,0.1178835166,,,,
8960,0.0,1293.975464,604.865784,1679.000977,0.9097591874,-0.3981903539,0.1173995871,,,,
8961,0.0,1297.488892,603.669983,1678.488647,0.9089166236,-0.4002396132,0.1169565022,,,,
8962,0.0,1301.959351,601.831421,1677.950195,0.9073406503,-0.4040875241,0.115957825,,,,
8963,0.0,1305.06543,600.341248,1678.047119,0.9037293679,-0.4125392531,0.1143879117,,,,
8964,0.0,1308.362671,598.70813,1677.532104,0.8998349521,-0.4212560705,0.11331541,,,,
8965,0.0,1312.667236,596.832581,1676.877563,0.8896734799,-0.4428418143,0.1112305112,,,,
8966,0.0,1316.234131,595.51416,1676.752441,0.8812460172,-0.4597778974,0.1095889693,,,,
8967,0.0,1323.53064,593.057922,1676.062866,0.8531952972,-0.5108786635,0.1051702244,,,,
8968,0.0,1326.200073,592.151123,1676.013184,0.8393268507,-0.5336283018,0.1037847442,,,,
8969,0.0,1328.901245,591.621887,1675.892334,0.8303673241,-0.5473395143,0.1031547171,,,,
8970,0.0,1334.4198,590.340576,1675.790405,0.8100888524,-0.577277837,0.1025004883,,,,
8971,0.0,1337.603516,589.920593,1675.575562,0.7979568487,-0.5939347754,0.1025004883,,,,
8972,0.0,1339.8356935,589.4563905,1675.7366335,0.7916093536,-0.6022776657,0.1025004883,,,,
8973,0.0,1345.421753,588.407837,1675.970703,0.7776463302,-0.6202901188,0.1025005057,,,,
8974,0.0,1348.779663,588.166992,1675.840454,0.7729923982,-0.6260256617,0.1028329875,,,,
8975,0.0,1353.30127,587.646729,1676.117188,0.7673987495,-0.63277485,0.1034173504,,,,
8976,0.0,1356.665771,587.280518,1676.393921,0.7644906911,-0.6362792037,0.1034541356,,,,
8977,0.0,1360.046143,587.049866,1676.356079,0.7617581891,-0.639548046,0.1034541356,,,,
8978,0.0,1364.779175,586.845154,1676.237305,0.7579634133,-0.6440409166,0.1034541529,,,,
8979,0.0,1367.876587,586.50824,1676.000488,0.7544284405,-0.6480615459,0.1041823448,,,,
8980,0.0,1370.711304,586.40686,1675.924316,0.7503096377,-0.6527897689,0.1044076877,,,,
8981,0.0,1375.101929,586.205017,1675.11731,0.7456472057,-0.6581103853,0.1044076877,,,,
8982,0.0,1379.842529,585.982666,1674.632324,0.7389684627,-0.6656009632,0.1044077051,,,,
8983,0.0,1382.23645,585.907043,1674.397583,0.7286888025,-0.6767876758,0.1047428803,,,,
8984,0.0,1387.222778,585.767395,1673.791504,0.7114226484,-0.6948252612,0.1053359949,,,,
8985,0.0,1390.502441,585.677368,1673.475586,0.6944342905,-0.7117387722,0.105777769,,,,
8986,0.0,1393.387817,585.670837,1673.440674,0.6794693097,-0.7259840918,0.1061534533,,,,
8987,0.0,1396.932983,585.532288,1672.754395,0.6581718588,-0.7450736036,0.1080515133,,,,
8988,0.0,1400.744141,585.373169,1672.640747,0.6293801083,-0.7693904877,0.1091739741,,,,
8989,0.0,1404.719971,585.187866,1672.494507,0.6039343974,-0.7893932215,0.1100980717,,,,
8990,0.0,1407.400757,585.035339,1672.411377,0.5872446666,-0.8017848096,0.11083691,,,,
8991,0.0,1409.885986,584.848999,1672.553101,0.5651093542,-0.8173009545,0.1125636159,,,,
8992,0.0,1415.105713,584.543213,1672.634521,0.5302237686,-0.8399377669,0.1156170532,,,,
8993,0.0,1418.174316,584.334961,1672.808838,0.5015112579,-0.8569370641,0.1189341266,,,,
8994,0.0,1422.537109,584.113525,1673.546997,0.4459837755,-0.8860869414,0.1262869918,,,,
8995,0.0,1425.317017,583.862,1673.902832,0.4094970966,-0.9030464109,0.1296892736,,,,
8996,0.0,1429.578491,583.784729,1674.808716,0.3734602062,-0.9181163422,0.1326267562,,,,
8997,0.0,1434.776367,583.273621,1675.304199,0.2993772264,-0.9441942078,0.1373702087,,,,
8998,0.0,1437.631104,582.501099,1675.210205,0.2511362763,-0.9578967336,0.139156094,,,,
8999,0.0,1441.12793,581.909668,1675.403564,0.1989141468,-0.9696511335,0.1421613221,,,,
9000,0.0,1445.231201,580.778076,1675.353516,0.1311385191,-0.9805210566,0.146222934,,,,
9001,0.0,1447.631104,580.012329,1675.00415,0.0981369007,-0.9840884992,0.1481181101,,,,
9002,0.0,1451.358521,578.679138,1674.619507,0.0515441685,-0.9872540008,0.1505746875,,,,
9003,0.0,1454.627808,576.886597,1674.487915,-0.006920952,-0.9880912585,0.1537132569,,,,
9004,0.0,1457.294434,575.736023,1674.019531,-0.0399754175,-0.9870335399,0.1554566085,,,,
9005,0.0,1460.420532,574.075012,1673.787476,-0.0806489078,-0.9842630815,0.1572321215,,,,
9006,0.0,1466.109863,570.681458,1673.553711,-0.1366682891,-0.9778271729,0.1586688334,,,,
9007,0.0,1467.573059,569.9069215,1673.4159545,-0.154008873,-0.9750883402,0.1586688334,,,,
9008,0.0,1471.818237,567.918274,1673.475098,-0.1934645638,-0.9681919561,0.1586688334,,,,
9009,0.0,1473.7803345,566.9959105,1673.7243655,-0.2089215931,-0.9648449862,0.1586688334,,,,
9010,0.0,1478.405273,564.92749,1673.978638,-0.2441903037,-0.9566584013,0.1586688334,,,,
9011,0.0,1480.4842525,564.0251465,1674.197327,-0.256510915,-0.9533433614,0.1586688334,,,,
9012,0.0,1484.556763,562.293945,1675.22522,-0.2774472499,-0.9475480066,0.1586688334,,,,
9013,0.0,1489.137817,560.567627,1675.69812,-0.2904944093,-0.9436298,0.1586688334,,,,
9014,0.0,1492.136597,559.457275,1675.855713,-0.2960813816,-0.9419972507,0.1580411188,,,,
9015,0.0,1494.251343,558.674316,1675.887207,-0.2993114938,-0.9409965765,0.1578816404,,,,
9016,0.0,1496.366089,557.891357,1675.918701,-0.3025416059,-0.9399959023,0.1577221619,,,,
9017,0.0,1503.012939,555.415833,1675.858276,-0.3103571851,-0.937593068,0.1568364002,,,,
9018,0.0,1506.200928,554.205322,1675.710327,-0.3170016996,-0.9354969061,0.1560623628,,,,
9019,0.0,1509.093628,553.097839,1675.294067,-0.3282795692,-0.9316383599,0.155828402,0.0192203584,166.2569705473,852.0813115452,6.0
9020,0.0,1511.672852,552.132996,1674.915649,-0.3401404689,-0.9273736981,0.1558283847,0.0180490904,161.2211747548,852.4088978845,6.0
9021,0.0,1514.922607,550.952087,1674.612305,-0.3507575196,-0.9234103513,0.1558283847,0.017198909,157.4896744433,852.8291999185,6.0
9022,0.0,1518.975464,549.699341,1674.032104,-0.3711111944,-0.9154201199,0.1558283847,,,,
9023,0.0,1521.721191,548.780579,1674.002686,-0.377737137,-0.9127059602,0.1558283847,0.0151303854,147.9938190127,853.9896160066,6.0
9024,0.0,1524.607178,547.71991,1673.987915,-0.3867397349,-0.9090332682,0.1552124179,0.0145443773,145.5829997867,856.7083612959,6.0
9025,0.0,1528.286255,546.278564,1673.975708,-0.3940448896,-0.9059472438,0.1548812981,0.0143454211,145.4431920303,861.7571500821,6.0
9026,0.0,1529.196167,545.874817,1673.975708,-0.3953677077,-0.9053707303,0.1548812981,,,,
9027,0.0,1534.463989,542.630249,1674.259277,-0.4017582849,-0.902553081,0.1548812981,,,,
9028,0.0,1538.06311,540.099243,1673.670898,-0.4074700001,-0.9001317522,0.1540487836,,,,
9029,0.0,1539.671875,538.780762,1673.749268,-0.4127623496,-0.8978935448,0.1530177275,,,,
9030,0.0,1543.455811,535.357422,1674.554932,-0.4221333064,-0.8938410816,0.1511674319,,,,
9031,0.0,1545.78894,533.090759,1674.181274,-0.4294989629,-0.8907105081,0.1488805953,,,,
9032,0.0,1548.496582,530.10675,1674.401245,-0.4381691441,-0.8870327921,0.1455356549,,,,
9033,0.0,1550.893555,527.240479,1674.568237,-0.4438141075,-0.8848456431,0.1416941279,,,,
9034,0.0,1552.309692,525.485779,1674.853394,-0.4466736162,-0.8840117987,0.1378615984,,,,
9035,0.0,1555.45752,521.531067,1675.238525,-0.4513233691,-0.8826465545,0.1313098485,,,,
9036,0.0,1557.299316,519.085693,1675.174805,-0.4560577889,-0.8811293803,0.124989233,,,,
9037,0.0,1559.685181,515.672485,1674.549805,-0.4641579956,-0.8785903931,0.1124111925,,,,
9038,0.0,1561.033936,513.814453,1674.354614,-0.4690950008,-0.8768829649,0.1050054577,,,,
9039,0.0,1562.858765,510.794556,1673.458862,-0.4775898901,-0.8737832742,0.0917097952,,,,
9040,0.0,1564.043701,508.720551,1672.0802,-0.4820420782,-0.8719206257,0.0859642797,,,,
9041,0.0,1564.475952,507.843842,1671.317139,-0.4843644678,-0.8709174566,0.083029188,,,,
9042,0.0,1565.920898,504.313171,1668.38916,-0.4921699796,-0.8674239219,0.073105751,,,,
9043,0.0,1566.749268,501.994476,1667.2052,-0.497358542,-0.8650881032,0.0652461065,,,,
9044,0.0,1566.931763,500.214172,1665.504761,-0.5027759518,-0.8625379493,0.0569616393,,,,
9045,0.0,1567.11438,498.750305,1663.868652,-0.5057516032,-0.8610769524,0.0525528113,,,,
9046,0.0,1567.051025,497.226868,1661.547119,-0.5107286122,-0.8584831219,0.0465082149,,,,
9047,0.0,1566.813232,496.584686,1659.812134,-0.5147776649,-0.8562986323,0.0419119073,,,,
9048,0.0,1566.876953,494.817719,1658.936646,-0.5218683635,-0.8523195641,0.0347098246,,,,
9049,0.0,1567.008057,493.381317,1658.904907,-0.5240453609,-0.8510799469,0.0322394752,,,,
9050,0.0,1567.035156,490.805847,1658.893677,-0.5265861198,-0.8496421754,0.0285522713,,,,
9051,0.0,1566.8982545,490.0792235,1658.8480225,-0.5272183696,-0.8492901156,0.0272944017,,,,
9052,0.0,1566.761353,489.3526,1658.802368,-0.5278506195,-0.8489380557,0.0260365321,,,,
9053,0.0,1566.376831,487.329041,1658.52417,-0.5313878321,-0.8469033943,0.0195349083,,,,
9054,0.0,1566.177734,486.509521,1658.37854,-0.5326300766,-0.8462028261,0.0156837059,,,,
9055,0.0,1566.100586,486.244873,1658.219849,-0.5329326738,-0.8460367089,0.0143056792,,,,
9056,0.0,1565.572876,483.989227,1657.858398,-0.5345026043,-0.8451620126,0.0028528066,,,,
9057,0.0,1565.27063,483.04837,1657.82019,-0.5351021346,-0.8447856506,-0.0017059189,,,,
9058,0.0,1565.011353,481.837463,1657.641357,-0.5353903422,-0.8445772465,-0.0068158768,,,,
9059,0.0,1564.800903,480.969269,1657.59082,-0.5343023239,-0.8452391716,-0.0095796341,,,,
9060,0.0,1564.283203,479.392914,1657.584106,-0.5323043543,-0.8464519244,-0.0130848836,,,,
9061,0.0,1563.854004,478.309784,1657.520996,-0.5298650687,-0.8479538237,-0.0147418433,,,,
9062,0.0,1563.531128,477.463287,1657.54541,-0.5283213596,-0.8489059156,-0.0153390798,,,,
9063,0.0,1562.877319,475.878082,1657.622925,-0.5272910819,-0.849546248,-0.0153390798,,,,
9064,0.0,1562.515503,474.938934,1657.843506,-0.5272185583,-0.849591255,-0.0153392019,,,,
9065,0.0,1562.523682,474.040771,1658.711426,-0.5272185583,-0.849591255,-0.0153392019,,,,
9066,0.0,1562.085327,473.145721,1659.033691,-0.5272140494,-0.8495839891,-0.0158868369,,,,
9067,0.0,1561.295898,471.653778,1659.125244,-0.5277499498,-0.8492519296,-0.015847729,,,,
9068,0.0,1560.851929,470.86142,1659.257935,-0.5277810651,-0.8492253279,-0.0162323676,,,,
9069,0.0,1560.808716,470.6545105,1659.514954,-0.5277802423,-0.849224004,-0.0163278244,,,,
9070,0.0,1560.007935,468.78656,1659.991211,-0.527776437,-0.8492176166,-0.0167771328,,,,
9071,0.0,1559.322754,467.684357,1659.88916,-0.527776437,-0.8492176166,-0.0167771328,,,,
9072,0.0,1558.711548,466.589569,1660.033936,-0.527776437,-0.8492176166,-0.0167771328,,,,
9073,0.0,1558.230225,465.772888,1660.195801,-0.5277790051,-0.8492220132,-0.0164710094,,,,
9074,0.0,1557.627197,464.283234,1660.101196,-0.5277829844,-0.8492284161,-0.0160068305,,,,
9075,0.0,1556.920044,462.525299,1660.120972,-0.5277846849,-0.8492308879,-0.0158185159,,,,
9076,0.0,1556.473022,461.233368,1660.078613,-0.5277846849,-0.8492308879,-0.0158185159,,,,
9077,0.0,1555.96106,460.097717,1660.039062,-0.5277846849,-0.8492308879,-0.0158185159,,,,
9078,0.0,1555.101807,458.636383,1659.99292,-0.5330607859,-0.8460079969,-0.0108012836,,,,
9079,0.0,1554.470337,457.367981,1659.908447,-0.5311601372,-0.8472272289,-0.0086562886,,,,
9080,0.0,1553.930054,456.302002,1659.800293,-0.5299249139,-0.8480204478,-0.0063957678,,,,
9081,0.0,1553.568237,455.61734,1659.737671,-0.5293508126,-0.84838673,-0.0052605726,,,,
9082,0.0,1552.566895,453.550659,1659.486938,-0.5285811785,-0.8488775682,-0.0029684865,,,,
9083,0.0,1551.925537,452.39679,1659.408813,-0.5285824297,-0.8488795777,-0.0020193097,,,,
9084,0.0,1551.8045655,452.010849,1659.327148,-0.5285824708,-0.8488797758,-0.0019204544,,,,
9085,0.0,1551.683594,451.624908,1659.245483,-0.5285825119,-0.8488799738,-0.0018215991,,,,
9086,0.0,1549.969971,449.065582,1659.139893,-0.5285825119,-0.8488799738,-0.0018215991,,,,
9087,0.0,1549.393921,447.978516,1659.11438,-0.5285825119,-0.8488799738,-0.0018215991,,,,
9088,0.0,1548.602295,446.924286,1659.139404,-0.5291916215,-0.8485016251,-0.0011044965,,,,
9089,0.0,1547.303101,445.041199,1659.158325,-0.5306962194,-0.8475616663,-0.0008629081,,,,
9090,0.0,1546.8234865,444.3189395,1659.175232,-0.5312453004,-0.8472175258,-0.0006579193,,,,
9091,0.0,1546.343872,443.59668,1659.192139,-0.5317943814,-0.8468733853,-0.0004529304,,,,
9092,0.0,1545.616333,442.601501,1659.239746,-0.5326038663,-0.8463646502,-2.27591e-05,,,,
9093,0.0,1544.782959,441.713013,1659.32959,-0.5334338671,-0.8458412637,0.0009306443,,,,
9094,0.0,1543.718994,440.369171,1659.546997,-0.5358277661,-0.8443256774,0.0016599993,,,,
9095,0.0,1542.599121,439.160126,1659.77356,-0.5372486455,-0.8434217309,0.0019174699,,,,
9096,0.0,1542.061523,438.260498,1659.726196,-0.5405884325,-0.8412796732,0.0035578113,,,,
9097,0.0,1541.420166,437.384735,1659.749878,-0.5442927215,-0.8388783361,0.0053451326,,,,
9098,0.0,1540.640869,436.293732,1660.192261,-0.5467755828,-0.8372552448,0.0063338099,,,,
9099,0.0,1539.717896,434.867889,1660.354248,-0.5499211023,-0.8351896444,0.0067111246,,,,
9100,0.0,1539.673747,434.793243,1660.3542073333,-0.5496807734,-0.8353462739,0.0068865085,,,,
9101,0.0,1539.629598,434.718597,1660.3541666667,-0.5494404444,-0.8355029034,0.0070618923,,,,
9102,0.0,1539.585449,434.643951,1660.354126,-0.5492001155,-0.8356595329,0.0072372762,,,,
9103,0.0,1539.585449,434.643951,1660.354126,-0.5492001155,-0.8356595329,0.0072372762,,,,
9104,0.0,1536.643677,429.807281,1660.041504,-0.5399681518,-0.841593169,0.0124632655,,,,
9105,0.0,1535.911255,428.649017,1660.220337,-0.5399656615,-0.8415892875,0.0128279229,,,,
9106,0.0,1535.241089,427.589935,1660.275513,-0.539962762,-0.8415847684,0.0132398379,,,,
9107,0.0,1534.470215,426.372528,1660.054443,-0.539961451,-0.8415827251,0.0134219294,,,,
9108,0.0,1533.688477,425.139862,1659.84314,-0.539961451,-0.8415827251,0.0134219294,,,,
9109,0.0,1533.166992,424.318146,1659.571777,-0.539961451,-0.8415827251,0.0134219294,,,,
9110,0.0,1532.333984,423.006866,1659.558105,-0.539961451,-0.8415827251,0.0134219294,,,,
9111,0.0,1531.970459,422.434601,1659.438354,-0.539961451,-0.8415827251,0.0134219294,,,,
9112,0.0,1531.112671,421.086243,1659.334106,-0.539961451,-0.8415827251,0.0134219294,,,,
9113,0.0,1530.478271,420.086121,1659.292236,-0.5396932236,-0.8417408789,0.0142659421,,,,
9114,0.0,1529.72937,418.90567,1659.295654,-0.5394145552,-0.8419041703,0.0151428403,,,,
9115,0.0,1529.095459,417.910889,1659.166626,-0.5393824475,-0.8419229275,0.0152433422,,,,
9116,0.0,1529.0017496667,417.763723,1659.1447753333,-0.5393824475,-0.8419229275,0.0152433422,,,,
9117,0.0,1528.9080403333,417.616557,1659.1229246667,-0.5393824475,-0.8419229275,0.0152433422,,,,
9118,0.0,1528.814331,417.469391,1659.101074,-0.5393824475,-0.8419229275,0.0152433422,,,,
9119,0.0,1526.437012,413.743622,1659.385132,-0.5393824475,-0.8419229275,0.0152433422,,,,
9120,0.0,1525.695557,412.582611,1659.492554,-0.5393824475,-0.8419229275,0.0152433422,,,,
9121,0.0,1525.12561,411.690033,1659.365845,-0.5393824475,-0.8419229275,0.0152433422,,,,
9122,0.0,1524.418823,410.583893,1659.555542,-0.5393824475,-0.8419229275,0.0152433422,,,,
9123,0.0,1523.747314,409.533569,1659.677979,-0.5393824475,-0.8419229275,0.0152433422,,,,
9124,0.0,1522.935669,408.264221,1659.720947,-0.5393824475,-0.8419229275,0.0152433422,,,,
9125,0.0,1522.187744,407.094299,1659.892822,-0.5393824475,-0.8419229275,0.0152433422,,,,
9126,0.0,1521.478638,405.985504,1660.004639,-0.5393824475,-0.8419229275,0.0152433422,,,,
9127,0.0,1520.577271,404.55246,1660.042969,-0.5393824475,-0.8419229275,0.0152433422,,,,
9128,0.0,1519.983154,403.515533,1660.074707,-0.5393824475,-0.8419229275,0.0152433422,,,,
9129,0.0,1519.582275,402.703796,1660.001221,-0.5393824475,-0.8419229275,0.0152433422,,,,
9130,0.0,1518.178955,400.129303,1659.776001,-0.5393824475,-0.8419229275,0.0152433422,,,,
9131,0.0,1518.0753175,399.9673155,1659.776001,-0.5393824475,-0.8419229275,0.0152433422,,,,
9132,0.0,1517.123413,397.757111,1659.187378,-0.5393824475,-0.8419229275,0.0152433422,,,,
9133,0.0,1516.7420655,397.1168365,1659.1516115,-0.5393824475,-0.8419229275,0.0152433422,,,,
9134,0.0,1516.360718,396.476562,1659.115845,-0.5393824475,-0.8419229275,0.0152433422,,,,
9135,0.0,1515.586548,395.36322,1659.187012,-0.5393824475,-0.8419229275,0.0152433422,,,,
9136,0.0,1515.041382,393.984253,1658.856812,-0.5393824475,-0.8419229275,0.0152433422,,,,
9137,0.0,1514.501953,392.79007,1658.630371,-0.5393824475,-0.8419229275,0.0152433422,,,,
9138,0.0,1513.798828,391.678192,1658.560791,-0.5393888855,-0.8419332354,0.0144241923,,,,
9139,0.0,1512.469849,389.637787,1658.464722,-0.5401229246,-0.8414791,0.0134220167,,,,
9140,0.0,1511.85376,388.67749,1658.466064,-0.540204186,-0.84142846,0.0133260671,,,,
9141,0.0,1511.119751,387.638916,1658.421509,-0.540204186,-0.84142846,0.0133260671,,,,
9142,0.0,1510.25061,386.579071,1658.402832,-0.540204186,-0.84142846,0.0133260671,,,,
9143,0.0,1509.48877,385.617584,1658.429321,-0.5407624907,-0.841069762,0.0133260671,,,,
9144,0.0,1508.614014,384.50174,1658.472656,-0.5410106377,-0.8409101652,0.0133260671,,,,
9145,0.0,1507.925049,383.416077,1658.466797,-0.5410106377,-0.8409101652,0.0133260671,,,,
9146,0.0,1507.82135,383.2543945,1658.466797,-0.5410106377,-0.8409101652,0.0133260671,,,,
9147,0.0,1507.717651,383.092712,1658.466797,-0.5410106377,-0.8409101652,0.0133260671,,,,
9148,0.0,1505.531372,379.642944,1661.361328,-0.5410106377,-0.8409101652,0.0133260671,,,,
9149,0.0,1504.536621,379.565369,1663.03125,-0.5410106377,-0.8409101652,0.0133260671,,,,
9150,0.0,1503.879272,378.541779,1664.234253,-0.5410044394,-0.8409007568,0.0141461548,,,,
9151,0.0,1503.175415,377.445953,1665.670654,-0.5410034764,-0.8408990342,0.0142847025,,,,
9152,0.0,1502.547363,376.468109,1667.137451,-0.5410034764,-0.8408990342,0.0142847025,,,,
9153,0.0,1502.117554,375.798859,1667.896851,-0.5410034764,-0.8408990342,0.0142847025,,,,
9154,0.0,1501.199097,374.369019,1669.56543,-0.5410034764,-0.8408990342,0.0142847025,,,,
9155,0.0,1500.353271,373.053162,1671.365723,-0.5410034764,-0.8408990342,0.0142847025,,,,
9156,0.0,1499.785156,372.168823,1672.493164,-0.5410034764,-0.8408990342,0.0142847025,,,,
9157,0.0,1499.057373,371.132507,1673.866455,-0.5410034764,-0.8408990342,0.0142847025,,,,
9158,0.0,1498.296753,370.172424,1675.213745,-0.5404639062,-0.8412348951,0.0149203709,,,,
9159,0.0,1497.617798,369.388214,1676.571899,-0.5386589033,-0.8423691821,0.0161476604,,,,
9160,0.0,1496.694702,368.426483,1676.701294,-0.5363519048,-0.8438128302,0.0175083357,,,,
9161,0.0,1496.271484,367.981506,1676.701294,-0.5351590462,-0.8445552888,0.0181977879,,,,
9162,0.0,1494.485474,366.322144,1676.701294,-0.5240372868,-0.8513631099,0.0237860706,,,,
9163,0.0,1493.555664,365.635284,1676.701294,-0.5202209572,-0.8536360548,0.0259931055,,,,
9164,0.0,1492.089844,364.747253,1676.701294,-0.5168164726,-0.8556524023,0.027562658,,,,
9165,0.0,1491.031372,364.18515,1676.701294,-0.515615142,-0.8563512262,0.0283478888,,,,
9166,0.0,1488.687744,363.047333,1676.701294,-0.5141092744,-0.8572170532,0.0295055522,,,,
9167,0.0,1487.264893,362.404236,1676.701294,-0.5139593546,-0.8573029787,0.0296206761,,,,
9168,0.0,1484.802368,361.411011,1676.701294,-0.5139593546,-0.8573029787,0.0296206761,,,,
9169,0.0,1482.61792,360.55658,1676.701294,-0.5139593546,-0.8573029787,0.0296206761,0.0033026159,107.3175481829,1321.5560478669,3.0
9170,0.0,1480.828491,359.896423,1676.701294,-0.5133842844,-0.8576359366,0.0299529091,0.0033226622,107.5209342266,1320.0670363359,3.0
9171,0.0,1477.346436,358.646027,1676.701294,-0.5123330965,-0.8582429126,0.0305597963,0.003377167,108.1667167041,1317.2535046658,3.0
9172,0.0,1475.216797,357.903046,1676.701294,-0.5110793374,-0.8589640869,0.0312827149,0.003368577,107.8894693163,1315.5485164576,3.0
9173,0.0,1470.04895,356.188446,1676.701294,-0.5089894432,-0.8601948317,0.0315372502,,,,
9174,0.0,1468.325073,355.64299,1676.701294,-0.5089894432,-0.8601948317,0.0315372502,,,,
9175,0.0,1466.601196,355.097534,1676.701294,-0.5089894432,-0.8601948317,0.0315372502,,,,
9176,0.0,1466.2229615,354.9791715,1676.701294,-0.5089894432,-0.8601948317,0.0315372502,,,,
9177,0.0,1465.844727,354.860809,1676.701294,-0.5089894432,-0.8601948317,0.0315372502,,,,
9178,0.0,1458.570801,352.642609,1676.701294,-0.5089894432,-0.8601948317,0.0315372502,,,,
9179,0.0,1451.430542,350.548798,1676.701294,-0.5089894432,-0.8601948317,0.0315372502,,,,
9180,0.0,1448.819702,349.796753,1676.701294,-0.5089894432,-0.8601948317,0.0315372502,,,,
9181,0.0,1444.983398,348.701263,1676.701294,-0.5089894432,-0.8601948317,0.0315372502,,,,
9182,0.0,1441.654175,347.757294,1676.701294,-0.5089894432,-0.8601948317,0.0315372502,,,,
9183,0.0,1438.389526,346.678955,1676.701294,-0.5089894432,-0.8601948317,0.0315372502,,,,
9184,0.0,1435.393433,345.474335,1676.701294,-0.5089894432,-0.8601948317,0.0315372502,,,,
9185,0.0,1432.090454,343.9151,1676.701294,-0.5089894432,-0.8601948317,0.0315372502,,,,
9186,0.0,1429.058472,342.274719,1676.701294,-0.5089894432,-0.8601948317,0.0315372502,,,,
9187,0.0,1426.232056,340.557098,1676.701294,-0.5083811,-0.8605545067,0.0315372502,,,,
9188,0.0,1423.305908,338.599213,1676.701294,-0.5081645176,-0.8606824182,0.0315372502,,,,
9189,0.0,1420.711548,336.67218,1676.701294,-0.5074704474,-0.8611066297,0.0311306486,,,,
9190,0.0,1417.478149,334.129089,1676.701294,-0.5066079212,-0.8616324484,0.0306257737,,,,
9191,0.0,1416.7166135,333.517685,1676.701294,-0.5063080165,-0.8618148395,0.0304503012,,,,
9192,0.0,1413.069214,330.30188,1676.701294,-0.5033974097,-0.8635668165,0.0290413714,,,,
9193,0.0,1410.230347,327.70752,1676.701294,-0.4990133717,-0.8661701743,0.0271087454,,,,
9194,0.0,1407.902832,325.501953,1676.701294,-0.4938879148,-0.869163925,0.0250758677,,,,
9195,0.0,1406.092285,323.726837,1676.701294,-0.4910715601,-0.8708002874,0.0235707923,,,,
9196,0.0,1403.806885,321.445831,1676.701294,-0.4886224217,-0.8722139645,0.0221569218,,,,
9197,0.0,1401.870605,319.401367,1676.701294,-0.486602293,-0.8733572707,0.0215704917,,,,
9198,0.0,1403.457153,316.572449,1677.55603,-0.4846655524,-0.8744443837,0.0211263369,,,,
9199,0.0,1401.099487,314.112701,1676.969849,-0.4820392984,-0.8759343386,0.0194203317,,,,
9200,0.0,1398.886108,311.486145,1676.670166,-0.480827765,-0.8766262228,0.018196863,,,,
9201,0.0,1397.070923,309.144226,1676.525757,-0.4793497316,-0.87743691,0.0181191563,,,,
9202,0.0,1395.283081,306.750793,1676.341553,-0.4784479242,-0.8779436452,0.0173936676,,,,
9203,0.0,1393.584351,304.456024,1676.348267,-0.4766623069,-0.8789259445,0.0167996792,,,,
9204,0.0,1391.216431,301.197083,1676.443481,-0.474420485,-0.8801476415,0.0162890309,,,,
9205,0.0,1388.895386,297.909058,1676.574707,-0.4715161971,-0.8817256146,0.0152452095,,,,
9206,0.0,1388.181763,296.684875,1676.77063,-0.4707794201,-0.8821192539,0.0152433422,,,,
9207,0.0,1386.102783,293.072571,1677.726318,-0.4687755401,-0.8831958309,0.014649822,,,,
9208,0.0,1383.631836,288.923798,1678.28418,-0.465686718,-0.8848343506,0.0142847025,,,,
9209,0.0,1382.535034,287.736298,1677.3927,-0.4641933583,-0.8856249794,0.013889634,,,,
9210,0.0,1380.198242,283.116364,1678.714111,-0.4588809586,-0.8884047086,0.0128584462,,,,
9211,0.0,1379.214722,281.535492,1678.687866,-0.4573713384,-0.8891858859,0.0126459173,,,,
9212,0.0,1377.033691,277.699738,1678.866455,-0.4541689538,-0.8908297305,0.0123674019,,,,
9213,0.0,1375.21814,274.330963,1679.066162,-0.4519406563,-0.8919622697,0.0123674019,,,,
9214,0.0,1373.079956,270.322021,1679.27002,-0.4492911143,-0.8933053818,0.0119578209,,,,
9215,0.0,1371.327759,266.642609,1679.21521,-0.4469442123,-0.8944887798,0.0114321463,,,,
9216,0.0,1370.216431,264.589294,1679.200073,-0.4460789181,-0.8949209124,0.0114087429,,,,
9217,0.0,1367.855835,259.970825,1678.980225,-0.4434396163,-0.8962316371,0.0114087429,,,,
9218,0.0,1365.513916,255.593964,1678.551392,-0.4419510132,-0.8969637966,0.0116296869,0.0002216711,27.4300781841,1302.8114483388,3.0
9219,0.0,1364.260376,253.278084,1678.428772,-0.4411143714,-0.8973709326,0.0119398011,0.0002099553,26.6296080318,1300.0273266248,3.0
9220,0.0,1363.006836,250.962204,1678.306152,-0.4402777296,-0.8977780686,0.0122499153,0.0001982394,25.8291378794,1297.2432049108,3.0
9221,0.0,1361.908936,248.920532,1677.784912,-0.4394096568,-0.898198815,0.0125714849,0.0001835629,24.8082449525,1294.8172313321,3.0
9222,0.0,1361.908936,248.920532,1677.784912,-0.4394096568,-0.898198815,0.0125714849,0.0001835629,24.8082449525,1294.8172313321,3.0
9223,0.0,1358.544067,242.985687,1677.94458,-0.4364115521,-0.8996468779,0.0134332556,0.0001523338,22.4853205063,1288.2568566565,3.0
9224,0.0,1348.648682,234.646698,1676.701294,-0.4352628618,-0.9001900843,0.0142847199,0.0001215262,19.9672230758,1280.7989980731,3.0
9225,0.0,1346.93103,231.352859,1676.701294,-0.4348357174,-0.9003964936,0.0142847199,0.0001042461,18.4617447734,1278.6133507289,3.0
9226,0.0,1345.038452,227.696548,1676.701294,-0.4339482912,-0.9008245264,0.0142847199,9.25129e-05,17.3582242416,1276.1423400703,3.0
9227,0.0,1343.333374,224.396103,1676.701294,-0.4339134975,-0.9008412868,0.0142847025,9.13412e-05,17.2173461966,1273.8774957083,3.0
9228,0.0,1342.115479,222.024597,1676.701294,-0.4339134975,-0.9008412868,0.0142847025,9.46181e-05,17.5035542731,1272.4317991538,3.0
9229,0.0,1339.922363,217.740005,1676.701294,-0.4339134975,-0.9008412868,0.0142847025,0.0001052,18.4096777111,1269.2138462527,3.0
9230,0.0,1338.587646,215.120712,1676.701294,-0.4339134975,-0.9008412868,0.0142847025,0.0001154225,19.2533383352,1267.2382618746,3.0
9231,0.0,1336.670532,211.33168,1676.701294,-0.4339134975,-0.9008412868,0.0142847025,0.0001430377,21.3915909701,1264.7896429412,3.0
9232,0.0,1335.174316,208.368439,1676.701294,-0.4339134975,-0.9008412868,0.0142847025,0.0001638187,22.8509677308,1262.4833828849,3.0
9233,0.0,1333.427124,204.898254,1676.701294,-0.4339134975,-0.9008412868,0.0142847025,0.0001952541,24.895121531,1259.8545253623,3.0
9234,0.0,1331.877075,201.804199,1676.701294,-0.4339134975,-0.9008412868,0.0142847025,0.0002329558,27.1444405752,1257.6344168415,3.0
9235,0.0,1330.105713,198.257065,1676.701294,-0.4339134975,-0.9008412868,0.0142847025,0.0002875103,30.0960518488,1255.1597674828,3.0
9236,0.0,1328.239014,194.510223,1676.701294,-0.4339134975,-0.9008412868,0.0142847025,0.0003397196,32.6366357513,1252.1806522559,3.0
9237,0.0,1326.437378,190.883041,1676.701294,-0.4339134975,-0.9008412868,0.0142847025,0.0004044361,35.5308296526,1249.4225246024,3.0
9238,0.0,1324.894287,187.767685,1676.701294,-0.4339134975,-0.9008412868,0.0142847025,0.0004673909,38.1212170111,1246.9883364057,3.0
9239,0.0,1323.346191,184.635742,1676.701294,-0.4339134975,-0.9008412868,0.0142847025,0.000536802,40.7726228218,1244.5285512794,3.0
9240,0.0,1321.854736,181.611435,1676.701294,-0.4339134975,-0.9008412868,0.0142847025,0.0006215809,43.7941542796,1242.280958953,3.0
9241,0.0,1319.873535,177.58873,1676.701294,-0.4339134975,-0.9008412868,0.0142847025,0.0007165891,46.8949218121,1238.9492798044,3.0
9242,0.0,1318.212891,174.209747,1676.701294,-0.4339081527,-0.9008295875,0.0151581451,0.000826313,50.2438122736,1236.1894407099,3.0
9243,0.0,1316.755493,171.238312,1676.701294,-0.4339043509,-0.9008222978,0.015690826,0.0009426594,53.5599211974,1233.8146210267,3.0
9244,0.0,1314.970215,167.59552,1676.701294,-0.4339011978,-0.9008157516,0.0161472066,0.0010600533,56.6436417424,1230.5165243082,3.0
9245,0.0,1313.190918,163.958496,1676.701294,-0.4339008133,-0.9008149535,0.0162019679,0.0011906229,59.875470481,1227.3717674458,3.0
9246,0.0,1311.619385,160.742157,1676.701294,-0.4339008133,-0.9008149535,0.0162019679,0.0013095963,62.656880743,1224.6931583567,3.0
9247,0.0,1310.029297,157.483978,1676.701294,-0.4339008133,-0.9008149535,0.0162019679,0.0014332836,65.4072868381,1222.0831342633,3.0
9248,0.0,1308.368286,154.077042,1676.701294,-0.4339008133,-0.9008149535,0.0162019679,0.0015663403,68.2257704624,1219.4402392151,3.0
9249,0.0,1306.665161,150.580551,1676.701294,-0.4339008133,-0.9008149535,0.0162019679,0.0017068022,71.0695779074,1216.9214184817,3.0
9250,0.0,1304.921875,146.997803,1676.701294,-0.4339008133,-0.9008149535,0.0162019679,0.0018555089,73.948712051,1214.4668085787,3.0
9251,0.0,1303.419922,143.908493,1676.701294,-0.4339008133,-0.9008149535,0.0162019679,0.0019878125,76.4078120559,1212.4141224362,3.0
9252,0.0,1301.901733,140.783203,1676.701294,-0.4338941169,-0.9008010511,0.0171278063,0.0021587019,79.5048444814,1210.6448456338,3.0
9253,0.0,1300.229126,137.338364,1676.701294,-0.4338878041,-0.900787342,0.0179871612,0.0023130676,82.1385912118,1208.3406204842,3.0
9254,0.0,1298.570923,133.937805,1676.701294,-0.4346121301,-0.9004187289,0.0189316945,0.0024313986,84.0661470658,1206.2635702673,3.0
9255,0.0,1296.854492,130.419525,1676.701294,-0.4355219128,-0.8999569878,0.0199520305,0.0025520099,85.980447886,1204.2614643959,3.0
9256,0.0,1293.606812,123.816589,1676.701294,-0.4395570659,-0.8979066924,0.0235193019,0.0026335596,87.0735125978,1200.5648132966,3.0
9257,0.0,1292.8305665,122.268684,1676.701294,-0.4417207364,-0.8968179128,0.0243687106,0.0025722881,85.9975417356,1199.8263882829,3.0
9258,0.0,1292.054321,120.720779,1676.701294,-0.4438844069,-0.8957291331,0.0252181194,0.0025110165,84.9215708735,1199.0879632691,3.0
9259,0.0,1288.561279,113.744728,1676.701294,-0.4521813079,-0.8914992246,0.027589805,0.00226754,80.4230060658,1194.9071537108,3.0
9260,0.0,1291.875977,109.64489,1678.528931,-0.4534114831,-0.8908446877,0.0285266429,0.0026476191,86.8972925429,1194.9538961577,3.0
9261,0.0,1290.146973,106.09996,1678.217896,-0.4543022516,-0.8903863962,0.0286623391,0.0027475461,88.3799845873,1193.0673102817,3.0
9262,0.0,1288.617065,102.953323,1678.002563,-0.4543845349,-0.8903444079,0.0286623391,0.0029144624,91.0687106552,1193.6901866004,3.0
9263,0.0,1286.608032,98.987511,1677.998291,-0.4543845349,-0.8903444079,0.0286623391,0.0031071178,93.857823274,1191.5553785509,3.0
9264,0.0,1285.092407,95.928299,1678.001953,-0.4551547325,-0.8899509199,0.0286623391,0.0032079466,95.2397941809,1189.9767096733,3.0
9265,0.0,1283.273315,92.698364,1678.122314,-0.4559627511,-0.8895372055,0.0286623391,0.0032983177,96.445335743,1188.4431058188,3.0
9266,0.0,1281.175537,88.93148,1678.315308,-0.4560909082,-0.8894715025,0.0286623391,0.0035044126,99.23248318,1186.3479040015,3.0
9267,0.0,1279.534668,86.022606,1678.507568,-0.4568411859,-0.8890863857,0.0286623391,0.0036103754,100.5925915578,1184.8603421446,3.0
9268,0.0,1277.520752,82.631981,1678.809814,-0.4577373831,-0.8886253195,0.0286623391,0.0037326242,102.131901036,1183.1639431452,3.0
9269,0.0,1275.948608,79.591614,1678.769043,-0.4606721773,-0.8870769293,0.029591664,0.0036735854,101.1920755559,1181.6412917772,3.0
9270,0.0,1273.636719,76.226151,1679.229736,-0.4634768652,-0.8855839767,0.030499436,0.003641672,100.5891256875,1179.7266082326,3.0
9271,0.0,1271.594727,73.089432,1679.322876,-0.4799499891,-0.876639217,0.033936576,0.0025647546,84.3164929241,1178.0216371566,3.0
9272,0.0,1269.75,69.861107,1679.263916,-0.5164367551,-0.8552952118,0.041990221,0.0011809933,57.1387244862,1176.0345797533,3.0
9273,0.0,1267.281006,66.554008,1679.500977,-0.5826419863,-0.8108067098,0.0558640769,0.0031577716,93.1875355822,1173.5337685993,3.0
9274,0.0,1265.858765,64.283646,1679.468872,-0.6443315457,-0.7617529721,0.0675963657,0.0110715485,173.9161257306,1171.9958873057,3.0
9275,0.0,1263.062988,60.599026,1679.418335,-0.7164427159,-0.6927690785,0.0823458486,0.0297126154,282.7532927395,1168.6176524501,3.0
9276,0.0,1260.856689,57.69136,1679.352295,-0.7843686825,-0.6131309024,0.0940014166,0.0591250763,394.9567594337,1165.9097098448,3.0
9277,0.0,1258.93103,55.203579,1679.121826,-0.8180971961,-0.566388341,0.0996053459,0.0791155683,453.5409249474,1163.4156114916,3.0
9278,0.0,1256.436523,51.805683,1678.800537,-0.847799438,-0.5198421573,0.10488205,0.1008622596,507.6228216272,1159.8412754182,3.0
9279,0.0,1254.415161,49.179867,1678.471313,-0.8594890091,-0.4997822978,0.1072207913,0.1102424111,528.0424540635,1156.8883300747,3.0
9280,0.0,1251.702637,46.055046,1678.342773,-0.8720676762,-0.4768901919,0.1098804485,0.1212402136,550.2985721089,1153.0268259369,3.0
9281,0.0,1251.014648,45.260639,1678.342773,-0.8727646325,-0.4755785279,0.1100316317,0.1218346149,551.0772552638,1152.0205419248,3.0
9282,0.0,1246.963989,40.758968,1676.912354,-0.8688362944,-0.4827178652,0.1100316143,0.1159632767,535.5868238657,1145.8425969143,3.0
9283,0.0,1244.218628,37.743912,1677.401978,-0.8638414969,-0.4917984333,0.1091428847,0.1100982468,520.9153423788,1141.9769368628,3.0
9284,0.0,1242.036987,35.053291,1676.90979,-0.8531757916,-0.5102673198,0.1082512397,0.0996322526,495.3557974499,1138.4093393798,3.0
9285,0.0,1240.104248,32.382168,1676.661011,-0.8379884713,-0.5351205913,0.1068703647,0.0863636973,461.3800905691,1134.9155225076,3.0
9286,0.0,1237.717407,28.890852,1676.55957,-0.8220264962,-0.5595989182,0.1054584767,0.0740032435,426.803606856,1130.5113524909,3.0
9287,0.0,1235.468262,25.41036,1676.329102,-0.7867186441,-0.6090086088,0.1009073308,0.0521201467,358.8253934377,1126.1578596799,3.0
9288,0.0,1233.909668,22.442215,1676.224243,-0.7405674771,-0.6650507193,0.0962670899,0.0312795248,278.5936975058,1122.6624199938,3.0
9289,0.0,1231.979126,18.702732,1676.33374,-0.6933905945,-0.714669845,0.091959209,0.016820487,204.2486724188,1118.3015974653,3.0
9290,0.0,1230.571655,15.383308,1676.341553,-0.6382487376,-0.7645374401,0.0901168775,0.0072166243,133.6762331292,1114.6977031905,3.0
9291,0.0,1229.379272,11.827336,1676.545654,-0.5857712076,-0.8056620145,0.0882089039,0.0037625984,96.3020534654,1111.1828265927,3.0
9292,0.0,1228.598633,8.82777,1676.762207,-0.5486360705,-0.8315427218,0.0868053222,0.0043342113,103.1043769608,1108.6083799212,3.0
9293,0.0,1227.498901,4.418718,1676.999512,-0.507363267,-0.8575018029,0.0852829014,0.007716065,136.9897798315,1104.8787264371,3.0
9294,0.0,1226.631226,0.60392,1676.967041,-0.469167202,-0.8790772451,0.0842931418,0.0132412459,178.7258777639,1101.9209640393,3.0
9295,0.0,1226.04126,-2.979403,1677.095459,-0.4499973176,-0.8890450888,0.0842688811,0.0171842853,202.9711337564,1099.5813472283,3.0
9296,0.0,1225.958984,-3.554076,1677.095459,-0.4482115733,-0.8899382216,0.0843584455,0.0176416421,205.5583510705,1099.194480633,3.0
9297,0.0,1225.437012,-10.904723,1677.90625,-0.4435330858,-0.8921968626,0.0852241763,0.0203315389,219.5531029453,1094.3549860376,3.0
9298,0.0,1224.865356,-14.175074,1677.747803,-0.4435330858,-0.8921968626,0.0852241763,0.0210414931,222.8293443078,1091.9827083359,3.0
9299,0.0,1223.999756,-17.761713,1678.166504,-0.4435330858,-0.8921968626,0.0852241763,0.0219171785,226.8046876744,1089.2748302851,3.0
9300,0.0,1223.385376,-21.100786,1678.289673,-0.4435330858,-0.8921968626,0.0852241763,0.0227022187,230.2552587882,1086.7743168412,3.0
9301,0.0,1221.682861,-28.371822,1677.531738,-0.4435330858,-0.8921968626,0.0852241763,0.0243430538,237.0772376645,1081.0519405072,3.0
9302,0.0,1220.691284,-32.179089,1677.347778,-0.4435330858,-0.8921968626,0.0852241763,0.0252457491,240.6933160954,1077.9866212424,3.0
9303,0.0,1219.707275,-35.529793,1677.318237,-0.4435330858,-0.8921968626,0.0852241763,0.0260527402,243.8299807241,1075.2083468504,3.0
9304,0.0,1218.617676,-38.925262,1677.387329,-0.4435330858,-0.8921968626,0.0852241763,0.0269748726,247.4005020678,1072.3944742547,3.0
9305,0.0,1217.314331,-42.705864,1677.483521,-0.4435330858,-0.8921968626,0.0852241763,0.027853571,250.5641861427,1069.0769759843,3.0
9306,0.0,1216.051514,-46.099613,1677.709229,-0.4435330858,-0.8921968626,0.0852241763,0.0287336315,253.726201807,1066.0986733946,3.0
9307,0.0,1214.540527,-49.825989,1678.057739,-0.4435330858,-0.8921968626,0.0852241763,0.0297484484,257.3054231885,1062.8107567459,3.0
9308,0.0,1213.135498,-53.127323,1678.364624,-0.4435330858,-0.8921968626,0.0852241763,0.0306691822,260.4682669159,1059.8499503935,3.0
9309,0.0,1211.710327,-56.15694,1678.660156,-0.4435330858,-0.8921968626,0.0852241763,0.0315184136,263.2994511126,1057.0659911483,3.0
9310,0.0,1210.050415,-59.470642,1678.909546,-0.4435330858,-0.8921968626,0.0852241763,0.0324523326,266.3215887746,1053.9518789816,3.0
9311,0.0,1209.9050905,-59.7346515,1678.9345705,-0.4435330858,-0.8921968626,0.0852241763,0.0325248414,266.572553119,1053.7887588224,3.0
9312,0.0,1206.575684,-66.365913,1679.355103,-0.4435330858,-0.8921968626,0.0852241763,0.0344781989,272.7224859696,1047.6343489681,3.0
9313,0.0,1205.291016,-69.493263,1679.391602,-0.4435330858,-0.8921968626,0.0852241763,0.035438134,275.6537740798,1044.7097920248,3.0
9314,0.0,1203.352295,-73.330238,1679.553345,-0.4435330858,-0.8921968626,0.0852241763,0.0366368793,279.2065847708,1041.0368554551,3.0
9315,0.0,1201.615967,-76.554428,1679.544312,-0.4435330858,-0.8921968626,0.0852241763,0.0376513929,282.1113443358,1037.8675795223,3.0
9316,0.0,1200.164185,-79.590744,1679.405518,-0.4435330858,-0.8921968626,0.0852241763,0.0386470217,284.9422691558,1034.9538477333,3.0
9317,0.0,1198.398926,-83.457008,1679.37085,-0.4435330858,-0.8921968626,0.0852241763,0.0399699894,288.6586496995,1031.3028042148,3.0
9318,0.0,1197.104736,-86.348801,1678.955933,-0.4443579975,-0.8917863028,0.0852241763,0.0408052949,290.835312374,1028.6084229602,3.0
9319,0.0,1195.526855,-89.917953,1678.626831,-0.445139419,-0.8913965096,0.0852241763,0.0416854538,292.9270755994,1025.2411377054,3.0
9320,0.0,1194.00293,-93.338562,1678.183228,-0.4481270054,-0.8898198677,0.0860394681,0.0419827835,293.0346602784,1022.0570163647,3.0
9321,0.0,1192.369141,-96.787766,1678.179565,-0.4523730703,-0.8875723627,0.0870281919,0.0419809154,292.0977830057,1018.8115226382,3.0
9322,0.0,1190.994263,-99.875648,1677.414917,-0.4544023389,-0.886481069,0.087577558,0.0425620557,293.2642562765,1016.0236899742,3.0
9323,0.0,1189.271118,-103.565788,1677.061646,-0.4560214137,-0.8856036453,0.0880377969,0.0432821096,294.6407045488,1012.4519617141,3.0
9324,0.0,1187.80835,-106.827614,1676.81897,-0.457595962,-0.8847057243,0.0888916023,0.044022817,296.1756737312,1009.319301133,3.0
9325,0.0,1186.005493,-110.52285,1676.677612,-0.463575555,-0.8814776486,0.089971439,0.04356072,293.5792090962,1005.6447361847,3.0
9326,0.0,1185.825806,-110.863808,1676.677612,-0.4651182052,-0.8806361982,0.0902493296,0.0432709229,292.5339079737,1005.3395887198,3.0
9327,0.0,1182.840454,-116.567413,1676.724365,-0.4827981797,-0.8707268122,0.093491905,0.0400028584,279.7997011175,999.2496724675,3.0
9328,0.0,1180.818237,-120.356293,1676.623779,-0.4908298499,-0.8660910729,0.0947222879,0.0389338923,275.057723179,995.4370824243,3.0
9329,0.0,1179.020386,-123.765533,1676.727539,-0.501883942,-0.8596221722,0.0957195373,0.0368982754,266.9066957412,991.7107762182,3.0
9330,0.0,1177.609741,-126.624725,1677.338867,-0.5104362017,-0.8543837666,0.0973820485,0.0354557736,260.8831064549,988.4883818402,3.0
9331,0.0,1175.923706,-129.767883,1677.822021,-0.5236586734,-0.8460492656,0.0999111305,0.0331884175,251.578020371,984.6866367885,3.0
9332,0.0,1174.046509,-133.207397,1678.150513,-0.535044396,-0.8386313751,0.1021024535,0.0312634306,243.3066773398,980.7129447177,3.0
9333,0.0,1172.109985,-136.640274,1678.180908,-0.5423633742,-0.8336638786,0.1041465692,0.0305092783,239.3470622608,976.4166224635,3.0
9334,0.0,1170.771484,-139.416733,1678.549561,-0.5439448965,-0.8325591315,0.1047341496,0.0311545653,240.9683191045,972.9561972609,3.0
9335,0.0,1168.8927,-143.19928,1678.920654,-0.5451120173,-0.8317353916,0.1052099186,0.0320234692,243.0907986267,968.332200383,3.0
9336,0.0,1167.297119,-146.881195,1679.308105,-0.5452487506,-0.8316386918,0.1052657888,0.033235826,246.4287939632,963.8558078092,3.0
9337,0.0,1165.763428,-149.91246,1679.284546,-0.5452487506,-0.8316386918,0.1052657888,0.0342408321,249.1057722285,960.1663483377,3.0
9338,0.0,1162.283203,-156.665802,1679.095703,-0.5474100928,-0.8302176245,0.1052657888,0.0359348132,252.9970232009,952.313117213,3.0
9339,0.0,1161.4718015,-158.2085875,1679.0011595,-0.5477069597,-0.8300217308,0.1052657888,0.0233045497,202.3937848563,996.9822037868,1.5
9340,0.0,1160.6604,-159.751373,1678.906616,-0.5480038266,-0.829825837,0.1052657888,0.0106742861,151.7905465117,1041.6512903606,0.0
9341,0.0,1158.457275,-163.680145,1678.573975,-0.5484289522,-0.8295449343,0.1052657888,0.0105102688,149.9712025229,1037.1226337357,0.0
9342,0.0,1156.61731,-166.942825,1678.29187,-0.5484340341,-0.8295415746,0.1052657888,0.0103211136,148.0830617449,1033.3575352713,0.0
9343,0.0,1154.689453,-170.171265,1678.313354,-0.5484340341,-0.8295415746,0.1052657888,0.010041544,145.4361746218,1028.8455640294,0.0
9344,0.0,1150.805542,-176.590805,1677.849487,-0.5484340341,-0.8295415746,0.1052657888,0.0094510394,139.8448415357,1019.57747699,0.0
9345,0.0,1148.839966,-179.658569,1677.883667,-0.5484340341,-0.8295415746,0.1052657888,0.0091707119,137.1225464915,1014.8230752374,0.0
9346,0.0,1146.765869,-183.002411,1677.912964,-0.5484340341,-0.8295415746,0.1052657888,0.0088367196,133.9425704815,1009.763470843,0.0
9347,0.0,1145.039551,-185.299271,1678.16272,-0.5484340341,-0.8295415746,0.1052657888,0.00867659,132.2410759172,1006.0531738153,0.0
9348,0.0,1142.536621,-188.879013,1678.469849,-0.5484340341,-0.8295415746,0.1052657888,0.0085541344,130.6367261628,1000.905329661,0.0
9349,0.0,1140.386963,-192.292435,1678.45752,-0.5484340341,-0.8295415746,0.1052657888,0.0083849382,128.7123994877,996.0192947789,0.0
9350,0.0,1138.162109,-195.028336,1678.943604,-0.5470072925,-0.8304830737,0.1052657888,0.008207395,126.8074244684,991.7905305461,0.0
9351,0.0,1136.006348,-197.889603,1679.152344,-0.5445293437,-0.8321687923,0.1047993087,0.0078483683,123.4662245007,987.4094601544,0.0
9352,0.0,1133.962036,-201.212234,1679.036377,-0.5423461937,-0.8336483883,0.1043598145,0.0075113733,120.2307917439,982.7840683233,0.0
9353,0.0,1131.491089,-204.12619,1679.312256,-0.5371823752,-0.8369910581,0.1043123403,0.0071171876,116.5095492099,978.2873417944,0.0
9354,0.0,1129.5896,-206.82222,1679.279419,-0.5285907474,-0.8425489607,0.1034556459,0.0064722702,110.660982902,974.2155610769,0.0
9355,0.0,1127.268555,-210.291931,1679.046997,-0.5198580717,-0.8480790412,0.1025159746,0.0059444475,105.5296163009,969.2816336482,0.0
9356,0.0,1125.077026,-213.677124,1678.486938,-0.5059734321,-0.856560482,0.1014644108,0.0054476015,100.5246969183,964.3781966865,0.0
9357,0.0,1123.133911,-216.140869,1678.036255,-0.4814350335,-0.8708606485,0.0991062029,0.0053625062,99.3323097822,960.4497348946,0.0
9358,0.0,1120.851318,-218.853134,1677.550659,-0.4597246996,-0.8827429333,0.0970469692,0.0060177927,104.749101351,956.249136358,0.0
9359,0.0,1118.26355,-221.853073,1676.730591,-0.4263381843,-0.8996731961,0.0939355787,0.0082864753,122.2332410658,951.4609560158,0.0
9360,0.0,1116.033081,-224.110825,1676.215942,-0.4040490217,-0.9099983532,0.0929913183,0.0107299594,138.4486900948,947.639030688,0.0
9361,0.0,1110.803345,-225.783218,1675.698853,-0.3835921812,-0.918972204,0.0913626119,,,,
9362,0.0,1107.660156,-228.59465,1675.701294,-0.3600738223,-0.9285690045,0.0900358062,,,,
9363,0.0,1105.409424,-230.482239,1675.701294,-0.3476781901,-0.9334252443,0.0885279015,,,,
9364,0.0,1102.563477,-232.757339,1675.701294,-0.3366997622,-0.9375506043,0.0873620883,,,,
9365,0.0,1098.871704,-235.54184,1675.701294,-0.3316593027,-0.9393666396,0.0871345134,,,,
9366,0.0,1096.615601,-237.162231,1675.701294,-0.3316487935,-0.93937035,0.0871345134,,,,
9367,0.0,1093.05896,-239.656204,1675.701294,-0.3316487935,-0.93937035,0.0871345134,,,,
9368,0.0,1089.73645,-241.922302,1675.701294,-0.3316487935,-0.93937035,0.0871345134,,,,
9369,0.0,1086.580566,-244.01236,1675.701294,-0.3316487935,-0.93937035,0.0871345134,,,,
9370,0.0,1083.337769,-246.111176,1675.701294,-0.3316487935,-0.93937035,0.0871345134,,,,
9371,0.0,1080.20874,-248.048264,1675.701294,-0.3316487935,-0.93937035,0.0871345134,,,,
9372,0.0,1077.549805,-249.652771,1675.701294,-0.3316487935,-0.93937035,0.0871345134,,,,
9373,0.0,1073.806885,-251.87059,1675.701294,-0.3316487935,-0.93937035,0.0871345134,,,,
9374,0.0,1070.901489,-253.561569,1675.701294,-0.3316487935,-0.93937035,0.0871345134,,,,
9375,0.0,1067.349243,-255.597412,1675.701294,-0.3316487935,-0.93937035,0.0871345134,,,,
9376,0.0,1063.990967,-257.492798,1675.701294,-0.3316487935,-0.93937035,0.0871345134,,,,
9377,0.0,1060.548218,-259.418854,1675.701294,-0.3307816792,-0.9396760385,0.0871345134,,,,
9378,0.0,1057.694458,-261.004852,1675.701294,-0.3292429568,-0.9402162778,0.0871345307,,,,
9379,0.0,1054.306641,-262.870758,1675.701294,-0.3273796276,-0.9408667031,0.0871345307,,,,
9380,0.0,1047.94043,-266.365845,1675.701294,-0.3205973329,-0.9431993038,0.0871345134,,,,
9381,0.0,1046.0494995,-267.399048,1675.701294,-0.3180707264,-0.9440505713,0.0871345134,,,,
9382,0.0,1041.595947,-269.855011,1675.701294,-0.3092357736,-0.9469851176,0.0871345134,,,,
9383,0.0,1038.307373,-271.826111,1675.701172,-0.2767174383,-0.9566983522,0.0903090369,,,,
9384,0.0,1035.793945,-273.456635,1675.700928,-0.2273376319,-0.9692446347,0.0942466936,,,,
9385,0.0,1032.237061,-275.658234,1675.701172,-0.1725357732,-0.9800778396,0.0983810717,,,,
9386,0.0,1030.036255,-277.177765,1675.701172,-0.0611149017,-0.9929962646,0.1011107677,,,,
9387,0.0,1027.89856,-278.497467,1675.701172,0.0737803871,-0.9920181062,0.1022571831,,,,
9388,0.0,1025.962769,-279.265137,1675.700806,0.2490047134,-0.9629853041,0.1032276937,,,,
9389,0.0,1023.441833,-281.638672,1675.701172,0.4134863471,-0.9045336293,0.1041535126,,,,
9390,0.0,1021.506775,-283.889252,1675.701538,0.6203785232,-0.7776616857,0.1018468977,,,,
9391,0.0,1020.300171,-285.63559,1675.701538,0.860346077,-0.5000398649,0.0988168062,,,,
9392,0.0,1018.478027,-287.298157,1675.701294,0.9584465732,-0.2676943362,0.0985895972,,,,
9393,0.0,1017.254089,-288.400055,1675.703125,0.9947197056,-0.0352114613,0.0963994828,,,,
9394,0.0,1015.104919,-290.152924,1675.701416,0.9714838946,0.2177066099,0.0939301574,,,,
9395,0.0,1013.304138,-292.017822,1675.701294,0.9256418028,0.3663521093,0.094727952,,,,
9396,0.0,1011.927246,-294.084015,1675.701172,0.9116004615,0.3987359285,0.099971286,,,,
9397,0.0,1010.318237,-297.257416,1675.701294,0.9082128397,0.4060259272,0.1014513884,,,,
9398,0.0,1009.371582,-299.694458,1675.701294,0.9082128397,0.4060259272,0.1014513884,,,,
9399,0.0,1008.503296,-302.742798,1675.701294,0.9082128397,0.4060259272,0.1014513884,,,,
9400,0.0,1007.733887,-305.902618,1675.701294,0.9082128397,0.4060259272,0.1014513884,,,,
9401,0.0,1007.28595,-308.562042,1675.701294,0.9082128397,0.4060259272,0.1014513884,,,,
9402,0.0,1006.999878,-311.693298,1675.701294,0.9082128397,0.4060259272,0.1014513884,,,,
9403,0.0,1006.855835,-314.943542,1675.701294,0.9082128397,0.4060259272,0.1014513884,,,,
9404,0.0,1006.879028,-318.208649,1675.701294,0.9082128397,0.4060259272,0.1014513884,,,,
9405,0.0,1007.053284,-321.553406,1675.701294,0.9082128397,0.4060259272,0.1014513884,,,,
9406,0.0,1007.395447,-323.683228,1675.701294,0.9082128397,0.4060259272,0.1014513884,,,,
9407,0.0,1008.134216,-327.513519,1675.701294,0.9082128397,0.4060259272,0.1014513884,,,,
9408,0.0,1009.103882,-330.503754,1675.701294,0.9082128397,0.4060259272,0.1014513884,,,,
9409,0.0,1010.267822,-333.215851,1675.701294,0.908086437,0.407008365,0.0986063576,,,,
9410,0.0,1011.429321,-335.610779,1675.701416,0.9011752772,0.4265505201,0.0770569503,,,,
9411,0.0,1012.519836,-337.698151,1675.701416,0.8834526598,0.4633704627,0.0692763461,,,,
9412,0.0,1013.969299,-340.20929,1675.701294,0.8494141872,0.5237965532,0.0642861531,,,,
9413,0.0,1015.068909,-342.142242,1675.701416,0.7894994355,0.6109117269,0.0589703585,,,,
9414,0.0,1017.062134,-343.756744,1675.701416,0.7275818685,0.6837535321,0.0557290943,,,,
9415,0.0,1018.542664,-344.751404,1675.701538,0.6859995683,0.725566396,0.0543874733,,,,
9416,0.0,1021.27594,-346.539337,1675.701416,0.6306000999,0.774309361,0.0528065086,,,,
9417,0.0,1023.829834,-347.932037,1675.701294,0.5890647141,0.8063714447,0.0526104146,,,,
9418,0.0,1026.383057,-349.044922,1675.701294,0.5492385315,0.834066182,0.0516782301,,,,
9419,0.0,1028.264038,-349.726715,1675.701294,0.5325343221,0.8448308506,0.0516529741,,,,
9420,0.0,1031.576904,-350.854767,1675.701294,0.511687911,0.8576173099,0.0516529915,,,,
9421,0.0,1034.609253,-351.632507,1675.701294,0.4935867124,0.8681613478,0.0516529915,,,,
9422,0.0,1037.513184,-352.195892,1675.701294,0.4809553409,0.8752222177,0.0516529741,,,,
9423,0.0,1043.145142,-352.867218,1675.701294,0.4587321492,0.8869158318,0.0542689836,,,,
9424,0.0,1045.955444,-353.007416,1675.701294,0.4423691676,0.8951279806,0.0552758339,,,,
9425,0.0,1049.240967,-353.029236,1675.701294,0.4191942145,0.9060988932,0.0571052203,,,,
9426,0.0,1051.721313,-352.915161,1675.701172,0.4002703534,0.9145265121,0.0585226707,,,,
9427,0.0,1055.970581,-352.637543,1675.701294,0.3765645745,0.9244302409,0.0602316433,,,,
9428,0.0,1059.173706,-352.273895,1675.701294,0.3579313004,0.9317404895,0.0611951344,,,,
9429,0.0,1062.100952,-351.868408,1675.701294,0.3464849024,0.936055397,0.0612250455,,,,
9430,0.0,1065.19165,-351.320587,1675.701294,0.3355120845,0.9400732666,0.0607774183,,,,
9431,0.0,1068.364868,-350.719482,1675.701294,0.327191545,0.9430271494,0.0603778796,,,,
9432,0.0,1072.216675,-349.891205,1675.701294,0.309020707,0.9492543172,0.0585016581,,,,
9433,0.0,1075.395264,-349.0896,1675.701294,0.2931155325,0.9544473376,0.0557993216,,,,
9434,0.0,1078.945557,-348.078522,1675.701294,0.2799886141,0.9585023953,0.0536612916,,,,
9435,0.0,1081.741333,-347.22934,1675.701294,0.2731811554,0.9605460854,0.0521849998,,,,
9436,0.0,1084.892822,-346.277649,1675.701294,0.2673800633,0.9622459172,0.0508988856,,,,
9437,0.0,1087.957031,-345.298584,1675.701294,0.2644247108,0.9631173334,0.0498455047,,,,
9438,0.0,1091.008545,-344.27121,1675.701294,0.2618970091,0.9638616783,0.048791615,,,,
9439,0.0,1093.610107,-343.361847,1675.701294,0.2618817398,0.9639125253,0.0478601926,,,,
9440,0.0,1095.753906,-342.586365,1675.701294,0.2619014031,0.9639849005,0.0462684207,,,,
9441,0.0,1097.89563,-341.777069,1675.701294,0.2619349374,0.9641088627,0.0434072517,,,,
9442,0.0,1100.506836,-340.805573,1675.701294,0.2619682551,0.9642314957,0.0403764289,,,,
9443,0.0,1102.575806,-340.008453,1675.701294,0.2619899492,0.9643108136,0.038287352,,,,
9444,0.0,1104.261353,-339.257843,1675.701294,0.2620083048,0.9643783754,0.0364142464,,,,
9445,0.0,1105.61438,-338.568054,1674.619141,0.2620317284,0.9644640586,0.0338888338,,,,
9446,0.0,1106.921753,-337.774902,1673.002686,0.2615941684,0.9646779744,0.0310627881,,,,
9447,0.0,1108.168579,-336.974304,1671.663818,0.2611716333,0.9648631993,0.0287816703,,,,
9448,0.0,1109.197388,-336.194916,1670.29187,0.2568864814,0.9661036061,0.0255569531,,,,
9449,0.0,1110.142578,-335.355011,1668.896606,0.2523088757,0.9673914014,0.0222285324,,,,
9450,0.0,1111.008545,-334.527832,1667.565918,0.2459249573,0.9690933437,0.0194680924,,,,
9451,0.0,1111.85498,-333.59201,1666.15686,0.2389491917,0.970890398,0.0165867089,,,,
9452,0.0,1112.766846,-332.526672,1664.606445,0.233510806,0.9722483916,0.0143446309,,,,
9453,0.0,1113.460083,-331.613464,1663.341675,0.22932223,0.9732687429,0.0126201757,,,,
9454,0.0,1114.28772,-330.466675,1662.03125,0.2260054764,0.9740588364,0.0114415006,,,,
9455,0.0,1114.89856,-329.530396,1662.03125,0.2219837637,0.974992714,0.0106026591,,,,
9456,0.0,1115.628174,-328.337128,1662.03125,0.2177768663,0.9759600473,0.0086730955,,,,
9457,0.0,1116.196167,-327.303192,1662.03125,0.2134479789,0.9769247952,0.0076095272,,,,
9458,0.0,1116.788208,-326.208069,1662.03125,0.2098873483,0.9777019307,0.0067996806,,,,
9459,0.0,1117.442139,-324.906525,1662.03125,0.2056699538,0.9786045527,0.0057445277,,,,
9460,0.0,1118.025024,-323.625793,1663.429199,0.1997266344,0.9798403693,0.0047034181,,,,
9461,0.0,1118.374634,-322.693573,1664.716064,0.1889632504,0.9819749109,0.0042619764,,,,
9462,0.0,1117.918945,-316.850708,1666.248657,0.1760709766,0.9843703709,0.0037395337,,,,
9463,0.0,1117.980591,-315.618805,1667.608154,0.1459001363,0.9892778577,0.0065169435,,,,
9464,0.0,1117.962036,-314.909973,1668.555786,0.0930192394,0.9955940909,0.0118248537,,,,
9465,0.0,1118.139038,-313.02771,1670.308105,-0.0085067751,0.9997221598,0.0219826756,,,,
9466,0.0,1117.756958,-311.632629,1671.835205,-0.199247619,0.9793881074,0.0331560157,,,,
9467,0.0,1116.471436,-310.869324,1673.042236,-0.3544672232,0.9343506495,0.0366312903,,,,
9468,0.0,1113.251587,-309.813507,1674.719116,-0.6989294481,0.7138656307,0.0435142265,,,,
9469,0.0,1111.271729,-310.356903,1674.598511,-0.8499888126,0.5247364172,0.0465908887,,,,
9470,0.0,1109.745239,-311.341858,1674.55188,-0.9546037769,0.2937647475,0.0493345955,,,,
9471,0.0,1109.524353,-311.765854,1674.678833,-0.9711455203,0.2197084309,0.0532125721,,,,
9472,0.0,1109.410156,-312.106567,1674.822754,-0.9883315765,0.1410896797,0.0573968395,,,,
9473,0.0,1109.260132,-312.05545,1675.421509,-0.9883315765,0.1410896797,0.0573968395,,,,
9474,0.0,1108.293213,-312.105774,1675.62439,-0.9883315765,0.1410896797,0.0573968395,,,,
9475,0.0,1107.433472,-312.258545,1674.795532,-0.9883315765,0.1410896797,0.0573968395,,,,
9476,0.0,1106.103882,-312.718842,1674.183594,-0.9883315765,0.1410896797,0.0573968395,,,,
9477,0.0,1105.342651,-313.389465,1673.785156,-0.9883315765,0.1410896797,0.0573968395,,,,
9478,0.0,1103.873291,-314.228882,1673.666504,-0.9883315765,0.1410896797,0.0573968395,,,,
9479,0.0,1102.514526,-314.993195,1673.669067,-0.9883315765,0.1410896797,0.0573968395,,,,
9480,0.0,1100.266357,-316.240051,1673.770874,-0.9883315765,0.1410896797,0.0573968395,,,,
9481,0.0,1099.057251,-317.075806,1673.879639,-0.9883315765,0.1410896797,0.0573968395,,,,
9482,0.0,1097.444214,-318.320709,1674.107422,-0.9883315765,0.1410896797,0.0573968395,,,,
9483,0.0,1095.320801,-320.074554,1674.358887,-0.9883315765,0.1410896797,0.0573968395,,,,
9484,0.0,1093.957031,-321.215485,1674.503052,-0.9883315765,0.1410896797,0.0573968395,,,,
9485,0.0,1092.264038,-322.547577,1674.632202,-0.9883315765,0.1410896797,0.0573968395,,,,
9486,0.0,1089.520142,-324.66571,1674.694824,-0.9883315765,0.1410896797,0.0573968395,,,,
9487,0.0,1087.681641,-326.11087,1674.723999,-0.9874642406,0.148589098,0.0532508542,,,,
9488,0.0,1085.685303,-327.571808,1674.669922,-0.9842176355,0.1699062383,0.0494723779,,,,
9489,0.0,1083.531128,-329.124115,1674.57605,-0.9823135496,0.18077766,0.0487804059,,,,
9490,0.0,1081.253418,-330.838013,1674.458862,-0.9819351273,0.182821984,0.0487804059,,,,
9491,0.0,1078.191528,-333.20166,1674.349609,-0.9829117345,0.1772339327,0.0497258015,,,,
9492,0.0,1075.880127,-334.946594,1674.408569,-0.9841263992,0.1695895755,0.0522934634,,,,
9493,0.0,1073.550659,-336.746429,1674.289551,-0.9860677628,0.1567722179,0.055613297,,,,
9494,0.0,1071.203735,-338.88736,1674.394653,-0.9900265408,0.1264997946,0.0620100836,,,,
9495,0.0,1068.946045,-341.49823,1674.58667,-0.9948407252,0.0701512578,0.0732852814,,,,
9496,0.0,1066.60437,-344.279572,1674.684937,-0.9961314851,-0.0112642538,0.0871503354,,,,
9497,0.0,1063.560425,-348.821136,1674.611328,-0.9694125014,-0.2180300457,0.1127044868,,,,
9498,0.0,1061.543335,-352.968201,1674.302124,-0.9155099253,-0.3798677851,0.1324463761,,,,
9499,0.0,1059.646362,-357.03595,1674.39209,-0.8462844042,-0.512340102,0.145980571,,,,
9500,0.0,1057.839722,-360.358276,1674.391724,-0.7517768264,-0.6397092262,0.1600115909,,,,
9501,0.0,1056.458496,-363.292206,1674.390747,-0.6910042926,-0.7032426163,0.1672210817,,,,
9502,0.0,1055.714355,-366.227051,1674.384155,-0.650744364,-0.7398476381,0.1707549271,,,,
9503,0.0,1054.71936,-370.576111,1674.403687,-0.623369457,-0.762716091,0.1722634161,,,,
9504,0.0,1054.321411,-373.873352,1673.123413,-0.6125848837,-0.7713189344,0.1726466384,,,,
9505,0.0,1053.426025,-377.497284,1672.639282,-0.6093998919,-0.7736602139,0.1734406099,,,,
9506,0.0,1052.367432,-380.446503,1672.159912,-0.6093058106,-0.7735407734,0.1743017527,,,,
9507,0.0,1051.147583,-383.439331,1671.81189,-0.6083704498,-0.7740787468,0.1751784507,,,,
9508,0.0,1049.741821,-386.53717,1671.377808,-0.6033971131,-0.7777348151,0.1761830903,,,,
9509,0.0,1045.721436,-391.797791,1671.741577,-0.5892976169,-0.7881818217,0.1774760115,,,,
9510,0.0,1043.890869,-393.488617,1672.177124,-0.5830687063,-0.7928008333,0.1774759772,,,,
9511,0.0,1042.22998,-395.0383,1672.70874,-0.5763369453,-0.7976462037,0.1777533661,,,,
9512,0.0,1039.780029,-396.766479,1673.40918,-0.5684911582,-0.8031556798,0.1782098678,,,,
9513,0.0,1037.9869385,-397.683609,1674.1450805,-0.560499235,-0.8086718612,0.178314661,,,,
9514,0.0,1036.193848,-398.600739,1674.880981,-0.5525073119,-0.8141880426,0.1784194541,,,,
9515,0.0,1031.217651,-401.011536,1676.275269,-0.5307442683,-0.8283354018,0.1793627156,,,,
9516,0.0,1028.268188,-402.580322,1676.867554,-0.5177185376,-0.8363789161,0.1801050375,,,,
9517,0.0,1026.086182,-403.883881,1677.19458,-0.5074832275,-0.8427200132,0.1796768019,,,,
9518,0.0,1022.836853,-405.614075,1677.648315,-0.4966114262,-0.8493642004,0.1787667376,,,,
9519,0.0,1019.62561,-407.410645,1677.93811,-0.4822874278,-0.8577570775,0.1779090585,,,,
9520,0.0,1016.536621,-409.182709,1677.985596,-0.4591364716,-0.8705812984,0.1768669087,,,,
9521,0.0,1013.598816,-410.770599,1677.715576,-0.4311371998,-0.884966065,0.175942544,,,,
9522,0.0,1010.064697,-412.720093,1677.38623,-0.3896069045,-0.9043450567,0.1742598012,,,,
9523,0.0,1007.018311,-414.406586,1677.346436,-0.3612197493,-0.9162929792,0.1729955748,,,,
9524,0.0,1004.051697,-416.087189,1676.808228,-0.3402765944,-0.9245899325,0.1713046874,,,,
9525,0.0,1001.12561,-417.606384,1676.611084,-0.327717103,-0.9294537928,0.1694613449,,,,
9526,0.0,998.017212,-419.142609,1676.460449,-0.3211096348,-0.9319685702,0.1682949393,,,,
9527,0.0,995.005554,-420.643921,1676.685547,-0.3167019301,-0.9336345876,0.1674107057,,,,
9528,0.0,992.747559,-422.020294,1676.517456,-0.3116983913,-0.9354766053,0.1665161666,,,,
9529,0.0,990.014221,-424.067139,1676.815796,-0.3061101231,-0.9374818477,0.1656030732,,,,
9530,0.0,986.998047,-426.606354,1676.995972,-0.3004165085,-0.939695782,0.1634679134,,,,
9531,0.0,985.416443,-428.503876,1676.991821,-0.2988387763,-0.9404713613,0.1618919525,,,,
9532,0.0,984.128418,-430.52121,1676.836548,-0.297464086,-0.9411675014,0.1603709821,,,,
9533,0.0,982.810608,-432.977386,1676.665771,-0.2963150168,-0.9417453295,0.1591010532,,,,
9534,0.0,981.379395,-436.24292,1676.380127,-0.2947057328,-0.9427786381,0.1559389961,,,,
9535,0.0,980.739807,-438.45575,1676.104248,-0.2936684399,-0.9434973666,0.1535303446,,,,
9536,0.0,980.038269,-441.013306,1675.863403,-0.2922672275,-0.9443424474,0.150987449,,,,
9537,0.0,979.656189,-444.386261,1675.639771,-0.2909565188,-0.9453296233,0.1472963252,,,,
9538,0.0,979.497803,-446.650055,1675.337036,-0.2909947349,-0.9455590346,0.1457400986,,,,
9539,0.0,979.486572,-449.459717,1675.332764,-0.2910775592,-0.9458272832,0.143821434,,,,
9540,0.0,979.613892,-452.309265,1675.326904,-0.2918411087,-0.9459778664,0.1412609059,,,,
9541,0.0,979.804993,-454.913025,1675.814087,-0.2943778313,-0.9456424887,0.1382098984,,,,
9542,0.0,980.265198,-458.892242,1675.742554,-0.2993256224,-0.9448025308,0.1332379431,,,,
9543,0.0,980.723999,-461.930939,1675.913818,-0.3038225786,-0.9438844847,0.1295141705,,,,
9544,0.0,981.225769,-464.996887,1676.630005,-0.3082357157,-0.9429391807,0.125922377,,,,
9545,0.0,981.731812,-467.507629,1676.941406,-0.3114911955,-0.9421925505,0.1234764466,,,,
9546,0.0,982.609558,-470.772217,1677.171875,-0.3143882721,-0.9415053378,0.1213577905,,,,
9547,0.0,984.039856,-475.151764,1677.379028,-0.3182234326,-0.940558243,0.1186761916,,,,
9548,0.0,984.809875,-477.57666,1677.304565,-0.3202410443,-0.9400308312,0.1174210795,,,,
9549,0.0,987.037292,-484.350067,1676.931885,-0.3273001739,-0.938010566,0.114064781,,,,
9550,0.0,987.8553465,-486.5584565,1676.7468875,-0.3323200233,-0.9364639081,0.1121040384,,,,
9551,0.0,989.546997,-491.1539,1676.880249,-0.3401758686,-0.9339811713,0.1093597276,,,,
9552,0.0,990.820984,-494.387512,1676.436035,-0.3417827414,-0.9334272335,0.1090786758,,,,
9553,0.0,991.817871,-496.854355,1676.2060545,-0.342422005,-0.9332477028,0.1086058521,,,,
9554,0.0,992.814758,-499.321198,1675.976074,-0.3430612687,-0.9330681722,0.1081330284,,,,
9555,0.0,995.254089,-505.486603,1675.55481,-0.3483314464,-0.9313768575,0.105841168,,,,
9556,0.0,996.996216,-509.79306,1675.4198,-0.3535849088,-0.9296568862,0.1035170814,,,,
9557,0.0,998.136536,-512.593079,1675.108765,-0.3545984701,-0.9292883771,0.1033587786,,,,
9558,0.0,999.567383,-516.158691,1674.839966,-0.3548677534,-0.9292335439,0.1029266657,,,,
9559,0.0,1001.246582,-520.162231,1674.897583,-0.3548863557,-0.9292830333,0.102414445,,,,
9560,0.0,1002.02948,-522.599365,1674.508789,-0.3563111018,-0.9288993885,0.1009372319,,,,
9561,0.0,1003.229797,-525.721558,1673.438843,-0.357643478,-0.9287137696,0.0978870612,,,,
9562,0.0,1003.972351,-527.675598,1672.345337,-0.3584639091,-0.9288215527,0.0937771247,,,,
9563,0.0,1004.74646,-529.700989,1670.929932,-0.3605780488,-0.9287776683,0.0857642907,,,,
9564,0.0,1005.811951,-532.141907,1669.367432,-0.3654018874,-0.9279626058,0.0732588759,,,,
9565,0.0,1006.438049,-533.472046,1667.845459,-0.3681119999,-0.9273603424,0.0670548347,,,,
9566,0.0,1007.287781,-534.587585,1665.167725,-0.3710648503,-0.9266748312,0.0598718136,,,,
9567,0.0,1008.443298,-535.85083,1663.935425,-0.3722570583,-0.9265214504,0.0546139592,,,,
9568,0.0,1009.16748,-536.745789,1663.451782,-0.3723407666,-0.9266816384,0.0512200605,,,,
9569,0.0,1010.219116,-537.679199,1662.651123,-0.3716938959,-0.9272952864,0.0443519952,,,,
9570,0.0,1010.901917,-538.957275,1662.486328,-0.3710372551,-0.9277906672,0.0391897075,,,,
9571,0.0,1011.218018,-539.729065,1662.486328,-0.3705573165,-0.9280817154,0.0367641774,,,,
9572,0.0,1012.256287,-541.104553,1662.023804,-0.3655805566,-0.9304018453,0.026519106,,,,
9573,0.0,1012.804871,-542.427124,1662.035278,-0.3616582047,-0.9320808023,0.0207055777,,,,
9574,0.0,1013.306824,-543.171204,1661.95874,-0.3605585104,-0.9325620254,0.0180452014,,,,
9575,0.0,1013.876282,-544.309875,1661.959106,-0.365170131,-0.9308029892,0.0160178247,,,,
9576,0.0,1014.342102,-545.169983,1661.946289,-0.3691546975,-0.9292455583,0.0150831568,,,,
9577,0.0,1015.087585,-546.233032,1661.843018,-0.3701717323,-0.9288599925,0.0138565109,,,,
9578,0.0,1015.667236,-547.430359,1661.799683,-0.3700358138,-0.9289163287,0.0137095158,,,,
9579,0.0,1016.070374,-548.298584,1661.81604,-0.3700358138,-0.9289163287,0.0137095158,,,,
9580,0.0,1016.712891,-549.478882,1661.9021,-0.3700440299,-0.9289369538,0.0119813114,,,,
9581,0.0,1017.049011,-550.165039,1661.990601,-0.3694498526,-0.929208781,0.0088231358,,,,
9582,0.0,1017.668823,-551.652527,1662.030273,-0.3684666795,-0.9296325466,0.0039540331,,,,
9583,0.0,1018.240845,-553.093018,1662.157715,-0.368288872,-0.9297112319,-0.0005762728,,,,
9584,0.0,1018.576416,-553.928955,1662.228394,-0.3682883729,-0.9297106828,-0.0013117367,,,,
9585,0.0,1019.131226,-555.533325,1662.387329,-0.3521966067,-0.9359253643,0.0011236776,,,,
9586,0.0,1019.279114,-555.878235,1662.387329,-0.3492268751,-0.9370367833,0.0016298575,,,,
9587,0.0,1019.749939,-558.66272,1663.018188,-0.3492268751,-0.9370367833,0.0016298575,,,,
9588,0.0,1020.267273,-560.16394,1662.977417,-0.3468967719,-0.9379018996,0.0016298575,,,,
9589,0.0,1021.254517,-562.896973,1662.88269,-0.3219140755,-0.9467586751,-0.0043976221,,,,
9590,0.0,1021.583374,-564.432007,1662.685669,-0.3127601996,-0.949808958,-0.0066333195,,,,
9591,0.0,1021.995728,-566.472046,1662.453613,-0.3049596521,-0.9523267848,-0.0085618698,,,,
9592,0.0,1022.521423,-567.623962,1662.467285,-0.3039128445,-0.9526590081,-0.0088202735,,,,
9593,0.0,1022.923035,-569.011353,1662.289795,-0.3039128445,-0.9526590081,-0.0088202735,,,,
9594,0.0,1023.303101,-570.51947,1662.116333,-0.3219638435,-0.9466684612,-0.0125741027,,,,
9595,0.0,1023.637268,-571.464417,1662.042969,-0.3246476025,-0.9457438468,-0.0131343245,,,,
9596,0.0,1024.207886,-572.97998,1661.924438,-0.3246476025,-0.9457438468,-0.0131343245,,,,
9597,0.0,1024.793701,-574.628784,1661.884644,-0.3246476025,-0.9457438468,-0.0131343245,,,,
9598,0.0,1025.252686,-575.815002,1661.89502,-0.3246440127,-0.9457325832,-0.014005216,,,,
9599,0.0,1025.754395,-577.172607,1661.934326,-0.3254994363,-0.9454371991,-0.0140932417,,,,
9600,0.0,1026.25769,-578.223633,1661.932617,-0.3255474553,-0.9454134879,-0.0145667881,,,,
9601,0.0,1026.3240355,-578.385895,1661.9851685,-0.3255472628,-0.9454127146,-0.0146210708,,,,
9602,0.0,1027.240845,-580.600159,1662.312744,-0.3255453648,-0.9454066131,-0.0150516223,,,,
9603,0.0,1027.913086,-581.966736,1662.453613,-0.3255453648,-0.9454066131,-0.0150516223,,,,
9604,0.0,1028.294434,-582.827942,1662.758057,-0.3584098965,-0.9335574279,0.0035881449,,,,
9605,0.0,1028.792358,-583.644775,1663.014893,-0.3618565367,-0.9322172096,0.0055606602,,,,
9606,0.0,1029.331665,-585.102844,1662.822266,-0.3627108986,-0.9318851233,0.0055606602,,,,
9607,0.0,1029.961792,-585.848511,1663.335938,-0.3643583436,-0.9312422224,0.0055606427,,,,
9608,0.0,1030.477783,-586.904785,1663.341919,-0.3654076814,-0.9308309758,0.0055606602,,,,
9609,0.0,1031.180176,-587.969055,1663.550171,-0.3663103357,-0.9304761238,0.0055606602,,,,
9610,0.0,1031.876953,-588.542969,1663.805786,-0.369305846,-0.9292884577,0.0060128674,,,,
9611,0.0,1032.425171,-589.294617,1663.825928,-0.3720677745,-0.9281832808,0.0064318256,,,,
9612,0.0,1032.896484,-590.592041,1663.700684,-0.3836375895,-0.923460718,0.0065193694,,,,
9613,0.0,1033.566772,-590.952759,1663.525879,-0.4086917968,-0.9126428629,0.0073498295,,,,
9614,0.0,1034.080444,-591.836853,1663.354004,-0.4377781159,-0.8990519448,0.0074780902,,,,
9615,0.0,1034.696289,-592.843872,1663.1698,-0.4435139554,-0.8962362688,0.0074780902,,,,
9616,0.0,1035.098877,-593.873535,1663.197021,-0.4435942767,-0.8961965163,0.0074780902,,,,
9617,0.0,1035.680908,-594.949402,1663.016724,-0.4435942767,-0.8961965163,0.0074780902,,,,
9618,0.0,1036.351074,-595.830627,1662.625244,-0.4435942767,-0.8961965163,0.0074780902,,,,
9619,0.0,1036.918213,-596.859985,1662.46521,-0.4435942767,-0.8961965163,0.0074780902,,,,
9620,0.0,1037.417114,-597.746887,1662.352783,-0.4435942767,-0.8961965163,0.0074780902,,,,
9621,0.0,1038.049561,-598.809631,1662.230469,-0.4435942767,-0.8961965163,0.0074780902,,,,
9622,0.0,1038.458008,-599.827454,1662.224487,-0.4428137659,-0.8965824262,0.0074780902,,,,
9623,0.0,1039.000244,-600.868896,1662.170776,-0.4420550241,-0.8969567625,0.0074780902,,,,
9624,0.0,1039.611206,-601.925049,1662.098877,-0.4397117998,-0.8981007557,0.0082804455,,,,
9625,0.0,1040.109009,-603.003113,1662.041138,-0.4378310156,-0.8990097338,0.0092466401,,,,
9626,0.0,1040.621094,-604.132019,1661.966553,-0.4375627217,-0.8991388042,0.0093954927,,,,
9627,0.0,1041.09314,-605.293518,1661.9729,-0.4375627217,-0.8991388042,0.0093954927,,,,
9628,0.0,1041.583618,-606.541443,1662.004272,-0.4375627217,-0.8991388042,0.0093954927,,,,
9629,0.0,1041.994385,-607.878235,1662.163696,-0.4375627217,-0.8991388042,0.0093954927,,,,
9630,0.0,1041.572144,-612.481384,1664.049927,-0.4375627217,-0.8991388042,0.0093954927,,,,
9631,0.0,1041.7622685,-613.2524415,1664.0491945,-0.4375627217,-0.8991388042,0.0093954927,,,,
9632,0.0,1041.974609,-615.391052,1665.047241,-0.4375599309,-0.8991327505,0.0100798737,,,,
9633,0.0,1042.682495,-617.915833,1666.553833,-0.4375551699,-0.8991229671,0.0111069074,,,,
9634,0.0,1043.20282,-618.8655705,1667.3674925,-0.436690895,-0.8995149132,0.013016728,,,,
9635,0.0,1044.404907,-621.232422,1669.348145,-0.4343658557,-0.9005544694,0.018109419,,,,
9636,0.0,1045.311157,-623.008362,1670.843262,-0.4324851887,-0.9013479369,0.0229882197,,,,
9637,0.0,1046.130859,-624.502197,1672.269531,-0.4318086833,-0.90160737,0.0254049494,,,,
9638,0.0,1046.983032,-626.108887,1673.753052,-0.4313293362,-0.9017775132,0.027428458,,,,
9639,0.0,1047.466064,-627.320801,1674.902832,-0.4343907302,-0.9002350322,0.0296914181,,,,
9640,0.0,1047.657593,-628.853638,1676.451782,-0.4420372072,-0.8964485311,0.0313550407,,,,
9641,0.0,1047.809204,-629.922852,1676.819336,-0.4501918843,-0.8923444037,0.0323841397,,,,
9642,0.0,1047.703491,-631.264404,1676.411499,-0.4574867063,-0.888592887,0.0332955649,,,,
9643,0.0,1047.700806,-632.553406,1676.523926,-0.4667548922,-0.8837190504,0.0343585598,,,,
9644,0.0,1047.408325,-633.475403,1676.454102,-0.4799093641,-0.8765450751,0.0368202866,,,,
9645,0.0,1047.099976,-634.945374,1676.716431,-0.4942539782,-0.868416585,0.0395681676,,,,
9646,0.0,1046.622925,-636.492554,1677.095947,-0.5150505969,-0.8560578451,0.0434493791,,,,
9647,0.0,1046.137817,-637.830139,1677.257324,-0.5323478946,-0.8452359032,0.0467117432,,,,
9648,0.0,1045.231812,-639.886719,1677.356079,-0.5522865046,-0.8320688447,0.0513911912,,,,
9649,0.0,1044.576904,-641.511597,1677.4021,-0.5597825076,-0.8269286406,0.0532218706,,,,
9650,0.0,1043.665649,-643.528259,1677.32959,-0.5687027117,-0.8206968808,0.0550804457,,,,
9651,0.0,1042.574951,-646.02417,1677.400635,-0.5733854486,-0.8173481035,0.0563134538,,,,
9652,0.0,1041.404541,-648.159241,1677.392212,-0.5756003458,-0.8157811029,0.0564396495,,,,
9653,0.0,1039.847534,-650.914734,1677.354736,-0.577552042,-0.8144005174,0.056439667,,,,
9654,0.0,1038.112549,-653.332581,1677.30249,-0.5825484659,-0.8107740577,0.057294958,,,,
9655,0.0,1036.773193,-655.52655,1677.39209,-0.5895649935,-0.8055738411,0.0588549487,,,,
9656,0.0,1035.095947,-658.386963,1677.460938,-0.5996950693,-0.7979094807,0.0608792613,,,,
9657,0.0,1033.752197,-661.126038,1677.487305,-0.6103079765,-0.789725011,0.0621174757,,,,
9658,0.0,1032.390991,-664.226013,1677.254883,-0.618340327,-0.7833864265,0.0629360534,,,,
9659,0.0,1031.101929,-667.355774,1676.946289,-0.6327656345,-0.771644632,0.0645926752,,,,
9660,0.0,1029.990356,-670.671265,1676.815186,-0.6479703622,-0.7588824702,0.0650523337,,,,
9661,0.0,1029.330688,-672.793762,1676.718994,-0.6603014562,-0.7481779072,0.0650523337,,,,
9662,0.0,1028.568848,-676.499268,1676.629517,-0.6762308701,-0.7338119663,0.0650523511,,,,
9663,0.0,1027.731567,-679.881226,1676.605591,-0.6894788474,-0.7212923061,0.0660024864,,,,
9664,0.0,1027.084473,-682.631531,1676.506348,-0.6995026548,-0.7115749051,0.0660090171,,,,
9665,0.0,1026.461792,-685.739929,1676.715942,-0.7103397727,-0.7006690659,0.0669347995,,,,
9666,0.0,1025.785156,-689.36322,1676.868774,-0.7194626387,-0.6912066864,0.0678736188,,,,
9667,0.0,1025.282227,-692.733276,1677.361938,-0.7270317891,-0.6832359435,0.0679221837,,,,
9668,0.0,1024.771606,-696.134399,1677.605591,-0.7340603752,-0.675594124,0.0687600552,,,,
9669,0.0,1024.22229,-700.056763,1677.838257,-0.7393824576,-0.6697531716,0.0688786651,,,,
9670,0.0,1023.714783,-703.559814,1677.972778,-0.7420314437,-0.6668171141,0.0688786825,,,,
9671,0.0,1023.130859,-707.048706,1678.008911,-0.7439328144,-0.664595777,0.0698313747,,,,
9672,0.0,1022.680603,-709.648193,1678.018188,-0.7450740127,-0.6633157425,0.0698351006,,,,
9673,0.0,1022.028503,-714.033081,1678.06543,-0.746478312,-0.6617349835,0.0698351006,,,,
9674,0.0,1021.550232,-716.86322,1678.003662,-0.7479479926,-0.660073374,0.0698351006,,,,
9675,0.0,1021.333862,-717.512939,1678.056763,-0.7484204841,-0.659537592,0.069835118,,,,
9676,0.0,1021.226257,-717.482483,1678.082886,-0.7484204841,-0.659537592,0.069835118,,,,
9677,0.0,1020.362915,-726.375549,1676.759644,-0.7474256663,-0.6605672739,0.0707513255,,,,
9678,0.0,1019.849487,-730.7323,1676.385254,-0.7471145902,-0.6608872268,0.071048312,,,,
9679,0.0,1019.258118,-735.299438,1676.10376,-0.746784359,-0.661226398,0.0713636584,,,,
9680,0.0,1018.735474,-739.892151,1675.92688,-0.7464149117,-0.6616053139,0.0717160253,,,,
9681,0.0,1018.274841,-743.890747,1675.870972,-0.7450277334,-0.6629569973,0.0736321683,,,,
9682,0.0,1017.859009,-746.602173,1676.089111,-0.7445330325,-0.6635094119,0.0736601918,,,,
9683,0.0,1017.373413,-750.615662,1676.336426,-0.7443715108,-0.6636906152,0.0736601744,,,,
9684,0.0,1016.910339,-753.876831,1676.719849,-0.7446553101,-0.663372179,0.0736601744,,,,
9685,0.0,1015.855042,-761.03949,1677.442871,-0.747619945,-0.6599546035,0.074325898,,,,
9686,0.0,1015.5533145,-763.288208,1677.562195,-0.7497604774,-0.6574972562,0.0744710891,,,,
9687,0.0,1014.876892,-768.120728,1677.866577,-0.7532365891,-0.6535036757,0.0746162628,,,,
9688,0.0,1014.5632325,-770.5196535,1677.8552855,-0.7538212728,-0.6528285414,0.0746162628,,,,
9689,0.0,1014.249573,-772.918579,1677.843994,-0.7544059564,-0.652153407,0.0746162628,,,,
9690,0.0,1013.282959,-778.900818,1677.413574,-0.7544106449,-0.6521479814,0.0746162802,,,,
9691,0.0,1012.769409,-783.413086,1676.898438,-0.7544106449,-0.6521479814,0.0746162802,,,,
9692,0.0,1012.528931,-787.054993,1676.954834,-0.7544106449,-0.6521479814,0.0746162802,,,,
9693,0.0,1012.161499,-790.430481,1676.541382,-0.7559507896,-0.6503620641,0.0746162802,,,,
9694,0.0,1011.786926,-794.152527,1675.77478,-0.7623590846,-0.6427277828,0.0755620493,,,,
9695,0.0,1011.552429,-796.714539,1675.582153,-0.7660729943,-0.6382272515,0.0761455374,,,,
9696,0.0,1011.035461,-801.302612,1675.074829,-0.7828121377,-0.6173289302,0.0781674421,,,,
9697,0.0,1010.517456,-804.652222,1674.861816,-0.8098418832,-0.5812641308,0.0792977581,,,,
9698,0.0,1009.940063,-807.503113,1674.578247,-0.8465422071,-0.5262449646,0.0802030474,,,,
9699,0.0,1009.402771,-810.248291,1674.428223,-0.8743446923,-0.4786073682,0.0803513913,,,,
9700,0.0,1008.713806,-814.156006,1674.358276,-0.9026772276,-0.4225823933,0.0812277269,,,,
9701,0.0,1008.184021,-817.016235,1674.534424,-0.9172931296,-0.3896729004,0.0820264902,,,,
9702,0.0,1007.427856,-820.953491,1674.530029,-0.929763441,-0.3586598686,0.0830845499,,,,
9703,0.0,1006.737061,-824.256897,1674.804199,-0.9362419413,-0.3411770713,0.0839597134,,,,
9704,0.0,1005.786255,-828.5979,1675.394897,-0.9409252428,-0.3277527284,0.0850754752,,,,
9705,0.0,1005.197937,-831.21521,1675.948242,-0.942069812,-0.3244342441,0.0851286711,,,,
9706,0.0,1004.042664,-836.09906,1676.342896,-0.9434979464,-0.3202572988,0.0851286537,,,,
9707,0.0,1003.307617,-839.400879,1676.532349,-0.9435950493,-0.319971085,0.0851286537,,,,
9708,0.0,1002.187073,-843.458923,1676.571899,-0.9435950493,-0.319971085,0.0851286537,,,,
9709,0.0,1001.435059,-846.181702,1676.521973,-0.9435950493,-0.319971085,0.0851286537,,,,
9710,0.0,999.938232,-850.56604,1676.556152,-0.9435950493,-0.319971085,0.0851286537,,,,
9711,0.0,998.742004,-854.487732,1676.39563,-0.9447296335,-0.3163488802,0.086077323,,,,
9712,0.0,997.536072,-857.875427,1676.21936,-0.9472443423,-0.308479089,0.0869988946,,,,
9713,0.0,996.668152,-860.682617,1675.708984,-0.9495247478,-0.3012591413,0.0874395974,,,,
9714,0.0,995.130249,-865.144958,1675.224487,-0.9522622714,-0.2923352929,0.0879581883,,,,
9715,0.0,993.955505,-868.352234,1674.93689,-0.9568877886,-0.2765681693,0.0887457479,,,,
9716,0.0,992.452881,-872.177612,1674.605225,-0.9648789574,-0.2468588359,0.0898293535,,,,
9717,0.0,991.186279,-875.231628,1674.256836,-0.9719662121,-0.2172532246,0.0899039425,,,,
9718,0.0,989.770264,-878.293884,1674.569702,-0.9789197755,-0.183393978,0.0899039599,,,,
9719,0.0,987.877686,-881.551575,1674.865845,-0.9847891934,-0.1486859864,0.0899039599,,,,
9720,0.0,986.313782,-883.876282,1675.397827,-0.9879544942,-0.1259491902,0.0899039425,,,,
9721,0.0,984.46106,-885.919373,1675.729248,-0.990309157,-0.1058539017,0.0899039773,,,,
9722,0.0,981.5224,-888.7677,1676.362549,-0.9923720466,-0.0843504914,0.0899039251,,,,
9723,0.0,979.432617,-890.633118,1677.025146,-0.9938526731,-0.064607601,0.0899039599,,,,
9724,0.0,976.989807,-892.196533,1677.557007,-0.9946611294,-0.0506607902,0.0899039599,,,,
9725,0.0,974.06073,-894.168335,1677.997925,-0.9951481697,-0.0419728571,0.0889853897,,,,
9726,0.0,971.338318,-895.866455,1678.270752,-0.9953125067,-0.0379615086,0.0889490743,,,,
9727,0.0,968.788513,-897.311096,1678.384033,-0.9953468204,-0.0370509842,0.0889490396,,,,
9728,0.0,963.523132,-899.833008,1678.303955,-0.9953506633,-0.0369476028,0.0889490396,,,,
9729,0.0,960.004395,-901.387085,1678.223633,-0.9953506633,-0.0369476028,0.0889490396,,,,
9730,0.0,958.439972,-902.0281675,1678.0786745,-0.9953506633,-0.0369476028,0.0889490396,,,,
9731,0.0,954.1651,-903.613831,1677.5802,-0.9953506633,-0.0369476028,0.0889490396,,,,
9732,0.0,950.057434,-904.892761,1677.187134,-0.9953506633,-0.0369476028,0.0889490396,,,,
9733,0.0,948.3759765,-905.375549,1677.239807,-0.9953506633,-0.0369476028,0.0889490396,,,,
9734,0.0,943.790649,-906.545715,1677.472656,-0.9954552094,-0.0360603397,0.0881395365,,,,
9735,0.0,939.960022,-907.420105,1677.369629,-0.9957778645,-0.0340729121,0.0852377925,,,,
9736,0.0,936.809692,-908.059814,1677.389771,-0.9964946128,-0.0265607378,0.0793285183,,,,
9737,0.0,934.381958,-909.385803,1676.485718,-0.99693698,-0.0233547595,0.0746405596,,,,
9738,0.0,931.286926,-910.310669,1676.113403,-0.9972842192,-0.0211316011,0.0705524025,,,,
9739,0.0,927.398376,-911.61438,1675.796387,-0.9976081533,-0.0189183634,0.066483592,,,,
9740,0.0,926.8586425,-911.8098145,1675.621094,-0.997648441,-0.0186309993,0.0659553689,,,,
9741,0.0,919.622559,-913.366028,1673.024414,-0.9982156599,-0.0142896651,0.0579767352,,,,
9742,0.0,916.624695,-913.801208,1671.201294,-0.9983662625,-0.0139756199,0.0554029605,,,,
9743,0.0,915.101135,-913.867249,1669.654785,-0.9982816108,-0.0242845767,0.0533299622,,,,
9744,0.0,914.20166,-914.091858,1667.508789,-0.9980122869,-0.0355709431,0.0520209874,,,,
9745,0.0,911.783691,-914.423096,1664.758789,-0.997846491,-0.0488068854,0.0438208673,,,,
9746,0.0,910.384521,-913.904968,1662.55249,-0.9974145254,-0.0610879386,0.0378487548,,,,
9747,0.0,909.727783,-912.822266,1660.712036,-0.9970098965,-0.0689127742,0.0349613483,,,,
9748,0.0,910.026367,-912.343262,1661.096191,-0.9968583393,-0.0717010357,0.0336513428,,,,
9749,0.0,910.681335,-912.711487,1661.330933,-0.9967395979,-0.0739178746,0.0323468965,,,,
9750,0.0,910.581177,-913.311462,1661.248657,-0.9964439158,-0.0785521354,0.0304808918,,,,
9751,0.0,906.363953,-912.081848,1663.091797,-0.9962940582,-0.0809438613,0.02909022,,,,
9752,0.0,907.591003,-911.920166,1670.972168,-0.9961439436,-0.0832438643,0.0277074476,,,,
9753,0.0,907.373474,-912.023315,1669.811768,-0.9970147493,-0.0724041153,0.0268185329,,,,
9754,0.0,907.144897,-912.083496,1668.060791,-0.9983083655,-0.0522188903,0.0255655024,,,,
9876,0.0,-905.865601,-198.766479,1664.03125,-0.9990602906,-0.0383322823,0.0202279986,,,,
9877,0.0,-905.069763,-199.785507,1667.875122,1.0,0.0,0.0,0.0203024318,483.4099631928,2411.2494545403,3.0
9878,0.0,-906.76886,-201.99794,1669.538086,0.7579593369,-0.6522967224,0.0025747767,,,,
9879,0.0,-909.74762,-204.424988,1670.967773,0.0714844461,-0.9973956555,0.0095854284,,,,
9880,0.0,-913.21051,-205.161133,1672.21875,-0.5798550957,-0.8145597729,0.0161382892,,,,
9881,0.0,-916.882629,-203.554993,1673.598999,-0.9816821889,-0.1894645413,0.0200815254,,,,
9882,0.0,-918.169373,-203.219727,1674.966797,-0.9990602906,-0.0383322823,0.0202279986,,,,
9883,0.0,-918.19696,-203.220779,1676.230225,-0.9990602906,-0.0383322823,0.0202279986,,,,
9884,0.0,-919.06012,-203.253906,1676.777222,-0.9990602906,-0.0383322823,0.0202279986,,,,
9885,0.0,-918.994385,-203.251373,1676.801514,-0.9990602906,-0.0383322823,0.0202279986,,,,
9886,0.0,-919.492615,-203.270493,1676.686523,-0.9990602906,-0.0383322823,0.0202279986,,,,
9887,0.0,-919.720581,-203.279251,1676.620972,-0.9990602906,-0.0383322823,0.0202279986,,,,
9888,0.0,-919.737732,-203.279892,1676.634888,-0.9990602906,-0.0383322823,0.0202279986,,,,
9889,0.0,-918.427612,-202.37149,1676.663086,-0.9990602906,-0.0383322823,0.0202279986,,,,
9890,0.0,-918.096985,-200.486572,1677.939941,-0.9990602906,-0.0383322823,0.0202279986,,,,
9891,0.0,-918.109924,-200.461792,1677.933105,-0.9990602906,-0.0383322823,0.0202279986,,,,
9892,0.0,-920.282898,-200.587921,1676.345093,-0.9990602906,-0.0383322823,0.0202279986,,,,
9893,0.0,-905.89502,-204.533066,1676.164673,0.9762917751,-0.2164585192,0.0002818009,,,,
9894,0.0,-904.824341,-203.0,1676.101074,1.0,0.0,0.0,,,,
9895,0.0,-904.167236,-203.0,1675.928101,1.0,0.0,0.0,,,,
9896,0.0,-904.0670165,-203.0,1675.8926395,1.0,0.0,0.0,,,,
9897,0.0,-903.966797,-203.0,1675.857178,1.0,0.0,0.0,,,,
9898,0.0,-903.990906,-203.0,1675.838257,1.0,0.0,0.0,,,,
9899,0.0,-904.0660095,-203.0,1675.819214,1.0,0.0,0.0,,,,
9900,0.0,-904.128662,-203.0,1675.803345,1.0,0.0,0.0,,,,
9901,0.0,-904.329956,-203.0,1675.783447,1.0,0.0,0.0,,,,
9902,0.0,-904.427002,-203.0,1675.78772,1.0,0.0,0.0,,,,
9903,0.0,-904.589294,-203.0,1675.773926,1.0,0.0,0.0,,,,
9904,0.0,-904.617737,-203.0,1675.77417,1.0,0.0,0.0,,,,
9905,0.0,-904.809692,-203.0,1675.744141,1.0,0.0,0.0,,,,
9906,0.0,-904.817749,-203.0,1675.741211,1.0,0.0,0.0,,,,
9907,0.0,-904.928345,-203.0,1675.735718,1.0,0.0,0.0,,,,
9908,0.0,-904.944763,-203.0,1675.737549,1.0,0.0,0.0,,,,
9909,0.0,-904.962036,-203.0,1675.754883,1.0,0.0,0.0,,,,
9910,0.0,-905.002258,-203.0,1675.78772,1.0,0.0,0.0,,,,
9911,0.0,-905.047363,-203.005081,1675.836304,0.9999995353,-0.000681673,-0.0006816732,,,,
9912,0.0,-905.144531,-203.01384,1675.993652,0.9999964648,-0.0018802039,-0.0018802072,,,,
9913,0.0,-905.16626,-203.055634,1675.963989,0.9999361962,-0.0075731513,-0.0083815838,,,,
9914,0.0,-905.248596,-203.062683,1676.057739,0.9999098189,-0.0086280995,-0.010291257,,,,
9915,0.0,-905.330078,-203.061996,1676.132202,0.9999071658,-0.0086280591,-0.0105459216,,,,
9916,0.0,-905.542542,-203.058212,1676.271851,0.999909504,-0.0083527936,-0.0105458343,,,,
9917,0.0,-901.916138,-202.996918,1673.488159,0.999913464,-0.0078644762,-0.0105458343,,,,
9918,0.0,-901.915588,-202.995026,1673.506714,0.9999149783,-0.0076694,-0.0105459216,,,,
9919,0.0,-901.915222,-202.99379,1673.506714,0.9999149783,-0.0076694,-0.0105459216,,,,
9920,0.0,-903.017883,-203.07283,1674.187744,0.9999149783,-0.0076694,-0.0105459216,0.0186898513,458.4764521838,2382.5272652087,3.0
9921,0.0,-903.33844,-203.070358,1674.477539,0.9999149783,-0.0076694,-0.0105459216,0.018575342,456.9686729135,2381.9313336768,3.0
9922,0.0,-903.255493,-203.070999,1674.411987,0.9999149783,-0.0076694,-0.0105459216,0.0184856441,455.7803657945,2381.4403503867,3.0
9923,0.0,-903.862915,-203.066345,1674.810669,0.9999086476,-0.0076691944,-0.0111301363,0.0183940292,454.6346260852,2381.3071842757,3.0
9924,0.0,-905.109863,-203.071472,1675.623535,0.9998872339,-0.0096520165,-0.0115046948,0.0186591383,457.9632836758,2381.7998862654,3.0
9925,0.0,-905.178894,-203.101517,1675.653198,0.9998382346,-0.013825579,-0.0115046948,0.0193682798,466.3785114344,2381.1740523352,3.0
9926,0.0,-905.614746,-203.117096,1676.105835,0.9997903004,-0.0169409915,-0.0115046948,0.0200495296,474.526227593,2381.6665896087,3.0
9927,0.0,-906.087891,-203.116425,1676.504517,0.9997704034,-0.0180771259,-0.0115046948,0.0204501359,479.315889133,2382.2673794579,3.0
9928,0.0,-906.405212,-203.112732,1676.765625,0.9997643744,-0.0184075446,-0.0115046948,0.0206401003,481.2424100008,2380.9244076948,3.0
9929,0.0,-907.079651,-203.103592,1677.422729,0.9997531716,-0.0190062575,-0.0115046948,0.0209220148,484.6670151399,2381.8272381505,3.0
9930,0.0,-906.990479,-203.11792,1677.423218,0.9997614139,-0.0185676405,-0.0115046948,0.0209692479,485.2122152058,2381.8479137824,3.0
9931,0.0,-906.589478,-203.154816,1677.440186,0.9998492698,-0.0142497092,-0.0099188402,0.0202558378,476.9286405658,2381.6270987678,3.0
9932,0.0,-905.61084,-203.213196,1677.403687,0.9999780419,0.0007865155,-0.0065800532,0.017560009,444.2085205242,2380.8086538046,3.0
9933,0.0,-905.313782,-203.23098,1677.412598,0.9999495504,0.006203541,-0.0056795042,0.0166309216,432.1997926988,2380.6542377874,3.0
9934,0.0,-905.016724,-203.248764,1677.421509,0.9999210589,0.0116205664,-0.0047789551,0.0157018343,420.1910648733,2380.4998217703,3.0
9935,0.0,-902.827087,-203.179581,1677.43103,0.997108231,0.0759192849,0.0033819879,0.006618666,273.3277187338,2379.5961047691,3.0
9936,0.0,-899.709534,-202.767838,1677.118652,0.9866945778,0.1620872021,0.0127101926,0.0005392416,78.087324312,2378.1125774223,3.0
9937,0.0,-897.7276,-202.181519,1677.015747,0.9530412639,0.3020890927,0.0213196933,0.0065672208,271.9853577021,2377.1353867006,3.0
9938,0.0,-896.7638855,-201.873375,1676.946045,0.9384722865,0.3419707058,0.0228200494,0.0130366365,369.5359585566,2376.785141167,3.0
9939,0.0,-895.800171,-201.565231,1676.876343,0.9239033091,0.3818523188,0.0243204056,0.0195060521,467.0865594111,2376.4348956335,3.0
9940,0.0,-891.842896,-200.451126,1676.529053,0.8961987534,0.4429520945,0.0249246124,0.0342512975,616.1889564218,2374.7144647656,3.0
9941,0.0,-889.018494,-199.252243,1676.377563,0.8757945624,0.4821084419,0.0235655403,0.0461672968,712.8005754835,2373.3245481948,3.0
9942,0.0,-887.619507,-198.629944,1676.4075315,0.8705621408,0.4914078556,0.0229262372,0.0492512583,735.1128071665,2372.8557487811,3.0
9943,0.0,-883.463806,-196.803101,1676.309204,0.8605770466,0.5088742513,0.0213106371,0.0550180133,775.4824741451,2370.6189057767,3.0
9944,0.0,-882.143921,-196.205025,1676.216919,0.8600838583,0.5097110294,0.0212006537,0.0551484128,776.1080290116,2369.806719679,3.0
9945,0.0,-878.923096,-194.520737,1675.881714,0.8594524062,0.5107805254,0.0210906703,0.0552204835,775.8499335092,2367.5133637166,3.0
9946,0.0,-876.6914065,-193.603226,1675.8497315,0.8591422829,0.5113016269,0.0210906703,0.0551523604,774.8751156652,2365.9566668379,3.0
9947,0.0,-874.459717,-192.685715,1675.817749,0.8588321596,0.5118227284,0.0210906703,0.0550842374,773.9002978212,2364.3999699592,3.0
9948,0.0,-871.822449,-191.518005,1675.88147,0.8564709616,0.5157641665,0.0210906703,0.0562592036,781.3344560931,2362.7676257377,3.0
9949,0.0,-866.911377,-189.136703,1675.855469,0.8447144969,0.5347072417,0.0233577462,0.0633777536,826.4260070258,2358.9193710085,3.0
9950,0.0,-863.427917,-187.306107,1675.926392,0.8352347089,0.549300507,0.0255329975,0.0693020709,861.8744574541,2356.2086091041,3.0
9951,0.0,-860.909302,-185.979355,1675.944458,0.8287551997,0.5589479349,0.0272401376,0.0733341799,885.1354837806,2354.7962481949,3.0
9952,0.0,-857.62262,-184.157486,1676.109009,0.8227414077,0.5677010131,0.0284979962,0.0771179041,905.7675842012,2352.1382117346,3.0
9953,0.0,-854.901367,-182.61586,1676.295776,0.8197246519,0.5720185208,0.029091354,0.0789060208,914.9774326272,2350.0711214729,3.0
9954,0.0,-851.202637,-180.511475,1676.496582,0.8174874871,0.575186458,0.0295761199,0.0802393468,921.1108744437,2346.900481892,3.0
9955,0.0,-847.885559,-178.616821,1676.620728,0.8164795354,0.5766091377,0.0297165049,0.0807259491,922.7175481166,2344.1948329434,3.0
9956,0.0,-844.954346,-176.892471,1676.647339,0.8159306123,0.5773856296,0.0297165049,0.080887611,922.6986041751,2341.9016620223,3.0
9957,0.0,-841.394958,-174.759659,1676.546753,0.8144419707,0.5795204472,0.0289884056,0.0817168338,926.0640538643,2338.9928998276,3.0
9958,0.0,-838.320618,-172.866135,1676.416138,0.81203723,0.5829637769,0.0273636957,0.0832278335,933.193140336,2336.4258127104,3.0
9959,0.0,-835.020142,-170.783386,1676.187256,0.8092460893,0.5868879741,0.0261394889,0.085052202,941.7449256743,2333.5227437891,3.0
9960,0.0,-831.824341,-168.693054,1676.015991,0.8040446532,0.5940348102,0.0251960306,0.0885899151,959.0571033946,2330.6410258055,3.0
9961,0.0,-828.529541,-166.210175,1675.682861,0.7932737662,0.6083849246,0.0241767549,0.0960724203,995.4579427612,2327.5463479118,3.0
9962,0.0,-825.884399,-163.719589,1675.514648,0.7733611412,0.633512564,0.0239661547,0.1103197302,1061.5782471917,2325.0444016369,3.0
9963,0.0,-824.571838,-162.418076,1675.304443,0.7641115011,0.6446388425,0.0239661547,0.1170722865,1091.0222835262,2323.7518413412,3.0
9964,0.0,-821.373169,-158.587997,1675.064209,0.7328026294,0.6799994119,0.0245174643,0.1404935362,1186.1006272598,2320.5691670785,3.0
9965,0.0,-819.829895,-156.043808,1675.016113,0.6966244695,0.7169565637,0.0262227824,,,,
9966,0.0,-817.89679,-152.496704,1675.174072,0.6528517638,0.7569413823,0.0287109439,,,,
9967,0.0,-816.068604,-148.780991,1675.150269,0.6052071704,0.7954905032,0.0303173254,,,,
9968,0.0,-815.07489,-145.420517,1675.324951,0.5450503981,0.8378172812,0.0313411373,,,,
9969,0.0,-814.118164,-141.924759,1675.525757,0.4925635602,0.8697013785,0.0316330733,,,,
9970,0.0,-813.327942,-138.478745,1675.755981,0.4492144134,0.8928637967,0.0316330733,,,,
9971,0.0,-812.852051,-135.963898,1675.91748,0.4218278348,0.9061044477,0.0321870727,,,,
9972,0.0,-812.291321,-132.315613,1676.352173,0.3881499846,0.9209976965,0.0332089224,,,,
9973,0.0,-811.958252,-128.919739,1676.231934,0.3604359416,0.9321575558,0.0341792803,,,,
9974,0.0,-811.840454,-125.378433,1676.401855,0.3342194182,0.9418084668,0.0359748861,,,,
9975,0.0,-811.857117,-122.217148,1676.428955,0.318305508,0.9472592136,0.0371696891,,,,
9976,0.0,-812.35498,-116.289482,1676.23938,0.2802000218,0.9590866174,0.0405068901,,,,
9977,0.0,-812.4216916667,-115.8683673333,1676.0340983333,0.2773061001,0.9599065651,0.0407734811,,,,
9978,0.0,-812.4884033333,-115.4472526667,1675.8288166667,0.2744121783,0.9607265129,0.041040072,,,,
9979,0.0,-812.555115,-115.026138,1675.623535,0.2715182566,0.9615464606,0.041306663,,,,
9980,0.0,-814.040588,-108.901016,1674.822266,0.213612489,0.9756633702,0.04950447,,,,
9981,0.0,-816.373596,-101.017876,1674.857544,0.1526368083,0.9865765147,0.0580412385,,,,
9982,0.0,-817.698364,-97.906593,1674.752075,0.1241287894,0.9903442208,0.061728178,,,,
9983,0.0,-818.29953,-96.386726,1674.7802125,0.1142755176,0.9913995564,0.0629938326,,,,
9984,0.0,-820.275452,-91.942696,1674.940552,0.087626706,0.9939296871,0.0665232103,,,,
9985,0.0,-821.653625,-88.906006,1674.990112,0.0674590003,0.9953776883,0.068355987,,,,
9986,0.0,-823.08136,-86.001442,1675.218506,0.0537445275,0.9961279322,0.069574913,,,,
9987,0.0,-824.714111,-82.767586,1675.571533,0.0419399543,0.9966250571,0.0705658255,,,,
9988,0.0,-826.232483,-79.806175,1675.952271,0.0363602375,0.9968214243,0.070887102,,,,
9989,0.0,-828.094116,-76.284981,1676.317261,0.034502802,0.9968874437,0.070887102,,,,
9990,0.0,-829.936096,-72.894569,1676.702881,0.0339430196,0.9969066607,0.070887102,,,,
9991,0.0,-831.649963,-69.684402,1677.234253,0.0339430196,0.9969066607,0.070887102,,,,
9992,0.0,-833.477966,-66.762306,1677.262451,0.0339430196,0.9969066607,0.070887102,,,,
9993,0.0,-833.7795,-66.1217546667,1677.2496743333,0.0339430196,0.9969066607,0.070887102,,,,
9994,0.0,-834.081034,-65.4812033333,1677.2368976667,0.0339430196,0.9969066607,0.070887102,,,,
9995,0.0,-834.382568,-64.840652,1677.224121,0.0339430196,0.9969066607,0.070887102,,,,
9996,0.0,-841.825989,-53.495079,1676.687378,0.0407432348,0.9967120158,0.0700367497,,,,
9997,0.0,-844.19165,-49.938198,1676.385864,0.0537699888,0.9962223402,0.0681897144,,,,
9998,0.0,-845.614319,-47.954556,1676.749023,0.0669749078,0.9954830596,0.0672892255,,,,
9999,0.0,-847.831177,-44.634876,1676.453735,0.0818276079,0.994433022,0.0663868009,,,,
10000,0.0,-850.010803,-41.384411,1676.202637,0.0979873403,0.9929897545,0.0661046787,,,,
10001,0.0,-851.47821,-39.115948,1675.994263,0.1124563236,0.9914553668,0.0661046961,,,,
10002,0.0,-854.566162,-34.67828,1675.827271,0.1314621186,0.9891146965,0.0661046787,,,,
10003,0.0,-856.674011,-31.635199,1675.772827,0.1497991579,0.9865663432,0.0651694928,,,,
10004,0.0,-857.674438,-30.199701,1675.766602,0.1562907178,0.98556022,0.0651480186,,,,
10005,0.0,-860.13623,-26.703556,1675.907471,0.1663836579,0.9839066084,0.0651480186,,,,
10006,0.0,-862.480591,-23.332506,1675.958008,0.1744096614,0.982562171,0.0644426109,,,,
10007,0.0,-864.781311,-20.037022,1676.483643,0.1829966885,0.9810156428,0.0641912813,,,,
10008,0.0,-866.907837,-16.919603,1676.750244,0.193203164,0.9790566975,0.0641912813,,,,
10009,0.0,-868.747864,-14.255346,1677.026855,0.198798541,0.9779358974,0.0641912813,,,,
10010,0.0,-869.0772096667,-13.7818696667,1677.1854653333,0.1996153691,0.9777733577,0.064121513,,,,
10011,0.0,-869.4065553333,-13.3083933333,1677.3440756667,0.2004321972,0.9776108179,0.0640517446,,,,
10012,0.0,-869.735901,-12.834917,1677.502686,0.2012490253,0.9774482782,0.0639819763,,,,
10013,0.0,-875.448059,-3.892373,1676.718872,0.2058543493,0.9765374477,0.063234485,,,,
10014,0.0,-877.580872,-0.719837,1677.098511,0.2058543493,0.9765374477,0.063234485,,,,
10015,0.0,-881.031189,5.121825,1676.773682,0.1989874063,0.9778990181,0.0641679247,,,,
10016,0.0,-882.730957,8.630095,1677.279663,0.1920761776,0.9792180318,0.0651059758,,,,
10017,0.0,-884.125305,11.738297,1677.058105,0.1692331456,0.9831320064,0.0693657009,,,,
10018,0.0,-885.299011,14.108843,1676.731201,0.1352229665,0.9881073725,0.0732022528,,,,
10019,0.0,-886.931641,17.791801,1676.35083,0.0943529143,0.9925178321,0.0774976158,,,,
10020,0.0,-888.509277,21.156124,1676.121582,0.0427756129,0.9958774185,0.0799900881,,,,
10021,0.0,-889.90387,24.141066,1675.86853,-0.0132188367,0.9966064017,0.0812461837,,,,
10022,0.0,-891.190247,27.739443,1675.921509,-0.0557571303,0.9951126562,0.0814981215,,,,
10023,0.0,-892.234192,31.296873,1675.952393,-0.0785783545,0.9935021503,0.0823341946,,,,
10024,0.0,-892.829468,33.624783,1676.161499,-0.0884560698,0.9926388147,0.082726702,,,,
10025,0.0,-894.53656,41.217083,1676.923096,-0.1053778425,0.9909343747,0.0833341187,,,,
10026,0.0,-894.936259,41.8706996667,1677.133301,-0.1062439309,0.9908390222,0.0833591002,,,,
10027,0.0,-895.335958,42.5243163333,1677.343506,-0.1071100194,0.9907436697,0.0833840816,,,,
10028,0.0,-898.112122,50.1833,1678.408447,-0.1116110257,0.9902453772,0.0834090631,,,,
10029,0.0,-899.557373,55.339981,1678.483398,-0.1129661531,0.9900916996,0.0834090805,,,,
10030,0.0,-900.251282,58.960724,1678.63208,-0.113960961,0.9899776904,0.0834090631,,,,
10031,0.0,-901.021423,62.29097,1678.777344,-0.1119251031,0.990357662,0.0816362214,,,,
10032,0.0,-902.022949,66.358551,1678.864502,-0.1095426442,0.990781311,0.0797044723,,,,
10033,0.0,-902.881104,69.785011,1678.855591,-0.100905635,0.9919832941,0.0760736296,,,,
10034,0.0,-903.525818,72.383804,1678.73584,-0.0878986742,0.9935047321,0.0722645864,,,,
10035,0.0,-904.396179,76.580627,1678.42981,-0.0721215647,0.9950883994,0.0678052899,,,,
10036,0.0,-904.965332,80.095169,1678.223145,-0.0436179883,0.9971120622,0.0621691769,,,,
10037,0.0,-905.212708,83.277771,1677.924194,-0.0030390552,0.9984202846,0.0561043629,,,,
10038,0.0,-905.442078,87.090759,1677.780029,0.0604986622,0.9969149155,0.0500056307,,,,
10039,0.0,-905.53479,90.772552,1677.814453,0.1500249325,0.9876802093,0.0445008294,,,,
10040,0.0,-905.392212,94.535728,1677.97229,0.2667859023,0.9629045117,0.0404991821,,,,
10041,0.0,-904.05304,99.237526,1678.372803,0.4564409716,0.8888854237,0.0392981311,,,,
10042,0.0,-903.92863,99.737933,1678.51237,0.4709143674,0.8809838215,0.0395375937,,,,
10043,0.0,-903.80422,100.23834,1678.651937,0.4853877631,0.8730822192,0.0397770563,,,,
10044,0.0,-903.67981,100.738747,1678.791504,0.8380570858,0.5419056383,0.063234485,,,,
10045,0.0,-898.932556,113.044334,1678.130127,0.7559942321,0.652516745,0.0519097162,,,,
10046,0.0,-897.272461,116.836227,1677.624268,0.8115183368,0.5814540277,0.0578722958,,,,
10047,0.0,-896.12854,120.2416,1677.567139,0.8352082734,0.5463603727,0.0625898008,,,,
10048,0.0,-895.394043,123.986206,1677.355835,0.8380570858,0.5419056383,0.063234485,,,,
10049,0.0,-894.272339,124.874092,1678.388184,0.8383588039,0.5414220847,0.063376984,,,,
10050,0.0,-893.961731,125.737206,1678.410156,0.8386615708,0.5409361934,0.0635201087,,,,
10051,0.0,-893.574402,126.940323,1678.043213,0.8389644559,0.5404494582,0.0636633715,,,,
10052,0.0,-893.199463,128.199875,1677.762451,0.8392705862,0.5399568285,0.0638083573,,,,
10053,0.0,-892.865601,130.303406,1677.350952,0.8397159057,0.5392390007,0.064019511,,,,
10054,0.0,-892.653931,131.605453,1677.095459,0.8400151608,0.5387558142,0.0641615326,,,,
10055,0.0,-888.842773,143.775345,1676.692383,0.8505723005,0.521667301,0.0662569905,,,,
10056,0.0,-885.480957,151.998123,1676.408813,0.8578789132,0.5094571135,0.0670613127,,,,
10057,0.0,-884.367065,153.703339,1676.348877,0.8614616148,0.5033752764,0.0670612953,,,,
10058,0.0,-883.751526,154.826096,1676.389404,0.8625876726,0.5014432045,0.0670613127,,,,
10059,0.0,-879.651367,161.567535,1677.477661,0.8676693252,0.4925979343,0.0670612953,,,,
10060,0.0,-877.595337,164.074677,1677.296509,0.8684159603,0.4912804724,0.0670612953,,,,
10061,0.0,-876.080902,165.844475,1677.5827025,0.868507681,0.4911182708,0.0670612953,,,,
10062,0.0,-874.566467,167.614273,1677.868896,0.8685994018,0.4909560692,0.0670612953,,,,
10063,0.0,-872.893616,169.540009,1678.655273,0.8685994018,0.4909560692,0.0670612953,,,,
10064,0.0,-867.448364,175.166061,1679.156494,0.8685994018,0.4909560692,0.0670612953,,,,
10065,0.0,-865.19342,177.621017,1679.43335,0.8685994018,0.4909560692,0.0670612953,,,,
10066,0.0,-862.694885,180.276321,1679.336426,0.8685994018,0.4909560692,0.0670612953,,,,
10067,0.0,-860.294189,183.063828,1679.220581,0.8685994018,0.4909560692,0.0670612953,,,,
10068,0.0,-858.117554,185.848129,1678.98645,0.8685994018,0.4909560692,0.0670612953,,,,
10069,0.0,-856.659241,187.8921355,1678.8203735,0.8685994018,0.4909560692,0.0670612953,,,,
10070,0.0,-853.384888,192.860321,1678.288696,0.8689977199,0.4902506989,0.0670612779,,,,
10071,0.0,-851.243774,196.081924,1677.870605,0.87316885,0.4827825022,0.0670612779,,,,
10072,0.0,-850.831024,196.738441,1677.790527,0.8741908996,0.4809246914,0.0670612866,,,,
10073,0.0,-847.202881,202.876266,1677.049194,0.8903537548,0.4504398296,0.0661373668,,,,
10074,0.0,-845.751892,205.541763,1677.034546,0.8962501912,0.4385952192,0.0661046787,,,,
10075,0.0,-844.096924,207.906937,1677.243164,0.9049504681,0.4203508291,0.0661046961,,,,
10076,0.0,-842.070312,210.86911,1677.234741,0.9124744615,0.4037580074,0.0661046787,,,,
10077,0.0,-839.151001,214.36647,1677.324585,0.919590926,0.3869659007,0.0678963951,,,,
10078,0.0,-836.953308,216.818161,1677.506348,0.9209297975,0.3837471595,0.0680178329,,,,
10079,0.0,-834.601685,219.101807,1677.700562,0.9213535174,0.3827287164,0.0680178329,,,,
10080,0.0,-832.256042,221.022781,1678.182861,0.921410146,0.3825923644,0.0680178329,,,,
10081,0.0,-830.008972,222.507965,1678.688232,0.921410146,0.3825923644,0.0680178329,,,,
10082,0.0,-827.569763,223.785889,1679.154053,0.9216199211,0.3820867644,0.0680178329,,,,
10083,0.0,-823.835876,225.613724,1679.160889,0.9224384348,0.3801064434,0.0680178329,,,,
10084,0.0,-821.411194,226.635025,1679.055176,0.9238552764,0.3765187708,0.0687389518,,,,
10085,0.0,-818.422913,227.559677,1679.019531,0.9263979512,0.3701747911,0.0689743429,,,,
10086,0.0,-815.392395,228.330185,1678.880127,0.9289199896,0.3637996603,0.0689743429,,,,
10087,0.0,-814.499939,228.3082045,1678.706909,0.9294987106,0.3623020272,0.0690420568,,,,
10088,0.0,-808.194458,229.035583,1677.792114,0.93385538,0.3507475177,0.0699307371,,,,
10089,0.0,-804.882935,229.244354,1677.331909,0.934602648,0.3487514622,0.0699307371,,,,
10090,0.0,-801.651917,229.437714,1677.452271,0.9346437753,0.3486412236,0.0699307546,,,,
10091,0.0,-798.816223,229.323242,1677.088013,0.9346437753,0.3486412236,0.0699307546,,,,
10092,0.0,-795.816589,229.148834,1676.960327,0.9346437753,0.3486412236,0.0699307546,,,,
10093,0.0,-793.414368,228.819748,1676.650024,0.9346437753,0.3486412236,0.0699307546,,,,
10094,0.0,-790.157471,228.328644,1676.322632,0.9346437753,0.3486412236,0.0699307546,,,,
10095,0.0,-785.328979,227.516861,1675.985474,0.9345837745,0.3486188049,0.0708385297,,,,
10096,0.0,-782.872314,226.749954,1675.652344,0.9325906759,0.3535960604,0.072418626,,,,
10097,0.0,-780.238464,226.243027,1675.636597,0.9286867469,0.3633029228,0.0745111557,,,,
10098,0.0,-775.651794,225.508682,1675.619385,0.903197389,0.4207763604,0.084745095,,,,
10099,0.0,-772.96167,225.295593,1675.765381,0.8610316932,0.5001109661,0.0922683308,,,,
10100,0.0,-768.786255,225.361816,1676.019531,0.7600085435,0.6423959073,0.0985622248,,,,
10101,0.0,-766.729797,225.960266,1676.354858,0.6777119611,0.7286256611,0.0990512176,,,,
10102,0.0,-763.194397,227.285034,1676.630615,0.5331917481,0.8401065919,0.0996367097,,,,
10103,0.0,-762.6629335,227.628578,1676.630615,0.5011440232,0.8588074219,0.0996378559,,,,
10104,0.0,-762.13147,227.972122,1676.630615,0.4690962984,0.8775082519,0.0996390021,,,,
10105,0.0,-761.002991,230.96109,1677.118652,0.2022572618,0.9743720098,0.0984438243,,,,
10106,0.0,-758.118591,234.827972,1677.345947,-0.0248479824,0.9951324895,0.0953619743,,,,
10107,0.0,-757.7361755,235.6507185,1677.4903565,-0.034847786,0.994828028,0.0948815418,,,,
10108,0.0,-757.35376,236.473465,1677.634766,-0.0448475896,0.9945235665,0.0944011094,,,,
10109,0.0,-756.628601,239.952423,1676.352539,-0.0492321552,0.9943623238,0.0939135979,,,,
10110,0.0,-756.736633,241.687866,1675.763794,-0.0492321552,0.9943623238,0.0939135979,,,,
10111,0.0,-756.991577,243.51532,1675.217529,-0.047637247,0.9944400077,0.0939135979,,,,
10112,0.0,-757.542786,245.313385,1675.812988,-0.0459986314,0.9945171502,0.0939135979,,,,
10113,0.0,-758.279907,247.069321,1676.143311,-0.0456647901,0.9945325349,0.0939135979,,,,
10114,0.0,-759.204163,249.113403,1676.187134,-0.0453452295,0.994547158,0.0939135805,,,,
10115,0.0,-760.311768,251.413651,1676.30542,-0.0449953389,0.9945630476,0.0939135979,,,,
10116,0.0,-761.803284,254.530869,1676.614136,-0.0444836073,0.9945860671,0.0939135979,,,,
10117,0.0,-763.305542,257.092987,1676.77002,-0.0420315439,0.9946927091,0.0939135979,,,,
10118,0.0,-763.558197,257.454788,1676.702942,-0.0414321866,0.9947176736,0.0939135979,,,,
10119,0.0,-763.810852,257.816589,1676.635864,-0.0408328294,0.9947426382,0.0939135979,,,,
10120,0.0,-766.725586,261.332214,1675.957642,-0.0249649758,0.9953242812,0.0933076914,,,,
10121,0.0,-769.061218,264.907837,1675.590088,0.0075063892,0.9959365532,0.089744282,,,,
10122,0.0,-770.612915,266.862915,1676.097412,0.0259548069,0.9958006837,0.0877914935,,,,
10123,0.0,-772.752502,270.084747,1675.894409,0.0641510854,0.9944455554,0.0834426479,,,,
10124,0.0,-774.074829,272.133209,1675.663086,0.0931720714,0.9924613611,0.0796204234,,,,
10125,0.0,-774.624939,273.199554,1675.606934,0.1294934807,0.9886214328,0.0765447648,,,,
10126,0.0,-774.70105,273.677887,1675.50769,0.1638094915,0.9836715261,0.0745438071,,,,
10127,0.0,-775.487183,274.77597,1675.394409,0.2029137073,0.9765470481,0.0719853473,,,,
10128,0.0,-776.289001,275.475983,1675.344116,0.21875996,0.9732087316,0.0707731919,,,,
10129,0.0,-777.099365,276.457336,1675.306152,0.2355315484,0.9693797098,0.0694828608,,,,
10130,0.0,-777.880676,277.525879,1675.241333,0.2593414324,0.963497081,0.0664484491,,,,
10131,0.0,-778.606079,278.696075,1675.129517,0.2898789379,0.9550922759,0.0613917419,,,,
10132,0.0,-779.081299,279.493774,1675.079102,0.3096447994,0.94907662,0.0580832823,,,,
10133,0.0,-779.621216,280.378754,1675.07251,0.3301721512,0.9423073698,0.055164948,,,,
10134,0.0,-779.7449645,280.6774905,1674.9973755,0.3335476668,0.941132631,0.0547942829,,,,
10135,0.0,-779.868713,280.976227,1674.922241,0.3369231825,0.9399578921,0.0544236178,,,,
10136,0.0,-781.09198,283.075104,1674.960327,0.3588109064,0.9319365822,0.0524303361,,,,
10137,0.0,-781.987793,284.758514,1674.995728,0.3627094391,0.9304643632,0.0517487342,,,,
10138,0.0,-782.279663,285.509735,1674.959351,0.3637901972,0.9300773501,0.0511157045,,,,
10139,0.0,-782.942444,286.817993,1675.107666,0.3651347054,0.9296020928,0.0501656857,,,,
10140,0.0,-783.622803,288.088409,1675.160767,0.369358846,0.9280205462,0.0484964806,,,,
10141,0.0,-784.34668,289.539368,1675.249634,0.3744073286,0.9260724726,0.0469992318,,,,
10142,0.0,-784.836914,290.644348,1675.306152,0.3783852713,0.9244977324,0.0461359871,,,,
10143,0.0,-785.347717,291.749023,1675.395996,0.382157926,0.9229931969,0.0451539376,,,,
10144,0.0,-785.997498,293.216034,1675.536255,0.3857944853,0.921526613,0.0441737101,,,,
10145,0.0,-787.03241,295.479889,1675.603516,0.3920641876,0.9189565532,0.0424797152,,,,
10146,0.0,-787.4295655,296.3279265,1675.6047975,0.3952609683,0.917629278,0.041377272,,,,
10147,0.0,-787.826721,297.175964,1675.606079,0.398457749,0.9163020029,0.0402748287,,,,
10148,0.0,-788.236084,298.364594,1675.612549,0.4048311214,0.9135641119,0.0388892863,,,,
10149,0.0,-789.285217,300.917358,1675.395386,0.4149404527,0.909100523,0.0368871222,,,,
10150,0.0,-790.023438,302.57959,1675.263184,0.4215429484,0.9060944297,0.0359781477,,,,
10151,0.0,-790.539124,304.076324,1675.141602,0.4250738852,0.9044604379,0.035545862,,,,
10152,0.0,-791.134033,305.470154,1674.9823,0.4274314447,0.9033761543,0.034840837,,,,
10153,0.0,-791.771729,307.21936,1674.836548,0.4322328693,0.9011340485,0.0336477843,,,,
10154,0.0,-792.197083,308.419861,1674.739868,0.4380843111,0.8983322471,0.0328832823,,,,
10155,0.0,-792.756531,309.824341,1674.609741,0.4435014386,0.8957212561,0.0314627616,,,,
10156,0.0,-793.700684,311.977173,1674.510254,0.4488699174,0.8930704637,0.0306748119,,,,
10157,0.0,-794.223511,313.368256,1674.426636,0.4490573261,0.8929762454,0.0306747945,,,,
10158,0.0,-794.872437,314.958496,1674.416748,0.4490573261,0.8929762454,0.0306747945,,,,
10159,0.0,-795.477905,316.397278,1674.482788,0.4490573261,0.8929762454,0.0306747945,,,,
10160,0.0,-796.509094,318.793274,1674.62793,0.4490573261,0.8929762454,0.0306747945,,,,
10161,0.0,-796.973938,320.090149,1674.646729,0.4484344409,0.893289208,0.0306747945,,,,
10162,0.0,-797.914001,322.382629,1674.726929,0.4407174979,0.8971215882,0.0306747945,,,,
10163,0.0,-798.584656,324.029572,1674.737915,0.4173770154,0.9080721488,0.0346612115,,,,
10164,0.0,-798.97998,324.983093,1674.755127,0.3944984408,0.9181175304,0.0378309477,,,,
10165,0.0,-800.874146,328.71933,1674.796265,0.1749555353,0.9831002186,0.0538936073,,,,
10166,0.0,-801.968201,330.147919,1674.803345,0.0267080055,0.9980187288,0.0569675289,,,,
10167,0.0,-805.663879,332.866638,1674.928711,-0.2075019507,0.9763285998,0.0610361011,,,,
10168,0.0,-809.510803,333.914673,1674.850586,-0.4583277391,0.886301264,0.066375847,,,,
10169,0.0,-813.112366,334.67041,1674.525879,-0.6411357405,0.7639551527,0.0729211007,,,,
10170,0.0,-817.664734,334.516418,1674.374512,-0.828823496,0.5532321123,0.0835813517,,,,
10171,0.0,-820.970276,334.487457,1674.328613,-0.9056527783,0.412666546,0.0974646963,,,,
10172,0.0,-822.575928,335.296478,1674.231812,-0.9066739708,0.4103547006,0.0977309084,,,,
10173,0.0,-824.063354,336.28067,1674.381714,-0.9066739708,0.4103547006,0.0977309084,,,,
10174,0.0,-826.106445,337.968231,1674.763794,-0.9066739708,0.4103547006,0.0977309084,,,,
10175,0.0,-826.795837,338.606781,1674.880737,-0.9066739708,0.4103547006,0.0977309084,,,,
10176,0.0,-829.071655,341.040375,1675.263916,-0.9066739708,0.4103547006,0.0977309084,,,,
10177,0.0,-830.344421,342.554443,1675.358154,-0.9066739708,0.4103547006,0.0977309084,,,,
10178,0.0,-831.442383,344.146484,1675.759766,-0.9066739708,0.4103547006,0.0977309084,,,,
10179,0.0,-833.045776,346.513672,1676.019165,-0.9066739708,0.4103547006,0.0977309084,,,,
10180,0.0,-833.1811215,346.802887,1676.0876465,-0.9066739708,0.4103547006,0.0977309084,,,,
10181,0.0,-833.316467,347.092102,1676.156128,-0.9066739708,0.4103547006,0.0977309084,,,,
10182,0.0,-834.651794,350.792511,1676.642212,-0.9066739708,0.4103547006,0.0977309084,,,,
10183,0.0,-835.936218,355.146484,1676.616333,-0.9066739708,0.4103547006,0.0977309084,,,,
10184,0.0,-836.292786,357.148895,1676.627686,-0.9066739708,0.4103547006,0.0977309084,,,,
10185,0.0,-836.547241,361.572937,1676.698975,-0.9066739708,0.4103547006,0.0977309084,,,,
10186,0.0,-836.0182495,362.929779,1676.8754885,-0.9066739708,0.4103547006,0.0977309084,,,,
10187,0.0,-835.489258,364.286621,1677.052002,-0.9066739708,0.4103547006,0.0977309084,,,,
10188,0.0,-835.760376,369.177856,1676.866455,-0.9066739708,0.4103547006,0.0977309084,,,,
10189,0.0,-835.222046,371.489502,1676.826538,-0.9066739708,0.4103547006,0.0977309084,,,,
10190,0.0,-834.229553,373.963806,1676.737549,-0.9066739708,0.4103547006,0.0977309084,,,,
10191,0.0,-833.496948,376.108551,1676.71875,-0.9066739708,0.4103547006,0.0977309084,,,,
10192,0.0,-832.539001,378.346191,1676.72876,-0.9066739708,0.4103547006,0.0977309084,,,,
10193,0.0,-831.414307,380.590363,1676.810181,-0.9066739708,0.4103547006,0.0977309084,,,,
10194,0.0,-830.10907,382.659973,1676.808594,-0.9066739708,0.4103547006,0.0977309084,,,,
10195,0.0,-829.7828065,383.075195,1676.818909,-0.9066739708,0.4103547006,0.0977309084,,,,
10196,0.0,-828.097839,386.532959,1676.971558,-0.9066739708,0.4103547006,0.0977309084,,,,
10197,0.0,-827.144165,389.044098,1676.923706,-0.9066739708,0.4103547006,0.0977309084,,,,
10198,0.0,-826.457703,390.897217,1676.850464,-0.9066739708,0.4103547006,0.0977309084,,,,
10199,0.0,-825.058105,394.112305,1676.998413,-0.9066739708,0.4103547006,0.0977309084,,,,
10200,0.0,-824.084045,396.318237,1677.042603,-0.9066739708,0.4103547006,0.0977309084,,,,
10201,0.0,-823.575378,398.353973,1677.117065,-0.9066739708,0.4103547006,0.0977309084,,,,
10202,0.0,-823.190308,400.925812,1677.235352,-0.9066739708,0.4103547006,0.0977309084,,,,
10203,0.0,-822.976929,403.690063,1677.36731,-0.9066739708,0.4103547006,0.0977309084,,,,
10204,0.0,-822.856079,406.524139,1677.297485,-0.9066739708,0.4103547006,0.0977309084,,,,
10205,0.0,-822.675293,410.110901,1677.780273,-0.9066739708,0.4103547006,0.0977309084,,,,
10206,0.0,-822.690613,413.214508,1678.008057,-0.9261849259,0.3659433447,0.0909227772,,,,
10207,0.0,-822.993896,416.229309,1678.067871,-0.9496217278,0.3009255951,0.0875349094,,,,
10208,0.0,-823.445862,418.939819,1678.114136,-0.9688472956,0.2286689854,0.0951073762,,,,
10209,0.0,-824.176331,421.4375,1677.971924,-0.9803538047,0.1686690139,0.1022603603,,,,
10210,0.0,-824.875,423.867767,1678.03833,-0.9851920209,0.134660553,0.1061283063,,,,
10211,0.0,-825.132751,424.608398,1678.03833,-0.9868909808,0.1201378411,0.107764053,,,,
10212,0.0,-827.007874,428.5448,1677.132568,-0.9922225267,0.0437624483,0.1165302777,,,,
10213,0.0,-828.011841,430.891907,1677.090942,-0.9926780923,-0.0042166712,0.1207162987,,,,
10214,0.0,-829.303528,433.112915,1676.762451,-0.9905759242,-0.0562937091,0.1248613501,,,,
10215,0.0,-830.692993,435.522949,1676.526978,-0.9861384445,-0.1062674688,0.1274291697,,,,
10216,0.0,-832.475037,438.09491,1676.716187,-0.9758538659,-0.1758437694,0.1295692909,,,,
10217,0.0,-834.222107,440.12674,1676.268555,-0.9669261751,-0.2189552063,0.1308143325,,,,
10218,0.0,-835.865234,442.263672,1676.214478,-0.9583073383,-0.253204506,0.1324179876,,,,
10219,0.0,-837.884338,444.467651,1676.243652,-0.9515369919,-0.2773040289,0.1329655169,,,,
10220,0.0,-840.420715,446.212219,1676.136108,-0.9458512037,-0.2961176575,0.1329655342,,,,
10221,0.0,-842.839539,448.63913,1676.022583,-0.9404459031,-0.3128604641,0.1329655342,,,,
10222,0.0,-845.595825,450.627716,1675.771851,-0.9306835469,-0.3408053797,0.1329655169,,,,
10223,0.0,-848.310425,452.062347,1675.155884,-0.9162949857,-0.3782390795,0.1316764898,,,,
10224,0.0,-851.101685,453.516327,1674.005615,-0.9053288896,-0.4042180389,0.1303356384,,,,
10225,0.0,-853.328003,454.888428,1672.694824,-0.8935113963,-0.4306306238,0.1272582043,,,,
10226,0.0,-853.970581,455.128265,1672.06958,-0.8877159286,-0.4429418945,0.125550421,,,,
10227,0.0,-858.621033,456.994354,1666.344971,-0.8456555958,-0.5218128316,0.1121516036,,,,
10228,0.0,-860.115662,457.707336,1663.785522,-0.8406358698,-0.530464956,0.1092623667,,,,
10229,0.0,-861.1278995,458.04776,1663.4944455,-0.8395378084,-0.532480819,0.1078573227,,,,
10230,0.0,-863.504333,458.932037,1661.052734,-0.837787492,-0.5358055018,0.1049980116,,,,
10231,0.0,-864.5184325,459.240692,1659.8471065,-0.8367129363,-0.5377172584,0.1037557692,,,,
10232,0.0,-865.532532,459.549347,1658.641479,-0.8356383806,-0.5396290149,0.1025135267,,,,
10233,0.0,-867.795837,459.954865,1658.625,-0.8301308557,-0.5483713117,0.1008546824,,,,
10234,0.0,-868.696777,459.986572,1658.432129,-0.8267847479,-0.5536108128,0.0997098222,,,,
10235,0.0,-870.484253,459.903107,1658.311157,-0.8220232075,-0.5609878653,0.0978287343,,,,
10236,0.0,-872.031799,459.478882,1660.599121,-0.8202668423,-0.5638168305,0.0962958409,,,,
10237,0.0,-873.688538,458.901337,1662.656006,-0.8180457114,-0.5673300694,0.0945399723,,,,
10238,0.0,-875.012024,458.552521,1664.397949,-0.8148569252,-0.5723061115,0.0920538217,,,,
10239,0.0,-876.228455,458.19165,1664.215576,-0.8089584434,-0.5814749113,0.0864474663,,,,
10240,0.0,-876.811523,458.107666,1662.258667,-0.8046894022,-0.5880735293,0.0815137424,,,,
10241,0.0,-877.168274,458.076721,1661.009033,-0.8029725549,-0.5907228799,0.079256263,,,,
10242,0.0,-878.90509,457.495178,1660.08252,-0.7908326009,-0.6084376162,0.0662379385,,,,
10243,0.0,-879.037292,457.623077,1658.262817,-0.7804082436,-0.6227288563,0.0563182459,,,,
10244,0.0,-879.862488,457.350006,1658.497559,-0.7725329361,-0.6329946071,0.0501067852,,,,
10245,0.0,-881.009216,456.876709,1658.546631,-0.769535061,-0.6367985763,0.0479933651,,,,
10246,0.0,-881.824219,456.540436,1658.605469,-0.7697433273,-0.6366155973,0.047072193,,,,
10247,0.0,-882.897888,456.064056,1658.661377,-0.7700578099,-0.6363002038,0.0461846298,,,,
10248,0.0,-883.799377,455.676544,1658.725098,-0.7710126444,-0.6352507173,0.0446769323,,,,
10249,0.0,-884.647583,455.272064,1658.846924,-0.771407462,-0.6348124189,0.0440876446,,,,
10250,0.0,-885.678101,454.66629,1658.86377,-0.7717078093,-0.6344783068,0.0436386898,,,,
10251,0.0,-887.695679,453.437866,1659.118408,-0.7738083729,-0.6320111562,0.0422196678,,,,
10252,0.0,-888.915283,452.69873,1659.251587,-0.7760698633,-0.6292916135,0.0413235085,,,,
10253,0.0,-889.671631,452.181854,1659.519165,-0.7789411337,-0.6258706271,0.0392003633,,,,
10254,0.0,-890.378906,451.60553,1659.718628,-0.7818215665,-0.6224065295,0.0369479403,,,,
10255,0.0,-890.949646,451.086212,1659.969849,-0.7864247588,-0.6167536124,0.0339275753,,,,
10256,0.0,-891.044861,450.9777525,1660.052185,-0.7875862161,-0.6153086118,0.0331546364,,,,
10257,0.0,-891.948303,449.652039,1660.387451,-0.7932769262,-0.6082605263,0.0270342471,,,,
10258,0.0,-891.501648,449.496735,1660.51001,-0.7938504433,-0.6075878116,0.0252690493,,,,
10259,0.0,-892.0849,448.523895,1660.438477,-0.7919329966,-0.6100450282,0.0262143553,,,,
10260,0.0,-892.392822,447.704803,1660.359375,-0.7889842657,-0.613888184,0.0253993312,,,,
10261,0.0,-892.211853,446.886414,1660.205933,-0.7883679611,-0.6147249376,0.0242736271,,,,
10262,0.0,-892.045837,446.447174,1660.126221,-0.7888030655,-0.6141756217,0.0240422466,,,,
10263,0.0,-891.87616,446.057251,1660.075928,-0.7893466656,-0.6134900757,0.0237016554,,,,
10264,0.0,-891.51947,445.337189,1660.08313,-0.7901845206,-0.6124316505,0.0231494452,,,,
10265,0.0,-891.269653,444.881805,1660.068115,-0.790763219,-0.6116944506,0.0228786069,,,,
10266,0.0,-891.03479,444.486328,1660.098633,-0.7889449884,-0.6140657765,0.0221139623,,,,
10267,0.0,-890.634521,443.848724,1660.165894,-0.7883943004,-0.6148184067,0.0208027367,,,,
10268,0.0,-890.438293,443.564026,1660.161011,-0.7890581723,-0.6139915663,0.0200388956,,,,
10269,0.0,-889.96936,442.876526,1660.1875,-0.790114261,-0.6126702784,0.0188304137,,,,
10270,0.0,-889.654114,442.434113,1660.19751,-0.7908218128,-0.6117828631,0.0179607586,,,,
10271,0.0,-889.334961,441.982727,1660.1427,-0.7907354579,-0.6118224403,0.0202666497,,,,
10272,0.0,-889.241852,441.861435,1660.0527345,-0.7906828438,-0.6118679181,0.0209249397,,,,
10273,0.0,-889.148743,441.740143,1659.962769,-0.7906302297,-0.6119133959,0.0215832297,,,,
10274,0.0,-888.160522,440.38504,1659.918335,-0.7924124197,-0.6095845362,0.0221190051,,,,
10275,0.0,-887.812256,439.927551,1659.888306,-0.7931994017,-0.6085879259,0.0213411734,,,,
10276,0.0,-887.298279,439.245483,1659.85498,-0.793965374,-0.6076160946,0.0205345195,,,,
10277,0.0,-886.541809,438.254303,1659.673462,-0.7939961272,-0.6070530667,0.0325072951,,,,
10278,0.0,-886.125244,437.712433,1659.614014,-0.795057919,-0.6055808912,0.0339807248,,,,
10279,0.0,-885.727722,437.154358,1659.541748,-0.7964725952,-0.6036937823,0.0344270584,,,,
10280,0.0,-885.067871,436.198242,1659.541382,-0.7954367314,-0.6050487197,0.0345897832,,,,
10281,0.0,-884.613831,435.551819,1659.424927,-0.7951390702,-0.6052850724,0.0372000019,,,,
10282,0.0,-883.96283,434.639343,1659.453491,-0.7953476914,-0.6047853966,0.0407022581,,,,
10283,0.0,-883.390076,434.056854,1659.412842,-0.7967877555,-0.6028555353,0.0411640165,,,,
10284,0.0,-882.958313,433.65451,1659.382935,-0.797889767,-0.6011904275,0.0440680113,,,,
10285,0.0,-882.14624,432.781433,1659.434814,-0.7996681196,-0.5983920251,0.0495770388,,,,
10286,0.0,-881.584167,432.172119,1659.389282,-0.8006158916,-0.5969769163,0.0513103845,,,,
10287,0.0,-881.030457,431.555481,1659.447388,-0.8019271609,-0.5950275005,0.0534331558,,,,
10288,0.0,-880.341003,430.649109,1659.512085,-0.803945785,-0.5921687518,0.0548392572,,,,
10289,0.0,-880.020447,430.713287,1659.406494,-0.8041628623,-0.5918570444,0.0550211771,,,,
10290,0.0,-879.241028,429.418701,1659.646606,-0.8045730224,-0.5912291953,0.055769976,,,,
10291,0.0,-878.384216,428.543274,1659.54895,-0.8067474686,-0.5880690525,0.057734837,,,,
10292,0.0,-877.930359,428.196594,1659.722412,-0.8074457095,-0.5870287832,0.058554538,,,,
10293,0.0,-877.426758,427.288086,1659.855225,-0.8081633292,-0.5859537946,0.0594153514,,,,
10294,0.0,-876.738586,426.641876,1659.750732,-0.808997606,-0.5847730466,0.0596938645,,,,
10295,0.0,-876.107788,425.772858,1659.760864,-0.8103526298,-0.5827317239,0.0612564547,,,,
10296,0.0,-875.753174,425.231781,1659.920776,-0.8120908469,-0.5801719487,0.0625217269,,,,
10297,0.0,-875.362671,424.67514,1660.035034,-0.8133934497,-0.5782604443,0.06329261,,,,
10298,0.0,-875.068481,424.153748,1660.119141,-0.8149801619,-0.5758939127,0.0644479405,,,,
10299,0.0,-874.646973,423.326416,1660.176147,-0.8173103334,-0.5723757434,0.0662557715,,,,
10300,0.0,-874.183472,422.769348,1660.156006,-0.8188094233,-0.5701200124,0.0671885389,,,,
10301,0.0,-873.858948,422.339691,1660.043457,-0.8204748764,-0.5676266259,0.0679778703,,,,
10302,0.0,-873.214783,421.341278,1659.936646,-0.8211996954,-0.5665381853,0.0683047943,,,,
10303,0.0,-872.637939,420.661621,1659.891479,-0.8220114713,-0.565359703,0.0683048117,,,,
10304,0.0,-871.788879,419.749329,1659.807617,-0.8222845056,-0.5649625181,0.0683047943,,,,
10305,0.0,-871.229553,419.095184,1659.776367,-0.822636976,-0.5643649772,0.0689969433,,,,
10306,0.0,-870.3349,418.09903,1659.652222,-0.8232902672,-0.5633791042,0.0692612504,,,,
10307,0.0,-870.147827,417.269531,1659.797485,-0.8233118683,-0.5633475342,0.0692612678,,,,
10308,0.0,-869.787964,416.544128,1661.289551,-0.8233118683,-0.5633475342,0.0692612678,,,,
10309,0.0,-869.183838,415.690033,1662.662354,-0.8228337338,-0.5640456749,0.0692612678,,,,
10310,0.0,-868.534912,414.970947,1663.973145,-0.8223957632,-0.5646840602,0.0692612504,,,,
10311,0.0,-868.292053,414.158997,1664.923462,-0.8217003598,-0.5656954971,0.0692612678,,,,
10312,0.0,-867.772644,413.88266,1666.758423,-0.816363717,-0.5730375159,0.0719603146,,,,
10313,0.0,-867.555298,414.034775,1667.8358765,-0.8107985643,-0.5806377042,0.073314239,,,,
10314,0.0,-866.926331,414.255371,1670.513184,-0.7966871942,-0.5995791178,0.0761209301,,,,
10315,0.0,-866.737793,414.274353,1671.3112185,-0.7804017303,-0.619868953,0.0778192919,,,,
10316,0.0,-866.196533,414.311829,1673.537109,-0.7242758615,-0.6848795135,0.079777995,,,,
10317,0.0,-866.0512695,414.295792,1674.18396,-0.69876127,-0.7100806582,0.0789389018,,,,
10318,0.0,-865.651855,414.397705,1676.12915,-0.6435262175,-0.7617232395,0.0751778812,,,,
10319,0.0,-865.546631,414.446808,1677.337769,-0.6032554875,-0.7944248029,0.0705127604,,,,
10320,0.0,-865.55896,414.479218,1678.37854,-0.57919947,-0.8125026001,0.0660870546,,,,
10321,0.0,-865.488831,414.220978,1678.093872,-0.5513832917,-0.832051107,0.0605592359,,,,
10322,0.0,-865.652954,414.299286,1678.128784,-0.5229500472,-0.8506303998,0.0543246821,,,,
10323,0.0,-865.396484,413.713409,1677.555664,-0.4936698299,-0.8683189699,0.0480860223,,,,
10324,0.0,-864.479736,411.611298,1676.985229,-0.4748385568,-0.8789881398,0.0436828917,,,,
10325,0.0,-865.880493,412.2005,1675.975098,-0.4566136241,-0.8888056912,0.0390952878,,,,
10326,0.0,-866.277954,412.014984,1676.0271,-0.4407806593,-0.8969297705,0.0350627595,,,,
10327,0.0,-867.450378,412.178223,1676.159546,-0.4247620641,-0.9048076865,0.0300039894,,,,
10328,0.0,-868.323059,412.460815,1676.208496,-0.4219310551,-0.9062306348,0.0268369395,,,,
10329,0.0,-869.342224,412.891327,1676.175781,-0.4207515784,-0.9068353535,0.024854594,,,,
10330,0.0,-870.930847,413.703918,1676.106689,-0.4181799269,-0.9080843153,0.0225482839,,,,
10331,0.0,-872.024048,414.186737,1676.052734,-0.4123988626,-0.9107455848,0.0216715925,,,,
10332,0.0,-874.191956,415.102081,1675.936279,-0.3928754135,-0.9193655793,0.0203921828,,,,
10333,0.0,-875.60437,415.730591,1675.929077,-0.3824833622,-0.9237388264,0.0203238324,,,,
10334,0.0,-877.455688,416.91684,1675.894897,-0.3588481896,-0.9331905953,0.0195777829,,,,
10335,0.0,-879.31366,418.590057,1675.878784,-0.3243216129,-0.9457672824,0.0184320067,,,,
10336,0.0,-880.996338,420.002289,1676.050537,-0.3097810107,-0.9506457913,0.0175586109,,,,
10337,0.0,-882.987061,421.876831,1676.200317,-0.2746123589,-0.9613966998,0.0174481485,,,,
10338,0.0,-884.337524,423.468811,1676.335815,-0.2472865593,-0.9687852805,0.0174481485,,,,
10339,0.0,-886.880859,425.838806,1676.417358,-0.2001024636,-0.9795884332,0.0191182015,,,,
10340,0.0,-888.452454,427.351562,1676.433472,-0.1686721641,-0.9854535972,0.0207583451,,,,
10341,0.0,-891.130554,429.982574,1676.296875,-0.127130982,-0.9916200866,0.0229633902,,,,
10342,0.0,-893.543213,432.444397,1676.179932,-0.0720685984,-0.9969797643,0.028939016,,,,
10343,0.0,-895.436035,434.33197,1676.054077,-0.0456014194,-0.9982728911,0.037037083,,,,
10344,0.0,-897.213928,436.371277,1676.083252,-0.040513236,-0.9984320667,0.0386275267,,,,
10345,0.0,-899.944153,439.540039,1676.220337,-0.040513236,-0.9984320667,0.0386275267,,,,
10346,0.0,-901.985596,442.0047,1676.415527,-0.040513236,-0.9984320667,0.0386275267,,,,
10347,0.0,-903.440186,444.13089,1676.915283,-0.040513236,-0.9984320667,0.0386275267,,,,
10348,0.0,-905.701355,446.716644,1677.043823,-0.040513236,-0.9984320667,0.0386275267,,,,
10349,0.0,-908.479126,450.325623,1677.521362,-0.040513236,-0.9984320667,0.0386275267,,,,
10350,0.0,-909.914185,452.729095,1678.019287,-0.040513236,-0.9984320667,0.0386275267,,,,
10351,0.0,-911.225586,455.243622,1678.435303,-0.040513236,-0.9984320667,0.0386275267,,,,
10352,0.0,-913.973083,459.29657,1677.469727,-0.040513236,-0.9984320667,0.0386275267,,,,
10353,0.0,-915.316467,461.843048,1677.715942,-0.040513236,-0.9984320667,0.0386275267,,,,
10354,0.0,-916.406616,464.0401,1677.923706,-0.040513236,-0.9984320667,0.0386275267,,,,
10355,0.0,-917.657471,467.154236,1677.961914,-0.0461493424,-0.9981874335,0.0386275267,,,,
10356,0.0,-917.554871,469.054901,1678.279541,-0.087387663,-0.9957150179,0.0302489573,,,,
10357,0.0,-916.246521,472.676331,1679.315308,-0.0608591006,-0.997557585,0.0342787755,,,,
10358,0.0,-916.0135805,473.421738,1679.454163,-0.0123673666,-0.9979799467,0.038864147,,,,
10359,0.0,-915.78064,474.167145,1679.593018,0.0361243675,-0.9984023084,0.0434495186,,,,
10360,0.0,-912.45813,476.887634,1680.173828,0.2395122936,-0.9689190148,0.0618854103,,,,
10361,0.0,-910.490479,478.376984,1680.250244,0.3401774619,-0.9374626883,0.0737767063,,,,
10362,0.0,-908.31958,479.582275,1680.266724,0.4258619367,-0.9005257531,0.0877210282,,,,
10363,0.0,-905.97345,481.176453,1680.419556,0.4905324781,-0.8656825796,0.0998576953,,,,
10364,0.0,-903.325012,483.470428,1680.77063,0.5342376955,-0.8378582329,0.1121769419,,,,
10365,0.0,-902.079163,485.245544,1679.667236,0.5324001236,-0.8387858402,0.1139667609,,,,
10366,0.0,-900.603333,485.646973,1679.067627,0.5258167347,-0.8427210514,0.1154902202,,,,
10367,0.0,-896.603821,487.093475,1678.670654,0.5135998908,-0.8498837289,0.1179525308,,,,
10368,0.0,-894.684448,488.05069,1678.508179,0.5118995514,-0.8507957992,0.1187659776,,,,
10369,0.0,-892.713074,488.812561,1678.338379,0.5120779741,-0.8506578918,0.1189844511,,,,
10370,0.0,-891.498291,487.669159,1678.26062,0.515701058,-0.8484663336,0.1189844511,,,,
10371,0.0,-889.073853,485.617798,1677.865845,0.5218807246,-0.8446793532,0.1189844511,,,,
10372,0.0,-887.243347,484.057953,1677.809692,0.5269239456,-0.841542548,0.1189844337,,,,
10373,0.0,-885.568481,482.344391,1677.564209,0.5315604805,-0.8386215809,0.1189844511,,,,
10374,0.0,-884.771912,481.4776,1678.00708,0.5358337656,-0.8358976469,0.1189844511,,,,
10375,0.0,-883.73584,479.965637,1678.580933,0.5405204175,-0.8328747677,0.1189844511,,,,
10376,0.0,-881.986511,477.878265,1679.374878,0.5535403911,-0.8244084528,0.1180836075,,,,
10377,0.0,-881.269531,476.823181,1679.623657,0.5633175384,-0.8178684915,0.1173221274,,,,
10378,0.0,-880.086304,474.166046,1679.72998,0.5785175418,-0.8073601447,0.1161337617,,,,
10379,0.0,-879.276367,472.419708,1679.838501,0.5880767723,-0.8005451786,0.1152958238,,,,
10380,0.0,-878.623413,470.497101,1679.810791,0.5942274018,-0.7961141042,0.1144383152,,,,
10381,0.0,-878.145569,468.279999,1679.561646,0.5961405908,-0.7947134043,0.1142234696,,,,
10382,0.0,-877.59436,465.095886,1679.21228,0.5963808399,-0.7945331288,0.1142234696,,,,
10383,0.0,-877.385071,462.578766,1678.892578,0.59643891,-0.7946103777,0.1133797791,,,,
10384,0.0,-877.216736,460.222839,1678.606445,0.5970270934,-0.7941840707,0.1132709652,,,,
10385,0.0,-877.044189,458.145599,1678.278809,0.5976492499,-0.79378844,0.1127620797,,,,
10386,0.0,-877.072205,454.190552,1678.241089,0.6001702333,-0.7921849431,0.1106286891,,,,
10387,0.0,-876.885925,451.949799,1677.775757,0.6026632663,-0.7905926788,0.1084444727,,,,
10388,0.0,-876.934387,449.092224,1677.682861,0.6060853796,-0.7882545441,0.1063733344,,,,
10389,0.0,-876.982544,445.474854,1677.732422,0.6099985584,-0.7855252331,0.1041722943,,,,
10390,0.0,-877.301636,442.650116,1678.143799,0.6129920386,-0.7833424915,0.1030305857,,,,
10391,0.0,-877.477966,439.205658,1678.22937,0.6158045914,-0.7812485003,0.1021542271,,,,
10392,0.0,-877.539246,434.898468,1678.211182,0.6241870819,-0.7749671933,0.0990774251,,,,
10393,0.0,-878.946472,429.202911,1678.334595,0.6355409064,-0.7664086099,0.0933037989,,,,
10394,0.0,-879.1538085,426.793869,1678.1987915,0.6389278317,-0.7638967359,0.0905974479,,,,
10395,0.0,-879.361145,424.384827,1678.062988,0.642314757,-0.7613848619,0.0878910969,,,,
10396,0.0,-879.641968,420.610535,1677.858765,0.6473875541,-0.7574532762,0.0845806666,,,,
10397,0.0,-880.072693,415.139618,1677.383057,0.6558600002,-0.7505782154,0.0804984635,,,,
10398,0.0,-880.2737735,413.0428465,1677.09906,0.6595705438,-0.7474831525,0.0787997545,,,,
10399,0.0,-880.617798,408.30304,1676.720947,0.6682599598,-0.740080538,0.0755607267,,,,
10400,0.0,-880.749939,406.2613985,1676.65979,0.6725443856,-0.7362854989,0.0743880346,,,,
10401,0.0,-880.88208,404.219757,1676.598633,0.6768288115,-0.7324904597,0.0732153425,,,,
10402,0.0,-881.076477,401.109222,1676.577637,0.6846352959,-0.7252122984,0.0730864819,,,,
10403,0.0,-881.073853,397.955505,1676.739258,0.6920840074,-0.7182003176,0.0721666854,,,,
10404,0.0,-881.075073,391.097076,1677.385742,0.7106270365,-0.6999596244,0.0711740057,,,,
10405,0.0,-881.124878,387.751862,1677.317139,0.7254809347,-0.684628862,0.0704324833,,,,
10406,0.0,-881.161865,383.509308,1677.616699,0.7512877664,-0.6564222481,0.068385118,,,,
10407,0.0,-881.153442,380.581329,1678.013184,0.7732346638,-0.6305850963,0.0668624783,,,,
10408,0.0,-881.038513,376.07428,1678.330811,0.8135653918,-0.577983536,0.0636112049,,,,
10409,0.0,-880.82251,373.229401,1678.392456,0.8381728635,-0.5419388051,0.0613887804,,,,
10410,0.0,-880.618408,369.88678,1678.422974,0.8581983818,-0.5098626735,0.0594608414,,,,
10411,0.0,-880.175232,365.785339,1678.427124,0.891000933,-0.450383232,0.0572038619,,,,
10412,0.0,-879.556946,361.861053,1678.376831,0.927431782,-0.3699266707,0.0549958907,,,,
10413,0.0,-878.7276,360.002747,1677.81189,0.9456849841,-0.3205995415,0.0538130553,,,,
10414,0.0,-877.610779,355.997406,1677.258545,0.9667908863,-0.2501874777,0.0521690344,,,,
10415,0.0,-876.722839,353.019287,1676.820679,0.9797283975,-0.194117847,0.049502814,,,,
10416,0.0,-876.069153,350.877716,1676.510376,0.9843456912,-0.1697523139,0.0474100428,,,,
10417,0.0,-874.747925,346.250336,1676.505371,0.9890986475,-0.14037214,0.0444918847,,,,
10418,0.0,-873.748291,343.260468,1676.325684,0.9897118058,-0.1360198566,0.0443749934,,,,
10419,0.0,-872.767944,340.560883,1676.241333,0.9897971853,-0.1353971635,0.0443749934,,,,
10420,0.0,-871.307922,336.824005,1676.279053,0.9897971853,-0.1353971635,0.0443749934,,,,
10421,0.0,-870.0448,333.845398,1676.365967,0.9897971853,-0.1353971635,0.0443749934,,,,
10422,0.0,-868.368835,329.992371,1676.495972,0.9897971853,-0.1353971635,0.0443749934,,,,
10423,0.0,-866.94812,326.988708,1676.799316,0.9897971853,-0.1353971635,0.0443749934,,,,
10424,0.0,-865.458862,323.955536,1677.032959,0.9897971853,-0.1353971635,0.0443749934,,,,
10425,0.0,-864.021912,321.119019,1677.035156,0.9897971853,-0.1353971635,0.0443749934,,,,
10426,0.0,-861.596191,316.473755,1677.619385,0.9897971853,-0.1353971635,0.0443749934,,,,
10427,0.0,-860.166321,313.899384,1677.549316,0.9897971853,-0.1353971635,0.0443749934,,,,
10428,0.0,-858.260498,310.427795,1677.905518,0.9897971853,-0.1353971635,0.0443749934,,,,
10429,0.0,-856.64624,307.548523,1678.072632,0.9897971853,-0.1353971635,0.0443749934,,,,
10430,0.0,-854.806152,304.325226,1678.22644,0.9897971853,-0.1353971635,0.0443749934,,,,
10431,0.0,-852.871704,300.650787,1678.080566,0.9897971853,-0.1353971635,0.0443749934,,,,
10432,0.0,-850.5625,296.490082,1677.890381,0.9897971853,-0.1353971635,0.0443749934,,,,
10433,0.0,-849.115601,294.086761,1677.736572,0.9897971853,-0.1353971635,0.0443749934,,,,
10434,0.0,-846.402222,289.959442,1677.714966,0.9897971853,-0.1353971635,0.0443749934,,,,
10435,0.0,-845.108643,287.817566,1677.477539,0.9897971853,-0.1353971635,0.0443749934,,,,
10436,0.0,-843.166809,284.683807,1677.170654,0.9897971853,-0.1353971635,0.0443749934,,,,
10437,0.0,-840.711914,280.84198,1676.811157,0.9897971853,-0.1353971635,0.0443749934,,,,
10438,0.0,-838.872131,278.156006,1676.67041,0.9897971853,-0.1353971635,0.0443749934,,,,
10439,0.0,-836.930054,275.331268,1676.2677,0.9897971853,-0.1353971635,0.0443749934,0.0216266708,525.7195239682,2541.5879733314,0.0
10440,0.0,-834.560364,272.029388,1676.208252,0.9895387911,-0.1372728699,0.0443749934,0.0221158552,530.6976778048,2537.4348121985,0.0
10441,0.0,-831.024719,267.21814,1676.314941,0.9894036604,-0.1382434694,0.0443749934,0.0228021831,538.4458196011,2535.8802055989,0.0
10442,0.0,-829.750183,265.4659885,1676.30426,0.9893449706,-0.1386622195,0.0443749847,0.0229402523,540.2635859007,2536.8700047412,0.0
10443,0.0,-828.475647,263.713837,1676.293579,0.9892862808,-0.1390809695,0.0443749759,0.0230783214,542.0813522002,2537.8598038836,0.0
10444,0.0,-823.91333,258.621124,1677.524414,0.9881236878,-0.1473129264,0.0437090292,0.0258128868,572.4365333146,2535.7994202393,0.0
10445,0.0,-822.4228515,257.088951,1677.5078125,0.9872375032,-0.1533078148,0.0426735272,0.0273447808,588.6546959173,2535.5621187258,0.0
10446,0.0,-818.748962,253.735199,1678.106079,0.985609735,-0.1640318781,0.0408288288,0.030250468,618.7713782536,2534.8873543008,0.0
10447,0.0,-816.270081,251.845245,1678.313599,0.9844978866,-0.1707805862,0.0399737751,0.0321469477,637.2299815094,2533.5530165501,0.0
10448,0.0,-812.723145,249.561249,1678.547729,0.9826437426,-0.1814270946,0.0386714935,,,,
10449,0.0,-810.051697,247.826508,1678.593262,0.9815260972,-0.1875379738,0.0378949728,,,,
10450,0.0,-806.605286,245.862564,1678.722778,0.9788642419,-0.2013296269,0.0359329555,,,,
10451,0.0,-804.127258,244.421707,1678.777954,0.9765837,-0.2122641275,0.0350459275,,,,
10452,0.0,-801.320374,243.308319,1678.465088,0.9739124617,-0.2243539807,0.0340559573,,,,
10453,0.0,-798.079285,241.536331,1678.525024,0.9715357753,-0.2345573123,0.0331828964,,,,
10454,0.0,-794.814087,239.917099,1678.461914,0.9691557882,-0.2443235119,0.0322967445,,,,
10455,0.0,-790.790405,238.011734,1677.960693,0.9653365075,-0.2591623831,0.0309884904,,,,
10456,0.0,-788.690735,236.953674,1678.203369,0.9631570918,-0.2672761197,0.0298645652,,,,
10457,0.0,-785.579529,235.503906,1677.953979,0.9607692905,-0.2758646258,0.0286544709,,,,
10458,0.0,-781.755615,233.706818,1677.609253,0.9577080317,-0.2864875296,0.0268369395,,,,
10459,0.0,-778.553772,232.255081,1677.661987,0.9542376458,-0.2980045712,0.0249758044,,,,
10460,0.0,-775.655457,230.944504,1677.79126,0.9520004695,-0.3051617243,0.0239045622,,,,
10461,0.0,-771.142029,228.685364,1678.121094,0.9458497825,-0.3239915833,0.0199409848,,,,
10462,0.0,-768.597595,227.568817,1678.14624,0.9400946533,-0.340553755,0.0156583145,,,,
10463,0.0,-765.033569,225.735977,1678.775269,0.9338215458,-0.3575658004,0.0111363841,0.0440477897,521.1132261182,1775.3783343136,1.0
10464,0.0,-760.540344,223.720108,1678.481201,0.923823345,-0.3828059044,0.0031728113,0.0525702513,566.6290340527,1770.9157372265,1.0
10465,0.0,-757.623718,222.731445,1678.094971,0.9172931429,-0.3982114181,-0.00097803,0.0581585004,594.1934484459,1768.130720775,1.0
10466,0.0,-752.801941,221.193268,1677.381714,0.9090002862,-0.4167524043,-0.0059927616,0.0649732104,625.4480091062,1763.9268061493,1.0
10467,0.0,-749.179504,220.321625,1676.507568,0.9005578907,-0.4346338562,-0.0094284954,0.0717679869,655.1354342833,1761.1082971352,1.0
10468,0.0,-745.985413,219.573364,1676.462646,0.8922701367,-0.4513279081,-0.0125348533,0.078505803,682.9600947579,1758.4292937605,1.0
10469,0.0,-741.514587,218.836121,1674.840576,0.8832291863,-0.4686375821,-0.0168825706,0.0858049649,711.0311281771,1754.4431994739,1.0
10470,0.0,-739.413147,218.462753,1674.19812,0.8826834431,-0.4696331448,-0.0177383344,0.0858967134,710.6605265909,1752.6340120597,1.0
10471,0.0,-736.317139,218.239151,1672.635498,0.8822961989,-0.4703295299,-0.0185351206,0.0858031745,709.1598430693,1749.8433101249,1.0
10472,0.0,-736.096313,216.635757,1677.887939,0.8819190092,-0.4710053438,-0.0193087389,0.0866682383,711.050549667,1746.1250856184,1.0
10473,0.0,-733.204529,216.578186,1678.30603,0.8816655609,-0.4714580807,-0.0198271769,0.0862461246,708.3749658427,1743.6140839052,1.0
10474,0.0,-731.149719,216.529633,1678.881104,0.881321502,-0.4720427848,-0.0211664705,0.0861113895,707.109041574,1741.7979013078,1.0
10475,0.0,-728.325562,216.510468,1679.895386,0.8807206869,-0.4730930057,-0.0226733222,0.0858762387,705.1977276766,1739.3596452936,1.0
10476,0.0,-726.137024,216.520615,1680.617554,0.8802429057,-0.473934129,-0.023640394,0.0856769119,703.6589933498,1737.4916322629,1.0
10477,0.0,-722.569946,216.584747,1681.791382,0.8801670776,-0.4739369358,-0.0262620736,0.0845951899,698.2730656929,1734.6911734454,1.0
10478,0.0,-721.6710205,216.601608,1682.088074,0.8799197999,-0.474333452,-0.0273411647,0.0844694439,697.5296844041,1734.0769142314,1.0
10479,0.0,-720.772095,216.618469,1682.384766,0.8796725222,-0.4747299683,-0.0284202558,0.0843436979,696.7863031152,1733.4626550175,1.0
10480,0.0,-719.399536,216.632065,1681.584595,0.8782456506,-0.4771853803,-0.0312840232,0.0849873495,699.0168005891,1732.7050767173,1.0
10481,0.0,-717.201172,216.646576,1679.362305,0.8725678729,-0.4869176929,-0.0391977996,0.0888333972,713.640002273,1731.9756291031,1.0
10482,0.0,-716.5083925,216.663246,1678.7039795,0.8698181783,-0.491467573,-0.0428310486,0.0908699811,721.2687329216,1731.8071019113,1.0
10483,0.0,-714.770752,216.71022,1677.090698,0.8611089996,-0.505427112,-0.05508834,0.0975614233,745.97397488,1731.5270903729,1.0
10484,0.0,-713.729309,216.758301,1676.193115,0.8554336929,-0.5141630193,-0.0622060018,0.1019834058,761.7421637169,1731.3833509332,1.0
10485,0.0,-713.0157775,216.8043445,1675.6210935,0.851754584,-0.5195913694,-0.0668880635,0.10485366,771.697113013,1731.3273955198,1.0
10486,0.0,-711.382996,216.953278,1674.226562,0.8467688281,-0.5268225232,-0.0737602927,0.1084106103,784.0286577946,1731.3409771781,1.0
10487,0.0,-709.896606,217.130539,1673.406494,0.8452414823,-0.5289043787,-0.0763347547,0.1091773376,786.5305836984,1731.1072107355,1.0
10488,0.0,-708.802429,217.152191,1672.829956,0.8332051564,-0.5452110604,-0.0922717023,0.1191906621,819.6553161691,1731.1621879384,1.0
10489,0.0,-707.817444,217.301773,1673.175293,0.8310346222,-0.548791591,-0.0906048915,0.1204370993,823.7862172655,1731.4340176716,1.0
10490,0.0,-706.482971,217.49437,1673.624023,0.8299003478,-0.5510447423,-0.0872645667,0.1207588237,824.79610599,1731.393987661,1.0
10491,0.0,-708.17627,219.58522,1670.998413,0.8285375112,-0.5531696819,-0.0867692085,0.1210607552,827.2789685675,1734.5783662437,1.0
10492,0.0,-707.000427,219.783691,1671.420166,0.8271495768,-0.5552953342,-0.0864330343,0.1219857076,832.1370755471,1738.5650740776,1.0
10493,0.0,-705.902222,219.872986,1671.876099,0.8259850742,-0.5570454784,-0.0863075446,0.1224928906,833.7758266814,1738.6135613964,1.0
10494,0.0,-703.793213,219.74939,1672.564575,0.8242461106,-0.5596480679,-0.0860952331,0.1232745239,836.1465863892,1738.3826519661,1.0
10495,0.0,-703.316467,219.955978,1672.78894,0.8237015988,-0.5607107673,-0.0843748279,0.1233311247,836.5926615825,1738.9371239256,1.0
10496,0.0,-701.316284,219.971588,1673.248169,0.8227717163,-0.5625709962,-0.0809973894,0.1234045504,836.742982272,1738.7660911861,1.0
10497,0.0,-699.504578,219.887466,1673.527344,0.8211959929,-0.5648599591,-0.0810578054,0.1242028228,839.2419977707,1738.7155440154,1.0
10498,0.0,-699.246216,219.811546,1673.5007325,0.8209857334,-0.5651584768,-0.0811060178,0.1243058175,839.5194411024,1738.6175805508,1.0
10499,0.0,-698.987854,219.735626,1673.474121,0.8207754738,-0.5654569944,-0.0811542302,0.1244088122,839.7968844342,1738.5196170862,1.0
10500,0.0,-695.382874,219.691513,1673.939331,0.818467747,-0.568963845,-0.0799417929,0.125287302,842.4394677146,1738.2723259969,1.0
10501,0.0,-694.185547,219.997574,1674.44104,0.8181193714,-0.5699427967,-0.0764585024,0.1248500073,841.6652194598,1739.5106367761,1.0
10502,0.0,-692.415344,220.130096,1674.857422,0.8166123441,-0.5721369496,-0.0761812997,0.1255415612,843.9600520924,1739.7635190738,1.0
10503,0.0,-691.532471,220.395111,1675.292114,0.8154056703,-0.5737699008,-0.0768224817,0.1261869453,846.2534283101,1740.3239520287,1.0
10504,0.0,-689.641907,220.368271,1675.73938,0.8130156741,-0.5769194268,-0.0785460929,0.1276335376,851.0163584922,1740.8448948842,1.0
10505,0.0,-688.564514,220.481232,1676.096802,0.8129176619,-0.5773926786,-0.0760432096,0.1272475853,850.1343470324,1741.4964965313,1.0
10506,0.0,-687.176392,220.628616,1676.575806,0.8129284859,-0.5777240125,-0.0733637665,0.1267870205,848.8773070803,1741.8628096536,1.0
10507,0.0,-685.901306,220.8311,1677.015869,0.8122605376,-0.5788202512,-0.07211058,0.1268836115,849.5119838527,1742.5464442123,1.0
10508,0.0,-684.837585,220.923492,1677.428833,0.8109772249,-0.5804324612,-0.0735805597,0.1275813417,852.0912941997,1743.3760099308,1.0
10509,0.0,-683.327393,221.133026,1678.084229,0.809442505,-0.5822828336,-0.0758256733,0.1284211468,854.9813373271,1743.9510803936,1.0
10510,0.0,-682.07135,221.38089,1678.861938,0.8102390455,-0.5815589861,-0.0728137001,0.1272999442,851.7944356634,1744.5626905579,1.0
10511,0.0,-681.005981,221.643753,1679.392212,0.8107551445,-0.5813592346,-0.068538573,0.1264320283,849.4424309916,1745.3023423662,1.0
10512,0.0,-679.784302,221.99118,1680.11499,0.8106653259,-0.5819680984,-0.064302891,0.125983227,848.4978150755,1746.2548579643,1.0
10513,0.0,-678.487305,222.199005,1680.525146,0.8099615543,-0.5832482167,-0.0615125866,0.1261308339,849.3518989729,1747.0582931599,1.0
10514,0.0,-678.109131,222.259094,1680.651855,0.8095382704,-0.5839740726,-0.0601836467,0.1263185513,850.167543824,1747.5237009747,1.0
10515,0.0,-676.75116,222.999954,1682.213867,0.80747627,-0.5874462838,-0.053748833,0.1272037742,854.0025573065,1749.7012812843,1.0
10516,0.0,-675.809692,223.350754,1682.671265,0.806243273,-0.5893881718,-0.0509251187,0.1277761309,856.3197828756,1750.782599911,1.0
10517,0.0,-674.687134,223.615265,1683.089966,0.8049392678,-0.5914089562,-0.0480439562,0.1284074535,858.7387145693,1751.702188283,1.0
10518,0.0,-673.738525,223.973801,1683.476562,0.8039368042,-0.5929848163,-0.0453279431,0.1287929957,860.4567235652,1752.7581401281,1.0
10519,0.0,-672.547546,224.162674,1683.866089,0.802391618,-0.5953442235,-0.0416286783,0.129642156,863.5016647758,1753.5885620771,1.0
10520,0.0,-671.717102,224.766708,1684.212402,0.7995138359,-0.5996020698,-0.0354257543,0.1314616711,869.9142028397,1755.1968943143,1.0
10521,0.0,-670.771484,225.08345,1684.495605,0.7979455877,-0.6018436314,-0.0326662276,0.132345983,873.1170984075,1756.1794787688,1.0
10522,0.0,-669.787781,225.432785,1684.724731,0.7958097868,-0.604895246,-0.0280806806,0.1336709875,877.694115352,1757.2376701169,1.0
10523,0.0,-668.685486,225.785004,1684.975098,0.7944859199,-0.6066962223,-0.0266798986,0.1343035722,880.1512304071,1758.3002117248,1.0
10524,0.0,-667.650024,226.086411,1685.177368,0.7939223339,-0.6074736992,-0.025749417,0.1343472897,880.7629434195,1759.2565543898,1.0
10525,0.0,-666.645386,226.3629,1685.379883,0.7933989159,-0.6081941992,-0.0248591305,0.1343937421,881.3426835248,1760.1321886,1.0
10526,0.0,-665.612854,226.645065,1685.592651,0.7923753304,-0.6095639072,-0.0239411513,0.1348471667,883.1662376123,1761.0201816064,1.0
10527,0.0,-664.500244,226.925308,1685.834961,0.7912082214,-0.6111153008,-0.0229704045,0.1353975648,885.2934969405,1761.9302986806,1.0
10528,0.0,-661.388,226.796402,1688.159058,0.7905226581,-0.6120076473,-0.022815931,0.1353423097,885.5286459514,1762.7319020998,1.0
10529,0.0,-660.48291,227.052765,1688.515137,0.7900374423,-0.6126609222,-0.0220779126,0.1354413896,886.2520830796,1763.5734369427,1.0
10530,0.0,-659.132568,227.024124,1688.889648,0.7895120547,-0.6133491134,-0.0217619094,0.1356113079,887.0769163624,1764.1889427305,1.0
10531,0.0,-657.215393,226.644043,1690.537354,0.7892884477,-0.6136564344,-0.0212020498,0.1356444344,887.221210495,1764.2761148082,1.0
10532,0.0,-655.437012,226.776825,1693.133667,0.7885834627,-0.614595337,-0.0202161851,0.1359388064,888.3419507077,1764.7303822488,1.0
10533,0.0,-653.72821,227.060287,1694.476929,0.7879733634,-0.6154350855,-0.018374822,0.1361620376,889.2712182998,1765.2334112777,1.0
10534,0.0,-651.65271,227.287216,1695.92981,0.7877046183,-0.6158473172,-0.0159221928,0.1361338352,889.2995476689,1765.4591345865,1.0
10535,0.0,-649.817871,227.503601,1697.540283,0.7876501655,-0.6160258982,-0.010922891,0.1359919038,889.1798602747,1766.0752060858,1.0
10536,0.0,-648.617798,227.586472,1698.993286,0.7882802899,-0.6152832531,-0.0063798856,0.1353920983,887.8520866901,1767.0555405391,1.0
10537,0.0,-647.245422,227.61145,1700.449951,0.7890891244,-0.6142736405,-0.0024996754,0.1346764483,886.0163952309,1767.7418519814,1.0
10538,0.0,-645.421082,227.565018,1702.676392,0.789465906,-0.6137944048,0.0001091529,0.1343177381,885.5410580312,1768.9810308668,1.0
10539,0.0,-644.358948,227.406723,1704.213989,0.7894658105,-0.6137945074,0.0001917419,0.1343171606,886.0396872938,1769.9806376273,1.0
10540,0.0,-643.146484,227.099121,1705.901245,0.7894658105,-0.6137945074,0.0001917419,0.1343563206,886.6510620507,1770.962385304,1.0
10541,0.0,-641.768494,226.736664,1707.392334,0.7894658105,-0.6137945074,0.0001917419,0.1344167877,887.3704263268,1772.0292326443,1.0
10542,0.0,-639.594116,227.218964,1706.424683,0.7894658105,-0.6137945074,0.0001917419,0.1341885593,886.896627621,1772.480159374,1.0
10543,0.0,-638.576233,226.839401,1706.791504,0.7885600661,-0.614957039,0.0009285848,0.1350373034,890.0372603373,1773.5614286996,1.0
10544,0.0,-636.895691,226.184769,1707.140747,0.785688394,-0.6186115568,0.0036727754,0.137590229,898.207451667,1774.3742905495,1.0
10545,0.0,-635.568054,225.588303,1707.657104,0.7838938166,-0.6208700423,0.0055565238,0.1392683522,903.6265696577,1775.0921421328,1.0
10546,0.0,-633.965881,224.644547,1708.217285,0.7809333751,-0.6245457665,0.0092546857,0.1420848472,912.4034229775,1775.8246711086,1.0
10547,0.0,-632.628174,223.825287,1708.852539,0.7771439694,-0.6292190701,0.011428586,0.1455226733,922.9796484677,1776.7078815145,1.0
10548,0.0,-630.646667,222.512482,1709.496338,0.7731002332,-0.6341425429,0.0133889806,0.1493189273,934.1248546352,1776.9765853759,1.0
10549,0.0,-628.601196,221.452209,1710.20874,0.7673564057,-0.6409884611,0.0172609203,,,,
10550,0.0,-627.547363,220.995087,1710.65979,0.7641084212,-0.6448130449,0.0188270458,,,,
10551,0.0,-625.298645,220.156494,1711.907959,0.7572801351,-0.6527738798,0.0203238498,,,,
10552,0.0,-622.420593,219.304031,1712.720703,0.7524699928,-0.6583128823,0.0203238498,,,,
10553,0.0,-619.751099,218.52771,1713.573242,0.7446592658,-0.6671586614,0.0195422199,,,,
10554,0.0,-617.179993,217.649094,1714.485596,0.7370833967,-0.6755242791,0.0193652944,,,,
10555,0.0,-614.941528,216.949951,1715.204346,0.7288338429,-0.6843910677,0.0202508228,,,,
10556,0.0,-612.282837,216.220306,1716.081055,0.7215085359,-0.6920849445,0.0210680384,,,,
10557,0.0,-609.186523,215.524979,1717.042603,0.7057153851,-0.7080785959,0.0243001483,,,,
10558,0.0,-606.705261,214.804504,1717.961182,0.688676446,-0.7245003796,0.0287045761,,,,
10559,0.0,-603.342896,213.892609,1719.083984,0.6725240643,-0.7393393343,0.0329959345,,,,
10560,0.0,-600.132446,213.218262,1719.946411,0.6435513941,-0.7644096367,0.0389808989,,,,
10561,0.0,-597.103943,212.542969,1720.7229,0.6039645346,-0.7956726367,0.0461724604,,,,
10562,0.0,-593.755127,211.690765,1721.473633,0.5478552037,-0.8347753933,0.0548153125,,,,
10563,0.0,-590.324768,210.753494,1722.281616,0.4730104432,-0.8787823996,0.0632662212,,,,
10564,0.0,-584.086365,209.21347,1724.279297,0.3493382085,-0.9340486884,0.0742688617,,,,
10565,0.0,-582.7337345,208.7598875,1724.6411745,0.3126780769,-0.9459701792,0.0766870616,,,,
10566,0.0,-578.550598,207.353378,1725.405762,0.2090668305,-0.9742128485,0.0848550894,,,,
10567,0.0,-576.696991,206.6180035,1725.4551395,0.1681564184,-0.9808229077,0.0892906158,,,,
10568,0.0,-574.843384,205.882629,1725.504517,0.1272460062,-0.9874329669,0.0937261423,,,,
10569,0.0,-569.634338,203.882111,1726.538696,0.0608923885,-0.9922618548,0.1082059542,,,,
10570,0.0,-566.77771,202.422836,1726.033447,0.0466017776,-0.9924980413,0.1130305814,,,,
10571,0.0,-562.650818,200.705002,1726.882812,0.036605254,-0.9922620765,0.1186424328,,,,
10572,0.0,-560.048889,199.564941,1727.175659,0.0355011274,-0.9920347883,0.1208579693,,,,
10573,0.0,-558.147522,198.730423,1727.473877,0.0339690604,-0.9918045246,0.1231352974,,,,
10574,0.0,-553.715027,196.35144,1727.815674,0.0263739428,-0.9913554321,0.1285255708,,,,
10575,0.0,-551.076904,194.871307,1727.9198,0.0126372612,-0.9910920745,0.1325775227,,,,
10576,0.0,-547.450928,192.382202,1727.890991,-0.0078731869,-0.9905747093,0.136747059,,,,
10577,0.0,-545.327942,190.805252,1727.764282,-0.0216986241,-0.9899672907,0.1396206759,,,,
10578,0.0,-541.34552,187.906952,1727.389038,-0.0407898796,-0.988783857,0.1436755717,,,,
10579,0.0,-539.187927,186.273178,1727.235596,-0.050334658,-0.9880325372,0.1458016722,,,,
10580,0.0,-536.55304,184.318314,1726.69104,-0.0620960704,-0.9869722829,0.1484243609,,,,
10581,0.0,-533.545044,181.947433,1726.701416,-0.0754657636,-0.9857116192,0.1505905787,,,,
10582,0.0,-529.977173,179.043213,1726.509644,-0.090966028,-0.9841510537,0.1522231431,,,,
10583,0.0,-527.762878,177.09491,1726.539551,-0.1047374331,-0.9826610042,0.1529948396,,,,
10584,0.0,-525.70929,175.117111,1726.542725,-0.1226609332,-0.9805566547,0.1531761806,,,,
10585,0.0,-523.075684,172.525208,1726.554688,-0.1401683831,-0.9782074869,0.1531761633,,,,
10586,0.0,-519.986328,168.999695,1726.768433,-0.177697934,-0.9720907889,0.1531761806,,,,
10587,0.0,-517.452942,165.911133,1726.816895,-0.2134372759,-0.9648738738,0.1531761633,,,,
10588,0.0,-515.529175,163.759888,1726.683594,-0.2331783244,-0.9602941903,0.1531761633,,,,
10589,0.0,-513.461548,160.996109,1726.967773,-0.2545910284,-0.9547300222,0.1538635528,,,,
10590,0.0,-511.767883,158.56282,1727.266235,-0.2724700893,-0.9496844291,0.1544653219,,,,
10591,0.0,-509.65448,155.480026,1727.617188,-0.2876771903,-0.9451170402,0.1549051792,,,,
10592,0.0,-506.691467,151.649323,1727.723877,-0.304593397,-0.9394716589,0.1568944379,,,,
10593,0.0,-504.916107,149.378159,1727.858887,-0.3098042942,-0.9376329643,0.1576886917,,,,
10594,0.0,-502.593872,146.004471,1727.242676,-0.3112738269,-0.9371086183,0.1579115009,,,,
10595,0.0,-501.041351,143.666321,1726.859619,-0.3112738269,-0.9371086183,0.1579115009,,,,
10596,0.0,-498.31546,139.876053,1727.190308,-0.3112738269,-0.9371086183,0.1579115009,,,,
10597,0.0,-496.627106,137.145126,1726.606689,-0.3132065585,-0.9363475462,0.1586030405,,,,
10598,0.0,-495.184357,134.816025,1726.575073,-0.3243498202,-0.9323356587,0.1598355829,,,,
10599,0.0,-493.894592,131.033417,1726.075806,-0.3395697967,-0.9266524055,0.1612689451,,,,
10600,0.0,-491.827423,127.752365,1725.803711,-0.3618471894,-0.9181070937,0.1616971738,,,,
10601,0.0,-490.304047,125.047096,1725.562256,-0.4019724888,-0.9013312836,0.1613072702,,,,
10602,0.0,-488.177155,121.389336,1725.348389,-0.445656348,-0.8806471783,0.1607823583,,,,
10603,0.0,-487.139923,118.096809,1725.173584,-0.504589502,-0.8482620786,0.1607509893,,,,
10604,0.0,-486.219757,115.421692,1725.142334,-0.5472387106,-0.821058114,0.1624603554,,,,
10605,0.0,-485.351135,112.742455,1725.449585,-0.6027111534,-0.7812083209,0.1626432442,,,,
10606,0.0,-484.50415,110.25473,1725.846436,-0.6316121141,-0.7579332753,0.1631051426,,,,
10607,0.0,-483.524078,107.178329,1726.288452,-0.6548165103,-0.7378801226,0.1635489605,,,,
10608,0.0,-482.48941,104.437027,1727.326172,-0.6786044677,-0.7158551233,0.1644609948,,,,
10609,0.0,-481.910309,101.379036,1727.882935,-0.689617064,-0.7052351258,0.1645348666,,,,
10610,0.0,-481.8969115,100.7160835,1727.867493,-0.6913672346,-0.703471934,0.1647190918,,,,
10611,0.0,-481.883514,100.053131,1727.852051,-0.7138746129,-0.6792738072,0.1702061454,,,,
10612,0.0,-480.744019,91.439003,1729.948242,-0.7240316139,-0.6679999809,0.1719134886,,,,
10613,0.0,-480.88797,89.927437,1730.005249,-0.734975874,-0.6552210564,0.173807841,,,,
10614,0.0,-481.031921,88.415871,1730.062256,-0.745920134,-0.6424421319,0.1757021933,,,,
10615,0.0,-481.526001,84.443787,1729.99939,-0.7644414075,-0.6193345334,0.1790365053,,,,
10616,0.0,-482.373962,78.638191,1729.888306,-0.7882893255,-0.5872967776,0.1835277481,,,,
10617,0.0,-483.386292,74.743904,1729.861328,-0.8196284133,-0.5408928951,0.1887965575,,,,
10618,0.0,-483.932861,73.830627,1730.322144,-0.8416744305,-0.504802348,0.191725696,,,,
10619,0.0,-484.654449,72.689346,1730.549561,-0.8621028358,-0.4678827084,0.1945879536,,,,
10620,0.0,-485.281708,71.946747,1730.807617,-0.8924315422,-0.4027003133,0.2034659681,,,,
10621,0.0,-485.905334,71.845329,1730.55249,-0.9139676447,-0.3460896192,0.2118610865,,,,
10622,0.0,-487.097717,71.638283,1730.087158,-0.9288090159,-0.2991616416,0.2186689831,,,,
10623,0.0,-488.229034,71.755821,1729.724121,-0.9422654235,-0.2475087282,0.2255555391,,,,
10624,0.0,-488.997101,72.264519,1729.099121,-0.9497036168,-0.2122428545,0.2302520596,,,,
10625,0.0,-489.86145,72.862228,1729.058838,-0.9526990572,-0.1925653666,0.2351235545,,,,
10626,0.0,-491.111877,74.046715,1728.968872,-0.9548411205,-0.1732666639,0.2413650716,,,,
10627,0.0,-492.219635,75.136581,1729.099365,-0.9558928051,-0.1581122362,0.2475266973,,,,
10628,0.0,-493.403259,76.484207,1728.233765,-0.9567377277,-0.1375212846,0.2563997205,,,,
10629,0.0,-494.512909,78.193054,1728.164062,-0.9571582691,-0.1140473981,0.2661601753,,,,
10630,0.0,-495.519714,79.888588,1728.006348,-0.9572172337,-0.093212933,0.2739461931,,,,
10631,0.0,-496.329956,81.264069,1727.84082,-0.9566111079,-0.0755148154,0.2814119771,,,,
10632,0.0,-497.027008,83.476952,1727.793457,-0.9556566216,-0.059019385,0.2885084641,,,,
10633,0.0,-497.895874,85.961525,1727.805908,-0.9543182669,-0.0419821888,0.2958278915,,,,
10634,0.0,-498.69809,88.49382,1727.898071,-0.9524662013,-0.0243503038,0.3036695542,,,,
10635,0.0,-499.203552,90.377167,1728.130005,-0.9498490456,-0.0055909928,0.31265881,,,,
10636,0.0,-500.076874,94.293152,1728.457275,-0.9458602977,0.0173650152,0.3241091689,,,,
10637,0.0,-500.510834,96.675148,1728.514648,-0.9437621727,0.0279784549,0.329439171,,,,
10638,0.0,-500.940399,99.589386,1728.631348,-0.9418905971,0.0375230229,0.3338175038,,,,
10639,0.0,-501.287231,102.40065,1728.653198,-0.9412268951,0.0424292539,0.335099523,,,,
10640,0.0,-501.472839,104.569527,1728.645996,-0.9410185954,0.0432453265,0.3355798636,,,,
10641,0.0,-501.519806,105.980209,1728.466919,-0.9409496882,0.0432421598,0.3357734353,,,,
10642,0.0,-501.778381,112.058952,1728.100098,-0.9410087072,0.0386528547,0.3361674728,,,,
10643,0.0,-501.983551,115.672203,1728.207886,-0.9416809564,0.0287990698,0.3352724116,,,,
10644,0.0,-502.072113,118.914772,1727.978271,-0.9429281024,0.0134931753,0.3327228997,,,,
10645,0.0,-502.186737,122.379295,1727.63208,-0.9436814835,-0.0020944883,0.330848713,,,,
10646,0.0,-502.347137,125.670937,1727.352905,-0.9442676421,-0.0244401392,0.3282701628,,,,
10647,0.0,-502.492737,128.438522,1727.134155,-0.9441834299,-0.0468813279,0.3260671585,,,,
10648,0.0,-502.977081,132.777893,1726.91687,-0.943640038,-0.0697147069,0.3235480463,,,,
10649,0.0,-504.337036,138.671127,1727.1698,-0.9401858301,-0.1306978011,0.3145928951,,,,
10650,0.0,-505.171295,141.687241,1727.349121,-0.9358933283,-0.1691691372,0.3090072507,,,,
10651,0.0,-506.024582,143.806534,1727.51355,-0.9310114728,-0.1981444378,0.3050862904,,,,
10652,0.0,-508.133423,148.388519,1727.764526,-0.91931345,-0.2564234228,0.2985126613,,,,
10653,0.0,-509.868134,150.854507,1727.880127,-0.911342368,-0.2864139102,0.2956723868,,,,
10654,0.0,-511.353485,152.796005,1728.008179,-0.9073398161,-0.3004284325,0.2940700853,,,,
10655,0.0,-513.915039,155.805771,1728.166504,-0.9024560464,-0.316941716,0.2917550908,,,,
10656,0.0,-515.693359,157.899826,1728.191772,-0.8995461956,-0.3265642822,0.2901248207,,,,
10657,0.0,-516.545593,158.620102,1728.190918,-0.8982054147,-0.3307112243,0.289580937,,,,
10658,0.0,-519.982178,162.019913,1727.969604,-0.8928652405,-0.3460971722,0.2881118007,,,,
10659,0.0,-522.042786,163.854614,1727.758667,-0.8910909407,-0.3508154306,0.2878983657,,,,
10660,0.0,-525.122864,166.605637,1727.55249,-0.8894781,-0.355609019,0.2870033713,,,,
10661,0.0,-527.343079,168.387741,1727.307739,-0.8888511883,-0.3571917684,0.2869801485,,,,
10662,0.0,-529.39093,169.859802,1726.952759,-0.8877186908,-0.3603039117,0.286594866,,,,
10663,0.0,-531.794922,171.589325,1726.311035,-0.8866208396,-0.3633125795,0.2861947873,,,,
10664,0.0,-534.318359,173.452499,1725.975708,-0.8831501411,-0.3722065051,0.2854963151,,,,
10665,0.0,-537.270874,175.485947,1725.746704,-0.8769121926,-0.3875248345,0.2843404809,,,,
10666,0.0,-539.510193,176.983841,1725.704712,-0.8719659897,-0.3988957359,0.2838265399,,,,
10667,0.0,-542.083435,178.644699,1725.717163,-0.8677969574,-0.4081461677,0.2834521945,,,,
10668,0.0,-545.840393,180.948242,1725.746094,-0.8613687122,-0.4216427023,0.2833043825,,,,
10669,0.0,-548.2229,182.144424,1726.049438,-0.8575056468,-0.4294446547,0.2833043491,,,,
10670,0.0,-550.977966,183.558716,1726.220459,-0.8512990806,-0.4420517653,0.2826306993,,,,
10671,0.0,-553.214661,184.837051,1726.082031,-0.8453163391,-0.4539278323,0.2817619739,,,,
10672,0.0,-557.800354,187.105072,1726.416748,-0.8374803443,-0.4689508739,0.2805561454,,,,
10673,0.0,-558.60025,187.584755,1726.2511595,-0.8362886302,-0.471097155,0.2805044888,,,,
10674,0.0,-559.400146,188.064438,1726.085571,-0.8350969161,-0.473243436,0.2804528322,,,,
10675,0.0,-565.907471,190.976852,1727.208862,-0.823907254,-0.4931417172,0.2792634662,,,,
10676,0.0,-569.992371,192.994888,1726.840332,-0.8191202946,-0.501673742,0.2781463636,,,,
10677,0.0,-573.434265,193.9198,1727.142456,-0.8161928369,-0.5067919973,0.2774727454,,,,
10678,0.0,-577.266907,195.7164,1727.108887,-0.8133225196,-0.5117397596,0.2768192505,,,,
10679,0.0,-582.171204,198.128952,1726.944702,-0.8092095663,-0.5187120508,0.2758943388,,,,
10680,0.0,-585.592712,199.48674,1726.832397,-0.8082109856,-0.5202909642,0.2758483558,,,,
10681,0.0,-588.158447,200.647202,1726.674438,-0.8058696552,-0.5245848918,0.2745629074,,,,
10682,0.0,-592.365112,202.304703,1726.409546,-0.8022344494,-0.5308632713,0.273137466,,,,
10683,0.0,-595.108459,203.434326,1725.287476,-0.7985330467,-0.537548976,0.2708986374,,,,
10684,0.0,-598.375549,204.441498,1724.187622,-0.7944439307,-0.5445402308,0.2689512558,,,,
10685,0.0,-601.699646,205.494705,1722.99707,-0.7909781846,-0.5504458618,0.2671382876,,,,
10686,0.0,-604.714966,206.339081,1721.991333,-0.7854499617,-0.5599019869,0.2637766531,,,,
10687,0.0,-607.478943,207.049377,1721.117432,-0.777456682,-0.5727749988,0.259788199,,,,
10688,0.0,-612.335388,208.259262,1719.748657,-0.7662531031,-0.5897626152,0.2550220378,,,,
10689,0.0,-616.704407,209.185303,1718.641113,-0.7480966693,-0.6163514344,0.2458907942,,,,
10690,0.0,-620.2086185,209.7578355,1717.906677,-0.737605837,-0.6303011082,0.241525222,,,,
10691,0.0,-623.71283,210.330368,1717.172241,-0.7271150048,-0.6442507821,0.2371596497,,,,
10692,0.0,-626.77301,210.955933,1716.002808,-0.7131512665,-0.6611908957,0.232898842,,,,
10693,0.0,-630.166138,211.458694,1715.010742,-0.702128766,-0.6738742851,0.2300187901,,,,
10694,0.0,-636.411011,212.267349,1712.943848,-0.6856757754,-0.6921283164,0.225404358,,,,
10695,0.0,-638.903107,212.577446,1712.0842285,-0.6846769635,-0.6932103594,0.2251101914,,,,
10696,0.0,-644.383545,213.151184,1710.066284,-0.6816091256,-0.6965702914,0.2240509518,,,,
10697,0.0,-646.1252135,213.256294,1709.3010255,-0.6798158783,-0.6985662535,0.2232660867,,,,
10698,0.0,-647.866882,213.361404,1708.535767,-0.678022631,-0.7005622156,0.2224812216,,,,
10699,0.0,-654.613037,213.809799,1705.131348,-0.6709796548,-0.7082528682,0.2194633854,,,,
10700,0.0,-657.486694,214.022415,1704.1875,-0.6669142829,-0.7125445768,0.2179577144,,,,
10701,0.0,-659.6282955,214.1516265,1703.2511595,-0.6645237006,-0.7149933823,0.2172106004,,,,
10702,0.0,-664.334229,214.429443,1701.353027,-0.6595326133,-0.7201958543,0.2152548804,,,,
10703,0.0,-667.545532,214.63324,1700.265259,-0.6571442723,-0.7227188993,0.2140999719,,,,
10704,0.0,-669.7767945,214.730881,1699.5911255,-0.6553774937,-0.7245218208,0.2134048186,,,,
10705,0.0,-675.49939,214.862366,1697.970215,-0.6511454638,-0.7290468366,0.2109509303,,,,
10706,0.0,-678.700378,214.833771,1697.175659,-0.6503459535,-0.7298130121,0.2107679012,,,,
10707,0.0,-682.485413,214.737961,1696.303223,-0.6501989965,-0.7299439359,0.2107679182,,,,
10708,0.0,-685.713196,214.636627,1695.575195,-0.65002085,-0.73032487,0.2099963782,,,,
10709,0.0,-689.601868,214.558487,1694.604004,-0.6498272338,-0.7307379687,0.2091568485,,,,
10710,0.0,-694.145447,214.464554,1693.347046,-0.6481479239,-0.7327984904,0.2071488383,,,,
10711,0.0,-697.176025,214.375153,1692.501465,-0.6468057531,-0.7345673748,0.2050685,,,,
10712,0.0,-701.948608,214.404572,1691.065674,-0.6422510699,-0.739737602,0.2007531903,,,,
10713,0.0,-705.33905,214.48056,1690.002075,-0.6366260202,-0.7454716761,0.1974317364,,,,
10714,0.0,-709.135498,214.595001,1688.634399,-0.6261478256,-0.7554497566,0.1929626022,,,,
10715,0.0,-713.400879,214.399689,1687.173584,-0.6112783027,-0.769149187,0.1864091327,,,,
10716,0.0,-716.683289,214.515015,1686.040405,-0.5953116104,-0.7827207101,0.1815278945,,,,
10717,0.0,-719.644226,214.584198,1684.914062,-0.5807479002,-0.7944604018,0.1776641395,,,,
10718,0.0,-724.248169,214.613037,1683.095703,-0.5560200031,-0.8130440069,0.172630238,,,,
10719,0.0,-725.507874,215.065659,1682.052612,-0.5502425222,-0.8171937289,0.1715446771,,,,
10720,0.0,-730.692566,214.643417,1680.015015,-0.5279772837,-0.8326026549,0.1673702692,,,,
10721,0.0,-734.394958,214.147675,1678.849976,-0.5105830979,-0.8438254477,0.1651166677,,,,
10722,0.0,-737.498779,213.790482,1677.686157,-0.4961360816,-0.8527251236,0.1634284312,,,,
10723,0.0,-741.109375,213.269333,1676.515259,-0.4801986221,-0.8621673744,0.1614828221,,,,
10724,0.0,-745.530151,212.457474,1675.730591,-0.457557587,-0.8748592492,0.1589413372,,,,
10725,0.0,-747.662537,211.979416,1675.900024,-0.4468048737,-0.8806051323,0.157797357,,,,
10726,0.0,-752.526184,211.001099,1676.282349,-0.4307561949,-0.888864606,0.1561051337,,,,
10727,0.0,-755.885925,210.214844,1676.518677,-0.4117575768,-0.8981167734,0.154408417,,,,
10728,0.0,-758.888062,209.487137,1676.794189,-0.3948604371,-0.9059430022,0.1528152874,,,,
10729,0.0,-763.040649,208.448914,1677.017578,-0.3724965513,-0.9158615553,0.1498129863,,,,
10730,0.0,-765.77179,207.723083,1677.078491,-0.3566706144,-0.9224047058,0.1481743282,,,,
10731,0.0,-769.992432,206.263718,1676.9729,-0.3337826581,-0.9311713987,0.1466593448,,,,
10732,0.0,-772.966553,205.384705,1676.960938,-0.3185699149,-0.9367188091,0.1451588164,,,,
10733,0.0,-774.432373,204.749786,1676.761841,-0.3097623947,-0.9397475432,0.1446437484,,,,
10734,0.0,-779.865112,202.717743,1676.29541,-0.2791966918,-0.9494069277,0.1437904482,,,,
10735,0.0,-782.171814,201.824356,1676.152222,-0.2667886245,-0.9530382008,0.1433248677,,,,
10736,0.0,-785.564087,200.480057,1675.86438,-0.2538114409,-0.9566432054,0.1428759251,,,,
10737,0.0,-791.934082,197.787933,1675.231567,-0.2003384812,-0.9696529659,0.1401342882,,,,
10738,0.0,-794.741455,196.534637,1675.014526,-0.1852206106,-0.9727792365,0.13926192,,,,
10739,0.0,-796.615509,195.663185,1674.991272,-0.1745248274,-0.9747166334,0.1391056849,,,,
10740,0.0,-801.380127,193.38826,1675.080078,-0.1467688293,-0.9794772798,0.1381418439,,,,
10741,0.0,-803.716125,192.196075,1675.143311,-0.137074812,-0.9809834021,0.1374120106,,,,
10742,0.0,-807.663818,190.038757,1675.352417,-0.1197624593,-0.9832975958,0.1370503248,,,,
10743,0.0,-810.044006,188.412476,1675.80481,-0.1058882655,-0.9849871169,0.1363380163,,,,
10744,0.0,-813.759216,186.187088,1675.864624,-0.0788001023,-0.9878075653,0.1342637624,,,,
10745,0.0,-816.058228,184.711761,1675.957642,-0.0725677454,-0.9882935283,0.1342006863,,,,
10746,0.0,-819.450562,182.47226,1676.149658,-0.0615744239,-0.9891476347,0.1333999514,,,,
10747,0.0,-823.011353,180.015106,1676.549683,-0.0515974931,-0.9898627086,0.1323235312,,,,
10748,0.0,-825.614197,178.200439,1676.621582,-0.0433679965,-0.9903852886,0.1313628448,,,,
10749,0.0,-828.54303,176.192429,1676.640381,-0.0362107933,-0.9907833157,0.1305266248,,,,
10750,0.0,-832.088196,173.677994,1676.737061,-0.0232518838,-0.9914236962,0.128601728,,,,
10751,0.0,-834.316833,172.241119,1676.650024,-0.016131213,-0.991679481,0.1277168387,,,,
10752,0.0,-838.340332,169.512329,1676.402588,-0.0069851777,-0.9919240841,0.1266405093,,,,
10753,0.0,-841.129944,167.573517,1676.182983,0.0031709035,-0.9920429025,0.1258603394,,,,
10754,0.0,-844.835571,164.970993,1675.853882,0.0175472056,-0.9920460707,0.1246462564,,,,
10755,0.0,-847.395203,163.191147,1675.677734,0.0231527922,-0.9920278952,0.1238733357,,,,
10756,0.0,-850.403625,160.328278,1675.652588,0.0274026184,-0.9919477669,0.123647581,,,,
10757,0.0,-852.677917,157.808273,1675.813721,0.0284323488,-0.9919187878,0.1236475637,,,,
10758,0.0,-854.595154,155.528625,1675.596924,0.0285374859,-0.9919157685,0.1236475637,,,,
10759,0.0,-856.363831,152.924545,1675.719238,0.0292009646,-0.9919786981,0.1229860407,,,,
10760,0.0,-858.022522,150.22139,1675.657959,0.0318099989,-0.9919343637,0.1226961373,,,,
10761,0.0,-859.673035,147.14122,1675.644165,0.0344848549,-0.9918449741,0.1226961373,,,,
10762,0.0,-860.171143,145.654465,1675.895874,0.0357400273,-0.9918005386,0.1226961373,,,,
10763,0.0,-861.648926,141.778702,1676.299805,0.0413607626,-0.9916185048,0.1224010961,,,,
10764,0.0,-863.000671,137.810455,1676.72644,0.0455563293,-0.9914992343,0.1218765325,,,,
10765,0.0,-864.21521,134.544403,1676.414795,0.0509907849,-0.9912508244,0.1217445808,,,,
10766,0.0,-864.984192,131.183868,1676.903687,0.0586533219,-0.9908778465,0.1213296385,,,,
10767,0.0,-865.690491,128.030609,1677.185547,0.0637209065,-0.990612605,0.1209392941,,,,
10768,0.0,-866.604431,123.735832,1677.250732,0.0728156396,-0.9900035126,0.1207929124,,,,
10769,0.0,-866.922302,120.666588,1678.046021,0.0779085878,-0.9896157458,0.1207929124,,,,
10770,0.0,-867.643433,114.947037,1678.341675,0.0872313803,-0.9888375774,0.1207929297,,,,
10771,0.0,-867.929993,111.091866,1678.51709,0.0928873352,-0.9883223236,0.1207929124,,,,
10772,0.0,-868.0483705,108.6489145,1678.604004,0.0986738886,-0.9877442562,0.120792921,,,,
10773,0.0,-868.166748,106.205963,1678.690918,0.1044604419,-0.9871661887,0.1207929297,,,,
10774,0.0,-868.026489,100.213425,1678.190552,0.1170721948,-0.9856329734,0.1217445808,,,,
10775,0.0,-868.294067,96.641411,1678.419556,0.121373404,-0.985112559,0.1217445808,,,,
10776,0.0,-868.284393,94.393925,1678.0929565,0.123314152,-0.9848126416,0.1222031675,,,,
10777,0.0,-868.274719,92.146439,1677.766357,0.1252549,-0.9845127242,0.1226617542,,,,
10778,0.0,-868.305542,87.351402,1677.429321,0.1319203468,-0.9835855765,0.1231114769,,,,
10779,0.0,-868.2834475,84.469936,1677.2770385,0.1349798978,-0.9830787374,0.1238003671,,,,
10780,0.0,-868.261353,81.58847,1677.124756,0.1380394488,-0.9825718983,0.1244892573,,,,
10781,0.0,-868.082642,74.653931,1677.28064,0.149265594,-0.980701152,0.126273643,,,,
10782,0.0,-868.000916,71.113243,1677.457153,0.1555196096,-0.9796207542,0.1271095153,,,,
10783,0.0,-867.743652,66.730682,1677.596436,0.166070767,-0.9777280992,0.1283287356,,,,
10784,0.0,-867.794861,63.272717,1678.319458,0.1770709511,-0.9756793581,0.1292117197,,,,
10785,0.0,-867.626465,60.123081,1678.559326,0.188085856,-0.9734178094,0.1306961327,,,,
10786,0.0,-867.118408,56.656265,1678.338257,0.1981808292,-0.9713374857,0.1312548966,,,,
10787,0.0,-867.126892,53.046249,1678.980347,0.2070663825,-0.9693927818,0.1319134103,,,,
10788,0.0,-866.965088,50.091488,1679.217529,0.2155318487,-0.9674183246,0.1328450504,,,,
10789,0.0,-866.5224,44.483582,1679.448975,0.2275218543,-0.9644890707,0.1341440955,,,,
10790,0.0,-866.4712525,43.3747675,1679.494873,0.2302262001,-0.9638142442,0.1343509876,,,,
10791,0.0,-865.965454,38.192509,1679.411255,0.2561447136,-0.9568124062,0.1374769257,,,,
10792,0.0,-865.339111,34.221893,1679.19812,0.2790220706,-0.9498850458,0.1409435485,,,,
10793,0.0,-864.407837,30.07074,1679.255981,0.3012178353,-0.9426701475,0.1436690946,,,,
10794,0.0,-863.786987,26.39366,1678.789307,0.3160822455,-0.9375292993,0.145364463,,,,
10795,0.0,-863.109863,23.266752,1678.868774,0.3289140945,-0.9328684168,0.1468742162,,,,
10796,0.0,-862.1026,19.127272,1678.492188,0.3493940272,-0.9250182075,0.1492150447,,,,
10797,0.0,-861.213135,15.765938,1678.55127,0.3696855373,-0.91680394,0.1510070831,,,,
10798,0.0,-860.110535,11.890004,1677.735962,0.3897058774,-0.9081223643,0.1531113993,,,,
10799,0.0,-859.176025,8.822293,1677.16272,0.405255465,-0.9011399941,0.1539958414,,,,
10800,0.0,-858.156738,5.526309,1676.837524,0.4200273453,-0.8943282251,0.1541235056,,,,
10801,0.0,-857.385254,2.368012,1676.781372,0.4362400116,-0.8865329022,0.1541235401,,,,
10802,0.0,-856.791077,-0.706397,1676.705688,0.4496506278,-0.8798069375,0.1541235401,,,,
10803,0.0,-856.202209,-4.085901,1676.765747,0.4671508113,-0.8706411771,0.1541235228,,,,
10804,0.0,-855.847961,-6.812002,1676.716431,0.482490532,-0.862234786,0.1541235228,,,,
10805,0.0,-855.739197,-8.407324,1676.716431,0.4888842094,-0.8586257447,0.1541235228,,,,
10806,0.0,-854.991272,-14.891076,1677.933472,0.5149526408,-0.8433775328,0.1534213638,,,,
10807,0.0,-854.857727,-17.837252,1678.2323,0.5274730395,-0.8357791106,0.1524646543,,,,
10808,0.0,-854.896973,-21.712032,1677.841797,0.5385910112,-0.8288298712,0.1515281073,,,,
10809,0.0,-854.774658,-25.127668,1678.235718,0.5511497416,-0.8207487929,0.1503508609,,,,
10810,0.0,-854.760742,-29.868666,1678.224121,0.5706191824,-0.8076858299,0.1484498194,,,,
10811,0.0,-854.903442,-31.929049,1678.182983,0.5809897753,-0.8004829144,0.1472344546,,,,
10812,0.0,-854.682739,-38.301262,1677.723511,0.6247866243,-0.7678839248,0.141407044,,,,
10813,0.0,-854.708862,-42.368179,1677.391479,0.6409681092,-0.7548982505,0.1388830962,,,,
10814,0.0,-854.717865,-44.6577545,1677.158752,0.6556727297,-0.7424030534,0.1362036811,,,,
10815,0.0,-854.726868,-46.94733,1676.926025,0.6703773502,-0.7299078563,0.133524266,,,,
10816,0.0,-854.762634,-49.350021,1676.636597,0.6860703889,-0.7157210662,0.1305786231,,,,
10817,0.0,-854.897644,-56.493366,1675.805176,0.7192210012,-0.6835126565,0.1246258394,,,,
10818,0.0,-854.924347,-58.638704,1675.715088,0.7297919471,-0.6723783025,0.1227679183,,,,
10819,0.0,-854.95105,-60.784042,1675.625,0.740362893,-0.6612439484,0.1209099972,,,,
10820,0.0,-854.970032,-64.038498,1675.575195,0.7549022433,-0.645097027,0.1182050289,,,,
10821,0.0,-854.90094,-65.143295,1675.906494,0.7601416683,-0.6390834572,0.1172901484,,,,
10822,0.0,-854.627502,-71.746964,1676.356201,0.7824370456,-0.6122130183,0.1139626688,0.1337918264,1548.5453139554,3099.0535701749,3.0
10823,0.0,-854.530273,-77.43615,1676.04895,0.8013416971,-0.5876836411,0.1117113359,0.119785439,1472.6833489626,3103.1563387956,3.0
10824,0.0,-854.302612,-81.164696,1676.142944,0.814483593,-0.5694167096,0.1112703352,0.1101328322,1416.8589580741,3105.6504737137,3.0
10825,0.0,-854.006348,-83.925934,1676.420654,0.8257140408,-0.5530747965,0.1109260667,0.1018995967,1366.7770269383,3107.7913047038,3.0
10826,0.0,-853.543579,-88.711327,1676.652588,0.8398041392,-0.5315526115,0.1103667929,0.0918301305,1301.9815996285,3110.3103742198,3.0
10827,0.0,-853.081787,-92.319893,1677.053833,0.8499695191,-0.5151522758,0.1103174936,0.0846589585,1253.1371249396,3111.996346469,3.0
10828,0.0,-852.702332,-95.569603,1677.148682,0.8619045372,-0.4949248584,0.1103175109,0.0762291632,1192.5084515356,3114.0402463268,3.0
10829,0.0,-852.203979,-100.941582,1677.036621,0.8769422805,-0.4677630633,0.1103175109,0.0659106788,1113.0242944385,3117.370981439,3.0
10830,0.0,-851.64978,-103.917488,1677.031616,0.8862092373,-0.4499591476,0.1103175109,0.0596431585,1061.2215712573,3119.4997048867,3.0
10831,0.0,-851.340576,-106.803482,1677.005249,0.8933702929,-0.4354746065,0.1106859833,0.0549504948,1020.5863527025,3121.7536135122,3.0
10832,0.0,-851.082092,-111.335518,1676.701782,0.9008303821,-0.4196971308,0.1111707749,0.0502640762,977.920562739,3123.8259537922,3.0
10833,0.0,-850.619568,-114.890625,1676.503174,0.9070479239,-0.4060578485,0.1112703352,0.0463806928,940.7380933737,3125.2167648881,3.0
10834,0.0,-849.903687,-119.154366,1676.252563,0.9156426811,-0.3862866772,0.1112703179,0.0409870493,886.05177933,3126.9225267988,3.0
10835,0.0,-849.441833,-121.883995,1676.11084,0.9235144911,-0.3674633855,0.1099620166,0.0359944872,831.6518638068,3127.8953795589,3.0
10836,0.0,-848.660217,-125.726105,1675.78833,0.9286874731,-0.3545069262,0.1089239027,0.032974093,796.9405246639,3129.2080722109,3.0
10837,0.0,-847.872864,-128.916016,1675.627075,0.9303435786,-0.3502557457,0.1085437163,0.0321969841,787.7438520894,3129.5840147556,3.0
10838,0.0,-846.933044,-132.600754,1675.435547,0.9323507268,-0.3449189178,0.1084115417,0.0312399504,776.2561806529,3130.0661033269,3.0
10839,0.0,-845.734924,-136.593369,1675.358032,0.9345610446,-0.3391742151,0.107501189,0.0301340312,762.7427312713,3130.6255261163,3.0
10840,0.0,-844.631714,-139.993744,1675.428223,0.9362744799,-0.3347205226,0.1065470317,0.0292999387,752.3247366259,3130.846108094,3.0
10841,0.0,-843.576721,-142.640091,1675.815918,0.9371423884,-0.3322962466,0.1065051565,0.0290014932,748.573809289,3130.9872637109,3.0
10842,0.0,-842.498596,-145.521973,1676.076904,0.9373754236,-0.331854317,0.1058301821,0.0290629061,749.3541136073,3130.9864996882,3.0
10843,0.0,-841.281494,-148.785461,1676.394409,0.9376763203,-0.3312923185,0.1049214851,0.0290504851,749.0894334432,3130.5397763263,3.0
10844,0.0,-840.026367,-152.116531,1676.712036,0.9384321572,-0.3299797583,0.1022665411,0.0286799566,744.1703113454,3129.7130906271,3.0
10845,0.0,-838.547241,-155.800934,1677.057251,0.9396205002,-0.3287847773,0.0949414863,0.0278496007,733.2520358846,3128.7709830246,3.0
10846,0.0,-837.106689,-159.189285,1677.235718,0.9404502513,-0.3281801773,0.0886064109,0.027280165,725.5368610748,3127.5429293774,3.0
10847,0.0,-835.589539,-162.451279,1677.381836,0.9415850024,-0.3282738393,0.0751928833,0.0262629834,711.7844003183,3126.3082252969,3.0
10848,0.0,-833.146118,-165.940887,1677.807617,0.9428506881,-0.3296591332,0.0485534333,0.0248886019,692.7423946076,3124.465387422,3.0
10849,0.0,-831.390564,-168.353897,1677.934937,0.9433059446,-0.3307262571,0.0281786769,0.024333893,684.7477919698,3122.9718464278,3.0
10850,0.0,-829.275635,-171.054764,1678.079468,0.9433317685,-0.3317761417,0.0070545274,0.0242211941,682.7703183084,3121.1000950709,3.0
10851,0.0,-828.328064,-171.669373,1677.878906,0.9430862419,-0.3325482483,5.4751e-05,0.0243612518,684.5478282356,3120.3278616639,3.0
10852,0.0,-824.964539,-174.93367,1677.741699,0.9411193446,-0.3371428636,-0.0250812416,0.0258146952,703.7480728999,3117.3801121911,3.0
10853,0.0,-822.5802,-177.470291,1678.11377,0.9397445429,-0.3397845785,-0.0377708118,0.0269403431,718.1637186272,3114.9551008342,3.0
10854,0.0,-819.425293,-179.962906,1677.84082,0.9380733547,-0.3430644496,-0.0482199604,0.0282978302,735.0203115383,3111.7314906018,3.0
10855,0.0,-817.852661,-181.208115,1677.633667,0.936810473,-0.345684907,-0.0537408858,0.0291328751,745.028340747,3109.2271219703,3.0
10856,0.0,-814.298828,-183.940659,1677.281128,0.9347314818,-0.3498347886,-0.0623913267,0.0307518288,763.9594869877,3104.4497070862,3.0
10857,0.0,-809.77124,-187.02951,1677.112183,0.9320431998,-0.355693657,-0.069119434,0.0329364242,789.0093886653,3099.8076744946,3.0
10858,0.0,-807.8862305,-188.2849805,1677.108826,0.930918878,-0.358230584,-0.0710593281,0.0338740432,799.3886363306,3097.8864654921,3.0
10859,0.0,-806.001221,-189.540451,1677.105469,0.9297945561,-0.3607675111,-0.0729992223,0.0348116623,809.7678839959,3095.9652564895,3.0
10860,0.0,-800.381958,-193.465637,1677.774292,0.9259157904,-0.3695015548,-0.0784126912,0.0380024787,843.7616145027,3090.0433693136,3.0
10861,0.0,-797.660522,-195.219604,1677.838135,0.9238719741,-0.3741602201,-0.0804033904,0.039712613,861.26037386,3086.8132919735,3.0
10862,0.0,-794.619995,-197.113098,1677.92627,0.9222533303,-0.3778447365,-0.0817444181,0.0411205152,875.0475113171,3083.1773114908,3.0
10863,0.0,-791.930298,-198.220016,1677.954956,0.9209328884,-0.3808973491,-0.0824610486,0.0422819215,886.0095959347,3079.5410114558,3.0
10864,0.0,-788.538147,-200.178238,1678.010742,0.9196646726,-0.3838504494,-0.0829199767,0.0434411559,896.5656244922,3075.281955767,3.0
10865,0.0,-786.2852785,-201.575676,1678.2234495,0.9188110574,-0.3857618344,-0.0834826284,0.0441156652,902.5156958066,3072.5778129866,3.0
10866,0.0,-781.502258,-204.905411,1678.943359,0.9167382116,-0.3905405808,-0.0840779762,0.0458678989,918.2828880079,3067.2212804129,3.0
10867,0.0,-778.124756,-207.157089,1679.213623,0.9139541872,-0.3968166378,-0.0849958808,0.0481809741,939.5442730071,3063.7948927779,3.0
10868,0.0,-774.930725,-209.084396,1679.358765,0.911711224,-0.4017655671,-0.0858316554,0.0500435813,956.0678710547,3060.5683343973,3.0
10869,0.0,-771.746887,-210.891037,1679.461914,0.908147329,-0.4094107873,-0.087471345,0.0529241805,981.4460149549,3057.3693905317,3.0
10870,0.0,-769.372986,-212.634552,1679.510986,0.9037211414,-0.4189279068,-0.0882468559,0.0564755549,1012.1252196733,3054.9843476882,3.0
10871,0.0,-764.80249,-215.322067,1679.434692,0.8974722342,-0.4320288809,-0.0888517577,0.0615655709,1053.8002501908,3050.449112341,3.0
10872,0.0,-761.8349,-217.041412,1679.417236,0.892839484,-0.4413484507,-0.0897173386,0.0653848003,1083.9331914541,3047.6621156396,3.0
10873,0.0,-758.672302,-218.763367,1679.117432,0.8868545336,-0.4527300178,-0.0923285831,0.070372046,1122.0254309137,3044.8494230765,3.0
10874,0.0,-755.659851,-220.298386,1678.322754,0.8794397704,-0.4665503604,-0.0944269639,0.0765611701,1167.497410783,3042.3729809333,3.0
10875,0.0,-751.96991,-222.23999,1677.932373,0.8721654406,-0.4796405988,-0.0962929918,0.082751193,1210.5901675544,3039.2804210252,3.0
10876,0.0,-748.697449,-224.045471,1677.53772,0.8659193495,-0.4904556862,-0.0981677132,0.0881827166,1246.8761048368,3036.7453383731,3.0
10877,0.0,-745.81958,-225.643036,1677.582764,0.8588147056,-0.5024444244,-0.0999344877,0.0943311662,1286.6389220826,3034.6273496471,3.0
10878,0.0,-742.867676,-227.309616,1677.250732,0.8525918668,-0.5128416356,-0.1004020193,0.0998217103,1320.7341916953,3032.5344407678,3.0
10879,0.0,-738.671082,-229.725281,1676.876831,0.844956788,-0.525144258,-0.1013485801,0.1067367903,1361.9724306979,3029.7427104493,3.0
10880,0.0,-735.588867,-231.430817,1676.820435,0.8385718658,-0.5352795357,-0.101356029,0.1125009466,1395.2362054486,3027.7936778386,3.0
10881,0.0,-732.98053,-232.906296,1676.857788,0.8320906016,-0.545624738,-0.099593554,0.1183376401,1428.0908098445,3026.3804545019,3.0
10882,0.0,-729.784058,-234.701645,1676.920898,0.8260405458,-0.5550439837,-0.0978937832,0.1238860933,1458.0238569331,3024.2922034296,3.0
10883,0.0,-726.773926,-236.418701,1677.142822,0.8184434882,-0.5666575026,-0.0951290244,0.1307925978,1494.4787658767,3022.5216457381,3.0
10884,0.0,-722.795715,-238.981552,1676.908203,0.8073529513,-0.5830195712,-0.0909361954,0.1410080708,1546.3684861197,3020.3150937878,3.0
10885,0.0,-719.767395,-240.666809,1677.679565,0.7989534375,-0.5950186823,-0.0873279585,0.1487468157,1584.0559265586,3018.6569605919,3.0
10886,0.0,-716.399597,-242.861923,1677.679443,0.7852402068,-0.6137052167,-0.0822418667,,,,
10887,0.0,-713.489136,-244.511566,1678.536255,0.7742869339,-0.6281212482,-0.0770937194,,,,
10888,0.0,-710.398438,-246.393204,1678.946167,0.7622521889,-0.6431266984,-0.0732096332,,,,
10889,0.0,-707.606384,-248.178329,1679.231689,0.7467560417,-0.6616026108,-0.0680984543,,,,
10890,0.0,-703.79425,-250.926666,1679.212891,0.7288005875,-0.6818889984,-0.0622663428,,,,
10891,0.0,-700.905334,-252.767029,1679.512817,0.7145726769,-0.6970887804,-0.0587632684,,,,
10892,0.0,-697.721375,-254.968506,1679.491333,0.6982895526,-0.7137075244,-0.0548932635,,,,
10893,0.0,-694.62915,-257.206299,1679.452026,0.6807646519,-0.7307175818,-0.0511009234,,,,
10894,0.0,-691.486206,-259.785004,1679.447754,0.6661713133,-0.744203491,-0.0487539259,,,,
10895,0.0,-689.316711,-261.558594,1679.385132,0.6512105609,-0.7574605951,-0.046671749,,,,
10896,0.0,-685.5177,-264.530975,1678.699463,0.6314234471,-0.7741901323,-0.0439780571,,,,
10897,0.0,-680.199219,-269.33316,1678.143433,0.6027458124,-0.7968642396,-0.0412900617,,,,
10898,0.0,-678.654114,-270.8673855,1678.0921635,0.5928867234,-0.8041871906,-0.040203069,,,,
10899,0.0,-674.996338,-274.790955,1678.042603,0.5671709123,-0.8227546647,-0.0373084163,,,,
10900,0.0,-672.077454,-278.016388,1678.085815,0.5499134248,-0.8344724977,-0.0353677236,,,,
10901,0.0,-669.709717,-280.684937,1678.131226,0.5245503144,-0.8507508153,-0.0327111284,,,,
10902,0.0,-667.362122,-283.753693,1678.360596,0.5032726581,-0.8635528838,-0.0315126707,,,,
10903,0.0,-665.170288,-286.69809,1678.549561,0.4747815967,-0.8796017127,-0.0297197323,,,,
10904,0.0,-662.877991,-290.116058,1678.842896,0.4530688912,-0.8909864465,-0.0295251088,,,,
10905,0.0,-661.033203,-293.087769,1679.132568,0.426771082,-0.9038775977,-0.0295251088,,,,
10906,0.0,-659.158264,-296.245605,1679.392822,0.4056899902,-0.9135337431,-0.0295251088,,,,
10907,0.0,-657.139343,-299.78067,1679.596924,0.3836639631,-0.923000667,-0.0295251088,,,,
10908,0.0,-655.423828,-303.143921,1679.674072,0.368724093,-0.929040182,-0.0304447628,,,,
10909,0.0,-653.70105,-306.12854,1679.539429,0.3579421414,-0.9331897765,-0.0321599818,,,,
10910,0.0,-651.559265,-309.663605,1679.477173,0.3450156339,-0.9379359806,-0.0352180153,,,,
10911,0.0,-649.894531,-312.680176,1679.441895,0.3366838594,-0.9409241363,-0.0361351427,,,,
10912,0.0,-648.171265,-315.87677,1679.274292,0.3254632656,-0.944726017,-0.0395779687,,,,
10913,0.0,-646.50885,-319.082672,1678.956177,0.3107882152,-0.9494550969,-0.0441101375,,,,
10914,0.0,-644.521667,-322.744598,1678.515869,0.2950679355,-0.9541942984,-0.0494788277,,,,
10915,0.0,-642.979309,-325.747955,1678.209961,0.2776594085,-0.9590262881,-0.0563367693,,,,
10916,0.0,-641.35321,-328.967102,1677.896362,0.265050591,-0.9622304523,-0.0621348604,,,,
10917,0.0,-639.740112,-332.554871,1677.908569,0.247288901,-0.9663557356,-0.0707445532,,,,
10918,0.0,-638.148987,-335.921356,1677.139526,0.2325341783,-0.9694058955,-0.0786133935,,,,
10919,0.0,-636.782959,-339.083618,1676.855957,0.2200821943,-0.9717018094,-0.0857870703,,,,
10920,0.0,-635.254211,-342.723999,1676.649414,0.2049340322,-0.9741619619,-0.0949237296,,,,
10921,0.0,-634.046387,-345.98288,1677.305054,0.1956992077,-0.9754909227,-0.1005946311,,,,
10922,0.0,-633.078674,-348.948456,1678.073975,0.1826478586,-0.9771922317,-0.1083286757,,,,
10923,0.0,-631.735168,-352.981659,1679.006348,0.1688185982,-0.9787420229,-0.1164660189,,,,
10924,0.0,-630.39856,-356.789703,1680.220215,0.1528395418,-0.9803063112,-0.1250584291,,,,
10925,0.0,-629.651917,-359.27948,1681.075073,0.143541488,-0.9808190815,-0.1318702794,,,,
10926,0.0,-628.376587,-363.493469,1682.459106,0.1320629829,-0.9812600518,-0.1403142164,,,,
10927,0.0,-627.337585,-367.158539,1683.601685,0.1206080537,-0.9812281854,-0.1504823764,,,,
10928,0.0,-626.403809,-370.631409,1684.544678,0.1084309387,-0.9808972585,-0.16150325,,,,
10929,0.0,-625.232727,-374.722595,1685.170654,0.0973498049,-0.9803613462,-0.1715069865,,,,
10930,0.0,-624.079895,-378.290588,1685.553345,0.0805341015,-0.9796949111,-0.1836086592,,,,
10931,0.0,-623.236389,-381.841125,1685.644043,0.0648808491,-0.9789107363,-0.1937117597,,,,
10932,0.0,-622.611816,-385.271851,1685.650879,0.0499125079,-0.9781719352,-0.201713675,,,,
10933,0.0,-621.327576,-388.268524,1687.064453,0.0284783121,-0.9767556877,-0.212455436,,,,
10934,0.0,-619.752075,-391.27179,1688.079102,0.0053312654,-0.9749600624,-0.2223161135,,,,
10935,0.0,-618.302734,-394.296967,1688.87793,-0.0147805215,-0.9730618572,-0.2300698985,,,,
10936,0.0,-615.198914,-399.903046,1690.990967,-0.0657870808,-0.9669233668,-0.2464371375,,,,
10937,0.0,-613.787415,-401.2304995,1691.692688,-0.0817411928,-0.964459564,-0.250713454,,,,
10938,0.0,-610.279785,-404.744568,1693.679077,-0.1185517128,-0.9580572473,-0.2609057344,,,,
10939,0.0,-609.05661,-406.014252,1694.399597,-0.1290659657,-0.9558313624,-0.2638263613,,,,
10940,0.0,-607.833435,-407.283936,1695.120117,-0.1395802186,-0.9536054776,-0.2667469882,,,,
10941,0.0,-603.391663,-412.127686,1697.912354,-0.1569864506,-0.949103973,-0.2730510991,,,,
10942,0.0,-600.990051,-414.835236,1699.533447,-0.1618387137,-0.9476840025,-0.2751422582,,,,
10943,0.0,-598.703247,-417.56311,1701.39978,-0.1633619366,-0.9470944641,-0.276269712,,,,
10944,0.0,-596.468445,-420.351532,1703.266724,-0.1634845213,-0.947034955,-0.2764011673,,,,
10945,0.0,-594.305237,-423.226532,1705.234863,-0.1634845213,-0.947034955,-0.2764011673,,,,
10946,0.0,-592.428284,-425.983765,1707.291138,-0.1634845213,-0.947034955,-0.2764011673,,,,
10947,0.0,-590.408142,-428.823212,1709.33667,-0.1634845213,-0.947034955,-0.2764011673,,,,
10948,0.0,-588.517151,-431.337585,1711.510498,-0.1634845213,-0.947034955,-0.2764011673,,,,
10949,0.0,-586.917053,-433.908386,1713.663208,-0.1634845213,-0.947034955,-0.2764011673,,,,
10950,0.0,-585.339539,-437.533752,1716.8479,-0.1634845213,-0.947034955,-0.2764011673,,,,
10951,0.0,-583.980042,-440.653534,1719.535156,-0.1634845213,-0.947034955,-0.2764011673,,,,
10952,0.0,-582.900269,-443.616302,1721.944702,-0.1634845213,-0.947034955,-0.2764011673,,,,
10953,0.0,-581.74646,-446.873749,1724.678711,-0.1635288746,-0.9472889268,-0.2755031692,,,,
10954,0.0,-580.969299,-449.689484,1726.705688,-0.1584487485,-0.9491823301,-0.2719317899,,,,
10955,0.0,-579.976746,-453.460754,1729.213989,-0.1531638254,-0.9510965412,-0.2682465506,,,,
10956,0.0,-579.17804,-456.849976,1731.583496,-0.1378678289,-0.9555047814,-0.2607739914,,,,
10957,0.0,-578.783936,-459.551056,1733.388428,-0.119376123,-0.9598877275,-0.2537023686,,,,
10958,0.0,-578.296753,-463.053192,1735.660522,-0.1010049066,-0.9638108908,-0.2467115229,,,,
10959,0.0,-577.877747,-466.177063,1738.10376,-0.0661714881,-0.9690502145,-0.2378298047,,,,
10960,0.0,-577.62915,-468.869293,1740.47583,-0.0350009678,-0.9723164569,-0.2310316858,,,,
10961,0.0,-577.589844,-472.269684,1742.237915,0.0265709033,-0.9751188381,-0.2200846169,,,,
10962,0.0,-577.77533,-475.250275,1744.090698,0.089088657,-0.9737368361,-0.209522756,,,,
10963,0.0,-578.013367,-478.840118,1746.546631,0.1831060468,-0.9633049306,-0.196254392,,,,
10964,0.0,-578.304138,-482.195923,1748.887207,0.3060786816,-0.9345859583,-0.1812868646,,,,
10965,0.0,-578.299683,-485.161926,1751.089111,0.4392304038,-0.8838830023,-0.1607093359,,,,
10966,0.0,-578.144409,-488.738434,1753.955688,0.5691342087,-0.8104045112,-0.1390351778,,,,
10967,0.0,-577.520752,-491.184296,1756.048218,0.6878667733,-0.7163606345,-0.1169048482,,,,
10968,0.0,-576.7323,-493.599274,1759.080688,0.8277574067,-0.5544492061,-0.0860450672,,,,
10969,0.0,-576.373108,-495.645294,1761.209839,0.9024714594,-0.4260222981,-0.0636417037,0.1301459806,1456.3998905421,2952.3062544655,3.0
10970,0.0,-576.344238,-499.000214,1763.904419,0.9310314236,-0.3612281312,-0.0519107445,0.0981430278,1275.1029056105,2951.3898731219,3.0
10971,0.0,-576.294128,-501.987274,1766.114624,0.9317864105,-0.3593270615,-0.0515572309,0.0980372644,1274.0650826527,2950.4959271818,3.0
10972,0.0,-576.406799,-504.843353,1768.124878,0.9317864105,-0.3593270615,-0.0515572309,0.0988565981,1278.6975188835,2949.5621634598,3.0
10973,0.0,-576.839294,-508.969055,1771.069946,0.9317864105,-0.3593270615,-0.0515572309,0.099886362,1284.7323253885,2948.9660051058,3.0
10974,0.0,-577.424316,-512.298096,1773.512939,0.9317864105,-0.3593270615,-0.0515572309,0.1007394004,1289.6860491703,2948.4382841282,3.0
10975,0.0,-577.715637,-515.195251,1775.421021,0.9317864105,-0.3593270615,-0.0515572309,0.1015229367,1294.0105033693,2947.4947372589,3.0
10976,0.0,-578.321289,-518.885681,1778.0,0.9317864105,-0.3593270615,-0.0515572309,0.1024836448,1299.3681286724,2946.5388039763,3.0
10977,0.0,-578.932312,-521.965698,1780.165405,0.9317864105,-0.3593270615,-0.0515572309,0.1032762538,1303.7903712121,2945.8151453148,3.0
10978,0.0,-580.252258,-527.976135,1784.45813,0.9317864105,-0.3593270615,-0.0515572309,0.1048738883,1312.3817633246,2943.7941918073,3.0
10979,0.0,-580.7949215,-530.0047605,1785.9850465,0.9317864105,-0.3593270615,-0.0515572309,0.1053622448,1315.1337744645,2943.5113922734,3.0
10980,0.0,-581.337585,-532.033386,1787.511963,0.9317864105,-0.3593270615,-0.0515572309,0.1058506013,1317.8857856045,2943.2285927395,3.0
10981,0.0,-582.886475,-535.971252,1790.180176,0.9238531137,-0.3793851682,-0.0506193479,0.1167252791,1379.9085996174,2943.1406846079,3.0
10982,0.0,-584.260071,-538.943176,1792.331787,0.9095666741,-0.4117725641,-0.0559626731,0.1347831438,1475.5367593318,2942.8462749367,3.0
10983,0.0,-586.002625,-542.201538,1794.693726,0.9062404689,-0.419115052,-0.0554146711,0.1397872548,1500.5544641641,2942.6368376418,3.0
10984,0.0,-589.341797,-547.94696,1798.830811,0.9500522249,-0.3093016764,-0.0416322357,0.0869697154,1200.2182544318,2942.4919315243,3.0
10985,0.0,-590.912476,-550.56012,1800.847412,0.9834591321,-0.178280588,-0.0320026167,0.0408107148,832.0069843788,2942.3997334203,3.0
10986,0.0,-592.209412,-552.554565,1802.833374,0.9995774234,-0.0201575114,-0.0209439554,0.0085325961,383.4655616665,2941.7053626729,3.0
10987,0.0,-593.356445,-553.890503,1804.86731,0.9881529272,0.1532232216,-0.0087428188,0.0012972987,148.736834971,2920.9521861052,6.0
10988,0.0,-594.887207,-554.620239,1807.086426,0.9235024583,0.3835009802,0.0083790008,0.0219578781,609.115900332,2922.7184675623,6.0
10989,0.0,-596.598877,-555.608643,1808.764282,0.8467040109,0.5316450211,0.0211160941,0.070216841,1076.6187755425,2924.7385524482,6.0
10990,0.0,-599.123718,-556.41864,1811.015137,0.7130102521,0.6998571788,0.0426181863,,,,
10991,0.0,-602.892944,-558.42218,1813.875854,0.5569441222,0.8279068972,0.0662073578,,,,
10992,0.0,-606.035645,-560.508606,1816.139893,0.3955945504,0.9144569927,0.085283997,,,,
10993,0.0,-608.858521,-564.068787,1818.741821,0.2536754709,0.9622990998,0.0981284766,,,,
10994,0.0,-610.827332,-566.815979,1820.759644,0.1276538742,0.9859709933,0.1075438925,,,,
10995,0.0,-612.380066,-570.664062,1823.172241,0.012624955,0.9935095947,0.1130455471,,,,
10996,0.0,-612.950256,-573.56311,1824.955322,-0.0447253474,0.9923823752,0.1147905249,,,,
10997,0.0,-613.040955,-576.772339,1826.467773,-0.0760342233,0.9902901841,0.1163793286,,,,
10998,0.0,-612.895691,-580.556641,1828.721436,-0.1014641186,0.9878267833,0.1179121657,,,,
10999,0.0,-612.338135,-583.60022,1830.537109,-0.1037663526,0.9875846021,0.1179372617,,,,
11000,0.0,-611.875427,-585.618469,1831.425171,-0.1026001133,0.9876362575,0.1185235827,,,,
11001,0.0,-610.92572,-588.816467,1833.274902,-0.1013947383,0.9876882627,0.1191259956,,,,
11002,0.0,-609.861877,-592.46106,1835.416504,-0.1000571538,0.9877438689,0.1197940539,,,,
11003,0.0,-608.74707,-595.373779,1837.129883,-0.0999626781,0.9877477217,0.1198411502,,,,
11004,0.0,-604.73999,-599.472717,1841.032471,-0.0999626781,0.9877477217,0.1198411502,,,,
11005,0.0,-603.050049,-602.374329,1843.165771,-0.0990469449,0.9878399696,0.1198411329,,,,
11006,0.0,-601.503662,-604.895447,1844.999512,-0.0982645146,0.987918108,0.1198411329,,,,
11007,0.0,-599.663574,-607.683228,1847.0354,-0.0972998231,0.9880135845,0.1198411502,,,,
11008,0.0,-597.781433,-610.293396,1848.946533,-0.0963238465,0.9881092122,0.1198411502,,,,
11009,0.0,-595.891907,-612.732727,1850.746338,-0.0944216172,0.9882927992,0.1198411502,,,,
11010,0.0,-594.175659,-614.904175,1852.327881,-0.0930407975,0.9884237475,0.1198411676,,,,
11011,0.0,-591.632385,-618.002441,1854.591797,-0.0908677109,0.9886258938,0.1198411502,,,,
11012,0.0,-589.509827,-620.403625,1855.851562,-0.086049946,0.9890568768,0.1198411502,,,,
11013,0.0,-587.061707,-622.970581,1856.643188,-0.0700626561,0.990317791,0.1198411329,,,,
11014,0.0,-584.753357,-625.199219,1857.24585,-0.0458492791,0.9918345447,0.1190045357,,,,
11015,0.0,-581.81665,-628.102295,1858.027466,-0.021230281,0.9927841323,0.1180209377,,,,
11016,0.0,-579.084656,-630.562866,1858.709229,0.0184487229,0.9931576409,0.115314981,,,,
11017,0.0,-576.213196,-633.018433,1859.391602,0.072324376,0.9910247397,0.112423974,,,,
11018,0.0,-573.44397,-635.247192,1859.661499,0.1514700094,0.9823276916,0.1099506367,,,,
11019,0.0,-570.063049,-638.107971,1859.708862,0.2569189578,0.9603126711,0.1085920017,,,,
11020,0.0,-566.427063,-641.405762,1859.701294,0.3822408568,0.9176812457,0.1084115243,,,,
11021,0.0,-563.151489,-644.995911,1859.701294,0.5229344393,0.8454504797,0.1084115243,,,,
11022,0.0,-561.210815,-647.850647,1859.701294,0.6420583754,0.7589519008,0.108411507,,,,
11023,0.0,-558.670654,-651.714417,1859.701294,0.7410085148,0.6629275196,0.1069274744,,,,
11024,0.0,-556.032471,-656.091248,1859.701294,0.8228891388,0.5582771299,0.1057360466,0.0960800479,1247.3008258441,2916.2870005755,6.0
11025,0.0,-553.508179,-660.59375,1859.701294,0.8814983931,0.4600428518,0.1064009277,0.056724103,968.3551726606,2916.6453650022,6.0
11026,0.0,-549.543518,-668.259094,1859.701294,0.9377461774,0.3267784994,0.1176771814,0.0269041504,672.15849097,2917.3461147183,6.0
11027,0.0,-547.841187,-671.698853,1859.701294,0.9492478021,0.290580796,0.1203802779,0.022481012,615.1954412711,2917.7283056152,6.0
11028,0.0,-546.21582,-675.074585,1859.701294,0.9561558427,0.2664698841,0.1214899391,0.0202406784,584.0596090275,2917.6852700684,6.0
11029,0.0,-545.208801,-677.2253725,1859.701294,0.9582439912,0.2584482986,0.1220814242,0.0197033597,576.3612905923,2918.1094705643,6.0
11030,0.0,-544.201782,-679.37616,1859.701294,0.9603321398,0.250426713,0.1226729092,0.019166041,568.6629721571,2918.5336710601,6.0
11031,0.0,-541.689026,-685.124268,1859.701294,0.9619952472,0.2429109876,0.1247373096,0.018987907,566.279225055,2919.769168591,6.0
11032,0.0,-540.0578,-689.040222,1859.701294,0.9629603494,0.238316852,0.1261445345,0.0189596326,565.8607353187,2919.7652668756,6.0
11033,0.0,-538.147034,-693.230835,1859.701294,0.9650079065,0.2291872526,0.1274085696,0.0187482377,562.7811195018,2920.0444397701,6.0
11034,0.0,-536.497925,-696.406616,1859.701294,0.9672220372,0.2186145772,0.1291866765,0.0186871226,561.844981389,2919.9052409201,6.0
11035,0.0,-535.321167,-698.516174,1859.701294,0.969975988,0.2056119765,0.1298857102,0.0184998322,558.9942845905,2919.6205795264,6.0
11036,0.0,-532.641968,-702.914185,1859.701294,0.9751082798,0.1794006829,0.1303044039,0.0184919794,558.6771522807,2918.5779243852,6.0
11037,0.0,-531.339539,-704.898743,1859.701294,0.977199358,0.1679038148,0.1299604694,0.0186306278,560.6568836042,2918.1034977205,6.0
11038,0.0,-528.922913,-708.383118,1859.701294,0.9796730262,0.1532177695,0.1294800251,0.0189945626,565.8084125523,2916.835369382,6.0
11039,0.0,-526.443909,-711.805481,1859.701294,0.9818688293,0.1400235472,0.1277771824,0.0192683804,569.5198528446,2915.2341641559,6.0
11040,0.0,-523.895691,-715.113586,1859.701294,0.9828192454,0.1343735906,0.1265309013,0.0193692406,570.6704041177,2913.5823204213,6.0
11041,0.0,-522.174072,-717.263062,1859.701294,0.9828394935,0.1342534109,0.1265011921,0.0193803425,570.6025054398,2912.4092885352,6.0
11042,0.0,-519.553101,-720.430054,1859.701294,0.9830298684,0.1342793806,0.1249853021,0.0190971867,566.0750602317,2910.4339016208,6.0
11043,0.0,-517.061279,-723.335876,1859.701294,0.9831738877,0.1342990708,0.1238259511,0.018878172,562.4780116045,2908.5061689892,6.0
11044,0.0,-514.495483,-726.235962,1859.701294,0.9831857962,0.1351062826,0.1228494304,0.0186382282,558.4789073325,2906.1804264456,6.0
11045,0.0,-512.169128,-728.800598,1859.701294,0.9831836999,0.1352607646,0.12269612,0.0185866611,557.310921978,2904.0849991403,6.0
11046,0.0,-509.120178,-732.059326,1859.701294,0.9831836999,0.1352607646,0.12269612,0.0185859311,556.7424614978,2901.179250884,6.0
11047,0.0,-507.061707,-734.214294,1859.701294,0.9831836999,0.1352607646,0.12269612,0.0185982532,556.5614028467,2899.2838499293,6.0
11048,0.0,-504.224548,-736.90033,1859.701294,0.9831836999,0.1352607646,0.12269612,0.0185825134,555.7782418854,2896.418529838,6.0
11049,0.0,-501.782898,-738.925293,1859.701294,0.9831836999,0.1352607646,0.12269612,0.0185682927,555.1101422641,2894.0339525975,6.0
11050,0.0,-498.777496,-741.08783,1859.701294,0.9830714187,0.1360744359,0.1226961026,0.0184991633,553.4025494572,2890.4667833536,6.0
11051,0.0,-495.911346,-742.910706,1859.701294,0.9829594846,0.1368806709,0.1226961026,0.0184520614,552.1066771245,2887.3422262493,6.0
11052,0.0,-492.160553,-745.04187,1859.701294,0.9827844696,0.1381316348,0.12269612,0.018380769,550.2865838739,2883.3474710652,6.0
11053,0.0,-489.644287,-746.190369,1859.701294,0.9824806275,0.139628544,0.123432922,0.0184437545,550.7510475666,2880.8952232981,6.0
11054,0.0,-486.969208,-747.205444,1859.701294,0.9813933684,0.1448153237,0.126077668,0.0186824309,553.6770514123,2877.8144325935,6.0
11055,0.0,-483.027985,-748.427551,1859.701294,0.9784655129,0.1574464553,0.1334760418,0.0196450932,566.7386789368,2873.3219644293,6.0
11056,0.0,-480.884399,-748.975281,1859.701294,0.9765331748,0.1645502568,0.1389466497,0.0205610272,579.1665824768,2870.8469067774,6.0
11057,0.0,-476.465515,-749.996704,1859.701294,0.9735945601,0.1746150585,0.1470483388,0.0221148133,599.400416654,2865.9912669578,6.0
11058,0.0,-473.72229,-750.495789,1859.701294,0.9707030999,0.1836365997,0.1549615795,0.0237815982,620.6477000293,2862.9064849787,6.0
11059,0.0,-470.409607,-750.945312,1859.701294,0.9673316134,0.1922509484,0.1652547202,0.0261935065,650.0446516393,2858.8678622331,6.0
11060,0.0,-467.252197,-751.340698,1859.701294,0.9652216059,0.196992676,0.1718753535,0.0278882349,669.6331064848,2855.3584844174,6.0
11061,0.0,-463.760925,-751.746521,1859.806274,0.9636498012,0.1969924416,0.1804800225,0.0300248183,693.4431664071,2851.282846797,6.0
11062,0.0,-460.545044,-752.080505,1860.025513,0.9634249956,0.1864633592,0.1924673832,0.0330415006,725.9063593561,2847.4304236226,6.0
11063,0.0,-456.332855,-752.450195,1860.312134,0.9642414167,0.1710013539,0.2024772264,0.035766794,753.4161828949,2842.4865150775,6.0
11064,0.0,-453.661346,-752.624573,1860.491577,0.9648016069,0.1622935518,0.2069267079,0.0371262707,766.4801676625,2839.3182739884,6.0
11065,0.0,-446.439362,-752.861206,1860.685059,0.9658204032,0.1454919504,0.2145298141,0.0396822717,789.50065347,2830.6814377321,6.0
11066,0.0,-444.3363955,-752.8987425,1860.694153,0.9659785458,0.1399050798,0.2174222016,0.0407058543,798.6318710097,2828.1918323845,6.0
11067,0.0,-440.066956,-752.952148,1860.701294,0.9663644052,0.1278517607,0.2231451628,0.0428278092,817.3341514106,2823.0735838092,6.0
11068,0.0,-437.557358,-752.9284665,1860.701294,0.9665217206,0.1228723055,0.2251869702,0.04859509,840.0694422192,2738.0218133891,4.5
11069,0.0,-432.028473,-752.908997,1860.701294,0.9672243706,0.1064840647,0.2305171596,0.0572667828,883.6928492527,2649.3745796079,3.0
11070,0.0,-428.561523,-752.905151,1860.701416,0.967829801,0.0910985134,0.234534725,0.0613799353,912.4631104113,2645.183170025,3.0
11071,0.0,-426.17041,-752.8608395,1860.701355,0.9680033232,0.084536557,0.2361723222,0.0632907321,925.0624793484,2642.578094074,3.0
11072,0.0,-420.66333,-752.799622,1860.701294,0.9686157922,0.0642627833,0.2401119359,,,,
11073,0.0,-417.105011,-752.741089,1860.701294,0.9686359634,0.0525476683,0.2428643923,,,,
11074,0.0,-414.177673,-752.661011,1860.701294,0.9685443362,0.0463074109,0.2444943608,,,,
11075,0.0,-410.025696,-752.532654,1860.701294,0.968315199,0.0392032131,0.2466349196,,,,
11076,0.0,-406.005554,-752.409729,1860.701294,0.9680011453,0.0326559349,0.2488119221,0.0804983338,1030.541080201,2621.6675360677,3.0
11077,0.0,-403.367615,-752.319092,1860.697388,0.9677456167,0.0297213689,0.2501700653,0.0818647537,1037.8961081111,2619.18268324,3.0
11078,0.0,-399.755157,-752.186035,1860.57605,0.9674503686,0.0272250527,0.2515920919,0.0834248688,1045.9945191116,2615.8854270553,3.0
11079,0.0,-395.076202,-752.004089,1860.224243,0.9672155043,0.0256128839,0.2526621229,0.0847617262,1052.2942893223,2611.7157689578,3.0
11080,0.0,-392.148315,-751.885315,1860.024536,0.9671105058,0.0255040614,0.2530747172,0.0853025978,1054.4340890464,2609.0850439778,3.0
11081,0.0,-388.254761,-751.73291,1859.759644,0.9669789095,0.025500591,0.2535774209,0.0859056057,1056.6258465129,2605.7263339149,3.0
11082,0.0,-384.035706,-751.574951,1859.649048,0.9664831798,0.0250258376,0.2555072809,0.0611876874,948.7118298121,2754.4469454643,6.0
11083,0.0,-380.828156,-751.460144,1859.700439,0.9660617995,0.0246075332,0.2571362845,0.0616896877,950.9308562462,2749.9892792176,6.0
11084,0.0,-377.594391,-751.354492,1859.700317,0.9653477012,0.0232510382,0.2599292309,0.0627211922,957.0772599451,2745.6411890124,6.0
11085,0.0,-373.624237,-751.235046,1859.701294,0.9644543539,0.0211026712,0.2634055361,0.0640438099,964.8802075679,2740.2302443689,6.0
11086,0.0,-370.428864,-751.129333,1859.701294,0.9639791066,0.0207978039,0.2651635973,0.0645802339,967.2797546922,2735.991256646,6.0
11087,0.0,-366.663055,-751.00238,1859.701294,0.9633761472,0.0211893994,0.2673151854,0.0650962947,969.1355721847,2730.7171761782,6.0
11088,0.0,-363.056213,-750.882996,1859.701294,0.962925646,0.0215764475,0.2689026908,0.0655311311,970.6754057937,2726.2728669455,6.0
11089,0.0,-358.702972,-750.7453,1859.701294,0.9625545334,0.0216903614,0.2702189825,0.0658603137,971.0262346679,2720.6654910656,6.0
11090,0.0,-356.000671,-750.662964,1859.701294,0.9624256806,0.0216874578,0.2706777854,0.0658801621,969.7262330808,2716.6277030855,6.0
11091,0.0,-351.358429,-750.523743,1859.701294,0.9622799874,0.0216841747,0.2711955429,0.065953703,968.1246575214,2710.6800312676,6.0
11092,0.0,-348.245728,-750.432007,1859.701294,0.9622681847,0.0216839087,0.2712374398,0.0658634682,965.9614186054,2706.4120529805,6.0
11093,0.0,-344.275757,-750.318176,1859.701294,0.9622681847,0.0216839087,0.2712374398,0.065726296,963.0156224643,2700.8768931944,6.0
11094,0.0,-341.721436,-750.162903,1859.701294,0.9621234361,0.020092513,0.2718727361,0.0660631121,964.1491459812,2697.3888508277,6.0
11095,0.0,-336.978424,-749.693909,1859.701294,0.9618696448,0.0173797742,0.2729555455,0.0666561706,966.039480486,2691.0399645421,6.0
11096,0.0,-332.997314,-749.137634,1859.701294,0.9617255834,0.0023051098,0.274004724,0.0689511007,979.8460213838,2685.2863004908,6.0
11097,0.0,-330.43927,-748.770508,1859.701294,0.9610846423,-0.0221560068,0.2753641618,0.0731734879,1006.939485455,2681.6690908018,6.0
11098,0.0,-326.244537,-748.221741,1859.701294,0.9569952811,-0.0842422538,0.2776027281,0.0862390055,1087.1007918471,2675.9259605148,6.0
11099,0.0,-323.714752,-748.08252,1859.701416,0.9485731445,-0.1496225101,0.2789661164,0.103995997,1186.706075027,2672.4847100401,6.0
11100,0.0,-320.131195,-747.907959,1859.701294,0.920921703,-0.271596806,0.2795324525,0.1486070739,1399.198445589,2667.5358978471,6.0
11101,0.0,-318.209991,-747.681519,1859.701294,0.8870264541,-0.3682133265,0.2785731786,,,,
11102,0.0,-314.46225,-745.836121,1859.701294,0.8259973769,-0.4909118011,0.2770089112,,,,
11103,0.0,-310.612518,-744.306213,1859.701294,0.6539074354,-0.7044947038,0.2758482887,,,,
11104,0.0,-309.696594,-743.80014,1859.701294,0.6101807974,-0.7405247678,0.2758482887,,,,
11105,0.0,-308.78067,-743.294067,1859.701294,0.5664541594,-0.7765548319,0.2758482887,,,,
11106,0.0,-303.995667,-740.168335,1859.701294,0.4219786457,-0.8632051972,0.2771476323,,,,
11107,0.0,-302.842728,-739.2495425,1859.701294,0.3922449901,-0.876085324,0.278507693,,,,
11108,0.0,-301.689789,-738.33075,1859.701294,0.3625113345,-0.8889654508,0.2798677537,,,,
11109,0.0,-298.793915,-735.920105,1859.701294,0.3302043363,-0.9010069827,0.2813387878,,,,
11110,0.0,-296.662628,-734.041809,1859.701294,0.3180308777,-0.9051328399,0.2821185974,,,,
11111,0.0,-292.125671,-729.668457,1859.701294,0.3101652892,-0.907804086,0.2822928175,,,,
11112,0.0,-289.268524,-726.617432,1859.701294,0.3101652892,-0.907804086,0.2822928175,,,,
11113,0.0,-286.976105,-724.005188,1859.701294,0.3101652892,-0.907804086,0.2822928175,,,,
11114,0.0,-285.7681885,-722.5520935,1859.701294,0.3101652892,-0.907804086,0.2822928175,,,,
11115,0.0,-283.039856,-719.179077,1859.701294,0.3101652892,-0.907804086,0.2822928175,,,,
11116,0.0,-280.307281,-715.584534,1859.701294,0.3101652892,-0.907804086,0.2822928175,,,,
11117,0.0,-279.048401,-713.813965,1859.701294,0.3101652892,-0.907804086,0.2822928175,,,,
11118,0.0,-276.585144,-710.347107,1859.701294,0.3101652892,-0.907804086,0.2822928175,,,,
11119,0.0,-274.336334,-707.033875,1859.701294,0.3159064757,-0.9058222032,0.2822928175,,,,
11120,0.0,-272.644043,-704.427002,1859.701294,0.3353420574,-0.8988083609,0.2822928175,,,,
11121,0.0,-270.538544,-701.314575,1859.701294,0.3803716665,-0.880697542,0.2822928175,,,,
11122,0.0,-267.32132,-696.996338,1859.701294,0.4798373318,-0.8316292574,0.2795512711,,,,
11123,0.0,-265.461578,-693.952576,1859.701416,0.5704500042,-0.7734942038,0.2762127973,,,,
11124,0.0,-263.700562,-690.290833,1859.70166,0.6726869489,-0.6873594165,0.2739147703,,,,
11125,0.0,-262.231689,-685.738647,1859.701416,0.7590266968,-0.5912913811,0.2724939927,,,,
11126,0.0,-261.424835,-680.977417,1859.700562,0.8386251938,-0.4705302157,0.274425036,,,,
11127,0.0,-261.474518,-677.960083,1859.700928,0.8810691947,-0.383866736,0.2763392899,,,,
11128,0.0,-261.684387,-674.902405,1859.701416,0.9106022987,-0.3080371822,0.2755295775,,,,
11129,0.0,-262.280487,-672.212769,1859.701538,0.9316007064,-0.242313096,0.270932625,,,,
11130,0.0,-262.897583,-670.07489,1859.701294,0.9399744112,-0.2103051556,0.2687375075,,,,
11131,0.0,-263.531219,-668.542297,1859.701294,0.9420230993,-0.2017829035,0.2680972591,,,,
11132,0.0,-264.451843,-666.990356,1859.701294,0.9425666949,-0.1998880644,0.2676056564,,,,
11133,0.0,-265.230591,-666.120728,1859.701294,0.9426342345,-0.1996516217,0.2675442579,,,,
11134,0.0,-265.902832,-665.773865,1859.701294,0.9426342345,-0.1996516217,0.2675442579,,,,
11135,0.0,-266.460815,-665.795349,1859.701294,0.9427190058,-0.1992509628,0.2675442579,,,,
11136,0.0,-267.271271,-666.050964,1859.701294,0.9428204288,-0.1987704933,0.2675442579,,,,
11137,0.0,-267.90741,-666.59082,1859.701294,0.9432992517,-0.1952972337,0.2684129511,,,,
11138,0.0,-268.481079,-667.335388,1859.701294,0.9438152,-0.1927118042,0.2684679286,,,,
11139,0.0,-268.84729,-667.985046,1859.701294,0.9439458804,-0.1920707272,0.268467895,,,,
11140,0.0,-269.672699,-669.602173,1859.701294,0.9440555697,-0.1915308607,0.268467895,,,,
11141,0.0,-270.288605,-671.029297,1859.701294,0.9440700223,-0.1914595629,0.2684679286,,,,
11142,0.0,-270.901337,-672.673218,1859.701294,0.9442212166,-0.1907126149,0.2684678614,,,,
11143,0.0,-271.425842,-674.249268,1859.701294,0.9442992086,-0.1897899954,0.2688470982,,,,
11144,0.0,-272.230316,-676.694885,1859.701294,0.9443600055,-0.1887602845,0.2693580052,,,,
11145,0.0,-272.814728,-678.649658,1859.701294,0.9443639585,-0.1886929067,0.2693913525,,,,
11146,0.0,-273.943817,-682.818176,1859.701294,0.9443639585,-0.1886929067,0.2693913525,,,,
11147,0.0,-274.694092,-685.677856,1859.701294,0.9443639585,-0.1886929067,0.2693913525,,,,
11148,0.0,-275.146393,-688.204712,1859.701294,0.9443639585,-0.1886929067,0.2693913525,,,,
11149,0.0,-275.392914,-690.992249,1859.701294,0.9440149373,-0.1893786702,0.2701324072,,,,
11150,0.0,-275.385742,-693.748413,1859.701294,0.9411135718,-0.198039787,0.274017313,,,,
11151,0.0,-275.142395,-696.431763,1859.701416,0.9363378334,-0.2147970349,0.2777295369,,,,
11152,0.0,-274.742279,-699.94812,1859.701294,0.9309817107,-0.2328232483,0.2811874631,,,,
11153,0.0,-274.228546,-702.907227,1859.701294,0.92354512,-0.2568458677,0.2847711565,,,,
11154,0.0,-273.677307,-705.472656,1859.701782,0.9121204178,-0.2907651978,0.2889497243,,,,
11155,0.0,-272.821442,-709.565002,1859.701416,0.8960976303,-0.3324607115,0.2940729712,,,,
11156,0.0,-272.093872,-712.853394,1859.701294,0.8810537458,-0.367606127,0.2976743731,,,,
11157,0.0,-271.399048,-716.183411,1859.701416,0.8589613876,-0.4135828328,0.3018850362,,,,
11158,0.0,-270.841858,-719.370361,1859.701416,0.8411460947,-0.4465541583,0.305061684,,,,
11159,0.0,-270.112427,-723.235596,1859.701294,0.8246366273,-0.4745602958,0.3078424249,,,,
11160,0.0,-269.480042,-726.829407,1859.701294,0.8055038512,-0.5046305882,0.3106630252,,,,
11161,0.0,-268.85788,-730.121155,1859.701294,0.7942141581,-0.5211427365,0.3124645889,,,,
11162,0.0,-268.24292,-733.419373,1859.701294,0.7834608412,-0.5361504748,0.3142161338,,,,
11163,0.0,-267.557587,-736.863708,1859.701294,0.7789324309,-0.5425962302,0.3144099219,,,,
11164,0.0,-266.877747,-740.1922,1859.701294,0.7779301413,-0.5435522354,0.3152390562,,,,
11165,0.0,-266.158813,-743.751831,1859.701294,0.7778616949,-0.5436032962,0.315319901,,,,
11166,0.0,-265.478668,-747.183777,1859.701294,0.7778616949,-0.5436032962,0.315319901,,,,
11167,0.0,-264.999664,-749.640564,1859.701294,0.7778616949,-0.5436032962,0.315319901,,,,
11168,0.0,-264.260956,-753.485168,1859.701294,0.7778616949,-0.5436032962,0.315319901,,,,
11169,0.0,-263.448822,-757.52301,1859.701294,0.7778616949,-0.5436032962,0.315319901,,,,
11170,0.0,-262.808594,-760.695557,1859.701294,0.7778616949,-0.5436032962,0.315319901,,,,
11171,0.0,-262.021027,-764.619385,1859.701294,0.7778616949,-0.5436032962,0.315319901,,,,
11172,0.0,-261.328613,-768.106934,1859.701294,0.7778616949,-0.5436032962,0.315319901,,,,
11173,0.0,-260.672485,-771.452759,1859.701294,0.7778616949,-0.5436032962,0.315319901,,,,
11174,0.0,-259.915588,-775.331726,1859.701294,0.7778616949,-0.5436032962,0.315319901,,,,
11175,0.0,-259.380432,-778.066833,1859.701294,0.7782127181,-0.5431006779,0.3153198679,,,,
11176,0.0,-258.701202,-781.499634,1859.701294,0.7793887255,-0.5414116499,0.315319901,,,,
11177,0.0,-257.84317,-785.86145,1859.701294,0.7807788385,-0.5394049912,0.3153199341,,,,
11178,0.0,-257.111633,-789.398499,1859.701294,0.7842722516,-0.5343130125,0.315319901,,,,
11179,0.0,-256.410675,-792.762573,1859.701294,0.7880459436,-0.5291515869,0.3146143495,,,,
11180,0.0,-255.70192,-795.537476,1859.659668,0.793160623,-0.5217746392,0.3140819192,,,,
11181,0.0,-254.622101,-799.250061,1859.541382,0.7987599291,-0.5134290609,0.3136449826,,,,
11182,0.0,-253.517715,-803.069885,1859.235352,0.8057234527,-0.5029300546,0.3128435358,,,,
11183,0.0,-252.513916,-806.474609,1858.66687,0.8134323184,-0.4909772108,0.3118801724,,,,
11184,0.0,-251.454361,-809.976135,1857.887207,0.8247979715,-0.4722654916,0.3109238037,,,,
11185,0.0,-250.488358,-812.955444,1856.970581,0.841425342,-0.4423586176,0.3103582563,,,,
11186,0.0,-249.387009,-816.552307,1855.741333,0.8563763206,-0.4130049804,0.3099136713,,,,
11187,0.0,-248.390335,-819.61084,1854.405762,0.8789949815,-0.3631045514,0.3090678037,,,,
11188,0.0,-247.605789,-821.976746,1852.99231,0.9118012914,-0.2713321217,0.3082162954,,,,
11189,0.0,-246.400223,-827.345398,1849.411133,0.9485648475,-0.0709538476,0.3085292234,,,,
11190,0.0,-246.000336,-829.9422,1847.498291,0.9491745674,0.0199433137,0.3141176607,,,,
11191,0.0,-245.667778,-832.0083925,1846.00354,0.9443094862,0.0692187708,0.3178407694,,,,
11192,0.0,-245.33522,-834.074585,1844.508789,0.9394444051,0.1184942279,0.3215638781,0.1323288405,1292.0401205475,2598.9536827357,3.0
11193,0.0,-244.111801,-838.753662,1840.720337,0.9202725646,0.212027273,0.3288507905,0.1079716272,1174.8603046966,2599.3669027702,3.0
11194,0.0,-242.775955,-843.326294,1836.759644,0.900920361,0.2781755645,0.3331078782,0.095391173,1108.2145502359,2599.9611401225,3.0
11195,0.0,-241.800232,-846.658508,1833.640381,0.8890722931,0.3111776328,0.3357364121,0.0909075486,1083.2732193558,2600.3065690742,3.0
11196,0.0,-240.775986,-850.229492,1830.144409,0.8793441426,0.3348083788,0.3386107329,0.0886221823,1070.4195079207,2600.8153780937,3.0
11197,0.0,-239.867096,-853.531555,1826.769409,0.8744815644,0.3462866708,0.3396579679,0.0873630997,1063.3674299445,2601.3756552852,3.0
11198,0.0,-238.873657,-857.010315,1823.025391,0.8712228887,0.3535255269,0.3405736045,0.0865163297,1058.6793991301,2601.9745155559,3.0
11199,0.0,-237.934448,-860.262451,1819.284058,0.8677687734,0.3610018384,0.3415479888,0.0857127661,1054.2042030206,2602.5461320471,3.0
11200,0.0,-236.813034,-864.226624,1814.619385,0.8644088388,0.3681166327,0.3424726326,0.0848295026,1049.3042215535,2603.3001204868,3.0
11201,0.0,-236.066757,-866.953735,1811.227295,0.8606939385,0.376713454,0.3424805363,0.0836605397,1042.6464319856,2603.9971775281,3.0
11202,0.0,-235.167908,-870.227112,1806.940674,0.855509282,0.3883438273,0.3424805691,0.0822888898,1034.6986227625,2604.6638183055,3.0
11203,0.0,-234.017502,-874.431702,1801.212891,0.8489791032,0.4024196375,0.3424805363,0.080777876,1025.8135220957,2605.3110664421,3.0
11204,0.0,-233.373718,-876.787292,1797.865234,0.8451925986,0.4103127507,0.3424805363,0.0799871681,1021.1698636089,2605.7681016019,3.0
11205,0.0,-232.199524,-880.887512,1791.766846,0.8408464159,0.4198773981,0.3415849461,0.078447531,1012.0043489327,2606.553331386,3.0
11206,0.0,-231.142944,-884.600159,1786.123901,0.8384094341,0.4254156405,0.3407215191,0.0771550346,1004.2235231491,2607.2106428341,3.0
11207,0.0,-230.942703,-885.3227845,1785.0222775,0.8379848048,0.4264359732,0.340488696,0.0768852174,1002.5761993276,2607.3186879908,3.0
11208,0.0,-229.507874,-890.477417,1776.613037,0.8317035178,0.4416682491,0.3364497233,0.0740119415,984.5540164196,2607.7253854638,3.0
11209,0.0,-228.513702,-894.25354,1770.125,0.8236033854,0.4607693274,0.3307099793,0.0710243381,965.496120944,2608.4562779094,3.0
11210,0.0,-227.506195,-898.114624,1763.36145,0.8163531822,0.4769228842,0.3257484374,0.0686481116,949.9994437926,2609.0256527294,3.0
11211,0.0,-226.613617,-901.664246,1756.890991,0.8065756993,0.4969284213,0.3201527532,0.0666852435,937.0630365744,2609.7725181275,3.0
11212,0.0,-226.038574,-904.058105,1752.399902,0.7982473639,0.5133138282,0.3151349866,0.0654507413,928.8304232645,2610.2929522631,3.0
11213,0.0,-225.018478,-907.996277,1744.539795,0.7741274099,0.5560939761,0.3024669288,0.0648773556,925.1781738642,2611.1063525195,3.0
11214,0.0,-223.948013,-911.786804,1736.74707,0.7515199016,0.591710554,0.2917129716,0.0663912861,935.794442803,2611.8042459102,3.0
11215,0.0,-223.241516,-914.229431,1731.440674,0.7281791085,0.6240384119,0.283427674,0.0705326102,963.6676329348,2612.2429923531,3.0
11216,0.0,-222.30249,-917.616028,1723.778931,0.6869087853,0.6744955114,0.2705773934,0.0813064777,1032.0320191785,2612.9301089529,3.0
11217,0.0,-221.365219,-920.989319,1715.978271,0.6457910253,0.7180021813,0.2596667467,0.0952148107,1113.0441717397,2613.5880929243,3.0
11218,0.0,-220.496429,-924.223206,1708.327393,0.6039236908,0.7567540481,0.2501988937,0.1120507657,1202.4086946082,2614.2645728105,3.0
11219,0.0,-219.563416,-927.410522,1700.716064,0.5654755423,0.7887340541,0.241114087,0.1290767769,1284.9938189079,2614.8633591548,3.0
11220,0.0,-218.48996,-930.557678,1693.036499,0.5339110211,0.8123954007,0.234419996,0.1437965579,1350.8551782042,2614.699356109,3.0
11221,0.0,-217.187424,-933.957458,1684.539551,0.5082303883,0.8301560088,0.2292223232,,,,
11222,0.0,-217.0264205,-934.381927,1683.517273,0.5052790659,0.8320981872,0.2286763911,,,,
11223,0.0,-216.865417,-934.806396,1682.494995,0.5023277436,0.8340403657,0.228130459,,,,
11224,0.0,-214.355774,-939.476074,1677.701294,0.4618436712,0.8589062352,0.2213153913,,,,
11225,0.0,-212.599869,-941.394104,1677.701294,0.4455175778,0.8683412202,0.2179394713,,,,
11226,0.0,-211.091278,-942.509033,1677.701294,0.4359700866,0.8734887393,0.2166737315,,,,
11227,0.0,-209.300125,-943.451965,1677.701294,0.4275146603,0.8780817284,0.2149504443,,,,
11228,0.0,-207.470154,-944.136292,1677.701294,0.4207194796,0.8816370543,0.2138018334,,,,
11229,0.0,-205.26442,-944.710999,1677.701294,0.4118772343,0.8862490242,0.2119429427,,,,
11230,0.0,-203.243271,-945.009338,1677.701416,0.4019991722,0.8911458029,0.2103706814,,,,
11231,0.0,-199.222549,-945.367249,1677.701416,0.3801887408,0.9014334757,0.2070608856,,,,
11232,0.0,-197.710266,-945.275269,1677.701355,0.3676552327,0.9069435871,0.2051631255,,,,
11233,0.0,-196.197983,-945.183289,1677.701294,0.3551217246,0.9124536985,0.2032653654,,,,
11234,0.0,-192.428604,-944.151367,1677.701416,0.3173354864,0.9273703323,0.1981980218,,,,
11235,0.0,-191.2912595,-943.6240235,1677.701355,0.3015746339,0.9328124754,0.1965525294,,,,
11236,0.0,-190.153915,-943.09668,1677.701294,0.2858137815,0.9382546186,0.1949070369,,,,
11237,0.0,-188.55629,-942.047729,1677.701416,0.2645469177,0.945103443,0.1918186912,,,,
11238,0.0,-187.817734,-941.464355,1677.701416,0.2512919928,0.9490138789,0.1903286422,,,,
11239,0.0,-183.205383,-936.658875,1677.701294,0.1648231339,0.968883023,0.1846592057,,,,
11240,0.0,-181.688934,-934.355713,1677.701416,0.0856899895,0.979746133,0.1809827082,,,,
11241,0.0,-180.309357,-932.186523,1677.702637,0.0071586003,0.9844214891,0.1756789291,,,,
11242,0.0,-178.827194,-930.076538,1677.701904,-0.0529657086,0.9837649039,0.17146792,,,,
11243,0.0,-177.139282,-927.595947,1677.70166,-0.137233915,0.9767030732,0.1649786637,,,,
11244,0.0,-175.622269,-925.014221,1677.70166,-0.2465170069,0.9563404156,0.1569788993,,,,
11245,0.0,-174.030518,-922.247375,1677.701416,-0.3470623899,0.9258409024,0.1495537394,,,,
11246,0.0,-173.163986,-920.705444,1677.702393,-0.390978734,0.908858871,0.1452968761,,,,
11247,0.0,-171.263824,-917.540466,1677.70166,-0.4527651776,0.8807161569,0.139078197,,,,
11248,0.0,-169.644501,-914.563416,1677.701416,-0.5088670775,0.8506841312,0.1318742067,,,,
11249,0.0,-168.230133,-911.65271,1677.701416,-0.560908468,0.8184111485,0.1248394272,,,,
11250,0.0,-167.33876,-909.457581,1677.70166,-0.6085727724,0.7844136355,0.119726476,,,,
11251,0.0,-165.983109,-906.166992,1677.701416,-0.6509753259,0.7499551183,0.1174667853,,,,
11252,0.0,-164.998138,-903.700378,1677.701294,-0.6693798666,0.7336294697,0.1171255542,,,,
11253,0.0,-163.738434,-900.21283,1677.701172,-0.6991414498,0.7042952083,0.1231644948,,,,
11254,0.0,-162.756256,-897.157227,1677.701294,-0.7042148437,0.6989682179,0.1245988938,,,,
11255,0.0,-161.719131,-893.55365,1677.701294,-0.7042148437,0.6989682179,0.1245988938,,,,
11256,0.0,-161.062698,-891.022644,1677.701294,-0.7042148437,0.6989682179,0.1245988938,,,,
11257,0.0,-160.166107,-887.178162,1677.701294,-0.7042148437,0.6989682179,0.1245988938,,,,
11258,0.0,-159.533798,-884.158997,1677.701294,-0.7042148437,0.6989682179,0.1245988938,,,,
11259,0.0,-158.845474,-880.335388,1677.688477,-0.7042148437,0.6989682179,0.1245988938,,,,
11260,0.0,-158.278351,-877.048279,1677.66687,-0.7042148437,0.6989682179,0.1245988938,,,,
11261,0.0,-157.704727,-873.422607,1677.553345,-0.7042148437,0.6989682179,0.1245988938,,,,
11262,0.0,-157.209076,-869.605286,1677.248169,-0.7042148437,0.6989682179,0.1245988938,,,,
11263,0.0,-156.71608,-865.529236,1676.979126,-0.7042148437,0.6989682179,0.1245988938,,,,
11264,0.0,-156.329758,-861.863403,1676.740356,-0.7042148437,0.6989682179,0.1245988938,,,,
11265,0.0,-155.962173,-857.962463,1676.70166,-0.7042148437,0.6989682179,0.1245988938,,,,
11266,0.0,-155.788528,-855.694519,1676.698242,-0.7037197036,0.6994667184,0.1245989111,,,,
11267,0.0,-155.424042,-851.134399,1676.701172,-0.7029891126,0.7002009877,0.1245988938,,,,
11268,0.0,-155.123764,-846.924011,1676.701172,-0.6700487769,0.7329523814,0.1175391134,,,,
11269,0.0,-154.87793,-843.546021,1676.70105,-0.6499720672,0.7515305807,0.1128631829,,,,
11270,0.0,-154.478912,-838.658142,1676.701294,-0.6323169342,0.7670605238,0.1085976405,,,,
11271,0.0,-154.220581,-835.45813,1676.701294,-0.6261145979,0.7722565189,0.1077050571,,,,
11272,0.0,-153.927338,-832.117859,1676.701172,-0.6097052865,0.7855627498,0.1055965424,,,,
11273,0.0,-153.467957,-827.464661,1676.701172,-0.5897156494,0.8010061966,0.1030753407,,,,
11274,0.0,-152.715439,-822.805176,1676.700684,-0.521352824,0.8476080428,0.0987513986,,,,
11275,0.0,-150.46814,-814.962524,1676.701294,-0.3458053861,0.9335753762,0.0941044733,,,,
11276,0.0,-147.950516,-810.521729,1676.701294,-0.1580298778,0.9827870793,0.0956875881,,,,
11277,0.0,-147.312752,-808.5698855,1676.701294,-0.0502685485,0.9879843479,0.0985509356,,,,
11278,0.0,-146.674988,-806.618042,1676.701294,0.0574927809,0.9931816165,0.1014142831,,,,
11279,0.0,-141.019897,-801.093628,1676.701294,0.3970413233,0.9104736698,0.1157405904,,,,
11280,0.0,-138.938293,-799.373169,1676.701294,0.4913519586,0.8626392518,0.1201115069,,,,
11281,0.0,-136.158997,-797.121338,1676.701294,0.5965191997,0.7926159619,0.1261934287,0.1088297888,1123.5188623221,2476.5161560923,3.0
11282,0.0,-133.656876,-794.911743,1676.701294,0.6674766452,0.7326755103,0.1328966693,0.0728452298,926.3983863237,2472.5149941459,3.0
11283,0.0,-131.266083,-792.407349,1676.701294,0.7101343048,0.6901756733,0.1391646839,0.0541377415,801.3071034278,2468.839620807,3.0
11284,0.0,-129.570541,-790.443542,1676.701294,0.7274460228,0.670962784,0.1436357419,0.0474716503,750.8567282355,2466.2735072191,3.0
11285,0.0,-126.917595,-787.429199,1676.701294,0.74202523,0.6540066287,0.1472205406,0.0422897362,708.5417001657,2462.4857067957,3.0
11286,0.0,-124.586464,-784.605774,1676.701294,0.7490117485,0.6457302467,0.1483706477,0.0399179092,687.761647584,2458.7644830462,3.0
11287,0.0,-123.04303,-782.846252,1676.701294,0.751306402,0.6430435883,0.1484373059,0.039141021,680.4580731283,2456.1908850002,3.0
11288,0.0,-120.235245,-779.634644,1676.701294,0.7539826541,0.6399035227,0.1484373232,0.0382838321,671.8694959625,2451.6537624887,3.0
11289,0.0,-117.789841,-776.953125,1676.701294,0.7576113266,0.635792958,0.1476224655,0.036971123,659.3618465062,2447.536335058,3.0
11290,0.0,-115.141609,-774.164734,1676.701294,0.7649881836,0.6277798382,0.1438247329,0.0340513088,632.0791897387,2442.9720496632,3.0
11291,0.0,-113.394699,-772.37616,1676.701294,0.772420968,0.6193704403,0.1405208378,0.0312287555,604.9743689522,2439.8437113583,3.0
11292,0.0,-110.597122,-769.588257,1676.701294,0.7859022172,0.6035351207,0.134547624,0.0263575678,555.3215950471,2434.7684156029,3.0
11293,0.0,-107.978699,-767.066895,1676.701294,0.7980234412,0.5883917846,0.130206356,0.0223711276,511.1071700567,2429.9404976049,3.0
11294,0.0,-104.779922,-764.09491,1676.701294,0.8162626265,0.5640683319,0.1246685263,0.0170593543,445.8179049538,2423.9371468376,3.0
11295,0.0,-102.123604,-761.721008,1676.701294,0.8254697391,0.5509333662,0.1227686271,0.0147563843,414.0174405597,2418.9213837541,3.0
11296,0.0,-99.668007,-759.634521,1676.701294,0.8305877779,0.5436166765,0.1208505367,0.0134661776,394.8461251537,2414.1137497592,3.0
11297,0.0,-96.446068,-756.882385,1676.701294,0.8355485213,0.5363958131,0.118904164,0.0122774425,376.195107764,2408.1376443143,3.0
11298,0.0,-93.642685,-754.598572,1676.701294,0.8387471905,0.5317929051,0.1170446773,0.0114701801,362.8712317348,2402.7100562424,3.0
11299,0.0,-91.173782,-752.640747,1676.701294,0.8422467971,0.526418574,0.1162059278,0.0107492916,350.6621827139,2398.0279902801,3.0
11300,0.0,-88.142952,-750.299194,1676.701294,0.8502695544,0.5135807116,0.115223858,0.0093696639,326.7117747095,2392.2550076426,3.0
11301,0.0,-85.626823,-748.446228,1676.701294,0.8594712611,0.498153433,0.1146835146,0.0081180496,303.5667711722,2387.2427540965,3.0
11302,0.0,-82.454903,-746.106506,1676.701294,0.8680742119,0.4831110837,0.1142402884,0.0072429846,286.1144686492,2381.5179807942,3.0
11303,0.0,-79.249901,-743.822937,1676.701294,0.8799468306,0.4611597634,0.1141282082,0.0066127008,272.7389414667,2375.5373891698,3.0
11304,0.0,-75.76384,-741.591797,1676.701294,0.8953823453,0.4301879442,0.1150164698,0.0069373077,278.558372903,2368.9738012024,3.0
11305,0.0,-73.139534,-739.988647,1676.701294,0.9038292057,0.4117171763,0.1165406957,0.00718279,141.2878751307,1180.9311457426,2.0
11306,0.0,-70.054337,-738.264648,1676.701294,0.9155435586,0.3836802268,0.1207040841,0.0074407754,142.8860622971,1173.4785340564,2.0
11307,0.0,-66.531807,-736.288147,1676.701294,0.9253788682,0.3578967139,0.1248354616,0.0085313682,151.9817864588,1165.9917208393,2.0
11308,0.0,-63.029396,-734.306824,1676.701294,0.9307825388,0.3413693965,0.1308082591,0.0100380925,163.6964845923,1158.220841277,2.0
11309,0.0,-59.75399,-732.529724,1676.701294,0.9347227912,0.3280845607,0.1365790047,0.0115919641,174.767657302,1151.144374974,2.0
11310,0.0,-56.3722,-730.753662,1676.701294,0.9350351635,0.326996103,0.1370503248,0.0116760479,174.3102574628,1144.0142588777,2.0
11311,0.0,-53.407642,-729.258667,1676.701294,0.9350351635,0.326996103,0.1370503248,0.0116192788,172.9580657956,1137.8930957968,2.0
11312,0.0,-49.960976,-727.577759,1676.701294,0.9350351635,0.326996103,0.1370503248,0.0115491298,171.3879964219,1130.9628448665,2.0
11313,0.0,-43.361099,-724.520264,1676.701294,0.9350351635,0.326996103,0.1370503248,0.0113936978,168.2945068749,1118.0550477,2.0
11314,0.0,-39.795624,-722.927856,1676.701294,0.9350351635,0.326996103,0.1370503248,0.0113018834,166.6082531034,1111.3136995376,2.0
11315,0.0,-38.1226025,-722.2218015,1676.701294,0.9350351635,0.326996103,0.1370503248,0.011250474,165.7361598274,1108.0006476653,2.0
11316,0.0,-33.046154,-720.059509,1676.701294,0.9350351635,0.326996103,0.1370503248,0.011112024,163.3378434129,1098.7150426865,2.0
11317,0.0,-29.465008,-718.582336,1676.701294,0.9350351635,0.326996103,0.1370503248,0.0110085351,161.6183832955,1092.218509921,2.0
11318,0.0,-26.248554,-717.315674,1676.701294,0.9350351635,0.326996103,0.1370503248,0.0109000471,159.9237891995,1086.1019170895,2.0
11319,0.0,-22.2799,-715.72583,1676.701294,0.9350351635,0.326996103,0.1370503248,0.0107934004,158.1536821036,1079.3448330866,2.0
11320,0.0,-19.266645,-714.557983,1676.701294,0.9350351635,0.326996103,0.1370503248,0.0107027225,156.7179933541,1074.0435340257,2.0
11321,0.0,-15.656888,-713.188354,1676.701294,0.9350351635,0.326996103,0.1370503248,0.0105954036,155.0216186992,1067.7558433228,2.0
11322,0.0,-12.076238,-711.820801,1676.701294,0.9350351635,0.326996103,0.1370503248,0.0104893729,153.3544218075,1061.5694403074,2.0
11323,0.0,-8.775932,-710.191833,1676.701294,0.9270088272,0.3504719835,0.1335066404,0.0090639685,142.4209876013,1060.1959611681,2.0
11324,0.0,-5.676429,-708.460876,1676.701294,0.9129159392,0.3907529115,0.1178840539,0.007501044,128.9435435341,1054.7261033801,2.0
11325,0.0,-2.462875,-707.067139,1676.701294,0.9113769875,0.395947687,0.1123272709,0.0071764505,125.4564078838,1049.0678543553,2.0
11326,0.0,-2.707754,-702.058289,1677.088867,0.9115662824,0.3965244227,0.1086981836,0.0071694118,124.986338851,1045.6481975376,2.0
11327,0.0,0.638158,-700.620117,1677.942261,0.9216535978,0.3721876091,0.1096860491,0.0065552433,118.9174465315,1040.2771661062,2.0
11328,0.0,3.936936,-699.241028,1678.231445,0.9316605214,0.3459453043,0.1110428711,0.0064914091,117.7500059862,1035.1002020127,2.0
11329,0.0,7.611277,-697.783203,1678.407349,0.9481315455,0.2958637878,0.1162376509,0.0084173655,133.3193233172,1029.6884544165,2.0
11330,0.0,11.07785,-696.46698,1678.518066,0.9612587917,0.2476264855,0.1210894675,0.0124751178,161.3633448901,1024.7696919255,2.0
11331,0.0,14.647745,-695.392517,1678.537354,0.972453795,0.1955614305,0.1268437758,0.0194159964,200.4021733299,1021.9413029977,2.0
11332,0.0,18.670732,-694.293945,1678.479492,0.9800180977,0.1487542556,0.1320480956,0.0281127932,240.1236266418,1019.8630563531,2.0
11333,0.0,22.08036,-693.397278,1678.106812,0.9843066825,0.1127153361,0.1357777881,0.0360763773,270.8079140113,1017.3903046498,2.0
11334,0.0,25.453541,-692.540405,1678.080933,0.9864721466,0.0864100052,0.1393054736,0.0429277352,294.1204739992,1014.735462142,2.0
11335,0.0,29.517677,-691.476685,1677.708496,0.9875512173,0.0681625675,0.1417619751,0.0477271806,308.6016996582,1010.986065538,2.0
11336,0.0,32.851685,-690.621704,1677.047607,0.9879541479,0.0599208108,0.1426747983,0.0497568259,313.9805749871,1007.9339256785,2.0
11337,0.0,35.850594,-689.891479,1676.749268,0.987997136,0.058004407,0.1431682507,0.0498658375,313.520647968,1005.3848676212,2.0
11338,0.0,39.860844,-688.957031,1676.644287,0.9880103684,0.0566393575,0.1436227531,0.0497309014,312.1079749334,1002.1769973511,2.0
11339,0.0,44.023605,-688.058838,1676.608643,0.9880639957,0.055509248,0.1436950375,0.0493336905,309.9587265923,999.1727335983,2.0
11340,0.0,46.720181,-687.544067,1676.617554,0.9882377045,0.0523257165,0.1436950202,0.0496888686,310.5433467014,997.5639023007,2.0
11341,0.0,51.582668,-686.657227,1676.936035,0.9884558763,0.0480283443,0.1436950202,0.0504615067,311.8354189576,994.2129772065,2.0
11342,0.0,54.860447,-686.111389,1677.101318,0.9886746678,0.0432913093,0.1436950375,0.0513931532,314.0859879337,992.5075469718,2.0
11343,0.0,59.148254,-685.464172,1677.176147,0.9889778242,0.035701532,0.1436950375,0.052970804,318.044140402,990.3367242956,2.0
11344,0.0,63.072052,-684.932861,1677.710938,0.9891970526,0.0289987456,0.1436950375,0.054654562,322.3091578179,988.4644868456,2.0
11345,0.0,66.378685,-684.552856,1677.750488,0.9893594978,0.0227929899,0.1436950375,0.0561805024,326.291066058,987.3801825192,2.0
11346,0.0,70.721313,-684.520874,1678.180176,0.9894782503,0.0168679716,0.1436950375,0.0579816123,330.6884516408,985.4786410621,2.0
11347,0.0,74.565094,-684.368652,1678.276855,0.9895580073,0.0112555075,0.1436950375,0.059624856,334.7604671513,984.1870413445,2.0
11348,0.0,77.721237,-684.134094,1678.259155,0.9895794881,0.0091745822,0.1436950375,0.0602009323,336.1564969802,983.6974098774,2.0
11349,0.0,82.079689,-684.146667,1678.338379,0.9895948094,0.0073382183,0.1436950375,0.0609380808,337.6350868356,982.2167750684,2.0
11350,0.0,85.942734,-684.027161,1678.293457,0.9895353373,0.0071154058,0.1441151871,0.0611599587,337.9244792435,981.329989994,2.0
11351,0.0,89.709053,-683.906067,1678.160889,0.9894670213,0.0071149146,0.1445835113,0.061318616,338.0855415259,980.5668486431,2.0
11352,0.0,93.533684,-683.676575,1678.184082,0.9894582179,0.0071148513,0.1446437484,0.0614946207,338.3227459575,979.8940675549,2.0
11353,0.0,96.828186,-683.626465,1677.721558,0.9894582179,0.0071148513,0.1446437484,0.0616055377,338.6165478045,979.8897645486,2.0
11354,0.0,101.009918,-683.416077,1677.401001,0.9894582179,0.0071148513,0.1446437484,0.0618028697,338.8182142319,978.9566378747,2.0
11355,0.0,104.829895,-683.199829,1677.024536,0.9894582179,0.0071148513,0.1446437484,0.061992645,339.1933325545,978.5871598503,2.0
11356,0.0,108.566086,-683.009094,1676.693848,0.9894517346,0.0079652926,0.1446437657,0.0619504294,339.0294035149,978.436768,2.0
11357,0.0,112.098511,-682.896912,1676.360352,0.9894509418,0.0080634852,0.1446437484,0.0623504593,340.2032271698,978.7707574178,2.0
11358,0.0,119.578346,-682.662598,1675.792969,0.9894509418,0.0080634852,0.1446437484,0.063406367,342.6725866969,977.898270427,2.0
11359,0.0,123.257156,-682.587402,1675.807861,0.9894509418,0.0080634852,0.1446437484,0.0202728929,440.7664796313,2200.1284223337,0.0
11360,0.0,126.895401,-682.463196,1675.875244,0.9894509418,0.0080634852,0.1446437484,0.0203038038,440.3739663587,2196.51239821,0.0
11361,0.0,131.027832,-682.304443,1676.015747,0.9894509418,0.0080634852,0.1446437484,0.0203421527,439.9606440316,2192.4025890442,0.0
11362,0.0,134.279007,-682.081726,1676.421265,0.9894509418,0.0080634852,0.1446437484,0.0204489813,440.4925219811,2189.370952005,0.0
11363,0.0,138.485458,-681.894043,1676.93335,0.9894509418,0.0080634852,0.1446437484,0.0205964651,441.2748127693,2185.473893296,0.0
11364,0.0,142.05896,-681.703552,1677.449585,0.989457877,0.0071621001,0.1446437484,0.0208560643,443.3444797765,2182.15922801,0.0
11365,0.0,145.555588,-681.478149,1677.810547,0.989479497,0.0029182209,0.1446437312,0.0217377785,451.9385788715,2179.3646734687,0.0
11366,0.0,149.275772,-681.297852,1677.519287,0.9894426377,-0.009024839,0.1446437657,0.0238722478,472.7128700142,2176.4227684206,0.0
11367,0.0,152.980789,-680.812561,1677.514038,0.9892334789,-0.0222555671,0.1446437484,0.0264262246,496.359729261,2173.4632213036,0.0
11368,0.0,156.705811,-680.313477,1677.157471,0.9887788308,-0.0373444066,0.1446437657,0.0295581509,523.8187210413,2170.5039151953,0.0
11369,0.0,160.844009,-679.313538,1677.421631,0.9876618058,-0.0600194843,0.1446437657,0.0346608973,565.6141589846,2167.1133326385,0.0
11370,0.0,163.927048,-678.54126,1677.343384,0.9863751434,-0.0768840975,0.1454404069,0.0389407573,598.0961445594,2164.3298517697,0.0
11371,0.0,167.914001,-677.340271,1677.235107,0.9839454231,-0.1032195419,0.1455923437,0.0460166831,647.9493023873,2160.8416638864,0.0
11372,0.0,171.310226,-676.277283,1677.082764,0.9805365644,-0.1307800226,0.1464398567,0.054251998,700.9328998758,2157.3732023066,0.0
11373,0.0,174.672867,-675.263855,1676.961182,0.9739561532,-0.1714113007,0.1484169046,0.0679594742,780.6110705311,2154.2772005106,0.0
11374,0.0,178.598511,-673.798584,1676.690674,0.9665799233,-0.2077254624,0.1502444145,0.0816532326,850.9243236617,2150.0110374396,0.0
11375,0.0,181.996155,-672.613953,1676.396973,0.9588076512,-0.2399517145,0.152023231,0.0952013455,914.1737818837,2146.7559768214,0.0
11376,0.0,185.763245,-671.198975,1676.05896,0.9494732041,-0.2734399283,0.1540494734,0.1106343259,979.7851647933,2143.0282789195,0.0
11377,0.0,189.427505,-669.753662,1675.758423,0.9395834657,-0.3042206532,0.1569480969,0.126240436,1040.5456607148,2139.4639266459,0.0
11378,0.0,192.18573,-668.729675,1675.790405,0.9286448897,-0.3350909108,0.1591626537,0.1429968627,1101.1281252144,2136.8216844782,0.0
11379,0.0,196.20813,-667.06842,1675.528198,0.9156686834,-0.3680379194,0.1615517014,,,,
11380,0.0,199.466095,-665.793823,1675.476562,0.8992346177,-0.4051988529,0.1648969132,,,,
11381,0.0,202.749741,-664.579834,1675.402954,0.8803046086,-0.4434540716,0.1685594329,,,,
11382,0.0,206.40538,-663.407898,1675.491577,0.8631993164,-0.474791046,0.1716403297,,,,
11383,0.0,209.990204,-662.134338,1675.676147,0.8433815474,-0.5081525,0.174609857,,,,
11384,0.0,213.693985,-661.195984,1676.080078,0.8295481672,-0.5297161074,0.1767786295,,,,
11385,0.0,216.969254,-660.503052,1676.557251,0.8190162704,-0.545277136,0.178564257,,,,
11386,0.0,220.134933,-659.7724,1676.850342,0.813298272,-0.5535782201,0.1791565656,,,,
11387,0.0,223.974197,-658.276123,1676.574951,0.8083034247,-0.5606997917,0.1796143569,,,,
11388,0.0,227.320999,-658.383972,1677.079712,0.8077219944,-0.561527041,0.1796456568,,,,
11389,0.0,230.910538,-657.62146,1677.436646,0.8074364506,-0.5619375555,0.1796456568,,,,
11390,0.0,232.031128,-657.338013,1677.436646,0.8072560022,-0.5621967602,0.1796456224,,,,
11391,0.0,237.358826,-656.501221,1678.213623,0.8032367338,-0.5682210816,0.1787052094,,,,
11392,0.0,240.439362,-656.28363,1678.342651,0.7970860381,-0.5781895818,0.1742143949,,,,
11393,0.0,243.649109,-656.191345,1678.258301,0.7868624256,-0.5928871072,0.1712670468,,,,
11394,0.0,246.744736,-656.453857,1678.65332,0.7776628979,-0.6063801548,0.1659624207,,,,
11395,0.0,249.825577,-656.542969,1678.302002,0.7696148071,-0.6173866318,0.1628704869,,,,
11396,0.0,252.431152,-657.023071,1678.390625,0.7625043457,-0.6268461074,0.1601595467,,,,
11397,0.0,259.104004,-658.251709,1677.553223,0.7443628362,-0.6496412095,0.1545647662,,,,
11398,0.0,260.6844025,-658.515045,1677.4169315,0.737483866,-0.6578445801,0.1524432331,,,,
11399,0.0,266.02182,-659.454285,1677.022827,0.7169435122,-0.6816543457,0.1460799552,,,,
11400,0.0,269.194885,-659.942932,1676.645752,0.7032801235,-0.6966843878,0.1415200752,,,,
11513,0.0,-1516.336182,146.773376,1676.710083,1.0,0.0,0.0,,,,
11514,0.0,-1516.50708,146.773376,1676.710083,1.0,0.0,0.0,,,,
11515,0.0,-1516.692383,146.773376,1676.710083,1.0,0.0,0.0,,,,
11516,0.0,-1516.626465,146.378723,1676.712402,0.9989647605,-0.0454494691,0.0019372968,,,,
11517,0.0,-1516.579468,143.259384,1676.710815,0.9318796232,-0.3623928471,0.0164861219,,,,
11518,0.0,-1516.517822,142.798996,1676.710083,0.718498342,-0.6946862442,0.0342221379,,,,
11519,0.0,-1516.039062,142.209656,1676.725952,0.710599646,-0.7027404207,0.0346993415,,,,
11520,0.0,-1515.431519,141.498306,1676.726562,0.710599646,-0.7027404207,0.0346993415,,,,
11521,0.0,-1514.855469,140.812363,1676.72644,0.710599646,-0.7027404207,0.0346993415,,,,
11522,0.0,-1514.355835,140.204498,1676.72644,0.710599646,-0.7027404207,0.0346993415,,,,
11523,0.0,-1513.96106,139.709747,1676.72644,0.7100624956,-0.7032831635,0.0346993415,,,,
11524,0.0,-1513.27832,138.796143,1676.725342,0.7012016716,-0.7122523443,0.0318247361,,,,
11525,0.0,-1513.1556395,138.60907,1676.7245485,0.7001554522,-0.713299955,0.0313544878,,,,
11526,0.0,-1512.908936,138.197235,1676.722778,0.6990715643,-0.7143851969,0.030866463,,,,
11527,0.0,-1512.833618,138.003189,1676.722168,0.6990715643,-0.7143851969,0.030866463,,,,
11528,0.0,-1512.834961,137.878433,1676.721802,0.6990715643,-0.7143851969,0.030866463,,,,
11529,0.0,-1512.884399,137.826004,1676.721802,0.6990715643,-0.7143851969,0.030866463,,,,
11530,0.0,-1513.103149,137.618729,1676.721802,0.6990715643,-0.7143851969,0.030866463,,,,
11531,0.0,-1513.287964,137.451096,1676.721802,0.6990715643,-0.7143851969,0.030866463,,,,
11532,0.0,-1513.295532,141.804108,1676.725098,0.9987605358,-0.049739209,0.0018447771,,,,
11533,0.0,-1513.709229,142.146103,1676.721802,1.0,0.0,0.0,,,,
11534,0.0,-1513.935059,142.146103,1676.721802,1.0,0.0,0.0,,,,
11535,0.0,-1514.148926,142.146103,1676.721802,1.0,0.0,0.0,,,,
11536,0.0,-1514.40332,142.146103,1676.721802,1.0,0.0,0.0,,,,
11537,0.0,-1514.632568,142.146103,1676.721802,1.0,0.0,0.0,,,,
11538,0.0,-1514.881226,142.146103,1676.721802,1.0,0.0,0.0,,,,
11539,0.0,-1515.124878,142.146103,1676.721802,1.0,0.0,0.0,,,,
11540,0.0,-1515.343506,142.146103,1676.721802,1.0,0.0,0.0,,,,
11541,0.0,-1515.620361,142.146103,1676.721802,1.0,0.0,0.0,,,,
11542,0.0,-1515.83313,142.146103,1676.721802,1.0,0.0,0.0,,,,
11543,0.0,-1515.548706,142.146103,1676.721802,1.0,0.0,0.0,,,,
11544,0.0,-1515.326538,142.146103,1676.721802,1.0,0.0,0.0,,,,
11545,0.0,-1515.062012,142.146103,1676.721802,1.0,0.0,0.0,,,,
11546,0.0,-1514.807983,142.146103,1676.721802,1.0,0.0,0.0,,,,
11547,0.0,-1514.559692,142.146103,1676.721802,1.0,0.0,0.0,,,,
11548,0.0,-1514.347046,142.146103,1676.721802,1.0,0.0,0.0,,,,
11549,0.0,-1514.10083,142.146103,1676.721802,1.0,0.0,0.0,,,,
11550,0.0,-1513.879272,142.146103,1676.721802,1.0,0.0,0.0,,,,
11551,0.0,-1513.511475,142.146103,1676.716553,1.0,0.0,0.0,,,,
11552,0.0,-1512.878418,142.146103,1676.706421,1.0,0.0,0.0,,,,
11553,0.0,-1512.192261,142.146103,1676.702393,1.0,0.0,0.0,,,,
11554,0.0,-1511.093628,142.146103,1676.701538,1.0,0.0,0.0,,,,
11555,0.0,-1509.78125,142.146103,1676.701538,1.0,0.0,0.0,,,,
11556,0.0,-1508.540894,142.146088,1676.701538,1.0,0.0,0.0,,,,
11557,0.0,-1506.719482,142.146103,1676.701538,1.0,0.0,0.0,,,,
11558,0.0,-1504.907715,142.146103,1676.701538,1.0,0.0,0.0,,,,
11559,0.0,-1502.833984,142.146103,1676.701538,1.0,0.0,0.0,,,,
11560,0.0,-1500.522583,142.146103,1676.701538,1.0,0.0,0.0,,,,
11561,0.0,-1496.167847,142.146103,1676.701538,1.0,0.0,0.0,,,,
11562,0.0,-1494.697266,142.146103,1676.701538,1.0,0.0,0.0,,,,
11563,0.0,-1493.226685,142.146103,1676.701538,1.0,0.0,0.0,,,,
11564,0.0,-1490.687866,142.146103,1676.701538,1.0,0.0,0.0,,,,
11565,0.0,-1487.997437,142.146103,1676.701538,1.0,0.0,0.0,,,,
11566,0.0,-1482.836304,142.146103,1676.701538,1.0,0.0,0.0,,,,
11567,0.0,-1479.94397,142.146103,1676.701538,1.0,0.0,0.0,,,,
11568,0.0,-1477.243286,142.146103,1676.701538,1.0,0.0,0.0,,,,
11569,0.0,-1474.272217,142.146103,1676.701538,1.0,0.0,0.0,,,,
11570,0.0,-1471.213501,142.146103,1676.701538,1.0,0.0,0.0,,,,
11571,0.0,-1468.208008,142.146103,1676.701538,1.0,0.0,0.0,,,,
11572,0.0,-1465.182007,142.146103,1676.701538,1.0,0.0,0.0,,,,
11573,0.0,-1462.606445,142.139526,1676.701538,0.999999669,-0.00081362,0.0,,,,
11574,0.0,-1459.729614,142.131653,1676.701538,0.9999985255,-0.0017172635,0.0,,,,
11575,0.0,-1456.339844,142.128677,1676.701538,0.9999981617,-0.0019174699,0.0,,,,
11576,0.0,-1453.243774,142.119888,1676.701538,0.9999961626,-0.0027703401,0.0,,,,
11577,0.0,-1450.228271,142.116501,1676.701538,0.9999958637,-0.0028762114,0.0,,,,
11578,0.0,-1447.093506,142.106384,1676.701538,0.9999931855,-0.003691747,0.0,,,,
11579,0.0,-1443.972534,142.101013,1676.701416,0.9999926466,-0.0038349502,0.0,,,,
11580,0.0,-1440.625122,142.08844,1676.701416,0.9999890152,-0.0046871693,0.0,,,,
11581,0.0,-1437.248535,142.07312,1676.701416,0.9999833198,-0.0057036853,0.0009100495,,,,
11582,0.0,-1434.414062,142.066315,1676.701416,0.9999829952,-0.0057523963,0.0009587441,,,,
11583,0.0,-1430.851685,142.04071,1676.701416,0.9999701567,-0.0076659311,0.0009587441,,,,
11584,0.0,-1427.77832,142.022888,1676.701416,0.9999624589,-0.0086117106,0.0009587441,,,,
11585,0.0,-1425.189819,141.999878,1676.701416,0.9999476582,-0.0101863461,0.0009587441,,,,
11586,0.0,-1421.977051,141.970627,1676.701294,0.9999282352,-0.0119417421,0.0009587441,,,,
11587,0.0,-1418.369629,141.940521,1676.701416,0.9999095002,-0.0134190961,0.0009587441,,,,
11588,0.0,-1415.751465,141.918732,1676.701416,0.9998987816,-0.0141953267,0.0009587441,,,,
11589,0.0,-1412.253662,141.886276,1676.701416,0.9998825208,-0.0152978878,0.0009587441,,,,
11590,0.0,-1409.11084,141.854797,1676.701416,0.9998672855,-0.0162632134,0.0009587441,,,,
11591,0.0,-1406.044312,141.829483,1676.701416,0.9998667221,-0.0162978187,0.0009587441,,,,
11592,0.0,-1402.989502,141.802597,1676.701416,0.9998667221,-0.0162978187,0.0009587441,,,,
11593,0.0,-1400.233887,141.776749,1676.701416,0.9998667221,-0.0162978187,0.0009587441,,,,
11594,0.0,-1396.906128,141.736191,1676.701416,0.9998531273,-0.0171115343,0.0009587441,,,,
11595,0.0,-1393.652466,141.6996,1676.701416,0.9998506371,-0.0172564275,0.0009587441,,,,
11596,0.0,-1389.941528,141.656754,1676.701416,0.999849338,-0.0172566321,0.0018734702,,,,
11597,0.0,-1387.011963,141.621216,1676.701416,0.9998492586,-0.0172564038,0.0019174699,,,,
11598,0.0,-1382.911255,141.569534,1676.701416,0.9998492586,-0.0172564038,0.0019174699,,,,
11599,0.0,-1379.972046,141.531052,1676.701416,0.9998492586,-0.0172564038,0.0019174699,,,,
11600,0.0,-1375.999146,141.477631,1676.701416,0.9998492586,-0.0172564038,0.0019174699,,,,
11601,0.0,-1372.300171,141.572952,1676.701416,0.9998492586,-0.0172564038,0.0019174699,,,,
11602,0.0,-1369.158203,141.852982,1676.701538,0.9998492586,-0.0172564038,0.0019174699,,,,
11603,0.0,-1368.337524,141.935898,1676.701416,0.9998492586,-0.0172564038,0.0019174699,,,,
11604,0.0,-1362.329956,143.026382,1676.701416,0.9998492586,-0.0172564038,0.0019174699,,,,
11605,0.0,-1358.637329,143.969193,1676.701416,0.9998492586,-0.0172564038,0.0019174699,,,,
11606,0.0,-1352.666504,145.922333,1676.701416,0.9998492586,-0.0172564038,0.0019174699,,,,
11607,0.0,-1350.557373,146.7576525,1676.701416,0.9998492586,-0.0172564038,0.0019174699,,,,
11608,0.0,-1348.448242,147.592972,1676.701416,0.9998492586,-0.0172564038,0.0019174699,,,,
11609,0.0,-1342.423828,150.368576,1676.701416,0.9998492586,-0.0172564038,0.0019174699,,,,
11610,0.0,-1340.5635375,151.323189,1676.701416,0.999841251,-0.0177085206,0.0019174699,,,,
11611,0.0,-1336.65625,153.393677,1676.701416,0.9998310376,-0.018214886,0.0024726752,,,,
11612,0.0,-1332.845093,155.581924,1676.701416,0.9998162273,-0.0189536033,0.0028762114,0.0064097862,358.3026714217,3169.6428380707,0.0
11613,0.0,-1329.643188,157.524033,1676.701416,0.9998096115,-0.0191735671,0.0036214805,0.0063832519,357.1677191962,3166.1418659421,0.0
11614,0.0,-1327.7151485,158.747063,1676.701416,0.9997998237,-0.0196512912,0.0037282154,,,,
11615,0.0,-1323.01123,161.807816,1676.701416,0.9997726377,-0.0209753673,0.0038349502,,,,
11616,0.0,-1320.186035,163.738861,1676.701416,0.9997702153,-0.0210905152,0.0038349502,,,,
11617,0.0,-1316.577148,166.276749,1676.701416,0.9997508508,-0.0219893016,0.0038349502,,,,
11618,0.0,-1313.944702,168.180756,1676.701538,0.9997295122,-0.0228005282,0.0045867616,,,,
11619,0.0,-1313.5914915,168.438179,1676.701477,0.9997263994,-0.0229151539,0.0046902148,,,,
11620,0.0,-1307.639404,172.864563,1676.701538,0.9994921151,-0.0313509705,0.0057121349,,,,
11621,0.0,-1304.48938,175.253067,1676.701416,0.9992791302,-0.0373896335,0.0065753584,,,,
11622,0.0,-1301.461548,177.580643,1676.701416,0.9990113277,-0.0438200376,0.0074947576,,,,
11623,0.0,-1297.991455,180.255005,1676.701416,0.9983050589,-0.0574050986,0.0095741366,,,,
11624,0.0,-1295.03064,182.553955,1676.701294,0.9975161232,-0.0696478378,0.0105243854,,,,
11625,0.0,-1292.212402,184.739151,1676.701294,0.9964705846,-0.0831615466,0.0114250258,,,,
11626,0.0,-1289.610352,186.799316,1676.701294,0.9958449691,-0.0903351626,0.0115046076,,,,
11627,0.0,-1286.171387,189.469391,1676.701294,0.9941755348,-0.1070577967,0.0123949237,,,,
11628,0.0,-1283.43042,191.625702,1676.701294,0.9929393749,-0.1178778964,0.0132740085,,,,
11629,0.0,-1281.102661,193.438751,1676.701294,0.9914310865,-0.1299394188,0.0134219294,,,,
11630,0.0,-1278.367065,195.594528,1676.701294,0.9904367115,-0.1373134088,0.0134219294,,,,
11631,0.0,-1276.204956,197.2789,1676.701294,0.9893798296,-0.1446576513,0.0142026978,,,,
11632,0.0,-1273.34314,199.519882,1676.701172,0.9887104107,-0.1490528379,0.0153289057,,,,
11633,0.0,-1271.38623,200.867584,1676.701172,0.9882481416,-0.1520100444,0.0160797061,,,,
11634,0.0,-1268.509033,202.635635,1676.701172,0.987966852,-0.1538046818,0.0162978262,,,,
11635,0.0,-1268.2368775,202.796196,1676.701233,0.9879505184,-0.1539095278,0.0162978262,,,,
11636,0.0,-1263.604614,205.094818,1676.701172,0.9875666272,-0.1562773749,0.0170158423,,,,
11637,0.0,-1261.115112,206.086365,1676.701294,0.9871195466,-0.1590509858,0.0172564355,,,,
11638,0.0,-1257.692383,207.304352,1676.701172,0.9866102,-0.1621805451,0.017256418,,,,
11639,0.0,-1254.973511,208.087585,1676.701172,0.9854556055,-0.1690546234,0.017256418,,,,
11640,0.0,-1252.504639,208.697678,1676.701172,0.9847929379,-0.172873031,0.0172564355,,,,
11641,0.0,-1249.139771,209.365143,1676.701172,0.9830165243,-0.1827039381,0.017256418,,,,
11642,0.0,-1246.342773,209.796112,1676.701172,0.9812791871,-0.1918935163,0.0163717834,,,,
11643,0.0,-1243.69397,210.063995,1676.701172,0.9782295691,-0.206884729,0.0162978262,,,,
11644,0.0,-1241.110596,210.191376,1676.70105,0.9736530952,-0.2274511617,0.0162978262,,,,
11645,0.0,-1238.061401,210.301147,1676.701172,0.9692467212,-0.2455507572,0.0162978262,,,,
11646,0.0,-1234.63208,210.218964,1676.701172,0.961241437,-0.2752258721,0.0162978262,,,,
11647,0.0,-1231.851929,210.04335,1676.701172,0.9536464439,-0.3004876719,0.0162978262,,,,
11648,0.0,-1226.332275,209.515884,1676.701172,0.938738078,-0.3441609075,0.0180025176,,,,
11649,0.0,-1223.002319,210.772995,1675.76355,0.930546839,-0.3657195562,0.0182150115,,,,
11650,0.0,-1222.6483155,210.6810225,1675.730591,0.929402514,-0.368603646,0.0182398172,,,,
11651,0.0,-1222.294312,210.58905,1675.697632,0.9282581891,-0.3714877359,0.0182646229,,,,
11652,0.0,-1213.975952,209.121857,1675.567383,0.8962065074,-0.4431042049,0.0217384403,,,,
11653,0.0,-1211.903198,208.746811,1675.596069,0.889941521,-0.4555413508,0.0220491915,,,,
11654,0.0,-1208.737671,207.272964,1676.701172,0.8796684339,-0.4750760776,0.0220491915,,,,
11655,0.0,-1205.867432,207.190552,1676.701172,0.8705826236,-0.4914963492,0.0227427858,,,,
11656,0.0,-1202.879517,207.239151,1676.701172,0.8648628763,-0.501480659,0.0230076924,,,,
11657,0.0,-1199.795898,207.362823,1676.701172,0.859674452,-0.5103239005,0.0230076749,,,,
11658,0.0,-1196.408081,207.588135,1676.701172,0.8556986205,-0.5169627817,0.0230076749,,,,
11659,0.0,-1193.237915,207.90419,1676.701172,0.855276172,-0.5176613917,0.0230076749,,,,
11660,0.0,-1190.32373,208.241394,1676.701172,0.855276172,-0.5176613917,0.0230076749,,,,
11661,0.0,-1187.479614,208.604126,1676.701294,0.855276172,-0.5176613917,0.0230076749,,,,
11662,0.0,-1183.844971,209.111298,1676.701172,0.855276172,-0.5176613917,0.0230076749,,,,
11663,0.0,-1181.24585,209.504425,1676.700439,0.855276172,-0.5176613917,0.0230076749,,,,
11664,0.0,-1178.61084,209.788635,1676.699585,0.8549221115,-0.5182459167,0.0230076749,,,,
11665,0.0,-1178.106079,209.830307,1676.699402,0.8548507928,-0.5183635308,0.0230076749,,,,
11666,0.0,-1172.742188,209.986984,1676.697388,0.8547664021,-0.5184734198,0.0236582089,,,,
11667,0.0,-1169.192871,209.8479,1676.696289,0.8551968124,-0.5177490082,0.0239661547,,,,
11668,0.0,-1165.920044,209.424515,1676.682129,0.8552368797,-0.5176376505,0.024922728,,,,
11669,0.0,-1164.131836,209.035751,1676.670776,0.8552368576,-0.5176375964,0.0249246124,,,,
11670,0.0,-1160.635986,207.969147,1676.647095,0.8552368576,-0.5176375964,0.0249246124,,,,
11671,0.0,-1158.52002,207.038925,1676.632812,0.8526644222,-0.5218641076,0.0249246124,,,,
11672,0.0,-1155.992676,205.625244,1676.630493,0.8462011577,-0.5321881647,0.0268208533,,,,
11673,0.0,-1154.022339,204.290558,1676.664917,0.8413357494,-0.539754839,0.0286159149,,,,
11674,0.0,-1152.164795,202.773972,1676.705566,0.8364900453,-0.5471497014,0.0301928531,,,,
11675,0.0,-1150.700073,201.502487,1676.740356,0.8334967602,-0.5516457898,0.0311460001,,,,
11676,0.0,-1148.353882,199.225952,1676.807861,0.8289613588,-0.5582555606,0.0342606871,,,,
11677,0.0,-1146.936035,197.657913,1676.851562,0.8278618752,-0.5598252845,0.0352188351,,,,
11678,0.0,-1144.978271,195.272217,1676.911377,0.8270511685,-0.5609496345,0.0363575608,,,,
11679,0.0,-1143.644287,193.441376,1676.964355,0.8257071191,-0.5628722102,0.0371837118,,,,
11680,0.0,-1142.123169,191.090683,1677.020264,0.8216126777,-0.5686539683,0.0398154777,,,,
11681,0.0,-1140.684937,188.524841,1677.072266,0.8135839004,-0.5799248631,0.0420522301,,,,
11682,0.0,-1139.690918,186.631119,1677.108032,0.809029076,-0.5862036314,0.0428632333,,,,
11683,0.0,-1138.325195,183.78775,1677.157349,0.8032305757,-0.594070172,0.0436035897,,,,
11684,0.0,-1137.143555,181.231857,1677.199585,0.7994030855,-0.5991795541,0.0440291806,,,,
11685,0.0,-1135.887695,178.725006,1677.244141,0.7959030214,-0.6038167438,0.0440876446,,,,
11686,0.0,-1134.2948,176.188599,1677.296631,0.7936894682,-0.6067234182,0.0440876621,,,,
11687,0.0,-1132.697876,174.134476,1677.348267,0.7913497792,-0.6097719287,0.0440876621,,,,
11688,0.0,-1131.084106,172.372314,1677.401123,0.7874949806,-0.6148062375,0.0431850181,,,,
11689,0.0,-1129.543457,170.931839,1677.451538,0.7839786768,-0.6192876986,0.0431298125,,,,
11690,0.0,-1127.433716,169.267792,1677.52002,0.7810154385,-0.6230206277,0.0431298299,,,,
11691,0.0,-1125.413818,167.897827,1677.585571,0.7770666764,-0.6279388491,0.0431298299,,,,
11692,0.0,-1123.175537,166.591003,1677.660889,0.7726526101,-0.6334217816,0.0422467834,,,,
11693,0.0,-1120.876099,165.445633,1677.733521,0.7688397215,-0.6380493779,0.0421719581,,,,
11694,0.0,-1118.513306,164.45813,1677.756348,0.7674290587,-0.6397453914,0.0421719581,,,,
11695,0.0,-1116.16626,163.602783,1677.757202,0.7656601645,-0.6418613856,0.0421719581,,,,
11696,0.0,-1113.534912,162.774185,1677.75708,0.764285117,-0.6434353473,0.0431186004,,,,
11697,0.0,-1109.334229,161.73793,1677.757202,0.7600843035,-0.6481939867,0.0460044244,,,,
11698,0.0,-1106.075439,160.974655,1677.75708,0.7576088238,-0.6509641251,0.047692536,,,,
11699,0.0,-1103.227783,160.241058,1677.75708,0.7548986638,-0.6539565159,0.0496878527,,,,
11700,0.0,-1100.675171,159.442535,1677.75708,0.750608377,-0.6587307028,0.0515841603,,,,
11701,0.0,-1098.116699,158.526215,1677.75708,0.7461827897,-0.6636589124,0.052612663,,,,
11702,0.0,-1095.465698,157.481873,1677.75708,0.7433862414,-0.6667825414,0.0527061525,,,,
11703,0.0,-1092.969971,156.406494,1677.75708,0.7414859414,-0.668895104,0.0527061525,,,,
11704,0.0,-1090.551025,155.291428,1677.75708,0.7407119073,-0.6696898002,0.053492447,,,,
11705,0.0,-1087.951172,154.014923,1677.712402,0.7405902739,-0.669810623,0.0536635398,,,,
11706,0.0,-1085.386108,152.674896,1677.699829,0.7405902739,-0.669810623,0.0536635398,,,,
11707,0.0,-1082.681152,151.180023,1677.701294,0.7405902739,-0.669810623,0.0536635398,,,,
11708,0.0,-1079.961548,149.598999,1677.701294,0.7405902739,-0.669810623,0.0536635398,,,,
11709,0.0,-1077.443237,148.068512,1677.701294,0.7405902739,-0.669810623,0.0536635398,,,,
11710,0.0,-1075.255493,146.683777,1677.701294,0.7400827456,-0.6703713568,0.0536635224,,,,
11711,0.0,-1072.270996,144.730225,1677.701294,0.7393226587,-0.6712095283,0.0536635398,,,,
11712,0.0,-1069.763306,143.040894,1677.701294,0.7393045707,-0.6712294512,0.0536635398,,,,
11713,0.0,-1067.598267,141.544052,1677.701294,0.7393045707,-0.6712294512,0.0536635398,,,,
11714,0.0,-1064.672119,139.473709,1677.701294,0.7393045707,-0.6712294512,0.0536635398,,,,
11715,0.0,-1062.308716,137.760056,1677.701294,0.7393045707,-0.6712294512,0.0536635398,,,,
11716,0.0,-1059.786011,135.896027,1677.701294,0.7393045707,-0.6712294512,0.0536635398,,,,
11717,0.0,-1057.369995,134.078232,1677.701294,0.7393045707,-0.6712294512,0.0536635398,,,,
11718,0.0,-1054.998291,132.265854,1677.701294,0.7393045707,-0.6712294512,0.0536635398,,,,
11719,0.0,-1052.227661,130.117004,1677.701294,0.7393045707,-0.6712294512,0.0536635398,,,,
11720,0.0,-1050.047485,128.401779,1677.701294,0.7393045707,-0.6712294512,0.0536635398,,,,
11721,0.0,-1047.426758,126.312012,1677.701294,0.7393045707,-0.6712294512,0.0536635398,,,,
11722,0.0,-1044.797363,124.186806,1677.701294,0.7393045707,-0.6712294512,0.0536635398,,,,
11723,0.0,-1042.242798,122.127876,1677.701294,0.7411033088,-0.6691692239,0.0545750441,,,,
11724,0.0,-1039.516113,119.911102,1677.701294,0.7430645612,-0.6669083528,0.0555725369,,,,
11725,0.0,-1037.043457,117.943329,1677.701294,0.7483012546,-0.6610267028,0.0555781481,,,,
11726,0.0,-1034.609009,116.116783,1677.701294,0.7601060921,-0.6473527511,0.0563306703,,,,
11727,0.0,-1031.249146,113.595161,1677.701294,0.7757467654,-0.6285067273,0.0565353848,,,,
11728,0.0,-1028.339966,111.737236,1677.701294,0.806051468,-0.5890489318,0.057466398,,,,
11729,0.0,-1025.60022,110.260582,1677.701294,0.8466026811,-0.5292030921,0.0566391004,,,,
11730,0.0,-1022.632141,108.7687,1677.701416,0.891241373,-0.450309081,0.0539494812,,,,
11731,0.0,-1019.928406,107.49765,1677.701416,0.9302965676,-0.3630968537,0.0520477768,,,,
11732,0.0,-1017.074158,105.926628,1677.701294,0.9512144601,-0.3041596939,0.0517487342,,,,
11733,0.0,-1014.275085,104.607986,1677.701172,0.9756933342,-0.2125552445,0.0533177797,0.1112919087,1216.6101025286,2653.6106567718,0.0
11734,0.0,-1011.195801,103.005295,1677.701294,0.9851117333,-0.1633251276,0.0536635398,0.0904301753,1100.8759042474,2649.1948857409,0.0
11735,0.0,-1007.988098,101.388618,1677.701294,0.9893842589,-0.1347235799,0.0544825224,0.0797157803,1034.6901295593,2644.5720206734,0.0
11736,0.0,-1004.673706,99.858101,1677.701294,0.9930413843,-0.104772526,0.0537729185,0.0691091188,964.2742807796,2639.6967635006,0.0
11737,0.0,-999.024963,97.496582,1677.701294,0.9963509469,-0.0704568064,0.0481729087,0.0579776131,882.9220916352,2631.2681050978,0.0
11738,0.0,-994.85321,95.964203,1677.701294,0.9977799705,-0.0486912143,0.0454345252,0.0515280969,831.7363477841,2624.9229243605,0.0
11739,0.0,-991.222046,94.761063,1677.701294,0.9985193021,-0.030497738,0.0450454363,0.0465073861,789.5084468488,2619.3282605947,0.0
11740,0.0,-987.593811,93.79274,1677.701294,0.9988903504,0.013746873,0.0450454363,0.0346883708,682.4162322588,2613.6154278869,0.0
11741,0.0,-983.811646,93.132767,1677.701172,0.9949699929,0.088589732,0.0467608031,0.0184655055,498.8130662611,2607.6926455847,0.0
11742,0.0,-979.80365,92.834518,1677.701172,0.9769964883,0.2073900553,0.0496711879,0.0034368684,215.4841406979,2601.3113759212,0.0
11743,0.0,-976.442383,92.705956,1677.701172,0.9535924114,0.2966755244,0.0514309844,0.0013956211,137.0969783391,2595.8565874727,0.0
11744,0.0,-972.52771,93.210861,1677.70105,0.8804131609,0.4711877221,0.0534302975,0.0233372646,556.1190988573,2589.2652785338,0.0
11745,0.0,-969.002441,93.565094,1677.701294,0.8215187851,0.5676505194,0.0536635224,0.0528084607,828.3474332048,2583.1905277974,0.0
11746,0.0,-963.724976,96.696533,1676.35083,0.7309750071,0.6802909404,0.0536635398,0.1082770195,1165.3418626689,2574.8766665951,0.0
11747,0.0,-960.673096,98.407837,1676.358154,0.6107360861,0.7899546758,0.0545256203,,,,
11748,0.0,-957.989685,99.465828,1676.291138,0.5431374539,0.8378653029,0.0546208778,,,,
11749,0.0,-955.138245,100.942917,1676.483154,0.4665121531,0.882772529,0.0554893957,,,,
11750,0.0,-952.453735,102.473091,1677.107666,0.4006778266,0.9145856967,0.0546834763,,,,
11751,0.0,-950.594543,103.384666,1677.407227,0.3804629282,0.9231817372,0.0546208778,,,,
11752,0.0,-946.964172,105.451187,1677.739014,0.3420316465,0.9381535959,0.0536859698,,,,
11753,0.0,-944.462463,107.067574,1678.060791,0.3283903384,0.9430164421,0.0536635398,,,,
11754,0.0,-942.069824,108.94101,1678.436523,0.3225391573,0.9450337118,0.0536635398,,,,
11755,0.0,-940.178284,110.855209,1678.935669,0.3184180306,0.9464302311,0.0536635398,,,,
11756,0.0,-938.240234,112.853592,1679.162231,0.3149407505,0.9475930288,0.0536635398,,,,
11757,0.0,-936.080566,115.344551,1679.339233,0.310271209,0.949132236,0.0536635398,,,,
11758,0.0,-934.106628,117.692238,1679.227051,0.3073745543,0.9500742644,0.0536635398,,,,
11759,0.0,-931.700073,120.773582,1678.925049,0.3032203321,0.9514082482,0.0536635398,,,,
11760,0.0,-929.921814,123.223526,1678.68103,0.3007350793,0.9521967426,0.0536635398,,,,
11761,0.0,-928.195312,125.81955,1678.371338,0.2989594692,0.9527557191,0.0536635398,,,,
11762,0.0,-926.370239,128.617172,1677.908936,0.2978940964,0.9530893619,0.0536635398,,,,
11763,0.0,-924.273743,132.01944,1677.5,0.2968212458,0.9534240256,0.0536635398,,,,
11764,0.0,-922.580688,134.921051,1677.247681,0.2968212458,0.9534240256,0.0536635398,,,,
11765,0.0,-921.454224,136.959061,1677.034302,0.2968212458,0.9534240256,0.0536635398,,,,
11766,0.0,-919.201782,141.166229,1676.808105,0.2968212458,0.9534240256,0.0536635398,,,,
11767,0.0,-917.710876,144.055405,1676.785645,0.2968212458,0.9534240256,0.0536635398,,,,
11768,0.0,-916.012451,147.410751,1676.809204,0.2968212458,0.9534240256,0.0536635398,,,,
11769,0.0,-914.945068,149.55571,1676.920776,0.2968212458,0.9534240256,0.0536635398,,,,
11770,0.0,-913.270325,152.833023,1677.243896,0.2968212458,0.9534240256,0.0536635398,,,,
11771,0.0,-911.330933,156.740356,1677.595947,0.2968212458,0.9534240256,0.0536635398,,,,
11772,0.0,-909.626343,160.34819,1677.877319,0.2968212458,0.9534240256,0.0536635398,,,,
11773,0.0,-908.504822,162.702805,1678.069214,0.2968212458,0.9534240256,0.0536635398,,,,
11774,0.0,-906.694519,166.364792,1678.435181,0.2968212458,0.9534240256,0.0536635398,,,,
11775,0.0,-905.025818,170.089294,1678.669434,0.2968212458,0.9534240256,0.0536635398,,,,
11776,0.0,-903.415771,173.821625,1678.854004,0.2968212458,0.9534240256,0.0536635398,,,,
11777,0.0,-900.756287,179.947113,1678.909546,0.310258056,0.9491365356,0.0536635398,,,,
11778,0.0,-899.434631,183.381958,1678.786865,0.337756766,0.9397451784,0.0529090428,,,,
11779,0.0,-898.180298,186.557312,1678.557617,0.3985877476,0.9157368782,0.0505349124,,,,
11780,0.0,-897.3497925,188.306877,1678.4212035,0.4427445869,0.893995542,0.0481781614,,,,
11781,0.0,-896.519287,190.056442,1678.28479,0.4869014262,0.8722542058,0.0458214104,,,,
11782,0.0,-894.516663,193.610291,1678.073608,0.6350897792,0.771638409,0.0351445301,,,,
11783,0.0,-891.190674,198.942932,1677.804321,0.8012810334,0.5979124462,0.0211993451,,,,
11784,0.0,-888.856323,202.269272,1677.829102,0.8649459978,0.5015896149,0.0166216456,,,,
11785,0.0,-886.409912,204.327682,1677.55249,0.9094503506,0.4155623666,0.0144214873,,,,
11786,0.0,-883.089294,207.073257,1677.251587,0.9529559885,0.3028113864,0.0134219294,,,,
11787,0.0,-880.128845,209.425003,1677.028931,0.9727827276,0.2312762627,0.0143197451,,,,
11788,0.0,-878.148682,211.072388,1677.033203,0.9810462462,0.1930784958,0.0163999143,,,,
11789,0.0,-875.711792,213.37323,1677.220581,0.9865237172,0.1625505058,0.0186624901,,,,
11790,0.0,-872.986023,215.596786,1677.34082,0.9911380961,0.1310915924,0.0214538784,,,,
11791,0.0,-870.172485,217.847046,1677.69043,0.9940236818,0.1065479247,0.0237583626,,,,
11792,0.0,-867.365112,219.943573,1678.184082,0.9959649592,0.0862258331,0.0248778172,,,,
11793,0.0,-864.483215,221.764923,1678.589111,0.9975375675,0.0652019195,0.0258362357,,,,
11794,0.0,-861.40741,223.408859,1679.015381,0.9988877201,0.0394130872,0.0258830298,,,,
11795,0.0,-858.799866,224.566315,1679.325317,0.9994901082,0.0186973891,0.0258830298,,,,
11796,0.0,-855.016418,226.048508,1679.628662,0.9995428569,-0.0156251736,0.0258830298,,,,
11797,0.0,-852.551086,226.873581,1679.725098,0.9989184398,-0.0386266677,0.0258830298,,,,
11798,0.0,-848.775085,227.96817,1679.814575,0.996708756,-0.0768226818,0.0258830298,,,,
11799,0.0,-846.161865,228.676651,1679.801514,0.9950749235,-0.0956868092,0.0258830298,,,,
11800,0.0,-842.212341,229.671875,1679.563354,0.9932993693,-0.112812051,0.0250958978,,,,
11801,0.0,-838.559814,230.51239,1679.291748,0.9926706389,-0.1182529761,0.0249246124,,,,
11802,0.0,-835.80011,231.089127,1679.061768,0.9926218279,-0.1186620007,0.0249246124,,,,
11803,0.0,-831.599182,231.855835,1678.48999,0.9926218279,-0.1186620007,0.0249246124,,,,
11804,0.0,-828.794495,232.270309,1678.378296,0.9926218279,-0.1186620007,0.0249246124,,,,
11805,0.0,-824.908325,232.777863,1677.847534,0.9926218279,-0.1186620007,0.0249246124,,,,
11806,0.0,-820.97522,233.179794,1677.503052,0.9926218279,-0.1186620007,0.0249246124,,,,
11807,0.0,-817.277588,233.475708,1677.388672,0.9926218279,-0.1186620007,0.0249246124,,,,
11808,0.0,-814.229065,233.668915,1677.34436,0.9926218279,-0.1186620007,0.0249246124,,,,
11809,0.0,-811.018677,233.825653,1677.439575,0.9926218279,-0.1186620007,0.0249246124,,,,
11810,0.0,-806.495605,233.975708,1677.692505,0.9926218279,-0.1186620007,0.0249246124,,,,
11811,0.0,-802.106384,234.05452,1678.026367,0.9926218279,-0.1186620007,0.0249246124,,,,
11812,0.0,-799.124817,234.067474,1678.096069,0.9924747556,-0.1200264701,0.0242385214,,,,
11813,0.0,-794.665955,234.024155,1678.575195,0.9921112505,-0.1230483241,0.0239661547,,,,
11814,0.0,-790.631836,233.862335,1678.847046,0.991627536,-0.1268875617,0.0239661547,,,,
11815,0.0,-787.034729,233.481232,1679.074097,0.9909775317,-0.1320115459,0.0231621129,,,,
11816,0.0,-783.100403,232.96608,1679.262207,0.9901113404,-0.1385156096,0.0222026905,,,,
11817,0.0,-779.45166,232.599976,1679.328369,0.9887901754,-0.1477852621,0.0212956655,,,,
11818,0.0,-775.634827,232.067108,1679.286865,0.9869602534,-0.1596732754,0.020344615,,,,
11819,0.0,-771.221069,231.629028,1679.309204,0.984369002,-0.1749638948,0.0201321472,,,,
11820,0.0,-767.353699,231.003036,1679.051025,0.9817200429,-0.1893594919,0.0192026076,,,,
11821,0.0,-764.38623,230.546127,1678.741699,0.979544799,-0.2003106595,0.0191735881,,,,
11822,0.0,-756.559937,229.615692,1678.06958,0.9754137077,-0.2195460599,0.0191735881,,,,
11823,0.0,-753.147766,229.154434,1677.694946,0.9729163012,-0.2303611171,0.0191735881,,,,
11824,0.0,-749.845337,228.635941,1677.727051,0.9702939344,-0.2411159605,0.0198185392,,,,
11825,0.0,-745.740479,227.970779,1677.309082,0.9666385164,-0.2552914566,0.0208866165,,,,
11826,0.0,-742.11438,227.33345,1676.992554,0.9629518788,-0.2687880222,0.0218329623,,,,
11827,0.0,-738.212891,226.603699,1676.752808,0.9600357873,-0.2789419086,0.0228626064,,,,
11828,0.0,-734.767273,225.982819,1676.758545,0.955622118,-0.2936333225,0.0237873792,,,,
11829,0.0,-730.983887,225.254089,1677.788452,0.9521774002,-0.3046043696,0.0239661547,,,,
11830,0.0,-727.465088,224.543167,1679.082397,0.9497788302,-0.3119411923,0.0247561354,,,,
11831,0.0,-724.019226,223.760864,1680.434692,0.9463056532,-0.3223109901,0.0249246124,,,,
11832,0.0,-720.015869,222.825943,1682.412964,0.9429031511,-0.3320698512,0.0257538661,,,,
11833,0.0,-716.197632,221.879593,1684.105103,0.9395260492,-0.3414302338,0.0267618824,,,,
11834,0.0,-712.489014,220.935425,1685.776855,0.9364273191,-0.3497632355,0.0277408578,,,,
11835,0.0,-708.941956,220.082413,1687.222412,0.9343663712,-0.3551581175,0.0286739582,,,,
11836,0.0,-705.344177,219.169388,1688.661499,0.9300933931,-0.3661265516,0.0296247933,,,,
11837,0.0,-701.921814,218.22496,1689.858032,0.9269268873,-0.3740634637,0.0297165049,,,,
11838,0.0,-698.412781,217.354401,1691.128662,0.9228197824,-0.3840225221,0.030501669,,,,
11839,0.0,-694.650879,216.353348,1692.303101,0.9197667988,-0.3912647349,0.0306747945,,,,
11840,0.0,-690.980591,215.28923,1693.372681,0.9163661907,-0.399098437,0.0315189159,,,,
11841,0.0,-687.606445,214.283966,1694.296509,0.9124696696,-0.407919662,0.0316330733,,,,
11842,0.0,-684.172546,213.064423,1695.445435,0.9098125246,-0.4137543421,0.032380773,,,,
11843,0.0,-679.844788,211.628586,1696.5,0.9060799374,-0.4218494431,0.0325913231,,,,
11844,0.0,-677.280945,210.690079,1697.163696,0.9045821044,-0.4249979782,0.033285657,,,,
11845,0.0,-673.627563,209.334259,1697.97937,0.9030739669,-0.4281726751,0.0335495255,,,,
11846,0.0,-669.812805,207.876572,1698.960938,0.901387371,-0.4317119835,0.0335495255,,,,
11847,0.0,-665.923645,206.338654,1700.209473,0.8991588979,-0.4362646176,0.0344450246,,,,
11848,0.0,-662.226257,204.802856,1701.439087,0.8977903383,-0.4390691587,0.0345077144,,,,
11849,0.0,-658.707642,203.189255,1702.700562,0.8960998199,-0.4425091302,0.0345077144,,,,
11850,0.0,-656.079102,202.001083,1703.615723,0.8951047454,-0.4444629624,0.0352160443,,,,
11851,0.0,-651.81366,199.862289,1705.342529,0.8926147948,-0.4494229634,0.0354658717,,,,
11852,0.0,-648.709106,197.988998,1707.012695,0.8913554036,-0.4518455714,0.0363472702,,,,
11853,0.0,-645.885254,196.45282,1708.215332,0.8895943915,-0.45529673,0.0364239789,,,,
11854,0.0,-642.232727,194.63298,1709.48877,0.8864684567,-0.4612894022,0.0372258323,,,,
11855,0.0,-638.744568,192.664154,1710.839478,0.8843682939,-0.4652222156,0.0382231709,,,,
11856,0.0,-635.4104,190.751236,1712.118652,0.8809729413,-0.4715418651,0.039178389,,,,
11857,0.0,-632.845581,189.270157,1713.037842,0.8781309086,-0.4767520102,0.0399202712,,,,
11858,0.0,-628.77771,186.964218,1714.483154,0.874786673,-0.4827623992,0.0410943147,,,,
11859,0.0,-626.345215,185.588272,1715.314697,0.8713327637,-0.4889089139,0.0418005831,,,,
11860,0.0,-622.657288,183.414642,1716.330444,0.8668196963,-0.4967741871,0.0428838092,,,,
11861,0.0,-618.912537,181.43486,1717.292114,0.8612971195,-0.5061958687,0.0439660608,,,,
11862,0.0,-616.324585,180.116028,1717.884521,0.8560863235,-0.5148411584,0.0453297738,,,,
11863,0.0,-612.125977,178.009888,1718.692993,0.8476864583,-0.5284233219,0.0468664192,,,,
11864,0.0,-608.524841,176.14917,1719.551758,0.8434959067,-0.5349956539,0.0478989119,,,,
11865,0.0,-606.193726,174.90538,1720.079468,0.8402017414,-0.5400350412,0.049225889,,,,
11866,0.0,-602.179871,172.666168,1720.947754,0.8362861216,-0.5459437681,0.0507042886,,,,
11867,0.0,-599.088562,170.908127,1721.729858,0.8355936873,-0.5469949165,0.0507912509,,,,
11868,0.0,-593.211304,167.546936,1723.286865,0.8346010422,-0.548446152,0.0514579314,,,,
11869,0.0,-589.659668,165.50058,1724.477051,0.8340108383,-0.5493159309,0.0517487168,,,,
11870,0.0,-586.355835,163.611786,1725.672119,0.8334330778,-0.5501172416,0.0525387982,,,,
11871,0.0,-583.08374,161.800705,1726.957886,0.8328476736,-0.5509085307,0.0535214302,,,,
11872,0.0,-579.71167,159.9077,1728.404175,0.8327629217,-0.5510228133,0.0536635398,,,,
11873,0.0,-576.244507,157.957367,1728.94104,0.8327629217,-0.5510228133,0.0536635398,,,,
11874,0.0,-573.043945,156.164703,1729.438477,0.8327629217,-0.5510228133,0.0536635398,,,,
11875,0.0,-570.766785,154.907837,1729.81543,0.8330577204,-0.5504508704,0.0549424598,,,,
11876,0.0,-567.154663,153.002716,1730.342285,0.8339690523,-0.5489311664,0.0563044796,,,,
11877,0.0,-563.912292,151.237381,1730.635254,0.8353157041,-0.5467067972,0.0579599211,,,,
11878,0.0,-560.246887,149.264923,1730.849487,0.8374031583,-0.5432725256,0.0600908762,,,,
11879,0.0,-556.767517,147.364685,1730.950317,0.8394512538,-0.5397716391,0.062993413,,,,
11880,0.0,-553.392761,145.694489,1730.801514,0.8414354269,-0.5365420835,0.0641015994,,,,
11881,0.0,-550.149231,143.888016,1730.639038,0.8437678917,-0.5325408698,0.0667530295,,,,
11882,0.0,-546.656982,141.928024,1730.331665,0.8478937962,-0.5257889353,0.0679860718,,,,
11883,0.0,-544.533081,140.672577,1730.074707,0.8492578679,-0.5235000717,0.0686203233,,,,
11884,0.0,-540.909363,138.454041,1729.644897,0.8533975175,-0.5165779301,0.0697131208,,,,
11885,0.0,-537.806091,136.311569,1729.341919,0.8579227407,-0.5088916326,0.0706956671,,,,
11886,0.0,-534.955261,134.193054,1728.778198,0.8633225063,-0.499541508,0.0716416915,,,,
11887,0.0,-531.787964,130.617233,1728.842163,0.8702238723,-0.4872747665,0.0726203422,,,,
11888,0.0,-529.157654,128.204712,1728.64502,0.8750385046,-0.4785476241,0.0727996353,,,,
11889,0.0,-526.727112,125.760948,1728.540527,0.8830569256,-0.4635846005,0.0727996179,,,,
11890,0.0,-524.280884,123.098518,1728.449219,0.8935360522,-0.4430502612,0.0727996527,,,,
11891,0.0,-522.883484,121.549332,1728.514038,0.899493927,-0.4308258243,0.0727996179,,,,
11892,0.0,-520.78894,119.093987,1728.752441,0.9052018353,-0.4185752008,0.0735148868,,,,
11893,0.0,-518.873657,116.745987,1728.884033,0.9104281801,-0.4070388349,0.0737557846,,,,
11894,0.0,-517.149231,114.511078,1729.053345,0.9133285008,-0.4004886188,0.0737557846,,,,
11895,0.0,-515.199036,111.81382,1729.275024,0.9158766663,-0.3946264263,0.0737557846,,,,
11896,0.0,-513.409485,109.121712,1729.455688,0.9168765393,-0.3922977134,0.0737557846,,,,
11897,0.0,-511.809235,106.664352,1729.578247,0.9182073668,-0.3891726008,0.073755802,,,,
11898,0.0,-510.031158,103.830177,1729.686401,0.920114941,-0.3846408415,0.073755802,,,,
11899,0.0,-508.391388,101.108383,1729.725464,0.9216368298,-0.3809798363,0.073755802,,,,
11900,0.0,-506.82309,98.334625,1729.573486,0.9251018554,-0.3724871024,0.0737557846,,,,
11901,0.0,-505.442566,95.904434,1729.503052,0.9279666312,-0.365291682,0.073755802,,,,
11902,0.0,-503.969727,92.909462,1729.222534,0.9315296553,-0.3561075514,0.0737557672,,,,
11903,0.0,-502.519867,89.983864,1729.017578,0.9341272222,-0.3492369029,0.073755802,,,,
11904,0.0,-501.250061,87.380287,1728.765137,0.9382121469,-0.3379327465,0.0745615599,,,,
11905,0.0,-499.825439,84.468918,1728.676392,0.9430245677,-0.3242264628,0.0747118835,,,,
11906,0.0,-498.13446,81.622498,1728.606201,0.9477993867,-0.3095512452,0.0765137194,,,,
11907,0.0,-496.45108,79.170578,1728.539917,0.9501992933,-0.30207629,0.0766238744,,,,
11908,0.0,-494.602783,76.903992,1728.457397,0.9539174595,-0.2901211213,0.076623857,,,,
11909,0.0,-492.467896,74.651093,1728.374878,0.9578059408,-0.2767434119,0.0775942247,,,,
11910,0.0,-488.641602,71.011406,1728.231689,0.9614958162,-0.2634241955,0.0783165931,,,,
11911,0.0,-486.174011,68.986626,1728.178467,0.9639636318,-0.2539287245,0.0793367477,,,,
11912,0.0,-483.376312,66.894814,1728.234131,0.9661727461,-0.2450259131,0.0804520144,,,,
11913,0.0,-480.840668,65.142303,1728.32312,0.9681886217,-0.236602747,0.0814244002,,,,
11914,0.0,-478.418945,63.605766,1728.502563,0.9691325307,-0.2326804612,0.0814981041,,,,
11915,0.0,-475.956329,62.187737,1728.682495,0.9707436914,-0.2252947033,0.0830601127,,,,
11916,0.0,-473.150848,60.666237,1729.013794,0.9724328887,-0.2174448025,0.0842142204,,,,
11917,0.0,-470.440643,59.301476,1729.309937,0.9737221195,-0.2109082079,0.0859241639,,,,
11918,0.0,-467.611176,57.974377,1729.543823,0.9751936858,-0.2035119986,0.0870640092,,,,
11919,0.0,-464.385376,56.575603,1729.935181,0.9762791856,-0.1977659934,0.088133782,,,,
11920,0.0,-461.441223,55.416348,1730.157837,0.9774179325,-0.1911819306,0.0900203011,,,,
11921,0.0,-458.453705,54.344036,1730.306519,0.9787001014,-0.1835442808,0.091965257,,,,
11922,0.0,-455.559235,53.426186,1730.454224,0.9799505559,-0.176251826,0.092909643,,,,
11923,0.0,-452.507721,52.407806,1730.503784,0.9805864848,-0.1721423997,0.0938996275,,,,
11924,0.0,-449.892242,51.702705,1730.5271,0.9817595227,-0.1648477945,0.0947282648,,,,
11925,0.0,-446.63504,50.812553,1730.434082,0.9833534407,-0.1538614551,0.0966574539,,,,
11926,0.0,-443.602051,50.123707,1730.301147,0.9848832076,-0.1424373365,0.0985731842,,,,
11927,0.0,-440.86496,49.420631,1730.233398,0.9858547843,-0.1336503638,0.1011332018,,,,
11928,0.0,-438.135132,48.826324,1730.05481,0.9863260071,-0.1286533722,0.1030015417,,,,
11929,0.0,-435.046692,48.077957,1729.791382,0.987025225,-0.1215041829,0.1049663701,,,,
11930,0.0,-432.047668,47.403519,1729.336914,0.9875594015,-0.1146352724,0.1076344872,,,,
11931,0.0,-429.271118,46.770885,1729.154785,0.9881098504,-0.1085340452,0.1089003421,,,,
11932,0.0,-425.593079,46.02021,1728.848877,0.989149604,-0.0953211665,0.111789696,,,,
11933,0.0,-422.69281,45.448624,1728.733643,0.9897078126,-0.0869418426,0.1136642494,,,,
11934,0.0,-419.653961,44.86525,1728.727661,0.9901301866,-0.0793357531,0.1155337694,,,,
11935,0.0,-416.147614,44.247604,1728.793091,0.9906810649,-0.0669585072,0.1186068542,,,,
11936,0.0,-413.119324,43.717522,1728.925293,0.9909837864,-0.0566889352,0.121398104,,,,
11937,0.0,-409.984863,43.18787,1729.0802,0.991245505,-0.047029222,0.1233718001,,,,
11938,0.0,-407.27887,42.717384,1729.307007,0.9913337841,-0.0403117416,0.1250291646,,,,
11939,0.0,-404.266998,42.174633,1729.602173,0.9914589422,-0.0359731872,0.125359865,,,,
11940,0.0,-401.286896,41.650551,1729.883179,0.9914703852,-0.0301702409,0.1267920811,,,,
11941,0.0,-398.193085,41.147644,1730.170654,0.9915309907,-0.0221055114,0.1279751569,,,,
11942,0.0,-394.899231,40.649071,1730.403198,0.991580205,-0.0116009339,0.1289733123,,,,
11943,0.0,-391.850769,40.201008,1730.546509,0.9915185902,-0.0044244835,0.129889604,,,,
11944,0.0,-388.499695,39.762417,1730.721924,0.9913702359,0.0072482542,0.1308912454,,,,
11945,0.0,-385.280518,39.413155,1730.832886,0.9909685042,0.019719295,0.1326369972,,,,
11946,0.0,-379.107513,38.898605,1730.808105,0.9899835349,0.0424570392,0.1346476899,,,,
11947,0.0,-377.2295835,38.7802905,1730.7597045,0.9896170103,0.0494894247,0.1347567032,,,,
11948,0.0,-375.351654,38.661976,1730.711304,0.9892504857,0.0565218103,0.1348657165,,,,
11949,0.0,-369.606781,38.495144,1730.421875,0.9872008732,0.0839251956,0.1356134117,,,,
11950,0.0,-366.550781,38.488255,1729.85083,0.9860858963,0.0958578216,0.1358156222,,,,
11951,0.0,-364.639343,38.5469555,1729.633728,0.9848896668,0.1068808596,0.1358156395,,,,
11952,0.0,-360.401337,38.713299,1729.197388,0.9815339536,0.1347041924,0.1358156049,,,,
11953,0.0,-356.844147,38.910568,1728.685181,0.9779097448,0.1588919525,0.1358156049,,,,
11954,0.0,-353.746826,39.100361,1728.367432,0.9745030431,0.178599932,0.1358156222,,,,
11955,0.0,-350.573914,39.343266,1727.994385,0.9694505268,0.204254236,0.1358156222,0.1428750564,1097.3186946835,2130.2668502079,0.0
11956,0.0,-347.338531,39.642376,1727.759521,0.9659004872,0.220432214,0.1358156395,0.1359231931,1071.6793090599,2129.0514672872,0.0
11957,0.0,-346.8830565,39.6879235,1727.7335815,0.9652837302,0.2231007194,0.1358156395,0.1347606023,1067.3173528107,2128.8708074338,0.0
11958,0.0,-341.732697,40.429562,1727.567505,0.9540006444,0.2672768078,0.1358156049,0.1151741432,990.844577822,2126.63240217,0.0
11959,0.0,-338.651611,40.921543,1727.578857,0.947282677,0.2905334485,0.1350771825,0.1054443285,949.8751234182,2125.2068907846,0.0
11960,0.0,-335.638916,41.516975,1727.652344,0.9403904666,0.3125286725,0.1341327669,0.0965812088,910.5767478754,2123.7483849301,0.0
11961,0.0,-332.56546,42.132771,1727.653076,0.9289560871,0.3454029766,0.1331817254,0.0835036755,848.98799038,2122.2412686264,0.0
11962,0.0,-328.996277,43.157936,1727.822021,0.9037192625,0.4075547299,0.1311130683,0.060396773,725.7124292219,2120.3191949682,0.0
11963,0.0,-326.14502,44.033234,1727.777588,0.8823837767,0.452420639,0.1292843222,0.0458223373,634.0139537746,2118.7424837416,0.0
11964,0.0,-323.168579,45.280525,1728.198608,0.8537976539,0.5047977028,0.1273139641,0.0311481077,524.2263346521,2116.8811541123,0.0
11965,0.0,-320.231171,46.409706,1728.328491,0.8341766015,0.5368363731,0.1263174809,0.0237525471,458.2550760971,2115.1030369924,0.0
11966,0.0,-318.137817,47.16317,1727.98877,0.805582123,0.5790104578,0.1256357151,0.0155125503,370.885413907,2113.8490677149,0.0
11967,0.0,-315.103912,48.56041,1728.037842,0.7644908434,0.632625196,0.1238511675,0.0082813993,271.2245669421,2111.8505111702,0.0
11968,0.0,-312.321991,49.123196,1727.572754,0.7430810679,0.657849432,0.1227381416,0.0063130582,236.7725222662,2110.4881614635,0.0
11969,0.0,-309.151276,49.518406,1726.971191,0.7063796765,0.6974506843,0.1207902962,0.0051363178,213.495039251,2109.1391475123,0.0
11970,0.0,-306.201874,49.961842,1726.841309,0.6866910243,0.7170332485,0.1196610115,0.0055276661,221.3207667136,2107.838137929,0.0
11971,0.0,-303.684113,50.65498,1726.734131,0.6662178098,0.7362463414,0.118723017,0.0066122665,241.8480124437,2106.5484787451,0.0
11972,0.0,-301.099335,51.398773,1726.6604,0.6545070488,0.7468281342,0.1177635811,0.0074087058,255.7992089712,2105.3238359964,0.0
11973,0.0,-298.573181,52.274315,1726.689697,0.6508015326,0.7500620289,0.1177468385,0.0076292708,259.429172933,2104.2252166084,0.0
11974,0.0,-296.526215,53.110931,1726.735474,0.6473385969,0.7531706865,0.1169899905,0.007793277,262.0782619243,2103.3122141509,0.0
11975,0.0,-293.647827,54.395966,1726.75061,0.645776106,0.7545410583,0.1167947443,0.0077733025,261.6037623513,2102.1893087422,0.0
11976,0.0,-291.386078,55.437347,1726.8927,0.6457414847,0.7545706903,0.116794727,0.0076594306,259.587295259,2101.3742311222,0.0
11977,0.0,-288.681824,56.928646,1726.83313,0.6457414847,0.7545706903,0.116794727,0.0075166858,257.0484871511,2100.4120827428,0.0
11978,0.0,-286.425293,58.171833,1726.407471,0.6451110729,0.7551097214,0.1167947443,0.0074452588,255.7405552982,2099.6870708478,0.0
11979,0.0,-283.584778,59.773224,1726.032349,0.6450177609,0.7551894331,0.116794727,0.0073014025,253.1625526329,2098.8215435572,0.0
11980,0.0,-281.314026,61.158443,1725.7229,0.6443684074,0.7557435724,0.116794727,0.0072426816,252.0681210374,2098.1716840457,0.0
11981,0.0,-279.129456,62.589489,1725.499756,0.6442934311,0.755807493,0.116794727,0.0071415404,250.2357524924,2097.5638166526,0.0
11982,0.0,-276.76593,64.225174,1725.325806,0.6442934311,0.755807493,0.116794727,0.0070323073,248.2433877162,2096.9044375127,0.0
11983,0.0,-274.019226,66.254189,1725.272095,0.6442934311,0.755807493,0.116794727,0.0069147423,246.0752416621,2096.1240632503,0.0
11984,0.0,-271.752411,67.999695,1725.270386,0.6442934311,0.755807493,0.116794727,0.0068217425,244.3452023532,2095.4778967576,0.0
11985,0.0,-269.255127,69.935371,1725.369751,0.6480414786,0.7527214327,0.1159857179,0.0063594847,235.8718360778,2094.7958186254,0.0
11986,0.0,-266.52774,72.062302,1725.534912,0.6652520145,0.7378722147,0.1139489011,0.005078567,210.7822981999,2094.1155543367,0.0
11987,0.0,-264.376587,73.689125,1725.780029,0.6912699305,0.7139639074,0.111361673,0.0043366678,194.7700905008,2093.6329748265,0.0
11988,0.0,-261.900543,75.610092,1726.074219,0.7109005811,0.6947531175,0.1092633035,0.0047002921,202.7023161725,2093.1108012464,0.0
11989,0.0,-259.727936,77.099113,1726.379517,0.7555208851,0.6465005223,0.10594936,0.008939816,279.2066544742,2092.759302705,0.0
11990,0.0,-257.071594,79.120056,1726.823853,0.789356852,0.6051451596,0.1035137484,0.0158322022,370.8368420158,2092.2954555736,0.0
11991,0.0,-251.902054,82.081993,1727.020874,0.8766328825,0.4712654181,0.097075718,0.0539090878,677.4660663295,2091.5824686824,0.0
11992,0.0,-249.35643,83.902725,1726.824463,0.8982203669,0.4287591917,0.0967766916,,,,
11993,0.0,-247.108612,85.683945,1726.703979,0.9129366338,0.3964605545,0.096776709,,,,
11994,0.0,-245.6766435,86.867855,1726.4284665,0.926905578,0.3601231551,0.0981827262,,,,
11995,0.0,-242.136185,90.085335,1725.651978,0.9491982788,0.2981913981,0.10052123,,,,
11996,0.0,-240.117538,92.07811,1725.171631,0.9591800299,0.2636815005,0.1022043857,,,,
11997,0.0,-238.136902,94.169739,1724.660645,0.9658428401,0.2376756153,0.103237155,,,,
11998,0.0,-235.630386,96.967422,1723.899658,0.9698853641,0.2200667642,0.104369535,,,,
11999,0.0,-233.521103,99.378006,1723.221069,0.9732363032,0.2042469122,0.1053294689,,,,
12000,0.0,-231.656845,101.516541,1722.568237,0.975693415,0.1916994195,0.1061776457,,,,
12001,0.0,-229.709335,103.741165,1721.815918,0.9774695147,0.1823473996,0.1063145033,,,,
12002,0.0,-227.401291,106.345963,1720.931519,0.9798464302,0.1685721243,0.1071653494,,,,
12003,0.0,-225.644485,108.469879,1720.545166,0.981764188,0.1569481345,0.1072677129,,,,
12004,0.0,-222.99324,106.728897,1720.571411,0.9836797912,0.1444565634,0.1072677476,,,,
12005,0.0,-221.313782,108.888138,1720.138184,0.9845540919,0.1389656093,0.1064978852,,,,
12006,0.0,-219.298447,111.520584,1719.616089,0.9850755226,0.135364106,0.1063145033,,,,
12007,0.0,-217.656845,113.691483,1719.189209,0.9852186925,0.1343181226,0.1063144859,,,,
12008,0.0,-215.586182,116.447754,1718.64917,0.9852482208,0.1341013553,0.1063144859,,,,
12009,0.0,-214.455261,122.558769,1716.815186,0.9852482208,0.1341013553,0.1063144859,,,,
12010,0.0,-213.157272,124.470528,1716.982666,0.9853468888,0.1333744167,0.1063145033,,,,
12011,0.0,-211.610596,126.880066,1717.479858,0.9853763345,0.1331567099,0.1063144859,,,,
12012,0.0,-210.486206,128.712738,1717.594482,0.9855828385,0.1323127293,0.1054505103,,,,
12013,0.0,-208.896606,130.955399,1717.276123,0.9857196145,0.1313616178,0.1053611266,,,,
12014,0.0,-207.152054,133.222549,1716.636841,0.9859495521,0.1296245108,0.1053611266,,,,
12015,0.0,-205.335938,135.603729,1715.775391,0.9861989193,0.1277134331,0.1053611439,,,,
12016,0.0,-203.600708,137.888733,1714.756104,0.9866223142,0.1250857841,0.1045464285,,,,
12017,0.0,-202.52066,139.31926,1714.036377,0.9869535731,0.1229360267,0.1039681581,,,,
12018,0.0,-200.18924,142.455551,1712.186768,0.9876991765,0.1179121617,0.1026988746,,,,
12019,0.0,-198.400421,144.919037,1710.526367,0.9880794324,0.1155618448,0.1017078922,,,,
12020,0.0,-196.427887,147.557739,1708.50647,0.9881331622,0.1152436912,0.1015467642,,,,
12021,0.0,-194.490753,150.145065,1706.302856,0.9883360455,0.114322952,0.100608766,,,,
12022,0.0,-192.680679,152.562424,1704.041748,0.9887364015,0.1124812553,0.0987334575,,,,
12023,0.0,-190.802719,155.077576,1701.528687,0.9889457953,0.1115044554,0.097739298,,,,
12024,0.0,-189.426682,156.90593,1699.549927,0.9893161776,0.1094248231,0.0963312453,,,,
12025,0.0,-187.396729,159.559952,1696.463989,0.9896074333,0.1079061046,0.0950442035,,,,
12026,0.0,-183.508423,162.623795,1692.042847,0.9898821688,0.1069458061,0.0932517368,,,,
12027,0.0,-178.363434,167.643402,1683.838623,0.9904792593,0.1035918689,0.0906617984,,,,
12028,0.0,-176.7590255,169.3807145,1681.322876,0.9908005983,0.101508185,0.0894672618,,,,
12029,0.0,-173.271576,173.3134,1675.499878,0.991721765,0.0954552769,0.085884987,,,,
12030,0.0,-171.401749,175.523544,1674.584229,0.9921642378,0.0920433325,0.0844875735,,,,
12031,0.0,-170.506226,176.526756,1674.5823975,0.9924298016,0.090028873,0.0835032544,,,,
12032,0.0,-168.1996,179.013275,1674.224365,0.993185271,0.0839309583,0.0808616829,,,,
12033,0.0,-167.2963255,180.0955655,1674.1642455,0.9933834442,0.082145192,0.0802364079,,,,
12034,0.0,-165.246414,182.514557,1674.030884,0.9938522376,0.0776323491,0.0789363547,,,,
12035,0.0,-163.391632,184.707825,1674.015503,0.9942055959,0.0741071115,0.0778676385,,,,
12036,0.0,-161.408752,187.1138,1674.089966,0.9943307967,0.0726141174,0.0776753289,,,,
12037,0.0,-160.13266,188.607773,1674.180908,0.9944861671,0.0712542342,0.0769421702,,,,
12038,0.0,-158.309616,190.65538,1674.396606,0.9947027224,0.0692930169,0.0759274111,,,,
12039,0.0,-156.127319,193.15451,1674.556763,0.9949405454,0.0660884304,0.0756678963,,,,
12040,0.0,-154.654053,194.62114,1675.045898,0.9950532162,0.0652032396,0.0749508801,,,,
12041,0.0,-152.715836,196.783905,1675.322021,0.9950867103,0.0649659405,0.0747118835,,,,
12042,0.0,-150.620956,199.215485,1675.5896,0.9950867103,0.0649659405,0.0747118835,,,,
12043,0.0,-149.104004,200.970444,1675.768433,0.9950867103,0.0649659405,0.0747118835,,,,
12044,0.0,-147.167191,203.249268,1675.860718,0.9950066903,0.0676818722,0.0733542801,,,,
12045,0.0,-145.024841,205.850357,1675.915405,0.9946410434,0.0741677089,0.0720301729,,,,
12046,0.0,-142.968719,208.217834,1675.854248,0.9941593955,0.0812541326,0.0710271946,,,,
12047,0.0,-140.926941,210.641724,1675.822144,0.9933954406,0.0915291317,0.0691947736,,,,
12048,0.0,-139.408112,212.438782,1675.718384,0.992702027,0.0989202989,0.0689743429,,,,
12049,0.0,-136.968338,215.302582,1675.53833,0.9921606339,0.1047595838,0.0681374067,,,,
12050,0.0,-135.347946,217.097382,1675.245361,0.9921310204,0.1051171387,0.0680178329,,,,
12051,0.0,-133.009918,219.764603,1674.912476,0.9921310204,0.1051171387,0.0680178329,,,,
12052,0.0,-130.907501,222.253601,1674.651245,0.9921310204,0.1051171387,0.0680178329,,,,
12053,0.0,-128.928284,224.63707,1674.508911,0.9921310204,0.1051171387,0.0680178329,,,,
12054,0.0,-126.973747,226.989731,1674.190308,0.9921310204,0.1051171387,0.0680178329,,,,
12055,0.0,-125.089539,229.260345,1674.013916,0.9921310204,0.1051171387,0.0680178329,,,,
12056,0.0,-122.919006,231.876846,1673.876831,0.9921310204,0.1051171387,0.0680178329,,,,
12057,0.0,-121.503311,233.587585,1673.86145,0.9921310204,0.1051171387,0.0680178329,,,,
12058,0.0,-118.97287,236.646942,1673.8125,0.9921310204,0.1051171387,0.0680178329,,,,
12059,0.0,-116.936813,239.11673,1673.866455,0.9921310204,0.1051171387,0.0680178329,,,,
12060,0.0,-114.915703,241.561752,1673.968628,0.9921310204,0.1051171387,0.0680178329,,,,
12061,0.0,-113.355232,243.460861,1674.169922,0.9921310204,0.1051171387,0.0680178329,,,,
12062,0.0,-111.225288,246.06015,1674.464722,0.9921310204,0.1051171387,0.0680178329,,,,
12063,0.0,-109.084656,248.677231,1674.846313,0.9921310204,0.1051171387,0.0680178329,,,,
12064,0.0,-105.694214,252.809464,1675.230591,0.992468915,0.1022944335,0.06738918,,,,
12065,0.0,-104.4267195,254.313698,1675.230774,0.9926916258,0.1004958729,0.0667852251,,,,
12066,0.0,-103.159225,255.817932,1675.230957,0.9929143367,0.0986973123,0.0661812702,,,,
12067,0.0,-99.746811,260.729706,1675.259521,0.9940149195,0.0882495917,0.0643921537,,,,
12068,0.0,-97.868652,263.37384,1675.301025,0.9946478487,0.0815799311,0.0634064033,,,,
12069,0.0,-96.811424,264.68338,1675.314819,0.9950549582,0.0774663204,0.0620126534,,,,
12070,0.0,-94.254532,267.706207,1675.368164,0.9959535512,0.0676899084,0.0591151423,,,,
12071,0.0,-91.96241,270.088898,1675.379883,0.9965139317,0.0608662359,0.0570551065,,,,
12072,0.0,-89.306732,272.473236,1675.441162,0.9970721116,0.0533130327,0.0548171946,,,,
12073,0.0,-87.478241,273.964905,1675.427246,0.9973806057,0.0488382081,0.0533550068,,,,
12074,0.0,-84.742943,276.021942,1675.350464,0.9976395774,0.0440151697,0.0527061525,,,,
12075,0.0,-82.158371,277.617249,1675.351318,0.9978354053,0.0402539497,0.0520011873,,,,
12076,0.0,-79.123383,279.316315,1675.346069,0.9980812084,0.0352011414,0.0509389935,,,,
12077,0.0,-76.125763,280.743927,1675.37854,0.9981986028,0.0319343068,0.0507912335,,,,
12078,0.0,-73.868622,281.589386,1675.593384,0.9983564532,0.0265450796,0.0507912509,,,,
12079,0.0,-70.56929,282.586853,1675.860474,0.9985654917,0.0189494197,0.0500787206,,,,
12080,0.0,-67.305153,283.421295,1676.14209,0.9987030084,0.010435573,0.0498337209,,,,
12081,0.0,-63.420105,284.008545,1676.724243,0.9987556417,0.0019412697,0.0498337209,,,,
12082,0.0,-60.749668,284.520294,1676.906982,0.9987918819,-0.002685804,0.0490669247,,,,
12083,0.0,-57.081978,285.039673,1677.161499,0.9987653697,-0.0088802434,0.0488761451,,,,
12084,0.0,-54.122818,285.514435,1677.298096,0.998736058,-0.0117220834,0.0488761625,,,,
12085,0.0,-50.213417,286.115906,1677.394165,0.9986925689,-0.0149757642,0.0488761625,,,,
12086,0.0,-46.550514,286.704529,1677.468872,0.9986260786,-0.0188964494,0.0488761625,,,,
12087,0.0,-43.097355,287.138092,1677.581909,0.9985859025,-0.0209121445,0.0488761451,,,,
12088,0.0,-39.437332,287.607971,1677.380615,0.998521645,-0.0237833307,0.0488761451,,,,
12089,0.0,-36.870701,287.974884,1677.165405,0.9984203214,-0.0277125301,0.0488761451,,,,
12090,0.0,-32.95208,288.479279,1676.741577,0.9982281154,-0.033937447,0.0488761625,,,,
12091,0.0,-28.379972,288.909637,1676.422607,0.9979176487,-0.0420890387,0.0488761625,,,,
12092,0.0,-25.406939,289.120789,1676.073364,0.997681091,-0.047366266,0.0488761451,,,,
12093,0.0,-21.758469,289.469879,1675.644653,0.9975405465,-0.0502392157,0.0488761625,,,,
12094,0.0,-17.766882,289.994598,1675.433105,0.99731181,-0.0545918898,0.0488761625,,,,
12095,0.0,-14.035984,290.603394,1675.031006,0.99693911,-0.0610207473,0.0488761625,,,,
12096,0.0,-10.142663,291.43335,1674.742188,0.9966423518,-0.0656897509,0.0488761625,,,,
12097,0.0,-7.832073,292.100525,1674.684448,0.9963564724,-0.0698920769,0.0488761451,,,,
12098,0.0,-3.295871,293.34903,1674.321045,0.995964234,-0.0752752641,0.0488761625,,,,
12099,0.0,0.120203,294.413971,1674.151489,0.995668526,-0.0790904997,0.0488761625,,,,
12100,0.0,3.532763,295.853455,1674.151978,0.9954319685,-0.0820141253,0.0488761625,,,,
12101,0.0,6.969894,297.389374,1674.161011,0.9952779152,-0.0838629471,0.0488761451,,,,
12102,0.0,10.297276,298.884674,1674.172852,0.9949959481,-0.0871446255,0.0488761451,,,,
12103,0.0,14.116657,300.364807,1674.214722,0.994614494,-0.0913954543,0.0488761625,,,,
12104,0.0,19.525162,302.704193,1674.403931,0.9941140246,-0.0966872627,0.0488761625,,,,
12105,0.0,21.224598,303.4855195,1674.530579,0.993977584,-0.0980701392,0.0488761625,,,,
12106,0.0,22.924034,304.266846,1674.657227,0.9938411435,-0.0994530157,0.0488761625,,,,
12107,0.0,25.48558,305.680756,1675.00061,0.9934779514,-0.1030178666,0.0488761625,,,,
12108,0.0,28.158745,307.311035,1675.357788,0.992935718,-0.1085070062,0.0480092642,,,,
12109,0.0,30.364273,309.03418,1675.948853,0.9921094303,-0.1158563403,0.0479185418,,,,
12110,0.0,35.131603,312.902069,1676.765625,0.9907530114,-0.1269341709,0.0479185418,,,,
12111,0.0,38.033142,314.966675,1676.657104,0.9903032203,-0.1303968696,0.0479185592,,,,
12112,0.0,40.384659,316.674713,1676.525391,0.9901446307,-0.1315956822,0.0479185418,,,,
12113,0.0,43.158108,318.68576,1676.384521,0.9900092972,-0.1326099724,0.0479185418,,,,
12114,0.0,45.265793,320.100494,1676.304565,0.9899821137,-0.1328127551,0.0479185418,,,,
12115,0.0,48.407673,322.761749,1676.166992,0.9899821137,-0.1328127551,0.0479185418,,,,
12116,0.0,51.352345,325.1185,1676.019531,0.9899821137,-0.1328127551,0.0479185418,,,,
12117,0.0,53.070129,326.153015,1676.087402,0.9899821137,-0.1328127551,0.0479185418,,,,
12118,0.0,56.40181,327.953064,1676.160645,0.989861344,-0.1337098838,0.0479185418,,,,
12119,0.0,57.984203,325.785065,1676.785156,0.9898543253,-0.1337618336,0.0479185418,,,,
12120,0.0,60.449677,326.476776,1676.79834,0.9898543253,-0.1337618336,0.0479185418,,,,
12121,0.0,63.409897,327.050781,1676.80249,0.9898543253,-0.1337618336,0.0479185418,,,,
12122,0.0,66.35331,327.335693,1676.826416,0.9898543253,-0.1337618336,0.0479185418,,,,
12123,0.0,68.653305,327.350342,1676.827637,0.9898543253,-0.1337618336,0.0479185418,,,,
12124,0.0,71.626404,327.136902,1676.854614,0.9898543253,-0.1337618336,0.0479185418,,,,
12125,0.0,73.83445,326.773132,1676.855469,0.9896323371,-0.1353944261,0.0479185418,,,,
12126,0.0,76.116356,326.248474,1676.87207,0.9894280131,-0.1371376056,0.0471750356,,,,
12127,0.0,79.10173,325.320282,1676.878174,0.9888448403,-0.1413526014,0.046960877,,,,
12128,0.0,81.381294,324.434418,1676.896729,0.9884965661,-0.1440616809,0.0460518296,,,,
12129,0.0,83.295525,323.600372,1676.89856,0.9884777408,-0.1442063202,0.0460031865,,,,
12130,0.0,86.032082,322.250244,1676.893188,0.9884777408,-0.1442063202,0.0460031865,,,,
12131,0.0,88.094376,321.096527,1676.888184,0.9884004257,-0.1449797474,0.0452268876,,,,
12132,0.0,90.566689,319.589905,1676.88147,0.9883822125,-0.1451602933,0.0450454363,,,,
12133,0.0,92.558243,318.437836,1676.876587,0.9883104215,-0.1458653737,0.0443373837,,,,
12134,0.0,95.137222,317.062988,1676.870728,0.9882050812,-0.1468824163,0.0433159697,,,,
12135,0.0,97.999496,315.84198,1676.865234,0.9881856708,-0.1470676638,0.0431298299,,,,
12136,0.0,100.53788,315.043701,1676.861694,0.9880846177,-0.1480213302,0.0421719581,,,,
12137,0.0,102.760788,314.558136,1676.859741,0.9881199842,-0.1480266283,0.0413160274,,,,
12138,0.0,105.074043,314.295319,1676.858643,0.9881241901,-0.1480269763,0.041214065,,,,
12139,0.0,106.988533,314.297699,1676.858398,0.9881241901,-0.1480269763,0.041214065,,,,
12140,0.0,109.116371,314.55835,1676.858398,0.9881542141,-0.1480317562,0.040470338,,,,
12141,0.0,111.035614,315.052429,1676.858398,0.9881916906,-0.1480373881,0.0395235919,,,,
12142,0.0,112.991287,315.838379,1676.858276,0.9882314246,-0.1480433228,0.038494492,,,,
12143,0.0,114.595871,316.719025,1676.858398,0.9882373352,-0.1480439261,0.0383401269,,,,
12144,0.0,116.264839,317.883331,1676.85498,0.9882373352,-0.1480439261,0.0383401269,,,,
12145,0.0,117.987671,319.371765,1676.845581,0.9882373352,-0.1480439261,0.0383401269,,,,
12146,0.0,120.553604,322.220184,1676.832886,0.9882373352,-0.1480439261,0.0383401269,,,,
12147,0.0,121.866798,323.993103,1676.827881,0.9882373352,-0.1480439261,0.0383401269,,,,
12148,0.0,122.026962,324.2192535,1676.8272705,0.9882383776,-0.1480442322,0.0383120564,,,,
12149,0.0,122.187126,324.445404,1676.82666,0.9882394199,-0.1480445382,0.038283986,,,,
12150,0.0,124.241341,327.813995,1676.821411,0.988300976,-0.1480537597,0.0366232846,,,,
12151,0.0,125.554657,330.292633,1676.820923,0.9883082238,-0.1480545457,0.0364239789,,,,
12152,0.0,127.466324,334.356689,1676.838867,0.9883372294,-0.148059173,0.0356090204,,,,
12153,0.0,127.998787,335.5520935,1676.8481445,0.9884102332,-0.1475874922,0.035537446,,,,
12154,0.0,128.53125,336.747498,1676.857422,0.9884832371,-0.1471158113,0.0354658717,,,,
12155,0.0,129.97525,340.171478,1676.869751,0.9890332159,-0.1435347216,0.0348005966,,,,
12156,0.0,130.972198,342.670776,1676.860596,0.9895075302,-0.1405269806,0.0335710507,,,,
12157,0.0,131.667099,344.483002,1676.840332,0.9903592658,-0.1343984894,0.0335495255,,,,
12158,0.0,132.282684,346.155151,1676.821899,0.9908446171,-0.1307722175,0.0335495429,,,,
12159,0.0,132.866379,347.789642,1676.804321,0.991295043,-0.127312866,0.0335495429,,,,
12160,0.0,133.56842,349.788422,1676.783447,0.9917683791,-0.1235714833,0.0335495255,,,,
12161,0.0,134.072876,351.232483,1676.768066,0.9920094113,-0.1216213685,0.0335495255,,,,
12162,0.0,134.515991,352.506683,1676.754517,0.9920260185,-0.1214858347,0.0335495255,,,,
12163,0.0,134.865524,353.511688,1675.708252,0.9920260185,-0.1214858347,0.0335495255,,,,
12164,0.0,134.919212,353.666092,1675.5079345,0.9920260185,-0.1214858347,0.0335495255,,,,
12165,0.0,134.9729,353.820496,1675.307617,0.9920260185,-0.1214858347,0.0335495255,,,,
12166,0.0,135.662872,355.909576,1672.373413,0.9920373186,-0.1214871483,0.0332089049,,,,
12167,0.0,136.157425,357.631866,1669.989502,0.9921387253,-0.1214995843,0.0299766698,,,,
12168,0.0,136.421341,358.628906,1668.619629,0.9921697304,-0.1215033813,0.0289163362,,,,
12169,0.0,136.664261,359.599213,1667.292725,0.9921952315,-0.1215065042,0.0280141399,,,,
12170,0.0,136.943619,360.788513,1665.661743,0.9921844153,-0.1224068697,0.0242207417,,,,
12171,0.0,137.159241,361.757294,1664.334961,0.9921181617,-0.1233075935,0.0222888012,,,,
12172,0.0,137.379868,362.803589,1663.03125,0.9919480821,-0.1251394111,0.0194712683,,,,
12173,0.0,137.576355,363.808319,1663.03125,0.9914406457,-0.1296064053,0.0157361291,,,,
12174,0.0,137.768311,364.832642,1663.03125,0.9908375147,-0.1344606964,0.0127019902,,,,
12175,0.0,137.807907,365.056763,1663.03125,0.9906094004,-0.1362390132,0.0114868238,,,,
12176,0.0,137.846786,365.28772,1663.031372,0.9903117569,-0.1385096893,0.0098838306,,,,
12177,0.0,137.876251,365.46402,1663.03125,0.9900794939,-0.140241164,0.0086609311,,,,
12178,0.0,137.908539,365.658386,1663.03125,0.9898181011,-0.1421501275,0.0073121837,,,,
12179,0.0,137.938217,365.83844,1663.03125,0.9895711211,-0.143917462,0.0060630447,,,,
12180,0.0,137.943939,365.873062,1663.03125,0.9895143894,-0.1443194572,0.0057354518,,,,
12181,0.0,137.949661,365.907684,1663.03125,0.9894576576,-0.1447214525,0.0054078589,,,,
12182,0.0,138.929489,371.443542,1663.03125,0.9869804398,-0.1605543417,-0.009587226,,,,
12183,0.0,139.02066,371.898834,1663.031128,0.9869766925,-0.1605539619,-0.0099716512,,,,
12184,0.0,139.039764,371.96524,1663.03125,0.986971342,-0.1605531092,-0.0105009121,,,,
12185,0.0,139.030243,371.898773,1663.03125,0.9869709137,-0.160552792,-0.0105459216,,,,
12186,0.0,139.005386,371.749664,1663.03125,0.9869709137,-0.160552792,-0.0105459216,,,,
12187,0.0,138.984177,371.619293,1663.03125,0.9869709137,-0.160552792,-0.0105459216,,,,
12188,0.0,138.93692,371.328735,1663.03125,0.9869709137,-0.160552792,-0.0105459216,,,,
12189,0.0,138.907043,371.145264,1663.03125,0.9869709137,-0.160552792,-0.0105459216,,,,
12190,0.0,138.878922,370.972321,1663.03125,0.9869709137,-0.160552792,-0.0105459216,,,,
12191,0.0,138.845291,370.765594,1663.03125,0.9869709137,-0.160552792,-0.0105459216,,,,
12192,0.0,138.813019,370.567352,1663.03125,0.9869709137,-0.160552792,-0.0105459216,,,,
12193,0.0,138.790718,370.4302975,1663.03125,0.9869709137,-0.160552792,-0.0105459216,,,,
12194,0.0,138.740128,370.119202,1663.03125,0.9869709137,-0.160552792,-0.0105459216,,,,
12195,0.0,138.696243,369.849335,1663.03125,0.9869709137,-0.160552792,-0.0105459216,,,,
12196,0.0,138.655304,369.597839,1663.03125,0.9869709137,-0.160552792,-0.0105459216,,,,
12197,0.0,138.608459,369.309753,1663.03125,0.9869709137,-0.160552792,-0.0105459216,,,,
12198,0.0,138.55687,369.005554,1663.03125,0.9868570192,-0.161228588,-0.0108888068,,,,
12199,0.0,138.52301,368.819366,1663.03125,0.9866655747,-0.1623933074,-0.0109296625,,,,
12200,0.0,138.444809,368.381622,1663.03125,0.9863190898,-0.1644846366,-0.0109296625,,,,
12201,0.0,138.36525,368.010834,1663.03125,0.9853543296,-0.1701687035,-0.0109296625,,,,
12202,0.0,138.28952,367.653992,1663.03125,0.9845288318,-0.1749011393,-0.0106099367,,,,
12203,0.0,138.210358,367.299927,1663.03125,0.9830779345,-0.1829634107,-0.0090644877,,,,
12204,0.0,138.085464,366.802521,1663.03125,0.981547115,-0.1910530641,-0.0079992299,,,,
12205,0.0,137.977463,366.356293,1663.03125,0.9800459269,-0.1986425305,-0.0071502563,,,,
12206,0.0,137.88623,365.973877,1663.03125,0.9783620272,-0.2068091513,-0.0061415481,,,,
12207,0.0,137.766907,365.503723,1663.03125,0.9765130385,-0.2153888788,-0.0054696077,,,,
12208,0.0,137.646393,365.028503,1663.03125,0.9759747179,-0.217817639,-0.005368991,,,,
12209,0.0,137.555283,364.601776,1663.03125,0.9759603841,-0.2178818567,-0.0053689037,,,,
12210,0.0,137.525269,364.461456,1663.03125,0.9759603841,-0.2178818567,-0.0053689037,,,,
12211,0.0,137.369705,363.744141,1663.03125,0.9759603841,-0.2178818567,-0.0053689037,,,,
12212,0.0,137.291946,363.388458,1663.03125,0.9759603841,-0.2178818567,-0.0053689037,,,,
12213,0.0,137.192719,362.936005,1663.03125,0.9759511862,-0.2179590063,-0.0036268037,,,,
12214,0.0,137.092651,362.483887,1663.03125,0.9759385831,-0.2180379001,-0.0018319489,,,,
12215,0.0,136.969086,361.900146,1663.03125,0.976322187,-0.2163189199,-0.0010545801,,,,
12216,0.0,136.890274,361.435852,1663.03125,0.9780145366,-0.2085340594,-0.0010545976,,,,
12217,0.0,136.797928,360.924866,1663.03125,0.9791815521,-0.2029863785,-0.00013453,,,,
12218,0.0,136.728485,360.601257,1663.03125,0.9792212523,-0.2027947972,-9.58709e-05,,,,
12219,0.0,136.661621,360.29657,1663.03125,0.9792212523,-0.2027947972,-9.58709e-05,,,,
12220,0.0,136.65744,360.277771,1663.03125,0.9792212523,-0.2027947972,-9.58709e-05,,,,
12221,0.0,136.678207,360.377655,1663.03125,0.9792212523,-0.2027947972,-9.58709e-05,,,,
12222,0.0,136.704941,360.506714,1663.03125,0.9792212523,-0.2027947972,-9.58709e-05,,,,
12223,0.0,136.730804,360.631531,1663.03125,0.9792212523,-0.2027947972,-9.58709e-05,,,,
12224,0.0,136.758621,360.765778,1663.03125,0.9792212523,-0.2027947972,-9.58709e-05,,,,
12225,0.0,136.767838,360.810242,1663.031128,0.9792212523,-0.2027947972,-9.58709e-05,,,,
12226,0.0,136.829407,361.107452,1663.03125,0.9792212523,-0.2027947972,-9.58709e-05,,,,
12227,0.0,136.868744,361.297302,1663.03125,0.9792212523,-0.2027947972,-9.58709e-05,,,,
12228,0.0,136.909958,361.496216,1663.03125,0.9792212523,-0.2027947972,-9.58709e-05,,,,
12229,0.0,136.992432,361.894318,1663.03125,0.9792212523,-0.2027947972,-9.58709e-05,,,,
12230,0.0,137.021248,362.033371,1663.03125,0.9792212523,-0.2027947972,-9.58709e-05,,,,
12231,0.0,137.050064,362.172424,1663.03125,0.9792212523,-0.2027947972,-9.58709e-05,,,,
12232,0.0,137.103226,362.429016,1663.03125,0.9792212523,-0.2027947972,-9.58709e-05,,,,
12233,0.0,137.157471,362.690674,1663.03125,0.9792212523,-0.2027947972,-9.58709e-05,,,,
12234,0.0,137.258224,363.186981,1663.03125,0.9790496404,-0.2036216894,-9.61502e-05,,,,
12235,0.0,137.315216,363.477142,1663.03125,0.9788475424,-0.2045910054,-9.61502e-05,,,,
12236,0.0,137.377808,363.790466,1663.03125,0.9786417472,-0.2055731532,-9.61502e-05,,,,
12237,0.0,137.41317,363.961273,1663.03125,0.9786279742,-0.2056386988,-9.60106e-05,,,,
12238,0.0,137.517517,364.461212,1663.03125,0.9786142011,-0.2057042444,-9.58709e-05,,,,
12239,0.0,137.602692,364.711334,1663.03125,0.9786142011,-0.2057042444,-9.58709e-05,,,,
12240,0.0,137.763901,365.01358,1664.006348,0.9786142011,-0.2057042444,-9.58709e-05,,,,
12241,0.0,137.987793,365.301514,1665.492188,0.9786142011,-0.2057042444,-9.58709e-05,,,,
12242,0.0,138.284149,365.604156,1667.173096,0.9786142011,-0.2057042444,-9.58709e-05,,,,
12243,0.0,138.537949,365.82312,1668.627441,0.9786141714,-0.205704149,0.0003265686,,,,
12244,0.0,138.836655,366.068451,1669.901855,0.9786139787,-0.2057040728,0.0007176793,,,,
12245,0.0,139.148834,366.304138,1671.325928,0.978435343,-0.2065469146,0.0016283566,,,,
12246,0.0,139.411606,366.495941,1672.482178,0.9784150848,-0.2066420666,0.0017257283,,,,
12247,0.0,139.823517,366.701111,1674.139771,0.9784150848,-0.2066420666,0.0017257283,,,,
12248,0.0,140.225525,366.803619,1675.655884,0.9784150848,-0.2066420666,0.0017257283,,,,
12249,0.0,140.522293,366.839661,1676.701294,0.9784150848,-0.2066420666,0.0017257283,,,,
12250,0.0,140.974976,366.811218,1676.701294,0.9784131407,-0.2066417631,0.0026282883,,,,
12251,0.0,141.370468,366.576202,1676.701294,0.9782349947,-0.2074827431,0.0026844702,,,,
12252,0.0,141.75441,366.251099,1676.701294,0.9782144502,-0.2075795825,0.0026844702,,,,
12253,0.0,142.442551,365.538086,1676.701294,0.9782144502,-0.2075795825,0.0026844702,,,,
12254,0.0,143.022751,364.858276,1676.701294,0.9782144502,-0.2075795825,0.0026844702,,,,
12255,0.0,143.661484,364.065491,1676.701294,0.9782144502,-0.2075795825,0.0026844702,,,,
12256,0.0,144.464645,363.025635,1676.701294,0.9782144502,-0.2075795825,0.0026844702,,,,
12257,0.0,145.351807,361.839233,1676.701294,0.9782144502,-0.2075795825,0.0026844702,,,,
12258,0.0,146.258423,360.598206,1676.701294,0.9782144502,-0.2075795825,0.0026844702,,,,
12259,0.0,147.260391,359.202606,1676.701294,0.9782144502,-0.2075795825,0.0026844702,,,,
12260,0.0,148.286407,357.753387,1676.701294,0.9782144502,-0.2075795825,0.0026844702,,,,
12261,0.0,149.387115,356.181305,1676.701294,0.9782144502,-0.2075795825,0.0026844702,,,,
12262,0.0,150.551651,354.502441,1676.701294,0.9782144502,-0.2075795825,0.0026844702,,,,
12263,0.0,151.814072,352.656372,1676.701294,0.9780524881,-0.2083300575,0.003452202,,,,
12264,0.0,153.054596,350.81601,1676.701294,0.9776972387,-0.2099734527,0.0043884592,,,,
12265,0.0,154.671341,348.702911,1676.701294,0.9770309141,-0.2130019494,0.0063845456,,,,
12266,0.0,155.81662,347.406555,1676.701294,0.9764261612,-0.2157105046,0.0078057662,,,,
12267,0.0,157.681244,345.546753,1676.701294,0.9756492367,-0.2191440615,0.0091895179,,,,
12268,0.0,159.644806,343.794525,1676.701294,0.974382844,-0.2246626212,0.0102362122,,,,
12269,0.0,161.587677,342.231964,1676.701294,0.9730351253,-0.2303412946,0.0120637024,,,,
12270,0.0,163.518478,340.83197,1676.701294,0.9721256339,-0.2340953447,0.0130813409,,,,
12271,0.0,165.836029,339.276764,1676.701294,0.9709173941,-0.2390488976,0.0132302046,,,,
12272,0.0,167.625992,338.175201,1676.701294,0.9703301748,-0.2414214441,0.0132302046,,,,
12273,0.0,172.235184,335.565735,1676.701294,0.9684555673,-0.2488348365,0.0132302046,,,,
12274,0.0,173.5489505,334.955368,1676.701294,0.967755062,-0.2515300118,0.0132302046,,,,
12275,0.0,174.862717,334.345001,1676.701294,0.9670545568,-0.2542251871,0.0132302046,,,,
12276,0.0,179.289948,332.91806,1676.701294,0.9648462842,-0.2624816367,0.0132302046,,,,
12277,0.0,180.87249,332.6112365,1676.701294,0.9642485198,-0.2646595048,0.0132302046,,,,
12278,0.0,182.455032,332.304413,1676.701294,0.9636507553,-0.2668373728,0.0132302046,,,,
12279,0.0,185.001923,332.013397,1676.701294,0.9628542698,-0.2696972688,0.0132302046,,,,
12280,0.0,189.551422,331.864166,1676.701294,0.9612887823,-0.2752250691,0.0132302046,,,,
12281,0.0,192.325287,332.077026,1676.701294,0.960084567,-0.2793968253,0.0132302046,,,,
12282,0.0,194.660339,332.518982,1676.701294,0.958779948,-0.2838049124,0.0139922494,,,,
12283,0.0,197.009506,333.230225,1676.701294,0.9578023567,-0.287077206,0.0141888412,,,,
12284,0.0,199.397568,334.21756,1676.701294,0.956033168,-0.2928683046,0.0151240801,,,,
12285,0.0,200.766083,334.921661,1676.701294,0.9545047725,-0.2978106666,0.0151474823,,,,
12286,0.0,202.907501,336.228302,1676.701294,0.9519432456,-0.3058996745,0.0151474823,,,,
12287,0.0,204.899902,337.649872,1676.701294,0.9475551936,-0.3192330009,0.0151474823,,,,
12288,0.0,206.804108,339.258759,1676.701294,0.9448668741,-0.3271439481,0.0142628008,,,,
12289,0.0,208.467468,340.83728,1676.701294,0.9430314475,-0.3324359951,0.0133415991,,,,
12290,0.0,210.314728,342.774933,1676.701294,0.9418730649,-0.3357083426,0.0132302046,,,,
12291,0.0,211.458527,344.079254,1676.701294,0.9414267466,-0.3369823876,0.0125917116,,,,
12292,0.0,213.199554,346.20285,1676.701294,0.940250276,-0.3402879874,0.0115543985,,,,
12293,0.0,214.739151,348.222748,1676.701294,0.9384753288,-0.3451833852,0.0106060274,,,,
12294,0.0,216.274429,350.364746,1676.701294,0.9372150272,-0.3485983125,0.0103541902,,,,
12295,0.0,217.816879,352.64209,1676.701294,0.9358933191,-0.3521313475,0.0103541902,,,,
12296,0.0,219.497726,355.255676,1676.701294,0.9352673307,-0.3537906313,0.0103541902,,,,
12297,0.0,220.915863,357.564697,1676.701294,0.9352351993,-0.353875561,0.0103541902,,,,
12298,0.0,222.334503,359.968536,1676.701294,0.9349412874,-0.3546513497,0.0103541902,,,,
12299,0.0,223.856857,362.652496,1676.701294,0.9339213781,-0.3573284907,0.0103541902,,,,
12300,0.0,224.391876,363.647766,1676.701416,0.9336008058,-0.3581652219,0.0103541902,,,,
12301,0.0,225.833588,366.413849,1676.701294,0.9331917479,-0.3592296653,0.0103541902,,,,
12302,0.0,227.352936,369.345245,1676.701294,0.9328664494,-0.3600735734,0.0103541902,,,,
12303,0.0,228.383835,375.151062,1676.488281,0.9325454838,-0.3609040197,0.0103541902,,,,
12304,0.0,229.92543,378.131805,1676.493896,0.9322166761,-0.3617524839,0.0103541902,,,,
12305,0.0,231.566315,381.428619,1676.42749,0.9321469547,-0.3619321008,0.0103541902,,,,
12306,0.0,232.092285,382.722076,1676.469238,0.9321469547,-0.3619321008,0.0103541902,,,,
12307,0.0,233.058395,384.447906,1676.370972,0.9321469547,-0.3619321008,0.0103541902,,,,
12308,0.0,234.157715,385.532074,1676.270752,0.9321469547,-0.3619321008,0.0103541902,,,,
12309,0.0,235.043091,386.220856,1676.235718,0.9321469547,-0.3619321008,0.0103541902,,,,
12310,0.0,236.31665,387.330353,1676.176025,0.9321469547,-0.3619321008,0.0103541902,,,,
12311,0.0,237.803055,388.555115,1676.061279,0.9321469547,-0.3619321008,0.0103541902,,,,
12312,0.0,239.078339,389.585602,1675.974365,0.9321469547,-0.3619321008,0.0103541902,,,,
12313,0.0,240.221664,390.503632,1675.750366,0.9321469547,-0.3619321008,0.0103541902,,,,
12314,0.0,241.637955,391.644043,1675.626465,0.9321469547,-0.3619321008,0.0103541902,,,,
12315,0.0,243.039764,392.734222,1675.579834,0.9321469547,-0.3619321008,0.0103541902,,,,
12316,0.0,244.285706,393.703186,1675.484741,0.9321469547,-0.3619321008,0.0103541902,,,,
12317,0.0,245.705078,394.827209,1675.421631,0.9321469547,-0.3619321008,0.0103541902,,,,
12318,0.0,247.082291,395.851379,1675.273071,0.9321469547,-0.3619321008,0.0103541902,,,,
12319,0.0,249.692947,397.715546,1674.866455,0.9314055576,-0.3638246695,0.0107376526,,,,
12320,0.0,251.046997,398.644379,1674.819336,0.9311198349,-0.3645552851,0.0107376526,,,,
12321,0.0,252.38623,399.508179,1674.871582,0.9308127026,-0.3653387681,0.0107376526,,,,
12322,0.0,253.632721,400.33783,1674.946533,0.9304972599,-0.3661302345,0.0111130854,,,,
12323,0.0,254.917343,401.139954,1674.987671,0.9299669493,-0.3674719748,0.0112169959,,,,
12324,0.0,256.432068,402.042542,1674.987793,0.9292349639,-0.3693080619,0.0115731246,,,,
12325,0.0,257.613007,402.70816,1675.057617,0.9283632068,-0.3714931833,0.0116004721,,,,
12326,0.0,258.788452,403.331085,1675.121582,0.9277188397,-0.3730994284,0.0116004721,,,,
12327,0.0,260.170532,404.052856,1675.25,0.927287201,-0.3741570778,0.0120386064,,,,
12328,0.0,261.236633,404.585999,1675.309204,0.9271489736,-0.3744981428,0.0120798106,,,,
12329,0.0,262.466797,405.16452,1675.4104,0.9269757299,-0.3749267587,0.0120798106,,,,
12330,0.0,263.887146,405.814606,1675.434814,0.9264964345,-0.3760979862,0.0124363022,,,,
12331,0.0,265.013123,406.244812,1675.435547,0.9261760952,-0.3768852713,0.0124632655,,,,
12332,0.0,266.378845,406.810089,1675.31897,0.9256838211,-0.3780927537,0.0124632655,,,,
12333,0.0,267.328583,407.204468,1675.246582,0.9254339277,-0.3787039906,0.0124632655,,,,
12334,0.0,268.575043,407.689301,1675.15625,0.9251065381,-0.3795030438,0.0124632655,,,,
12335,0.0,269.890808,408.25412,1675.091187,0.9246533178,-0.3806059759,0.0124632655,,,,
12336,0.0,271.129303,408.722809,1674.914062,0.9239218575,-0.3823781744,0.0124632655,,,,
12337,0.0,272.436615,409.207703,1674.732666,0.9233290763,-0.3838073526,0.0124632655,,,,
12338,0.0,273.627258,409.661926,1674.594604,0.9227504421,-0.3851964286,0.0124632655,,,,
12339,0.0,275.530487,410.436523,1674.392578,0.9222282893,-0.3864570034,0.012081678,,,,
12340,0.0,276.722656,410.848236,1674.18335,0.921873996,-0.3873014512,0.0120797932,,,,
12341,0.0,278.258362,411.50592,1674.09314,0.9216313452,-0.3878785141,0.0120798106,,,,
12342,0.0,279.956757,412.245087,1674.060669,0.9209641278,-0.3894600795,0.0120798106,,,,
12343,0.0,281.50174,413.002441,1674.060181,0.9204086998,-0.3907709092,0.0120798106,,,,
12344,0.0,282.673889,413.564697,1674.032959,0.9198987367,-0.3919814308,0.0116992336,,,,
12345,0.0,284.113525,414.25235,1674.012207,0.9195038547,-0.3929097737,0.0116004721,,,,
12346,0.0,285.847107,415.027649,1674.063354,0.9192412379,-0.393523793,0.0116004721,,,,
12347,0.0,286.773682,415.454437,1674.093018,0.9192407571,-0.3935249161,0.0116004721,,,,
12348,0.0,288.338501,416.260651,1674.155396,0.9191307596,-0.3937817616,0.0116004721,,,,
12349,0.0,290.032379,417.086609,1674.257812,0.918916564,-0.3942813431,0.0116004721,,,,
12350,0.0,291.427368,417.745361,1674.321899,0.9187663291,-0.3946312983,0.0116004721,,,,
12351,0.0,292.867218,418.431366,1674.373413,0.9187495707,-0.3946703123,0.0116004721,,,,
12352,0.0,294.307617,419.119751,1674.454956,0.9187495707,-0.3946703123,0.0116004721,,,,
12353,0.0,293.606628,419.285431,1676.701294,0.918618029,-0.3949763864,0.0116004721,,,,
12354,0.0,294.975769,419.857819,1676.701294,0.9184427092,-0.3953838881,0.0116004721,,,,
12355,0.0,297.754517,421.01413,1676.701294,0.9182569571,-0.3958150955,0.0116004721,,,,
12356,0.0,299.197418,421.540833,1676.701294,0.9182569571,-0.3958150955,0.0116004721,,,,
12357,0.0,300.073242,421.7939,1676.701294,0.9182569571,-0.3958150955,0.0116004721,,,,
12358,0.0,302.271545,422.34082,1676.701294,0.9182569571,-0.3958150955,0.0116004721,,,,
12359,0.0,303.60202,422.571289,1676.701294,0.9182569571,-0.3958150955,0.0116004721,,,,
12360,0.0,305.181732,422.765686,1676.701294,0.9182569571,-0.3958150955,0.0116004721,,,,
12361,0.0,306.491119,422.867035,1676.701294,0.9182569571,-0.3958150955,0.0116004721,,,,
12362,0.0,307.39566,422.8970645,1676.701294,0.918256002,-0.3958145983,0.0116923137,,,,
12363,0.0,309.734863,422.912476,1676.701294,0.9182510488,-0.3958123777,0.0121479607,,,,
12364,0.0,311.221161,422.845917,1676.701294,0.9182144058,-0.3958937706,0.0122648891,,,,
12365,0.0,312.632019,422.738586,1676.701294,0.918211643,-0.3958999723,0.0122715383,,,,
12366,0.0,314.115479,422.583557,1676.701294,0.918211643,-0.3958999723,0.0122715383,,,,
12367,0.0,315.538788,422.397095,1676.701294,0.918211643,-0.3958999723,0.0122715383,,,,
12368,0.0,317.273132,422.12616,1676.701294,0.918211643,-0.3958999723,0.0122715383,,,,
12369,0.0,318.506287,421.904419,1676.701294,0.9182729797,-0.3957552401,0.0123500896,,,,
12370,0.0,320.172668,421.576782,1676.701294,0.9184971517,-0.3952313437,0.0124566163,,,,
12371,0.0,321.445251,421.30365,1676.701294,0.9187457762,-0.3946457186,0.0126868245,,,,
12372,0.0,323.257202,420.885468,1676.701294,0.9191427417,-0.3937089764,0.0130331215,,,,
12373,0.0,324.68161,420.529297,1676.701294,0.9193579764,-0.3932029784,0.0131274136,,,,
12374,0.0,326.040161,420.17038,1676.701294,0.9194993146,-0.3928721166,0.0131343245,,,,
12375,0.0,327.796143,419.681488,1676.701294,0.919562448,-0.3927243228,0.0131343245,,,,
12376,0.0,329.091339,419.303162,1676.701294,0.9195949207,-0.3926482795,0.0131343245,,,,
12377,0.0,330.623566,418.828156,1676.701294,0.91960017,-0.3926359852,0.0131343245,,,,
12378,0.0,332.592285,418.183777,1676.701294,0.919592241,-0.3926325238,0.0137772107,,,,
12379,0.0,333.868439,417.771576,1676.701294,0.9205213516,-0.3903259878,0.0169134411,,,,
12380,0.0,336.46994,416.89798,1676.701294,0.9220487609,-0.3864259863,0.0223839153,,,,
12381,0.0,337.955841,416.389374,1676.701294,0.9230704697,-0.3838509057,0.024482446,,,,
12382,0.0,340.236206,415.582214,1676.701294,0.9240179753,-0.3814066626,0.0268279543,,,,
12383,0.0,342.865387,414.621185,1676.701294,0.9244977416,-0.380144646,0.0281775429,,,,
12384,0.0,345.139282,413.768127,1676.701294,0.9244996651,-0.3801395515,0.0281831606,,,,
12385,0.0,347.439911,412.913544,1676.701294,0.925189159,-0.3783870695,0.0291246582,,,,
12386,0.0,349.858093,412.042511,1676.701294,0.9272701608,-0.3731054137,0.0310225602,,,,
12387,0.0,352.332397,411.199738,1676.701294,0.9313372791,-0.3624838892,0.0348755305,,,,
12388,0.0,354.955292,410.288116,1676.701294,0.9347841162,-0.3531928552,0.0378611029,,,,
12389,0.0,357.51355,409.547638,1676.701294,0.943126019,-0.3291911198,0.0463305401,,,,
12390,0.0,359.921234,408.850098,1676.701172,0.9499363175,-0.3075595182,0.0550284963,,,,
12391,0.0,362.499512,408.129913,1676.701172,0.9569979681,-0.2828936966,0.064234302,,,,
12392,0.0,365.099701,407.435089,1676.701294,0.9636380126,-0.2564841772,0.0749509672,,,,
12393,0.0,367.809814,406.716248,1676.701172,0.9692293009,-0.2311191432,0.0847260524,,,,
12394,0.0,370.565338,405.959778,1676.701294,0.9730140005,-0.21198217,0.0911444696,,,,
12395,0.0,373.598236,405.068848,1676.701294,0.9747535201,-0.2025324993,0.0940008606,,,,
12396,0.0,376.464874,404.194366,1676.701294,0.974935454,-0.2015173406,0.0942953973,,,,
12397,0.0,379.184021,403.381104,1676.701294,0.974935454,-0.2015173406,0.0942953973,,,,
12398,0.0,382.651306,402.306976,1676.701294,0.9733860696,-0.2092672131,0.0934173059,,,,
12399,0.0,385.696075,401.343201,1676.701294,0.9710858944,-0.2204727205,0.0915639956,,,,
12400,0.0,388.813873,400.476868,1676.701294,0.9666859302,-0.2404787143,0.0876829528,,,,
12401,0.0,394.037109,399.496124,1676.701294,0.9579236634,-0.2754411504,0.0807120056,,,,
12402,0.0,396.709381,399.156982,1676.701294,0.951811457,-0.2968250008,0.0771353956,,,,
12403,0.0,400.035919,398.829895,1676.701294,0.9413467518,-0.3300862006,0.0700670612,,,,
12404,0.0,402.882141,398.769806,1676.701294,0.9350288764,-0.3483769175,0.0659888154,,,,
12405,0.0,405.30777,398.801239,1676.701294,0.9294382405,-0.3636043333,0.0627411022,,,,
12406,0.0,408.080322,398.926392,1676.701294,0.9232947643,-0.3796347336,0.058345927,,,,
12407,0.0,411.04837,399.193207,1676.701294,0.9185644799,-0.3914467751,0.0548517872,,,,
12408,0.0,414.607513,399.670013,1676.701294,0.9154731787,-0.3990928037,0.0513204941,,,,
12409,0.0,417.363739,400.147003,1676.701294,0.9147636953,-0.4008356975,0.0503798108,,,,
12410,0.0,420.149872,400.665955,1676.701294,0.9134596153,-0.4041160113,0.0477679878,,,,
12411,0.0,422.954865,401.219513,1676.701294,0.9114513977,-0.4090269549,0.0441961506,,,,
12412,0.0,425.790955,401.812866,1676.716919,0.9089453565,-0.4148683266,0.0412627008,,,,
12413,0.0,428.558105,402.439392,1676.722046,0.9070107378,-0.4193391218,0.0385515567,,,,
12414,0.0,431.973755,403.259064,1676.737183,0.9047741845,-0.4244333139,0.0352141606,,,,
12415,0.0,434.998352,404.020081,1676.73877,0.9035258797,-0.4272464381,0.0331883388,,,,
12416,0.0,437.860168,404.738647,1676.75415,0.9020393852,-0.4305191565,0.0312762429,,,,
12417,0.0,440.440216,405.400726,1676.756958,0.900323283,-0.4341632571,0.0303356604,,,,
12418,0.0,443.572418,406.21991,1676.769653,0.8977993342,-0.4394778987,0.0285575226,,,,
12419,0.0,446.416809,406.971649,1676.774414,0.8947466743,-0.4457740039,0.0267193988,,,,
12420,0.0,449.518127,407.965179,1676.787598,0.8914030558,-0.4524496306,0.0262664006,,,,
12421,0.0,452.098175,408.984467,1676.791382,0.888209778,-0.4587289398,0.0255176436,,,,
12422,0.0,454.674377,410.172028,1676.802002,0.8844430339,-0.466000133,0.0245844647,,,,
12423,0.0,457.427338,411.634338,1676.806885,0.8796949464,-0.4749550731,0.0235473939,,,,
12424,0.0,459.907318,413.129578,1676.806519,0.8762556439,-0.4812784061,0.0233910729,,,,
12425,0.0,462.408539,414.802856,1676.821045,0.8728856412,-0.487403675,0.022545841,,,,
12426,0.0,464.824219,416.578156,1676.823242,0.8712397933,-0.4903838292,0.0215620638,,,,
12427,0.0,466.146027,417.559418,1676.82251,0.8701564056,-0.4923075191,0.0214740846,,,,
12428,0.0,467.317627,418.485413,1676.822021,0.8696293856,-0.4932520561,0.0211457057,,,,
12429,0.0,468.422546,419.410156,1676.821167,0.8687046666,-0.494897978,0.0206928395,,,,
12430,0.0,469.454926,420.320923,1676.820557,0.8678407326,-0.4964275853,0.0203006243,,,,
12431,0.0,470.391052,421.186432,1676.819824,0.8671667542,-0.4976069225,0.0202279812,,,,
12432,0.0,471.326233,422.086151,1676.819214,0.8663568207,-0.4990157185,0.0202279986,,,,
12433,0.0,472.146698,422.901123,1676.818481,0.8656662645,-0.5002127013,0.0202279986,,,,
12434,0.0,472.877167,423.645966,1676.817993,0.8647306863,-0.5018283262,0.0202279812,,,,
12435,0.0,473.696106,424.504395,1676.817139,0.8632381565,-0.5043914294,0.0202279812,,,,
12436,0.0,474.193848,425.039215,1676.816772,0.8620367631,-0.5064419485,0.0202279986,,,,
12437,0.0,474.846313,425.750854,1676.816284,0.8610938061,-0.508043586,0.0202279986,,,,
12438,0.0,475.35675,426.320892,1676.815796,0.8600350108,-0.5098339027,0.0202279986,,,,
12439,0.0,475.778961,426.802307,1676.81543,0.8587608894,-0.5119771124,0.0202279812,,,,
12440,0.0,476.170837,427.259186,1675.559692,0.8569128023,-0.5150643429,0.0202279986,,,,
12441,0.0,476.751648,427.988525,1672.922729,0.85307428,-0.5214250835,0.0194975654,,,,
12442,0.0,477.02832,428.361847,1671.623413,0.851513678,-0.5239988025,0.0187005666,,,,
12443,0.0,477.318268,428.765106,1670.263672,0.8505009772,-0.5256699309,0.017866491,,,,
12444,0.0,477.484665,428.999954,1669.49646,0.8503858032,-0.5258652842,0.0175944102,,,,
12445,0.0,477.895721,429.58783,1667.591919,0.8502795782,-0.5260660716,0.0167071025,,,,
12446,0.0,478.275848,430.148773,1665.797729,0.8502946986,-0.5260754265,0.0156067638,,,,
12447,0.0,478.585388,430.614502,1664.316772,0.8503063945,-0.5260826833,0.014698494,,,,
12448,0.0,478.842804,431.007202,1663.141968,0.8503277479,-0.526095874,0.0128783762,,,,
12449,0.0,479.116394,431.423889,1663.141602,0.8508535368,-0.52529074,0.0108580559,,,,
12450,0.0,479.418884,431.886108,1663.141235,0.8517365995,-0.5239088021,0.0080207317,,,,
12451,0.0,479.757812,432.408508,1663.140869,0.8527811265,-0.5222402417,0.0054295705,,,,
12452,0.0,480.025818,432.828369,1663.140503,0.8532354265,-0.5215089147,0.0042141199,,,,
12453,0.0,480.304413,433.262482,1663.140137,0.854178347,-0.5199751455,0.0022802707,,,,
12454,0.0,480.610779,433.743195,1663.139893,0.8551562073,-0.5183698016,0.0007809475,,,,
12455,0.0,480.921112,434.228516,1663.139526,0.8566445121,-0.5159046579,-0.0016011818,,,,
12456,0.0,481.182404,434.644409,1663.13916,0.85752074,-0.5144396074,-0.003173457,,,,
12457,0.0,481.519592,435.17627,1663.138794,0.8592647217,-0.5114973689,-0.0058804516,,,,
12458,0.0,481.825256,435.655945,1663.138428,0.8614033605,-0.5078448576,-0.0088233277,,,,
12459,0.0,482.118073,436.112,1663.138062,0.8641012995,-0.5031748678,-0.0119998629,,,,
12460,0.0,482.431732,436.606659,1663.137817,0.8667247638,-0.4985580431,-0.0151017076,,,,
12461,0.0,482.53183,436.769684,1663.137695,0.8671332098,-0.4978340865,-0.0155312176,,,,
12462,0.0,482.995483,437.554626,1663.136963,0.8673186509,-0.4974999059,-0.0158808512,,,,
12463,0.0,483.285583,438.049652,1663.136597,0.8673182754,-0.4974994894,-0.0159143747,,,,
12464,0.0,483.507385,438.427216,1663.13623,0.8674630843,-0.4972240507,-0.0166144733,,,,
12465,0.0,483.818726,438.941895,1663.135864,0.8692437433,-0.4940510265,-0.0181355423,,,,
12466,0.0,484.091431,439.412018,1663.13562,0.8694682303,-0.4936493784,-0.0183108664,,,,
12467,0.0,484.386078,439.927399,1663.135254,0.8690576898,-0.4943717702,-0.0183107792,,,,
12468,0.0,484.559235,440.262482,1663.134888,0.8659934659,-0.4997199539,-0.0183107792,,,,
12469,0.0,484.825348,440.772278,1663.134399,0.861980208,-0.5065818449,-0.0191038052,,,,
12470,0.0,485.105835,441.268188,1663.134155,0.8609508058,-0.508323121,-0.0192695286,,,,
12471,0.0,485.396179,441.768616,1663.133667,0.8608533867,-0.5084880876,-0.0192694414,,,,
12472,0.0,485.571198,442.069641,1663.133423,0.8608533867,-0.5084880876,-0.0192694414,,,,
12473,0.0,485.684418,442.265686,1663.133301,0.8608533867,-0.5084880876,-0.0192694414,,,,
12474,0.0,485.678711,442.250946,1663.133301,0.8613612116,-0.507660118,-0.0183866184,,,,
12475,0.0,485.648224,442.191742,1663.133301,0.8620759943,-0.5064481172,-0.0183107792,,,,
12476,0.0,485.599213,442.090942,1663.133301,0.8634812409,-0.504074166,-0.0175892541,,,,
12477,0.0,485.560791,441.998627,1663.133301,0.865650824,-0.500371749,-0.0166362171,,,,
12478,0.0,485.533813,441.908173,1663.133301,0.8691915166,-0.494227592,-0.0156586984,,,,
12479,0.0,485.479767,441.772858,1663.133301,0.8724328472,-0.4885194444,-0.0144803162,,,,
12480,0.0,485.447571,441.670197,1663.133301,0.8759425241,-0.4822486801,-0.012684835,,,,
12481,0.0,485.353882,441.428558,1663.133301,0.8812148371,-0.4725921051,-0.0108218773,,,,
12482,0.0,485.260895,441.24469,1663.133301,0.8820444273,-0.4710482074,-0.0105458343,,,,
12483,0.0,485.200577,441.1283415,1663.133301,0.8823164316,-0.4705381662,-0.0105458343,,,,
12484,0.0,485.039001,440.822266,1663.133301,0.8825942595,-0.4700171877,-0.0105459216,,,,
12485,0.0,484.974243,440.7007905,1663.133301,0.8825942595,-0.4700171877,-0.0105459216,,,,
12486,0.0,484.909485,440.579315,1663.133301,0.8825942595,-0.4700171877,-0.0105459216,,,,
12487,0.0,484.662292,440.11557,1663.133301,0.8825942595,-0.4700171877,-0.0105459216,,,,
12488,0.0,484.550842,439.906372,1663.133301,0.8825942595,-0.4700171877,-0.0105459216,,,,
12489,0.0,484.410431,439.637421,1663.133301,0.8829442325,-0.4693594226,-0.0105458343,,,,
12490,0.0,484.269653,439.360565,1663.133301,0.8837795301,-0.4677847021,-0.0105458343,,,,
12491,0.0,484.101196,439.034912,1663.133301,0.8843793085,-0.4666497875,-0.0105458343,,,,
12492,0.0,483.969971,438.781128,1663.133301,0.8847644488,-0.4659191513,-0.0105458343,,,,
12493,0.0,483.791107,438.442139,1664.443359,0.8848372251,-0.4657809234,-0.0105459216,,,,
12494,0.0,483.641205,438.15799,1665.683472,0.8848372251,-0.4657809234,-0.0105459216,,,,
12495,0.0,483.433411,437.763824,1667.3479,0.8848372251,-0.4657809234,-0.0105459216,,,,
12496,0.0,483.275543,437.458496,1668.611328,0.8852444562,-0.4650251641,-0.0096875952,,,,
12497,0.0,483.121307,437.148529,1669.895386,0.8863828845,-0.4628831306,-0.0080367533,,,,
12498,0.0,482.941864,436.783691,1671.541992,0.8879453425,-0.4598997356,-0.0067306718,,,,
12499,0.0,482.759155,436.416504,1672.798584,0.889129254,-0.457618471,-0.0058740638,,,,
12500,0.0,482.557556,436.021088,1674.236328,0.8896890472,-0.4565307324,-0.0057523641,,,,
12501,0.0,482.375366,435.668396,1675.487427,0.8897348663,-0.4564414284,-0.005752399,,,,
12502,0.0,482.165344,435.261475,1676.803345,0.8897348663,-0.4564414284,-0.005752399,,,,
12503,0.0,481.944519,434.833252,1676.803345,0.8897348663,-0.4564414284,-0.005752399,,,,
12504,0.0,481.690247,434.3396,1676.803345,0.8897348663,-0.4564414284,-0.005752399,,,,
12505,0.0,481.451385,433.824615,1676.803345,0.892999757,-0.4500519388,-0.0021648174,,,,
12506,0.0,481.221466,433.354431,1676.803345,0.8990312529,-0.437878264,0.002330728,,,,
12507,0.0,480.976929,432.902039,1676.803345,0.9082156383,-0.4184413862,0.0071526648,,,,
12508,0.0,480.76297,432.461914,1676.803345,0.9133836443,-0.4069843064,0.0097001435,,,,
12509,0.0,480.454529,431.863068,1676.803345,0.9226364602,-0.3853889215,0.0147425065,,,,
12510,0.0,480.206757,431.396881,1676.803223,0.9305204424,-0.3656643721,0.0205249396,,,,
12511,0.0,479.906281,430.862366,1676.803223,0.9407229895,-0.3379298449,0.0290461167,,,,
12512,0.0,479.738281,430.345856,1676.803223,0.9517449082,-0.3044969966,0.0382519129,,,,
12513,0.0,479.721802,429.682648,1676.803345,0.9599522178,-0.2766646808,0.0441406161,,,,
12514,0.0,479.808929,429.04892,1676.803223,0.9682266989,-0.2452332325,0.048966532,,,,
12515,0.0,479.973114,428.395386,1676.803345,0.9746049256,-0.2177895739,0.0520858954,,,,
12516,0.0,480.181946,427.765381,1676.803345,0.9791105615,-0.1962214777,0.0532882733,,,,
12517,0.0,480.580597,426.77713,1676.803345,0.9833956473,-0.1733882662,0.0535678068,,,,
12518,0.0,480.971832,425.932373,1676.803345,0.9848589452,-0.1648737341,0.0535678068,,,,
12519,0.0,481.3862,425.107178,1676.803345,0.985442513,-0.1613491415,0.0535677894,,,,
12520,0.0,481.528717,424.829712,1676.804932,0.9855591805,-0.1606349705,0.0535677894,,,,
12521,0.0,482.412018,423.232361,1676.81958,0.9857924509,-0.1591971537,0.0535678068,,,,
12522,0.0,482.950348,422.312317,1676.81958,0.9857924509,-0.1591971537,0.0535678068,,,,
12523,0.0,483.501495,421.401489,1676.81958,0.9857924509,-0.1591971537,0.0535678068,,,,
12524,0.0,484.024689,420.561157,1676.81958,0.9857924509,-0.1591971537,0.0535678068,,,,
12525,0.0,484.774414,419.456818,1676.819702,0.9857924509,-0.1591971537,0.0535678068,,,,
12526,0.0,485.121674,418.975037,1676.81958,0.9857924509,-0.1591971537,0.0535678068,,,,
12527,0.0,485.518311,418.436066,1676.819458,0.9857924509,-0.1591971537,0.0535678068,,,,
12528,0.0,485.949707,417.870758,1676.81958,0.9861741219,-0.1568154748,0.0535677894,,,,
12529,0.0,486.383667,417.311798,1676.81958,0.9865773841,-0.1539771886,0.0543699413,,,,
12530,0.0,486.728271,416.894409,1676.81958,0.9872847313,-0.1490407037,0.0552786396,,,,
12531,0.0,486.9405515,416.6528015,1676.81958,0.9879683884,-0.1441298151,0.0558582123,,,,
12679,0.0,-591.324341,-264.669037,1677.701294,1.0,0.0,0.0,,,,
12680,0.0,-591.168518,-264.669037,1677.701294,1.0,0.0,0.0,,,,
12681,0.0,-590.340454,-258.669037,1677.701294,1.0,0.0,0.0,,,,
12682,0.0,-590.294312,-258.200806,1677.70105,0.998926408,0.0463233355,-0.0004241499,,,,
12683,0.0,-590.229553,-257.421631,1677.701294,0.910681488,0.4130866174,-0.0043213345,,,,
12684,0.0,-591.118652,-256.363831,1677.703979,0.675938052,0.7369056372,-0.0088222282,,,,
12685,0.0,-594.681641,-255.515228,1677.702026,0.3019968864,0.9532161793,-0.0132964689,,,,
12686,0.0,-594.606689,-254.678589,1677.701294,0.278678374,0.9602893487,-0.0135177917,,,,
12687,0.0,-594.27533,-253.536591,1677.701294,0.278678374,0.9602893487,-0.0135177917,,,,
12688,0.0,-593.843506,-252.048492,1677.701294,0.278678374,0.9602893487,-0.0135177917,,,,
12689,0.0,-593.340332,-250.314301,1677.701294,0.278678374,0.9602893487,-0.0135177917,,,,
12690,0.0,-592.842712,-248.599121,1677.701294,0.278678374,0.9602893487,-0.0135177917,,,,
12691,0.0,-592.252991,-246.566406,1677.701294,0.278678374,0.9602893487,-0.0135177917,,,,
12692,0.0,-591.040955,-242.389435,1677.701294,0.278678374,0.9602893487,-0.0135177917,,,,
12693,0.0,-590.395203,-240.163208,1677.701294,0.278678374,0.9602893487,-0.0135177917,,,,
12694,0.0,-589.581848,-237.360062,1677.701294,0.278678374,0.9602893487,-0.0135177917,,,,
12695,0.0,-588.897278,-235.000793,1677.701294,0.278678374,0.9602893487,-0.0135177917,,,,
12696,0.0,-588.147156,-232.415588,1677.701294,0.278678374,0.9602893487,-0.0135177917,,,,
12697,0.0,-587.299072,-229.492661,1677.701294,0.278678374,0.9602893487,-0.0135177917,,,,
12698,0.0,-582.049927,-227.92601,1677.701294,0.767959059,0.6404569632,-0.0073322545,,,,
12699,0.0,-579.933044,-228.285172,1677.701294,0.9935955567,0.1129900255,-0.0010601477,,,,
12700,0.0,-578.125671,-227.151718,1677.701294,1.0,0.0,0.0,,,,
12701,0.0,-576.511597,-225.373627,1677.701294,1.0,0.0,0.0,,,,
12702,0.0,-574.47699,-223.512543,1677.701294,1.0,0.0,0.0,,,,
12703,0.0,-572.581177,-222.06868,1677.701294,1.0,0.0,0.0,,,,
12704,0.0,-570.447205,-220.674545,1677.701294,1.0,0.0,0.0,,,,
12705,0.0,-568.237976,-219.430145,1677.701294,1.0,0.0,0.0,,,,
12706,0.0,-565.239014,-217.982788,1677.701294,1.0,0.0,0.0,,,,
12707,0.0,-562.674316,-216.930695,1677.701294,1.0,0.0,0.0,,,,
12708,0.0,-560.058105,-215.991638,1677.701294,1.0,0.0,0.0,,,,
12709,0.0,-557.114014,-215.063751,1677.701294,1.0,0.0,0.0,,,,
12710,0.0,-554.739319,-214.405731,1677.701294,1.0,0.0,0.0,,,,
12711,0.0,-551.627197,-213.635849,1677.701294,1.0,0.0,0.0,,,,
12712,0.0,-548.717468,-213.002335,1677.701294,1.0,0.0,0.0,,,,
12713,0.0,-546.158386,-212.48941,1677.701294,1.0,0.0,0.0,,,,
12714,0.0,-543.659546,-212.044525,1677.701294,1.0,0.0,0.0,,,,
12715,0.0,-541.254333,-211.669586,1677.701294,1.0,0.0,0.0,,,,
12716,0.0,-539.334778,-211.407104,1677.701294,1.0,0.0,0.0,,,,
12717,0.0,-536.953613,-211.117477,1677.701294,1.0,0.0,0.0,,,,
12718,0.0,-534.35022,-210.84523,1677.701294,1.0,0.0,0.0,,,,
12719,0.0,-532.051331,-210.64151,1677.701294,1.0,0.0,0.0,,,,
12720,0.0,-529.876892,-210.476868,1677.701294,1.0,0.0,0.0,,,,
12721,0.0,-527.737183,-210.339859,1677.701294,1.0,0.0,0.0,,,,
12722,0.0,-525.531372,-210.221848,1677.701294,0.9999854526,-0.0053939314,0.0,,,,
12723,0.0,-523.065369,-210.119583,1677.701294,0.9997056475,-0.02424708,-0.0008351574,,,,
12724,0.0,-520.867249,-210.057037,1677.701294,0.9991897664,-0.0402354501,-0.0009587441,,,,
12725,0.0,-518.874268,-210.04866,1677.701294,0.998136764,-0.0610088618,-0.0009587441,,,,
12726,0.0,-515.903503,-210.013321,1677.701294,0.9963271688,-0.0856227389,-0.0009587441,,,,
12727,0.0,-513.595703,-210.043274,1677.701294,0.9945970879,-0.1038061349,-0.0009587441,,,,
12728,0.0,-511.311432,-210.249786,1677.701294,0.9912210984,-0.132185679,0.0027713524,,,,
12729,0.0,-509.432983,-210.687958,1677.701294,0.9868137421,-0.1617449215,0.0061007256,,,,
12730,0.0,-507.203674,-211.627304,1677.701294,0.9752865065,-0.2205575327,0.0130615854,,,,
12731,0.0,-505.513855,-212.5979,1677.701294,0.9610799497,-0.2756082049,0.0191166834,,,,
12732,0.0,-503.591766,-214.137222,1677.701294,0.9313095233,-0.3632412649,0.0268021501,,,,
12733,0.0,-500.8638,-216.896576,1677.701294,0.8633808976,-0.5028769935,0.0410871649,,,,
12734,0.0,-499.831879,-218.659744,1677.701294,0.8047736441,-0.591259217,0.0524587458,,,,
12735,0.0,-498.694916,-220.463791,1677.701294,0.7480090102,-0.6608322773,0.0615079005,,,,
12736,0.0,-498.159485,-222.416306,1677.701294,0.6642618031,-0.7439231622,0.0730382481,,,,
12737,0.0,-497.727386,-224.288849,1677.701294,0.5778000647,-0.8121344006,0.0811467849,,,,
12738,0.0,-497.241119,-226.416779,1677.701294,0.4822841377,-0.8717597635,0.0862376092,,,,
12739,0.0,-497.565613,-228.430298,1677.701294,0.3670683739,-0.9259336776,0.0889248756,,,,
12740,0.0,-498.575989,-230.645142,1677.701294,0.1993002368,-0.9754565434,0.0936159576,,,,
12741,0.0,-498.369781,-232.310608,1677.701294,0.188514225,-0.9775697536,0.0939135979,,,,
12742,0.0,-498.565887,-234.032074,1677.701294,0.1343505021,-0.9861244657,0.0975114393,,,,
12743,0.0,-499.189911,-236.634933,1677.701294,0.0598945743,-0.9929367761,0.1024167888,,,,
12744,0.0,-500.649445,-238.625656,1677.701294,-0.0651800744,-0.9916211242,0.1115307305,,,,
12745,0.0,-501.2836,-240.755264,1677.701294,-0.072056264,-0.9910885976,0.1120325245,,,,
12746,0.0,-502.843292,-242.601501,1677.701294,-0.1687554074,-0.9783422317,0.1198669682,,,,
12747,0.0,-504.318665,-244.474335,1677.701294,-0.215630961,-0.9685820372,0.1239036956,,,,
12748,0.0,-505.762329,-246.43454,1677.701294,-0.2485070298,-0.9602955307,0.1267941239,,,,
12749,0.0,-507.841583,-248.500183,1677.701294,-0.3063091014,-0.9426306712,0.1327484544,,,,
12750,0.0,-509.394653,-249.924194,1677.701294,-0.3357164148,-0.9321682884,0.1354871613,,,,
12751,0.0,-511.781647,-252.180267,1677.701294,-0.3692538665,-0.9189324338,0.1386173301,,,,
12752,0.0,-513.895813,-253.572266,1677.701294,-0.4180346189,-0.8970419106,0.1433975871,,,,
12753,0.0,-516.689453,-255.348801,1677.701294,-0.466115268,-0.8719099056,0.1500322414,,,,
12754,0.0,-519.230164,-256.727966,1677.701294,-0.5093105746,-0.8453598791,0.161150282,,,,
12755,0.0,-521.127747,-257.907959,1677.701294,-0.5185327325,-0.8389353326,0.1652613474,,,,
12756,0.0,-523.795288,-259.577454,1677.701294,-0.5270147882,-0.8328132027,0.1693445671,,,,
12757,0.0,-526.428223,-261.124695,1677.701294,-0.5284053907,-0.8317943864,0.170017181,,,,
12758,0.0,-529.286255,-262.64917,1677.701294,-0.5284053907,-0.8317943864,0.170017181,,,,
12759,0.0,-531.797485,-263.892426,1677.701294,-0.5284053907,-0.8317943864,0.170017181,,,,
12760,0.0,-534.97583,-265.362579,1677.701294,-0.5284053907,-0.8317943864,0.170017181,,,,
12761,0.0,-537.466797,-266.43634,1677.701294,-0.5284053907,-0.8317943864,0.170017181,,,,
12762,0.0,-540.815735,-267.80426,1677.701294,-0.5284053907,-0.8317943864,0.170017181,,,,
12763,0.0,-543.240173,-268.708405,1677.701294,-0.5284053907,-0.8317943864,0.170017181,,,,
12764,0.0,-546.905762,-270.085266,1677.701294,-0.5284053907,-0.8317943864,0.170017181,,,,
12765,0.0,-550.150757,-271.220032,1677.701294,-0.5284053907,-0.8317943864,0.170017181,,,,
12766,0.0,-552.953125,-272.146912,1677.701294,-0.5284053907,-0.8317943864,0.170017181,,,,
12767,0.0,-556.339233,-273.237762,1677.701294,-0.5284053907,-0.8317943864,0.170017181,,,,
12768,0.0,-559.40979,-274.18158,1677.701294,-0.5258511007,-0.8335696462,0.169240258,,,,
12769,0.0,-563.110474,-275.282745,1677.701294,-0.5283904875,-0.8355543388,0.1505072746,,,,
12770,0.0,-566.339233,-276.186279,1677.701294,-0.5914794171,-0.7937972707,0.1415556152,,,,
12771,0.0,-570.109619,-277.155365,1677.701294,-0.6630152736,-0.7354690964,0.1396279172,,,,
12772,0.0,-577.094543,-276.64679,1677.701294,-0.8089405036,-0.5678143333,0.1523225017,,,,
12773,0.0,-581.909546,-275.949249,1677.701294,-0.8886692273,-0.4285964829,0.1630093838,,,,
12774,0.0,-584.0473025,-275.376587,1677.701294,-0.9200981087,-0.3400482523,0.1700260539,,,,
12775,0.0,-589.29895,-274.676971,1677.701294,-0.9683818623,-0.167517522,0.1848633241,,,,
12776,0.0,-592.823425,-275.165588,1677.701294,-0.9751520028,-0.1087025717,0.1930345107,,,,
12777,0.0,-596.171082,-275.697418,1677.701294,-0.9773817222,-0.0419046272,0.2072895831,,,,
12778,0.0,-599.115112,-276.613434,1677.701294,-0.9766429767,-0.0128658524,0.21448302,,,,
12779,0.0,-602.494141,-277.448853,1677.701294,-0.9747392936,0.0193213805,0.2225084128,,,,
12780,0.0,-605.38623,-277.980896,1677.701294,-0.9734770712,0.0352527497,0.2260522848,,,,
12781,0.0,-608.281921,-278.315094,1677.701294,-0.9729651331,0.0415390019,0.2271857416,,,,
12782,0.0,-611.641968,-278.415833,1677.701294,-0.9728965541,0.0423737364,0.2273252329,,,,
12783,0.0,-614.477661,-278.252594,1677.701294,-0.9728965541,0.0423737364,0.2273252329,,,,
12784,0.0,-617.590454,-277.843323,1677.701294,-0.9729731252,0.0405773414,0.2273252669,,,,
12785,0.0,-620.295654,-277.286224,1677.701294,-0.9729760159,0.0405081586,0.2273252329,,,,
12786,0.0,-623.473511,-276.423035,1677.701294,-0.9729760159,0.0405081586,0.2273252329,,,,
12787,0.0,-625.967957,-275.577209,1677.701294,-0.9729760159,0.0405081586,0.2273252329,,,,
12788,0.0,-628.698425,-274.508545,1677.701294,-0.9729760159,0.0405081586,0.2273252329,,,,
12789,0.0,-631.828552,-273.104553,1677.701294,-0.9729760159,0.0405081586,0.2273252329,,,,
12790,0.0,-634.678223,-271.664337,1677.701294,-0.9729760159,0.0405081586,0.2273252329,,,,
12791,0.0,-637.108887,-270.319641,1677.701294,-0.9732479532,0.0333414521,0.2273252499,,,,
12792,0.0,-639.862427,-268.694763,1677.701294,-0.9744941807,0.0112781026,0.2241291952,,,,
12793,0.0,-642.834045,-267.14563,1677.701294,-0.9751925484,-0.0134532894,0.2209490947,,,,
12794,0.0,-645.47467,-265.938202,1677.701294,-0.9742345696,-0.0570573635,0.2182005058,,,,
12795,0.0,-647.814697,-264.691895,1677.701294,-0.9723029989,-0.0843341799,0.2179784955,,,,
12796,0.0,-650.49939,-263.311554,1677.701294,-0.967136969,-0.1323490986,0.2170939874,,,,
12797,0.0,-653.307556,-261.741699,1677.701294,-0.9607914196,-0.1735808558,0.2162164068,,,,
12798,0.0,-656.01123,-260.475677,1677.701294,-0.9424240346,-0.2581990363,0.2125328131,,,,
12799,0.0,-658.17688,-259.312958,1677.701294,-0.9070382288,-0.369173174,0.2024668346,,,,
12800,0.0,-660.319763,-257.724426,1677.701294,-0.8641412182,-0.4652975149,0.1917242229,,,,
12801,0.0,-662.085144,-256.08902,1677.701416,-0.8126151142,-0.5533444285,0.182938841,,,,
12802,0.0,-663.629028,-253.95575,1677.701294,-0.7057188176,-0.688007047,0.1691367899,,,,
12803,0.0,-665.936523,-252.212997,1677.701294,-0.617210476,-0.7704223536,0.1596891527,,,,
12804,0.0,-668.004944,-251.289993,1677.702148,-0.4319967567,-0.8907915102,0.1409584603,,,,
12805,0.0,-670.058594,-250.124634,1677.702148,-0.2743302648,-0.9529441735,0.1289973178,,,,
12806,0.0,-672.445435,-248.693466,1677.70166,-0.1279333025,-0.9844374023,0.1204826588,,,,
12807,0.0,-674.866333,-247.310394,1677.701538,-0.0060843814,-0.9933974386,0.1145622508,,,,
12808,0.0,-677.438965,-245.949341,1677.701416,0.0610849562,-0.9919732049,0.1107148991,,,,
12809,0.0,-680.324707,-244.593414,1677.701416,0.1084481903,-0.9884297497,0.1060453677,,,,
12810,0.0,-683.628113,-243.265747,1677.701294,0.1226925227,-0.9870244069,0.1035826481,,,,
12811,0.0,-686.999939,-242.172821,1677.701294,0.1232679851,-0.9869661826,0.1034541356,,,,
12812,0.0,-689.754517,-241.599777,1677.701294,0.1183254881,-0.987657684,0.1026225032,,,,
12813,0.0,-695.935913,-241.216782,1677.701294,0.0918858996,-0.990565335,0.1016725068,,,,
12814,0.0,-697.591095,-241.327988,1677.701294,0.0845711108,-0.9912425073,0.1011522794,,,,
12815,0.0,-702.130981,-241.887085,1677.701294,0.0602349443,-0.9933635723,0.0979824712,,,,
12816,0.0,-703.674194,-242.2155455,1677.701294,0.0540072568,-0.9938028249,0.09694904,,,,
12817,0.0,-705.217407,-242.544006,1677.701294,0.0477795693,-0.9942420775,0.0959156089,,,,
12818,0.0,-710.804382,-244.252335,1677.701294,0.0252902876,-0.995486189,0.0914748533,,,,
12819,0.0,-713.910706,-245.459946,1677.701294,0.0077737212,-0.9960492133,0.0884620479,,,,
12820,0.0,-716.996704,-246.795639,1677.701294,-0.0022148575,-0.9961831203,0.0872598723,,,,
12821,0.0,-719.515503,-248.038101,1677.701294,-0.0094446804,-0.996224258,0.0863019456,,,,
12822,0.0,-722.38855,-249.478256,1677.701294,-0.0157483159,-0.9962170064,0.0854614924,,,,
12823,0.0,-725.283936,-251.043045,1677.701294,-0.0262235393,-0.9960084714,0.085319698,,,,
12824,0.0,-728.379578,-252.842285,1677.701294,-0.0370478134,-0.9957394418,0.0844418354,,,,
12825,0.0,-731.486633,-254.729721,1677.701294,-0.0454577114,-0.9953975285,0.084364428,,,,
12826,0.0,-734.263611,-256.483368,1677.701294,-0.0547080729,-0.9949319927,0.084364428,,,,
12827,0.0,-736.74762,-258.109955,1677.701294,-0.0582642259,-0.9947300756,0.084364428,,,,
12828,0.0,-739.771545,-260.148987,1677.701294,-0.0614648591,-0.9945374374,0.084364428,,,,
12829,0.0,-742.483826,-262.026672,1677.701294,-0.0641887301,-0.9943653505,0.084364428,,,,
12830,0.0,-745.610474,-264.230743,1677.701294,-0.0699691884,-0.9939753311,0.0843644106,,,,
12831,0.0,-748.136108,-266.042633,1677.701294,-0.0734526228,-0.993723985,0.0843644106,,,,
12832,0.0,-750.978455,-268.040619,1677.701294,-0.0757058887,-0.9935548609,0.084364428,,,,
12833,0.0,-753.629578,-269.937592,1677.701294,-0.0781531895,-0.9933653518,0.084364428,,,,
12834,0.0,-757.158569,-272.49408,1677.701294,-0.0807644289,-0.9931564596,0.0843644106,,,,
12835,0.0,-759.782959,-274.419434,1677.701294,-0.0833228596,-0.9929450863,0.084364428,,,,
12836,0.0,-762.597412,-276.527344,1677.701294,-0.0846309541,-0.9928344499,0.084364428,,,,
12837,0.0,-765.807617,-278.948669,1677.701294,-0.0855794801,-0.9927531409,0.0843644106,,,,
12838,0.0,-768.640747,-281.089661,1677.701294,-0.0883750259,-0.9925081869,0.0843644106,,,,
12839,0.0,-771.044983,-282.878632,1677.701294,-0.0945517898,-0.9918732113,0.0851322013,,,,
12840,0.0,-774.298584,-285.326111,1677.701294,-0.1013325125,-0.9911105423,0.0862068145,,,,
12841,0.0,-776.980042,-287.361084,1677.701294,-0.1058249558,-0.990635008,0.086274907,,,,
12842,0.0,-779.655212,-289.436615,1677.701294,-0.1064879111,-0.9905639632,0.086274907,,,,
12843,0.0,-782.690125,-291.805481,1677.701294,-0.106480155,-0.9904918157,0.0871087807,,,,
12844,0.0,-785.876526,-294.299622,1677.701294,-0.1064790211,-0.9904812678,0.0872300192,,,,
12845,0.0,-787.976379,-295.948212,1677.701294,-0.1064790211,-0.9904812678,0.0872300192,,,,
12846,0.0,-791.126709,-298.424194,1677.701294,-0.1064790211,-0.9904812678,0.0872300192,,,,
12847,0.0,-793.883484,-300.595154,1677.701294,-0.1064790211,-0.9904812678,0.0872300192,,,,
12848,0.0,-796.951477,-303.016907,1677.701294,-0.1064790211,-0.9904812678,0.0872300192,,,,
12849,0.0,-799.409241,-304.968079,1677.701294,-0.1057243194,-0.9905621091,0.0872300192,,,,
12850,0.0,-802.542664,-307.566528,1677.701294,-0.094824459,-0.9917434043,0.08633274,,,,
12851,0.0,-804.865845,-309.627258,1677.701294,-0.0665561343,-0.9943231032,0.083017152,,,,
12852,0.0,-807.149597,-311.98587,1677.701294,0.0118519461,-0.9971592205,0.0743842743,,,,
12853,0.0,-810.532227,-316.087494,1677.701294,0.1310338444,-0.9895332096,0.0604496384,,,,
12854,0.0,-811.444763,-317.590302,1677.702515,0.1987648386,-0.9786224398,0.0528266913,,,,
12855,0.0,-812.436707,-319.3461,1677.70166,0.2679417046,-0.9623840064,0.0449918567,,,,
12856,0.0,-812.828125,-320.390289,1677.701538,0.3494517683,-0.9363292864,0.0342188412,,,,
12857,0.0,-812.925659,-321.138733,1677.701416,0.4385560819,-0.898508244,0.018748293,,,,
12858,0.0,-812.819214,-321.605042,1677.702026,0.5030108863,-0.8642729747,0.0035033573,,,,
12859,0.0,-812.488281,-322.409271,1677.701538,0.5503757704,-0.8348359306,-0.0116395997,,,,
12860,0.0,-812.468404,-322.453125,1677.7014566667,0.5522907798,-0.8335532693,-0.0123385477,,,,
12861,0.0,-812.448527,-322.496979,1677.7013753333,0.5542057892,-0.832270608,-0.0130374957,,,,
12862,0.0,-812.42865,-322.540833,1677.701294,0.6813864258,-0.7200934342,-0.1310648111,,,,
12863,0.0,-810.204651,-324.808563,1677.701416,0.6166228044,-0.7858934863,-0.0463437729,,,,
12864,0.0,-808.525818,-325.927368,1677.701294,0.6312342689,-0.7730144407,-0.0631820557,,,,
12865,0.0,-805.657471,-327.303467,1677.701782,0.6510213616,-0.7530251654,-0.095521134,,,,
12866,0.0,-803.39563,-328.152069,1677.701294,0.6697001684,-0.7332885448,-0.1174291045,,,,
12867,0.0,-801.324524,-328.809204,1677.701294,0.6812985449,-0.7201955142,-0.1309607344,,,,
12868,0.0,-799.179077,-329.397247,1677.701294,0.6921394504,-0.7074582854,-0.1429886558,,,,
12869,0.0,-796.981323,-329.967255,1677.701416,0.704643737,-0.6913118268,-0.1598910942,,,,
12870,0.0,-794.321655,-330.588196,1677.701294,0.7110779911,-0.6821655801,-0.1703473272,,,,
12871,0.0,-791.984314,-331.068054,1677.701294,0.7145979279,-0.6771273825,-0.1756368678,,,,
12872,0.0,-788.906067,-331.61438,1677.701294,0.7202241376,-0.6684367996,-0.1856594639,,,,
12873,0.0,-786.335754,-332.003906,1677.701294,0.7248041797,-0.6610104419,-0.1942269207,,,,
12874,0.0,-783.120667,-332.445007,1677.701294,0.7258696474,-0.657805309,-0.2010110208,,,,
12875,0.0,-780.455688,-332.77478,1677.701294,0.7254968801,-0.6574254563,-0.2035830208,,,,
12876,0.0,-777.292297,-333.133911,1677.701294,0.7236137158,-0.6580446054,-0.2082318119,,,,
12877,0.0,-774.515808,-333.432129,1677.701294,0.7201685064,-0.6602411395,-0.2131641624,,,,
12878,0.0,-771.407837,-333.741943,1677.701294,0.7156706755,-0.6633273109,-0.2186603825,,,,
12879,0.0,-768.394775,-333.868469,1677.701172,0.7087397308,-0.6685560984,-0.225212649,,,,
12880,0.0,-764.496948,-333.787903,1677.701294,0.7011355174,-0.6742248373,-0.2320126181,,,,
12881,0.0,-761.675537,-333.549072,1677.701294,0.6915813803,-0.6825731606,-0.2362394438,,,,
12882,0.0,-758.857666,-333.135437,1677.701294,0.683387558,-0.6895451408,-0.2398102256,,,,
12883,0.0,-755.848633,-332.527618,1677.701172,0.6740217856,-0.6978691932,-0.2422255596,,,,
12884,0.0,-752.832214,-331.766815,1677.701294,0.6666396427,-0.7043598511,-0.2438622294,,,,
12885,0.0,-749.542297,-330.878326,1677.701294,0.6503989157,-0.7184040652,-0.2467323437,,,,
12886,0.0,-746.736694,-329.95517,1677.701294,0.6391817526,-0.7280468689,-0.2477790224,,,,
12887,0.0,-743.975952,-328.932068,1677.701172,0.6296126876,-0.7358601028,-0.2491942469,,,,
12888,0.0,-740.869568,-327.654663,1677.701294,0.6215504994,-0.7422500089,-0.2504793423,,,,
12889,0.0,-737.741394,-326.304413,1677.701294,0.6111380592,-0.7504988109,-0.2515190001,,,,
12890,0.0,-734.851562,-325.12619,1677.701294,0.5990890864,-0.7595838278,-0.2532285037,,,,
12891,0.0,-731.922791,-324.080536,1677.701294,0.5874453843,-0.7680348855,-0.2550104607,,,,
12892,0.0,-731.227112,-323.844513,1677.701294,0.5845249308,-0.770120082,-0.2554323091,,,,
12893,0.0,-725.543274,-322.291962,1677.701294,0.5633455508,-0.7846433749,-0.258798309,,,,
12894,0.0,-722.526428,-321.620911,1677.701294,0.5559786634,-0.7893078056,-0.260539659,,,,
12895,0.0,-719.726746,-321.106812,1677.701294,0.552182219,-0.791482953,-0.2620105572,,,,
12896,0.0,-715.561707,-320.407532,1677.701294,0.5489679643,-0.7932018732,-0.2635620656,,,,
12897,0.0,-709.347351,-319.681458,1677.701294,0.5422606889,-0.7964282357,-0.2676852828,,,,
12898,0.0,-707.3795165,-319.5010225,1677.701294,0.5388497049,-0.7980270015,-0.2697690998,,,,
12899,0.0,-702.53186,-319.16452,1677.701294,0.5280780677,-0.8024988089,-0.2777214721,,,,
12900,0.0,-699.155273,-319.018097,1677.701294,0.5214850417,-0.8049717743,-0.2829731328,,,,
12901,0.0,-695.711548,-318.952179,1677.701294,0.5132412802,-0.8072217989,-0.2915070422,,,,
12902,0.0,-692.342773,-318.976288,1677.701294,0.5058079993,-0.8082295734,-0.3015347815,,,,
12903,0.0,-688.41748,-319.08075,1677.701294,0.4977996028,-0.8091551239,-0.3121915133,,,,
12904,0.0,-684.951477,-319.246155,1677.701294,0.4909195969,-0.8101396262,-0.3204243052,,,,
12905,0.0,-681.456726,-319.477905,1677.701294,0.4830400739,-0.8112100791,-0.3295610634,,,,
12906,0.0,-681.1917115,-319.498306,1677.701294,0.4822926144,-0.8113756107,-0.3302459647,,,,
12907,0.0,-680.926697,-319.518707,1677.701294,0.481545155,-0.8115411423,-0.330930866,,,,
12908,0.0,-671.823669,-320.545044,1677.701294,0.4642796595,-0.8154311575,-0.3457114768,,,,
12909,0.0,-668.406921,-321.384674,1677.701294,0.4551443544,-0.8181144778,-0.351471646,,,,
12910,0.0,-665.106873,-322.440338,1677.701294,0.4458884079,-0.8207897588,-0.357054197,,,,
12911,0.0,-662.190369,-323.579163,1677.701294,0.4418837238,-0.8217135329,-0.3598967138,,,,
12912,0.0,-659.009094,-325.059723,1677.701294,0.4369310534,-0.8226997644,-0.3636706645,,,,
12913,0.0,-656.196899,-326.595764,1677.701294,0.4314106995,-0.8236439454,-0.3680970791,,,,
12914,0.0,-653.519531,-328.171753,1677.701294,0.4215866151,-0.826258905,-0.37357857,,,,
12915,0.0,-651.41864,-329.482025,1677.701294,0.4123014001,-0.8284438049,-0.3790625511,,,,
12916,0.0,-648.917175,-331.171967,1677.701294,0.3953140181,-0.8326861268,-0.3877636411,,,,
12917,0.0,-646.897827,-332.589417,1677.701294,0.3832312098,-0.8351244433,-0.3945896653,,,,
12918,0.0,-645.305237,-333.746948,1677.701172,0.375740251,-0.8364789046,-0.3989013738,,,,
12919,0.0,-643.305908,-335.238922,1677.701294,0.3687873337,-0.8376588025,-0.4028940718,,,,
12920,0.0,-641.293274,-336.851746,1677.701294,0.3581028373,-0.8391256769,-0.4094269853,,,,
12921,0.0,-639.818665,-338.115692,1677.701294,0.34944578,-0.8399438467,-0.4151890909,,,,
12922,0.0,-638.590027,-339.251007,1677.701294,0.3388995471,-0.8415679455,-0.4206072871,,,,
12923,0.0,-637.285461,-340.61087,1677.701294,0.3204896613,-0.8442027561,-0.4296604283,,,,
12924,0.0,-636.381714,-341.650696,1677.701172,0.3049292739,-0.8470471159,-0.4353496542,,,,
12925,0.0,-635.363953,-342.829773,1676.411743,0.2906762886,-0.8495299791,-0.4402341534,,,,
12926,0.0,-634.725586,-343.557251,1675.302124,0.2859303965,-0.8504292541,-0.4416037728,,,,
12927,0.0,-633.918213,-344.519989,1673.725586,0.2830456064,-0.850796826,-0.4427526912,,,,
12928,0.0,-633.350464,-345.243256,1672.51062,0.2828802314,-0.8508099322,-0.4428331898,,,,
12929,0.0,-632.49353,-346.380981,1671.208252,0.2828802314,-0.8508099322,-0.4428331898,,,,
12930,0.0,-631.17511,-347.206482,1669.779663,0.3384202956,-0.8207954788,-0.4601809269,,,,
12931,0.0,-630.479614,-348.252838,1668.621704,0.3390109623,-0.8204464682,-0.4603685048,,,,
12932,0.0,-629.85437,-349.239288,1667.57605,0.3390109623,-0.8204464682,-0.4603685048,,,,
12933,0.0,-629.138428,-350.406281,1666.385742,0.3390109623,-0.8204464682,-0.4603685048,,,,
12934,0.0,-628.553284,-351.391785,1665.428345,0.3390109623,-0.8204464682,-0.4603685048,,,,
12935,0.0,-627.83075,-352.644012,1665.681885,0.3390109623,-0.8204464682,-0.4603685048,,,,
12936,0.0,-627.252686,-353.660461,1665.899902,0.3390109623,-0.8204464682,-0.4603685048,,,,
12937,0.0,-627.2117516667,-353.7328283333,1665.9153643333,0.3390109623,-0.8204464682,-0.4603685048,,,,
12938,0.0,-627.1708173333,-353.8051956667,1665.9308266667,0.3390109623,-0.8204464682,-0.4603685048,,,,
12939,0.0,-627.129883,-353.877563,1665.946289,0.3390109623,-0.8204464682,-0.4603685048,,,,
12940,0.0,-625.017273,-357.801056,1666.787109,0.3401644424,-0.8199690013,-0.4603683189,,,,
12941,0.0,-625.017273,-357.801056,1666.787109,0.3401644424,-0.8199690013,-0.4603683189,,,,
12942,0.0,-623.235107,-361.213745,1667.519165,0.3460694647,-0.8174943211,-0.4603682879,,,,
12943,0.0,-622.621033,-362.447693,1667.783813,0.3468518693,-0.8171626471,-0.4603683189,,,,
12944,0.0,-622.13031,-363.462677,1668.001099,0.3468611876,-0.817158587,-0.4603685048,,,,
12945,0.0,-621.578796,-364.615753,1668.248291,0.3468611876,-0.817158587,-0.4603685048,,,,
12946,0.0,-621.074646,-365.680084,1668.476196,0.3468611876,-0.817158587,-0.4603685048,,,,
12947,0.0,-620.640381,-366.604584,1668.674438,0.3468611876,-0.817158587,-0.4603685048,,,,
12948,0.0,-620.152893,-367.651093,1668.898682,0.3468611876,-0.817158587,-0.4603685048,,,,
12949,0.0,-619.571594,-368.906555,1669.167603,0.3468611876,-0.817158587,-0.4603685048,,,,
12950,0.0,-619.040405,-370.061035,1669.414917,0.3468611876,-0.817158587,-0.4603685048,,,,
12951,0.0,-618.532349,-371.176208,1669.653809,0.3468611876,-0.817158587,-0.4603685048,,,,
12952,0.0,-618.012024,-372.323151,1669.899536,0.3468611876,-0.817158587,-0.4603685048,,,,
12953,0.0,-617.531982,-373.387512,1670.018433,0.3470097198,-0.8175091043,-0.4596336789,,,,
12954,0.0,-617.037964,-374.488068,1670.033325,0.3473257187,-0.818253278,-0.4580681369,,,,
12955,0.0,-616.627319,-375.424225,1670.03125,0.3470792888,-0.8194888436,-0.4560416675,,,,
12956,0.0,-615.990723,-376.877625,1670.03125,0.346660509,-0.821037874,-0.4535673059,,,,
12957,0.0,-615.500549,-378.005402,1670.03125,0.3462065406,-0.8221819612,-0.451838305,,,,
12958,0.0,-615.069092,-379.002747,1670.03125,0.3458027791,-0.8231884232,-0.4503124004,,,,
12959,0.0,-614.610229,-380.04953,1670.03125,0.3458852302,-0.8236267225,-0.4494468039,,,,
12960,0.0,-614.064331,-381.316803,1670.03125,0.3454814362,-0.8247865293,-0.447626807,,,,
12961,0.0,-613.659302,-382.267517,1670.03125,0.3448747635,-0.8255154435,-0.4467500979,,,,
12962,0.0,-613.142883,-383.475677,1670.03125,0.344280252,-0.8262031887,-0.4459365415,,,,
12963,0.0,-612.656189,-384.620911,1670.03125,0.3436469258,-0.8269330404,-0.4450713843,,,,
12964,0.0,-612.139099,-385.843018,1670.03125,0.342955056,-0.8277270055,-0.4441281728,,,,
12965,0.0,-611.681824,-386.907654,1670.03125,0.3431042075,-0.8281019436,-0.4433132908,,,,
12966,0.0,-611.321289,-387.749847,1670.08728,0.343181473,-0.8282884283,-0.4429049064,,,,
12967,0.0,-610.784729,-389.005554,1670.214844,0.3432613691,-0.8284812623,-0.4424821244,,,,
12968,0.0,-610.236572,-390.29129,1674.53772,0.3435079173,-0.8290766481,-0.4411736872,,,,
12969,0.0,-609.743652,-391.451508,1675.933105,0.3437580626,-0.8296800609,-0.4398424616,,,,
12970,0.0,-609.28595,-392.530731,1677.331909,0.3442159742,-0.8307852573,-0.43739138,,,,
12971,0.0,-608.842651,-393.542877,1678.744873,0.3462600784,-0.8319444966,-0.4335577386,,,,
12972,0.0,-608.337219,-394.691101,1680.63269,0.3490419409,-0.8335333669,-0.4282427463,,,,
12973,0.0,-607.299927,-397.06485,1684.292847,0.3539275468,-0.8366430358,-0.4180475121,,,,
12974,0.0,-606.812073,-398.195251,1686.325317,0.355878761,-0.8387648453,-0.4120968838,,,,
12975,0.0,-606.543518,-398.8187255,1687.4943845,0.3567969672,-0.8397519973,-0.4092709418,,,,
12976,0.0,-605.743774,-400.621155,1690.995361,0.3615262114,-0.8416017276,-0.4012546953,,,,
12977,0.0,-605.200012,-401.818878,1692.721802,0.365648054,-0.8423097667,-0.3959996938,,,,
12978,0.0,-604.707947,-403.012756,1693.55957,0.3720695256,-0.8426373002,-0.3892642398,,,,
12979,0.0,-604.423767,-403.994476,1694.247681,0.3750735808,-0.8430244618,-0.385525052,,,,
12980,0.0,-604.042725,-405.752441,1695.478516,0.3781667013,-0.8435444219,-0.3813433549,,,,
12981,0.0,-603.928833,-407.271545,1696.54126,0.3801796792,-0.8438112608,-0.3787426139,,,,
12982,0.0,-603.92157,-408.824982,1697.628906,0.3828353208,-0.8440139657,-0.3756029059,,,,
12983,0.0,-604.003967,-410.826111,1699.030518,0.3875151725,-0.8435654121,-0.3717921282,,,,
12984,0.0,-604.172729,-412.828705,1700.434814,0.3943455508,-0.842340706,-0.3673604789,,,,
12985,0.0,-604.418091,-415.060242,1701.998779,0.4002444084,-0.8412006632,-0.363573731,,,,
12986,0.0,-604.664856,-416.913635,1703.298218,0.4056325079,-0.8403563057,-0.3595324018,,,,
12987,0.0,-605.130859,-419.696106,1705.249023,0.4131853987,-0.8391217701,-0.3537689659,,,,
12988,0.0,-605.572327,-422.210449,1707.013794,0.4212995159,-0.8370131989,-0.3491641774,,,,
12989,0.0,-606.021179,-424.61972,1708.711426,0.4307022743,-0.834990568,-0.342470878,,,,
12990,0.0,-606.576233,-427.491638,1710.743652,0.4433951707,-0.8319076917,-0.3336619772,,,,
12991,0.0,-607.121155,-430.126465,1712.595337,0.4521214854,-0.8296433573,-0.3275332992,,,,
12992,0.0,-607.661255,-432.652283,1714.366333,0.4594129414,-0.8275693151,-0.322596928,,,,
12993,0.0,-608.217102,-435.208221,1716.157837,0.4665826323,-0.8254372267,-0.3177326425,,,,
12994,0.0,-608.930969,-438.470886,1718.440796,0.4754579962,-0.8224208024,-0.3123519131,,,,
12995,0.0,-609.649231,-441.62677,1720.6521,0.4819642616,-0.8200755564,-0.3085231471,,,,
12996,0.0,-610.361755,-444.835571,1722.907593,0.4909740265,-0.8165053988,-0.3037489738,,,,
12997,0.0,-610.991882,-447.646545,1724.883057,0.4980618416,-0.8137415667,-0.2995981719,,,,
12998,0.0,-611.669373,-450.620544,1726.970581,0.5039830611,-0.8113983687,-0.2960300008,,,,
12999,0.0,-612.479187,-454.258972,1729.527588,0.5125352794,-0.8078721564,-0.2909470161,,,,
13000,0.0,-613.158752,-457.359131,1731.706421,0.5199445076,-0.8047365662,-0.2864555255,,,,
13001,0.0,-613.912598,-460.805786,1734.128174,0.5272766647,-0.8016730407,-0.2816019437,,,,
13002,0.0,-614.599182,-464.028229,1736.394043,0.5348683754,-0.7985095214,-0.276221587,,,,
13003,0.0,-614.68103,-467.156342,1738.595459,0.5431032793,-0.795288779,-0.2693595852,,,,
13004,0.0,-614.634277,-470.169037,1740.715698,0.5507503046,-0.7918470425,-0.2639173418,,,,
13005,0.0,-614.552673,-473.646881,1743.159668,0.5572860226,-0.7887807978,-0.2593398198,,,,
13006,0.0,-614.445984,-477.487885,1745.866577,0.5681641618,-0.7835585488,-0.2514467852,,,,
13007,0.0,-614.34436,-480.340851,1747.884033,0.5787708057,-0.778317948,-0.2434040391,,,,
13008,0.0,-614.247681,-483.953064,1750.432007,0.588769383,-0.7731660575,-0.2357219998,,,,
13009,0.0,-614.132446,-487.946045,1753.247925,0.6003750765,-0.7670748858,-0.2261545646,,,,
13010,0.0,-614.04895,-491.203857,1755.54541,0.6088818413,-0.7623805912,-0.2191774112,,,,
13011,0.0,-613.933289,-494.598785,1757.958618,0.6225361555,-0.7545372674,-0.2076589686,,,,
13012,0.0,-613.843811,-498.213898,1760.520996,0.6339417091,-0.7476415344,-0.1978637043,,,,
13013,0.0,-613.744324,-501.566956,1762.895142,0.6443281193,-0.7410003711,-0.1891024183,,,,
13014,0.0,-613.614441,-505.344299,1765.580322,0.6578296954,-0.731851004,-0.1779162719,,,,
13015,0.0,-613.498108,-508.144714,1767.585449,0.6704309211,-0.7227563735,-0.1677665179,,,,
13016,0.0,-613.363586,-512.471741,1770.666992,0.6848710483,-0.7117823639,-0.1559407374,,,,
13017,0.0,-613.1875,-519.31958,1775.47168,0.6980744194,-0.7012421443,-0.1447465372,,,,
13018,0.0,-613.115662,-522.854004,1777.952148,0.7034572177,-0.6967053189,-0.1405334178,,,,
13019,0.0,-613.074097,-525.531555,1779.838135,0.7072928201,-0.6934886475,-0.1371508747,,,,
13020,0.0,-613.033813,-528.988586,1782.268188,0.7108742686,-0.6904589099,-0.1338815444,,,,
13021,0.0,-612.99408,-532.24823,1784.55957,0.7141646369,-0.6875100303,-0.1315250152,,,,
13022,0.0,-612.963318,-534.606995,1786.21814,0.7166451945,-0.6852438079,-0.1298483304,,,,
13023,0.0,-612.905396,-537.229858,1788.070679,0.7215659373,-0.6809104395,-0.1253138919,,,,
13024,0.0,-612.858704,-538.981689,1789.310669,0.7254962143,-0.6773056203,-0.1221160913,,,,
13025,0.0,-612.802307,-541.669128,1791.20813,0.7300998389,-0.6729967487,-0.1184466186,,,,
13026,0.0,-612.748352,-543.555908,1792.546021,0.7347735111,-0.6687943886,-0.1132340635,,,,
13027,0.0,-612.685913,-545.218689,1793.730225,0.7402241039,-0.663819882,-0.1068243435,,,,
13028,0.0,-612.635986,-546.593811,1794.438599,0.7445814307,-0.6597668374,-0.1015195215,,,,
13029,0.0,-612.587769,-548.28717,1793.2854,0.7487341978,-0.6558259884,-0.0963813985,,,,
13030,0.0,-612.558228,-549.39032,1792.403564,0.7512197645,-0.6534689443,-0.0929903452,,,,
13031,0.0,-612.511597,-550.59845,1791.469849,0.7546285792,-0.650083135,-0.0890372114,,,,
13032,0.0,-612.462158,-551.84845,1790.688477,0.7574932127,-0.6471610547,-0.0859453434,,,,
13033,0.0,-612.400513,-553.068848,1790.062622,0.7608861164,-0.6437783064,-0.0812515241,,,,
13034,0.0,-612.315186,-554.30365,1789.566406,0.7655062941,-0.6387772887,-0.0772249249,,,,
13035,0.0,-612.25415,-555.268677,1789.141724,0.7679964632,-0.6360553426,-0.0749335281,,,,
13036,0.0,-612.176208,-556.616455,1789.022339,0.7705288825,-0.633259535,-0.0725782515,,,,
13037,0.0,-612.099731,-557.86615,1789.046997,0.7725718134,-0.6309940654,-0.0705640323,,,,
13038,0.0,-611.993713,-559.114319,1789.938477,0.7763349399,-0.62658151,-0.068554157,,,,
13039,0.0,-611.911011,-560.089539,1790.633301,0.7788760316,-0.6235893208,-0.0669961668,,,,
13040,0.0,-611.778931,-561.36145,1791.546875,0.7835113817,-0.6181503009,-0.0632465037,,,,
13041,0.0,-611.651306,-562.650513,1792.467773,0.7873303281,-0.6136043732,-0.0600052306,,,,
13042,0.0,-611.528503,-563.740784,1793.250122,0.7911301872,-0.6090219236,-0.0566155762,,,,
13043,0.0,-611.375916,-564.99707,1794.153687,0.7958138451,-0.6033400506,-0.0515859208,,,,
13044,0.0,-611.222473,-566.10553,1794.956177,0.8008691606,-0.5971752266,-0.0446131867,,,,
13045,0.0,-611.068176,-567.215637,1795.758179,0.8054615462,-0.5914184549,-0.0381563736,,,,
13046,0.0,-610.895813,-568.451843,1796.647949,0.809882377,-0.5857214897,-0.031951086,,,,
13047,0.0,-610.752136,-569.578186,1797.449951,0.8123516106,-0.5824935828,-0.028037239,,,,
13048,0.0,-610.610352,-570.731934,1798.265747,0.8138839634,-0.5805031339,-0.0246780383,,,,
13049,0.0,-610.443481,-572.113403,1799.238525,0.8150624922,-0.578963841,-0.021771646,,,,
13050,0.0,-610.292908,-573.293579,1800.07019,0.8161993445,-0.5774727984,-0.0185417692,,,,
13051,0.0,-610.129211,-574.515442,1804.642822,0.8173693374,-0.5759152009,-0.0151343241,,,,
13052,0.0,-609.974182,-575.608826,1805.789307,0.818778649,-0.5739867725,-0.011862079,,,,
13053,0.0,-609.774231,-576.988892,1807.518799,0.8202602915,-0.5719440779,-0.0072818856,,,,
13054,0.0,-609.436462,-579.106995,1810.613403,0.8236664767,-0.5670700803,0.0022492563,,,,
13055,0.0,-609.23645,-580.390198,1812.349243,0.8248934308,-0.5652548263,0.0061489133,,,,
13056,0.0,-609.109497,-581.1611635,1813.5846555,0.8258317816,-0.5638238154,0.0095064372,,,,
13057,0.0,-608.982544,-581.932129,1814.820068,0.8267701325,-0.5623928045,0.012863961,,,,
13058,0.0,-608.799866,-583.025879,1816.906372,0.8277898915,-0.5607588509,0.0177032937,,,,
13059,0.0,-608.571045,-584.408386,1819.201294,0.8287502121,-0.5591708847,0.0223831999,,,,
13060,0.0,-608.124573,-586.948242,1823.386108,0.8310479832,-0.5549966796,0.0365777969,,,,
13061,0.0,-607.891174,-588.258667,1824.309692,0.8319150125,-0.5532019745,0.0434164409,,,,
13062,0.0,-607.68042,-589.423279,1825.130493,0.8326693899,-0.551630417,0.0486371276,,,,
13063,0.0,-607.191528,-590.765808,1826.078735,0.8337833313,-0.5492461482,0.0559823644,,,,
13064,0.0,-606.604187,-592.068359,1826.996948,0.8345847915,-0.5474434186,0.0614323139,,,,
13065,0.0,-605.580994,-593.830566,1828.238159,0.8354570712,-0.5451463392,0.0694762619,,,,
13066,0.0,-604.542297,-595.285095,1829.262085,0.8361232576,-0.5433917612,0.0749886124,,,,
13067,0.0,-603.420715,-596.712402,1830.260376,0.8358364825,-0.5430874547,0.0802084231,,,,
13068,0.0,-602.026794,-598.335144,1831.394897,0.8354914705,-0.5428632199,0.0851676419,,,,
13069,0.0,-600.558594,-599.927917,1832.505371,0.8348371063,-0.5433875887,0.088186929,,,,
13070,0.0,-598.706848,-601.812805,1833.81897,0.8341504775,-0.5442149164,0.0895717905,,,,
13071,0.0,-596.985046,-603.469055,1834.973633,0.8335715027,-0.544934927,0.0905785585,,,,
13072,0.0,-595.270447,-605.042297,1836.07312,0.8334605715,-0.5449593569,0.0914482096,,,,
13073,0.0,-592.985474,-607.083862,1837.493408,0.8322944334,-0.5463975969,0.093464658,,,,
13074,0.0,-591.08551,-608.716675,1838.631348,0.8317308524,-0.547101036,0.0943623102,,,,
13075,0.0,-588.648926,-610.767578,1840.057739,0.8305370444,-0.548726774,0.0954313648,,,,
13076,0.0,-586.605347,-612.435791,1841.220703,0.82998848,-0.549406098,0.0962915499,,,,
13077,0.0,-584.405457,-614.198975,1842.450195,0.8294182184,-0.5501083364,0.0971917547,,,,
13078,0.0,-581.908875,-616.164856,1843.820923,0.8288560759,-0.5509271534,0.0973492533,,,,
13079,0.0,-579.283569,-618.188232,1845.234863,0.8287171408,-0.5509770413,0.0982456129,,,,
13080,0.0,-577.010376,-619.932495,1846.448364,0.8276188624,-0.5521801098,0.1007181459,,,,
13081,0.0,-574.246094,-622.031006,1847.907837,0.8262869855,-0.5537654299,0.1029255373,,,,
13082,0.0,-571.915649,-623.77533,1849.121826,0.8253234307,-0.5549209665,0.104422008,,,,
13083,0.0,-569.152283,-625.828552,1850.552124,0.8244768194,-0.5559304874,0.1057320548,,,,
13084,0.0,-566.23407,-627.984619,1852.052124,0.8231075061,-0.5574025723,0.1086112602,,,,
13085,0.0,-563.361145,-630.081177,1853.513916,0.8222337743,-0.5580965917,0.1116235399,,,,
13086,0.0,-561.434692,-631.482727,1854.378052,0.8212258733,-0.5588530727,0.1152011638,,,,
13087,0.0,-558.445923,-633.646423,1855.638916,0.8200751857,-0.5596961425,0.1192347171,,,,
13088,0.0,-555.182434,-636.014832,1856.40332,0.8176933309,-0.561625793,0.126309482,,,,
13089,0.0,-552.685486,-637.811218,1856.84082,0.8161709751,-0.5624862015,0.1321900619,,,,
13090,0.0,-549.25769,-640.266968,1857.452759,0.8146275393,-0.5632645638,0.1382570193,,,,
13091,0.0,-546.588928,-642.169983,1857.927368,0.8133137393,-0.5634154584,0.1452025572,,,,
13092,0.0,-543.936768,-644.049255,1858.396973,0.8123066191,-0.5628202417,0.1529422508,,,,
13093,0.0,-540.613525,-646.40863,1859.656494,0.8103923533,-0.5626027019,0.1635311395,,,,
13094,0.0,-538.064758,-648.208374,1859.729858,0.8092154824,-0.561827204,0.171815296,,,,
13095,0.0,-535.084778,-650.30957,1859.701294,0.8075588597,-0.5606771172,0.1830023452,,,,
13096,0.0,-531.698792,-652.69397,1859.701294,0.8054950659,-0.5592441699,0.1960195326,,,,
13097,0.0,-528.927002,-654.653015,1859.701294,0.8028822344,-0.5585081371,0.2084437057,,,,
13098,0.0,-525.961487,-656.737793,1859.701294,0.8012849835,-0.5574606931,0.2172094629,,,,
13099,0.0,-523.015625,-658.816345,1859.701294,0.7986869677,-0.5567415084,0.2283375143,,,,
13100,0.0,-517.205811,-662.925049,1859.701294,0.7937345232,-0.5566686869,0.2451641891,,,,
13101,0.0,-514.678833,-664.724426,1859.701294,0.7907333558,-0.5573663314,0.253147255,,,,
13102,0.0,-511.408875,-667.056152,1859.701294,0.7872397783,-0.5587092914,0.2609548989,,,,
13103,0.0,-508.731689,-668.993774,1859.701294,0.7823421235,-0.5612513287,0.2700698941,,,,
13104,0.0,-506.044434,-670.953369,1859.701294,0.7768907267,-0.5645504572,0.2787894904,,,,
13105,0.0,-502.775909,-673.347229,1859.701294,0.77049458,-0.5689125422,0.2875354267,,,,
13106,0.0,-499.735779,-675.656189,1859.701294,0.7588352416,-0.5766943499,0.3026428636,,,,
13107,0.0,-497.278717,-677.551147,1859.701416,0.7486418353,-0.5840003633,0.3138136039,,,,
13108,0.0,-495.02356,-679.261047,1859.701294,0.7424013381,-0.588002757,0.3210810037,,,,
13109,0.0,-491.2258,-682.110779,1859.701294,0.7355273986,-0.5921432882,0.3291895687,,,,
13110,0.0,-488.642639,-684.124512,1859.701294,0.7261876463,-0.5971836613,0.3406217507,,,,
13111,0.0,-485.843536,-686.295349,1859.701294,0.7172794998,-0.5996547153,0.3548581994,,,,
13112,0.0,-485.342651,-686.683472,1859.701294,0.7157149266,-0.6000109688,0.3574059053,,,,
13113,0.0,-481.956024,-689.532715,1859.702759,0.6949800478,-0.6089154907,0.3823933294,,,,
13114,0.0,-478.651489,-692.219971,1859.702759,0.6831778785,-0.6133770842,0.3962783603,,,,
13115,0.0,-475.372955,-694.878052,1859.702271,0.6720720028,-0.6172530995,0.409045027,,,,
13116,0.0,-472.282379,-697.391113,1859.701416,0.6605087863,-0.6209726303,0.4220439974,,,,
13117,0.0,-468.215668,-700.866943,1859.803223,0.6405818992,-0.6308100184,0.4378738986,,,,
13118,0.0,-466.569427,-702.572754,1860.010498,0.6194515051,-0.640831756,0.4534473435,,,,
13119,0.0,-464.031708,-704.94104,1860.188599,0.599896885,-0.645643485,0.4725126641,,,,
13120,0.0,-461.803009,-707.059326,1860.34668,0.5789576764,-0.6494844985,0.4929278803,,,,
13121,0.0,-459.562256,-709.16687,1860.505737,0.5593471249,-0.6520019614,0.5118830297,,,,
13122,0.0,-457.582275,-711.177002,1860.651123,0.5279630467,-0.6534272225,0.5424830746,,,,
13123,0.0,-455.911713,-712.825073,1860.697388,0.5049637061,-0.6524348748,0.5651021055,,,,
13124,0.0,-454.272583,-714.463013,1860.707031,0.4820349097,-0.6511551151,0.5862076099,,,,
13125,0.0,-452.760193,-715.932129,1860.70166,0.4655031785,-0.6497563938,0.6009354537,,,,
13126,0.0,-451.137939,-717.653992,1860.701294,0.4402540374,-0.648306289,0.6211886494,,,,
13127,0.0,-449.776459,-719.141296,1860.701294,0.4191035634,-0.645874712,0.6381207249,,,,
13128,0.0,-448.327484,-720.762024,1860.701294,0.3970241651,-0.6422314135,0.6556757002,,,,
13129,0.0,-447.192688,-722.010986,1860.701416,0.3840346902,-0.6391084864,0.6663765447,,,,
13130,0.0,-445.877716,-723.480042,1860.701294,0.3708881573,-0.6363071765,0.6764282312,,,,
13131,0.0,-444.523926,-725.016724,1860.701294,0.359581821,-0.6341918422,0.6844717827,,,,
13132,0.0,-443.722351,-726.099121,1860.701416,0.3460334804,-0.635657944,0.6900723213,,,,
13133,0.0,-442.422821,-727.789185,1860.701294,0.3297635508,-0.6371187629,0.6966603782,,,,
13134,0.0,-441.425476,-729.056152,1860.701294,0.322335903,-0.6391538275,0.6982706856,,,,
13135,0.0,-440.5047,-730.40271,1860.701294,0.3073294692,-0.644149949,0.7004423178,,,,
13136,0.0,-439.097015,-732.241211,1858.219727,0.2965156988,-0.6510022013,0.6987664662,,,,
13137,0.0,-438.723877,-732.75177,1857.454102,0.2942454009,-0.6539040859,0.6970024416,,,,
13138,0.0,-438.350739,-733.262329,1856.688477,0.291975103,-0.6568059705,0.6952384169,,,,
13139,0.0,-437.796539,-734.133728,1855.444336,0.286384276,-0.6648288334,0.689917871,,,,
13140,0.0,-436.598877,-736.276855,1852.497192,0.2694026482,-0.6864565011,0.6754255586,,,,
13141,0.0,-436.091064,-737.248474,1851.182983,0.2623646351,-0.6962572149,0.6681247555,,,,
13142,0.0,-435.496307,-738.288391,1849.745117,0.2594475862,-0.7038103282,0.6613153347,,,,
13143,0.0,-434.908875,-739.248962,1848.393799,0.2606268019,-0.7086352815,0.6556750018,,,,
13144,0.0,-434.554108,-739.7811275,1847.7125245,0.2640057318,-0.7100200588,0.6528023459,,,,
13145,0.0,-433.607513,-741.162598,1847.03125,0.2750976341,-0.7104431284,0.6477591011,,,,
13146,0.0,-432.911011,-742.183105,1847.03125,0.2837625537,-0.7068190393,0.6479858478,,,,
13147,0.0,-432.196259,-743.243286,1847.03125,0.2926711078,-0.7010338086,0.6503039457,,,,
13148,0.0,-431.465393,-744.116455,1847.03125,0.3103165738,-0.6900534692,0.6538576555,,,,
13149,0.0,-431.434021,-744.1560058,1847.0312256,0.311049575,-0.689652294,0.6539304712,,,,
13150,0.0,-431.402649,-744.1955566,1847.0312012,0.3117825763,-0.6892511188,0.6540032868,,,,
13151,0.0,-431.371277,-744.2351074,1847.0311768,0.3125155775,-0.6888499436,0.6540761025,,,,
13152,0.0,-431.339905,-744.2746582,1847.0311524,0.3132485788,-0.6884487684,0.6541489181,,,,
13153,0.0,-431.308533,-744.314209,1847.031128,0.3725635753,-0.6399507998,0.6720560663,,,,
13154,0.0,-431.308533,-744.314209,1847.031128,0.3792394844,-0.634514947,0.6734747178,,,,
13155,0.0,-428.036316,-748.832764,1847.03125,0.3855600448,-0.6284192209,0.675598057,,,,
13156,0.0,-426.217041,-752.181458,1847.03125,0.3710437992,-0.6415771886,0.67134582,,,,
13157,0.0,-425.499115,-753.492432,1847.03125,0.3710437992,-0.6415771886,0.67134582,,,,
13158,0.0,-424.85849,-754.611755,1847.03125,0.3723855158,-0.6401418011,0.6719728433,,,,
13159,0.0,-424.2034,-755.620178,1847.03125,0.3782527261,-0.6353267842,0.6732642516,,,,
13160,0.0,-423.505646,-756.668213,1847.03125,0.3847307489,-0.6292274763,0.6753184685,,,,
13161,0.0,-422.781158,-757.846863,1847.03125,0.387818596,-0.6255458687,0.6769705332,,,,
13162,0.0,-422.189087,-758.799133,1847.03125,0.3900683039,-0.6220428821,0.6789030646,,,,
13163,0.0,-421.513977,-759.902344,1847.03125,0.3919085625,-0.6191878051,0.6804514242,,,,
13164,0.0,-420.808441,-761.094604,1847.03125,0.3923267482,-0.6179958029,0.6812935566,,,,
13165,0.0,-420.16214,-761.691956,1847.03125,0.3935111487,-0.6172317165,0.6813031513,,,,
13166,0.0,-419.71106,-761.716614,1847.03125,0.3936981778,-0.6165190167,0.6818401916,,,,
13167,0.0,-419.549042,-761.691711,1847.03125,0.393754229,-0.6163013447,0.6820045891,,,,
13168,0.0,-418.427277,-761.691711,1847.03125,0.393754229,-0.6163013447,0.6820045891,,,,
13169,0.0,-418.1499485,-761.691711,1847.03125,0.393754229,-0.6163013447,0.6820045891,,,,
13170,0.0,-417.87262,-761.691711,1847.03125,0.393754229,-0.6163013447,0.6820045891,,,,
13171,0.0,-417.352356,-761.691711,1847.03125,0.393754229,-0.6163013447,0.6820045891,,,,
13172,0.0,-416.799896,-761.710999,1847.03125,0.3877918681,-0.6200703807,0.6820045381,,,,
13173,0.0,-416.608673,-761.740479,1847.03125,0.3815943277,-0.6245976311,0.681368893,,,,
13174,0.0,-416.58696,-761.739258,1847.03125,0.3807122474,-0.6260019188,0.6805706392,,,,
13175,0.0,-416.50354,-761.74231,1847.03125,0.3788060649,-0.6294546277,0.6784488461,,,,
13176,0.0,-416.403839,-761.747986,1847.03125,0.3775579978,-0.631926395,0.6768448786,,,,
13177,0.0,-416.291321,-761.753418,1847.03125,0.3763169121,-0.6343588339,0.6752588034,,,,
13178,0.0,-416.182251,-761.758728,1847.03125,0.3751178986,-0.6366854794,0.6737344896,,,,
13179,0.0,-416.092499,-761.763306,1847.03125,0.3740193485,-0.6387970135,0.672345077,,,,
13180,0.0,-416.026611,-761.766235,1847.03125,0.3735030948,-0.6401442574,0.6713499594,,,,
13181,0.0,-415.979858,-761.765808,1847.03125,0.3737654873,-0.6406022152,0.6707668465,,,,
13182,0.0,-415.960999,-761.765808,1847.03125,0.3738256841,-0.6407051819,0.6706349438,,,,
13183,0.0,-415.969086,-761.765747,1847.03125,0.3738256841,-0.6407051819,0.6706349438,,,,
13184,0.0,-415.969116,-761.765747,1847.03125,0.3738256841,-0.6407051819,0.6706349438,,,,
13185,0.0,-415.969116,-761.765747,1847.03125,0.3738256841,-0.6407051819,0.6706349438,,,,
13186,0.0,-415.969116,-761.765747,1847.03125,0.3738256841,-0.6407051819,0.6706349438,,,,
13187,0.0,-415.969116,-761.765747,1847.03125,0.3738256841,-0.6407051819,0.6706349438,,,,
13188,0.0,-415.957764,-761.785217,1847.03125,0.3738256841,-0.6407051819,0.6706349438,,,,
13189,0.0,-415.8992,-761.885559,1847.03125,0.3738256841,-0.6407051819,0.6706349438,,,,
13190,0.0,-415.843903,-761.801697,1847.03125,0.3738256841,-0.6407051819,0.6706349438,,,,
13191,0.0,-415.743286,-761.680725,1847.03125,0.3741421646,-0.6412478081,0.6699394669,,,,
13192,0.0,-415.627045,-761.577454,1847.03125,0.3774262156,-0.6419327604,0.6674367258,,,,
13193,0.0,-415.376678,-761.422668,1847.03125,0.3925254116,-0.6414258768,0.6591635957,,,,
13194,0.0,-415.069031,-761.197693,1847.03125,0.4130978741,-0.6377012789,0.6501440035,,,,
13195,0.0,-414.984253,-761.120544,1847.03125,0.4204526757,-0.6357643102,0.6473200826,,,,
13196,0.0,-414.112885,-760.04303,1847.03125,0.5186766004,-0.5968105523,0.6122023758,,,,
13197,0.0,-413.640167,-759.105225,1848.324951,0.6019093041,-0.5492401182,0.579689988,,,,
13198,0.0,-413.409332,-758.313721,1849.552612,0.6695743231,-0.4998766271,0.5493574279,,,,
13199,0.0,-413.227478,-757.655945,1851.114014,0.7240432521,-0.4514530006,0.521489748,,,,
13200,0.0,-413.123779,-757.193298,1852.381592,0.760250117,-0.4122959006,0.5020277382,,,,
13201,0.0,-413.206177,-756.471375,1853.801514,0.815307536,-0.3395302574,0.4690339285,,,,
13202,0.0,-413.138367,-756.033264,1855.4646,0.84349253,-0.2912014656,0.4513558001,,,,
13203,0.0,-413.043152,-755.797607,1856.615479,0.8559331701,-0.2656472657,0.4436326618,,,,
13204,0.0,-412.858093,-755.518066,1858.219482,0.8671646569,-0.2374482508,0.4377713856,,,,
13205,0.0,-412.693024,-755.341003,1859.352417,0.8723348605,-0.2219794611,0.4356110765,,,,
13206,0.0,-412.223846,-754.89801,1860.701416,0.88204611,-0.1883179157,0.4318923736,,,,
13207,0.0,-412.0834195,-754.743225,1860.701477,0.884985623,-0.1768647506,0.4305551104,,,,
13208,0.0,-411.942993,-754.58844,1860.701538,0.887925136,-0.1654115854,0.4292178472,,,,
13209,0.0,-411.353516,-753.720642,1860.701538,0.9021360448,-0.0995164878,0.4198178479,,,,
13210,0.0,-411.028946,-753.390686,1860.701416,0.9046467804,-0.0858553299,0.4171848528,,,,
13211,0.0,-409.871063,-752.513672,1860.701294,0.9102476572,-0.0497413907,0.411065684,,,,
13212,0.0,-408.811249,-752.019348,1860.637695,0.9131122045,-0.0264262299,0.4068510248,,,,
13213,0.0,-407.485229,-751.575806,1860.545166,0.9150653911,-0.0086820599,0.4032120432,,,,
13214,0.0,-405.553558,-751.10498,1860.43396,0.9169480003,0.0296985404,0.3978999389,,,,
13215,0.0,-403.567108,-750.70282,1860.31665,0.9169798775,0.0428132838,0.396629458,,,,
13216,0.0,-402.4849395,-750.509369,1860.248535,0.916974295,0.0433136986,0.3965877125,,,,
13217,0.0,-399.189545,-749.962158,1860.038452,0.9169687124,0.0438141133,0.396545967,,,,
13218,0.0,-397.223999,-749.677673,1859.912354,0.9169687124,0.0438141133,0.396545967,,,,
13219,0.0,-394.888519,-749.365234,1859.762329,0.9169687124,0.0438141133,0.396545967,,,,
13220,0.0,-391.83255,-748.990479,1859.701538,0.9169687124,0.0438141133,0.396545967,,,,
13221,0.0,-389.138794,-748.687073,1859.701294,0.9169687124,0.0438141133,0.396545967,,,,
13222,0.0,-386.442047,-748.403564,1859.701294,0.9169687124,0.0438141133,0.396545967,,,,
13223,0.0,-383.976654,-748.158997,1859.701294,0.9169687124,0.0438141133,0.396545967,,,,
13224,0.0,-380.827545,-747.862793,1859.701294,0.9169687124,0.0438141133,0.396545967,,,,
13225,0.0,-377.514252,-747.568054,1859.701294,0.9169687124,0.0438141133,0.396545967,,,,
13226,0.0,-375.085632,-747.362671,1859.701294,0.9169687124,0.0438141133,0.396545967,,,,
13227,0.0,-371.406342,-747.063538,1859.701294,0.9169687124,0.0438141133,0.396545967,,,,
13228,0.0,-368.068146,-746.804443,1859.701294,0.9169687124,0.0438141133,0.396545967,,,,
13229,0.0,-365.450378,-746.608582,1859.701294,0.9169687124,0.0438141133,0.396545967,,,,
13230,0.0,-361.921875,-746.352661,1859.701294,0.9169687124,0.0438141133,0.396545967,,,,
13231,0.0,-358.163239,-746.089294,1859.701294,0.9169687124,0.0438141133,0.396545967,,,,
13232,0.0,-355.241852,-745.890991,1859.701294,0.9169687124,0.0438141133,0.396545967,,,,
13233,0.0,-351.888885,-745.663147,1859.701294,0.9186705981,0.0452735068,0.3924215104,,,,
13234,0.0,-348.429596,-745.349121,1859.701538,0.920114893,0.068337771,0.3856404188,,,,
13235,0.0,-344.480743,-744.988831,1859.701294,0.9191030102,0.0908873007,0.3833916474,,,,
13236,0.0,-340.885162,-744.64978,1859.701294,0.9175456662,0.1086238072,0.3825059725,,,,
13237,0.0,-339.971313,-744.558594,1859.701294,0.9169398209,0.1139212782,0.3824177131,,,,
13238,0.0,-333.330048,-743.850952,1859.701294,0.9127029842,0.1462726331,0.3815463004,,,,
13239,0.0,-329.938812,-743.46875,1859.701294,0.9106717964,0.1584629376,0.3815316194,,,,
13240,0.0,-326.342957,-743.06073,1859.701294,0.909349131,0.1658848434,0.3815316194,,,,
13241,0.0,-322.943542,-742.658508,1859.701294,0.9081176861,0.1708627946,0.3822671495,,,,
13242,0.0,-318.96991,-742.176331,1859.701294,0.9072577741,0.1732653191,0.383226383,,,,
13243,0.0,-315.828125,-741.780212,1859.701294,0.9070696598,0.1740780861,0.3833033424,,,,
13244,0.0,-311.883148,-741.248413,1859.701294,0.9060103937,0.177900102,0.3840530174,,,,
13245,0.0,-308.163971,-740.720154,1859.701294,0.9047616834,0.1822516922,0.3849553441,,,,
13246,0.0,-305.354797,-740.29834,1859.701294,0.9037681463,0.1861623861,0.3854175706,,,,
13247,0.0,-300.923523,-739.623047,1859.701294,0.9025999715,0.1907856144,0.3858939502,,,,
13248,0.0,-297.231445,-739.035217,1859.701294,0.901341388,0.1950522181,0.3867018677,,,,
13249,0.0,-293.104248,-738.352783,1859.701294,0.9003794891,0.1991720724,0.3868426828,,,,
13250,0.0,-289.870972,-737.804443,1859.701294,0.8998678207,0.2014711371,0.386842715,,,,
13251,0.0,-286.385651,-737.192871,1859.701294,0.8993309637,0.2038542834,0.3868426667,,,,
13252,0.0,-278.757324,-735.812866,1859.701294,0.8980841873,0.2092786271,0.3868426667,,,,
13253,0.0,-275.616913,-735.211487,1859.701294,0.8972171004,0.2129655502,0.3868425379,,,,
13254,0.0,-272.019379,-734.490356,1859.701294,0.8955185918,0.219998415,0.3868425379,,,,
13255,0.0,-268.422119,-733.728455,1859.701294,0.8925733447,0.2304664618,0.3875539114,,,,
13256,0.0,-264.960876,-732.967651,1859.701294,0.8895568636,0.2402799826,0.3885281411,,,,
13257,0.0,-260.766052,-732.046326,1859.701294,0.8867375708,0.2490509115,0.3894484869,,,,
13258,0.0,-257.609741,-731.319946,1859.701294,0.8841571361,0.256917329,0.3902046192,,,,
13259,0.0,-254.052185,-730.467896,1859.701294,0.8806156264,0.2663943637,0.391854771,,,,
13260,0.0,-250.702545,-729.663757,1859.701294,0.878555719,0.2717144979,0.3928244904,,,,
13261,0.0,-247.094482,-728.784302,1859.701294,0.8770192693,0.2753689565,0.3937120003,,,,
13262,0.0,-243.476715,-727.883911,1859.701294,0.8757952275,0.2779800929,0.3946007951,,,,
13263,0.0,-239.189697,-726.90448,1859.701294,0.8726981043,0.2848911407,0.3965287589,,,,
13264,0.0,-236.856705,-726.479431,1859.70105,0.8677791563,0.2966952801,0.39866182,,,,
13265,0.0,-232.35318,-725.82373,1859.701294,0.8604966885,0.3133617347,0.4016837964,,,,
13266,0.0,-229.187622,-725.470825,1859.701172,0.8493459288,0.3386574682,0.4048735759,,,,
13267,0.0,-226.131027,-725.228882,1859.701172,0.8337246789,0.3718853551,0.4081720746,,,,
13268,0.0,-222.490036,-725.057373,1859.701294,0.8099602628,0.4189035228,0.410468283,,,,
13269,0.0,-219.260666,-724.712463,1859.701294,0.7861762093,0.4612023371,0.411362823,,,,
13270,0.0,-216.665787,-724.190308,1859.701294,0.7612200135,0.5012473633,0.4114549451,,,,
13271,0.0,-212.174347,-723.272766,1859.701294,0.7252022238,0.5520747562,0.4114549769,,,,
13272,0.0,-208.76796,-722.314758,1859.701294,0.6914509814,0.5943856815,0.4106107669,,,,
13273,0.0,-206.270416,-721.591431,1859.645142,0.6757126496,0.6129909897,0.4094563001,,,,
13274,0.0,-202.257904,-720.436096,1859.512573,0.6568281778,0.6340962251,0.4080425495,,,,
13275,0.0,-198.792831,-719.492371,1859.124146,0.644512394,0.6472038068,0.4071007325,,,,
13276,0.0,-195.388931,-718.60675,1858.539795,0.642078911,0.65016879,0.4062206501,,,,
13277,0.0,-192.029343,-717.736145,1857.775757,0.6420398795,0.6502169683,0.406205228,,,,
13278,0.0,-189.15741,-716.996094,1856.97522,0.6440262772,0.6482494808,0.4062053237,,,,
13279,0.0,-185.094589,-715.964844,1855.65271,0.6527792372,0.6394345786,0.406205228,,,,
13280,0.0,-181.919617,-715.204346,1854.490356,0.6718893839,0.6202588423,0.4047760174,,,,
13281,0.0,-177.839249,-714.293091,1852.831909,0.7019709264,0.5883819824,0.401302207,,,,
13282,0.0,-174.362701,-713.614441,1851.252686,0.734873209,0.5505187703,0.3960939916,,,,
13283,0.0,-170.408829,-712.867737,1849.272705,0.7631022853,0.5144034784,0.3912338988,,,,
13284,0.0,-165.993286,-712.219116,1846.892334,0.802082004,0.4570312704,0.3844305877,,,,
13285,0.0,-162.443878,-711.760437,1844.736816,0.8284971068,0.4096270804,0.3818353035,,,,
13286,0.0,-158.887131,-711.401672,1842.346436,0.8532059683,0.3572159393,0.3800478237,,,,
13287,0.0,-155.402969,-711.040527,1839.709106,0.8718056643,0.3102996499,0.379036952,,,,
13288,0.0,-152.008682,-710.526794,1830.165283,0.8822221085,0.2814574064,0.3774465257,,,,
13289,0.0,-148.062912,-709.681152,1828.893799,0.8852506459,0.2722676605,0.377096294,,,,
13290,0.0,-145.726395,-709.125,1827.769165,0.8855016014,0.2723266758,0.3764639367,,,,
13291,0.0,-141.72142,-708.17157,1825.158691,0.8862472593,0.272555995,0.3745384159,,,,
13292,0.0,-138.691498,-707.746643,1823.675049,0.8999232439,0.2435594519,0.3616862569,,,,
13293,0.0,-131.883911,-706.460449,1820.01062,0.9135586556,0.2111351133,0.3476097622,,,,
13294,0.0,-130.1095505,-706.0391235,1817.637634,0.9138067024,0.210757532,0.3471861024,,,,
13295,0.0,-128.33519,-705.617798,1815.264648,0.9140547493,0.2103799507,0.3467624426,,,,
13296,0.0,-124.891586,-704.826843,1809.922363,0.9155218648,0.2069959534,0.3449237458,,,,
13297,0.0,-118.518425,-703.447205,1797.571411,0.9210125923,0.1921673858,0.3388325554,,,,
13298,0.0,-115.076523,-702.815369,1789.611572,0.9280394208,0.1727656542,0.3299922154,,,,
13299,0.0,-111.685921,-702.203674,1781.368164,0.9354032385,0.1524592157,0.3190250286,,,,
13300,0.0,-108.264343,-701.551392,1775.750366,0.9426512201,0.135449861,0.3050606701,,,,
13301,0.0,-105.034615,-700.916931,1770.23645,0.949657901,0.1211027838,0.2889359562,,,,
13302,0.0,-102.336601,-700.344971,1765.453735,0.9550577598,0.1132570214,0.2739297767,,,,
13303,0.0,-99.467316,-699.67627,1760.135132,0.9603515391,0.1109632901,0.2557578339,,,,
13304,0.0,-95.154221,-698.642761,1751.978516,0.9656973871,0.1104801296,0.2349951011,,,,
13305,0.0,-92.276276,-697.862366,1746.2323,0.9693457629,0.1198703662,0.2144758431,,,,
13306,0.0,-88.966248,-696.988098,1739.476929,0.9716284748,0.1283709335,0.1986429217,,,,
13307,0.0,-85.871216,-696.106262,1733.164062,0.9731769121,0.1450900608,0.1785373129,,,,
13308,0.0,-82.516624,-694.789429,1725.731201,0.9646295813,0.2033432536,0.1677536651,,,,
13309,0.0,-79.314766,-693.847412,1718.760254,0.9612132752,0.2237776142,0.1612222656,,,,
13310,0.0,-76.084488,-692.96228,1711.621582,0.9588907251,0.2367984337,0.1563811981,,,,
13311,0.0,-72.301353,-692.028137,1703.171875,0.9583746233,0.2399983611,0.1546572599,,,,
13312,0.0,-69.34639,-691.318909,1696.422241,0.9583691412,0.2400589729,0.1545971495,,,,
13313,0.0,-65.351715,-690.361145,1687.070557,0.9583691412,0.2400589729,0.1545971495,,,,
13314,0.0,-62.501312,-689.67749,1680.195068,0.9583691412,0.2400589729,0.1545971495,,,,
13315,0.0,-58.650185,-688.754456,1670.692627,0.9583691412,0.2400589729,0.1545971495,,,,
13316,0.0,-55.761265,-688.062317,1664.285278,0.9583691412,0.2400589729,0.1545971495,,,,
13317,0.0,-54.936867,-687.872192,1662.946289,0.958572441,0.2392459029,0.1545971323,,,,
13318,0.0,-54.822605,-687.798279,1663.03125,0.9596664617,0.2369396226,0.1513271212,,,,
13319,0.0,-54.676449,-687.660583,1663.03125,0.9612652046,0.234142817,0.1454178379,,,,
13320,0.0,-54.5471,-687.498657,1663.03125,0.962933436,0.2324672397,0.1368144007,,,,
13321,0.0,-54.420826,-687.331604,1663.03125,0.9648363267,0.2299985179,0.1272459998,,,,
13322,0.0,-54.293007,-687.162292,1663.03125,0.9668465614,0.2265943074,0.1177401658,,,,
13323,0.0,-54.177227,-687.017273,1663.03125,0.9689158584,0.2219344215,0.1093031189,,,,
13324,0.0,-54.046062,-686.851074,1663.03125,0.9710716074,0.2167800527,0.1001316237,,,,
13325,0.0,-53.877716,-686.622559,1663.03125,0.9730385821,0.2123431325,0.0900350588,,,,
13326,0.0,-53.452801,-687.083252,1663.03125,0.9903972199,0.1313754754,0.0430561408,,,,
13327,0.0,-53.301498,-687.01239,1663.03125,0.9926657031,0.1161249667,0.0336124091,,,,
13328,0.0,-53.145592,-686.76239,1663.03125,0.99293482,0.1143230035,0.0317914172,,,,
13329,0.0,-53.027142,-686.570312,1663.03125,0.9941917361,0.1037640915,0.0285623029,,,,
13330,0.0,-52.975891,-686.375061,1663.03125,0.9954235074,0.0921536829,0.0252930748,,,,
13331,0.0,-52.925213,-686.211792,1663.03125,0.9969610506,0.074382646,0.0231492009,,,,
13332,0.0,-52.902275,-686.043579,1663.03125,0.998334762,0.0533538458,0.0219333122,,,,
13333,0.0,-52.87616,-685.975586,1663.03125,0.9994279376,0.0258079103,0.0218574784,,,,
13334,0.0,-52.857269,-685.817871,1663.03125,0.9997584259,-0.0023109423,0.0218574784,,,,
13335,0.0,-52.82177,-685.903015,1663.03125,0.9984248699,-0.0516723316,0.0218574784,,,,
13336,0.0,-52.814884,-685.941406,1663.03125,0.9959805222,-0.0875437628,0.0189443633,,,,
13337,0.0,-52.825439,-685.377869,1663.03125,0.9932611362,-0.1152079279,0.0126272961,,,,
13338,0.0,-52.8264175,-685.179291,1663.03125,0.9932148576,-0.1156898256,0.0117978164,,,,
13339,0.0,-52.815159,-684.501587,1663.03125,0.9931279397,-0.1166435609,0.0095485687,,,,
13340,0.0,-52.8174365,-684.3449705,1663.03125,0.9930525566,-0.1173377288,0.0087993454,,,,
13341,0.0,-52.832264,-684.033325,1663.03125,0.992839977,-0.1192573152,0.0068170985,,,,
13342,0.0,-52.9519575,-683.2664185,1663.03125,0.9963044529,-0.0506909275,0.0093784109,,,,
13343,0.0,-53.144001,-682.149597,1663.03125,0.9995099507,0.0287559711,0.0123674019,,,,
13344,0.0,-53.188301,-681.844788,1663.03125,0.9995099507,0.0287559711,0.0123674019,,,,
13345,0.0,-53.191879,-681.539124,1663.03125,0.9995099507,0.0287559711,0.0123674019,,,,
13346,0.0,-53.197479,-681.230591,1663.03125,0.9995099507,0.0287559711,0.0123674019,,,,
13347,0.0,-53.203487,-680.955261,1663.03125,0.9995099507,0.0287559711,0.0123674019,,,,
13348,0.0,-53.210987,-680.641174,1663.03125,0.9995099507,0.0287559711,0.0123674019,,,,
13349,0.0,-53.21991,-680.290894,1663.03125,0.9995099507,0.0287559711,0.0123674019,,,,
13350,0.0,-53.229748,-679.920593,1663.03125,0.9995099507,0.0287559711,0.0123674019,,,,
13351,0.0,-53.231422,-679.845398,1663.03125,0.9995020381,0.0290296954,0.0123674019,,,,
13352,0.0,-53.230621,-679.036194,1663.03125,0.9992277666,0.0372950119,0.0123674019,,,,
13353,0.0,-53.226376,-678.656006,1663.03125,0.9990031323,0.0432919035,0.0108881959,,,,
13354,0.0,-53.233173,-678.205505,1663.03125,0.9988555987,0.0466721468,0.010450056,,,,
13355,0.0,-53.247395,-677.847595,1663.03125,0.9988463643,0.0469585092,0.0100418623,,,,
13356,0.0,-53.268669,-677.339111,1663.03125,0.9988514061,0.0469587462,0.0095260026,,,,
13357,0.0,-53.287979,-676.893799,1663.03125,0.9988600938,0.0469591547,0.0085645052,,,,
13358,0.0,-53.306641,-676.460632,1663.03125,0.9988603657,0.0469591674,0.0085326715,,,,
13359,0.0,-53.327057,-676.007202,1663.03125,0.9988603657,0.0469591674,0.0085326715,,,,
13360,0.0,-53.344803,-675.617432,1663.03125,0.9988603657,0.0469591674,0.0085326715,,,,
13361,0.0,-53.367622,-675.119751,1663.03125,0.9988603657,0.0469591674,0.0085326715,,,,
13362,0.0,-53.389061,-674.713989,1663.03125,0.9988970319,0.046172645,0.0085326715,,,,
13363,0.0,-53.416157,-674.270752,1663.03125,0.9990051589,0.0437708351,0.0085326715,,,,
13364,0.0,-53.445454,-673.765076,1663.03125,0.9991038079,0.0414581054,0.0085326715,,,,
13365,0.0,-53.469318,-673.260498,1663.03125,0.9991324636,0.0407616705,0.0085326715,,,,
13366,0.0,-53.492157,-672.756714,1663.03125,0.9991523035,0.0402724209,0.0085326715,,,,
13367,0.0,-53.509693,-672.340759,1663.03125,0.9991530196,0.040254651,0.0085326715,,,,
13368,0.0,-53.535313,-671.725891,1663.03125,0.9991530196,0.040254651,0.0085326715,,,,
13369,0.0,-53.566345,-671.287842,1663.03125,0.9993255005,0.035913918,0.0076638403,,,,
13370,0.0,-53.602428,-670.759216,1663.03125,0.9995063474,0.0307115755,0.0066227431,,,,
13371,0.0,-53.637447,-670.359009,1663.03125,0.9997112845,0.0234978408,0.0050198775,,,,
13372,0.0,-53.668873,-669.911011,1663.03125,0.9998266007,0.018126338,0.0042666539,,,,
13373,0.0,-53.701958,-669.284241,1663.03125,0.9999029815,0.0134154129,0.0037489061,,,,
13374,0.0,-53.715103,-668.745239,1663.03125,0.9999042143,0.0133259739,0.0037390625,,,,
13375,0.0,-53.729523,-668.225952,1663.03125,0.9999150651,0.0124852724,0.0037390625,,,,
13376,0.0,-53.750797,-667.169373,1663.03125,0.999916531,0.0123673155,0.0037390625,,,,
13377,0.0,-53.757511,-666.800293,1663.03125,0.999916531,0.0123673155,0.0037390625,,,,
13378,0.0,-53.771763,-665.980225,1663.03125,0.999916531,0.0123673155,0.0037390625,,,,
13379,0.0,-53.782307,-665.331055,1663.03125,0.999916531,0.0123673155,0.0037390625,,,,
13380,0.0,-53.791965,-664.713623,1663.03125,0.999916531,0.0123673155,0.0037390625,,,,
13381,0.0,-53.801846,-664.050293,1663.03125,0.999916531,0.0123673155,0.0037390625,,,,
13382,0.0,-53.808384,-663.524536,1663.03125,0.9999097341,0.0127787556,0.0041505556,,,,
13383,0.0,-53.817741,-662.773682,1664.298828,0.9999010202,0.0132786467,0.0046505177,,,,
13384,0.0,-53.817268,-662.125427,1665.626709,0.9998414143,0.0166496708,0.0063193937,,,,
13385,0.0,-53.812527,-661.403564,1667.034424,0.9996085393,0.0261821828,0.0098621198,,,,
13386,0.0,-53.844444,-660.585083,1668.413208,0.9988364315,0.0460216798,0.0144148557,,,,
13387,0.0,-53.936668,-659.77887,1669.981445,0.9963393402,0.0831712384,0.0197601694,,,,
13388,0.0,-54.135498,-658.939392,1671.408325,0.9904202632,0.1363428116,0.021870984,,,,
13389,0.0,-54.40955,-658.083862,1672.847534,0.980875565,0.1933938404,0.0219533263,,,,
13390,0.0,-54.778023,-657.287048,1674.084839,0.9665298725,0.2556130989,0.0219533437,,,,
13391,0.0,-55.357319,-656.347107,1675.594116,0.9412011105,0.3371898748,0.0210584412,,,,
13392,0.0,-55.968678,-655.54834,1676.701294,0.9118248245,0.4101330245,0.0191413578,,,,
13393,0.0,-56.33416,-655.080383,1676.701416,0.8936713619,0.4483645778,0.0179081628,,,,
13394,0.0,-56.902161,-654.329834,1676.701294,0.8669057877,0.4982072263,0.0162454558,,,,
13395,0.0,-56.9603465,-654.240265,1676.701294,0.86462814,0.5021351976,0.0160552132,,,,
13396,0.0,-57.018532,-654.150696,1676.701294,0.8623504924,0.5060631689,0.0158649707,,,,
13397,0.0,-58.785786,-651.893677,1676.701294,0.8054668605,0.5925308484,0.0114162299,,,,
13398,0.0,-59.12167,-651.298096,1676.701294,0.8004779697,0.5992685228,0.010595172,,,,
13399,0.0,-59.407791,-650.625122,1676.701294,0.7987242214,0.601606528,0.010450056,,,,
13400,0.0,-59.627602,-649.75415,1676.701294,0.7984559822,0.6019624912,0.010450056,,,,
13401,0.0,-59.755718,-648.877563,1676.701294,0.7979676425,0.6026096895,0.010450056,,,,
13402,0.0,-59.837978,-647.96228,1676.701294,0.7956738782,0.6056428123,0.0099931701,,,,
13403,0.0,-59.912674,-646.929871,1676.701294,0.7934537547,0.6085558444,0.0095353746,,,,
13404,0.0,-59.951122,-645.897461,1676.701294,0.7907810678,0.6120255035,0.0094913594,,,,
13405,0.0,-59.952755,-644.77478,1676.701294,0.7879647607,0.6156471799,0.0094913594,,,,
13406,0.0,-59.913109,-643.846802,1676.701294,0.7879568952,0.6156572467,0.0094913594,,,,
13518,0.0,881.436707,1681.875488,1841.241089,0.7071067812,0.7071067812,0.0,,,,
13519,0.0,881.64447,1681.919556,1841.502075,0.7071067812,0.7071067812,0.0,,,,
13520,0.0,882.027771,1681.836426,1841.440308,0.7071067812,0.7071067812,0.0,,,,
13521,0.0,882.204224,1681.723755,1841.505249,0.7071067812,0.7071067812,0.0,,,,
13522,0.0,882.147888,1682.843628,1841.505737,0.9966298996,0.0342732554,0.0745264197,,,,
13523,0.0,882.590027,1682.698242,1841.501221,0.6644628227,-0.7288652344,0.1650594662,,,,
13524,0.0,882.953613,1685.008423,1841.463379,0.5783184374,-0.7978517154,0.1702363805,,,,
13525,0.0,883.721313,1684.606323,1841.40332,0.5778727249,-0.7988350484,0.1671097823,,,,
13526,0.0,884.159485,1683.110718,1841.38501,0.5762180265,-0.8003411466,0.1656104917,,,,
13527,0.0,884.704712,1680.747681,1841.38208,0.5732967149,-0.8026816231,0.1644174218,,,,
13528,0.0,885.156677,1678.647339,1841.397827,0.5716165465,-0.8040666043,0.1634974603,,,,
13529,0.0,885.593079,1676.481567,1841.446289,0.5713216552,-0.8043151888,0.1633053684,,,,
13530,0.0,884.500977,1666.216431,1842.747681,0.5714106525,-0.8044404805,0.162374196,,,,
13531,0.0,885.11908,1664.633911,1842.135986,0.5714120606,-0.8044424627,0.1623594198,,,,
13532,0.0,885.794983,1664.230103,1841.923218,0.5714120606,-0.8044424627,0.1623594198,,,,
13533,0.0,886.091248,1663.943359,1841.791504,0.5714120606,-0.8044424627,0.1623594198,,,,
13534,0.0,886.174316,1663.791748,1841.786377,0.5714884255,-0.8045498515,0.1615565414,,,,
13535,0.0,886.264526,1663.701782,1841.768066,0.5715019406,-0.8045689973,0.161413322,,,,
13536,0.0,886.374939,1663.624268,1841.737915,0.5687444222,-0.8065206235,0.1614133392,,,,
13537,0.0,889.379883,1672.4198,1841.730591,0.8490702665,0.5279894167,0.0175173751,,,,
13538,0.0,888.783875,1674.424316,1841.638672,0.7085289949,0.7056817012,0.0,,,,
13539,0.0,888.798828,1674.439209,1841.562134,0.7085289949,0.7056817012,0.0,,,,
13540,0.0,888.812134,1674.452515,1841.49292,0.7085289949,0.7056817012,0.0,,,,
13541,0.0,888.818176,1674.458496,1841.381714,0.7085289949,0.7056817012,0.0,,,,
13542,0.0,888.811401,1674.45166,1841.334595,0.7085289949,0.7056817012,0.0,,,,
13543,0.0,888.860291,1674.500366,1841.208374,0.7085289949,0.7056817012,0.0,,,,
13544,0.0,888.899902,1674.539795,1841.105347,0.7085289949,0.7056817012,0.0,,,,
13545,0.0,889.046997,1674.686401,1841.009521,0.7085289949,0.7056817012,0.0,,,,
13546,0.0,889.186035,1674.824951,1840.974854,0.7085289949,0.7056817012,0.0,,,,
13547,0.0,889.218689,1674.857422,1841.069092,0.7085289949,0.7056817012,0.0,,,,
13548,0.0,889.244446,1674.8830565,1841.058594,0.7085289949,0.7056817012,0.0,,,,
13549,0.0,889.270203,1674.908691,1841.048096,0.7085289949,0.7056817012,0.0,,,,
13550,0.0,890.035583,1675.671021,1840.823486,0.7085289949,0.7056817012,0.0,,,,
13551,0.0,890.094421,1675.7948,1840.7677,0.7085289949,0.7056817012,0.0,,,,
13552,0.0,888.606628,1674.247681,1843.706421,0.7085289949,0.7056817012,0.0,,,,
13553,0.0,888.818604,1674.458862,1843.581665,0.7085289949,0.7056817012,0.0,,,,
13554,0.0,888.806519,1674.446777,1843.586182,0.7085289949,0.7056817012,0.0,,,,
13555,0.0,888.811462,1674.45166,1843.593262,0.7085289949,0.7056817012,0.0,,,,
13556,0.0,888.657288,1674.29834,1843.613281,0.7085289949,0.7056817012,0.0,,,,
13557,0.0,888.570923,1674.212158,1843.64624,0.7085289949,0.7056817012,0.0,,,,
13558,0.0,888.36377,1674.005859,1843.698608,0.7085289949,0.7056817012,0.0,,,,
13559,0.0,888.202026,1673.844727,1843.747925,0.7085289949,0.7056817012,0.0,,,,
13560,0.0,887.995422,1673.822388,1843.880737,0.7085289949,0.7056817012,0.0,,,,
13561,0.0,887.774231,1673.76062,1844.03186,0.7085289949,0.7056817012,0.0,,,,
13562,0.0,887.410278,1673.698608,1844.151855,0.7085289949,0.7056817012,0.0,,,,
13563,0.0,887.259583,1673.766113,1844.351929,0.7085289949,0.7056817012,0.0,,,,
13564,0.0,888.380676,1674.022827,1843.683838,0.7085289949,0.7056817012,0.0,,,,
13565,0.0,889.006592,1674.64624,1843.055542,0.7085289949,0.7056817012,0.0,,,,
13566,0.0,889.517517,1675.155151,1842.614868,0.7085289949,0.7056817012,0.0,,,,
13567,0.0,890.121094,1675.75647,1842.26416,0.7085289949,0.7056817012,0.0,,,,
13568,0.0,890.812927,1676.445679,1841.964355,0.7085289949,0.7056817012,0.0,,,,
13569,0.0,891.46875,1677.098877,1841.835693,0.7085289949,0.7056817012,0.0,,,,
13570,0.0,892.249146,1677.876343,1841.905029,0.7085287878,0.7056812979,0.0009287768,,,,
13571,0.0,893.145386,1678.758179,1841.884155,0.7092033689,0.7050013535,0.0019165449,,,,
13572,0.0,894.125977,1679.713501,1841.744873,0.7104993783,0.7036877728,0.0037619087,,,,
13573,0.0,895.269287,1680.828613,1841.549072,0.7118705344,0.7022944775,0.0047758834,,,,
13574,0.0,896.486816,1682.037109,1841.388184,0.7118919312,0.7022657438,0.0057186972,,,,
13575,0.0,897.816406,1683.345947,1841.192261,0.7125207987,0.7016274092,0.005752399,,,,
13576,0.0,899.343506,1684.858276,1841.061035,0.7125606281,0.7015786221,0.0066923976,,,,
13577,0.0,900.635681,1686.137451,1841.022461,0.7125605878,0.7015784844,0.0067111071,,,,
13578,0.0,902.279236,1687.763062,1841.056763,0.7125605878,0.7015784844,0.0067111071,,,,
13579,0.0,904.128296,1689.590942,1841.107788,0.7125605878,0.7015784844,0.0067111071,,,,
13580,0.0,906.016663,1691.465332,1841.192017,0.7120655424,0.7020738809,0.0074114205,,,,
13581,0.0,908.106445,1693.56189,1841.253174,0.7102581803,0.7038811331,0.0092015078,,,,
13582,0.0,910.040955,1695.522949,1841.316528,0.7076410683,0.7064848054,0.011105773,,,,
13583,0.0,911.897827,1697.638428,1841.22583,0.7047276701,0.7093562032,0.0131410784,,,,
13584,0.0,913.46106,1699.683228,1841.09729,0.7031868859,0.7108628802,0.0142186136,,,,
13585,0.0,913.030273,1699.923096,1842.701294,0.7029548245,0.7110891039,0.014380581,,,,
13586,0.0,914.384705,1702.172485,1842.701294,0.7029548245,0.7110891039,0.014380581,,,,
13587,0.0,916.91803,1706.946289,1842.701294,0.7125289796,0.7014790596,0.0151519673,,,,
13588,0.0,918.168091,1709.438721,1842.701294,0.7263093229,0.6871791074,0.016113404,,,,
13589,0.0,918.8464355,1710.7996215,1842.701294,0.737157404,0.6753250332,0.016631093,,,,
13590,0.0,919.52478,1712.160522,1842.701294,0.7480054851,0.6634709591,0.0171487821,,,,
13591,0.0,922.091003,1717.131836,1842.701294,0.8042051394,0.5940466343,0.0190444225,,,,
13592,0.0,923.417236,1719.649414,1842.701294,0.8355058936,0.5491166619,0.020019823,,,,
13593,0.0,924.738953,1721.745728,1842.701294,0.8777445916,0.4787056812,0.0201321298,,,,
13594,0.0,925.967346,1723.962158,1842.701416,0.9085192611,0.4172388893,0.0224602194,,,,
13595,0.0,927.24408,1726.019409,1842.701294,0.9396687513,0.3408702967,0.0288110844,,,,
13596,0.0,928.548889,1728.330566,1842.701294,0.9624509565,0.2695448621,0.0321515736,,,,
13597,0.0,930.107239,1731.320679,1842.701294,0.9854721106,0.1658912879,0.0363977989,,,,
13598,0.0,931.355774,1734.113281,1842.701294,0.9941362258,0.1004207821,0.0401102376,,,,
13599,0.0,932.708191,1736.877563,1842.701294,0.9985900513,0.0272525893,0.0455544272,,,,
13600,0.0,934.256226,1739.773804,1842.701294,0.9983616576,-0.026961235,0.0504687268,,,,
13601,0.0,935.746521,1742.543701,1842.527222,0.9941745141,-0.0915855671,0.0568253407,,,,
13602,0.0,937.276794,1744.945923,1842.122681,0.9835160541,-0.1690904584,0.0640670607,,,,
13603,0.0,938.565552,1747.040649,1841.562012,0.9687187652,-0.2376602511,0.0714251983,,,,
13604,0.0,939.799561,1749.201538,1840.84436,0.9533936751,-0.2917453305,0.0769750765,,,,
13605,0.0,940.923584,1751.24585,1840.005737,0.9350088327,-0.344994141,0.0820824307,,,,
13606,0.0,942.14563,1753.575684,1838.877808,0.9110280276,-0.4028841526,0.0878196586,,,,
13607,0.0,943.471069,1756.199585,1837.469482,0.8885522738,-0.4493925548,0.0923102833,,,,
13608,0.0,944.733643,1758.773682,1835.900879,0.8644565853,-0.4932531536,0.0970367898,,,,
13609,0.0,945.955078,1761.287842,1834.234985,0.8406998653,-0.5321734058,0.1000759842,,,,
13610,0.0,947.39386,1764.206177,1832.186401,0.8219645816,-0.5602792904,0.1022807083,,,,
13611,0.0,948.755432,1767.00708,1830.00293,0.8017069113,-0.5884033951,0.1051069597,,,,
13612,0.0,949.731995,1769.017944,1828.325439,0.788746462,-0.6054082643,0.1065826072,,,,
13613,0.0,951.489624,1772.572144,1825.192627,0.7710627842,-0.6275123623,0.1081222361,,,,
13614,0.0,952.44928,1774.491211,1823.405273,0.7645615719,-0.6353086762,0.1087588559,,,,
13615,0.0,954.205627,1777.992554,1819.923706,0.7547157009,-0.6467789081,0.109914762,,,,
13616,0.0,955.693848,1780.95459,1816.77063,0.7459681515,-0.6566849647,0.1108890165,,,,
13617,0.0,957.050903,1783.660034,1813.713867,0.7367276435,-0.6670034942,0.111079782,,,,
13618,0.0,958.832703,1787.216675,1809.44397,0.7270979885,-0.6773372693,0.1119943689,,,,
13619,0.0,960.340149,1790.230835,1805.595581,0.7214513511,-0.6831855621,0.1129842276,,,,
13620,0.0,961.703247,1792.960083,1801.922729,0.7152636364,-0.6896609943,0.1129851467,,,,
13621,0.0,962.570618,1794.717773,1799.422241,0.7139125941,-0.6910050661,0.1133172828,,,,
13622,0.0,964.295715,1798.161865,1794.421265,0.7124817282,-0.6923984604,0.1138163388,,,,
13623,0.0,965.854492,1801.286255,1789.699829,0.7095428058,-0.6952708575,0.1146622927,,,,
13624,0.0,967.286194,1804.172241,1785.061401,0.7060587745,-0.6987712479,0.1148901654,,,,
13625,0.0,969.010193,1807.64502,1779.2677,0.6979540996,-0.7067124762,0.1158341522,,,,
13626,0.0,970.140747,1809.944946,1775.202637,0.6894324401,-0.7150268722,0.1158424908,,,,
13627,0.0,971.797852,1813.272217,1769.269775,0.6800655785,-0.7239415213,0.1158424908,,,,
13628,0.0,973.191101,1816.088379,1766.860352,0.667650555,-0.73540686,0.1158425081,,,,
13629,0.0,975.873047,1820.093628,1766.701294,0.6307405799,-0.7675506623,0.1141591067,,,,
13630,0.0,977.593445,1821.904785,1766.701294,0.6099895041,-0.7842823216,0.1131991386,,,,
13631,0.0,978.579834,1822.7338865,1766.701294,0.5990137025,-0.7926474422,0.1127028252,,,,
13632,0.0,980.890625,1824.471558,1766.701294,0.5774635325,-0.8087745016,0.1114435918,,,,
13633,0.0,982.545868,1825.414795,1766.701294,0.570099766,-0.8140196235,0.1107978152,,,,
13634,0.0,984.201111,1826.358032,1766.701294,0.5627359996,-0.8192647455,0.1101520386,,,,
13635,0.0,986.634521,1827.412354,1766.701294,0.5530506152,-0.8259635923,0.109174911,,,,
13636,0.0,991.540955,1828.934814,1766.701294,0.5378446702,-0.8362986226,0.1064317834,,,,
13637,0.0,993.972351,1829.520142,1766.701294,0.5279028239,-0.8428382895,0.1046050971,,,,
13638,0.0,996.116333,1829.874634,1766.701294,0.5185767737,-0.8488165428,0.1029009546,,,,
13639,0.0,999.11615,1830.292236,1766.701294,0.5050573495,-0.8570903214,0.1015541956,,,,
13640,0.0,1001.398376,1830.49585,1766.701294,0.49986355,-0.8601306215,0.1015467642,,,,
13641,0.0,1003.523193,1830.598267,1766.701294,0.4992039812,-0.8605135907,0.1015467642,,,,
13642,0.0,1006.179626,1830.683716,1766.701294,0.4992039812,-0.8605135907,0.1015467642,,,,
13643,0.0,1009.474915,1830.693726,1766.701294,0.4992039812,-0.8605135907,0.1015467642,,,,
13644,0.0,1011.365234,1830.621216,1766.701294,0.4992039812,-0.8605135907,0.1015467642,,,,
13645,0.0,1014.614746,1830.47229,1766.701294,0.4992039812,-0.8605135907,0.1015467642,,,,
13646,0.0,1017.383179,1830.251831,1766.701294,0.4992039812,-0.8605135907,0.1015467642,,,,
13647,0.0,1020.192566,1829.995483,1766.701294,0.4992039812,-0.8605135907,0.1015467642,,,,
13648,0.0,1022.61792,1829.725952,1766.701294,0.4992039812,-0.8605135907,0.1015467642,,,,
13649,0.0,1025.620483,1829.335083,1766.701294,0.4992039812,-0.8605135907,0.1015467642,,,,
13650,0.0,1028.850586,1828.899536,1766.701294,0.4992039812,-0.8605135907,0.1015467642,,,,
13651,0.0,1031.099854,1828.569946,1766.701294,0.4992039812,-0.8605135907,0.1015467642,,,,
13652,0.0,1034.550781,1827.997192,1766.701294,0.4992039812,-0.8605135907,0.1015467642,,,,
13653,0.0,1036.665283,1827.638184,1766.701294,0.4992039812,-0.8605135907,0.1015467642,,,,
13654,0.0,1040.154419,1827.102905,1766.701294,0.4992039812,-0.8605135907,0.1015467642,,,,
13655,0.0,1043.026733,1826.646484,1766.701294,0.4992039812,-0.8605135907,0.1015467642,,,,
13656,0.0,1045.936768,1826.147583,1766.701294,0.4992039812,-0.8605135907,0.1015467642,,,,
13657,0.0,1049.724487,1825.536865,1766.701294,0.5056380505,-0.8571195644,0.0983677499,,,,
13658,0.0,1052.036865,1825.153076,1766.701294,0.5106456994,-0.8544281791,0.0958825136,,,,
13659,0.0,1055.800537,1824.449707,1766.701294,0.5099200988,-0.8556438496,0.0886289761,,,,
13660,0.0,1058.790771,1823.714966,1766.701294,0.4903882693,-0.8673124123,0.085372858,,,,
13661,0.0,1060.391602,1823.227905,1766.701294,0.4691813113,-0.8791364829,0.0835939089,,,,
13662,0.0,1063.692139,1822.30188,1766.701294,0.4384830987,-0.8950736723,0.0810906487,,,,
13663,0.0,1066.817505,1821.206543,1766.701294,0.3814919125,-0.9208565696,0.0805425292,,,,
13664,0.0,1069.388306,1820.444946,1766.701294,0.3251798734,-0.9422159789,0.0805425292,,,,
13665,0.0,1072.100342,1819.608521,1766.701294,0.2756777191,-0.9577913475,0.0814710371,,,,
13666,0.0,1074.552979,1818.831055,1766.701294,0.2427167969,-0.9666099489,0.0821812827,,,,
13667,0.0,1077.75647,1817.733887,1766.701294,0.1922387958,-0.9778141127,0.0832094132,,,,
13668,0.0,1080.92688,1816.509277,1766.701294,0.144178323,-0.9860301934,0.0834090457,,,,
13669,0.0,1085.610229,1814.499268,1766.701294,0.1054001471,-0.9909256971,0.0834090631,,,,
13670,0.0,1087.379089,1813.6553345,1766.701294,0.0965918394,-0.9917835563,0.0834090631,,,,
13671,0.0,1089.147949,1812.811401,1766.701294,0.0877835316,-0.9926414155,0.0834090631,,,,
13672,0.0,1091.24939,1811.743652,1766.701294,0.0838858628,-0.9929783936,0.0834090631,,,,
13673,0.0,1093.964478,1810.275391,1766.701294,0.082737576,-0.9930747312,0.0834090631,,,,
13674,0.0,1097.065186,1808.563232,1766.701294,0.082737576,-0.9930747312,0.0834090631,,,,
13675,0.0,1101.789307,1805.741699,1766.701294,0.082737576,-0.9930747312,0.0834090631,,,,
13676,0.0,1103.2503665,1804.8277585,1766.701294,0.082737576,-0.9930747312,0.0834090631,,,,
13677,0.0,1106.543213,1802.72937,1766.701294,0.082737576,-0.9930747312,0.0834090631,,,,
13678,0.0,1109.431274,1800.813354,1766.701294,0.082737576,-0.9930747312,0.0834090631,,,,
13679,0.0,1111.252441,1799.578247,1766.701294,0.082737576,-0.9930747312,0.0834090631,,,,
13680,0.0,1114.530273,1797.29834,1766.701294,0.082737576,-0.9930747312,0.0834090631,,,,
13681,0.0,1115.972046,1796.261108,1766.701294,0.0821241138,-0.9931256507,0.0834090631,,,,
13682,0.0,1119.380127,1793.811035,1766.701294,0.0809353368,-0.9932232389,0.0834090457,,,,
13683,0.0,1121.687866,1792.115845,1766.701294,0.0784977461,-0.9933531436,0.0841880986,,,,
13684,0.0,1123.275024,1790.911255,1766.701294,0.0751214778,-0.9935180864,0.0853145681,,,,
13685,0.0,1126.669189,1788.34668,1766.701294,0.0696842603,-0.9937569295,0.0871278889,,,,
13686,0.0,1128.76355,1786.732422,1766.701294,0.0598847941,-0.9942572441,0.0886924124,,,,
13687,0.0,1130.784424,1785.153198,1766.701294,0.0512983135,-0.994583254,0.090402621,,,,
13688,0.0,1133.699707,1782.852783,1766.701294,0.0380935969,-0.9950392434,0.0919009359,,,,
13689,0.0,1135.589844,1781.16272,1766.701294,0.0282392935,-0.995224519,0.0934382104,,,,
13690,0.0,1137.505493,1779.223145,1766.701294,0.017456186,-0.9953017259,0.0952352668,,,,
13691,0.0,1139.2229,1777.263184,1766.701294,0.0075864981,-0.9952577933,0.0969761304,,,,
13692,0.0,1141.267578,1774.52771,1766.701294,-0.0042461779,-0.9950697581,0.0990865604,,,,
13693,0.0,1142.682251,1772.462646,1766.701294,-0.0105013313,-0.9949128523,0.1001905101,,,,
13694,0.0,1144.102051,1770.258301,1766.701294,-0.0181494085,-0.994712633,0.1010810408,,,,
13695,0.0,1145.714355,1767.078125,1766.701294,-0.0302247501,-0.9942822993,0.1024166673,,,,
13696,0.0,1146.76416,1764.825073,1766.701294,-0.0362942271,-0.9940706089,0.1025005057,,,,
13697,0.0,1147.951416,1762.023926,1766.701294,-0.0410009436,-0.9938876056,0.1025004883,,,,
13698,0.0,1148.163269,1761.5045775,1766.701294,-0.041366674,-0.9938723824,0.102500497,,,,
13699,0.0,1148.375122,1760.985229,1766.701294,-0.0417324043,-0.9938571591,0.1025005057,,,,
13700,0.0,1150.622803,1754.411621,1766.701294,-0.0424262546,-0.9938277815,0.1025005057,,,,
13701,0.0,1151.328979,1751.878906,1766.701294,-0.0427889823,-0.9938122322,0.1025004883,,,,
13702,0.0,1152.055542,1748.984131,1766.701294,-0.0432195926,-0.9937935986,0.1025004883,,,,
13703,0.0,1152.885376,1745.257202,1766.701294,-0.0451879352,-0.9937060433,0.1025004883,,,,
13704,0.0,1153.305664,1743.007568,1766.701294,-0.047371241,-0.99353215,0.1031980254,,,,
13705,0.0,1153.74585,1740.406738,1766.701294,-0.0499261207,-0.9933804008,0.1034541529,,,,
13706,0.0,1154.298584,1736.69458,1766.701294,-0.0526907761,-0.9932375951,0.1034541529,,,,
13707,0.0,1154.585571,1734.510376,1766.701294,-0.0540970118,-0.9931619984,0.1034541356,,,,
13708,0.0,1155.023438,1730.821167,1766.701294,-0.054803859,-0.9931232446,0.1034541356,,,,
13709,0.0,1155.247925,1728.711548,1766.701294,-0.054803859,-0.9931232446,0.1034541356,,,,
13710,0.0,1155.587769,1725.013916,1766.701294,-0.054803859,-0.9931232446,0.1034541356,,,,
13711,0.0,1155.782593,1722.572998,1766.701294,-0.054803859,-0.9931232446,0.1034541356,,,,
13712,0.0,1156.012207,1719.113647,1766.701294,-0.054803859,-0.9931232446,0.1034541356,,,,
13713,0.0,1156.224121,1715.41626,1766.701294,-0.054803859,-0.9931232446,0.1034541356,,,,
13714,0.0,1156.445068,1710.227783,1766.701294,-0.054803859,-0.9931232446,0.1034541356,,,,
13715,0.0,1156.506958,1708.1906125,1766.701294,-0.054803859,-0.9931232446,0.1034541356,,,,
13716,0.0,1156.609985,1704.246094,1766.701294,-0.054803859,-0.9931232446,0.1034541356,,,,
13717,0.0,1156.644592,1702.1501465,1766.701294,-0.054803859,-0.9931232446,0.1034541356,,,,
13718,0.0,1156.697266,1697.602539,1766.701294,-0.0555278716,-0.9930450767,0.1038177784,,,,
13719,0.0,1156.6968385,1695.8207395,1766.701294,-0.0560697795,-0.9929859496,0.1040899248,,,,
13720,0.0,1156.672241,1691.409546,1766.701294,-0.0592823905,-0.9926978828,0.1050548029,,,,
13721,0.0,1156.592651,1687.890625,1766.701294,-0.0655317391,-0.9921828244,0.1062018553,,,,
13722,0.0,1156.497192,1684.762329,1766.701294,-0.07213443,-0.9917125864,0.1063144859,,,,
13723,0.0,1156.390747,1681.819458,1766.701294,-0.0784437666,-0.9911472806,0.1071150956,,,,
13724,0.0,1156.273804,1679.180054,1766.757446,-0.0846575318,-0.9906193682,0.1072677476,,,,
13725,0.0,1156.129883,1675.843384,1766.880737,-0.0904856083,-0.9901040274,0.1072677476,,,,
13726,0.0,1155.977173,1672.569092,1767.086548,-0.0955834343,-0.9896248973,0.1072677476,,,,
13727,0.0,1155.802368,1669.682373,1767.311401,-0.1023253569,-0.9889505286,0.1072677649,,,,
13728,0.0,1155.75293,1668.897095,1767.370239,-0.1042346189,-0.9887511186,0.1072677476,,,,
13729,0.0,1155.379028,1663.543579,1767.770508,-0.1169504712,-0.9873278167,0.1072677476,,,,
13730,0.0,1155.091919,1660.372314,1768.009033,-0.1287490141,-0.985936903,0.1065463028,,,,
13731,0.0,1154.67627,1656.495605,1768.300903,-0.1464881712,-0.9836819299,0.1044560988,,,,
13732,0.0,1154.378662,1653.298706,1768.540405,-0.1522682002,-0.982808947,0.1044077051,,,,
13733,0.0,1154.190308,1651.468872,1768.614624,-0.155917604,-0.982269659,0.1040961951,,,,
13734,0.0,1153.770142,1647.388794,1768.682983,-0.1615228204,-0.9814180566,0.1035807733,,,,
13735,0.0,1153.348999,1643.490723,1768.704346,-0.1660736668,-0.9806715959,0.1034541356,,,,
13736,0.0,1152.970337,1640.054688,1768.701294,-0.1674793749,-0.9805182442,0.1026383539,,,,
13737,0.0,1152.57251,1636.521484,1768.701294,-0.1676178189,-0.9805090072,0.1025005057,,,,
13738,0.0,1152.137573,1632.829224,1768.701294,-0.1676178189,-0.9805090072,0.1025005057,,,,
13739,0.0,1151.777466,1629.90625,1768.701294,-0.1676178189,-0.9805090072,0.1025005057,,,,
13740,0.0,1151.287354,1626.015991,1768.701294,-0.1676178189,-0.9805090072,0.1025005057,,,,
13741,0.0,1150.782471,1622.129028,1768.701294,-0.1676178189,-0.9805090072,0.1025005057,,,,
13742,0.0,1150.291016,1618.467651,1768.701294,-0.1676178189,-0.9805090072,0.1025005057,,,,
13743,0.0,1149.794067,1614.849976,1768.701294,-0.1676178189,-0.9805090072,0.1025005057,,,,
13744,0.0,1149.234375,1610.859863,1768.701294,-0.1676178189,-0.9805090072,0.1025005057,,,,
13745,0.0,1148.722778,1607.283569,1768.408081,-0.1676178189,-0.9805090072,0.1025005057,,,,
13746,0.0,1148.175171,1603.514771,1768.033447,-0.1676178189,-0.9805090072,0.1025005057,,,,
13747,0.0,1147.738403,1600.55957,1767.737793,-0.1676178189,-0.9805090072,0.1025005057,,,,
13748,0.0,1147.109619,1596.334473,1767.31543,-0.1676178189,-0.9805090072,0.1025005057,,,,
13749,0.0,1146.505615,1592.38269,1766.9198,-0.1684934295,-0.9803589174,0.102500523,,,,
13750,0.0,1145.966431,1588.858765,1766.567261,-0.168557782,-0.9803478569,0.1025005057,,,,
13751,0.0,1145.468262,1585.638184,1766.245239,-0.168557782,-0.9803478569,0.1025005057,,,,
13752,0.0,1144.930908,1582.18103,1765.899414,-0.168557782,-0.9803478569,0.1025005057,,,,
13753,0.0,1144.30127,1578.159302,1765.497437,-0.168557782,-0.9803478569,0.1025005057,,,,
13754,0.0,1143.713135,1574.44397,1765.125732,-0.168557782,-0.9803478569,0.1025005057,,,,
13755,0.0,1142.491089,1566.799194,1764.613647,-0.1685268495,-0.9801679504,0.1042568464,,,,
13756,0.0,1141.937256,1563.325195,1764.607788,-0.1677783453,-0.9802008742,0.1051507156,,,,
13757,0.0,1141.59198,1561.1645505,1764.6226805,-0.1671961987,-0.980091835,0.1070581024,,,,
13758,0.0,1140.65625,1555.272339,1764.639404,-0.1647042225,-0.9798718697,0.1127991048,,,,
13759,0.0,1140.4005735,1553.664795,1764.644348,-0.1639664344,-0.9798529934,0.1140222737,,,,
13760,0.0,1139.526245,1548.192017,1764.666138,-0.1618959712,-0.9797963096,0.1174260886,,,,
13761,0.0,1138.969849,1544.652466,1764.690674,-0.1594717749,-0.979886757,0.119961229,,,,
13762,0.0,1138.360962,1540.648193,1764.697632,-0.1545761692,-0.9801694158,0.1239924366,,,,
13763,0.0,1137.763916,1536.740845,1764.697266,-0.1504447589,-0.9802983894,0.1279900086,,,,
13764,0.0,1137.370239,1534.115967,1764.697266,-0.1471462712,-0.9805270135,0.1300567207,,,,
13765,0.0,1136.737061,1529.987549,1764.697266,-0.1440116195,-0.980664582,0.1325052116,,,,
13766,0.0,1136.130493,1525.974121,1764.697144,-0.1407940456,-0.9808816927,0.134343372,,,,
13767,0.0,1135.668091,1522.918457,1764.697266,-0.1387572841,-0.9810318756,0.1353620154,,,,
13768,0.0,1135.02417,1518.613525,1764.697266,-0.135617042,-0.9812017283,0.1372996222,,,,
13769,0.0,1134.399536,1514.412964,1764.697266,-0.1332057529,-0.9814737823,0.1377150754,,,,
13770,0.0,1133.879883,1510.838745,1764.697266,-0.130508587,-0.9815920919,0.1394434433,,,,
13771,0.0,1133.29834,1506.901489,1764.697266,-0.1293384087,-0.9817227234,0.1396140049,,,,
13772,0.0,1133.005615,1504.83606,1764.697144,-0.1277135688,-0.981844259,0.1402536821,,,,
13773,0.0,1132.238647,1499.44812,1764.697266,-0.1246296713,-0.9820633794,0.141488388,,,,
13774,0.0,1131.826416,1496.486328,1764.697266,-0.1225491504,-0.9822242694,0.1421871669,,,,
13775,0.0,1131.320068,1492.764771,1764.697266,-0.1195404217,-0.982449094,0.1431917081,,,,
13776,0.0,1130.746094,1488.440186,1764.697266,-0.1153811855,-0.9829143621,0.1434103863,,,,
13777,0.0,1130.302124,1485.13208,1764.697266,-0.1135733762,-0.9831248875,0.1434104036,,,,
13778,0.0,1129.872681,1481.75,1764.697144,-0.1097473055,-0.9835593475,0.1434103863,,,,
13779,0.0,1129.394287,1477.875977,1764.697266,-0.1048193011,-0.9839911404,0.1441330972,,,,
13780,0.0,1128.905273,1473.78894,1764.697266,-0.0995195973,-0.9845081434,0.1443591543,,,,
13781,0.0,1128.409668,1469.676758,1764.697266,-0.0953788686,-0.9849179184,0.1443591543,,,,
13782,0.0,1128.080322,1466.758423,1764.697266,-0.0908316994,-0.9853476731,0.1443591543,,,,
13783,0.0,1127.723267,1463.15332,1764.697266,-0.0813550252,-0.9861753391,0.144359137,,,,
13784,0.0,1127.302368,1458.968872,1764.697266,-0.0728104226,-0.9867302003,0.1451280612,,,,
13785,0.0,1126.974121,1455.300171,1764.697266,-0.0626375013,-0.9874017367,0.1453077895,,,,
13786,0.0,1126.661011,1451.731812,1764.697266,-0.0544030357,-0.98776749,0.1461358798,,,,
13787,0.0,1126.309448,1447.862549,1764.697266,-0.0484011452,-0.9879525507,0.1469934922,,,,
13788,0.0,1125.982422,1443.946533,1764.697266,-0.0411013957,-0.9881430286,0.1479325196,,,,
13789,0.0,1125.651978,1439.482666,1764.697266,-0.031688653,-0.9883146472,0.1490972412,,,,
13790,0.0,1125.424072,1436.478394,1764.697266,-0.0278829993,-0.9884287757,0.1491009517,,,,
13791,0.0,1125.209106,1433.198364,1764.697266,-0.0219142429,-0.9885209555,0.1494860744,,,,
13792,0.0,1124.925903,1428.815796,1764.697266,-0.0155719558,-0.9885673161,0.1499739168,,,,
13793,0.0,1124.724609,1425.424561,1764.697266,-0.0103977649,-0.9885174341,0.1507486948,,,,
13794,0.0,1124.53125,1421.63562,1764.697266,-0.0046658006,-0.9884149879,0.1517037968,,,,
13795,0.0,1124.230469,1414.333984,1764.697266,0.0087545153,-0.9880910179,0.153621284,,,,
13796,0.0,1124.1602175,1411.963562,1764.697266,0.013891601,-0.9879595838,0.1540010812,,,,
13797,0.0,1124.089966,1409.59314,1764.697266,0.0190286868,-0.9878281498,0.1543808783,,,,
13798,0.0,1124.016724,1405.976196,1764.697266,0.027200236,-0.9875658224,0.1548350531,,,,
13799,0.0,1123.920654,1402.18457,1764.697266,0.0314493785,-0.9874323903,0.1548812809,,,,
13800,0.0,1123.78772,1397.34668,1764.697266,0.032010028,-0.9874143691,0.1548813154,,,,
13801,0.0,1123.660278,1390.842529,1764.697266,0.0327660408,-0.9873895736,0.1548812981,,,,
13802,0.0,1123.606201,1387.202637,1764.697266,0.0327660408,-0.9873895736,0.1548812981,,,,
13803,0.0,1123.562744,1383.211304,1764.697266,0.0327660408,-0.9873895736,0.1548812981,,,,
13804,0.0,1123.544678,1380.466309,1764.697144,0.0327660408,-0.9873895736,0.1548812981,,,,
13805,0.0,1123.526367,1376.566162,1764.697144,0.0327660408,-0.9873895736,0.1548812981,,,,
13806,0.0,1123.518188,1372.44751,1764.697266,0.0327660408,-0.9873895736,0.1548812981,,,,
13807,0.0,1123.524048,1368.994995,1764.697266,0.0327660408,-0.9873895736,0.1548812981,,,,
13808,0.0,1123.54248,1364.578613,1764.697266,0.0327660408,-0.9873895736,0.1548812981,,,,
13809,0.0,1123.566528,1361.291504,1764.697266,0.0327660408,-0.9873895736,0.1548812981,,,,
13810,0.0,1123.599854,1357.318726,1764.697266,0.0327660408,-0.9873895736,0.1548812981,,,,
13811,0.0,1123.640015,1353.468262,1764.697266,0.0327660408,-0.9873895736,0.1548812981,,,,
13812,0.0,1123.69165,1349.462402,1764.697266,0.0327660408,-0.9873895736,0.1548812981,,,,
13813,0.0,1123.743652,1345.862061,1764.697266,0.0327660408,-0.9873895736,0.1548812981,,,,
13814,0.0,1123.791992,1342.872925,1764.697266,0.0327660408,-0.9873895736,0.1548812981,,,,
13815,0.0,1123.867676,1338.41748,1764.697266,0.0327660408,-0.9873895736,0.1548812981,,,,
13816,0.0,1123.933228,1334.851807,1764.697266,0.0327660408,-0.9873895736,0.1548812981,,,,
13817,0.0,1124.004028,1331.271606,1764.697266,0.0327660408,-0.9873895736,0.1548812981,,,,
13818,0.0,1124.077515,1327.720215,1764.697266,0.0327660408,-0.9873895736,0.1548812981,,,,
13819,0.0,1124.153931,1324.221313,1764.697144,0.0327660408,-0.9873895736,0.1548812981,,,,
13820,0.0,1124.250488,1319.949097,1764.697266,0.0327660408,-0.9873895736,0.1548812981,,,,
13821,0.0,1124.33374,1316.377808,1764.694946,0.0327660408,-0.9873895736,0.1548812981,,,,
13822,0.0,1124.423218,1312.731445,1764.688721,0.0327660408,-0.9873895736,0.1548812981,,,,
13823,0.0,1124.530884,1308.414429,1764.626221,0.0327660408,-0.9873895736,0.1548812981,,,,
13824,0.0,1124.601196,1305.680542,1764.48291,0.0327660408,-0.9873895736,0.1548812981,,,,
13825,0.0,1124.701538,1301.876953,1764.216553,0.0327660408,-0.9873895736,0.1548812981,,,,
13826,0.0,1124.815674,1297.605957,1763.907715,0.0327660408,-0.9873895736,0.1548812981,,,,
13827,0.0,1124.915161,1293.951294,1763.657104,0.0327660408,-0.9873895736,0.1548812981,,,,
13828,0.0,1125.040527,1289.463257,1763.368164,0.0327660408,-0.9873895736,0.1548812981,,,,
13829,0.0,1125.0675045,1288.5011595,1763.310852,0.0327660408,-0.9873895736,0.1548812981,,,,
13830,0.0,1125.094482,1287.539062,1763.25354,0.0327660408,-0.9873895736,0.1548812981,,,,
13831,0.0,1125.301636,1280.367798,1762.805176,0.0327660408,-0.9873895736,0.1548812981,,,,
13832,0.0,1125.462158,1274.866089,1762.292358,0.0327660408,-0.9873895736,0.1548812981,,,,
13833,0.0,1125.558716,1271.629517,1761.909912,0.0327660408,-0.9873895736,0.1548812981,,,,
13834,0.0,1125.686279,1267.367798,1761.390625,0.0327660408,-0.9873895736,0.1548812981,,,,
13835,0.0,1125.807861,1263.349976,1760.766113,0.0327660408,-0.9873895736,0.1548812981,,,,
13836,0.0,1125.904907,1260.167969,1760.194092,0.0327660408,-0.9873895736,0.1548812981,,,,
13837,0.0,1126.039062,1255.795654,1759.373291,0.0327660408,-0.9873895736,0.1548812981,,,,
13838,0.0,1126.157837,1251.958008,1758.561035,0.0327660408,-0.9873895736,0.1548812981,,,,
13839,0.0,1126.275757,1248.165894,1757.681274,0.0327660408,-0.9873895736,0.1548812981,,,,
13840,0.0,1126.391846,1244.453125,1756.844971,0.0327660408,-0.9873895736,0.1548812981,,,,
13841,0.0,1126.596436,1237.953247,1755.449341,0.0327660408,-0.9873895736,0.1548812981,,,,
13842,0.0,1126.669678,1235.6400755,1754.9401855,0.0327660408,-0.9873895736,0.1548812981,,,,
13843,0.0,1126.74292,1233.326904,1754.43103,0.0327660408,-0.9873895736,0.1548812981,,,,
13844,0.0,1126.857544,1229.725342,1753.611572,0.0327660408,-0.9873895736,0.1548812981,,,,
13845,0.0,1126.8684326,1229.3914308,1753.5320554,0.032808193,-0.9873881698,0.1548813016,,,,
13846,0.0,1126.8793212,1229.0575196,1753.4525388,0.0328503453,-0.9873867659,0.154881305,,,,
13847,0.0,1126.8902098,1228.7236084,1753.3730222,0.0328924975,-0.9873853621,0.1548813085,,,,
13848,0.0,1126.9010984,1228.3896972,1753.2935056,0.0329346498,-0.9873839582,0.1548813119,,,,
13849,0.0,1126.911987,1228.055786,1753.213989,0.032976802,-0.9873825544,0.1548813154,,,,
13850,0.0,1126.911987,1228.055786,1753.213989,0.4575703348,-0.8757475072,0.1539340519,,,,
13851,0.0,1127.535645,1208.381592,1747.421265,0.4827276684,-0.8623213167,0.1528919384,,,,
13852,0.0,1126.710693,1197.720459,1744.157471,0.2538516309,-0.9543615557,0.157332039,,,,
13853,0.0,1126.136108,1193.867188,1742.941162,0.3075327205,-0.9385203737,0.1568538615,,,,
13854,0.0,1125.551147,1190.369263,1741.838989,0.3593096695,-0.9200965876,0.1559449611,,,,
13855,0.0,1124.901855,1187.143555,1740.830933,0.4060550836,-0.9006033335,0.155025497,,,,
13856,0.0,1124.185059,1183.806274,1739.777344,0.4496097445,-0.8798308848,0.1541061056,,,,
13857,0.0,1123.379272,1180.341187,1738.715088,0.4788227567,-0.8644668897,0.1530547755,,,,
13858,0.0,1122.570923,1176.832275,1737.588135,0.507238364,-0.8482186286,0.1524283446,,,,
13859,0.0,1121.683472,1173.118774,1736.372559,0.5301905055,-0.8341450708,0.151986936,,,,
13860,0.0,1120.900513,1169.71814,1735.221558,0.5525983689,-0.819557222,0.1515288836,,,,
13861,0.0,1119.827271,1164.71936,1733.502686,0.580875094,-0.7998939728,0.1508434867,,,,
13862,0.0,1119.689941,1163.75769,1733.217651,0.5846628793,-0.7971679452,0.1506405814,,,,
13863,0.0,1119.679077,1163.6560055,1733.189392,0.5851802024,-0.7967932642,0.1506128021,,,,
13864,0.0,1119.593628,1162.548706,1732.897583,0.5918772774,-0.7918999754,0.1502521794,,,,
13865,0.0,1119.523315,1161.849365,1732.70459,0.5955930346,-0.7891473873,0.1500511192,,,,
13866,0.0,1116.05127,1144.784912,1727.300903,0.6211094905,-0.7693993289,0.1491565401,,,,
13867,0.0,1115.035522,1139.38208,1725.595093,0.6239817554,-0.7670825738,0.1491009517,,,,
13868,0.0,1114.655762,1136.254761,1724.55249,0.6263022367,-0.7651891364,0.1491009517,,,,
13869,0.0,1114.117188,1132.611938,1723.502319,0.6284183601,-0.7634522027,0.149100969,,,,
13870,0.0,1113.623047,1129.10376,1722.494385,0.6311960455,-0.7613200668,0.1482676903,,,,
13871,0.0,1113.166504,1125.727783,1721.52356,0.6338266274,-0.7591538266,0.1481528732,,,,
13872,0.0,1112.665649,1121.76001,1720.388306,0.6359093281,-0.757498706,0.1476991432,,,,
13873,0.0,1112.26123,1118.603027,1719.481445,0.6369999784,-0.7566491277,0.1473537414,,,,
13874,0.0,1111.751587,1114.433472,1718.270508,0.6388642095,-0.7551048374,0.1472046412,,,,
13875,0.0,1111.273926,1110.228394,1717.020508,0.6408767781,-0.7533974775,0.1472046067,,,,
13876,0.0,1110.897583,1106.901001,1716.092407,0.6416571959,-0.7528622834,0.1465415476,,,,
13877,0.0,1110.496582,1103.062622,1715.058228,0.6430200115,-0.7517541966,0.1462562567,,,,
13878,0.0,1110.116699,1099.249146,1714.019775,0.6433437794,-0.7514771346,0.146256274,,,,
13879,0.0,1109.643799,1094.628052,1712.751221,0.6433437794,-0.7514771346,0.146256274,,,,
13880,0.0,1109.357544,1091.720459,1711.953857,0.6433437794,-0.7514771346,0.146256274,,,,
13881,0.0,1109.039673,1088.147339,1710.979492,0.6433437794,-0.7514771346,0.146256274,,,,
13882,0.0,1108.584473,1083.286133,1709.644531,0.6433437794,-0.7514771346,0.146256274,,,,
13883,0.0,1108.248047,1079.490967,1708.594238,0.6433437794,-0.7514771346,0.146256274,,,,
13884,0.0,1108.006836,1076.709229,1707.799194,0.6433437794,-0.7514771346,0.146256274,,,,
13885,0.0,1107.694214,1072.914795,1706.712646,0.6433437794,-0.7514771346,0.146256274,,,,
13886,0.0,1107.386963,1069.325317,1705.683716,0.6433437794,-0.7514771346,0.146256274,,,,
13887,0.0,1107.024902,1064.976685,1704.439209,0.6433437794,-0.7514771346,0.146256274,,,,
13888,0.0,1106.786255,1061.839844,1703.546387,0.6433437794,-0.7514771346,0.146256274,,,,
13889,0.0,1106.422485,1057.356812,1702.261719,0.6433437794,-0.7514771346,0.146256274,,,,
13890,0.0,1106.095215,1053.174805,1701.107788,0.6433437794,-0.7514771346,0.146256274,,,,
13891,0.0,1105.799683,1049.317627,1700.213013,0.6433437794,-0.7514771346,0.146256274,,,,
13892,0.0,1105.48584,1045.551758,1699.442383,0.6433437794,-0.7514771346,0.146256274,,,,
13893,0.0,1105.225342,1042.663086,1698.852539,0.6433437794,-0.7514771346,0.146256274,,,,
13894,0.0,1104.891357,1038.915894,1698.086304,0.6433437794,-0.7514771346,0.146256274,,,,
13895,0.0,1104.551025,1035.063354,1697.298706,0.6433437794,-0.7514771346,0.146256274,,,,
13896,0.0,1104.173584,1030.751709,1696.41687,0.6433437794,-0.7514771346,0.146256274,,,,
13897,0.0,1103.835938,1026.845093,1695.617554,0.6433437794,-0.7514771346,0.146256274,,,,
13898,0.0,1103.665039,1024.856201,1695.208008,0.6433437794,-0.7514771346,0.146256274,,,,
13899,0.0,1103.220825,1019.64447,1694.129272,0.6433437794,-0.7514771346,0.146256274,,,,
13900,0.0,1102.881226,1015.639282,1693.297485,0.6433437794,-0.7514771346,0.146256274,,,,
13901,0.0,1102.651123,1012.902893,1692.726685,0.6433437794,-0.7514771346,0.146256274,,,,
13902,0.0,1102.319214,1009.383118,1691.996704,0.640058728,-0.754277089,0.146256274,,,,
13903,0.0,1101.660645,1004.268616,1690.97583,0.6167842241,-0.7744794091,0.1405662326,,,,
13904,0.0,1101.075684,1000.06958,1690.195801,0.5923838584,-0.7941581358,0.1356252913,,,,
13905,0.0,1100.44104,996.64093,1689.669556,0.5528030568,-0.8232874613,0.1288663511,,,,
13906,0.0,1099.646973,993.161316,1689.069336,0.478709912,-0.8695779954,0.1211236147,,,,
13907,0.0,1099.063721,990.081543,1688.422852,0.4219538202,-0.8991767757,0.1159141913,,,,
13908,0.0,1097.895508,985.954529,1687.603394,0.3009353679,-0.9471000999,0.1115316324,,,,
13909,0.0,1097.741455,982.936035,1686.964355,0.1735683754,-0.9785889716,0.1106238842,,,,
13910,0.0,1097.704224,980.235718,1686.403931,0.0866100543,-0.9901214533,0.1102642562,,,,
13911,0.0,1096.194946,976.947083,1685.685669,-0.0681982904,-0.9916539707,0.1094138725,,,,
13912,0.0,1094.71167,974.053406,1684.994507,-0.2234078313,-0.9685917532,0.1091739741,,,,
13913,0.0,1093.522705,971.098877,1684.243652,-0.3638282064,-0.9250459899,0.1091739568,,,,
13914,0.0,1092.968872,969.488159,1683.867188,-0.4355239726,-0.8935322651,0.1091739915,,,,
13915,0.0,1092.39209,966.132324,1683.164795,-0.5340972465,-0.8383443056,0.1091739741,,,,
13916,0.0,1092.073975,963.396729,1682.798828,-0.6021382573,-0.7908922572,0.1091739741,,,,
13917,0.0,1091.813965,961.285156,1682.518188,-0.6545569847,-0.7480883669,0.1091739394,,,,
13918,0.0,1091.655151,958.380554,1682.152588,-0.7053101814,-0.7005809666,0.1082767626,,,,
13919,0.0,1091.574463,956.31543,1681.898438,-0.7331670097,-0.6714916089,0.1075414112,,,,
13920,0.0,1091.535522,953.031128,1681.513916,-0.7635123931,-0.636822157,0.1072677302,,,,
13921,0.0,1091.496826,950.385376,1681.213989,-0.7809055894,-0.6150537127,0.1090659935,,,,
13922,0.0,1091.472534,947.845581,1680.932861,-0.7924970998,-0.5997797938,0.1105103875,,,,
13923,0.0,1091.401489,944.45166,1680.561035,-0.808660271,-0.5772411105,0.1134075242,,,,
13924,0.0,1091.252441,941.38147,1680.226196,-0.822525859,-0.5561211398,0.1190818585,,,,
13925,0.0,1091.109985,938.863953,1679.957397,-0.8300085027,-0.5436323881,0.1246984848,,,,
13926,0.0,1090.924438,936.532532,1679.711304,-0.8319775648,-0.5402396374,0.1263109883,,,,
13927,0.0,1090.730469,934.2052,1679.473022,-0.8319775648,-0.5402396374,0.1263109883,,,,
13928,0.0,1090.384033,929.9375,1679.040039,-0.8319775648,-0.5402396374,0.1263109883,,,,
13929,0.0,1090.143555,926.965942,1678.738037,-0.8319775648,-0.5402396374,0.1263109883,,,,
13930,0.0,1089.755127,922.755066,1678.317139,-0.8319775648,-0.5402396374,0.1263109883,,,,
13931,0.0,1089.496826,921.129822,1678.158936,-0.8319775648,-0.5402396374,0.1263109883,,,,
13932,0.0,1089.022339,917.56427,1677.820923,-0.8319775648,-0.5402396374,0.1263109883,,,,
13933,0.0,1088.673706,915.084534,1677.590698,-0.8319775648,-0.5402396374,0.1263109883,,,,
13934,0.0,1088.215576,912.060425,1677.355103,-0.8319775648,-0.5402396374,0.1263109883,,,,
13935,0.0,1087.814087,909.401978,1677.187378,-0.8319775648,-0.5402396374,0.1263109883,,,,
13936,0.0,1087.236938,905.753723,1677.049927,-0.8319775648,-0.5402396374,0.1263109883,,,,
13937,0.0,1086.819092,903.257263,1676.99585,-0.8319775648,-0.5402396374,0.1263109883,,,,
13938,0.0,1086.346924,900.565125,1676.932251,-0.8319775648,-0.5402396374,0.1263109883,,,,
13939,0.0,1085.686523,896.757385,1676.844849,-0.8319775648,-0.5402396374,0.1263109883,,,,
13940,0.0,1085.188232,893.454224,1676.772583,-0.8319775648,-0.5402396374,0.1263109883,,,,
13941,0.0,1084.753906,890.354858,1676.706665,-0.8286017241,-0.5458318641,0.1244458075,,,,
13942,0.0,1084.448608,888.424438,1676.694702,-0.8293201568,-0.545158767,0.1225968849,,,,
13943,0.0,1083.805298,884.466614,1676.701294,-0.8305043678,-0.5439653684,0.1198506284,,,,
13944,0.0,1082.687866,879.310791,1676.701294,-0.8498404845,-0.5121221869,0.1245070943,,,,
13945,0.0,1082.011353,876.204407,1676.701294,-0.8592208957,-0.4956352209,0.1268273637,,,,
13946,0.0,1081.315918,873.004028,1676.701294,-0.8666964642,-0.4821115403,0.1280847443,,,,
13947,0.0,1080.970093,871.420349,1676.701294,-0.8694328262,-0.4769861243,0.1285954108,,,,
13948,0.0,1080.137207,867.656067,1676.701294,-0.8755075028,-0.465621484,0.1291636408,,,,
13949,0.0,1079.469971,864.777283,1676.701294,-0.8801636409,-0.4568664022,0.1287829791,,,,
13950,0.0,1078.638306,861.252563,1676.701294,-0.8843273095,-0.4488970536,0.1282834552,,,,
13951,0.0,1077.85437,858.235657,1676.701294,-0.8910550688,-0.4358960199,0.126552456,,,,
13952,0.0,1077.024902,855.236938,1676.701294,-0.8988276568,-0.4207580758,0.1227659769,,,,
13953,0.0,1076.123779,852.239014,1676.701294,-0.9087490737,-0.4001027015,0.1187137282,,,,
13954,0.0,1075.512451,850.301636,1676.701172,-0.9153736035,-0.3857073817,0.1154165571,,,,
13955,0.0,1074.738647,847.859192,1676.701172,-0.9223688913,-0.3699466124,0.111243572,,,,
13956,0.0,1073.638062,844.362488,1676.701172,-0.9284545539,-0.3556651596,0.1071187917,,,,
13957,0.0,1072.573242,841.159119,1676.701172,-0.9349030358,-0.3401798853,0.1011630328,,,,
13958,0.0,1071.851196,839.027893,1676.701172,-0.9380918968,-0.3323923074,0.0974625424,,,,
13959,0.0,1070.735229,835.82074,1676.701172,-0.9422702536,-0.3221494301,0.0913592575,,,,
13960,0.0,1069.623413,832.802673,1676.701172,-0.9468106162,-0.3106255489,0.0840322886,,,,
13961,0.0,1068.729736,830.416931,1676.701172,-0.9495295231,-0.3034372564,0.0794953842,,,,
13962,0.0,1067.385742,827.118591,1676.701172,-0.9566172062,-0.2830088025,0.0692064915,,,,
13963,0.0,1066.167725,824.15564,1676.701172,-0.9604966801,-0.2709618095,0.0634493913,,,,
13964,0.0,1065.563843,822.757385,1676.701172,-0.9628602241,-0.2631828164,0.0602909115,,,,
13965,0.0,1064.079956,819.356628,1676.701172,-0.9666707023,-0.2500392443,0.0550284441,,,,
13966,0.0,1062.748047,816.428772,1676.701172,-0.9706637499,-0.2354189746,0.0488854889,,,,
13967,0.0,1061.417358,813.628296,1676.701172,-0.9740342675,-0.222121092,0.0438117131,,,,
13968,0.0,1060.338989,811.359863,1676.701294,-0.9756494924,-0.2153925178,0.0414020683,,,,
13969,0.0,1058.87207,808.329712,1676.701172,-0.9778369723,-0.2059343628,0.03776101,,,,
13970,0.0,1057.163452,804.965149,1676.701172,-0.980137237,-0.1954553304,0.033588843,,,,
13971,0.0,1056.132568,802.994751,1676.701294,-0.9816305528,-0.1881384202,0.0317079278,,,,
13972,0.0,1054.53894,800.033203,1676.701172,-0.9835749883,-0.1781834173,0.0288255472,,,,
13973,0.0,1052.994995,797.173584,1676.701172,-0.9846464134,-0.1724548984,0.0270323629,,,,
13974,0.0,1051.490967,794.44696,1676.701172,-0.9855417667,-0.1675630847,0.0251005738,,,,
13975,0.0,1050.07312,791.939575,1676.701172,-0.9863375036,-0.1630837961,0.0232809901,,,,
13976,0.0,1048.672852,789.499512,1676.701172,-0.9869501718,-0.1594793135,0.0222644773,,,,
13977,0.0,1047.107544,786.822205,1676.701294,-0.987582341,-0.1556523488,0.0212947407,,,,
13978,0.0,1045.285034,783.755005,1676.701172,-0.9881509904,-0.1521524066,0.0201808145,,,,
13979,0.0,1043.768799,781.272095,1676.927002,-0.9888378642,-0.1477443101,0.0192690749,,,,
13980,0.0,1042.208618,778.748779,1677.477783,-0.9894229766,-0.1438951056,0.0183404448,,,,
13981,0.0,1040.597168,776.179382,1678.091309,-0.9899662927,-0.1401247751,0.0182150115,,,,
13982,0.0,1038.907715,773.538208,1678.728027,-0.990639817,-0.1353925543,0.0173668983,,,,
13983,0.0,1037.28772,771.077209,1679.336548,-0.991591557,-0.128358747,0.016438254,,,,
13984,0.0,1033.798828,766.729309,1680.288452,-0.993706088,-0.1108268542,0.0162978262,0.1491189421,695.1537717208,1323.1991737252,6.0
13985,0.0,1031.841919,764.748291,1679.779175,-0.9949425569,-0.0992262519,0.0156031863,0.1429314154,680.834752338,1321.4900480625,6.0
13986,0.0,1031.5825195,764.476013,1679.6341555,-0.9951154824,-0.0974823895,0.0154683932,0.141432885,677.1774351439,1320.8215168292,6.0
13987,0.0,1031.32312,764.203735,1679.489136,-0.995288408,-0.095738527,0.0153336001,0.1399343546,673.5201179497,1320.1529855959,6.0
13988,0.0,1027.143921,760.930908,1678.095947,-0.9977207667,-0.0659163106,0.0144330053,0.1258726071,639.7003556172,1317.077783685,6.0
13989,0.0,1023.792175,759.062988,1677.536865,-0.9993878696,-0.0331812411,0.0110856331,0.1098294163,598.2352505518,1312.9922483309,6.0
13990,0.0,1020.783386,757.580383,1677.263794,-0.9998621567,-0.0139262543,0.0090402984,0.1011901714,574.1589825733,1309.8521050491,6.0
13991,0.0,1017.435913,755.949585,1676.987793,-0.9999585533,0.0058987226,0.0069351847,0.0927254543,549.4094585165,1306.4417198551,6.0
13992,0.0,1014.707031,754.603088,1676.742188,-0.9997166363,0.0232531197,0.0050930931,0.0855158558,527.4454549537,1303.5519516183,6.0
13993,0.0,1011.63147,753.555969,1676.695312,-0.9989039564,0.046560785,0.0047936681,0.0761970296,497.8000310163,1300.1863527442,6.0
13994,0.0,1010.157227,753.171265,1676.701172,-0.9982935731,0.0582207226,0.0045043829,0.0714283732,481.8290317228,1298.194300524,6.0
13995,0.0,1005.745605,752.032104,1676.701294,-0.9967326874,0.0806786294,0.0038611649,0.0630520967,451.9269707261,1293.1816226394,6.0
13996,0.0,1002.666016,751.410217,1676.701294,-0.9951758945,0.0980317912,0.0038349502,0.0568737771,428.6879906559,1289.5398723463,6.0
13997,0.0,999.69928,750.905273,1676.701294,-0.9936281442,0.1126689942,0.0029679629,0.0519141832,408.9565689362,1285.9679163274,6.0
13998,0.0,996.990234,750.509705,1676.701294,-0.9922496753,0.1242268462,0.0028762114,0.0482032795,393.48445005,1282.8385116507,6.0
13999,0.0,994.743103,750.210999,1676.701294,-0.9908160943,0.1351906045,0.0026396503,0.0444486436,377.2751469332,1279.6592131609,6.0
14000,0.0,990.865906,749.636658,1676.701294,-0.9891946943,0.1465899361,0.0022907252,0.0409556182,361.1581043645,1275.024366493,6.0
14001,0.0,987.1922,749.084961,1676.701294,-0.9876815967,0.1564644092,0.0019879985,0.0381047189,347.4704528302,1270.8391573705,6.0
14002,0.0,983.652893,748.419556,1676.701294,-0.985212561,0.1713325292,0.0011721978,0.0340524435,327.7561030482,1266.7493277836,6.0
14003,0.0,980.190979,747.523804,1676.701294,-0.982999728,0.1836045087,0.0009587441,0.0308048345,310.9792459952,1262.634308081,6.0
14004,0.0,976.960632,746.591614,1676.701294,-0.9810356341,0.1938250901,0.0009587441,0.0282535535,297.1470486967,1258.9525119539,6.0
14005,0.0,974.190796,745.69342,1676.701294,-0.9793104144,0.2023615403,0.0009587441,0.0261372564,285.2124923374,1255.683158938,6.0
14006,0.0,970.484802,744.416321,1676.701294,-0.9775207465,0.2108370723,0.0009587441,0.0242433322,273.9494093435,1251.7208436342,6.0
14007,0.0,967.035889,743.121399,1676.701294,-0.9759627443,0.2179353171,0.0009587441,0.0226657587,264.1883482036,1247.9250007912,6.0
14008,0.0,964.851807,742.256653,1676.701294,-0.9749700967,0.2223339637,0.0009587441,0.0217189832,258.1764309593,1245.5261671774,6.0
14009,0.0,960.934814,740.603516,1676.701294,-0.9735831576,0.2283282941,0.0014231235,0.0203797616,249.283573166,1241.0896916322,6.0
14010,0.0,957.2948,739.013855,1676.701294,-0.9727134552,0.2320020323,0.0018950076,0.0196645709,244.1602702964,1237.2668626233,6.0
14011,0.0,953.94635,737.49707,1676.701294,-0.9715719764,0.2367271653,0.0028537316,0.0186744612,237.2758184113,1233.5351260373,6.0
14012,0.0,951.569641,736.379639,1676.701294,-0.9710462043,0.2388653685,0.0035503239,0.0182130214,233.8445390871,1230.8574194912,6.0
14013,0.0,948.126709,734.731506,1676.701294,-0.9701339242,0.2425271041,0.004557737,0.0174501076,228.2140099141,1226.9622024445,6.0
14014,0.0,944.185303,732.81073,1676.701294,-0.9687788207,0.247880248,0.0047936681,0.0164116264,220.5830202993,1222.5608681866,6.0
14015,0.0,940.917786,731.196228,1676.701294,-0.9673517038,0.2533735363,0.0057037051,0.015373049,212.904052259,1218.889904872,6.0
14016,0.0,939.138794,730.313599,1676.701294,-0.9660895283,0.2581209952,0.0066764631,0.0144440764,206.0179527996,1216.5196168883,6.0
14017,0.0,935.200989,728.338135,1676.701294,-0.964067088,0.2655319169,0.0082128512,0.0131922262,196.2391717049,1212.1286948689,6.0
14018,0.0,931.394775,726.410339,1676.701294,-0.9619938861,0.2729082439,0.0094262092,0.0119692613,186.3096428487,1207.7863327941,6.0
14019,0.0,928.49585,724.941956,1676.701294,-0.9595474452,0.2813207765,0.0112836632,0.0105442797,174.4350859174,1204.3653344506,6.0
14020,0.0,925.819824,723.579468,1676.701294,-0.9577831222,0.2872132571,0.0126505246,0.0096682339,166.681149271,1201.5730389752,6.0
14021,0.0,921.159058,721.177979,1676.701294,-0.9550808782,0.295996413,0.0143749616,0.0083921242,154.6947485498,1196.5688759561,6.0
14022,0.0,919.083984,720.115356,1676.701294,-0.9532512717,0.3017212814,0.0166217154,0.0075132492,146.1007443017,1194.1003095843,6.0
14023,0.0,915.169922,718.106689,1676.701294,-0.9507174496,0.3094342911,0.0196659748,0.0064973632,135.4274201458,1189.9525009618,6.0
14024,0.0,911.967529,716.481079,1676.917114,-0.9479095168,0.3177011989,0.0230975355,0.0054330593,123.5151947726,1186.5167008601,6.0
14025,0.0,909.302002,715.132141,1678.102661,-0.9450786277,0.3257604557,0.0265803106,0.0044188332,111.1106670706,1183.2247685864,6.0
14026,0.0,905.601379,713.256897,1680.814697,-0.9423141115,0.333389893,0.0299214724,0.0035659464,99.4941172541,1179.1865432649,6.0
14027,0.0,901.823181,711.351685,1683.353882,-0.9392068242,0.3416473258,0.0341708378,0.0027345503,86.8230404394,1174.8275828979,6.0
14028,0.0,896.446045,708.71875,1686.949463,-0.932405828,0.3590725422,0.0410643553,0.0013849484,61.4728684245,1168.4283939751,6.0
14029,0.0,892.425659,706.771179,1689.624756,-0.9280813006,0.3696229833,0.0452100624,0.0008165175,47.0264417251,1163.9465819961,6.0
14030,0.0,889.196411,705.22345,1691.776123,-0.9243851721,0.3784268684,0.0480120709,0.0004676252,35.477215772,1160.2093106792,6.0
14031,0.0,887.3986205,704.406891,1692.982361,-0.9207407015,0.3868011715,0.0503254562,0.0002726459,24.939908953,1157.9177640849,6.0
14032,0.0,885.60083,703.590332,1694.188599,-0.9170962309,0.3951754745,0.0526388415,7.76666e-05,14.402602134,1155.6262174906,6.0
14033,0.0,879.357544,700.784363,1698.350952,-0.9063228741,0.4185275656,0.0584253783,0.0001854712,22.1230929746,1148.7162972664,6.0
14034,0.0,877.3057555,699.9326175,1699.7285155,-0.9004314006,0.4304513559,0.0612382597,0.0006277956,37.5197205305,1146.4224316143,6.0
14035,0.0,872.277405,698.127258,1703.108276,-0.8863434085,0.4581497029,0.0670388835,0.0021250793,74.3369001488,1140.8609980369,6.0
14036,0.0,868.599365,697.048462,1705.566284,-0.8783373261,0.4729136573,0.0698298948,0.0034466675,94.3281438762,1137.1064794405,6.0
14037,0.0,865.485352,696.411926,1707.653931,-0.8709667072,0.485968341,0.0724690727,0.0049442909,112.6092976983,1133.8216109187,6.0
14038,0.0,862.269714,695.989197,1709.814209,-0.8621158353,0.5010894979,0.0752701912,0.0070326219,133.824493355,1130.3862859956,6.0
14039,0.0,858.852417,695.801208,1712.120361,-0.8491361679,0.5222073519,0.079165965,0.0105572731,163.2906745978,1126.7298086066,6.0
14040,0.0,856.042114,695.79364,1714.01709,-0.8410428709,0.5347003727,0.0821121229,0.0131986921,181.9536435689,1123.6164501527,6.0
14041,0.0,852.555176,695.870544,1716.348267,-0.8339661354,0.5452697243,0.0847432168,0.0157003789,197.6601467379,1119.8514626591,6.0
14042,0.0,849.068604,696.126587,1718.686035,-0.8262495318,0.556564768,0.0868756019,0.0186524864,214.557748566,1116.0804727299,6.0
14043,0.0,846.438354,696.479004,1720.454102,-0.8215787304,0.5632062894,0.0883575991,0.0207446248,225.5305986104,1113.016913418,6.0
14044,0.0,842.822083,697.047791,1722.862671,-0.8175664757,0.5687994895,0.0897340435,0.022667887,234.7421048645,1108.7807187538,6.0
14045,0.0,839.369141,697.709534,1725.165039,-0.8136659962,0.5741994994,0.0907886646,0.0246315057,243.6349673675,1104.5110829852,6.0
14046,0.0,835.516602,698.69928,1727.742798,-0.8081978722,0.581540509,0.092880761,0.0274928743,256.0410334027,1099.4872753123,6.0
14047,0.0,833.004761,699.427551,1729.420654,-0.80500814,0.5857132459,0.0943498173,0.0292787336,263.307230089,1096.1602230927,6.0
14048,0.0,829.527405,700.542236,1731.738159,-0.8011330297,0.5907972585,0.0956267122,0.0315994745,272.191775894,1091.3858858674,6.0
14049,0.0,828.852783,700.770203,1732.183228,-0.8004201769,0.5917310235,0.0958224206,0.0325056785,275.5499320684,1089.5921025498,6.0
14050,0.0,828.852783,700.770203,1732.183228,-0.8004201769,0.5917310235,0.0958224206,0.0331303493,277.8190751276,1088.3316626692,6.0
14051,0.0,822.216858,703.837646,1736.593384,-0.7862045785,0.6098552666,0.0997943611,0.0404070464,303.7798548143,1079.5617349486,6.0
14052,0.0,818.360535,705.604797,1739.162842,-0.7812076393,0.616020097,0.1011625639,0.043600603,313.6291273148,1073.8444619699,6.0
14053,0.0,814.175171,707.5271,1741.938354,-0.7760913125,0.6222266064,0.1025491347,0.046935611,323.2283582747,1067.5787918767,6.0
14054,0.0,810.284729,709.317444,1744.510986,-0.7712022837,0.6280604623,0.1038609328,0.0502252169,332.2187103167,1061.6245500849,6.0
14055,0.0,806.825317,710.90918,1746.802612,-0.766327984,0.6337851069,0.1051563565,0.0535216678,340.8515665285,1056.0286198014,6.0
14056,0.0,803.234619,712.830811,1749.183716,-0.7609560857,0.6400614514,0.1061469453,0.0572103137,350.0684887235,1050.0330300464,6.0
14057,0.0,800.821472,714.338806,1750.796997,-0.7556194243,0.6460873332,0.107751768,0.0609166309,359.2784837598,1045.3579593967,6.0
14058,0.0,798.117981,715.998535,1752.593384,-0.7510328003,0.6512138657,0.1089506034,0.0643875581,367.1627682476,1040.0361995042,6.0
14059,0.0,794.747375,718.105652,1754.819702,-0.7470926381,0.6555794562,0.1098552077,0.0675681282,373.5888100478,1033.881632072,6.0
14060,0.0,791.543213,720.143188,1756.930176,-0.7440521406,0.6589252749,0.1104712366,0.0703837628,378.7616757336,1027.7661655464,6.0
14061,0.0,788.052307,722.47876,1759.226562,-0.7411576902,0.6620896268,0.1110072264,0.0733445047,383.7275801675,1020.7918455096,6.0
14062,0.0,785.060669,724.498962,1761.186279,-0.7397812603,0.6636150759,0.111079782,0.0752374059,386.2703708823,1015.0464227385,6.0
14063,0.0,781.446411,727.012268,1763.548218,-0.7388634919,0.6646367568,0.1110797993,0.0772539602,388.4088889109,1007.784841856,6.0
14064,0.0,779.274902,728.554382,1764.966431,-0.738354704,0.6650903435,0.1117459893,0.078408663,389.5011706466,1003.451131288,6.0
14065,0.0,775.789795,731.093445,1765.868774,-0.737202129,0.6663195438,0.1120325245,0.0804659807,391.4169308039,995.9454368583,6.0
14066,0.0,772.434204,733.57019,1765.699463,-0.7362564587,0.6673643236,0.1120325245,0.0820812667,392.5410367141,989.345401478,6.0
14067,0.0,769.676331,735.639893,1765.703369,-0.7362225164,0.6674017679,0.1120325245,0.0829938925,392.3234822903,983.5795446741,6.0
14068,0.0,766.555115,738.031372,1765.701294,-0.7356248355,0.6680604875,0.1120325245,0.0844482809,392.9125407381,976.9077226357,6.0
14069,0.0,763.614075,740.310669,1765.701294,-0.7355823105,0.6681073102,0.1120325245,0.0854160077,392.4910246123,970.5611063037,6.0
14070,0.0,758.530457,744.320435,1765.701294,-0.7355823105,0.6681073102,0.1120325245,0.0870020039,391.3954196684,959.3870535949,6.0
14071,0.0,755.342224,746.87738,1765.701294,-0.7355823105,0.6681073102,0.1120325245,0.0878787483,390.5504555834,952.7468099524,6.0
14072,0.0,752.576233,749.125977,1765.701294,-0.7351380382,0.668596122,0.1120325418,0.0889711734,390.1748472481,946.2393202702,6.0
14073,0.0,750.955536,750.464539,1765.701294,-0.7345838663,0.6692044364,0.1120325332,0.0897580155,390.19344837,942.3478065655,6.0
14074,0.0,746.813904,753.897095,1765.701294,-0.7332953868,0.6706165739,0.1120325245,0.0915982811,390.1446172312,933.1405406896,6.0
14075,0.0,744.9672545,755.447571,1765.701294,-0.7325249404,0.6714570896,0.1120325332,0.0925049611,390.2263724012,929.00306943,6.0
14076,0.0,741.381165,758.46637,1765.701294,-0.7308347822,0.6732972797,0.1120325592,0.0943100984,390.3167219009,920.6868544105,6.0
14077,0.0,738.823425,760.646362,1765.701294,-0.7289169769,0.6753730482,0.1120325245,0.0960102376,390.9224687835,914.3228135975,6.0
14078,0.0,736.242493,762.851868,1765.701294,-0.7279310997,0.6764355338,0.1120325072,0.0970182731,390.1954269102,908.1092431962,6.0
14079,0.0,733.674744,765.069519,1765.701294,-0.7266022026,0.6778627802,0.1120325418,0.098002401,389.337009643,901.783632942,6.0
14080,0.0,731.633484,766.838501,1765.701294,-0.7259479583,0.6784332817,0.1128177473,0.0985528505,388.2836246112,896.9585018559,6.0
14081,0.0,728.8974,769.235168,1765.701294,-0.7244515807,0.6798457366,0.1139284057,0.0996504683,387.5924912335,890.6743365428,6.0
14082,0.0,726.906616,770.99292,1765.701294,-0.7232722472,0.6809640958,0.1147395166,0.1003818072,387.0676681838,886.3928228694,6.0
14083,0.0,724.343506,773.415222,1765.701294,-0.7223364684,0.6817739452,0.1158201796,0.100954969,385.7282101685,880.9472836325,6.0
14084,0.0,722.749634,775.138062,1765.701294,-0.7207335494,0.6832221111,0.1172633691,0.1020117599,386.0851483377,877.4274502299,6.0
14085,0.0,720.424805,777.922119,1765.701294,-0.71949235,0.684289999,0.1186505606,0.1028238176,385.2357044744,872.2195919402,6.0
14086,0.0,719.454102,779.247742,1765.701294,-0.7187360186,0.6849149202,0.1196247788,0.103182287,384.7650794424,869.721640223,6.0
14087,0.0,715.263733,778.799377,1767.992188,-0.7174560268,0.6859668098,0.1212698866,0.1024992858,381.1206835012,864.1937579456,6.0
14088,0.0,713.697388,780.962463,1767.644653,-0.7167599884,0.6865359172,0.1221619962,0.1028667573,380.281186914,860.8319922836,6.0
14089,0.0,712.049622,783.684509,1767.144653,-0.7158523138,0.6872748913,0.1233235119,0.1031441909,378.9967018867,856.8324080039,6.0
14090,0.0,710.627563,786.434998,1766.739502,-0.7157476947,0.6873598293,0.1234572909,0.1029925346,377.1819241132,853.3230533083,6.0
14091,0.0,709.740112,788.367554,1766.440674,-0.71475483,0.6882712295,0.1241299625,0.1034998726,377.037963528,851.017979044,6.0
14092,0.0,708.392029,791.520935,1765.914429,-0.7129564261,0.6897632735,0.1261735352,0.1045103151,377.1962401954,847.4753283289,6.0
14093,0.0,707.448486,794.070679,1765.668823,-0.7104533172,0.6921637929,0.1271431,0.1060024924,378.5714090417,844.8898085526,6.0
14094,0.0,706.59613,796.586914,1765.482544,-0.7072245762,0.6951520587,0.1288293989,0.1079418574,380.7464817204,842.5073850644,6.0
14095,0.0,705.909729,798.870239,1765.459961,-0.7043845933,0.6978534777,0.1297800771,0.1096614558,382.6722486022,840.4853924978,6.0
14096,0.0,705.046448,802.181641,1765.532715,-0.6992623688,0.7026441797,0.1316179938,0.1128640165,386.6922688503,837.888328246,6.0
14097,0.0,704.253418,805.520752,1765.65271,-0.6949790219,0.7066403757,0.132904246,0.1154831158,389.6675067527,835.2854758986,6.0
14098,0.0,704.080566,806.247864,1765.510498,-0.693742424,0.7077909379,0.1332420254,0.1160511486,390.2556888355,834.6222669957,6.0
14099,0.0,703.162598,810.77832,1766.079224,-0.6889049363,0.7122529132,0.1345577068,0.1191545097,393.7286376464,831.6971286643,6.0
14100,0.0,702.471008,814.349854,1766.238159,-0.686118497,0.7147411673,0.1355967248,0.1209648498,395.4657721636,829.4913349233,6.0
14101,0.0,701.958252,817.272278,1765.882568,-0.6838142454,0.7167526606,0.1366151575,0.1220007303,396.3490736061,828.0354357283,6.0
14102,0.0,701.388611,821.059692,1766.304321,-0.6813221258,0.7189125285,0.1377132429,0.1233792959,397.6178622711,826.3356517448,6.0
14103,0.0,701.154602,823.201294,1766.395264,-0.6793358106,0.7206455203,0.1384662075,0.1245430654,399.1360921634,825.8623686339,6.0
14104,0.0,700.716187,827.135132,1766.52478,-0.676699711,0.7229300486,0.1394619877,0.1272398671,402.5361330074,824.6168199119,6.0
14105,0.0,699.486633,829.421692,1765.800903,-0.6745209606,0.7248206242,0.1402017705,0.1288751037,404.1871035951,823.0885300893,6.0
14106,0.0,699.148926,833.032349,1765.813232,-0.6728015527,0.7262009723,0.1413160234,0.1310396883,406.899378912,822.2153146065,6.0
14107,0.0,699.066833,837.223694,1765.467896,-0.6719496659,0.7269510656,0.1415125249,0.1331236756,409.6916755763,821.810556505,6.0
14108,0.0,699.03949,839.101685,1765.297852,-0.6716641939,0.7271498305,0.1418461655,0.1341529653,411.1198706356,821.7322114207,6.0
14109,0.0,702.08429,847.321838,1765.701294,-0.6712138393,0.7274598424,0.1423873579,0.1390910188,418.5290387121,822.6469387481,6.0
14110,0.0,701.815979,853.382141,1765.701294,-0.670482834,0.7279614889,0.1432649298,0.1425489012,422.6736077314,821.4185368093,6.0
14111,0.0,701.747345,855.556671,1765.701294,-0.6700294444,0.7282713171,0.1438083288,0.1439004966,424.2979458661,821.0047403948,6.0
14112,0.0,701.678711,857.731201,1765.701294,-0.6695760548,0.7285811454,0.1443517279,0.1452520919,425.9222840008,820.5909439802,6.0
14113,0.0,701.617737,860.4552,1765.701294,-0.6689428798,0.7290121002,0.1451095494,0.1469451999,427.8506086858,819.9178110933,6.0
14114,0.0,701.562378,863.818726,1765.701294,-0.6683773771,0.729320503,0.1461618477,0.1489705027,430.0942753598,819.0432785271,6.0
14115,0.0,701.48877,870.756836,1765.701294,-0.6673511313,0.7299206665,0.1478454877,,,,
14116,0.0,701.487976,874.183899,1765.701294,-0.6665980297,0.7305462292,0.1481528732,,,,
14117,0.0,701.499451,877.842163,1765.701294,-0.6658155918,0.7311198857,0.1488398817,,,,
14118,0.0,701.532837,881.160889,1765.701294,-0.6644219838,0.7321819381,0.1498433746,,,,
14119,0.0,701.591492,885.749329,1765.701294,-0.6627498081,0.7334795916,0.1508985772,,,,
14120,0.0,701.638611,888.733459,1765.701294,-0.6617280838,0.7343813213,0.1509967485,,,,
14121,0.0,701.710205,892.262695,1765.701294,-0.6606585713,0.7352152533,0.1516205243,,,,
14122,0.0,701.806763,896.662354,1765.701294,-0.6597918202,0.7359263885,0.1519444133,,,,
14123,0.0,701.860168,898.952698,1765.701416,-0.6596789124,0.7360276034,0.151944396,,,,
14124,0.0,701.976074,903.54541,1765.701294,-0.6596789124,0.7360276034,0.151944396,,,,
14125,0.0,702.092163,907.800781,1765.701294,-0.6596789124,0.7360276034,0.151944396,,,,
14126,0.0,702.199524,911.294067,1765.701294,-0.6596789124,0.7360276034,0.151944396,,,,
14127,0.0,702.343933,915.819885,1765.701294,-0.6596789124,0.7360276034,0.151944396,,,,
14128,0.0,702.448669,918.919189,1765.701294,-0.6596789124,0.7360276034,0.151944396,,,,
14129,0.0,702.580261,922.585327,1765.701294,-0.6596789124,0.7360276034,0.151944396,,,,
14130,0.0,702.718872,926.318176,1765.701294,-0.6596789124,0.7360276034,0.151944396,,,,
14131,0.0,702.87854,930.453247,1765.701294,-0.6596789124,0.7360276034,0.151944396,,,,
14132,0.0,703.044739,934.602783,1765.701294,-0.6596789124,0.7360276034,0.151944396,,,,
14133,0.0,703.1651,937.522583,1765.701294,-0.6596789124,0.7360276034,0.151944396,,,,
14134,0.0,703.336182,941.57666,1765.701294,-0.6596789124,0.7360276034,0.151944396,,,,
14135,0.0,703.480225,944.892334,1765.701294,-0.6596789124,0.7360276034,0.151944396,,,,
14136,0.0,703.678772,949.399841,1765.701294,-0.6596789124,0.7360276034,0.151944396,,,,
14137,0.0,703.818604,952.518433,1765.701294,-0.6596789124,0.7360276034,0.151944396,,,,
14138,0.0,703.968384,955.773376,1765.701294,-0.6596789124,0.7360276034,0.151944396,,,,
14139,0.0,704.1875,960.49231,1765.701294,-0.6596789124,0.7360276034,0.151944396,,,,
14140,0.0,704.381958,964.611816,1765.701294,-0.6596789124,0.7360276034,0.151944396,,,,
14141,0.0,704.515198,967.39679,1765.701294,-0.6596789124,0.7360276034,0.151944396,,,,
14142,0.0,704.714661,971.522888,1765.701294,-0.6596789124,0.7360276034,0.151944396,,,,
14143,0.0,704.906616,975.359863,1765.701294,-0.6592882866,0.7362822835,0.1524052304,,,,
14144,0.0,705.077332,978.758484,1765.701294,-0.6589704422,0.7364891305,0.1527799628,,,,
14145,0.0,705.290405,982.564392,1765.701294,-0.6567427377,0.7381621316,0.1542907775,,,,
14146,0.0,705.457153,985.174011,1765.701294,-0.6535444565,0.7405709403,0.1563148293,,,,
14147,0.0,705.786987,990.524536,1765.701294,-0.6486720932,0.744200532,0.1593426612,,,,
14148,0.0,706.023926,993.88916,1765.701294,-0.6433990937,0.7482692109,0.1616502221,,,,
14149,0.0,706.355225,998.3974,1765.701294,-0.6363185301,0.7537290135,0.1642902992,,,,
14150,0.0,706.588684,1001.529175,1765.701294,-0.6320103402,0.7571679722,0.1651047903,,,,
14151,0.0,706.850952,1004.796509,1765.701294,-0.6264602636,0.7614498903,0.1665581063,,,,
14152,0.0,707.423096,1011.86322,1765.701294,-0.6173088537,0.7682661107,0.1694017781,,,,
14153,0.0,707.617798,1014.344177,1765.701294,-0.615973742,0.7692737,0.16968043,,,,
14154,0.0,707.8125,1016.825134,1765.701294,-0.6146386302,0.7702812893,0.1699590819,,,,
14155,0.0,707.917175,1018.220215,1765.701416,-0.6143597139,0.7704909474,0.170017181,,,,
14156,0.0,708.235107,1022.257935,1765.701294,-0.6143597139,0.7704909474,0.170017181,,,,
14157,0.0,708.997986,1031.477051,1765.701294,-0.6143597139,0.7704909474,0.170017181,,,,
14158,0.0,709.29541,1034.933716,1765.701294,-0.6143597139,0.7704909474,0.170017181,,,,
14159,0.0,709.5038755,1037.265625,1765.701294,-0.6143597139,0.7704909474,0.170017181,,,,
14160,0.0,709.992859,1042.675659,1765.701294,-0.6143597139,0.7704909474,0.170017181,,,,
14161,0.0,710.341553,1046.460571,1765.701294,-0.6147058048,0.7702148569,0.1700171982,,,,
14162,0.0,710.644287,1049.709717,1765.701294,-0.6149855508,0.7699915132,0.170017181,,,,
14163,0.0,711.020142,1054.088867,1765.701294,-0.6188434063,0.7670674302,0.1692347363,,,,
14164,0.0,711.183228,1056.46228,1765.701416,-0.6250304936,0.7625389438,0.1669468215,,,,
14165,0.0,711.560669,1061.53894,1765.701294,-0.6352772019,0.754910996,0.1628872766,,,,
14166,0.0,711.80426,1065.597046,1765.701294,-0.649465795,0.7438239936,0.157860849,,,,
14167,0.0,711.957703,1068.631714,1765.701294,-0.6634260159,0.732261111,0.1538167312,,,,
14168,0.0,712.070435,1071.797363,1765.701294,-0.6851585251,0.7132908192,0.1475601664,,,,
14169,0.0,712.12616,1075.186768,1765.701782,-0.7146635605,0.6855047658,0.1390654935,,,,
14170,0.0,712.228394,1079.190552,1765.701416,-0.7402717689,0.6593288836,0.1314653242,,,,
14171,0.0,712.2459415,1079.7421875,1765.701477,-0.7435748521,0.6557761761,0.1304974227,,,,
14172,0.0,712.192627,1085.877197,1765.701538,-0.8074411583,0.579149453,0.1123596326,,,,
14173,0.0,712.117249,1089.045654,1765.701538,-0.8425601903,0.5289943835,0.1012781711,0.1489403917,425.0846505615,809.5785171757,6.0
14174,0.0,711.957764,1092.523071,1765.702393,-0.8748161193,0.4759273992,0.0904978904,0.1216146305,386.5760485198,808.8159029442,6.0
14175,0.0,711.803894,1095.586914,1765.701904,-0.893299195,0.4415786052,0.0838145791,0.106368918,362.7416791823,808.2438366114,6.0
14176,0.0,711.516418,1099.570068,1765.701294,-0.9177004303,0.3901765812,0.0747539676,0.0857025171,327.0648787911,807.4811779722,6.0
14177,0.0,711.114746,1103.202393,1765.701294,-0.9344688261,0.3494176153,0.0683764815,0.0712940406,299.0231661062,806.390141691,6.0
14178,0.0,710.777893,1105.731567,1765.701416,-0.9458055567,0.3184659759,0.0634922921,0.0612872994,277.6069020423,805.356724963,6.0
14179,0.0,710.108704,1109.628784,1765.701294,-0.9550054628,0.2904894808,0.0598366734,0.0529008713,257.8223145655,803.3319856001,6.0
14180,0.0,709.19635,1113.924316,1765.701294,-0.9605266795,0.2721694741,0.0575523701,0.0475801054,244.1340320344,800.9935370671,6.0
14181,0.0,708.508057,1116.71167,1765.701294,-0.9626370545,0.2649245639,0.0560792,0.045773686,239.2525607177,799.9470173327,6.0
14182,0.0,707.540649,1120.272217,1765.701294,-0.9644426417,0.2585298233,0.054888262,0.0447151347,236.0376814966,798.2686046271,6.0
14183,0.0,706.456909,1123.894531,1765.701294,-0.9654378574,0.2549925475,0.0539309205,0.0445358105,235.0525067439,796.499070908,6.0
14184,0.0,705.322083,1127.314331,1765.701294,-0.9658535555,0.2534701796,0.0536635573,0.0448695793,235.4869561544,795.0656503362,6.0
14185,0.0,703.965942,1131.270996,1765.701294,-0.9660885209,0.2525731428,0.0536635573,0.045550035,236.8435577746,793.7887512867,6.0
14186,0.0,702.53418,1135.192383,1765.701294,-0.9661419764,0.2523685914,0.0536635398,0.0463524684,238.4710317049,792.457701996,6.0
14187,0.0,701.056519,1138.971069,1765.701294,-0.9661419764,0.2523685914,0.0536635398,0.0470498064,239.7431357766,790.9001857531,6.0
14188,0.0,699.53595,1142.696167,1765.701294,-0.9664283196,0.2514692548,0.0527211241,0.0474238652,240.1848792093,789.301995662,6.0
14189,0.0,698.648804,1144.74353,1765.701294,-0.9665189605,0.2511237914,0.05270617,0.0475776824,240.24379911,788.2494275776,6.0
14190,0.0,695.306213,1152.376099,1765.701294,-0.9666734694,0.2505283717,0.0527061525,0.0492217735,243.2261935942,784.9242827509,6.0
14191,0.0,694.4632565,1154.1772465,1765.701294,-0.9666734694,0.2505283717,0.0527061525,0.0498070744,244.3659194102,784.0917013783,6.0
14192,0.0,693.6203,1155.978394,1765.701294,-0.9666734694,0.2505283717,0.0527061525,0.0503923754,245.5056452262,783.2591200058,6.0
14193,0.0,692.027771,1159.323486,1765.701294,-0.9666734694,0.2505283717,0.0527061525,0.0514602397,247.5703461396,781.8223570198,6.0
14194,0.0,690.461609,1162.504883,1765.701294,-0.9666734694,0.2505283717,0.0527061525,0.0524674726,249.4629404478,780.4024153091,6.0
14195,0.0,688.448608,1166.588013,1765.701294,-0.9666734694,0.2505283717,0.0527061525,0.0538557651,252.1350293493,778.8065131088,6.0
14196,0.0,685.612244,1172.125854,1765.701294,-0.9667219399,0.2505409336,0.0517487342,0.0559867419,256.1477040028,776.4227619579,6.0
14197,0.0,684.314148,1174.6278075,1765.701294,-0.9667219399,0.2505409336,0.0517487342,0.0569047178,257.79086451,775.2937053021,6.0
14198,0.0,683.016052,1177.129761,1765.701294,-0.9667219399,0.2505409336,0.0517487342,0.0578226938,259.4340250171,774.1646486462,6.0
14199,0.0,681.384399,1180.210693,1765.701294,-0.9667437505,0.2505465861,0.0513120752,0.0590145623,261.5152006905,772.6916223614,6.0
14200,0.0,679.500549,1183.714966,1765.701294,-0.9667684644,0.2505529911,0.050812743,0.0603308617,263.757491529,771.0298853783,6.0
14201,0.0,677.84198,1186.77832,1765.701294,-0.9667695227,0.2505532654,0.0507912509,0.0614168472,265.5499362303,769.5914341217,6.0
14202,0.0,677.133606,1188.074463,1765.701294,-0.9667695227,0.2505532654,0.0507912509,0.0619325633,266.4294575318,769.0211260229,6.0
14203,0.0,673.65332,1194.362793,1765.701294,-0.9667983557,0.2505607379,0.0502021519,0.0640228818,269.6436693313,765.9007749045,6.0
14204,0.0,670.676392,1199.7229,1765.701294,-0.9668475354,0.2505734836,0.0491810186,0.0660726353,272.8921312495,763.4139984497,6.0
14205,0.0,668.457153,1203.650024,1765.701294,-0.9666378791,0.2514405095,0.0488761799,0.0677020241,275.40097343,761.4258117229,6.0
14206,0.0,666.837646,1206.504272,1765.701294,-0.9666213377,0.251504096,0.0488761625,0.0686826488,276.7708403609,759.9237074162,6.0
14207,0.0,665.261536,1209.24939,1765.701294,-0.9666213377,0.251504096,0.0488761625,0.0695288742,277.873146916,758.4593780233,6.0
14208,0.0,663.083435,1213.070435,1765.701294,-0.9666213377,0.251504096,0.0488761625,0.0708348024,279.6177855907,756.4090903611,6.0
14209,0.0,661.344543,1216.101196,1765.701294,-0.9666213377,0.251504096,0.0488761625,0.0718202503,280.8676341545,754.7523610465,6.0
14210,0.0,659.676941,1219.00061,1765.701294,-0.9666213377,0.251504096,0.0488761625,0.0727664336,282.0396371843,753.142970368,6.0
14211,0.0,657.306946,1223.238892,1765.701294,-0.9666213377,0.251504096,0.0488761625,0.0741205986,283.7108258728,750.9169457106,6.0
14212,0.0,655.740723,1226.021973,1765.701294,-0.9666213377,0.251504096,0.0488761625,0.0749783089,284.711557391,749.4099636535,6.0
14213,0.0,653.473572,1230.05127,1765.701294,-0.966505834,0.2519476009,0.0488761625,0.0764512534,286.5322072549,747.1874037711,6.0
14214,0.0,651.703796,1233.184082,1765.701294,-0.9663899198,0.2523918454,0.0488761625,0.0776230971,287.9580925342,745.4431612138,6.0
14215,0.0,650.020691,1236.19104,1765.701294,-0.9658318338,0.2546651977,0.0481093129,0.079563642,290.7414923385,743.7889607199,6.0
14216,0.0,647.953064,1239.995117,1765.701294,-0.9633055382,0.264263139,0.046983332,0.0846019377,298.5757985423,741.711351415,6.0
14217,0.0,646.660706,1242.490967,1765.701294,-0.9590309952,0.2793818645,0.046960877,0.0914530177,309.3393117032,740.4311256477,6.0
14218,0.0,644.630005,1246.419067,1765.701294,-0.9532732326,0.29828713,0.0479054494,0.100587937,322.7462774471,738.3779098598,6.0
14219,0.0,642.958618,1249.597778,1765.701294,-0.9498624118,0.3088524821,0.0486984904,0.1063944585,330.696961418,736.7598356504,6.0
14220,0.0,641.043091,1253.488403,1765.701294,-0.9393450086,0.3390890685,0.0514738626,0.1216269116,351.267336517,734.9063491509,6.0
14221,0.0,639.790894,1256.223267,1765.701416,-0.9275869549,0.3696447932,0.0542694019,0.1378451729,371.7284552901,733.7061041382,6.0
14222,0.0,637.930908,1260.634033,1765.701294,-0.9018691631,0.4277785931,0.0603115909,,,,
14223,0.0,636.328918,1264.723999,1765.701416,-0.8752773846,0.4790288341,0.0664896697,,,,
14224,0.0,635.048767,1268.166016,1765.701294,-0.854988156,0.513868495,0.070245447,,,,
14225,0.0,633.890259,1271.208374,1765.701294,-0.8408129256,0.5364265969,0.0726645042,,,,
14226,0.0,632.375549,1275.414673,1765.701294,-0.8204687493,0.5666575442,0.0756984738,,,,
14227,0.0,630.936096,1279.867065,1765.701294,-0.7988167774,0.5964139894,0.0786263907,,,,
14228,0.0,629.820374,1283.328003,1765.701294,-0.7877015353,0.6107826282,0.0804417329,,,,
14229,0.0,628.831848,1286.558472,1765.701294,-0.7785499426,0.6221835538,0.0821438502,,,,
14230,0.0,627.678711,1290.473877,1765.701294,-0.7701912169,0.6323460169,0.0833306923,,,,
14231,0.0,627.005554,1292.907593,1765.701294,-0.7664202437,0.6368547585,0.083761725,,,,
14232,0.0,625.795227,1297.362915,1765.701294,-0.7616995845,0.6424251532,0.0842832462,,,,
14233,0.0,624.709717,1301.553589,1765.701294,-0.7603513505,0.6440096793,0.084364428,,,,
14234,0.0,623.3479,1307.384644,1765.701294,-0.7597263588,0.6447468519,0.084364428,,,,
14235,0.0,622.80426,1309.874451,1765.701294,-0.7597263588,0.6447468519,0.084364428,,,,
14236,0.0,622.26062,1312.364258,1765.701294,-0.7597263588,0.6447468519,0.084364428,,,,
14237,0.0,621.137329,1318.13562,1765.701294,-0.7597263588,0.6447468519,0.084364428,,,,
14238,0.0,620.221924,1323.155029,1765.701294,-0.7597263588,0.6447468519,0.084364428,,,,
14239,0.0,619.632751,1326.635254,1765.701294,-0.7597263588,0.6447468519,0.084364428,,,,
14240,0.0,619.240417,1329.142212,1765.701294,-0.7597263588,0.6447468519,0.084364428,,,,
14241,0.0,618.524597,1333.75708,1765.701294,-0.7597263588,0.6447468519,0.084364428,,,,
14242,0.0,617.942261,1337.763428,1765.701294,-0.7597263588,0.6447468519,0.084364428,,,,
14243,0.0,617.48938,1341.055786,1765.701294,-0.7597263588,0.6447468519,0.084364428,,,,
14244,0.0,617.172791,1343.509888,1765.701294,-0.7597263588,0.6447468519,0.084364428,,,,
14245,0.0,616.485962,1348.846069,1765.701294,-0.7597263588,0.6447468519,0.084364428,,,,
14246,0.0,616.043213,1352.521118,1765.701294,-0.7597263588,0.6447468519,0.084364428,,,,
14247,0.0,615.68689,1355.535767,1765.701294,-0.7597263588,0.6447468519,0.084364428,,,,
14248,0.0,615.187439,1359.448975,1765.701294,-0.7597263588,0.6447468519,0.084364428,,,,
14249,0.0,614.720825,1363.218506,1765.701294,-0.7597263588,0.6447468519,0.084364428,,,,
14250,0.0,614.250427,1367.152588,1765.701294,-0.7597263588,0.6447468519,0.084364428,,,,
14251,0.0,613.838135,1370.687988,1765.701294,-0.7597263588,0.6447468519,0.084364428,,,,
14252,0.0,613.417725,1374.402466,1765.701294,-0.7597263588,0.6447468519,0.084364428,,,,
14253,0.0,613.007202,1378.07959,1765.701294,-0.7597263588,0.6447468519,0.084364428,,,,
14254,0.0,612.541809,1382.349854,1765.701294,-0.7597263588,0.6447468519,0.084364428,,,,
14255,0.0,609.494873,1379.739258,1764.868286,-0.7597263588,0.6447468519,0.084364428,,,,
14256,0.0,608.758057,1384.177856,1765.230469,-0.7597263588,0.6447468519,0.084364428,,,,
14257,0.0,608.379089,1387.915161,1765.227905,-0.7597263588,0.6447468519,0.084364428,,,,
14258,0.0,607.961609,1391.114258,1765.149902,-0.7597263588,0.6447468519,0.084364428,,,,
14259,0.0,607.480103,1395.170044,1765.040649,-0.7597263588,0.6447468519,0.084364428,,,,
14260,0.0,607.199402,1399.647339,1764.822388,-0.7597263588,0.6447468519,0.084364428,,,,
14261,0.0,607.310364,1403.446045,1764.375732,-0.7597263588,0.6447468519,0.084364428,,,,
14262,0.0,607.20575,1407.321167,1764.116211,-0.7608599857,0.6434086769,0.084364428,,,,
14263,0.0,606.859924,1410.894287,1764.111328,-0.7615066179,0.642643227,0.0843644106,,,,
14264,0.0,606.914734,1414.403809,1763.72583,-0.7626017052,0.6413433422,0.084364428,,,,
14265,0.0,606.591919,1417.907715,1763.696777,-0.7639000218,0.6397387767,0.0848000836,,,,
14266,0.0,606.388733,1421.865356,1763.506836,-0.7650499536,0.638301891,0.0852599818,,,,
14267,0.0,606.032654,1425.660278,1763.490845,-0.7657350622,0.6374718532,0.085319698,,,,
14268,0.0,605.760498,1428.972778,1763.524414,-0.7666725432,0.6363440607,0.0853196806,,,,
14269,0.0,605.39093,1432.976562,1763.641357,-0.7675637034,0.6352688512,0.0853196806,,,,
14270,0.0,605.051086,1436.717407,1763.888184,-0.7681891329,0.6344511605,0.0857740111,,,,
14271,0.0,604.692505,1440.405396,1764.438354,-0.7687529306,0.6337044774,0.0862413303,,,,
14272,0.0,604.28833,1444.400879,1764.742065,-0.7693708633,0.6329495383,0.0862748896,,,,
14273,0.0,603.892578,1448.330566,1764.938721,-0.7699761646,0.6322130546,0.086274907,,,,
14274,0.0,603.557007,1451.864258,1764.931641,-0.7705523371,0.6315106778,0.086274907,,,,
14275,0.0,603.15918,1455.477905,1765.048462,-0.7708710577,0.6310590635,0.0867310256,,,,
14276,0.0,602.607788,1459.705444,1764.915039,-0.7711374592,0.6306685545,0.0872020265,,,,
14277,0.0,602.242004,1463.46582,1764.91748,-0.7716638951,0.6298945182,0.0881347208,,,,
14278,0.0,601.846985,1467.036621,1764.863525,-0.7727417524,0.628440821,0.0890635655,,,,
14279,0.0,600.959412,1473.553345,1764.506714,-0.7765689396,0.6233107585,0.0917844235,,,,
14280,0.0,600.417969,1477.561035,1764.216309,-0.7788367372,0.6201865415,0.0937122759,,,,
14281,0.0,599.965271,1481.009766,1763.929321,-0.7820313275,0.6158681564,0.095568911,,,,
14282,0.0,599.613892,1484.352295,1763.996948,-0.7855558783,0.6109681092,0.09808125,,,,
14283,0.0,599.093262,1487.971558,1763.244263,-0.7918978384,0.602201074,0.1012505804,,,,
14284,0.0,598.657227,1491.519897,1762.965576,-0.7974997465,0.5942644883,0.104133915,,,,
14285,0.0,598.297546,1495.346069,1762.931396,-0.805014307,0.5834884494,0.1072063192,,,,
14286,0.0,597.945007,1498.798706,1762.928345,-0.8117411948,0.5735701377,0.1099705863,,,,
14287,0.0,597.524048,1502.254272,1763.174561,-0.8183523058,0.563728545,0.1118464624,,,,
14288,0.0,596.885559,1506.253418,1763.475586,-0.8255958901,0.5524508418,0.1148455207,,,,
14289,0.0,596.306641,1509.716431,1763.760132,-0.8298597362,0.5456464112,0.1166310939,,,,
14290,0.0,595.789124,1513.244629,1763.80188,-0.833820288,0.5393575314,0.1176315461,,,,
14291,0.0,595.20343,1516.38501,1764.182495,-0.8364292298,0.5350975308,0.1185612759,,,,
14292,0.0,594.043152,1521.347778,1764.637451,-0.8392230131,0.5304622571,0.119643337,,,,
14293,0.0,593.34082,1524.77832,1764.690796,-0.8409583663,0.5275126561,0.1204965717,,,,
14294,0.0,592.545166,1528.644287,1764.675781,-0.8429978791,0.5240189426,0.1214854869,,,,
14295,0.0,591.887207,1532.455811,1764.597778,-0.8457589741,0.5191149411,0.1233346487,,,,
14296,0.0,591.542358,1535.496948,1764.522949,-0.8477396246,0.5156515486,0.1242618576,,,,
14297,0.0,590.921204,1540.404419,1764.401245,-0.8501130323,0.5114686428,0.1253302033,,,,
14298,0.0,590.460449,1544.091919,1764.264526,-0.8531466662,0.505945703,0.1271208545,,,,
14299,0.0,589.963257,1547.992432,1764.024292,-0.8564856249,0.5000062115,0.1281645928,,,,
14300,0.0,589.454102,1551.660889,1763.78772,-0.860085327,0.4935460759,0.1290949313,,,,
14301,0.0,588.911377,1555.018066,1763.56543,-0.8649131956,0.4845874019,0.1307677865,,,,
14302,0.0,588.170349,1559.037842,1763.299316,-0.8732072653,0.4693943881,0.1310647938,,,,
14303,0.0,587.436279,1562.406982,1763.131104,-0.8819227282,0.4525547976,0.1319335311,,,,
14304,0.0,586.577148,1565.751831,1763.076294,-0.8945807673,0.4269628092,0.1320151901,,,,
14305,0.0,585.687012,1569.229614,1762.908081,-0.9089963055,0.3953450353,0.1320152247,,,,
14306,0.0,584.574097,1572.867432,1762.99353,-0.926049722,0.3535588894,0.132015242,,,,
14307,0.0,583.660034,1575.458862,1763.19165,-0.9398345436,0.3152690509,0.131592007,,,,
14308,0.0,582.153381,1579.636597,1763.887695,-0.9538827516,0.2700487088,0.1310778055,,,,
14309,0.0,580.80127,1583.000122,1764.135376,-0.9638134383,0.2326223462,0.130194087,,,,
14310,0.0,579.288818,1586.702393,1764.347412,-0.9712406524,0.1999945127,0.1292044508,,,,
14311,0.0,577.915222,1589.884888,1764.474731,-0.9754658333,0.1792910561,0.1277541597,,,,
14312,0.0,576.376221,1593.344604,1764.435669,-0.9787246952,0.161565342,0.1264698035,,,,
14313,0.0,574.670654,1597.004028,1764.43689,-0.9815311216,0.1444964408,0.1253691981,,,,
14314,0.0,573.203247,1599.895996,1764.407837,-0.9831910418,0.1335312164,0.1245182295,,,,
14315,0.0,571.401794,1603.26123,1764.330811,-0.9852371094,0.1185601076,0.1234963123,,,,
14316,0.0,569.763062,1606.144165,1764.096313,-0.9868408783,0.1044192431,0.1234572909,,,,
14317,0.0,567.843445,1609.164062,1763.450439,-0.9889012572,0.0840469948,0.1225169625,,,,
14318,0.0,564.444336,1614.63855,1762.918701,-0.9920450216,0.0355971227,0.1207456829,,,,
14319,0.0,563.3986815,1616.214966,1762.778198,-0.9924805543,0.0168630102,0.119774321,,,,
14320,0.0,560.785339,1620.085693,1762.654053,-0.9927210358,-0.026509103,0.1174828178,0.1372459042,308.8842775441,610.8974931932,6.0
14321,0.0,558.419617,1623.450317,1762.456909,-0.991754688,-0.0545052721,0.1159819561,0.1295843134,299.3441592539,608.0306957024,6.0
14322,0.0,556.474915,1625.994019,1762.587158,-0.9897198751,-0.0860514637,0.1142353468,0.1195528602,287.0090238311,605.3199693555,6.0
14323,0.0,554.095886,1628.878052,1762.782837,-0.9862174024,-0.1215959217,0.112203685,0.1087951863,273.2450335539,602.390556159,6.0
14324,0.0,551.640015,1631.817627,1762.785034,-0.981564206,-0.1561540459,0.1102162573,0.0988371551,259.9974281456,599.7900747079,6.0
14325,0.0,549.077576,1634.549683,1763.044067,-0.9737758155,-0.2006257677,0.1072844928,0.0854734274,241.4489332396,596.8690121992,6.0
14326,0.0,546.867981,1636.636963,1763.339111,-0.9668922567,-0.2325878788,0.1049868685,0.0769111416,228.4172794641,593.9291622471,6.0
14327,0.0,543.839233,1639.371216,1763.952271,-0.9592281789,-0.2632896436,0.1027612004,0.0697430395,216.5932697949,590.3192678333,6.0
14328,0.0,540.881653,1642.186279,1764.269409,-0.9492342373,-0.2979986047,0.1007531354,0.0617601824,202.9535575751,586.5953662525,6.0
14329,0.0,538.223877,1644.619873,1764.275879,-0.9404637249,-0.3251914715,0.0988862427,0.0563531028,192.9771186503,583.0935214777,6.0
14330,0.0,535.050354,1647.393188,1764.541382,-0.9318402818,-0.3497059404,0.0968475318,0.0523804438,184.9612360937,579.0873381263,6.0
14331,0.0,532.71936,1649.287354,1764.562134,-0.9260415139,-0.3650364354,0.09589325,0.050502358,180.6260145326,575.6561043553,6.0
14332,0.0,529.409241,1651.995361,1764.69812,-0.9200752956,-0.3800548356,0.0949724822,0.0492462643,177.2610303044,571.9069834357,6.0
14333,0.0,526.163452,1654.625488,1764.819336,-0.9135089306,-0.3958166427,0.0939713735,0.0478860172,173.6798975525,568.0579075745,6.0
14334,0.0,523.273621,1656.883667,1764.772949,-0.9086828767,-0.4067870068,0.0939135805,0.047439022,171.839877514,564.616789527,6.0
14335,0.0,520.122559,1659.587158,1764.414185,-0.9049489052,-0.4152230001,0.093044824,0.0482653497,172.2339969966,561.165244854,6.0
14336,0.0,516.803345,1661.749878,1764.437988,-0.9022595464,-0.4210538322,0.0929590306,0.0495512609,173.1726428824,557.0377905004,6.0
14337,0.0,514.109009,1663.576172,1764.242188,-0.9009026695,-0.4241283369,0.0921386665,0.0513364065,175.1768720249,553.8543856605,6.0
14338,0.0,511.371674,1665.545776,1763.643921,-0.8993653371,-0.4274075012,0.0920044473,0.05334828,177.359256974,550.3633695048,6.0
14339,0.0,507.732025,1667.743896,1763.413208,-0.8978540778,-0.4305731491,0.0920044473,0.055809262,179.9728314393,546.3668918378,6.0
14340,0.0,504.683167,1669.398193,1763.467651,-0.8956823142,-0.4352470921,0.0911765369,0.0574162968,181.2552514277,542.7291379441,6.0
14341,0.0,501.378723,1671.846436,1763.734009,-0.8936778981,-0.4396538204,0.0896902038,0.0598143075,183.6199718257,539.0086414846,6.0
14342,0.0,498.137054,1673.688232,1763.564087,-0.892010417,-0.4432952543,0.0883557215,0.0622254767,185.9541406623,535.5131209329,6.0
14343,0.0,494.923309,1675.266357,1763.60498,-0.8896462851,-0.4482160351,0.0873605931,0.0641052273,187.2965948187,531.6701595112,6.0
14344,0.0,491.928986,1676.669556,1763.594482,-0.8877437065,-0.4521707775,0.086329019,0.0663831072,189.0685441146,527.722092796,6.0
14345,0.0,489.50058,1677.722656,1763.713379,-0.886799434,-0.4540301865,0.0862748722,0.0687216169,190.9484631479,524.1396846609,6.0
14346,0.0,486.772461,1678.912354,1763.858398,-0.8860278016,-0.4555341681,0.0862748896,0.0712430515,193.1142253519,520.9598550301,6.0
14347,0.0,483.800659,1680.131592,1764.422974,-0.8851309387,-0.4574480053,0.0853495386,0.0741879057,195.4579267899,517.1062386035,6.0
14348,0.0,481.338379,1681.167725,1764.385742,-0.8836103819,-0.4603837987,0.085319698,0.0762261017,196.9374816085,514.2798527899,6.0
14349,0.0,478.143341,1682.472778,1764.861084,-0.8816762362,-0.464248333,0.0843830538,0.0788780654,198.7588683377,510.5883775983,6.0
14350,0.0,475.847992,1683.410522,1765.463989,-0.8806189964,-0.4662540364,0.084364428,0.0809416144,200.0859671052,507.6759681861,6.0
14351,0.0,472.868835,1684.582886,1765.847412,-0.8795843634,-0.4682029378,0.084364428,0.0838277269,202.3157536601,504.7991099768,6.0
14352,0.0,469.909515,1685.685791,1765.944214,-0.8782196554,-0.4707577723,0.084364428,0.0866430695,204.455507575,502.150503171,6.0
14353,0.0,467.081329,1686.727051,1765.923096,-0.876455716,-0.4740337796,0.0843644106,0.0897878232,206.7845673983,499.308084114,6.0
14354,0.0,464.160278,1687.749512,1765.943481,-0.8745313033,-0.4775747511,0.084364428,0.0929036756,209.0585863177,496.6669328192,6.0
14355,0.0,461.931549,1688.479126,1765.930786,-0.8717867327,-0.482566616,0.0843644106,0.0947111075,210.0679559906,494.5143906183,6.0
14356,0.0,458.461884,1689.593384,1765.771118,-0.8684179531,-0.4886030136,0.0843644106,0.097665058,211.975454328,491.7818270163,6.0
14357,0.0,455.913879,1690.274902,1764.75769,-0.8640508631,-0.496435742,0.0834725106,0.0992663185,212.7570074097,489.8039465031,6.0
14358,0.0,453.645081,1690.892456,1763.827393,-0.8585878104,-0.5059061205,0.0829817397,0.0999536335,212.6242462928,487.9006475173,6.0
14359,0.0,450.282166,1691.942749,1762.448608,-0.8523030804,-0.5165056517,0.0824704239,0.1016306401,213.3465426661,485.716571807,6.0
14360,0.0,447.783875,1692.696167,1761.460449,-0.8454698605,-0.5279933056,0.0800236476,0.1021006585,213.0505248474,483.9848300001,6.0
14361,0.0,445.179169,1693.43457,1760.496704,-0.8386016275,-0.539235255,0.0772829229,0.1034843437,213.5182620722,481.9694209854,6.0
14362,0.0,442.029205,1694.370117,1759.702515,-0.8328108176,-0.5484576479,0.0749689979,0.1056869647,214.7581727154,479.9689173615,6.0
14363,0.0,439.035217,1695.192017,1758.686768,-0.8251580694,-0.5603011482,0.0719498697,0.1072456356,215.3318893621,477.9378318518,6.0
14364,0.0,436.635132,1695.802612,1758.012451,-0.8180511761,-0.5710440832,0.0685633158,0.1082530557,215.5318129513,476.2771863722,6.0
14365,0.0,434.018127,1696.463989,1757.281616,-0.807667099,-0.5861845941,0.0637297335,0.1083074859,214.7385044431,474.4117250176,6.0
14366,0.0,427.82666,1697.909546,1755.810547,-0.7808282908,-0.6226499303,0.0511296837,0.1068187377,211.6424051791,470.6335342813,6.0
14367,0.0,425.134155,1698.431274,1755.289429,-0.7671614864,-0.6399835515,0.0434086118,0.1066293943,210.6135033588,468.7377444226,6.0
14368,0.0,423.3105465,1698.8140865,1754.771973,-0.7603327636,-0.6482313448,0.0395003828,0.1073057756,210.8067074449,467.7757582551,6.0
14369,0.0,418.731659,1699.712158,1753.765137,-0.7353989987,-0.6772114702,0.0239361087,0.1071492553,209.5186073086,465.2322741241,6.0
14370,0.0,416.071198,1700.132568,1753.42627,-0.7189535308,-0.6949065169,0.0145173482,0.1071555465,208.7526222654,463.5185812089,6.0
14371,0.0,412.107452,1700.750854,1752.935059,-0.7021114783,-0.7120470719,0.0053328632,0.1085392591,209.0976520517,461.4844418524,6.0
14372,0.0,408.683655,1701.251221,1752.23999,-0.677051941,-0.7358622244,-0.0103660927,0.1090002206,208.7143605291,459.7194771179,6.0
14373,0.0,405.756836,1701.598633,1751.586792,-0.6511402914,-0.7584889993,-0.0266600613,0.1097122007,208.6904795201,458.2592162125,6.0
14374,0.0,402.635376,1701.88623,1750.776367,-0.6227160763,-0.7811442207,-0.0451485849,0.1120129996,210.0252533359,456.7071425413,6.0
14375,0.0,401.40329,1702.0721435,1750.67749,-0.6160245642,-0.7860906312,-0.0498397951,0.1134681866,211.0168883857,456.1016061894,6.0
14376,0.0,400.171204,1702.258057,1750.578613,-0.609333052,-0.7910370416,-0.0545310053,0.1149233735,212.0085234356,455.4960698374,6.0
14377,0.0,392.99765,1702.778076,1750.648193,-0.5733353117,-0.8154359674,-0.0796919285,0.1235952777,217.5407958988,451.727485016,6.0
14378,0.0,389.219269,1703.205811,1750.255493,-0.5550846866,-0.8266221995,-0.0926106364,0.1293483503,221.4268754736,450.1460297801,6.0
14379,0.0,387.528687,1703.065674,1750.331055,-0.5414769189,-0.8345852809,-0.1013417736,0.1321489523,223.0569395857,448.96528011,6.0
14380,0.0,383.187347,1703.18811,1749.950439,-0.5168556604,-0.8480666051,-0.1168043646,0.1388985333,227.3428941175,447.1441248329,6.0
14381,0.0,379.980469,1703.130859,1749.806885,-0.4899064509,-0.8613893169,-0.1341645042,0.1450469745,231.1368017144,445.603203399,6.0
14382,0.0,377.506592,1702.808838,1749.369263,-0.4721177507,-0.8692649413,-0.1465717956,,,,
14383,0.0,374.608307,1702.507812,1749.410645,-0.456541588,-0.8756762784,-0.1573557556,,,,
14384,0.0,370.595703,1701.177002,1748.681519,-0.4315340794,-0.8844758447,-0.1774283473,,,,
14385,0.0,367.835907,1700.674316,1748.579102,-0.4185043542,-0.8881831144,-0.1896967601,,,,
14386,0.0,365.571106,1700.29834,1748.529907,-0.4028282271,-0.8925064255,-0.2028834635,,,,
14387,0.0,362.570251,1699.19873,1747.68335,-0.3872684063,-0.8964098417,-0.215574992,,,,
14388,0.0,360.194153,1698.771851,1747.089233,-0.3734807815,-0.899347366,-0.2273464783,0.0463119161,734.9519172047,2443.345815463,2.0
14389,0.0,357.74408,1698.01709,1746.033569,-0.3575187819,-0.9022346748,-0.2411491493,0.0484928963,751.1401233089,2441.7254570635,2.0
14390,0.0,355.896393,1697.610596,1744.846313,-0.3449707177,-0.9040076378,-0.2525181076,0.0507366801,767.6386791242,2440.9594849093,2.0
14391,0.0,353.879974,1696.939087,1742.979248,-0.3288531236,-0.9057998236,-0.2671746669,0.0541103053,791.7405404315,2439.9660408816,2.0
14392,0.0,352.073425,1696.431274,1741.832886,-0.309583377,-0.9076559086,-0.2834058649,0.0581816563,819.8270139755,2439.073483299,2.0
14393,0.0,350.434052,1695.795898,1740.033691,-0.2926880278,-0.908956282,-0.2968706718,0.0621033818,845.7837746768,2438.0152734415,2.0
14394,0.0,349.545776,1695.478149,1738.131714,-0.2870908272,-0.9092323833,-0.3014553533,0.0637480925,856.460495048,2437.7704556926,2.0
14395,0.0,347.776184,1695.156006,1735.905396,-0.2794124663,-0.9095052309,-0.3077806177,0.0660857141,871.3614321148,2437.3950733587,2.0
14396,0.0,346.9021,1694.989014,1734.074951,-0.27673714,-0.9094622121,-0.3103144214,0.0672102862,878.3876526051,2437.1151376169,2.0
14397,0.0,345.981171,1694.808105,1731.946533,-0.2709741104,-0.909658327,-0.3147932013,0.0690298896,889.671159032,2436.8182973115,2.0
14398,0.0,344.757721,1694.603394,1732.009888,-0.2648245972,-0.909909565,-0.3192687209,0.0705652913,898.9732821567,2436.3303300541,2.0
14399,0.0,344.048737,1694.376343,1732.302002,-0.254243842,-0.9111697253,-0.3242372595,0.0722193878,908.911412576,2435.9358738289,2.0
14400,0.0,343.744873,1694.180298,1732.98291,-0.2459781013,-0.912096643,-0.3279854989,0.0734840078,916.4388630252,2435.683034997,2.0
14401,0.0,343.275513,1693.953003,1733.796875,-0.2367083947,-0.9131883494,-0.3317471543,0.0748180199,924.2750598457,2435.3547667283,2.0
14402,0.0,343.115967,1693.825562,1735.28064,-0.2342067446,-0.9133189523,-0.33316016,0.0751615887,926.2359846201,2435.1545847192,2.0
14403,0.0,342.956757,1693.727295,1736.388306,-0.2332107418,-0.9132293935,-0.3341030152,0.0753783488,927.4353333816,2434.9365242659,2.0
14404,0.0,343.288025,1693.547607,1737.024414,-0.2322874869,-0.9131448217,-0.3349762052,0.075640455,928.9287040944,2434.793913787,2.0
14405,0.0,343.588837,1693.427124,1736.897583,-0.2321737271,-0.9131342578,-0.3350838517,0.0757073571,929.3050880263,2434.7462883597,2.0
14406,0.0,343.680176,1693.407227,1736.710327,-0.2310362351,-0.9129090283,-0.3364808525,0.0763195309,932.8732459769,2434.6600194253,2.0
14407,0.0,343.922974,1693.328003,1736.319702,-0.2295423018,-0.9126082724,-0.3383141628,0.07714098,937.6720438065,2434.6395353976,2.0
14408,0.0,344.208008,1693.232178,1736.073975,-0.2195209695,-0.9125755237,-0.3449876192,0.0800651645,954.5018667182,2434.5109796244,2.0
14409,0.0,344.507416,1693.137817,1735.950684,-0.2016914507,-0.9125853213,-0.3556804607,0.0845757033,965.81227401,2399.5920545182,1.0
14410,0.0,344.6362,1693.122314,1736.000122,-0.187066904,-0.9123897244,-0.3640754924,0.0842335635,964.7320708552,2401.5567242317,1.0
14411,0.0,344.747131,1693.101929,1736.021729,-0.1804445821,-0.912273366,-0.3676915263,0.0841250882,964.7728034196,2403.1379996923,1.0
14412,0.0,345.041412,1693.037842,1736.099976,-0.1709494289,-0.9120229476,-0.3728142109,0.0840924274,965.502499437,2405.4020726637,1.0
14413,0.0,345.28363,1692.995239,1736.079712,-0.1570652131,-0.91213855,-0.3785944856,0.083531331,963.3318780073,2407.6888926462,1.0
14414,0.0,345.722076,1692.868164,1736.068481,-0.1358588532,-0.9131731074,-0.3842619523,0.0818255945,954.9106652495,2410.316719476,1.0
14415,0.0,346.480042,1692.663208,1736.086548,-0.1001139792,-0.9143086588,-0.3924498282,0.1112003864,1117.4084192343,2438.1804716235,2.0
14416,0.0,346.96402,1692.630615,1736.063232,-0.0861972686,-0.9145322027,-0.3952225715,0.114764283,1134.6962933838,2439.4584910683,2.0
14417,0.0,347.368774,1692.606323,1736.038452,-0.0765940753,-0.9142801118,-0.3977753447,0.1177078297,1148.7714154546,2440.5484100834,2.0
14418,0.0,347.744995,1692.60437,1735.986206,-0.0726724104,-0.9139593434,-0.3992455878,0.1190330876,1155.6869279496,2442.3942762639,2.0
14419,0.0,348.06778,1692.703735,1736.004883,-0.0724390368,-0.9139276534,-0.3993605267,0.1191206317,1156.7755860543,2443.8533928056,2.0
14420,0.0,348.366974,1692.666382,1735.994019,-0.0724390368,-0.9139276534,-0.3993605267,0.1191803849,1157.7349827347,2445.3058776366,2.0
14421,0.0,348.657867,1692.641479,1735.963257,-0.0724390368,-0.9139276534,-0.3993605267,0.1192606966,1158.6997009677,2446.5715644192,2.0
14422,0.0,349.041809,1692.593872,1735.88623,-0.0705808071,-0.9162646529,-0.3943062712,0.1173259786,1150.6400867033,2448.2448105879,2.0
14423,0.0,349.5383,1692.539795,1735.800049,-0.0696215257,-0.9174552656,-0.3916997303,0.1163962718,1147.4398753295,2450.5616489208,2.0
14424,0.0,349.644196,1692.535767,1735.802734,-0.0696215257,-0.9174552656,-0.3916997303,0.116418902,1148.1479164481,2451.8501887808,2.0
14425,0.0,350.248627,1692.41687,1735.792725,-0.0581494868,-0.9187798774,-0.3904640496,0.1181241466,1157.0993769896,2454.1767246828,2.0
14426,0.0,350.836121,1692.270996,1735.508423,-0.0516500716,-0.9194649739,-0.3897645852,0.1192243932,1163.229451188,2456.4862478624,2.0
14427,0.0,351.399811,1692.15918,1735.407593,-0.045061916,-0.920111399,-0.3890558278,0.1203455968,1169.502502705,2458.9350069265,2.0
14428,0.0,351.86203,1692.114136,1735.275635,-0.036747768,-0.9211260723,-0.3875259481,0.121534432,1175.6931080328,2460.609436184,2.0
14429,0.0,352.044067,1692.116333,1735.127075,-0.033228523,-0.9215323142,-0.3868773178,0.1220717493,1178.5018655785,2461.4056475342,2.0
14430,0.0,352.930603,1691.957642,1735.264893,-0.0150626875,-0.9234053944,-0.3835304329,0.1249838194,1193.3730446293,2465.1696819642,2.0
14431,0.0,353.66925,1691.917114,1735.114136,0.0002525217,-0.9250912571,-0.3797447858,0.1273482287,1205.2811924377,2468.1037533927,2.0
14432,0.0,354.136139,1691.941406,1734.972168,0.0094818126,-0.9256983411,-0.3781437247,0.1292320688,1214.5427380023,2470.1179683564,2.0
14433,0.0,354.813721,1691.952881,1734.983154,0.0185810636,-0.9261076626,-0.3768014616,0.1313323094,1225.1603470018,2473.0967305401,2.0
14434,0.0,355.424652,1691.972046,1734.886963,0.0213756888,-0.9264618882,-0.3757811192,0.1318393984,1228.7989469218,2476.0027332293,2.0
14435,0.0,355.791656,1691.99292,1734.721313,0.0214104052,-0.9264680798,-0.3757638776,0.1319602478,1230.1623161948,2477.6947515369,2.0
14436,0.0,356.402466,1691.989136,1734.674683,0.0214104052,-0.9264680798,-0.3757638776,0.1321103913,1232.2079245349,2480.5038473239,2.0
14437,0.0,357.017853,1691.977539,1734.548828,0.0214104052,-0.9264680798,-0.3757638776,0.132303669,1234.2861740456,2483.0003875284,2.0
14438,0.0,357.397736,1691.967285,1734.355835,0.0214104052,-0.9264680798,-0.3757638776,0.1324548298,1235.6604609353,2484.4467530035,2.0
14439,0.0,358.064667,1691.887085,1734.27124,0.0214104052,-0.9264680798,-0.3757638776,0.132669229,1237.637894721,2486.5538495804,2.0
14440,0.0,358.724396,1691.852295,1734.134521,0.0214104052,-0.9264680798,-0.3757638776,0.1329365096,1240.1503358305,2489.2737308857,2.0
14441,0.0,359.190796,1691.839844,1733.960205,0.0214104052,-0.9264680798,-0.3757638776,0.1331661444,1241.921046101,2490.830872341,2.0
14442,0.0,359.843262,1691.821899,1733.822632,0.0214104052,-0.9264680798,-0.3757638776,0.1334795446,1244.1758809098,2492.6312936939,2.0
14443,0.0,360.351776,1691.816284,1733.716187,0.0214104052,-0.9264680798,-0.3757638776,0.1340304988,1246.1774089866,2491.8723233548,2.0
14444,0.0,361.127899,1691.8302,1733.679688,0.0214104052,-0.9264680798,-0.3757638776,0.1343369608,1248.5738233806,2494.0196008897,2.0
14445,0.0,361.711029,1691.84729,1733.554443,0.0199705625,-0.926500261,-0.3757638129,0.1341768812,1248.7121264811,2495.676259662,2.0
14446,0.0,362.233704,1691.865845,1733.481689,0.0178816147,-0.926070611,-0.3769263473,0.1343174268,1250.0325005067,2497.1017880938,2.0
14447,0.0,363.094452,1691.910034,1733.443848,0.015275408,-0.925525329,-0.3783774931,0.1345746083,1252.1901374752,2499.1928788496,2.0
14448,0.0,363.643188,1692.001709,1733.408447,0.0109685627,-0.9232699788,-0.3839951,0.1360897352,1259.3884326976,2500.5440845275,2.0
14449,0.0,364.252991,1692.093018,1733.397827,0.0069312919,-0.9209835677,-0.3895397607,0.1377111553,1267.0006488836,2501.8931352352,2.0
14450,0.0,365.195099,1692.2052,1733.494019,-0.0040057445,-0.9160315481,-0.4010862214,0.1403763837,1279.2276644552,2503.734601944,2.0
14451,0.0,366.435394,1692.395142,1733.47522,-0.0249089308,-0.9077389364,-0.4187953779,0.1439019973,1295.2311443018,2506.1866720804,2.0
14452,0.0,366.9234925,1692.4401245,1733.539917,-0.0294006378,-0.9056891534,-0.4228732128,0.144979892,1300.1109798812,2507.0051820239,2.0
14453,0.0,367.411591,1692.485107,1733.604614,-0.0338923449,-0.9036393704,-0.4269510477,0.1460577867,1304.9908154605,2507.8236919674,2.0
14454,0.0,368.272156,1692.541382,1733.651489,-0.037826227,-0.9015763458,-0.4309631878,0.1474344597,1311.3537120187,2509.1900569186,2.0
14455,0.0,369.495819,1692.652222,1733.653564,-0.0442053997,-0.8963631268,-0.4411111283,,,,
14456,0.0,369.74942,1692.695557,1733.767578,-0.0455719092,-0.8952542133,-0.4432190143,,,,
14457,0.0,371.253998,1692.623413,1734.255493,-0.0520162411,-0.8921954297,-0.4486442085,,,,
14458,0.0,371.788605,1692.6107175,1734.278259,-0.0540944664,-0.8915360833,-0.449701378,,,,
14459,0.0,372.920471,1692.664795,1734.212769,-0.0570290505,-0.8904448613,-0.4515037501,,,,
14460,0.0,373.447296,1692.643738,1734.2799685,-0.0571484614,-0.8903745018,-0.4516273524,,,,
14461,0.0,374.486053,1692.685913,1734.294678,-0.0572678722,-0.8903041423,-0.4517509547,,,,
14462,0.0,375.42337,1692.704834,1734.383545,-0.0572678722,-0.8903041423,-0.4517509547,,,,
14463,0.0,376.60083,1692.660156,1734.416504,-0.0572678722,-0.8903041423,-0.4517509547,,,,
14464,0.0,377.019562,1692.812012,1734.309448,-0.0572678722,-0.8903041423,-0.4517509547,,,,
14465,0.0,377.77298,1692.862915,1734.208618,-0.0572678722,-0.8903041423,-0.4517509547,,,,
14466,0.0,378.874939,1692.90271,1734.09021,-0.0572678722,-0.8903041423,-0.4517509547,,,,
14467,0.0,379.310791,1693.049927,1733.960449,-0.0596428708,-0.8907408791,-0.450581196,,,,
14468,0.0,380.720093,1693.118896,1733.786133,-0.064008358,-0.8915230205,-0.4484301885,,,,
14469,0.0,381.401978,1693.281494,1733.654419,-0.0679167555,-0.8924952175,-0.4459143427,,,,
14470,0.0,382.48822,1693.393677,1733.502075,-0.0818832291,-0.8961956641,-0.4360372329,0.1443887279,1311.665301257,2534.0366033059,2.0
14471,0.0,383.121735,1693.541992,1733.335815,-0.1022131862,-0.9007925706,-0.4220488233,0.1333638539,1265.2654382524,2535.9036034367,2.0
14472,0.0,384.627167,1693.357666,1735.12146,-0.1174406354,-0.9036556298,-0.4118424454,0.1254086126,1230.3730061343,2537.5803575463,2.0
14473,0.0,386.059906,1693.329346,1736.729004,-0.1350812233,-0.9064104838,-0.4002163139,0.1167147942,1190.4329909024,2539.1242456825,2.0
14474,0.0,387.693756,1693.341797,1737.910156,-0.166021923,-0.9085787353,-0.3833032779,0.1042768936,1129.7849962445,2541.0564233358,2.0
14475,0.0,389.507141,1693.380859,1739.656982,-0.2161948562,-0.9073896486,-0.3604217111,0.0886153211,1046.6885408623,2543.249756871,2.0
14476,0.0,390.639099,1693.428955,1740.870972,-0.2442987419,-0.9048394691,-0.3486884856,0.0815952766,1006.7801599379,2544.6732333601,2.0
14477,0.0,391.706512,1693.45105,1742.120605,-0.2912124339,-0.8980770307,-0.3296254926,0.0722336439,950.0673549417,2545.9943501948,2.0
14478,0.0,393.052704,1693.344971,1744.046021,-0.3557345786,-0.8844668749,-0.3019457845,0.0631713997,891.1509219468,2547.6831577461,2.0
14479,0.0,393.720825,1693.234131,1745.262695,-0.3871110474,-0.8770366638,-0.2845201703,0.0592201887,863.9834894789,2548.4869675158,2.0
14480,0.0,394.247955,1693.032837,1746.446533,-0.415171753,-0.8697573561,-0.2667481152,0.0560889817,841.8322455492,2549.4622659624,2.0
14481,0.0,394.913544,1692.525757,1748.196045,-0.46441861,-0.8555501884,-0.2287995408,0.0516331459,808.9614531711,2550.5166820775,2.0
14482,0.0,395.346252,1692.114868,1749.346924,-0.484864897,-0.8488893288,-0.2104588777,0.0502317924,798.3696043292,2551.0746330067,2.0
14483,0.0,395.878601,1691.383789,1750.294556,-0.5310728229,-0.8301125067,-0.1699261106,0.0508615589,803.4322715606,2551.720456245,2.0
14484,0.0,396.194641,1690.911133,1750.298828,-0.5568654013,-0.8171715213,-0.1487670316,0.0535137349,823.7093750638,2552.205883988,2.0
14485,0.0,396.39621,1690.497925,1750.343506,-0.5760677296,-0.8065671379,-0.13264774,0.0562899725,844.3395955254,2552.618428536,2.0
14486,0.0,396.42514,1689.921143,1750.317871,-0.6039299007,-0.7893381278,-0.1105169445,0.0621700086,886.0882643276,2552.8699101917,2.0
14487,0.0,396.166565,1689.664062,1750.322876,-0.6237307838,-0.7758110821,-0.0952736805,0.0673919259,921.516925269,2553.4507609855,2.0
14488,0.0,395.907227,1688.383423,1749.02356,-0.6282695714,-0.7725047111,-0.0922703468,0.0685129568,928.7289585539,2553.0347872022,2.0
14489,0.0,395.830902,1688.060791,1748.749268,-0.6323144878,-0.7695153772,-0.0895794217,0.0695047868,935.32511738,2553.4118802715,2.0
14490,0.0,395.909241,1687.81958,1748.820923,-0.638073663,-0.7651884984,-0.0857237569,0.0709216953,944.7316282096,2554.135730239,2.0
14491,0.0,395.963043,1687.598999,1748.807617,-0.6416474225,-0.7624610674,-0.0833169,0.0718262715,950.6453304892,2554.4874733102,2.0
14492,0.0,394.259735,1684.537598,1749.500244,-0.7290398282,-0.6823364458,-0.054017624,0.1165667159,1195.5101219393,2551.4722920034,2.0
14493,0.0,392.003754,1681.693115,1749.259521,-0.7757763953,-0.6295599326,-0.0427232466,0.1497171858,1341.4560087229,2548.7166146051,2.0
14494,0.0,390.134003,1680.061768,1748.774414,-0.7972013236,-0.6023475861,-0.040588609,,,,
14495,0.0,389.05014,1679.003784,1748.664917,-0.8071451449,-0.5890089732,-0.0398138733,,,,
14496,0.0,387.309326,1677.484131,1748.639771,-0.8274753886,-0.560234721,-0.0377032982,,,,
14497,0.0,384.633972,1675.260254,1748.665283,-0.8514843422,-0.5233374103,-0.0330510219,,,,
14498,0.0,383.352234,1674.254272,1748.797485,-0.863492025,-0.5034479306,-0.0303595778,,,,
14499,0.0,381.345367,1672.667114,1749.106445,-0.8874990696,-0.4601337708,-0.0249462303,,,,
14500,0.0,380.042725,1671.486084,1749.261353,-0.9012816818,-0.4327244919,-0.0209962864,,,,
14501,0.0,378.071747,1669.457642,1749.431152,-0.9138143233,-0.4057778746,-0.0169616925,,,,
14502,0.0,376.850983,1668.162964,1749.599609,-0.9236009953,-0.3831531714,-0.012443824,,,,
14503,0.0,375.761948,1666.876587,1749.7527465,-0.9292273755,-0.3690576597,-0.0097690545,,,,
14504,0.0,373.223328,1663.920166,1750.015503,-0.9421566882,-0.3351638924,-0.0024372103,,,,
14505,0.0,371.829956,1662.262817,1750.01062,-0.9479492421,-0.318420072,0.0009445546,,,,
14506,0.0,369.553986,1659.536621,1750.063965,-0.955763603,-0.2940807074,0.0056984866,,,,
14507,0.0,368.035675,1657.618164,1750.311646,-0.9603683009,-0.278609223,0.0083443049,,,,
14508,0.0,365.777039,1654.656616,1750.359131,-0.9656731553,-0.2594791616,0.0120798106,,,,
14509,0.0,364.482208,1652.898926,1750.353516,-0.96822819,-0.2496617828,0.0142536388,,,,
14510,0.0,362.391296,1650.046387,1750.203125,-0.972125518,-0.2338574298,0.0168130815,,,,
14511,0.0,360.968048,1648.03479,1750.100342,-0.9741512949,-0.2251440428,0.0184232117,,,,
14512,0.0,359.405823,1645.839966,1749.849243,-0.9760736718,-0.2165037838,0.020156856,,,,
14513,0.0,357.157745,1642.907104,1749.506104,-0.9810065193,-0.1923234955,0.0252563299,,,,
14514,0.0,355.547333,1641.0448,1749.355469,-0.9867867912,-0.1590538433,0.0308820937,,,,
14515,0.0,353.292389,1638.391357,1749.070679,-0.9926516014,-0.1148982863,0.0379629045,,,,
14516,0.0,351.669342,1636.929199,1748.861694,-0.9971734622,-0.0588423732,0.0467189609,,,,
14517,0.0,349.124664,1635.026245,1748.406372,-0.9963961382,0.0568488855,0.062951887,,,,
14518,0.0,347.065704,1633.025269,1748.200317,-0.9907835507,0.1157124622,0.0704171974,,,,
14519,0.0,345.621887,1631.996948,1748.065308,-0.9822979356,0.1709585266,0.0765764192,,,,
14520,0.0,342.999847,1630.192017,1747.952148,-0.9603588151,0.264299776,0.0886373207,,,,
14521,0.0,340.680847,1628.287964,1747.962769,-0.9448725257,0.3131406857,0.0957017298,,,,
14522,0.0,338.244598,1626.538086,1747.95874,-0.9240210248,0.3677331005,0.1046781374,,,,
14523,0.0,336.642578,1625.222534,1748.103027,-0.9171268501,0.3837916641,0.1076210916,,,,
14524,0.0,334.111969,1623.407227,1748.452271,-0.9033217284,0.4139593168,0.112461278,,,,
14525,0.0,331.508453,1621.504639,1748.760376,-0.8942559237,0.432460996,0.1152554981,,,,
14526,0.0,328.900238,1619.755981,1749.082031,-0.8869134285,0.4470207289,0.1164346954,,,,
14527,0.0,326.490692,1618.151001,1749.330444,-0.8810659119,0.4579803898,0.1182236077,,,,
14528,0.0,323.925781,1616.537109,1749.64209,-0.8747366935,0.4699085116,0.1184132921,,,,
14529,0.0,321.974487,1615.331665,1749.787598,-0.8713950522,0.4759156954,0.1190584469,,,,
14530,0.0,318.571411,1613.257324,1749.974976,-0.8623285517,0.4920786742,0.1193651845,,,,
14531,0.0,316.753998,1612.318726,1749.933838,-0.8560576609,0.5027587623,0.1199954502,,,,
14532,0.0,313.875488,1610.887207,1749.709595,-0.846337028,0.5188809472,0.1203170711,,,,
14533,0.0,311.026398,1609.522705,1749.520386,-0.8383551266,0.5316808142,0.1203170538,,,,
14534,0.0,308.228516,1608.229614,1749.311401,-0.832271662,0.5411540405,0.1203170191,,,,
14535,0.0,305.373932,1606.980713,1749.114136,-0.8263711916,0.5501222269,0.1203170365,,,,
14536,0.0,300.151062,1604.831909,1748.887939,-0.8193583026,0.5605138597,0.1203170191,,,,
14537,0.0,296.97345,1603.630615,1748.765015,-0.8168257809,0.5641980631,0.1203170365,,,,
14538,0.0,293.89624,1602.523438,1748.73877,-0.8154435406,0.5661939939,0.1203170538,,,,
14539,0.0,291.041565,1601.561768,1748.792114,-0.8144009804,0.5676925661,0.1203170538,,,,
14540,0.0,288.024933,1600.597412,1748.860474,-0.8137327895,0.5686499396,0.1203170538,,,,
14541,0.0,285.206055,1599.9021,1748.973511,-0.8127904655,0.5699960225,0.1203170538,,,,
14542,0.0,282.253143,1599.245361,1749.119873,-0.8125213944,0.5703795178,0.1203170365,,,,
14543,0.0,279.273193,1598.64563,1749.347534,-0.8125213944,0.5703795178,0.1203170365,,,,
14544,0.0,276.276825,1598.078735,1749.57312,-0.8125213944,0.5703795178,0.1203170365,,,,
14545,0.0,273.441895,1597.36499,1749.588989,-0.8125213944,0.5703795178,0.1203170365,,,,
14546,0.0,270.537109,1596.674438,1749.62207,-0.8138837973,0.56873257,0.1188967123,,,,
14547,0.0,267.433807,1595.961914,1749.660034,-0.8174019737,0.5639226778,0.1176657423,,,,
14548,0.0,264.498993,1595.251465,1749.660278,-0.828134012,0.5485442583,0.1152963786,,,,
14549,0.0,263.618225,1595.136108,1749.656128,-0.8319431904,0.54292922,0.1144481982,,,,
14550,0.0,260.46402,1595.072388,1750.878662,-0.9104427153,0.3989983385,0.109061396,,,,
14551,0.0,257.0961,1593.97876,1750.852051,-0.9430631296,0.3152725244,0.1059960797,,,,
14552,0.0,253.594269,1592.845947,1750.748779,-0.9660651707,0.2367859748,0.1032012023,,,,
14553,0.0,249.139374,1590.908081,1750.618042,-0.9846413294,0.1431423985,0.0999585221,,,,
14554,0.0,245.096024,1588.734497,1750.494873,-0.9945334112,0.0399037835,0.0964934302,,,,
14555,0.0,242.264175,1586.283203,1749.894897,-0.9878383906,-0.1241176081,0.0936489905,,,,
14556,0.0,239.768204,1584.680298,1749.673828,-0.9716476006,-0.2175015546,0.0927039052,,,,
14557,0.0,236.896423,1582.836426,1749.4552,-0.9413297807,-0.3245423021,0.0925772005,,,,
14558,0.0,234.066498,1581.308838,1749.262451,-0.9132183021,-0.3966073321,0.0934609915,,,,
14559,0.0,231.341095,1580.0896,1749.151245,-0.8950888868,-0.4366879671,0.0901082906,,,,
14560,0.0,228.378723,1578.904053,1749.030029,-0.8831413527,-0.4616209958,0.0834709975,,,,
14561,0.0,225.315018,1577.784668,1748.98938,-0.8786263599,-0.4705607842,0.0811681468,,,,
14562,0.0,222.318344,1576.64978,1748.968994,-0.8750487009,-0.4773467395,0.0801864158,,,,
14563,0.0,219.373322,1575.529419,1749.190796,-0.8740940806,-0.4790969285,0.0801602854,,,,
14564,0.0,217.072968,1574.625122,1749.38269,-0.8734077681,-0.4803469573,0.0801602854,,,,
14565,0.0,213.670029,1573.216797,1749.833984,-0.8712475921,-0.4840107973,0.0816160606,,,,
14566,0.0,209.868317,1571.550049,1750.188477,-0.8674698557,-0.4903709796,0.0838591196,,,,
14567,0.0,206.683182,1570.123535,1750.447876,-0.8655488085,-0.4937329597,0.0839822878,,,,
14568,0.0,203.388062,1568.599121,1750.727539,-0.8631998038,-0.4976853535,0.0848256302,,,,
14569,0.0,199.766418,1566.912842,1751.045288,-0.8624106117,-0.4990326069,0.0849375889,,,,
14570,0.0,196.54718,1565.3927,1751.165283,-0.8623858911,-0.4990753228,0.0849376063,,,,
14571,0.0,192.959152,1563.665894,1751.227783,-0.8623858911,-0.4990753228,0.0849376063,,,,
14572,0.0,189.412735,1561.931763,1751.189087,-0.8623858911,-0.4990753228,0.0849376063,,,,
14573,0.0,187.219696,1560.689453,1751.17688,-0.8623858911,-0.4990753228,0.0849376063,,,,
14574,0.0,183.5401,1558.483032,1750.787964,-0.8623858911,-0.4990753228,0.0849376063,,,,
14575,0.0,180.194321,1556.500366,1750.577637,-0.8623858911,-0.4990753228,0.0849376063,,,,
14576,0.0,176.824707,1554.357666,1750.411621,-0.8623858911,-0.4990753228,0.0849376063,,,,
14577,0.0,173.753494,1552.498047,1750.418091,-0.8623858911,-0.4990753228,0.0849376063,,,,
14578,0.0,168.069,1549.836304,1750.717896,-0.8620614081,-0.4996355988,0.0849376063,,,,
14579,0.0,165.916168,1549.192749,1750.848755,-0.8615201702,-0.500567117,0.0849376063,,,,
14580,0.0,163.763336,1548.549194,1750.979614,-0.8609789324,-0.5014986351,0.0849376063,,,,
14581,0.0,157.405914,1547.273193,1751.135742,-0.854136033,-0.5127756293,0.0866763591,,,,
14582,0.0,155.4902115,1546.9963375,1751.236389,-0.8495189016,-0.5200022662,0.088534093,,,,
14583,0.0,151.121567,1546.284668,1751.15918,-0.8398297859,-0.5350132918,0.0919059759,,,,
14584,0.0,146.81308,1545.945557,1751.464844,-0.8297592252,-0.5501146647,0.0941991712,,,,
14585,0.0,143.815216,1545.901001,1751.720825,-0.8212201507,-0.5624317939,0.0962701474,,,,
14586,0.0,139.27829,1545.716064,1751.727051,-0.8112529135,-0.5762659185,0.0989257369,,,,
14587,0.0,135.428253,1545.579956,1751.57019,-0.7975609107,-0.5944524654,0.1025809926,,,,
14588,0.0,131.752365,1545.53125,1751.419312,-0.7901571145,-0.6040345716,0.1038940361,,,,
14589,0.0,127.95948,1545.552612,1751.15979,-0.7834334163,-0.6124042005,0.1057978145,,,,
14590,0.0,124.118065,1545.599609,1750.889038,-0.7708767626,-0.6274983528,0.1095209295,,,,
14591,0.0,120.533203,1545.594727,1750.785645,-0.7637186805,-0.6356978585,0.1123477181,,,,
14592,0.0,117.75985,1545.446411,1750.684692,-0.7580794952,-0.6420327264,0.1144965381,,,,
14593,0.0,113.446388,1544.912231,1750.356689,-0.7525573453,-0.6481652286,0.1163584056,0.1476700994,1102.4014496882,2107.8238944076,2.0
14594,0.0,109.732559,1544.188965,1750.157349,-0.7480595469,-0.6531714311,0.1173626686,0.1451323421,1091.0677373869,2102.8734976421,2.0
14595,0.0,106.199936,1543.321899,1749.938599,-0.7463592491,-0.6549376541,0.118340781,0.1447288292,1087.0640485227,2097.8474801655,2.0
14596,0.0,103.623596,1542.570801,1749.574219,-0.7449308799,-0.6565487616,0.1184132921,0.1441584215,1083.0368716018,2093.8847935556,2.0
14597,0.0,100.542168,1541.562012,1749.598511,-0.7431574902,-0.6584501763,0.1189971014,0.1435372069,1078.3851304969,2089.0484891187,2.0
14598,0.0,96.540588,1539.997437,1749.55481,-0.7385924735,-0.6633563355,0.1201645965,0.1410879807,1066.4101355172,2082.3313497791,2.0
14599,0.0,93.831284,1538.815186,1749.598633,-0.7356646425,-0.6664585923,0.1209565154,0.1395747717,1058.7289575017,2077.6635400469,2.0
14600,0.0,90.155426,1536.963257,1749.719849,-0.7307881297,-0.6715795301,0.1221869234,0.1369101883,1045.7337147748,2070.5529002597,2.0
14601,0.0,87.480072,1535.464966,1750.036621,-0.7278038789,-0.674682191,0.1229042514,0.1353886528,1037.9627880112,2065.8390810931,2.0
14602,0.0,83.495979,1533.36731,1750.053833,-0.7229271828,-0.6796933727,0.1240693655,0.1328556186,1025.5220716965,2059.0462310813,2.0
14603,0.0,81.115959,1531.917114,1750.431885,-0.7183225591,-0.684300126,0.1254832204,0.1303561808,1014.06804745,2054.1012436839,2.0
14604,0.0,77.512024,1529.313843,1751.527954,-0.7108782204,-0.6917678459,0.1269228235,0.1262419398,995.3635678926,2046.5537447463,2.0
14605,0.0,75.442863,1528.057617,1751.307007,-0.7077922359,-0.6949151491,0.126976716,0.1245395879,986.9618485003,2042.1738104,2.0
14606,0.0,72.392212,1525.812622,1751.660156,-0.7044346934,-0.6983184697,0.1269766813,0.1228812419,977.9469262557,2036.2289852401,2.0
14607,0.0,68.898109,1523.245972,1751.850952,-0.6994237444,-0.7032017454,0.1277252169,0.120406022,965.6446331477,2029.8371861874,2.0
14608,0.0,66.22773,1520.938721,1752.05249,-0.6956054346,-0.7069424322,0.1279276241,0.1184923348,955.3693695026,2023.3601322151,2.0
14609,0.0,62.820564,1518.06665,1752.043335,-0.6923396764,-0.7101410391,0.1279276241,0.1170045614,946.7362381438,2016.9864023119,2.0
14610,0.0,60.598022,1516.385864,1752.071411,-0.6890603292,-0.7133234759,0.1279276414,0.1153442537,938.6342139981,2013.1789577064,2.0
14611,0.0,57.49073,1513.590454,1751.895752,-0.6826711266,-0.7194405128,0.1279276414,0.1119340148,922.6904872623,2007.088018968,2.0
14612,0.0,54.58123,1510.924927,1751.44519,-0.6748007892,-0.7268276367,0.1279276414,0.1076888599,903.5858963205,2001.6483408031,2.0
14613,0.0,52.817219,1509.419067,1751.528442,-0.6687794597,-0.7323718709,0.1279276241,0.1045048953,889.3947661428,1998.3194643152,2.0
14614,0.0,49.124958,1506.185059,1750.969971,-0.6595743162,-0.7406728293,0.1279276414,0.0998777725,867.878736082,1992.2042147234,2.0
14615,0.0,46.96748,1504.288818,1750.516968,-0.6536190524,-0.7460255801,0.1273890427,0.0968291196,853.7316858565,1988.7469043541,2.0
14616,0.0,41.612946,1499.285278,1750.298462,-0.6382154332,-0.7594463605,0.1261835426,0.0893440165,817.8956947387,1979.5840071563,2.0
14617,0.0,40.0493855,1497.8064575,1750.3217165,-0.6338271108,-0.7631043044,0.1261045996,0.0873711133,808.1672567436,1977.0894951927,2.0
14618,0.0,38.485825,1496.327637,1750.344971,-0.6294387883,-0.7667622484,0.1260256565,0.08539821,798.4388187484,1974.594983229,2.0
14619,0.0,33.209675,1491.402832,1750.592896,-0.6125798566,-0.7804280062,0.1252120056,0.0780407242,761.5374463453,1966.3396073642,2.0
14620,0.0,31.581673,1489.9780885,1750.6841435,-0.6067026019,-0.7850474209,0.1247252246,0.0755640622,748.8514631641,1963.9985548616,2.0
14621,0.0,29.953671,1488.553345,1750.775391,-0.6008253472,-0.7896668356,0.1242384436,0.0730874002,736.1654799829,1961.6575023589,2.0
14622,0.0,26.921024,1486.319458,1751.231079,-0.5889611094,-0.7985726191,0.1241232603,0.0684874803,712.0935835293,1957.8648727812,2.0
14623,0.0,24.170275,1484.130127,1751.088867,-0.5789118653,-0.806022544,0.1232424882,0.0646080488,691.0748717681,1954.3274139111,2.0
14624,0.0,18.628143,1480.556763,1751.320312,-0.5634236361,-0.8169348226,0.1231718387,0.0593913504,661.4688670376,1948.4031676147,2.0
14625,0.0,14.070349,1478.869629,1752.153564,-0.5545284568,-0.8229987148,0.123171856,0.0568282296,646.3658676215,1945.0947219355,2.0
14626,0.0,10.63655,1477.021851,1751.992188,-0.547165232,-0.8279123711,0.1231718906,0.054641904,633.2056042884,1942.1468269137,2.0
14627,0.0,7.199037,1475.152344,1751.848633,-0.5396434429,-0.8329434862,0.1224340772,0.052345242,619.1723429869,1939.1747833394,2.0
14628,0.0,4.020192,1473.440186,1751.648804,-0.5327716793,-0.8373867196,0.1222203731,0.0503808035,606.9334669632,1936.5719841763,2.0
14629,0.0,1.354514,1472.295898,1751.39563,-0.5291219595,-0.8397520681,0.1218458704,0.0494234377,600.7224902575,1934.7547240327,2.0
14630,0.0,-2.654285,1470.54541,1751.177979,-0.5253912913,-0.8421714156,0.1212901389,0.0485943661,594.9343533714,1931.9785904004,2.0
14631,0.0,-4.893588,1469.563721,1751.024048,-0.5228735167,-0.8437399915,0.1212687605,0.0480436201,591.1544153177,1930.4031676491,2.0
14632,0.0,-7.225014,1468.6521,1750.734131,-0.5200962056,-0.8454548034,0.1212687605,0.0474254846,586.9607069685,1928.8538932694,2.0
14633,0.0,-10.779322,1467.234009,1750.311523,-0.5116708091,-0.8505803142,0.1212687605,0.0452210791,572.7648160323,1926.4469229717,2.0
14634,0.0,-13.829726,1466.019043,1750.039795,-0.503357819,-0.8555260309,0.1212687778,0.0430865949,558.8006277914,1924.4205882647,2.0
14635,0.0,-16.406473,1465.054443,1749.831055,-0.4956897685,-0.8599915936,0.1212687605,0.0411695026,546.029026582,1922.7795378092,2.0
14636,0.0,-18.702444,1464.21814,1749.672241,-0.4906069053,-0.8629013571,0.1212687605,0.0399992224,537.9708188279,1921.3426477117,2.0
14637,0.0,-21.237789,1463.473999,1749.491577,-0.486265591,-0.8653552234,0.1212687605,0.039084479,531.5169930247,1919.9306785982,2.0
14638,0.0,-24.017912,1462.546875,1749.437988,-0.4801811002,-0.8687462223,0.1212687605,0.037763219,522.1814969833,1918.276778708,2.0
14639,0.0,-26.727306,1461.520508,1749.522217,-0.4734033467,-0.8724581131,0.1212687605,0.036304832,511.730236828,1916.5573875341,2.0
14640,0.0,-29.608028,1460.390625,1749.585327,-0.4662250279,-0.8762201487,0.1219527542,0.0349239375,501.5928148768,1914.6968502262,2.0
14641,0.0,-32.390018,1458.96228,1749.784546,-0.4547116777,-0.8822128285,0.1222203557,0.0325143074,483.7413650997,1912.5825141908,2.0
14642,0.0,-35.382378,1457.315796,1749.957275,-0.4443923969,-0.8874556766,0.1222203731,0.0304862014,468.0682273109,1910.1962620288,2.0
14643,0.0,-37.646973,1455.883179,1750.427612,-0.4342299371,-0.8924721544,0.1222203557,0.0285689608,452.8646257359,1908.2285167321,2.0
14644,0.0,-38.891636,1455.041992,1750.652222,-0.4277476325,-0.8955970876,0.1222203731,0.0273856813,443.2566198448,1907.0951641597,2.0
14645,0.0,-42.49255,1452.270996,1751.009888,-0.4060420985,-0.9056445236,0.1222203384,0.0236997613,411.9531928094,1903.4848542147,2.0
14646,0.0,-44.496052,1450.560669,1751.146118,-0.3959181607,-0.9101159238,0.1222203557,0.0221797364,398.2220411715,1901.3133307263,2.0
14647,0.0,-46.15699,1448.963989,1751.42981,-0.3871700916,-0.9138717114,0.1222203557,0.0209639988,386.872805361,1899.3469001413,2.0
14648,0.0,-49.312195,1445.698853,1751.781372,-0.3745738771,-0.9191064067,0.1222203904,0.019390794,371.4420434592,1895.3694081363,2.0
14649,0.0,-51.078762,1443.716797,1751.937256,-0.3661254424,-0.9225043876,0.1222203557,0.0184041208,361.504075787,1892.9891091671,2.0
14650,0.0,-52.567829,1441.866333,1752.090332,-0.3599501765,-0.9249313786,0.1222203557,0.0177413132,354.5715911729,1890.7359879489,2.0
14651,0.0,-54.792416,1438.925659,1752.164917,-0.3511077626,-0.9283240357,0.1222203904,0.0168509283,344.9893478358,1887.1920121295,2.0
14652,0.0,-56.397816,1436.838989,1752.274902,-0.3469342471,-0.9298918286,0.1222203557,0.0164850509,340.8006418481,1884.6795538636,2.0
14653,0.0,-58.389858,1433.867188,1752.426147,-0.3405812933,-0.9322373963,0.1222203731,0.0159373142,334.5313568086,1881.2719060823,2.0
14654,0.0,-59.334202,1432.356079,1752.395508,-0.3375992055,-0.9333214672,0.1222203557,0.0156847135,331.5902415993,1879.568282081,2.0
14655,0.0,-61.543175,1428.718994,1752.260498,-0.3325453171,-0.9351341063,0.1222203557,0.0152864395,326.6745118725,1875.483127658,2.0
14656,0.0,-63.055862,1426.043335,1752.131348,-0.3262474338,-0.9373498795,0.1222203557,0.014791924,320.8735027212,1872.4856786628,2.0
14657,0.0,-64.29335,1423.624634,1751.661865,-0.3190650445,-0.9398189624,0.1222203557,0.014239874,314.3957787534,1869.6496810222,2.0
14658,0.0,-65.702904,1421.082886,1751.308105,-0.3128071863,-0.9419202985,0.1222203557,0.0138167118,309.2222448329,1866.6320439728,2.0
14659,0.0,-67.088326,1418.477783,1751.305054,-0.3053115771,-0.9443765274,0.1222203557,0.0133882585,303.935711318,1863.6449992286,2.0
14660,0.0,-68.097542,1416.498901,1751.076416,-0.2984345932,-0.9465307707,0.1225409878,0.0130713614,299.9871962267,1861.4491310294,2.0
14661,0.0,-70.10955,1412.55127,1750.66394,-0.2886045317,-0.9494960495,0.12314494,0.0127275734,295.3561897083,1857.1396751709,2.0
14662,0.0,-71.26001,1410.110718,1750.760132,-0.281741166,-0.9515516828,0.1231718733,0.012511616,292.4407472286,1854.5087278064,2.0
14663,0.0,-72.410339,1407.687012,1750.814453,-0.2757399817,-0.9533080093,0.1231718387,0.012357976,290.2413286613,1851.8955761631,2.0
14664,0.0,-73.579468,1405.143799,1750.845459,-0.2688006442,-0.9552878663,0.123171856,0.0122214166,288.2181875117,1849.1690056075,2.0
14665,0.0,-76.523125,1399.141968,1751.117798,-0.2548164899,-0.9591127412,0.123171856,0.0121158268,285.9688395313,1842.6661000336,2.0
14666,0.0,-77.84169,1396.694824,1751.179565,-0.2467904641,-0.9612092158,0.1231718733,0.0121312222,285.7304293703,1839.968372396,2.0
14667,0.0,-78.8091165,1395.0928345,1751.244751,-0.2417610619,-0.9624725398,0.1231718646,0.0121871568,286.104143154,1838.1769870131,2.0
14668,0.0,-81.100418,1391.678711,1751.628296,-0.2320189135,-0.964881295,0.1231718733,0.0123482225,287.372860664,1834.3127181335,2.0
14669,0.0,-83.110558,1388.944092,1751.783203,-0.2271169335,-0.9660468894,0.123171856,0.0124593991,288.1738346768,1831.2514923217,2.0
14670,0.0,-84.796577,1386.462036,1751.631348,-0.2215768376,-0.9673326184,0.1231718733,0.0125643775,289.2072382859,1830.1729642275,2.0
14671,0.0,-87.149689,1383.526001,1751.671143,-0.2140222751,-0.9690320736,0.123171856,0.0128065104,291.4735773769,1827.1058588505,2.0
14672,0.0,-87.469067,1383.182129,1751.7106325,-0.2131737062,-0.9692187111,0.123171856,0.012837956,291.757816311,1826.6627590901,2.0
14673,0.0,-87.788445,1382.838257,1751.750122,-0.2123251374,-0.9694053486,0.123171856,0.0128694016,292.042055245,1826.2196593297,2.0
14674,0.0,-93.173355,1377.210083,1751.315796,-0.2016770736,-0.971676411,0.1231718733,0.0132087014,294.7474750907,1819.4658477818,2.0
14675,0.0,-95.475967,1374.750977,1751.194702,-0.1952322235,-0.9729918154,0.123171856,0.0134697226,297.1840226216,1816.7640892626,2.0
14676,0.0,-101.638969,1373.222046,1750.701294,-0.1913690945,-0.9737589864,0.123171856,0.0134670445,296.6910047236,1813.9292516909,2.0
14677,0.0,-103.884171,1371.100342,1750.701294,-0.1889102017,-0.9742389981,0.1231718733,0.0135499871,297.2067163086,1811.5501397986,2.0
14678,0.0,-105.943817,1369.208008,1750.701294,-0.1872351286,-0.9745623079,0.1231718906,0.0135991597,297.4054577022,1809.5036007524,2.0
14679,0.0,-109.152161,1366.362915,1750.701294,-0.1864142614,-0.9747196608,0.123171856,0.0135686471,296.589642674,1806.5539107232,2.0
14680,0.0,-110.915642,1364.847656,1750.701294,-0.1864142614,-0.9747196608,0.123171856,0.0135251466,295.8804247975,1805.1101436976,2.0
14681,0.0,-113.168266,1362.936523,1750.701294,-0.1864142614,-0.9747196608,0.123171856,0.0134685197,294.9970705158,1803.4746620946,2.0
14682,0.0,-115.6306,1360.866699,1750.701294,-0.1864142614,-0.9747196608,0.123171856,0.0134123978,294.1169078473,1801.8262832114,2.0
14683,0.0,-117.831505,1359.074463,1750.701294,-0.1864142614,-0.9747196608,0.123171856,0.013358987,293.2737310486,1800.2246426534,2.0
14684,0.0,-120.383919,1356.999634,1750.701294,-0.1864142614,-0.9747196608,0.123171856,0.0133038958,292.3671087169,1798.3465031961,2.0
14685,0.0,-123.660736,1354.396973,1750.701294,-0.185523687,-0.9748895606,0.123171856,0.0132627811,291.6643135385,1796.7836223007,2.0
14686,0.0,-125.683578,1352.812866,1750.701294,-0.1854796859,-0.9748979331,0.123171856,0.0132086084,290.9147619004,1795.8129229801,2.0
14687,0.0,-128.414597,1350.697388,1750.701294,-0.1854796859,-0.9748979331,0.123171856,0.0131383172,289.9712041092,1794.7385176298,2.0
14688,0.0,-130.152847,1349.363403,1750.701294,-0.1854796859,-0.9748979331,0.123171856,0.0130901001,289.3364706679,1794.083323334,2.0
14689,0.0,-133.654282,1346.673462,1750.701294,-0.1826807456,-0.9754262858,0.123171856,0.0131622492,289.9589260782,1793.0410223192,2.0
14690,0.0,-135.45694,1345.2948,1750.701294,-0.1806362088,-0.9758069736,0.1231718733,0.0132094699,290.3874341021,1792.4996706195,2.0
14691,0.0,-138.223816,1343.147461,1750.701294,-0.1734789611,-0.9772070383,0.1223578948,0.0134146108,292.4666973597,1791.5699279815,2.0
14692,0.0,-140.907669,1341.021729,1750.701294,-0.1615565806,-0.9793800284,0.1213022313,0.0139789722,298.3512679344,1790.5990368849,2.0
14693,0.0,-142.293274,1339.755005,1750.701294,-0.1536034199,-0.9807489235,0.1205717148,0.0144313018,303.0941642724,1790.5331305706,2.0
14694,0.0,-144.629196,1337.495972,1750.701294,-0.1437536624,-0.9823519151,0.119664529,0.0150664687,309.4204724237,1789.247109749,2.0
14695,0.0,-146.932236,1334.981445,1750.701294,-0.1265107255,-0.9848471802,0.1186215328,0.0165652493,324.0910775507,1787.9654691618,2.0
14696,0.0,-148.867691,1332.365234,1750.701294,-0.0981228773,-0.9883205932,0.1165946227,0.0197182999,353.0876677545,1786.8344955401,2.0
14697,0.0,-150.106003,1330.605225,1750.701294,-0.0884866579,-0.9893937546,0.1151959627,0.0208651534,362.9338869641,1785.990052843,2.0
14698,0.0,-151.829636,1327.818481,1750.701294,-0.0666351462,-0.9914439717,0.112243522,0.0239028945,387.8743443457,1784.6853815274,2.0
14699,0.0,-153.388641,1325.011719,1750.701294,-0.0486393582,-0.9927443493,0.1099675852,0.0267940425,410.0704521939,1783.4180066456,2.0
14700,0.0,-154.397568,1323.017944,1750.701294,-0.0382506618,-0.9934319387,0.1078418748,0.0285143397,422.6223700536,1782.4773109314,2.0
14701,0.0,-155.980988,1319.582764,1750.701294,-0.0238840781,-0.9942834969,0.104066703,0.030997523,439.9650869061,1780.8674180876,2.0
14702,0.0,-156.863144,1317.436035,1750.701294,-0.0179804141,-0.9946358475,0.1018638087,0.0320072571,446.632640857,1779.5675734147,2.0
14703,0.0,-157.922195,1314.64624,1750.701294,-0.0133565413,-0.9949195861,0.0997828647,0.0328353508,451.9924916641,1778.4433436541,2.0
14704,0.0,-158.993011,1311.546753,1750.701294,-0.0108356672,-0.9951485407,0.0977853277,0.0332342289,454.3230442787,1777.0336085909,2.0
14705,0.0,-159.915421,1308.581665,1750.701294,-0.009974643,-0.9952002978,0.0973492359,0.0334634075,455.5321503355,1775.7545517788,2.0
14706,0.0,-160.98526,1304.887329,1750.701294,-0.0094649678,-0.9952052756,0.0973492359,0.0336767291,456.4510658941,1773.7884164816,2.0
14707,0.0,-161.718124,1302.034058,1750.701294,-0.0094462781,-0.9952054532,0.0973492359,0.0337739342,456.7382871167,1772.3923526277,2.0
14708,0.0,-163.072617,1295.922852,1750.701294,-0.0094462781,-0.9952054532,0.0973492359,0.034017924,457.5695992756,1769.348907365,2.0
14709,0.0,-163.437088,1294.0227055,1750.701294,-0.0094462781,-0.9952054532,0.0973492359,0.0340922666,457.829692094,1768.4588261959,2.0
14710,0.0,-163.801559,1292.122559,1750.701294,-0.0094462781,-0.9952054532,0.0973492359,0.0341666092,458.0897849124,1767.5687450268,2.0
14711,0.0,-164.858307,1285.773071,1750.701294,-0.0094462781,-0.9952054532,0.0973492359,0.0344429281,459.0164590466,1764.1495442358,2.0
14712,0.0,-165.435104,1281.796021,1750.701294,-0.0094468082,-0.9952887564,0.0964937776,0.0345788542,459.4348027652,1762.3443845005,2.0
14713,0.0,-165.81488,1278.934448,1750.701294,-0.0094471596,-0.9952983246,0.0963950008,0.0347481222,460.1707393155,1760.9386259361,2.0
14714,0.0,-166.260757,1275.227661,1750.701294,-0.0094471596,-0.9952983246,0.0963950008,0.0349863241,461.2516224237,1759.1625077274,2.0
14715,0.0,-166.607468,1272.146362,1750.701294,-0.0094471596,-0.9952983246,0.0963950008,0.035192299,462.0949322443,1757.3058723251,2.0
14716,0.0,-167.066055,1267.80481,1750.701294,-0.0094471596,-0.9952983246,0.0963950008,0.0354380739,463.0226177216,1754.826926344,2.0
14717,0.0,-167.32579,1265.05188,1750.701294,-0.0094471596,-0.9952983246,0.0963950008,0.0356236006,463.7749380369,1753.1780134685,2.0
14718,0.0,-167.725647,1260.473877,1750.701294,-0.0094471596,-0.9952983246,0.0963950008,0.0359683865,465.1371211191,1750.0331902905,2.0
14719,0.0,-168.060196,1256.273071,1750.701294,-0.0094471596,-0.9952983246,0.0963950008,0.0362139874,465.9315356359,1747.176789326,2.0
14720,0.0,-168.271439,1253.397583,1750.701294,-0.0094471596,-0.9952983246,0.0963950008,0.036413619,466.6208600905,1745.0473780843,2.0
14721,0.0,-168.563889,1249.121094,1750.701294,-0.0094471596,-0.9952983246,0.0963950008,0.0366587485,467.258587129,1741.6888764962,2.0
14722,0.0,-168.820435,1245.049316,1750.701294,-0.0094471596,-0.9952983246,0.0963950008,0.036908534,468.0148197007,1738.7051483468,2.0
14723,0.0,-169.001816,1241.949219,1750.701294,-0.0094471596,-0.9952983246,0.0963950008,0.0370822416,468.4307433629,1736.2463629054,2.0
14724,0.0,-169.238785,1237.619873,1750.701294,-0.0094471596,-0.9952983246,0.0963950008,0.0373137775,468.8933560019,1732.6627282071,2.0
14725,0.0,-169.403809,1234.37207,1750.701294,-0.0094471596,-0.9952983246,0.0963950008,0.0374615743,469.0828241655,1730.0053034652,2.0
14726,0.0,-169.560669,1231.101929,1750.701294,-0.0094471596,-0.9952983246,0.0963950008,0.0376115308,469.2364017606,1727.1843697736,2.0
14727,0.0,-169.757889,1226.689819,1750.701294,-0.0094471596,-0.9952983246,0.0963950008,0.0378176089,469.4773638856,1723.4470186535,2.0
14728,0.0,-169.90155,1223.243042,1750.701294,-0.0094471596,-0.9952983246,0.0963950008,0.0379525393,469.4666790789,1720.4006557079,2.0
14729,0.0,-170.037506,1219.202759,1750.701294,-0.006976632,-0.9953981506,0.0955711695,0.0386569629,472.7248222255,1716.7923240536,2.0
14730,0.0,-170.097961,1215.542847,1750.701416,0.0007679894,-0.9957804629,0.0917642632,0.0404258284,482.2699793563,1713.4834385532,2.0
14731,0.0,-170.109222,1214.8982545,1750.701416,0.0019094081,-0.9958305284,0.0911936505,0.0406987292,483.6938850546,1712.9022888285,2.0
14732,0.0,-170.120483,1214.253662,1750.701416,0.0030508268,-0.995880594,0.0906230378,0.04097163,485.1177907529,1712.3211391038,2.0
14733,0.0,-170.139847,1206.055176,1750.701416,0.0280278639,-0.996511062,0.0786138806,0.0472316213,517.5753416205,1704.2440383135,2.0
14734,0.0,-170.070648,1201.637329,1750.701416,0.0454833985,-0.9964431276,0.0709390863,0.0520350491,541.2330480289,1699.987599594,2.0
14735,0.0,-169.776886,1196.771606,1750.701538,0.087476545,-0.9946109616,0.0556497005,0.0650415794,601.4444345483,1695.3686677514,2.0
14736,0.0,-169.462952,1193.166016,1750.701416,0.1243730553,-0.991328124,0.0424251531,0.0780787435,655.5102706417,1692.1750903915,2.0
14737,0.0,-169.079498,1189.371338,1750.701416,0.1646323455,-0.9859396354,0.0286221257,0.0941643877,715.339678089,1688.59793001,2.0
14738,0.0,-168.619873,1185.296509,1750.701416,0.2062669199,-0.9784010357,0.0136151023,0.1127563451,777.1701631745,1684.7351501551,2.0
14739,0.0,-168.162094,1181.528687,1750.701294,0.2401798565,-0.9707283962,-0.0001316851,0.1294347749,827.1909263011,1681.1011580164,2.0
14740,0.0,-167.807709,1178.169556,1750.701294,0.254558242,-0.9670373217,-0.0062385866,0.1371548025,848.1466015499,1677.94234206,2.0
14741,0.0,-167.319656,1174.40332,1750.701416,0.2747468876,-0.9613892284,-0.0156492573,0.1481408148,877.0257901375,1674.445513173,2.0
14742,0.0,-166.778839,1170.460327,1750.701294,0.2899184399,-0.9567744581,-0.0230203078,,,,
14743,0.0,-166.249527,1167.24292,1750.701416,0.3063672692,-0.9514260774,-0.0304551427,,,,
14744,0.0,-165.802826,1164.722412,1750.701416,0.3176326954,-0.9475652723,-0.035064591,,,,
14745,0.0,-165.051559,1160.539673,1750.701416,0.3298347697,-0.9431966188,-0.0398643082,,,,
14746,0.0,-164.087036,1155.661865,1750.701294,0.3451074746,-0.9374774845,-0.0451308879,,,,
14747,0.0,-164.016393,1155.3567706667,1750.7013346667,0.3466920135,-0.9368667674,-0.0455972089,,,,
14748,0.0,-163.94575,1155.0516763333,1750.7013753333,0.3482765524,-0.9362560504,-0.04606353,,,,
14749,0.0,-163.875107,1154.746582,1750.701416,0.3498610913,-0.9356453333,-0.046529851,,,,
14750,0.0,-163.875107,1154.746582,1750.701416,0.3498610913,-0.9356453333,-0.046529851,,,,
14751,0.0,-160.729797,1141.483887,1750.701294,0.679650161,-0.7256086142,-0.1075536965,,,,
14752,0.0,-159.761841,1135.978516,1750.701416,0.4290961338,-0.90098768,-0.0640133452,,,,
14753,0.0,-158.73732,1130.900269,1750.701416,0.5405164058,-0.8376831781,-0.0782873442,,,,
14754,0.0,-158.393372,1124.340698,1750.701294,0.5454654687,-0.834409608,-0.0789178598,,,,
14755,0.0,-158.203186,1122.215149,1750.702942,0.5793061339,-0.8094513039,-0.0858855819,,,,
14756,0.0,-158.013,1120.0896,1750.70459,0.613146799,-0.7844929998,-0.092853304,,,,
14757,0.0,-157.748764,1114.358643,1750.702393,0.7277504611,-0.6749264296,-0.1218752679,,,,
14758,0.0,-157.570328,1111.542358,1750.702637,0.7805690649,-0.6091936874,-0.1399820922,,,,
14759,0.0,-156.668549,1107.298096,1750.702393,0.8557004298,-0.4890265277,-0.1692035154,,,,
14760,0.0,-156.067337,1104.921143,1750.706055,0.8905153248,-0.4158534925,-0.184521893,,,,
14761,0.0,-155.093124,1100.324219,1750.702148,0.9270510311,-0.3141964499,-0.2045897762,,,,
14762,0.0,-154.134781,1097.599487,1750.712769,0.9533912118,-0.1997915914,-0.226116159,,,,
14763,0.0,-152.995667,1094.87915,1750.70813,0.9656822577,-0.0714708278,-0.249699215,,,,
14764,0.0,-152.7094805,1094.056213,1750.7052615,0.965486043,-0.0402222476,-0.2553630366,,,,
14765,0.0,-152.423294,1093.233276,1750.702393,0.9652898283,-0.0089736674,-0.2610268583,,,,
14766,0.0,-149.351944,1087.629517,1750.704102,0.929072531,0.2225274523,-0.2954754897,,,,
14767,0.0,-147.157623,1083.169189,1750.700684,0.8886069412,0.3505560062,-0.2957840268,,,,
14768,0.0,-145.241974,1080.200439,1750.701294,0.8805036776,0.3722559161,-0.2934941339,,,,
14769,0.0,-143.347748,1077.3479,1750.701294,0.8805036776,0.3722559161,-0.2934941339,,,,
14770,0.0,-141.430023,1074.754761,1750.701294,0.8805036776,0.3722559161,-0.2934941339,,,,
14771,0.0,-139.244797,1072.208862,1750.701294,0.8805036776,0.3722559161,-0.2934941339,,,,
14772,0.0,-136.678635,1069.758911,1750.701294,0.8805036776,0.3722559161,-0.2934941339,,,,
14773,0.0,-134.476532,1067.9021,1750.701294,0.8805036776,0.3722559161,-0.2934941339,,,,
14774,0.0,-131.423431,1065.786621,1750.701294,0.8805036776,0.3722559161,-0.2934941339,,,,
14775,0.0,-129.378998,1064.679688,1750.701294,0.8805036776,0.3722559161,-0.2934941339,,,,
14776,0.0,-126.277908,1063.284668,1750.701294,0.8805036776,0.3722559161,-0.2934941339,,,,
14777,0.0,-124.133171,1062.516235,1750.701294,0.8805036776,0.3722559161,-0.2934941339,,,,
14778,0.0,-121.1315,1061.720215,1750.701294,0.8805036776,0.3722559161,-0.2934941339,,,,
14779,0.0,-117.209404,1060.908325,1750.701294,0.8805036776,0.3722559161,-0.2934941339,,,,
14780,0.0,-114.876045,1060.559326,1750.701294,0.8805036776,0.3722559161,-0.2934941339,,,,
14781,0.0,-114.2790945,1060.515503,1750.701294,0.8805036776,0.3722559161,-0.2934941339,,,,
14782,0.0,-113.682144,1060.47168,1750.701294,0.8805036776,0.3722559161,-0.2934941339,,,,
14783,0.0,-107.042999,1060.177856,1750.700928,0.8778285235,0.3611023438,-0.3146778998,,,,
14784,0.0,-101.879448,1060.752686,1750.708008,0.8296962852,0.4328709144,-0.3524582895,,,,
14785,0.0,-99.937164,1061.213501,1750.704224,0.7886065689,0.490792749,-0.3704350915,,,,
14786,0.0,-96.881042,1062.342041,1750.702026,0.6800593111,0.6098084562,-0.4070048897,,,,
14787,0.0,-94.419991,1063.817383,1750.704956,0.5658878135,0.6974252405,-0.4397374403,,,,
14788,0.0,-92.796013,1064.981567,1750.714111,0.4752897239,0.7469635865,-0.4649140553,,,,
14789,0.0,-89.446793,1067.221313,1750.707764,0.3357097393,0.7971900354,-0.5017838363,,,,
14790,0.0,-87.194466,1069.074219,1750.706055,0.2158426024,0.8182705847,-0.5327712654,,,,
14791,0.0,-83.804153,1073.417358,1750.705688,-0.043967857,0.794853003,-0.6052070152,,,,
14792,0.0,-82.285126,1076.005493,1750.703857,-0.1689904359,0.746561496,-0.6434968262,,,,
14793,0.0,-81.708645,1077.1536865,1750.7058105,-0.2041319127,0.7262621014,-0.6550519166,,,,
14794,0.0,-80.246307,1080.098633,1750.704956,-0.2751183185,0.6807399709,-0.6788983745,,,,
14795,0.0,-79.100021,1082.897461,1750.701904,-0.3183875851,0.645030169,-0.6946692931,,,,
14796,0.0,-78.270149,1085.4198,1750.701416,-0.3374578576,0.6268071599,-0.7023068977,,,,
14797,0.0,-77.59478,1088.069092,1750.701294,-0.3457757404,0.6199691883,-0.7043275821,,,,
14798,0.0,-77.601685,1088.603271,1752.417725,-0.3464524567,0.6194430818,-0.7044579218,,,,
14799,0.0,-77.941856,1088.501831,1756.411377,-0.3464524567,0.6194430818,-0.7044579218,,,,
14800,0.0,-78.157516,1088.61499,1759.354492,-0.3475619515,0.6220052526,-0.7016481708,,,,
14801,0.0,-78.376472,1088.70752,1762.574463,-0.3487331776,0.6247149762,-0.698653254,,,,
14802,0.0,-78.658775,1088.871948,1766.739746,-0.3483975967,0.631232757,-0.6929389015,,,,
14803,0.0,-78.847992,1088.990845,1769.577759,-0.347695951,0.6362667284,-0.6886742161,,,,
14804,0.0,-79.049423,1089.120361,1772.714844,-0.3454330639,0.6400476841,-0.6863052968,,,,
14805,0.0,-79.227119,1089.275635,1775.500122,-0.3414162851,0.6442123137,-0.6844161126,,,,
14806,0.0,-79.476555,1089.451172,1779.756958,-0.3365096268,0.6489483287,-0.6823689161,,,,
14807,0.0,-79.655212,1089.592651,1782.876343,-0.3320244994,0.651965464,-0.6816896402,,,,
14808,0.0,-79.844025,1089.708252,1786.065186,-0.3294536144,0.653305576,-0.6816539741,,,,
14809,0.0,-80.025978,1089.80188,1789.079346,-0.3282076894,0.6539323379,-0.6816540251,,,,
14810,0.0,-80.23175,1089.887939,1792.430298,-0.3280290451,0.6540220752,-0.681653923,,,,
14811,0.0,-80.592323,1086.56665,1792.713745,-0.3280290451,0.6540220752,-0.681653923,,,,
14812,0.0,-81.262543,1083.576538,1792.416138,-0.3280290451,0.6540220752,-0.681653923,,,,
14813,0.0,-82.214546,1081.351929,1791.940674,-0.3268255968,0.6546242349,-0.6816539741,,,,
14814,0.0,-83.318855,1079.921021,1791.337524,-0.3210866773,0.6580814691,-0.6810522195,,,,
14815,0.0,-85.006927,1078.845703,1790.359497,-0.3097793475,0.6664510802,-0.6781443162,,,,
14816,0.0,-86.752106,1078.617798,1789.308838,-0.2997947621,0.6745431307,-0.6746218685,,,,
14817,0.0,-88.360703,1078.560181,1788.183228,-0.2877306039,0.684723102,-0.6696009059,,,,
14818,0.0,-90.384102,1078.527222,1786.563477,-0.2725194182,0.6984244921,-0.6617676296,,,,
14819,0.0,-91.898331,1078.567139,1785.152588,-0.2576383832,0.7114768798,-0.6537760419,,,,
14820,0.0,-93.865211,1078.607788,1783.161255,-0.2421670417,0.7249541889,-0.6448228811,,,,
14821,0.0,-95.493111,1078.75415,1781.219849,-0.223014834,0.7426096693,-0.6315023855,,,,
14822,0.0,-97.247063,1078.791016,1779.050049,-0.2065167027,0.7568510774,-0.6201026513,,,,
14823,0.0,-99.035934,1078.895874,1776.567139,-0.1851810981,0.7781627473,-0.6001422328,,,,
14824,0.0,-100.713234,1079.057495,1773.9646,-0.1638780513,0.8030716773,-0.5729047612,,,,
14825,0.0,-102.540245,1079.227417,1771.134399,-0.1462987882,0.8222096995,-0.5500617007,,,,
14826,0.0,-104.459106,1079.411621,1768.011597,-0.1324048122,0.8408808728,-0.5247745454,,,,
14827,0.0,-106.363449,1079.600586,1764.772461,-0.1227094751,0.8569861485,-0.5005168588,,,,
14828,0.0,-108.149178,1079.778564,1761.615601,-0.1162975675,0.868642515,-0.4815963631,,,,
14829,0.0,-111.600464,1080.25415,1755.063843,-0.0905615301,0.8926417108,-0.4415760244,,,,
14830,0.0,-112.679146,1080.427063,1753.1170655,-0.0829096337,0.8972476818,-0.4335062894,,,,
14831,0.0,-113.757828,1080.599976,1751.170288,-0.0752577373,0.9018536529,-0.4254365543,,,,
14832,0.0,-115.425407,1081.26123,1750.681763,-0.037479157,0.9131317291,-0.4059381211,,,,
14833,0.0,-116.700401,1082.199951,1750.702515,0.0130729307,0.9195418809,-0.3927745253,,,,
14834,0.0,-117.648674,1083.279541,1750.702515,0.066995882,0.9211758855,-0.3833360663,,,,
14835,0.0,-119.377113,1085.948242,1750.702515,0.1474820916,0.917779887,-0.3686856543,,,,
14836,0.0,-120.41378,1087.666138,1750.702515,0.1914604694,0.9128598509,-0.3605964244,,,,
14837,0.0,-121.213829,1089.485229,1750.702515,0.2250173046,0.9079884822,-0.3534460762,,,,
14838,0.0,-121.782806,1091.319824,1750.702515,0.2400768622,0.9054407939,-0.3500572366,,,,
14839,0.0,-122.421509,1093.756958,1750.702515,0.2521814779,0.9032112817,-0.3472950948,,,,
14840,0.0,-122.822563,1096.060547,1750.702515,0.2596843509,0.9014909418,-0.3462341978,,,,
14841,0.0,-123.050323,1098.476318,1750.702515,0.2666434248,0.8998009059,-0.3453398525,,,,
14842,0.0,-123.183403,1101.029297,1750.702515,0.2736248317,0.8977288941,-0.3452713196,,,,
14843,0.0,-123.188728,1103.641235,1750.702515,0.282929485,0.8948399919,-0.345271336,,,,
14844,0.0,-123.083557,1106.436157,1750.702515,0.2951512667,0.8908835133,-0.345271336,,,,
14845,0.0,-122.875305,1109.189941,1750.702515,0.313539031,0.8845795374,-0.3452713688,,,,
14846,0.0,-122.369499,1111.963257,1750.702515,0.3385319322,0.8753192633,-0.3452713688,,,,
14847,0.0,-121.637108,1114.17688,1750.702026,0.3643837997,0.865053907,-0.3448277607,,,,
14848,0.0,-120.594215,1117.019409,1750.701294,0.3900862323,0.8539538851,-0.3443769643,,,,
14849,0.0,-119.510345,1119.118774,1750.701294,0.4301596208,0.8354362191,-0.342065819,,,,
14850,0.0,-118.201202,1121.055054,1750.701294,0.4692528973,0.8149514755,-0.3400820652,,,,
14851,0.0,-116.228889,1123.74353,1750.701294,0.5086651131,0.7918013521,-0.3380982423,,,,
14852,0.0,-114.368195,1125.744751,1750.701294,0.5598639127,0.7568779802,-0.337176693,,,,
14853,0.0,-112.239883,1127.263428,1750.701294,0.6095746831,0.7178378375,-0.3363443842,,,,
14854,0.0,-110.691612,1128.087891,1750.701294,0.6662305115,0.6660281002,-0.3354749995,,,,
14855,0.0,-109.423737,1129.260864,1750.701294,0.7224115624,0.6051427013,-0.3345502137,,,,
14856,0.0,-108.826752,1130.404175,1750.701294,0.780110404,0.5312309469,-0.3304866695,,,,
14857,0.0,-108.069565,1131.307983,1750.701294,0.8321324651,0.4498053595,-0.3243928161,,,,
14858,0.0,-106.756096,1131.620728,1750.701294,0.8741894999,0.3684197363,-0.3163220135,,,,
14859,0.0,-105.164406,1131.378174,1750.701294,0.9143755088,0.2653884265,-0.3057554774,,,,
14860,0.0,-103.380486,1130.147949,1750.701294,0.9512743959,0.100680978,-0.2914453025,,,,
14861,0.0,-101.75425,1128.916626,1750.701294,0.9592534153,-0.0421127051,-0.2793911331,,,,
14862,0.0,-100.369637,1127.03479,1750.701294,0.9348031524,-0.2372591841,-0.2642936736,,,,
14863,0.0,-99.720093,1124.526367,1750.701294,0.8560628079,-0.4509724092,-0.2525477285,,,,
14864,0.0,-99.837219,1122.266724,1750.701294,0.7522781017,-0.6125224947,-0.2426805539,,,,
14865,0.0,-100.248924,1120.098877,1750.701294,0.6386343281,-0.7330351447,-0.2341061119,,,,
14866,0.0,-101.252357,1117.854248,1750.701294,0.5067855872,-0.8325170361,-0.2237939972,,,,
14867,0.0,-102.69735,1116.189331,1750.701294,0.3746308336,-0.9024474946,-0.2126975742,,,,
14868,0.0,-104.35347,1115.440918,1750.701294,0.254609084,-0.9467845676,-0.1969091081,,,,
14869,0.0,-105.607811,1115.033813,1750.701294,0.1930807572,-0.9638389722,-0.1836688784,0.1425217484,841.0869146324,1634.7014087866,2.0
14870,0.0,-107.322861,1114.681274,1750.701294,0.137986733,-0.9766503467,-0.1646625693,0.1131812098,755.3957482983,1634.6405715993,2.0
14871,0.0,-108.478394,1114.578979,1750.701294,0.1258957586,-0.9803532558,-0.1518477917,0.1059756751,732.4761299566,1634.9241327438,2.0
14872,0.0,-110.332367,1114.471558,1750.701294,0.1115513516,-0.9843219391,-0.1366258252,0.0976369451,704.6004797552,1634.8922749562,2.0
14873,0.0,-112.208817,1114.376587,1750.701294,0.1104130112,-0.9861343916,-0.1238867578,0.095214541,696.2759092011,1634.9583605133,2.0
14874,0.0,-116.265106,1114.186523,1750.701294,0.1270670217,-0.9869739477,-0.0986731903,0.0988703457,708.7183823376,1634.6877303302,2.0
14875,0.0,-118.538582,1114.044434,1750.701294,0.140616096,-0.9858191591,-0.0915843823,0.1034767381,724.0954614738,1634.539324445,2.0
14876,0.0,-120.666336,1113.881592,1750.701294,0.1582919956,-0.9836058261,-0.0863899468,0.1102941348,746.1898308717,1634.4664544016,2.0
14877,0.0,-123.233727,1113.650879,1750.701294,0.1787674754,-0.9805944269,-0.0804783182,0.1185867743,771.8856358334,1634.1530727528,2.0
14878,0.0,-126.068329,1113.353271,1750.701294,0.2048924595,-0.9759632834,-0.0742613601,0.1299392954,805.3980716078,1633.8511169785,2.0
14879,0.0,-128.169861,1112.882935,1750.701294,0.2209689023,-0.9726891724,-0.0710529254,0.1371418066,825.582778598,1633.374585369,2.0
14880,0.0,-130.845352,1112.1604,1750.701294,0.2363987538,-0.969275161,-0.0679800818,0.1441907044,844.3407371502,1632.2340698941,2.0
14881,0.0,-133.484802,1111.198975,1750.701294,0.2526736381,-0.9652553181,-0.0666198438,,,,
14882,0.0,-135.796295,1110.062256,1750.701294,0.2899564091,-0.9546325419,-0.0678379743,,,,
14883,0.0,-138.451431,1108.620605,1750.701294,0.3254514906,-0.9430217289,-0.0692195501,,,,
14884,0.0,-140.899658,1107.024902,1750.701294,0.3836437806,-0.9200055123,-0.0800456552,,,,
14885,0.0,-143.176498,1105.282593,1750.701294,0.4558771265,-0.8848483628,-0.0960178127,,,,
14886,0.0,-144.58342,1103.850708,1750.702026,0.5472959537,-0.82868649,-0.1172426563,,,,
14887,0.0,-146.13913,1102.275391,1750.701294,0.6303549443,-0.7639400527,-0.1380153614,,,,
14888,0.0,-147.238983,1101.102417,1750.703491,0.6940438932,-0.7037419819,-0.1518232436,,,,
14889,0.0,-148.569748,1099.400635,1750.70166,0.7670650046,-0.6187943082,-0.1694251542,,,,
14890,0.0,-149.747879,1097.89563,1750.706421,0.8302943374,-0.5241731498,-0.189351056,,,,
14891,0.0,-150.991592,1096.137451,1750.701416,0.8847316705,-0.4157962001,-0.2106261884,,,,
14892,0.0,-152.11937,1094.76062,1750.703003,0.9268363876,-0.2923981425,-0.235536912,,,,
14893,0.0,-153.225769,1092.61145,1750.70166,0.9487476809,-0.1866398806,-0.2550360619,,,,
14894,0.0,-154.073898,1090.134277,1750.701416,0.9577220928,-0.099189242,-0.2700553412,,,,
14895,0.0,-154.192764,1087.550537,1750.701294,0.9588976774,-0.0352261877,-0.2815570279,,,,
14896,0.0,-153.906281,1085.693726,1750.702271,0.9576688663,-0.0025376811,-0.2878609087,,,,
14897,0.0,-153.357574,1082.416504,1750.701416,0.9543569158,0.0397331017,-0.2960137798,,,,
14898,0.0,-152.657364,1079.75415,1750.70166,0.9514825056,0.0651008637,-0.3007372926,,,,
14899,0.0,-151.825027,1077.423218,1750.701416,0.9484220987,0.0870500794,-0.304824222,,,,
14900,0.0,-150.7547,1074.623291,1750.701294,0.9471984188,0.0950727113,-0.3062292198,,,,
14901,0.0,-149.458954,1072.136597,1750.701294,0.9468707471,0.0980657085,-0.3062987187,,,,
14902,0.0,-147.93869,1069.923218,1750.701294,0.9458255298,0.1051539474,-0.3071753808,,,,
14903,0.0,-146.210831,1067.983154,1750.701294,0.9441672008,0.1167437409,-0.3080895905,,,,
14904,0.0,-144.466095,1066.455688,1750.701294,0.9410374817,0.1343169583,-0.3104954311,,,,
14905,0.0,-142.537796,1065.175171,1750.70166,0.9361515184,0.1579015485,-0.3141455642,,,,
14906,0.0,-139.85025,1063.549194,1750.701294,0.9302419421,0.1829453223,-0.3180895129,,,,
14907,0.0,-137.768646,1062.635742,1750.701904,0.9222582059,0.2120357592,-0.3232346492,,,,
14908,0.0,-135.279938,1061.805786,1750.701416,0.9118770238,0.2452215678,-0.3291605628,,,,
14909,0.0,-132.583893,1061.220581,1750.701416,0.8912619964,0.3003406132,-0.3397757641,,,,
14910,0.0,-130.222946,1061.015015,1750.703369,0.8672887779,0.3536077887,-0.3503879386,,,,
14911,0.0,-126.994339,1060.753418,1750.701416,0.8388356885,0.4071500532,-0.3613634209,,,,
14912,0.0,-124.573883,1060.857788,1750.70166,0.807942285,0.4570023011,-0.3719921516,,,,
14913,0.0,-121.750069,1061.232544,1750.70166,0.7642002652,0.5175950923,-0.3848288907,,,,
14914,0.0,-119.23761,1061.823364,1750.704712,0.7167372394,0.5719904473,-0.3988917871,,,,
14915,0.0,-113.448921,1063.351318,1750.701416,0.6339405562,0.6481232142,-0.4219664328,,,,
14916,0.0,-112.2434045,1063.8170165,1750.7020875,0.6179906029,0.659726688,-0.4271214071,,,,
14917,0.0,-111.037888,1064.282715,1750.702759,0.6020406496,0.6713301619,-0.4322763814,,,,
14918,0.0,-105.336411,1066.691528,1750.701416,0.5538679591,0.7016376934,-0.4482575498,,,,
14919,0.0,-102.444771,1068.161377,1750.701294,0.5420544199,0.70817942,-0.4523924348,,,,
14920,0.0,-100.116898,1069.517334,1750.701416,0.5337051315,0.7123136627,-0.4558158384,,,,
14921,0.0,-97.083672,1071.356812,1750.701294,0.5253642533,0.7162956811,-0.4592525433,,,,
14922,0.0,-94.383553,1073.187622,1750.701416,0.5172256169,0.7199635006,-0.4627420653,,,,
14923,0.0,-91.774078,1075.126587,1750.701294,0.5092363171,0.7234507806,-0.4661516291,,,,
14924,0.0,-89.250511,1077.150879,1750.701294,0.4959891791,0.7293639885,-0.471193067,,,,
14925,0.0,-87.05909,1079.058105,1750.701416,0.4775810622,0.7371773069,-0.4780020368,,,,
14926,0.0,-84.901291,1081.235474,1750.702759,0.4448767552,0.7510509645,-0.4878597353,,,,
14927,0.0,-82.171242,1084.03186,1750.701416,0.4109849763,0.7638198538,-0.4976651285,,,,
14928,0.0,-81.939674,1084.51062,1753.333252,0.36513307,0.7795940454,-0.5088329447,,,,
14929,0.0,-82.135521,1084.820557,1756.857178,0.2929634556,0.7995029051,-0.5243734532,,,,
14930,0.0,-82.222321,1085.090698,1759.080078,0.2485295262,0.8085865634,-0.5333112076,,,,
14931,0.0,-82.788002,1084.588135,1762.995117,0.1435489407,0.8201740712,-0.5538124182,,,,
14932,0.0,-83.145882,1084.041138,1766.90332,0.0541926386,0.8192310789,-0.5708971862,,,,
14933,0.0,-83.355011,1083.595947,1770.447388,-0.0142900799,0.8114949216,-0.5841847189,,,,
14934,0.0,-83.49987,1083.125,1773.786987,-0.0803814457,0.7975869418,-0.5978242998,,,,
14935,0.0,-83.583305,1082.754517,1777.276978,-0.1336246804,0.7812739172,-0.6097175667,,,,
14936,0.0,-83.638527,1082.484497,1780.567017,-0.1741123217,0.7649458687,-0.6201150839,,,,
14937,0.0,-83.714394,1082.383911,1783.911865,-0.1969799,0.7549226009,-0.6255324017,,,,
14938,0.0,-83.776169,1082.405884,1785.750366,-0.2031674456,0.7514700272,-0.6277067685,,,,
14939,0.0,-83.94651,1082.457153,1790.729736,-0.2138147972,0.7451544799,-0.6316866578,,,,
14940,0.0,-84.047661,1082.535645,1793.262207,-0.2139077661,0.7450982602,-0.6317214974,,,,
14941,0.0,-84.213799,1082.680908,1797.264648,-0.2139077661,0.7450982602,-0.6317214974,,,,
14942,0.0,-84.345436,1082.790283,1800.489502,-0.2139077661,0.7450982602,-0.6317214974,,,,
14943,0.0,-84.47776,1082.898438,1803.747314,-0.2139077661,0.7450982602,-0.6317214974,,,,
14944,0.0,-84.613426,1083.008423,1807.096558,-0.2139077661,0.7450982602,-0.6317214974,,,,
14945,0.0,-84.732346,1083.122192,1809.914673,-0.2130009669,0.7453579472,-0.6317215515,,,,
14946,0.0,-84.882553,1083.239502,1813.740234,-0.2119251775,0.745664582,-0.6317214974,,,,
14947,0.0,-84.994659,1083.336792,1816.590576,-0.2100598276,0.7461922129,-0.6317214974,,,,
14948,0.0,-85.142097,1083.491577,1820.241455,-0.2066705465,0.7471380294,-0.6317214974,,,,
14949,0.0,-85.276489,1083.646973,1823.697388,-0.2015371716,0.7490445418,-0.6311220507,,,,
14950,0.0,-85.396706,1083.800415,1826.926392,-0.1958496326,0.7521066462,-0.629268237,,,,
14951,0.0,-85.512543,1083.956177,1830.197632,-0.1899707956,0.7554216439,-0.6270958752,,,,
14952,0.0,-85.653259,1084.162842,1834.432373,-0.1821307236,0.7621112882,-0.6213008803,,,,
14953,0.0,-85.718018,1084.287476,1836.437988,-0.1780156216,0.770493203,-0.6120871365,,,,
14954,0.0,-85.92997,1084.60144,1843.842896,-0.1689369898,0.7951843096,-0.5823591737,,,,
14955,0.0,-85.986103,1084.679199,1845.812134,-0.1684857882,0.8059320848,-0.5672223299,,,,
14956,0.0,-86.042236,1084.756958,1847.781372,-0.1680345866,0.81667986,-0.5520854861,,,,
14957,0.0,-86.136925,1084.862061,1850.998413,-0.1704943607,0.840826356,-0.5137535519,,,,
14958,0.0,-86.217239,1084.956665,1853.728638,-0.1718738289,0.8616267871,-0.4775548835,,,,
14959,0.0,-86.396416,1085.214722,1860.12439,-0.1697830211,0.9114436389,-0.374758881,,,,
14960,0.0,-86.482224,1085.358521,1863.390137,-0.1658458708,0.9326633112,-0.3203658768,,,,
14961,0.0,-86.546623,1085.522461,1866.407593,-0.1571146374,0.9495216758,-0.271520861,,,,
14962,0.0,-86.622444,1085.610718,1869.008423,-0.1559723475,0.9513301405,-0.2657886203,,,,
14963,0.0,-86.72187,1085.687378,1872.397095,-0.1559723475,0.9513301405,-0.2657886203,,,,
14964,0.0,-86.80761,1085.759644,1875.279907,-0.1559723475,0.9513301405,-0.2657886203,,,,
14965,0.0,-86.898598,1085.839233,1878.319824,-0.1559723475,0.9513301405,-0.2657886203,,,,
14966,0.0,-86.977821,1085.906616,1880.979614,-0.1559723475,0.9513301405,-0.2657886203,,,,
14967,0.0,-87.054924,1085.981934,1883.505737,-0.1559723475,0.9513301405,-0.2657886203,,,,
14968,0.0,-87.160301,1086.063232,1887.09668,-0.1559723475,0.9513301405,-0.2657886203,,,,
14969,0.0,-87.247566,1086.135254,1890.039673,-0.1559723475,0.9513301405,-0.2657886203,,,,
14970,0.0,-87.34758,1086.221436,1893.391602,-0.1559723475,0.9513301405,-0.2657886203,,,,
14971,0.0,-87.431305,1086.291748,1896.207764,-0.1559723475,0.9513301405,-0.2657886203,,,,
14972,0.0,-87.51693,1086.36377,1899.087524,-0.1559723475,0.9513301405,-0.2657886203,,,,
14973,0.0,-87.564026,1086.505615,1901.990112,-0.1464882914,0.9535103118,-0.2633614736,,,,
14974,0.0,-87.437508,1086.880737,1904.772827,-0.1027174264,0.9627420138,-0.2501538429,,,,
14975,0.0,-87.245964,1087.265747,1908.192871,-0.0560516606,0.9713868832,-0.2307937055,,,,
14976,0.0,-87.109802,1087.491943,1910.876343,-0.0290948353,0.9778104811,-0.2074612097,,,,
14977,0.0,-86.999184,1087.982178,1913.27063,-0.0084200395,0.9837716296,-0.1792274638,,,,
14978,0.0,-86.893257,1088.724731,1916.202393,0.0107767021,0.988367377,-0.1517029687,,,,
14979,0.0,-86.739731,1089.425171,1918.820557,0.0360872737,0.9934782772,-0.1081601653,,,,
14980,0.0,-86.666336,1089.929565,1920.612061,0.0481278473,0.9955174411,-0.081417042,,,,
14981,0.0,-86.598259,1090.539673,1922.822021,0.0594268453,0.9966713916,-0.0558084877,,,,
14982,0.0,-86.5158,1091.14563,1924.756836,0.0722339076,0.9971045279,-0.023766005,,,,
14983,0.0,-86.427261,1091.75061,1926.454834,0.0853307864,0.9963159938,0.0085497053,,,,
14984,0.0,-86.350113,1092.30188,1927.836182,0.0963769451,0.9947079774,0.0356023051,,,,
14985,0.0,-86.284286,1092.895386,1929.148682,0.105670303,0.9925106328,0.0612897279,,,,
14986,0.0,-86.252869,1093.436279,1930.175903,0.1103863266,0.990922836,0.076725432,,,,
14987,0.0,-86.251312,1093.829224,1930.811035,0.1111755034,0.990357701,0.082653684,,,,
14988,0.0,-86.250565,1094.437988,1931.593506,0.1122269867,0.9899055478,0.0865569751,,,,
14989,0.0,-86.256683,1094.988037,1932.083374,0.1123684618,0.9898640085,0.0868479909,,,,
14990,0.0,-86.262253,1095.46814,1932.288208,0.1123684618,0.9898640085,0.0868479909,,,,
14991,0.0,-86.271126,1096.048584,1932.417847,0.1123684618,0.9898640085,0.0868479909,,,,
14992,0.0,-86.278656,1096.594849,1932.300049,0.1123684618,0.9898640085,0.0868479909,,,,
14993,0.0,-86.283958,1097.047607,1931.98584,0.1123684618,0.9898640085,0.0868479909,,,,
14994,0.0,-86.292526,1097.599976,1931.484375,0.1123684618,0.9898640085,0.0868479909,,,,
14995,0.0,-86.30069,1098.179443,1930.723022,0.1123684618,0.9898640085,0.0868479909,,,,
14996,0.0,-86.30806,1098.700928,1929.8125,0.1123684618,0.9898640085,0.0868479909,,,,
14997,0.0,-86.313492,1099.141602,1928.858521,0.1123730198,0.9899016945,0.0864114558,,,,
14998,0.0,-86.329895,1100.184814,1926.165771,0.112377802,0.9899462872,0.0858928294,,,,
14999,0.0,-86.3335265,1100.4698485,1925.2308345,0.112377802,0.9899462872,0.0858928294,,,,
15000,0.0,-86.337158,1100.754883,1924.295898,0.112377802,0.9899462872,0.0858928294,,,,
15001,0.0,-86.343948,1101.168701,1922.817871,0.112377802,0.9899462872,0.0858928294,,,,
15002,0.0,-86.353729,1101.812622,1920.319214,0.112377802,0.9899462872,0.0858928294,,,,
15003,0.0,-86.362396,1102.345337,1917.96814,0.112377802,0.9899462872,0.0858928294,,,,
15004,0.0,-86.375656,1103.311157,1913.339722,0.112377802,0.9899462872,0.0858928294,,,,
15005,0.0,-86.370224,1103.888306,1910.990112,0.112377802,0.9899462872,0.0858928294,,,,
15006,0.0,-86.328224,1104.678711,1910.653564,0.112377802,0.9899462872,0.0858928294,,,,
15007,0.0,-86.261429,1105.598022,1910.701416,0.112377802,0.9899462872,0.0858928294,,,,
15008,0.0,-86.184601,1106.526245,1910.701416,0.112377802,0.9899462872,0.0858928294,,,,
15009,0.0,-86.053589,1108.024292,1910.701416,0.112377802,0.9899462872,0.0858928294,,,,
15010,0.0,-85.942909,1109.230347,1910.701416,0.112377802,0.9899462872,0.0858928294,,,,
15011,0.0,-85.771896,1110.99646,1910.701416,0.112377802,0.9899462872,0.0858928294,,,,
15012,0.0,-85.589142,1112.839844,1910.701416,0.112377802,0.9899462872,0.0858928294,,,,
15013,0.0,-85.436249,1114.35144,1910.701416,0.112377802,0.9899462872,0.0858928294,,,,
15014,0.0,-85.194847,1116.700317,1910.701416,0.112377802,0.9899462872,0.0858928294,,,,
15015,0.0,-84.967247,1118.88269,1910.701416,0.112368561,0.9898659618,0.0868255959,,,,
15016,0.0,-84.748558,1120.956421,1910.701416,0.1123598611,0.9897870112,0.0877321727,,,,
15017,0.0,-84.524384,1123.060547,1910.701416,0.1123449345,0.9896578338,0.0891963432,,,,
15018,0.0,-84.335373,1124.827148,1910.701416,0.1123353894,0.9895737495,0.0901363109,,,,
15019,0.0,-84.009361,1127.858398,1910.701416,0.1123051366,0.9893037063,0.0930899187,,,,
15020,0.0,-83.699394,1130.640747,1910.701416,0.1132098129,0.9889801452,0.0954034106,,,,
15021,0.0,-83.50354,1132.434448,1910.701416,0.1132068747,0.9887866224,0.0973920886,,,,
15022,0.0,-83.163078,1135.463135,1910.701294,0.1140861229,0.9883633724,0.1006091481,,,,
15023,0.0,-82.917366,1137.638916,1910.701294,0.1147399821,0.9881136331,0.1023043724,,,,
15024,0.0,-82.547066,1140.894409,1910.701294,0.1158013785,0.9876477852,0.1055551663,,,,
15025,0.0,-82.21019,1143.701294,1910.701294,0.1183889794,0.9868314271,0.1102169859,,,,
15026,0.0,-84.977348,1147.51123,1908.008789,0.1229486339,0.9857145776,0.1151104036,,,,
15027,0.0,-84.648422,1150.146362,1908.197876,0.1266745086,0.9847898002,0.1189227412,,,,
15028,0.0,-84.137512,1153.761597,1908.660889,0.1332080782,0.9833213624,0.1238333809,,,,
15029,0.0,-84.014687,1155.513306,1908.86853,0.1375251834,0.982480639,0.1257720869,,,,
15030,0.0,-83.296669,1159.82019,1909.561401,0.1447390852,0.9810468484,0.1288319778,,,,
15031,0.0,-82.953369,1162.483276,1909.864136,0.1496914544,0.9801893118,0.1296972689,,,,
15032,0.0,-82.56179,1164.901978,1910.168335,0.1555654022,0.9790840836,0.1311249898,,,,
15033,0.0,-82.002647,1168.374268,1910.216431,0.1672233708,0.9768655908,0.13330402,,,,
15034,0.0,-81.127548,1171.338867,1910.637695,0.1906025907,0.9722778497,0.1354490142,,,,
15035,0.0,-80.546516,1173.917603,1910.824341,0.2074344925,0.9686250369,0.136881223,,,,
15036,0.0,-79.621445,1177.499756,1910.937744,0.2390647076,0.9609957639,0.1390510961,,,,
15037,0.0,-79.026321,1180.715088,1910.894287,0.2730216545,0.951606388,0.141083162,,,,
15038,0.0,-76.46093,1180.63208,1910.701416,0.3066772687,0.9410449683,0.1427705169,,,,
15039,0.0,-76.027512,1184.621216,1910.701416,0.3645980218,0.9196986284,0.145680182,,,,
15040,0.0,-75.778053,1187.598755,1910.701294,0.4104908958,0.8998254205,0.1476869563,,,,
15041,0.0,-75.432892,1192.843384,1910.701294,0.5003563158,0.8526740427,0.1503014772,,,,
15042,0.0,-75.378517,1195.859619,1910.701294,0.5433947724,0.8256883014,0.1515287111,,,,
15043,0.0,-75.4272535,1197.323059,1910.701294,0.5619349864,0.812619192,0.1528490611,,,,
15044,0.0,-75.669075,1201.140137,1910.701294,0.6135283923,0.7740998321,0.1560524329,,,,
15045,0.0,-76.001221,1204.920288,1910.701294,0.6515005372,0.7419777874,0.1581645126,,,,
15046,0.0,-76.229744,1207.906494,1910.701294,0.6753632773,0.7200062905,0.1596101041,,,,
15047,0.0,-76.423248,1210.739258,1910.701294,0.696757166,0.6990163683,0.1609520687,,,,
15048,0.0,-76.599442,1213.646118,1910.701294,0.7155600802,0.6793458956,0.1626742934,,,,
15049,0.0,-76.571213,1214.151733,1910.701294,0.7199353927,0.6746039379,0.163102904,,,,
15050,0.0,-76.603073,1217.223999,1910.701294,0.7510514598,0.6392920248,0.1650073079,,,,
15051,0.0,-76.626007,1220.849121,1910.701294,0.7698640959,0.6161780793,0.1662343178,,,,
15052,0.0,-76.658203,1224.67041,1910.701294,0.7863751705,0.5946491908,0.1673512209,,,,
15053,0.0,-76.66803,1227.208496,1910.701294,0.7969179247,0.5802317728,0.1680860231,,,,
15054,0.0,-76.629745,1231.769165,1910.701294,0.8174707874,0.5504422006,0.1695726851,,,,
15055,0.0,-76.492813,1234.797119,1910.701294,0.8227814074,0.5416325343,0.1722351689,,,,
15056,0.0,-76.4746665,1235.0010375,1910.701294,0.8229819942,0.5412896816,0.1723541297,,,,
15057,0.0,-76.053612,1240.724243,1910.701294,0.8231825809,0.5409468288,0.1724730904,,,,
15058,0.0,-75.808662,1243.484253,1910.701294,0.8231825809,0.5409468288,0.1724730904,,,,
15059,0.0,-75.483284,1246.575684,1910.701294,0.8231825809,0.5409468288,0.1724730904,,,,
15060,0.0,-75.155685,1249.502808,1910.701294,0.8231825809,0.5409468288,0.1724730904,,,,
15061,0.0,-74.737885,1252.868896,1910.701294,0.8231825809,0.5409468288,0.1724730904,,,,
15062,0.0,-74.380089,1255.447388,1910.701294,0.8231825809,0.5409468288,0.1724730904,,,,
15063,0.0,-74.064644,1257.775635,1910.701294,0.8231825809,0.5409468288,0.1724730904,,,,
15064,0.0,-73.578651,1261.189087,1910.701294,0.8231825809,0.5409468288,0.1724730904,,,,
15065,0.0,-73.128731,1264.088135,1910.701294,0.8231825809,0.5409468288,0.1724730904,,,,
15066,0.0,-72.59864,1267.414185,1910.701294,0.8231825809,0.5409468288,0.1724730904,,,,
15067,0.0,-72.183868,1269.856323,1910.701294,0.8242163493,0.5401517769,0.1700101982,,,,
15068,0.0,-71.622665,1273.22998,1910.701294,0.8253980399,0.539231443,0.1671751374,,,,
15069,0.0,-71.103432,1276.148315,1910.701294,0.8462528826,0.5067881444,0.1643831968,,,,
15070,0.0,-70.49263,1279.364502,1910.701294,0.8708655808,0.4643063709,0.1612846369,,,,
15071,0.0,-70.275757,1280.55127,1910.701294,0.8775138523,0.4508097271,0.1635237873,,,,
15072,0.0,-69.393753,1284.465332,1910.701294,0.9126058426,0.365330204,0.1835331525,,,,
15073,0.0,-68.533035,1287.78064,1910.701294,0.9289443742,0.3141993615,0.1958088633,,,,
15074,0.0,-67.716377,1290.488892,1910.701294,0.9362797789,0.2863782924,0.2033903863,,,,
15075,0.0,-66.839714,1293.365356,1910.701294,0.9403333748,0.2688108474,0.2085997904,,,,
15076,0.0,-65.725975,1296.308594,1910.701294,0.9422152269,0.2587488349,0.2127898179,,,,
15077,0.0,-64.786896,1298.309692,1910.701294,0.9423387002,0.2575531981,0.2136916567,,,,
15078,0.0,-63.253834,1301.051392,1910.701294,0.9426029137,0.2556972806,0.2147525267,,,,
15079,0.0,-61.764011,1303.198486,1910.701294,0.942783161,0.2545410883,0.2153340327,,,,
15080,0.0,-60.189445,1305.316406,1910.701294,0.9429051286,0.2537520986,0.2157308297,,,,
15081,0.0,-58.253628,1307.586182,1910.701294,0.943361168,0.2519699775,0.2158259419,,,,
15082,0.0,-54.808559,1310.92749,1910.701294,0.9440040908,0.247364119,0.2183283517,,,,
15083,0.0,-53.4770065,1312.035217,1910.701294,0.9443773018,0.24499222,0.219370628,,,,
15084,0.0,-50.394039,1314.460327,1910.701294,0.9454911655,0.2389832291,0.221209114,,,,
15085,0.0,-50.0211355,1314.733093,1910.701294,0.9456398657,0.2382062216,0.2214099684,,,,
15086,0.0,-45.77623,1317.504395,1910.701294,0.9470575831,0.2298684369,0.2241482455,,,,
15087,0.0,-44.322838,1318.381836,1910.701294,0.9474216784,0.2278580176,0.2246518618,,,,
15088,0.0,-40.556084,1320.519165,1910.701294,0.9483869305,0.222434515,0.2260201688,,,,
15089,0.0,-38.253361,1321.689453,1910.701294,0.9487973397,0.2197959297,0.2268774062,,,,
15090,0.0,-36.111301,1322.688965,1910.701294,0.9492036118,0.2174736284,0.2274153126,,,,
15091,0.0,-32.999302,1324.120605,1910.701294,0.9496348912,0.215065912,0.2279039863,,,,
15092,0.0,-30.365767,1325.255859,1910.701294,0.9501176095,0.2124313458,0.2283625437,,,,
15093,0.0,-27.48011,1326.494507,1910.701294,0.9506496471,0.209496251,0.2288592783,,,,
15094,0.0,-24.674086,1327.675659,1910.701294,0.9510522864,0.2066681405,0.2297560191,,,,
15095,0.0,-22.590073,1328.503906,1910.701294,0.9516110906,0.2039790946,0.2298452985,,,,
15096,0.0,-19.519506,1329.680176,1910.701294,0.9521497855,0.200637889,0.230554166,,,,
15097,0.0,-17.044622,1330.580322,1910.701294,0.952682028,0.197834113,0.2307782857,,,,
15098,0.0,-13.542017,1331.818237,1910.701294,0.9532931066,0.1948682722,0.2307782687,,,,
15099,0.0,-10.62361,1332.787598,1910.701294,0.9541513797,0.1906214242,0.2307782857,,,,
15100,0.0,-7.976949,1333.608765,1910.701294,0.95501112,0.1857402532,0.2312019009,,,,
15101,0.0,-4.704827,1334.61499,1910.701294,0.9557667419,0.1812291401,0.2316590899,,,,
15102,0.0,-1.539309,1335.52771,1910.701294,0.9569141019,0.17500117,0.2317110098,,,,
15103,0.0,0.544659,1336.096069,1910.701294,0.9576717153,0.1708065742,0.2317110268,,,,
15104,0.0,4.096534,1336.988892,1910.701294,0.9598503383,0.1581054333,0.2317110268,,,,
15105,0.0,7.234814,1337.608643,1910.701294,0.9633420133,0.1352115584,0.2317110268,,,,
15106,0.0,9.809583,1338.060913,1910.701294,0.9658939634,0.1147496748,0.2321235955,,,,
15107,0.0,13.119516,1338.682739,1910.701294,0.9679184656,0.0950992145,0.2325725334,,,,
15108,0.0,16.385075,1339.029907,1910.701294,0.971211768,0.0549211391,0.2318002807,,,,
15109,0.0,19.603811,1339.311035,1910.701294,0.972657845,0.0157074664,0.2317110098,,,,
15110,0.0,21.195711,1339.34729,1910.701294,0.9727268704,-0.0106043144,0.2317109928,,,,
15111,0.0,23.735561,1344.941406,1911.968262,0.971108143,-0.0570874987,0.2317110098,,,,
15112,0.0,27.215765,1345.201904,1911.88208,0.9661159451,-0.1137101768,0.2317109759,,,,
15113,0.0,28.875261,1345.376343,1911.860474,0.9629859892,-0.1372405457,0.231997882,,,,
15114,0.0,32.861382,1345.797485,1911.705078,0.9569323189,-0.1738054929,0.2325342722,,,,
15115,0.0,36.233845,1345.738159,1911.227417,0.9485334391,-0.2139869474,0.2334392882,,,,
15116,0.0,39.342476,1345.588623,1910.804565,0.9397068667,-0.2497865609,0.2335758522,,,,
15117,0.0,41.543243,1345.396362,1910.526489,0.9308748138,-0.2799227976,0.2347664974,,,,
15118,0.0,45.28199,1345.005005,1910.356445,0.9165041971,-0.3222290855,0.2370410791,,,,
15119,0.0,48.116371,1344.5177,1910.008179,0.9008483285,-0.362130798,0.2394443029,,,,
15120,0.0,50.685844,1344.070435,1910.126831,0.8890949775,-0.3890806339,0.2410941336,,,,
15121,0.0,57.502167,1342.585205,1909.935669,0.8541810833,-0.4597613539,0.2428871641,,,,
15122,0.0,60.011341,1341.956665,1910.009155,0.8445000847,-0.4771274537,0.2432467881,,,,
15123,0.0,63.481079,1341.078979,1910.112183,0.835034636,-0.493275631,0.2437135791,,,,
15124,0.0,66.713921,1340.293945,1910.075195,0.8324947949,-0.4974994166,0.2438170357,,,,
15125,0.0,68.3294145,1339.8343505,1910.2889405,0.8322444627,-0.497917826,0.2438170526,,,,
15126,0.0,69.944908,1339.374756,1910.502686,0.8319941304,-0.4983362355,0.2438170696,,,,
15127,0.0,75.321045,1337.721191,1910.870972,0.8319390049,-0.49842825,0.2438170865,,,,
15128,0.0,78.861847,1336.515015,1911.039062,0.8319390049,-0.49842825,0.2438170865,,,,
15129,0.0,81.369644,1335.173828,1911.407593,0.8336166548,-0.49580604,0.2434330373,,,,
15130,0.0,84.91851,1333.76709,1911.47229,0.8357774024,-0.4924008024,0.2429353484,,,,
15131,0.0,88.088135,1332.375,1911.644043,0.8521398242,-0.4642338306,0.2415464148,,,,
15132,0.0,90.451813,1331.143066,1911.786499,0.8647073193,-0.440984633,0.2404450152,,,,
15133,0.0,93.693878,1329.918091,1911.939453,0.898154852,-0.3690944368,0.2389291914,,,,
15134,0.0,97.186882,1328.450073,1911.988892,0.9308928139,-0.2776921189,0.2373302678,,,,
15135,0.0,99.720787,1327.679321,1912.240601,0.9478391889,-0.2040215798,0.2449001164,,,,
15136,0.0,101.815559,1327.030518,1911.968872,0.9579950165,-0.1272568696,0.2570043529,,,,
15137,0.0,105.95713,1326.027222,1911.640869,0.9609419161,-0.0255792746,0.2755654816,,,,
15138,0.0,109.417664,1325.322998,1911.482056,0.9551634961,0.0679005946,0.2881877947,,,,
15139,0.0,112.690147,1324.858521,1911.621338,0.9415402003,0.1547380797,0.2992627238,,,,
15140,0.0,115.083725,1324.528687,1911.512939,0.9327049115,0.1902687093,0.3063647602,,,,
15141,0.0,118.478737,1324.424683,1910.905151,0.9177451231,0.2400463357,0.3164200464,,,,
15142,0.0,121.053192,1324.180054,1910.803955,0.9128369162,0.2530640667,0.3204486583,,,,
15143,0.0,124.294243,1323.933105,1910.792725,0.91091754,0.2579079461,0.3220446036,,,,
15144,0.0,127.904236,1323.662598,1910.501099,0.9124763504,0.2523373971,0.3220446366,,,,
15145,0.0,130.327866,1323.650879,1910.361694,0.9155533343,0.2409342706,0.3220446697,,,,
15146,0.0,133.422394,1323.697632,1910.18396,0.9184411715,0.2296802183,0.3220447358,,,,
15147,0.0,137.190125,1323.66272,1910.077637,0.9241675529,0.2081076865,0.3203209717,,,,
15148,0.0,139.480682,1323.730225,1910.078735,0.9277035186,0.193930756,0.3189937985,,,,
15149,0.0,143.085327,1324.033936,1910.22168,0.9325658179,0.1745163237,0.3160143163,,,,
15150,0.0,145.55864,1324.169189,1910.18457,0.9356278179,0.1626936731,0.3132592459,,,,
15151,0.0,148.292511,1324.538452,1910.312256,0.9379699391,0.1531517516,0.311057767,,,,
15152,0.0,151.805435,1325.12854,1910.992432,0.9394609224,0.1467186579,0.3096559555,,,,
15153,0.0,155.118576,1325.503296,1911.050293,0.940731387,0.1415411858,0.3082053702,,,,
15154,0.0,158.266098,1326.032471,1911.488647,0.9418686431,0.1369639947,0.3067968763,,,,
15155,0.0,161.650803,1326.627319,1911.99585,0.9426839901,0.1337318175,0.305716692,,,,
15156,0.0,162.575562,1326.758667,1911.99585,0.9429002417,0.1330897197,0.3053297575,,,,
15157,0.0,167.848938,1327.890991,1912.793579,0.9436684562,0.1309795018,0.3038654553,,,,
15158,0.0,171.040405,1328.297852,1912.776611,0.9442195743,0.1291732677,0.3029251763,,,,
15159,0.0,172.959641,1328.643799,1912.803345,0.9442227211,0.1291629033,0.3029197871,,,,
15160,0.0,176.1297,1329.169189,1912.929321,0.9442227211,0.1291629033,0.3029197871,,,,
15161,0.0,180.116302,1329.906372,1912.867065,0.9442227211,0.1291629033,0.3029197871,,,,
15162,0.0,183.184418,1330.212036,1912.904053,0.9442227211,0.1291629033,0.3029197871,,,,
15163,0.0,186.30217,1330.668091,1912.836548,0.9442227211,0.1291629033,0.3029197871,,,,
15164,0.0,191.817078,1331.485718,1912.540771,0.9442227211,0.1291629033,0.3029197871,,,,
15165,0.0,195.111435,1331.904419,1912.201538,0.9442227211,0.1291629033,0.3029197871,,,,
15166,0.0,198.183243,1332.298096,1911.632812,0.9442227211,0.1291629033,0.3029197871,,,,
15167,0.0,199.7402345,1332.4834595,1911.628784,0.9442227211,0.1291629033,0.3029197871,,,,
15168,0.0,204.067184,1332.999878,1911.480469,0.9442227211,0.1291629033,0.3029197871,,,,
15169,0.0,206.173294,1333.215027,1911.386841,0.9440020107,0.1286844825,0.3038082304,,,,
15170,0.0,208.279404,1333.430176,1911.293213,0.9437813003,0.1282060617,0.3046966736,,,,
15171,0.0,213.739578,1333.926636,1911.396851,0.9439365345,0.1250423583,0.3055294215,,,,
15172,0.0,217.205185,1334.304688,1911.431885,0.9440544999,0.1238277199,0.3056596097,,,,
15173,0.0,220.150116,1334.544556,1911.536499,0.9440822994,0.1236155937,0.3056596097,,,,
15174,0.0,223.928375,1334.851562,1911.773315,0.9440822994,0.1236155937,0.3056596097,,,,
15175,0.0,226.337173,1334.847046,1912.190186,0.9440822994,0.1236155937,0.3056596097,,,,
15176,0.0,229.771408,1335.189331,1912.259033,0.9440822994,0.1236155937,0.3056596097,,,,
15177,0.0,232.537064,1335.460938,1912.326538,0.9441566597,0.1230463112,0.3056596263,,,,
15178,0.0,236.24855,1335.473999,1912.608032,0.945869152,0.1113707984,0.304841094,,,,
15179,0.0,238.763794,1335.418091,1912.531372,0.9536933163,0.0704090948,0.2924236957,,,,
15180,0.0,242.070374,1335.266602,1912.606567,0.9600138701,0.0261876809,0.2787249085,,,,
15181,0.0,244.911789,1334.955933,1912.738892,0.9667013145,-0.0496290931,0.2510488433,,,,
15182,0.0,248.551025,1334.322266,1912.890137,0.9607081253,-0.194175203,0.1983327722,,,,
15183,0.0,250.832123,1333.919556,1912.902222,0.9356691215,-0.3139414841,0.161133608,,,,
15184,0.0,254.215912,1333.245605,1912.74939,0.8832844517,-0.4524479583,0.1228797076,,,,
15185,0.0,256.508942,1331.628174,1912.444824,0.8229393114,-0.5592684326,0.0999485367,,,,
15186,0.0,259.47818,1329.465332,1911.734863,0.708747065,-0.701308687,0.07644425,,,,
15187,0.0,261.26355,1328.31311,1911.639648,0.636088434,-0.7685539645,0.0686753804,,,,
15188,0.0,263.322998,1326.75293,1911.239746,0.5609567239,-0.8253333572,0.0644391449,,,,
15189,0.0,266.456665,1325.043579,1910.894043,0.4863378834,-0.8715549721,0.0621883732,,,,
15190,0.0,268.559753,1324.060059,1910.476196,0.4480768843,-0.8918431894,0.0619905735,,,,
15191,0.0,270.29657,1323.017944,1910.54187,0.4155329132,-0.9072620765,0.0648685033,,,,
15192,0.0,273.085876,1321.257812,1910.342529,0.3780203017,-0.9229458233,0.0726061901,,,,
15193,0.0,274.741364,1320.100708,1909.861084,0.3540672949,-0.9317282717,0.0807389525,,,,
15194,0.0,276.852936,1318.393188,1909.810425,0.3270611004,-0.9405529091,0.0916038304,,,,
15195,0.0,279.333832,1316.276001,1909.622803,0.3045850012,-0.9470992354,0.1011484819,,,,
15196,0.0,280.906311,1314.858765,1909.653564,0.2885949362,-0.9513937372,0.1075310173,,,,
15197,0.0,282.675903,1313.020508,1909.485718,0.2752374005,-0.9547766856,0.112453786,,,,
15198,0.0,284.894684,1310.691528,1909.522827,0.2640538004,-0.957452397,0.1164495511,,,,
15199,0.0,286.502869,1308.963135,1909.466919,0.255393559,-0.959526296,0.1186735748,,,,
15200,0.0,288.716156,1306.636841,1909.405273,0.2401736434,-0.9630418414,0.1219304421,,,,
15201,0.0,290.82132,1304.391235,1909.280029,0.2196295698,-0.9675562984,0.124890598,,,,
15202,0.0,292.951813,1302.293701,1909.481812,0.1985038716,-0.971858994,0.126831813,,,,
15203,0.0,294.954437,1299.930786,1909.37915,0.1687251053,-0.977209529,0.1288152757,,,,
15204,0.0,296.752106,1298.417725,1909.208252,0.1477227357,-0.9802882457,0.1311981275,,,,
15205,0.0,300.368805,1295.19165,1909.167725,0.1103750383,-0.9846094777,0.135504713,,,,
15206,0.0,302.313446,1292.919678,1908.719116,0.0668979308,-0.9874732033,0.1429032529,0.1463986887,1046.0909718866,2008.1340337635,2.0
15207,0.0,304.834076,1289.577515,1908.358643,-0.0303095351,-0.9866457898,0.1600356762,0.1073716013,904.3781771171,2006.1928717274,2.0
15208,0.0,305.478516,1288.212036,1908.314087,-0.0904895011,-0.9812352832,0.1702614731,0.0872679651,819.2563756528,2005.2352912847,2.0
15209,0.0,306.411469,1286.900391,1908.992188,-0.1586066302,-0.9700437158,0.1840084951,0.0692253069,732.8319044423,2004.5002962265,2.0
15210,0.0,306.640839,1286.528442,1909.385742,-0.1925754845,-0.9623832669,0.1916588905,0.0620822809,695.2058136968,2004.2961679756,2.0
15211,0.0,306.6688845,1286.3828735,1909.711975,-0.218867112,-0.9550907026,0.1977802682,0.0577707962,670.8486147719,2004.1979713773,2.0
15212,0.0,306.69693,1286.237305,1910.038208,-0.2451587396,-0.9477981384,0.2039016459,0.0534593114,646.491415847,2004.099774779,2.0
15213,0.0,306.328918,1285.90564,1910.122681,-0.3133309469,-0.9235441432,0.221110681,0.0470491245,607.3550151092,2003.6469006405,2.0
15214,0.0,304.99649,1286.428101,1909.755249,-0.3428067198,-0.9110301314,0.2291454832,0.0460340633,600.8803278518,2003.5022587885,2.0
15215,0.0,304.508545,1286.100952,1909.593628,-0.3523086831,-0.9067926959,0.2315288287,0.0458892046,599.8025584463,2002.9885046496,2.0
15216,0.0,303.905457,1285.869263,1909.520264,-0.3538599163,-0.9061419179,0.2317109928,0.0458065126,599.1201482665,2002.4723589678,2.0
15217,0.0,303.574677,1285.85376,1909.6604,-0.3545451665,-0.9058740247,0.2317109759,0.045769908,598.8383400609,2002.3119071846,2.0
15218,0.0,302.354004,1285.86377,1909.604126,-0.3547255586,-0.9056008136,0.2325014936,0.0459657008,599.9050922886,2001.702420536,2.0
15219,0.0,301.076752,1286.007935,1909.525757,-0.3534585994,-0.9061784936,0.2321800083,0.0459308674,599.5412860098,2001.2291008171,2.0
15220,0.0,299.901123,1286.254028,1909.55957,-0.352466649,-0.9066584598,0.231813931,0.045874978,599.0913877163,2000.9165154385,2.0
15221,0.0,298.362335,1286.678223,1909.463135,-0.3472335573,-0.9095117043,0.2285110861,0.0452760029,595.1589845552,2000.5814255543,2.0
15222,0.0,297.157501,1286.945801,1909.395508,-0.3404833986,-0.913248687,0.2237138594,0.044435242,589.6460035402,2000.2831810196,2.0
15223,0.0,295.138672,1287.638916,1909.227539,-0.3304362735,-0.918489964,0.217228118,0.0434690285,583.2650392417,2000.0120631714,2.0
15224,0.0,293.20163,1288.331177,1909.08728,-0.3246076769,-0.9213300905,0.2139642972,0.0430618766,580.5259707551,1999.800306443,2.0
15225,0.0,292.12973,1288.762939,1908.989746,-0.324275499,-0.9214496151,0.2139532835,0.0430229445,580.2486236459,1999.7291939324,2.0
15226,0.0,289.5737,1289.640381,1908.779663,-0.3237729906,-0.9216263034,0.2139532835,0.0429098083,579.4219508216,1999.4531683163,2.0
15227,0.0,287.227325,1290.439209,1908.690186,-0.3237042728,-0.9216504415,0.2139532835,0.0427794381,578.4888812141,1999.2062159517,2.0
15228,0.0,285.493073,1290.95166,1908.733276,-0.3230553383,-0.9218781052,0.2139532835,0.0427577542,578.2792426828,1998.9773341888,2.0
15229,0.0,282.997528,1291.721436,1908.746216,-0.3227082099,-0.9216392677,0.2155005138,0.0430753857,580.2939641573,1998.6945026561,2.0
15230,0.0,280.501251,1292.537354,1908.812256,-0.3226843275,-0.9215714732,0.2158259589,0.0430406161,579.9898538374,1998.436028043,2.0
15231,0.0,278.814911,1293.132202,1909.016846,-0.3226843275,-0.9215714732,0.2158259589,0.0429765316,579.5322407335,1998.314792869,2.0
15232,0.0,276.27243,1294.062988,1909.302734,-0.3226843275,-0.9215714732,0.2158259589,0.0428818535,578.8600145483,1998.1507702676,2.0
15233,0.0,273.092804,1295.182861,1909.67334,-0.3226843275,-0.9215714732,0.2158259589,0.0427732079,578.0687582867,1997.8966161186,2.0
15234,0.0,270.892639,1295.950928,1909.883301,-0.3226843275,-0.9215714732,0.2158259589,0.0426969658,577.5094006208,1997.7057356919,2.0
15235,0.0,267.397064,1297.247314,1910.297729,-0.3226843275,-0.9215714732,0.2158259589,0.0425876607,576.7207187077,1997.4802793044,2.0
15236,0.0,265.197266,1298.132568,1910.544067,-0.3226843275,-0.9215714732,0.2158259589,0.0425198223,576.24812187,1997.4003246236,2.0
15237,0.0,261.67691,1299.458618,1910.651001,-0.3226843275,-0.9215714732,0.2158259589,0.0423771577,575.2366186005,1997.1749064456,2.0
15238,0.0,259.735596,1299.937866,1910.675049,-0.3226843275,-0.9215714732,0.2158259589,0.0423021782,574.6369811489,1996.8221158042,2.0
15239,0.0,256.266113,1301.401611,1910.741699,-0.3226843275,-0.9215714732,0.2158259589,0.0421577521,573.6571257054,1996.7551904059,2.0
15240,0.0,253.436981,1302.362061,1910.804565,-0.3226843275,-0.9215714732,0.2158259589,0.0420496397,572.8624558689,1996.4957146825,2.0
15241,0.0,250.419479,1303.62085,1910.721924,-0.3226843275,-0.9215714732,0.2158259589,0.041910338,571.915638995,1996.434672536,2.0
15242,0.0,247.020676,1304.901978,1910.618286,-0.3226843275,-0.9215714732,0.2158259589,0.0417588054,570.8472595406,1996.2401967921,2.0
15243,0.0,244.774673,1305.837646,1910.43811,-0.3226843275,-0.9215714732,0.2158259589,0.0416431299,570.0575631845,1996.1864901965,2.0
15244,0.0,240.924576,1307.401367,1910.115112,-0.3226843275,-0.9215714732,0.2158259589,0.0414462183,568.7033824031,1996.0692551882,2.0
15245,0.0,238.572327,1308.307983,1909.840088,-0.3226843275,-0.9215714732,0.2158259589,0.0413182846,567.8102156206,1995.9521511297,2.0
15246,0.0,234.848022,1309.664307,1909.831543,-0.3441826153,-0.9172187712,0.2006191745,0.0357260666,528.6820151582,1995.7259671251,2.0
15247,0.0,231.203323,1311.131104,1909.631104,-0.4864841437,-0.8559253687,0.1752853133,0.0342364119,517.712679883,1995.6254671043,2.0
15248,0.0,224.253265,1314.038818,1909.568237,-0.8368589554,-0.5197528207,0.171825767,,,,
15249,0.0,220.097763,1316.436523,1909.393921,-0.9345469781,-0.3038481008,0.1851979409,,,,
15250,0.0,218.1431505,1317.9163205,1909.2230225,-0.9563142692,-0.1502538509,0.1966966448,,,,
15251,0.0,213.886154,1322.64209,1908.880005,-0.9420792033,0.2449979563,0.229047541,,,,
15252,0.0,212.6508635,1324.8392335,1909.01178,-0.8871422382,0.3674582978,0.2443449073,,,,
15253,0.0,211.415573,1327.036377,1909.143555,-0.8322052732,0.4899186392,0.2596422737,,,,
15254,0.0,209.076935,1333.890503,1909.156982,-0.6132394596,0.727717481,0.3071882697,,,,
15255,0.0,209.27121,1337.66394,1912.579468,-0.4602635074,0.8170853659,0.34717288,,,,
15256,0.0,209.293777,1339.512573,1915.182861,-0.4085367353,0.8367058071,0.3647206168,,,,
15257,0.0,209.410004,1342.457153,1919.986084,-0.3583482932,0.8506776925,0.3846218458,,,,
15258,0.0,209.890854,1345.4729,1925.183838,-0.3394741899,0.8550562712,0.3919643446,,,,
15259,0.0,209.90007,1347.637451,1928.45105,-0.3394741899,0.8550562712,0.3919643446,,,,
15260,0.0,209.6891935,1348.915466,1930.752869,-0.3394741899,0.8550562712,0.3919643446,,,,
15261,0.0,209.192459,1351.675049,1936.015503,-0.3394741899,0.8550562712,0.3919643446,,,,
15262,0.0,208.911926,1353.549805,1939.300537,-0.3394741899,0.8550562712,0.3919643446,,,,
15263,0.0,208.58728,1355.981323,1943.641235,-0.3394741899,0.8550562712,0.3919643446,,,,
15264,0.0,208.337234,1357.736572,1946.246094,-0.3394741899,0.8550562712,0.3919643446,,,,
15265,0.0,208.101868,1359.585205,1949.053589,-0.3394741899,0.8550562712,0.3919643446,,,,
15266,0.0,207.784561,1362.163818,1952.690674,-0.3394741899,0.8550562712,0.3919643446,,,,
15267,0.0,207.546249,1363.800781,1954.622925,-0.3394741899,0.8550562712,0.3919643446,,,,
15268,0.0,207.187637,1366.425415,1957.859619,-0.3394741899,0.8550562712,0.3919643446,,,,
15269,0.0,206.913696,1368.240723,1959.645752,-0.3394741899,0.8550562712,0.3919643446,,,,
15270,0.0,206.655991,1370.13623,1961.589111,-0.3394741899,0.8550562712,0.3919643446,,,,
15271,0.0,206.312195,1372.633667,1963.766968,-0.3394741899,0.8550562712,0.3919643446,,,,
15272,0.0,205.941803,1375.203003,1965.576782,-0.3394741899,0.8550562712,0.3919643446,,,,
15273,0.0,205.741669,1376.884399,1966.530273,-0.334710155,0.858677562,0.3881262123,,,,
15274,0.0,205.578491,1379.395996,1967.778687,-0.3107326006,0.8673178354,0.3888509012,,,,
15275,0.0,205.478714,1382.062012,1968.712646,-0.2668746236,0.8773371647,0.3988200531,,,,
15276,0.0,205.350998,1383.828003,1969.145386,-0.246273385,0.8802143225,0.4056749517,,,,
15277,0.0,205.163223,1386.137939,1969.608887,-0.2288794787,0.8820178014,0.4118965673,,,,
15278,0.0,204.934265,1388.435547,1969.685059,-0.2143818242,0.8825281915,0.4185503847,,,,
15279,0.0,204.639725,1390.953369,1969.539673,-0.2064142763,0.8825837254,0.4224205418,,,,
15280,0.0,204.361465,1393.265137,1969.190918,-0.1993701425,0.8829203755,0.4250919392,,,,
15281,0.0,204.13681,1395.675537,1968.611572,-0.1833605265,0.8846275282,0.428734246,,,,
15282,0.0,204.175186,1397.344849,1968.063721,-0.153247094,0.8875390786,0.4344993811,,,,
15283,0.0,204.04866,1399.825439,1967.064209,-0.0853136979,0.8931351789,0.4416232842,,,,
15284,0.0,204.277649,1402.172485,1965.864624,-0.003516247,0.8943747861,0.4473045696,,,,
15285,0.0,204.514511,1403.908447,1964.842407,0.0462119335,0.8920671452,0.4495338315,,,,
15286,0.0,204.859497,1406.245972,1963.228638,0.1416597115,0.8805838795,0.452221801,,,,
15287,0.0,205.083725,1408.572754,1961.396484,0.2233743677,0.8623932554,0.4542925984,,,,
15288,0.0,205.236404,1410.42981,1959.700684,0.2937790382,0.8405304343,0.4551949756,,,,
15289,0.0,205.323257,1412.559937,1957.53894,0.363077348,0.8117047343,0.4575043865,,,,
15290,0.0,205.358322,1414.718018,1955.152222,0.4121865694,0.7863439826,0.4601797183,,,,
15291,0.0,205.173843,1418.524414,1950.440552,0.4517401911,0.7623376914,0.4634350483,,,,
15292,0.0,205.0597305,1419.800659,1948.784424,0.4624925406,0.7549370501,0.4647564648,,,,
15293,0.0,204.905212,1422.630127,1944.853027,0.491747232,0.735238768,0.4664853843,,,,
15294,0.0,204.494957,1423.8273315,1942.998657,0.5052631396,0.7258301114,0.4664853766,,,,
15295,0.0,203.857513,1427.265503,1937.950806,0.5343450155,0.7048877859,0.4664853843,,,,
15296,0.0,203.655914,1429.681763,1933.925659,0.5591668676,0.6862351795,0.4652028509,,,,
15297,0.0,203.6290585,1430.770142,1931.7836915,0.5786231767,0.6706140943,0.4635154174,,,,
15298,0.0,203.602203,1431.858521,1929.641724,0.5980794858,0.6549930091,0.4618279838,,,,
15299,0.0,203.414978,1435.553589,1921.170654,0.652055148,0.6038695143,0.4584383204,,,,
15300,0.0,203.27092,1437.616211,1916.14917,0.6758084915,0.578938033,0.4561947356,,,,
15301,0.0,203.1073,1439.821411,1910.522095,0.7063804567,0.5444140158,0.4523715618,,,,
15302,0.0,204.576157,1445.173584,1900.898804,0.7340230709,0.5097528206,0.4487339894,,,,
15303,0.0,205.08374,1447.361694,1894.025269,0.7467764582,0.4919724817,0.447535472,,,,
15304,0.0,204.809616,1450.098389,1885.81543,0.7649722619,0.4644885287,0.4461701975,,,,
15305,0.0,204.703888,1451.861572,1881.344604,0.7772235913,0.4444549071,0.4454024301,,,,
15306,0.0,204.598175,1454.366943,1876.631104,0.786138938,0.429569953,0.444359343,,,,
15307,0.0,204.337494,1455.543335,1875.442261,0.7883507881,0.4261357492,0.4437469527,,,,
15308,0.0,204.266312,1458.403809,1875.75293,0.7901010307,0.4232091151,0.4434347823,,,,
15309,0.0,204.307571,1460.860352,1875.814941,0.7907356785,0.4220221657,0.443434751,,,,
15310,0.0,204.28476,1463.984131,1876.046143,0.791658429,0.4202886879,0.4434347197,,,,
15311,0.0,204.454514,1466.75415,1876.215088,0.7929739334,0.4182480041,0.4430134851,,,,
15312,0.0,204.645279,1469.45105,1876.348877,0.793969711,0.4167373966,0.4426534087,,,,
15313,0.0,204.799026,1472.193359,1876.571289,0.7952502247,0.4149936388,0.4419924885,,,,
15314,0.0,205.116516,1475.369873,1876.924805,0.7972679084,0.4121132221,0.4410516687,,,,
15315,0.0,205.558273,1478.982056,1877.154297,0.7995214332,0.4096706471,0.4392441676,,,,
15316,0.0,205.929993,1481.517456,1877.307373,0.8013599512,0.407557454,0.4378574543,,,,
15317,0.0,206.421005,1485.365845,1877.576782,0.805044455,0.4023902972,0.4358732319,,,,
15318,0.0,207.138565,1488.605835,1877.585571,0.8100476805,0.3959969596,0.4324455611,,,,
15319,0.0,207.712891,1491.067383,1877.615723,0.8133344492,0.3915073165,0.4303592625,,,,
15320,0.0,208.658051,1494.862427,1877.674072,0.8178762617,0.3845140057,0.4280506979,,,,
15321,0.0,209.179016,1496.78064,1877.803711,0.8201318077,0.3811211657,0.4267674718,,,,
15322,0.0,210.422836,1501.432617,1877.858887,0.823875231,0.375477047,0.4245545794,,,,
15323,0.0,211.248444,1504.263062,1878.001465,0.8275456938,0.3696738356,0.422503704,,,,
15324,0.0,212.41214,1508.062134,1877.739136,0.8313742214,0.3627128681,0.421018146,,,,
15325,0.0,213.082001,1510.071045,1877.716309,0.8327408317,0.3603128233,0.4203776594,,,,
15326,0.0,214.571396,1514.601196,1877.50769,0.834795471,0.3567347494,0.4193528825,,,,
15327,0.0,215.987473,1518.526489,1877.744385,0.8367327637,0.3533236698,0.4183786162,,,,
15328,0.0,216.892059,1521.141479,1878.828735,0.8375231472,0.3514844669,0.4183463247,,,,
15329,0.0,218.167038,1524.665039,1879.834106,0.8392688848,0.3481889822,0.4176028875,,,,
15330,0.0,219.637436,1529.746948,1879.854614,0.8443762075,0.3383135455,0.4154187828,,,,
15331,0.0,220.098671,1531.5423585,1879.65271,0.8458617606,0.3354056894,0.4147406214,,,,
15332,0.0,221.452225,1535.990234,1878.757202,0.850962023,0.3248184575,0.4127427831,,,,
15333,0.0,221.96785,1537.720581,1878.340027,0.8549119393,0.3163601425,0.4110374474,,,,
15334,0.0,222.483475,1539.450928,1877.922852,0.8588618556,0.3079018275,0.4093321116,,,,
15335,0.0,224.303848,1545.436768,1875.84082,0.8723877623,0.2778495286,0.4021681635,,,,
15336,0.0,224.87973,1547.2873535,1875.0136715,0.8799345652,0.258909926,0.39780156,,,,
15337,0.0,226.204681,1551.642944,1872.961548,0.8985726828,0.2071181279,0.3868710572,,,,
15338,0.0,227.43158,1555.219727,1870.743652,0.9160396867,0.1427939241,0.3748082012,,,,
15339,0.0,228.0014575,1556.88501,1869.597107,0.9228547086,0.1045918952,0.3685853481,,,,
15340,0.0,229.460617,1561.056763,1866.493042,0.9348508757,0.0121661626,0.3548321077,,,,
15341,0.0,230.58194,1564.073853,1863.773926,0.9357481072,-0.0702572272,0.3456000607,,,,
15342,0.0,231.436661,1566.723022,1861.375244,0.932055941,-0.1262655166,0.3396008571,,,,
15343,0.0,232.530029,1569.782104,1858.317139,0.9200526483,-0.2058900815,0.3333352646,,,,
15344,0.0,233.68811,1573.263916,1854.399414,0.8932418021,-0.3104849541,0.3251433165,,,,
15345,0.0,234.437897,1575.591064,1851.724365,0.8742230338,-0.3638010844,0.3215320483,,,,
15346,0.0,235.412338,1578.707397,1847.94104,0.846389192,-0.4279084844,0.3170483634,,,,
15347,0.0,236.270523,1581.523071,1844.507202,0.8266348884,-0.4668468055,0.3142114281,,,,
15348,0.0,237.194809,1584.446289,1838.845581,0.7953027153,-0.5212172393,0.3095580407,,,,
15349,0.0,238.000549,1587.130737,1835.500488,0.7858750402,-0.5362315843,0.3079871899,,,,
15350,0.0,239.317108,1591.429932,1830.005005,0.7765394431,-0.5504373992,0.3066026138,,,,
15351,0.0,240.158966,1594.113037,1826.453979,0.7745513564,-0.5536191092,0.3059020729,,,,
15352,0.0,241.462982,1598.28894,1820.720825,0.7734153045,-0.555338599,0.3056596263,,,,
15353,0.0,242.362778,1601.115845,1816.824097,0.7733769635,-0.5553920014,0.3056596097,,,,
15354,0.0,243.651657,1605.271118,1810.835938,0.7733769635,-0.5553920014,0.3056596097,,,,
15355,0.0,244.839859,1609.116821,1805.002686,0.7733769635,-0.5553920014,0.3056596097,,,,
15356,0.0,245.679031,1612.041016,1800.716187,0.7733769635,-0.5553920014,0.3056596097,,,,
15357,0.0,247.025894,1616.390015,1793.489014,0.7733769635,-0.5553920014,0.3056596097,,,,
15358,0.0,249.24501,1619.784546,1786.69519,0.773602524,-0.5555541284,0.3047929546,,,,
15359,0.0,251.0672,1622.829346,1778.514526,0.7738145923,-0.5557063616,0.3039760129,,,,
15360,0.0,252.560028,1626.91272,1771.243164,0.7747141243,-0.5552580785,0.3025003998,,,,
15361,0.0,253.731674,1630.13562,1765.31897,0.7753797927,-0.5548894743,0.3014694818,,,,
15362,0.0,254.959183,1634.288208,1757.164551,0.7806671921,-0.5502674599,0.2962506671,,,,
15363,0.0,255.974014,1638.116089,1748.817261,0.787236096,-0.544280214,0.2898592381,,,,
15364,0.0,256.657074,1640.689453,1743.547729,0.7998285572,-0.530944981,0.2799494709,,,,
15365,0.0,257.271332,1642.066284,1742.364014,0.8203174926,-0.5069978945,0.2646362527,,,,
15366,0.0,257.827881,1643.250732,1740.689819,0.8325953251,-0.4915391508,0.2552925534,,,,
15367,0.0,258.929962,1644.302368,1741.492065,0.8330296191,-0.4909764625,0.2549583634,,,,
15368,0.0,260.362213,1645.561035,1741.987915,0.8330296191,-0.4909764625,0.2549583634,,,,
15369,0.0,261.936127,1646.748657,1742.574585,0.8330296191,-0.4909764625,0.2549583634,,,,
15370,0.0,263.259033,1647.57959,1743.074463,0.8330296191,-0.4909764625,0.2549583634,,,,
15371,0.0,265.512146,1649.118408,1743.474243,0.8330296191,-0.4909764625,0.2549583634,,,,
15372,0.0,267.48053,1650.104614,1743.790405,0.8330296191,-0.4909764625,0.2549583634,,,,
15373,0.0,269.673859,1651.13855,1743.980103,0.8330296191,-0.4909764625,0.2549583634,,,,
15374,0.0,273.430847,1652.530396,1744.227783,0.8330296191,-0.4909764625,0.2549583634,,,,
15375,0.0,274.951416,1653.1569825,1744.439697,0.8330296191,-0.4909764625,0.2549583634,,,,
15376,0.0,278.755188,1654.588623,1744.83313,0.8330296191,-0.4909764625,0.2549583634,,,,
15377,0.0,280.789154,1655.262573,1744.619507,0.8330296191,-0.4909764625,0.2549583634,,,,
15378,0.0,282.2239225,1655.7611695,1744.714783,0.8330296191,-0.4909764625,0.2549583634,,,,
15379,0.0,285.060364,1656.792236,1745.06543,0.8330296191,-0.4909764625,0.2549583634,,,,
15380,0.0,288.150177,1657.833008,1745.413574,0.8330296191,-0.4909764625,0.2549583634,,,,
15381,0.0,290.367035,1658.457642,1745.818115,0.8330296191,-0.4909764625,0.2549583634,,,,
15382,0.0,293.360107,1659.463379,1746.041138,0.8330296191,-0.4909764625,0.2549583634,,,,
15383,0.0,296.46283,1660.356812,1746.612183,0.8346468567,-0.4882221484,0.2549583465,,,,
15384,0.0,299.109772,1661.200562,1746.930786,0.8363493901,-0.4852998447,0.2549583465,,,,
15385,0.0,302.643616,1662.419678,1747.230835,0.8454878325,-0.4733024778,0.2472551103,,,,
15386,0.0,305.934204,1663.467773,1747.971069,0.8543885014,-0.4613244669,0.2391652671,,,,
15387,0.0,308.138855,1664.250854,1748.096558,0.8609397408,-0.450632244,0.2360367414,,,,
15388,0.0,312.085114,1665.808472,1749.131714,0.8749667377,-0.4260276756,0.2300730917,,,,
15389,0.0,314.718689,1666.799561,1749.061157,0.8918143414,-0.3933971593,0.2233961853,,,,
15390,0.0,317.194061,1667.843506,1749.356567,0.9085658016,-0.3571558508,0.2166746005,,,,
15391,0.0,320.487488,1669.222168,1749.74707,0.9235129287,-0.3208799648,0.2101426154,,,,
15392,0.0,323.762238,1670.602539,1749.839722,0.9378582863,-0.2803185611,0.204556445,,,,
15393,0.0,327.352905,1672.208984,1749.812378,0.9514018222,-0.2350189899,0.1989991131,,,,
15394,0.0,330.229706,1673.520142,1749.772949,0.9584104471,-0.2080058125,0.1954046999,,,,
15395,0.0,332.778778,1674.801636,1749.676392,0.9604831843,-0.2001082558,0.1934650839,,,,
15396,0.0,335.796906,1676.275757,1749.602295,0.962063843,-0.1940325093,0.1917929803,,,,
15397,0.0,338.841156,1677.796021,1749.572388,0.9624090772,-0.1926823429,0.1914217408,,,,
15398,0.0,341.618042,1679.180908,1749.382324,0.9623998433,-0.1941240834,0.1900062681,,,,
15399,0.0,345.267578,1681.056396,1749.124634,0.9618109878,-0.2000556597,0.1868083425,,,,
15400,0.0,347.940002,1682.273071,1748.692261,0.9615543819,-0.2043210747,0.1834831573,,,,
15401,0.0,350.509369,1683.715332,1748.735229,0.9612579142,-0.209454591,0.1791982049,,,,
15402,0.0,353.077911,1684.92688,1748.451904,0.9612237459,-0.2132291649,0.1748777673,,,,
15403,0.0,355.981964,1686.435791,1748.525146,0.961252558,-0.2159448262,0.1713515444,,,,
15404,0.0,359.249298,1688.169678,1748.826294,0.9614934188,-0.2180224472,0.1673218998,,,,
15405,0.0,361.048676,1689.19458,1748.962769,0.9616437814,-0.2190078217,0.1651569305,,,,
15406,0.0,364.208832,1691.043091,1749.048218,0.9615009367,-0.2221588331,0.1617448658,,,,
15407,0.0,367.277588,1692.55957,1749.363403,0.9611477246,-0.2260350512,0.1584399167,,,,
15408,0.0,369.996246,1693.933594,1749.537842,0.9604888243,-0.2308195832,0.1555105729,,,,
15409,0.0,371.823273,1694.866943,1749.701172,0.9602615405,-0.2334961845,0.1528963884,,,,
15410,0.0,375.107239,1696.694214,1749.687256,0.9597174067,-0.2381353094,0.1491109442,,,,
15411,0.0,377.282959,1697.714233,1750.213867,0.9595025612,-0.2402232683,0.1471312897,,,,
15412,0.0,380.270325,1699.352905,1750.388916,0.9593139125,-0.2421123582,0.1452529632,,,,
15413,0.0,382.952118,1700.641968,1750.489136,0.9593205634,-0.243188199,0.143399988,,,,
15414,0.0,385.159607,1701.552368,1750.495117,0.958967069,-0.2456386117,0.1415762446,,,,
15415,0.0,388.823334,1702.947998,1750.528076,0.9584419362,-0.2489319826,0.1393625595,,,,
15416,0.0,391.329102,1703.704224,1750.484619,0.9578358174,-0.2521604651,0.1377158187,,,,
15417,0.0,393.673431,1704.159668,1750.005737,0.956893842,-0.2567276764,0.135812648,,,,
15418,0.0,397.058594,1704.822998,1749.579712,0.9558374931,-0.261663729,0.1338162164,,,,
15419,0.0,399.958893,1705.390869,1749.37793,0.9548002588,-0.2663879554,0.1318860232,,,,
15420,0.0,404.702667,1706.089233,1749.039673,0.9545278662,-0.2680835137,0.1304138886,,,,
15421,0.0,406.6166075,1706.2319335,1748.963684,0.9544862379,-0.2683713148,0.1301256755,,,,
15422,0.0,408.530548,1706.374634,1748.887695,0.9544446096,-0.2686591158,0.1298374625,,,,
15423,0.0,413.373993,1706.810791,1749.077515,0.9544434452,-0.2686672917,0.1298291039,,,,
15424,0.0,415.221466,1706.880615,1749.3391115,0.9544434218,-0.268667375,0.1298291039,,,,
15425,0.0,419.534821,1706.932129,1750.142822,0.9543303815,-0.2694417408,0.1290529784,,,,
15426,0.0,421.25058,1706.898865,1750.9053955,0.9541209127,-0.27044412,0.1284986619,,,,
15427,0.0,425.642548,1706.805908,1752.497192,0.9540072336,-0.2715085853,0.1270955794,,,,
15428,0.0,428.016785,1706.776367,1753.867798,0.9540689364,-0.2715260738,0.1265940589,,,,
15429,0.0,430.873199,1706.616699,1754.911743,0.9541165049,-0.2715396477,0.1262058427,,,,
15430,0.0,435.006592,1706.328735,1756.395996,0.9541386178,-0.271545635,0.1260256565,,,,
15431,0.0,437.456024,1706.08728,1757.166138,0.9541386178,-0.271545635,0.1260256565,,,,
15432,0.0,440.101105,1706.116699,1758.5625,0.9539472124,-0.2727934838,0.1247735193,,,,
15433,0.0,443.407654,1705.682739,1760.041382,0.9535853254,-0.2750981756,0.1224582414,,,,
15434,0.0,445.929138,1704.937012,1760.414551,0.9531494645,-0.2772921012,0.1208932957,,,,
15435,0.0,448.886749,1703.69165,1760.921875,0.9516308062,-0.283742458,0.1178517131,,,,
15436,0.0,450.69165,1702.892578,1761.053345,0.9499473651,-0.2901644737,0.1157781574,,,,
15437,0.0,454.094238,1700.913208,1761.77063,0.9473074274,-0.2997915259,0.112843604,,,,
15438,0.0,456.041962,1699.871704,1761.870728,0.9452800522,-0.3066926691,0.1112889463,,,,
15439,0.0,458.70163,1697.887817,1762.309814,0.94222437,-0.3167245363,0.1090816425,,,,
15440,0.0,460.590668,1696.474243,1762.465088,0.9401812733,-0.3230170173,0.108255161,,,,
15441,0.0,463.418823,1694.18396,1762.947021,0.9339041432,-0.3411421282,0.1069817724,,,,
15442,0.0,464.85733,1693.095947,1763.083374,0.9296083053,-0.3526801707,0.1069817551,,,,
15443,0.0,467.246094,1691.259399,1763.800171,0.9244726315,-0.3659306734,0.1069817551,,,,
15444,0.0,470.332336,1688.871094,1764.807007,0.9149860887,-0.3890441591,0.1069817724,,,,
15445,0.0,472.263123,1687.369385,1765.472412,0.9073183263,-0.4062677331,0.108258874,,,,
15446,0.0,474.911407,1685.450684,1765.847412,0.8918784556,-0.4382459067,0.1117736355,,,,
15447,0.0,477.798767,1683.291016,1765.920776,0.8767378162,-0.466977003,0.1151663162,,,,
15448,0.0,479.887604,1681.412354,1766.397095,0.8612550644,-0.4940864208,0.1188205489,,,,
15449,0.0,482.671722,1679.254395,1766.592896,0.8359363548,-0.5346079603,0.1241158307,,,,
15450,0.0,484.995056,1677.497192,1766.755615,0.8197947777,-0.5583484138,0.127214666,,,,
15451,0.0,487.031921,1675.516235,1767.245972,0.7999973298,-0.5855716327,0.1308057155,,,,
15452,0.0,489.76474,1673.11084,1767.428101,0.7716824371,-0.6214203842,0.1354360449,,,,
15453,0.0,491.984253,1671.469727,1767.376465,0.7571741236,-0.6385472511,0.1376399457,,,,
15454,0.0,494.736694,1668.743164,1767.607666,0.734672998,-0.6634291234,0.1418357649,,,,
15455,0.0,498.737946,1665.397095,1767.613647,0.7133407119,-0.6857642459,0.1444729312,,,,
15456,0.0,500.258179,1663.966492,1767.5985715,0.7051645212,-0.6938373574,0.1456002181,,,,
15457,0.0,501.778412,1662.535889,1767.583496,0.6969883305,-0.701910469,0.146727505,,,,
15458,0.0,503.383728,1661.056885,1767.507935,0.6877417003,-0.7109330712,0.146920121,,,,
15459,0.0,508.562683,1656.56543,1767.359009,0.6669813237,-0.7304453311,0.1469201556,,,,
15460,0.0,509.719879,1655.501282,1767.1427005,0.6643396994,-0.7328843824,0.1466978842,,,,
15461,0.0,510.877075,1654.437134,1766.926392,0.6616980751,-0.7353234338,0.1464756127,,,,
15462,0.0,515.468506,1650.432129,1766.516479,0.6579436974,-0.7389140042,0.1453140924,,,,
15463,0.0,518.035522,1648.129761,1766.180176,0.6577546843,-0.7391393948,0.145023206,,,,
15464,0.0,519.146423,1647.0404055,1766.2176515,0.6577546843,-0.7391393948,0.145023206,,,,
15465,0.0,522.300415,1644.021973,1766.088257,0.6577546843,-0.7391393948,0.145023206,,,,
15466,0.0,525.049622,1641.347168,1765.628052,0.6577546843,-0.7391393948,0.145023206,,,,
15467,0.0,526.730225,1639.66394,1765.439697,0.6577546843,-0.7391393948,0.145023206,,,,
15468,0.0,528.869568,1637.571899,1764.999146,0.6577546843,-0.7391393948,0.145023206,,,,
15469,0.0,531.320618,1635.039185,1764.960938,0.6602475544,-0.7369134458,0.1450232406,,,,
15470,0.0,532.930298,1633.511841,1764.978149,0.6636391635,-0.7338605592,0.1450232406,,,,
15471,0.0,535.334106,1630.865601,1764.911499,0.6732678615,-0.7250370035,0.145023206,,,,
15472,0.0,537.208984,1628.701782,1765.131226,0.6890541019,-0.7101388641,0.1445933551,,,,
15473,0.0,538.788025,1626.501343,1765.05542,0.7008418981,-0.698585355,0.1442190547,,,,
15474,0.0,540.509094,1624.353271,1765.192383,0.7179921367,-0.6811022842,0.143481602,,,,
15475,0.0,542.537231,1621.256104,1765.7229,0.7428704065,-0.6541404983,0.1422805947,,,,
15476,0.0,543.911377,1618.966919,1765.886841,0.757723307,-0.6369849605,0.1417940412,,,,
15477,0.0,545.034424,1616.795288,1766.380615,0.7703283215,-0.6217704136,0.1414066121,,,,
15478,0.0,546.548828,1613.849609,1766.343628,0.7820840043,-0.6070424396,0.1408690408,,,,
15479,0.0,548.044739,1610.960693,1766.473145,0.790825827,-0.5957337951,0.1403415716,,,,
15480,0.0,549.12616,1608.759521,1766.305176,0.7955755683,-0.5895355901,0.1396685478,,,,
15481,0.0,550.254578,1606.058838,1766.180664,0.7995723343,-0.584184432,0.1393292205,,,,
15482,0.0,551.273987,1603.534424,1766.106934,0.8013756282,-0.5817082434,0.139329186,,,,
15483,0.0,552.7901,1600.296631,1765.622192,0.8021069402,-0.5806994272,0.1393292205,,,,
15484,0.0,553.6651,1597.843872,1765.439453,0.8021069402,-0.5806994272,0.1393292205,,,,
15485,0.0,554.50061,1595.122192,1765.378784,0.8025166369,-0.580133106,0.1393292032,,,,
15486,0.0,555.392578,1592.637451,1764.8479,0.803496557,-0.5787751426,0.1393291687,,,,
15487,0.0,556.018616,1590.409912,1764.840332,0.8053692963,-0.5761663476,0.1393292378,,,,
15488,0.0,557.116638,1586.652588,1764.434326,0.8083924733,-0.5719169323,0.1393292205,,,,
15489,0.0,557.861816,1583.879761,1764.356812,0.8111859501,-0.5679478169,0.1393292205,,,,
15490,0.0,558.436707,1581.777344,1764.168335,0.8140938447,-0.563688003,0.1396676319,,,,
15491,0.0,559.457214,1577.71521,1764.19397,0.8177844918,-0.5581689112,0.1402711357,,,,
15492,0.0,560.083252,1575.173096,1764.209229,0.8203190336,-0.5543313388,0.140689196,,,,
15493,0.0,560.644348,1572.96106,1764.474365,0.8226130599,-0.5508238975,0.1410701511,,,,
15494,0.0,561.645935,1569.319336,1764.717163,0.8269334944,-0.5442754116,0.1412277315,,,,
15495,0.0,562.348938,1566.826904,1764.878418,0.8296494265,-0.5401264268,0.1412277315,,,,
15496,0.0,562.897278,1564.457397,1764.766479,0.832947222,-0.5348835987,0.1417690414,,,,
15497,0.0,563.70874,1561.730225,1765.015747,0.836038399,-0.5299297572,0.1421768186,,,,
15498,0.0,565.584167,1554.900146,1765.509888,0.8387267024,-0.5256645992,0.1421768186,,,,
15499,0.0,566.0047605,1553.092102,1765.5125125,0.838838852,-0.5254855758,0.14217681,,,,
15500,0.0,567.150818,1548.388794,1765.65625,0.8389510016,-0.5253065525,0.1421768014,,,,
15501,0.0,567.6007995,1546.4403685,1765.7106325,0.8389510016,-0.5253065525,0.1421768014,,,,
15502,0.0,568.050781,1544.491943,1765.765015,0.8389510016,-0.5253065525,0.1421768014,,,,
15503,0.0,569.36145,1538.756348,1765.746948,0.8389510016,-0.5253065525,0.1421768014,,,,
15504,0.0,570.10083,1534.937744,1765.579346,0.8388483709,-0.5252425351,0.1430163977,,,,
15505,0.0,570.440308,1532.729858,1765.401367,0.838149762,-0.5263268841,0.1431257751,,,,
15506,0.0,570.8471985,1530.3345945,1765.2526245,0.837488145,-0.52737755,0.1431257664,,,,
15507,0.0,571.254089,1527.939331,1765.103882,0.8368265281,-0.5284282158,0.1431257578,,,,
15508,0.0,572.261108,1522.036255,1764.767944,0.8308275887,-0.5378108686,0.1431257751,,,,
15509,0.0,572.75647,1518.139771,1764.379028,0.8218008393,-0.5512633171,0.1440560161,,,,
15510,0.0,573.25,1515.512085,1764.393433,0.8152434455,-0.5609105581,0.1440745308,,,,
15511,0.0,573.535339,1513.120239,1764.172607,0.8064020646,-0.5733841201,0.1447285769,,,,
15512,0.0,574.471313,1508.648071,1764.176025,0.7928278923,-0.5917166685,0.1459291517,,,,
15513,0.0,575.129822,1505.951538,1764.226074,0.7837126054,-0.6035428318,0.1467330986,,,,
15514,0.0,575.953918,1503.270996,1764.236816,0.7740210856,-0.6157221985,0.1475721292,,,,
15515,0.0,577.386353,1499.66687,1764.403809,0.7635891357,-0.6283294859,0.1487739525,,,,
15516,0.0,578.375061,1497.192139,1764.440186,0.7575350904,-0.6354328412,0.1495516341,,,,
15517,0.0,579.771912,1494.295776,1764.625854,0.7525315159,-0.6411327724,0.1504828422,,,,
15518,0.0,581.148254,1491.942871,1764.966064,0.7501904087,-0.6438168617,0.1507123064,,,,
15519,0.0,582.384338,1489.884033,1765.301514,0.7496111683,-0.6444911723,0.1507123926,,,,
15520,0.0,583.368835,1488.38269,1765.503784,0.7496111683,-0.6444911723,0.1507123926,,,,
15521,0.0,586.726624,1483.523926,1766.346802,0.7496111683,-0.6444911723,0.1507123926,,,,
15522,0.0,588.051758,1481.686035,1766.374756,0.7495660034,-0.64445225,0.1511029582,,,,
15523,0.0,589.793518,1479.296387,1766.426514,0.7495195979,-0.6444123521,0.1515027816,,,,
15524,0.0,592.353577,1476.36145,1766.984375,0.7495012575,-0.6443966745,0.1516601164,,,,
15525,0.0,594.033386,1474.233887,1767.125488,0.7495012575,-0.6443966745,0.1516601164,,,,
15526,0.0,595.846558,1472.244629,1767.352051,0.7495012575,-0.6443966745,0.1516601164,,,,
15527,0.0,598.119019,1469.63916,1767.353149,0.7495012575,-0.6443966745,0.1516601164,,,,
15528,0.0,599.93457,1467.262573,1767.198486,0.7495012575,-0.6443966745,0.1516601164,,,,
15529,0.0,602.084595,1464.464722,1766.829102,0.7495012575,-0.6443966745,0.1516601164,,,,
15530,0.0,603.287537,1462.364868,1766.725708,0.7495012575,-0.6443966745,0.1516601164,,,,
15531,0.0,605.136292,1459.449463,1766.11084,0.7495012575,-0.6443966745,0.1516601164,,,,
15532,0.0,606.144714,1457.526855,1765.678101,0.7495012575,-0.6443966745,0.1516601164,,,,
15533,0.0,607.362244,1454.830811,1765.470459,0.7484213181,-0.6455574714,0.1520561792,,,,
15534,0.0,608.802612,1451.467651,1765.100586,0.7469952058,-0.6470842955,0.1525781016,,,,
15535,0.0,609.835815,1448.72229,1764.912964,0.7430306281,-0.6512196576,0.1543322499,,,,
15536,0.0,610.548401,1446.808716,1764.598999,0.739870405,-0.6544775556,0.1557270467,,,,
15537,0.0,611.604309,1443.567871,1764.510742,0.7336142931,-0.6608477449,0.1583992643,,,,
15538,0.0,612.551514,1440.057373,1764.601196,0.7174884052,-0.6774684128,0.1620090682,,,,
15539,0.0,613.055847,1437.982056,1764.620239,0.7087703888,-0.6862713798,0.1633282868,,,,
15540,0.0,613.757812,1434.606079,1764.707031,0.6913218384,-0.7035010415,0.164804127,,,,
15541,0.0,614.930542,1428.297363,1764.975342,0.6628373841,-0.7301626596,0.1658586532,,,,
15542,0.0,615.355896,1424.938232,1765.612915,0.646983697,-0.7442465971,0.1658586704,,,,
15543,0.0,615.785095,1421.550049,1765.815308,0.6349817485,-0.7545124825,0.1658586532,,,,
15544,0.0,616.070129,1419.013672,1765.797974,0.6298316851,-0.7588168129,0.1658586532,,,,
15545,0.0,616.38208,1414.980835,1766.250977,0.6260208059,-0.7619638166,0.1658586532,,,,
15546,0.0,616.5148315,1413.001465,1766.3496095,0.6254879773,-0.7624009591,0.1658586532,,,,
15547,0.0,616.647583,1411.022095,1766.448242,0.6249551488,-0.7628381015,0.1658586532,,,,
15548,0.0,616.813538,1407.650879,1766.434692,0.624587822,-0.7631388863,0.1658586532,,,,
15549,0.0,617.09436,1401.996094,1766.230469,0.6210323923,-0.7661236902,0.1654486596,,,,
15550,0.0,616.89093,1399.000732,1765.947998,0.6186130176,-0.7681540538,0.1650978015,,,,
15551,0.0,616.946838,1394.79187,1765.87439,0.6153168459,-0.7708364541,0.1649131291,,,,
15552,0.0,616.629089,1391.536987,1765.385254,0.6138406903,-0.7721993738,0.1640357704,,,,
15553,0.0,616.650818,1388.393311,1765.3479,0.6137406071,-0.7722934333,0.1639674362,,,,
15554,0.0,616.291138,1385.857544,1764.869141,0.6137406071,-0.7722934333,0.1639674362,,,,
15555,0.0,616.111511,1382.434448,1764.651611,0.6137406071,-0.7722934333,0.1639674362,,,,
15556,0.0,616.033325,1379.391724,1764.644043,0.6137406071,-0.7722934333,0.1639674362,,,,
15557,0.0,615.808655,1376.648804,1764.360352,0.6137406071,-0.7722934333,0.1639674362,,,,
15558,0.0,615.669189,1373.705078,1764.249634,0.6137406071,-0.7722934333,0.1639674362,,,,
15559,0.0,615.505859,1370.636719,1764.20752,0.6137406071,-0.7722934333,0.1639674362,,,,
15560,0.0,615.345581,1367.349609,1764.182373,0.6137406071,-0.7722934333,0.1639674362,,,,
15561,0.0,615.214722,1364.777954,1764.2677,0.6137406071,-0.7722934333,0.1639674362,,,,
15562,0.0,615.020996,1361.358887,1764.372925,0.6137406071,-0.7722934333,0.1639674362,,,,
15563,0.0,614.824829,1358.135376,1764.513794,0.6137406071,-0.7722934333,0.1639674362,,,,
15564,0.0,614.630798,1354.929688,1764.799194,0.6137406071,-0.7722934333,0.1639674362,,,,
15565,0.0,614.420288,1351.577515,1765.041382,0.614525906,-0.7718565923,0.1630806907,,,,
15566,0.0,614.217407,1348.196533,1765.274902,0.6168616301,-0.7702006397,0.1620885677,,,,
15567,0.0,614.069885,1345.614014,1765.56897,0.6180300963,-0.7694098176,0.1613918603,,,,
15568,0.0,613.823364,1342.140869,1765.600586,0.6196722569,-0.7681429503,0.1611294568,,,,
15569,0.0,613.629944,1338.846436,1765.574829,0.6220209256,-0.7665856135,0.1594881349,,,,
15570,0.0,613.483276,1335.547852,1765.483521,0.6237726387,-0.7653931903,0.1583696925,,,,
15571,0.0,613.360596,1333.63269,1765.419434,0.6252554742,-0.7643333261,0.1576393307,,,,
15572,0.0,613.012451,1329.489258,1765.407104,0.6275968371,-0.7626447555,0.1565093827,,,,
15573,0.0,612.802063,1326.242554,1765.296631,0.629283092,-0.761458247,0.1555124694,,,,
15574,0.0,612.870667,1324.714844,1765.001099,0.629893427,-0.7610293374,0.15514064,,,,
15575,0.0,612.649658,1320.497681,1764.676025,0.6309004911,-0.7603197658,0.1545264509,,,,
15576,0.0,612.428223,1317.508545,1764.484009,0.6317195825,-0.7598261977,0.1536050726,,,,
15577,0.0,612.210938,1314.542114,1764.121582,0.6331619084,-0.7586348401,0.1535551275,,,,
15578,0.0,612.005066,1311.883911,1763.833862,0.6344033223,-0.7577884399,0.1526076835,,,,
15579,0.0,611.800903,1309.450195,1763.692383,0.635242146,-0.7572205135,0.1519358742,,,,
15580,0.0,611.516968,1306.14624,1763.63501,0.637726044,-0.755320946,0.1509826526,,,,
15581,0.0,611.026733,1300.679443,1763.473145,0.6417526839,-0.7521463212,0.1497644959,,,,
15582,0.0,610.707886,1297.491089,1763.520142,0.6428810551,-0.7513209244,0.149066487,,,,
15583,0.0,610.45636,1294.440796,1763.560791,0.643095407,-0.7511870158,0.1488165477,,,,
15584,0.0,610.3825685,1293.0184935,1763.7059935,0.6434194413,-0.7509490542,0.1486160789,,,,
15585,0.0,610.308777,1291.596191,1763.851196,0.6437434756,-0.7507110925,0.1484156101,,,,
15586,0.0,609.995361,1287.921631,1763.854736,0.6445434379,-0.7501222248,0.1479202641,,,,
15587,0.0,609.847168,1284.879761,1764.09021,0.6459358408,-0.7490934961,0.1470572122,,,,
15588,0.0,609.706116,1281.661743,1764.389404,0.6474599867,-0.7478034759,0.1469201383,,,,
15589,0.0,609.453674,1276.18335,1764.942139,0.6500973403,-0.7458175386,0.1453604051,,,,
15590,0.0,609.4050595,1274.046326,1765.1617435,0.6503677494,-0.7456145032,0.1451918056,,,,
15591,0.0,609.217407,1270.279419,1765.342651,0.6506381585,-0.7454114679,0.145023206,,,,
15592,0.0,608.950928,1266.259277,1765.507812,0.6506381585,-0.7454114679,0.145023206,,,,
15593,0.0,608.536865,1261.689575,1765.50769,0.6506381585,-0.7454114679,0.145023206,,,,
15594,0.0,608.106812,1258.552368,1765.38147,0.6506381585,-0.7454114679,0.145023206,,,,
15595,0.0,607.842468,1255.229126,1765.366577,0.6506381585,-0.7454114679,0.145023206,,,,
15596,0.0,607.419861,1252.341064,1765.251831,0.6506381585,-0.7454114679,0.145023206,,,,
15597,0.0,606.798706,1249.609497,1764.911865,0.6506381585,-0.7454114679,0.145023206,,,,
15598,0.0,606.468262,1246.272461,1764.831055,0.6506381585,-0.7454114679,0.145023206,,,,
15599,0.0,606.071777,1243.060181,1764.729736,0.6506381585,-0.7454114679,0.145023206,,,,
15600,0.0,605.515747,1239.286621,1764.507568,0.6506381585,-0.7454114679,0.145023206,,,,
15601,0.0,605.250061,1237.444214,1764.403687,0.6499824544,-0.7459832932,0.1450232233,,,,
15602,0.0,604.756897,1233.279785,1764.156372,0.6486867173,-0.7471103082,0.145023206,,,,
15603,0.0,604.303833,1229.516479,1764.02771,0.6384924684,-0.7560224186,0.1440745308,,,,
15604,0.0,604.017761,1227.004639,1763.987305,0.6291912948,-0.7637806257,0.1440745308,,,,
15605,0.0,603.698669,1224.41272,1763.946899,0.6151126054,-0.7751638615,0.1440745308,,,,
15606,0.0,603.365112,1221.555298,1763.971313,0.5990181035,-0.7875719294,0.1445951857,,,,
15607,0.0,602.9823,1217.730591,1764.474243,0.5701417365,-0.8085026852,0.1458142942,,,,
15608,0.0,602.516418,1214.457642,1764.404663,0.5471634336,-0.8239115743,0.1475869056,,,,
15609,0.0,602.089905,1211.363403,1764.724121,0.525364843,-0.837600483,0.1497237878,,,,
15610,0.0,601.679993,1208.468994,1764.912598,0.5104229993,-0.8465255251,0.1512048185,,,,
15611,0.0,601.257507,1205.442505,1765.250366,0.5023318791,-0.8512162867,0.1519655108,,,,
15612,0.0,600.694824,1201.906006,1765.778931,0.4968343176,-0.8543506936,0.1524485263,,,,
15613,0.0,600.068481,1197.992432,1765.816528,0.49501844,-0.8553757297,0.1526076835,,,,
15614,0.0,599.540771,1194.665527,1765.903687,0.49501844,-0.8553757297,0.1526076835,,,,
15615,0.0,599.139038,1191.387451,1765.910034,0.4973711042,-0.8540098734,0.1526077352,,,,
15616,0.0,598.747559,1189.410156,1765.945801,0.4992848113,-0.8528924709,0.1526077007,,,,
15617,0.0,598.379883,1185.983276,1765.719727,0.5018543689,-0.8513830408,0.1526077007,,,,
15618,0.0,597.940002,1182.814453,1765.450439,0.5076031587,-0.8479681144,0.1526077007,,,,
15619,0.0,597.536499,1180.50061,1765.396973,0.5155548515,-0.8431572124,0.1526077007,,,,
15620,0.0,597.031494,1177.019653,1765.090454,0.5249702285,-0.8373273845,0.1526077007,,,,
15621,0.0,596.61377,1174.120117,1764.77356,0.5390467718,-0.8283353625,0.1526076835,,,,
15622,0.0,596.20813,1171.34375,1764.44043,0.5538417368,-0.8185170893,0.1526076835,,,,
15623,0.0,595.286072,1165.937012,1763.994263,0.5951363848,-0.7890016373,0.1526076662,,,,
15624,0.0,594.825684,1163.00293,1763.743896,0.6202914498,-0.769382491,0.1526076662,,,,
15625,0.0,594.411743,1160.312378,1763.613403,0.6417603084,-0.7515680915,0.1526077007,,,,
15626,0.0,594.182892,1158.7022705,1763.589111,0.6537345628,-0.7410040686,0.1526077007,,,,
15627,0.0,593.954041,1157.092163,1763.564819,0.6657088171,-0.7304400458,0.1526077007,,,,
15628,0.0,593.340149,1152.035889,1763.619995,0.7044186532,-0.692852376,0.1541101754,,,,
15629,0.0,593.1890565,1150.194153,1763.727661,0.7140659354,-0.6827177962,0.1543062943,,,,
15630,0.0,592.842407,1145.786743,1763.867065,0.7326693083,-0.6628157318,0.154502396,,,,
15631,0.0,592.770203,1142.399536,1764.088379,0.7462877832,-0.6474438619,0.154502396,,,,
15632,0.0,592.834229,1139.290771,1764.44751,0.7542444553,-0.6381569645,0.154502396,,,,
15633,0.0,592.803772,1135.954102,1764.584473,0.7639476571,-0.6262971748,0.155357092,,,,
15634,0.0,592.773193,1132.671265,1764.715454,0.771488534,-0.616960997,0.1554495741,,,,
15635,0.0,592.771484,1129.499512,1764.901733,0.7794416554,-0.6066589673,0.1563189149,,,,
15636,0.0,592.772705,1127.485962,1764.981201,0.7835969672,-0.6010931854,0.1570438649,,,,
15637,0.0,592.768555,1123.240112,1765.027588,0.7894483233,-0.5930965743,0.1581385415,,,,
15638,0.0,592.859192,1119.931641,1765.072876,0.7943653417,-0.5862139412,0.1591757491,,,,
15639,0.0,592.775391,1116.348389,1764.91394,0.7978423375,-0.581199197,0.1601720887,,,,
15640,0.0,592.773987,1113.55835,1764.718506,0.7997691572,-0.5785418199,0.1601832007,,,,
15641,0.0,592.760986,1110.597534,1764.480347,0.8005182521,-0.577504866,0.1601832007,,,,
15642,0.0,592.938354,1106.90271,1764.498291,0.8006567318,-0.5773128662,0.1601831835,,,,
15643,0.0,590.265503,1102.306152,1765.689331,0.8006567318,-0.5773128662,0.1601831835,,,,
15644,0.0,590.606018,1098.462402,1765.689209,0.8006567318,-0.5773128662,0.1601831835,,,,
15645,0.0,590.867737,1095.629395,1765.689209,0.8006567318,-0.5773128662,0.1601831835,,,,
15646,0.0,591.297241,1091.677002,1765.689209,0.8006567318,-0.5773128662,0.1601831835,,,,
15647,0.0,591.546753,1089.43103,1765.689209,0.8006567318,-0.5773128662,0.1601831835,,,,
15648,0.0,591.930908,1085.635254,1765.689209,0.8006567318,-0.5773128662,0.1601831835,,,,
15649,0.0,592.237671,1082.692505,1765.689209,0.8006567318,-0.5773128662,0.1601831835,,,,
15650,0.0,592.636719,1078.970947,1765.689209,0.8006567318,-0.5773128662,0.1601831835,,,,
15651,0.0,592.919312,1076.455078,1765.689209,0.8005620805,-0.5772447029,0.1609003051,,,,
15652,0.0,593.260864,1073.52002,1765.689209,0.8002313958,-0.5775222427,0.1615480499,,,,
15653,0.0,593.681335,1069.972046,1765.689209,0.79988886,-0.5778631138,0.1620247925,,,,
15654,0.0,594.059021,1066.849976,1765.689209,0.7993630455,-0.5785760292,0.1620755992,,,,
15655,0.0,594.421143,1063.994263,1765.689209,0.7992980168,-0.5786658577,0.1620756164,,,,
15656,0.0,594.78064,1061.201904,1765.689209,0.7992980168,-0.5786658577,0.1620756164,,,,
15657,0.0,595.250732,1057.614014,1765.689209,0.7992980168,-0.5786658577,0.1620756164,,,,
15658,0.0,595.712646,1054.171509,1765.689209,0.7992980168,-0.5786658577,0.1620756164,,,,
15659,0.0,596.039734,1051.77063,1765.689331,0.7992980168,-0.5786658577,0.1620756164,,,,
15660,0.0,596.494263,1048.475342,1765.689209,0.7992980168,-0.5786658577,0.1620756164,,,,
15661,0.0,596.901001,1045.571899,1765.689209,0.7992980168,-0.5786658577,0.1620756164,,,,
15662,0.0,597.396362,1042.064087,1765.689209,0.7992980168,-0.5786658577,0.1620756164,,,,
15663,0.0,597.882019,1038.666992,1765.689209,0.7992980168,-0.5786658577,0.1620756164,,,,
15664,0.0,598.205688,1036.425903,1765.689209,0.7992980168,-0.5786658577,0.1620756164,,,,
15665,0.0,599.079285,1030.448608,1765.689209,0.7992980168,-0.5786658577,0.1620756164,,,,
15666,0.0,599.3595585,1028.549255,1765.689209,0.7992980168,-0.5786658577,0.1620756164,,,,
15667,0.0,599.98584,1024.324707,1765.689087,0.7992980168,-0.5786658577,0.1620756164,,,,
15668,0.0,600.282715,1022.341858,1765.689148,0.7992980168,-0.5786658577,0.1620756164,,,,
15669,0.0,600.912598,1018.152039,1765.689209,0.7992000738,-0.5785947163,0.1628109217,,,,
15670,0.0,601.22168,1016.1087955,1765.689209,0.7991253258,-0.5785406756,0.163367933,,,,
15671,0.0,601.530762,1014.065552,1765.689209,0.7990505778,-0.5784866349,0.1639249443,,,,
15672,0.0,602.408386,1008.307861,1765.689209,0.798812102,-0.5783139862,0.165686931,,,,
15673,0.0,602.762085,1006.000671,1765.689331,0.7986967844,-0.5782303513,0.1665326017,,,,
15674,0.0,603.0901185,1003.867401,1765.68927,0.7986166509,-0.5781724116,0.1671159994,,,,
15675,0.0,603.418152,1001.734131,1765.689209,0.7985365174,-0.5781144719,0.1676993972,,,,
15676,0.0,603.525635,1001.042419,1765.689331,0.7984952116,-0.5779105597,0.1685965065,,,,
15677,0.0,604.360718,995.705933,1765.689209,0.7982707481,-0.5766798087,0.1737935874,,,,
15678,0.0,605.343628,989.427612,1765.689209,0.798027431,-0.5754545668,0.1788973473,,,,
15679,0.0,605.86554,986.080017,1765.689331,0.7975037765,-0.575039515,0.1825302238,,,,
15680,0.0,606.330872,983.130127,1765.689209,0.7965930925,-0.5743829515,0.1884772402,,,,
15681,0.0,606.738586,980.538269,1765.689331,0.7962311455,-0.5741219699,0.1907876481,,,,
15682,0.0,607.10907,978.189941,1765.689209,0.7959151717,-0.5738939683,0.192781619,,,,
15683,0.0,607.78772,973.895691,1765.689209,0.7955397851,-0.5736234648,0.1951219387,,,,
15684,0.0,608.217651,971.182739,1765.689209,0.7952804614,-0.5734361421,0.1967231016,,,,
15685,0.0,608.55603,969.032898,1765.689209,0.7948763646,-0.573544318,0.1980365628,,,,
15686,0.0,609.240723,964.693115,1765.689209,0.7942386189,-0.5738129234,0.1998092719,,,,
15687,0.0,609.632019,962.191772,1765.689087,0.7936193404,-0.5742717333,0.2009485478,,,,
15688,0.0,610.180115,958.68988,1765.689209,0.7927291703,-0.5749402872,0.2025441403,,,,
15689,0.0,610.707092,955.294617,1765.689209,0.7915918322,-0.5759598533,0.2040897316,,,,
15690,0.0,610.7924805,954.741852,1765.689209,0.7914012959,-0.5761323568,0.2043413,,,,
15691,0.0,610.877869,954.189087,1765.689209,0.7912107596,-0.5763048604,0.2045928685,,,,
15692,0.0,612.626892,946.225342,1765.689209,0.7851099116,-0.5822592048,0.2111318195,,,,
15693,0.0,613.403809,943.774475,1765.689209,0.7813380341,-0.5861902099,0.2142239815,,,,
15694,0.0,614.304932,941.351807,1765.689209,0.7775262677,-0.5897747928,0.2182168572,,,,
15695,0.0,615.334473,938.833679,1765.689331,0.772463838,-0.5945981201,0.2230531203,,,,
15696,0.0,616.993225,935.172119,1765.689209,0.7613624229,-0.6048963846,0.2332972887,,,,
15697,0.0,618.047424,933.173462,1765.689209,0.7584435612,-0.6074015047,0.2362769066,,,,
15698,0.0,619.754578,930.115051,1765.689209,0.7517600827,-0.6133048742,0.2423095321,,,,
15699,0.0,621.250977,927.665283,1765.689331,0.7461593585,-0.6180758863,0.247443752,,,,
15700,0.0,622.561218,925.621216,1765.689209,0.7425991149,-0.6210447051,0.2506990803,,,,
15701,0.0,624.67865,922.463806,1765.689331,0.7371717464,-0.6253098771,0.2560573646,,,,
15702,0.0,626.440247,920.029846,1765.689209,0.7330565576,-0.6284205624,0.2602223667,,,,
15703,0.0,627.905212,918.040039,1765.689087,0.7297697337,-0.6308564789,0.2635455156,,,,
15704,0.0,629.583801,915.869995,1765.689331,0.7250557109,-0.634090636,0.2687438957,,,,
15705,0.0,631.882446,912.98877,1765.689209,0.720796129,-0.6368520294,0.2736282753,,,,
15706,0.0,633.91449,910.491699,1765.689209,0.7159841538,-0.6399230436,0.2790433474,,,,
15707,0.0,635.733521,908.321289,1765.689331,0.7108208969,-0.6426963461,0.285788487,,,,
15708,0.0,638.001831,905.672729,1765.689209,0.7060539047,-0.6450973197,0.2921255411,,,,
15709,0.0,640.115906,903.257446,1765.689331,0.7018088272,-0.6465177945,0.2991305927,,,,
15710,0.0,642.244751,900.881226,1765.689209,0.6976315042,-0.6477544595,0.3061444831,,,,
15711,0.0,644.325806,898.593811,1765.689209,0.6940463837,-0.6481798252,0.3133090031,,,,
15712,0.0,646.359924,896.24408,1765.689209,0.6925822064,-0.6482489591,0.3163908571,,,,
15713,0.0,649.660461,891.84375,1765.689209,0.691394177,-0.646338786,0.3228316368,,,,
15714,0.0,651.126221,889.576294,1765.689331,0.691461779,-0.6441871134,0.3269611156,,,,
15715,0.0,653.260193,885.977173,1765.689209,0.6916846861,-0.6413369349,0.3320530544,,,,
15716,0.0,654.653992,883.381409,1765.689209,0.6936317383,-0.6360053162,0.3381896649,,,,
15717,0.0,655.830994,880.94812,1765.689087,0.6958638871,-0.63055867,0.3437574936,,,,
15718,0.0,656.914307,878.582153,1765.689209,0.6974701842,-0.6265513183,0.3478056751,,,,
15719,0.0,657.52002,877.272034,1765.689209,0.698439156,-0.6242864832,0.3499273241,,,,
15720,0.0,659.493164,872.375916,1765.689209,0.7052058686,-0.6104735721,0.3605644195,,,,
15721,0.0,660.248169,870.356812,1765.689209,0.7080065583,-0.6045999314,0.3649460733,,,,
15722,0.0,661.458618,866.945068,1765.688965,0.7140256034,-0.5926567386,0.3727270153,,,,
15723,0.0,662.256165,864.543152,1765.689209,0.7174031491,-0.5859133624,0.3768796271,,,,
15724,0.0,663.294617,861.368469,1765.689331,0.7230288221,-0.5753580539,0.3823511896,,,,
15725,0.0,664.372009,857.915222,1765.689209,0.7302974393,-0.5604441501,0.3905995453,,,,
15726,0.0,665.191589,855.147034,1765.689209,0.7348926472,-0.5502582456,0.396419803,,,,
15727,0.0,666.068237,852.023132,1765.689209,0.7393797295,-0.5406497003,0.4012673886,,,,
15728,0.0,666.772522,849.473633,1765.689209,0.7432719309,-0.5316627962,0.4060560403,,,,
15729,0.0,667.661438,846.106201,1765.689209,0.7470325228,-0.5226128277,0.4108749715,,,,
15730,0.0,668.448425,843.077637,1765.689209,0.7504078126,-0.5142206766,0.4152893095,,,,
15731,0.0,669.216309,840.143494,1765.689209,0.7541815765,-0.5044656678,0.4203861793,,,,
15732,0.0,669.860779,837.608521,1765.689087,0.7566413509,-0.4973901829,0.4243782182,,,,
15733,0.0,670.791565,833.823059,1765.689209,0.7591821486,-0.4897141761,0.4287452519,,,,
15734,0.0,671.097412,832.534058,1765.689209,0.7595880594,-0.4882264178,0.4297219392,,,,
15735,0.0,672.037842,828.729309,1765.689209,0.7622537246,-0.4795764167,0.4347133767,,,,
15736,0.0,672.707092,826.04834,1765.689087,0.7646829014,-0.47314702,0.4374836657,,,,
15737,0.0,673.47699,822.987671,1765.689209,0.7676786052,-0.4653849358,0.4405524041,,,,
15738,0.0,673.721619,822.19043,1765.689087,0.7699806347,-0.4588014835,0.4434309653,,,,
15739,0.0,674.182922,820.556335,1765.688843,0.7730899216,-0.4495002763,0.4475281831,,,,
15740,0.0,674.831238,818.118713,1765.688599,0.7761814651,-0.4398414922,0.4517541312,,,,
15741,0.0,675.481934,815.625793,1765.688843,0.7788284144,-0.431206461,0.4555077264,,,,
15742,0.0,675.987976,813.684814,1765.688721,0.780795895,-0.4245450447,0.4583876911,,,,
15743,0.0,676.60083,811.355591,1765.689209,0.7832669278,-0.4158514209,0.4621260819,,,,
15744,0.0,677.401245,808.414429,1765.689087,0.7887118388,-0.400545962,0.4663652728,,,,
15745,0.0,677.500793,808.466309,1765.689087,0.7936266806,-0.3865107915,0.4698575316,,,,
15746,0.0,677.850342,807.438293,1764.740234,0.7984509261,-0.3720648139,0.4733327508,,,,
15747,0.0,678.16333,806.580383,1763.33667,0.8036095311,-0.3562981576,0.4767214537,,,,
15748,0.0,678.545593,805.589417,1761.60083,0.809610038,-0.3389414123,0.4792184318,,,,
15749,0.0,679.21814,803.830017,1759.10437,0.8190254873,-0.3119193214,0.4815636906,,,,
15750,0.0,679.4194645,803.4052735,1758.2651975,0.8228135756,-0.301750475,0.4814630884,,,,
15751,0.0,679.620789,802.98053,1757.426025,0.8266016639,-0.2915816287,0.4813624862,,,,
15752,0.0,680.35968,801.311035,1755.020142,0.8374057504,-0.2628264702,0.4792430028,,,,
15753,0.0,680.805176,800.434326,1753.437988,0.8453221736,-0.2444225012,0.4750663783,,,,
15754,0.0,681.230286,799.611267,1752.045532,0.8520763346,-0.2273187179,0.4714786533,,,,
15755,0.0,681.676575,798.745972,1752.019165,0.8571277665,-0.2149584105,0.4681077586,,,,
15756,0.0,682.170166,797.814209,1752.019165,0.8617425,-0.2039598463,0.4645430494,,,,
15757,0.0,682.663635,796.909973,1752.019165,0.8656877815,-0.1948540188,0.4611036504,,,,
15758,0.0,683.072144,796.198914,1752.019165,0.8688547758,-0.1889354417,0.4575967411,,,,
15759,0.0,683.669861,795.128967,1752.019165,0.8722149593,-0.1829077298,0.4536362277,,,,
15760,0.0,684.22821,794.182739,1752.019165,0.877440563,-0.1754051917,0.4464650906,,,,
15761,0.0,684.785828,793.259888,1752.019165,0.8819854824,-0.1709972614,0.4391600453,,,,
15762,0.0,685.31665,792.386169,1752.019165,0.8866116418,-0.1690897541,0.4304979114,,,,
15763,0.0,685.412384,792.229431,1752.019165,0.8875142894,-0.168803968,0.4287419112,,,,
15764,0.0,685.508118,792.072693,1752.019165,0.8884169371,-0.168518182,0.4269859111,,,,
15765,0.0,686.602661,790.347839,1752.019165,0.8996491704,-0.1658304664,0.403895564,,,,
15766,0.0,687.742249,788.584351,1752.019165,0.9114740467,-0.1625009873,0.3779001075,,,,
15767,0.0,688.175781,787.951111,1752.019165,0.9163896246,-0.158746076,0.3674639291,,,,
15768,0.0,688.877991,786.945068,1752.019165,0.9241598453,-0.151743426,0.3505745471,,,,
15769,0.0,689.297974,786.349854,1752.019287,0.9283287026,-0.1478824347,0.3410815231,,,,
15770,0.0,690.084961,785.245728,1752.019165,0.9350326551,-0.1414776826,0.325112287,,,,
15771,0.0,690.728271,784.356934,1752.019165,0.9405257462,-0.1365422956,0.3110747857,,,,
15772,0.0,691.21405,783.699036,1752.019165,0.9446330626,-0.1321281799,0.3003506636,,,,
15773,0.0,691.90802,782.782043,1752.019165,0.9520200665,-0.1243509621,0.2796330297,,,,
15774,0.0,692.575317,781.868469,1752.019165,0.9531486345,-0.1231300143,0.27630903,,,,
15775,0.0,693.135742,781.155884,1752.019165,0.957294028,-0.1170234147,0.2643740993,,,,
15776,0.0,693.908875,780.15741,1752.019165,0.9620862537,-0.1095270596,0.249787637,,,,
15777,0.0,694.550171,779.379761,1752.019165,0.966988077,-0.0988046695,0.2348865605,,,,
15778,0.0,695.186096,778.598022,1752.019165,0.9700943597,-0.0916879331,0.224744869,,,,
15779,0.0,695.835266,777.794678,1752.019165,0.9725932925,-0.0871856728,0.215548013,,,,
15780,0.0,696.386597,777.093567,1752.019287,0.9738351702,-0.0852638145,0.2106540843,,,,
15781,0.0,697.108948,776.148743,1752.019165,0.9749850246,-0.08349288,0.2059930598,,,,
15782,0.0,697.815796,775.246948,1752.019165,0.9763450018,-0.0810965971,0.2004339776,,,,
15783,0.0,698.32959,774.60199,1752.019165,0.9773121967,-0.0793305121,0.1963862013,,,,
15784,0.0,699.01709,773.746155,1752.019165,0.9784807819,-0.0766923346,0.191555854,,,,
15785,0.0,699.677673,772.939331,1752.019165,0.9796384096,-0.0738547326,0.1866924339,,,,
15786,0.0,700.394531,772.080261,1752.019165,0.9808605282,-0.0700909622,0.1816586946,,,,
15787,0.0,701.058533,771.308899,1752.019165,0.9818843709,-0.0655261446,0.1777903445,,,,
15788,0.0,701.768677,770.476074,1752.019165,0.9826873725,-0.0616644012,0.174708413,,,,
15789,0.0,703.061157,769.016846,1752.019165,0.9841751948,-0.052122791,0.1693587925,,,,
15790,0.0,703.4417725,768.61026,1752.019165,0.9847811576,-0.0476236324,0.1670694784,,,,
15791,0.0,703.822388,768.203674,1752.019165,0.9853871205,-0.0431244738,0.1647801642,,,,
15792,0.0,704.455627,767.545837,1752.019165,0.9863044757,-0.0351232168,0.1611516084,,,,
15793,0.0,704.575317,767.4239195,1752.019165,0.9864686108,-0.0335410848,0.1604733172,,,,
15794,0.0,704.695007,767.302002,1752.019165,0.9866327458,-0.0319589528,0.159795026,,,,
15795,0.0,706.747803,765.182739,1752.019165,0.9884713845,-0.0112891825,0.1509863448,,,,
15796,0.0,707.55481,764.376709,1752.019165,0.9891577241,-0.0024401934,0.1468367877,,,,
15797,0.0,708.866943,763.051147,1752.019165,0.9897475372,0.0085684315,0.1425706654,,,,
15798,0.0,709.463928,762.419312,1752.019165,0.9898589097,0.0106271796,0.1416559279,,,,
15799,0.0,710.350891,761.483398,1752.019165,0.9899004701,0.0123201897,0.1412277315,,,,
15800,0.0,711.14386,760.648315,1752.019165,0.9900178118,0.0133544211,0.1403082028,,,,
15801,0.0,711.437256,760.341736,1752.019287,0.9900146491,0.0138898528,0.1402785318,,,,
15802,0.0,711.834106,759.935974,1752.019165,0.9900544991,0.0149191873,0.1398910529,,,,
15803,0.0,712.26947,759.487732,1752.019165,0.9900641652,0.0150936405,0.1398039009,,,,
15804,0.0,712.497742,759.256592,1752.019165,0.9900614169,0.0152725388,0.1398039355,,,,
15805,0.0,712.973389,758.777893,1752.019165,0.9900572504,0.0155404448,0.1398039182,,,,
15806,0.0,713.362366,758.389465,1752.019287,0.9900847317,0.0157426387,0.1395865087,,,,
15807,0.0,713.723389,758.032654,1752.019165,0.990113818,0.0159248374,0.1393593448,,,,
15808,0.0,714.123779,757.636597,1752.019165,0.9901176684,0.0159490123,0.1393292205,,,,
15809,0.0,714.444946,757.320068,1752.019287,0.9901176684,0.0159490123,0.1393292205,,,,
15810,0.0,714.85144,756.920166,1752.019165,0.9901176684,0.0159490123,0.1393292205,,,,
15811,0.0,715.237305,756.541931,1752.019043,0.9901176684,0.0159490123,0.1393292205,,,,
15812,0.0,715.587158,756.199829,1752.019165,0.9901176684,0.0159490123,0.1393292205,,,,
15813,0.0,715.93988,755.855591,1752.019165,0.9901176684,0.0159490123,0.1393292205,,,,
15814,0.0,716.407288,755.400085,1752.019165,0.9901176684,0.0159490123,0.1393292205,,,,
15815,0.0,716.787964,755.029602,1752.019165,0.9901176684,0.0159490123,0.1393292205,,,,
15816,0.0,717.169617,754.65863,1752.019165,0.9901176684,0.0159490123,0.1393292205,,,,
15817,0.0,717.485413,754.349731,1752.019287,0.9901449069,0.0157754876,0.139155299,,,,
15818,0.0,717.935669,753.910156,1752.019165,0.9901760222,0.0155767949,0.1389561386,,,,
15819,0.0,718.230103,753.620422,1752.019043,0.9902705279,0.0152552442,0.1383168794,,,,
15820,0.0,718.634338,753.222473,1752.019165,0.9904040358,0.0148023891,0.1374071873,,,,
15821,0.0,719.024719,752.838257,1752.019165,0.990664365,0.0143424004,0.1355669997,,,,
15822,0.0,719.404968,752.473083,1752.019165,0.9910981819,0.0146466496,0.1323248632,,,,
15823,0.0,719.810486,752.097107,1752.019165,0.991784565,0.0162441681,0.1268838191,,,,
15824,0.0,720.098083,751.826721,1752.019165,0.9920608161,0.0169928462,0.1246056995,,,,
15825,0.0,720.540466,751.408813,1752.019165,0.9924028946,0.0179115983,0.1217196349,,,,
15826,0.0,720.93103,751.036743,1752.019165,0.9927080594,0.0184654683,0.1191206756,,,,
15827,0.0,721.337769,750.644592,1752.019165,0.9929437176,0.0185656341,0.1171242543,,,,
15828,0.0,721.718079,750.269104,1752.019165,0.9931100471,0.0178287214,0.1158212891,,,,
15829,0.0,721.983948,750.00708,1752.019165,0.9931883819,0.0174081968,0.1152119475,,,,
15830,0.0,722.7995,749.213318,1752.019287,0.9932901261,0.0168574157,0.1144139544,,,,
15831,0.0,723.0152895,749.0086975,1752.019226,0.9933066056,0.0172118616,0.1142172252,,,,
15832,0.0,723.559387,748.565247,1752.019287,0.9932156154,0.0252955528,0.1135027588,,,,
15833,0.0,723.786316,748.377228,1752.019226,0.9931688878,0.027463911,0.1133868447,,,,
15834,0.0,724.013245,748.189209,1752.019165,0.9931221601,0.0296322692,0.1132709305,,,,
15835,0.0,724.816956,747.426636,1752.019043,0.9931110778,0.0300013267,0.1132709478,,,,
15836,0.0,725.260803,747.005371,1752.019165,0.9931110778,0.0300013267,0.1132709478,,,,
15837,0.0,725.326965,746.9425355,1752.019165,0.9931110778,0.0300013267,0.1132709478,,,,
15838,0.0,726.127136,746.184509,1752.019165,0.9931110778,0.0300013267,0.1132709478,,,,
15839,0.0,726.3745725,745.950531,1752.019165,0.9931110778,0.0300013267,0.1132709478,,,,
15840,0.0,726.931763,745.42395,1752.019165,0.9931110778,0.0300013267,0.1132709478,,,,
15841,0.0,727.526306,744.862488,1752.019165,0.9931110778,0.0300013267,0.1132709478,,,,
15842,0.0,728.012207,744.403748,1752.019165,0.9931110778,0.0300013267,0.1132709478,,,,
15843,0.0,728.525452,743.958984,1752.019165,0.993000312,0.0334674885,0.1132709478,,,,
15844,0.0,728.930481,743.604614,1752.019287,0.9929171135,0.0358511649,0.1132709132,,,,
15845,0.0,729.461853,743.115479,1752.019165,0.992887371,0.0366655259,0.1132709478,,,,
15846,0.0,730.023376,742.589294,1752.019165,0.992887371,0.0366655259,0.1132709478,,,,
15847,0.0,730.531494,742.114136,1752.019165,0.992887371,0.0366655259,0.1132709478,,,,
15848,0.0,730.956482,741.717102,1752.019165,0.992887371,0.0366655259,0.1132709478,,,,
15849,0.0,731.626892,741.091064,1752.019165,0.992887371,0.0366655259,0.1132709478,,,,
15850,0.0,732.237305,740.52179,1752.019165,0.992887371,0.0366655259,0.1132709478,,,,
15851,0.0,732.667664,740.120483,1752.019165,0.992887371,0.0366655259,0.1132709478,,,,
15852,0.0,733.240417,739.591309,1752.019165,0.9928720433,0.0370782685,0.1132709478,,,,
15853,0.0,733.946228,738.940002,1752.019165,0.9928527477,0.0375914065,0.1132709478,,,,
15854,0.0,734.540344,738.388062,1752.019165,0.9928517619,0.0376174339,0.1132709478,,,,
15855,0.0,735.092102,737.874939,1752.019165,0.9928517619,0.0376174339,0.1132709478,,,,
15856,0.0,735.667603,737.340088,1752.019165,0.9928517619,0.0376174339,0.1132709478,,,,
15857,0.0,736.32666,736.727844,1752.019165,0.9928517619,0.0376174339,0.1132709478,,,,
15858,0.0,736.911621,736.201721,1752.019165,0.9927045661,0.0391495619,0.1140392747,,,,
15859,0.0,737.699951,735.593811,1752.019165,0.9925217857,0.0404566117,0.1151684313,,,,
15860,0.0,738.141663,735.318665,1752.019287,0.9924030335,0.0416430799,0.1157673225,,,,
15861,0.0,739.108948,734.804932,1752.019165,0.9921851733,0.0432626071,0.1170338786,,,,
15862,0.0,739.581055,734.593445,1752.019165,0.9921534333,0.0438606041,0.1170803666,,,,
15863,0.0,740.66394,734.190613,1752.019165,0.9919832674,0.0451876129,0.1180138839,,,,
15864,0.0,741.397339,733.962952,1752.019165,0.9919802151,0.0452060897,0.1180324631,,,,
15865,0.0,741.972473,733.806824,1752.019287,0.9919102697,0.0452029021,0.1186200424,,,,
15866,0.0,742.93396,733.587097,1752.019165,0.9916861922,0.0451926906,0.1204828494,,,,
15867,0.0,743.792053,733.425293,1752.019165,0.9915428325,0.0451861574,0.1216594528,,,,
15868,0.0,744.47699,733.315308,1752.019287,0.9913764708,0.0451785587,0.1230105322,,,,
15869,0.0,745.516235,733.171082,1752.019165,0.9910269557,0.0443835406,0.126078049,,,,
15870,0.0,746.436584,733.056152,1752.019165,0.9907217623,0.0425427303,0.1290755818,,,,
15871,0.0,747.324158,732.958496,1752.019165,0.9904711583,0.0399238121,0.1318065773,,,,
15872,0.0,748.065247,732.888367,1752.019165,0.9903105483,0.0382131144,0.1335094598,,,,
15873,0.0,749.878479,732.77179,1752.019287,0.9902791872,0.0365692104,0.1342006863,,,,
15874,0.0,750.441284,732.7506105,1752.019226,0.9902240248,0.0365671734,0.1346070367,,,,
15875,0.0,751.004089,732.729431,1752.019165,0.9901688624,0.0365651363,0.1350133871,,,,
15876,0.0,752.033386,732.693054,1752.019165,0.9900612005,0.0356738198,0.1360374869,,,,
15877,0.0,752.881409,732.648865,1753.348511,0.9898520191,0.0324601235,0.1383449337,,,,
15878,0.0,754.024536,732.600708,1754.817871,0.9896103305,0.0289784137,0.1408248749,,,,
15879,0.0,755.596252,732.475647,1757.070068,0.9887121019,0.0161078168,0.1489594502,,,,
15880,0.0,756.2329405,732.404297,1757.959961,0.9880932673,0.008289291,0.1533689246,,,,
15881,0.0,757.692505,732.245605,1759.989746,0.9866426805,-0.0090002302,0.1626505975,,,,
15882,0.0,758.87207,732.109802,1761.599365,0.9854426598,-0.0235049357,0.1683754207,,,,
15883,0.0,759.911011,731.963745,1762.991699,0.9838656241,-0.0388308346,0.17464421,,,,
15884,0.0,760.957275,731.803101,1764.571045,0.9822246353,-0.0550352599,0.1794599842,,,,
15885,0.0,761.920349,731.68512,1765.677979,0.9809936235,-0.0661155513,0.1824287381,,,,
15886,0.0,763.153259,731.494263,1765.689209,0.978854473,-0.083887434,0.1865658574,,,,
15887,0.0,764.201904,731.317017,1765.689331,0.9769944412,-0.0988513861,0.1889715993,,,,
15888,0.0,765.65802,731.118469,1765.689209,0.9750345738,-0.1131904357,0.1910379677,,,,
15889,0.0,766.809937,730.955322,1765.689209,0.9735748563,-0.1228116244,0.1925339039,,,,
15890,0.0,768.404236,730.735046,1765.689209,0.9719515268,-0.1333295747,0.1937355259,,,,
15891,0.0,770.302307,730.496887,1765.689209,0.9704575901,-0.1410634853,0.1957374743,,,,
15892,0.0,771.455505,730.359741,1765.689087,0.9700074279,-0.143615028,0.1961130122,,,,
15893,0.0,773.29364,730.145081,1765.689209,0.9695127089,-0.1463805769,0.196514208,,,,
15894,0.0,775.721069,729.858032,1765.689209,0.9690679256,-0.1490669731,0.196688569,,,,
15895,0.0,777.934937,729.56842,1765.689209,0.9683862313,-0.1522276447,0.1976230026,,,,
15896,0.0,779.681885,729.339905,1765.689331,0.9679468769,-0.154164702,0.198272762,,,,
15897,0.0,781.977417,729.027893,1765.689209,0.9673183105,-0.1572794358,0.1988931,,,,
15898,0.0,784.56311,728.65625,1765.689209,0.966634035,-0.1607988261,0.1994050647,,,,
15899,0.0,787.161011,728.295593,1765.689087,0.9661986206,-0.1622756491,0.2003168472,,,,
15900,0.0,789.942017,727.900208,1765.689209,0.9658134342,-0.1632714042,0.2013625062,,,,
15901,0.0,792.046326,727.592957,1764.851685,0.9655383683,-0.1643985768,0.2017641378,,,,
15902,0.0,795.15802,727.12616,1762.476562,0.9651454548,-0.1660170846,0.2023180138,,,,
15903,0.0,797.299377,726.804199,1761.090698,0.9648852497,-0.1666865783,0.2030074863,,,,
15904,0.0,800.063599,726.379517,1759.276733,0.964510704,-0.1676339191,0.2040048308,,,,
15905,0.0,804.638367,728.004639,1756.42981,0.9643681677,-0.1682119247,0.204202805,,,,
15906,0.0,808.13031,727.514221,1754.384644,0.9642797067,-0.168718291,0.204202805,,,,
15907,0.0,810.175049,726.953796,1753.159546,0.9642747881,-0.1687463793,0.2042028221,,,,
15908,0.0,813.327454,726.448242,1751.32373,0.9642747881,-0.1687463793,0.2042028221,,,,
15909,0.0,816.000854,725.903687,1749.644287,0.9640992177,-0.1697466342,0.2042027879,,,,
15910,0.0,819.85553,725.395813,1747.185181,0.9634888761,-0.1731773052,0.2042028563,,,,
15911,0.0,821.793823,725.126953,1745.982422,0.9631514199,-0.1750444021,0.2042028392,,,,
15912,0.0,825.885071,724.514771,1743.379028,0.9626317695,-0.1778799507,0.2042028392,,,,
15913,0.0,828.38031,724.182129,1741.740112,0.9624125742,-0.1790621441,0.204202805,,,,
15914,0.0,834.311951,723.322937,1737.62146,0.9618705955,-0.1819510345,0.2042027879,,,,
15915,0.0,835.1277465,721.8573915,1736.7368165,0.9617226144,-0.182729843,0.2042028136,,,,
15916,0.0,835.943542,720.391846,1735.852173,0.9615746332,-0.1835086515,0.2042028392,,,,
15917,0.0,838.292969,719.96991,1734.316772,0.9614509409,-0.1849392885,0.2034933604,,,,
15918,0.0,841.260559,719.436707,1732.379761,0.9612575857,-0.1861922084,0.203264152,,,,
15919,0.0,844.812744,718.799622,1730.062744,0.9610751217,-0.1871317025,0.2032642033,,,,
15920,0.0,849.802856,717.878906,1726.80249,0.9605774587,-0.1899973827,0.2029579767,,,,
15921,0.0,853.792664,717.139587,1724.197876,0.9603696656,-0.19162183,0.2024133882,,,,
15922,0.0,856.447449,716.642944,1722.464355,0.9601283061,-0.1929199239,0.2023253293,,,,
15923,0.0,859.842651,715.999512,1720.247803,0.9599689294,-0.1944557095,0.2016100981,,,,
15924,0.0,862.276672,715.538574,1718.659424,0.9598706983,-0.1951711699,0.2013863377,,,,
15925,0.0,866.880981,714.657532,1715.655884,0.9597832536,-0.1965162793,0.2004930376,,,,
15926,0.0,869.935425,714.06958,1713.664307,0.9596890781,-0.1970223565,0.200447161,,,,
15927,0.0,872.564453,713.562744,1711.950195,0.9596244515,-0.1973368892,0.200447161,,,,
15928,0.0,876.675842,712.768921,1709.271118,0.9595943623,-0.197483135,0.2004471781,,,,
15929,0.0,880.363525,712.051331,1706.868286,0.9595943623,-0.197483135,0.2004471781,,,,
15930,0.0,883.180847,711.50116,1705.032959,0.9597264435,-0.197510579,0.1997866981,,,,
15931,0.0,887.396057,710.689453,1702.29248,0.9603263793,-0.1957824836,0.1986012696,,,,
15932,0.0,890.996765,709.997559,1699.952148,0.9607123657,-0.1939133605,0.1985682728,,,,
15933,0.0,894.03656,709.419556,1697.978638,0.9613344474,-0.1916138981,0.1977882564,,,,
15934,0.0,898.131958,708.682129,1695.333862,0.9630207207,-0.1840930131,0.1967253262,,,,
15935,0.0,900.513245,708.318848,1693.813599,0.9652163773,-0.1730564695,0.1959816405,,,,
15936,0.0,905.633118,707.491577,1690.525269,0.9684758206,-0.155248827,0.1948137227,,,,
15937,0.0,908.723938,707.01001,1688.54126,0.9704949394,-0.1441070436,0.1933202851,,,,
15938,0.0,912.627747,706.407593,1686.039917,0.9725218678,-0.1315084711,0.1921112664,,,,
15939,0.0,916.168823,705.814087,1683.747192,0.9731846733,-0.1273753358,0.1915388096,,,,
15940,0.0,920.399231,705.096252,1680.998535,0.9736431933,-0.1245549747,0.1910627917,,,,
15941,0.0,923.223755,704.617004,1679.160278,0.9737365891,-0.1238496743,0.1910453173,,,,
15942,0.0,926.627136,704.114136,1677.707275,0.9745912326,-0.1169342382,0.1910453173,,,,
15943,0.0,930.844238,703.50061,1676.893188,0.9755602633,-0.1085535169,0.1910453002,,,,
15944,0.0,934.627258,703.068115,1676.603638,0.9772091706,-0.0896639138,0.1924126279,,,,
15945,0.0,938.259216,702.806824,1676.701294,0.9790999457,-0.0575567556,0.1950654154,,,,
15946,0.0,942.020813,702.809326,1676.701172,0.9794211524,0.0054512014,0.2017535393,,,,
15947,0.0,945.536621,702.791687,1676.70105,0.9742460785,0.0836277633,0.2094062456,,,,
15948,0.0,948.890015,702.650818,1676.70105,0.960405318,0.1755697841,0.2163258562,,,,
15949,0.0,952.179077,702.400391,1676.701172,0.9286180929,0.2987832058,0.2199932579,,,,
15950,0.0,955.054504,701.919495,1676.701294,0.8863101695,0.4079067574,0.2192404177,,,,
15951,0.0,958.061096,701.468201,1676.701416,0.835621449,0.5058289934,0.2141817532,,,,
15952,0.0,961.389893,701.117188,1676.701538,0.7930626496,0.572418556,0.2082993772,,,,
15953,0.0,965.046448,700.678894,1676.701538,0.7499029337,0.6300604034,0.2016667503,,,,
15954,0.0,968.456543,700.253784,1676.701538,0.7156832536,0.6707151155,0.1947786289,,,,
15955,0.0,972.725525,699.726807,1676.701416,0.6781466419,0.7114801198,0.1841552907,,,,
15956,0.0,978.355286,699.08551,1676.701538,0.6469225801,0.74331187,0.170231135,,,,
15957,0.0,981.183716,698.764465,1676.701416,0.6401551428,0.7500282352,0.1659821617,,,,
15958,0.0,984.012146,698.44342,1676.701294,0.6333877055,0.7567446004,0.1617331883,,,,
15959,0.0,991.050903,697.936768,1676.701294,0.6287928818,0.7627666892,0.1510181769,,,,
15960,0.0,993.912842,697.815552,1676.701294,0.6278193836,0.7642590968,0.1474817091,,,,
15961,0.0,998.191833,697.648621,1676.701294,0.6267129685,0.76588402,0.143709857,,,,
15962,0.0,1002.175781,697.54071,1676.701294,0.6255497026,0.7673954887,0.1406830962,,,,
15963,0.0,1005.934021,697.52002,1676.701294,0.6247808985,0.7684274643,0.1384487668,,,,
15964,0.0,1009.554993,697.528992,1676.701294,0.6247054698,0.7686904238,0.137324828,,,,
15965,0.0,1014.462402,697.595398,1676.701294,0.6240771369,0.7694175405,0.1361042819,,,,
15966,0.0,1017.054016,697.657104,1676.701294,0.6240745833,0.7694202663,0.1361005817,,,,
15967,0.0,1021.109009,697.782349,1676.701294,0.6240745833,0.7694202663,0.1361005817,,,,
15968,0.0,1025.112549,701.799133,1676.232666,0.6240745833,0.7694202663,0.1361005817,,,,
15969,0.0,1028.205078,702.036621,1676.063354,0.6240745833,0.7694202663,0.1361005817,,,,
15970,0.0,1030.734619,702.333008,1675.779907,0.6240745833,0.7694202663,0.1361005817,,,,
15971,0.0,1035.4104,702.667969,1675.289917,0.6240745833,0.7694202663,0.1361005817,,,,
15972,0.0,1039.088135,702.921143,1675.013184,0.6240745833,0.7694202663,0.1361005817,,,,
15973,0.0,1042.80481,703.209961,1674.739014,0.6240745833,0.7694202663,0.1361005817,,,,
15974,0.0,1045.386963,703.410095,1674.60791,0.6240745833,0.7694202663,0.1361005817,,,,
15975,0.0,1049.656616,703.771912,1674.640747,0.6240745833,0.7694202663,0.1361005817,,,,
15976,0.0,1052.254883,704.002197,1674.742676,0.6240745833,0.7694202663,0.1361005817,,,,
15977,0.0,1056.518555,704.32251,1674.781372,0.6240745833,0.7694202663,0.1361005817,,,,
15978,0.0,1060.522339,704.665039,1675.007935,0.6240745833,0.7694202663,0.1361005817,,,,
15979,0.0,1063.293457,704.923157,1675.28125,0.6240745833,0.7694202663,0.1361005817,,,,
15980,0.0,1067.626587,705.329346,1676.033325,0.6240745833,0.7694202663,0.1361005817,,,,
15981,0.0,1071.327637,705.646118,1675.885376,0.6240745833,0.7694202663,0.1361005817,,,,
15982,0.0,1074.817993,705.948425,1676.265381,0.6240745833,0.7694202663,0.1361005817,,,,
15983,0.0,1079.040527,706.294067,1676.498047,0.6253757283,0.7685033138,0.1353065231,,,,
15984,0.0,1081.634033,706.390259,1676.428711,0.6289811018,0.7656900123,0.1345421071,,,,
15985,0.0,1087.109253,706.805908,1676.351074,0.635910389,0.7601679669,0.1332765514,,,,
15986,0.0,1090.353394,706.751099,1676.037842,0.6553468409,0.743547304,0.1328831246,,,,
15987,0.0,1093.623535,707.014465,1675.991821,0.6770326652,0.7239344888,0.1324599044,,,,
15988,0.0,1098.899048,706.839783,1675.621216,0.7303751339,0.6701110251,0.1323003321,,,,
15989,0.0,1101.983276,706.62323,1675.446411,0.7746378569,0.6181032504,0.1337331763,,,,
15990,0.0,1106.599487,706.307678,1675.287354,0.8483173987,0.5114453299,0.1370447579,,,,
15991,0.0,1110.306641,706.276855,1675.144897,0.8902969159,0.4335248258,0.1393830225,,,,
15992,0.0,1114.132324,706.423157,1675.335693,0.9349258602,0.323556226,0.1456880386,,,,
15993,0.0,1118.657593,706.075256,1675.286987,0.9717586551,0.1772909233,0.1557338911,,,,
15994,0.0,1123.744263,705.675964,1675.463501,0.9856190854,0.0234239097,0.1673509456,,,,
15995,0.0,1126.456299,705.307129,1675.616821,0.9829291314,-0.0623823321,0.1730860114,,,,
15996,0.0,1131.759155,704.595642,1675.862793,0.9640455807,-0.1936771463,0.1819485681,,,,
15997,0.0,1135.058105,704.13678,1675.966797,0.9455042391,-0.2663760431,0.1872579438,,,,
15998,0.0,1139.328979,703.28125,1676.201172,0.9067569624,-0.3737717989,0.1951575094,,,,
15999,0.0,1142.446899,702.74762,1676.403076,0.8823685296,-0.4259411706,0.1999997429,,,,
16000,0.0,1146.737427,702.093628,1676.767822,0.8544121614,-0.4775019593,0.2048700499,,,,
16001,0.0,1149.509521,701.657104,1677.702637,0.832347027,-0.5135897909,0.2083841483,,,,
16002,0.0,1156.981201,700.056641,1677.962036,0.7999173932,-0.5612530724,0.212431525,,,,
16003,0.0,1159.0534055,699.5215455,1678.0899045,0.793681175,-0.5697323406,0.2129886236,,,,
16004,0.0,1163.079712,698.443176,1678.345459,0.7843473351,-0.5822770632,0.21389876,,,,
16005,0.0,1167.818481,696.989624,1678.312622,0.7794978701,-0.5885472603,0.2144648989,,,,
16006,0.0,1170.876099,695.985962,1678.12085,0.7782519775,-0.5901754895,0.2145151537,,,,
16007,0.0,1174.397827,694.727417,1677.769043,0.7779336272,-0.5905950501,0.2145151707,,,,
16008,0.0,1176.651611,693.865234,1677.874878,0.7779336272,-0.5905950501,0.2145151707,,,,
16009,0.0,1181.399048,692.106567,1677.612183,0.7779336272,-0.5905950501,0.2145151707,,,,
16010,0.0,1184.354004,691.112732,1677.667725,0.7779336272,-0.5905950501,0.2145151707,,,,
16011,0.0,1188.009888,690.161072,1677.1427,0.7779336272,-0.5905950501,0.2145151707,,,,
16012,0.0,1191.725342,689.229248,1677.348022,0.7779336272,-0.5905950501,0.2145151707,,,,
16013,0.0,1196.442505,688.032166,1676.936279,0.7779336272,-0.5905950501,0.2145151707,,,,
16014,0.0,1199.412842,687.372498,1676.805664,0.77752855,-0.5911282333,0.2145151878,,,,
16015,0.0,1203.2323,686.665039,1676.681519,0.7749465039,-0.5945091737,0.2145151707,,,,
16016,0.0,1207.977783,685.730835,1676.761353,0.7717404452,-0.5986651268,0.2145151537,,,,
16017,0.0,1211.25415,685.194946,1676.525879,0.7665278548,-0.6053249513,0.2145151537,,,,
16018,0.0,1214.61792,684.586975,1676.571411,0.7603346921,-0.6130859686,0.2145151537,,,,
16019,0.0,1219.130737,683.846619,1676.622803,0.754156597,-0.6206698549,0.2145151707,,,,
16020,0.0,1222.183594,683.005676,1676.848633,0.7485725501,-0.6275291968,0.2141173614,,,,
16021,0.0,1226.313232,682.322144,1676.899292,0.7411413763,-0.6364653523,0.213591469,,,,
16022,0.0,1229.200317,682.184814,1676.694824,0.7352547851,-0.6432608879,0.2135786299,,,,
16023,0.0,1233.413696,681.529419,1676.837524,0.7280296339,-0.6517010287,0.2127407375,,,,
16024,0.0,1236.973022,681.162537,1676.880371,0.7247193779,-0.6554122518,0.212641961,,,,
16025,0.0,1239.955078,680.86261,1676.99939,0.7227167489,-0.6576198674,0.212641978,,,,
16026,0.0,1244.728027,680.627014,1676.940552,0.7187907291,-0.6619088241,0.2126419439,,,,
16027,0.0,1247.443848,680.44281,1676.80127,0.7169446988,-0.6639079022,0.2126419439,,,,
16028,0.0,1251.95105,680.209045,1676.453247,0.7139088113,-0.6671713357,0.2126419951,,,,
16029,0.0,1255.109863,679.999084,1676.070312,0.7111022338,-0.6701619224,0.212641978,,,,
16030,0.0,1259.802246,679.78064,1675.836182,0.7078525561,-0.6735934698,0.2126419439,,,,
16031,0.0,1262.833496,679.595276,1675.545898,0.7053547053,-0.6762086537,0.2126419439,,,,
16032,0.0,1266.869141,679.283997,1674.993164,0.7022133007,-0.6794702913,0.212641961,,,,
16033,0.0,1270.105225,679.052063,1674.620483,0.7016691829,-0.6800321874,0.2126419098,,,,
16034,0.0,1273.085571,678.955383,1674.489136,0.7014373682,-0.6802712964,0.2126419098,,,,
16035,0.0,1277.292236,678.710693,1674.04541,0.7013220425,-0.6803901795,0.2126419439,,,,
16036,0.0,1280.983276,678.534973,1673.753296,0.7001466062,-0.6815996925,0.2126419269,,,,
16037,0.0,1284.516602,678.368896,1673.44812,0.6981338828,-0.6834096164,0.2134487708,,,,
16038,0.0,1288.159668,678.256287,1673.416626,0.6954655461,-0.6860843967,0.2135787322,,,,
16039,0.0,1290.766357,678.161499,1673.370483,0.6921663133,-0.689412762,0.213578647,,,,
16040,0.0,1294.814819,678.081116,1673.378784,0.6846889399,-0.6968394486,0.213578647,,,,
16041,0.0,1298.969238,678.087891,1673.530151,0.6771084353,-0.704207589,0.213578647,,,,
16042,0.0,1302.979126,678.101501,1673.711182,0.6712434126,-0.7098002784,0.213578664,,,,
16043,0.0,1309.675903,678.220276,1674.288452,0.6562106357,-0.723720772,0.213578664,,,,
16044,0.0,1312.0668945,678.3190615,1674.512329,0.6502593742,-0.7290290131,0.2135786726,,,,
16045,0.0,1317.345337,678.406189,1674.845459,0.6333882392,-0.7437765122,0.213578647,,,,
16046,0.0,1321.665283,678.643677,1675.130737,0.6161748815,-0.7580980703,0.2135786299,,,,
16047,0.0,1325.624878,678.549683,1674.981445,0.5991549607,-0.7716200549,0.2135786128,,,,
16048,0.0,1327.758362,678.384552,1674.9455565,0.5888500263,-0.7795259036,0.2131340432,,,,
16049,0.0,1333.218018,678.156311,1674.722534,0.559807613,-0.8008738024,0.2126419269,,,,
16050,0.0,1337.295776,678.055481,1674.491699,0.5403542087,-0.8143651226,0.2117233483,,,,
16051,0.0,1340.98291,677.851929,1674.292236,0.5272609342,-0.8231044955,0.2109381349,,,,
16052,0.0,1344.702148,677.740967,1673.98291,0.5141924732,-0.8315358622,0.2101290328,,,,
16053,0.0,1349.192627,677.594116,1673.499268,0.4938428681,-0.8442670599,0.2081642455,,,,
16054,0.0,1353.025879,676.988037,1673.463379,0.4827504298,-0.8509256699,0.2070688937,,,,
16055,0.0,1356.038696,676.685242,1673.360718,0.4773252426,-0.8541656182,0.2063048945,,,,
16056,0.0,1360.440674,676.163757,1673.382324,0.4686385855,-0.8590163663,0.2060794958,,,,
16057,0.0,1362.593262,675.699707,1673.313232,0.4606498869,-0.862443121,0.209746382,,,,
16058,0.0,1367.678223,674.706421,1673.495117,0.4467651317,-0.8681133762,0.2162870389,,,,
16059,0.0,1370.378418,674.08551,1673.85083,0.4384037491,-0.8705610318,0.2234404679,,,,
16060,0.0,1373.543091,673.290833,1674.022949,0.4346525512,-0.8716060624,0.2266716383,,,,
16061,0.0,1377.699829,672.195251,1674.71814,0.4346525512,-0.8716060624,0.2266716383,,,,
16062,0.0,1381.513428,671.273193,1674.676636,0.4346525512,-0.8716060624,0.2266716383,,,,
16063,0.0,1384.753418,670.375427,1674.899536,0.4346525512,-0.8716060624,0.2266716383,,,,
16064,0.0,1387.540527,669.650146,1675.122437,0.4346525512,-0.8716060624,0.2266716383,,,,
16065,0.0,1392.126587,668.208374,1674.958862,0.4346525512,-0.8716060624,0.2266716383,,,,
16066,0.0,1396.054199,666.951355,1674.66626,0.4346525512,-0.8716060624,0.2266716383,,,,
16067,0.0,1399.628418,665.826965,1674.453003,0.4346525512,-0.8716060624,0.2266716383,,,,
16068,0.0,1402.328125,665.073059,1674.557007,0.4346525512,-0.8716060624,0.2266716383,,,,
16069,0.0,1406.307007,663.628845,1673.997559,0.4346525512,-0.8716060624,0.2266716383,,,,
16070,0.0,1409.459717,662.598389,1673.788696,0.4346525512,-0.8716060624,0.2266716383,,,,
16071,0.0,1410.340698,662.127258,1672.64917,0.4346525512,-0.8716060624,0.2266716383,,,,
16072,0.0,1415.225952,660.919128,1672.06665,0.4346525512,-0.8716060624,0.2266716383,,,,
16073,0.0,1418.741089,659.830139,1672.167114,0.4346525512,-0.8716060624,0.2266716383,,,,
16074,0.0,1422.568604,658.663818,1672.225098,0.4346525512,-0.8716060624,0.2266716383,,,,
16075,0.0,1425.386841,657.830872,1672.166016,0.4346525512,-0.8716060624,0.2266716383,,,,
16076,0.0,1428.642944,656.799438,1672.237305,0.4318596148,-0.8746709467,0.2201090823,,,,
16077,0.0,1432.974609,655.445068,1672.325073,0.4280052617,-0.878762919,0.2111568804,,,,
16078,0.0,1435.535278,654.583557,1672.499268,0.4116614065,-0.8879278493,0.205229191,,,,
16079,0.0,1439.217041,653.197388,1672.979248,0.3744700679,-0.9059677293,0.1974706096,,,,
16080,0.0,1442.802979,651.777771,1673.272095,0.3202450685,-0.927636915,0.1921792135,,,,
16081,0.0,1445.502441,650.619629,1673.98999,0.2957492125,-0.9360583611,0.1905968205,,,,
16082,0.0,1449.689087,649.016846,1674.437012,0.2638232979,-0.9459978001,0.1883757675,,,,
16083,0.0,1455.651855,646.541382,1674.632568,0.2278143471,-0.9555244506,0.1872795974,,,,
16084,0.0,1457.691406,645.6740725,1674.818176,0.221076649,-0.957170769,0.1868178636,,,,
16085,0.0,1459.730957,644.806763,1675.003784,0.214338951,-0.9588170873,0.1863561299,,,,
16086,0.0,1466.435425,641.653503,1674.613403,0.1962842809,-0.9628607924,0.1853957268,,,,
16087,0.0,1468.279541,640.713684,1674.5238645,0.1871511023,-0.964713576,0.1849733904,,,,
16088,0.0,1472.561035,638.511841,1674.371582,0.1703624992,-0.9680784375,0.1838498236,,,,
16089,0.0,1476.620239,636.44751,1673.854492,0.1549504658,-0.9707285966,0.1835111574,,,,
16090,0.0,1478.5288695,635.425812,1673.6588745,0.1438088733,-0.972460617,0.1830628869,,,,
16091,0.0,1483.163696,632.932556,1672.81897,0.1241754974,-0.9753200235,0.1825686107,,,,
16092,0.0,1486.773315,630.757141,1672.713867,0.1115103115,-0.9768490942,0.1825686107,,,,
16093,0.0,1490.206055,628.564453,1672.591064,0.0820524721,-0.9801114177,0.1806903446,,,,
16094,0.0,1492.341431,627.080627,1672.468506,0.0684633528,-0.9811556541,0.1806830147,,,,
16095,0.0,1494.939209,625.130066,1672.362305,0.0414001971,-0.9828048395,0.1799463009,,,,
16096,0.0,1498.680298,622.292175,1672.548218,0.0088126066,-0.9838381917,0.1788428097,,,,
16097,0.0,1501.060669,620.521729,1672.57251,-0.0169508431,-0.983740001,0.1787967544,,,,
16098,0.0,1504.043213,617.554321,1673.13208,-0.0619440972,-0.9819341339,0.1787967716,,,,
16099,0.0,1505.933105,615.849792,1673.315186,-0.090036432,-0.9797576993,0.1787967888,,,,
16100,0.0,1508.676636,613.185913,1673.922485,-0.1209494066,-0.9764235533,0.1787967716,,,,
16101,0.0,1511.420654,610.632019,1674.25354,-0.1550286697,-0.9717480591,0.1779657867,,,,
16102,0.0,1514.136841,608.018433,1674.54126,-0.1803275373,-0.9673934759,0.1778534288,,,,
16103,0.0,1516.628174,605.549744,1674.550049,-0.2101372174,-0.961358678,0.1778534288,,,,
16104,0.0,1518.514893,603.600281,1674.531982,-0.2326029632,-0.9561715428,0.1778534288,,,,
16105,0.0,1521.146729,600.677551,1674.332642,-0.2563846627,-0.9500710861,0.1778534116,,,,
16106,0.0,1523.820801,597.558655,1674.069458,-0.286723949,-0.9413594047,0.177853446,,,,
16107,0.0,1525.447632,595.562378,1673.872681,-0.3051833089,-0.9355379832,0.1778533945,,,,
16108,0.0,1528.104492,592.139648,1673.466431,-0.3394799835,-0.9238202479,0.1769448797,,,,
16109,0.0,1529.63623,590.007751,1673.113037,-0.3571757361,-0.9172614536,0.1762297346,0.1432058983,719.141284364,1394.6071725424,0.0
16110,0.0,1531.779419,586.791748,1672.703247,-0.3845616231,-0.9063287402,0.1751587069,0.1295861029,686.6380691084,1394.6967959693,0.0
16111,0.0,1533.36853,584.346252,1672.542603,-0.403193661,-0.8982216159,0.1750222857,0.1206551441,664.2842166153,1395.0114512865,0.0
16112,0.0,1535.577148,580.701294,1672.403687,-0.4298754375,-0.8857619859,0.1750223201,0.1082822178,631.2632194238,1394.7736742337,0.0
16113,0.0,1537.00061,578.130554,1672.517822,-0.4497607962,-0.8760014087,0.1741745052,0.0993743924,605.9672299732,1394.323693366,0.0
16114,0.0,1539.110229,574.595703,1672.58252,-0.4752235031,-0.862491879,0.1739838519,0.0884030115,572.9281281713,1393.6972589021,0.0
16115,0.0,1540.478149,572.016235,1672.847778,-0.4905300336,-0.8538793237,0.1739838691,0.0822300634,553.2077513515,1393.0756173765,0.0
16116,0.0,1542.477417,568.366638,1673.278198,-0.5077480006,-0.843754452,0.1739838863,0.07566947,531.2498616872,1392.1904453646,0.0
16117,0.0,1544.081177,565.489685,1674.064819,-0.5168863749,-0.8381873793,0.1739838863,0.0725600001,520.3716971609,1391.4723995576,0.0
16118,0.0,1545.594482,562.605713,1674.404663,-0.5235170767,-0.8340620383,0.1739838691,0.070529344,513.0693982878,1390.8237589907,0.0
16119,0.0,1547.764038,558.685486,1674.998291,-0.5321011028,-0.8286121141,0.1739838519,0.067977785,503.698379055,1389.8917940541,0.0
16120,0.0,1549.20166,555.390808,1675.018555,-0.5372896389,-0.8252571995,0.1739839035,0.0666056541,498.4125934199,1388.9072223627,0.0
16121,0.0,1551.895996,549.236633,1675.339355,-0.5445353939,-0.820494256,0.1739838519,0.0650861571,492.2631509929,1387.1460718769,0.0
16122,0.0,1553.775391,545.172363,1675.542114,-0.5495950606,-0.8172681172,0.1732573057,0.0639347312,487.6949668863,1386.1807216855,0.0
16123,0.0,1553.985474,543.320465,1675.404419,-0.5523188748,-0.815524215,0.1727814472,0.0631288381,484.3602224008,1385.1976169975,0.0
16124,0.0,1554.195557,541.468567,1675.266724,-0.555042689,-0.8137803128,0.1723055888,0.0623229449,481.0254779153,1384.2145123095,0.0
16125,0.0,1555.565674,537.670898,1675.150391,-0.5650553891,-0.8074123891,0.1696986775,0.0589854147,467.919397808,1382.8794769145,0.0
16126,0.0,1557.88147,530.966064,1674.780029,-0.5792596819,-0.7984492882,0.1641248154,0.0545834461,449.7794794816,1380.2662172357,0.0
16127,0.0,1558.5250245,529.082214,1674.6345825,-0.5845472595,-0.794886542,0.162532146,0.0528573932,442.4949732827,1379.4746674757,0.0
16128,0.0,1559.885864,524.937927,1674.470093,-0.5987996492,-0.7851487353,0.1580520279,0.0480842815,422.0447212129,1377.6102844903,0.0
16129,0.0,1561.008179,521.528015,1674.322632,-0.6144704755,-0.7740046037,0.1527838609,0.0428185737,398.3402936494,1376.0131933139,0.0
16130,0.0,1561.655884,519.260071,1674.280273,-0.625647894,-0.7657243892,0.1491002096,0.0391662701,381.0041753771,1374.8434316064,0.0
16131,0.0,1562.543091,515.801453,1674.214233,-0.6457262142,-0.7499730875,0.1434504247,0.0328057907,348.7982476375,1373.0154398115,0.0
16132,0.0,1562.92041,514.210236,1674.217407,-0.6524196196,-0.7443531029,0.1421585146,0.0308774143,338.180526485,1372.1515818322,0.0
16133,0.0,1563.738647,510.172089,1674.261963,-0.6721499984,-0.7273426377,0.1385173887,0.0252715304,306.0176730002,1369.8627086333,0.0
16134,0.0,1564.142578,507.770447,1674.40979,-0.6861753016,-0.7144704399,0.1367312911,0.0215167385,282.3434836455,1368.4324312943,0.0
16135,0.0,1564.627197,504.075897,1674.688843,-0.708626956,-0.6928621685,0.1333786065,0.0159796871,243.2463739577,1366.1210475888,0.0
16136,0.0,1564.696167,502.083466,1675.020874,-0.7236696656,-0.6775420961,0.1312970795,0.0126008553,215.9481550504,1364.6049343341,0.0
16137,0.0,1565.153809,498.305054,1674.989014,-0.7424509439,-0.6574300276,0.1286559549,0.0089735655,182.1012198313,1362.3598119599,0.0
16138,0.0,1565.143311,495.388702,1675.481445,-0.7639056409,-0.63296939,0.1256897897,0.0054259907,141.5012436092,1360.1777130775,0.0
16139,0.0,1565.295044,493.203064,1675.501587,-0.7799246379,-0.6135487623,0.1235939947,0.0033371302,110.9094153825,1358.718439443,0.0
16140,0.0,1565.143188,490.374878,1675.807007,-0.7991625092,-0.5886957364,0.1215590963,0.0015636306,75.8248330252,1356.4357121246,0.0
16141,0.0,1565.063843,486.664001,1675.98877,-0.8159329546,-0.5655681675,0.1199419091,0.0007392412,52.0379881758,1353.6073051981,0.0
16142,0.0,1564.980225,484.597992,1676.005737,-0.8264231728,-0.5503445693,0.118935253,0.0005741837,45.8128792667,1352.1021726818,0.0
16143,0.0,1564.717041,481.186646,1676.015381,-0.8430363204,-0.5249141658,0.1172812046,0.0009260163,58.0579898162,1349.3923201209,0.0
16144,0.0,1564.57605,478.654297,1675.96875,-0.8529143995,-0.5090275991,0.1158789479,0.0015096556,74.0125396782,1347.4583003701,0.0
16145,0.0,1564.279419,475.270996,1675.858887,-0.8656506243,-0.4874112036,0.1143648338,0.0027716682,100.0304753015,1344.4598927105,0.0
16146,0.0,1563.960327,472.005859,1675.711548,-0.8736045296,-0.4732560834,0.1133305139,0.0038227664,117.2020128247,1341.6728872562,0.0
16147,0.0,1563.677979,469.545593,1675.587891,-0.8774449964,-0.4661115431,0.1132709478,0.0043955384,125.4619220132,1339.5800216793,0.0
16148,0.0,1563.146118,466.051544,1675.21582,-0.8822117484,-0.4570252984,0.1132709478,0.0051810152,135.895080958,1336.7326537088,0.0
16149,0.0,1562.77356,463.748016,1675.067139,-0.8850062725,-0.4517570786,0.1126030177,0.0056396528,141.5664039304,1334.8491865103,0.0
16150,0.0,1562.134766,460.516968,1674.698486,-0.8877880747,-0.4463372368,0.112318322,0.0061147631,147.1190557655,1332.3828438828,0.0
16151,0.0,1561.492432,457.428253,1674.465454,-0.8901241075,-0.4418675245,0.1114996146,0.0064951368,151.3417434866,1330.0131370363,0.0
16152,0.0,1560.80542,454.325043,1674.316528,-0.8912320531,-0.4396625164,0.1113656103,0.0066140781,152.4407688946,1327.610799064,0.0
16153,0.0,1560.098145,451.37149,1674.177124,-0.892101331,-0.437896015,0.1113655929,0.0066964557,153.1201296169,1325.3270736816,0.0
16154,0.0,1559.600586,449.338806,1674.130737,-0.8921209166,-0.4378561076,0.1113656103,0.0065984048,151.8097431794,1323.6792676315,0.0
16155,0.0,1558.800049,446.150177,1674.074585,-0.8921209166,-0.4378561076,0.1113656103,0.0064453485,149.7562862982,1321.1367880293,0.0
16156,0.0,1557.916626,442.999786,1674.203125,-0.8921209166,-0.4378561076,0.1113656103,0.0063036919,147.8131532865,1318.5180826402,0.0
16157,0.0,1557.133789,439.928619,1674.145386,-0.8921209166,-0.4378561076,0.1113656103,0.0061547009,145.7817769379,1315.9943807554,0.0
16158,0.0,1556.584595,437.994781,1674.427856,-0.8921209166,-0.4378561076,0.1113656103,0.0060822789,144.7433339195,1314.352305607,0.0
16159,0.0,1555.716431,435.04483,1674.524048,-0.8921209166,-0.4378561076,0.1113656103,0.0059674695,143.1069049967,1311.8958728679,0.0
16160,0.0,1554.800537,431.459015,1674.823608,-0.8921209166,-0.4378561076,0.1113656103,0.0058160023,140.988979993,1309.152597017,0.0
16161,0.0,1554.211426,428.650269,1675.312988,-0.8921209166,-0.4378561076,0.1113656103,0.0056935145,139.2743608857,1307.0283554106,0.0
16162,0.0,1553.400269,425.90329,1675.437378,-0.8921209166,-0.4378561076,0.1113656103,0.0055779836,137.5913664674,1304.4998599016,0.0
16163,0.0,1552.41272,422.129028,1675.697998,-0.8921209166,-0.4378561076,0.1113656103,0.005403414,135.0952180207,1301.3026696786,0.0
16164,0.0,1551.834473,418.777802,1676.202637,-0.8922042844,-0.4378970248,0.1105337531,0.0052207319,132.507794402,1298.4591959894,0.0
16165,0.0,1550.254517,413.495178,1676.328369,-0.8922163556,-0.4379029493,0.1104127788,0.004971519,128.7773648987,1293.065225849,0.0
16166,0.0,1549.386108,409.944641,1676.519653,-0.8922846274,-0.4379364574,0.1097260361,0.0047796275,125.9326055952,1289.5723934138,0.0
16167,0.0,1548.640991,407.423981,1676.553589,-0.8922224,-0.4383105235,0.1087339589,0.0046085745,123.3876158039,1286.6908654063,0.0
16168,0.0,1548.040405,405.399216,1676.4761355,-0.8921523996,-0.438593395,0.1081643204,0.004491846,121.620051453,1284.6771832686,0.0
16169,0.0,1546.866089,400.746826,1676.119995,-0.892077378,-0.4388965187,0.1075536965,0.0042566799,117.9913652977,1280.1544973821,0.0
16170,0.0,1546.009033,397.793762,1675.899658,-0.8921436676,-0.4389291328,0.1068685773,0.0041053826,115.6317441601,1277.4133663743,0.0
16171,0.0,1544.895142,394.475739,1675.770264,-0.8923220145,-0.4390168783,0.1050028715,0.0039209111,112.7242427604,1274.1922333573,0.0
16172,0.0,1544.188965,392.09198,1675.6427,-0.8922027557,-0.4396100351,0.1035241988,0.0037283087,109.7363048839,1271.9925675689,0.0
16173,0.0,1543.310059,388.857849,1675.353516,-0.8920468265,-0.4403575225,0.1016745382,0.0034969748,106.0237562556,1268.8840865272,0.0
16174,0.0,1542.145874,385.092621,1675.133789,-0.8919576388,-0.440898299,0.1001012512,0.003236841,101.6903080309,1264.8982775157,0.0
16175,0.0,1541.432007,382.388611,1674.841675,-0.891786818,-0.4415801319,0.0986065833,0.0030164476,97.9523098352,1262.0586778151,0.0
16176,0.0,1540.335693,379.11496,1674.722168,-0.891119293,-0.4434352279,0.0962891699,0.0026844187,92.1257667413,1258.1506505306,0.0
16177,0.0,1539.200928,375.972107,1674.67981,-0.8907724745,-0.4445766311,0.0942126199,0.0024551155,87.8573254667,1254.5666571267,0.0
16178,0.0,1538.541992,373.65036,1674.55603,-0.8905114104,-0.4452651244,0.0934258901,0.002307898,85.0271364504,1252.2325026802,0.0
16179,0.0,1537.519653,370.700897,1674.615479,-0.8902603036,-0.4459109919,0.0927360721,0.0021488487,81.8392734317,1249.0426846373,0.0
16180,0.0,1536.578369,368.062378,1674.494995,-0.8901233062,-0.4462623242,0.0923603688,0.0020313854,79.4063823586,1246.4214650141,0.0
16181,0.0,1535.277588,364.34079,1674.656616,-0.8897480531,-0.4472205097,0.091335742,0.0018422141,75.3975999602,1242.7179862842,0.0
16182,0.0,1534.228149,361.64566,1675.070679,-0.8893635779,-0.4481962422,0.0902914985,0.0016965684,72.1880950128,1239.7929797109,0.0
16183,0.0,1533.387451,359.313019,1675.097778,-0.88911528,-0.4488231876,0.0896201155,0.0015879863,69.7123907877,1237.4967836414,0.0
16184,0.0,1532.140015,355.953522,1675.496704,-0.8890082639,-0.4490927262,0.0893310141,0.0014669034,66.8133654136,1233.9765810529,0.0
16185,0.0,1531.155029,352.956573,1675.481201,-0.8887012047,-0.4498633968,0.0885047624,0.0013317303,63.4936266392,1230.698389477,0.0
16186,0.0,1530.304077,350.512207,1676.017456,-0.8886532901,-0.4499833349,0.088376062,0.0012445015,61.2381806371,1227.8483323707,0.0
16187,0.0,1529.093262,346.836609,1676.244141,-0.8886532901,-0.4499833349,0.088376062,0.0011311278,58.2213777435,1224.4314905046,0.0
16188,0.0,1528.332031,344.497864,1676.243286,-0.8886532901,-0.4499833349,0.088376062,0.0010619548,56.3255520959,1222.5109965942,0.0
16189,0.0,1527.135498,341.260834,1676.182373,-0.8886532901,-0.4499833349,0.088376062,0.0009697362,53.6982737099,1219.6180398624,0.0
16190,0.0,1526.187378,338.598572,1676.11731,-0.8886532901,-0.4499833349,0.088376062,0.0008951081,51.4936644701,1217.3018006361,0.0
16191,0.0,1525.015747,335.161896,1675.929932,-0.8886532901,-0.4499833349,0.088376062,0.0008057829,48.7433902403,1214.448850113,0.0
16192,0.0,1524.023682,332.21698,1675.814575,-0.8886532901,-0.4499833349,0.088376062,0.0007318021,46.3611883662,1212.0546247369,0.0
16193,0.0,1522.918213,329.628418,1675.158203,-0.8886532901,-0.4499833349,0.088376062,0.0006749339,44.4332162771,1209.5823284426,0.0
16194,0.0,1521.959106,326.683716,1675.163086,-0.8886532901,-0.4499833349,0.088376062,0.0006052039,41.9847111869,1206.9549128664,0.0
16195,0.0,1520.706299,323.441254,1674.777222,-0.8886532901,-0.4499833349,0.088376062,0.0005368999,39.437381557,1203.6624484648,0.0
16196,0.0,1519.900269,321.294708,1674.563477,-0.8886532901,-0.4499833349,0.088376062,0.0004938682,37.7513309075,1201.3384333688,0.0
16197,0.0,1519.871704,317.976837,1673.61853,-0.8882551993,-0.450768643,0.0883760794,0.0004006433,33.9279284607,1198.6900332123,0.0
16198,0.0,1519.07666,315.519592,1673.392578,-0.8879241124,-0.4514204683,0.0883760794,0.0003439938,31.3698106147,1196.0764629846,0.0
16199,0.0,1518.233032,312.082886,1672.88916,-0.8827209165,-0.4616901124,0.0874415446,0.0001332932,19.4717854252,1192.6176920839,0.0
16200,0.0,1517.680786,309.890991,1672.849121,-0.8767191631,-0.4728558879,0.0881522452,9.31844e-05,16.253197884,1190.5903274278,0.0
16201,0.0,1516.819092,306.894287,1672.882568,-0.8644109899,-0.4944502248,0.0911735474,0.0005453605,39.2218453827,1187.7647100508,0.0
16202,0.0,1515.844849,303.455963,1672.960571,-0.8343952939,-0.5423878587,0.0979791016,0.0040665994,106.7190964077,1184.550069435,0.0
16203,0.0,1515.091309,300.645081,1673.366577,-0.7839261078,-0.6117970636,0.1056608278,0.0157761242,209.1179344917,1181.9409694563,0.0
16204,0.0,1514.367432,297.695618,1673.305054,-0.7422614736,-0.660816078,0.1112205725,0.0296701347,285.1821892658,1179.4870294662,0.0
16205,0.0,1513.684204,293.1492,1673.561401,-0.655893155,-0.7455885077,0.1179065156,0.0671267379,423.6520484204,1176.1422470525,0.0
16206,0.0,1514.371216,288.55484,1673.888306,-0.4914689407,-0.8626145115,0.1198102032,,,,
16207,0.0,1514.795654,285.402954,1674.932373,-0.3659233933,-0.9232162734,0.1173532396,,,,
16208,0.0,1515.945068,276.456757,1677.621948,-0.0149218274,-0.9940610812,0.1077956676,,,,
16209,0.0,1516.778076,274.388367,1678.097534,0.083714327,-0.985894009,0.1058553627,,,,
16210,0.0,1518.127808,269.774658,1678.036011,0.3092553941,-0.9453760376,0.1030788475,,,,
16211,0.0,1518.039185,267.945007,1677.5906375,0.3780091801,-0.9170521058,0.1029327234,,,,
16212,0.0,1517.884766,264.352722,1675.632812,0.5223866385,-0.8464910601,0.1027865994,,,,
16213,0.0,1517.478882,262.9028625,1675.2203975,0.5749258206,-0.8093382097,0.1014368836,,,,
16214,0.0,1516.427856,259.721985,1674.27002,0.6923200435,-0.7152427616,0.0955026139,,,,
16215,0.0,1515.575317,258.1859895,1674.3027955,0.7211523754,-0.6852509992,0.0929128825,,,,
16216,0.0,1513.747314,255.027252,1674.353882,0.7631288777,-0.6400064296,0.0895884262,,,,
16217,0.0,1511.674316,251.681564,1674.470459,0.7816939949,-0.6173446961,0.0885439129,,,,
16218,0.0,1510.068848,248.952988,1674.830933,0.7896830226,-0.6072154429,0.0876933844,,,,
16219,0.0,1507.920776,245.692017,1674.901978,0.792198073,-0.6039700133,0.0874210286,,,,
16220,0.0,1506.411499,243.358688,1675.065796,0.7922692409,-0.6038766519,0.087421046,,,,
16221,0.0,1504.094604,239.704727,1675.43457,0.7927516925,-0.6032431639,0.087421046,,,,
16222,0.0,1502.737427,237.642914,1675.614014,0.7950716523,-0.6001821627,0.087421046,,,,
16223,0.0,1499.964478,233.519897,1676.121582,0.7989992991,-0.5949434266,0.087421046,,,,
16224,0.0,1498.007446,230.745087,1676.136719,0.8059356983,-0.585512776,0.087421046,,,,
16225,0.0,1495.426758,227.218079,1676.294922,0.8162620853,-0.5710286936,0.087421046,,,,
16226,0.0,1493.723022,224.872177,1676.324219,0.8220670442,-0.5626396143,0.087421046,,,,
16227,0.0,1491.035645,221.531662,1676.231445,0.828002461,-0.553805931,0.0878118176,,,,
16228,0.0,1488.138306,217.769257,1676.136353,0.8317789856,-0.5480322283,0.0883424915,,,,
16229,0.0,1486.175415,215.315536,1676.046387,0.8320165086,-0.5476661401,0.088376062,,,,
16230,0.0,1483.214111,212.070419,1675.638306,0.8320165086,-0.5476661401,0.088376062,,,,
16231,0.0,1480.731689,208.959091,1675.448242,0.8320165086,-0.5476661401,0.088376062,,,,
16232,0.0,1479.122559,206.591766,1675.539429,0.8320165086,-0.5476661401,0.088376062,,,,
16233,0.0,1476.494995,203.142166,1675.369385,0.8320165086,-0.5476661401,0.088376062,,,,
16234,0.0,1475.273926,201.450104,1675.323975,0.8297295958,-0.5511247313,0.088376062,,,,
16235,0.0,1472.764648,197.793488,1675.266235,0.8259536813,-0.5567676247,0.088376062,,,,
16236,0.0,1470.822754,195.001617,1675.253296,0.81527838,-0.5721995111,0.0889318988,,,,
16237,0.0,1468.395386,191.104233,1675.362427,0.7615813403,-0.6417544053,0.0902504595,,,,
16238,0.0,1467.002563,188.569702,1675.388306,0.7252979274,-0.6823927416,0.0910113331,,,,
16239,0.0,1465.647583,185.560196,1675.954834,0.6543215967,-0.7506219036,0.0918150638,,,,
16240,0.0,1464.712646,182.660233,1676.527344,0.6099745012,-0.7870333547,0.0922475283,,,,
16241,0.0,1461.449829,175.857513,1676.725464,0.4161892788,-0.9041370294,0.0965542141,,,,
16242,0.0,1459.820557,173.060837,1676.605957,0.3108864994,-0.9452232019,0.0995122263,,,,
16243,0.0,1457.923706,169.473969,1676.633057,0.1775178667,-0.9786558862,0.1035377393,,,,
16244,0.0,1455.460083,165.075638,1676.564819,0.0625139951,-0.9922867131,0.1070470894,,,,
16245,0.0,1452.994019,161.259048,1676.32312,-0.0915564456,-0.9892766341,0.1137943691,,,,
16246,0.0,1451.359863,159.035248,1676.134033,-0.1605023764,-0.9798781222,0.1186501273,,,,
16247,0.0,1448.848389,155.508774,1676.305542,-0.2643074389,-0.9562835727,0.1251531312,,,,
16248,0.0,1446.37207,150.912979,1676.966431,-0.3644675466,-0.9224899849,0.1271834707,,,,
16249,0.0,1445.592224,149.183769,1677.149292,-0.3984363486,-0.9074930499,0.127772088,,,,
16250,0.0,1443.96814,144.872086,1677.744385,-0.4707039989,-0.8727655253,0.1292984272,,,,
16251,0.0,1443.600159,143.512711,1677.758179,-0.4872404321,-0.8633021939,0.1301626986,,,,
16252,0.0,1443.232178,142.153336,1677.771973,-0.5037768653,-0.8538388625,0.13102697,,,,
16253,0.0,1442.098877,137.057846,1677.851929,-0.5659265655,-0.8127724637,0.1383041745,,,,
16254,0.0,1441.095581,133.229584,1677.36853,-0.612315615,-0.7775288145,0.1432429064,0.1310690144,501.8618051491,1013.9989269463,0.0
16255,0.0,1440.671692,131.608574,1677.2874755,-0.6317408482,-0.7610296769,0.145203058,0.1195755366,479.6291622311,1012.748317469,0.0
16256,0.0,1440.247803,129.987564,1677.206421,-0.6511660815,-0.7445305393,0.1471632095,0.1080820589,457.3965193131,1011.4977079917,0.0
16257,0.0,1438.929565,124.403358,1676.891846,-0.7113514094,-0.6868313106,0.1491372629,0.0751245721,383.0813350457,1007.3924048774,0.0
16258,0.0,1438.179199,121.265617,1676.716553,-0.7444435637,-0.6505898107,0.1501222122,0.0583885456,338.3885024954,1005.0105182693,0.0
16259,0.0,1437.532837,118.314247,1676.822632,-0.7736997858,-0.6152607457,0.1511385336,0.0446521737,296.310218942,1002.7976673056,0.0
16260,0.0,1436.868896,115.643494,1677.114868,-0.7938111135,-0.5890483626,0.1512810056,0.035976883,266.0038770994,1000.697701703,0.0
16261,0.0,1436.305786,114.041985,1677.287109,-0.8070430087,-0.5706297791,0.1518658534,0.0305189772,244.9761617822,999.2241878164,0.0
16262,0.0,1435.065796,110.837616,1677.622559,-0.8251837768,-0.5437741686,0.1529097384,0.0236662109,215.4941114635,996.4164616688,0.0
16263,0.0,1433.714844,107.727036,1678.253662,-0.8455662916,-0.5114241972,0.1531761633,0.016607418,180.2969635625,993.4202575017,0.0
16264,0.0,1432.536743,105.376045,1678.619385,-0.8535287084,-0.4977409919,0.1540864982,0.0141984731,166.4061744875,991.0160670678,0.0
16265,0.0,1431.605225,103.925072,1678.857666,-0.8586710835,-0.4888045725,0.1541235228,0.0126982626,157.1600326626,989.3228764655,0.0
16266,0.0,1429.59436,101.447578,1679.290405,-0.8701744256,-0.4677796222,0.1548505543,0.0094889635,135.507764613,985.9899714136,0.0
16267,0.0,1427.481567,98.916344,1679.560547,-0.8806692584,-0.4476323522,0.1550707406,0.0068971864,115.1963709238,982.5122322727,0.0
16268,0.0,1425.853638,97.347412,1679.525513,-0.8861006471,-0.4365353407,0.155764372,0.0056931728,104.4354353551,980.1097485916,0.0
16269,0.0,1423.854004,95.198105,1679.30127,-0.8935726522,-0.4209350976,0.1560178159,0.004236158,89.8856889434,977.574580825,0.0
16270,0.0,1421.958374,93.112587,1679.173096,-0.9009927967,-0.4048091173,0.1560178159,0.0029956505,75.425182069,975.1721512205,0.0
16271,0.0,1419.638916,91.167961,1678.815308,-0.9069373,-0.391309578,0.1560177814,0.0021463679,63.6697283393,972.2973118319,0.0
16272,0.0,1417.781982,89.463791,1678.709717,-0.9118786499,-0.3794953732,0.1563988159,0.0015862541,54.5966241675,969.6984585161,0.0
16273,0.0,1414.925537,87.141022,1678.418457,-0.9169788991,-0.3667750836,0.1569258956,0.0011470432,46.2559603631,966.0228455781,0.0
16274,0.0,1412.640991,85.284019,1677.714233,-0.9209071693,-0.3564096013,0.1578042508,0.0009114178,41.1131901659,963.1776581829,0.0
16275,0.0,1410.466187,83.699699,1677.272949,-0.9242849817,-0.3473064357,0.1583524939,0.0007906211,38.1862209951,960.4910630698,0.0
16276,0.0,1407.659302,81.69648,1677.193604,-0.9274732081,-0.3384699907,0.1588443063,0.0007659932,37.4513889489,957.0257994426,0.0
16277,0.0,1405.468262,80.172272,1676.785767,-0.929475234,-0.3329262211,0.1588581778,0.0007614111,37.235096145,954.3563143791,0.0
16278,0.0,1403.187744,78.730965,1675.983398,-0.9308797801,-0.3287738444,0.1592814934,0.0007499075,36.848152162,951.6523051788,0.0
16279,0.0,1400.217285,76.903343,1675.620605,-0.9320960693,-0.325070628,0.1597685966,0.0007686421,37.1593658365,947.9265623419,0.0
16280,0.0,1398.186768,75.687126,1675.424316,-0.933163506,-0.3219757035,0.1598046225,0.0007966139,37.7204536581,945.2016458914,0.0
16281,0.0,1395.48877,74.19799,1675.10144,-0.9355589362,-0.3149475678,0.1598045881,0.0009247635,40.4911308599,941.7378060557,0.0
16282,0.0,1392.81311,72.849495,1675.160889,-0.9382186725,-0.3069335518,0.1598046225,0.0011614219,45.1997327238,938.1061782175,0.0
16283,0.0,1389.756226,71.259132,1675.273926,-0.9405361788,-0.299756848,0.159804657,0.0013697599,48.8555525752,933.7389555125,0.0
16284,0.0,1383.427734,72.834442,1676.701294,-0.9430636328,-0.2917078455,0.1598046225,0.0020318666,59.112366429,927.7617662573,0.0
16285,0.0,1380.78772,71.673065,1676.701294,-0.9454451146,-0.2838943683,0.1598046398,0.002521635,65.6121137226,924.4892709906,0.0
16286,0.0,1377.702148,70.36515,1676.701294,-0.9478595126,-0.2757259899,0.1598046398,0.0031086887,72.541435027,920.704603701,0.0
16287,0.0,1372.479126,68.187263,1676.701294,-0.9526127581,-0.2594089886,0.1588581433,0.0045013945,86.6578921366,914.3424168506,0.0
16288,0.0,1370.8096925,67.379982,1676.701294,-0.9537731318,-0.2550700446,0.158858152,0.0049334076,90.4085012259,912.2627800312,0.0
16289,0.0,1369.140259,66.572701,1676.701294,-0.9549335056,-0.2507311006,0.1588581606,0.0053654206,94.1591103152,910.1831432119,0.0
16290,0.0,1366.413818,65.040001,1676.701294,-0.9561691495,-0.2459769144,0.1588581606,0.0058565561,97.9826131825,906.6708779597,0.0
16291,0.0,1364.204956,63.632252,1676.701294,-0.9573101584,-0.2414981157,0.1588581778,0.0063340083,101.5500325157,903.6797518441,0.0
16292,0.0,1361.348389,61.692703,1676.701294,-0.958432462,-0.2370048419,0.1588581778,0.0067984847,104.7520567982,899.8723216043,0.0
16293,0.0,1356.885132,58.256207,1676.701294,-0.9617792312,-0.2230354004,0.1588581778,0.0084305764,115.776196272,893.4966285286,0.0
16294,0.0,1356.706014,58.104996,1676.701294,-0.9618902465,-0.2225550588,0.1588581548,0.0084869756,116.1266625089,893.2428089887,0.0
16295,0.0,1356.526896,57.953785,1676.701294,-0.9620012619,-0.2220747173,0.1588581319,0.0085433747,116.4771287458,892.9889894488,0.0
16296,0.0,1356.347778,57.802574,1676.701294,-0.9621122772,-0.2215943757,0.1588581089,0.0085997739,116.8275949827,892.7351699089,0.0
16297,0.0,1356.347778,57.802574,1676.701294,-0.9621122772,-0.2215943757,0.1588581089,0.0085997739,116.8275949827,892.7351699089,0.0
16298,0.0,1344.331177,46.600868,1676.701294,-0.9707619648,-0.1799591414,0.1588581606,0.0142393447,147.4441098061,876.8372186629,0.0
16299,0.0,1342.12854,44.318031,1676.701294,-0.9725752469,-0.1698866505,0.1588581606,0.0158119853,154.8301256129,874.1195909642,0.0
16300,0.0,1339.508911,41.537109,1676.701294,-0.9742289845,-0.1601311214,0.1588581433,0.0173536631,161.5433987251,870.9054499177,0.0
16301,0.0,1337.455811,39.312229,1676.701294,-0.975405076,-0.1528038696,0.1588581606,0.0185385928,166.4387517678,868.4068867675,0.0
16302,0.0,1335.022705,36.633995,1676.701294,-0.9768466354,-0.1432994616,0.1588581606,0.0201473517,172.8502998394,865.4554529989,0.0
16303,0.0,1332.800903,34.156487,1676.701294,-0.9782056677,-0.1337077481,0.1588581433,0.0218559437,179.3921118094,862.7592082924,0.0
16304,0.0,1330.312988,31.35475,1676.701294,-0.979941412,-0.1203282905,0.1588582123,0.0244191244,188.8343544253,859.7428190627,0.0
16305,0.0,1327.748535,28.448013,1676.701294,-0.9818268496,-0.105175462,0.1579688564,0.027506455,199.537591065,856.6425018437,0.0
16306,0.0,1325.367188,25.74099,1676.701294,-0.9835537521,-0.089256287,0.1570201643,0.0309840331,210.8785023674,853.7657254702,0.0
16307,0.0,1323.237305,23.336233,1676.701294,-0.984565324,-0.0774157357,0.1569647305,0.0336703134,219.025286437,851.2213536132,0.0
16308,0.0,1321.331421,21.161392,1676.701294,-0.9851483958,-0.069603846,0.1569647823,0.0353801416,223.8065988348,848.8947330922,0.0
16309,0.0,1318.141479,17.548098,1676.701294,-0.9863739385,-0.0520677072,0.1560621904,0.0395930529,235.4342358576,845.0589487644,0.0
16310,0.0,1317.866882,17.2384015,1676.701294,-0.9864525058,-0.050604609,0.1560399946,0.0399550618,236.3916085679,844.7311829171,0.0
16311,0.0,1317.592285,16.928705,1676.701294,-0.9865310732,-0.0491415108,0.1560177987,0.0403170707,237.3489812782,844.4034170699,0.0
16312,0.0,1311.992798,10.678441,1676.701294,-0.9874516744,-0.0244466184,0.1560177987,0.0463706983,252.2834958589,838.1966908482,0.0
16313,0.0,1308.920532,7.300438,1676.701294,-0.9878351675,-0.007971659,0.1553001435,0.0508269535,262.8530535575,835.1044310091,0.0
16314,0.0,1306.22522,4.333761,1676.701294,-0.9878949762,-0.0040726916,0.1550707234,0.0515237936,263.870449563,832.7972602249,0.0
16315,0.0,1303.718994,1.497597,1676.701294,-0.9878949762,-0.0040726916,0.1550707234,0.0509885688,261.7890642143,830.4393056409,0.0
16316,0.0,1301.120728,-1.339475,1676.701294,-0.9880317803,0.0038227594,0.1542030724,0.0530651546,266.2084255612,828.2117178749,0.0
16317,0.0,1298.825439,-3.7846,1676.701294,-0.9879504391,0.0141377149,0.1541235056,0.056090683,272.8191145808,826.2118700717,0.0
16318,0.0,1296.662842,-6.05641,1676.701294,-0.9877431596,0.024685727,0.1541235401,0.0593444016,279.7270414376,824.2716059457,0.0
16319,0.0,1294.010864,-8.815306,1676.701294,-0.9873657699,0.0368073573,0.1541235056,0.0632838908,287.7332530829,821.8839266481,0.0
16320,0.0,1291.015625,-11.925342,1676.701294,-0.986948361,0.0466783934,0.1541235228,0.0663717949,293.3006091225,818.7186764878,0.0
16321,0.0,1288.272217,-19.906006,1674.389038,-0.9865075194,0.0552164765,0.1541235056,0.0670278469,293.1256774155,814.3543685076,0.0
16322,0.0,1286.525146,-21.504356,1674.130859,-0.9861989086,0.0604785286,0.1541235228,0.0662149359,290.9859680782,813.186133914,0.0
16323,0.0,1283.580078,-24.274488,1673.657104,-0.9857093458,0.0679929498,0.1541234711,0.0685638387,294.8431472867,810.2206301427,0.0
16324,0.0,1280.906982,-26.936087,1673.473511,-0.9853928002,0.0742810657,0.1532427894,0.0704451404,297.6190859233,807.2474718558,0.0
16325,0.0,1278.280151,-29.319847,1673.527954,-0.9849227008,0.0804009988,0.1531762151,0.0723178648,300.1763479683,803.9628123621,0.0
16326,0.0,1278.0876463333,-29.457124,1673.755656,-0.984866645,0.0810790753,0.1531762036,0.0725567742,300.5883779654,803.7925218123,0.0
16327,0.0,1277.8951416667,-29.594401,1673.983358,-0.9848105891,0.0817571517,0.1531761921,0.0727956836,301.0004079625,803.6222312624,0.0
16328,0.0,1277.702637,-29.731678,1674.21106,-0.9834867699,0.0963889851,0.1531761633,0.0783792969,311.8131453924,803.4519407126,0.0
16329,0.0,1268.988525,-37.368469,1675.559937,-0.9840050693,0.0909453983,0.1531762323,0.0749592897,301.5166899617,793.7407299261,0.0
16330,0.0,1264.363403,-41.597214,1675.939209,-0.9839393303,0.0916539799,0.1531761806,0.0741036686,297.8023613889,788.300550087,0.0
16331,0.0,1262.685303,-42.942955,1675.213013,-0.9839375267,0.0916733685,0.1531761633,0.0735725948,296.0557260665,786.3920325638,0.0
16332,0.0,1257.040405,-47.860752,1675.747437,-0.9835689579,0.0955466244,0.1531761978,0.0737772434,293.9772938038,779.8288909991,0.0
16333,0.0,1255.13739,-49.485565,1675.780579,-0.9830994049,0.1001556496,0.1531761805,0.0750712566,295.5884329131,777.6261695384,0.0
16334,0.0,1253.234375,-51.110378,1675.813721,-0.9826298519,0.1047646747,0.1531761633,0.0763652699,297.1995720224,775.4234480777,0.0
16335,0.0,1250.819214,-53.19101,1676.068115,-0.9816864076,0.1132645351,0.1531761806,0.0792766799,301.4038467494,772.4024797198,0.0
16336,0.0,1244.861816,-58.066856,1675.804321,-0.9789827595,0.1346469593,0.1531762151,0.0864569439,311.3260078458,765.4138977825,0.0
16337,0.0,1242.679688,-59.767498,1675.539307,-0.9771578744,0.1469653241,0.1535046647,0.0122308257,377.9277718781,2423.8064785493,6.0
16338,0.0,1239.536255,-62.284546,1675.266602,-0.9751544127,0.1592893358,0.1539505728,0.0126875735,384.392669188,2420.7655824011,6.0
16339,0.0,1237.6514895,-63.7941705,1675.1412355,-0.9738391272,0.1665070202,0.1544625507,0.0130784374,389.8861027814,2418.9311095818,6.0
16340,0.0,1233.317017,-67.162315,1674.977905,-0.9707431237,0.1827389363,0.1557699233,0.0140813534,403.800131321,2414.7019330407,6.0
16341,0.0,1230.185425,-69.755531,1674.897827,-0.9681067099,0.1953619499,0.1568537753,0.0150672172,416.6596027151,2409.3060402768,6.0
16342,0.0,1228.8319095,-70.678295,1674.9241945,-0.966908295,0.2003915767,0.1578097522,0.0637129791,379.9753136421,1577.3615141252,3.0
16343,0.0,1225.433105,-72.486649,1675.072754,-0.9647565908,0.2092531549,0.1595551244,0.1133938176,343.0378724111,741.6632416913,0.0
16344,0.0,1222.837769,-73.455559,1675.619263,-0.9601584437,0.2245611116,0.1663372182,0.1215216961,352.4278294209,737.6327525442,0.0
16345,0.0,1221.046143,-69.262688,1676.701294,-0.9586800629,0.229012225,0.1687777764,0.1265503606,358.903150425,737.096867331,0.0
16346,0.0,1218.665405,-69.423332,1676.701294,-0.9580367737,0.2308412483,0.1699348651,0.1277287781,359.4078771834,734.9517555895,0.0
16347,0.0,1215.713745,-69.253517,1676.701294,-0.9566916578,0.2348072341,0.1720657862,0.1304218672,361.6680270374,732.4248997889,0.0
16348,0.0,1213.995972,-68.902618,1676.701294,-0.9560192228,0.2363278449,0.1737135438,0.1319526973,362.9380039105,731.0201963912,0.0
16349,0.0,1210.867676,-68.103584,1676.701294,-0.9551119982,0.2383407007,0.1759397091,0.1342725143,364.5825284458,728.4138371199,0.0
16350,0.0,1208.834595,-67.348694,1676.701294,-0.9547803728,0.2390786946,0.1767365766,0.1356787147,365.5129863776,726.752563427,0.0
16351,0.0,1206.208496,-66.121239,1676.701294,-0.9547080757,0.2392391977,0.1769098539,0.1371695466,366.342960125,724.7234835273,0.0
16352,0.0,1203.997803,-64.892365,1676.701294,-0.9547080757,0.2392391977,0.1769098539,0.138270688,367.0761374256,723.4904834559,0.0
16353,0.0,1202.070923,-63.676205,1676.701294,-0.9547080757,0.2392391977,0.1769098539,0.1393371622,367.8947776548,722.5306926975,0.0
16354,0.0,1199.825806,-62.069851,1676.701294,-0.9547080757,0.2392391977,0.1769098539,0.1407301288,369.0522895352,721.4780876702,0.0
16355,0.0,1197.501099,-60.324123,1676.701294,-0.9547080757,0.2392391977,0.1769098539,0.1422671047,370.2531523472,720.202927733,0.0
16356,0.0,1194.970337,-58.258034,1676.701294,-0.9547080757,0.2392391977,0.1769098539,0.1440446985,371.6965053076,718.8794719177,0.0
16357,0.0,1194.435181,-57.79998,1676.701294,-0.9547080757,0.2392391977,0.1769098539,0.1444330974,372.0204046864,718.613033302,0.0
16358,0.0,1190.522583,-54.152042,1676.701294,-0.9546508866,0.2400724111,0.1760878248,0.1479411733,375.2026967904,716.7934587232,0.0
16359,0.0,1188.147217,-51.732895,1676.701294,-0.9543085699,0.2428724562,0.1740922843,,,,
16360,0.0,1186.016113,-49.397331,1676.701294,-0.9533521522,0.24910638,0.1704866137,,,,
16361,0.0,1184.040894,-47.134506,1676.701294,-0.952633008,0.2532588872,0.1683754379,,,,
16362,0.0,1182.032349,-44.798023,1676.701294,-0.9520815835,0.2563303493,0.1668394748,,,,
16363,0.0,1179.443604,-41.564442,1676.701294,-0.9497778053,0.2673329349,0.1626506147,,,,
16364,0.0,1177.842163,-39.403778,1676.701294,-0.9467784386,0.2794705204,0.1597085357,,,,
16365,0.0,1175.685669,-36.398647,1676.701294,-0.9423077242,0.2959175888,0.1564894036,,,,
16366,0.0,1174.137817,-34.132168,1676.701172,-0.9386338837,0.308515103,0.1542234209,,,,
16367,0.0,1171.41687,-30.131165,1676.701294,-0.9336674868,0.3245976962,0.1513319518,,,,
16368,0.0,1169.514038,-27.548977,1676.701294,-0.9295158042,0.3374257271,0.148809437,,,,
16369,0.0,1167.793457,-25.412346,1676.701172,-0.9253006452,0.3497824492,0.1465297039,,,,
16370,0.0,1164.174805,-26.311199,1676.06543,-0.919878064,0.3649074406,0.1437598941,,,,
16371,0.0,1161.598633,-23.607391,1676.795044,-0.9138938949,0.3803460315,0.1418973047,,,,
16372,0.0,1159.536987,-21.667849,1677.033936,-0.9088240661,0.3928418654,0.1404068573,,,,
16373,0.0,1156.499878,-19.010853,1677.36377,-0.900731063,0.4120530611,0.137462093,,,,
16374,0.0,1151.745239,-14.894461,1677.565918,-0.8890138071,0.437801045,0.134107031,,,,
16375,0.0,1149.7750245,-13.42957,1677.668579,-0.8856264316,0.4448043944,0.133242658,,,,
16376,0.0,1145.30542,-10.187245,1677.852173,-0.8761422548,0.4637418795,0.1315987027,,,,
16377,0.0,1143.685303,-9.0765105,1677.815918,-0.8721689184,0.4711321002,0.131474346,,,,
16378,0.0,1139.640503,-6.255176,1677.716553,-0.8620632457,0.48965248,0.1307188176,,,,
16379,0.0,1137.722534,-4.950897,1677.3615115,-0.8570075156,0.4986154361,0.1296679058,,,,
16380,0.0,1133.558472,-1.986939,1676.960571,-0.8458176587,0.5179255392,0.1278500061,,,,
16381,0.0,1130.070312,0.589818,1677.046143,-0.8349039571,0.5359742656,0.1251677633,,,,
16382,0.0,1127.516968,2.485541,1676.774658,-0.8267516337,0.5488610778,0.123423067,,,,
16383,0.0,1124.396851,4.845359,1676.879395,-0.8151609684,0.5661564186,0.1223907895,,,,
16384,0.0,1122.419617,6.329795,1676.9190675,-0.8093178704,0.5744468228,0.1221166842,,,,
16385,0.0,1118.009033,9.78423,1677.046387,-0.7897263707,0.6012381669,0.1218397553,,,,
16386,0.0,1115.134155,12.599279,1677.516846,-0.7638819223,0.6334824056,0.1232252026,,,,
16387,0.0,1112.630005,14.445161,1677.406616,-0.7471853261,0.6528985147,0.124248211,,,,
16388,0.0,1109.380127,17.615314,1677.974365,-0.7209031802,0.6814350354,0.1262731063,,,,
16389,0.0,1106.27002,20.187023,1677.939209,-0.6942956175,0.7076692327,0.1309879866,,,,
16390,0.0,1104.464966,22.200346,1678.230225,-0.6776431357,0.722260166,0.1383475093,,,,
16391,0.0,1101.829102,24.87887,1678.405029,-0.6608123551,0.7361810404,0.146166026,,,,
16392,0.0,1098.689209,28.00561,1678.591797,-0.6528667291,0.7424467902,0.1501259394,,,,
16393,0.0,1095.724976,31.234684,1678.730957,-0.6515463672,0.7433878239,0.151201437,,,,
16394,0.0,1093.298828,33.365845,1678.690674,-0.6514484481,0.7434574409,0.1512810401,,,,
16395,0.0,1090.399414,36.493496,1678.539795,-0.6514484481,0.7434574409,0.1512810401,,,,
16396,0.0,1088.931274,37.971401,1678.489624,-0.6514484481,0.7434574409,0.1512810401,,,,
16397,0.0,1086.400146,40.567791,1678.088501,-0.6514484481,0.7434574409,0.1512810401,,,,
16398,0.0,1082.51416,44.275597,1678.018066,-0.6514484481,0.7434574409,0.1512810401,,,,
16399,0.0,1079.312744,47.310402,1677.781738,-0.6514484481,0.7434574409,0.1512810401,,,,
16400,0.0,1077.02832,49.385838,1677.128906,-0.6514484481,0.7434574409,0.1512810401,,,,
16401,0.0,1074.83374,51.660553,1677.127808,-0.6514484481,0.7434574409,0.1512810401,,,,
16402,0.0,1071.861328,54.562534,1676.207275,-0.6514484481,0.7434574409,0.1512810401,,,,
16403,0.0,1068.983398,57.591446,1676.18103,-0.6514484481,0.7434574409,0.1512810401,,,,
16404,0.0,1067.447144,59.244148,1676.004639,-0.6514484481,0.7434574409,0.1512810401,,,,
16405,0.0,1064.337158,62.903282,1675.651123,-0.6514484481,0.7434574409,0.1512810401,,,,
16406,0.0,1062.199951,65.509247,1675.580078,-0.6564314897,0.7393250802,0.149987083,,,,
16407,0.0,1060.954468,67.580696,1675.512451,-0.6601448683,0.7362081517,0.1490178184,,,,
16408,0.0,1058.463257,71.327217,1675.586792,-0.6618752949,0.7351295067,0.1466482264,,,,
16409,0.0,1056.918701,74.260559,1675.660767,-0.6631418807,0.7340086093,0.1465408052,,,,
16410,0.0,1055.696411,77.032021,1676.040649,-0.6666290909,0.7311052841,0.1452264392,,,,
16411,0.0,1054.264893,80.566544,1676.375854,-0.6701107692,0.7281857867,0.1438645789,,,,
16412,0.0,1053.078247,83.675583,1676.920532,-0.6794300198,0.7198289023,0.1422012641,,,,
16413,0.0,1050.781738,89.70195,1676.802612,-0.7086756669,0.691793963,0.138563747,,,,
16414,0.0,1050.168335,91.6507185,1676.7145385,-0.7189924948,0.68104362,0.1378654623,,,,
16415,0.0,1049.554932,93.599487,1676.626465,-0.7293093228,0.6702932769,0.1371671776,,,,
16416,0.0,1048.613647,96.528168,1676.510132,-0.7468069517,0.6507661562,0.1370503076,,,,
16417,0.0,1047.407104,99.879417,1676.049927,-0.7624367713,0.6323823038,0.1370503248,,,,
16418,0.0,1046.397705,103.21241,1675.660522,-0.7815282117,0.608630317,0.1370503248,,,,
16419,0.0,1044.741455,109.568115,1675.309814,-0.8210628719,0.5543237241,0.1363120289,,,,
16420,0.0,1043.869995,112.461609,1674.827637,-0.8424125626,0.5216780685,0.1348816787,,,,
16421,0.0,1042.854004,116.661133,1674.824341,-0.8610513355,0.4907092448,0.1333980314,,,,
16422,0.0,1042.114746,119.209442,1674.708862,-0.8728764133,0.4695656792,0.132645543,,,,
16423,0.0,1041.177368,122.681442,1674.893188,-0.8882676532,0.4400753098,0.131583806,,,,
16424,0.0,1040.376465,125.496849,1675.051636,-0.8997130998,0.4163578691,0.1310055836,,,,
16425,0.0,1038.97583,130.094391,1675.343872,-0.9124529842,0.3878307804,0.1304486008,,,,
16426,0.0,1037.939209,133.791458,1675.299805,-0.9185192837,0.3732536828,0.1303994395,,,,
16427,0.0,1037.04895,136.442078,1675.487671,-0.9224201912,0.3635064959,0.1303994568,,,,
16428,0.0,1035.478149,140.820908,1676.115967,-0.9272453932,0.3513207676,0.1295750711,,,,
16429,0.0,1034.187134,144.687424,1676.278442,-0.9314578519,0.3400430389,0.129448839,,,,
16430,0.0,1033.37793,147.079575,1676.203979,-0.9348505374,0.3306016731,0.1294488563,,,,
16431,0.0,1031.883911,151.212921,1676.368652,-0.9413689199,0.3118626931,0.128709818,,,,
16432,0.0,1030.605713,154.586044,1676.454102,-0.9465409782,0.2958858206,0.1284980848,,,,
16433,0.0,1029.052979,158.78511,1676.380127,-0.9511534962,0.2807049418,0.1284981021,,,,
16434,0.0,1027.832397,162.812088,1675.915161,-0.9564002385,0.2626621675,0.1276995283,,,,
16435,0.0,1026.244873,166.296402,1675.942383,-0.9645391917,0.2315561316,0.1266724339,,,,
16436,0.0,1025.337891,169.239212,1675.370361,-0.9688567385,0.2135695556,0.1253182555,,,,
16437,0.0,1023.806091,173.932007,1675.680908,-0.9747950106,0.1864278783,0.1225533902,,,,
16438,0.0,1022.291382,177.340302,1675.479614,-0.9799311564,0.1594145884,0.1196742153,,,,
16439,0.0,1020.641724,180.429398,1675.533081,-0.9830499163,0.1405777207,0.1176892792,,,,
16440,0.0,1018.714783,184.403564,1675.265869,-0.9869386974,0.1138819815,0.1139425375,,,,
16441,0.0,1018.390381,185.447571,1675.059082,-0.9879011174,0.1064071131,0.1128224643,,,,
16442,0.0,1016.163208,189.632355,1675.010254,-0.9912553525,0.0760848351,0.1078143032,,,,
16443,0.0,1014.464172,192.403137,1675.080566,-0.9932785308,0.0507251087,0.1040419323,,,,
16444,0.0,1013.213928,194.542694,1674.927368,-0.9940947959,0.0386253759,0.1014081712,,,,
16445,0.0,1011.667969,196.874573,1675.091187,-0.9948385297,0.0244945546,0.098469877,,,,
16446,0.0,1009.479797,200.172318,1675.119995,-0.9952882213,0.0122074793,0.0961890535,,,,
16447,0.0,1008.151917,202.017365,1675.599609,-0.9954344089,0.0045324582,0.0953404135,,,,
16448,0.0,1005.953125,205.034439,1675.619141,-0.9954333574,-0.0087307654,0.0950589543,,,,
16449,0.0,1004.378479,207.147629,1675.852417,-0.9952708836,-0.0199916662,0.0950589369,,,,
16450,0.0,1003.046326,208.858765,1676.026001,-0.9949333453,-0.0327328123,0.0950589369,,,,
16451,0.0,1000.250244,212.473206,1676.495605,-0.9940741481,-0.0527293089,0.0950589717,,,,
16452,0.0,998.69928,214.400421,1676.78064,-0.9929935144,-0.0701974747,0.0950589022,,,,
16453,0.0,996.390625,217.024277,1676.865967,-0.9903750733,-0.1022476348,0.0932879162,,,,
16454,0.0,994.730774,218.835251,1676.82959,-0.9882496087,-0.1222387353,0.0917627511,,,,
16455,0.0,992.28302,221.398804,1676.844482,-0.9848280944,-0.1481494983,0.0903623299,,,,
16456,0.0,991.919556,221.545502,1676.637451,-0.9841238044,-0.152954894,0.0900285404,,,,
16457,0.0,988.004883,225.20517,1676.273804,-0.9791897861,-0.1830899033,0.0875525565,,,,
16458,0.0,984.097656,228.690048,1676.018555,-0.9704144988,-0.2264926411,0.083646781,,,,
16459,0.0,982.7407225,229.850723,1675.9552005,-0.9662403048,-0.2436180991,0.081953167,,,,
16460,0.0,981.383789,231.011398,1675.891846,-0.9620661108,-0.2607435571,0.080259553,0.1381688154,361.3342472038,712.4164824063,0.0
16461,0.0,977.090942,234.525604,1675.342529,-0.9552478745,-0.285076336,0.0789492299,0.1300271609,351.147394751,712.1225876998,0.0
16462,0.0,974.588867,236.48732,1674.747681,-0.9506663956,-0.3002428407,0.0780233354,0.1248798455,344.3680941523,711.6429967402,0.0
16463,0.0,972.262817,238.202972,1674.710327,-0.9461775409,-0.3143306809,0.0770991834,0.1200549034,337.8368432959,711.1225918662,0.0
16464,0.0,969.782776,240.016785,1674.786255,-0.9425115801,-0.3252941158,0.0765222813,0.1168539796,333.3641323741,710.6489504224,0.0
16465,0.0,968.332062,241.0079805,1674.829346,-0.940465077,-0.3311709253,0.0762394386,0.1152189087,330.9956417756,710.2983755333,0.0
16466,0.0,965.044189,243.229233,1674.961548,-0.9354721121,-0.345371183,0.0749044282,0.1111399621,325.0826401592,709.5104016594,0.0
16467,0.0,961.954956,245.223755,1675.089722,-0.9304613637,-0.3590099345,0.0731677358,0.1072321294,319.2552517523,708.6420304275,0.0
16468,0.0,959.730408,246.636337,1675.315674,-0.9273820456,-0.3670500764,0.0723656201,0.1052012085,316.117213294,708.0374527017,0.0
16469,0.0,956.660645,248.467911,1675.623535,-0.9218186698,-0.3811877055,0.0703297469,0.1010943026,309.7661270079,706.9991420948,0.0
16470,0.0,956.296265,248.6849365,1675.897583,-0.9213270881,-0.3824034342,0.0701588301,,,,
16471,0.0,951.746155,251.349472,1676.570068,-0.9166261757,-0.3938136842,0.0686093014,,,,
16472,0.0,948.901489,252.917969,1676.475464,-0.9127862963,-0.4029126218,0.0669521962,,,,
16473,0.0,946.31189,254.378586,1676.857666,-0.9092253319,-0.4111652307,0.065210804,,,,
16474,0.0,943.468994,255.780182,1676.826904,-0.9041536697,-0.422668115,0.0621112395,,,,
16475,0.0,940.364075,257.383057,1676.905396,-0.9005307471,-0.4306633161,0.0597786057,,,,
16476,0.0,937.432922,258.789429,1676.866333,-0.8969046493,-0.4384710788,0.0574905483,,,,
16477,0.0,933.427368,260.797058,1676.859863,-0.8901828225,-0.4523399983,0.0544340743,,,,
16478,0.0,931.575378,261.704376,1676.868652,-0.8859270196,-0.4608237347,0.0526763837,,,,
16479,0.0,928.142822,263.41391,1676.608521,-0.8774961183,-0.4769433217,0.0502556485,,,,
16480,0.0,925.932434,264.39389,1676.524902,-0.8716861469,-0.4876302148,0.0487856008,,,,
16481,0.0,922.543518,266.089844,1676.016235,-0.8572493004,-0.5129553225,0.0447266593,,,,
16482,0.0,920.408875,266.940277,1675.879028,-0.8507056108,-0.5238731456,0.0430916602,,,,
16483,0.0,917.190491,268.082123,1675.854492,-0.8385366688,-0.5434139373,0.0394657794,,,,
16484,0.0,913.785034,269.350586,1675.531738,-0.8280166773,-0.5595595319,0.0357982155,,,,
16485,0.0,913.6009316667,269.404012,1675.4117023333,-0.826913439,-0.561209085,0.0353590886,,,,
16486,0.0,913.4168293333,269.457438,1675.2916666667,-0.8258102008,-0.5628586382,0.0349199618,,,,
16487,0.0,913.232727,269.510864,1675.171631,-0.7623199015,-0.6471993851,0.0011504859,,,,
16488,0.0,905.134033,271.616577,1675.242188,-0.79651488,-0.6042162567,0.0220626621,,,,
16489,0.0,900.87616,272.570404,1675.488647,-0.783874387,-0.6207480622,0.0145872761,,,,
16490,0.0,897.182861,273.590851,1675.355469,-0.7739279417,-0.6332176972,0.0084195608,,,,
16491,0.0,894.03064,274.337433,1675.373535,-0.7681525145,-0.6402501841,0.0046277589,,,,
16492,0.0,890.873535,274.884277,1675.633667,-0.7630074682,-0.6463878117,0.0015493282,,,,
16493,0.0,887.773254,275.296753,1676.210327,-0.7591916756,-0.6508660452,-0.0011793711,,,,
16494,0.0,885.07373,275.767395,1676.182617,-0.7539235109,-0.6569491544,-0.0041410436,,,,
16495,0.0,883.210815,276.045959,1676.288696,-0.7511088545,-0.660154229,-0.0056464592,,,,
16496,0.0,878.660278,276.493713,1676.846313,-0.743643649,-0.6685090128,-0.0094775021,,,,
16497,0.0,876.350342,276.875732,1676.861084,-0.7395592709,-0.6729853835,-0.0119481525,,,,
16498,0.0,873.001099,277.10672,1676.941406,-0.7360401021,-0.6767868217,-0.0143026601,,,,
16499,0.0,867.460083,277.700409,1676.996704,-0.7293818509,-0.6838549798,-0.0185602316,,,,
16500,0.0,864.18689,278.083344,1677.0177,-0.7271649763,-0.6861863077,-0.0194794349,,,,
16501,0.0,863.555115,278.1504365,1677.017761,-0.7267216359,-0.6866502533,-0.0196633658,,,,
16502,0.0,858.604431,278.055176,1676.260864,-0.7252458937,-0.6881819934,-0.0205897475,,,,
16503,0.0,856.5465695,278.194733,1675.9962155,-0.7250974543,-0.6883351528,-0.020696434,,,,
16504,0.0,852.26886,278.581207,1675.908813,-0.7326608783,-0.6801870551,-0.0235288636,,,,
16505,0.0,849.364014,278.808624,1675.57312,-0.7408360107,-0.6711646631,-0.0264575175,0.1181814733,796.7536001357,1689.5088252621,6.0
16506,0.0,846.324036,278.861694,1675.163696,-0.753516222,-0.6567224205,-0.030478938,0.109133589,766.2088385917,1686.6987187483,6.0
16507,0.0,844.582703,278.826416,1675.1918945,-0.7637853848,-0.6444320976,-0.0328202373,0.1020340161,741.0769819833,1685.0988736737,6.0
16508,0.0,839.62915,277.81665,1675.218994,-0.7872402622,-0.615486043,-0.0378113791,0.0862107426,682.5120433071,1680.2835276534,6.0
16509,0.0,836.868408,277.517456,1675.204956,-0.8139720975,-0.5796105396,-0.0387433472,0.068460912,609.829590145,1677.0090358033,6.0
16510,0.0,835.1471555,277.346695,1675.189392,-0.8331783768,-0.5505695805,-0.0383999105,0.0565736883,552.1308307426,1674.83983482,6.0
16511,0.0,830.320007,276.894073,1675.153564,-0.8769528734,-0.4791363957,-0.0371748865,0.0309185344,411.7967397459,1668.9434155456,6.0
16512,0.0,827.777832,276.475098,1675.146484,-0.9143272488,-0.4032737053,-0.0370944824,0.0134375588,272.1462146048,1665.6778076879,6.0
16513,0.0,826.181824,276.293701,1675.211914,-0.933532462,-0.3567177346,-0.0356314511,0.0064373976,188.4488377655,1663.5021150379,6.0
16514,0.0,823.718506,275.926178,1675.29895,-0.9523850102,-0.3030294851,-0.0337034637,0.0017771834,98.9426733854,1660.3343880165,6.0
16515,0.0,821.795532,275.555603,1675.652588,-0.9720123341,-0.2330055361,-0.0300073738,0.0008398269,67.9265565087,1657.7572048033,6.0
16516,0.0,819.489746,274.75708,1676.097534,-0.9911696684,-0.1303532733,-0.0243045801,0.0091932685,223.8301458747,1654.5086992627,6.0
16517,0.0,817.62738,274.291748,1676.119629,-0.9992921296,-0.0334383608,-0.0172370478,0.0270783439,381.8257012164,1651.9587115101,6.0
16518,0.0,815.931152,273.709625,1675.905396,-0.9979826598,0.0626941919,-0.0100024548,0.0541663462,535.532916327,1649.5616225936,6.0
16519,0.0,813.137695,273.588867,1674.970825,-0.9654354367,0.2605831234,0.0055545865,0.1394117277,838.2839810062,1645.9489941606,6.0
16520,0.0,811.195862,273.990265,1674.143921,-0.9127125207,0.4080982242,0.0202902417,,,,
16521,0.0,810.204407,273.367584,1674.594604,-0.8764746331,0.4806078376,0.0284310376,,,,
16522,0.0,809.078674,272.172668,1674.996826,-0.8527056167,0.5213180951,0.0334749894,,,,
16523,0.0,807.829285,270.616669,1675.20166,-0.7897791321,0.6115846838,0.0470435665,,,,
16524,0.0,807.829834,269.623901,1675.799438,-0.7476972309,0.6617650951,0.0549163891,,,,
16525,0.0,806.8927,267.570648,1676.268433,-0.6983491719,0.7129522956,0.0633044893,,,,
16526,0.0,805.111816,264.469727,1676.59082,-0.6318576419,0.7715648046,0.0737812492,,,,
16527,0.0,804.017273,262.771484,1676.682617,-0.5995148034,0.7964595543,0.0789568157,,,,
16528,0.0,801.920349,260.045715,1676.702759,-0.5559388237,0.8266340092,0.0872252205,,,,
16529,0.0,800.538452,258.34433,1676.672119,-0.5354321289,0.8395943622,0.0916173693,,,,
16530,0.0,798.108887,255.811203,1676.126831,-0.5081001262,0.8555358129,0.0994622276,,,,
16531,0.0,797.250183,254.970581,1676.126831,-0.4996350118,0.8601658967,0.102369357,,,,
16532,0.0,793.551086,251.608353,1675.363892,-0.4669747812,0.8768708151,0.1141583438,,,,
16533,0.0,791.408813,249.815292,1675.55896,-0.4470767922,0.8863195155,0.1206650665,,,,
16534,0.0,788.929382,247.767929,1675.237305,-0.4235075649,0.8968700447,0.1275361337,,,,
16535,0.0,786.696838,245.940216,1675.115479,-0.407869479,0.9034541128,0.1319589112,,,,
16536,0.0,783.809753,243.895905,1674.818359,-0.3851968369,0.9125362815,0.1374806598,,,,
16537,0.0,781.71875,242.388794,1674.78186,-0.3687990087,0.9188099505,0.1406256237,,,,
16538,0.0,778.706238,240.435471,1674.734985,-0.354419043,0.9239447231,0.1439211263,,,,
16539,0.0,775.403503,238.417892,1674.851074,-0.3470311065,0.9263770248,0.1462703627,,,,
16540,0.0,773.319885,237.16658,1674.838135,-0.344661206,0.927061805,0.1475298712,,,,
16541,0.0,768.392029,234.389709,1675.286377,-0.3416997794,0.9278641685,0.149363133,,,,
16542,0.0,766.040894,233.083359,1675.121826,-0.3403027865,0.9282600814,0.1500907554,,,,
16543,0.0,759.161926,229.589294,1675.63562,-0.332913297,0.9306342862,0.1519492089,,,,
16544,0.0,757.0026855,228.5537565,1675.706543,-0.3317144794,0.9310045038,0.1522971525,,,,
16545,0.0,754.843445,227.518219,1675.777466,-0.3305156619,0.9313747215,0.1526450961,,,,
16546,0.0,748.070374,225.299866,1675.64978,-0.3289862534,0.9318289049,0.1531761633,,,,
16547,0.0,745.66095,224.841965,1675.591064,-0.328702585,0.9319290011,0.1531761978,,,,
16548,0.0,741.055664,223.880966,1675.249634,-0.3281940055,0.9321082328,0.1531761633,,,,
16549,0.0,737.03125,223.568481,1675.186768,-0.3280927168,0.9321438903,0.1531761633,,,,
16550,0.0,733.842834,223.513351,1675.043213,-0.3280927168,0.9321438903,0.1531761633,,,,
16551,0.0,729.61084,223.362488,1674.751343,-0.3280927168,0.9321438903,0.1531761633,,,,
16552,0.0,727.159363,223.317978,1674.274536,-0.3280927168,0.9321438903,0.1531761633,,,,
16553,0.0,722.536987,223.489166,1673.824463,-0.3280927168,0.9321438903,0.1531761633,,,,
16554,0.0,719.460144,224.072983,1673.665161,-0.3280927168,0.9321438903,0.1531761633,,,,
16555,0.0,715.859985,225.037247,1673.487061,-0.3273087777,0.932419448,0.1531761633,,,,
16556,0.0,713.967834,225.396332,1673.734741,-0.3226728635,0.9340338785,0.1531761633,,,,
16557,0.0,710.493713,226.564133,1674.039917,-0.3152800096,0.9365551658,0.1531761633,,,,
16558,0.0,708.639954,227.360764,1674.57605,-0.3059592644,0.9396414164,0.1531761633,,,,
16559,0.0,706.767761,228.617096,1675.661377,-0.2870824956,0.9455795569,0.1531761806,,,,
16560,0.0,705.636536,229.746765,1676.408081,-0.2700076244,0.9504816306,0.1538848682,,,,
16561,0.0,705.4157105,230.0026855,1676.547058,-0.2656376233,0.9516573836,0.1541568166,,,,
16562,0.0,703.815247,233.336014,1678.324463,-0.1930048275,0.9682817645,0.1586806891,,,,
16563,0.0,703.547974,235.134949,1678.166016,-0.1405603334,0.9769908466,0.1604109668,,,,
16564,0.0,703.689575,236.517868,1677.665161,-0.0683273137,0.9841275363,0.1637814717,,,,
16565,0.0,704.223022,238.908813,1677.555664,0.0494315681,0.9842015881,0.1700110409,,,,
16566,0.0,705.14624,241.776382,1677.6698,0.1660623249,0.969833772,0.1784538005,,,,
16567,0.0,706.29187,243.920868,1677.6875,0.2614994494,0.9469563884,0.1867930311,,,,
16568,0.0,707.314941,245.829483,1677.742432,0.3258353456,0.9256049188,0.1925794951,,,,
16569,0.0,709.176086,248.225006,1677.40332,0.4349201917,0.8770677359,0.2039524783,,,,
16570,0.0,710.970886,249.911942,1677.366821,0.5145419243,0.8306442436,0.2127833376,,,,
16571,0.0,713.139099,251.969208,1677.289917,0.5831782936,0.7817561857,0.220817445,,,,
16572,0.0,714.741455,253.213013,1676.813354,0.6252479428,0.7471071672,0.2256011763,,,,
16573,0.0,717.109802,254.558395,1676.425171,0.685903884,0.6907162783,0.2290128487,,,,
16574,0.0,719.697693,255.785156,1676.117676,0.7410062828,0.630520259,0.2309846138,,,,
16575,0.0,722.233276,256.767334,1676.011353,0.7831058559,0.5766405543,0.232875266,,,,
16576,0.0,724.545227,257.648193,1675.378906,0.7979636998,0.5559442126,0.2327659046,,,,
16577,0.0,726.641724,258.40506,1675.309814,0.8045743978,0.5464867735,0.232405346,,,,
16578,0.0,729.647766,259.345673,1674.859009,0.8070162275,0.5429320363,0.2322705591,,,,
16579,0.0,731.494202,259.747437,1674.475342,0.8070162275,0.5429320363,0.2322705591,,,,
16580,0.0,734.027771,260.260437,1674.462891,0.8070162275,0.5429320363,0.2322705591,,,,
16581,0.0,737.31134,260.734375,1674.312134,0.8070162275,0.5429320363,0.2322705591,,,,
16582,0.0,740.237549,261.071869,1674.34375,0.8070162275,0.5429320363,0.2322705591,,,,
16583,0.0,745.473022,261.347473,1674.470459,0.8070162275,0.5429320363,0.2322705591,,,,
16584,0.0,748.708313,261.646576,1674.811646,0.8070162275,0.5429320363,0.2322705591,,,,
16585,0.0,750.5413515,261.9457245,1674.9185185,0.8070162275,0.5429320363,0.2322705591,,,,
16586,0.0,755.016357,262.747498,1675.082153,0.8070162275,0.5429320363,0.2322705591,,,,
16587,0.0,758.657104,263.712646,1675.255737,0.8070162275,0.5429320363,0.2322705591,,,,
16588,0.0,760.402435,264.253738,1675.4439085,0.8070162275,0.5429320363,0.2322705591,,,,
16589,0.0,764.887634,265.69577,1675.966187,0.8070162275,0.5429320363,0.2322705591,,,,
16590,0.0,768.688232,266.896851,1676.195557,0.8070162275,0.5429320363,0.2322705591,,,,
16591,0.0,771.985901,268.143311,1676.422607,0.8067520813,0.5436369133,0.231538303,,,,
16592,0.0,775.490051,269.456116,1676.510864,0.8200195162,0.5308333384,0.213971867,,,,
16593,0.0,779.219849,270.655029,1676.699951,0.8445563509,0.4972365341,0.1986967523,,,,
16594,0.0,781.946289,271.234802,1676.570435,0.8791946363,0.4367374758,0.190465663,,,,
16595,0.0,785.649597,271.939758,1676.422852,0.9243844622,0.3362282278,0.180177537,,,,
16596,0.0,789.365662,272.56665,1676.522949,0.9581020378,0.2280862648,0.1732545555,,,,
16597,0.0,792.804749,273.255707,1676.95752,0.9739716828,0.1512832076,0.1687973704,,,,
16598,0.0,796.008911,273.768219,1676.57251,0.9841992388,0.0627502414,0.1655725385,,,,
16599,0.0,800.447876,274.227325,1676.849487,0.9852691027,-0.0539343566,0.1622833338,,,,
16600,0.0,804.647095,274.717377,1676.7146,0.977152888,-0.1389645472,0.1608138305,,,,
16601,0.0,807.249268,274.990204,1676.71106,0.97059495,-0.1791774917,0.1607509548,,,,
16602,0.0,811.025757,275.350037,1676.747803,0.9624212547,-0.2188708478,0.1607509893,,,,
16603,0.0,815.191101,275.770355,1676.819458,0.9563597737,-0.2439981613,0.1607509893,,,,
16604,0.0,818.919556,276.018921,1676.80188,0.9548029125,-0.2500210567,0.1607509548,,,,
16605,0.0,822.318848,275.944336,1676.516846,0.9549941449,-0.2492895958,0.1607509893,,,,
16606,0.0,824.521606,275.736511,1676.738525,0.9555443889,-0.2467538343,0.1613922737,,,,
16607,0.0,827.762207,275.205017,1676.55127,0.9570146674,-0.2407840443,0.1616971566,,,,
16608,0.0,830.676392,274.449921,1676.627441,0.9586045054,-0.2340993112,0.1620953878,,,,
16609,0.0,834.139465,273.328491,1676.426147,0.9600294863,-0.2278332511,0.1625896525,,,,
16610,0.0,836.219177,272.564728,1676.189453,0.9615742707,-0.2211834015,0.1626432442,,,,
16611,0.0,839.474854,270.993866,1676.084473,0.9640959726,-0.2099193567,0.162643227,,,,
16612,0.0,842.498901,269.392548,1675.78479,0.9668044796,-0.1970692238,0.162643227,,,,
16613,0.0,844.281006,268.644073,1676.592407,0.9680016297,-0.1911021339,0.162643227,,,,
16614,0.0,847.375122,266.616028,1676.46228,0.9697071985,-0.1822502003,0.1626432097,,,,
16615,0.0,850.027161,264.787201,1676.276733,0.9707716593,-0.1764924127,0.1626432097,,,,
16616,0.0,853.693237,262.219971,1675.993164,0.9720992913,-0.1690270645,0.162643227,,,,
16617,0.0,856.803406,260.003998,1675.793091,0.9732866455,-0.1620503105,0.1626431753,,,,
16618,0.0,859.734192,257.542816,1675.163818,0.9744679162,-0.1547884577,0.1626432097,,,,
16619,0.0,862.13147,255.096817,1674.842407,0.9759431883,-0.1442097313,0.1635189489,,,,
16620,0.0,864.027466,253.062363,1674.660767,0.9770044228,-0.1367514732,0.1635890962,,,,
16621,0.0,866.695923,250.26889,1674.450928,0.9788013443,-0.1232335954,0.1635891478,,,,
16622,0.0,869.371704,247.561188,1674.32373,0.9809370676,-0.104885992,0.1635891134,,,,
16623,0.0,872.019836,244.950317,1674.286377,0.9834176749,-0.0801063974,0.1627041542,,,,
16624,0.0,874.290344,242.712097,1674.354614,0.9852495592,-0.0598834911,0.1603036916,,,,
16625,0.0,878.889832,238.208023,1674.644775,0.987577576,-0.0188043591,0.1560029726,,,,
16626,0.0,881.62738,235.519012,1674.98584,0.9882950952,0.0118233759,0.1520954064,,,,
16627,0.0,882.9454955,234.242172,1675.0966185,0.9882274389,0.0206781986,0.1513272566,,,,
16628,0.0,884.263611,232.965332,1675.207397,0.9881597826,0.0295330213,0.1505591069,,,,
16629,0.0,889.97876,228.17421,1675.791382,0.9876901546,0.0493408507,0.1484373232,,,,
16630,0.0,893.601257,225.730759,1676.165405,0.9877658354,0.0502347007,0.1476317353,,,,
16631,0.0,895.3348385,224.7396165,1676.2526245,0.9877764607,0.0502352411,0.147560425,,,,
16632,0.0,899.380249,222.506485,1676.395264,0.987787086,0.0502357815,0.1474891147,,,,
16633,0.0,902.865356,220.930832,1676.532837,0.987787086,0.0502357815,0.1474891147,,,,
16634,0.0,906.497437,219.490952,1676.63855,0.9878307333,0.0493701179,0.1474890974,,,,
16635,0.0,908.262146,218.8863605,1676.6757205,0.9879009514,0.0479225801,0.147489106,,,,
16636,0.0,912.686768,217.529236,1676.744263,0.9882556587,0.0426685099,0.1467315621,,,,
16637,0.0,916.533813,216.488724,1676.688354,0.9885409096,0.0362306831,0.1465408052,,,,
16638,0.0,918.740417,215.808533,1676.504883,0.9886934095,0.0317984977,0.1465407707,,,,
16639,0.0,922.671204,214.506927,1675.880371,0.9889896156,0.0206237156,0.1465407879,,,,
16640,0.0,925.376831,213.451889,1675.626221,0.9890313286,0.0126292337,0.1471649876,,,,
16641,0.0,928.893921,211.930573,1675.376587,0.9889552863,0.0024018069,0.148194713,,,,
16642,0.0,932.065735,210.378159,1675.318359,0.9885123586,-0.0133644154,0.1505480296,,,,
16643,0.0,935.751221,208.386322,1675.323853,0.9876855933,-0.0326550804,0.15300593,,,,
16644,0.0,939.129028,206.407196,1675.364868,0.9863900116,-0.0519793372,0.1559900429,,,,
16645,0.0,941.406494,204.953796,1675.565796,0.9846393943,-0.0711865878,0.1594293979,,,,
16646,0.0,944.862244,202.670212,1675.932983,0.9825624959,-0.0893191791,0.1630736823,,,,
16647,0.0,948.184448,200.336655,1676.20166,0.980033305,-0.106682441,0.1677902792,,,,
16648,0.0,951.562256,197.929306,1676.422729,0.9788049639,-0.1139772434,0.1701470851,,,,
16649,0.0,953.652893,196.328781,1676.537109,0.9787040211,-0.1147532446,0.1702061454,,,,
16650,0.0,957.240356,193.415955,1676.713257,0.9786644173,-0.1150905141,0.1702061454,,,,
16651,0.0,960.363159,190.82756,1676.713379,0.9786644173,-0.1150905141,0.1702061454,,,,
16652,0.0,963.596436,187.88562,1676.582642,0.9786644173,-0.1150905141,0.1702061454,,,,
16653,0.0,966.367493,185.254501,1676.432617,0.9786644173,-0.1150905141,0.1702061454,,,,
16654,0.0,968.498474,183.112564,1676.256714,0.9786644173,-0.1150905141,0.1702061454,,,,
16655,0.0,971.32666,180.221191,1676.035767,0.9786644173,-0.1150905141,0.1702061454,,,,
16656,0.0,974.245178,177.135925,1675.772705,0.9786644173,-0.1150905141,0.1702061454,,,,
16657,0.0,976.834656,174.306656,1675.515625,0.9786644173,-0.1150905141,0.1702061454,,,,
16658,0.0,979.394714,171.449707,1675.272827,0.9786644173,-0.1150905141,0.1702061454,,,,
16659,0.0,981.059631,169.584763,1675.031128,0.9786644173,-0.1150905141,0.1702061454,,,,
16660,0.0,983.921509,166.422058,1674.733276,0.9786644173,-0.1150905141,0.1702061454,,,,
16661,0.0,986.797363,163.297943,1674.557861,0.9786644173,-0.1150905141,0.1702061454,,,,
16662,0.0,988.71637,161.260483,1674.617065,0.9786644173,-0.1150905141,0.1702061454,,,,
16663,0.0,991.675049,158.152267,1674.872314,0.978665488,-0.1123157611,0.1720436931,,,,
16664,0.0,993.537842,156.110886,1674.893311,0.9788182905,-0.1108962459,0.1720952549,,,,
16665,0.0,996.253052,153.186737,1675.326416,0.9790030092,-0.108008674,0.1728792479,,,,
16666,0.0,1001.321411,147.532196,1676.0,0.9792551969,-0.1025328895,0.1747749009,,,,
16667,0.0,1002.8917235,145.775131,1676.133545,0.9795147458,-0.0980766914,0.1758147292,,,,
16668,0.0,1006.249756,142.079666,1676.250244,0.9802014621,-0.0876468674,0.1775475157,,,,
16669,0.0,1007.879486,140.3871765,1676.1832275,0.9808432678,-0.0782323306,0.1781481971,,,,
16670,0.0,1011.866699,136.137589,1676.032959,0.9823401637,-0.055131873,0.1787967544,,,,
16671,0.0,1014.207214,133.567581,1675.954712,0.983083031,-0.0358928051,0.1796091889,,,,
16672,0.0,1016.3172,131.229263,1675.929443,0.9834105361,-0.0188095772,0.1804159561,,,,
16673,0.0,1019.157532,128.106964,1675.968872,0.9833869747,0.0023574065,0.1815062001,,,,
16674,0.0,1021.836548,125.173302,1676.026611,0.9831819287,0.0191139034,0.1816258619,,,,
16675,0.0,1022.39917,125.291565,1674.949707,0.9828403079,0.0299058953,0.1820180392,,,,
16676,0.0,1024.625244,123.070145,1674.585083,0.9820948532,0.046164275,0.182643256,,,,
16677,0.0,1027.620239,120.023712,1674.401978,0.9811465107,0.0614614672,0.1832321275,,,,
16678,0.0,1031.018555,116.53746,1674.286743,0.9798954524,0.077486905,0.1838496178,,,,
16679,0.0,1033.100342,114.385269,1674.30896,0.9789342633,0.0879674204,0.1842537412,,,,
16680,0.0,1036.524902,111.060928,1674.407593,0.9765676353,0.1108718449,0.184453484,,,,
16681,0.0,1038.978027,108.765739,1674.495361,0.9745363248,0.1274984607,0.1844535012,,,,
16682,0.0,1041.778564,106.248726,1674.626953,0.9717060608,0.147527052,0.1844535183,,,,
16683,0.0,1044.440308,104.028336,1674.837646,0.9684777092,0.167415132,0.1844535183,,,,
16684,0.0,1047.214355,101.775826,1675.04248,0.965938184,0.1814947122,0.1844535012,,,,
16685,0.0,1050.463379,99.160248,1675.203369,0.9626975964,0.1987983783,0.1835552848,,,,
16686,0.0,1053.364014,96.933128,1675.338013,0.9592284534,0.214952185,0.1835111231,,,,
16687,0.0,1056.374756,94.635963,1675.480713,0.955196213,0.2328919185,0.1826514412,,,,
16688,0.0,1059.285278,92.386589,1675.523438,0.9510383624,0.2493887615,0.1825685592,,,,
16689,0.0,1061.997559,90.280083,1675.445801,0.945093717,0.2715947908,0.1817529524,,,,
16690,0.0,1065.492432,87.476822,1675.205322,0.9384788251,0.2942185255,0.1808119301,,,,
16691,0.0,1068.321045,85.314766,1675.056885,0.9320855904,0.3143699885,0.1799665595,,,,
16692,0.0,1071.312134,82.947342,1674.652588,0.9218894528,0.3440015884,0.1782771548,,,,
16693,0.0,1074.345337,80.811195,1674.468506,0.9113094366,0.3720184879,0.1764011209,,,,
16694,0.0,1077.202759,78.837074,1674.227295,0.9002841975,0.3990465988,0.1739257764,,,,
16695,0.0,1081.129639,76.209465,1673.976807,0.8831833026,0.4370485991,0.1702227249,,,,
16696,0.0,1084.154419,74.49852,1673.855591,0.8694162926,0.4648260463,0.1674874827,,,,
16697,0.0,1087.039429,72.925644,1673.691772,0.8559307514,0.4900940592,0.1648950024,,,,
16698,0.0,1090.361694,71.190697,1673.578369,0.8417207621,0.5147889312,0.1627836445,,,,
16699,0.0,1093.317261,69.818069,1673.479248,0.8271111309,0.5389702169,0.159368386,,,,
16700,0.0,1096.769287,68.447411,1673.562378,0.8061203739,0.5707713135,0.1561731425,,,,
16701,0.0,1100.2229,67.108276,1673.718628,0.7908933352,0.592221939,0.154145734,,,,
16702,0.0,1103.562012,65.914139,1673.943481,0.7756529359,0.6127504604,0.1513254649,,,,
16703,0.0,1106.019653,65.046814,1674.047363,0.7645126496,0.6270782317,0.1493094102,,,,
16704,0.0,1109.915894,63.800922,1674.439819,0.7502934537,0.6443924477,0.1477095349,,,,
16705,0.0,1113.844238,62.615879,1674.863892,0.7382274621,0.6585803226,0.1459183774,,,,
16706,0.0,1117.579712,61.572807,1675.087036,0.7284142733,0.6698343248,0.143995221,,,,
16707,0.0,1121.067017,60.724163,1675.133789,0.7208183313,0.6783879912,0.1421642244,,,,
16708,0.0,1125.084106,59.838257,1675.148193,0.7140487638,0.685948471,0.1400323464,,,,
16709,0.0,1128.296021,59.19746,1675.117188,0.7092802239,0.6910664568,0.1390996632,,,,
16710,0.0,1131.93103,58.585033,1674.971436,0.7032248631,0.6974246139,0.1381075658,,,,
16711,0.0,1138.975342,57.615925,1674.514038,0.6943728675,0.7066125068,0.1361803441,,,,
16712,0.0,1142.218506,57.229374,1674.231812,0.6899709477,0.7110824489,0.1352843018,,,,
16713,0.0,1145.527832,56.801483,1673.856934,0.6864986654,0.7146089149,0.1343639877,,,,
16714,0.0,1149.05188,56.398449,1673.586426,0.682461023,0.7186477729,0.1333878952,,,,
16715,0.0,1152.349365,56.074398,1673.415039,0.6791536474,0.7219409872,0.1324822034,,,,
16716,0.0,1156.369751,55.738419,1673.432617,0.6757478179,0.7251630911,0.1323003321,,,,
16717,0.0,1159.754761,55.477642,1673.476074,0.6731633988,0.7277266182,0.1313963761,,,,
16718,0.0,1163.138428,55.291176,1673.653931,0.6704702213,0.7302170032,0.1313499548,,,,
16719,0.0,1166.723633,55.152111,1673.90979,0.6676759312,0.7327728435,0.1313499548,,,,
16720,0.0,1170.329224,55.058472,1674.146362,0.6643548389,0.7359364591,0.1304997171,,,,
16721,0.0,1174.37854,54.989399,1674.432739,0.6598449498,0.7400004185,0.1303994741,,,,
16722,0.0,1176.346924,54.956593,1674.501343,0.6574064797,0.7422231193,0.1300829032,,,,
16723,0.0,1181.900146,54.956238,1675.191772,0.6528259817,0.7463624533,0.1294655397,,,,
16724,0.0,1184.970093,54.91777,1675.353638,0.6506135024,0.7482947768,0.1294488217,,,,
16725,0.0,1192.254517,50.61219,1676.701294,0.6476377201,0.7508717477,0.129448839,,,,
16726,0.0,1196.162476,50.671528,1676.701294,0.6440747208,0.7539302037,0.129448839,,,,
16727,0.0,1200.207397,50.764977,1676.701294,0.6401908476,0.757230927,0.129448839,,,,
16728,0.0,1204.088623,50.887981,1676.701294,0.6351847176,0.7615807346,0.1285891102,,,,
16729,0.0,1206.920166,50.998669,1676.701294,0.6307883211,0.7652413552,0.1284981021,,,,
16730,0.0,1210.974609,51.180321,1676.701294,0.6260482928,0.7691240267,0.1284981194,,,,
16731,0.0,1215.548096,51.432968,1676.701294,0.6172904038,0.7763219207,0.1275806915,,,,
16732,0.0,1219.265137,51.666683,1676.701294,0.6112767489,0.7810713386,0.1275472472,,,,
16733,0.0,1222.696289,51.911751,1676.701294,0.6044114026,0.7863959256,0.1275472645,,,,
16734,0.0,1226.197998,52.190235,1676.701294,0.5966482579,0.7923020584,0.1275472645,,,,
16735,0.0,1229.749756,52.506649,1676.701294,0.5867632401,0.7996502957,0.1275472645,,,,
16736,0.0,1233.464722,52.867172,1676.701294,0.5771412072,0.8066224162,0.1275472645,,,,
16737,0.0,1237.848877,53.333912,1676.701294,0.5659911361,0.8144849471,0.1275472645,,,,
16738,0.0,1241.60376,53.76791,1676.701294,0.5580846446,0.8200691998,0.1266018844,,,,
16739,0.0,1245.115723,54.206127,1676.701294,0.5505992712,0.8251144292,0.1265962923,,,,
16740,0.0,1248.76123,54.688213,1676.701294,0.5442762436,0.8292989479,0.1265963096,,,,
16741,0.0,1252.338257,55.198429,1676.701294,0.5366692872,0.8342418444,0.1265962923,,,,
16742,0.0,1255.995483,55.753155,1676.701294,0.5287094167,0.8393090798,0.1265962923,,,,
16743,0.0,1260.027954,56.403061,1676.701294,0.5198634951,0.844816738,0.1265963096,,,,
16744,0.0,1263.669678,57.034199,1676.701294,0.5093576924,0.8511921757,0.1265962923,,,,
16745,0.0,1266.255005,57.500423,1676.701294,0.5035300538,0.8547488046,0.125944297,,,,
16746,0.0,1270.889771,58.374977,1676.701294,0.4939141359,0.8603848585,0.1256452211,,,,
16747,0.0,1273.853027,58.969105,1676.701294,0.4866076761,0.8645381678,0.1256452384,,,,
16748,0.0,1281.00415,60.507828,1676.701294,0.4665032628,0.8756860784,0.124694017,,,,
16749,0.0,1282.945129,60.9647445,1676.701294,0.458479204,0.8799222255,0.1243029089,,,,
16750,0.0,1284.886108,61.421661,1676.701294,0.4504551452,0.8841583726,0.1239118008,,,,
16751,0.0,1292.119751,63.230843,1676.701294,0.4262582283,0.896338273,0.1219902584,,,,
16752,0.0,1293.973999,63.721611,1676.701294,0.4219879927,0.8984102572,0.121500518,,,,
16753,0.0,1295.828247,64.212379,1676.701294,0.4177177571,0.9004822414,0.1210107775,,,,
16754,0.0,1302.131836,66.019653,1676.701294,0.3923833803,0.9119487726,0.1199363124,,,,
16755,0.0,1306.064819,67.211014,1676.701294,0.3794456972,0.9175025678,0.1192057087,,,,
16756,0.0,1310.072998,68.48365,1676.701294,0.3655526275,0.9232651494,0.1181217187,,,,
16757,0.0,1311.9198,69.0979615,1676.701294,0.3585564197,0.9259798992,0.1180770996,,,,
16758,0.0,1316.311768,70.582504,1676.701294,0.3449786025,0.9312420502,0.1173797586,,,,
16759,0.0,1320.206421,71.981529,1676.701294,0.3275809903,0.9375408698,0.1170803666,,,,
16760,0.0,1324.044922,73.421539,1676.701294,0.3099224413,0.9435254443,0.1170803839,,,,
16761,0.0,1326.619995,74.421928,1676.701294,0.2989190592,0.9471494099,0.1164276229,,,,
16762,0.0,1331.044556,76.198334,1676.701294,0.2827614732,0.9521345468,0.1161281798,,,,
16763,0.0,1333.904419,77.391632,1676.701294,0.2735700552,0.9548160403,0.1161281798,,,,
16764,0.0,1337.098389,78.77124,1676.701294,0.2611086904,0.9582987497,0.1161281971,,,,
16765,0.0,1340.2323,80.160172,1676.701294,0.2521286551,0.9607004669,0.1161281798,,,,
16766,0.0,1344.648926,82.176476,1676.701294,0.2440998086,0.9628830664,0.1152019266,,,,
16767,0.0,1347.36853,83.451767,1676.701294,0.2418224858,0.9634606399,0.1151758689,,,,
16768,0.0,1351.060791,85.227341,1676.701294,0.2380450229,0.9644976269,0.1143629959,,,,
16769,0.0,1354.172119,86.745277,1676.701294,0.2341123258,0.9655799653,0.1133435021,,,,
16770,0.0,1356.462769,87.883293,1676.701294,0.2324721488,0.965984675,0.1132709478,,,,
16771,0.0,1359.899902,89.625847,1676.701294,0.231122612,0.9664142393,0.1123648354,,,,
16772,0.0,1362.062866,90.737984,1676.701294,0.2304286514,0.9666648821,0.1116317264,,,,
16773,0.0,1365.305908,92.374405,1676.701294,0.2293568726,0.9669504257,0.1113656103,,,,
16774,0.0,1368.162598,93.838264,1676.701294,0.2292499925,0.966975771,0.1113656103,,,,
16775,0.0,1370.015381,94.799736,1676.701294,0.2292499925,0.966975771,0.1113656103,,,,
16776,0.0,1373.438965,96.603386,1676.701294,0.2292499925,0.966975771,0.1113656103,,,,
16777,0.0,1376.533447,98.258904,1676.701294,0.2292499925,0.966975771,0.1113656103,,,,
16778,0.0,1378.594604,99.374771,1676.701294,0.2292499925,0.966975771,0.1113656103,,,,
16779,0.0,1381.676514,101.240654,1676.701294,0.2292499925,0.966975771,0.1113656103,,,,
16780,0.0,1384.195923,103.046097,1676.701294,0.2276130191,0.9674601426,0.1105132844,,,,
16781,0.0,1386.020386,104.523537,1676.701294,0.2254642948,0.9680489141,0.1097595175,,,,
16782,0.0,1388.290894,106.630493,1676.701294,0.2177217332,0.9700906445,0.1073377303,,,,
16783,0.0,1390.556763,108.980545,1676.701294,0.2105653401,0.9719290212,0.1049581603,,,,
16784,0.0,1392.494751,111.232391,1676.701294,0.2032448848,0.9736942192,0.1030101177,,,,
16785,0.0,1394.217896,113.452599,1676.701294,0.1953095728,0.9757590151,0.098734569,,,,
16786,0.0,1395.901123,115.788528,1676.701294,0.1894107248,0.9773168004,0.094738846,,,,
16787,0.0,1397.644897,118.425407,1676.701294,0.1834096669,0.978934324,0.0897133405,,,,
16788,0.0,1399.168701,120.938828,1676.701294,0.177852497,0.9804613353,0.0840479584,,,,
16789,0.0,1400.257812,122.853912,1676.701294,0.1743238359,0.9814528247,0.0797593447,,,,
16790,0.0,1401.95752,125.713089,1676.701294,0.1698447312,0.9826842027,0.0740575796,,,,
16791,0.0,1403.645508,128.291336,1676.701294,0.1659799994,0.9837065539,0.0690800665,,,,
16792,0.0,1405.42041,130.791428,1676.701294,0.1637736116,0.9843555867,0.0649790978,,,,
16793,0.0,1407.379272,133.377869,1676.701294,0.1617656957,0.9849530154,0.0608228349,,,,
16794,0.0,1410.534912,137.414078,1676.701294,0.1601489185,0.985455243,0.0568356215,,,,
16795,0.0,1411.697693,139.0111545,1676.701294,0.1590786403,0.9856818758,0.0558849279,,,,
16796,0.0,1414.275269,142.441177,1676.701294,0.157273075,0.9861050233,0.0534982506,,,,
16797,0.0,1415.363831,143.805603,1676.701294,0.1554837693,0.9864454601,0.0523987137,,,,
16798,0.0,1418.206543,147.277359,1676.701294,0.1502325363,0.9874067779,0.0495786251,,,,
16799,0.0,1420.345093,149.781235,1676.701294,0.1437131055,0.9885171539,0.0466945356,,,,
16800,0.0,1422.610229,152.344009,1676.701294,0.1363487675,0.9897460843,0.0425640953,,,,
16801,0.0,1424.095093,153.974503,1676.701294,0.1316102381,0.9904745434,0.0404836265,,,,
16802,0.0,1426.36438,156.464996,1676.701294,0.1217996178,0.9919412124,0.0348924673,,,,
16803,0.0,1428.376343,158.563492,1676.701294,0.1127451599,0.9931788192,0.0297382246,,,,
16804,0.0,1430.468384,160.609314,1676.701294,0.1022912097,0.994455117,0.0244034586,,,,
16805,0.0,1431.774536,161.794937,1676.701294,0.0968286213,0.99506687,0.0215903315,,,,
16806,0.0,1433.800537,163.526199,1676.701294,0.088157177,0.99595805,0.0172010121,,,,
16807,0.0,1435.734009,165.013062,1676.701294,0.0840691472,0.996364296,0.0138046447,,,,
16808,0.0,1436.963135,165.881821,1676.701294,0.0825897577,0.9965075009,0.012317978,,,,
16809,0.0,1438.944458,167.161911,1676.701294,0.0819702647,0.99656614,0.0116963365,,,,
16810,0.0,1439.989258,167.778763,1676.701294,0.081970979,0.9965731209,0.0110803102,,,,
16811,0.0,1441.663452,168.683395,1676.701294,0.0819711463,0.996576858,0.0107376526,,,,
16812,0.0,1442.974609,169.315414,1676.701294,0.0819711463,0.996576858,0.0107376526,,,,
16813,0.0,1443.759033,169.658707,1675.90332,0.0819711463,0.996576858,0.0107376526,,,,
16814,0.0,1444.882202,170.096878,1674.348877,0.0819711463,0.996576858,0.0107376526,,,,
16815,0.0,1445.922119,170.444885,1672.890381,0.0819711463,0.996576858,0.0107376526,,,,
16816,0.0,1447.057617,170.769333,1671.327637,0.0819711463,0.996576858,0.0107376526,,,,
16817,0.0,1448.16626,171.032578,1669.827881,0.0828949866,0.9965004385,0.0107376526,,,,
16818,0.0,1448.911987,171.188385,1668.819946,0.0829265708,0.9964978107,0.0107376526,,,,
16819,0.0,1450.178101,171.415665,1667.117065,0.0829265708,0.9964978107,0.0107376526,,,,
16820,0.0,1450.978394,171.537094,1666.045898,0.0829265708,0.9964978107,0.0107376526,,,,
16821,0.0,1452.283813,171.702103,1664.304565,0.0829265708,0.9964978107,0.0107376526,,,,
16822,0.0,1453.404541,171.815781,1663.03125,0.0829265708,0.9964978107,0.0107376526,,,,
16823,0.0,1454.516968,171.901352,1663.03125,0.0838799191,0.9964180157,0.0107376526,,,,
16824,0.0,1455.300659,171.945129,1663.03125,0.0852708292,0.9963072125,0.0100411119,,,,
16825,0.0,1456.571899,171.994888,1663.03125,0.0883738879,0.9960474712,0.0089157742,,,,
16826,0.0,1457.571533,172.026291,1663.03125,0.092091474,0.9957252555,0.0070976011,,,,
16827,0.0,1458.511475,172.035446,1663.03125,0.1002474094,0.9949532402,0.0043019441,,,,
16828,0.0,1459.397461,172.041824,1663.03125,0.1085040939,0.9940952493,0.0012235104,,,,
16829,0.0,1460.137695,172.038116,1663.03125,0.1172037482,0.9931065877,-0.0016084075,,,,
16830,0.0,1460.629761,172.03093,1663.03125,0.1263542522,0.9919752184,-0.0044462465,,,,
16831,0.0,1461.213013,172.016968,1663.03125,0.13875282,0.990292297,-0.0082958737,,,,
16832,0.0,1461.629639,172.009933,1663.03125,0.1518035343,0.9883429151,-0.0115745033,,,,
16833,0.0,1461.795532,172.009979,1663.03125,0.163685731,0.9864055375,-0.0145291803,,,,
16834,0.0,1461.747314,171.987061,1663.03125,0.1697298541,0.9853629884,-0.015860573,,,,
16835,0.0,1461.611572,171.972214,1663.03125,0.1704677025,0.985233188,-0.0160102335,,,,
16836,0.0,1461.330688,172.020782,1663.03125,0.1704651734,0.9852192876,-0.0168695,,,,
16837,0.0,1461.171997,172.048233,1663.03125,0.1704650072,0.9852176102,-0.0169688473,,,,
16838,0.0,1461.083374,172.063553,1663.03125,0.1704650072,0.9852176102,-0.0169688473,,,,
16839,0.0,1460.851807,172.103577,1663.03125,0.1704650072,0.9852176102,-0.0169688473,,,,
16840,0.0,1460.725342,172.125458,1663.03125,0.170463627,0.9852096328,-0.017433174,,,,
16841,0.0,1460.598877,172.147339,1663.03125,0.1704622467,0.9852016555,-0.0178975006,,,,
16842,0.0,1460.148926,172.230133,1663.03125,0.1685943351,0.9854857414,-0.0198444872,,,,
16843,0.0,1459.968872,172.26149,1663.03125,0.1685666427,0.9854904768,-0.0198445744,,,,
16844,0.0,1459.697632,172.307861,1663.03125,0.1685666427,0.9854904768,-0.0198445744,,,,
16845,0.0,1459.447144,172.350784,1663.03125,0.1685666427,0.9854904768,-0.0198445744,,,,
16846,0.0,1459.208008,172.387314,1663.03125,0.1699409101,0.9852401104,-0.0205429302,,,,
16847,0.0,1458.90625,172.430145,1663.03125,0.1729338415,0.9846956006,-0.0216439529,,,,
16848,0.0,1458.693115,172.449127,1663.03125,0.1790109004,0.9835730827,-0.0232182799,,,,
16849,0.0,1458.428589,172.473785,1663.03125,0.1902780326,0.9813777098,-0.0263070527,,,,
16850,0.0,1458.213989,172.502762,1663.03125,0.2032309181,0.9787213779,-0.0283135719,,,,
16851,0.0,1458.028442,172.531494,1663.03125,0.2152461387,0.9760767984,-0.0307112895,,,,
16852,0.0,1457.769043,172.564102,1663.03125,0.2247235269,0.9738945629,-0.0320736151,,,,
16853,0.0,1457.394287,172.607544,1663.03125,0.2322664989,0.9720841768,-0.0332359252,,,,
16854,0.0,1457.088989,172.645432,1663.03125,0.2374499813,0.9707693439,-0.0349912449,,,,
16855,0.0,1456.782227,172.688354,1663.03125,0.2433775647,0.9692643483,-0.0359719907,,,,
16856,0.0,1456.463867,172.736084,1663.03125,0.2494249109,0.9676922187,-0.036864396,,,,
16857,0.0,1456.227295,172.756363,1663.03125,0.2571561045,0.9656221538,-0.0380078143,,,,
16858,0.0,1456.033813,172.77272,1663.03125,0.260004297,0.9648222078,-0.0389342119,,,,
16859,0.0,1455.805664,172.832016,1663.03125,0.2602164241,0.9647252723,-0.0399069126,,,,
16860,0.0,1455.630615,172.878387,1663.03125,0.2602157807,0.9647228872,-0.0399687177,,,,
16861,0.0,1455.313232,172.970383,1663.03125,0.2577344413,0.9653530567,-0.0408219754,,,,
16862,0.0,1455.089111,173.035477,1663.03125,0.2560993827,0.9657544077,-0.0416116586,,,,
16863,0.0,1454.791138,173.118149,1663.03125,0.2548274337,0.9660458634,-0.0426423371,,,,
16864,0.0,1454.483154,173.200562,1663.03125,0.2546316522,0.966088632,-0.0428424655,,,,
16865,0.0,1454.178345,173.281067,1663.03125,0.2546316522,0.966088632,-0.0428424655,,,,
16866,0.0,1454.013184,173.322891,1663.03125,0.2706886362,0.9618890244,-0.0386932415,,,,
16867,0.0,1453.703491,173.358414,1663.03125,0.2709428002,0.9618201044,-0.0386275267,,,,
16868,0.0,1453.407227,173.439728,1663.03125,0.2709428002,0.9618201044,-0.0386275267,,,,
16869,0.0,1453.3682255,173.4505615,1663.03125,0.2709428002,0.9618201044,-0.0386275267,,,,
16870,0.0,1453.329224,173.461395,1663.03125,0.2829583497,0.9585351482,-0.0338369924,,,,
16871,0.0,1452.748413,173.618668,1663.03125,0.2723533346,0.9614317629,-0.038374816,,,,
16872,0.0,1452.213623,173.743469,1663.03125,0.2808153673,0.95912808,-0.0348719896,,,,
16873,0.0,1451.590698,173.922516,1663.03125,0.2811198672,0.9590759502,-0.0338369924,,,,
16874,0.0,1451.245361,174.018143,1663.03125,0.2825851255,0.9586452482,-0.0338368877,,,,
16875,0.0,1450.92334,174.10144,1663.03125,0.2858144872,0.9576873936,-0.0338368877,,,,
16876,0.0,1450.552734,174.197617,1663.03125,0.2900126706,0.9564544392,-0.0329781243,,,,
16877,0.0,1450.202881,174.295532,1663.03125,0.2920428231,0.9558399252,-0.0328789736,,,,
16878,0.0,1449.844116,174.400208,1663.03125,0.2930493186,0.9555604388,-0.0320366157,,,,
16879,0.0,1449.495483,174.505386,1663.03125,0.2931613456,0.9555299594,-0.0319205583,,,,
16880,0.0,1449.12439,174.618011,1663.03125,0.2931613456,0.9555299594,-0.0319205583,,,,
16881,0.0,1448.887146,174.690231,1663.03125,0.2931613456,0.9555299594,-0.0319205583,,,,
16882,0.0,1448.388916,174.842072,1663.03125,0.2931613456,0.9555299594,-0.0319205583,,,,
16883,0.0,1447.934692,174.980804,1663.03125,0.2931613456,0.9555299594,-0.0319205583,,,,
16884,0.0,1447.514404,175.104218,1663.03125,0.2946823414,0.9550881221,-0.0311287122,,,,
16885,0.0,1447.147583,175.211502,1663.03125,0.2963637719,0.9545958687,-0.0302529697,,,,
16886,0.0,1446.819458,175.304642,1663.03125,0.2987929546,0.9538673025,-0.0293247271,,,,
16887,0.0,1446.242554,175.472519,1663.03125,0.3022735873,0.952806591,-0.0281118922,,,,
16888,0.0,1445.830322,175.592606,1663.03125,0.3050051312,0.9519633716,-0.0271589575,,,,
16889,0.0,1445.560181,175.668335,1663.03125,0.3079909691,0.9510195708,-0.0265205367,,,,
16890,0.0,1445.077881,175.813797,1663.03125,0.310349198,0.9502623239,-0.026170423,,,,
16891,0.0,1444.628296,175.957382,1663.03125,0.3105696225,0.9501903026,-0.0261705626,,,,
16892,0.0,1444.145386,176.107697,1663.03125,0.312102451,0.9497097154,-0.0253676288,,,,
16893,0.0,1443.671875,176.249023,1663.03125,0.3157326266,0.9485131775,-0.0252123093,,,,
16894,0.0,1443.233032,176.385956,1663.03125,0.3176359924,0.9478774793,-0.0252123093,,,,
16895,0.0,1442.743896,176.54306,1663.03125,0.3187007372,0.9475431181,-0.0243285713,,,,
16896,0.0,1442.240112,176.709808,1663.03125,0.3187722137,0.9475209938,-0.0242537013,,,,
16897,0.0,1441.736816,176.876831,1663.03125,0.3187722137,0.9475209938,-0.0242537013,,,,
16898,0.0,1441.380127,176.995499,1663.03125,0.3187722137,0.9475209938,-0.0242537013,,,,
16899,0.0,1440.830078,177.178833,1663.03125,0.3187722137,0.9475209938,-0.0242537013,,,,
16900,0.0,1440.343384,177.341431,1663.03125,0.3187722137,0.9475209938,-0.0242537013,,,,
16901,0.0,1439.821655,177.515915,1663.03125,0.3187722137,0.9475209938,-0.0242537013,,,,
16902,0.0,1439.348267,177.678802,1663.03125,0.3172379163,0.9480562227,-0.0234414816,,,,
16903,0.0,1438.988647,177.810455,1663.03125,0.3139036781,0.9492073307,-0.0216777346,,,,
16904,0.0,1438.683105,177.929001,1663.03125,0.3089009768,0.9508941571,-0.0195061159,,,,
16905,0.0,1438.543823,177.992554,1663.03125,0.303744364,0.9525934377,-0.017467222,,,,
16906,0.0,1438.431274,178.051071,1663.03125,0.2970771422,0.9547351017,-0.0150352006,,,,
16907,0.0,1438.448242,178.068527,1663.03125,0.2882935918,0.9574540103,-0.0129854955,,,,
16908,0.0,1438.498169,178.074326,1663.03125,0.2791668479,0.9601876521,-0.0102734556,,,,
16909,0.0,1438.584595,178.079834,1663.03125,0.2703581336,0.9627274178,-0.007899278,,,,
16910,0.0,1438.628052,178.080185,1663.03125,0.263546622,0.9646240587,-0.0066032831,,,,
16911,0.0,1438.716064,178.079407,1663.03125,0.2543011799,0.9671106437,-0.0052832441,,,,
16912,0.0,1438.916626,178.070435,1663.03125,0.2507920999,0.968028133,-0.0049856171,,,,
16913,0.0,1439.091431,178.025635,1663.03125,0.250781152,0.9680309702,-0.0049854251,,,,
16914,0.0,1439.286865,177.974945,1663.03125,0.250781152,0.9680309702,-0.0049854251,,,,
16915,0.0,1439.651489,177.880463,1663.03125,0.250781152,0.9680309702,-0.0049854251,,,,
16916,0.0,1439.89978,177.816116,1663.03125,0.250781152,0.9680309702,-0.0049854251,,,,
16917,0.0,1440.0479735,177.7777405,1663.03125,0.250781152,0.9680309702,-0.0049854251,,,,
16918,0.0,1440.196167,177.739365,1663.03125,0.250781152,0.9680309702,-0.0049854251,,,,
16919,0.0,1440.642212,177.623825,1663.03125,0.250781152,0.9680309702,-0.0049854251,,,,
16920,0.0,1440.7678225,177.591316,1663.03125,0.250781152,0.9680309702,-0.0049854251,,,,
16921,0.0,1440.893433,177.558807,1663.03125,0.250781152,0.9680309702,-0.0049854251,,,,
16922,0.0,1440.96936,177.539078,1663.03125,0.250781152,0.9680309702,-0.0049854251,,,,
16923,0.0,1440.969971,177.538925,1663.03125,0.250781152,0.9680309702,-0.0049854251,,,,
16924,0.0,1440.969971,177.538925,1663.03125,0.250781152,0.9680309702,-0.0049854251,,,,
16925,0.0,1440.969971,177.538925,1663.03125,0.250781152,0.9680309702,-0.0049854251,,,,
16926,0.0,1440.969971,177.538925,1663.03125,0.250781152,0.9680309702,-0.0049854251,,,,
16927,0.0,1440.969971,177.538925,1663.03125,0.250781152,0.9680309702,-0.0049854251,,,,
16928,0.0,1440.970093,177.538925,1663.03125,0.250781152,0.9680309702,-0.0049854251,,,,
16929,0.0,1440.969971,177.538925,1663.03125,0.250781152,0.9680309702,-0.0049854251,,,,
16930,0.0,1440.969971,177.538925,1663.03125,0.250781152,0.9680309702,-0.0049854251,,,,
16931,0.0,1440.969971,177.538925,1663.03125,0.250781152,0.9680309702,-0.0049854251,,,,
16932,0.0,1440.969971,177.538925,1663.03125,0.250781152,0.9680309702,-0.0049854251,,,,
16933,0.0,1440.969971,177.538925,1663.03125,0.250781152,0.9680309702,-0.0049854251,,,,
16934,0.0,1440.969971,177.53891,1663.03125,0.250781152,0.9680309702,-0.0049854251,,,,
16935,0.0,1440.969971,177.538925,1663.03125,0.250781152,0.9680309702,-0.0049854251,,,,
16936,0.0,1440.969971,177.538925,1663.03125,0.250781152,0.9680309702,-0.0049854251,,,,
16937,0.0,1440.969971,177.538925,1663.03125,0.250781152,0.9680309702,-0.0049854251,,,,
16938,0.0,1440.970093,177.538925,1663.03125,0.250781152,0.9680309702,-0.0049854251,,,,
16939,0.0,1440.969971,177.538925,1663.03125,0.250781152,0.9680309702,-0.0049854251,,,,
16940,0.0,1440.969971,177.538925,1663.03125,0.250781152,0.9680309702,-0.0049854251,,,,
16941,0.0,1440.969971,177.538925,1663.03125,0.250781152,0.9680309702,-0.0049854251,,,,
16942,0.0,1440.969971,177.538925,1663.03125,0.250781152,0.9680309702,-0.0049854251,,,,
16943,0.0,1440.969971,177.538925,1663.03125,0.250781152,0.9680309702,-0.0049854251,,,,
16944,0.0,1440.969971,177.53894,1663.03125,0.250781152,0.9680309702,-0.0049854251,,,,
16945,0.0,1440.969971,177.538925,1663.03125,0.250781152,0.9680309702,-0.0049854251,,,,
16946,0.0,1440.969971,177.538925,1663.03125,0.250781152,0.9680309702,-0.0049854251,,,,
16947,0.0,1440.969971,177.53891,1663.03125,0.250781152,0.9680309702,-0.0049854251,,,,
16948,0.0,1440.969971,177.538925,1663.03125,0.250781152,0.9680309702,-0.0049854251,,,,
16949,0.0,1440.969971,177.538925,1663.03125,0.250781152,0.9680309702,-0.0049854251,,,,
16950,0.0,1440.406372,180.183304,1659.763062,0.250781152,0.9680309702,-0.0049854251,,,,
16951,0.0,1440.460205,180.159271,1659.796387,0.250781152,0.9680309702,-0.0049854251,,,,
16952,0.0,1440.483154,180.148911,1659.811035,0.250781152,0.9680309702,-0.0049854251,,,,
16953,0.0,1440.548218,180.119232,1659.862061,0.250781152,0.9680309702,-0.0049854251,,,,
16954,0.0,1440.562744,180.112579,1659.873413,0.250781152,0.9680309702,-0.0049854251,,,,
16955,0.0,1440.608154,180.091461,1659.913818,0.250781152,0.9680309702,-0.0049854251,,,,
16956,0.0,1440.639526,180.076645,1659.944092,0.250781152,0.9680309702,-0.0049854251,,,,
16957,0.0,1440.65625,180.068832,1659.969482,0.250781152,0.9680309702,-0.0049854251,,,,
16958,0.0,1440.634888,180.078857,1659.997681,0.250781152,0.9680309702,-0.0049854251,,,,
16959,0.0,1440.598145,180.096069,1660.027466,0.250781152,0.9680309702,-0.0049854251,,,,
16960,0.0,1440.493042,180.14447,1660.0448,0.250781152,0.9680309702,-0.0049854251,,,,
16961,0.0,1440.237061,180.256607,1660.05603,0.250781152,0.9680309702,-0.0049854251,,,,
16962,0.0,1440.153992,180.2909775,1660.056152,0.250781152,0.9680309702,-0.0049854251,,,,
16963,0.0,1439.94519,180.375229,1659.759155,0.250781152,0.9680309702,-0.0049854251,,,,
16964,0.0,1439.780029,180.43808,1659.471313,0.250781152,0.9680309702,-0.0049854251,,,,
16965,0.0,1439.7024535,180.466225,1659.379089,0.250781152,0.9680309702,-0.0049854251,,,,
16966,0.0,1439.448608,180.55513,1659.25,0.2514951292,0.967836973,-0.0064648116,,,,
16967,0.0,1439.118347,180.654518,1659.248047,0.2515998145,0.9678046638,-0.0071539634,,,,
16968,0.0,1438.880981,180.728668,1659.237427,0.2524493221,0.9675716046,-0.0086330592,,,,
16969,0.0,1438.661865,180.786774,1659.281128,0.2534580218,0.9672979725,-0.0096779963,,,,
16970,0.0,1438.828735,180.742935,1660.096558,0.2550690157,0.9668562546,-0.0113481316,,,,
16971,0.0,1438.653687,180.788864,1659.883301,0.2576556724,0.9661409174,-0.0136118388,,,,
16972,0.0,1438.556152,180.813126,1659.791138,0.2592873275,0.9656837165,-0.01500138,,,,
16973,0.0,1438.437866,180.841263,1659.735474,0.260708373,0.9652833009,-0.0161025844,,,,
16974,0.0,1438.053101,180.923355,1659.783325,0.2627893156,0.9646937252,-0.0175440047,,,,
16975,0.0,1438.017578,180.930237,1659.797974,0.2634850208,0.9644904906,-0.0182684794,,,,
17111,0.0,229.222656,2222.89624,1751.701294,-0.0,-1.0,0.0,,,,
17112,0.0,229.271713,2222.917969,1751.701294,-0.0,-1.0,0.0,,,,
17113,0.0,229.115158,2222.980713,1751.701294,0.7376781172,-0.6751448965,0.0032193415,0.0093632763,291.3338927689,2133.9345075668,3.0
17114,0.0,229.252594,2223.188721,1751.701294,0.976903212,0.2134512842,0.0099329592,,,,
17115,0.0,234.786407,2228.944336,1751.701294,0.3512503349,0.9361704033,0.0144283806,,,,
17116,0.0,235.329651,2230.515381,1751.701294,0.3166511243,0.9484315991,0.014476442,,,,
17117,0.0,235.66713,2231.556152,1751.701294,0.3162295313,0.9485722514,0.014476442,,,,
17118,0.0,229.251984,2235.269043,1728.067139,0.3157639302,0.9487273439,0.014476442,,,,
17119,0.0,229.78949,2236.88623,1735.091553,0.314906771,0.9490122013,0.014476442,,,,
17120,0.0,230.333817,2238.530518,1741.931396,0.313267935,0.9495544395,0.014476442,,,,
17121,0.0,230.975296,2240.470459,1749.338867,0.3122111889,0.9499024193,0.014476442,,,,
17122,0.0,231.616959,2242.409668,1751.701294,0.3121010199,0.9499386222,0.014476442,,,,
17123,0.0,232.319855,2244.534668,1751.701294,0.3121010199,0.9499386222,0.014476442,,,,
17124,0.0,233.671234,2248.625977,1751.701294,0.3121010199,0.9499386222,0.014476442,,,,
17125,0.0,234.124359,2250.000977,1751.701294,0.3119045056,0.9500031416,0.014476442,,,,
17126,0.0,235.464188,2254.069092,1751.701294,0.3112907298,0.9502044591,0.014476442,,,,
17127,0.0,236.387711,2256.874023,1751.701294,0.3111901449,0.9502374052,0.014476442,,,,
17128,0.0,237.272095,2259.561523,1751.701294,0.3111901449,0.9502374052,0.014476442,,,,
17129,0.0,236.287186,2251.065186,1751.701294,0.0166471762,-0.999861426,2.01236e-05,,,,
17130,0.0,236.711487,2252.549805,1751.701294,1.06465e-05,-0.9999999999,0.0,,,,
17131,0.0,237.312607,2253.803223,1751.701294,-0.0,-1.0,0.0,,,,
17132,0.0,237.841995,2254.619385,1751.701294,-0.0,-1.0,0.0,,,,
17133,0.0,238.328873,2255.077881,1751.701294,-0.0,-1.0,0.0,,,,
17134,0.0,238.758896,2255.187012,1751.701294,-0.0,-1.0,0.0,,,,
17135,0.0,239.091629,2254.964111,1751.701294,-0.0,-1.0,0.0,,,,
17136,0.0,239.309998,2254.536133,1751.701294,-0.0,-1.0,0.0,,,,
17137,0.0,239.507889,2253.784424,1751.701294,-0.0,-1.0,0.0,,,,
17138,0.0,239.611938,2252.998047,1751.701294,-0.0,-1.0,0.0,,,,
17139,0.0,239.755264,2251.844971,1751.701294,-0.0,-1.0,0.0,,,,
17140,0.0,239.855392,2250.677734,1751.701294,-0.0,-1.0,0.0,,,,
17141,0.0,239.94664,2248.968994,1751.701294,-0.0,-1.0,0.0,,,,
17142,0.0,240.012787,2247.369385,1751.701294,-0.0,-1.0,0.0,,,,
17143,0.0,240.071442,2245.450439,1751.701294,-0.0,-1.0,0.0,,,,
17144,0.0,240.105011,2244.021973,1751.701294,-0.0,-1.0,0.0,,,,
17145,0.0,240.142807,2241.884033,1751.701294,-0.0,-1.0,0.0,,,,
17146,0.0,240.168808,2239.695312,1751.701294,-0.0,-1.0,0.0,,,,
17147,0.0,240.189255,2236.891602,1751.701294,-0.0,-1.0,0.0,,,,
17148,0.0,240.180588,2234.744873,1751.701294,-0.0,-1.0,0.0,,,,
17149,0.0,240.188324,2231.897949,1751.701294,-0.0,-1.0,0.0,,,,
17150,0.0,240.180496,2229.916992,1751.701294,-0.0,-1.0,0.0,,,,
17151,0.0,240.155075,2226.75293,1751.701294,-0.0,-1.0,0.0,,,,
17152,0.0,238.293289,2222.54834,1751.701294,-0.0,-1.0,0.0,,,,
17153,0.0,238.43187,2220.262451,1751.698975,-0.0,-1.0,0.0,,,,
17154,0.0,238.703781,2217.663818,1751.691528,-0.0,-1.0,0.0,,,,
17155,0.0,239.160538,2214.565674,1751.687256,-0.0,-1.0,0.0,,,,
17156,0.0,239.520218,2212.489014,1751.693604,-0.0,-1.0,0.0,,,,
17157,0.0,239.925446,2210.290527,1751.751221,-0.0,-1.0,0.0,,,,
17158,0.0,240.684753,2206.881348,1751.801025,-0.0,-1.0,0.0,,,,
17159,0.0,241.34613,2204.677979,1751.907471,-0.0,-1.0,0.0,,,,
17160,0.0,242.045074,2201.563232,1752.053223,-0.0,-1.0,0.0,,,,
17161,0.0,242.585129,2198.787842,1752.189087,-0.0,-1.0,0.0,,,,
17162,0.0,242.868912,2196.038574,1752.283569,-0.0,-1.0,0.0,,,,
17163,0.0,243.754974,2192.501953,1752.443481,-0.0,-1.0,0.0,,,,
17164,0.0,243.616592,2189.729004,1752.435303,-0.0,-1.0,0.0,,,,
17165,0.0,243.407043,2185.873047,1752.337158,-0.0,-1.0,0.0,,,,
17166,0.0,243.18103,2179.407471,1752.004272,-0.0,-1.0,0.0,,,,
17167,0.0,243.125824,2177.3656005,1751.882751,0.0,-1.0,0.0,,,,
17168,0.0,243.001129,2172.751709,1751.72583,-0.0,-1.0,0.0,,,,
17169,0.0,242.9273835,2170.6225585,1751.6331785,0.0,-1.0,0.0,,,,
17170,0.0,242.79097,2165.948486,1751.499634,-0.0,-1.0,0.0,,,,
17171,0.0,242.665237,2162.205811,1751.51709,-0.0,-1.0,0.0,,,,
17172,0.0,242.680069,2159.648682,1751.59375,-0.0,-1.0,0.0,,,,
17173,0.0,242.684402,2155.393555,1751.781372,-0.0,-1.0,0.0,,,,
17174,0.0,242.615097,2153.383789,1751.835205,-0.0,-1.0,0.0,,,,
17175,0.0,242.543655,2148.644287,1752.275513,-0.0,-1.0,0.0,0.0446793223,652.8420571966,2208.7463238385,0.0
17176,0.0,242.433014,2145.591553,1752.48291,-0.0,-1.0,0.0,0.0447870268,652.7384350979,2205.7995024791,0.0
17177,0.0,242.359085,2141.508545,1752.881226,-0.0,-1.0,0.0,0.0449504099,652.7289785362,2201.8471981196,0.0
17178,0.0,242.374176,2138.768555,1753.332642,-0.0,-1.0,0.0,0.045063926,652.7597219962,2199.2396466103,0.0
17179,0.0,242.443848,2134.827637,1753.789551,-0.0,-1.0,0.0,0.0452332914,652.8455189392,2195.5021441465,0.0
17180,0.0,242.40593,2133.378418,1753.789551,-0.0,-1.0,0.0,0.0449832059,650.2512228615,2192.7076391226,0.0
17181,0.0,242.6987,2128.624268,1754.280273,-0.0,-1.0,0.0,0.0445670422,646.4057875439,2189.6609061084,0.0
17182,0.0,242.666641,2124.533203,1754.37915,-0.0,-1.0,0.0,0.0437538927,639.1626395196,2184.6973786528,0.0
17183,0.0,242.715393,2121.525879,1754.403687,-0.0,-1.0,0.0,0.0434117078,636.4425682238,2183.7657925032,0.0
17184,0.0,242.96579,2118.522949,1754.232788,-0.0,-1.0,0.0,0.0430771418,633.3468579493,2181.3800016734,0.0
17185,0.0,242.860306,2114.492676,1754.303345,-0.0,-1.0,0.0,0.0426353661,629.1472880703,2177.8675408837,0.0
17186,0.0,242.924225,2110.730957,1754.192017,-0.0,-1.0,0.0,0.0422599591,625.5287582886,2174.7294370267,0.0
17187,0.0,242.994324,2107.913086,1754.02124,-0.0007435623,-0.9999994472,0.000743388,0.0418660588,621.9866248943,2172.3450503527,0.0
17188,0.0,242.986862,2105.450684,1753.713867,-0.0022021621,-0.9999951506,0.0022020976,0.0411138947,616.041890495,2170.7576610501,0.0
17189,0.0,242.951996,2100.756348,1753.380737,-0.0045427503,-0.9999793632,0.0045427623,0.0401328478,607.7505768781,2167.0157784933,0.0
17190,0.0,242.882462,2096.94873,1753.216919,-0.0075520318,-0.9999429665,0.0075518632,0.0390093754,598.630208034,2164.3942482579,0.0
17191,0.0,242.82431,2094.091797,1753.104004,-0.0099108314,-0.9999017673,0.0099111611,0.0381791394,591.7886895359,2162.3396862814,0.0
17192,0.0,242.985596,2090.687744,1753.068726,-0.0111633153,-0.999875367,0.011163819,0.0377158936,587.5597691591,2159.7769782909,0.0
17193,0.0,242.840805,2086.279053,1753.180908,-0.0132636444,-0.9998240469,0.0132646543,0.0367270031,579.1232970838,2156.6910868522,0.0
17194,0.0,242.934784,2083.122803,1753.189941,-0.0141579863,-0.9997887881,0.0148973351,0.036293405,575.1226646988,2154.3106387107,0.0
17195,0.0,242.765854,2079.796875,1753.329834,-0.0143785915,-0.9997679692,0.0160394465,0.0359424467,571.648966403,2151.5354145302,0.0
17196,0.0,242.564056,2077.717041,1753.369629,-0.0148564835,-0.9997323786,0.0177329072,0.0352658318,567.0452963943,2154.2137182143,0.0
17197,0.0,242.578003,2077.23584,1753.296143,-0.0152494097,-0.9997048445,0.0189124121,0.0349160155,564.1924469003,2153.8942200931,0.0
17198,0.0,242.579407,2077.000244,1753.273804,-0.0160478914,-0.9996873705,0.0191735881,0.0342639581,558.9743000745,2153.8253068291,0.0
17199,0.0,242.678879,2077.065186,1753.254272,-0.0162949101,-0.9996722227,0.0197464712,0.0338157548,555.3906959832,2153.9070179199,0.0
17200,0.0,243.051132,2076.921387,1753.234253,-0.0162945231,-0.9996645367,0.0201321298,0.0334277445,552.1191693941,2153.3981479671,0.0
17201,0.0,242.90094,2077.075684,1753.224854,-0.0162945231,-0.9996645367,0.0201321298,0.0332855322,550.9531809538,2153.3582358497,0.0
17202,0.0,242.721222,2077.322998,1753.230713,-0.0162945231,-0.9996645367,0.0201321298,0.0326657927,545.617312771,2152.2983365659,0.0
17203,0.0,241.622025,2078.910156,1753.225586,-0.0162945231,-0.9996645367,0.0201321298,0.0320364083,540.3827109596,2152.1424109985,0.0
17204,0.0,241.619186,2078.908691,1753.22522,-0.0162945231,-0.9996645367,0.0201321298,0.031840916,538.5514774754,2151.3166849001,0.0
17205,0.0,241.613144,2078.908691,1753.226807,-0.0162945231,-0.9996645367,0.0201321298,0.0314906512,535.2293569094,2149.712415234,0.0
17206,0.0,241.601776,2078.908936,1753.230591,-0.0162945231,-0.9996645367,0.0201321298,0.0311078792,531.4416276884,2147.3824870802,0.0
17207,0.0,241.594696,2078.902832,1753.231934,-0.0162944788,-0.99964576,0.021043871,0.0086239238,394.4210212364,3009.7536875085,6.0
17208,0.0,241.584061,2078.905518,1753.234741,-0.016294201,-0.9996447782,0.0210906703,0.0086354839,394.7037113761,3009.9029271638,6.0
17209,0.0,241.571793,2078.905029,1753.237305,-0.0162941532,-0.9996257864,0.021972433,0.0086851263,395.8490232096,3010.034964918,6.0
17210,0.0,241.559235,2078.908691,1753.239258,-0.016293864,-0.9996241009,0.0220491915,0.0089024883,401.2224108924,3013.5833783734,6.0
17211,0.0,241.5518115,2078.9106445,1753.2422485,-0.016293864,-0.9996241009,0.0220491915,0.00898849,403.3318420738,3014.9929592226,6.0
17212,0.0,241.544388,2078.912598,1753.245239,-0.016293864,-0.9996241009,0.0220491915,0.0090744917,405.4412732552,3016.4025400718,6.0
17213,0.0,241.976212,2078.464844,1752.969482,-0.016293864,-0.9996241009,0.0220491915,0.0092833685,410.4849552652,3019.5326367595,6.0
17214,0.0,241.876144,2078.538086,1753.027466,-0.0169297585,-0.9995846432,0.0233221861,0.0095343914,416.2078432721,3021.2483974231,6.0
17215,0.0,241.954407,2078.419434,1752.965454,-0.0197592045,-0.9994866216,0.0252203702,0.0101021104,428.5798104126,3022.8058734908,6.0
17216,0.0,242.167684,2078.192383,1752.7753906667,-0.0202643632,-0.9994700545,0.0254624728,0.0101850696,430.3156280798,3022.7766466341,6.0
17217,0.0,242.380961,2077.965332,1752.5853273333,-0.020769522,-0.9994534875,0.0257045754,0.0102680288,432.051445747,3022.7474197774,6.0
17218,0.0,242.594238,2077.738281,1752.395264,-0.0212746807,-0.9994369204,0.025946678,0.0103509879,433.7872634143,3022.7181929207,6.0
17219,0.0,241.966873,2077.543945,1752.337036,-0.0325086963,-0.9990015402,0.0306448587,0.0124958511,476.9957870843,3026.7573197625,6.0
17220,0.0,241.748932,2077.199951,1752.02063,-0.0355481075,-0.9988363919,0.0325913231,0.0131600715,489.5852018497,3027.7339987447,6.0
17221,0.0,240.749451,2076.947021,1751.784302,-0.0390800569,-0.998646765,0.0343130859,0.0139971529,505.1179481869,3029.584106229,6.0
17222,0.0,240.283737,2076.680664,1751.433716,-0.0407246863,-0.9985489863,0.0352338182,0.0143816373,512.0416944275,3030.0742435593,6.0
17223,0.0,239.352676,2076.507568,1751.103149,-0.0421155228,-0.9984830768,0.0354658717,0.0147119964,517.9545989232,3030.7082349303,6.0
17224,0.0,238.680435,2076.218262,1750.859619,-0.0428062537,-0.9984299519,0.0361283229,0.0149124205,521.4501534071,3030.7414802975,6.0
17225,0.0,237.532211,2075.769531,1750.924316,-0.0437108848,-0.998380014,0.0364239789,0.0151507136,525.5412462496,3030.5851739705,6.0
17226,0.0,235.416153,2074.663818,1750.940308,-0.0477416196,-0.9981263552,0.0382690046,0.0160402932,540.4569246407,3029.6224534932,6.0
17227,0.0,233.803284,2073.721924,1750.824585,-0.0510887924,-0.9979267379,0.0391428291,0.0167369923,551.7978982839,3028.6645777923,6.0
17228,0.0,231.551147,2072.365967,1750.648193,-0.0544922967,-0.9977035103,0.0402280395,0.0174935142,563.7473276412,3027.1828647195,6.0
17229,0.0,229.560715,2070.908936,1750.539795,-0.0591250022,-0.9974076115,0.0410157365,0.0183225357,393.971250991,2067.5463651201,0.0
17230,0.0,227.040909,2069.161865,1750.342529,-0.0640026363,-0.9970983218,0.041214065,0.0170614953,379.2450012622,2061.848243467,0.0
17231,0.0,225.817383,2068.365234,1750.261475,-0.0675514122,-0.9968356416,0.0418988114,0.0162522048,369.6446488509,2058.6620201655,0.0
17232,0.0,225.136429,2067.779541,1750.186401,-0.0695664732,-0.996685523,0.0421719581,0.0158068879,364.2658005551,2056.852950535,0.0
17233,0.0,222.968887,2065.681641,1750.362549,-0.0773972701,-0.9960832171,0.0427537968,0.0141566074,343.7476123539,2050.1592566279,0.0
17234,0.0,221.848419,2064.145508,1750.279663,-0.0809151022,-0.995787409,0.0431298299,0.0134152698,334.0244602559,2046.0913488334,0.0
17235,0.0,220.601807,2061.66333,1750.752808,-0.0855535107,-0.9953996256,0.0431298299,0.0124419439,320.7655738393,2039.7818409897,0.0
17236,0.0,220.115524,2060.119873,1751.08606,-0.0877555532,-0.9952079083,0.0431298299,0.0119620475,313.9421492662,2035.7972807556,0.0
17237,0.0,218.936493,2057.016846,1751.086914,-0.0908205808,-0.9949328821,0.0431298299,0.0112817571,303.9838670496,2029.4368105921,0.0
17238,0.0,218.45224,2055.238525,1751.178955,-0.0935272659,-0.9946820941,0.0431298299,0.0107645365,296.4026722798,2025.542455887,0.0
17239,0.0,217.726639,2052.449219,1751.313843,-0.0975094156,-0.9942996186,0.0431298299,0.0100556964,285.7519929142,2020.0528461944,0.0
17240,0.0,217.229828,2049.996338,1751.340942,-0.0999529331,-0.9940569546,0.0431298299,0.0095629947,277.967163861,2014.7553604326,0.0
17241,0.0,216.823669,2047.786255,1751.349731,-0.1019958056,-0.9938494219,0.0431298299,0.0091727775,271.6644025585,2010.3215140504,0.0
17242,0.0,216.317856,2045.356689,1751.417114,-0.1056336513,-0.9934693501,0.0431298299,0.0086068662,262.5990454776,2005.820729455,0.0
17243,0.0,215.755402,2042.029541,1751.615967,-0.1116495965,-0.9928112536,0.0431298299,0.0077599918,248.6362358641,1999.6913278556,0.0
17244,0.0,215.272873,2039.433594,1751.667358,-0.1222616086,-0.9915251936,0.0439305079,0.0065528241,227.9655218067,1994.5849892262,0.0
17245,0.0,215.002243,2036.288208,1751.87207,-0.132146829,-0.9902095881,0.044968737,0.0055784658,209.7737508272,1988.7732928469,0.0
17246,0.0,214.801468,2033.416626,1751.819092,-0.1400521202,-0.9891189576,0.0450454363,0.0048388418,194.911412947,1983.7071906444,0.0
17247,0.0,214.980217,2032.7265625,1751.82428,-0.1430203778,-0.9886833367,0.0451819908,0.0046174901,190.2595857608,1982.6702268842,0.0
17248,0.0,215.158966,2032.036499,1751.829468,-0.1459886355,-0.9882477158,0.0453185454,0.0043961383,185.6077585746,1981.6332631241,0.0
17249,0.0,214.993362,2024.691772,1751.478638,-0.179335526,-0.9825698381,0.0489416212,0.0026498577,143.196837813,1968.3170321691,0.0
17250,0.0,214.875122,2021.291504,1751.195312,-0.1906068295,-0.9803634069,0.0505630983,0.0024052113,136.0620133533,1962.9379920363,0.0
17251,0.0,214.757553,2014.935303,1751.090454,-0.2083169998,-0.9766531916,0.0524649506,0.002340254,133.4417130696,1951.6383715997,0.0
17252,0.0,214.7114255,2012.897461,1751.0895995,-0.210635586,-0.9761205455,0.0530595657,0.0024119351,135.2138185847,1948.2496048354,0.0
17253,0.0,214.654861,2009.671021,1751.096558,-0.2146484662,-0.9751972218,0.0540038386,,,,
17254,0.0,214.477295,2005.695557,1751.132568,-0.2192622927,-0.9741358256,0.0546208778,,,,
17255,0.0,214.344223,2002.207153,1751.244019,-0.2228611838,-0.9732838556,0.0552397433,,,,
17256,0.0,214.2416155,2000.476318,1751.3423465,-0.2248853576,-0.9728062864,0.0554089457,,,,
17257,0.0,214.139008,1998.745483,1751.440674,-0.2269095314,-0.9723287171,0.0555781481,,,,
17258,0.0,213.879227,1995.110107,1751.664429,-0.2318834959,-0.9711545262,0.0555781481,,,,
17259,0.0,213.353424,1988.618652,1752.030273,-0.2375189373,-0.9697916394,0.0555781481,,,,
17260,0.0,213.034592,1985.490356,1752.150024,-0.2423970953,-0.9685838723,0.0555781481,,,,
17261,0.0,213.550552,1981.737183,1751.014404,-0.2502678074,-0.9665801022,0.0555781481,,,,
17262,0.0,213.459269,1981.269206,1751.0616453333,-0.2516203007,-0.9662268811,0.0555781481,,,,
17263,0.0,213.367986,1980.801229,1751.1088866667,-0.252972794,-0.9658736599,0.0555781481,,,,
17264,0.0,213.276703,1980.333252,1751.156128,-0.3437371214,-0.9379384299,0.0460031865,,,,
17265,0.0,212.106171,1968.715454,1751.202271,-0.2938882233,-0.9543566979,0.0532259837,,,,
17266,0.0,211.759506,1964.661133,1750.928101,-0.3022966774,-0.9518503452,0.0509670394,,,,
17267,0.0,211.370605,1961.890625,1751.033936,-0.3126825905,-0.9485710495,0.0494222784,,,,
17268,0.0,210.72287,1957.682007,1750.571167,-0.3421535705,-0.9385089904,0.046171519,,,,
17269,0.0,210.292709,1955.314941,1750.339111,-0.3492310311,-0.9359246266,0.0456374882,,,,
17270,0.0,209.398178,1950.772705,1749.792603,-0.3575122123,-0.9328195885,0.045084736,,,,
17271,0.0,208.620041,1947.056274,1749.488647,-0.3678192617,-0.9288056306,0.0450454363,,,,
17272,0.0,207.975006,1944.323853,1749.275635,-0.3756172596,-0.9257155444,0.0442990416,,,,
17273,0.0,207.140945,1941.037354,1749.064575,-0.3889240346,-0.9202143092,0.0440876446,,,,
17274,0.0,206.401154,1938.136963,1749.013916,-0.3968993454,-0.9168026983,0.0440876621,,,,
17275,0.0,205.332535,1934.004517,1749.072876,-0.4073743243,-0.9122322614,0.0433412183,,,,
17276,0.0,204.304626,1930.153198,1749.21875,-0.4141330377,-0.9091939534,0.0431298299,,,,
17277,0.0,203.552704,1927.380249,1749.517212,-0.4176779605,-0.9075709003,0.0431298299,,,,
17278,0.0,202.330704,1923.278076,1749.970459,-0.4271596549,-0.9031469687,0.0431298299,,,,
17279,0.0,201.191132,1919.55542,1750.486694,-0.4364537619,-0.8986923453,0.0431298299,,,,
17280,0.0,200.128693,1916.13501,1750.901611,-0.4432933131,-0.8953384033,0.0431298299,,,,
17281,0.0,198.945892,1912.198486,1751.344238,-0.4500348696,-0.8919233175,0.0440614553,,,,
17282,0.0,197.939758,1908.88562,1751.668335,-0.4532573435,-0.8902887501,0.0440876621,,,,
17283,0.0,196.928513,1904.889893,1752.015625,-0.4569080232,-0.8884206987,0.0440876446,,,,
17284,0.0,195.754517,1901.987305,1752.037842,-0.4597799803,-0.8869377933,0.0440876446,,,,
17285,0.0,194.578903,1898.187866,1752.123047,-0.461887996,-0.8858418353,0.0440876621,,,,
17286,0.0,193.395889,1894.631836,1752.118042,-0.4621301425,-0.8857155362,0.0440876446,,,,
17287,0.0,192.336014,1891.51123,1752.029053,-0.4625007847,-0.8855220507,0.0440876621,,,,
17288,0.0,190.814545,1887.120117,1751.436279,-0.462967547,-0.885278108,0.0440876621,,,,
17289,0.0,189.477463,1883.987061,1751.556274,-0.4629791046,-0.8852720645,0.0440876446,,,,
17290,0.0,188.010712,1880.337769,1751.254517,-0.4629791046,-0.8852720645,0.0440876446,,,,
17291,0.0,186.545944,1876.843384,1751.024536,-0.4629791046,-0.8852720645,0.0440876446,,,,
17292,0.0,183.56958,1870.244385,1750.995361,-0.4629605857,-0.8852369551,0.0449781,,,,
17293,0.0,182.6204605,1868.412842,1751.107849,-0.4629599444,-0.8852355785,0.0450117682,,,,
17294,0.0,175.40715,1864.692993,1750.701294,-0.4629593032,-0.8852342019,0.0450454363,,,,
17295,0.0,174.047852,1861.81958,1750.701294,-0.4629593032,-0.8852342019,0.0450454363,,,,
17296,0.0,172.225433,1857.998535,1750.701294,-0.4629593032,-0.8852342019,0.0450454363,,,,
17297,0.0,170.749268,1854.93335,1750.701294,-0.4629593032,-0.8852342019,0.0450454363,,,,
17298,0.0,168.912582,1851.135376,1750.701294,-0.4629593032,-0.8852342019,0.0450454363,,,,
17299,0.0,167.385559,1848.000854,1750.701294,-0.4629593032,-0.8852342019,0.0450454363,,,,
17300,0.0,165.542694,1844.243042,1750.701294,-0.4629593032,-0.8852342019,0.0450454363,,,,
17301,0.0,163.93927,1840.991333,1750.701294,-0.4629593032,-0.8852342019,0.0450454363,,,,
17302,0.0,162.365585,1837.814941,1750.701294,-0.4629593032,-0.8852342019,0.0450454363,,,,
17303,0.0,160.610184,1834.286987,1750.701294,-0.4629593032,-0.8852342019,0.0450454363,,,,
17304,0.0,159.107513,1831.279663,1750.701294,-0.4629593032,-0.8852342019,0.0450454363,,,,
17305,0.0,157.265747,1827.606812,1750.701294,-0.4629593032,-0.8852342019,0.0450454363,,,,
17306,0.0,155.596283,1824.289795,1750.701294,-0.4629593032,-0.8852342019,0.0450454363,,,,
17307,0.0,154.02179,1821.171021,1750.701294,-0.4629593032,-0.8852342019,0.0450454363,,,,
17308,0.0,152.182312,1817.537842,1750.701294,-0.4629593032,-0.8852342019,0.0450454363,,,,
17309,0.0,150.580917,1814.383545,1750.701294,-0.4629593032,-0.8852342019,0.0450454363,,,,
17310,0.0,148.920029,1811.119629,1750.701294,-0.4629593032,-0.8852342019,0.0450454363,,,,
17311,0.0,147.212982,1807.772583,1750.701294,-0.4629593032,-0.8852342019,0.0450454363,,,,
17312,0.0,145.276382,1803.983398,1750.701294,-0.4629591796,-0.8852342665,0.0450454363,,,,
17313,0.0,143.760574,1801.023682,1750.701294,-0.4629412655,-0.8852000125,0.0458946894,,,,
17314,0.0,142.141068,1797.850952,1750.701294,-0.4622296995,-0.8855661532,0.0460031865,,,,
17315,0.0,140.391174,1794.432251,1750.701294,-0.4616612624,-0.8858379692,0.0464754905,,,,
17316,0.0,138.52388,1790.790283,1750.701294,-0.4612414499,-0.8860322772,0.0469374979,,,,
17317,0.0,136.927765,1787.672119,1750.701294,-0.4604818077,-0.8864260718,0.046960877,,,,
17318,0.0,135.100037,1784.120117,1750.701294,-0.4603706136,-0.8864838262,0.046960877,,,,
17319,0.0,133.990112,1781.966797,1750.701294,-0.4603706136,-0.8864838262,0.046960877,,,,
17320,0.0,131.965759,1778.040894,1750.701294,-0.4603706136,-0.8864838262,0.046960877,,,,
17321,0.0,129.98674,1774.203003,1750.701294,-0.4603706136,-0.8864838262,0.046960877,,,,
17322,0.0,128.304337,1770.927368,1750.701294,-0.459621818,-0.88687229,0.0469608944,,,,
17323,0.0,126.611069,1767.645264,1750.701294,-0.4595204909,-0.8869247964,0.046960877,,,,
17324,0.0,124.923988,1764.378418,1750.701294,-0.4595204909,-0.8869247964,0.046960877,,,,
17325,0.0,123.011406,1760.675781,1750.701294,-0.4595204909,-0.8869247964,0.046960877,,,,
17326,0.0,121.35054,1757.461182,1750.701294,-0.4595204909,-0.8869247964,0.046960877,,,,
17327,0.0,119.768349,1754.399902,1750.701294,-0.4595204909,-0.8869247964,0.046960877,,,,
17328,0.0,117.918442,1750.820923,1750.701294,-0.4595204909,-0.8869247964,0.046960877,,,,
17329,0.0,116.110542,1747.323975,1750.701294,-0.4595204909,-0.8869247964,0.046960877,,,,
17330,0.0,114.747787,1744.688721,1750.701294,-0.4595204909,-0.8869247964,0.046960877,,,,
17331,0.0,112.692734,1740.714844,1750.701294,-0.4595204909,-0.8869247964,0.046960877,,,,
17332,0.0,109.424927,1734.397583,1750.701294,-0.4595204909,-0.8869247964,0.046960877,,,,
17333,0.0,108.497654,1732.6054075,1750.701294,-0.4595204909,-0.8869247964,0.046960877,,,,
17334,0.0,105.97821,1727.73645,1750.701294,-0.4595204909,-0.8869247964,0.046960877,,,,
17335,0.0,104.197556,1724.29541,1750.701294,-0.4595204909,-0.8869247964,0.046960877,,,,
17336,0.0,102.568054,1721.147339,1750.701294,-0.4595204909,-0.8869247964,0.046960877,,,,
17337,0.0,100.64904,1717.439697,1750.701294,-0.4595204909,-0.8869247964,0.046960877,,,,
17338,0.0,99.046349,1714.343628,1750.701294,-0.4595020677,-0.8868886693,0.047815668,,,,
17339,0.0,97.241478,1710.8573,1750.701294,-0.4594795264,-0.8868457306,0.0488181822,,,,
17340,0.0,95.573372,1707.61853,1750.701294,-0.4587039601,-0.8872439336,0.0488761625,,,,
17341,0.0,93.704941,1703.988892,1750.701294,-0.4577351729,-0.8876368295,0.0507875033,,,,
17342,0.0,92.09005,1700.815552,1750.701294,-0.4552753489,-0.8887955026,0.0526014386,,,,
17343,0.0,90.32135,1697.353149,1750.701294,-0.4534154619,-0.8896263613,0.0545834789,,,,
17344,0.0,88.720741,1694.147583,1750.701294,-0.4485396141,-0.8919245218,0.0572962649,,,,
17345,0.0,87.070763,1690.865234,1750.701294,-0.4450052066,-0.8935089973,0.0601002316,,,,
17346,0.0,85.37011,1687.419678,1750.701294,-0.4389342593,-0.8962430619,0.0639147096,,,,
17347,0.0,83.871521,1684.317261,1750.701294,-0.4310656852,-0.8995529171,0.0706181592,,,,
17348,0.0,82.087975,1680.647705,1750.701294,-0.42392977,-0.9024795942,0.0762504574,,,,
17349,0.0,80.513618,1677.356567,1750.701294,-0.4163091831,-0.905458448,0.0826538753,,,,
17350,0.0,78.749908,1673.689941,1750.701294,-0.4102282595,-0.9078130376,0.0871106411,,,,
17351,0.0,77.138199,1670.36853,1750.701294,-0.4074761151,-0.908774619,0.0899550299,,,,
17352,0.0,75.472687,1666.890625,1750.701294,-0.4038329758,-0.9101044002,0.0928919176,,,,
17353,0.0,74.069023,1663.950073,1750.701294,-0.4014151833,-0.9108321475,0.0961802978,,,,
17354,0.0,72.397926,1660.439941,1750.701294,-0.3993473083,-0.9114070076,0.0992924662,,,,
17355,0.0,70.733795,1656.918335,1750.701294,-0.3973413973,-0.9117578071,0.1040072846,,,,
17356,0.0,69.193283,1653.650146,1750.701294,-0.3962306948,-0.9117060641,0.1085969117,,,,
17357,0.0,67.461876,1649.952515,1750.701294,-0.3950067475,-0.9114897055,0.1147004193,,,,
17358,0.0,65.947876,1646.695923,1750.701294,-0.3940392243,-0.9115481099,0.1175292859,,,,
17359,0.0,64.294228,1643.135864,1750.701294,-0.3937858586,-0.9111445334,0.1214427311,,,,
17360,0.0,62.73114,1639.732178,1750.701294,-0.3927983216,-0.9111828332,0.1243194398,,,,
17361,0.0,61.193771,1636.384277,1750.701294,-0.3927215191,-0.9110797761,0.1253134071,,,,
17362,0.0,59.774864,1633.280151,1750.701294,-0.3925532702,-0.9106891035,0.1286362581,,,,
17363,0.0,58.845573,1631.240112,1750.701294,-0.3926601962,-0.9100159693,0.1329996464,,,,
17364,0.0,57.546181,1628.370972,1750.701294,-0.3927833658,-0.9094164375,0.1366856643,,,,
17365,0.0,55.678425,1624.241577,1750.701294,-0.3929141757,-0.9087334933,0.1407902296,,,,
17366,0.0,53.783661,1620.051147,1750.701294,-0.3930314287,-0.9080724549,0.1446745058,,,,
17367,0.0,52.038513,1616.193237,1750.701294,-0.3931425834,-0.9073947479,0.1485721392,,,,
17368,0.0,50.384811,1612.503174,1750.701294,-0.3931048842,-0.9071809066,0.1499711731,,,,
17369,0.0,48.96627,1609.324219,1750.701294,-0.39305036,-0.907054732,0.1508745431,,,,
17370,0.0,47.410995,1605.831787,1750.701294,-0.3930430699,-0.9070375613,0.150996714,,,,
17371,0.0,45.754459,1602.103516,1750.701294,-0.3930430699,-0.9070375613,0.150996714,,,,
17372,0.0,44.454056,1599.170532,1750.701294,-0.3929946865,-0.9069265996,0.1517870855,,,,
17373,0.0,42.829575,1595.500732,1750.701294,-0.3929326773,-0.906783152,0.1528012645,,,,
17374,0.0,39.841805,1588.733521,1750.701294,-0.3928111756,-0.9065027586,0.1547647537,,,,
17375,0.0,38.267933,1585.160889,1750.701294,-0.3926949093,-0.9062344472,0.1566200338,,,,
17376,0.0,36.737267,1581.681396,1750.701294,-0.3926292768,-0.906082985,0.1576574619,,,,
17377,0.0,35.293404,1578.395386,1750.701294,-0.3925176124,-0.9058256403,0.1594046211,,,,
17378,0.0,33.777554,1574.941772,1750.701294,-0.3923397455,-0.9054144779,0.1621547017,,,,
17379,0.0,32.218628,1571.386475,1750.701294,-0.3922041462,-0.9051022442,0.1642127745,,,,
17380,0.0,30.764057,1568.06604,1750.701294,-0.3919684988,-0.9045580867,0.1677359945,,,,
17381,0.0,29.254684,1564.617188,1750.701294,-0.3917676904,-0.9040943289,0.1706795866,,,,
17382,0.0,27.734535,1561.140991,1750.701294,-0.3915081785,-0.9034951426,0.1744072057,,,,
17383,0.0,26.224085,1557.68457,1750.701294,-0.3913616463,-0.9031576341,0.1764719519,,,,
17384,0.0,24.947542,1554.750977,1750.701294,-0.3906501773,-0.9025891877,0.1809010704,,,,
17385,0.0,23.309204,1550.986572,1750.701294,-0.389898092,-0.9019933176,0.1854387578,,,,
17386,0.0,21.743336,1547.374268,1750.701294,-0.3888178251,-0.9018008958,0.1886155963,,,,
17387,0.0,20.147842,1543.708374,1750.701294,-0.3885043557,-0.9012963238,0.1916489038,,,,
17388,0.0,18.850395,1540.72644,1750.701294,-0.3883139283,-0.9008545488,0.1940963035,,,,
17389,0.0,17.130367,1536.770264,1750.701294,-0.3880577134,-0.9002598067,0.1973410539,,,,
17390,0.0,15.683271,1533.419067,1750.701294,-0.3869259383,-0.8999385974,0.2009946247,,,,
17391,0.0,14.158481,1529.905029,1750.701294,-0.3865869596,-0.8992191184,0.2048304169,,,,
17392,0.0,12.780124,1526.726685,1750.701294,-0.3862255174,-0.8983783872,0.2091557391,,,,
17393,0.0,11.189923,1523.057373,1750.701294,-0.3857981787,-0.8973843776,0.2141519186,,,,
17394,0.0,9.666849,1519.561646,1750.701294,-0.3862402425,-0.896044122,0.2189141532,,,,
17395,0.0,8.214542,1516.207764,1750.701294,-0.3859960638,-0.8954769607,0.2216484864,,,,
17396,0.0,6.870344,1513.120728,1750.701294,-0.3864425874,-0.8944521808,0.2249831615,,,,
17397,0.0,5.324636,1509.552612,1750.701294,-0.3862724661,-0.8937596496,0.2280071725,,,,
17398,0.0,4.021762,1506.559082,1750.701294,-0.3867062275,-0.8929274308,0.2305187561,,,,
17399,0.0,2.697912,1503.519653,1750.701294,-0.3872272871,-0.8920533623,0.2330146495,,,,
17400,0.0,0.893902,1499.361694,1750.701294,-0.3872662558,-0.891362481,0.2355796566,,,,
17401,0.0,-0.34226,1496.523071,1750.701294,-0.3876519562,-0.8906124043,0.2377719624,,,,
17402,0.0,-1.939935,1492.859863,1750.701294,-0.3883394941,-0.8897051595,0.2400357608,,,,
17403,0.0,-3.649503,1488.943359,1750.701294,-0.389101045,-0.8887967814,0.2421583329,,,,
17404,0.0,-4.814093,1486.263428,1750.701294,-0.3889690724,-0.8882828371,0.2442471329,,,,
17405,0.0,-6.456965,1482.499268,1750.701294,-0.3893990037,-0.8874511382,0.2465743158,,,,
17406,0.0,-8.270346,1478.355591,1750.701294,-0.3902900561,-0.8866909094,0.2478969611,,,,
17407,0.0,-9.448815,1475.649902,1750.701294,-0.3902227127,-0.8865158411,0.2486280314,,,,
17408,0.0,-10.771485,1472.615234,1750.701294,-0.3901379221,-0.8863228763,0.2494477113,,,,
17409,0.0,-12.395705,1468.90686,1750.701294,-0.3905905998,-0.8856460901,0.2511373855,,,,
17410,0.0,-13.787956,1465.737549,1750.701294,-0.3911291517,-0.8847441526,0.2534674951,,,,
17411,0.0,-15.399696,1462.073242,1750.701294,-0.3915711908,-0.8832967966,0.2577959886,,,,
17412,0.0,-16.999228,1458.425171,1750.701294,-0.3915833584,-0.8827125342,0.2597711596,,,,
17413,0.0,-18.622225,1454.740356,1750.701294,-0.3919438353,-0.8815425798,0.2631780955,,,,
17414,0.0,-21.298796,1448.682373,1750.701294,-0.3927005516,-0.879228031,0.2697115984,,,,
17415,0.0,-23.013597,1444.825928,1750.701294,-0.3936478269,-0.8770763847,0.2752787747,,,,
17416,0.0,-24.662153,1441.132812,1750.701294,-0.3949392273,-0.8750968803,0.2796935052,,,,
17417,0.0,-26.079494,1437.980713,1750.701294,-0.3968057548,-0.8733857198,0.2823872826,,,,
17418,0.0,-27.641697,1434.487305,1750.701294,-0.3977932952,-0.8722568413,0.2844793441,,,,
17419,0.0,-29.270117,1430.828003,1750.701294,-0.3979219334,-0.8720716062,0.2848670719,,,,
17420,0.0,-30.441154,1428.198486,1750.701294,-0.3978511075,-0.8719161047,0.285441417,,,,
17421,0.0,-31.42922,1425.98468,1750.701294,-0.3978297411,-0.8718694198,0.2856136892,,,,
17422,0.0,-33.571327,1421.190063,1750.701294,-0.3978083747,-0.871822735,0.2857859615,,,,
17423,0.0,-35.346611,1417.226074,1750.701294,-0.3978083747,-0.871822735,0.2857859615,,,,
17424,0.0,-36.962532,1413.624268,1750.701294,-0.3978083747,-0.871822735,0.2857859615,,,,
17425,0.0,-37.822693,1411.723022,1750.701294,-0.39793385,-0.8708612678,0.2885295535,,,,
17426,0.0,-39.008137,1409.102417,1750.701294,-0.3980464276,-0.86996583,0.2910644193,,,,
17427,0.0,-41.032761,1404.62439,1750.701294,-0.3981882844,-0.8687896827,0.2943647013,,,,
17428,0.0,-43.075153,1400.105713,1750.701294,-0.3983159844,-0.8676796456,0.2974498432,,,,
17429,0.0,-44.33675,1397.315308,1750.701294,-0.3983980896,-0.8669373636,0.299497195,,,,
17430,0.0,-46.303463,1392.983154,1750.701294,-0.3985083277,-0.8649881417,0.3049370878,,,,
17431,0.0,-47.678238,1389.973267,1750.701294,-0.3979819057,-0.8616584282,0.3148891167,,,,
17432,0.0,-49.329811,1386.340332,1750.701294,-0.3969485259,-0.8590106269,0.3233150333,,,,
17433,0.0,-50.900188,1382.905151,1750.701294,-0.3962589779,-0.8556165184,0.3330153087,,,,
17434,0.0,-52.561844,1379.279053,1750.701294,-0.3960557342,-0.8528935293,0.3401653762,,,,
17435,0.0,-54.122265,1375.880371,1750.701294,-0.3962973839,-0.8512802433,0.3439045374,,,,
17436,0.0,-55.258232,1373.396362,1750.701294,-0.3963113767,-0.8511941628,0.3441014239,,,,
17437,0.0,-57.093651,1369.387329,1750.701294,-0.3963113767,-0.8511941628,0.3441014239,,,,
17438,0.0,-58.806183,1365.652344,1750.701294,-0.3963113767,-0.8511941628,0.3441014239,,,,
17439,0.0,-59.9613,1363.13623,1750.701294,-0.3963113767,-0.8511941628,0.3441014239,,,,
17440,0.0,-61.64328,1359.475708,1750.701294,-0.3963113767,-0.8511941628,0.3441014239,,,,
17441,0.0,-63.455643,1355.536987,1750.701294,-0.3964387237,-0.8514670951,0.3432784938,,,,
17442,0.0,-64.987648,1352.210815,1750.701294,-0.3965742136,-0.851758099,0.3423989396,,,,
17443,0.0,-66.393242,1349.395386,1750.701294,-0.3966907198,-0.8520083297,0.3416405697,,,,
17444,0.0,-68.388382,1345.879761,1750.701294,-0.3967274806,-0.8520878674,0.3413994323,,,,
17445,0.0,-70.706795,1342.339722,1750.701294,-0.3968645982,-0.8523817841,0.3405051907,,,,
17446,0.0,-72.332184,1340.118042,1750.701294,-0.3958364538,-0.8534054669,0.3391350925,,,,
17447,0.0,-74.408928,1337.499023,1750.701294,-0.3944713469,-0.8544577394,0.3380744417,,,,
17448,0.0,-77.033501,1334.477051,1750.701294,-0.3916805156,-0.8567110185,0.3356078135,,,,
17449,0.0,-79.86055,1331.503174,1750.701294,-0.3882327856,-0.8591553015,0.3333578738,,,,
17450,0.0,-82.425056,1328.91394,1750.701294,-0.3782501279,-0.8653164703,0.3288681302,,,,
17451,0.0,-84.263268,1327.211548,1750.701294,-0.3743257784,-0.8677569324,0.3269221895,,,,
17452,0.0,-87.214645,1324.560303,1750.701294,-0.363810047,-0.8736008093,0.3232087184,,,,
17453,0.0,-90.339592,1321.885498,1750.701294,-0.3508136514,-0.880415271,0.3190591366,,,,
17454,0.0,-92.630585,1320.023438,1750.701294,-0.3420417679,-0.8846860639,0.3167617361,,,,
17455,0.0,-93.904938,1319.010254,1750.701294,-0.3375279608,-0.8867943782,0.3157065196,,,,
17456,0.0,-98.692123,1315.433594,1750.701294,-0.3246232006,-0.8926485813,0.312727178,,,,
17457,0.0,-102.021568,1313.054688,1750.701294,-0.3164063009,-0.8962997841,0.310698809,,,,
17458,0.0,-105.081184,1310.969482,1750.701294,-0.312085688,-0.8984421773,0.3088756665,,,,
17459,0.0,-111.138229,1306.966675,1750.701294,-0.3023125224,-0.9029881824,0.3053186554,,,,
17460,0.0,-114.304337,1304.943604,1750.701294,-0.2981468315,-0.9050176388,0.3033999677,,,,
17461,0.0,-116.577316,1303.504639,1750.701294,-0.2946160901,-0.9066163695,0.3020730343,,,,
17462,0.0,-118.7174755,1302.187256,1750.701294,-0.2928929784,-0.9075797081,0.3008444284,,,,
17463,0.0,-124.068512,1298.923828,1750.701294,-0.2886725798,-0.9099428345,0.2977787427,,,,
17464,0.0,-127.281662,1296.978516,1750.701294,-0.2845985025,-0.9121120215,0.2950514406,,,,
17465,0.0,-129.359421,1295.731201,1750.701294,-0.2827749232,-0.9129048891,0.294351841,,,,
17466,0.0,-132.581604,1293.800171,1750.701294,-0.2793571995,-0.914507067,0.2926369415,,,,
17467,0.0,-135.954651,1291.555176,1750.701294,-0.2752642333,-0.9161658458,0.2913241235,,,,
17468,0.0,-136.609634,1291.09375,1750.701294,-0.2748060662,-0.9163728377,0.291105562,,,,
17469,0.0,-141.064484,1287.452026,1750.701294,-0.2710622306,-0.9179911198,0.2895126443,,,,
17470,0.0,-143.056503,1285.61145,1750.701294,-0.2702979809,-0.9184545938,0.2887562304,,,,
17471,0.0,-145.800507,1282.82959,1750.701294,-0.2684239865,-0.9190716159,0.288541034,,,,
17472,0.0,-147.559845,1280.883301,1750.701294,-0.2677390862,-0.919489444,0.2878453474,,,,
17473,0.0,-150.093536,1277.861084,1750.701294,-0.266770397,-0.920116018,0.2867404204,,,,
17474,0.0,-151.600937,1275.928833,1750.701294,-0.2667389521,-0.9201362999,0.2867045883,,,,
17475,0.0,-154.045853,1272.552612,1750.701294,-0.265096148,-0.9208887374,0.2858110661,,,,
17476,0.0,-155.52298,1270.355103,1750.701294,-0.2637420403,-0.9215054075,0.2850752886,,,,
17477,0.0,-157.474503,1267.287354,1750.701294,-0.2618872912,-0.9223449848,0.284068259,,,,
17478,0.0,-159.33548,1264.173828,1750.701294,-0.2600427425,-0.9231740101,0.2830680468,,,,
17479,0.0,-160.984924,1261.250366,1750.701294,-0.2582716654,-0.9236831611,0.2830285582,,,,
17480,0.0,-162.451782,1258.532837,1750.701294,-0.2574864195,-0.9241490478,0.2822220422,,,,
17481,0.0,-164.022949,1255.489746,1750.701294,-0.2565970018,-0.9244309462,0.2821088522,,,,
17482,0.0,-164.937637,1253.66748,1750.701294,-0.2565000006,-0.9244578656,0.2821088522,,,,
17483,0.0,-165.948685,1251.597656,1750.701294,-0.2565122792,-0.9245021194,0.2819526234,,,,
17484,0.0,-168.552383,1245.975952,1750.701294,-0.2565721941,-0.9247180602,0.281188937,,,,
17485,0.0,-169.652328,1243.482788,1750.701294,-0.2565721941,-0.9247180602,0.281188937,,,,
17486,0.0,-171.103439,1240.093872,1750.701294,-0.2565721941,-0.9247180602,0.281188937,,,,
17487,0.0,-172.297089,1237.216431,1750.701294,-0.2565721941,-0.9247180602,0.281188937,,,,
17488,0.0,-173.665649,1233.799316,1750.701294,-0.2559003482,-0.9251344273,0.2804305676,,,,
17489,0.0,-175.016724,1230.316772,1750.701294,-0.2550146509,-0.9256812862,0.2794310008,,,,
17490,0.0,-175.908447,1227.913086,1750.701294,-0.2527095122,-0.9267006667,0.2781434466,,,,
17491,0.0,-177.013596,1224.809448,1750.701294,-0.2482704568,-0.9285057138,0.2761139616,,,,
17492,0.0,-178.407288,1220.83313,1750.701294,-0.2435965085,-0.9303329397,0.2741192484,,,,
17493,0.0,-179.555099,1217.409058,1750.701294,-0.2376230447,-0.9324297939,0.2722314605,,,,
17494,0.0,-180.640656,1214.07251,1750.701294,-0.2320825629,-0.9343780272,0.2703245941,,,,
17495,0.0,-181.493256,1211.332031,1750.701294,-0.2257679645,-0.9363651773,0.2687918914,,,,
17496,0.0,-182.585693,1207.580688,1750.701294,-0.2129184625,-0.940186535,0.2659229358,,,,
17497,0.0,-183.826385,1203.050171,1750.701294,-0.1944831183,-0.9452763766,0.2619711598,,,,
17498,0.0,-184.5067135,1200.381714,1750.701294,-0.18304528,-0.948089092,0.2597650799,,,,
17499,0.0,-185.187042,1197.713257,1750.701294,-0.1716074416,-0.9509018075,0.257559,,,,
17500,0.0,-186.584152,1191.360962,1750.701416,-0.1328692583,-0.9590114694,0.2502853607,,,,
17501,0.0,-187.369553,1187.445068,1750.701294,-0.1088826156,-0.963217025,0.2456777132,,,,
17502,0.0,-187.903625,1184.828369,1750.701294,-0.0978488216,-0.9649811966,0.243386315,,,,
17503,0.0,-188.620071,1180.761353,1750.701416,-0.0739244391,-0.9685123253,0.2377373617,,,,
17504,0.0,-188.9212645,1179.005066,1750.701355,-0.065929788,-0.9694673748,0.2360478582,,,,
17505,0.0,-189.222458,1177.248779,1750.701294,-0.0579351369,-0.9704224243,0.2343583546,,,,
17506,0.0,-190.274429,1170.930176,1750.701294,-0.0408869312,-0.9722118595,0.230504575,,,,
17507,0.0,-190.88298,1166.932617,1750.701294,-0.0328423484,-0.973164483,0.2277548444,,,,
17508,0.0,-191.311111,1164.080444,1750.701294,-0.0304849374,-0.9734883473,0.2266960658,,,,
17509,0.0,-191.859894,1160.248901,1750.701294,-0.0291545945,-0.9735999678,0.2263915023,,,,
17510,0.0,-192.340424,1156.748169,1750.701294,-0.0289449571,-0.9736062228,0.2263915023,,,,
17511,0.0,-192.715378,1153.851807,1750.701294,-0.0289449571,-0.9736062228,0.2263915023,,,,
17512,0.0,-193.216919,1149.685791,1750.701294,-0.0289449571,-0.9736062228,0.2263915023,,,,
17513,0.0,-193.537521,1146.836914,1750.701294,-0.0289449571,-0.9736062228,0.2263915023,,,,
17514,0.0,-193.972565,1142.710693,1750.701294,-0.0289449571,-0.9736062228,0.2263915023,,,,
17515,0.0,-194.324799,1139.129395,1750.701294,-0.0289449571,-0.9736062228,0.2263915023,,,,
17516,0.0,-194.586365,1136.289551,1750.701294,-0.0289498394,-0.9737750227,0.2256637141,,,,
17517,0.0,-194.927902,1132.26123,1750.701294,-0.0280948994,-0.9742483502,0.2237204257,,,,
17518,0.0,-195.133652,1129.662354,1750.701294,-0.0274174494,-0.97458184,0.2223477471,,,,
17519,0.0,-195.446747,1125.555786,1750.701294,-0.0271079018,-0.9747335733,0.221719694,,,,
17520,0.0,-195.660522,1122.616333,1750.701294,-0.0271114888,-0.9748674528,0.221129864,,,,
17521,0.0,-195.86351,1119.643188,1750.701294,-0.0266943422,-0.9750526345,0.2203628192,,,,
17522,0.0,-196.117661,1115.704468,1750.701294,-0.0261874683,-0.9752937153,0.2193544742,,,,
17523,0.0,-196.389114,1111.312622,1750.701294,-0.0261903781,-0.9753925659,0.2189141532,,,,
17524,0.0,-196.649689,1106.845215,1750.701294,-0.0261903781,-0.9753925659,0.2189141532,,,,
17525,0.0,-196.803574,1104.078369,1750.701294,-0.0261903781,-0.9753925659,0.2189141532,,,,
17526,0.0,-197.036789,1099.700195,1750.701294,-0.0261903781,-0.9753925659,0.2189141532,,,,
17527,0.0,-197.250809,1095.494019,1750.701294,-0.0261903781,-0.9753925659,0.2189141532,,,,
17528,0.0,-197.390732,1092.633667,1750.701294,-0.0261903781,-0.9753925659,0.2189141532,,,,
17529,0.0,-197.605988,1088.075195,1750.701294,-0.0261954265,-0.9755900987,0.2180315548,,,,
17530,0.0,-197.726028,1085.441772,1750.701294,-0.0261959996,-0.9756019247,0.2179785636,,,,
17531,0.0,-197.905258,1081.238892,1750.701294,-0.02548204,-0.9757810385,0.2172602828,,,,
17532,0.0,-198.091156,1076.818359,1750.701294,-0.0252660325,-0.9758350588,0.2170427737,,,,
17533,0.0,-198.214127,1073.825439,1750.701294,-0.0252701808,-0.9759900093,0.2163444469,,,,
17534,0.0,-198.376144,1069.770996,1750.701294,-0.0252714068,-0.9760426253,0.2161068013,,,,
17535,0.0,-198.545578,1065.394409,1750.701294,-0.0252714068,-0.9760426253,0.2161068013,,,,
17536,0.0,-198.639893,1062.891357,1750.701294,-0.0252714068,-0.9760426253,0.2161068013,,,,
17537,0.0,-198.815994,1058.104614,1750.701294,-0.0252714068,-0.9760426253,0.2161068013,,,,
17538,0.0,-198.919968,1055.206055,1750.701294,-0.0252714068,-0.9760426253,0.2161068013,,,,
17539,0.0,-198.9421005,1054.5839235,1750.701294,-0.0252714068,-0.9760426253,0.2161068013,,,,
17540,0.0,-198.964233,1053.961792,1750.701294,-0.0252714068,-0.9760426253,0.2161068013,,,,
17541,0.0,-199.268494,1045.119385,1750.701294,-0.0252714068,-0.9760426253,0.2161068013,,,,
17542,0.0,-199.45842,1039.380493,1750.701294,-0.0252714068,-0.9760426253,0.2161068013,,,,
17543,0.0,-199.56517,1036.086182,1750.701294,-0.0252714068,-0.9760426253,0.2161068013,,,,
17544,0.0,-199.704544,1031.715942,1750.701294,-0.0252714068,-0.9760426253,0.2161068013,,,,
17545,0.0,-199.903839,1025.325073,1750.701294,-0.0252767579,-0.9762492984,0.2151706133,,,,
17546,0.0,-200.015976,1021.664551,1750.701294,-0.0252802985,-0.9763860455,0.2145488214,,,,
17547,0.0,-200.156387,1017.01593,1750.701294,-0.0252820858,-0.9764550742,0.2142342274,,,,
17548,0.0,-200.25621,1013.670227,1750.701294,-0.0252864511,-0.9766184022,0.2134879199,,,,
17549,0.0,-200.351227,1010.45636,1750.701294,-0.0252873904,-0.9766599487,0.2132976617,,,,
17550,0.0,-200.492508,1005.624451,1750.701294,-0.0252873904,-0.9766599487,0.2132976617,,,,
17551,0.0,-200.586578,1002.37384,1750.701294,-0.0252873904,-0.9766599487,0.2132976617,,,,
17552,0.0,-200.679764,999.31543,1750.701294,-0.0258777021,-0.9767725658,0.2127103646,,,,
17553,0.0,-200.820053,994.520691,1750.701294,-0.0262339095,-0.9770233108,0.2115117777,,,,
17554,0.0,-200.8261914286,994.3053154286,1750.701294,-0.0262340189,-0.9770260242,0.2114992274,,,,
17555,0.0,-200.8323298571,994.0899398571,1750.701294,-0.0262341283,-0.9770287377,0.2114866772,,,,
17556,0.0,-200.8384682857,993.8745642857,1750.701294,-0.0262342377,-0.9770314511,0.2114741269,,,,
17557,0.0,-200.8446067143,993.6591887143,1750.701294,-0.0262343472,-0.9770341645,0.2114615767,,,,
17558,0.0,-200.8507451429,993.4438131429,1750.701294,-0.0262344566,-0.9770368779,0.2114490264,,,,
17559,0.0,-200.8568835714,993.2284375714,1750.701294,-0.026234566,-0.9770395914,0.2114364762,,,,
17560,0.0,-200.863022,993.013062,1750.701294,-0.0262346754,-0.9770423048,0.2114239259,,,,
17561,0.0,-200.863022,993.013062,1750.701294,-0.0290862575,-0.9783590716,0.2048597488,,,,
17562,0.0,-201.557983,968.67395,1750.794189,-0.0271877823,-0.9776015831,0.2087006691,,,,
17563,0.0,-201.557983,968.67395,1750.794189,-0.0300598746,-0.97949243,0.199225961,,,,
17564,0.0,-201.88942,957.210693,1750.860718,-0.0300715374,-0.9798724593,0.1973465633,,,,
17565,0.0,-202.174469,947.454102,1750.91748,-0.0290829936,-0.9782538814,0.2053619317,,,,
17566,0.0,-202.321899,942.300476,1750.947876,-0.029100878,-0.9788508514,0.2024948138,,,,
17567,0.0,-202.429489,938.780823,1750.968506,-0.0298490415,-0.9793721505,0.1998480063,,,,
17568,0.0,-202.534164,935.223389,1750.989746,-0.0300682624,-0.9797696475,0.197856861,,,,
17569,0.0,-202.626877,932.03186,1750.995239,-0.0300815955,-0.9802001994,0.1957106711,,,,
17570,0.0,-202.783966,926.924622,1750.487183,-0.0309923573,-0.9809320601,0.1918639292,,,,
17571,0.0,-202.876968,923.991455,1750.066772,-0.0317426619,-0.9813380093,0.1896526166,,,,
17572,0.0,-203.015091,919.675232,1749.451294,-0.0328533045,-0.9820817964,0.1855694092,,,,
17573,0.0,-203.055222,918.424744,1749.272827,-0.033175279,-0.982307984,0.1843106765,,,,
17574,0.0,-203.0719658333,917.8927615,1749.2198281667,-0.0332383359,-0.9824506825,0.1835284402,,,,
17575,0.0,-203.0887096667,917.360779,1749.1668293333,-0.0333013928,-0.982593381,0.1827462039,,,,
17576,0.0,-203.1054535,916.8287965,1749.1138305,-0.0333644497,-0.9827360795,0.1819639676,,,,
17577,0.0,-203.1221973333,916.296814,1749.0608316667,-0.0334275067,-0.982878778,0.1811817312,,,,
17578,0.0,-203.1389411667,915.7648315,1749.0078328333,-0.0334905636,-0.9830214765,0.1803994949,,,,
17579,0.0,-203.155685,915.232849,1748.954834,-0.0335536205,-0.983164175,0.1796172586,,,,
17580,0.0,-203.155685,915.232849,1748.954834,-0.03400532,-0.9848542006,0.170017181,,,,
17581,0.0,-203.155685,915.232849,1748.954834,-0.0340109291,-0.9850166509,0.1690723342,,,,
17582,0.0,-203.937195,890.470459,1745.527832,-0.0339856737,-0.9842891944,0.1732621016,,,,
17583,0.0,-203.937195,890.470459,1745.527832,-0.0340220538,-0.985338841,0.1671821409,,,,
17584,0.0,-204.461502,874.401917,1743.097534,-0.0340049408,-0.9848472057,0.170057771,,,,
17585,0.0,-204.57872,870.850769,1742.560303,-0.034010267,-0.9850014608,0.1691609412,,,,
17586,0.0,-204.796707,864.28479,1741.588623,-0.0340154784,-0.9851523935,0.1682786639,,,,
17587,0.0,-204.950974,859.655396,1740.924316,-0.034021257,-0.9853197532,0.1672947639,,,,
17588,0.0,-205.049561,856.708923,1740.506714,-0.0340220538,-0.985338841,0.1671821409,,,,
17589,0.0,-205.182861,852.73407,1739.943481,-0.0340220538,-0.985338841,0.1671821409,,,,
17590,0.0,-205.330048,848.356628,1739.322998,-0.0340220538,-0.985338841,0.1671821409,,,,
17591,0.0,-205.434647,845.252991,1738.883057,-0.0340220538,-0.985338841,0.1671821409,,,,
17592,0.0,-205.559494,841.555725,1738.359253,-0.0340259051,-0.9854543713,0.1664990085,,,,
17593,0.0,-205.5771025,841.0344545,1738.2853395,-0.0340267371,-0.985476473,0.1663679195,,,,
17594,0.0,-205.767365,835.423218,1737.490234,-0.0340275691,-0.9854985747,0.1662368305,,,,
17595,0.0,-205.910004,831.221313,1736.89502,-0.0340275691,-0.9854985747,0.1662368305,,,,
17596,0.0,-206.069031,826.535461,1736.231201,-0.0340275691,-0.9854985747,0.1662368305,,,,
17597,0.0,-206.255585,821.049072,1735.453979,-0.0340275691,-0.9854985747,0.1662368305,,,,
17598,0.0,-206.321609,819.118469,1735.180298,-0.0340275691,-0.9854985747,0.1662368305,,,,
17599,0.0,-206.46991,814.773743,1734.564941,-0.0340275691,-0.9854985747,0.1662368305,,,,
17600,0.0,-206.600235,810.958801,1734.02478,-0.0340275691,-0.9854985747,0.1662368305,,,,
17601,0.0,-206.715652,807.584351,1733.546753,-0.0340275691,-0.9854985747,0.1662368305,,,,
17602,0.0,-206.84993,803.660889,1732.991089,-0.0340275691,-0.9854985747,0.1662368305,,,,
17603,0.0,-206.986374,799.678772,1732.427246,-0.0340275691,-0.9854985747,0.1662368305,,,,
17604,0.0,-207.115616,795.909058,1731.893555,-0.0340275691,-0.9854985747,0.1662368305,,,,
17605,0.0,-207.252991,791.90509,1731.326416,-0.0340275691,-0.9854985747,0.1662368305,,,,
17606,0.0,-204.524185,789.098999,1730.932983,-0.0340275691,-0.9854985747,0.1662368305,,,,
17607,0.0,-204.590042,786.28186,1730.616577,-0.0340275691,-0.9854985747,0.1662368305,,,,
17608,0.0,-204.477707,785.155396,1730.670898,-0.0340275691,-0.9854985747,0.1662368305,,,,
17609,0.0,-204.480606,778.625916,1729.586548,-0.0340275691,-0.9854985747,0.1662368305,,,,
17610,0.0,-204.603363,775.125061,1729.025146,-0.0340275691,-0.9854985747,0.1662368305,,,,
17611,0.0,-204.60611,770.756958,1728.855835,-0.0340275691,-0.9854985747,0.1662368305,,,,
17612,0.0,-204.573227,766.80957,1728.762939,-0.0340275691,-0.9854985747,0.1662368305,,,,
17613,0.0,-208.257843,762.68396,1726.123657,-0.0340275691,-0.9854985747,0.1662368305,,,,
17614,0.0,-208.408127,758.321228,1725.456421,-0.0340275691,-0.9854985747,0.1662368305,,,,
17615,0.0,-208.541565,754.449036,1724.86377,-0.0340275691,-0.9854985747,0.1662368305,,,,
17616,0.0,-208.675308,750.569458,1724.270264,-0.0340275691,-0.9854985747,0.1662368305,,,,
17617,0.0,-208.778275,747.582886,1723.813354,-0.0340275691,-0.9854985747,0.1662368305,,,,
17618,0.0,-208.889053,744.369446,1723.321655,-0.0340275691,-0.9854985747,0.1662368305,,,,
17619,0.0,-208.999649,741.163391,1722.831055,-0.0340275691,-0.9854985747,0.1662368305,,,,
17620,0.0,-209.165787,736.347046,1722.094238,-0.0340275691,-0.9854985747,0.1662368305,,,,
17621,0.0,-209.282227,732.972534,1721.577881,-0.0340275691,-0.9854985747,0.1662368305,,,,
17622,0.0,-209.418884,729.012573,1720.972046,-0.0340275691,-0.9854985747,0.1662368305,,,,
17623,0.0,-209.456512,727.921814,1720.804932,-0.0340275691,-0.9854985747,0.1662368305,,,,
17624,0.0,-209.710983,720.780457,1719.712036,-0.0349298371,-0.9856179775,0.1653393748,,,,
17625,0.0,-209.869186,717.125427,1719.150879,-0.0384956467,-0.9857859016,0.1635366666,,,,
17626,0.0,-210.036255,714.059021,1718.678345,-0.0451872515,-0.985992099,0.1605543305,,,,
17627,0.0,-210.231491,710.513184,1718.131836,-0.0526532339,-0.9860962219,0.1576130644,,,,
17628,0.0,-210.495895,706.697937,1717.541748,-0.0660339473,-0.9859821021,0.1532279741,,,,
17629,0.0,-210.79953,703.396851,1717.032104,-0.0848941205,-0.9853654734,0.1478102569,,,,
17630,0.0,-211.695419,695.983337,1715.889526,-0.1430373522,-0.9811005992,0.1303147347,,,,
17631,0.0,-212.029152,693.6211545,1715.5239255,-0.1624190284,-0.9786773144,0.1240568017,,,,
17632,0.0,-212.362885,691.258972,1715.158325,-0.1818007046,-0.9762540296,0.1177988687,,,,
17633,0.0,-212.643143,687.953735,1714.644775,-0.2035918804,-0.9728628608,0.1099463519,,,,
17634,0.0,-212.787888,683.788757,1713.996338,-0.2306649492,-0.9678732787,0.1000749596,,,,
17635,0.0,-212.47435,677.565491,1713.025757,-0.2567284292,-0.9624344075,0.0883771746,,,,
17636,0.0,-211.992355,673.553528,1712.400146,-0.2668937374,-0.9601304334,0.0831702098,,,,
17637,0.0,-211.441666,670.131104,1711.866089,-0.2733596931,-0.9586224667,0.079482353,,,,
17638,0.0,-210.752945,666.602417,1711.315796,-0.278436333,-0.9574753357,0.0755922616,,,,
17639,0.0,-209.962448,663.104492,1710.769897,-0.2823482129,-0.9565676997,0.0725101541,,,,
17640,0.0,-209.416916,660.938263,1710.4317625,-0.2851105082,-0.9559089182,0.0702639935,,,,
17641,0.0,-208.108032,656.033691,1709.664673,-0.2929824759,-0.9539393833,0.0645052075,,,,
17642,0.0,-207.077026,652.470093,1709.109619,-0.2979184847,-0.9526336586,0.06110392,,,,
17643,0.0,-206.4477005,650.4009705,1708.786621,-0.3021016296,-0.9514162376,0.0593262806,,,,
17644,0.0,-205.818375,648.331848,1708.463623,-0.3062847745,-0.9501988165,0.0575486413,,,,
17645,0.0,-203.570938,641.630066,1707.41626,-0.3169107911,-0.946979755,0.0528856707,,,,
17646,0.0,-202.362976,638.244629,1706.887207,-0.3214795169,-0.9455868109,0.0501647618,,,,
17647,0.0,-201.105072,634.759155,1706.346191,-0.3268633781,-0.9438451489,0.0481317667,,,,
17648,0.0,-199.798904,631.206665,1705.798218,-0.331616634,-0.9423255724,0.0453092001,,,,
17649,0.0,-198.584946,627.966553,1705.297974,-0.3366296159,-0.9406718221,0.0426265737,,,,
17650,0.0,-197.22963,624.4328,1704.752808,-0.3415187234,-0.9389910768,0.0407519239,,,,
17651,0.0,-195.721466,620.554932,1704.155762,-0.3455545664,-0.9375742589,0.0393262091,,,,
17652,0.0,-194.6409,617.790588,1703.728271,-0.3502325429,-0.9358956055,0.0379022631,,,,
17653,0.0,-193.189362,614.134033,1703.163574,-0.3557556805,-0.9339250048,0.0349568481,,,,
17654,0.0,-191.60643,610.183655,1702.554321,-0.3609001509,-0.9320004731,0.0335588926,,,,
17655,0.0,-190.717499,607.978149,1702.214111,-0.3637752643,-0.9309251566,0.0323405294,,,,
17656,0.0,-189.000504,603.755371,1701.564209,-0.3677275924,-0.9294229166,0.0308133081,,,,
17657,0.0,-187.600555,600.332825,1701.038086,-0.3703892097,-0.9283965021,0.0298624892,,,,
17658,0.0,-186.161179,596.832947,1700.50061,-0.372330042,-0.9276245303,0.0297165049,,,,
17659,0.0,-184.582855,593.025879,1699.917725,-0.3725764584,-0.9275255856,0.0297165049,,,,
17660,0.0,-183.199097,589.698669,1699.408691,-0.3725764584,-0.9275255856,0.0297165049,,,,
17661,0.0,-181.688995,586.074829,1698.85437,-0.3725764584,-0.9275255856,0.0297165049,,,,
17662,0.0,-180.272217,582.682007,1698.334961,-0.3725764584,-0.9275255856,0.0297165049,,,,
17663,0.0,-178.816589,579.202271,1697.802856,-0.3725764584,-0.9275255856,0.0297165049,,,,
17664,0.0,-177.593689,576.284546,1697.356323,-0.3725814813,-0.9275377625,0.0292701043,,,,
17665,0.0,-175.951996,572.370667,1696.757324,-0.3725866685,-0.927550676,0.0287909342,,,,
17666,0.0,-174.783356,569.095337,1696.256348,-0.3725869067,-0.9275515967,0.0287581705,,,,
17667,0.0,-173.663177,565.230103,1695.664795,-0.3725869067,-0.9275515967,0.0287581705,,,,
17668,0.0,-172.930664,562.017273,1695.173218,-0.3725869067,-0.9275515967,0.0287581705,,,,
17669,0.0,-172.338501,558.717224,1694.668335,-0.3725869067,-0.9275515967,0.0287581705,,,,
17670,0.0,-171.911102,555.544006,1694.182861,-0.3725869067,-0.9275515967,0.0287581705,,,,
17671,0.0,-171.57901,551.882568,1693.622681,-0.3725869067,-0.9275515967,0.0287581705,,,,
17672,0.0,-171.408417,548.425049,1693.093628,-0.3725869067,-0.9275515967,0.0287581705,,,,
17673,0.0,-171.370483,543.974731,1692.412598,-0.3725869067,-0.9275515967,0.0287581705,,,,
17674,0.0,-171.482681,540.709229,1691.911499,-0.3742004173,-0.9269282633,0.0278934103,,,,
17675,0.0,-171.496002,540.361084,1691.858032,-0.374374928,-0.926860606,0.0277998271,,,,
17676,0.0,-171.930176,536.707092,1691.296631,-0.3767577308,-0.9259590941,0.0255610707,,,,
17677,0.0,-172.395279,533.161621,1690.75293,-0.3780307724,-0.9254724079,0.0243630313,,,,
17678,0.0,-173.052155,528.236023,1689.997925,-0.3795414614,-0.9248902758,0.0229402881,,,,
17679,0.0,-173.691467,523.454224,1689.264771,-0.3809682509,-0.9243358982,0.0215948858,,,,
17680,0.0,-174.228012,519.401001,1688.643433,-0.3823008302,-0.9238140988,0.020336815,,,,
17681,0.0,-174.982391,515.406738,1688.03064,-0.3840405054,-0.9231309731,0.0184958574,,,,
17682,0.0,-175.85498,511.669128,1687.456665,-0.3860488113,-0.9223337108,0.016335276,,,,
17683,0.0,-176.701965,508.136292,1686.915283,-0.3869410013,-0.9219910436,0.014462952,,,,
17684,0.0,-177.419662,505.346954,1686.487671,-0.3877526049,-0.9216699117,0.0131335915,,,,
17685,0.0,-178.523758,501.171448,1685.8479,-0.3886584503,-0.9213079902,0.0116703155,,,,
17686,0.0,-180.462402,494.344025,1684.802368,-0.3894529868,-0.9209941806,0.009802572,,,,
17687,0.0,-181.0580215,492.3631745,1684.4992065,-0.3895554152,-0.9209599886,0.008852295,,,,
17688,0.0,-182.734222,486.906281,1683.661865,-0.3896609658,-0.9209328621,0.0068553029,,,,
17689,0.0,-183.374191,484.9078675,1683.349487,-0.3896633134,-0.9209382313,0.0058544437,,,,
17690,0.0,-184.887787,480.251495,1682.623535,-0.3896677268,-0.9209491549,0.0034229854,,,,
17691,0.0,-185.610077,478.089279,1682.2896115,-0.3892580963,-0.921125116,0.0022582694,,,,
17692,0.0,-186.332367,475.927063,1681.955688,-0.3888484658,-0.9213010772,0.0010935533,,,,
17693,0.0,-187.428879,472.735901,1681.463257,-0.3883630499,-0.9215063563,-0.0004204673,,,,
17694,0.0,-188.784714,468.832581,1680.86084,-0.3879325571,-0.9216859666,-0.0018193477,,,,
17695,0.0,-190.067154,465.223846,1680.303101,-0.3879002951,-0.9216937621,-0.0037376488,,,,
17696,0.0,-192.388657,458.830536,1679.314941,-0.3878901578,-0.9216693149,-0.0081792024,,,,
17697,0.0,-193.60675,455.532623,1678.805176,-0.3878752083,-0.9216337932,-0.0119989205,,,,
17698,0.0,-195.086365,451.573456,1678.193237,-0.3878441631,-0.9215607013,-0.0174005431,,,,
17699,0.0,-196.275101,448.471436,1677.711914,-0.3893210544,-0.9208315499,-0.0223242749,,,,
17700,0.0,-197.74472,444.65863,1677.120605,-0.3909694556,-0.9200098928,-0.0269199173,,,,
17701,0.0,-199.261429,440.767975,1676.722412,-0.3928615369,-0.9190641711,-0.0313187208,,,,
17702,0.0,-200.368713,437.940338,1676.657593,-0.393365477,-0.9187786986,-0.033306223,,,,
17703,0.0,-202.062393,433.627258,1676.701172,-0.3938205486,-0.9185050554,-0.0354095853,,,,
17704,0.0,-203.279312,430.566254,1676.701294,-0.3945348809,-0.9181339034,-0.03704542,,,,
17705,0.0,-204.813995,426.716309,1676.701294,-0.3946713886,-0.9180238736,-0.0382970315,,,,
17706,0.0,-206.13826,423.412262,1676.701294,-0.3946574577,-0.9179914697,-0.039206537,,,,
17707,0.0,-207.576019,419.845367,1676.701294,-0.3946418076,-0.9179557292,-0.040188592,,,,
17708,0.0,-208.91275,416.546875,1676.701294,-0.3946274371,-0.9179216404,-0.0410980291,,,,
17709,0.0,-210.307571,413.121246,1676.701294,-0.3946117799,-0.9178855742,-0.0420430229,,,,
17710,0.0,-211.685501,409.751953,1676.701294,-0.3945961589,-0.917849239,-0.0429726169,,,,
17711,0.0,-213.24646,405.951141,1676.701294,-0.3945936114,-0.9178429602,-0.0431298299,,,,
17712,0.0,-214.556,402.756561,1676.701294,-0.3938300162,-0.9181321852,-0.0439455207,,,,
17713,0.0,-216.147568,398.904816,1676.701294,-0.3936969774,-0.9181824272,-0.0440876446,,,,
17714,0.0,-217.186859,396.383911,1676.701294,-0.3930781847,-0.9184155595,-0.0447481926,,,,
17715,0.0,-218.897171,392.193604,1676.701294,-0.3901949725,-0.9195365477,-0.0469086446,,,,
17716,0.0,-219.754105,390.053558,1676.701294,-0.3870559723,-0.9207912763,-0.0482814639,,,,
17717,0.0,-220.90921,387.094177,1676.701294,-0.3796783873,-0.9237103243,-0.0510250832,,,,
17718,0.0,-221.986847,384.207672,1676.701294,-0.3674980407,-0.9283924494,-0.0550695017,,,,
17719,0.0,-222.737564,382.088562,1676.701294,-0.3543934662,-0.9332208628,-0.059195374,,,,
17720,0.0,-223.515717,379.680176,1676.701294,-0.3427571375,-0.9373329522,-0.0626456811,,,,
17721,0.0,-224.046249,377.6008,1676.701416,-0.3330640845,-0.9405176674,-0.0670435156,,,,
17722,0.0,-224.550797,375.345734,1676.701294,-0.324793623,-0.9431051716,-0.0711458901,,,,
17723,0.0,-224.904678,373.371185,1676.701294,-0.3203562454,-0.9442599582,-0.0757958271,,,,
17724,0.0,-225.134079,371.451538,1676.701294,-0.3187961105,-0.9444438466,-0.0799678716,,,,
17725,0.0,-225.168175,371.1752775,1676.701294,-0.3191949372,-0.944295049,-0.0801326663,,,,
17726,0.0,-225.202271,370.899017,1676.701294,-0.3195937638,-0.9441462513,-0.080297461,,,,
17727,0.0,-225.353119,366.633636,1676.701294,-0.325285264,-0.942302481,-0.0790919167,,,,
17728,0.0,-224.705551,362.58316,1676.701294,-0.3252673087,-0.9422508406,-0.0797780124,,,,
17729,0.0,-224.3716275,361.626953,1676.701294,-0.3252673087,-0.9422508406,-0.0797780124,,,,
17730,0.0,-223.546814,359.56134,1676.701294,-0.3252673087,-0.9422508406,-0.0797780124,,,,
17731,0.0,-222.769363,358.075165,1676.701294,-0.3251887735,-0.9420229627,-0.0827345117,,,,
17732,0.0,-221.766678,356.502533,1676.701294,-0.3209371912,-0.9428519885,-0.0896071825,,,,
17733,0.0,-220.824448,355.224365,1676.701294,-0.3188313484,-0.9432626821,-0.09274742,,,,
17734,0.0,-220.2638245,354.5497285,1676.701294,-0.31868496,-0.9432485642,-0.0933895528,,,,
17735,0.0,-218.80864,352.906525,1676.701294,-0.3185363705,-0.9432279287,-0.0941044906,,,,
17736,0.0,-218.089272,352.1953125,1676.701294,-0.3213029609,-0.9424969204,-0.0919295577,,,,
17737,0.0,-216.930237,351.109344,1676.701294,-0.3243652829,-0.9416862412,-0.0895219877,,,,
17738,0.0,-215.715729,350.162445,1676.701294,-0.3243652829,-0.9416862412,-0.0895219877,,,,
17739,0.0,-214.00882,348.855957,1676.701294,-0.3243652829,-0.9416862412,-0.0895219877,,,,
17740,0.0,-213.88209575,348.75933825,1676.701294,-0.3243652829,-0.9416862412,-0.0895219877,,,,
17741,0.0,-213.7553715,348.6627195,1676.701294,-0.3243652829,-0.9416862412,-0.0895219877,,,,
17742,0.0,-213.62864725,348.56610075,1676.701294,-0.3243652829,-0.9416862412,-0.0895219877,,,,
17743,0.0,-213.501923,348.469482,1676.701294,-0.3243652829,-0.9416862412,-0.0895219877,,,,
17744,0.0,-207.751633,344.375366,1676.701294,-0.3243652829,-0.9416862412,-0.0895219877,,,,
17745,0.0,-205.819,343.190369,1676.701416,-0.3255792267,-0.9412259777,-0.089954578,,,,
17746,0.0,-203.683029,341.96582,1676.701294,-0.3295677797,-0.9396995474,-0.0913774547,,,,
17747,0.0,-202.462372,341.268127,1676.701294,-0.3315517403,-0.9389321634,-0.0920860253,,,,
17748,0.0,-200.641541,340.25238,1676.701294,-0.33352722,-0.9382027384,-0.0923862282,,,,
17749,0.0,-199.311432,339.565765,1676.701294,-0.3350290753,-0.937667482,-0.0923862109,,,,
17750,0.0,-198.052551,338.924042,1676.701294,-0.33984688,-0.9359320931,-0.0923862282,,,,
17751,0.0,-196.77002,338.289673,1676.701294,-0.3458809183,-0.9337190023,-0.0923862282,,,,
17752,0.0,-195.586761,337.691284,1675.590332,-0.358332842,-0.9288450004,-0.0940454126,,,,
17753,0.0,-194.544006,337.145935,1674.140137,-0.3751998772,-0.9217773156,-0.0977324543,,,,
17754,0.0,-193.534973,336.642761,1672.766846,-0.3875179804,-0.9161689209,-0.1022952748,,,,
17755,0.0,-192.32309,336.078522,1671.231445,-0.3932161977,-0.9135673711,-0.1038059743,,,,
17756,0.0,-191.215607,335.584686,1669.882812,-0.394127118,-0.9130703773,-0.1047201075,,,,
17757,0.0,-190.038147,335.068298,1668.462891,-0.3941876946,-0.9130363131,-0.1047890853,,,,
17758,0.0,-188.853302,334.523102,1667.023682,-0.3941876946,-0.9130363131,-0.1047890853,,,,
17759,0.0,-188.7414906667,334.4698996667,1666.8863526667,-0.3942616964,-0.9130043568,-0.1047890564,,,,
17760,0.0,-188.6296793333,334.4166973333,1666.7490233333,-0.3943356981,-0.9129724004,-0.1047890274,,,,
17761,0.0,-188.517868,334.363495,1666.611694,-0.3944096999,-0.9129404441,-0.1047889985,,,,
17762,0.0,-188.517868,334.363495,1666.611694,-0.4115374917,-0.9051259017,-0.1066958058,,,,
17763,0.0,-184.619247,332.533447,1663.03125,-0.3950628817,-0.9126579683,-0.1047890853,,,,
17764,0.0,-183.005539,331.789062,1663.03125,-0.395595928,-0.9124199905,-0.1048504775,,,,
17765,0.0,-180.907471,330.863373,1663.03125,-0.4111049317,-0.9053283397,-0.1066458271,,,,
17766,0.0,-179.758499,330.359406,1663.03125,-0.4192129376,-0.9014844187,-0.1076399357,,,,
17767,0.0,-178.650803,329.87381,1663.03125,-0.4269765952,-0.8977178447,-0.1085986121,,,,
17768,0.0,-177.802521,329.500519,1663.03125,-0.4318028216,-0.8953256061,-0.1092629045,,,,
17769,0.0,-176.527954,328.944794,1663.03125,-0.4392966308,-0.8915304666,-0.1104169247,,,,
17770,0.0,-174.398956,327.972778,1663.03125,-0.4440843247,-0.8890250749,-0.1114608843,,,,
17771,0.0,-173.237427,327.423157,1663.03125,-0.4440843247,-0.8890250749,-0.1114608843,,,,
17772,0.0,-172.083405,326.869415,1664.12439,-0.442758548,-0.8896860621,-0.1114611098,,,,
17773,0.0,-171.3514865,326.5079345,1664.978577,-0.4383493016,-0.8919119118,-0.110988342,,,,
17774,0.0,-169.356323,325.628876,1666.989014,-0.4009699093,-0.9101347112,-0.1042973603,,,,
17775,0.0,-167.826263,325.057617,1668.337646,-0.3566177293,-0.9291259794,-0.097717499,,,,
17776,0.0,-167.5531845,324.968582,1668.561523,-0.3471065656,-0.9327799141,-0.0966106906,,,,
17777,0.0,-167.280106,324.879547,1668.7854,-0.3375954019,-0.9364338488,-0.0955038821,,,,
17778,0.0,-162.409805,324.636749,1671.779053,-0.0285173705,-0.9965154549,-0.078381807,,,,
17779,0.0,-160.841156,325.332367,1672.9985355,0.1524393795,-0.9681842283,-0.0763505456,,,,
17780,0.0,-158.431534,326.137085,1675.313965,0.4828485483,-0.8724010617,-0.0759846492,0.040144019,423.5486180287,1510.0132737722,1.0
17781,0.0,-156.808456,325.36438,1676.681763,0.6501598038,-0.7557501079,-0.0783198816,0.0055476098,158.4481944731,1506.3382544936,1.0
17782,0.0,-154.772797,324.30011,1676.702148,0.8065699813,-0.5845323104,-0.0881296964,0.0170584294,276.1992873748,1501.7514973209,1.0
17783,0.0,-153.510345,323.685455,1676.702026,0.864134479,-0.4942709409,-0.0946986755,0.0404027515,421.7143994451,1498.7512169595,1.0
17784,0.0,-151.085968,322.622437,1676.701294,0.9286810877,-0.3560547359,-0.1038097412,0.092498972,627.3645185434,1493.547741356,1.0
17785,0.0,-149.081085,321.967194,1676.701538,0.9671763318,-0.2299919938,-0.1080445555,,,,
17786,0.0,-146.790848,321.224823,1676.701294,0.9814584896,-0.1573082965,-0.1095140769,,,,
17787,0.0,-145.033859,320.782776,1676.701294,0.9902632769,-0.0858856012,-0.1095550362,,,,
17788,0.0,-142.123856,320.08667,1676.701294,0.9938275216,-0.0098213251,-0.1105006735,,,,
17789,0.0,-140.136902,319.690704,1676.701294,0.9935713782,0.0245737464,-0.1105081325,,,,
17790,0.0,-137.228561,319.143066,1676.701294,0.9898141543,0.0908010608,-0.1096499306,,,,
17791,0.0,-136.462982,318.976166,1676.701416,0.9886489056,0.1030114877,-0.1093708134,,,,
17792,0.0,-131.748367,317.622192,1676.701294,0.9810820244,0.1620929181,-0.1058487002,,,,
17793,0.0,-129.441132,316.827057,1676.701294,0.9783018917,0.1795304816,-0.1034128369,,,,
17794,0.0,-127.023224,315.901001,1676.701294,0.9769317369,0.1871354486,-0.1028819968,,,,
17795,0.0,-124.098053,314.697815,1676.701294,0.9758512996,0.1930734779,-0.1021610156,,,,
17796,0.0,-121.540329,313.589844,1676.701294,0.9750405166,0.197444017,-0.1015472851,,,,
17797,0.0,-117.916504,311.939026,1676.701294,0.9742316656,0.2016671445,-0.1010100222,,,,
17798,0.0,-114.810944,310.460083,1676.701294,0.9740790187,0.2028893512,-0.1000298782,,,,
17799,0.0,-112.528625,309.338348,1676.701294,0.974078035,0.2028986541,-0.1000205875,,,,
17800,0.0,-109.887512,308.039886,1676.701294,0.974078035,0.2028986541,-0.1000205875,,,,
17801,0.0,-107.174416,306.715027,1676.701294,0.974078035,0.2028986541,-0.1000205875,,,,
17802,0.0,-104.319046,305.330078,1676.701294,0.9741687136,0.20291756,-0.0990948099,,,,
17803,0.0,-102.338158,304.374298,1676.701294,0.9742433163,0.2038050559,-0.096506268,,,,
17804,0.0,-100.788757,303.631744,1676.701294,0.9741458831,0.2059962427,-0.0927650066,,,,
17805,0.0,-98.731789,302.633545,1676.701294,0.9743170034,0.2102466571,-0.0806394452,,,,
17806,0.0,-97.139984,301.842285,1676.701294,0.9740337715,0.2152439054,-0.0702016604,,,,
17807,0.0,-91.842476,301.873627,1677.410156,0.9730851511,0.2224025831,-0.0603521307,,,,
17808,0.0,-90.150833,301.177521,1677.285522,0.9688861489,0.2442805532,-0.039832673,,,,
17809,0.0,-88.273407,300.448639,1677.091797,0.9634329622,0.2671903071,-0.0201560708,,,,
17810,0.0,-86.44268,299.670563,1676.960815,0.9590836133,0.2830517787,-0.0063492732,,,,
17811,0.0,-84.520271,298.839508,1676.864258,0.955765969,0.2940612759,0.0062752378,,,,
17812,0.0,-82.577354,297.961823,1676.833862,0.9536745694,0.2999849832,0.0226677211,,,,
17813,0.0,-80.427643,296.843811,1676.866089,0.9531399847,0.3012496294,0.0277998271,,,,
17814,0.0,-78.922363,296.088287,1676.930664,0.9536264688,0.2995402396,0.0295330815,,,,
17815,0.0,-76.713737,294.967957,1676.962891,0.9542059291,0.2974741449,0.0316255896,,,,
17816,0.0,-75.556633,294.371368,1676.962769,0.9547386052,0.2955386483,0.033631876,,,,
17817,0.0,-73.763481,293.584473,1676.726562,0.9555083816,0.2927600802,0.0359898339,,,,
17818,0.0,-72.681633,293.0816955,1676.506042,0.9558899134,0.2913984536,0.0368599781,,,,
17819,0.0,-71.599785,292.578918,1676.285522,0.9562714452,0.2900368271,0.0377301223,,,,
17820,0.0,-70.7351,292.1662595,1675.804199,0.9563929262,0.289595576,0.0380351246,,,,
17821,0.0,-69.870415,291.753601,1675.322876,0.9463807917,0.3205111239,0.0404477022,,,,
17822,0.0,-63.705212,289.500671,1670.054199,0.9567264134,0.2884520837,0.0383401269,,,,
17823,0.0,-61.739986,288.696167,1668.184204,0.9570670934,0.2873197058,0.0383401269,,,,
17824,0.0,-59.786705,288.30719,1668.010376,0.9570670934,0.2873197058,0.0383401269,,,,
17825,0.0,-58.819031,288.299194,1666.374023,0.9471264221,0.318318746,0.0403077712,,,,
17826,0.0,-58.330612,288.158997,1664.738403,0.9465190701,0.3198370032,0.0424963681,,,,
17827,0.0,-57.561554,288.071503,1662.732544,0.9467941788,0.3186504661,0.045195835,,,,
17828,0.0,-57.48016,288.00473,1661.081421,0.9470576063,0.3178608251,0.0452370001,,,,
17829,0.0,-57.348057,288.05249,1660.010376,0.9471040258,0.3177224885,0.0452369827,,,,
17830,0.0,-56.934914,288.374268,1660.184082,0.9461237649,0.3203470821,0.0471971243,,,,
17831,0.0,-56.595886,288.766785,1660.208496,0.942345699,0.3305398055,0.052230456,,,,
17832,0.0,-55.885323,289.377441,1660.159668,0.9389996083,0.3395586138,0.0545864764,,,,
17833,0.0,-53.011284,290.808838,1661.489258,0.938174774,0.3417794588,0.054908059,,,,
17834,0.0,-51.966549,291.697235,1661.420288,0.9381075582,0.341963908,0.054908059,,,,
17835,0.0,-51.240063,292.464325,1661.309204,0.9381075582,0.341963908,0.054908059,,,,
17836,0.0,-51.1676026667,292.5239156667,1661.3015543333,0.9390046602,0.3395896809,0.0541769718,,,,
17837,0.0,-51.0951423333,292.5835063333,1661.2939046667,0.9399017623,0.3372154537,0.0534458845,,,,
17838,0.0,-51.022682,292.643097,1661.286255,0.9407988643,0.3348412266,0.0527147973,,,,
17839,0.0,-50.182373,294.838501,1661.171387,0.9480766505,0.3145843178,0.0467693458,,,,
17840,0.0,-50.108097,295.162201,1660.928223,0.9484894008,0.3133376558,0.0467693284,,,,
17841,0.0,-50.229603,295.858246,1660.861206,0.9491797839,0.3112400459,0.0467693458,,,,
17842,0.0,-50.086143,296.46405,1660.512939,0.9493339407,0.3107695244,0.0467693458,,,,
17843,0.0,-50.154984,297.35498,1660.544922,0.9495683427,0.3100525614,0.0467693458,,,,
17844,0.0,-50.35606,297.968292,1660.447876,0.9495946713,0.3099719156,0.0467693458,,,,
17845,0.0,-50.39296,298.471405,1660.397339,0.9501503644,0.3082643562,0.0467693458,,,,
17846,0.0,-50.546371,299.197388,1660.284424,0.9512524946,0.3048463872,0.0467693458,,,,
17847,0.0,-50.75576,299.985199,1660.227539,0.952203378,0.3018631372,0.0467693632,,,,
17848,0.0,-50.872734,300.574005,1660.206421,0.952233926,0.3017667618,0.0467693458,,,,
17849,0.0,-50.937286,301.142365,1660.270386,0.9524202108,0.3011783033,0.0467693458,,,,
17850,0.0,-50.932556,301.925903,1660.430786,0.9525228002,0.3008536911,0.0467693458,,,,
17851,0.0,-50.869217,302.710938,1660.544922,0.9525228002,0.3008536911,0.0467693458,,,,
17852,0.0,-50.690308,303.370148,1660.955566,0.9525228002,0.3008536911,0.0467693458,,,,
17853,0.0,-50.6555595,303.4609985,1660.955566,0.9525162242,0.300851614,0.0469161756,,,,
17854,0.0,-50.620811,303.551849,1660.955566,0.9530547106,0.2990131271,0.0477270193,,,,
17855,0.0,-50.044292,304.541931,1661.415649,0.9524796047,0.3008400478,0.0477270193,,,,
17856,0.0,-49.335464,305.147095,1661.734863,0.9524796047,0.3008400478,0.0477270193,,,,
17857,0.0,-48.553688,305.453735,1661.763306,0.9529897354,0.2992201461,0.0477270193,,,,
17858,0.0,-48.069145,305.537048,1661.598267,0.9530547106,0.2990131271,0.0477270193,,,,
17859,0.0,-47.635765,305.467438,1662.192993,0.9533018684,0.29822421,0.0477270193,,,,
17860,0.0,-47.3942525,305.367386,1662.6121215,0.9534574092,0.2977260957,0.0477270193,,,,
17861,0.0,-47.15274,305.267334,1663.03125,0.9536129501,0.2972279815,0.0477270193,,,,
17862,0.0,-46.618771,305.161591,1664.872681,0.9536263072,0.2971851237,0.0477270193,,,,
17863,0.0,-46.74234,305.18808,1667.14563,0.9536263072,0.2971851237,0.0477270193,,,,
17864,0.0,-46.808727,305.172852,1668.634277,0.9536263072,0.2971851237,0.0477270193,,,,
17865,0.0,-46.736233,305.126007,1669.719238,0.9536263072,0.2971851237,0.0477270193,,,,
17866,0.0,-46.573536,305.08786,1671.295654,0.9536263072,0.2971851237,0.0477270193,,,,
17867,0.0,-46.598373,305.159607,1672.646973,0.9536263072,0.2971851237,0.0477270193,,,,
17868,0.0,-46.320843,305.268066,1673.050781,0.9536920434,0.2969548418,0.0478467167,,,,
17869,0.0,-46.088696,305.714844,1675.539185,0.9544031938,0.2945239384,0.0486846315,,,,
17870,0.0,-45.691208,305.842072,1677.022339,0.9557627999,0.2900815005,0.0486846315,,,,
17871,0.0,-45.075638,305.771729,1677.5,0.9568027847,0.2866325833,0.0486846315,,,,
17872,0.0,-44.407749,305.683746,1677.183594,0.9591605966,0.2786409097,0.0486846315,,,,
17873,0.0,-43.757149,305.533051,1676.785034,0.9606113464,0.273459367,0.04945519,,,,
17874,0.0,-43.036186,305.41449,1676.514771,0.9636445695,0.2623549787,0.0505866475,,,,
17875,0.0,-42.467106,305.043854,1676.078735,0.9668012364,0.2503315275,0.051278609,,,,
17876,0.0,-41.338093,304.920807,1675.914673,0.9754347857,0.2137504902,0.0532701302,,,,
17877,0.0,-40.277832,304.962646,1675.832397,0.9804956127,0.1891271866,0.0534720558,,,,
17878,0.0,-38.93264,305.326508,1675.950928,0.986874533,0.1521884083,0.054012448,,,,
17879,0.0,-36.306515,305.46225,1675.98291,0.9940153277,0.0936765628,0.0561981309,,,,
17880,0.0,-34.775883,305.404449,1675.891846,0.9953238034,0.0775474078,0.0575927597,0.1454732638,1191.2267034055,2293.4341742497,0.0
17881,0.0,-32.114861,305.508087,1675.85083,0.9969762171,0.0486253403,0.0606135205,0.131783313,1134.9542304904,2287.3599565873,0.0
17882,0.0,-30.074722,305.829651,1675.961304,0.997697867,0.0246531898,0.0631758373,0.1209232222,1088.3223931533,2283.1289820053,0.0
17883,0.0,-28.805967,306.059174,1676.344849,0.9978362186,0.0143629677,0.0641606269,0.1165240294,1068.6117775994,2281.0361467564,0.0
17884,0.0,-24.720102,306.874054,1676.552124,0.9976316751,-0.0198520248,0.0658554314,0.1025690671,1002.6800866539,2272.8522198866,0.0
17885,0.0,-22.511642,307.121857,1676.507812,0.9972033097,-0.0337257125,0.0666943429,0.0972098627,975.656910725,2268.5403811071,0.0
17886,0.0,-20.308508,307.480652,1676.428955,0.9967315868,-0.0443499679,0.0675220278,0.0934452796,955.8725528504,2264.6269436222,0.0
17887,0.0,-17.03142,307.818695,1676.366699,0.9958891419,-0.059066578,0.0686728209,0.0883618371,928.4178197121,2258.9585039669,0.0
17888,0.0,-14.588614,307.997681,1676.43042,0.9955626494,-0.0642176349,0.068783039,0.0869538608,919.6241920234,2254.7751008345,0.0
17889,0.0,-11.135953,308.267944,1676.487427,0.9951278331,-0.0706363175,0.068783039,0.0852199732,908.7131356238,2249.5552545894,0.0
17890,0.0,-8.872033,308.428406,1676.532593,0.9945088192,-0.0788739629,0.068783039,0.0825774027,893.620539944,2245.7613971106,0.0
17891,0.0,-5.22055,308.681213,1676.683716,0.993575583,-0.0898690957,0.068783039,0.0792052733,873.7159000985,2240.0242166368,0.0
17892,0.0,-1.799266,308.857239,1676.82959,0.9929585696,-0.0964477712,0.068783039,0.0774911403,862.6018689477,2234.8593392794,0.0
17893,0.0,0.779186,308.911102,1676.882202,0.9927199117,-0.0988740136,0.068783039,0.077166788,859.3737290601,2230.9819365595,0.0
17894,0.0,4.330729,308.924133,1676.853638,0.9926480009,-0.0995933726,0.068783039,0.0777079759,860.1979777348,2225.6452207909,0.0
17895,0.0,8.089835,308.928284,1676.843384,0.9926480009,-0.0995933726,0.068783039,0.0785789297,862.641382001,2220.0663742187,0.0
17896,0.0,10.833651,308.901123,1676.724976,0.9926480009,-0.0995933726,0.068783039,0.0791983318,864.3469824656,2216.097384255,0.0
17897,0.0,17.483276,309.239594,1676.437012,0.9926480009,-0.0995933726,0.068783039,0.0807785588,868.9084614032,2206.8023237778,0.0
17898,0.0,19.3765345,309.4708405,1676.373291,0.9926480009,-0.0995933726,0.068783039,0.0812715769,870.4301604312,2204.2531129924,0.0
17899,0.0,21.269793,309.702087,1676.30957,0.9926480009,-0.0995933726,0.068783039,0.0817645949,871.9518594592,2201.7039022071,0.0
17900,0.0,25.226763,310.435272,1676.1875,0.9926480009,-0.0995933726,0.068783039,0.082871271,875.5260212223,2196.5516547188,0.0
17901,0.0,27.976065,310.867676,1676.207642,0.9926480009,-0.0995933726,0.068783039,0.0836467504,877.9778381406,2192.9121462339,0.0
17902,0.0,34.235519,312.038605,1676.630981,0.9926480009,-0.0995933726,0.068783039,0.0854972219,883.8441122447,2184.5987017549,0.0
17903,0.0,37.569324,312.391388,1676.925415,0.992626837,-0.1002579183,0.0681198372,0.0861168685,885.0733762596,2180.1052216072,0.0
17904,0.0,41.484661,312.754181,1677.218628,0.9925361231,-0.1013489297,0.0678265339,0.0866781178,885.7955555545,2175.1276128335,0.0
17905,0.0,44.314823,313.030426,1677.399048,0.9924553384,-0.1021369915,0.0678265165,0.0872339933,886.9155159109,2171.2431098611,0.0
17906,0.0,46.5420495,313.2273405,1677.552063,0.9923911548,-0.1027568486,0.0678265252,0.0876269285,887.6175716692,2168.3192910229,0.0
17907,0.0,51.588245,313.707489,1677.85437,0.9923239,-0.1034061833,0.0678265339,0.0888189747,890.6934054528,2161.8444720372,0.0
17908,0.0,55.673264,314.053772,1677.888306,0.9923239,-0.1034061833,0.0678265339,0.0899890725,894.1548558609,2156.7505900535,0.0
17909,0.0,58.532597,314.288025,1677.866333,0.9923239,-0.1034061833,0.0678265339,0.0908075813,896.5558592266,2153.2350885775,0.0
17910,0.0,62.184967,314.523926,1677.573364,0.9923239,-0.1034061833,0.0678265339,0.0918358839,899.5012051729,2148.7588689355,0.0
17911,0.0,65.308319,314.663849,1677.420776,0.9923239,-0.1034061833,0.0678265339,0.0927103133,901.9167159427,2144.8359558334,0.0
17912,0.0,69.450134,314.822662,1677.110229,0.9923239,-0.1034061833,0.0678265339,0.0938771085,905.1579016021,2139.7796166916,0.0
17913,0.0,73.53743,314.942322,1676.762573,0.9922266514,-0.1043351981,0.0678265339,0.0946087174,906.4592438989,2134.9643022214,0.0
17914,0.0,76.463882,314.999084,1676.637451,0.9922243057,-0.1043575032,0.0678265339,0.0954155023,908.5869246548,2131.3603857505,0.0
17915,0.0,79.279274,315.034424,1676.500366,0.9922602926,-0.1043612531,0.0672922032,0.0960699206,910.125607017,2128.0514334555,0.0
17916,0.0,82.70713,315.044006,1676.491821,0.9922885201,-0.1043642569,0.0668699839,0.0970591714,912.6720428236,2123.6542719744,0.0
17917,0.0,87.678268,315.045349,1676.500854,0.9922885201,-0.1043642569,0.0668699839,0.0985041517,916.3501061646,2117.3198846865,0.0
17918,0.0,91.069656,315.069458,1676.632446,0.9922885201,-0.1043642569,0.0668699839,0.0994695678,918.7448981889,2113.0628312542,0.0
17919,0.0,94.149269,315.052185,1676.762085,0.9922230464,-0.1049849216,0.0668699665,0.100089168,919.7660086327,2109.1972992939,0.0
17920,0.0,98.487991,315.023254,1677.302612,0.992102897,-0.1061143218,0.0668699665,0.1009366779,921.134814093,2103.9187800108,0.0
17921,0.0,102.740746,314.936737,1677.751953,0.9919448116,-0.1081685212,0.0659170819,0.1012843853,920.3750448554,2098.7640926436,0.0
17922,0.0,105.977829,314.871368,1678.135986,0.9918529736,-0.1090096815,0.0659133376,0.1019041534,921.3000213595,2094.8169009584,0.0
17923,0.0,108.903015,314.841675,1678.617676,0.9918115087,-0.1097721562,0.0652687125,0.102451839,922.0922105464,2091.3083451389,0.0
17924,0.0,112.375221,314.855042,1679.036499,0.9917973743,-0.1100845125,0.0649566655,0.103415763,924.3552546362,2087.1779390217,0.0
17925,0.0,118.153755,311.160767,1676.808594,0.9916665749,-0.1117358213,0.0641288576,0.1035346732,921.084609569,2078.6633732048,0.0
17926,0.0,122.026482,310.866241,1676.768677,0.9913062584,-0.1154379057,0.0631347123,0.1024396427,914.4243290874,2074.0343527548,0.0
17927,0.0,125.904549,310.520294,1676.729004,0.9904567456,-0.1230231452,0.0621348604,0.1001611531,902.5898639507,2069.1044390965,0.0
17928,0.0,128.977661,310.189545,1676.706543,0.9891857722,-0.1339064869,0.0598377884,0.0961932203,883.7672375577,2065.1625037384,0.0
17929,0.0,132.869659,309.781952,1676.700684,0.9878599751,-0.1439455576,0.0584152901,0.0928967725,867.0919561407,2060.0499180224,0.0
17930,0.0,136.115051,309.358582,1676.701294,0.9856182411,-0.1596085765,0.0555138275,0.0870551293,838.8558782931,2055.6015794207,0.0
17931,0.0,140.689163,308.683899,1676.701294,0.9811337283,-0.1860391391,0.0525932121,0.0774126173,790.5207391103,2049.1056397993,0.0
17932,0.0,143.319199,308.307922,1676.701294,0.9790445597,-0.197099463,0.0512206182,0.0736646899,770.4559638457,2045.2772898573,0.0
17933,0.0,148.132217,307.50119,1676.701294,0.9731398465,-0.2252060309,0.0477606832,0.0640894577,717.8801496634,2038.0554885059,0.0
17934,0.0,151.291611,306.900146,1676.701172,0.9682612628,-0.2456114367,0.0463157556,0.0574586933,679.2471696409,2033.1285256205,0.0
17935,0.0,154.74646,306.272583,1676.701294,0.9638870507,-0.2624597915,0.0451288305,0.0523657208,647.5694657421,2027.7252764909,0.0
17936,0.0,158.121094,305.690674,1676.701294,0.9611938011,-0.2723042467,0.0442365678,0.0496989166,629.6382030584,2022.3987079044,0.0
17937,0.0,165.141418,304.401398,1676.701294,0.957629176,-0.2848804776,0.042302183,0.0467367948,607.5841966378,2010.9284662015,0.0
17938,0.0,167.4242705,303.9793855,1676.701294,0.9574978451,-0.2853449314,0.0421412845,0.0469229361,607.6084360323,2007.1230801364,0.0
17939,0.0,169.707123,303.557373,1676.701294,0.9573665142,-0.2858093852,0.041980386,0.0471090775,607.6326754267,2003.3176940712,0.0
17940,0.0,176.728973,302.150726,1676.701294,0.9571328868,-0.2865907958,0.041980386,0.0478528476,608.6516281746,1991.4005331509,0.0
17941,0.0,180.666534,301.298981,1676.701294,0.9565804351,-0.2884293991,0.041980386,0.0478159236,606.3437347188,1984.5965714813,0.0
17942,0.0,182.5989835,300.852463,1676.701294,0.9558890166,-0.2907700978,0.0415061004,0.0473264479,602.2726640925,1981.2017915463,0.0
17943,0.0,187.53508,299.694122,1676.701294,0.9542921288,-0.2961540862,0.0402404038,0.046260746,592.9960430732,1972.4780460464,0.0
17944,0.0,191.688004,298.691071,1676.701294,0.9532678176,-0.2994583491,0.0400645119,0.045774224,587.7220812125,1965.0524364695,0.0
17945,0.0,195.208649,297.823669,1676.701294,0.952731683,-0.3012766154,0.039175773,0.0456348414,584.9514031496,1958.7033156836,0.0
17946,0.0,198.620651,296.955414,1676.701294,0.9519360537,-0.3037901059,0.0391065366,0.045286405,580.9180585233,1952.4925580583,0.0
17947,0.0,202.291916,296.013916,1676.701294,0.9515643747,-0.3049523235,0.0391065366,0.045386917,579.546698409,1945.7753335419,0.0
17948,0.0,206.295471,294.94986,1676.701294,0.9506585128,-0.3077646356,0.0391065366,0.0450138206,575.0206536791,1938.3788408275,0.0
17949,0.0,209.85643,293.972107,1676.701294,0.9494888411,-0.3113544915,0.0391065366,0.0443413406,568.8553658601,1931.7500030223,0.0
17950,0.0,213.425232,292.947845,1676.701294,0.9474075663,-0.3176312045,0.0391065366,0.0428490567,557.4737672009,1925.0483516552,0.0
17951,0.0,216.989975,291.894897,1676.701294,0.9449570522,-0.3248489624,0.0391065366,0.0410916834,544.2564394045,1918.313374302,0.0
17952,0.0,220.403793,290.85733,1676.701294,0.9422459958,-0.3326306694,0.0391065366,0.0391786693,529.8974118221,1911.8241646093,0.0
17953,0.0,223.883606,289.793091,1676.701294,0.9400000995,-0.3389254958,0.0391065366,0.0377375908,518.4489816318,1905.1992324444,0.0
17954,0.0,227.247009,288.744476,1676.701294,0.937830925,-0.3448823494,0.0391065366,0.0363993946,507.6287295811,1898.7707569451,0.0
17955,0.0,231.091202,287.545166,1676.701294,0.9362480519,-0.3491565038,0.0391065366,0.0355981261,500.1694533583,1891.4219568943,0.0
17956,0.0,234.871353,286.370117,1676.701294,0.935822973,-0.3502942221,0.0391065366,0.0356688865,498.746168824,1884.201950107,0.0
17957,0.0,238.344086,285.280701,1676.701294,0.9358184242,-0.350306374,0.0391065366,0.0363332219,502.2419878213,1880.3000833596,0.0
17958,0.0,241.868378,284.158325,1676.701294,0.9358184242,-0.350306374,0.0391065366,0.0367125237,503.0182258498,1873.6335432054,0.0
17959,0.0,245.450836,283.001312,1676.701294,0.9358184242,-0.350306374,0.0391065366,0.0370870907,503.6785441203,1866.7731779059,0.0
17960,0.0,248.910599,281.869629,1676.701294,0.9358184242,-0.350306374,0.0391065366,0.0374930008,504.5901105335,1860.193089029,0.0
17961,0.0,252.672394,280.624847,1676.701294,0.9358184242,-0.350306374,0.0391065366,0.0379155022,505.4027577522,1852.9783610873,0.0
17962,0.0,255.923065,279.537445,1676.701294,0.9358184242,-0.350306374,0.0391065366,0.0382811357,506.0716736263,1846.7207901755,0.0
17963,0.0,259.514252,278.102692,1676.701294,0.9358184242,-0.350306374,0.0391065366,0.0386452612,506.4436681786,1839.5218357683,0.0
17964,0.0,262.875824,276.499908,1676.701294,0.9358184242,-0.350306374,0.0391065366,0.0389867012,506.6874216315,1832.489982579,0.0
17965,0.0,265.89679,274.842621,1676.701294,0.9361309654,-0.3494703056,0.0391065366,0.0395184786,508.2348904107,1825.9252369416,0.0
17966,0.0,269.0578,272.905853,1676.701294,0.9371296714,-0.3467833009,0.0391065366,0.0406008568,512.9962252695,1818.8007022724,0.0
17967,0.0,271.663269,271.13205,1676.701294,0.9382694025,-0.3435923311,0.039935426,0.0418137216,518.6765519131,1812.6343335807,0.0
17968,0.0,274.470245,269.064728,1676.701294,0.9400486732,-0.3384818091,0.041696007,0.0436468039,527.670585416,1805.7724780135,0.0
17969,0.0,277.623932,266.563629,1676.701294,0.9430999951,-0.3296015395,0.043877379,0.0467295375,543.1838079762,1797.9180089841,0.0
17970,0.0,279.974121,264.533417,1676.701294,0.9452629809,-0.3232296704,0.0447266942,0.0489524233,553.7370790045,1791.7713076154,0.0
17971,0.0,282.783691,261.952332,1676.701294,0.9478497978,-0.3154159045,0.0457555235,0.0517027166,566.2923811766,1784.2529557108,0.0
17972,0.0,285.459808,259.29538,1676.701294,0.9494430788,-0.3104362138,0.0467674804,0.0534927954,573.3589327639,1776.8506618496,0.0
17973,0.0,287.513275,257.181061,1676.701294,0.9521961638,-0.3017433649,0.0476802629,0.0565564328,587.178817281,1771.1013249687,0.0
17974,0.0,290.143311,254.377457,1676.701294,0.9548393179,-0.2931240141,0.0485817789,0.0596764477,600.1330687968,1763.6361761511,0.0
17975,0.0,292.699951,251.470383,1676.701294,0.9564229386,-0.2877410249,0.0496010599,0.0616705922,607.1666280026,1756.1234468656,0.0
17976,0.0,295.109314,248.660019,1676.701294,0.9588503507,-0.2793706162,0.0505773045,0.0647665152,619.1820385761,1748.9459967724,0.0
17977,0.0,297.33139,245.996796,1676.701294,0.9613028433,-0.2706400155,0.0514861683,0.0680517621,631.7246425149,1742.2496567073,0.0
17978,0.0,299.790161,242.943939,1676.701294,0.9634703882,-0.2626172218,0.0525071991,0.0711297859,642.5482444437,1734.716411271,0.0
17979,0.0,301.906281,240.234802,1676.701294,0.9650004552,-0.2565693324,0.0542798236,0.0731875269,648.2963306266,1726.3756543972,0.0
17980,0.0,306.234283,234.471298,1677.53894,0.967119494,-0.2482488787,0.0552483347,0.0765498296,657.2724643767,1712.9033325592,0.0
17981,0.0,308.425842,231.457794,1677.720093,0.9678532517,-0.2453413876,0.0553867016,0.0777194429,659.3888982454,1705.9582749223,0.0
17982,0.0,310.629333,228.356354,1677.701294,0.9681612314,-0.2441232135,0.0553867016,0.0782014788,658.6037433071,1698.8803159582,0.0
17983,0.0,312.760986,225.298599,1677.701294,0.9681923398,-0.2439998083,0.0553867016,0.0782421933,656.0827133202,1691.9548115275,0.0
17984,0.0,315.104004,221.921249,1677.701294,0.9685895185,-0.2422067892,0.0563046713,0.0789862395,656.0897838712,1684.3111300418,0.0
17985,0.0,317.052612,219.069855,1677.701294,0.9688105851,-0.2413118553,0.0563439312,0.0793279569,654.9447847616,1677.8956430079,0.0
17986,0.0,319.256805,215.841507,1677.701294,0.9694769993,-0.2386204293,0.0563439312,0.0803805413,656.2397037684,1670.6268898624,0.0
17987,0.0,319.594543,215.34671,1677.701294,0.9695868032,-0.2381738703,0.0563439312,0.0807827299,656.201168333,1666.5397051542,0.0
17988,0.0,322.39444,211.223999,1677.701294,0.9712625055,-0.2309629409,0.057491437,0.0836451873,663.9131161691,1658.2607013345,0.0
17989,0.0,324.646851,207.865753,1677.701294,0.9720349354,-0.227557281,0.0580152421,0.0849828082,666.168125733,1651.322778307,0.0
17990,0.0,327.364685,203.80809,1677.701294,0.9729000188,-0.2236742967,0.0586119653,0.0864943362,668.4795716722,1643.1583908752,0.0
17991,0.0,329.791016,200.193069,1677.701294,0.9737382187,-0.2198389224,0.0592007576,0.0880340417,671.0055659676,1635.5383216159,0.0
17992,0.0,331.761993,197.232407,1677.701294,0.9744663656,-0.2165844957,0.0592153578,0.0893321515,673.0873091739,1629.2018979837,0.0
17993,0.0,333.836914,194.099136,1677.701294,0.9751696988,-0.2133954123,0.0592153404,0.0906477791,674.7713153993,1621.9408162977,0.0
17994,0.0,335.782288,191.16922,1677.701294,0.9759199592,-0.2099375541,0.0592153404,0.0920673717,677.0405305522,1615.4007416831,0.0
17995,0.0,337.853149,188.064011,1677.701294,0.9768412535,-0.2053656634,0.0600508932,0.0940136235,680.8691497717,1608.4529623183,0.0
17996,0.0,339.999237,184.865036,1677.701294,0.978030464,-0.199588814,0.0601723923,0.0964637551,686.1644834728,1601.2737256953,0.0
17997,0.0,342.094604,181.721313,1677.701294,0.9788343811,-0.1956081225,0.0601723923,0.0981450911,688.7747292563,1594.2419126278,0.0
17998,0.0,344.302765,178.427902,1677.701294,0.9798029805,-0.1906971599,0.0601723575,0.1002478066,692.5050908098,1586.8543014767,0.0
17999,0.0,345.899658,176.039917,1677.701294,0.9802785601,-0.1881010096,0.0605966568,0.1013756506,693.8366796761,1581.5062218623,0.0
18000,0.0,348.384338,172.314789,1677.701294,0.9808173886,-0.1851041268,0.0611041116,0.1026658783,694.3239103144,1573.175409023,0.0
18001,0.0,350.301666,169.417297,1677.701294,0.9808439556,-0.1849549587,0.0611293541,0.1026765707,691.5100712402,1566.7227404874,0.0
18002,0.0,352.536224,166.062088,1677.701294,0.9810118783,-0.1840622144,0.0611293367,0.1030106494,689.2607071467,1559.2293906612,0.0
18003,0.0,354.669952,162.867996,1677.701294,0.9811923021,-0.1830979749,0.0611293541,0.1033402123,687.1299202327,1552.063432338,0.0
18004,0.0,356.567444,160.035187,1677.701294,0.9813517317,-0.1822415509,0.0611293367,0.103573062,685.0452630344,1545.7092357494,0.0
18005,0.0,358.70459,156.839142,1677.701294,0.9813718681,-0.1821330791,0.0611293541,0.1033901326,681.3067673406,1538.5589953155,0.0
18006,0.0,360.788086,153.742523,1677.701294,0.981529769,-0.1812802162,0.0611293367,0.1034918107,678.5505384512,1531.6228804151,0.0
18007,0.0,362.935638,150.544922,1677.701294,0.9815460361,-0.1811921109,0.0611293541,0.1031886751,674.4494690451,1524.4785989047,0.0
18008,0.0,364.959503,147.549774,1677.701294,0.9817017175,-0.1803467214,0.0611293541,0.1031984177,671.5151915902,1517.77841155,0.0
18009,0.0,367.093658,144.399567,1677.701294,0.9818768884,-0.1793905802,0.0611293367,0.1031862547,668.3629772018,1510.7378708365,0.0
18010,0.0,369.251068,141.221359,1677.701294,0.9820527214,-0.178425493,0.0611293367,0.1031224897,665.0295294069,1503.64249563,0.0
18011,0.0,371.391571,138.088882,1677.701294,0.9823874784,-0.1765730567,0.0611293541,0.1034299298,662.8639680393,1496.638286316,0.0
18012,0.0,373.398743,135.184097,1677.701294,0.9830055502,-0.1730990765,0.0611293541,0.104518724,663.2376905814,1490.0896543839,0.0
18013,0.0,375.540161,132.084076,1677.701294,0.9835197569,-0.1701531362,0.0611293541,0.1053838009,662.6921282998,1483.0789119375,0.0
18014,0.0,377.697845,128.968689,1677.701294,0.9840116796,-0.1672848426,0.0611293367,0.1062571248,662.3109952144,1476.4625267081,0.0
18015,0.0,379.848694,125.848587,1677.701294,0.9841990384,-0.1661789907,0.0611293367,0.106333206,659.1505716826,1468.9208561339,0.0
18016,0.0,382.115479,122.58165,1677.701294,0.9845247743,-0.1642381596,0.0611293367,0.1068022076,657.1645271811,1461.4568703123,0.0
18017,0.0,384.066864,119.754745,1677.701294,0.9845266077,-0.1642271621,0.0611293541,0.1064927338,653.5774414156,1455.4710709948,0.0
18018,0.0,386.502014,116.641853,1677.701294,0.9846811229,-0.1632981639,0.0611293367,0.1066351175,650.3691355739,1447.4135637794,0.0
18019,0.0,388.945343,113.903809,1677.701294,0.984839385,-0.1623409682,0.0611293367,0.1069319867,648.004622506,1440.2609219727,0.0
18020,0.0,393.760468,109.298973,1678.279541,0.9848396984,-0.1623390601,0.0611293541,0.1069837995,642.51129558,1427.7250944738,0.0
18021,0.0,396.453308,107.077675,1678.939819,0.9849713233,-0.1615385292,0.0611293367,0.1075280118,640.7503776068,1420.4087303039,0.0
18022,0.0,399.334503,104.916496,1679.587402,0.9851284102,-0.1605777683,0.0611293367,0.108238883,639.5514603819,1413.3531677951,0.0
18023,0.0,400.897659,103.852535,1679.913513,0.985281596,-0.1596322751,0.0611293367,0.108865057,639.6634684966,1409.7789767539,0.0
18024,0.0,402.460815,102.788574,1680.239624,0.9854347819,-0.1586867819,0.0611293367,0.109491231,639.7754766113,1406.2047857127,0.0
18025,0.0,408.316772,99.25341,1681.34668,0.9856065853,-0.1576161831,0.0611293541,0.1108800222,637.6978371037,1393.3445441845,0.0
18026,0.0,409.994293,98.352291,1681.636719,0.9856763462,-0.1571787119,0.0611293454,0.1113770854,637.3814088328,1389.7363605909,0.0
18027,0.0,414.64679,95.960899,1682.413818,0.9857572431,-0.1566711833,0.0611293541,0.1124728348,635.7478661367,1379.7947404749,0.0
18028,0.0,418.158234,94.315132,1682.960571,0.9857572431,-0.1566711833,0.0611293541,0.113149393,634.3057554185,1372.7889658651,0.0
18029,0.0,419.9009555,93.5578765,1683.1849975,0.9858305004,-0.1562088583,0.0611293541,0.1137790176,634.1709501179,1368.9387383065,0.0
18030,0.0,424.727142,91.544998,1683.736328,0.9860398914,-0.1548823248,0.0611293541,0.1155534222,634.0455644173,1358.7424616961,0.0
18031,0.0,428.302795,90.168381,1684.099487,0.9861948749,-0.1538923999,0.0611293541,0.116922389,634.1955596249,1351.5753009936,0.0
18032,0.0,431.951508,88.86335,1684.456055,0.9866387345,-0.15102056,0.0611293541,0.1192718807,636.7245427068,1344.3722754368,0.0
18033,0.0,435.210541,87.747566,1684.865356,0.9867755091,-0.1501242782,0.0611293367,0.1206346657,637.1016305451,1338.0336886623,0.0
18034,0.0,438.956085,86.545044,1685.558594,0.9872065402,-0.1472632039,0.0611293367,0.1231494403,639.8360877526,1330.8762133182,0.0
18035,0.0,442.175812,85.558296,1686.153076,0.987462298,-0.14553836,0.0611293367,0.1250095898,641.3939191378,1324.8101527182,0.0
18036,0.0,445.841949,84.484383,1686.813599,0.9877449126,-0.143607771,0.0611293367,0.12716795,643.2080754207,1317.9934038387,0.0
18037,0.0,449.671692,83.407013,1687.486572,0.9879035228,-0.1425125671,0.0611293541,0.1290290472,644.1156219442,1310.951318615,0.0
18038,0.0,452.877319,82.560188,1688.0354,0.9882527628,-0.1400702638,0.0611293541,0.1313892959,646.688675134,1305.1362332355,0.0
18039,0.0,456.550293,81.621742,1688.652222,0.988542275,-0.1380122266,0.0611293367,0.1336775604,648.8087370038,1298.9549675136,0.0
18040,0.0,460.185333,80.73835,1689.249146,0.9889151468,-0.1353145915,0.0611293193,0.1365319463,651.7278471572,1292.0763027426,0.0
18041,0.0,463.883087,79.885895,1689.744629,0.9894132099,-0.1316233344,0.0611293541,0.1398909284,655.7465463294,1285.4998499414,0.0
18042,0.0,467.732727,79.021164,1690.059082,0.9896568975,-0.1293627713,0.0620040215,0.1426568133,658.2640462313,1278.8152223639,0.0
18043,0.0,471.685974,78.176453,1690.343018,0.9900490958,-0.126285725,0.0620862598,0.1459177663,661.5991902029,1271.9685765596,0.0
18044,0.0,475.318512,77.406052,1690.596069,0.9900527409,-0.1262571444,0.0620862598,0.1474995615,661.6184021274,1265.70662036,0.0
18045,0.0,479.024719,76.654907,1690.844971,0.9901719038,-0.1253191814,0.0620862598,0.1496319504,662.6680173075,1259.37417036,0.0
18046,0.0,482.171356,76.030624,1691.049927,0.9901733342,-0.1253078792,0.0620862598,,,,
18047,0.0,486.162689,75.260574,1691.30249,0.9901733342,-0.1253078792,0.0620862598,,,,
18048,0.0,489.49588,74.636543,1691.515381,0.9901733342,-0.1253078792,0.0620862598,,,,
18049,0.0,490.115143,74.521431,1691.555054,0.9901733342,-0.1253078792,0.0620862598,,,,
18050,0.0,494.436157,73.732185,1691.668457,0.9901733342,-0.1253078792,0.0620862598,,,,
18051,0.0,498.731171,72.950523,1691.754272,0.9901733342,-0.1253078792,0.0620862598,,,,
18052,0.0,503.375458,72.105804,1691.842651,0.9901733342,-0.1253078792,0.0620862598,,,,
18053,0.0,507.41687,71.37072,1691.919556,0.9901733342,-0.1253078792,0.0620862598,,,,
18054,0.0,511.740723,70.583969,1692.004883,0.9901733342,-0.1253078792,0.0620862598,,,,
18055,0.0,515.620911,69.517326,1692.156494,0.9901733342,-0.1253078792,0.0620862598,,,,
18056,0.0,519.009033,68.350632,1692.345581,0.9901733342,-0.1253078792,0.0620862598,,,,
18057,0.0,521.96936,67.171371,1692.550659,0.9901733342,-0.1253078792,0.0620862598,,,,
18058,0.0,525.234314,65.710899,1692.816895,0.9901733342,-0.1253078792,0.0620862598,,,,
18059,0.0,528.524475,64.066933,1693.128418,0.9901733342,-0.1253078792,0.0620862598,,,,
18060,0.0,531.632568,62.357136,1693.948486,0.9901733342,-0.1253078792,0.0620862598,,,,
18061,0.0,534.971802,60.359665,1695.011719,0.9901733342,-0.1253078792,0.0620862598,,,,
18062,0.0,537.766479,58.555798,1695.973389,0.9901733342,-0.1253078792,0.0620862598,,,,
18063,0.0,540.919983,56.391701,1697.132935,0.9901733342,-0.1253078792,0.0620862598,,,,
18064,0.0,546.378296,52.321404,1699.268677,0.9901733342,-0.1253078792,0.0620862598,,,,
18065,0.0,549.220276,50.05196,1700.300293,0.9901733342,-0.1253078792,0.0620862598,,,,
18066,0.0,550.8685305,48.676447,1700.9086915,0.9901733342,-0.1253078792,0.0620862598,,,,
18067,0.0,552.516785,47.300934,1701.51709,0.9901733342,-0.1253078792,0.0620862598,,,,
18068,0.0,555.178711,44.984398,1702.553101,0.9901733342,-0.1253078792,0.0620862598,,,,
18069,0.0,560.430786,40.193455,1704.713379,0.9901733342,-0.1253078792,0.0620862598,,,,
18070,0.0,561.7858275,38.90415,1705.298706,0.9901733342,-0.1253078792,0.0620862598,,,,
18071,0.0,563.140869,37.614845,1705.884033,0.9901733342,-0.1253078792,0.0620862598,,,,
18072,0.0,568.702637,32.115723,1708.395874,0.9901733342,-0.1253078792,0.0620862598,,,,
18073,0.0,571.119385,29.643883,1709.530884,0.9901733342,-0.1253078792,0.0620862598,,,,
18074,0.0,574.022583,26.640942,1710.798462,0.9904038952,-0.1234723393,0.0620862772,,,,
18075,0.0,576.503296,24.052219,1711.795532,0.9908436807,-0.1198920126,0.0620862772,,,,
18076,0.0,579.199097,21.2103,1712.930786,0.9914257641,-0.1149793488,0.0620862598,,,,
18077,0.0,581.621216,18.681032,1713.989136,0.9923002393,-0.1061357096,0.0638392215,,,,
18078,0.0,584.046326,16.177641,1715.055054,0.9935458318,-0.0930860572,0.0648202594,,,,
18079,0.0,586.438354,13.73487,1716.11731,0.9949591692,-0.074404626,0.0672324566,,,,
18080,0.0,589.24231,10.919966,1717.374634,0.9965164684,-0.0433053014,0.0712711652,,,,
18081,0.0,591.956726,8.305257,1718.609863,0.9970503634,0.0071742643,0.0764140223,,,,
18082,0.0,593.90918,6.504882,1719.515259,0.994806733,0.0625215562,0.0803157451,,,,
18083,0.0,596.405273,4.105057,1720.603516,0.9912260247,0.1030615188,0.0827604453,,,,
18084,0.0,599.162048,1.537613,1721.701782,0.9828959006,0.1634214524,0.0849062865,0.1093798499,545.2010408769,1198.9080428038,2.0
18085,0.0,601.685486,-0.78239,1722.503906,0.9743579829,0.2075798377,0.0868166588,0.0906639101,498.9537364264,1199.2282921252,2.0
18086,0.0,604.260681,-3.074781,1723.056519,0.9602697001,0.2642605028,0.0897133753,,,,
18087,0.0,606.496216,-4.994586,1723.499023,0.9515466268,0.293382204,0.0921189413,,,,
18088,0.0,609.26416,-7.324051,1724.076904,0.9268740613,0.3621460209,0.0987660572,,,,
18089,0.0,611.658691,-9.31171,1724.524658,0.8949541172,0.4329112006,0.1079120961,,,,
18090,0.0,614.32196,-11.505814,1724.937256,0.8478782826,0.5163883703,0.1201893045,,,,
18091,0.0,616.842529,-13.104261,1725.188965,0.8103341774,0.5714913602,0.1294455334,,,,
18092,0.0,620.399658,-15.183538,1725.420898,0.8024819308,0.5819374928,0.1318010064,,,,
18093,0.0,623.115112,-16.604601,1725.350464,0.8024368248,0.5819942219,0.1318251413,,,,
18094,0.0,627.2052,-18.59577,1725.071777,0.8024368248,0.5819942219,0.1318251413,,,,
18095,0.0,630.36084,-20.016239,1724.787231,0.8024368248,0.5819942219,0.1318251413,,,,
18096,0.0,634.07312,-21.58659,1724.11145,0.8024368248,0.5819942219,0.1318251413,,,,
18097,0.0,637.224609,-22.834923,1723.323975,0.8024368248,0.5819942219,0.1318251413,,,,
18098,0.0,641.140198,-24.299652,1722.294556,0.8024368248,0.5819942219,0.1318251413,,,,
18099,0.0,644.239624,-25.391279,1721.449219,0.8024368248,0.5819942219,0.1318251413,,,,
18100,0.0,648.092224,-26.680628,1720.347046,0.8024368248,0.5819942219,0.1318251413,,,,
18101,0.0,651.347778,-27.712879,1719.310791,0.8024368248,0.5819942219,0.1318251413,,,,
18102,0.0,655.20929,-28.880079,1718.033447,0.8024368248,0.5819942219,0.1318251413,,,,
18103,0.0,659.216248,-30.030645,1716.682983,0.8024368248,0.5819942219,0.1318251413,,,,
18104,0.0,662.810364,-31.013416,1715.465942,0.8059313726,0.5771453497,0.1318251413,,,,
18105,0.0,666.382446,-31.961184,1714.265503,0.8147117124,0.5650508146,0.1302397887,,,,
18106,0.0,670.300598,-32.952389,1712.652954,0.800602721,0.5845389469,0.1317175111,,,,
18107,0.0,673.268677,-33.670334,1711.29541,0.770011921,0.6242625838,0.1318251413,,,,
18108,0.0,676.592712,-34.487759,1709.92041,0.7137041481,0.6877621452,0.1327012458,,,,
18109,0.0,682.735413,-35.368176,1707.724731,0.5662908743,0.8142725455,0.1275729882,,,,
18110,0.0,684.5645145,-35.3966295,1707.0966185,0.5246002293,0.8405181543,0.1260739574,,,,
18111,0.0,689.842529,-35.350624,1705.245728,0.4047639143,0.9063932356,0.1209027552,,,,
18112,0.0,692.811523,-35.207314,1704.154297,0.3368926952,0.9342592625,0.1168885892,,,,
18113,0.0,696.61554,-34.969692,1702.74646,0.2752599791,0.954769484,0.1124596651,,,,
18114,0.0,700.085815,-34.692986,1701.527344,0.2446305091,0.9633247146,0.1102787755,,,,
18115,0.0,703.885498,-34.141754,1700.165894,0.2265398311,0.9678789963,0.1090410627,,,,
18116,0.0,706.470337,-33.501099,1699.206299,0.2229582409,0.968716806,0.108983359,,,,
18117,0.0,709.865417,-32.335888,1697.894409,0.2219785521,0.968941768,0.108983359,,,,
18118,0.0,713.011841,-30.908361,1696.507568,0.2211221488,0.9691375665,0.108983359,,,,
18119,0.0,715.407227,-29.562611,1695.470215,0.2210494998,0.9691541395,0.108983359,,,,
18120,0.0,718.077087,-27.793682,1694.293701,0.2210494998,0.9691541395,0.108983359,,,,
18121,0.0,720.582886,-25.847157,1693.145874,0.2202636272,0.9693330501,0.108983359,,,,
18122,0.0,723.172607,-23.522667,1691.914551,0.218326427,0.9697712095,0.108983359,,,,
18123,0.0,724.953796,-21.707205,1691.037964,0.2168155782,0.9701101155,0.1089833417,,,,
18124,0.0,727.515076,-18.814123,1689.744751,0.2164237157,0.9703037817,0.108034006,,,,
18125,0.0,729.120422,-16.787352,1689.125366,0.2164238039,0.9703041774,0.1080302755,,,,
18126,0.0,731.122864,-14.049211,1688.452881,0.2164238039,0.9703041774,0.1080302755,,,,
18127,0.0,733.066406,-11.141825,1687.788452,0.2164644316,0.9704863256,0.1062988323,,,,
18128,0.0,734.556396,-8.734438,1687.252686,0.2164852292,0.9705795687,0.1054013581,,,,
18129,0.0,736.256714,-5.745116,1686.610962,0.2165014673,0.9706523696,0.1046952344,,,,
18130,0.0,737.90564,-2.717084,1685.96582,0.2165121243,0.9707001487,0.1042291774,,,,
18131,0.0,739.545349,0.478112,1685.301147,0.2165145768,0.9707111441,0.1041216252,,,,
18132,0.0,741.15332,3.87517,1684.728271,0.2165145768,0.9707111441,0.1041216252,,,,
18133,0.0,742.503601,6.744898,1684.347656,0.2253002609,0.9690253901,0.1011414149,,,,
18134,0.0,744.215393,10.52439,1683.875366,0.2372901748,0.9664272841,0.0985478438,,,,
18135,0.0,745.710327,13.972985,1683.44873,0.246906342,0.9642133713,0.0965910595,,,,
18136,0.0,747.133057,17.359535,1683.036255,0.2561319974,0.9619924783,0.0946935672,,,,
18137,0.0,748.313782,20.170338,1682.698364,0.2671155162,0.9590117805,0.094581742,,,,
18138,0.0,749.783508,23.717794,1682.274902,0.2811473702,0.9549923823,0.094581742,,,,
18139,0.0,751.284607,27.747314,1681.816895,0.2960138525,0.9504893967,0.094581742,,,,
18140,0.0,752.225525,30.797686,1681.500854,0.3085323544,0.9464999104,0.094581742,,,,
18141,0.0,753.128418,34.440334,1681.15332,0.3220322612,0.9419923142,0.0945817246,,,,
18142,0.0,753.878174,38.081306,1680.835815,0.3411819581,0.9353086445,0.0937689231,,,,
18143,0.0,754.472351,42.013084,1680.514771,0.3627015905,0.927285072,0.0926819914,,,,
18144,0.0,754.77124,44.929508,1680.291992,0.3802943234,0.9202921689,0.0918615888,,,,
18145,0.0,754.988586,48.087494,1680.06543,0.3990862345,0.912388936,0.0909758587,,,,
18146,0.0,755.129822,51.764778,1679.783569,0.4221707955,0.902123646,0.0891333096,,,,
18147,0.0,755.147461,54.936779,1679.439819,0.4407794078,0.8933533492,0.0873687995,,,,
18148,0.0,755.042297,58.68161,1679.005859,0.4592432642,0.8842057834,0.0852980479,,,,
18149,0.0,755.019165,59.383568,1678.925659,0.4628657648,0.8823522977,0.0849099906,,,,
18150,0.0,754.616028,65.387962,1678.293335,0.4878784619,0.869016351,0.0823722527,,,,
18151,0.0,754.200562,69.577965,1677.954834,0.5006720947,0.8618168093,0.0812357115,,,,
18152,0.0,753.794617,72.967079,1677.729736,0.508663555,0.857210358,0.0803230344,,,,
18153,0.0,752.844299,79.96859,1677.270996,0.5238892881,0.8480770077,0.0794065668,,,,
18154,0.0,752.409668,83.088821,1677.199097,0.5329006309,0.8425216606,0.0785758806,,,,
18155,0.0,751.87915,87.013092,1677.17334,0.5477576866,0.8330367682,0.0775323129,,,,
18156,0.0,751.435181,90.471184,1677.149536,0.5641623676,0.822102016,0.0766100399,,,,
18157,0.0,751.2076115,92.5226975,1677.071533,0.5775356538,0.8126927598,0.0755952246,,,,
18158,0.0,750.563965,98.074364,1676.816284,0.6098465445,0.7890935141,0.0736112638,,,,
18159,0.0,750.199402,101.165359,1676.761597,0.6255080794,0.7767418474,0.0735645636,,,,
18160,0.0,749.82605,104.509773,1676.726807,0.642795077,0.7625672614,0.0728399672,,,,
18161,0.0,749.46991,108.655167,1676.702393,0.6714436966,0.7375774509,0.0717137796,,,,
18162,0.0,749.198242,111.648407,1676.700684,0.6872935627,0.7229106242,0.0709068964,,,,
18163,0.0,748.946167,115.57093,1676.701294,0.7139807962,0.6967593214,0.0689773203,,,,
18164,0.0,748.714478,118.958229,1676.701294,0.7306747542,0.6794955767,0.0663337379,,,,
18165,0.0,748.492126,122.70417,1676.701294,0.7471580391,0.6616240829,0.063312223,,,,
18166,0.0,748.367004,125.993073,1676.701294,0.7634566259,0.6431546191,0.059043343,,,,
18167,0.0,748.256348,129.097473,1676.701172,0.7746352348,0.6298668428,0.0566393269,,,,
18168,0.0,748.114807,133.304352,1676.701294,0.7845132622,0.6176965645,0.0546799386,0.0411609389,243.539710784,857.6849153642,2.0
18169,0.0,748.021057,137.434402,1676.701294,0.7922974866,0.6078707934,0.0525146762,0.0399055558,238.7290955997,853.5916771973,2.0
18170,0.0,748.017822,140.923904,1676.701294,0.8002188347,0.5975636238,0.0506708214,0.0382185622,232.7813244839,850.1306064471,2.0
18171,0.0,748.025757,144.406738,1676.701294,0.8047237459,0.591563325,0.0497244941,0.0380048204,231.2793842081,846.9711395793,2.0
18172,0.0,748.07782,147.663727,1676.701294,0.8092621965,0.5854750063,0.0481010845,0.0382745749,230.6134203855,841.6088211549,2.0
18173,0.0,748.183533,151.973221,1676.701294,0.8135734181,0.579576567,0.0467899181,,,,
18174,0.0,748.323914,155.55365,1676.701294,0.8173433486,0.5742494918,0.0467693458,,,,
18175,0.0,748.502991,159.074783,1676.701294,0.8210630499,0.5689897939,0.0458920741,0.0376722898,226.2147174754,832.001442409,2.0
18176,0.0,748.733704,162.353149,1676.701294,0.8267325755,0.5607902833,0.0450278438,0.0365070545,222.009537869,829.2176988179,2.0
18177,0.0,749.05127,166.206528,1676.701294,0.8335634455,0.5506678526,0.0440102098,0.0352049733,217.0601656049,825.3145374339,2.0
18178,0.0,749.406311,169.646576,1676.701294,0.8417777027,0.5381015214,0.0430935259,0.033069116,209.5333445482,821.5751651208,2.0
18179,0.0,749.490723,170.423935,1676.701294,0.8437421075,0.53503696,0.0428334853,,,,
18180,0.0,750.36731,177.134048,1676.701294,0.8621897123,0.5049939927,0.0401243983,,,,
18181,0.0,750.928406,180.487869,1676.701294,0.8752025033,0.4823024478,0.0374823562,,,,
18182,0.0,751.509277,183.636017,1676.701294,0.8875516733,0.4593272018,0.0356447595,,,,
18183,0.0,752.471191,187.493881,1676.701294,0.9142136828,0.4038555983,0.0333766079,,,,
18184,0.0,753.101929,190.20668,1676.701294,0.9249196292,0.3788271499,0.0318381858,,,,
18185,0.0,754.130066,193.991394,1676.701294,0.9433132239,0.3304968987,0.0305280461,,,,
18186,0.0,755.029114,196.791595,1676.701294,0.9622760627,0.2706273144,0.0280291962,,,,
18187,0.0,756.051575,200.520065,1676.701294,0.9763066199,0.2149585951,0.0248633529,,,,
18188,0.0,757.11084,203.935654,1676.701294,0.9876500468,0.1551225404,0.0220086922,,,,
18189,0.0,758.22583,207.158066,1676.701294,0.9935499744,0.1114452935,0.020937883,,,,
18190,0.0,759.584961,210.691269,1676.701294,0.9983720647,0.053758761,0.0190582255,,,,
18191,0.0,760.882141,213.481857,1676.701294,0.999831547,-0.0031875271,0.0180753209,,,,
18192,0.0,762.308289,216.108368,1676.701294,0.997248119,-0.0724904565,0.0155345682,,,,
18193,0.0,763.8797,218.794235,1676.701294,0.9901588875,-0.1392222744,0.0142315102,,,,
18194,0.0,767.160339,223.808105,1676.701294,0.9686351952,-0.2482243588,0.0114248164,,,,
18195,0.0,768.223785,225.2135465,1676.701294,0.9584556136,-0.282736536,0.0113209062,,,,
18196,0.0,771.11676,228.815414,1676.701294,0.9298737876,-0.3677076531,0.0112169959,,,,
18197,0.0,772.834106,230.871429,1676.701294,0.9029912482,-0.4294896638,0.0120596186,,,,
18198,0.0,774.122009,232.446396,1676.701294,0.8687346892,-0.4950891584,0.0136662007,,,,
18199,0.0,775.771362,234.465714,1676.701294,0.8290750344,-0.5589118338,0.0158792108,,,,
18200,0.0,777.222412,236.163956,1676.701294,0.7962799531,-0.6046914533,0.0169257962,,,,
18201,0.0,778.390991,237.479263,1676.701294,0.7574668385,-0.6526308882,0.0178020288,,,,
18202,0.0,779.776855,238.938446,1676.701294,0.7311328314,-0.6819995524,0.0179274456,,,,
18203,0.0,781.183167,240.318436,1676.701294,0.7105542802,-0.7033733799,0.0194551619,,,,
18204,0.0,782.685425,241.684784,1676.701294,0.6912653197,-0.7222841295,0.0213984594,,,,
18205,0.0,784.047241,242.836319,1676.701294,0.670298739,-0.7417040031,0.0239744077,,,,
18206,0.0,785.47583,243.948044,1676.701294,0.6548211417,-0.7553070695,0.026842191,,,,
18207,0.0,787.295959,245.238068,1676.701294,0.6392065639,-0.768505524,0.0285346856,,,,
18208,0.0,788.679016,248.30957,1658.94812,0.630165682,-0.7758701574,0.0302772536,,,,
18209,0.0,790.028076,249.030014,1659.043945,0.6208168605,-0.7832926223,0.0322349746,,,,
18210,0.0,791.179443,249.556763,1659.259521,0.6111123786,-0.7908012611,0.0342786534,0.1450858425,608.3477123804,1172.6744241863,1.0
18211,0.0,792.216003,249.99855,1659.399658,0.6033570086,-0.7966485372,0.0362136485,0.144582594,636.1132586237,1228.1619218954,0.0
18212,0.0,793.132935,250.344727,1659.455566,0.6009960332,-0.7983977386,0.0369434579,,,,
18213,0.0,794.470215,250.779343,1659.596802,0.5957967699,-0.802237053,0.037972619,,,,
18214,0.0,795.985779,251.20726,1659.666504,0.5921180741,-0.8049477484,0.0381485079,,,,
18215,0.0,797.332458,251.57843,1659.726685,0.5897188925,-0.8067070839,0.0381485079,,,,
18216,0.0,798.744995,251.906326,1659.817749,0.5887018706,-0.8074495643,0.0381485079,,,,
18217,0.0,800.030273,252.132477,1659.943237,0.5886277831,-0.8075035754,0.0381485079,,,,
18218,0.0,801.159241,252.304581,1660.074463,0.5886277831,-0.8075035754,0.0381485079,,,,
18219,0.0,802.309082,252.470139,1660.217651,0.5892337405,-0.8070615159,0.0381485079,,,,
18220,0.0,803.381104,252.591141,1660.384644,0.5894017018,-0.8069388609,0.0381485079,,,,
18221,0.0,804.696289,252.703812,1660.539185,0.5894017018,-0.8069388609,0.0381485079,,,,
18222,0.0,805.667236,252.752411,1660.603149,0.5894017018,-0.8069388609,0.0381485079,,,,
18223,0.0,806.607422,252.803116,1660.683228,0.5894017018,-0.8069388609,0.0381485079,,,,
18224,0.0,807.58374,252.835388,1660.634766,0.5894017018,-0.8069388609,0.0381485079,,,,
18225,0.0,808.758423,252.851761,1660.571899,0.5894017018,-0.8069388609,0.0381485079,,,,
18226,0.0,809.77063,252.868454,1660.498413,0.5894017018,-0.8069388609,0.0381485079,,,,
18227,0.0,812.054565,252.796295,1662.233032,0.5894017018,-0.8069388609,0.0381485079,,,,
18228,0.0,812.970398,252.768494,1662.145874,0.5894017018,-0.8069388609,0.0381485079,,,,
18229,0.0,815.065491,252.682602,1664.130615,0.5894017018,-0.8069388609,0.0381485079,,,,
18230,0.0,817.243958,252.590302,1665.73938,0.5894017018,-0.8069388609,0.0381485079,,,,
18231,0.0,818.90271,252.542419,1667.167603,0.5894017018,-0.8069388609,0.0381485079,,,,
18232,0.0,820.368591,252.51265,1668.5271,0.5894017018,-0.8069388609,0.0381485079,,,,
18233,0.0,822.866028,252.464233,1670.933105,0.5865239285,-0.8090329853,0.0381485253,,,,
18234,0.0,824.400391,252.401138,1672.512451,0.580722284,-0.8132404728,0.0374374455,,,,
18235,0.0,825.1500855,252.3751675,1673.260864,0.575286878,-0.8170904112,0.0369275291,,,,
18236,0.0,825.89978,252.349197,1674.009277,0.569851472,-0.8209403495,0.0364176127,,,,
18237,0.0,828.300476,251.87674,1675.333618,0.553306599,-0.8322152319,0.0356316604,,,,
18238,0.0,829.574829,251.458557,1675.102661,0.5445959313,-0.8379564429,0.0352742324,,,,
18239,0.0,830.2249145,251.281151,1675.000061,0.5422614782,-0.8394644091,0.0352742324,,,,
18240,0.0,831.815063,251.031891,1674.90625,0.5375691916,-0.8424815081,0.0352742498,,,,
18241,0.0,833.614075,250.83493,1674.953613,0.5356920469,-0.8436763349,0.0352742498,,,,
18242,0.0,834.953918,250.601501,1674.920776,0.5350128779,-0.8441071905,0.0352742324,,,,
18243,0.0,837.267029,250.220947,1674.811035,0.5340782331,-0.8446988632,0.0352742324,,,,
18244,0.0,838.630188,250.242874,1674.509399,0.533935943,-0.8447888122,0.0352742324,,,,
18245,0.0,840.174652,249.917694,1674.497131,0.533935943,-0.8447888122,0.0352742324,,,,
18246,0.0,843.510803,249.256653,1674.48999,0.533935943,-0.8447888122,0.0352742324,,,,
18247,0.0,846.258972,248.881897,1674.556274,0.533935943,-0.8447888122,0.0352742324,,,,
18248,0.0,847.902039,248.412766,1674.623047,0.5331575542,-0.8452802795,0.0352742324,,,,
18249,0.0,851.152039,247.698563,1674.756592,0.5317963496,-0.846137324,0.0352742324,,,,
18250,0.0,854.199646,246.919647,1674.921143,0.529353142,-0.8476679654,0.0352742324,,,,
18251,0.0,856.817993,246.227859,1674.98584,0.5266689761,-0.8493577752,0.034801713,,,,
18252,0.0,859.09613,245.666672,1675.138672,0.5249515427,-0.8504340745,0.0344639327,,,,
18253,0.0,862.579773,244.802963,1675.162354,0.522127916,-0.8521765343,0.0343160861,,,,
18254,0.0,864.624146,244.153244,1675.169434,0.5197176709,-0.8536486097,0.0343160861,,,,
18255,0.0,868.300476,242.912857,1675.115112,0.5155493161,-0.8561724762,0.0343160861,,,,
18256,0.0,870.964966,242.382217,1674.993286,0.5112958685,-0.8587451393,0.0336648266,,,,
18257,0.0,874.501404,240.837234,1675.225342,0.5039660962,-0.8630790375,0.0333578909,,,,
18258,0.0,876.368225,240.343979,1675.199219,0.4995656762,-0.8656335173,0.0333578909,,,,
18259,0.0,880.367676,238.966034,1675.506104,0.4922418772,-0.8698190533,0.0333578909,,,,
18260,0.0,883.137024,238.059998,1675.629028,0.4867300022,-0.8729153201,0.0333578909,,,,
18261,0.0,886.73822,236.962769,1675.647339,0.4760087172,-0.8788076879,0.0333578909,,,,
18262,0.0,889.447693,236.155869,1675.636841,0.4700738558,-0.8819964973,0.0333578909,,,,
18263,0.0,893.5755,234.845963,1675.534058,0.4595650254,-0.8875174581,0.0333578909,,,,
18264,0.0,896.949036,233.599548,1675.232788,0.449232061,-0.8927921407,0.0333578909,,,,
18265,0.0,899.945679,232.488403,1674.889893,0.4424147861,-0.8961899398,0.0333578909,,,,
18266,0.0,903.675415,231.195541,1674.577393,0.429270043,-0.9025599599,0.0333578909,,,,
18267,0.0,905.906189,230.256699,1674.1427,0.4206917811,-0.906590137,0.0333578909,,,,
18268,0.0,910.273926,228.682007,1673.7677,0.4100171122,-0.9114676181,0.0333578909,,,,
18269,0.0,913.06781,227.749878,1673.741455,0.3999471749,-0.9159309518,0.0333578909,,,,
18270,0.0,916.347595,226.524734,1673.567261,0.3882899417,-0.9209333159,0.0333578909,,,,
18271,0.0,919.86145,225.238434,1673.523438,0.3758719423,-0.92607102,0.0333578909,,,,
18272,0.0,925.294739,223.2724,1673.638428,0.3596360082,-0.9324962159,0.0333578909,,,,
18273,0.0,927.5020755,222.5242385,1673.848633,0.3540860638,-0.9345988912,0.0333578909,,,,
18274,0.0,929.709412,221.776077,1674.058838,0.3485361193,-0.9367015665,0.0333578909,,,,
18275,0.0,932.718811,220.901932,1674.724121,0.3400809784,-0.9398280678,0.0326822761,,,,
18276,0.0,936.740051,219.337173,1674.873779,0.3311396735,-0.9430253328,0.032399665,,,,
18277,0.0,940.835205,218.147934,1675.523926,0.3270783989,-0.9444416248,0.032399665,,,,
18278,0.0,943.405884,217.089279,1675.568848,0.3269511259,-0.9444856923,0.032399665,,,,
18279,0.0,950.55481,214.505264,1675.888794,0.3269511259,-0.9444856923,0.032399665,,,,
18280,0.0,954.75,212.944229,1675.748657,0.3269511259,-0.9444856923,0.032399665,,,,
18281,0.0,958.598328,211.538391,1675.552368,0.3269511259,-0.9444856923,0.032399665,,,,
18282,0.0,960.721497,210.822693,1675.3013915,0.3269511259,-0.9444856923,0.032399665,,,,
18283,0.0,962.844666,210.106995,1675.050415,0.3269511259,-0.9444856923,0.032399665,,,,
18284,0.0,969.346069,207.439301,1674.819214,0.3269511259,-0.9444856923,0.032399665,,,,
18285,0.0,972.82373,205.489655,1674.765503,0.3269511259,-0.9444856923,0.032399665,,,,
18286,0.0,975.653625,203.710495,1674.907959,0.3269511259,-0.9444856923,0.032399665,,,,
18287,0.0,978.729004,201.389832,1675.114136,0.3269511259,-0.9444856923,0.032399665,,,,
18288,0.0,981.096802,199.613419,1675.544312,0.3269511259,-0.9444856923,0.032399665,,,,
18289,0.0,983.442444,197.239975,1676.156128,0.3269511259,-0.9444856923,0.032399665,,,,
18290,0.0,985.219177,194.897934,1676.834595,0.3278104863,-0.9441877709,0.032399665,,,,
18291,0.0,986.428711,192.289658,1677.760132,0.3314678932,-0.9429100156,0.032399665,,,,
18292,0.0,987.252502,190.796494,1678.067993,0.34007349,-0.9397889693,0.0338631748,,,,
18293,0.0,988.403381,187.25795,1678.797119,0.3531886904,-0.9348551593,0.0361051251,,,,
18294,0.0,989.411072,184.513763,1678.976929,0.3785127633,-0.9248109795,0.0381148301,,,,
18295,0.0,989.941956,182.746292,1678.8479,0.4000778188,-0.9156260298,0.0395817182,,,,
18296,0.0,990.793518,179.261322,1678.632202,0.4293936055,-0.9021590673,0.0415950575,,,,
18297,0.0,991.488403,175.998581,1678.045532,0.4735454156,-0.8795633112,0.0460773366,,,,
18298,0.0,992.325684,172.732834,1677.744629,0.5210414526,-0.851980712,0.0514263654,,,,
18299,0.0,992.742432,170.303024,1677.326172,0.5497741031,-0.8334446579,0.0558429739,,,,
18300,0.0,993.205078,167.052856,1676.800659,0.5959398396,-0.8006502333,0.061764969,,,,
18301,0.0,993.570374,163.928116,1676.367676,0.6360329687,-0.7689039466,0.0651826943,,,,
18302,0.0,993.904907,159.950104,1675.998169,0.6712538819,-0.7381194478,0.067807867,0.1428650278,180.3943804161,350.217872262,2.0
18303,0.0,994.126892,157.324417,1675.521851,0.700804521,-0.7100497538,0.0685738328,0.1232201847,167.2642136264,347.8207148588,2.0
18304,0.0,994.446533,153.519653,1675.411255,0.7348787781,-0.6746069498,0.0697039802,0.1019687537,151.4724949383,344.3091343025,2.0
18305,0.0,994.571472,151.009521,1675.256836,0.7574895998,-0.648957131,0.0711628291,0.0889257286,141.0676788536,342.1960730995,2.0
18306,0.0,994.915955,147.195038,1675.201172,0.7882637644,-0.6109534751,0.0733218173,0.0709604549,125.1888299281,338.3660795693,2.0
18307,0.0,995.37677,145.246033,1675.44104,0.8081845489,-0.5841170929,0.0751329268,0.0596487957,114.3050076522,335.9883700641,2.0
18308,0.0,995.879944,140.794479,1675.515869,0.8356324412,-0.5437409164,0.077873224,0.0459359209,99.5118741249,332.1462023151,2.0
18309,0.0,996.454529,136.822739,1676.095093,0.8598391027,-0.5040215324,0.0814801348,0.0344889295,85.527473167,328.4944504119,2.0
18310,0.0,996.897522,133.890686,1675.991577,0.8763207804,-0.4742989187,0.0842758897,0.0275410708,75.9884898913,326.0268879796,2.0
18311,0.0,997.587097,129.837753,1676.479492,0.8966613737,-0.433769969,0.0885550391,0.0193392539,62.9810853818,321.7994044779,2.0
18312,0.0,998.165161,127.182076,1676.554932,0.9093581155,-0.4058164609,0.0915468068,0.0149644809,54.9502559086,318.8267487866,2.0
18313,0.0,999.187317,122.96067,1677.081787,0.9256857643,-0.3657432453,0.0966320045,0.0105181482,45.472213952,314.3449341609,2.0
18314,0.0,999.857849,120.395226,1677.041016,0.9346682719,-0.3411983769,0.0998943897,0.0086405336,40.8511900645,311.4293940235,2.0
18315,0.0,1001.047546,116.566719,1677.090332,0.9478405513,-0.3011416651,0.1044604556,0.0065396427,35.0397116762,306.8878625984,2.0
18316,0.0,1002.229248,113.016518,1677.064941,0.9567816014,-0.2697249847,0.1087078648,0.0064668099,34.3337657327,302.3880738371,2.0
18317,0.0,1003.303772,110.240784,1676.899658,0.9620748491,-0.248894103,0.1116409882,0.0068628391,34.9023545431,298.4243269238,2.0
18318,0.0,1004.701111,106.547791,1676.683594,0.966803193,-0.2284301514,0.1145043751,0.0075902124,36.1718237208,294.1400140727,2.0
18319,0.0,1006.138733,103.193237,1676.438843,0.9719015331,-0.2039471699,0.117528558,0.0093257687,39.4032803536,289.1944548641,2.0
18320,0.0,1008.378601,98.286385,1675.509644,0.9770414633,-0.1756203037,0.1206129678,0.0116644189,42.9429533884,281.9781871232,2.0
18321,0.0,1009.97168,94.509117,1675.515869,0.9799727321,-0.1573402123,0.1220553231,0.0135372997,45.4472461636,277.1413597645,2.0
18322,0.0,1011.582886,91.149498,1675.24707,0.9827427002,-0.1380994928,0.1230663048,0.0159683417,48.3756699483,271.7833109199,2.0
18323,0.0,1012.4569095,89.430336,1675.220764,0.9839323627,-0.1289242882,0.1231666506,0.0172513374,49.7203585256,269.1247096688,2.0
18324,0.0,1013.330933,87.711174,1675.194458,0.9851220252,-0.1197490835,0.1232669963,0.0185343331,51.0650471029,266.4661084176,2.0
18325,0.0,1016.749573,81.293427,1675.016235,0.9885235939,-0.0884512517,0.1224642001,0.0227970773,54.5811036708,257.0852178201,2.0
18326,0.0,1019.020508,76.918137,1674.571045,0.9903456618,-0.0680923899,0.1207431014,0.0250023537,55.8400418705,251.2881427828,2.0
18327,0.0,1020.818481,73.180275,1673.821777,0.9915596802,-0.0519429854,0.1187911057,0.0269940617,56.6834285087,245.6166458657,2.0
18328,0.0,1022.385193,69.823936,1672.252686,0.9923537442,-0.0413185947,0.1163048584,0.0275955911,56.1064424845,240.4888243831,2.0
18329,0.0,1024.316284,66.206825,1670.829834,0.9929944153,-0.0318122797,0.1137983747,0.0277246068,54.947648562,234.9809395305,2.0
18330,0.0,1025.055664,64.929031,1669.505371,0.9930474866,-0.0313383788,0.1134662743,0.0271485418,53.8646552619,232.7466493199,2.0
18331,0.0,1026.717529,62.09716,1666.637939,0.9933709797,-0.0324830467,0.1102676215,0.0251467441,50.6979596584,227.5004106479,2.0
18332,0.0,1028.554199,59.047844,1664.689087,0.9937025448,-0.0352974459,0.106345394,,,,
18333,0.0,1029.769653,56.897175,1662.829956,0.9942124032,-0.0399951332,0.0997100132,,,,
18334,0.0,1030.37561,55.583473,1660.561401,0.9944321518,-0.0426508508,0.0963618202,,,,
18335,0.0,1031.42041,52.73526,1658.607666,0.9928026046,-0.1121448578,0.0420299794,,,,
18336,0.0,1030.516602,51.507702,1660.320435,0.9913508541,-0.1267951983,0.0338594419,,,,
18337,0.0,1030.289062,49.850471,1661.242798,0.9896370499,-0.1408027004,0.0281621901,,,,
18338,0.0,1030.360718,49.014256,1661.520386,0.9895154445,-0.1416696405,0.0280873276,,,,
18339,0.0,1030.565308,47.854225,1661.862427,0.9895425722,-0.1419400918,0.0256614117,,,,
18340,0.0,1030.985474,47.367702,1662.348755,0.9898629427,-0.1400949382,0.0233401581,,,,
18341,0.0,1031.289551,47.20652,1662.726074,0.9900163935,-0.1392613039,0.0217676327,,,,
18342,0.0,1031.203979,46.782234,1663.111206,0.9905221552,-0.1363212022,0.0168044608,,,,
18497,0.0,507.124725,773.753418,1666.561035,0.4999723242,-0.8660413818,0.0,0.0047532885,110.2776378814,1132.3796738214,1.0
18498,0.0,506.750336,773.672424,1669.071533,0.4999723242,-0.8660413818,0.0,0.0050885095,114.0150330634,1131.6314396534,1.0
18499,0.0,506.91626,773.535156,1671.502563,0.4999723242,-0.8660413818,0.0,0.0054161593,117.4878548186,1130.3712758435,1.0
18500,0.0,507.156158,773.90686,1673.519165,0.607057214,-0.7946181417,-0.0079716895,0.000321541,28.6385093883,1129.4113325761,1.0
18501,0.0,508.383606,773.772888,1675.198608,0.8677937356,-0.4957934489,-0.0335095276,0.0875041351,461.2589406637,1127.535583632,1.0
18502,0.0,509.730377,773.860535,1677.651001,0.9341736672,-0.3541907763,-0.0432256114,,,,
18503,0.0,510.374298,773.603699,1678.770264,0.9336381977,-0.3555083359,-0.0439720241,,,,
18504,0.0,511.446259,773.140137,1681.331421,0.9312244907,-0.3613417474,-0.0474667195,,,,
18505,0.0,513.193237,772.443787,1684.251587,0.9300922445,-0.3639075229,-0.0499973159,,,,
18506,0.0,513.807495,774.3408815,1684.499634,0.9301797402,-0.3636818076,-0.0500113482,,,,
18507,0.0,518.657715,772.349609,1683.013306,0.9307017549,-0.3622264003,-0.0508554657,,,,
18508,0.0,520.129761,772.570007,1682.507202,0.9307418315,-0.3621055134,-0.0509827443,,,,
18509,0.0,522.139648,772.080078,1682.358765,0.9307418315,-0.3621055134,-0.0509827443,,,,
18510,0.0,524.133118,771.672607,1682.393799,0.9307418315,-0.3621055134,-0.0509827443,,,,
18511,0.0,526.070557,771.077271,1682.510742,0.9307418315,-0.3621055134,-0.0509827443,,,,
18512,0.0,528.721252,770.349609,1682.565918,0.9307418315,-0.3621055134,-0.0509827443,,,,
18513,0.0,531.838013,769.425842,1682.519653,0.9307418315,-0.3621055134,-0.0509827443,,,,
18514,0.0,533.925964,768.680237,1682.472412,0.9307052595,-0.362091285,-0.0517457363,,,,
18515,0.0,536.396423,766.594055,1682.657471,0.7641733931,-0.6444600519,-0.0266508318,0.0268086054,252.528689595,1097.9662933217,1.0
18516,0.0,537.122253,763.995361,1682.733398,0.5794328765,-0.8149891829,-0.0070833246,0.0003322579,28.2289543952,1095.1616205871,1.0
18517,0.0,539.200806,762.098267,1682.626587,0.5000553501,-0.865993445,0.0,0.0069428477,128.4587321039,1092.0309218754,1.0
18518,0.0,541.226196,760.728333,1682.550049,0.5000553501,-0.865993445,0.0,0.0069535415,128.2567900978,1089.4784129757,1.0
18519,0.0,543.520386,759.018799,1682.424927,0.5000553501,-0.865993445,0.0,0.0069137145,127.5390192863,1086.4864173732,1.0
18520,0.0,546.004639,756.949585,1682.245728,0.5000553501,-0.865993445,0.0,0.0068744124,126.7806115952,1083.0979107776,1.0
18521,0.0,548.048523,755.112305,1682.124268,0.5000553501,-0.865993445,0.0,0.0068425964,126.1526860363,1080.2275312416,1.0
18522,0.0,549.4328,753.675415,1681.922363,0.5000553501,-0.865993445,0.0,0.0068063691,125.5768774537,1078.1450292888,1.0
18523,0.0,553.922607,749.157532,1681.405762,0.5000553501,-0.865993445,0.0,0.0067182745,124.0080028576,1071.6093629076,1.0
18524,0.0,556.167725,746.805969,1681.419312,0.5000553501,-0.865993445,0.0,0.0067576848,123.9945932507,1068.3750425804,1.0
18525,0.0,558.191895,744.528992,1681.178467,0.5000553501,-0.865993445,0.0,0.0067127221,123.230776645,1065.331829517,1.0
18526,0.0,560.243408,742.147095,1680.855225,0.5000553501,-0.865993445,0.0,0.0066689329,122.4673142023,1062.1902290811,1.0
18527,0.0,562.240906,739.77002,1680.513916,0.5000553501,-0.865993445,0.0,0.0066306361,121.7571853011,1059.0662095261,1.0
18528,0.0,565.100464,736.101318,1680.302734,0.5000553501,-0.865993445,0.0,0.0065870613,120.8210944869,1054.3827141935,1.0
18529,0.0,567.135864,733.520325,1680.013916,0.5000553501,-0.865993445,0.0,0.0065554779,120.154268597,1051.0780031857,1.0
18530,0.0,570.92395,728.592957,1679.262451,0.5000553501,-0.865993445,0.0,0.0064832256,118.7821445856,1044.8300367438,1.0
18531,0.0,572.487122,726.535706,1679.1073,0.5000553501,-0.865993445,0.0,0.0065426282,119.0316424449,1042.2762160037,1.0
18532,0.0,573.692627,724.8951115,1678.986206,0.4996686005,-0.8662165378,0.0,0.0065784329,119.1254185966,1040.2734756893,1.0
18533,0.0,576.486084,721.02533,1678.794556,0.4971060683,-0.8676897815,0.0,0.0068614225,121.1048066863,1035.5845273413,1.0
18534,0.0,577.598999,719.369446,1678.812988,0.4917788362,-0.870719918,-0.0006329785,0.0075565001,126.8240423297,1033.5898572176,1.0
18535,0.0,579.413086,716.63623,1678.902344,0.4847187259,-0.874668743,-0.0015318923,0.0085361114,134.3313372913,1030.293790116,1.0
18536,0.0,581.628296,713.09967,1678.999268,0.4671016516,-0.8842015436,-0.0019176619,0.011316829,153.9356121156,1026.1100178831,1.0
18537,0.0,582.892456,710.842896,1678.922485,0.4456579758,-0.8952012574,-0.0019176619,0.0152338304,177.9760840757,1023.5343310704,1.0
18538,0.0,584.236389,708.493225,1679.117188,0.4287574787,-0.9034186689,-0.0013164666,0.0186880504,196.4316282847,1020.8289767585,1.0
18539,0.0,585.956116,705.181824,1679.15271,0.3935435788,-0.9193032883,0.0022171248,0.0269720952,234.6354001554,1017.1138785427,1.0
18540,0.0,587.140442,702.887512,1679.473999,0.37205544,-0.9282012005,0.0041570307,0.0326695988,257.2055679144,1014.5414928889,1.0
18541,0.0,588.715088,699.713562,1679.94873,0.3397678274,-0.940474747,0.0080668243,0.0421448041,290.4173324438,1011.0211210906,1.0
18542,0.0,590.202698,696.552429,1680.172729,0.3086590608,-0.9511036386,0.0114652879,0.0523674454,321.7868999228,1007.5907056263,1.0
18543,0.0,591.036072,694.486023,1680.114624,0.2861461579,-0.958057064,0.0157174564,0.0604242464,344.2000619305,1005.430254973,1.0
18544,0.0,591.847351,692.375183,1679.909058,0.275886687,-0.9610236786,0.0178892465,0.0644089489,354.2335351847,1003.2513770884,1.0
18545,0.0,593.14563,688.481201,1679.688599,0.2718409628,-0.9621528403,0.0190893391,0.0663904695,358.0593188807,999.350242814,1.0
18546,0.0,593.787109,686.085693,1679.476318,0.2703132722,-0.9625814814,0.0191735881,0.0672989829,359.5851478884,997.0459127343,1.0
18547,0.0,594.211426,683.488647,1679.167358,0.2697110492,-0.9627503952,0.0191735881,0.0679709943,360.4666192857,994.7098549886,1.0
18548,0.0,594.560486,680.897705,1679.063477,0.2697110492,-0.9627503952,0.0191735881,0.0684531411,360.8684092293,992.4292371673,1.0
18549,0.0,594.726257,679.671265,1678.989014,0.2697110492,-0.9627503952,0.0191735881,0.0687220844,361.1609190602,991.3572809214,1.0
18550,0.0,594.589172,676.503418,1678.930664,0.2697110492,-0.9627503952,0.0191735881,0.0695545766,362.3731666421,988.927403612,1.0
18551,0.0,594.229919,673.242004,1678.831055,0.2697110492,-0.9627503952,0.0191735881,0.0704833153,363.813776532,986.5332093654,1.0
18552,0.0,593.885864,670.608154,1678.718262,0.2697110492,-0.9627503952,0.0191735881,0.0713608865,365.2669909428,984.5886464646,1.0
18553,0.0,593.330505,666.585144,1678.508545,0.2697110492,-0.9627503952,0.0191735881,0.0726250891,367.1832725581,981.4234896247,1.0
18554,0.0,592.863464,663.181824,1678.297485,0.2697110492,-0.9627503952,0.0191735881,0.0739016504,369.06260969,978.2137208816,1.0
18555,0.0,592.190247,660.470154,1678.095703,0.2697110492,-0.9627503952,0.0191735881,0.0748651025,370.4086224298,975.687615851,1.0
18556,0.0,591.521973,658.35498,1677.953979,0.2684455048,-0.9631040362,0.0191735881,0.0761001896,372.4500673968,973.3834592265,1.0
18557,0.0,590.382202,654.818298,1677.705688,0.2670291462,-0.9634976952,0.0191735881,0.0776077976,374.6072719892,969.845435652,1.0
18558,0.0,589.515198,652.206055,1677.592529,0.26694086,-0.963522159,0.0191735881,0.0784159177,375.4732266801,967.2687653853,1.0
18559,0.0,588.120972,648.43457,1677.270386,0.2641908988,-0.9642604642,0.0201227767,0.0806042376,379.1464230218,963.9305842396,1.0
18560,0.0,587.030273,645.802307,1676.94397,0.2617167506,-0.9649347334,0.0201321298,0.0824303562,382.3263700037,961.6456961599,1.0
18561,0.0,585.945312,642.669434,1676.881226,0.2577672617,-0.9659817826,0.0208622744,0.0850587663,386.9122548117,958.6834287674,1.0
18562,0.0,584.480103,638.789368,1676.851196,0.25002682,-0.9680091802,0.0210906703,0.0894988473,395.1138370746,955.520185999,1.0
18563,0.0,583.199158,635.405029,1676.802979,0.2444936516,-0.9694033946,0.0219069117,0.0930418974,401.0589300909,952.134574882,1.0
18564,0.0,582.7894595,634.3604125,1676.678284,0.241065331,-0.970244,0.0223917734,0.0949161615,404.4707018389,951.233489274,1.0
18565,0.0,582.379761,633.315796,1676.553589,0.0895753183,-0.9955075687,0.0306747945,,,,
18566,0.0,579.661438,627.489502,1675.990845,0.2088938657,-0.9775882609,0.0261638105,0.1122978061,435.5454011919,945.9780432265,1.0
18567,0.0,577.022522,622.266235,1675.546509,0.1833334365,-0.9826576319,0.0277998097,0.1271550987,459.7813895915,942.1793736364,1.0
18568,0.0,574.598877,617.938416,1675.119629,0.1520533553,-0.9879265814,0.0296790666,0.1455467362,487.8199072996,938.9670177477,1.0
18569,0.0,572.595642,614.638184,1674.767578,0.1231652769,-0.9919411494,0.0297165049,,,,
18570,0.0,570.694153,611.652039,1674.458008,0.0938338473,-0.9951190593,0.0305494164,,,,
18571,0.0,569.261475,608.85022,1674.162354,0.0641169625,-0.9974499472,0.031346737,,,,
18572,0.0,565.772644,601.718933,1673.845337,0.0025452269,-0.9994410789,0.0333324407,,,,
18573,0.0,564.926239,599.6763305,1673.9886475,-0.0112009212,-0.999268147,0.0338882617,,,,
18574,0.0,562.991516,594.851013,1674.334473,-0.0497793208,-0.9981639329,0.0345077144,,,,
18575,0.0,562.132141,592.5127255,1674.5837405,-0.0701031969,-0.9967344964,0.0345077144,,,,
18576,0.0,561.272766,590.174438,1674.833008,-0.090427073,-0.9953050598,0.0345077144,,,,
18577,0.0,559.008484,583.196899,1675.542847,-0.1354176759,-0.9902132975,0.0337591254,,,,
18578,0.0,557.959045,579.857605,1675.957397,-0.1579736119,-0.9868732276,0.0335495255,,,,
18579,0.0,556.540649,575.125977,1676.244751,-0.1825680153,-0.9826206537,0.0335495255,,,,
18580,0.0,555.628845,572.049744,1676.356445,-0.1987858013,-0.979468547,0.0335495255,,,,
18581,0.0,554.949646,569.664032,1676.385803,-0.2079440027,-0.9775203594,0.0335495255,,,,
18582,0.0,553.296753,563.815613,1676.373657,-0.2300123747,-0.9726092416,0.0335495255,,,,
18583,0.0,552.488342,560.910156,1676.25,-0.2397388482,-0.9702575503,0.0335495255,,,,
18584,0.0,551.283691,556.42627,1676.22998,-0.2483867259,-0.9680797817,0.0335495255,,,,
18585,0.0,550.482727,553.437378,1675.773315,-0.2536343446,-0.9667181847,0.0335495255,,,,
18586,0.0,549.338318,549.101624,1675.282227,-0.2580452621,-0.9655209763,0.0343785844,,,,
18587,0.0,548.229797,544.849121,1675.040161,-0.2593348038,-0.9651708021,0.0345077144,,,,
18588,0.0,547.580627,542.350708,1674.883667,-0.2593435466,-0.9651684529,0.0345077144,,,,
18589,0.0,546.410828,537.854858,1674.881836,-0.2593435466,-0.9651684529,0.0345077144,,,,
18590,0.0,545.380798,533.927979,1674.978516,-0.2601279496,-0.9649573397,0.0345077144,,,,
18591,0.0,544.349915,530.036804,1675.161987,-0.2618946597,-0.9644793439,0.0345077144,,,,
18592,0.0,543.188232,525.719238,1675.524658,-0.2657936501,-0.9634121409,0.0345077144,,,,
18593,0.0,542.251648,522.263,1675.79895,-0.2690741332,-0.9624703124,0.0353554616,,,,
18594,0.0,541.068359,518.414429,1676.106934,-0.2720951732,-0.9616165497,0.0354658717,,,,
18595,0.0,539.693298,514.765381,1676.239136,-0.2757826842,-0.9605321294,0.0363584852,,,,
18596,0.0,538.293335,511.56427,1676.314331,-0.2768119898,-0.9602335216,0.0364239789,,,,
18597,0.0,536.550232,508.075134,1676.38916,-0.2793236054,-0.9594742416,0.0372492035,,,,
18598,0.0,534.616455,504.655609,1676.378418,-0.282942247,-0.9583748303,0.0382278624,,,,
18599,0.0,532.666077,501.556396,1676.247314,-0.2871915179,-0.9570732277,0.0391390969,,,,
18600,0.0,530.1026,497.866272,1676.016479,-0.2943184986,-0.9548186426,0.0412065664,,,,
18601,0.0,527.826355,494.920227,1675.761963,-0.2996790384,-0.9530667148,0.0430849294,,,,
18602,0.0,525.707642,492.433228,1675.530884,-0.3103845603,-0.9495586086,0.0447199465,,,,
18603,0.0,522.345337,488.609344,1675.399902,-0.3238131064,-0.9449314431,0.0474303704,,,,
18604,0.0,519.328186,485.905334,1675.110596,-0.3391215906,-0.9394316104,0.0496467137,,,,
18605,0.0,516.557129,483.55542,1674.885498,-0.3507926828,-0.9350354425,0.0515093678,,,,
18606,0.0,513.484985,481.139252,1674.644531,-0.3588237652,-0.931920405,0.0526294995,,,,
18607,0.0,511.164001,479.281799,1674.555908,-0.3691502592,-0.9278739934,0.0527061525,,,,
18608,0.0,510.9407805,479.146011,1674.5180055,-0.3702555399,-0.9274327363,0.0527061525,,,,
18609,0.0,504.021301,473.910126,1674.444946,-0.3989466938,-0.9155066183,0.0518571828,,,,
18610,0.0,501.423096,472.138062,1674.329712,-0.4102871279,-0.9104869812,0.0517487168,,,,
18611,0.0,498.680756,470.318726,1674.491821,-0.4165514355,-0.9076381273,0.0517487342,,,,
18612,0.0,496.144318,468.723145,1674.692749,-0.4249713162,-0.9037772719,0.0508529557,,,,
18613,0.0,493.803619,467.299377,1674.94519,-0.4292413454,-0.9017605648,0.0507912509,,,,
18614,0.0,490.801788,465.516174,1675.329346,-0.4307390399,-0.9010993885,0.0498374513,,,,
18615,0.0,488.23877,464.097198,1675.330322,-0.4307423599,-0.9010980078,0.0498337209,,,,
18616,0.0,485.558746,462.517456,1675.933105,-0.4307423599,-0.9010980078,0.0498337209,,,,
18617,0.0,482.744202,460.999695,1676.203247,-0.4307423599,-0.9010980078,0.0498337209,,,,
18618,0.0,479.458588,459.295074,1676.493652,-0.4307423599,-0.9010980078,0.0498337209,,,,
18619,0.0,477.121704,458.108307,1676.57251,-0.4307423599,-0.9010980078,0.0498337209,,,,
18620,0.0,473.999786,456.542847,1676.647339,-0.4307423599,-0.9010980078,0.0498337209,,,,
18621,0.0,471.09613,455.168304,1676.654419,-0.4307423599,-0.9010980078,0.0498337209,,,,
18622,0.0,468.30484,453.849701,1676.647095,-0.4307423599,-0.9010980078,0.0498337209,,,,
18623,0.0,467.837463,453.639374,1676.649902,-0.4307423599,-0.9010980078,0.0498337209,,,,
18624,0.0,462.92691,451.197479,1676.307007,-0.4307423599,-0.9010980078,0.0498337209,,,,
18625,0.0,459.809631,449.749725,1676.138184,-0.4307423599,-0.9010980078,0.0498337209,,,,
18626,0.0,457.113586,448.698547,1676.385742,-0.4322092545,-0.9003953348,0.0498337383,,,,
18627,0.0,454.286987,447.405518,1676.179688,-0.4339893266,-0.8995386955,0.0498337209,,,,
18628,0.0,451.480103,446.196075,1675.909912,-0.4379808007,-0.8976020379,0.0498337209,,,,
18629,0.0,448.85553,445.080475,1675.355835,-0.4414162423,-0.8959175741,0.0498337383,,,,
18630,0.0,445.651703,443.798584,1675.167114,-0.4477301613,-0.8927789767,0.0498337383,,,,
18631,0.0,442.906799,442.745178,1675.131592,-0.450300643,-0.8914852389,0.0498337209,,,,
18632,0.0,439.989685,441.675171,1675.187866,-0.4560937676,-0.8885353531,0.0498337383,,,,
18633,0.0,437.288361,440.678711,1675.264648,-0.4601479291,-0.8863955296,0.0506640756,,,,
18634,0.0,434.196472,439.523041,1675.388672,-0.4692446685,-0.8815552358,0.0516701775,,,,
18635,0.0,431.181,438.372284,1675.540771,-0.4785632473,-0.8764740528,0.0526350942,,,,
18636,0.0,428.349976,437.278687,1675.783691,-0.485083339,-0.8728781219,0.0527061525,,,,
18637,0.0,424.866577,435.976807,1676.112427,-0.4968035477,-0.8662025523,0.0536597928,,,,
18638,0.0,422.164825,435.021423,1676.337769,-0.5054624351,-0.8611782354,0.0536635224,,,,
18639,0.0,418.890198,433.861572,1676.657715,-0.5119660491,-0.8572731922,0.0545292452,,,,
18640,0.0,415.324036,432.651093,1676.851562,-0.5206581784,-0.8520162093,0.0546208778,,,,
18641,0.0,412.36087,431.700256,1677.01416,-0.5287995023,-0.8469310017,0.0554884198,,,,
18642,0.0,409.044342,430.71048,1677.129272,-0.537051844,-0.8416577277,0.056458713,,,,
18643,0.0,405.791931,429.709351,1677.205322,-0.5420840258,-0.8383608802,0.0574103086,,,,
18644,0.0,402.860504,428.946167,1677.115723,-0.5444722347,-0.8368061855,0.0574925521,,,,
18645,0.0,399.213684,428.015869,1676.981689,-0.5456622847,-0.8360306678,0.0574925521,,,,
18646,0.0,396.122528,427.271332,1676.815552,-0.5457060438,-0.8360021054,0.0574925521,,,,
18647,0.0,392.903839,426.535583,1676.613403,-0.5457060438,-0.8360021054,0.0574925521,,,,
18648,0.0,389.498291,425.795227,1676.379639,-0.5457060438,-0.8360021054,0.0574925521,,,,
18649,0.0,386.666687,425.186707,1676.202881,-0.5457060438,-0.8360021054,0.0574925521,,,,
18650,0.0,383.217133,424.506348,1675.968628,-0.5457060438,-0.8360021054,0.0574925521,,,,
18651,0.0,380.297241,423.913055,1675.80896,-0.5457060438,-0.8360021054,0.0574925521,,,,
18652,0.0,374.366974,422.803589,1675.572998,-0.5449529567,-0.8364932046,0.0574925521,,,,
18653,0.0,371.403625,422.798584,1675.562866,-0.5411474171,-0.8389601179,0.0574925521,,,,
18654,0.0,368.641266,422.921143,1675.573608,-0.5337766573,-0.8437261085,0.0566456871,,,,
18655,0.0,365.848358,423.139587,1675.595947,-0.5237568009,-0.850044304,0.0557090193,,,,
18656,0.0,363.09259,423.446289,1675.675049,-0.5119474674,-0.8572169271,0.0555781481,,,,
18657,0.0,360.00351,423.870422,1675.855591,-0.5013489649,-0.8634583284,0.0555781481,,,,
18658,0.0,357.432281,424.245331,1676.148438,-0.4906248133,-0.8695966663,0.0555781481,,,,
18659,0.0,354.276276,424.798767,1676.375122,-0.4827964326,-0.8739077394,0.0565054654,,,,
18660,0.0,351.483582,425.315826,1676.55957,-0.4749974109,-0.8781692376,0.0565353848,,,,
18661,0.0,348.363281,426.041656,1676.575317,-0.4692611264,-0.8811889542,0.0574458198,,,,
18662,0.0,345.513428,426.677094,1676.720215,-0.4659931601,-0.8829184454,0.0574925521,,,,
18663,0.0,342.156281,427.461304,1676.940308,-0.4630666426,-0.8843942203,0.0584478197,,,,
18664,0.0,339.214752,428.223724,1677.090698,-0.4614143783,-0.8852572541,0.058449684,,,,
18665,0.0,336.368195,428.998962,1677.193237,-0.4597825009,-0.8861059103,0.0584497014,,,,
18666,0.0,333.640503,429.729767,1677.290649,-0.4560617141,-0.8880266591,0.058449684,,,,
18667,0.0,330.337219,430.699219,1677.317261,-0.449604784,-0.8913131732,0.058449684,,,,
18668,0.0,327.522675,431.458099,1677.317139,-0.4454557899,-0.8933939633,0.058449684,,,,
18669,0.0,323.257507,433.73999,1675.499756,-0.4431690583,-0.8945305027,0.058449684,,,,
18670,0.0,319.914429,434.273865,1674.914795,-0.4404734125,-0.8958609308,0.058449684,,,,
18671,0.0,316.345306,434.920837,1674.639404,-0.4367368676,-0.8976884431,0.0584497014,,,,
18672,0.0,313.425629,436.058594,1674.514526,-0.4332742399,-0.8994243534,0.0575262161,,,,
18673,0.0,312.762939,436.208771,1674.361206,-0.4293686788,-0.9012974781,0.0574925521,,,,
18674,0.0,312.200256,436.454285,1674.336304,-0.4222620828,-0.9046487384,0.0574925521,,,,
18675,0.0,311.619141,436.618927,1674.327026,-0.4111823963,-0.9097382269,0.0574925695,,,,
18676,0.0,311.269928,437.180237,1674.370728,-0.3934781943,-0.9175871494,0.0566456871,,,,
18677,0.0,310.906525,437.806946,1674.419067,-0.3655803318,-0.9291136134,0.0556678934,,,,
18870,0.0,695.12439,1338.455444,1764.472656,1.0,0.0,0.0,,,,
18871,0.0,695.133484,1338.496826,1764.531616,1.0,0.0,0.0,,,,
18872,0.0,694.053955,1338.2821045,1765.2584225,1.0,0.0,0.0,,,,
18873,0.0,694.856506,1338.311157,1764.783936,1.0,0.0,0.0,,,,
18874,0.0,694.18396,1336.62146,1764.830322,0.9198418393,-0.3912756877,0.0281838061,,,,
18875,0.0,693.754822,1335.9823,1764.904785,0.8524334652,-0.5214280603,0.0383401269,,,,
18876,0.0,693.743286,1335.927734,1764.990845,0.8524334652,-0.5214280603,0.0383401269,,,,
18877,0.0,693.750366,1335.859985,1765.100342,0.8524334652,-0.5214280603,0.0383401269,,,,
18878,0.0,693.793152,1335.814209,1765.239746,0.8524334652,-0.5214280603,0.0383401269,,,,
18879,0.0,693.835083,1335.796631,1765.327515,0.8524334652,-0.5214280603,0.0383401269,,,,
18880,0.0,693.874634,1335.79541,1765.385864,0.8524334652,-0.5214280603,0.0383401269,,,,
18881,0.0,693.968933,1335.810059,1765.478394,0.8524334652,-0.5214280603,0.0383401269,,,,
18882,0.0,693.985229,1335.813599,1765.492188,0.8524334652,-0.5214280603,0.0383401269,,,,
18883,0.0,694.056641,1335.834106,1765.541382,0.8524334652,-0.5214280603,0.0383401269,,,,
18884,0.0,694.299011,1335.935303,1765.641479,0.8524334652,-0.5214280603,0.0383401269,,,,
18885,0.0,694.473938,1336.0271,1765.672119,0.8524334652,-0.5214280603,0.0383401269,,,,
18886,0.0,694.540833,1336.060425,1765.677124,0.8524334652,-0.5214280603,0.0383401269,,,,
18887,0.0,694.733154,1336.164062,1765.674683,0.8524334652,-0.5214280603,0.0383401269,,,,
18888,0.0,694.961182,1338.190186,1765.63623,0.999791586,-0.0203678557,0.0013910793,,,,
18889,0.0,695.011902,1338.30188,1765.604126,1.0,0.0,0.0,,,,
18890,0.0,695.08728,1338.361816,1765.54248,1.0,0.0,0.0,,,,
18891,0.0,695.148438,1338.407837,1765.464478,1.0,0.0,0.0,,,,
18892,0.0,695.219299,1338.449341,1765.37561,1.0,0.0,0.0,,,,
18893,0.0,695.355835,1338.488647,1765.210693,1.0,0.0,0.0,,,,
18894,0.0,695.916809,1336.643433,1765.716309,1.0,0.0,0.0,,,,
18895,0.0,696.00647,1336.922485,1765.649536,1.0,0.0,0.0,,,,
18896,0.0,695.944092,1336.957886,1765.705566,1.0,0.0,0.0,,,,
18897,0.0,695.828003,1337.026978,1765.818115,1.0,0.0,0.0,,,,
18898,0.0,696.358093,1338.192627,1765.204712,1.0,0.0,0.0,,,,
18899,0.0,696.407593,1337.21936,1765.991089,1.0,0.0,0.0,,,,
18900,0.0,696.944153,1337.415405,1766.071899,1.0,0.0,0.0,,,,
18901,0.0,699.661865,1338.186401,1765.741455,1.0,0.0,0.0,,,,
18902,0.0,701.226562,1337.52417,1765.206421,1.0,0.0,0.0,,,,
18903,0.0,702.122559,1336.641113,1764.725098,1.0,0.0,0.0,,,,
18904,0.0,704.810791,1336.664185,1764.245728,1.0,0.0,0.0,,,,
18905,0.0,706.482971,1336.733521,1763.937866,1.0,0.0,0.0,,,,
18906,0.0,707.744232,1336.8132325,1763.7559815,1.0,0.0,0.0,,,,
18907,0.0,710.645447,1336.98938,1763.441772,1.0,0.0,0.0,,,,
18908,0.0,712.018402,1337.166321,1763.5149535,1.0,0.0,0.0,,,,
18909,0.0,715.210449,1337.485352,1763.724487,1.0,0.0,0.0,,,,
18910,0.0,717.24707,1337.609741,1763.958008,1.0,0.0,0.0,,,,
18911,0.0,720.282959,1337.670044,1764.126587,1.0,0.0,0.0,,,,
18912,0.0,722.309448,1337.714478,1764.255005,1.0,0.0,0.0,,,,
18913,0.0,725.371826,1337.612915,1764.447021,1.0,0.0,0.0,,,,
18914,0.0,727.674438,1337.564209,1764.563843,1.0,0.0,0.0,,,,
18915,0.0,731.332764,1337.510864,1764.72937,1.0,0.0,0.0,,,,
18916,0.0,733.536743,1337.518311,1764.831665,1.0,0.0,0.0,,,,
18917,0.0,737.135864,1337.42041,1764.943237,1.0,0.0,0.0,,,,
18918,0.0,739.609314,1337.331299,1765.072998,0.9999975506,0.0022133375,0.0,,,,
18919,0.0,743.262329,1337.286743,1765.013916,0.9999203814,0.0126186748,0.0,,,,
18920,0.0,745.857849,1337.587402,1764.917358,0.9996418901,0.0267515827,0.0006666285,,,,
18921,0.0,749.929688,1338.136108,1764.793091,0.9978531797,0.0653904919,0.0036214979,,,,
18922,0.0,752.507446,1338.811035,1764.72583,0.9950462772,0.0992364382,0.0059190925,,,,
18923,0.0,755.087402,1339.440552,1764.726196,0.9897427206,0.1425839018,0.0088981994,,,,
18924,0.0,758.890442,1341.133667,1764.639771,0.9687172108,0.2477178536,0.0149275085,,,,
18925,0.0,760.652649,1342.960205,1764.537476,0.9472318798,0.3199982954,0.0187844847,,,,
18926,0.0,762.871155,1345.845337,1764.271729,0.9067843737,0.4208234225,0.0254901288,,,,
18927,0.0,764.296326,1347.911255,1764.111938,0.8763865056,0.4807003397,0.0295613958,,,,
18928,0.0,765.392944,1350.112915,1763.947388,0.8335346312,0.5514054753,0.0342347841,,,,
18929,0.0,766.518311,1353.27478,1763.744019,0.7587350815,0.6500189946,0.0423837562,,,,
18930,0.0,768.015198,1356.089478,1763.59314,0.7227034737,0.6895676104,0.0468636297,,,,
18931,0.0,768.146362,1357.760864,1763.665039,0.7020118755,0.7104645077,0.0491885145,,,,
18932,0.0,767.502319,1360.121826,1763.720459,0.6815108735,0.7299760255,0.0517487342,,,,
18933,0.0,767.013367,1361.524414,1763.841919,0.679348114,0.7319892134,0.0517487342,,,,
18934,0.0,766.935791,1364.534668,1763.61438,0.678706402,0.7325842534,0.0517487342,,,,
18935,0.0,766.920105,1366.59375,1763.513794,0.678706402,0.7325842534,0.0517487342,,,,
18936,0.0,766.903137,1369.812012,1763.320801,0.678706402,0.7325842534,0.0517487342,,,,
18937,0.0,766.874512,1371.966553,1763.248047,0.678706402,0.7325842534,0.0517487342,,,,
18938,0.0,766.861938,1375.15979,1763.164673,0.678706402,0.7325842534,0.0517487342,,,,
18939,0.0,766.880127,1378.160278,1763.117676,0.6786803216,0.7325560001,0.0524854997,,,,
18940,0.0,767.022278,1381.825073,1763.199829,0.6786723723,0.7325475224,0.0527061525,,,,
18941,0.0,767.158691,1385.390625,1763.289795,0.6786723723,0.7325475224,0.0527061525,,,,
18942,0.0,767.280884,1387.659546,1763.393311,0.6786496845,0.7325229309,0.0533363061,,,,
18943,0.0,767.743103,1394.483276,1763.833008,0.6785812884,0.7324493105,0.055185529,,,,
18944,0.0,767.908081,1396.7318115,1764.00116,0.6779674842,0.7329418599,0.0561670511,,,,
18945,0.0,768.073059,1398.980347,1764.169312,0.6773536799,0.7334344094,0.0571485732,,,,
18946,0.0,768.20752,1402.852905,1764.321167,0.6737406751,0.7363790676,0.0618010632,,,,
18947,0.0,768.347229,1409.764648,1764.46875,0.6642665625,0.744374892,0.0682345519,,,,
18948,0.0,768.339203,1411.920654,1764.420471,0.6575839081,0.7498888917,0.0718466732,,,,
18949,0.0,768.200989,1416.597168,1764.347046,0.6415610235,0.7629999474,0.0789337275,,,,
18950,0.0,767.986328,1421.222778,1764.068726,0.6150663752,0.7836269803,0.0873046952,,,,
18951,0.0,767.604187,1425.309204,1763.917114,0.5844811344,0.8059762499,0.0937234663,,,,
18952,0.0,767.4090575,1427.2335205,1763.8104245,0.570090544,0.8156915102,0.096614182,,,,
18953,0.0,766.799805,1432.365479,1763.431763,0.5240992905,0.8451664191,0.1049459757,,,,
18954,0.0,766.124634,1437.106567,1763.160278,0.4755730076,0.8723986323,0.1129200637,,,,
18955,0.0,765.594727,1440.178101,1763.043945,0.4388305004,0.8908860396,0.1172597812,,,,
18956,0.0,764.581909,1444.788452,1762.871582,0.3748543963,0.9188951877,0.1229463933,,,,
18957,0.0,763.186096,1449.372314,1762.679688,0.2793003243,0.9508655172,0.1335892852,,,,
18958,0.0,762.329407,1451.984619,1762.61084,0.2340654476,0.9624484925,0.1375000565,,,,
18959,0.0,760.437256,1456.987549,1762.588867,0.1450462637,0.9787527215,0.144929954,,,,
18960,0.0,758.672974,1460.616943,1762.531616,0.0566406575,0.9867806567,0.1518412708,,,,
18961,0.0,756.802307,1464.110596,1762.803711,-0.018542163,0.9869000537,0.1602637579,,,,
18962,0.0,754.983154,1467.473267,1763.116455,-0.0723273341,0.9825524756,0.1713458184,,,,
18963,0.0,753.575562,1470.633423,1763.279297,-0.078953697,0.9817784422,0.1728508147,,,,
18964,0.0,752.088989,1473.654663,1763.70874,-0.078953697,0.9817784422,0.1728508147,,,,
18965,0.0,750.81012,1476.544189,1763.979248,-0.078953697,0.9817784422,0.1728508147,,,,
18966,0.0,749.170471,1480.393188,1764.507324,-0.078953697,0.9817784422,0.1728508147,,,,
18967,0.0,747.97522,1483.535767,1764.569458,-0.078953697,0.9817784422,0.1728508147,,,,
18968,0.0,746.811523,1486.817749,1764.634644,-0.078953697,0.9817784422,0.1728508147,,,,
18969,0.0,745.675354,1490.152344,1764.540894,-0.078953697,0.9817784422,0.1728508147,,,,
18970,0.0,744.595093,1493.495239,1764.398682,-0.078953697,0.9817784422,0.1728508147,,,,
18971,0.0,743.894836,1495.866699,1764.219604,-0.078953697,0.9817784422,0.1728508147,,,,
18972,0.0,742.857361,1499.703247,1763.815552,-0.078953697,0.9817784422,0.1728508147,,,,
18973,0.0,742.169067,1502.20459,1763.692383,-0.078953697,0.9817784422,0.1728508147,,,,
18974,0.0,741.201904,1505.922363,1763.413086,-0.078953697,0.9817784422,0.1728508147,,,,
18975,0.0,740.322327,1509.212769,1763.317871,-0.078953697,0.9817784422,0.1728508147,,,,
18976,0.0,739.423401,1512.519897,1763.364136,-0.078953697,0.9817784422,0.1728508147,,,,
18977,0.0,738.632385,1515.479736,1763.402588,-0.078953697,0.9817784422,0.1728508147,,,,
18978,0.0,737.717468,1519.184082,1763.739868,-0.078953697,0.9817784422,0.1728508147,,,,
18979,0.0,736.935913,1522.536865,1764.156616,-0.078953697,0.9817784422,0.1728508147,,,,
18980,0.0,736.170776,1525.856689,1764.648804,-0.078953697,0.9817784422,0.1728508147,,,,
18981,0.0,735.44281,1529.074463,1765.14209,-0.078953697,0.9817784422,0.1728508147,,,,
18982,0.0,734.709595,1532.357422,1765.627197,-0.078953697,0.9817784422,0.1728508147,,,,
18983,0.0,734.065063,1535.634521,1765.795288,-0.0799008173,0.9837106325,0.1610256221,,,,
18984,0.0,732.371948,1542.414917,1766.562622,-0.1491644933,0.9750890086,0.1641687521,,,,
18985,0.0,731.425964,1545.71875,1766.793213,-0.2193803552,0.9611335626,0.1676142435,,,,
18986,0.0,730.207458,1549.289429,1766.824829,-0.3375955597,0.9269170434,0.1638720012,,,,
18987,0.0,728.706085,1550.935669,1766.9733885,-0.4216085386,0.8873634015,0.1618820646,,,,
18988,0.0,727.204712,1552.581909,1767.121948,-0.5056215175,0.8478097596,0.159892128,,,,
18989,0.0,725.272949,1554.924927,1767.172607,-0.5976828942,0.7856832098,0.1596153246,,,,
18990,0.0,720.807617,1559.273071,1764.900146,-0.8284329486,0.538064058,0.1555182279,,,,
18991,0.0,718.766174,1560.87915,1763.872314,-0.9241283387,0.3506692521,0.1517164765,,,,
18992,0.0,717.145203,1562.653564,1763.074097,-0.9719657858,0.1809468293,0.1501357923,,,,
18993,0.0,716.049988,1564.475464,1762.764893,-0.9846603839,0.0890463237,0.1500489277,,,,
18994,0.0,714.925537,1566.129028,1762.483643,-0.9875236527,-0.0454866053,0.1507580982,,,,
18995,0.0,713.459106,1568.505005,1762.6427,-0.9639757009,-0.2139264502,0.1580706232,,,,
18996,0.0,712.095398,1570.516724,1762.865845,-0.9156690108,-0.364774808,0.1687886314,,,,
18997,0.0,711.000427,1572.039673,1762.96167,-0.8332442763,-0.5217438112,0.1829955504,,,,
18998,0.0,709.541199,1573.902222,1763.099609,-0.7649714098,-0.6142281592,0.1937588982,,,,
18999,0.0,707.443909,1576.154541,1763.262817,-0.7489725761,-0.632837489,0.1963588369,,,,
19000,0.0,705.315552,1578.174316,1763.438965,-0.7486877937,-0.6331595704,0.1964065834,,,,
19001,0.0,702.805847,1580.245117,1763.666748,-0.7486877937,-0.6331595704,0.1964065834,,,,
19002,0.0,700.725281,1581.785156,1763.793457,-0.7486877937,-0.6331595704,0.1964065834,,,,
19003,0.0,697.637268,1583.85437,1763.968262,-0.7486877937,-0.6331595704,0.1964065834,,,,
19004,0.0,695.798767,1584.980225,1763.966309,-0.7486877937,-0.6331595704,0.1964065834,,,,
19005,0.0,692.547607,1586.915771,1763.847534,-0.7486877937,-0.6331595704,0.1964065834,,,,
19006,0.0,689.886658,1588.407349,1763.725342,-0.7486877937,-0.6331595704,0.1964065834,,,,
19007,0.0,686.710815,1590.085938,1763.625977,-0.7486877937,-0.6331595704,0.1964065834,,,,
19008,0.0,683.439514,1591.697998,1763.388428,-0.7486877937,-0.6331595704,0.1964065834,,,,
19009,0.0,680.720764,1592.950684,1763.145386,-0.7486877937,-0.6331595704,0.1964065834,,,,
19010,0.0,677.836182,1594.259888,1762.919067,-0.7486877937,-0.6331595704,0.1964065834,,,,
19011,0.0,675.078857,1595.44519,1762.740112,-0.7523740226,-0.6287748225,0.1964066005,,,,
19012,0.0,671.372925,1597.159912,1762.614014,-0.8113146524,-0.5522334195,0.1918509454,,,,
19013,0.0,668.411072,1598.397339,1762.557861,-0.854489638,-0.4848959863,0.1863420003,,,,
19014,0.0,665.188232,1599.739868,1762.504639,-0.8863102604,-0.4248560814,0.1842591448,,,,
19015,0.0,662.825012,1600.835693,1762.469604,-0.9108846247,-0.3692835191,0.1841707986,,,,
19016,0.0,659.097473,1602.359863,1762.598877,-0.9298168243,-0.3186248424,0.1841707986,,,,
19017,0.0,655.824219,1603.785889,1762.721924,-0.9491870326,-0.2563417651,0.182572935,,,,
19018,0.0,652.386841,1605.261719,1763.021851,-0.9585961107,-0.2187815687,0.1822858242,,,,
19019,0.0,649.184998,1606.784424,1763.275513,-0.969692661,-0.1646130579,0.1805510578,,,,
19020,0.0,645.903198,1608.330322,1763.564453,-0.9753434099,-0.1271260504,0.180400111,,,,
19021,0.0,642.607239,1609.958496,1763.860352,-0.9789447105,-0.0970231181,0.1795933415,,,,
19022,0.0,639.50885,1611.539307,1764.112549,-0.9802983908,-0.0825241346,0.1794570481,,,,
19023,0.0,636.300049,1613.265747,1764.291992,-0.9819872994,-0.0612277964,0.1787515059,,,,
19024,0.0,633.077454,1615.081665,1764.369751,-0.9833308473,-0.0413314569,0.1770653985,,,,
19025,0.0,629.404297,1617.248291,1764.404541,-0.9839587107,-0.0308070425,0.1757161965,,,,
19026,0.0,623.969971,1620.579468,1764.380615,-0.9841397695,-0.0305802766,0.1747391223,,,,
19027,0.0,621.113708,1622.366089,1764.305664,-0.9841397695,-0.0305802766,0.1747391223,,,,
19028,0.0,619.6203915,1623.335083,1764.227173,-0.9841397695,-0.0305802766,0.1747391223,,,,
19029,0.0,615.302979,1626.205688,1763.975586,-0.9841397695,-0.0305802766,0.1747391223,,,,
19030,0.0,612.677734,1628.0448,1763.671143,-0.9841397695,-0.0305802766,0.1747391223,,,,
19031,0.0,609.731262,1630.218262,1763.677856,-0.9841397695,-0.0305802766,0.1747391223,,,,
19032,0.0,606.86322,1632.418457,1763.143433,-0.9841397695,-0.0305802766,0.1747391223,,,,
19033,0.0,604.132629,1634.588867,1763.073975,-0.9841397695,-0.0305802766,0.1747391223,,,,
19034,0.0,601.529724,1636.730591,1763.116577,-0.9841397695,-0.0305802766,0.1747391223,,,,
19035,0.0,598.920044,1638.866455,1763.198364,-0.9841397695,-0.0305802766,0.1747391223,,,,
19036,0.0,596.09021,1641.17041,1763.298828,-0.9841397695,-0.0305802766,0.1747391223,,,,
19037,0.0,594.066223,1642.788208,1763.4552,-0.9841397695,-0.0305802766,0.1747391223,,,,
19038,0.0,590.724548,1645.425659,1763.862793,-0.9841397695,-0.0305802766,0.1747391223,,,,
19039,0.0,588.031982,1647.541504,1764.09082,-0.9841397695,-0.0305802766,0.1747391223,,,,
19040,0.0,584.876831,1649.997192,1764.426758,-0.9842344718,-0.0322582813,0.1739020063,,,,
19041,0.0,582.104614,1652.042725,1764.604614,-0.9841000115,-0.043371383,0.1722384699,,,,
19042,0.0,578.929626,1654.087646,1764.831543,-0.9811754937,-0.0895966392,0.1710762777,,,,
19043,0.0,576.227112,1655.562744,1764.935425,-0.9679592148,-0.181748612,0.1732697336,,,,
19044,0.0,573.192444,1657.256348,1764.922363,-0.9176489415,-0.3566102617,0.1753554713,,,,
19045,0.0,570.440002,1658.831543,1764.774048,-0.8341278849,-0.5228442988,0.1756829841,,,,
19046,0.0,568.880188,1660.172607,1764.997681,-0.7051452675,-0.6879308055,0.1718178063,0.1438260872,1171.9711613034,2268.2387207338,0.0
19047,0.0,568.462219,1660.880127,1765.541016,-0.4338504121,-0.8856702789,0.165414561,,,,
19048,0.0,567.228455,1662.390259,1765.940796,-0.1862576108,-0.9693000966,0.1605161212,,,,
19049,0.0,566.417847,1663.88269,1764.07666,0.0930759246,-0.9831353287,0.1574223546,0.0504199744,538.9418017153,1718.9768430557,1.0
19050,0.0,565.820129,1663.664062,1763.675293,0.3528135237,-0.922854053,0.1544765821,0.0213828316,353.9596895423,1720.8392800744,1.0
19051,0.0,565.506409,1663.828369,1763.313477,0.5159206733,-0.8430886787,0.1517476149,0.0197918341,354.1428618695,1788.8752191467,6.0
19052,0.0,564.494995,1664.209595,1763.108398,0.5917893072,-0.792113484,0.1494712159,0.023971423,389.5574912318,1789.8970095315,6.0
19053,0.0,563.424072,1664.583984,1763.019287,0.6159510376,-0.7739877878,0.1467897256,0.0267398079,411.4066773508,1791.0182770962,6.0
19054,0.0,562.914795,1664.558838,1763.187866,0.6067027334,-0.7813583657,0.146256274,0.0251441596,399.2528880872,1791.6856069935,6.0
19055,0.0,562.98822,1664.952515,1763.53894,0.5828700772,-0.7989519155,0.1481158662,0.0225870403,378.7976831552,1792.375349155,6.0
19056,0.0,563.341431,1665.476685,1763.898193,0.5622807409,-0.8133182198,0.1495120119,0.0211388872,366.6816974793,1792.8357972588,6.0
19057,0.0,563.284302,1665.52356,1764.252808,0.5338315921,-0.8321713531,0.1500488932,0.0198793509,355.7501014212,1793.0735574118,6.0
19058,0.0,563.327576,1665.417969,1764.63501,0.5028359274,-0.8515733166,0.1482528808,0.0194588944,351.9993741804,1793.0437240252,6.0
19059,0.0,563.429382,1665.510864,1764.935181,0.4909081439,-0.8586837616,0.1472120644,0.0196641523,353.810591652,1792.9318868775,6.0
19060,0.0,563.457581,1665.419434,1764.97229,0.4888640268,-0.8599826176,0.1464303954,0.019659116,353.7160060717,1792.679873753,6.0
19061,0.0,564.03894,1663.832764,1764.603882,0.4884229237,-0.8602628377,0.146256274,0.0197183542,353.8474226908,1790.6768714315,6.0
19062,0.0,565.112732,1662.687134,1764.092163,0.4884839992,-0.8603713547,0.1454115352,0.0195909648,352.3156726641,1788.6550842368,6.0
19063,0.0,566.861389,1661.295532,1763.666626,0.4884919302,-0.8603843795,0.1453077895,0.0196192351,352.0504304907,1786.0330639474,6.0
19064,0.0,568.05365,1660.634155,1763.484131,0.4873636498,-0.8610239975,0.1453077723,0.0197136495,352.5566808932,1784.3557151676,6.0
19065,0.0,569.793457,1659.858643,1763.254883,0.4835926519,-0.8634057142,0.1437661984,0.0196898111,351.8907876032,1782.0525688715,6.0
19066,0.0,571.339111,1659.074951,1763.270142,0.4808614628,-0.8651172385,0.142633857,0.0197254952,351.7562214652,1779.7751243812,6.0
19067,0.0,572.990479,1658.108521,1763.33606,0.476411372,-0.8678601689,0.1408933354,0.0198187212,352.0279356122,1776.9975923425,6.0
19068,0.0,574.749634,1656.906738,1763.403198,0.4727884515,-0.8700224823,0.1397567903,0.0199525467,352.6571432623,1774.2536940247,6.0
19069,0.0,576.494385,1655.488892,1763.463623,0.4687450708,-0.8723612613,0.1387944107,0.0201607212,353.8903892027,1771.3352607589,6.0
19070,0.0,579.815735,1652.630615,1763.994995,0.4589550086,-0.8780906567,0.1353406762,0.0206566569,356.9772463036,1765.4277533405,6.0
19071,0.0,581.690308,1650.927979,1764.394531,0.4550568527,-0.8804083387,0.1334331967,0.0208506112,357.9524530716,1762.0842113791,6.0
19072,0.0,583.523132,1648.882446,1764.649658,0.450924467,-0.8827166019,0.1322063759,0.021234707,360.4430466621,1758.3947296684,6.0
19073,0.0,585.229797,1646.806763,1764.932495,0.4434417814,-0.8868639116,0.1297373838,0.0218188803,364.5590476391,1754.7636324209,6.0
19074,0.0,587.141357,1644.919922,1764.897949,0.4368308254,-0.8904498088,0.1275851403,0.0224060501,368.6030809419,1751.0870939626,6.0
19075,0.0,588.955872,1642.473633,1765.154419,0.4297236345,-0.8941905974,0.1255419192,0.0214697021,357.5860691616,1734.9870170131,1.0
19076,0.0,590.839294,1640.104492,1765.317261,0.4226629989,-0.8978248708,0.1235576411,0.0204759407,348.8613839657,1732.8085230634,1.0
19077,0.0,592.063416,1638.296997,1765.359497,0.419403492,-0.8995450192,0.1221452799,0.0199368564,343.9609904651,1731.1764304298,1.0
19078,0.0,593.917847,1635.532471,1765.351685,0.4147760049,-0.9020709889,0.1192845199,0.0190373751,335.7072629231,1728.6977320614,1.0
19079,0.0,595.568542,1632.834351,1765.194214,0.4110885944,-0.9039376556,0.1179104846,0.0185038707,330.5602134179,1726.3254540944,1.0
19080,0.0,597.020996,1630.356689,1765.162476,0.4085788325,-0.9051889873,0.1170309146,0.0181739416,327.2152006819,1724.1543367228,1.0
19081,0.0,598.772705,1627.268188,1765.042725,0.4056744353,-0.9065248195,0.1167947097,0.0179204549,324.4271081944,1721.4011176571,1.0
19082,0.0,599.6400755,1625.6995235,1765.001099,0.4046776007,-0.9070293137,0.116328837,0.0177737163,322.8528877112,1720.050947339,1.0
19083,0.0,601.821899,1621.588623,1765.028442,0.4015033428,-0.9086027526,0.1150482666,0.0173606195,318.4533264202,1716.490151951,1.0
19084,0.0,603.535156,1618.197388,1765.086792,0.3986460667,-0.9099932076,0.1139898052,0.0170068075,314.6716814024,1713.5060837334,1.0
19085,0.0,605.078674,1614.941528,1765.213989,0.395917129,-0.9111903333,0.1139377171,0.0168599386,312.8053614786,1710.6828421841,1.0
19086,0.0,606.573914,1611.787964,1765.335938,0.393362368,-0.9124120625,0.1130056444,0.0165714558,309.6444427729,1707.9481356511,1.0
19087,0.0,607.46759,1609.508667,1765.764038,0.3907599923,-0.913618624,0.1122837403,0.0163533495,307.2841236631,1706.1004869799,1.0
19088,0.0,608.712585,1606.204468,1765.829956,0.3862671286,-0.9156537288,0.1112472664,0.0160151034,303.6849923307,1703.6849049939,1.0
19089,0.0,609.036316,1605.211792,1765.829956,0.3852783083,-0.9161056675,0.1109550859,0.0159055773,302.5064455762,1702.8592266543,1.0
19090,0.0,610.047974,1600.284302,1766.35083,0.3826017787,-0.91732652,0.1101269026,0.01567896,299.7120962715,1699.181131987,1.0
19091,0.0,610.713806,1595.946167,1766.479004,0.3811666696,-0.9179237613,0.11012692,0.0156104632,298.4992819824,1695.9847056194,1.0
19092,0.0,611.02594,1593.475952,1766.4646,0.379875675,-0.9184587834,0.1101269026,0.0155469543,297.5792954323,1694.1803360894,1.0
19093,0.0,611.213379,1590.400879,1766.463013,0.377790762,-0.9193881565,0.1095424934,0.0153542797,295.3604574315,1691.9835326232,1.0
19094,0.0,611.324951,1585.988403,1766.347046,0.373625751,-0.9211323712,0.1091739568,0.0151556452,292.9235232031,1688.8994962726,1.0
19095,0.0,611.210632,1582.799805,1766.168579,0.3667441142,-0.9239850001,0.1083996046,0.0149197469,290.3155874707,1686.9437095751,1.0
19096,0.0,610.939636,1579.441406,1765.919312,0.3598033786,-0.9267306854,0.1082209106,0.0148350084,289.1215723459,1684.7609781156,1.0
19097,0.0,610.530518,1575.950684,1765.589355,0.3514695034,-0.9300064716,0.1075041909,0.0147431068,287.8528441426,1682.548777149,1.0
19098,0.0,610.095337,1572.879028,1765.276733,0.3426053602,-0.9333355225,0.1072677476,0.0148568928,288.6276742799,1680.6530395466,1.0
19099,0.0,609.273499,1568.364624,1764.762695,0.3223039557,-0.9406370074,0.1064057348,0.0154552158,293.8671004591,1677.9653124647,1.0
19100,0.0,608.679626,1565.170898,1764.727661,0.3070527194,-0.9457356191,0.1063144686,0.0163795421,302.1053397886,1676.0162844374,1.0
19101,0.0,608.133667,1561.451172,1764.526978,0.2907124305,-0.9508856466,0.1063144859,0.0177316867,313.8371909729,1673.971901458,1.0
19102,0.0,607.82373,1558.451294,1764.392822,0.278984216,-0.9543924984,0.1063144686,0.0189138564,323.6944340469,1672.2203654593,1.0
19103,0.0,607.509216,1553.674683,1764.493164,0.257372622,-0.9603446004,0.107226778,0.0216534914,345.4448798081,1669.0279655072,1.0
19104,0.0,607.460205,1553.0611575,1764.253662,0.2543953092,-0.9611303591,0.1072472714,0.0220601343,348.592555237,1668.8860650725,1.0
19105,0.0,607.339417,1546.544067,1764.095215,0.220389677,-0.9692921699,0.1090920693,0.0276504453,388.7964859028,1664.8661466674,1.0
19106,0.0,607.282104,1544.640259,1764.078613,0.2103340277,-0.9714645201,0.1096188081,0.0295343259,401.3028621079,1663.5056833967,1.0
19107,0.0,607.430908,1539.200928,1764.158081,0.1840055936,-0.976736406,0.1101269026,0.0349261744,434.8328483449,1659.8062658651,1.0
19108,0.0,607.564819,1535.964478,1764.42041,0.1666846963,-0.9797517236,0.1109178623,0.0389747972,458.2445386804,1657.5390849484,1.0
19109,0.0,607.786072,1531.688232,1764.788574,0.1466038753,-0.9828320993,0.1120194996,0.0441581589,486.2236989151,1654.4885943082,1.0
19110,0.0,607.953552,1528.625854,1765.075195,0.135634445,-0.9843166344,0.1128009777,0.0472537469,501.8716660783,1652.1582587253,1.0
19111,0.0,608.481018,1521.702637,1766.073486,0.1160273524,-0.9865050336,0.1155226048,0.0479136598,680.430262012,2224.8689589222,2.0
19112,0.0,608.851318,1518.141724,1766.629639,0.1123403282,-0.9868243785,0.1164358048,0.0469344299,671.7986214641,2218.8856569354,2.0
19113,0.0,609.211304,1514.828613,1766.980347,0.1102862958,-0.9870136396,0.116794727,0.0463750186,666.3034368982,2213.6522903035,2.0
19114,0.0,609.4758605,1512.5237425,1767.185852,0.1090995323,-0.987144801,0.116794727,0.0460185179,662.7002231979,2209.9949249986,2.0
19115,0.0,610.087891,1506.78186,1767.608643,0.1061332928,-0.987388986,0.1174679293,0.045177401,653.8557796357,2200.22791344,2.0
19116,0.0,610.580566,1502.581787,1767.702637,0.1039734699,-0.9875855404,0.1177468385,0.044545271,647.2586746786,2193.0735337328,2.0
19117,0.0,610.765411,1500.4661865,1767.747803,0.1024095512,-0.9876910542,0.1182200674,0.0441650311,643.481553432,2189.4342039719,2.0
19118,0.0,611.35376,1495.61377,1767.803345,0.0994145856,-0.9878558104,0.1194053519,0.0434688789,636.0271003191,2180.9364989052,2.0
19119,0.0,612.035034,1491.233765,1767.511475,0.0971880006,-0.9880476636,0.1196507707,0.0428617772,629.5157544105,2173.5056159486,2.0
19120,0.0,612.328186,1488.567505,1767.312378,0.0946017131,-0.9882248558,0.1202586806,0.042281225,624.1048270693,2169.2450147113,2.0
19121,0.0,612.736267,1484.342407,1766.887207,0.0895645522,-0.9885623793,0.1213367761,0.0410938786,613.2562337785,2161.456965681,2.0
19122,0.0,613.145813,1479.880859,1766.455811,0.086671947,-0.9887934764,0.1215542456,0.0403181607,605.3569676352,2153.6166778836,2.0
19123,0.0,613.416504,1476.449341,1766.221558,0.081708321,-0.9891156415,0.1223682881,0.0392190811,595.5472756595,2147.5980422333,2.0
19124,0.0,613.629089,1473.283081,1766.130493,0.0776825976,-0.9893433371,0.1231469665,0.0383556883,587.5155904427,2141.8762414928,2.0
19125,0.0,613.91449,1468.794189,1766.104492,0.0729750363,-0.9895642108,0.1242469988,0.0374473838,578.6937235359,2134.653435606,2.0
19126,0.0,614.118591,1464.368652,1766.197266,0.0675285396,-0.9898116626,0.1253505838,0.0363543915,568.1493557919,2126.4370136104,2.0
19127,0.0,614.27179,1461.387939,1766.261719,0.0645387598,-0.989916498,0.1260955015,0.0357994241,562.478199834,2121.166492057,2.0
19128,0.0,614.314087,1458.03833,1766.512939,0.0605576224,-0.9900607331,0.1269350978,0.0350677493,555.24035572,2115.2090056259,2.0
19129,0.0,614.478027,1453.143921,1766.765381,0.0571102745,-0.9902236116,0.1272619955,0.0343534822,547.3869430406,2106.475150336,2.0
19130,0.0,614.401733,1450.235107,1767.107666,0.0556493787,-0.9903067886,0.1272619782,0.0340262192,543.5877207142,2101.7155096864,2.0
19131,0.0,614.699951,1445.583618,1767.165649,0.0523714777,-0.9903672341,0.1281794442,0.0334260148,536.6198350204,2093.0002285237,2.0
19132,0.0,614.484619,1442.480347,1767.521606,0.0500621147,-0.9904823295,0.1282128684,0.0328162671,530.4756197352,2087.8455943256,2.0
19133,0.0,614.406982,1437.960815,1767.713379,0.0457736987,-0.9905713494,0.1291246305,0.031958211,521.9215504114,2081.1186523175,2.0
19134,0.0,614.449768,1434.935303,1767.747314,0.0434602951,-0.99057651,0.1298821799,0.031590004,517.8968753687,2076.876487976,2.0
19135,0.0,614.551086,1430.569092,1767.815063,0.0401753536,-0.9906847207,0.1301142771,0.030862607,510.5455040822,2071.0002071142,2.0
19136,0.0,614.55835,1427.528809,1767.824097,0.0372165051,-0.990711551,0.1307882045,0.0303559191,505.5724984577,2067.6064150864,2.0
19137,0.0,614.654175,1423.060059,1767.705566,0.0344029232,-0.9907766924,0.1310648111,0.0297881825,499.7636932494,2062.9383037732,2.0
19138,0.0,614.761108,1420.299438,1767.605957,0.032997813,-0.9907442476,0.1316699672,0.0295902475,497.3585304393,2059.7617914891,2.0
19139,0.0,614.965637,1416.1604,1767.40271,0.0315973798,-0.9907439581,0.1320152074,0.0293174304,494.0046472305,2055.2267576165,2.0
19140,0.0,615.286316,1412.092407,1767.030151,0.0305622616,-0.9907764295,0.1320152074,0.0290236445,490.3625501906,2050.2207022573,2.0
19141,0.0,615.560913,1408.257568,1766.662231,0.0304063191,-0.9907812252,0.1320152247,0.0288961931,488.2432470034,2045.7906136373,2.0
19142,0.0,615.885559,1404.019775,1766.233276,0.0304063191,-0.9907812252,0.1320152247,0.0287177646,485.527774862,2040.6304347679,2.0
19143,0.0,616.090942,1400.759155,1765.96936,0.0304063191,-0.9907812252,0.1320152247,0.0285901933,483.5649870226,2036.8443643798,2.0
19144,0.0,616.307861,1396.917603,1765.530151,0.0304063191,-0.9907812252,0.1320152247,0.0284191371,481.1335867472,2032.6047433204,2.0
19145,0.0,616.51709,1393.728149,1765.296997,0.0304063191,-0.9907812252,0.1320152247,0.0282880726,479.22567564,2029.1617503719,2.0
19146,0.0,616.760071,1390.345337,1765.106079,0.0304063191,-0.9907812252,0.1320152247,0.0281549872,477.3236725023,2025.8109694299,2.0
19147,0.0,616.94281,1386.265137,1765.119263,0.0304063191,-0.9907812252,0.1320152247,0.0280214922,475.2961954205,2021.9370033578,2.0
19148,0.0,617.088928,1383.388672,1765.023193,0.0304063191,-0.9907812252,0.1320152247,0.0279265722,473.9457486706,2019.5670434681,2.0
19149,0.0,617.365479,1378.578003,1765.13147,0.0304063191,-0.9907812252,0.1320152247,0.0278004506,471.9997865274,2015.7675830716,2.0
19150,0.0,617.440002,1375.958252,1765.099609,0.0304063191,-0.9907812252,0.1320152247,0.0277275405,470.9196436262,2013.7598478537,2.0
19151,0.0,617.907715,1371.015747,1765.784668,0.0304063191,-0.9907812252,0.1320152247,0.0276750518,469.6965955527,2010.4068561398,2.0
19152,0.0,618.08374,1368.002686,1765.970581,0.0304063191,-0.9907812252,0.1320152247,0.0276471641,468.9749727328,2008.3160880601,2.0
19153,0.0,618.376099,1363.862549,1766.421387,0.0304063191,-0.9907812252,0.1320152247,0.0275822687,467.902530433,2006.0463012952,2.0
19154,0.0,619.000732,1357.084717,1767.364502,0.0304063191,-0.9907812252,0.1320152247,0.0275541761,466.8379133078,2002.4877254812,2.0
19155,0.0,619.292053,1353.938232,1767.652344,0.030404254,-0.9907094211,0.1325534768,0.0276284776,467.1039564381,2000.9705958412,2.0
19156,0.0,619.5090635,1351.6124875,1767.758118,0.0307900458,-0.9906698232,0.1327594882,0.0277120066,467.5179912183,1999.7700995373,2.0
19157,0.0,619.960327,1346.190552,1767.95459,0.0325739846,-0.9905028392,0.1335779212,0.0280715934,469.960141148,1997.4776176511,2.0
19158,0.0,620.197632,1343.81604,1767.908203,0.0346308693,-0.9902906755,0.1346095865,0.0285478915,473.625592728,1996.513746174,2.0
19159,0.0,620.636169,1338.612793,1767.815796,0.0389119032,-0.9898834628,0.1364426392,0.0294859882,480.7568117935,1994.4715204,2.0
19160,0.0,621.018494,1334.412476,1767.519775,0.0428310912,-0.9895745244,0.1375054847,0.0302447263,486.4240851784,1992.8935669088,2.0
19161,0.0,621.31781,1330.208984,1767.246948,0.047085972,-0.9892323985,0.1385719055,0.0310736642,492.5849787608,1991.4536189241,2.0
19162,0.0,621.553589,1326.414062,1766.859253,0.0518109084,-0.9888603426,0.1395379967,0.031973748,499.2439059525,1990.2175635925,2.0
19163,0.0,621.724487,1323.763306,1766.579956,0.0551753581,-0.9885828306,0.1402129339,0.0326275678,504.0176203525,1989.3448702352,2.0
19164,0.0,621.955444,1319.348877,1766.140503,0.0599355975,-0.9881480003,0.1413196863,0.0336029772,510.9159443524,1987.5816255298,2.0
19165,0.0,622.148926,1315.241577,1765.998657,0.0631990351,-0.9877969451,0.1423484362,0.0342977527,515.8726200468,1986.7845724312,2.0
19166,0.0,622.299683,1311.466553,1766.026611,0.0651866074,-0.98765147,0.1424615038,0.0346256756,518.0330602984,1985.8009290214,2.0
19167,0.0,617.444031,1306.05957,1765.701294,0.0672799005,-0.9875110834,0.1424614865,0.0344741015,516.1811424761,1982.9705826183,2.0
19168,0.0,617.61731,1302.7146,1765.701294,0.0681386316,-0.9873328663,0.1432862104,0.0347323317,517.8917062272,1982.2623470734,2.0
19169,0.0,617.812683,1299.299927,1765.701294,0.0705472754,-0.9871456544,0.1434103863,0.0351684465,520.7464091665,1981.0116491444,2.0
19170,0.0,618.058716,1295.16748,1765.701294,0.07368692,-0.9867944494,0.1442461526,0.0358298875,525.3949028222,1980.494240795,2.0
19171,0.0,618.311157,1291.202148,1765.701294,0.077560982,-0.9863504296,0.1452484908,0.0367008406,531.419957109,1979.7329614752,2.0
19172,0.0,618.572083,1287.604736,1765.701294,0.0837056369,-0.9857138129,0.1461562363,0.0380309545,540.5960174798,1979.0563216264,2.0
19173,0.0,618.860352,1283.578857,1765.701294,0.0889691997,-0.9852378285,0.1462562912,0.0390714642,547.4907082682,1977.9532669309,2.0
19174,0.0,619.130981,1280.130371,1765.701294,0.0949627245,-0.9845532158,0.1470953645,0.0404067805,556.517761163,1977.7388320838,2.0
19175,0.0,619.437439,1275.971313,1765.701294,0.0985367756,-0.9841856011,0.1472046412,0.0411183212,561.1011404327,1977.057779951,2.0
19176,0.0,619.722839,1272.425415,1765.701294,0.1029707369,-0.983597868,0.1480954466,0.0421920383,568.0607704364,1976.4894464201,2.0
19177,0.0,620.017456,1268.614502,1765.701294,0.1050604635,-0.9833682043,0.1481528732,0.0425979592,570.5536015663,1975.8866908559,2.0
19178,0.0,620.297546,1265.284912,1765.701294,0.1083296712,-0.9830134351,0.1481528559,0.0432693578,574.7813166109,1975.3629107504,2.0
19179,0.0,620.635498,1261.493164,1765.701294,0.1129368305,-0.9823718554,0.1489658014,0.0444296092,581.9620662511,1974.3389070012,2.0
19180,0.0,621.007874,1257.647827,1765.701294,0.1194237385,-0.9815838587,0.149100969,0.0458738508,591.0748076599,1974.1654752086,2.0
19181,0.0,621.387329,1253.747925,1765.701294,0.1245244982,-0.9808163106,0.1499767122,0.0472043179,599.2896263831,1973.8652156876,2.0
19182,0.0,621.728027,1250.290771,1765.701294,0.1280682807,-0.9803488332,0.1500489277,0.0480341264,604.3348615338,1973.6338682643,2.0
19183,0.0,622.100708,1246.486572,1765.701294,0.1302508718,-0.9799353314,0.1508690047,0.0486882491,608.2752108377,1973.4435573179,2.0
19184,0.0,622.488708,1242.562134,1765.701294,0.1313621549,-0.9797673047,0.1509967312,0.048962443,609.8825708587,1973.2488935484,2.0
19185,0.0,622.873413,1238.785278,1765.701294,0.132312264,-0.9796394526,0.150996714,0.0491680538,611.0012645775,1972.8345756743,2.0
19186,0.0,623.246033,1235.228271,1765.701294,0.1332073368,-0.9795181457,0.150996714,0.0493647915,612.0492485737,1972.3758940039,2.0
19187,0.0,623.631836,1231.571655,1765.701294,0.1333193648,-0.9795029042,0.150996714,0.0493705589,611.931470527,1971.884074792,2.0
19188,0.0,624.060242,1227.595581,1765.701294,0.1333193648,-0.9795029042,0.150996714,0.0493518129,611.6526326613,1971.3503747667,2.0
19189,0.0,624.47876,1223.795288,1765.701294,0.1333193648,-0.9795029042,0.150996714,0.0493577375,611.4022453241,1970.4281020207,2.0
19190,0.0,624.911255,1219.945068,1765.701294,0.1333193648,-0.9795029042,0.150996714,0.0493309056,611.2148795969,1970.3463452844,2.0
19191,0.0,625.291138,1216.619263,1765.701294,0.1333193648,-0.9795029042,0.150996714,0.0493248395,611.0547260593,1969.9481251799,2.0
19192,0.0,625.737427,1212.834717,1765.701294,0.1341538014,-0.9793889676,0.150996714,0.0495323807,612.1306425765,1969.3828283173,2.0
19193,0.0,626.225098,1208.83728,1765.701294,0.1360628104,-0.9791255787,0.1509967312,0.0500115914,614.8464861242,1968.8623010124,2.0
19194,0.0,626.643188,1205.411011,1765.701294,0.1369451631,-0.9788734422,0.1518315068,0.0504141567,616.993250416,1968.0357284033,2.0
19195,0.0,627.1203,1201.612061,1765.701294,0.1387443875,-0.978602527,0.1519443615,0.0508743679,619.7362040697,1968.0559381589,2.0
19196,0.0,628.109009,1193.994019,1765.701294,0.1434969169,-0.9777692417,0.1528919384,0.0522866461,627.7867367816,1967.2258511653,2.0
19197,0.0,628.617126,1190.139282,1765.701294,0.1455055013,-0.977311985,0.1539137197,0.0530119653,631.859416081,1966.762269107,2.0
19198,0.0,629.092102,1186.583984,1765.701294,0.1472967736,-0.9770404128,0.1539340519,0.0534805188,634.4056823234,1966.255185583,2.0
19199,0.0,629.612122,1182.682373,1765.701294,0.1483393179,-0.9768826718,0.1539340519,0.0537649338,635.7134845075,1965.2337748409,2.0
19200,0.0,630.080627,1179.32373,1765.701294,0.1508446897,-0.9764989411,0.1539340691,0.0544094882,639.365641294,1965.107232026,2.0
19201,0.0,630.643738,1175.341064,1765.701294,0.1538501046,-0.9760299447,0.1539340519,0.0552076627,643.6721122709,1964.393080047,2.0
19202,0.0,631.155579,1171.829956,1765.701294,0.1573401336,-0.9754734184,0.1539340519,0.0561485961,648.7217087446,1963.6200097638,2.0
19203,0.0,631.662048,1168.407959,1765.701294,0.1607608932,-0.9747924946,0.1547111105,0.0572593161,654.5149558674,1962.4069750475,2.0
19204,0.0,632.250183,1164.591797,1765.701294,0.166167783,-0.9738583296,0.1548813154,0.058777796,662.7415880435,1962.0042803218,2.0
19205,0.0,632.875183,1160.631836,1765.701294,0.1721274469,-0.9728226643,0.1548812636,0.0604629682,671.6249247763,1961.2503556946,2.0
19206,0.0,633.459106,1157.008057,1765.701294,0.1775788291,-0.9718423447,0.1548812981,0.0620289914,679.7470982517,1960.5429671794,2.0
19207,0.0,634.127014,1152.894287,1765.701294,0.1828427311,-0.9708657575,0.1548812981,0.0635531209,687.5349912627,1959.8533281664,2.0
19208,0.0,634.69043,1149.542969,1765.701294,0.1878726902,-0.969904965,0.1548812809,0.0650327229,695.0232747049,1959.2802772904,2.0
19209,0.0,635.330933,1145.717529,1765.701294,0.1918760943,-0.9689803815,0.1557580965,0.0663841955,701.7385624172,1958.6547993755,2.0
19210,0.0,635.970825,1141.967407,1765.701294,0.1956319263,-0.9682177771,0.1558283847,0.0675324729,707.186389413,1957.588768212,2.0
19211,0.0,636.647827,1138.131836,1765.701294,0.2003463997,-0.9671044042,0.1567494546,0.0691070823,714.9934516334,1957.319354729,2.0
19212,0.0,637.28363,1134.736572,1765.701294,0.2070594984,-0.965685174,0.1567753453,0.0711954162,725.1094101234,1956.7412928119,2.0
19213,0.0,637.879089,1130.749634,1765.701294,0.2213646428,-0.9622055345,0.1586133799,0.0762361062,748.9207062898,1955.5980714835,2.0
19214,0.0,638.110779,1127.486084,1765.701294,0.225750886,-0.9611767469,0.1586688334,0.0775629676,755.0543074115,1955.3518605161,2.0
19215,0.0,638.286255,1123.611572,1765.701294,0.2399932201,-0.9574267129,0.1604286247,0.0827137244,778.4088377773,1954.6791837856,2.0
19216,0.0,638.266968,1120.23645,1765.701294,0.2504386652,-0.9545881932,0.1613748941,0.0809929625,491.2019326398,1245.942903778,6.0
19217,0.0,638.140747,1116.506104,1765.701294,0.2675579541,-0.9499094315,0.161507935,0.075130784,472.4487691155,1242.3533856254,6.0
19218,0.0,637.878845,1112.762939,1765.701294,0.2856230703,-0.9446346641,0.161507935,0.069310736,453.1555658472,1238.7705513599,6.0
19219,0.0,637.507568,1109.053223,1765.701294,0.3053376877,-0.9382863059,0.1624429273,0.0636066857,433.5092889992,1235.2368438126,6.0
19220,0.0,637.050537,1105.77124,1765.701294,0.3177349214,-0.9341590934,0.1624540179,0.0601018657,420.7208219806,1232.1414469237,6.0
19221,0.0,636.50354,1102.124268,1765.701294,0.3381735259,-0.9269559636,0.1624540179,0.0547297277,400.9021307796,1228.6742194437,6.0
19222,0.0,635.866272,1098.479492,1765.701294,0.3565616692,-0.9201991173,0.1615467753,0.0500743215,382.8459052478,1225.2012756865,6.0
19223,0.0,638.771423,1096.833984,1764.476685,0.3746620464,-0.9131496919,0.1605801708,0.0449577249,362.0745036716,1221.2869173181,6.0
19224,0.0,637.99231,1093.647827,1764.166382,0.3844435576,-0.9090781481,0.1605617381,0.042884655,352.937459157,1218.2560683579,6.0
19225,0.0,637.133057,1090.247192,1763.929077,0.3995766923,-0.9028284814,0.1588684996,0.0395875109,338.451466411,1214.9085035469,6.0
19226,0.0,636.12323,1086.505737,1763.766846,0.4081260826,-0.8990313131,0.1586688334,0.0379806477,330.6489460111,1211.2514667685,6.0
19227,0.0,635.259949,1083.357178,1763.674194,0.4217752608,-0.8928652496,0.1577887052,0.0355386263,319.2204298379,1208.1437525553,6.0
19228,0.0,634.43396,1080.0271,1763.69397,0.432183435,-0.8878857994,0.1577221791,0.0339526128,311.284211056,1204.8236992106,6.0
19229,0.0,633.552734,1076.431763,1763.802612,0.439001865,-0.8845343842,0.1577221791,0.0329758157,305.9116580096,1201.139375544,6.0
19230,0.0,632.731628,1073.287598,1763.972656,0.4405504372,-0.8836102585,0.1585819136,0.0329385441,304.9271848513,1197.9397616688,6.0
19231,0.0,631.738647,1069.620972,1764.240967,0.4406996809,-0.8835202276,0.1586688334,0.0329436078,304.0039959912,1194.2226602539,6.0
19232,0.0,630.722351,1066.13855,1764.522461,0.4406996809,-0.8835202276,0.1586688334,0.032987511,303.3373546622,1190.8239539716,6.0
19233,0.0,629.508179,1062.045898,1764.813477,0.4406996809,-0.8835202276,0.1586688334,0.0330398056,302.5676948322,1186.8778613989,6.0
19234,0.0,628.461243,1058.585205,1765.003662,0.4406996809,-0.8835202276,0.1586688334,0.0330927432,301.9669552853,1183.5894742031,6.0
19235,0.0,626.279785,1051.210327,1765.167847,0.4406996809,-0.8835202276,0.1586688334,0.0331828152,300.5756115168,1176.5628415078,6.0
19236,0.0,625.934723,1049.237854,1765.2540895,0.4406996809,-0.8835202276,0.1586688334,0.0331970017,300.1233359757,1174.5461099134,6.0
19237,0.0,625.195984,1043.924561,1765.483765,0.4406996809,-0.8835202276,0.1586688334,0.0332219716,298.833535725,1169.0658060309,6.0
19238,0.0,625.1099245,1042.0752565,1765.489441,0.4406996809,-0.8835202276,0.1586688334,0.0332027083,298.230512825,1167.0388754873,6.0
19239,0.0,625.01416,1037.156982,1765.533936,0.4406996809,-0.8835202276,0.1586688334,0.0331738831,296.7406854175,1161.7052646225,6.0
19240,0.0,625.0939635,1035.3345945,1765.495728,0.4406996809,-0.8835202276,0.1586688334,0.0331497357,296.1168651647,1159.6774617942,6.0
19241,0.0,625.410278,1030.369019,1765.382568,0.4406996809,-0.8835202276,0.1586688334,0.033083706,294.4063524801,1154.1098864302,6.0
19242,0.0,625.683777,1027.328857,1765.187988,0.4406996809,-0.8835202276,0.1586688334,0.0330136079,293.2131904292,1150.6316912485,6.0
19243,0.0,626.117981,1023.69873,1764.971191,0.4406996809,-0.8835202276,0.1586688334,0.032960956,291.8980146026,1146.3698379921,6.0
19244,0.0,626.578369,1020.522156,1764.86731,0.4406996809,-0.8835202276,0.1586688334,0.0329112999,290.7045493928,1142.5292789558,6.0
19245,0.0,627.170166,1017.064941,1764.815552,0.4406996809,-0.8835202276,0.1586688334,0.0328636696,289.4306784301,1138.3329455353,6.0
19246,0.0,627.810669,1013.739014,1764.903809,0.4406996809,-0.8835202276,0.1586688334,0.0328390549,288.288217685,1134.2574012451,6.0
19247,0.0,628.420654,1010.786865,1765.005859,0.4406996809,-0.8835202276,0.1586688334,0.0328070388,287.2228181452,1130.6077083381,6.0
19248,0.0,629.119812,1007.489136,1765.202148,0.4406996809,-0.8835202276,0.1586688334,0.0327641631,286.0013943061,1126.5238668308,6.0
19249,0.0,630.004639,1003.567871,1765.61499,0.4406996809,-0.8835202276,0.1586688334,0.0327417533,284.6600584516,1121.6177694794,6.0
19250,0.0,630.783569,1000.40271,1765.887085,0.4406996809,-0.8835202276,0.1586688334,0.0327082226,283.4952021251,1117.5908880801,6.0
19251,0.0,631.718323,996.603882,1766.26062,0.4406996809,-0.8835202276,0.1586688334,0.0325824823,281.7420609246,1112.7851872962,6.0
19252,0.0,632.5354,993.444397,1766.554565,0.4406996809,-0.8835202276,0.1586688334,0.0325691653,280.6122293457,1108.5455509294,6.0
19253,0.0,633.486755,989.706848,1766.9198,0.4406996809,-0.8835202276,0.1586688334,0.0324713102,278.9382935067,1103.5644373618,6.0
19254,0.0,634.348206,986.450867,1767.202026,0.4406996809,-0.8835202276,0.1586688334,0.0324009245,277.5677809144,1099.3147302341,6.0
19255,0.0,635.332092,982.776245,1767.470581,0.4406996809,-0.8835202276,0.1586688334,0.0322427186,275.6070513222,1094.1799034935,6.0
19256,0.0,636.301331,979.404297,1767.643433,0.4406996809,-0.8835202276,0.1586688334,0.0321922979,274.2410511783,1089.595115988,6.0
19257,0.0,637.301208,976.023438,1767.739624,0.4406996809,-0.8835202276,0.1586688334,0.032107724,272.7407563124,1085.0371784905,6.0
19258,0.0,638.513916,972.169495,1767.733765,0.4406996809,-0.8835202276,0.1586688334,0.0319967891,270.9876631178,1079.8996969444,6.0
19259,0.0,639.617981,968.879883,1767.703857,0.4406996809,-0.8835202276,0.1586688334,0.0318926557,269.4617539592,1075.5420608859,6.0
19260,0.0,640.65979,965.838806,1767.608643,0.4406996809,-0.8835202276,0.1586688334,0.0318053112,268.084983838,1071.491268084,6.0
19261,0.0,641.879395,962.516846,1767.398804,0.4406996809,-0.8835202276,0.1586688334,0.0316757531,266.4608678025,1067.1405968686,6.0
19262,0.0,643.285156,959.011414,1767.083252,0.4406996809,-0.8835202276,0.1586688334,0.0315290301,264.7104119898,1062.554490383,6.0
19263,0.0,644.551331,955.933105,1766.814819,0.4406996809,-0.8835202276,0.1586688334,0.0314131957,263.2270969413,1058.5155663796,6.0
19264,0.0,646.051147,952.401733,1766.402588,0.4406996809,-0.8835202276,0.1586688334,0.0313045614,261.6296922785,1053.8867660867,6.0
19265,0.0,647.347046,949.399536,1766.060059,0.4406996809,-0.8835202276,0.1586688334,0.0312164155,260.2917227376,1049.9529822401,6.0
19266,0.0,648.899536,945.79425,1765.671143,0.4406996809,-0.8835202276,0.1586688334,0.0311197504,258.7309085874,1045.2510440112,6.0
19267,0.0,650.203552,942.903442,1765.43103,0.4406996809,-0.8835202276,0.1586688334,0.0310501512,257.5100097098,1041.465596371,6.0
19268,0.0,651.858459,939.447937,1765.210815,0.4406996809,-0.8835202276,0.1586688334,0.0309846464,256.1183504529,1036.9143202065,6.0
19269,0.0,653.138428,936.739136,1765.075439,0.4406996809,-0.8835202276,0.1586688334,0.0309126401,254.9535361795,1033.3810630165,6.0
19270,0.0,654.826172,933.027405,1765.097534,0.4406996809,-0.8835202276,0.1586688334,0.030869355,253.5495444948,1028.399344707,6.0
19271,0.0,656.10437,930.273987,1765.126709,0.4406996809,-0.8835202276,0.1586688334,0.0308404332,252.4719596701,1024.5011766152,6.0
19272,0.0,657.791321,926.927185,1765.271851,0.4406996809,-0.8835202276,0.1586688334,0.0308009476,251.061371721,1019.4197639738,6.0
19273,0.0,659.268127,923.992798,1765.406128,0.4406996809,-0.8835202276,0.1586688334,0.0307832991,249.8643755077,1014.8456729277,6.0
19274,0.0,660.785828,921.052673,1765.7854,0.4406996809,-0.8835202276,0.1586688334,0.0308207943,248.8410674129,1010.0840693475,6.0
19275,0.0,662.651489,917.49884,1766.249023,0.4406996809,-0.8835202276,0.1586688334,0.0308817084,247.6287485188,1004.1867828796,6.0
19276,0.0,664.179382,914.576294,1766.622925,0.4406996809,-0.8835202276,0.1586688334,0.0309564102,246.7052165602,999.2527939706,6.0
19277,0.0,667.544128,908.352295,1767.418457,0.4406996809,-0.8835202276,0.1586688334,0.0311318388,244.695642943,988.3608450168,6.0
19278,0.0,669.172974,905.381714,1767.675537,0.4406996809,-0.8835202276,0.1586688334,0.031222162,243.7252481939,983.0388433644,6.0
19279,0.0,670.908447,902.232971,1767.783447,0.4406996809,-0.8835202276,0.1586688334,0.0313126645,242.6563213842,977.3344852626,6.0
19280,0.0,672.799744,898.794067,1767.875732,0.4406996809,-0.8835202276,0.1586688334,0.0314351045,241.565942356,971.0763612999,6.0
19281,0.0,674.528503,895.711182,1767.758057,0.4475024696,-0.8807464638,0.1550071167,0.0305369401,236.7527857193,965.4025015245,6.0
19282,0.0,676.031189,892.970398,1767.712646,0.4490995718,-0.8798146191,0.1556785493,0.0308286959,236.627885329,960.3877164596,6.0
19283,0.0,677.894348,889.606812,1767.534912,0.4520775378,-0.8773164505,0.1610644139,0.0323644223,240.7848375766,954.1636612294,6.0
19284,0.0,679.491028,886.698608,1767.389771,0.4555424451,-0.8745268799,0.1663845459,0.0339744638,245.2149292104,948.8029457462,6.0
19285,0.0,681.205994,883.559387,1766.989502,0.4621320116,-0.8696114954,0.1738098126,0.036284074,251.7035958144,942.9573861247,6.0
19286,0.0,682.892151,880.186462,1766.293579,0.4702987079,-0.8633363259,0.1829467512,0.039270395,259.9189455711,936.6912176046,6.0
19287,0.0,683.4873045,878.7918395,1766.0239255,0.4739716302,-0.8604959496,0.1867133348,,,,
19288,0.0,684.082458,877.397217,1765.754272,0.4776445524,-0.8576555732,0.1904799183,,,,
19289,0.0,685.406189,873.812988,1765.157959,0.4848585511,-0.8520332846,0.1973612608,,,,
19290,0.0,686.896423,868.641174,1764.882324,0.502844139,-0.8386680608,0.2092454438,,,,
19291,0.0,687.61676,865.46167,1764.722778,0.5116226932,-0.8322988357,0.2133561996,,,,
19292,0.0,688.215576,862.273865,1764.72168,0.5217040644,-0.824933666,0.2175070481,,,,
19293,0.0,688.705322,859.316895,1764.832642,0.5326706523,-0.8168900999,0.2212522108,,,,
19294,0.0,689.187134,855.888367,1764.971924,0.5469990069,-0.8064505385,0.2245653924,,,,
19295,0.0,689.626831,852.352539,1765.1521,0.5677032478,-0.7907357934,0.2290194916,,,,
19296,0.0,689.960632,848.988586,1765.257812,0.5897802433,-0.7736478761,0.2315776941,,,,
19297,0.0,690.247803,845.841553,1765.11438,0.6134095612,-0.7544980178,0.2333697741,,,,
19298,0.0,690.502075,841.977295,1765.392212,0.6382787102,-0.7331827285,0.2346132451,,,,
19299,0.0,690.702637,838.430908,1765.429443,0.6600819517,-0.7135284426,0.2348807754,,,,
19300,0.0,690.770325,834.983337,1765.302002,0.6858893435,-0.6885461127,0.2354995948,,,,
19301,0.0,690.81189,830.887024,1765.124146,0.7124231067,-0.6606757913,0.2365603851,,,,
19302,0.0,690.874268,826.915039,1764.906128,0.7385152017,-0.6306568354,0.2384685574,,,,
19303,0.0,690.931152,823.319275,1764.697266,0.7561664665,-0.6086346884,0.2403665764,,,,
19304,0.0,691.018066,819.691284,1764.453735,0.7796926485,-0.5773820887,0.2423000156,,,,
19305,0.0,691.130371,816.234009,1764.222534,0.7964752513,-0.5527845135,0.2450641868,,,,
19306,0.0,691.203552,814.737854,1764.122192,0.8042377368,-0.540875119,0.2462839182,,,,
19307,0.0,691.430054,810.876892,1763.922607,0.8197016574,-0.5158873619,0.2488964095,,,,
19308,0.0,692.11499,807.164124,1764.026855,0.8334495493,-0.4916993709,0.2521776704,,,,
19309,0.0,692.85321,804.032349,1763.786865,0.8448768147,-0.4701293407,0.2552676459,,,,
19310,0.0,693.90979,800.916931,1763.761475,0.8542238311,-0.4513055824,0.2581180307,,,,
19311,0.0,695.085815,798.115662,1763.755005,0.8620616105,-0.4349047505,0.2602069133,,,,
19312,0.0,696.487427,795.466309,1763.927002,0.8687909879,-0.4201950378,0.2619892163,,,,
19313,0.0,698.791687,791.776611,1764.168091,0.877511633,-0.3999636884,0.2645796326,,,,
19314,0.0,700.425964,789.442383,1764.288574,0.8818194301,-0.3898002906,0.2654246148,,,,
19315,0.0,702.337219,787.056519,1764.482056,0.8854504018,-0.3802689887,0.2671574108,,,,
19316,0.0,704.590637,784.478333,1764.839844,0.8891172662,-0.3708183107,0.2682615651,,,,
19317,0.0,707.841309,781.214233,1765.325684,0.893561942,-0.3596611423,0.2686836774,,,,
19318,0.0,709.3000795,779.996246,1765.6827395,0.8952080948,-0.355315779,0.268945169,,,,
19319,0.0,713.167603,776.913025,1766.3302,0.8995673895,-0.3439567947,0.2692066774,,,,
19320,0.0,715.757202,774.838745,1766.330444,0.9025394979,-0.3360806743,0.2692066774,,,,
19321,0.0,718.469971,773.031006,1766.60144,0.9047252569,-0.3301514416,0.2692066774,,,,
19322,0.0,720.0344545,772.0639955,1766.714294,0.905926091,-0.326822828,0.2692066774,,,,
19323,0.0,721.598938,771.096985,1766.827148,0.907126925,-0.3234942144,0.2692066774,,,,
19324,0.0,726.28656,768.512573,1766.941162,0.9100872233,-0.3161763891,0.2679062091,,,,
19325,0.0,729.824463,766.59436,1766.824585,0.911824493,-0.3120859603,0.2667928921,,,,
19326,0.0,730.4169615,766.3044735,1766.7667845,0.9120472282,-0.3115899564,0.2666106221,,,,
19327,0.0,731.00946,766.014587,1766.708984,0.9122699633,-0.3110939525,0.2664283521,,,,
19328,0.0,736.868042,762.994141,1766.137451,0.9142085358,-0.306947102,0.2645869037,,,,
19329,0.0,742.655029,760.05304,1765.822998,0.9160175626,-0.3038216447,0.2619240981,,,,
19330,0.0,744.3543395,759.2244265,1765.696045,0.9168694383,-0.3020698244,0.2609588626,,,,
19331,0.0,747.596436,757.679749,1765.481689,0.9193153578,-0.2965907446,0.2586372038,,,,
19332,0.0,751.622253,755.820129,1765.308105,0.9223915226,-0.2894009369,0.2558143405,,,,
19333,0.0,755.050049,754.304077,1765.305298,0.9245640127,-0.2841524096,0.2538479752,,,,
19334,0.0,758.15802,752.934875,1765.40625,0.9263809441,-0.2798045873,0.2520470975,,,,
19335,0.0,761.101379,751.640747,1765.546021,0.9280165998,-0.2758766887,0.2503542355,,,,
19336,0.0,764.483765,750.161316,1765.830688,0.9295307036,-0.2719094457,0.2490741343,,,,
19337,0.0,767.730408,748.788208,1766.125977,0.9311898429,-0.2677104761,0.2474198404,,,,
19338,0.0,770.957825,747.417847,1766.449951,0.9329408553,-0.2633123284,0.2455361038,,,,
19339,0.0,774.137634,746.081421,1766.774292,0.9346344708,-0.2589877971,0.2436877653,,,,
19340,0.0,777.576294,744.655762,1767.045898,0.9370245478,-0.2528469962,0.2409427178,,,,
19341,0.0,780.960876,743.302246,1767.236084,0.939248528,-0.2464833172,0.2388685348,,,,
19342,0.0,784.160645,742.078125,1767.355713,0.941632204,-0.2397799537,0.2362929669,,,,
19343,0.0,787.527466,740.827026,1767.453247,0.9441328526,-0.2326156319,0.2334590425,,,,
19344,0.0,790.997498,739.608704,1766.773315,0.9462585955,-0.2259740895,0.2313663359,,,,
19345,0.0,794.206421,738.544128,1764.814453,0.9486644907,-0.2184710233,0.2287052604,,,,
19346,0.0,797.920288,737.359497,1762.252197,0.9518161415,-0.2087099936,0.2246912802,,,,
19347,0.0,799.695862,736.829285,1761.025269,0.9528158697,-0.2052685207,0.2236218973,,,,
19348,0.0,804.032593,735.593933,1757.754639,0.9552506018,-0.1971743966,0.2204961341,,,,
19349,0.0,807.61438,734.684448,1755.141602,0.9571082581,-0.1904920725,0.2183038082,,,,
19350,0.0,811.086182,733.836792,1752.546021,0.9588279313,-0.1839159292,0.2163883756,,,,
19351,0.0,812.977905,733.391968,1751.128174,0.9599474937,-0.1792395881,0.2153461849,,,,
19352,0.0,817.361633,732.339722,1747.64624,0.9622799205,-0.169353296,0.2129244368,,,,
19353,0.0,821.198975,731.386841,1744.855225,0.9638585824,-0.1628994596,0.2108089162,,,,
19354,0.0,824.766113,730.510437,1742.259277,0.9648074553,-0.1587146271,0.209657438,,,,
19355,0.0,826.575806,730.074036,1740.965088,0.9652403167,-0.1567371317,0.2091521038,,,,
19356,0.0,830.543518,729.169983,1738.176025,0.9661755717,-0.1523914813,0.208042306,,,,
19357,0.0,834.507324,728.397034,1735.64856,0.9672243366,-0.1481419872,0.206230537,,,,
19358,0.0,839.971741,727.337219,1732.200317,0.9682481432,-0.1432760151,0.2048597488,,,,
19359,0.0,842.09137,726.9869995,1730.998474,0.9684748353,-0.1421429996,0.204573811,,,,
19360,0.0,844.210999,726.63678,1729.796631,0.9687015274,-0.1410099842,0.2042878731,,,,
19361,0.0,848.180786,725.954773,1727.584839,0.9692864093,-0.1385346129,0.2032043746,,,,
19362,0.0,852.057495,725.330322,1725.512573,0.9696280313,-0.1364535754,0.202982518,,,,
19363,0.0,855.564331,724.802124,1723.678101,0.9703529383,-0.1337789779,0.2012917291,,,,
19364,0.0,859.263672,724.295959,1721.687988,0.9709800205,-0.1308373882,0.2001983459,,,,
19365,0.0,861.256958,724.041321,1720.512085,0.9714353813,-0.1282530285,0.1996608642,,,,
19366,0.0,867.40802,723.306274,1716.933838,0.9723642543,-0.1237083763,0.1979999865,,,,
19367,0.0,872.54126,722.758911,1713.70813,0.9729861721,-0.1209963639,0.1966158409,,,,
19368,0.0,873.3637695,722.703125,1713.1345215,0.9730833291,-0.1205681134,0.1963973629,,,,
19369,0.0,878.939636,722.080566,1709.217773,0.9739210685,-0.1170905119,0.1943387876,,,,
19370,0.0,882.993896,721.484436,1706.571289,0.9743723586,-0.1145562875,0.1935855466,,,,
19371,0.0,886.749695,721.009155,1703.95874,0.9751068097,-0.1109209598,0.1919980478,,,,
19372,0.0,888.5238345,720.776184,1702.642334,0.9755547638,-0.1086008356,0.1910294202,,,,
19373,0.0,893.954773,720.067383,1698.581543,0.9765601865,-0.1030989489,0.1889465766,,,,
19374,0.0,897.506958,719.599609,1695.964722,0.9773906165,-0.0985013929,0.1870963881,,,,
19375,0.0,899.138,719.390137,1694.768555,0.9777748664,-0.0963302813,0.1862170443,,,,
19376,0.0,903.586975,718.795166,1691.753418,0.9788906008,-0.0892642159,0.1838616096,,,,
19377,0.0,908.27356,718.180725,1688.751587,0.9800369068,-0.0814843034,0.1813504057,,,,
19378,0.0,911.773926,717.696594,1686.599609,0.9806888395,-0.0777382584,0.1794607568,,,,
19379,0.0,914.880493,717.236267,1684.732178,0.9809713907,-0.0760821444,0.1786242928,,,,
19380,0.0,918.488403,716.642639,1682.704102,0.9812979639,-0.0741409978,0.1776440783,,,,
19381,0.0,921.808533,716.118591,1680.812622,0.9813840692,-0.0731715935,0.1775703425,,,,
19382,0.0,925.473755,715.464539,1678.763306,0.9813928205,-0.0730541266,0.1775703425,,,,
19383,0.0,928.320618,714.982178,1678.237305,0.9813928205,-0.0730541266,0.1775703425,,,,
19384,0.0,931.710632,714.336853,1678.361694,0.9813928205,-0.0730541266,0.1775703425,,,,
19385,0.0,935.92334,713.592163,1678.659912,0.9813928205,-0.0730541266,0.1775703425,,,,
19386,0.0,938.606812,713.20166,1678.722168,0.9813928205,-0.0730541266,0.1775703425,,,,
19387,0.0,943.068359,712.451294,1678.883545,0.9813928205,-0.0730541266,0.1775703425,,,,
19388,0.0,946.086426,712.07251,1678.87207,0.9813928205,-0.0730541266,0.1775703425,,,,
19389,0.0,948.98291,711.663513,1678.847412,0.9813928205,-0.0730541266,0.1775703425,,,,
19390,0.0,953.58075,711.090881,1678.690552,0.9815542386,-0.0730659874,0.1766709885,,,,
19391,0.0,956.695679,710.763306,1678.612305,0.9817053036,-0.0730772325,0.1758249558,,,,
19392,0.0,959.498901,710.500122,1678.395142,0.98184061,-0.0730873046,0.1750635956,,,,
19393,0.0,963.863525,710.166077,1677.926025,0.9821360185,-0.0739694169,0.1730241791,,,,
19394,0.0,966.835144,709.972595,1677.663574,0.9823486888,-0.0747663062,0.1714673526,,,,
19395,0.0,970.312317,709.90033,1677.10144,0.9826604111,-0.0776353613,0.1683783454,,,,
19396,0.0,973.412903,709.907776,1676.646973,0.9829045432,-0.0804164947,0.1656256213,,,,
19397,0.0,977.775818,708.262024,1676.701294,0.9831239858,-0.0887077541,0.1599942591,,,,
19398,0.0,980.636353,708.732544,1676.701294,0.9830923107,-0.0961674494,0.1558246781,,,,
19399,0.0,983.435547,709.270508,1676.701172,0.9827743626,-0.107470666,0.1503482899,,,,
19400,0.0,987.396118,710.136414,1676.701294,0.9812319582,-0.1313403706,0.1411862288,,,,
19401,0.0,990.184692,710.826355,1676.701172,0.9794128693,-0.1512124735,0.1337356324,,,,
19402,0.0,992.438171,711.40741,1676.70105,0.9768203445,-0.1721093328,0.127280761,,,,
19403,0.0,996.846252,712.729248,1676.701172,0.9720297802,-0.2028764064,0.1183185111,,,,
19404,0.0,1002.458313,714.626526,1676.701294,0.9643845751,-0.2408612827,0.1093079766,,,,
19405,0.0,1004.2989805,715.281372,1676.701294,0.9610418452,-0.2545997087,0.1066324691,,,,
19406,0.0,1008.597839,716.880066,1676.701294,0.9540129885,-0.2822901698,0.1008537447,,,,
19407,0.0,1010.4278255,717.593994,1676.701294,0.9508687374,-0.2931073631,0.0990277004,,,,
19408,0.0,1014.978699,719.40564,1676.701294,0.9433804279,-0.317902016,0.0947189345,,,,
19409,0.0,1018.688904,720.92334,1676.701294,0.9372774438,-0.3361713017,0.0921946269,,,,
19410,0.0,1020.38443,721.637665,1676.701294,0.9349924686,-0.3426801216,0.0911634178,,,,
19411,0.0,1024.412354,723.362671,1676.701294,0.9305443437,-0.3552701946,0.0887147862,,,,
19412,0.0,1028.124756,724.965149,1676.701294,0.9266717257,-0.3655878583,0.0873214211,,,,
19413,0.0,1029.780884,725.693329,1676.701294,0.9255287605,-0.3685763668,0.0868186908,,,,
19414,0.0,1033.938477,727.514709,1676.701294,0.9225234446,-0.3765009334,0.0848383251,,,,
19415,0.0,1037.771851,729.199036,1676.701294,0.9202391018,-0.3823583935,0.0834389259,,,,
19416,0.0,1040.0625,730.19696,1676.701294,0.9186978912,-0.3861961843,0.082744739,,,,
19417,0.0,1043.699219,731.787659,1676.701294,0.9168377069,-0.3908233975,0.0816436839,,,,
19418,0.0,1047.168213,733.316833,1676.701294,0.9159093278,-0.393024375,0.0814981215,,,,
19419,0.0,1049.569458,734.360352,1676.701294,0.9148017231,-0.3955955809,0.0814981215,,,,
19420,0.0,1053.339966,736.002441,1676.701294,0.9137344596,-0.3982289475,0.0806414458,,,,
19421,0.0,1055.731812,737.011536,1676.701294,0.9131727113,-0.399535359,0.0805425118,,,,
19422,0.0,1059.578247,738.605164,1676.701294,0.9119953837,-0.4023739226,0.0797473925,,,,
19423,0.0,1063.140625,740.077026,1676.701294,0.9114523734,-0.4036341192,0.0795868628,,,,
19424,0.0,1066.530029,741.473816,1676.701294,0.9114259678,-0.403693741,0.0795868628,,,,
19425,0.0,1069.065063,742.513184,1676.701294,0.9114259678,-0.403693741,0.0795868628,,,,
19426,0.0,1072.983765,743.894409,1676.701294,0.9114259678,-0.403693741,0.0795868628,,,,
19427,0.0,1075.638062,744.634155,1676.701294,0.9114259678,-0.403693741,0.0795868628,,,,
19428,0.0,1078.600586,745.31311,1676.701294,0.9114259678,-0.403693741,0.0795868628,,,,
19429,0.0,1082.2146,745.932983,1676.701294,0.9114259678,-0.403693741,0.0795868628,,,,
19430,0.0,1085.53894,746.334534,1676.701294,0.9120205699,-0.4023486191,0.0795868628,,,,
19431,0.0,1089.629639,746.670471,1676.701294,0.9155230229,-0.3941221894,0.0805313257,,,,
19432,0.0,1092.16687,746.774841,1676.701294,0.9180072984,-0.3881508156,0.0812498889,,,,
19433,0.0,1096.380127,746.822327,1676.701294,0.9226631542,-0.3764853657,0.0833754955,,,,
19434,0.0,1099.132812,746.758972,1676.701294,0.9257783776,-0.3685792803,0.0841647768,,,,
19435,0.0,1102.191162,746.640503,1676.701294,0.9300795397,-0.3573850639,0.0850174446,,,,
19436,0.0,1105.242676,746.502136,1676.701294,0.9359249526,-0.3412967827,0.0869539489,,,,
19437,0.0,1109.312256,746.360291,1676.701172,0.9476064439,-0.3057599421,0.0924818104,,,,
19438,0.0,1113.139526,746.461243,1676.701172,0.9656107937,-0.2390598787,0.1022065039,,,,
19439,0.0,1116.686768,747.033691,1676.701294,0.9870775072,-0.1100719834,0.1164566583,,,,
19440,0.0,1118.73877,747.382812,1676.700439,0.9919702326,-0.0233848521,0.1242908133,,,,
19441,0.0,1122.334839,747.836243,1676.700806,0.9795125392,0.1490421439,0.1354312549,,,,
19442,0.0,1126.240723,748.218689,1676.701172,0.9399548472,0.3107722606,0.1410868078,,,,
19443,0.0,1129.964844,748.625916,1676.701294,0.8721458945,0.4680541679,0.1424318593,,,,
19444,0.0,1133.299438,748.943054,1676.701294,0.7915440154,0.5947093454,0.1406373567,,,,
19445,0.0,1135.684448,749.015198,1676.701416,0.7417264266,0.6562174162,0.1386384175,,,,
19446,0.0,1139.873535,749.019165,1676.701416,0.6618941662,0.7376616332,0.1332344836,,,,
19447,0.0,1143.257935,748.942261,1676.701294,0.613279808,0.7792062683,0.1293269833,,,,
19448,0.0,1149.046875,748.662415,1676.701294,0.5738045711,0.8088493784,0.1284951251,,,,
19449,0.0,1153.388184,748.503357,1676.701294,0.5725169722,0.8091232601,0.1324532614,,,,
19450,0.0,1157.018677,748.448242,1676.701294,0.5727910799,0.8088451982,0.1329654996,,,,
19451,0.0,1159.920288,748.450317,1676.701294,0.5727910799,0.8088451982,0.1329654996,,,,
19452,0.0,1164.025391,748.518311,1676.701294,0.5727910799,0.8088451982,0.1329654996,,,,
19453,0.0,1166.095154,748.5862125,1676.701294,0.5727910799,0.8088451982,0.1329654996,,,,
19454,0.0,1170.897339,748.781799,1676.701294,0.5727910799,0.8088451982,0.1329654996,,,,
19455,0.0,1175.186646,749.029663,1676.701294,0.5727910799,0.8088451982,0.1329654996,,,,
19456,0.0,1178.062744,749.229553,1676.701294,0.5727910799,0.8088451982,0.1329654996,,,,
19457,0.0,1182.47876,749.579102,1676.701294,0.5727910799,0.8088451982,0.1329654996,,,,
19458,0.0,1185.148193,749.817078,1676.701294,0.5727910799,0.8088451982,0.1329654996,,,,
19459,0.0,1188.76355,750.165222,1676.701294,0.5727910799,0.8088451982,0.1329654996,,,,
19460,0.0,1191.742798,750.473206,1676.701294,0.5727910799,0.8088451982,0.1329654996,,,,
19461,0.0,1196.28418,750.978394,1676.701294,0.5727910799,0.8088451982,0.1329654996,,,,
19462,0.0,1199.182007,751.319641,1676.701294,0.5727910799,0.8088451982,0.1329654996,,,,
19463,0.0,1203.750244,751.885193,1676.701294,0.5727910799,0.8088451982,0.1329654996,,,,
19464,0.0,1206.289062,752.21344,1676.701294,0.5727910799,0.8088451982,0.1329654996,,,,
19465,0.0,1210.857178,752.824524,1676.701294,0.5727910799,0.8088451982,0.1329654996,,,,
19466,0.0,1213.848999,753.239563,1676.700928,0.5727910799,0.8088451982,0.1329654996,,,,
19467,0.0,1218.016113,753.833374,1676.700562,0.5727910799,0.8088451982,0.1329654996,,,,
19468,0.0,1220.754517,754.233643,1676.700317,0.5727910799,0.8088451982,0.1329654996,,,,
19469,0.0,1224.955078,754.84375,1676.700317,0.5774196137,0.8061277156,0.129401298,,,,
19470,0.0,1228.734131,755.382446,1676.700317,0.5857826203,0.8011381564,0.122622902,,,,
19471,0.0,1231.65979,755.801025,1676.700317,0.5916129717,0.7973185753,0.119487159,,,,
19472,0.0,1234.676025,756.213684,1676.700317,0.6008399276,0.7909443754,0.115751356,,,,
19473,0.0,1239.304443,756.704163,1676.700195,0.6273311758,0.771202113,0.1081799279,,,,
19474,0.0,1242.478882,756.902771,1676.713257,0.6541267798,0.7494889369,0.1019043154,,,,
19475,0.0,1246.680176,756.986023,1676.721313,0.7041567003,0.7040157006,0.0923321979,,,,
19476,0.0,1251.063721,756.922424,1676.736206,0.7548759418,0.6505422957,0.083408837,,,,
19477,0.0,1254.12793,756.838379,1676.73999,0.7941459369,0.6028487579,0.0768479404,,,,
19478,0.0,1258.876465,756.690735,1676.75354,0.854370005,0.5151914364,0.0680417408,,,,
19479,0.0,1262.939453,757.061462,1676.756348,0.8928667177,0.4458517762,0.0632867923,,,,
19480,0.0,1265.585938,757.311707,1676.756348,0.9218845918,0.3825014576,0.0618177515,,,,
19481,0.0,1269.795776,757.350525,1676.756348,0.9511520621,0.3027512109,0.0604273042,,,,
19482,0.0,1272.300659,757.396667,1676.756348,0.9649501993,0.2552476063,0.0609899361,,,,
19483,0.0,1276.688477,757.481812,1676.770996,0.9832883048,0.1707675589,0.0631074524,,,,
19484,0.0,1279.315063,757.493469,1676.773071,0.9907102898,0.1193021601,0.0652695659,,,,
19485,0.0,1283.290405,757.420288,1676.772095,0.9971229664,0.0320691748,0.0686830243,,,,
19486,0.0,1285.882202,757.35144,1676.772095,0.9972550897,-0.0212415057,0.0709301379,,,,
19487,0.0,1289.970825,757.372986,1676.772095,0.9935027272,-0.0868200736,0.0735840061,,,,
19488,0.0,1292.58374,757.358643,1676.772095,0.9896164332,-0.1229670376,0.074420581,,,,
19489,0.0,1296.61438,757.342346,1676.772095,0.9822574921,-0.1716370307,0.0755708206,,,,
19490,0.0,1302.817505,757.392883,1676.772095,0.9755874924,-0.2067572515,0.074030288,,,,
19491,0.0,1304.92218,757.3807065,1676.7802735,0.9743881702,-0.2124590557,0.0734476344,,,,
19492,0.0,1307.026855,757.36853,1676.788452,0.9731888479,-0.2181608599,0.0728649809,,,,
19493,0.0,1310.001587,757.281189,1676.790405,0.9726024339,-0.2210306361,0.072041401,,,,
19494,0.0,1316.787476,756.900635,1676.789795,0.9725512755,-0.2216281462,0.070887102,,,,
19495,0.0,1318.7455445,756.739014,1676.789795,0.9725512755,-0.2216281462,0.070887102,,,,
19496,0.0,1323.424683,756.311096,1676.80249,0.9725512755,-0.2216281462,0.070887102,,,,
19497,0.0,1325.6780395,756.1137085,1676.8293455,0.9725512755,-0.2216281462,0.070887102,,,,
19498,0.0,1327.931396,755.916321,1676.856201,0.9725512755,-0.2216281462,0.070887102,,,,
19499,0.0,1331.120361,755.635315,1676.898071,0.9725512755,-0.2216281462,0.070887102,,,,
19500,0.0,1338.136719,754.902222,1676.988647,0.9725512755,-0.2216281462,0.070887102,,,,
19501,0.0,1341.350464,754.517212,1677.029297,0.9725512755,-0.2216281462,0.070887102,,,,
19502,0.0,1344.076416,754.169861,1677.063477,0.9725512755,-0.2216281462,0.070887102,,,,
19503,0.0,1348.239868,753.604004,1677.115112,0.9725512755,-0.2216281462,0.070887102,,,,
19504,0.0,1352.041016,753.05481,1677.161987,0.9725512755,-0.2216281462,0.070887102,,,,
19505,0.0,1354.781006,752.639465,1677.19519,0.9725512755,-0.2216281462,0.070887102,,,,
19506,0.0,1357.797729,752.167358,1677.206665,0.9725512755,-0.2216281462,0.070887102,,,,
19507,0.0,1361.783569,751.519409,1677.198608,0.9725512755,-0.2216281462,0.070887102,,,,
19508,0.0,1364.419067,751.077576,1677.192261,0.9725512755,-0.2216281462,0.070887102,,,,
19509,0.0,1368.487427,750.375305,1677.180542,0.9725512755,-0.2216281462,0.070887102,,,,
19510,0.0,1371.203003,749.89502,1677.172729,0.9725512755,-0.2216281462,0.070887102,,,,
19511,0.0,1375.652344,749.088074,1677.159546,0.9725512755,-0.2216281462,0.070887102,,,,
19512,0.0,1378.229004,748.610596,1677.151733,0.9725512755,-0.2216281462,0.070887102,,,,
19513,0.0,1382.317993,747.839294,1677.13916,0.9725512755,-0.2216281462,0.070887102,,,,
19514,0.0,1385.02771,747.319519,1677.130737,0.9725512755,-0.2216281462,0.070887102,,,,
19515,0.0,1389.259399,746.494995,1677.109741,0.9725512755,-0.2216281462,0.070887102,,,,
19516,0.0,1391.923828,745.968506,1677.089111,0.9725512755,-0.2216281462,0.070887102,,,,
19517,0.0,1396.029053,745.147644,1677.081299,0.9725512755,-0.2216281462,0.070887102,,,,
19518,0.0,1399.064697,744.525696,1677.081421,0.9723699804,-0.2224222112,0.070887102,,,,
19519,0.0,1401.972656,743.924072,1677.097046,0.972185598,-0.2232267498,0.070887102,,,,
19520,0.0,1405.135742,743.257629,1677.1073,0.9718467269,-0.2246974869,0.0708870846,,,,
19521,0.0,1409.765503,742.275085,1677.126831,0.971478977,-0.2262821603,0.070887102,,,,
19522,0.0,1412.158936,741.760681,1677.127808,0.9711409887,-0.2277283496,0.0708870846,,,,
19523,0.0,1415.103638,741.103882,1677.140381,0.9702175834,-0.2316308747,0.0708870846,,,,
19524,0.0,1417.889526,740.37793,1677.147461,0.9666254705,-0.2460038859,0.071535221,,,,
19525,0.0,1420.740723,739.629517,1677.144897,0.9629521403,-0.2599263379,0.0718434016,,,,
19526,0.0,1424.570801,738.420898,1677.139648,0.9520438934,-0.2971936233,0.0727212166,,,,
19527,0.0,1426.818848,737.634766,1677.135986,0.943122677,-0.3240824725,0.0740956625,,,,
19528,0.0,1430.410767,736.169861,1677.129761,0.9211747794,-0.3817386315,0.0755820284,,,,
19529,0.0,1435.146484,733.347229,1677.119873,0.8514626459,-0.5189274825,0.0756678963,,,,
19530,0.0,1436.755493,732.3826295,1677.116272,0.80273391,-0.585763011,0.0752215921,,,,
19531,0.0,1438.364502,731.41803,1677.112671,0.7540051741,-0.6525985395,0.074775288,,,,
19532,0.0,1443.323608,729.895447,1677.104004,0.6346553504,-0.7694192193,0.0721571285,,,,
19533,0.0,1444.5726925,729.0693055,1677.100891,0.5747041344,-0.8119448466,0.0711129828,,,,
19534,0.0,1447.58313,727.449829,1677.07959,0.4656837472,-0.8822862417,0.0686267832,,,,
19535,0.0,1450.30603,726.315796,1677.043457,0.4004109185,-0.9139221623,0.0664633561,,,,
19536,0.0,1451.772888,725.745941,1677.0250855,0.3731836518,-0.924953529,0.0658140907,,,,
19537,0.0,1455.112061,724.481201,1676.984253,0.3206419816,-0.9449573828,0.0651480186,,,,
19538,0.0,1458.443237,723.323303,1676.946167,0.2985390462,-0.9521712942,0.0651480186,,,,
19539,0.0,1460.606445,722.559509,1676.921875,0.2929077326,-0.9539186526,0.0651480186,,,,
19540,0.0,1464.024536,721.295837,1676.882812,0.2906748984,-0.9546014033,0.0651480186,,,,
19541,0.0,1466.089722,720.50238,1676.858887,0.2906748984,-0.9546014033,0.0651480186,,,,
19542,0.0,1469.735718,719.046753,1676.81665,0.2906916324,-0.9546554622,0.0642753718,,,,
19543,0.0,1472.753906,717.795898,1676.775635,0.2916080842,-0.9543815823,0.0641912813,,,,
19544,0.0,1474.784058,716.931274,1676.744629,0.2916080842,-0.9543815823,0.0641912813,,,,
19545,0.0,1478.09729,715.487915,1676.692749,0.2916080842,-0.9543815823,0.0641912813,,,,
19546,0.0,1480.143555,714.575684,1676.660522,0.2916080842,-0.9543815823,0.0641912813,,,,
19547,0.0,1483.337769,713.125183,1676.609863,0.2916080842,-0.9543815823,0.0641912813,,,,
19548,0.0,1486.433838,711.690002,1676.560303,0.2916080842,-0.9543815823,0.0641912813,,,,
19549,0.0,1488.661987,710.640198,1676.524048,0.2916080842,-0.9543815823,0.0641912813,,,,
19550,0.0,1491.878906,709.104553,1676.471802,0.2916080842,-0.9543815823,0.0641912813,,,,
19551,0.0,1493.943726,708.256165,1676.443237,0.2916080842,-0.9543815823,0.0641912813,,,,
19552,0.0,1496.353271,707.318787,1676.425537,0.2916080842,-0.9543815823,0.0641912813,,,,
19553,0.0,1499.702881,706.206238,1676.419067,0.2916080842,-0.9543815823,0.0641912813,,,,
19554,0.0,1502.951538,705.400146,1676.41333,0.2916080842,-0.9543815823,0.0641912813,,,,
19555,0.0,1505.12561,704.953735,1676.410034,0.2897857439,-0.9549792361,0.0635521927,,,,
19556,0.0,1508.484497,704.392822,1676.40564,0.2836177409,-0.9569019073,0.0624477128,,,,
19557,0.0,1511.681152,703.99762,1676.402832,0.2765764778,-0.9589718174,0.062277648,,,,
19558,0.0,1514.836182,703.726379,1676.400757,0.2687285538,-0.9612618126,0.0613244817,,,,
19559,0.0,1516.996826,703.614929,1676.39978,0.2646799081,-0.9623847014,0.0613207363,,,,
19560,0.0,1519.62439,703.527222,1676.396729,0.2574460516,-0.9643450097,0.0613207363,,,,
19561,0.0,1522.979004,703.51532,1676.390869,0.2504802283,-0.9662227879,0.0606067611,,,,
19562,0.0,1526.318237,703.584229,1676.385864,0.2420803625,-0.9684280137,0.0595338586,,,,
19563,0.0,1529.429199,703.718567,1676.381958,0.2351129426,-0.9702553323,0.057675769,,,,
19564,0.0,1532.261597,703.894592,1676.378418,0.2298009647,-0.9715853653,0.0566868107,,,,
19565,0.0,1535.49646,704.145996,1676.374756,0.2238603155,-0.97307959,0.0547966307,,,,
19566,0.0,1538.824341,704.458313,1676.371216,0.219547485,-0.9741245947,0.0536672695,,,,
19567,0.0,1541.646362,704.756653,1676.371216,0.214383758,-0.9753697592,0.0518983345,,,,
19568,0.0,1544.947144,705.144226,1676.392334,0.2102252337,-0.9763820724,0.0498337209,,,,
19569,0.0,1550.674438,705.895996,1676.415283,0.2024044041,-0.9781638867,0.0472002973,,,,
19570,0.0,1552.2897945,706.1253965,1676.417236,0.1999259792,-0.9787180924,0.0461845972,,,,
19571,0.0,1556.634521,706.759277,1676.44104,0.1932521338,-0.9801864985,0.0434515936,,,,
19572,0.0,1560.09314,707.289734,1676.446289,0.187918377,-0.9812775771,0.0422018987,,,,
19573,0.0,1562.553223,707.682373,1676.466431,0.1855938126,-0.9817527193,0.0414310857,,,,
19574,0.0,1564.4328615,707.9916685,1676.470093,0.1848086393,-0.9819248956,0.0408445341,,,,
19575,0.0,1566.3125,708.300964,1676.473755,0.184023466,-0.982097072,0.0402579825,,,,
19576,0.0,1572.210571,709.313477,1676.501709,0.1840215258,-0.982097512,0.0402561165,,,,
19577,0.0,1575.502441,709.895996,1676.529053,0.1840215258,-0.982097512,0.0402561165,,,,
19578,0.0,1577.988159,710.344543,1676.530396,0.1840215258,-0.982097512,0.0402561165,,,,
19579,0.0,1581.444946,710.977661,1676.555054,0.1840215258,-0.982097512,0.0402561165,,,,
19580,0.0,1584.300415,711.50885,1676.573364,0.1840215258,-0.982097512,0.0402561165,,,,
19581,0.0,1587.20874,712.056946,1676.592041,0.1840215258,-0.982097512,0.0402561165,,,,
19582,0.0,1590.900757,712.762695,1676.61499,0.1840215258,-0.982097512,0.0402561165,,,,
19583,0.0,1593.653076,713.281799,1676.629395,0.1840215258,-0.982097512,0.0402561165,,,,
19584,0.0,1596.283081,713.726074,1676.631714,0.1840215258,-0.982097512,0.0402561165,,,,
19585,0.0,1599.687622,714.307861,1676.630981,0.1832161533,-0.9822480777,0.0402561165,,,,
19586,0.0,1602.579346,714.806274,1676.643311,0.1823290417,-0.9824131339,0.0402561165,,,,
19587,0.0,1606.005737,715.39917,1676.647217,0.1821380451,-0.9824485623,0.0402561165,,,,
19588,0.0,1609.240967,715.961426,1676.647095,0.1821380451,-0.9824485623,0.0402561165,,,,
19589,0.0,1611.868408,716.420471,1676.647095,0.1821380451,-0.9824485623,0.0402561165,,,,
19590,0.0,1615.174927,717.000854,1676.647095,0.1821380451,-0.9824485623,0.0402561165,,,,
19591,0.0,1617.831665,717.469299,1676.659546,0.1821380451,-0.9824485623,0.0402561165,,,,
19592,0.0,1621.095093,718.046936,1676.665161,0.1821380451,-0.9824485623,0.0402561165,,,,
19593,0.0,1624.195923,718.598022,1676.664673,0.1821380451,-0.9824485623,0.0402561165,,,,
19594,0.0,1627.491699,719.190002,1676.664673,0.1804550515,-0.982793888,0.0393973111,,,,
19595,0.0,1630.692383,719.770142,1676.664673,0.1775940822,-0.9833546443,0.038392518,,,,
19596,0.0,1633.303589,720.240845,1676.680176,0.1759384432,-0.9836837902,0.0375747935,,,,
19597,0.0,1636.590088,720.833496,1676.685059,0.1739183648,-0.9840817142,0.0365456171,,,,
19598,0.0,1639.43396,721.347656,1676.684814,0.171405955,-0.9845551592,0.0356530096,,,,
19599,0.0,1643.019409,721.996704,1676.684814,0.1671539805,-0.9853586726,0.0335832262,,,,
19600,0.0,1645.800049,722.499878,1676.701416,0.1628516885,-0.9861370715,0.0318277191,,,,
19601,0.0,1648.920898,723.05896,1676.703735,0.1588861084,-0.9868451937,0.0298624892,,,,
19602,0.0,1651.960205,723.598389,1676.703613,0.1551163981,-0.9875007466,0.0279495705,,,,
19603,0.0,1654.720825,724.084534,1676.703613,0.1516874218,-0.9880595091,0.0270061576,,,,
19604,0.0,1657.763794,724.609802,1676.703613,0.1494821863,-0.9884211137,0.0260533688,,,,
19605,0.0,1661.305054,725.21637,1676.703613,0.1463646618,-0.9889394385,0.0240035987,,,,
19606,0.0,1664.222412,725.713562,1676.703613,0.1426693358,-0.989522105,0.0221689965,,,,
19607,0.0,1667.294312,726.233337,1676.703613,0.1379371607,-0.9902342935,0.0202332335,,,,
19608,0.0,1669.868652,726.572815,1676.703613,0.1331633692,-0.990933414,0.0178461786,,,,
19609,0.0,1670.555664,726.656616,1676.703613,0.1317708133,-0.9911310695,0.0171946425,,,,
19610,0.0,1676.010742,726.870728,1676.703613,0.1114833167,-0.9937143848,0.0101583222,,,,
19611,0.0,1679.022217,726.735352,1676.703613,0.099510539,-0.9950182398,0.0060295175,,,,
19612,0.0,1681.959961,726.424866,1676.703613,0.0932716223,-0.9956329054,0.0039398088,,,,
19613,0.0,1684.487427,726.028198,1676.703735,0.0873980158,-0.9961709548,0.0022395523,,,,
19614,0.0,1690.126465,724.750427,1676.703613,0.080885995,-0.9967230494,-0.0007864627,,,,
19615,0.0,1691.7017825,724.2842405,1676.703613,0.0788996417,-0.9968795417,-0.001327715,,,,
19616,0.0,1695.72522,722.986023,1676.703613,0.0735222813,-0.9972873611,-0.003520444,,,,
19617,0.0,1698.476074,721.952698,1676.703613,0.0704909361,-0.9975016353,-0.0046384751,,,,
19618,0.0,1701.483032,720.709045,1676.703613,0.0681384263,-0.997659626,-0.0056943328,,,,
19619,0.0,1704.340332,719.42218,1676.701294,0.0661146085,-0.9977954544,-0.0057523641,,,,
19620,0.0,1706.584229,718.339661,1676.701294,0.0653129787,-0.9978433662,-0.0065445715,,,,
19621,0.0,1709.46167,716.876892,1676.701294,0.0651465515,-0.9978531394,-0.0067111071,,,,
19622,0.0,1711.918579,715.556519,1676.701294,0.0643632794,-0.9978983838,-0.0074955953,,,,
19623,0.0,1714.906006,713.870056,1676.701294,0.0623729612,-0.9980234416,-0.0076696695,,,,
19624,0.0,1716.778198,712.769104,1676.701294,0.0610085629,-0.9981026948,-0.0083045651,,,,
19625,0.0,1719.081299,711.375244,1676.701294,0.0598435747,-0.9981704737,-0.0086285564,,,,
19626,0.0,1722.703735,709.091675,1676.701294,0.058514304,-0.998241176,-0.0095200164,,,,
19627,0.0,1724.74231,707.764221,1676.701294,0.0584469977,-0.9982444758,-0.009587226,,,,
19628,0.0,1727.990845,705.586792,1676.701294,0.0575196867,-0.9982983355,-0.0095874354,,,,
19629,0.0,1730.363159,703.953186,1676.701294,0.0574892963,-0.9982915236,-0.0104410156,,,,
19630,0.0,1732.020386,702.783875,1676.701294,0.0568295416,-0.9983246504,-0.0108763807,,,,
19631,0.0,1736.322754,699.076965,1675.73938,0.055894565,-0.9983722243,-0.0113445713,,,,
19632,0.0,1739.637451,696.61554,1675.646118,0.053824022,-0.998473676,-0.0123811541,,,,
19633,0.0,1742.349609,694.582581,1675.54895,0.0508373538,-0.9986169774,-0.0134050711,,,,
19634,0.0,1744.426147,693.003418,1675.44812,0.0485030017,-0.9987223187,-0.0141841119,,,,
19635,0.0,1746.576782,691.403564,1675.240234,0.0461459312,-0.9988225278,-0.014970334,,,,
19636,0.0,1750.02417,688.801208,1674.923096,0.0432402573,-0.9989327047,-0.0162398191,,,,
19637,0.0,1751.771484,687.411743,1674.870483,0.0406392056,-0.9990306215,-0.0169195838,,,,
19638,0.0,1754.90625,684.917847,1674.552124,0.0358790349,-0.9991920325,-0.0181101345,,,,
19639,0.0,1756.734009,683.368042,1674.508179,0.0328923645,-0.99928099,-0.0188572346,,,,
19640,0.0,1759.551147,680.917725,1674.393677,0.0273504268,-0.9994252311,-0.020029019,,,,
19641,0.0,1761.308716,679.360168,1674.36438,0.0242902493,-0.9994891939,-0.0207686054,,,,
19642,0.0,1763.714355,677.157227,1674.264282,0.0201723829,-0.9995740386,-0.0210906703,,,,
19643,0.0,1766.23584,674.753723,1674.395142,0.0139355725,-0.9996616508,-0.0219632374,,,,
19644,0.0,1767.855713,673.215332,1674.49585,0.0096446728,-0.9997103609,-0.022049366,,,,
19645,0.0,1770.6073,670.440186,1674.914062,0.0038859852,-0.9997280398,-0.0229944663,,,,
19646,0.0,1772.154419,668.961426,1675.019653,0.0018462779,-0.999733586,-0.0230075702,,,,
19647,0.0,1774.520508,666.590515,1675.460693,-0.0006665266,-0.999716037,-0.0238201821,,,,
19648,0.0,1776.726196,664.461975,1675.732788,-0.0026508093,-0.9997092544,-0.0239662245,,,,
19649,0.0,1778.69397,662.538086,1675.961304,-0.0052230663,-0.9996991246,-0.0239662245,,,,
19650,0.0,1780.483521,660.808533,1676.137817,-0.0082990011,-0.9996632254,-0.0245878496,,,,
19651,0.0,1783.02771,658.326599,1676.393066,-0.0128922572,-0.9995858524,-0.0257276774,,,,
19652,0.0,1784.902954,656.54187,1676.392822,-0.0141645311,-0.9995646235,-0.0258829949,,,,
19653,0.0,1789.174072,652.380371,1676.296143,-0.0176158609,-0.9995097558,-0.0258829949,,,,
19654,0.0,1791.699829,649.938904,1676.039795,-0.0183047319,-0.9994973765,-0.0258830298,,,,
19655,0.0,1794.126831,647.606567,1675.752075,-0.0191185739,-0.9994607187,-0.0266974155,,,,
19656,0.0,1795.22583,646.542999,1675.6050415,-0.019586463,-0.9994496186,-0.026769498,,,,
19657,0.0,1796.324829,645.479431,1675.458008,-0.0200543521,-0.9994385186,-0.0268415804,,,,
19658,0.0,1800.40979,641.500122,1674.838745,-0.0211788864,-0.999415325,-0.0268414408,,,,
19659,0.0,1803.076294,638.876038,1674.32666,-0.0211788864,-0.999415325,-0.0268414408,,,,
19660,0.0,1804.677246,637.288391,1674.200928,-0.0211788864,-0.999415325,-0.0268414408,,,,
19661,0.0,1807.496826,634.476746,1673.754517,-0.0211788864,-0.999415325,-0.0268414408,,,,
19662,0.0,1807.8863525,634.0904545,1673.7677005,-0.0211788864,-0.999415325,-0.0268414408,,,,
19663,0.0,1810.702026,630.228516,1674.040161,-0.0211788864,-0.999415325,-0.0268414408,,,,
19664,0.0,1810.827026,628.566406,1674.685547,-0.0211788864,-0.999415325,-0.0268414408,,,,
19665,0.0,1811.691284,626.874146,1675.946289,-0.0220564049,-0.9993963401,-0.0268415804,,,,
19666,0.0,1812.603394,624.950378,1676.535278,-0.0239712291,-0.9993522451,-0.0268415804,,,,
19667,0.0,1812.641724,623.174194,1676.461304,-0.0266202721,-0.9992677429,-0.0274834326,,,,
19668,0.0,1812.92041,620.312805,1676.498901,-0.0310731211,-0.9991304417,-0.0277996701,,,,
19669,0.0,1813.225098,618.370789,1676.437622,-0.0329139743,-0.9990714933,-0.0277996701,,,,
19670,0.0,1813.963989,615.404175,1676.449463,-0.0336323561,-0.9990475635,-0.0277998271,,,,
19671,0.0,1815.019531,612.625732,1676.360596,-0.0336323561,-0.9990475635,-0.0277998271,,,,
19672,0.0,1815.903442,610.653992,1676.297363,-0.0336323561,-0.9990475635,-0.0277998271,,,,
19673,0.0,1816.904785,608.55603,1676.320312,-0.0336323561,-0.9990475635,-0.0277998271,,,,
19674,0.0,1818.454346,605.540955,1676.40271,-0.0336323561,-0.9990475635,-0.0277998271,,,,
19675,0.0,1819.38147,603.860779,1676.521484,-0.0329027466,-0.9990538967,-0.0284380161,,,,
19676,0.0,1820.064697,602.618408,1676.572266,-0.0312428309,-0.9991062507,-0.0284707801,,,,
19677,0.0,1821.018188,600.887329,1676.615601,-0.0300119155,-0.9991439834,-0.0284707801,,,,
19678,0.0,1821.828979,599.795837,1676.449219,-0.0291503104,-0.9991694922,-0.0284707801,,,,
19679,0.0,1822.740967,600.236206,1676.701294,-0.0283019897,-0.9991938811,-0.0284707801,,,,
19680,0.0,1823.401978,599.258728,1676.701294,-0.0280063587,-0.999202211,-0.0284707801,,,,
19681,0.0,1824.398926,597.79303,1676.701294,-0.0278843528,-0.9992056262,-0.0284706755,,,,
19682,0.0,1825.226807,596.605042,1676.701294,-0.0274551135,-0.9992175096,-0.0284707801,,,,
19683,0.0,1826.087891,595.403503,1676.701294,-0.026593241,-0.999227868,-0.0289217445,,,,
19684,0.0,1826.767334,594.469055,1676.701294,-0.0255443739,-0.9992250152,-0.0299475185,,,,
19685,0.0,1827.42041,593.651672,1676.701294,-0.0245273725,-0.9992267957,-0.0307281415,,,,
19686,0.0,1828.47644,592.522034,1676.701294,-0.023610718,-0.9992138057,-0.0318481465,,,,
19687,0.0,1829.151733,591.903259,1676.701294,-0.0222934144,-0.9992118684,-0.0328427427,,,,
19688,0.0,1830.187744,591.087585,1676.701294,-0.0174713322,-0.9992548621,-0.034416174,,,,
19689,0.0,1830.841064,590.638489,1676.701294,-0.0136304324,-0.9992921303,-0.0350635096,,,,
19690,0.0,1831.991455,589.946228,1676.701294,-0.0045608193,-0.9993264839,-0.036411229,,,,
19691,0.0,1833.005493,589.41156,1676.701294,0.001344761,-0.9993007088,-0.0373668963,,,,
19692,0.0,1834.03186,588.934998,1676.701294,0.0062387443,-0.9992649788,-0.0378230122,,,,
19693,0.0,1834.766479,588.627747,1676.701294,0.0080486343,-0.999238995,-0.038166088,,,,
19694,0.0,1836.001831,588.176758,1676.701294,0.0112848547,-0.9991887457,-0.038658797,,,,
19695,0.0,1840.935547,586.526184,1675.870728,0.0151252051,-0.9991354992,-0.0387231515,,,,
19696,0.0,1841.706909,586.3883055,1675.8684695,0.0167674435,-0.999114809,-0.0385450684,,,,
19697,0.0,1842.478271,586.250427,1675.866211,0.0184096819,-0.9990941187,-0.0383669852,,,,
19698,0.0,1844.679443,586.162842,1675.999268,0.0201641232,-0.9990722688,-0.038052724,,,,
19699,0.0,1845.440857,586.1304625,1676.0455325,0.0202336274,-0.9990708612,-0.038052724,,,,
19700,0.0,1847.171875,586.069702,1676.140503,0.0203090415,-0.9990718462,-0.0379866936,,,,
19701,0.0,1848.608521,586.022095,1676.241699,0.020309204,-0.9990729751,-0.0379569049,,,,
19702,0.0,1850.015015,585.922058,1676.297119,0.0203091238,-0.9990758926,-0.0378800784,,,,
19703,0.0,1851.655762,585.809631,1676.342773,0.0204027435,-0.9990782413,-0.037767655,,,,
19704,0.0,1852.694336,585.718201,1676.313843,0.0207408344,-0.9990739014,-0.0376982404,,,,
19705,0.0,1854.312744,585.598328,1676.301514,0.0217381277,-0.9990625331,-0.0374367304,,,,
19706,0.0,1855.825317,585.468079,1676.258667,0.0227943101,-0.9990468579,-0.0372262684,,,,
19707,0.0,1857.516846,585.374329,1676.319336,0.024712115,-0.9990093254,-0.0370091769,,,,
19708,0.0,1858.670532,585.312622,1676.340454,0.0256801474,-0.9989902357,-0.036865146,,,,
19709,0.0,1860.564331,585.211487,1676.383423,0.027428297,-0.998958474,-0.0364644437,,,,
19710,0.0,1862.129883,585.146484,1676.405884,0.029207387,-0.9989218712,-0.0360835669,,,,
19711,0.0,1863.872437,585.063843,1676.391724,0.0311906713,-0.9988735571,-0.0357597382,,,,
19712,0.0,1865.659668,583.373901,1675.818848,0.0322802598,-0.9988472036,-0.0355281407,,,,
19713,0.0,1867.058594,583.301147,1675.793701,0.0330406532,-0.9988266419,-0.0354069864,,,,
19714,0.0,1868.903931,583.105103,1675.680176,0.0337586032,-0.9988069309,-0.0352855699,,,,
19715,0.0,1869.876465,583.043335,1675.628662,0.0340045183,-0.9987989919,-0.0352741626,,,,
19716,0.0,1871.317627,582.770691,1675.488403,0.0341863369,-0.9987927852,-0.0352741626,,,,
19717,0.0,1872.494019,582.207153,1675.180542,0.0350744776,-0.9987619909,-0.0352741626,,,,
19718,0.0,1873.894897,581.399231,1674.826538,0.036717819,-0.9987029264,-0.0352741626,,,,
19719,0.0,1874.922241,581.026733,1674.732666,0.0375315945,-0.9986987619,-0.034527704,,,,
19720,0.0,1876.626709,580.127563,1674.55542,0.0386154874,-0.9986943176,-0.0334440446,,,,
19721,0.0,1878.373779,579.15863,1674.456055,0.0406016277,-0.9987094547,-0.0305111941,,,,
19722,0.0,1879.675659,578.42334,1674.415405,0.0456371276,-0.9985762971,-0.027615783,,,,
19723,0.0,1881.680298,577.034912,1674.316895,0.0554076663,-0.9981892244,-0.0234150123,,,,
19724,0.0,1883.700439,575.663086,1674.294922,0.0682296708,-0.9974695615,-0.0199796361,,,,
19725,0.0,1885.167847,574.651428,1674.239868,0.0763202646,-0.9969496717,-0.0163269519,,,,
19726,0.0,1887.548096,572.993408,1674.115723,0.0906186418,-0.9958155816,-0.0118147838,,,,
19727,0.0,1889.944946,571.475525,1674.098022,0.1067232489,-0.9942654448,-0.0068098032,,,,
19728,0.0,1891.603149,570.379456,1674.11853,0.1120250253,-0.9936914589,-0.005261009,,,,
19729,0.0,1894.584717,568.459229,1674.272949,0.1271670272,-0.9918803762,-0.0013662259,,,,
19730,0.0,1896.615112,567.084412,1674.389893,0.1373376434,-0.9905226758,0.0017889964,,,,
19731,0.0,1898.970459,565.54364,1674.561768,0.1468522299,-0.9891469689,0.0047640851,,,,
19732,0.0,1901.98877,563.548889,1674.716431,0.1561361174,-0.9877070749,0.0074998015,,,,
19733,0.0,1904.196167,562.104065,1674.763062,0.1606022401,-0.9869762972,0.0092037591,,,,
19734,0.0,1906.81311,560.422119,1674.758423,0.1640566374,-0.9863958174,0.0104264604,,,,
19735,0.0,1909.601074,558.680054,1674.700195,0.1647146647,-0.9862838494,0.0106417872,,,,
19736,0.0,1914.490234,555.477539,1674.562378,0.1647146647,-0.9862838494,0.0106417872,,,,
19737,0.0,1916.0967405,554.397827,1674.5405885,0.1647146647,-0.9862838494,0.0106417872,,,,
19738,0.0,1917.703247,553.318115,1674.518799,0.1647146647,-0.9862838494,0.0106417872,,,,
19739,0.0,1919.488159,552.029968,1674.543335,0.1647146647,-0.9862838494,0.0106417872,,,,
19740,0.0,1920.0284425,551.6958005,1674.58197,0.1647146647,-0.9862838494,0.0106417872,,,,
19741,0.0,1925.720703,547.56543,1675.253296,0.1647146647,-0.9862838494,0.0106417872,,,,
19742,0.0,1929.583374,544.851868,1675.308594,0.1647146647,-0.9862838494,0.0106417872,,,,
19743,0.0,1931.991577,543.142883,1675.436646,0.1647146647,-0.9862838494,0.0106417872,,,,
19744,0.0,1935.085571,540.892639,1675.830078,0.1647146647,-0.9862838494,0.0106417872,,,,
19745,0.0,1937.07959,539.484314,1675.930176,0.1647146647,-0.9862838494,0.0106417872,,,,
19746,0.0,1939.982666,537.404358,1676.114136,0.1647146647,-0.9862838494,0.0106417872,,,,
19747,0.0,1942.1521,535.854065,1676.121704,0.1647146647,-0.9862838494,0.0106417872,,,,
19748,0.0,1944.316406,534.289368,1676.064819,0.1647146647,-0.9862838494,0.0106417872,,,,
19749,0.0,1947.420166,531.960876,1675.815308,0.1647146647,-0.9862838494,0.0106417872,,,,
19750,0.0,1950.169067,529.990906,1675.854248,0.1647146647,-0.9862838494,0.0106417872,,,,
19751,0.0,1951.911987,528.553223,1675.468994,0.1647146647,-0.9862838494,0.0106417872,,,,
19752,0.0,1954.633667,526.370789,1675.061157,0.1647146647,-0.9862838494,0.0106417872,,,,
19753,0.0,1956.435059,524.900635,1674.777954,0.1647158851,-0.9862903092,0.0100051599,,,,
19754,0.0,1959.194946,522.62738,1674.252197,0.1638684505,-0.9864346751,0.0096831099,,,,
19755,0.0,1959.4592285,522.354187,1674.071655,0.1638195293,-0.9864427995,0.0096831099,,,,
19756,0.0,1963.296753,519.465515,1673.421997,0.1630257753,-0.9865807975,0.0089959165,,,,
19757,0.0,1965.763306,517.725159,1673.397217,0.1620674712,-0.9867468405,0.008050314,,,,
19758,0.0,1968.03125,516.246338,1673.225098,0.160549878,-0.9870019147,0.0071384233,,,,
19759,0.0,1970.836182,514.328369,1673.123657,0.1591126679,-0.9872421194,0.0060130419,,,,
19760,0.0,1972.907837,512.803345,1673.178711,0.157641813,-0.9874827444,0.0051854023,,,,
19761,0.0,1975.08313,511.191528,1673.254395,0.1570575349,-0.9875773505,0.0048895379,,,,
19762,0.0,1978.42627,508.74704,1673.52832,0.1570575349,-0.9875773505,0.0048895379,,,,
19763,0.0,1980.578613,507.184204,1673.622437,0.1570575349,-0.9875773505,0.0048895379,,,,
19764,0.0,1982.696533,505.585175,1673.980347,0.1563996623,-0.9876848245,0.0042229337,,,,
19765,0.0,1985.796631,503.23111,1674.524658,0.1552179086,-0.9878724359,0.0039308204,,,,
19766,0.0,1987.902344,501.680267,1674.768555,0.1551642524,-0.987880865,0.0039308204,,,,
19767,0.0,1990.974487,499.380859,1675.324951,0.1551642524,-0.987880865,0.0039308204,,,,
19768,0.0,1993.190674,497.808441,1675.558228,0.1551642524,-0.987880865,0.0039308204,,,,
19769,0.0,1995.473389,496.228821,1675.907349,0.1551642524,-0.987880865,0.0039308204,,,,
19770,0.0,1998.710815,493.974823,1676.256592,0.1551642524,-0.987880865,0.0039308204,,,,
19771,0.0,1999.502197,493.402588,1676.256592,0.1551642524,-0.987880865,0.0039308204,,,,
19772,0.0,2003.400635,490.653259,1676.483398,0.1551642524,-0.987880865,0.0039308204,,,,
19773,0.0,2006.919189,488.094299,1676.435669,0.1560932472,-0.9877377958,0.0029908092,,,,
19774,0.0,2008.979004,486.607239,1676.418945,0.156852026,-0.9876196129,0.0022230764,,,,
19775,0.0,2011.426025,484.852295,1676.227661,0.1583905681,-0.9873744854,0.0020133407,,,,
19776,0.0,2014.261841,482.856903,1675.95459,0.160383356,-0.9870539592,0.0012886809,,,,
19777,0.0,2017.521118,480.654083,1675.629639,0.1654150584,-0.9862240298,0.0001464331,,,,
19778,0.0,2019.580444,479.247955,1675.468262,0.1676912189,-0.9858394319,-0.0005193052,,,,
19779,0.0,2024.96228,475.541351,1674.940552,0.1726937773,-0.9849752641,-0.0007670547,,,,
19780,0.0,2026.5673825,474.3805695,1674.799805,0.1729611286,-0.9849283152,-0.0007670198,,,,
19781,0.0,2030.119629,471.806793,1674.589233,0.1732284798,-0.9848813662,-0.0007669849,,,,
19782,0.0,2032.136475,470.308868,1674.490234,0.1732284798,-0.9848813662,-0.0007669849,,,,
19783,0.0,2035.367798,467.884583,1674.41272,0.1732284798,-0.9848813662,-0.0007669849,,,,
19784,0.0,2037.238281,466.50946,1674.446411,0.1732284798,-0.9848813662,-0.0007669849,,,,
19785,0.0,2039.889404,464.467743,1674.70459,0.1732284798,-0.9848813662,-0.0007669849,,,,
19786,0.0,2042.629517,462.386475,1674.948853,0.1732284798,-0.9848813662,-0.0007669849,,,,
19787,0.0,2044.480347,460.97525,1675.13916,0.1732284798,-0.9848813662,-0.0007669849,,,,
19788,0.0,2047.456299,458.639221,1675.606323,0.1732284798,-0.9848813662,-0.0007669849,,,,
19789,0.0,2049.175049,457.358337,1675.742798,0.1732284798,-0.9848813662,-0.0007669849,,,,
19790,0.0,2051.401367,455.595734,1676.150879,0.1732284798,-0.9848813662,-0.0007669849,,,,
19791,0.0,2054.586182,453.239532,1676.424927,0.1732284798,-0.9848813662,-0.0007669849,,,,
19792,0.0,2056.553467,451.811859,1676.522949,0.1732284798,-0.9848813662,-0.0007669849,,,,
19793,0.0,2059.123535,449.936096,1676.551514,0.1732284798,-0.9848813662,-0.0007669849,,,,
19794,0.0,2061.622803,448.136963,1676.508545,0.1732284798,-0.9848813662,-0.0007669849,,,,
19795,0.0,2063.727295,446.594604,1676.413452,0.1732284798,-0.9848813662,-0.0007669849,,,,
19796,0.0,2066.793457,444.371643,1676.229614,0.1732284798,-0.9848813662,-0.0007669849,,,,
19797,0.0,2068.967773,442.90155,1676.414673,0.1732284798,-0.9848813662,-0.0007669849,,,,
19798,0.0,2071.779541,440.856171,1676.25354,0.1732284798,-0.9848813662,-0.0007669849,,,,
19799,0.0,2073.839844,439.470856,1676.424194,0.1732284798,-0.9848813662,-0.0007669849,,,,
19800,0.0,2074.802246,438.793335,1676.424194,0.1732217913,-0.984882532,-0.0007805461,,,,
19801,0.0,2078.317139,436.291534,1674.17981,0.172854808,-0.9849461343,-0.0015257662,,,,
19802,0.0,2080.847412,434.521637,1674.653809,0.1726969376,-0.9849732783,-0.001846313,,,,
19803,0.0,2084.288574,432.082153,1673.935791,0.1724927125,-0.9850082001,-0.0022604962,,,,
19804,0.0,2086.662109,430.402405,1673.789429,0.1723418815,-0.9850338528,-0.002566085,,,,
19805,0.0,2089.914551,428.085449,1673.526123,0.1704343024,-0.985361184,-0.0039351837,,,,
19806,0.0,2091.266602,427.096893,1673.4729,0.1678696675,-0.985793505,-0.005562388,,,,
19807,0.0,2093.791016,425.287506,1673.425781,0.1657497194,-0.9861440491,-0.0068516378,,,,
19808,0.0,2096.926025,424.802155,1676.701294,0.163785216,-0.9864600565,-0.0084237669,,,,
19809,0.0,2099.056641,423.284515,1676.701294,0.1613369267,-0.9868561956,-0.0092328351,,,,
19810,0.0,2101.497559,421.542969,1676.701294,0.1585747977,-0.9872946968,-0.0101594915,,,,
19811,0.0,2103.760498,419.928558,1676.701294,0.1566864156,-0.9875793388,-0.011679757,,,,
19812,0.0,2106.727783,417.804657,1676.701294,0.1536350839,-0.9880407761,-0.0131028938,,,,
19813,0.0,2109.125977,416.08548,1676.701294,0.1517089109,-0.9883258781,-0.0140130343,,,,
19814,0.0,2112.009277,414.017883,1676.701294,0.1504531329,-0.9885017517,-0.0151043602,,,,
19815,0.0,2113.943604,412.631683,1676.701294,0.150410783,-0.9885075367,-0.0151474823,,,,
19816,0.0,2116.219482,410.997864,1676.701294,0.150410783,-0.9885075367,-0.0151474823,,,,
19817,0.0,2118.324463,409.485138,1676.701294,0.150410783,-0.9885075367,-0.0151474823,,,,
19818,0.0,2119.194092,408.860352,1676.701294,0.150410783,-0.9885075367,-0.0151474823,,,,
19819,0.0,2120.578125,407.865997,1676.701294,0.150410783,-0.9885075367,-0.0151474823,,,,
19820,0.0,2121.47876,407.219025,1676.701294,0.150410783,-0.9885075367,-0.0151474823,,,,
19821,0.0,2122.569092,406.431366,1676.701294,0.1495717964,-0.9886289844,-0.015524464,,,,
19822,0.0,2123.09375,406.047089,1676.701294,0.1479313433,-0.9888697387,-0.015904637,,,,
19823,0.0,2124.380615,405.096161,1676.701294,0.1433828583,-0.9895197001,-0.0170914913,,,,
19824,0.0,2124.732544,404.830368,1676.701294,0.1413245674,-0.9898049522,-0.0175775165,,,,
19825,0.0,2125.532959,404.2211,1676.701294,0.1359305289,-0.9905420206,-0.0186921556,,,,
19826,0.0,2126.261475,403.665161,1676.701294,0.1315861203,-0.9911167981,-0.0193024743,,,,
19827,0.0,2126.757812,403.289398,1676.701294,0.1296819007,-0.9913606677,-0.0196629385,,,,
19828,0.0,2127.315674,402.868103,1676.701294,0.1282395527,-0.9915408315,-0.0200348822,,,,
19829,0.0,2128.172852,402.217743,1676.701294,0.1261743575,-0.9917935116,-0.0206315741,,,,
19830,0.0,2128.714844,401.803955,1676.701294,0.1247131084,-0.9919767362,-0.020707375,,,,
19831,0.0,2129.466064,401.231506,1676.701294,0.1235304205,-0.9921247098,-0.020707375,,,,
19832,0.0,2130.150391,400.712189,1676.701294,0.1234301618,-0.9921297023,-0.0210629781,,,,
19833,0.0,2130.651855,400.331482,1676.701294,0.12342983,-0.9921291553,-0.0210906703,,,,
19834,0.0,2131.407959,399.755066,1676.701294,0.12342983,-0.9921291553,-0.0210906703,,,,
19835,0.0,2132.110352,399.221405,1676.701294,0.1241533601,-0.9920388736,-0.0210906703,,,,
19836,0.0,2132.796631,398.712433,1676.701294,0.1275081326,-0.991621089,-0.0207193629,,,,
19837,0.0,2133.33252,398.311829,1676.701294,0.1295969564,-0.9913641916,-0.0200416701,,,,
19838,0.0,2133.959229,397.845978,1676.701294,0.1325233932,-0.9909931616,-0.0192380836,,,,
19839,0.0,2134.757324,397.251495,1676.701294,0.135807745,-0.9905678407,-0.0182101428,,,,
19840,0.0,2135.509766,396.701843,1676.701294,0.140696581,-0.9899088088,-0.0168826055,,,,
19841,0.0,2136.162598,396.226746,1676.701294,0.1451114657,-0.9892849487,-0.0160609113,,,,
19842,0.0,2136.794434,395.768158,1676.701294,0.1489873396,-0.9887212652,-0.0152654006,,,,
19843,0.0,2137.39502,395.336029,1676.701294,0.1532976016,-0.9880775035,-0.0142370075,,,,
19844,0.0,2137.974854,394.913269,1676.701294,0.1559027268,-0.9876785167,-0.0136193779,,,,
19845,0.0,2138.786865,394.313354,1676.701294,0.1574558928,-0.9874389994,-0.0131097,,,,
19846,0.0,2139.511475,393.775146,1676.701294,0.1576140911,-0.9874147036,-0.0130384618,,,,
19847,0.0,2140.196045,393.267212,1676.701294,0.1576140911,-0.9874147036,-0.0130384618,,,,
19848,0.0,2140.736572,392.867035,1676.701294,0.1576140911,-0.9874147036,-0.0130384618,,,,
19849,0.0,2141.48584,392.313751,1676.701294,0.1576140911,-0.9874147036,-0.0130384618,,,,
19850,0.0,2141.965088,391.960907,1676.701294,0.1576140911,-0.9874147036,-0.0130384618,,,,
19851,0.0,2142.714355,391.410095,1676.701294,0.1576140911,-0.9874147036,-0.0130384618,,,,
19852,0.0,2143.439697,390.877747,1676.701294,0.1576140911,-0.9874147036,-0.0130384618,,,,
19853,0.0,2144.108154,390.388275,1676.701294,0.1576140911,-0.9874147036,-0.0130384618,,,,
19854,0.0,2144.791992,389.888,1676.701294,0.1576140911,-0.9874147036,-0.0130384618,,,,
19855,0.0,2145.433594,389.418915,1676.701294,0.1576140911,-0.9874147036,-0.0130384618,,,,
19856,0.0,2145.953369,389.040039,1676.701294,0.1576140911,-0.9874147036,-0.0130384618,,,,
19857,0.0,2146.613525,388.558472,1676.701294,0.1576140911,-0.9874147036,-0.0130384618,,,,
19858,0.0,2147.327637,388.037811,1676.701294,0.1576140911,-0.9874147036,-0.0130384618,,,,
19859,0.0,2147.991943,387.553864,1676.701294,0.1576140911,-0.9874147036,-0.0130384618,,,,
19860,0.0,2148.731201,387.015991,1676.701294,0.1576140911,-0.9874147036,-0.0130384618,,,,
19861,0.0,2149.323486,386.583008,1676.701294,0.1572732691,-0.9874690449,-0.0130385665,,,,
19862,0.0,2150.277588,385.886047,1676.701294,0.1565604402,-0.9875823127,-0.0130385665,,,,
19863,0.0,2150.877686,385.447968,1676.701294,0.1563031964,-0.987623059,-0.0130385665,,,,
19864,0.0,2151.555664,384.953735,1676.701294,0.1560834518,-0.9876578111,-0.0130385665,,,,
19865,0.0,2152.524902,384.247498,1676.701294,0.1557933143,-0.987703619,-0.0130385665,,,,
19866,0.0,2153.265625,383.707642,1676.701294,0.1555498649,-0.9877419882,-0.0130385665,,,,
19867,0.0,2153.936768,383.219879,1676.701294,0.155531057,-0.9877449513,-0.0130384618,,,,
19868,0.0,2154.561523,382.762238,1676.701294,0.1551035912,-0.9878121642,-0.0130385665,,,,
19869,0.0,2155.276367,382.239685,1676.701294,0.1546800278,-0.987878578,-0.0130385665,,,,
19870,0.0,2155.809326,381.839508,1676.701294,0.1521383876,-0.9883504417,-0.0041611671,,,,
19871,0.0,2156.677979,381.200348,1676.701294,0.1511031271,-0.9885148614,-0.002492729,,,,
19872,0.0,2157.46875,380.622009,1676.701294,0.1510910328,-0.9885167101,-0.0024927116,,,,
19873,0.0,2158.63208,379.77063,1676.701294,0.1510910328,-0.9885167101,-0.0024927116,,,,
19874,0.0,2159.804443,378.911591,1676.701294,0.1510910328,-0.9885167101,-0.0024927116,,,,
19875,0.0,2160.965088,378.061249,1676.701294,0.1510910328,-0.9885167101,-0.0024927116,,,,
19876,0.0,2162.292969,377.087219,1676.701294,0.1510910328,-0.9885167101,-0.0024927116,,,,
19877,0.0,2163.621582,376.11319,1676.701294,0.1510910328,-0.9885167101,-0.0024927116,,,,
19878,0.0,2164.785645,375.079346,1676.701294,0.1510910328,-0.9885167101,-0.0024927116,,,,
19879,0.0,2165.925293,373.838684,1676.701294,0.1510910328,-0.9885167101,-0.0024927116,,,,
19880,0.0,2167.036377,372.383026,1676.701294,0.1510910328,-0.9885167101,-0.0024927116,,,,
19881,0.0,2167.706055,371.111969,1676.701294,0.1510910328,-0.9885167101,-0.0024927116,,,,
19882,0.0,2168.238525,369.636841,1676.701294,0.1510910328,-0.9885167101,-0.0024927116,,,,
19883,0.0,2168.608643,367.880035,1676.701294,0.1510910328,-0.9885167101,-0.0024927116,,,,
19884,0.0,2168.733154,366.320557,1676.701294,0.1510910328,-0.9885167101,-0.0024927116,,,,
19885,0.0,2168.700439,364.702637,1676.701294,0.1510910328,-0.9885167101,-0.0024927116,,,,
19886,0.0,2168.514404,363.027924,1676.701294,0.1510910328,-0.9885167101,-0.0024927116,,,,
19887,0.0,2168.200195,361.401215,1676.701294,0.1510910328,-0.9885167101,-0.0024927116,,,,
20002,0.0,368.61499,2171.692383,1751.822388,1.0,0.0,0.0,,,,
20003,0.0,371.004333,2171.531738,1750.452759,0.999835227,-0.0181525739,-5.48382e-05,,,,
20004,0.0,368.351654,2168.508301,1750.686768,0.7466421545,-0.6652209904,-0.0025548102,,,,
20005,0.0,367.137299,2168.359375,1750.643433,0.4521729655,-0.8919218131,-0.0038844125,,,,
20006,0.0,366.654755,2167.618164,1750.590332,0.2987109559,-0.9543334402,-0.0044101884,0.1312184943,1361.4039940017,2749.2246651702,0.0
20007,0.0,368.758209,2165.048828,1749.809448,0.2987109559,-0.9543334402,-0.0044101884,0.1312699682,1360.5996667764,2747.0994861334,0.0
20008,0.0,369.221924,2163.567139,1749.731567,0.2987109559,-0.9543334402,-0.0044101884,0.1309990632,1358.4849185176,2745.4653499911,0.0
20009,0.0,369.340088,2162.44165,1749.755371,0.2987109559,-0.9543334402,-0.0044101884,0.1306833646,1356.2834526699,2744.0933040908,0.0
20010,0.0,369.522125,2161.142334,1749.691284,0.2987109559,-0.9543334402,-0.0044101884,0.1304967949,1354.6502310075,2742.6105720796,0.0
20011,0.0,369.839417,2159.583496,1749.77124,0.2987109559,-0.9543334402,-0.0044101884,0.1300790305,1351.7015781089,2740.7255542389,0.0
20012,0.0,370.169189,2158.043213,1750.017212,0.2987109559,-0.9543334402,-0.0044101884,0.1297042935,1348.8601772818,2738.6379278876,0.0
20013,0.0,370.386261,2157.037842,1750.189697,0.2987109559,-0.9543334402,-0.0044101884,0.1293907991,1346.6267826326,2737.1841539855,0.0
20014,0.0,370.586121,2156.171143,1750.372559,0.2987109559,-0.9543334402,-0.0044101884,0.1290407627,1344.3827412751,2736.0706355949,0.0
20015,0.0,370.754059,2155.307373,1750.503784,0.2987109559,-0.9543334402,-0.0044101884,0.1286614565,1342.0771504752,2735.124308107,0.0
20016,0.0,370.93454,2154.481445,1750.653076,0.2987109559,-0.9543334402,-0.0044101884,0.1282952725,1339.6816787561,2733.8685100505,0.0
20017,0.0,371.103851,2153.682129,1750.803955,0.2987109559,-0.9543334402,-0.0044101884,0.1278419785,1337.0394822087,2732.9786490431,0.0
20018,0.0,371.272064,2152.874023,1750.957031,0.3005152932,-0.9537668005,-0.0044100837,0.128241717,1338.6539827676,2732.3025693058,0.0
20019,0.0,371.392853,2152.307617,1751.036011,0.3020077044,-0.9532952835,-0.0044100837,0.128786066,1341.3274656967,2732.3646468992,0.0
20020,0.0,374.630737,2153.743164,1751.073486,0.963114373,-0.2690872464,-0.0016608196,,,,
20021,0.0,375.550568,2155.437012,1751.162598,0.9999977021,0.001917469,-0.0009587441,,,,
20022,0.0,375.815247,2155.108154,1751.116455,0.9999977021,0.001917469,-0.0009587441,,,,
20023,0.0,376.385345,2154.772949,1750.772095,0.9999977021,0.001917469,-0.0009587441,,,,
20024,0.0,376.604462,2154.648438,1750.62793,0.9999977021,0.001917469,-0.0009587441,,,,
20025,0.0,376.870239,2154.586426,1750.409424,0.9999977021,0.001917469,-0.0009587441,,,,
20026,0.0,377.12735,2154.576416,1750.183716,0.9999977021,0.001917469,-0.0009587441,,,,
20027,0.0,377.385834,2154.580322,1749.997192,0.9999977021,0.001917469,-0.0009587441,,,,
20028,0.0,377.566956,2154.580566,1749.872437,0.9999977021,0.001917469,-0.0009587441,,,,
20029,0.0,377.722382,2154.581055,1749.726074,0.9999977021,0.001917469,-0.0009587441,,,,
20030,0.0,377.759979,2154.581055,1749.687988,0.9999977021,0.001917469,-0.0009587441,,,,
20031,0.0,377.883484,2154.581299,1749.52417,0.9999977021,0.001917469,-0.0009587441,,,,
20032,0.0,377.93219,2154.581299,1749.515747,0.9999977021,0.001917469,-0.0009587441,,,,
20033,0.0,377.990417,2154.581543,1749.328735,0.9999977021,0.001917469,-0.0009587441,,,,
20034,0.0,377.981964,2154.585449,1749.339966,0.9999977021,0.001917469,-0.0009587441,,,,
20035,0.0,377.931885,2154.609863,1749.407715,0.9999977021,0.001917469,-0.0009587441,,,,
20036,0.0,371.557709,2154.569092,1751.701294,0.9999977021,0.001917469,-0.0009587441,,,,
20037,0.0,371.6940005,2154.569336,1751.701294,0.9999977021,0.001917469,-0.0009587441,,,,
20038,0.0,371.830292,2154.56958,1751.701294,0.9999977021,0.001917469,-0.0009587441,,,,
20039,0.0,372.242432,2154.570557,1751.701294,0.9999977021,0.001917469,-0.0009587441,,,,
20040,0.0,372.555359,2154.571045,1751.701294,0.9999977021,0.001917469,-0.0009587441,,,,
20041,0.0,372.811249,2154.571533,1751.701294,0.9999977021,0.001917469,-0.0009587441,,,,
20042,0.0,373.088165,2154.572021,1751.701294,0.9999977021,0.001917469,-0.0009587441,,,,
20043,0.0,373.193085,2154.573486,1751.701294,0.9999973097,0.0021122124,-0.0009587441,,,,
20044,0.0,373.547638,2154.578369,1751.701294,0.9999954041,0.0028762101,-0.0009587441,,,,
20045,0.0,373.80954,2154.574463,1751.701294,0.9999973412,0.0020972375,-0.0009587441,,,,
20046,0.0,374.036377,2154.573975,1751.701294,0.9999977021,0.001917469,-0.0009587441,,,,
20047,0.0,374.271301,2154.574463,1751.701294,0.9999977021,0.001917469,-0.0009587441,,,,
20048,0.0,374.544434,2154.574951,1751.701294,0.9999977021,0.001917469,-0.0009587441,,,,
20049,0.0,375.048431,2154.575928,1751.701294,0.9999977021,0.001917469,-0.0009587441,,,,
20050,0.0,375.765961,2154.577148,1751.701294,0.9999977021,0.001917469,-0.0009587441,,,,
20051,0.0,376.56012,2154.578857,1751.701294,0.9999977021,0.001917469,-0.0009587441,,,,
20052,0.0,377.599152,2154.580811,1751.701294,0.9999977021,0.001917469,-0.0009587441,,,,
20053,0.0,378.134338,2154.581787,1751.701294,0.9999977021,0.001917469,-0.0009587441,,,,
20054,0.0,379.593689,2154.584717,1751.701294,0.9999977021,0.001917469,-0.0009587441,,,,
20055,0.0,382.659088,2154.590088,1750.694092,0.9999977021,0.001917469,-0.0009587441,,,,
20056,0.0,384.354614,2154.598877,1750.435791,0.9999963215,0.002537286,-0.0009587441,,,,
20057,0.0,386.726135,2154.672607,1750.027954,0.9999484207,0.0101564548,-4.86947e-05,,,,
20058,0.0,387.33963,2154.715088,1750.027954,0.9998917572,0.0147026103,0.0005542642,,,,
20059,0.0,390.93042,2155.109619,1749.483887,0.9991900747,0.0400687369,0.0037001245,,,,
20060,0.0,393.211639,2155.286133,1749.446289,0.9980936885,0.0612404453,0.0076548521,,,,
20061,0.0,394.101746,2155.402344,1749.488403,0.9974392115,0.0710225733,0.0084150755,,,,
20062,0.0,397.890717,2155.220459,1749.48584,0.992415668,0.1222257796,0.0131149007,,,,
20063,0.0,399.931946,2155.222656,1749.485229,0.9871690965,0.1589723905,0.0149984656,,,,
20064,0.0,402.141174,2155.300293,1749.493286,0.9781026456,0.2074469655,0.0167621948,,,,
20065,0.0,405.46637,2158.306152,1749.768555,0.9646350663,0.2629613976,0.0181794475,,,,
20066,0.0,407.509705,2158.632568,1749.862915,0.9527043911,0.3033080562,0.0189358477,,,,
20067,0.0,409.831726,2159.394043,1750.013184,0.9347590177,0.3547646437,0.0191735881,,,,
20068,0.0,412.320374,2160.209229,1750.065796,0.9189067556,0.3940384075,0.0185501453,,,,
20069,0.0,414.765778,2161.036377,1750.122314,0.9032208694,0.4287893123,0.0182150115,,,,
20070,0.0,418.481354,2162.240479,1750.177612,0.8855822197,0.4641253553,0.0182150115,,,,
20071,0.0,420.99588,2163.115479,1750.198364,0.8753865634,0.4830803018,0.0182150115,,,,
20072,0.0,423.387665,2164.167969,1750.25354,0.8550600907,0.5181239334,0.0204897786,,,,
20073,0.0,424.429138,2164.608154,1750.37793,0.845151747,0.5340845368,0.0217309023,,,,
20074,0.0,428.487549,2166.69751,1750.616211,0.8005253762,0.5987336602,0.0260216495,,,,
20075,0.0,434.008698,2170.386963,1750.963013,0.706607322,0.7069078086,0.0314235984,,,,
20076,0.0,436.502625,2172.333984,1751.035889,0.6523935101,0.7570139537,0.0362295729,,,,
20077,0.0,438.2323,2173.7839355,1751.032898,0.6150496453,0.7860884972,0.0391222168,,,,
20078,0.0,439.961975,2175.233887,1751.029907,0.5777057805,0.8151630406,0.0420148607,,,,
20079,0.0,443.787781,2179.679199,1751.145508,0.4162392767,0.9077674051,0.0519923331,,,,
20080,0.0,445.550201,2182.253906,1750.963623,0.3237941092,0.9444552247,0.0562290266,,,,
20081,0.0,447.2388,2185.43335,1750.907227,0.2089536771,0.9759690015,0.0618293531,,,,
20082,0.0,448.174988,2187.519287,1750.873779,0.1489659373,0.9867439525,0.0643857268,,,,
20083,0.0,448.864868,2190.0979,1750.716919,0.0606433318,0.9958423673,0.0679732733,,,,
20084,0.0,448.954498,2193.176514,1750.672729,-0.0763415112,0.9942489624,0.0751064206,,,,
20085,0.0,448.978027,2195.547852,1750.570312,-0.1465899993,0.9860961934,0.0782666559,,,,
20086,0.0,448.512299,2197.834229,1750.488159,-0.2383601499,0.9677272989,0.0817821127,,,,
20087,0.0,447.484283,2200.047363,1750.490479,-0.3607450112,0.9288044802,0.0847659984,,,,
20088,0.0,447.33374,2200.380208,1750.4697676667,-0.3746804181,0.9230072096,0.0849505707,,,,
20089,0.0,447.183197,2200.713053,1750.4490563333,-0.3886158249,0.9172099389,0.0851351431,,,,
20090,0.0,447.032654,2201.045898,1750.428345,-0.7028841314,0.7063970739,0.0834090631,,,,
20091,0.0,447.032654,2201.045898,1750.428345,-0.7028841314,0.7063970739,0.0834090631,,,,
20092,0.0,440.329834,2208.764648,1750.489258,-0.6982535985,0.711027402,0.0829574937,,,,
20093,0.0,439.315582,2209.765137,1749.704956,-0.7028841314,0.7063970739,0.0834090631,,,,
20094,0.0,436.605469,2212.002686,1749.052368,-0.7028841314,0.7063970739,0.0834090631,,,,
20095,0.0,434.89801,2213.175537,1748.710083,-0.7028841314,0.7063970739,0.0834090631,,,,
20096,0.0,432.551605,2214.592529,1748.541748,-0.7028841314,0.7063970739,0.0834090631,,,,
20097,0.0,430.123627,2215.870361,1748.438477,-0.7028841314,0.7063970739,0.0834090631,,,,
20098,0.0,427.730438,2216.945801,1748.707886,-0.7028841314,0.7063970739,0.0834090631,,,,
20099,0.0,425.060333,2217.987305,1749.191284,-0.7028841314,0.7063970739,0.0834090631,,,,
20100,0.0,421.564453,2219.183838,1749.578125,-0.7028841314,0.7063970739,0.0834090631,,,,
20101,0.0,418.806793,2220.046631,1749.776367,-0.7028841314,0.7063970739,0.0834090631,,,,
20102,0.0,417.350952,2220.546387,1749.518188,-0.7028841314,0.7063970739,0.0834090631,,,,
20103,0.0,413.579926,2222.259277,1749.96521,-0.7028841314,0.7063970739,0.0834090631,,,,
20104,0.0,409.777679,2223.932861,1750.169922,-0.7028841314,0.7063970739,0.0834090631,,,,
20105,0.0,409.122238,2224.2810055,1750.038208,-0.7028841314,0.7063970739,0.0834090631,,,,
20106,0.0,408.466797,2224.62915,1749.906494,-0.7028841314,0.7063970739,0.0834090631,,,,
20107,0.0,400.954803,2227.350098,1749.741333,-0.6306488039,0.7723044917,0.0763404105,,,,
20108,0.0,397.953522,2228.705811,1749.852661,-0.6025974912,0.7948960668,0.0708273006,,,,
20109,0.0,395.336639,2230.403076,1750.246094,-0.5877172006,0.8061123433,0.0690751912,,,,
20110,0.0,392.806335,2231.858887,1750.30188,-0.5864466294,0.8071094538,0.0682252188,,,,
20111,0.0,390.528412,2233.304199,1750.35376,-0.5897104101,0.8047935438,0.0674461572,,,,
20112,0.0,387.489563,2235.455566,1750.488525,-0.5985462293,0.7983338512,0.0663737398,,,,
20113,0.0,384.911346,2237.499268,1750.7229,-0.6093518647,0.7903080434,0.0640585784,,,,
20114,0.0,380.037445,2243.285645,1751.373657,-0.6378750622,0.7679684429,0.0577916572,,,,
20115,0.0,378.542572,2244.7054445,1751.6466675,-0.6466195583,0.7606764042,0.0558678243,,,,
20116,0.0,377.047699,2246.125244,1751.919678,-0.6553640544,0.7533843654,0.0539439914,,,,
20117,0.0,374.957703,2248.014404,1752.171753,-0.6776683948,0.733574381,0.0513242067,,,,
20118,0.0,370.657593,2251.903564,1752.641235,-0.719654688,0.6926394391,0.0484534565,,,,
20119,0.0,368.905823,2253.850098,1753.069336,-0.741351724,0.66944478,0.0473424523,,,,
20120,0.0,366.450562,2256.135742,1753.319824,-0.7710550102,0.6350839623,0.0462874941,,,,
20121,0.0,366.2658896667,2256.369059,1753.371419,-0.7752287887,0.6299193214,0.0461927249,,,,
20122,0.0,366.0812173333,2256.602376,1753.423014,-0.7794025672,0.6247546806,0.0460979557,,,,
20123,0.0,365.896545,2256.835693,1753.474609,-0.9973389546,-0.0587777801,0.0431298299,,,,
20124,0.0,356.354218,2262.387695,1753.341064,-0.9307476126,0.3628770986,0.0450454537,,,,
20125,0.0,353.494507,2263.397705,1753.515747,-0.9717820022,0.2315397348,0.0450454363,,,,
20126,0.0,350.915985,2264.141113,1753.775513,-0.9948960716,0.0906692199,0.0442820413,,,,
20127,0.0,347.913483,2264.862305,1753.447754,-0.9982785237,-0.0395798016,0.0432831185,,,,
20128,0.0,344.980286,2264.993896,1753.094727,-0.9790003548,-0.1996002219,0.0414494482,,,,
20129,0.0,342.540344,2265.025635,1752.954956,-0.9501220002,-0.309456247,0.0387945341,,,,
20130,0.0,340.03894,2264.574219,1752.683594,-0.8953717416,-0.4440154895,0.034054213,0.1491684342,1296.867972439,2468.1630739802,6.0
20131,0.0,338.118256,2263.921143,1752.492188,-0.8336315908,-0.551638138,0.0274542443,0.0912903895,1028.777761478,2464.5583664512,6.0
20132,0.0,336.160675,2263.374268,1752.447876,-0.7921699515,-0.6097826251,0.0251379818,0.064499524,869.4834603381,2460.8572919344,6.0
20133,0.0,334.273682,2262.717773,1752.764526,-0.7617879237,-0.6473169757,0.0256883681,0.049236021,761.4534678213,2456.9681732095,6.0
20134,0.0,331.834717,2261.600342,1752.05481,-0.7558272167,-0.6542593425,0.0258830298,0.0470037315,742.8823020878,2451.9021653496,6.0
20135,0.0,329.760529,2260.416992,1751.611816,-0.7558272167,-0.6542593425,0.0258830298,0.0474627242,744.9846447986,2447.2104801359,6.0
20136,0.0,328.857208,2259.815186,1751.37439,-0.7558272167,-0.6542593425,0.0258830298,0.0476629856,745.8250136999,2444.9440725746,6.0
20137,0.0,326.979309,2258.2771,1750.877563,-0.7558272167,-0.6542593425,0.0258830298,0.0481048733,747.6237991637,2439.8343438492,6.0
20138,0.0,325.356323,2256.677246,1750.572021,-0.7558272167,-0.6542593425,0.0258830298,0.048412648,748.6676525384,2435.6543297007,6.0
20139,0.0,323.733734,2254.834473,1750.016235,-0.7558272167,-0.6542593425,0.0258830298,0.0487124894,749.5498229328,2431.1945382489,6.0
20140,0.0,322.465057,2253.03833,1749.660156,-0.7558272167,-0.6542593425,0.0258830298,0.0489460444,750.12207556,2427.3841219846,6.0
20141,0.0,321.85968,2252.175049,1749.749146,-0.7558272167,-0.6542593425,0.0258830298,0.049057234,750.4027454022,2425.6080249948,6.0
20142,0.0,320.222168,2249.982666,1749.993408,-0.7558272167,-0.6542593425,0.0258830298,0.0493294934,751.026753754,2421.0854711102,6.0
20143,0.0,318.661743,2248.020508,1750.261353,-0.7558272167,-0.6542593425,0.0258830298,0.0495605596,751.5023479481,2417.1077233293,6.0
20144,0.0,317.201874,2246.266602,1750.5,-0.7558272167,-0.6542593425,0.0258830298,0.0497553571,751.8519925763,2413.6143785377,6.0
20145,0.0,315.125488,2244.55835,1750.897217,-0.7901625319,-0.6124405469,0.0236590289,0.0679372752,873.0744541214,2409.8311171939,6.0
20146,0.0,313.0578,2243.146484,1751.290283,-0.8386056906,-0.5441893027,0.0244642303,0.1016148386,1056.9821856075,2406.5613445746,6.0
20147,0.0,311.322113,2241.144531,1751.724854,-0.8779106382,-0.4781373479,0.0256434756,0.1381427915,1218.7208812897,2403.0729405353,6.0
20148,0.0,309.57077,2239.202393,1752.11377,-0.9025999095,-0.4295739638,0.0279215515,,,,
20149,0.0,307.439392,2236.932617,1752.536987,-0.9126376788,-0.4073909639,0.0335420597,,,,
20150,0.0,305.552063,2234.994873,1752.719116,-0.9088763462,-0.4153010601,0.0383251456,,,,
20151,0.0,303.562897,2233.01123,1752.878906,-0.9021307024,-0.4292339604,0.0437995773,,,,
20152,0.0,301.634827,2231.093262,1752.907349,-0.8827173372,-0.4666308723,0.0553690486,0.1480103852,1249.4421581237,2386.4414721764,6.0
20153,0.0,299.610596,2229.147949,1752.868042,-0.8556479975,-0.5129966186,0.0685636466,0.1228515393,1144.5407405407,2383.3709639955,6.0
20154,0.0,297.047668,2226.766846,1752.789307,-0.8182425647,-0.5689588376,0.082249294,0.0947721316,1011.1937566303,2379.6911333301,6.0
20155,0.0,294.981964,2224.933838,1752.595093,-0.7887310089,-0.607776971,0.0922526377,0.077106149,915.2218342532,2376.8633305046,6.0
20156,0.0,291.82782,2222.132324,1752.198975,-0.7485682405,-0.6550743726,0.1025824336,0.0576618061,793.9884983243,2372.5078906219,6.0
20157,0.0,290.28125,2220.757202,1751.985718,-0.7333009982,-0.671246177,0.1057981984,0.0517897762,751.7008358747,2370.406211325,6.0
20158,0.0,288.73468,2219.38208,1751.772461,-0.7180337559,-0.6874179815,0.1090139632,0.0459177464,709.4131734252,2368.3045320281,6.0
20159,0.0,284.298889,2215.437744,1751.721313,-0.6782051832,-0.7255717939,0.1165474214,0.0339391817,610.3266931986,2362.7251648022,6.0
20160,0.0,281.648743,2213.029053,1751.68689,-0.6571139171,-0.7443191956,0.1191227724,0.0287813681,561.9593163161,2359.2923562421,6.0
20161,0.0,280.4507755,2211.925049,1751.7109375,-0.6485177268,-0.7515169724,0.1204965083,0.0270642682,544.5472107522,2357.7453301424,6.0
20162,0.0,279.252808,2210.821045,1751.734985,-0.6399215366,-0.7587147492,0.1218702442,0.0253471683,527.1351051883,2356.1983040428,6.0
20163,0.0,276.774933,2208.632324,1752.010742,-0.6194133333,-0.7751931451,0.1241076565,0.021796336,488.620480901,2353.1218638501,6.0
20164,0.0,274.353455,2206.352539,1752.197998,-0.6059120178,-0.7857436734,0.1244086265,0.0196810931,463.9430287931,2350.0249791719,6.0
20165,0.0,273.22229,2205.274902,1752.282715,-0.5940791133,-0.7946653038,0.1248081011,0.0180729981,444.5107842213,2348.6774229046,6.0
20166,0.0,268.536011,2200.785156,1752.794067,-0.5478778953,-0.8269211231,0.1266146439,0.0139780903,390.3456421073,2342.7901927641,6.0
20167,0.0,267.248505,2200.044434,1751.701294,-0.5177146826,-0.8460489376,0.1271719412,0.0128044919,373.4983950081,2341.4628237824,6.0
20168,0.0,265.427887,2197.823975,1751.701294,-0.4939080452,-0.8600553846,0.1279045673,0.0128718783,374.0287983263,2338.6818518668,6.0
20169,0.0,263.832123,2195.740479,1751.701294,-0.4689367535,-0.873790821,0.1287941081,0.0137612891,386.2120051027,2336.041151992,6.0
20170,0.0,261.908173,2193.17627,1751.701294,-0.4412943772,-0.8880180328,0.1291636408,0.0155620157,409.9586744053,2332.8584637618,6.0
20171,0.0,260.234772,2190.851318,1751.701294,-0.4162181043,-0.8999612277,0.1297392701,0.0162391864,400.8925624885,2233.5784552359,3.0
20172,0.0,258.593811,2188.456299,1751.701294,-0.3918772708,-0.91072273,0.1304465935,0.0138031253,369.7110334965,2232.8654284421,3.0
20173,0.0,256.210724,2184.930908,1751.701294,-0.3675629973,-0.9207218416,0.1310295135,0.0120544454,345.3175066714,2230.7080629856,3.0
20174,0.0,255.140884,2183.331299,1751.701294,-0.3582900483,-0.9243647903,0.1310647765,0.011525079,337.4784779668,2229.2771628663,3.0
20175,0.0,253.055832,2179.852051,1751.701294,-0.3321886251,-0.9340624911,0.1310647938,0.0105037371,322.0002358505,2227.4743075701,3.0
20176,0.0,251.409851,2177.023193,1751.701294,-0.3150874646,-0.9398501617,0.1319149847,0.0103296952,319.1418542435,2226.1245057389,3.0
20177,0.0,250.293579,2175.006348,1751.701294,-0.3050202423,-0.943151439,0.1320152074,0.0103147467,318.8179338317,2225.4675672393,3.0
20178,0.0,249.185852,2172.975098,1751.701294,-0.2979678001,-0.9454031788,0.1320152247,0.0103351756,318.9900374124,2224.4785832954,3.0
20179,0.0,247.17337,2169.220947,1751.701294,-0.2866400113,-0.9488990931,0.1320152074,0.0104770119,320.918387711,2222.8051923502,3.0
20180,0.0,245.9198,2166.701904,1751.701294,-0.2812904781,-0.9504986333,0.1320152074,0.0105727305,322.2818308856,2222.1747432968,3.0
20181,0.0,243.918686,2162.571289,1751.701294,-0.2760889777,-0.952022511,0.1320152074,0.01070512,324.0884904966,2220.8450330903,3.0
20182,0.0,242.746841,2159.977539,1751.701294,-0.2679248824,-0.9543522585,0.132015242,0.0109966628,328.3335313141,2220.0718327226,3.0
20183,0.0,241.45253,2157.053223,1751.701294,-0.262872779,-0.9557561836,0.1320152247,0.0112017301,331.2341863257,2219.2040378624,3.0
20184,0.0,240.314789,2154.353271,1751.701294,-0.2557035388,-0.9576991598,0.1320152247,0.0115485839,336.1784706968,2218.441793467,3.0
20185,0.0,238.995071,2150.993652,1751.701294,-0.2391907517,-0.9619562177,0.1320152247,0.0125729024,350.5410320488,2217.5605453703,3.0
20186,0.0,237.870346,2148.01001,1751.701294,-0.2259121971,-0.9651609501,0.1320152247,0.0136023851,364.390100665,2216.7971011472,3.0
20187,0.0,236.889954,2145.294922,1751.701294,-0.2140507882,-0.9678606514,0.1320152247,0.0146845387,378.3906125043,2216.1310407246,3.0
20188,0.0,235.937759,2142.464111,1751.701294,-0.196186429,-0.9717466317,0.1312225931,0.0144807995,462.3350079292,2726.6127626851,0.0
20189,0.0,234.955704,2139.313721,1751.701294,-0.171022219,-0.9765108352,0.1310648284,0.0132593332,441.41479096,2719.6652262289,0.0
20190,0.0,234.129807,2136.493408,1751.701294,-0.1477103941,-0.9804163096,0.1302516769,0.012554222,428.7352136668,2714.2297688231,0.0
20191,0.0,233.39769,2133.810547,1751.701294,-0.12618037,-0.9834930265,0.1296918695,0.0124168728,425.4386119769,2708.121440238,0.0
20192,0.0,232.466766,2130.400635,1751.701294,-0.1058499021,-0.9859508704,0.1292156311,0.0126748888,428.7293431106,2701.3239479794,0.0
20193,0.0,231.787247,2127.539795,1751.701294,-0.0785299733,-0.9886111964,0.1283781353,0.0136263307,443.4378058125,2695.3351751367,0.0
20194,0.0,231.168869,2124.514648,1751.701294,-0.040645882,-0.9912353268,0.1256997977,0.0158988472,477.6041634582,2689.0778895631,0.0
20195,0.0,230.512024,2121.291504,1751.701294,-0.0164594885,-0.9920880142,0.124460666,0.0181121612,508.2221382058,2682.4331336116,0.0
20196,0.0,229.490585,2115.265625,1751.701294,0.023473816,-0.9922057486,0.1223794608,0.0229445468,568.6709656032,2670.003853502,0.0
20197,0.0,228.955429,2112.063232,1751.701294,0.0247316135,-0.9919539935,0.1241596633,0.0233063988,571.6691291595,2663.4066232581,0.0
20198,0.0,228.688614,2110.300415,1751.701294,0.0247312942,-0.9919384046,0.1242841449,0.0232865192,570.6158568537,2659.6192366301,0.0
20199,0.0,228.010422,2105.495117,1751.701294,0.0247309748,-0.9919228158,0.1244086265,0.0232381719,567.9155283532,2649.7542099818,0.0
20200,0.0,227.647156,2102.423584,1751.701294,0.0247309748,-0.9919228158,0.1244086265,0.0231252546,565.0083022622,2642.5425655122,0.0
20201,0.0,227.245529,2098.86792,1751.701294,0.0247309748,-0.9919228158,0.1244086265,0.023125767,563.4745677747,2635.3404364097,0.0
20202,0.0,226.949173,2095.843994,1751.701294,0.0247309748,-0.9919228158,0.1244086265,0.0231009736,561.8262079083,2629.0243492816,0.0
20203,0.0,226.643982,2092.34082,1751.701294,0.0247309748,-0.9919228158,0.1244086265,0.0230858189,560.1688075062,2622.1188407116,0.0
20204,0.0,226.429443,2089.851807,1751.701294,0.0247309748,-0.9919228158,0.1244086265,0.0230746879,558.7852169365,2616.2657700649,0.0
20205,0.0,226.154129,2086.645996,1751.701294,0.0247309748,-0.9919228158,0.1244086265,0.0230327801,556.7399446658,2609.0323685173,0.0
20206,0.0,225.944824,2084.197754,1751.701294,0.0247309748,-0.9919228158,0.1244086265,0.023014804,555.2901516833,2603.2424758663,0.0
20207,0.0,225.760101,2082.026367,1751.701294,0.0247309748,-0.9919228158,0.1244086265,0.0230192429,554.1645973017,2597.7182078772,0.0
20208,0.0,225.875137,2079.614746,1751.701294,0.0342558382,-0.9921096497,0.1206025722,0.0239559565,563.7885530346,2591.2611615742,0.0
20209,0.0,226.495117,2077.999756,1751.701294,0.0844430184,-0.9891028239,0.1206025722,0.0333385864,662.3440077798,2586.694994179,0.0
20210,0.0,227.71846,2077.376221,1751.701294,0.245711799,-0.9616988628,0.1214948938,0.0811315108,1018.8815372023,2582.2976815224,0.0
20211,0.0,229.037186,2075.895508,1751.701294,0.3548590194,-0.926984167,0.1215542283,0.1297284748,1269.442811186,2577.1705126241,0.0
20212,0.0,231.032745,2074.989258,1751.701294,0.5863325764,-0.8010366825,0.1206413822,,,,
20213,0.0,232.747711,2074.56665,1751.701172,0.7532445699,-0.6462685141,0.1223095485,,,,
20214,0.0,234.225922,2074.342041,1751.701172,0.8461902426,-0.5179619922,0.125209616,,,,
20215,0.0,235.964615,2074.548096,1751.701172,0.9467895751,-0.2922596053,0.1348103241,,,,
20216,0.0,237.08757,2074.851807,1751.701172,0.974160157,-0.1784709272,0.1384200732,,,,
20217,0.0,238.205475,2075.375,1751.701294,0.9885484136,-0.0595328607,0.1386646039,,,,
20218,0.0,239.378983,2076.160156,1751.701294,0.9903677156,0.0312254007,0.1348953754,,,,
20219,0.0,240.213745,2076.947021,1751.701294,0.9893099587,0.0632928553,0.1313766346,,,,
20220,0.0,240.354172,2077.942871,1751.701294,0.989029064,0.0714873077,0.1292713247,,,,
20221,0.0,240.471161,2079.007568,1751.701294,0.9894788195,0.0684398101,0.1274663017,,,,
20222,0.0,240.59581,2080.32251,1751.701294,0.9901029345,0.0627996782,0.1255084835,,,,
20223,0.0,240.811066,2081.696533,1751.701294,0.9904560774,0.0590614944,0.1245331225,,,,
20224,0.0,241.004639,2083.469971,1751.701294,0.9907249657,0.0567171526,0.1234795815,,,,
20225,0.0,241.04451,2085.015625,1751.701294,0.9907302815,0.0566728028,0.1234572909,,,,
20226,0.0,241.07077,2086.810059,1751.701294,0.9907302815,0.0566728028,0.1234572909,,,,
20227,0.0,241.088882,2089.075928,1751.701294,0.9907302815,0.0566728028,0.1234572909,,,,
20228,0.0,241.094406,2091.103516,1751.701294,0.9907302815,0.0566728028,0.1234572909,,,,
20229,0.0,241.091324,2093.2229,1751.701294,0.9907302815,0.0566728028,0.1234572909,,,,
20230,0.0,241.081009,2095.47168,1751.701294,0.9907302815,0.0566728028,0.1234572909,,,,
20231,0.0,241.066681,2097.787598,1751.701294,0.9907302815,0.0566728028,0.1234572909,,,,
20232,0.0,241.047012,2100.306641,1751.701294,0.9907302815,0.0566728028,0.1234572909,,,,
20233,0.0,241.204361,2102.698242,1751.701294,0.9909287758,0.0550013906,0.1226173244,,,,
20234,0.0,241.591034,2105.40918,1751.701294,0.991453194,0.0519639031,0.1196675268,,,,
20235,0.0,242.09639,2107.786133,1751.701294,0.9919869211,0.0501312878,0.1159689718,,,,
20236,0.0,242.743256,2110.144287,1751.701294,0.9925436391,0.0474243957,0.1122855786,,,,
20237,0.0,243.605972,2112.734863,1751.701294,0.9933809497,0.0434642231,0.1063256795,,,,
20238,0.0,245.558548,2117.119385,1751.701294,0.9951559365,0.0352079823,0.0917881254,,,,
20239,0.0,246.858231,2119.215576,1751.701294,0.995591912,0.0331889989,0.0877224887,,,,
20240,0.0,247.39283,2119.959839,1751.701294,0.995742574,0.0327598023,0.086144204,,,,
20241,0.0,247.927429,2120.704102,1751.701294,0.9958932359,0.0323306057,0.0845659192,,,,
20242,0.0,250.088623,2123.073975,1751.701294,0.9963166975,0.0287257091,0.0807952468,,,,
20243,0.0,251.187851,2124.056885,1751.701294,0.9965063276,0.0267098606,0.0791310462,,,,
20244,0.0,252.373123,2124.996094,1751.701294,0.9966621305,0.0245342678,0.0778631318,,,,
20245,0.0,253.615738,2125.882812,1751.701294,0.9967552842,0.0235665674,0.0769644093,,,,
20246,0.0,254.934723,2126.72998,1751.701294,0.9967607019,0.0235129095,0.0769106385,,,,
20247,0.0,256.242828,2127.480469,1751.701294,0.9967607019,0.0235129095,0.0769106385,,,,
20248,0.0,257.376648,2128.12207,1751.701294,0.9967607019,0.0235129095,0.0769106385,,,,
20249,0.0,258.79715,2128.964355,1751.701294,0.9967607019,0.0235129095,0.0769106385,,,,
20250,0.0,260.060822,2129.754883,1751.701294,0.9967934396,0.0235136818,0.0764849363,,,,
20251,0.0,261.466553,2130.677002,1751.701294,0.9968432816,0.0239817768,0.0756858391,,,,
20252,0.0,262.612488,2131.470215,1751.701294,0.9968949403,0.0254937739,0.0745019834,,,,
20253,0.0,263.937012,2132.439209,1751.701294,0.9970297852,0.0292392508,0.0712507793,,,,
20254,0.0,265.263123,2133.447266,1751.701294,0.9972375516,0.0332977517,0.0663967273,,,,
20255,0.0,266.312286,2134.267822,1751.701294,0.9974233836,0.0365279052,0.0617438734,,,,
20256,0.0,267.678406,2135.35376,1751.701294,0.997575379,0.039595746,0.0572323338,,,,
20257,0.0,268.94812,2136.405273,1751.701294,0.9978275079,0.0438205627,0.0491937267,,,,
20258,0.0,270.154999,2137.409912,1751.701294,0.997988378,0.0459986468,0.0436270769,,,,
20259,0.0,271.273529,2138.35498,1751.701294,0.9981606991,0.047602178,0.0375399987,,,,
20260,0.0,272.420532,2139.306885,1751.701294,0.9983680401,0.0483127978,0.0304488101,,,,
20261,0.0,273.587219,2140.283447,1751.701294,0.9985110199,0.0487346279,0.0245087577,,,,
20262,0.0,274.681946,2141.203125,1751.701294,0.9986826027,0.0484037926,0.0170332581,,,,
20263,0.0,275.699219,2142.069092,1751.701294,0.9987508391,0.0475838137,0.015249328,,,,
20264,0.0,276.649017,2142.888916,1751.701294,0.9988061312,0.0467986113,0.0140072229,,,,
20265,0.0,277.647736,2143.746582,1751.701294,0.998887774,0.045496874,0.0123793914,,,,
20266,0.0,278.594086,2144.543457,1751.701294,0.9990074745,0.0433756623,0.0101300493,,,,
20267,0.0,279.432434,2145.246338,1751.701294,0.9991032537,0.0415843044,0.0079645513,,,,
20268,0.0,280.129669,2145.829834,1751.701294,0.9991640323,0.0403890849,0.0063212612,,,,
20269,0.0,280.373901,2145.995361,1751.701294,0.999208319,0.0395113762,0.0046461196,,,,
20270,0.0,280.48172,2146.036865,1751.701294,0.9992310788,0.0390651427,0.0033415314,,,,
20271,0.0,280.547943,2146.041748,1751.701294,0.9992503812,0.0386082911,0.0028417587,,,,
20272,0.0,280.762268,2146.043701,1751.701294,0.9992796396,0.0379369514,0.0009947851,,,,
20273,0.0,280.937744,2146.045654,1750.560059,0.9993017969,0.0373543804,-0.0007542614,,,,
20274,0.0,281.107025,2146.045654,1749.247192,0.9993248132,0.036575342,-0.0034874226,,,,
20275,0.0,281.303528,2146.045166,1747.67334,0.9993439481,0.0356097612,-0.0066044175,,,,
20276,0.0,281.448029,2146.043213,1746.31665,0.9993523734,0.0347770292,-0.009240776,,,,
20277,0.0,281.529114,2146.030029,1744.957031,0.9993510179,0.0328512444,-0.0147762924,,,,
20278,0.0,281.539825,2146.000488,1742.196777,0.9992191358,0.029348734,-0.0264531731,,,,
20279,0.0,281.540695,2145.9980465,1741.427734,0.9991099875,0.0290581342,-0.0303274077,,,,
20280,0.0,281.535309,2146.013428,1739.430908,0.9987450817,0.0308161647,-0.0394794347,,,,
20281,0.0,281.524658,2146.041992,1738.03125,0.9984254344,0.0342512597,-0.0444241283,,,,
20282,0.0,281.5238495,2146.0440675,1738.03125,0.9984009535,0.0345160145,-0.0447659832,,,,
20283,0.0,281.523041,2146.046143,1738.03125,0.9983764726,0.0347807693,-0.0451078381,,,,
20284,0.0,281.491577,2146.128174,1738.03125,0.9975850575,0.044563029,-0.0532746616,,,,
20285,0.0,281.482208,2146.151367,1738.03125,0.997404456,0.0473964888,-0.0542026193,,,,
20286,0.0,281.468628,2146.18457,1738.03125,0.9971777279,0.0514322527,-0.0546927999,,,,
20287,0.0,281.454803,2146.217529,1738.03125,0.9969383827,0.0554422577,-0.0551363508,,,,
20288,0.0,281.414581,2146.309326,1738.03125,0.9962045267,0.0667288757,-0.0558909478,,,,
20289,0.0,281.380127,2146.383545,1738.03125,0.9955380061,0.075976415,-0.0559612616,,,,
20290,0.0,281.331543,2146.481934,1738.03125,0.9944698076,0.0884097219,-0.0566879434,,,,
20291,0.0,281.306854,2146.529785,1738.03125,0.9938269714,0.094495114,-0.0581259357,,,,
20292,0.0,281.300385,2146.541992,1738.03125,0.993705386,0.0960708716,-0.057619384,,,,
20293,0.0,281.293518,2146.554932,1738.03125,0.9935785985,0.0977381718,-0.0569984059,,,,
20294,0.0,281.292633,2146.556152,1738.03125,0.9935619889,0.0979534933,-0.0569182511,,,,
20295,0.0,281.292633,2146.556152,1738.03125,0.9935619889,0.0979534933,-0.0569182511,,,,
20296,0.0,281.292633,2146.556152,1738.03125,0.9935619889,0.0979534933,-0.0569182511,,,,
20297,0.0,281.292633,2146.556152,1738.03125,0.9935619889,0.0979534933,-0.0569182511,,,,
20298,0.0,281.292633,2146.556152,1738.03125,0.9935619889,0.0979534933,-0.0569182511,,,,
20299,0.0,281.292633,2146.556152,1738.03125,0.9935619889,0.0979534933,-0.0569182511,,,,
20300,0.0,281.292633,2146.556152,1738.03125,0.9935619889,0.0979534933,-0.0569182511,,,,
20301,0.0,281.292633,2146.556152,1738.03125,0.9935619889,0.0979534933,-0.0569182511,,,,
20302,0.0,281.292633,2146.556152,1738.03125,0.9935619889,0.0979534933,-0.0569182511,,,,
20303,0.0,281.292633,2146.556152,1738.03125,0.9933949602,0.0979370262,-0.0597895642,,,,
20304,0.0,281.292633,2146.556152,1738.03125,0.9933949602,0.0979370262,-0.0597895642,,,,
20305,0.0,281.292633,2146.556152,1738.03125,0.9933949602,0.0979370262,-0.0597895642,,,,
20306,0.0,281.652832,2146.591797,1738.03125,0.9934473905,0.0979421952,-0.0589033847,,,,
20307,0.0,283.068604,2148.308838,1736.120483,0.9933949602,0.0979370262,-0.0597895642,,,,
20308,0.0,282.946198,2148.05835,1736.20752,0.9933949602,0.0979370262,-0.0597895642,,,,
20309,0.0,283.044647,2148.06665,1736.182617,0.9933949602,0.0979370262,-0.0597895642,,,,
20310,0.0,283.294525,2148.13623,1736.078369,0.9933949602,0.0979370262,-0.0597895642,,,,
20311,0.0,283.67691,2148.177246,1735.925537,0.9933949602,0.0979370262,-0.0597895642,,,,
20312,0.0,284.028748,2148.338867,1735.691528,0.9933949602,0.0979370262,-0.0597895642,,,,
20313,0.0,284.052979,2148.274658,1735.624268,0.9933949602,0.0979370262,-0.0597895642,,,,
20314,0.0,284.047211,2148.09082,1736.421631,0.9933949602,0.0979370262,-0.0597895642,,,,
20315,0.0,283.7778625,2147.8762205,1737.2468875,0.9933949602,0.0979370262,-0.0597895642,,,,
20316,0.0,282.956818,2147.328125,1740.203125,0.9933949602,0.0979370262,-0.0597895642,,,,
20317,0.0,282.734589,2147.382487,1740.653646,0.9933847965,0.0980399546,-0.0597895642,,,,
20318,0.0,282.51236,2147.436849,1741.104167,0.9933746328,0.0981428831,-0.0597895642,,,,
20319,0.0,281.548676,2147.092529,1745.664062,0.9932053427,0.0998416511,-0.0597895642,,,,
20320,0.0,281.147125,2146.577881,1747.674561,0.9932053427,0.0998416511,-0.0597895642,,,,
20321,0.0,281.145447,2146.481934,1748.983521,0.9932053427,0.0998416511,-0.0597895642,,,,
20322,0.0,280.900757,2146.099121,1749.855591,0.9932053427,0.0998416511,-0.0597895642,,,,
20323,0.0,281.140381,2146.629395,1751.457031,0.9932053427,0.0998416511,-0.0597895642,,,,
20324,0.0,281.511108,2146.78418,1751.746826,0.9932053427,0.0998416511,-0.0597895642,,,,
20325,0.0,281.828125,2146.817383,1751.443726,0.9932053427,0.0998416511,-0.0597895642,,,,
20326,0.0,282.350861,2147.002441,1750.816895,0.9932053427,0.0998416511,-0.0597895642,,,,
20327,0.0,282.384827,2146.388428,1750.84082,0.9932053427,0.0998416511,-0.0597895642,,,,
20328,0.0,282.651978,2145.872314,1750.509521,0.9932053427,0.0998416511,-0.0597895642,,,,
20329,0.0,282.845642,2145.17627,1750.248779,0.9932053427,0.0998416511,-0.0597895642,,,,
20330,0.0,283.037445,2144.12207,1749.997803,0.9932053427,0.0998416511,-0.0597895642,,,,
20331,0.0,283.150848,2142.806885,1749.966919,0.9932053427,0.0998416511,-0.0597895642,,,,
20332,0.0,283.263458,2141.596924,1749.778198,0.9932053427,0.0998416511,-0.0597895642,,,,
20333,0.0,283.391357,2140.037109,1749.719482,0.9932053427,0.0998416511,-0.0597895642,,,,
20334,0.0,283.560272,2138.152344,1749.581909,0.9931678032,0.1007509266,-0.0588809438,,,,
20335,0.0,283.648651,2137.005127,1749.543579,0.9931657361,0.1007995767,-0.0588325252,,,,
20336,0.0,283.735168,2134.978027,1749.43811,0.9931657361,0.1007995767,-0.0588325252,,,,
20337,0.0,283.842224,2133.202148,1749.383423,0.9931657361,0.1007995767,-0.0588325252,,,,
20338,0.0,283.917358,2131.5271,1749.339722,0.9931657361,0.1007995767,-0.0588325252,,,,
20339,0.0,283.981598,2129.44043,1749.326294,0.9931657361,0.1007995767,-0.0588325252,,,,
20340,0.0,284.081177,2127.728516,1749.337524,0.9933543682,0.0999411829,-0.0570864189,,,,
20341,0.0,283.860382,2125.883789,1749.419434,0.9951885229,0.08395208,-0.0505158603,,,,
20342,0.0,283.884033,2123.743164,1749.489136,0.9973284386,0.0588202694,-0.0433146793,,,,
20343,0.0,283.883575,2121.951904,1749.563599,0.9988946031,0.0289711882,-0.0370167813,,,,
20344,0.0,283.805206,2119.548584,1749.670654,0.9993775138,-0.0224698942,-0.0271972184,,,,
20345,0.0,283.675415,2116.844971,1749.678467,0.9936310214,-0.1118905164,-0.0133381262,,,,
20346,0.0,283.174591,2114.873779,1749.935425,0.9819480685,-0.1891204095,-0.0033854785,,,,
20347,0.0,282.69278,2112.206787,1750.086426,0.9576645055,-0.2877714761,0.0081407889,,,,
20348,0.0,282.446686,2111.548584,1750.304565,0.9500540339,-0.3118883895,0.0110889665,,,,
20349,0.0,284.52655,2101.491455,1751.701294,0.907741734,-0.4185312081,0.0289235589,,,,
20350,0.0,284.145386,2099.30542,1751.701294,0.8850778963,-0.4636997122,0.0402454263,,,,
20351,0.0,283.71936,2097.456787,1751.701294,0.8746761677,-0.4824688908,0.046533547,,,,
20352,0.0,282.72583,2093.570068,1751.701294,0.8600356073,-0.5072173612,0.0554012876,,,,
20353,0.0,282.440918,2092.5340575,1751.701294,0.8543464814,-0.5163857272,0.057590391,,,,
20354,0.0,282.156006,2091.498047,1751.701294,0.8486573556,-0.5255540932,0.0597794943,,,,
20355,0.0,281.678375,2089.742432,1751.701294,0.832150562,-0.5509687731,0.0629194185,,,,
20356,0.0,281.309387,2088.398438,1751.701294,0.8188481031,-0.5704524206,0.0638108132,,,,
20357,0.0,280.650391,2086.02417,1751.701294,0.7692300544,-0.6354646485,0.0668565923,,,,
20358,0.0,280.115234,2084.82959,1751.701294,0.6913052996,-0.718651753,0.0750775647,,,,
20359,0.0,279.521057,2084.146729,1751.701294,0.6115773049,-0.78684915,0.0827140569,,,,
20360,0.0,278.8267975,2083.610962,1751.701294,0.5456021846,-0.8296583608,0.0881496984,,,,
20361,0.0,276.820679,2082.328369,1751.701172,0.3744350622,-0.9216076726,0.1021649741,,,,
20362,0.0,276.5749665,2082.224121,1751.701233,0.3543306952,-0.929082506,0.1038866331,,,,
20363,0.0,276.329254,2082.119873,1751.701294,0.3342263283,-0.9365573395,0.1056082922,,,,
20364,0.0,274.40686,2081.727051,1751.701294,0.1196188141,-0.9844151011,0.1289117838,0.0887714891,900.7736349032,2186.8681821937,3.0
20365,0.0,274.138306,2081.660889,1751.701172,0.0329930753,-0.9898692769,0.1380951544,0.0595582621,743.355277874,2186.6290681608,3.0
20366,0.0,274.191101,2081.624756,1751.701294,-0.0373319172,-0.9886947606,0.1452205162,0.0412614134,621.6271334025,2186.6016579059,3.0
20367,0.0,274.396698,2081.539795,1751.701294,-0.0922157004,-0.9842768721,0.1506496053,0.0303551337,534.636408893,2186.495016416,3.0
20368,0.0,274.712738,2081.476562,1751.701294,-0.1323274181,-0.9789831269,0.1551821241,0.0243778345,479.8447873973,2186.5090238738,3.0
20369,0.0,275.436707,2081.439209,1751.701294,-0.1682336032,-0.9727682132,0.1594348082,0.0204576372,440.0419447802,2186.6734870587,3.0
20370,0.0,276.13089,2081.527344,1751.701294,-0.1993764891,-0.9660958879,0.164035822,0.0182795086,416.237871398,2186.9463699839,3.0
20371,0.0,277.131104,2081.812988,1751.701294,-0.228130247,-0.9589491284,0.1684433421,0.0172061418,404.0467130472,2187.5150380438,3.0
20372,0.0,278.098267,2082.254395,1751.701294,-0.2469940376,-0.9539461528,0.1702371373,0.0167829233,399.2214941155,2188.2401602848,3.0
20373,0.0,279.035065,2082.847168,1751.701294,-0.2625069742,-0.9495019709,0.1718606873,0.0167437399,398.915859232,2189.1002513012,3.0
20374,0.0,280.194763,2083.833008,1751.701294,-0.2785708451,-0.9446686481,0.1732034341,0.0169103292,401.1183658116,2190.4096265804,3.0
20375,0.0,281.379974,2085.001465,1751.701294,-0.2892026014,-0.9412820865,0.1742121951,0.0171938972,404.7145842259,2191.9041952854,3.0
20376,0.0,282.103607,2085.886963,1751.701294,-0.3014053237,-0.9373075851,0.1749551994,0.0175937973,409.5532922083,2192.9781522722,3.0
20377,0.0,282.842773,2087.321777,1751.701294,-0.3151461252,-0.9327115912,0.175305469,0.0181511739,416.237569048,2194.5913151517,3.0
20378,0.0,282.903381,2087.484497,1751.701294,-0.3163245701,-0.932311756,0.175305469,0.0182041141,416.8710568106,2194.7644933598,3.0
20379,0.0,283.008545,2089.55957,1751.701294,-0.3271808096,-0.9285584044,0.175305469,0.0187706176,423.6492798855,2196.8470011204,3.0
20380,0.0,282.698212,2090.534424,1751.701294,-0.3281371539,-0.9282208793,0.175305469,0.0188405178,424.5932992203,2197.692876344,3.0
20381,0.0,282.125153,2091.710693,1751.701294,-0.3299095866,-0.9275923982,0.175305469,0.018966158,426.1860388848,2198.6879140493,3.0
20382,0.0,281.638336,2092.447021,1751.701294,-0.332163035,-0.9267878423,0.1753054862,0.0191244781,428.057632712,2199.2715502964,3.0
20383,0.0,280.734406,2093.548584,1751.701294,-0.3368304575,-0.92510174,0.1753054862,0.0194701976,432.0321326295,2200.0886385627,3.0
20384,0.0,280.028442,2094.294678,1751.701294,-0.340734825,-0.9237218575,0.1750363077,0.0197289535,434.9697417034,2200.6182166274,3.0
20385,0.0,278.346649,2095.841309,1751.701294,-0.3498698851,-0.9205561595,0.1736877102,0.0202797452,441.1450778798,2201.6499925411,3.0
20386,0.0,277.431702,2096.55957,1751.701294,-0.3537039037,-0.9192394404,0.1728941864,0.0203353477,516.7040142205,2575.2548894358,6.0
20387,0.0,276.130432,2097.470459,1751.701294,-0.3571807867,-0.918048417,0.172072629,0.0201415338,514.7475183402,2577.6913812404,6.0
20388,0.0,274.919067,2098.176514,1751.701294,-0.3587492792,-0.9175518729,0.1714570357,0.0200054937,513.4693916987,2579.9300459273,6.0
20389,0.0,273.731873,2098.703369,1751.701294,-0.358975156,-0.9174854407,0.1713397313,0.0199534913,513.2620274255,2582.2125734598,6.0
20390,0.0,272.380402,2099.192627,1751.701294,-0.358975156,-0.9174854407,0.1713397313,0.019941249,513.5598247854,2584.4957667983,6.0
20391,0.0,271.139435,2099.540527,1751.701294,-0.3592828913,-0.9173649735,0.1713397485,0.0199360451,513.8870692292,2586.4767374333,6.0
20392,0.0,269.900208,2099.806396,1751.701294,-0.3597387021,-0.9173184978,0.170630712,0.0198033172,512.5477434158,2588.2795988209,6.0
20393,0.0,268.553802,2100.015381,1751.701294,-0.3598205499,-0.9173126423,0.1704895545,0.0197861163,512.7011697842,2590.1682713024,6.0
20394,0.0,268.192322,2100.064697,1751.701416,-0.3598246935,-0.9173224993,0.1704277626,0.0197732246,512.6449763875,2590.7200847689,6.0
20395,0.0,265.858795,2100.223633,1751.701294,-0.3601513318,-0.9172705002,0.1700171982,0.0197296463,512.67150829,2593.6853522451,6.0
20396,0.0,264.492004,2100.239502,1751.701294,-0.3602021301,-0.9172505566,0.170017181,0.0197563806,513.3140124245,2595.1957191754,6.0
20397,0.0,262.990295,2100.198975,1751.701294,-0.3602243829,-0.9173064703,0.1696680096,0.0197248491,513.2359020647,2596.8532909435,6.0
20398,0.0,260.526001,2100.01709,1751.701294,-0.3605625324,-0.9173122955,0.168916585,0.0211941458,451.2466682833,2203.456374591,3.0
20399,0.0,258.693481,2099.804199,1751.701294,-0.3610701275,-0.9172011443,0.1684352218,0.0212500075,451.6509364137,2202.5608105061,3.0
20400,0.0,257.22583,2099.593262,1751.701294,-0.3615605788,-0.917159707,0.1676067415,0.0212119805,451.1318510074,2201.9793647077,3.0
20401,0.0,255.712753,2099.341064,1751.701294,-0.3620118969,-0.9172258441,0.1662652621,0.0210906106,449.6664825436,2201.065596012,3.0
20402,0.0,254.679214,2099.150146,1751.701294,-0.362646068,-0.9172356349,0.1648229942,0.0209440472,448.007913984,2200.5251953536,3.0
20403,0.0,252.958786,2098.804688,1751.701294,-0.3629600507,-0.9172877515,0.1638388921,0.0208787993,447.1219206119,2199.5660466149,3.0
20404,0.0,251.281967,2098.437988,1751.701294,-0.3638753201,-0.9173717672,0.1613189141,0.0206006285,444.0025367612,2198.7634150689,3.0
20405,0.0,250.213486,2098.130859,1751.701294,-0.3643190168,-0.9176787715,0.158547552,0.0202026899,439.5905281915,2198.0287187377,3.0
20406,0.0,248.675797,2097.582275,1751.701294,-0.3651679951,-0.9184618762,0.1519214181,0.0192162781,428.6266960727,2196.9797264904,3.0
20407,0.0,247.348022,2097.002197,1751.701294,-0.3658104271,-0.9198475796,0.1416444903,0.0176563653,410.8416388489,2196.0100849787,3.0
20408,0.0,246.0457,2096.331299,1751.701294,-0.3662046424,-0.9208384781,0.1339800627,0.0165678793,397.9054737169,2195.0164611846,3.0
20409,0.0,244.777512,2095.578613,1751.701294,-0.3667575218,-0.9222290939,0.1224026897,0.0150105651,378.7058930322,2193.9384665532,3.0
20410,0.0,243.8862,2094.990479,1751.701294,-0.3674352686,-0.9232705372,0.112084069,0.0137563024,362.5154738442,2193.1050069539,3.0
20411,0.0,242.365158,2093.868652,1751.701294,-0.3691910786,-0.9240381495,0.0992544496,0.0124829114,345.1906810903,2191.5212376221,3.0
20412,0.0,241.703751,2093.332275,1751.701294,-0.3711703774,-0.9241667846,0.0902679632,0.0117715892,335.1717192405,2190.8703592624,3.0
20413,0.0,240.305878,2092.10498,1751.701294,-0.376906349,-0.923889349,0.0661065421,0.010340443,314.0070796476,2189.1750092457,3.0
20414,0.0,239.221176,2091.070312,1751.701294,-0.379464492,-0.9235204295,0.0558275518,0.0099634595,308.069332735,2187.8264156179,3.0
20415,0.0,238.223526,2090.050537,1751.701294,-0.3823631868,-0.9230219122,0.0427661425,0.009590009,302.0851696007,2186.4956970343,3.0
20416,0.0,237.248138,2088.991943,1751.701294,-0.3837548406,-0.9227709968,0.0350129959,0.0094947109,300.4298208897,2185.3474672484,3.0
20417,0.0,236.269882,2087.872559,1751.701294,-0.3843726134,-0.9227984719,0.0264702539,0.0092622508,296.5653826623,2184.0127076939,3.0
20418,0.0,235.350708,2086.765625,1751.701294,-0.3844289419,-0.9228340097,0.0243265124,0.0092268182,295.826071826,2182.7277662691,3.0
20419,0.0,234.47464,2085.664062,1751.701294,-0.3844343781,-0.9228466965,0.0237525523,0.0092406049,295.8713581743,2181.4403259746,3.0
20420,0.0,233.448837,2084.320068,1751.701294,-0.3844349237,-0.922848369,0.0236786235,0.0092660989,296.0814769316,2179.9983563313,3.0
20421,0.0,232.761658,2083.382812,1751.701294,-0.3844349237,-0.922848369,0.0236786235,0.0092782743,296.1394754514,2179.000952014,3.0
20422,0.0,231.802292,2082.03418,1751.701294,-0.3844349237,-0.922848369,0.0236786235,0.0093092844,296.4189379928,2177.4385246203,3.0
20423,0.0,231.133408,2081.065674,1751.701294,-0.3844349237,-0.922848369,0.0236786235,0.0093388608,296.7263491853,2176.2585651281,3.0
20424,0.0,230.109253,2079.537109,1751.701294,-0.3844349237,-0.922848369,0.0236786235,0.0093783374,297.1137787648,2174.5304974297,3.0
20425,0.0,229.581909,2078.72583,1751.701294,-0.3844349237,-0.922848369,0.0236786235,0.0094011519,297.3488193818,2173.6209423751,3.0
20426,0.0,228.538513,2076.94458,1751.701294,-0.3844349237,-0.922848369,0.0236786235,0.0094402486,297.6962714429,2171.6711965041,3.0
20427,0.0,227.94342,2075.780029,1751.701294,-0.3843792581,-0.9228715559,0.0236786235,0.0039303407,232.8461455195,2628.8518219833,6.0
20428,0.0,227.413254,2074.460938,1751.701294,-0.3843464476,-0.9228852209,0.0236786235,0.0039994405,235.0210282708,2630.4301309569,6.0
20429,0.0,226.853409,2072.788574,1751.701294,-0.3843454997,-0.9228832626,0.0237701577,0.0040720985,237.267462127,2631.8226753204,6.0
20430,0.0,226.571991,2071.736328,1751.701294,-0.3842795335,-0.9229069941,0.0239148567,0.0041712911,240.5242318336,2636.1004527316,6.0
20431,0.0,226.279892,2070.400391,1751.701294,-0.3838738726,-0.9230655346,0.0243077906,0.0040749815,237.5343610353,2633.8528611955,6.0
20432,0.0,226.05806,2069.07666,1751.701294,-0.3834781344,-0.9232211971,0.024640246,0.0040571312,237.116550266,2634.9858512452,6.0
20433,0.0,225.893417,2067.713623,1751.701294,-0.3829492078,-0.9234348136,0.0248605961,0.0040093648,235.8532880795,2636.4825440809,6.0
20434,0.0,225.789291,2066.391602,1751.701294,-0.3825756237,-0.923583104,0.0251026326,0.0039720696,234.8892498312,2637.9794713127,6.0
20435,0.0,225.732346,2064.891357,1751.701294,-0.3822263618,-0.923722898,0.0252787677,0.0039231903,233.6209459838,2639.997194261,6.0
20436,0.0,225.737717,2063.161865,1751.701294,-0.3820356543,-0.9238009879,0.0253079752,0.0038822114,232.6034519768,2642.3082477764,6.0
20437,0.0,225.788345,2061.864014,1751.701294,-0.3819539879,-0.9238347566,0.0253079752,0.0038549154,231.9391531959,2644.0556239008,6.0
20438,0.0,225.992081,2059.258545,1751.701294,-0.3818523724,-0.9238767624,0.0253079752,0.0038066148,230.7840277989,2647.4939576436,6.0
20439,0.0,226.0990755,2058.35022,1751.701294,-0.3818523724,-0.9238767624,0.0253079752,0.0037904119,230.3995424177,2648.7243506701,6.0
20440,0.0,226.361359,2056.350098,1751.701294,-0.3818523724,-0.9238767624,0.0253079752,0.0037547951,229.5554979492,2651.4755811304,6.0
20441,0.0,226.507248,2055.4484865,1751.701294,-0.3818523724,-0.9238767624,0.0253079752,0.0037365183,229.1040714263,2652.7243364149,6.0
20442,0.0,226.750702,2053.99292,1751.701294,-0.3818518865,-0.9238759521,0.0253448596,0.0037073531,228.3815254354,2654.7088116626,6.0
20443,0.0,226.9961775,2052.8041995,1751.701294,-0.3822684818,-0.9236805859,0.0261555754,0.0037404328,229.5251864349,2656.2202610693,6.0
20444,0.0,227.241653,2051.615479,1751.701294,-0.3826850771,-0.9234852197,0.0269662913,0.0037735126,230.6688474344,2657.731710476,6.0
20445,0.0,227.645355,2049.952637,1751.701294,-0.3862189325,-0.9218904563,0.0308694461,0.0041717051,242.6714088617,2659.5014014565,6.0
20446,0.0,228.092331,2048.249023,1751.701294,-0.3943391889,-0.9182167538,0.0370755586,0.0051354744,269.3430541304,2661.0852843142,6.0
20447,0.0,228.644485,2046.253784,1751.701294,-0.4027505483,-0.9143731799,0.0413966624,0.0061505641,294.8732036105,2662.7577248269,6.0
20448,0.0,229.773453,2042.378662,1751.701294,-0.4259332891,-0.9034803941,0.0480001118,0.0092750604,362.2190525224,2665.6755520701,6.0
20449,0.0,230.224564,2040.28125,1751.701294,-0.4370409585,-0.8980097998,0.0507306615,0.0110130399,394.7081603063,2666.8987637439,6.0
20450,0.0,230.501175,2038.237671,1751.701294,-0.4515771757,-0.8905844588,0.0541975653,0.0135684004,437.991990831,2667.8722861253,6.0
20451,0.0,230.641724,2036.087036,1751.701294,-0.4768237551,-0.8768375195,0.0616041471,0.0188440238,515.6402544928,2668.7055425081,6.0
20452,0.0,230.634125,2033.784546,1751.701294,-0.5103687274,-0.8570076739,0.0711449848,0.0273658522,620.2182822163,2669.4193364299,6.0
20453,0.0,230.495209,2031.660278,1751.701294,-0.5307123064,-0.8440243164,0.0772489559,0.0334546819,684.8369541385,2669.9722974986,6.0
20454,0.0,230.236633,2029.520752,1751.701294,-0.5547637252,-0.827604491,0.0854869331,0.0416755239,762.9069242563,2670.4761057776,6.0
20455,0.0,229.650711,2026.367554,1751.241943,-0.5783472344,-0.8103554363,0.0940135277,0.0508377047,840.8770033732,2671.255980674,6.0
20456,0.0,229.052261,2023.954346,1751.032593,-0.5921993405,-0.7997053199,0.0988501004,0.0567348682,887.1680164799,2671.8669164769,6.0
20457,0.0,228.389267,2021.719116,1750.958252,-0.5952737536,-0.7972964345,0.0998376375,0.0581239575,897.8827483632,2672.5835255737,6.0
20458,0.0,227.55127,2019.241943,1750.885742,-0.5955490469,-0.7970798503,0.0999251969,0.0583105033,899.481880993,2673.1857274889,6.0
20459,0.0,226.595856,2016.724243,1750.812012,-0.5955490469,-0.7970798503,0.0999251969,0.0583895141,900.2532651226,2673.7218198202,6.0
20460,0.0,226.150528,2015.625,1750.800537,-0.5955490469,-0.7970798503,0.0999251969,0.0584270275,900.6094206033,2673.9466041312,6.0
20461,0.0,224.487442,2011.859619,1750.810425,-0.5955490469,-0.7970798503,0.0999251969,0.0585670842,901.8913028667,2674.6453454205,6.0
20462,0.0,224.057159,2010.93811,1750.808228,-0.5955490469,-0.7970798503,0.0999251969,0.0586034187,902.2164878974,2674.80516664,6.0
20463,0.0,222.46582,2007.733765,1750.7677,-0.5955490469,-0.7970798503,0.0999251969,0.0587415991,903.3898217206,2675.2269860572,6.0
20464,0.0,221.209686,2005.341431,1750.717041,-0.5955490469,-0.7970798503,0.0999251969,0.0588526569,904.2809565178,2675.4146267607,6.0
20465,0.0,219.750381,2002.687744,1750.698608,-0.5955490469,-0.7970798503,0.0999251969,0.0589814654,905.3119055672,2675.627256215,6.0
20466,0.0,218.057922,1999.736816,1750.701294,-0.5955490469,-0.7970798503,0.0999251969,0.0591319446,906.5292503764,2675.9175945001,6.0
20467,0.0,216.527817,1997.166748,1750.701294,-0.5948309913,-0.7976158517,0.0999251969,0.0589713758,905.4094069775,2676.1373693648,6.0
20468,0.0,215.118759,1994.868164,1750.701294,-0.5941225656,-0.7981436767,0.0999252143,0.058799964,904.2213942285,2676.4005036076,6.0
20469,0.0,213.41185,1992.153687,1750.701294,-0.5932870961,-0.798764907,0.0999251969,0.0586029282,902.8322353678,2676.6415379676,6.0
20470,0.0,211.791351,1989.638794,1750.701294,-0.5925132405,-0.7993391091,0.0999252143,0.0584191468,901.5973259983,2677.0548515919,6.0
20471,0.0,210.273239,1987.098755,1750.701294,-0.5917555694,-0.7999001798,0.0999252143,0.0582114092,900.0370627973,2677.0431088846,6.0
20472,0.0,208.997665,1984.988647,1750.701294,-0.5905341264,-0.8008023458,0.0999252143,0.0578106425,897.0928041468,2677.2423739849,6.0
20473,0.0,208.067825,1982.4729,1750.701294,-0.5861424689,-0.8040223636,0.0999251969,0.056085786,884.1321511803,2677.6402706662,6.0
20474,0.0,207.897903,1980.108643,1750.701294,-0.5822147968,-0.8068710463,0.0999251969,0.054503751,872.1390865916,2678.2884954813,6.0
20475,0.0,207.975494,1977.737061,1750.701294,-0.5765191231,-0.8108850903,0.1004543229,0.0522922173,854.979803984,2679.0167410556,6.0
20476,0.0,207.7556,1974.282104,1750.701294,-0.5682032155,-0.8165781116,0.1017118162,0.0492713593,830.8326380975,2679.8954205301,6.0
20477,0.0,207.510147,1972.007812,1750.701294,-0.5610978007,-0.8213743378,0.1025351415,0.0467922135,810.3088395779,2680.3379677009,6.0
20478,0.0,207.029572,1968.661011,1750.701294,-0.546250682,-0.8310578866,0.1046564927,0.0419420151,768.2378550758,2680.7621495027,6.0
20479,0.0,206.087769,1964.124268,1750.701294,-0.5266505089,-0.8433859009,0.1064869174,0.0360146268,713.0837543418,2681.2169626076,6.0
20480,0.0,205.398376,1961.392822,1750.701294,-0.5149297951,-0.8503859376,0.1081252205,0.0328130114,681.2367857981,2681.3420872112,6.0
20481,0.0,204.8320615,1959.4528805,1750.701294,-0.5078078825,-0.8545355613,0.108773927,0.0309863804,661.9804522077,2681.2024591634,6.0
20482,0.0,203.574127,1955.198242,1750.701294,-0.4883225287,-0.8656795202,0.1101820143,0.0261509816,609.0926653076,2680.9110669972,6.0
20483,0.0,202.662064,1952.465698,1750.701294,-0.4781993225,-0.8712832089,0.1104127615,0.0238476722,581.8905973434,2680.4526112791,6.0
20484,0.0,201.977196,1950.420715,1750.701294,-0.4666266788,-0.8774376115,0.1104127615,0.0214053912,550.5974816283,2679.8749590831,6.0
20485,0.0,201.292328,1948.375732,1750.701294,-0.455054035,-0.8835920141,0.1104127615,0.0189631102,519.3043659133,2679.297306887,6.0
20486,0.0,200.411957,1945.654419,1750.701294,-0.4339098944,-0.8942653809,0.1095975913,0.0150093249,462.3415505942,2678.5706746741,6.0
20487,0.0,199.299606,1942.518555,1750.701294,-0.4173859128,-0.9022091283,0.1086631888,0.0123214285,419.0135609907,2677.4691130457,6.0
20488,0.0,197.081467,1936.018799,1750.701294,-0.3725407515,-0.9217622203,0.1075536965,0.0067177652,309.5181640164,2674.7877910576,6.0
20489,0.0,196.054611,1932.939819,1750.701294,-0.349180534,-0.9307786274,0.1082778904,0.0047994739,261.6057112781,2673.3580381318,6.0
20490,0.0,195.019684,1930.046387,1750.701294,-0.326424294,-0.9388332059,0.1097241626,0.003558777,225.2222500934,2671.9765519853,6.0
20491,0.0,193.130524,1925.896362,1750.701294,-0.3069844277,-0.9451833266,0.1113060656,0.0029611182,205.3085643706,2669.8443025145,6.0
20492,0.0,191.69928,1923.127441,1750.701294,-0.2887115157,-0.9508230666,0.1121657556,0.0027087196,196.2676357195,2668.3694837555,6.0
20493,0.0,190.186798,1920.551758,1750.701294,-0.2763597021,-0.9543106828,0.1136504986,0.0027868297,198.9656574955,2666.9243434218,6.0
20494,0.0,188.38887,1917.753296,1750.701294,-0.2628366386,-0.9579805441,0.1148485028,0.0029915316,206.0043171852,2665.2599319378,6.0
20495,0.0,186.593765,1915.211426,1750.701294,-0.2542584606,-0.960191529,0.1156929683,0.0031933179,212.7091780056,2663.7725708494,6.0
20496,0.0,183.499252,1911.211792,1750.701294,-0.2421931278,-0.9631408713,0.1170561866,0.0035650953,224.5160245854,2661.2409382197,6.0
20497,0.0,181.197266,1908.460449,1750.701294,-0.2346647417,-0.9648858734,0.118015721,0.0038391606,232.8102427664,2659.4153866035,6.0
20498,0.0,178.789505,1905.758667,1750.701294,-0.2299344714,-0.9659065685,0.1189732736,0.0040250629,238.2095961095,2657.6352450107,6.0
20499,0.0,176.343231,1903.118286,1750.701294,-0.2225262974,-0.9675226097,0.1199251709,0.0043593488,247.7146056431,2655.8261025593,6.0
20500,0.0,173.871506,1900.572266,1750.701294,-0.217041149,-0.9686523108,0.1208546255,0.0046169184,254.7374195741,2654.0157857479,6.0
20501,0.0,171.485321,1898.167358,1750.701294,-0.2075927643,-0.9705019645,0.1226017177,0.0051997849,270.1229426089,2652.278230645,6.0
20502,0.0,168.717499,1895.479736,1750.701294,-0.1994293551,-0.9720731708,0.1236999719,0.0056896976,282.3132843851,2650.2714350259,6.0
20503,0.0,166.496399,1893.382324,1750.701294,-0.1931990589,-0.9731340816,0.1252365076,0.0061435974,293.1504737055,2648.6970488714,6.0
20504,0.0,163.699631,1890.75293,1750.701294,-0.1790328926,-0.9754770649,0.1280301498,0.0073507837,320.3216855465,2646.6961974515,6.0
20505,0.0,161.223038,1888.492432,1750.701294,-0.1702973369,-0.9768854643,0.1292037412,0.0080782296,335.5188625235,2644.981899367,6.0
20506,0.0,158.561203,1886.079224,1750.701294,-0.1579685074,-0.9787416641,0.1308078957,0.0092529668,358.7296288357,2643.1311185539,6.0
20507,0.0,155.862717,1883.674316,1750.701294,-0.1474498292,-0.9801335312,0.1326529643,0.0103543812,379.1096988521,2641.2831134552,6.0
20508,0.0,152.916824,1881.061401,1750.701294,-0.1339406634,-0.981893457,0.1339594632,0.011833935,404.8361612185,2639.297707434,6.0
20509,0.0,150.5401,1878.984375,1750.701294,-0.1264506554,-0.9827765186,0.1347610708,0.0126523923,418.2718362159,2637.7606245287,6.0
20510,0.0,146.831802,1875.77771,1750.701294,-0.1178347394,-0.9837933033,0.1351506961,0.013503235,431.6371312411,2635.4571094016,6.0
20511,0.0,144.152908,1873.488281,1750.701294,-0.1148000995,-0.9841520319,0.1351507134,0.0136733204,434.0578283568,2633.8149554119,6.0
20512,0.0,141.214233,1871.061523,1750.701294,-0.1135118016,-0.9843014604,0.1351506788,0.0135830845,432.3429909636,2632.0492978114,6.0
20513,0.0,138.450073,1868.796875,1750.701294,-0.1133642126,-0.9843184671,0.1351506961,0.0133516532,428.3992207217,2630.3930637348,6.0
20514,0.0,135.602524,1866.471069,1750.701294,-0.1133642126,-0.9843184671,0.1351506961,0.0130960832,424.0643960265,2628.8915147923,6.0
20515,0.0,132.763687,1864.157593,1750.701294,-0.1133642126,-0.9843184671,0.1351506961,0.0128375466,419.6397794621,2627.356149832,6.0
20516,0.0,129.547226,1861.542358,1750.701294,-0.1133642126,-0.9843184671,0.1351506961,0.012550205,414.6686292492,2625.5947074916,6.0
20517,0.0,126.784409,1859.049805,1750.701294,-0.1133642126,-0.9843184671,0.1351506961,0.0122968816,410.2298370708,2623.9405374332,6.0
20518,0.0,124.218552,1856.439209,1750.701294,-0.1133642126,-0.9843184671,0.1351506961,0.0120558975,405.94218122,2622.1789236503,6.0
20519,0.0,121.911209,1853.819458,1750.701294,-0.1133642126,-0.9843184671,0.1351506961,0.0118326458,401.9175719448,2620.4120798264,6.0
20520,0.0,121.003792,1852.740356,1750.701294,-0.1133642126,-0.9843184671,0.1351506961,0.0117456902,400.3264750177,2619.6246890368,6.0
20521,0.0,117.525009,1848.081421,1750.701294,-0.1174141797,-0.9837308473,0.1359688585,0.0109856064,386.8119671739,2616.7903062525,6.0
20522,0.0,113.870506,1842.503296,1750.701294,-0.1298987386,-0.9821420234,0.1361005644,0.0093053856,355.6645712325,2613.1906581792,6.0
20523,0.0,112.6898075,1840.5736085,1750.701294,-0.1407357014,-0.9805216,0.1365670942,0.0082996255,335.2038689908,2611.9418512644,6.0
20524,0.0,110.207146,1836.367188,1750.701294,-0.1645628829,-0.9767045474,0.1377217654,0.0063778289,294.2257201994,2609.2925467727,6.0
20525,0.0,108.173653,1832.556885,1750.701294,-0.1824193261,-0.9733663215,0.1388567378,0.0054630038,272.1145019536,2606.8430648661,6.0
20526,0.0,106.895042,1830.166382,1750.701294,-0.2009981986,-0.9695124068,0.1401621107,0.004971549,259.462687595,2605.2805772665,6.0
20527,0.0,105.084709,1826.546753,1750.701294,-0.2230572729,-0.96447309,0.1415525052,0.0049084486,257.5735461911,2602.8414853445,6.0
20528,0.0,103.547729,1823.422852,1750.701294,-0.2449708963,-0.9588154879,0.1437432439,0.0055170258,272.8122182048,2600.7352382789,6.0
20529,0.0,102.5949245,1821.3288575,1750.701294,-0.2545759212,-0.9561229722,0.1446362981,0.0060350915,284.866280152,2599.2874177628,6.0
20530,0.0,100.37928,1816.414429,1750.701294,-0.2782387886,-0.9493016,0.1463203636,0.007550006,318.3792459572,2595.8367993717,6.0
20531,0.0,99.097801,1813.383423,1750.701294,-0.2875992865,-0.9463768339,0.1471650049,0.0084490835,336.4448991052,2593.6623617735,6.0
20532,0.0,97.651611,1809.831421,1750.701294,-0.2954129769,-0.9439163782,0.147489132,0.0092844147,352.2590091426,2591.0764941506,6.0
20533,0.0,95.972862,1805.482666,1750.701294,-0.2984870354,-0.942948806,0.1474891147,0.0097452779,360.4115860869,2587.8988579791,6.0
20534,0.0,94.96077,1802.774536,1750.701294,-0.2985223202,-0.942937636,0.1474891147,0.0098576339,362.1981863221,2585.9364979403,6.0
20535,0.0,93.367065,1798.453491,1750.701294,-0.2985223202,-0.942937636,0.1474891147,0.0100446095,365.153229519,2582.7772148318,6.0
20536,0.0,92.31189,1795.548218,1750.701294,-0.2985223202,-0.942937636,0.1474891147,0.0101638854,367.0008699202,2580.6467486283,6.0
20537,0.0,91.121208,1792.240234,1750.701294,-0.2985223202,-0.942937636,0.1474891147,0.0103034958,369.148928129,2578.1957820419,6.0
20538,0.0,89.930389,1788.901245,1750.701294,-0.2985223202,-0.942937636,0.1474891147,0.0104398267,371.2135299025,2575.7197779787,6.0
20539,0.0,88.31395,1784.322266,1750.701294,-0.2985223202,-0.942937636,0.1474891147,0.0106203418,373.8975599459,2572.3173562405,6.0
20540,0.0,87.190285,1781.1073,1750.701294,-0.2985223202,-0.942937636,0.1474891147,0.0107467063,375.7519909312,2569.9138060596,6.0
20541,0.0,86.946892,1780.4087525,1750.701294,-0.2985223202,-0.942937636,0.1474891147,0.0107635197,375.9657894228,2569.3789966621,6.0
20542,0.0,84.924919,1774.559448,1750.701294,-0.2985223202,-0.942937636,0.1474891147,0.0109687123,378.8718093178,2565.0371633041,6.0
20543,0.0,83.572319,1770.609863,1750.701294,-0.2985223202,-0.942937636,0.1474891147,0.0111356177,381.2570636762,2561.8763083869,6.0
20544,0.0,82.898743,1768.633911,1750.701294,-0.2985223202,-0.942937636,0.1474891147,0.01121318,382.3278215935,2560.2206087614,6.0
20545,0.0,81.302658,1763.918213,1750.701294,-0.2985223202,-0.942937636,0.1474891147,0.0114211614,385.2105888324,2556.0637203005,6.0
20546,0.0,80.149651,1760.494873,1750.701294,-0.2985223202,-0.942937636,0.1474891147,0.0115427113,386.7473373331,2552.7911277298,6.0
20547,0.0,78.778893,1756.407715,1750.701294,-0.2985223202,-0.942937636,0.1474891147,0.0117070384,388.8549432489,2548.7304963608,6.0
20548,0.0,77.59668,1752.860596,1750.701294,-0.2985223202,-0.942937636,0.1474891147,0.011866027,390.912098416,2545.0928042881,6.0
20549,0.0,76.322632,1749.023682,1750.701294,-0.2985223202,-0.942937636,0.1474891147,0.0120368137,393.0669618659,2541.0113413833,6.0
20550,0.0,75.094704,1745.310425,1750.701294,-0.2985223202,-0.942937636,0.1474891147,0.0122106828,395.2445284092,2536.9430387299,6.0
20551,0.0,74.266922,1742.799316,1750.701294,-0.2985223202,-0.942937636,0.1474891147,0.0123321674,396.7505272211,2534.1125608836,6.0
20552,0.0,72.817123,1738.387939,1750.701294,-0.2985223202,-0.942937636,0.1474891147,0.0125559969,399.489342748,2528.9028627878,6.0
20553,0.0,71.601974,1734.677979,1750.701294,-0.2985223202,-0.942937636,0.1474891147,0.0127462357,401.7831261794,2524.492335176,6.0
20554,0.0,70.655846,1731.78186,1750.701294,-0.2985223202,-0.942937636,0.1474891147,0.0128980075,403.5892173876,2520.9728172138,6.0
20555,0.0,69.516342,1728.286133,1750.701294,-0.2985223202,-0.942937636,0.1474891147,0.0130799605,405.7117804172,2516.6580323755,6.0
20556,0.0,68.17556,1724.16272,1750.701294,-0.2985223202,-0.942937636,0.1474891147,0.0133019526,408.2940392841,2511.5938403839,6.0
20557,0.0,67.212563,1721.194946,1750.701294,-0.2985223202,-0.942937636,0.1474891147,0.0134616359,410.119191119,2507.9143141788,6.0
20558,0.0,66.016495,1717.501953,1750.701294,-0.2985223202,-0.942937636,0.1474891147,0.0136680067,412.4630717532,2503.2634660577,6.0
20559,0.0,64.835899,1713.850098,1750.701294,-0.2985223202,-0.942937636,0.1474891147,0.0138599538,414.5692324721,2498.6834646238,6.0
20560,0.0,63.504318,1709.723633,1750.701294,-0.2985223202,-0.942937636,0.1474891147,0.0141041679,417.2779452034,2493.2938385406,6.0
20561,0.0,62.634487,1707.043579,1750.701294,-0.2991684979,-0.9427328205,0.1474891147,0.0143392936,420.1527468967,2489.9510432676,6.0
20562,0.0,61.297337,1702.991455,1750.701294,-0.3025542149,-0.9417784,0.1466778524,0.0149600034,428.2549658664,2485.1461243881,6.0
20563,0.0,59.960495,1699.043091,1750.701294,-0.3093495423,-0.9400171402,0.1437728654,0.0158937053,440.5031184694,2480.5840240294,6.0
20564,0.0,58.330677,1693.865967,1750.701294,-0.3135815171,-0.9388728935,0.142071538,0.0167475987,451.0383815784,2474.8463032797,6.0
20565,0.0,57.897789,1692.026123,1750.701294,-0.3142715862,-0.9386625952,0.1419343618,0.0169513315,453.433288509,2473.1732082041,6.0
20566,0.0,57.029125,1687.579956,1750.701294,-0.3150143791,-0.9384346003,0.1417971856,0.0173126074,457.4666464501,2469.1704570398,6.0
20567,0.0,56.711498,1685.042969,1750.701294,-0.3156694696,-0.9382144446,0.1417971856,0.0175563204,460.261328745,2467.1031561695,6.0
20568,0.0,56.442848,1681.355347,1750.701294,-0.3168511946,-0.9379445498,0.1409444643,0.0178668934,463.7273338522,2464.1762370252,6.0
20569,0.0,56.4198625,1680.8898315,1750.701294,-0.3169938986,-0.9379035594,0.140896264,0.0179157362,464.2796527284,2463.7791172317,6.0
20570,0.0,56.396877,1680.424316,1750.701294,-0.3171366026,-0.9378625689,0.1408480637,0.0179645791,464.8319716047,2463.3819974381,6.0
20571,0.0,56.44405,1675.04187,1750.701294,-0.3187760888,-0.9373065791,0.140848081,0.0185199637,471.1878132873,2459.6829630592,6.0
20572,0.0,56.865524,1669.572021,1750.701294,-0.3205410766,-0.9367044551,0.140848081,0.0191394893,478.1455231916,2455.6585206134,6.0
20573,0.0,57.131706,1667.328125,1750.701294,-0.3210883395,-0.9365170027,0.140848081,0.019355614,480.4779661915,2453.955860726,6.0
20574,0.0,57.651604,1663.824219,1750.701294,-0.3221455124,-0.9361538799,0.140848081,0.0197354384,484.6433196308,2451.5301215565,6.0
20575,0.0,58.162231,1660.919067,1750.701294,-0.3237106121,-0.9356138401,0.140848081,0.0201929763,489.7605613667,2449.4704887618,6.0
20576,0.0,58.851372,1657.468384,1750.701294,-0.3266311682,-0.9345982575,0.1408480637,0.0209462577,498.2283233458,2447.0700263026,6.0
20577,0.0,59.492825,1654.579834,1750.701294,-0.3300661115,-0.93339069,0.140848081,0.0218063044,507.8218449524,2445.0398241177,6.0
20578,0.0,60.077961,1652.108887,1750.701294,-0.3343939902,-0.9318489589,0.1408480637,0.0228322796,519.105863697,2443.2029354878,6.0
20579,0.0,60.944698,1648.639526,1750.701294,-0.3431937621,-0.9286440922,0.1408481156,0.0248761031,540.9578735055,2440.4791435966,6.0
20580,0.0,61.51989,1646.407349,1750.701294,-0.3517763977,-0.9254270332,0.1408480464,0.026903219,561.8798430929,2438.7491700556,6.0
20581,0.0,62.528179,1642.783569,1750.701294,-0.361055677,-0.921846311,0.1408480637,0.0292802449,585.1512492865,2435.9498827253,6.0
20582,0.0,63.133663,1639.736938,1750.701294,-0.3793679044,-0.9141768918,0.1426905874,0.0338845114,540.8310503809,2095.3495893398,0.0
20583,0.0,63.539539,1637.354614,1750.701294,-0.3868163933,-0.9109241579,0.1434930538,0.0354768185,552.5760926606,2093.1057906936,0.0
20584,0.0,63.679546,1636.386108,1750.701294,-0.3909479593,-0.909073081,0.1440341161,0.0364197347,559.4902446854,2092.1836319089,0.0
20585,0.0,64.030121,1631.017578,1750.701294,-0.4182900646,-0.8961142052,0.148366954,0.0434209883,608.311304681,2087.0235045586,0.0
20586,0.0,64.022278,1628.571899,1750.701294,-0.4315790511,-0.8892511968,0.1515646119,0.0474347577,634.4261396159,2084.6346301928,0.0
20587,0.0,63.924583,1625.165405,1750.701294,-0.4445054574,-0.8824088194,0.1541738428,0.0514608362,659.0797416008,2081.3493119851,0.0
20588,0.0,63.729462,1622.450562,1750.701294,-0.4538629045,-0.8771654153,0.1568097512,0.0546941206,678.0394726862,2078.6946857653,0.0
20589,0.0,63.511734,1620.091553,1750.701294,-0.4588948963,-0.8742510784,0.1584314554,0.0565252688,688.2036909267,2076.3770976335,0.0
20590,0.0,63.184959,1617.432373,1750.701294,-0.4641180185,-0.8711731651,0.1601617347,0.058486872,698.8069173223,2073.7568430053,0.0
20591,0.0,62.721828,1614.582886,1750.701294,-0.4696519857,-0.8679698604,0.1614166463,0.0604965745,709.3630587849,2070.8941467573,0.0
20592,0.0,61.930538,1610.785156,1750.701294,-0.4751746423,-0.8648011225,0.1622592919,0.0624717967,719.1201613423,2066.976076282,0.0
20593,0.0,61.300766,1608.040405,1750.701294,-0.4777406388,-0.8633165403,0.162629743,0.0634157039,723.351563927,2064.1098818939,0.0
20594,0.0,60.382927,1604.485962,1750.701294,-0.4807262498,-0.8616372026,0.1627378378,0.0644559707,727.7182056482,2060.2984496407,0.0
20595,0.0,59.681637,1602.033447,1750.701294,-0.4815409973,-0.861182135,0.1627378206,0.0647545043,728.4054992209,2057.6437798185,0.0
20596,0.0,58.552608,1598.416138,1750.701294,-0.4838774036,-0.8598715369,0.1627378206,0.0655922569,731.5461546156,2053.7209517368,0.0
20597,0.0,57.34671,1594.809326,1750.701294,-0.4850717353,-0.8591983551,0.1627378206,0.0660546646,732.6321340405,2049.8029807726,0.0
20598,0.0,56.54987,1592.572388,1750.701294,-0.4862534943,-0.8586506855,0.1621003996,0.0663492863,733.3224850815,2047.3300450184,0.0
20599,0.0,56.330355,1591.96814,1750.701294,-0.4865764052,-0.8584967788,0.1619460738,0.0664472789,733.6111316229,2046.678031588,0.0
20600,0.0,56.11084,1591.363892,1750.701294,-0.4868993161,-0.8583428722,0.1617917479,0.0665452715,733.8997781642,2046.0260181576,0.0
20601,0.0,53.006496,1583.439941,1750.701294,-0.4914137993,-0.8559446049,0.1608456127,0.0680420176,738.569488054,2037.0605217427,0.0
20602,0.0,50.969631,1578.643066,1750.701294,-0.4950179076,-0.853865312,0.1608455782,0.0694507553,743.925139982,2031.656616192,0.0
20603,0.0,49.948593,1576.325073,1750.701294,-0.4968311158,-0.8529332984,0.160198723,0.0700359895,745.9897452181,2029.0727463488,0.0
20604,0.0,48.246902,1572.577148,1750.701294,-0.5003364934,-0.8509380725,0.1598993123,0.0713388839,751.0300020531,2024.7255757478,0.0
20605,0.0,46.586742,1568.980713,1750.701294,-0.5016458634,-0.8501668325,0.1598992951,0.0719366733,752.5131323893,2020.5902882263,0.0
20606,0.0,43.879211,1563.279297,1750.701294,-0.5025275928,-0.8496459495,0.1598992779,0.0841702201,948.7873239896,2362.7141514217,6.0
20607,0.0,42.270538,1559.982544,1750.701294,-0.5025275928,-0.8496459495,0.1598992779,0.0845516864,949.6445277426,2359.7430421684,6.0
20608,0.0,40.355415,1556.118652,1750.701294,-0.5025275928,-0.8496459495,0.1598992779,0.084957842,950.3757919602,2356.158268906,6.0
20609,0.0,38.733429,1552.884277,1750.701294,-0.5025275928,-0.8496459495,0.1598992779,0.0853995067,951.5698561639,2353.2816680081,6.0
20610,0.0,36.62001,1548.764771,1750.701294,-0.5025275928,-0.8496459495,0.1598992779,0.0859192063,952.8637989695,2349.6629373846,6.0
20611,0.0,34.964256,1545.574585,1750.701294,-0.5025275928,-0.8496459495,0.1598992779,0.0863392877,953.9499142836,2346.8691289837,6.0
20612,0.0,33.180248,1542.174561,1750.701294,-0.5025275928,-0.8496459495,0.1598992779,0.0867789481,955.0656910299,2343.9237409022,6.0
20613,0.0,31.492378,1538.990845,1750.701294,-0.5025275928,-0.8496459495,0.1598992779,0.0871572934,955.9311392405,2341.181651264,6.0
20614,0.0,29.696098,1535.632446,1750.701294,-0.5025275928,-0.8496459495,0.1598992779,0.0875451034,956.8285161772,2338.4203360618,6.0
20615,0.0,28.216259,1533.199707,1750.701294,-0.5025275928,-0.8496459495,0.1598992779,0.0878734572,957.7147055725,2336.4096128226,6.0
20616,0.0,26.128935,1530.156372,1750.701294,-0.5025275928,-0.8496459495,0.1598992779,0.08833574,959.1062062371,2333.9560031912,6.0
20617,0.0,23.882269,1527.27063,1750.701294,-0.5025275928,-0.8496459495,0.1598992779,0.0888476603,960.7555429784,2331.5366560447,6.0
20618,0.0,20.978859,1523.973877,1750.701294,-0.5025275928,-0.8496459495,0.1598992779,0.0895319002,963.1595869303,2328.838947943,6.0
20619,0.0,19.288937,1522.251465,1750.701294,-0.5024747148,-0.8495562756,0.1605406351,0.0899997163,965.0038658264,2327.5111330801,6.0
20620,0.0,16.23558,1519.391113,1750.701294,-0.5023812225,-0.8493984747,0.1616642766,0.0907868925,967.9668504679,2324.993297398,6.0
20621,0.0,14.477939,1517.897827,1750.701294,-0.5025367158,-0.8490404768,0.1630555672,0.0915353319,971.3133031984,2323.929209022,6.0
20622,0.0,10.722944,1514.912964,1750.701294,-0.5028358952,-0.8484187141,0.1653534034,0.0928434787,976.7957989897,2321.3194609815,6.0
20623,0.0,7.867353,1512.824097,1750.701294,-0.5026535379,-0.8480021326,0.1680232246,0.0938082628,980.8654583946,2319.5599569143,6.0
20624,0.0,4.992705,1510.904053,1750.701294,-0.503862039,-0.8468861742,0.1700201565,0.0953529379,987.8232338639,2317.9546875097,6.0
20625,0.0,1.917942,1508.97937,1750.701294,-0.5051923961,-0.8453707879,0.1735767089,0.0972526771,996.4234260055,2316.3414931893,6.0
20626,0.0,-1.535832,1506.96521,1750.701294,-0.5074884142,-0.8433136871,0.1768545576,0.0997090696,1007.543026753,2314.6547514393,6.0
20627,0.0,-4.667031,1505.275024,1750.701294,-0.5110820661,-0.840355091,0.1805503883,0.0250293702,314.3867400125,1414.03102738,3.0
20628,0.0,-6.874305,1504.128418,1750.701294,-0.5126640721,-0.839097435,0.1819094386,0.0256115036,317.5614553412,1412.1926282749,3.0
20629,0.0,-10.446056,1502.38208,1750.701294,-0.5167244485,-0.8356906832,0.1860562449,0.0271718919,326.2432105273,1409.0841182407,3.0
20630,0.0,-13.788834,1500.837158,1750.701294,-0.5206316099,-0.8325126577,0.1893816293,0.0286226281,334.086934296,1406.4356104925,3.0
20631,0.0,-17.849682,1499.077026,1750.701294,-0.5263665577,-0.8277026573,0.1945419186,0.0308432812,345.8070310858,1403.1800180937,3.0
20632,0.0,-21.35107,1497.619751,1750.701294,-0.5293238244,-0.824885737,0.1984434676,0.0321320085,351.6243116258,1398.3374138313,3.0
20633,0.0,-23.654654,1496.693604,1750.701294,-0.5307887255,-0.8236254369,0.1997610288,0.0327894477,354.7488377076,1396.7816067545,3.0
20634,0.0,-27.68609,1495.122437,1750.701294,-0.5321213378,-0.8224159142,0.2011938019,0.0335285574,357.6096177075,1392.7011502455,3.0
20635,0.0,-31.21608,1493.795288,1750.701294,-0.5322616783,-0.8222779549,0.2013863719,0.03373143,357.8659628721,1389.5737418873,3.0
20636,0.0,-35.058907,1492.40564,1750.701294,-0.5322616783,-0.8222779549,0.2013863719,0.033853024,357.6842161574,1386.4143727533,3.0
20637,0.0,-38.600838,1491.173828,1750.701294,-0.5322616783,-0.8222779549,0.2013863719,0.0339661698,357.5444307073,1383.6021762574,3.0
20638,0.0,-42.030533,1490.021118,1750.701294,-0.5322616783,-0.8222779549,0.2013863719,0.0340602848,357.3327667865,1380.904378419,3.0
20639,0.0,-45.78437,1488.799316,1750.701294,-0.5322616783,-0.8222779549,0.2013863719,0.0341545539,357.0735355915,1378.0299917844,3.0
20640,0.0,-48.563702,1487.920166,1750.701294,-0.5322616783,-0.8222779549,0.2013863719,0.0342572496,357.058621549,1375.9413957663,3.0
20641,0.0,-52.378502,1486.745117,1750.701294,-0.5322616783,-0.8222779549,0.2013863719,0.0343737431,356.9274926582,1373.1441013375,3.0
20642,0.0,-56.153076,1485.614014,1750.701294,-0.5322616783,-0.8222779549,0.2013863719,0.0345288186,356.9957475509,1370.3731567885,3.0
20643,0.0,-59.823063,1484.542358,1750.701294,-0.5322616783,-0.8222779549,0.2013863719,0.1329328245,1143.6953637484,2295.6954447983,6.0
20644,0.0,-63.999943,1483.351807,1750.701294,-0.5322616783,-0.8222779549,0.2013863719,0.1341422948,1147.9810318057,2294.6295717581,6.0
20645,0.0,-70.728317,1481.494873,1750.701294,-0.5322616783,-0.8222779549,0.2013863719,0.1361165543,1155.0859900884,2293.2397838213,6.0
20646,0.0,-74.222412,1480.55542,1750.701294,-0.5322616783,-0.8222779549,0.2013863719,0.1373408801,1159.5792016606,2292.6291639353,6.0
20647,0.0,-76.32917,1479.9990845,1750.701294,-0.5322616783,-0.8222779549,0.2013863719,0.1380580735,1162.177434095,2292.241312805,6.0
20648,0.0,-78.435928,1479.442749,1750.701294,-0.5322616783,-0.8222779549,0.2013863719,0.138775267,1164.7756665293,2291.8534616747,6.0
20649,0.0,-81.370789,1478.68335,1750.701294,-0.5322616783,-0.8222779549,0.2013863719,0.1399840339,1169.3116231478,2291.567627623,6.0
20650,0.0,-88.607956,1476.834961,1750.701294,-0.5322616783,-0.8222779549,0.2013863719,0.1425501437,1178.5837119772,2290.4354454632,6.0
20651,0.0,-90.758755,1476.2991335,1750.701294,-0.5322616783,-0.8222779549,0.2013863719,0.1433861386,1181.6338500704,2290.1863048339,6.0
20652,0.0,-92.909554,1475.763306,1750.701294,-0.5322616783,-0.8222779549,0.2013863719,0.1442221335,1184.6839881636,2289.9371642045,6.0
20653,0.0,-99.42701,1474.15625,1750.701294,-0.5314730795,-0.8227878797,0.2013863719,0.1462951045,1192.108154058,2289.1827430573,6.0
20654,0.0,-103.850212,1473.078613,1750.701294,-0.5307179874,-0.8232751303,0.201386389,0.1476091875,1196.7819254203,2288.7165895926,6.0
20655,0.0,-107.520187,1472.191284,1750.701294,-0.5299219614,-0.8237877337,0.2013864061,0.148623442,1200.3762337807,2288.370552514,6.0
20656,0.0,-110.049416,1471.5896,1750.701294,-0.5298944314,-0.8238054508,0.2013863719,0.1496465364,1204.0584261477,2288.1625742428,6.0
20657,0.0,-114.364601,1470.562256,1750.701294,-0.5292294973,-0.8242327673,0.2013864061,,,,
20658,0.0,-117.098373,1469.91394,1750.701294,-0.5285749401,-0.8245167793,0.2019421038,,,,
20659,0.0,-121.684837,1468.831787,1750.701294,-0.5275374566,-0.8250870695,0.2023253806,,,,
20660,0.0,-125.541054,1467.918457,1750.701294,-0.5258858689,-0.8259314317,0.2031780572,,,,
20661,0.0,-128.208679,1467.287842,1750.701294,-0.5247159326,-0.8266540067,0.2032642204,,,,
20662,0.0,-132.16774,1466.348022,1750.701294,-0.5223363416,-0.8279915168,0.2039480187,,,,
20663,0.0,-135.975906,1465.44165,1750.701294,-0.5197317414,-0.8293867599,0.2049305236,,,,
20664,0.0,-139.98024,1464.49585,1750.701294,-0.5176883702,-0.8304085117,0.2059622663,,,,
20665,0.0,-142.765488,1463.843506,1750.701294,-0.5169677927,-0.8308282227,0.2060795128,,,,
20666,0.0,-146.779419,1462.898315,1750.701294,-0.5153634656,-0.8316519903,0.2067739476,,,,
20667,0.0,-150.681961,1461.981201,1750.701294,-0.5142547899,-0.8322774281,0.2070176172,,,,
20668,0.0,-154.425827,1461.109863,1750.701294,-0.5141037295,-0.8323707561,0.207017583,,,,
20669,0.0,-157.960052,1460.279541,1750.701294,-0.5134613798,-0.8327671449,0.2070176172,,,,
20670,0.0,-161.831802,1459.375366,1750.701294,-0.5133054627,-0.8328632675,0.207017583,,,,
20671,0.0,-165.519196,1458.51416,1750.701294,-0.5133054627,-0.8328632675,0.207017583,,,,
20672,0.0,-169.320389,1457.625,1750.701294,-0.5133054627,-0.8328632675,0.207017583,,,,
20673,0.0,-173.107086,1456.738281,1750.701294,-0.5133054627,-0.8328632675,0.207017583,,,,
20674,0.0,-175.895325,1456.084717,1750.701294,-0.5133054627,-0.8328632675,0.207017583,,,,
20675,0.0,-179.809982,1455.16626,1750.701294,-0.5133054627,-0.8328632675,0.207017583,,,,
20676,0.0,-183.531967,1454.292114,1750.701294,-0.5133054627,-0.8328632675,0.207017583,,,,
20677,0.0,-187.460541,1453.36853,1750.701294,-0.5133054627,-0.8328632675,0.207017583,0.1435764255,914.800464091,1771.928813899,0.0
20678,0.0,-190.047272,1452.760132,1750.701294,-0.5133054627,-0.8328632675,0.207017583,0.1438974285,915.1019722541,1770.687773851,0.0
20679,0.0,-195.001511,1451.594116,1750.701294,-0.5133054627,-0.8328632675,0.207017583,0.1448074574,916.8142090481,1768.8515092245,0.0
20680,0.0,-198.803543,1450.698364,1750.701294,-0.5133054627,-0.8328632675,0.207017583,0.1468204665,920.2966838835,1764.3137130029,0.0
20681,0.0,-201.80455,1449.990845,1750.701294,-0.5133054627,-0.8328632675,0.207017583,0.1475485462,920.7323412879,1761.1344528726,0.0
20682,0.0,-205.069504,1449.221313,1750.701294,-0.5133054627,-0.8328632675,0.207017583,0.1485904034,921.9644325278,1757.7921920845,0.0
20683,0.0,-208.248825,1448.471069,1750.701294,-0.5133054627,-0.8328632675,0.207017583,0.1498996764,924.0445800707,1754.6679230314,0.0
20684,0.0,-212.575729,1447.449707,1750.701294,-0.5133054627,-0.8328632675,0.207017583,,,,
20685,0.0,-216.303757,1446.569336,1750.701294,-0.5133054627,-0.8328632675,0.207017583,0.043022941,383.0056495381,1319.9645423226,3.0
20686,0.0,-219.703812,1445.766235,1750.701294,-0.5133054627,-0.8328632675,0.207017583,0.0433087171,383.5958082371,1317.7257667434,3.0
20687,0.0,-223.666962,1444.829712,1750.701294,-0.5133054627,-0.8328632675,0.207017583,0.043648497,384.3100465471,1315.1450254671,3.0
20688,0.0,-227.287827,1443.973633,1750.701294,-0.5133054627,-0.8328632675,0.207017583,0.0439644078,384.9789108243,1312.7981299446,3.0
20689,0.0,-231.086853,1443.075195,1750.701294,-0.5133054627,-0.8328632675,0.207017583,0.0442433613,386.0169204434,1312.2750689451,3.0
20690,0.0,-234.365555,1442.299683,1750.701294,-0.5133054627,-0.8328632675,0.207017583,0.0444780739,386.9845260705,1312.1674748577,3.0
20691,0.0,-238.513672,1441.318115,1750.701294,-0.5133054627,-0.8328632675,0.207017583,0.0447884894,388.2618674649,1312.0326988153,3.0
20692,0.0,-245.213409,1439.732422,1750.701294,-0.5133054627,-0.8328632675,0.207017583,0.0453192965,390.4023696612,1311.6952704147,3.0
20693,0.0,-248.755417,1438.882568,1750.701294,-0.5122165225,-0.833533411,0.2070176001,0.0454147516,390.8910276623,1311.988178179,3.0
20694,0.0,-252.48204,1437.97644,1750.701294,-0.5100109914,-0.8348847279,0.207017583,0.0453073956,390.6913222086,1312.8345001936,3.0
20695,0.0,-255.972229,1437.123901,1750.701294,-0.5077016807,-0.836291052,0.207017583,0.0451675797,390.3195239276,1313.56660538,3.0
20696,0.0,-259.51474,1436.260864,1750.701294,-0.5058710591,-0.8373996608,0.207017583,0.045092384,390.204013999,1314.2470625851,3.0
20697,0.0,-263.041046,1435.396484,1750.701294,-0.5037557248,-0.8385316981,0.2075927768,0.0451169542,390.4761353033,1314.8136975503,3.0
20698,0.0,-266.631714,1434.514404,1750.701294,-0.5018148411,-0.8396048931,0.2079554971,0.0451012829,390.5179768695,1315.1777475643,3.0
20699,0.0,-271.612549,1433.297363,1750.701294,-0.5003916907,-0.8404538586,0.2079554459,0.0451279053,390.6591837017,1315.2741265759,3.0
20700,0.0,-274.881683,1432.496582,1750.701294,-0.4996672074,-0.8408847765,0.207955463,0.0451666872,390.7829219906,1315.1388009162,3.0
20701,0.0,-278.054596,1431.7229,1750.701294,-0.4995618302,-0.8409473886,0.2079554459,0.0452893684,391.1831843063,1314.7428212026,3.0
20702,0.0,-281.73999,1430.821777,1750.701294,-0.4995618302,-0.8409473886,0.2079554459,0.0454394451,391.7177976713,1314.4141608626,3.0
20703,0.0,-285.26825,1429.956421,1750.701294,-0.4995618302,-0.8409473886,0.2079554459,0.0455831376,392.207165866,1314.0285944494,3.0
20704,0.0,-289.094574,1429.015015,1750.701294,-0.4995618302,-0.8409473886,0.2079554459,0.0456948952,392.5530622688,1313.6157395124,3.0
20705,0.0,-292.379822,1428.204346,1750.701294,-0.4995618302,-0.8409473886,0.2079554459,0.0457975309,392.8746121036,1313.2522521424,3.0
20706,0.0,-296.802124,1427.110474,1750.701294,-0.4995618302,-0.8409473886,0.2079554459,0.0458913152,393.128244284,1312.7881171234,3.0
20707,0.0,-299.99408,1426.318726,1750.701294,-0.4995618302,-0.8409473886,0.2079554459,0.0459981916,393.4396832624,1312.336785027,3.0
20708,0.0,-303.171326,1425.529297,1750.701294,-0.4995618302,-0.8409473886,0.2079554459,0.0460511986,393.5480787622,1311.9604325611,3.0
20709,0.0,-307.670258,1424.40918,1750.701294,-0.4995618302,-0.8409473886,0.2079554459,0.0461542651,393.7911302988,1311.3386877151,3.0
20710,0.0,-310.441772,1423.717773,1750.701294,-0.4995618302,-0.8409473886,0.2079554459,0.0462266434,393.9565447078,1310.8863719083,3.0
20711,0.0,-314.193665,1422.780518,1750.701294,-0.4995618302,-0.8409473886,0.2079554459,0.0462949303,394.0825108081,1310.3609510148,3.0
20712,0.0,-317.455017,1421.9646,1750.701294,-0.4995618302,-0.8409473886,0.2079554459,0.0463617477,394.1708047612,1309.732122396,3.0
20713,0.0,-322.605743,1420.673706,1750.701294,-0.4995618302,-0.8409473886,0.2079554459,0.0464373048,394.3471174255,1309.2768568252,3.0
20714,0.0,-325.745636,1419.88562,1750.701294,-0.4995618302,-0.8409473886,0.2079554459,0.04649913,394.412586331,1308.6440870552,3.0
20715,0.0,-329.219238,1419.012817,1750.701294,-0.4995618302,-0.8409473886,0.2079554459,0.0466120154,394.6406774418,1307.8521521137,3.0
20716,0.0,-332.799194,1418.112549,1750.701294,-0.4995618302,-0.8409473886,0.2079554459,0.0467941899,395.0798206314,1306.8173076568,3.0
20717,0.0,-336.343384,1417.220337,1750.701294,-0.4995618302,-0.8409473886,0.2079554459,0.0470596828,395.8444723482,1305.7366713805,3.0
20718,0.0,-339.574951,1416.40625,1750.701294,-0.4995618302,-0.8409473886,0.2079554459,0.0473700224,396.8223704666,1304.7712409412,3.0
20719,0.0,-343.218079,1415.487427,1750.701294,-0.4995618302,-0.8409473886,0.2079554459,0.047786954,398.1757271038,1303.6364710621,3.0
20720,0.0,-346.697876,1414.609253,1750.701294,-0.4995618302,-0.8409473886,0.2079554459,0.0481574293,399.297290393,1302.3938065496,3.0
20721,0.0,-350.560974,1413.633667,1750.701294,-0.4995618302,-0.8409473886,0.2079554459,0.0485736839,400.460108012,1300.716532798,3.0
20722,0.0,-354.189636,1412.716675,1750.701294,-0.4995618302,-0.8409473886,0.2079554459,0.048945221,401.3083795727,1298.6387266317,3.0
20723,0.0,-358.719849,1411.571167,1750.701294,-0.4995618302,-0.8409473886,0.2079554459,0.0495156888,402.7802842828,1296.0613545165,3.0
20724,0.0,-362.401215,1410.654297,1750.701294,-0.5010475622,-0.8400630088,0.20795548,0.0502985877,405.1907238882,1293.8905644031,3.0
20725,0.0,-365.586517,1409.876343,1750.701294,-0.5036440887,-0.8383241298,0.2086990304,0.0514878759,409.2094977628,1291.9379667238,3.0
20726,0.0,-369.469757,1408.981079,1750.701294,-0.5114729426,-0.8329224901,0.2112712817,0.054514833,419.9536874824,1289.5259734966,3.0
20727,0.0,-372.814941,1408.253296,1750.701294,-0.5220574845,-0.82567978,0.2137963604,0.0582978553,433.196120287,1287.5584823411,3.0
20728,0.0,-376.085999,1407.546021,1750.701294,-0.5314173675,-0.8190375993,0.2162706462,0.0620033746,445.6876791625,1285.7201681917,3.0
20729,0.0,-380.946564,1406.516357,1750.701294,-0.5448615861,-0.8089287753,0.2208168663,0.0681166291,465.3751456893,1282.8803678861,3.0
20730,0.0,-384.436798,1405.854492,1750.701416,-0.563723224,-0.7944788378,0.2258749722,0.0763312505,490.8576017289,1280.9706745112,3.0
20731,0.0,-391.669983,1404.513672,1750.701294,-0.5927111723,-0.770880123,0.233318028,0.0910182632,532.6053112496,1277.7336550265,3.0
20732,0.0,-393.960083,1404.1270755,1750.701294,-0.6021576901,-0.7627287311,0.2355637364,0.0964242802,546.7424089118,1276.7388471471,3.0
20733,0.0,-398.982025,1403.302612,1750.701294,-0.6218062035,-0.7457404643,0.2392241737,0.1078532642,575.5774286226,1274.1181475187,3.0
20734,0.0,-403.04306,1402.673462,1750.701294,-0.6341451767,-0.7346206577,0.2412309769,0.1158617178,594.0461444482,1271.4339769503,3.0
20735,0.0,-407.26651,1402.067627,1750.701294,-0.646187394,-0.7233525186,0.2433166369,0.1243403917,612.4755723663,1268.2522559492,3.0
20736,0.0,-411.210541,1401.543091,1750.701294,-0.656137058,-0.7136724521,0.2452667776,0.1319591126,628.1872805491,1265.2497393693,3.0
20737,0.0,-413.717194,1401.234131,1750.701294,-0.6622754318,-0.7075497952,0.2465046447,0.1370168489,638.1335145113,1263.0487194749,3.0
20738,0.0,-418.891693,1400.683716,1750.701294,-0.6776868214,-0.6915756048,0.2499274991,0.1499023062,662.7708748566,1258.52523238,3.0
20739,0.0,-422.616913,1400.321167,1750.701294,-0.6861948301,-0.6827703421,0.250920934,,,,
20740,0.0,-425.291595,1400.074829,1750.701294,-0.6905248677,-0.6783726928,0.2509699121,,,,
20741,0.0,-429.215576,1399.740112,1750.701294,-0.6952750821,-0.6735032891,0.2509698783,,,,
20742,0.0,-433.2341,1399.427734,1750.701294,-0.6979219544,-0.6707600657,0.2509698783,,,,
20743,0.0,-437.386383,1399.14209,1750.701294,-0.6994936186,-0.6691209014,0.2509699121,,,,
20744,0.0,-440.955261,1398.928101,1750.701294,-0.7001636405,-0.6684197631,0.2509699121,,,,
20745,0.0,-444.672974,1398.68335,1750.701294,-0.7002350279,-0.6683449902,0.2509698783,,,,
20746,0.0,-447.634094,1398.506226,1750.701294,-0.7002350279,-0.6683449902,0.2509698783,,,,
20747,0.0,-451.971283,1398.276611,1750.701294,-0.7002350279,-0.6683449902,0.2509698783,,,,
20748,0.0,-455.628082,1398.121094,1750.701294,-0.7012677611,-0.6672612528,0.2509700135,,,,
20749,0.0,-460.090179,1397.954346,1750.701294,-0.7023256472,-0.6664953161,0.2500453537,,,,
20750,0.0,-463.128632,1397.871948,1750.701294,-0.7040094239,-0.6649984347,0.2492946307,,,,
20751,0.0,-467.559021,1397.781494,1750.701294,-0.7070865829,-0.6621365447,0.2482010484,,,,
20752,0.0,-471.002716,1397.725098,1750.701294,-0.7089991092,-0.6604075566,0.2473502018,,,,
20753,0.0,-474.123596,1397.687622,1750.701294,-0.7107181592,-0.658846355,0.2465789503,,,,
20754,0.0,-478.526306,1397.649048,1750.701294,-0.7125710706,-0.6572496707,0.2454899992,,,,
20755,0.0,-482.367981,1397.624634,1750.701294,-0.7132953918,-0.6564981091,0.245397467,,,,
20756,0.0,-485.974823,1397.616333,1750.701294,-0.7140530719,-0.6559811515,0.2445750178,,,,
20757,0.0,-489.731995,1397.615356,1750.701294,-0.714145284,-0.6559206924,0.2444679091,,,,
20758,0.0,-493.320831,1397.62561,1750.701294,-0.714145284,-0.6559206924,0.2444679091,,,,
20759,0.0,-497.20993,1397.64917,1750.701294,-0.714145284,-0.6559206924,0.2444679091,,,,
20760,0.0,-501.347961,1397.687134,1750.701294,-0.714145284,-0.6559206924,0.2444679091,,,,
20761,0.0,-505.024445,1397.731689,1750.701294,-0.714145284,-0.6559206924,0.2444679091,,,,
20762,0.0,-508.891266,1397.788086,1750.701294,-0.714145284,-0.6559206924,0.2444679091,,,,
20763,0.0,-510.150818,1397.808228,1750.701294,-0.714145284,-0.6559206924,0.2444679091,,,,
20764,0.0,-515.416199,1397.904053,1750.701294,-0.714145284,-0.6559206924,0.2444679091,,,,
20765,0.0,-519.031555,1397.978882,1750.701294,-0.714145284,-0.6559206924,0.2444679091,,,,
20766,0.0,-523.528259,1398.078491,1750.701294,-0.714145284,-0.6559206924,0.2444679091,,,,
20767,0.0,-526.74176,1398.154297,1750.701294,-0.714145284,-0.6559206924,0.2444679091,,,,
20768,0.0,-530.683105,1398.255737,1750.701294,-0.714145284,-0.6559206924,0.2444679091,,,,
20769,0.0,-535.105347,1398.375,1750.701294,-0.714145284,-0.6559206924,0.2444679091,,,,
20770,0.0,-538.172791,1398.461914,1750.701294,-0.714145284,-0.6559206924,0.2444679091,,,,
20771,0.0,-545.076538,1398.66748,1750.701294,-0.714145284,-0.6559206924,0.2444679091,,,,
20772,0.0,-547.503296,1398.743652,1750.701294,-0.714145284,-0.6559206924,0.2444679091,,,,
20773,0.0,-549.930054,1398.819824,1750.701294,-0.714145284,-0.6559206924,0.2444679091,,,,
20774,0.0,-553.707336,1398.942261,1750.701294,-0.714145284,-0.6559206924,0.2444679091,,,,
20775,0.0,-557.426086,1399.065796,1750.701294,-0.714145284,-0.6559206924,0.2444679091,,,,
20776,0.0,-562.738464,1399.224243,1750.701294,-0.712605713,-0.6580628352,0.2432003345,,,,
20777,0.0,-563.9479675,1399.2531125,1750.701294,-0.7116290484,-0.6592282298,0.2428988176,,,,
20778,0.0,-565.157471,1399.281982,1750.701294,-0.7106523838,-0.6603936244,0.2425973006,,,,
20779,0.0,-572.933533,1399.397461,1750.701294,-0.6993618228,-0.6733699603,0.23972054,,,,
20780,0.0,-579.030518,1399.40271,1750.701294,-0.6849106336,-0.6885963231,0.23818591,,,,
20781,0.0,-583.060547,1399.365845,1750.701294,-0.671866732,-0.7019436798,0.2363687053,,,,
20782,0.0,-586.252319,1399.304077,1750.701294,-0.6581785972,-0.7153349658,0.2347271203,,,,
20783,0.0,-589.443848,1399.216919,1750.701294,-0.6424113895,-0.7300576004,0.2330740371,,,,
20784,0.0,-593.107056,1399.112427,1750.701294,-0.6288046544,-0.7423950929,0.2312017141,,,,
20785,0.0,-598.02832,1398.945679,1750.701294,-0.6153517066,-0.754071349,0.229605483,,,,
20786,0.0,-601.351196,1398.782593,1750.701294,-0.6026171708,-0.7650253504,0.2271315891,,,,
20787,0.0,-604.903015,1398.587646,1750.701294,-0.5918298637,-0.7742137547,0.2243445441,,,,
20788,0.0,-608.179443,1398.398682,1750.701294,-0.5868821133,-0.778107891,0.2238693706,,,,
20789,0.0,-612.742004,1398.068726,1750.701294,-0.5750746464,-0.7873772453,0.2220950802,,,,
20790,0.0,-616.002869,1397.795776,1750.701294,-0.5664942285,-0.7940341444,0.2204406194,,,,
20791,0.0,-619.619385,1397.468994,1750.701294,-0.5594259256,-0.7993233195,0.2193738012,,,,
20792,0.0,-623.951843,1397.020996,1750.701294,-0.5484993503,-0.8074071016,0.2173527895,0.1496162941,618.6200637514,1175.7193259535,3.0
20793,0.0,-627.210083,1396.65271,1750.701294,-0.5417282289,-0.8121898306,0.2165137525,0.1468945513,612.5502496699,1174.055997109,3.0
20794,0.0,-631.298767,1396.142212,1750.701294,-0.5309597887,-0.819785153,0.2145553673,0.1420556065,602.0634351702,1171.9166026689,3.0
20795,0.0,-634.181458,1395.753906,1750.701294,-0.5242248178,-0.8243040194,0.2138018334,0.1393778813,596.0508627717,1170.4619552244,3.0
20796,0.0,-637.428589,1395.278809,1750.701294,-0.5140468946,-0.8312158198,0.2117452502,0.1347180573,585.8542268796,1168.7037001245,3.0
20797,0.0,-641.807556,1394.600708,1750.701294,-0.5036772531,-0.8379854521,0.2099752528,0.1306076541,576.3524082789,1166.4162665998,3.0
20798,0.0,-644.955872,1394.052612,1750.701294,-0.4898801586,-0.8464959247,0.2084756092,0.1246108162,562.9944613537,1164.6100902175,3.0
20799,0.0,-647.970032,1393.518799,1750.701294,-0.4818976337,-0.8513183997,0.2074407214,0.1216342376,555.8786126554,1162.9524676182,3.0
20800,0.0,-652.802551,1392.61853,1750.701294,-0.4737866599,-0.8561568441,0.206207806,0.119279581,549.457287094,1160.0822054846,3.0
20801,0.0,-656.15332,1391.942627,1750.701294,-0.4645488489,-0.8614113017,0.2053410241,0.1160658857,541.4781058378,1157.9658481077,3.0
20802,0.0,-659.354797,1391.300293,1750.701294,-0.4590340123,-0.8645581917,0.2045162798,0.1145307794,537.2150048663,1156.0518227192,3.0
20803,0.0,-663.368408,1390.434448,1750.701294,-0.4503330562,-0.8693660344,0.2034768703,0.1118507607,530.140283139,1153.594497008,3.0
20804,0.0,-667.748108,1389.429321,1750.701294,-0.4400905806,-0.8748597184,0.2023382169,0.1087218622,521.8393304306,1150.8021532327,3.0
20805,0.0,-670.668396,1388.725342,1750.701294,-0.4333480539,-0.8783940581,0.2015771391,0.1067364187,516.4540947811,1148.867307699,3.0
20806,0.0,-673.891296,1387.947388,1750.701294,-0.4287542577,-0.880689118,0.2013863548,0.1059493403,513.7189822032,1146.7815298689,3.0
20807,0.0,-678.301086,1386.802612,1750.701294,-0.4189759351,-0.8855780411,0.2005260554,0.1032752776,506.2517699692,1143.8424678188,3.0
20808,0.0,-681.006592,1386.088623,1750.701294,-0.4147909409,-0.8875637465,0.2004471781,0.1025509458,503.7707028512,1142.0313084368,3.0
20809,0.0,-685.53363,1384.846558,1750.701294,-0.4076185331,-0.8910765457,0.1995738491,0.1010363481,498.8866384545,1138.9501765536,3.0
20810,0.0,-688.53717,1383.989258,1750.701294,-0.402594973,-0.8933722173,0.1995078171,0.1001535476,495.9321880715,1136.9199230701,3.0
20811,0.0,-692.764771,1382.757202,1750.701294,-0.3972057031,-0.8959799377,0.1986141502,0.0993684308,492.864146206,1134.1070262271,3.0
20812,0.0,-698.905579,1380.884033,1750.701294,-0.3892671501,-0.8996070199,0.1979350793,0.098494672,489.0640957929,1130.083771344,3.0
20813,0.0,-700.8734135,1380.2561645,1750.701294,-0.3863999977,-0.9009509222,0.1974137261,0.0980229843,487.4089195738,1128.8264219025,3.0
20814,0.0,-702.841248,1379.628296,1750.701294,-0.3835328453,-0.9022948244,0.1968923729,0.0975512966,485.7537433547,1127.5690724609,3.0
20815,0.0,-706.318054,1378.488403,1750.701294,-0.378480054,-0.9046264771,0.1959688386,0.0968047248,483.3838645562,1126.1654431705,3.0
20816,0.0,-713.293701,1376.140137,1750.701294,-0.3708720747,-0.907969002,0.19505434,0.0961842862,480.1433265541,1122.0349380441,3.0
20817,0.0,-716.452148,1375.015015,1750.701294,-0.3645835499,-0.9108219526,0.1936032177,0.094626099,475.8658061724,1120.6988467253,3.0
20818,0.0,-718.755371,1374.1722415,1750.701294,-0.3598613287,-0.9128504132,0.1928131452,0.0935390174,472.8696483078,1119.791591462,3.0
20819,0.0,-723.460388,1372.43396,1750.701294,-0.3487884065,-0.9174788942,0.1912567024,0.0910410612,466.6084054862,1119.2719207691,3.0
20820,0.0,-725.2188415,1371.7717895,1750.701294,-0.3448273236,-0.9189871738,0.191151027,0.0904213541,465.2499921646,1119.6579871174,3.0
20821,0.0,-729.470642,1370.168457,1750.701294,-0.3378328389,-0.9216130748,0.1910453173,0.0900116209,464.7123974949,1120.7780192906,3.0
20822,0.0,-731.790833,1369.266968,1750.701294,-0.3338292368,-0.9230708174,0.1910453002,0.089892657,464.6272942568,1121.2790889258,3.0
20823,0.0,-734.996643,1367.997314,1750.701294,-0.3286038714,-0.9249438736,0.1910453516,0.0898139302,464.3960856745,1121.1890900161,3.0
20824,0.0,-737.624756,1366.954956,1750.701294,-0.3263788288,-0.9257313578,0.1910453173,0.0904451062,465.7467979902,1120.7048916684,3.0
20825,0.0,-740.526733,1365.794312,1750.701294,-0.3252035752,-0.9261448671,0.1910453344,0.091395173,467.6544167196,1119.709600234,3.0
20826,0.0,-744.202454,1364.29895,1750.701294,-0.324074065,-0.9265407064,0.1910453344,0.0926558804,470.095630557,1118.2404390656,3.0
20827,0.0,-746.652832,1363.277954,1750.701294,-0.3226039871,-0.9270535805,0.1910453516,0.0932235332,471.0768085781,1117.3238088422,3.0
20828,0.0,-749.46283,1362.078003,1750.701294,-0.3194604758,-0.9281415183,0.1910453516,0.0933532393,470.9625902834,1116.3145756374,3.0
20829,0.0,-752.397339,1360.803223,1750.701294,-0.3157693109,-0.9295610368,0.1902787984,0.0931298258,470.0018510998,1115.3074676519,3.0
20830,0.0,-755.136414,1359.603516,1750.701294,-0.3130274851,-0.9305236133,0.1901041785,0.0933247305,470.0883010199,1114.4041072499,3.0
20831,0.0,-758.131409,1358.247437,1750.701294,-0.3072478345,-0.9326080259,0.1893172949,0.0923760631,467.3525020797,1113.3160390308,3.0
20832,0.0,-760.652222,1357.083862,1750.701294,-0.3016811622,-0.9345941928,0.1884732636,0.0912367991,464.3492531317,1112.7143896671,3.0
20833,0.0,-764.113892,1355.462646,1750.701294,-0.2939949992,-0.9372734814,0.1873108688,0.0896847043,460.1864059984,1111.7882208202,3.0
20834,0.0,-766.287292,1354.442139,1750.701294,-0.2904992916,-0.9385079444,0.1865824212,0.08921977,458.7732029344,1111.12296423,3.0
20835,0.0,-769.415466,1352.970703,1750.701294,-0.2870876892,-0.9397644373,0.1855356062,0.0890940891,458.0627083905,1110.1478922085,3.0
20836,0.0,-772.593689,1351.424194,1750.701294,-0.2804797237,-0.9419688406,0.1844609116,0.0877989494,454.4531030617,1109.1177029457,3.0
20837,0.0,-774.83783,1350.32019,1750.701294,-0.276138411,-0.9433989668,0.1837007549,0.0870012923,452.208598092,1108.4564262945,3.0
20838,0.0,-777.963623,1348.787476,1750.701294,-0.2726085943,-0.9446295729,0.1826458986,0.0868127124,451.5008253257,1107.8683167256,3.0
20839,0.0,-780.123169,1347.694946,1750.701294,-0.2679869566,-0.9460929875,0.1819094558,0.0858800088,449.0428878416,1107.5343446433,3.0
20840,0.0,-783.486816,1345.974243,1750.701294,-0.2611302863,-0.948228171,0.1807603643,0.0845710081,445.623457949,1107.1953730025,3.0
20841,0.0,-785.933167,1344.700317,1750.701294,-0.2556086922,-0.9500350836,0.1791578534,0.0832093811,442.0920552944,1106.9786040622,3.0
20842,0.0,-788.210083,1343.517578,1750.701294,-0.2521192121,-0.9511474059,0.1781979663,0.0826307037,440.5718816305,1106.8612057304,3.0
20843,0.0,-791.564087,1341.743652,1750.701294,-0.2461789702,-0.9530671778,0.1762352666,0.0813698734,437.2749974478,1106.6930841632,3.0
20844,0.0,-794.642273,1340.289551,1750.701294,-0.2392103845,-0.9553931891,0.1732115647,0.0796893804,433.1824192046,1107.3498612029,3.0
20845,0.0,-796.47821,1339.55542,1750.701294,-0.23378129,-0.9571461167,0.1709316231,0.0781812552,429.5238906096,1108.1021384461,3.0
20846,0.0,-799.9953,1338.293091,1750.701294,-0.2262907667,-0.9594979513,0.1677980046,0.0764125087,425.1938406225,1109.0439660551,3.0
20847,0.0,-802.871094,1337.401489,1750.701294,-0.2166342455,-0.9623600052,0.1641122301,0.0736530761,418.1427737842,1110.0994797346,3.0
20848,0.0,-805.532715,1336.732056,1750.701294,-0.2102534603,-0.9642413618,0.1613445961,0.0721248889,414.3342731988,1111.1401282516,3.0
20849,0.0,-808.600952,1336.059937,1750.701294,-0.2001472459,-0.9668903089,0.1583168041,0.069562326,407.6057982458,1112.3089030194,3.0
20850,0.0,-811.383728,1335.549927,1750.701294,-0.1904703596,-0.9695426998,0.1539740091,0.0667792493,399.9855575474,1113.2246648818,3.0
20851,0.0,-814.546387,1335.09668,1750.701294,-0.1838670324,-0.9712026291,0.1515201887,0.0654699855,396.5738556711,1114.3335883596,3.0
20852,0.0,-820.223938,1334.484131,1750.701294,-0.165379842,-0.975491075,0.1451436202,0.0609869778,383.8777886259,1116.308072114,3.0
20853,0.0,-821.8280945,1334.355896,1750.701294,-0.1595135457,-0.9767421386,0.143144147,0.0595892771,379.7473188746,1116.8580845077,3.0
20854,0.0,-823.432251,1334.227661,1750.701294,-0.1536472494,-0.9779932023,0.1411446739,0.0581915763,375.6168491234,1117.4080969013,3.0
20855,0.0,-829.287842,1333.951416,1750.701294,-0.1360063223,-0.9815269787,0.1345625147,0.0540836744,363.4037558824,1120.1965634595,3.0
20856,0.0,-830.71109,1333.918701,1750.701294,-0.1320047986,-0.9822409988,0.1332634378,0.0532024937,360.7006711006,1120.8261355332,3.0
20857,0.0,-835.46936,1333.842651,1750.701294,-0.1208076789,-0.984168259,0.1296855528,0.050884861,353.4894711161,1122.4407859636,3.0
20858,0.0,-838.43866,1333.835938,1750.701294,-0.1136938478,-0.9853612789,0.127030937,0.0492869963,348.3189713778,1123.3478639471,3.0
20859,0.0,-841.818787,1333.865234,1750.701294,-0.1061759717,-0.9866064673,0.1238319088,0.0475028412,342.3486420603,1124.122424289,3.0
20860,0.0,-844.783142,1333.920532,1750.701294,-0.1015943688,-0.987320128,0.1219735591,0.0465556682,339.1203393202,1124.5196177612,3.0
20861,0.0,-847.962402,1334.010254,1750.701294,-0.099470111,-0.9876644069,0.1209326932,0.0464275423,338.7838658869,1124.9160427194,3.0
20862,0.0,-850.55957,1334.094116,1750.701294,-0.0958385273,-0.9881900241,0.1195635935,0.0456427352,336.1157486383,1125.3848181934,3.0
20863,0.0,-854.186829,1334.224487,1750.701294,-0.0918674149,-0.9887454251,0.1180798987,0.0450710208,334.4298491709,1126.6547281703,3.0
20864,0.0,-856.159058,1334.304443,1750.701294,-0.0894779221,-0.9890688197,0.1172031198,0.044823127,333.9200391457,1127.9721620092,3.0
20865,0.0,-859.303711,1334.451416,1750.701294,-0.086848846,-0.9894167933,0.1162397831,0.0445840883,333.1276173652,1128.2390340533,3.0
20866,0.0,-863.212891,1334.641602,1750.701294,-0.0840056017,-0.9897840359,0.1151981818,0.0444969206,332.9806830491,1128.820296452,3.0
20867,0.0,-866.258179,1334.788452,1750.701294,-0.0816996898,-0.9900749423,0.1143537023,0.0443061117,332.2983782093,1128.8752810408,3.0
20868,0.0,-869.553772,1334.962891,1750.701294,-0.0796612185,-0.9903535599,0.1133751144,0.0441454984,331.6743326902,1128.7568001998,3.0
20869,0.0,-872.700989,1335.132935,1750.701294,-0.0758862816,-0.9907640098,0.1123741485,0.0435663737,329.5091195575,1128.6497067261,3.0
20870,0.0,-875.542664,1335.291626,1750.701294,-0.0732215871,-0.9910632871,0.1114995973,0.043021487,327.5464678707,1128.85245812,3.0
20871,0.0,-878.7052,1335.45459,1750.701294,-0.0651761746,-0.9917352874,0.1105132844,0.0411755228,320.7407377749,1129.3714417582,3.0
20872,0.0,-879.212646,1335.480713,1750.701294,-0.0639297184,-0.9918404494,0.1102973887,0.0409289916,319.870147198,1129.6218888008,3.0
20873,0.0,-885.069824,1335.7854,1750.701294,-0.050238279,-0.9929265382,0.1075779025,0.0378477372,308.1469986654,1130.7631042377,3.0
20874,0.0,-887.874146,1335.923096,1750.701294,-0.042359004,-0.9933884481,0.1067010119,0.0361715422,301.550847312,1131.4236851603,3.0
20875,0.0,-890.921021,1336.078247,1750.701294,-0.0372452039,-0.9936942433,0.105757012,0.0351871147,297.6836583329,1132.1463411304,3.0
20876,0.0,-893.911926,1336.225464,1750.701294,-0.0304466082,-0.9940320639,0.1047533294,0.0338120959,292.0612965934,1132.7275227963,3.0
20877,0.0,-896.374207,1336.349365,1750.701294,-0.0258348149,-0.9942569825,0.1038538156,0.0328756993,288.2039745913,1133.3043718836,3.0
20878,0.0,-899.095398,1336.499878,1750.701294,-0.0252667472,-0.9942834398,0.1037402182,0.0328595668,288.3204968783,1134.0362003652,3.0
20879,0.0,-901.032532,1336.605347,1750.701294,-0.0244363552,-0.9943041947,0.1037402182,0.0327414061,287.978037909,1134.6971899127,3.0
20880,0.0,-903.14801,1336.723022,1750.701294,-0.0243134895,-0.9943072067,0.1037402182,0.0327716387,288.1779120873,1134.9695829152,3.0
20881,0.0,-905.114075,1336.832397,1750.701294,-0.0243134895,-0.9943072067,0.1037402182,0.0328109739,288.4547646644,1135.3901166493,3.0
20882,0.0,-906.631531,1336.919678,1750.701294,-0.0243134895,-0.9943072067,0.1037402182,0.0327940679,288.3780907314,1135.3759839541,3.0
20883,0.0,-908.088501,1337.00769,1750.701294,-0.0243134895,-0.9943072067,0.1037402182,0.0327253249,288.0408643665,1135.2189222598,3.0
20884,0.0,-909.268127,1337.082886,1750.701294,-0.0243157355,-0.9943990599,0.1028555043,0.0325203201,287.098206828,1135.0054490315,3.0
20885,0.0,-910.171204,1337.139893,1750.701294,-0.0225995696,-0.9946230687,0.1010653785,0.0317155844,283.478143673,1134.5908954268,3.0
20886,0.0,-910.806763,1337.182129,1750.701294,-0.0200783263,-0.9948479644,0.0993699576,0.0308000282,279.2911584158,1134.0617943241,3.0
20887,0.0,-911.366699,1337.226074,1750.701294,-0.0177794645,-0.9950975857,0.0972866154,0.0298016871,274.6294881006,1133.3701513452,3.0
20888,0.0,-911.65155,1337.249023,1750.701294,-0.0129280683,-0.9953732284,0.0952103003,0.0283230796,267.6334680266,1132.5367639159,3.0
20889,0.0,-911.695923,1337.260254,1750.701294,-0.0103514803,-0.9954860654,0.0943416161,0.0275089646,263.6397280338,1131.7909423746,3.0
20890,0.0,-911.539795,1337.239258,1749.601318,-0.0025282226,-0.9957804031,0.0917332926,0.0253331107,252.9026595901,1130.7385889036,3.0
20891,0.0,-911.364807,1337.225098,1748.112549,0.0021771303,-0.995977301,0.0895794391,0.0237484937,244.704070174,1129.5411367938,3.0
20892,0.0,-911.16333,1337.200928,1746.794189,0.0106725742,-0.9961537626,0.0869699798,0.0216302587,233.4215193254,1128.3824010109,3.0
20893,0.0,-910.962952,1337.191162,1745.247925,0.0147779667,-0.996215915,0.0856473144,0.0203647679,226.2851986041,1126.9997721145,3.0
20894,0.0,-910.812134,1337.190552,1744.017456,0.015695454,-0.9962054097,0.0856062759,0.0198489702,223.1928516105,1125.8023047389,3.0
20895,0.0,-910.419434,1337.188721,1741.163818,0.0185904617,-0.9962372212,0.084651012,0.018350548,214.1312465898,1122.9026587248,3.0
20896,0.0,-910.3063355,1337.1879885,1740.4263305,0.0195273044,-0.9962919812,0.0837814765,0.017837008,210.9745454516,1122.1241308802,3.0
20897,0.0,-909.992188,1337.186768,1738.455566,0.0221432386,-0.9964488832,0.0812360768,0.0164483007,202.3225033689,1120.1131844276,3.0
20898,0.0,-909.729309,1337.188354,1737.03125,0.0234175521,-0.9965227101,0.0799631569,0.0155931234,196.7410667693,1118.4410591563,3.0
20899,0.0,-909.461182,1337.192017,1737.03125,0.0244591985,-0.996655072,0.0779770163,0.0148726678,191.9198882111,1116.9438968901,3.0
20900,0.0,-909.221619,1337.194458,1737.03125,0.0253379226,-0.9966342887,0.0779620696,0.0144936913,189.237662765,1115.5330366409,3.0
20901,0.0,-909.155579,1337.193115,1737.03125,0.0263311055,-0.9966791031,0.0770547751,0.0139961947,185.7564470229,1114.1633520756,3.0
20902,0.0,-909.267578,1337.190308,1737.03125,0.026381449,-0.9967547787,0.0760521546,0.0136109074,182.9744437727,1112.7938966376,3.0
20903,0.0,-909.382385,1337.184326,1737.03125,0.0273074007,-0.9968000726,0.0751260349,0.0131788216,179.8797698425,1111.6412217862,3.0
20904,0.0,-909.519592,1337.180664,1737.03125,0.02733906,-0.9968015955,0.0750943074,0.0129607759,178.2085209933,1110.4774511762,3.0
20905,0.0,-909.667236,1337.173584,1737.03125,0.0282833133,-0.9968458446,0.0741513072,0.0125244049,175.0346954549,1109.4166807406,3.0
20906,0.0,-909.809998,1337.166382,1737.03125,0.0291608661,-0.9968853245,0.0732754642,0.0121611553,172.3458831409,1108.4673597248,3.0
20907,0.0,-909.983154,1337.158325,1737.03125,0.0301504423,-0.996934496,0.0721980716,0.0117313549,169.1512441153,1107.5506012065,3.0
20908,0.0,-910.165588,1337.147339,1737.03125,0.0321074753,-0.9969463577,0.0711833544,0.0112357524,165.4291336414,1106.6728680434,3.0
20909,0.0,-910.307373,1337.129639,1737.03125,0.0362955111,-0.9969786475,0.0686746839,0.0104336275,159.3416772298,1105.9423899246,3.0
20910,0.0,-910.49707,1337.113037,1737.03125,0.0394631154,-0.996941582,0.0674547595,0.0098692938,154.8815099153,1105.136020431,3.0
20911,0.0,-910.66803,1337.090698,1737.03125,0.0446164033,-0.9968917514,0.0649323696,0.0090636891,148.3393555332,1104.2698240551,3.0
20912,0.0,-910.883362,1337.070557,1737.03125,0.048027279,-0.996869154,0.0628113873,0.008440851,143.0699712635,1103.4655253802,3.0
20913,0.0,-911.099731,1337.040039,1737.03125,0.0548846697,-0.9966453163,0.0607106782,0.0076854975,136.408803095,1102.3701839612,3.0
20914,0.0,-911.301514,1337.012817,1737.03125,0.0602087114,-0.9964558169,0.0587427962,0.0071304822,131.3169652272,1101.5949963619,3.0
20915,0.0,-911.576965,1336.988281,1737.03125,0.0632186604,-0.9963089553,0.058067775,0.0068431402,128.5627679047,1100.8211247177,3.0
20916,0.0,-911.815918,1336.967773,1737.03125,0.0650713232,-0.9962092805,0.0577303416,0.0066833095,126.9892902122,1100.2291744874,3.0
20917,0.0,-912.126587,1336.946289,1737.03125,0.0657727976,-0.9961916155,0.0572381362,0.0065374077,125.5431427149,1099.7302358023,3.0
20918,0.0,-912.431458,1336.927002,1737.03125,0.0658054172,-0.996191341,0.0572054127,0.0064854344,124.9933886602,1099.278671771,3.0
20919,0.0,-912.780396,1336.903198,1737.03125,0.0661817328,-0.9961664113,0.0572054127,0.0064228249,124.3432229208,1098.860471658,3.0
20920,0.0,-913.070923,1336.882812,1737.03125,0.0665120357,-0.9961444122,0.0572054127,0.0063816713,123.9097612119,1098.5435956523,3.0
20921,0.0,-913.441284,1336.856934,1737.03125,0.0670089281,-0.9961312321,0.0568539527,0.0062928544,123.0100344113,1098.2115723593,3.0
20922,0.0,-913.823303,1336.831665,1737.03125,0.0670484443,-0.9961303658,0.0568225353,0.0062550592,122.6125086043,1097.9543060479,3.0
20923,0.0,-914.175049,1336.807983,1737.03125,0.0670484443,-0.9961303658,0.0568225353,0.0062343193,122.3868161929,1097.7490191194,3.0
20924,0.0,-914.577454,1336.78125,1737.03125,0.0670484443,-0.9961303658,0.0568225353,0.0062164103,122.190505406,1097.560874323,3.0
20925,0.0,-914.785583,1336.766602,1737.03125,0.0673122037,-0.9961332903,0.0564582599,0.0061579475,121.5999529477,1097.4128461541,3.0
20926,0.0,-915.2229,1336.735962,1737.03125,0.0676384931,-0.9961365975,0.0560081547,0.0060950034,120.9622180703,1097.2624929483,3.0
20927,0.0,-915.759033,1336.698975,1737.03125,0.0679621225,-0.9961395879,0.0555614189,0.0060330197,120.3330937003,1097.131617954,3.0
20928,0.0,-916.244507,1336.665771,1737.03125,0.0682733398,-0.9961421937,0.0551314887,0.0059774219,119.7660258586,1097.0126819294,3.0
20929,0.0,-916.698608,1336.634277,1737.03125,0.0685350027,-0.9961624053,0.0544372635,0.0058961951,118.9398414898,1096.9013007878,3.0
20930,0.0,-916.846802,1336.623657,1737.03125,0.0687777477,-0.9961823533,0.0537618866,0.00580251,117.9837398234,1096.806782695,3.0
20931,0.0,-916.976562,1336.614868,1737.03125,0.0687802583,-0.9962015103,0.0534024993,0.0057548431,117.491245931,1096.7294216255,3.0
20932,0.0,-917.019775,1336.612915,1737.03125,0.0683497,-0.9962510397,0.0530300335,0.0057112127,117.0392468626,1096.6633405409,3.0
20933,0.0,-917.029724,1336.614624,1737.03125,0.0675615698,-0.9963462124,0.0522461425,0.0056280394,116.1787089692,1096.5915700812,3.0
20934,0.0,-917.032898,1336.609009,1737.03125,0.0670835428,-0.9964083709,0.0516735589,0.0055440614,115.3006331696,1096.4919688017,3.0
20935,0.0,-917.032898,1336.609131,1737.03125,0.0670673019,-0.9964105315,0.0516529741,0.0055371742,115.2244144511,1096.4464925435,3.0
20936,0.0,-917.032898,1336.609131,1737.03125,0.0670673019,-0.9964105315,0.0516529741,0.0056038412,116.0025810187,1097.2839492669,3.0
20937,0.0,-917.032898,1336.609131,1737.03125,0.0670673019,-0.9964105315,0.0516529741,0.0056633707,116.6288218986,1097.4106302485,3.0
20938,0.0,-917.032898,1336.609131,1737.03125,0.0670673019,-0.9964105315,0.0516529741,0.0057165168,117.1960582206,1097.6245571601,3.0
20939,0.0,-917.032898,1336.609131,1737.03125,0.0670673019,-0.9964105315,0.0516529741,0.0057429745,117.4991626869,1097.9328097979,3.0
20940,0.0,-917.032898,1336.609131,1737.03125,0.0670673019,-0.9964105315,0.0516529741,0.0057951651,118.0890011984,1098.478754595,3.0
20941,0.0,-917.032898,1336.609131,1737.03125,0.0670673019,-0.9964105315,0.0516529741,0.0058426009,118.6267896946,1099.0057107698,3.0
20942,0.0,-917.045166,1336.604004,1737.03125,0.0656006359,-0.9965250561,0.0513261066,0.0058785827,119.0285585752,1099.3577939142,3.0
20943,0.0,-917.073914,1336.592285,1737.03125,0.0621256173,-0.9967736038,0.0508211621,0.0059797829,120.1065912644,1099.9155791245,3.0
20944,0.0,-917.094727,1336.583984,1737.03125,0.059624386,-0.9969278717,0.0507912509,0.0061361263,121.7408964306,1100.6306414035,3.0
20945,0.0,-917.117371,1336.575073,1737.03125,0.0569064092,-0.997105693,0.0504172354,0.0062743821,123.1567093929,1101.1333064221,3.0
20946,0.0,-917.151245,1336.562012,1737.03125,0.0528669351,-0.9973489555,0.050001482,0.0064552814,124.9498678063,1101.4511029549,3.0
20947,0.0,-917.183777,1336.549805,1737.03125,0.0489978388,-0.997550128,0.0499294899,0.0067388443,127.727214011,1102.0685985442,3.0
20948,0.0,-917.199463,1336.544067,1737.03125,0.0471369168,-0.9976397941,0.0499294725,0.0069242461,129.517672265,1102.5057910028,3.0
20949,0.0,-917.19989,1336.543945,1737.03125,0.0470936129,-0.9976418392,0.0499294725,0.0069738153,130.0010238083,1102.6940987411,3.0
20950,0.0,-917.200317,1336.543823,1737.03125,0.0470335583,-0.9976446714,0.0499294899,0.006982016,130.0540502331,1102.4981087412,3.0
20951,0.0,-917.203857,1336.54248,1737.03125,0.0466153658,-0.9976643,0.0499294725,0.0070531434,130.6343517305,1101.8390965207,3.0
20952,0.0,-917.203857,1336.54248,1737.03125,0.0466153658,-0.9976643,0.0499294725,0.0070495919,130.4528115315,1100.5840348267,3.0
20953,0.0,-917.203857,1336.54248,1737.03125,0.0466153658,-0.9976643,0.0499294725,0.0070980006,130.9198331762,1100.7646068755,3.0
20954,0.0,-917.203857,1336.54248,1737.03125,0.0466153658,-0.9976643,0.0499294725,0.0071593694,131.4626617925,1100.598081571,3.0
21147,0.0,644.54657,475.438782,1675.551636,1.0,0.0,0.0,,,,
21148,0.0,645.223145,475.638763,1675.402466,1.0,0.0,0.0,,,,
21149,0.0,645.234985,475.440277,1675.466553,1.0,0.0,0.0,,,,
21150,0.0,644.870728,474.643219,1675.568848,0.9662605761,-0.2573886681,0.0095693546,,,,
21151,0.0,643.859558,472.943268,1675.632202,0.8207585881,-0.5708305803,0.0225341677,,,,
21152,0.0,643.502441,472.500458,1675.824097,0.7776080182,-0.6282475164,0.0251162942,,,,
21153,0.0,643.496826,472.357605,1675.927612,0.7776080182,-0.6282475164,0.0251162942,,,,
21154,0.0,643.4759215,472.27092,1675.9938965,0.7776080182,-0.6282475164,0.0251162942,,,,
21155,0.0,643.420532,472.0672,1676.106323,0.7776080182,-0.6282475164,0.0251162942,,,,
21156,0.0,642.067688,471.855011,1676.927612,0.7776080182,-0.6282475164,0.0251162942,,,,
21157,0.0,643.026794,470.716492,1676.245117,0.7776080182,-0.6282475164,0.0251162942,,,,
21158,0.0,643.013123,470.704712,1676.317505,0.7776080182,-0.6282475164,0.0251162942,,,,
21159,0.0,643.01355,470.697968,1676.357422,0.7776080182,-0.6282475164,0.0251162942,,,,
21160,0.0,643.0578,470.679443,1676.449585,0.7776080182,-0.6282475164,0.0251162942,,,,
21161,0.0,643.120728,470.666809,1676.503906,0.7776080182,-0.6282475164,0.0251162942,,,,
21162,0.0,643.232849,470.654755,1676.526123,0.7776080182,-0.6282475164,0.0251162942,,,,
21163,0.0,643.327637,470.644196,1676.537598,0.7776080182,-0.6282475164,0.0251162942,,,,
21164,0.0,643.40863,470.637421,1676.526978,0.7776080182,-0.6282475164,0.0251162942,,,,
21165,0.0,644.236206,470.660492,1676.477173,0.9416514883,-0.3363503936,0.0126841369,,,,
21166,0.0,645.525696,471.780701,1676.375977,0.9996294391,-0.0272036958,0.0009712581,,,,
21167,0.0,645.640259,472.0,1676.32666,1.0,0.0,0.0,,,,
21168,0.0,645.739624,472.0,1676.221191,1.0,0.0,0.0,,,,
21169,0.0,645.826477,472.0,1676.124268,1.0,0.0,0.0,,,,
21170,0.0,645.901306,472.0,1676.035034,1.0,0.0,0.0,,,,
21171,0.0,646.02417,472.0,1675.88501,1.0,0.0,0.0,,,,
21172,0.0,645.931885,472.0,1675.998413,1.0,0.0,0.0,,,,
21173,0.0,645.936523,472.0,1675.99292,1.0,0.0,0.0,,,,
21174,0.0,645.935974,472.0,1675.99353,1.0,0.0,0.0,,,,
21175,0.0,646.235229,472.0,1675.608887,1.0,0.0,0.0,,,,
21176,0.0,646.324707,472.0,1675.490356,1.0,0.0,0.0,,,,
21177,0.0,646.624023,472.0,1675.096069,1.0,0.0,0.0,,,,
21178,0.0,646.739502,472.0,1674.951538,1.0,0.0,0.0,,,,
21179,0.0,646.777283,472.0,1674.898926,1.0,0.0,0.0,,,,
21180,0.0,646.813049,472.0,1674.822998,1.0,0.0,0.0,,,,
21181,0.0,646.81134,472.0,1674.769653,1.0,0.0,0.0,,,,
21182,0.0,646.788696,472.0,1674.736572,1.0,0.0,0.0,,,,
21183,0.0,646.768066,472.0,1674.736816,1.0,0.0,0.0,,,,
21184,0.0,646.733459,472.0,1674.744629,1.0,0.0,0.0,,,,
21185,0.0,646.685791,472.0,1674.782471,1.0,0.0,0.0,,,,
21186,0.0,646.588806,472.0,1674.854736,1.0,0.0,0.0,,,,
21187,0.0,646.495789,472.0,1674.920044,1.0,0.0,0.0,,,,
21188,0.0,646.484985,472.0,1674.963379,1.0,0.0,0.0,,,,
21189,0.0,646.340515,472.0,1675.07959,1.0,0.0,0.0,,,,
21190,0.0,646.29541,472.085327,1675.147949,1.0,0.0,0.0,,,,
21191,0.0,646.190552,472.376465,1675.255127,0.9999984572,-0.0017566032,0.0,,,,
21192,0.0,646.356812,472.371918,1675.261353,0.999940737,-0.0108867997,0.0,,,,
21193,0.0,646.771057,472.353271,1675.288574,0.9996072753,-0.0280096456,0.0008688597,,,,
21194,0.0,648.174011,472.230865,1675.283203,0.9969880167,-0.0774228124,0.0045390273,,,,
21195,0.0,649.113953,472.095947,1675.227051,0.9939626747,-0.1094820042,0.0072036097,,,,
21196,0.0,650.185547,471.891785,1675.251465,0.9893585626,-0.1451483167,0.0100797166,,,,
21197,0.0,651.294434,471.669708,1675.291382,0.9841214001,-0.1769787743,0.013549292,,,,
21198,0.0,652.762512,471.291595,1675.25293,0.9774284064,-0.2105443071,0.0174586712,,,,
21199,0.0,654.294678,470.872833,1675.194458,0.9678649488,-0.2503765883,0.0234308555,,,,
21200,0.0,656.489929,470.187256,1675.093628,0.9525332268,-0.3027908279,0.0315937707,,,,
21201,0.0,657.895142,469.63623,1675.068481,0.9433657878,-0.3298512251,0.0354846396,,,,
21202,0.0,660.661865,468.80423,1675.114136,0.9259219058,-0.3753910462,0.0418352325,,,,
21203,0.0,662.965698,468.013123,1675.18335,0.9143172729,-0.4024073268,0.045741314,,,,
21204,0.0,665.225952,467.294128,1675.255737,0.9024119946,-0.4279659028,0.0499777752,,,,
21205,0.0,667.845642,466.329102,1675.366211,0.8864682344,-0.4594490607,0.055503424,,,,
21206,0.0,670.710999,465.210724,1675.518066,0.8690099387,-0.4909642386,0.0614478876,,,,
21207,0.0,673.790588,463.793732,1675.671509,0.8528103725,-0.5179463991,0.0666783042,,,,
21208,0.0,676.223511,462.902191,1675.769165,0.8394355635,-0.5387726525,0.0712177197,,,,
21209,0.0,678.609802,461.937042,1675.827637,0.8240169781,-0.5614977325,0.0756063235,,,,
21210,0.0,681.542542,460.838104,1675.861816,0.8128372983,-0.5769944235,0.0798308316,,,,
21211,0.0,684.82782,459.627686,1675.864624,0.7978839412,-0.596918448,0.084080811,,,,
21212,0.0,687.51123,458.422974,1675.879028,0.7908329424,-0.6059626003,0.0859801382,,,,
21213,0.0,690.210205,456.934143,1675.928955,0.7857908518,-0.6122226268,0.0878418604,,,,
21214,0.0,692.720459,455.280579,1676.01001,0.7815043428,-0.6175245565,0.0889628252,,,,
21215,0.0,694.851685,453.64325,1676.110596,0.7794003257,-0.6201525532,0.0891400198,,,,
21216,0.0,697.427124,451.193573,1676.268677,0.7770953315,-0.6229018855,0.0900893265,,,,
21217,0.0,699.006775,449.486603,1676.375122,0.7750707532,-0.6253053909,0.0908762656,,,,
21218,0.0,700.575745,447.513214,1676.464966,0.77147878,-0.6296048556,0.0917508461,,,,
21219,0.0,702.235596,445.24826,1676.001953,0.7662397149,-0.6358323206,0.0927036098,,,,
21220,0.0,703.772217,442.641144,1675.928223,0.7589333952,-0.6443813174,0.0937700352,,,,
21221,0.0,704.605286,440.171844,1675.794556,0.7516743174,-0.6526896669,0.0947729875,,,,
21222,0.0,705.536682,438.166901,1675.558228,0.7480664805,-0.6568078803,0.0948680616,,,,
21223,0.0,707.342712,435.132721,1675.55188,0.7394244361,-0.6665219858,0.0948680442,,,,
21224,0.0,708.616455,432.507111,1675.534058,0.7332438133,-0.6733153504,0.0948680616,,,,
21225,0.0,709.906677,430.003296,1675.512695,0.7282486737,-0.6787149035,0.0948680616,,,,
21226,0.0,710.904663,427.10321,1675.497437,0.7242556377,-0.6829742495,0.0948680442,,,,
21227,0.0,711.620483,423.650238,1675.503662,0.7196803503,-0.6877937513,0.0948680616,,,,
21228,0.0,712.447144,420.593842,1675.463379,0.7172712851,-0.690305694,0.0948680789,,,,
21229,0.0,713.815918,414.7612,1675.708496,0.7154955605,-0.6921460495,0.0948680616,,,,
21230,0.0,714.2846985,412.364258,1675.821533,0.7154955605,-0.6921460495,0.0948680616,,,,
21231,0.0,714.753479,409.967316,1675.93457,0.7154955605,-0.6921460495,0.0948680616,,,,
21232,0.0,714.921082,406.941284,1676.121948,0.7154955605,-0.6921460495,0.0948680616,,,,
21233,0.0,714.848999,402.664581,1676.461914,0.7154955605,-0.6921460495,0.0948680616,,,,
21234,0.0,715.436768,398.842773,1676.490845,0.7154955605,-0.6921460495,0.0948680616,,,,
21235,0.0,715.887756,395.164856,1676.397949,0.7154955605,-0.6921460495,0.0948680616,,,,
21236,0.0,716.514709,388.553192,1676.022583,0.7154955605,-0.6921460495,0.0948680616,,,,
21237,0.0,716.774597,384.210663,1675.606812,0.7160099695,-0.6916138936,0.0948680442,,,,
21238,0.0,716.9305725,381.9333345,1675.449097,0.7164150048,-0.6911940779,0.0948680529,,,,
21239,0.0,717.369629,376.03717,1675.171265,0.7174653059,-0.6901040422,0.0948680442,,,,
21240,0.0,717.524292,372.353455,1674.834961,0.7193957288,-0.6880914471,0.0948680442,,,,
21241,0.0,717.743835,368.791748,1674.657959,0.7219340396,-0.6854278177,0.0948680616,,,,
21242,0.0,717.98877,364.962616,1674.50415,0.7273228172,-0.6797069764,0.0948680442,,,,
21243,0.0,718.220825,361.396637,1674.435303,0.7325045168,-0.6741195644,0.0948680442,,,,
21244,0.0,718.390442,358.697662,1674.379639,0.7384038441,-0.6676524649,0.0948680616,,,,
21245,0.0,718.798767,354.980988,1674.534302,0.7473183492,-0.6576589815,0.0948680616,,,,
21246,0.0,719.117432,351.768982,1674.703247,0.756828247,-0.6466923963,0.0948680616,,,,
21247,0.0,719.48053,347.619232,1675.008301,0.7696799083,-0.6313421362,0.0948680442,,,,
21248,0.0,719.823975,343.845917,1675.270996,0.7845383541,-0.6127802421,0.0948680442,,,,
21249,0.0,720.223694,340.000092,1675.577271,0.8014837118,-0.5904438252,0.0948680616,,,,
21250,0.0,720.493469,337.49585,1675.702148,0.8132176141,-0.5741751996,0.0948680789,,,,
21251,0.0,721.08783,332.643646,1675.933228,0.8374460735,-0.5382231212,0.0948680442,,,,
21252,0.0,721.508911,329.861755,1675.970337,0.8513454201,-0.5159564225,0.0948680442,,,,
21253,0.0,722.149353,325.898438,1676.002686,0.8690345778,-0.4855707503,0.0948680616,,,,
21254,0.0,723.041382,322.616058,1675.821289,0.8786115605,-0.4678763787,0.0955689284,,,,
21255,0.0,724.119446,319.051453,1675.917114,0.8921996458,-0.4413591006,0.0958224206,,,,
21256,0.0,725.532654,315.711609,1675.970825,0.9046045927,-0.4151471453,0.096661154,,,,
21257,0.0,727.104675,312.639374,1676.010498,0.9147796109,-0.392189404,0.0967767264,,,,
21258,0.0,728.721985,310.047516,1675.957153,0.9215974454,-0.3758888406,0.0967766916,,,,
21259,0.0,730.434814,307.466888,1675.89502,0.9265860083,-0.3634179933,0.096776709,,,,
21260,0.0,732.24585,304.989105,1675.723999,0.9304679609,-0.3535648528,0.0960274371,,,,
21261,0.0,734.586731,302.130035,1675.464233,0.933889972,-0.3447312994,0.0949202373,,,,
21262,0.0,736.601746,299.882446,1675.413696,0.9360318739,-0.3388869801,0.0948680442,,,,
21263,0.0,738.757935,297.679199,1675.3302,0.9377047689,-0.3344488073,0.09409443,,,,
21264,0.0,741.026978,295.49646,1675.431152,0.9392453268,-0.3301491363,0.0939135979,,,,
21265,0.0,744.0979,292.792114,1675.541504,0.9412384173,-0.3246938275,0.0929739754,,,,
21266,0.0,746.013184,291.203857,1675.581787,0.9428357307,-0.3200303166,0.0929590306,,,,
21267,0.0,749.140137,288.800781,1675.953369,0.9451074103,-0.3135079883,0.0921125632,,,,
21268,0.0,751.675232,287.036469,1676.49353,0.9467419043,-0.3085691952,0.0920044473,,,,
21269,0.0,754.700928,285.38205,1676.914673,0.9491269029,-0.3011533002,0.0920044125,,,,
21270,0.0,757.419434,283.898743,1677.593506,0.9510748792,-0.2949436539,0.0920044299,,,,
21271,0.0,760.226257,283.096924,1677.263672,0.9524603878,-0.2904382801,0.0920044299,,,,
21272,0.0,764.123535,281.864868,1677.135864,0.9544535286,-0.2838197431,0.0920044299,,,,
21273,0.0,769.490356,280.51944,1677.069214,0.9586110712,-0.26944387,0.0920044299,,,,
21274,0.0,772.991272,280.135712,1677.302124,0.961801174,-0.2578249146,0.0920044299,,,,
21275,0.0,774.846802,280.008377,1677.387451,0.9638749999,-0.2498236342,0.0920044299,,,,
21276,0.0,779.786377,279.365784,1677.741333,0.9689631238,-0.229115729,0.0928248216,,,,
21277,0.0,781.455078,279.1481785,1677.8079835,0.9698905894,-0.2249143779,0.0933114076,,,,
21278,0.0,783.123779,278.930573,1677.874634,0.9708180551,-0.2207130268,0.0937979937,,,,
21279,0.0,789.209229,278.15683,1677.858154,0.9718478009,-0.2160835209,0.0939135979,,,,
21280,0.0,791.336548,277.9306795,1677.6800535,0.9718478009,-0.2160835209,0.0939135979,,,,
21281,0.0,795.97699,277.377228,1677.3573,0.9718478009,-0.2160835209,0.0939135979,,,,
21282,0.0,799.484436,276.875427,1676.878662,0.9718478009,-0.2160835209,0.0939135979,,,,
21283,0.0,803.117981,276.247803,1676.468872,0.9710605107,-0.2195944457,0.0939135979,,,,
21284,0.0,806.855286,275.510895,1676.041626,0.9693063014,-0.2268880896,0.094694714,,,,
21285,0.0,810.155273,274.859955,1675.773926,0.9670519395,-0.2359516985,0.0955894463,,,,
21286,0.0,814.457336,273.924408,1675.543457,0.960399456,-0.2609411649,0.0976861986,,,,
21287,0.0,816.94281,272.804047,1675.517578,0.9554179843,-0.2781226997,0.0991173006,,,,
21288,0.0,820.684875,271.732574,1675.58313,0.9446217782,-0.3126687736,0.0996390195,,,,
21289,0.0,824.197327,270.816162,1675.751465,0.9342286575,-0.3424746434,0.0996390195,,,,
21290,0.0,827.82019,269.913727,1675.891968,0.9269751247,-0.3618793694,0.0987949401,,,,
21291,0.0,831.152283,268.995728,1676.167725,0.9197595768,-0.380087583,0.0978557613,,,,
21292,0.0,834.341919,268.07724,1676.307007,0.9127055014,-0.3967585378,0.0977309084,,,,
21293,0.0,837.54187,267.399139,1676.463623,0.9066346271,-0.4106122446,0.0970115325,,,,
21294,0.0,841.406921,266.635345,1676.616943,0.8993944986,-0.4264840663,0.0959212029,,,,
21295,0.0,844.6875,266.16864,1676.707642,0.8923798318,-0.4411712776,0.0950059974,,,,
21296,0.0,847.892639,265.932587,1676.791138,0.8844091391,-0.4569688488,0.0948680442,,,,
21297,0.0,852.007263,265.764801,1676.899902,0.8746774637,-0.4753308203,0.0948680442,,,,
21298,0.0,855.360779,265.696991,1676.929688,0.8653485115,-0.4921097517,0.0948680442,,,,
21299,0.0,858.433472,265.766235,1676.954224,0.8551583322,-0.5094651779,0.0956528068,,,,
21300,0.0,861.87677,265.923126,1676.994629,0.8422291441,-0.5305357034,0.0958224206,,,,
21301,0.0,862.446228,266.0654905,1677.0063475,0.8401771757,-0.5337656173,0.0958224206,,,,
21302,0.0,868.922913,266.431976,1676.578735,0.8118034741,-0.5758903913,0.0965679899,,,,
21303,0.0,873.055054,266.80957,1676.663452,0.7882398781,-0.6074036263,0.0986850006,,,,
21304,0.0,876.412964,266.977997,1676.580933,0.7722023764,-0.6273649645,0.1005817638,,,,
21305,0.0,879.637207,266.833069,1676.507446,0.7571873589,-0.6451160288,0.1024334559,,,,
21306,0.0,882.921631,266.708221,1676.412354,0.7381373422,-0.666386615,0.1052717594,,,,
21307,0.0,885.862183,266.208038,1676.444092,0.7212420669,-0.6843596986,0.1070592538,,,,
21308,0.0,888.867432,265.680084,1676.466187,0.7074352642,-0.6983453237,0.108853828,,,,
21309,0.0,891.591553,264.994415,1676.690796,0.6929290658,-0.7124661185,0.1106405886,,,,
21310,0.0,894.785278,263.742126,1677.024658,0.6789073525,-0.7256274465,0.1120250668,,,,
21311,0.0,896.973267,262.615265,1677.371094,0.6709398992,-0.7328633644,0.1129200637,,,,
21312,0.0,899.045898,261.143158,1677.962769,0.6617846025,-0.7409962462,0.1138670404,,,,
21313,0.0,901.096191,259.280151,1677.865112,0.6583842112,-0.7440083514,0.1139377171,,,,
21314,0.0,902.977661,257.272339,1677.73999,0.6553833327,-0.7466531188,0.1139377344,,,,
21315,0.0,904.560974,255.342026,1677.657959,0.6546670792,-0.7472812135,0.1139377171,,,,
21316,0.0,904.66682425,255.2009585,1677.657959,0.6545035609,-0.7474185247,0.1139758596,,,,
21317,0.0,904.7726745,255.059891,1677.657959,0.6543400426,-0.7475558359,0.1140140022,,,,
21318,0.0,904.87852475,254.9188235,1677.657959,0.6541765243,-0.7476931471,0.1140521447,,,,
21319,0.0,904.984375,254.777756,1677.657959,0.6127331116,-0.7818941001,0.1148901654,,,,
21320,0.0,911.55426,243.547394,1677.876709,0.6284018929,-0.7690903792,0.1166664036,,,,
21321,0.0,915.284058,238.709641,1678.021606,0.6134122924,-0.7813613847,0.1148901481,,,,
21322,0.0,918.732239,233.963684,1678.0,0.6127331116,-0.7818941001,0.1148901654,,,,
21323,0.0,920.5578,231.457733,1678.027954,0.6127331116,-0.7818941001,0.1148901654,,,,
21324,0.0,922.477417,228.846329,1677.789429,0.6127331116,-0.7818941001,0.1148901654,,,,
21325,0.0,924.095276,226.681381,1677.436279,0.6122587092,-0.782265632,0.1148901827,,,,
21326,0.0,926.377808,223.669418,1677.164185,0.6108454915,-0.7833696697,0.1148901481,,,,
21327,0.0,928.799744,220.522278,1676.706543,0.6091349478,-0.7848307078,0.1139972612,,,,
21328,0.0,931.137695,217.659607,1676.45166,0.6083367193,-0.785458231,0.1139377171,,,,
21329,0.0,933.417969,215.176727,1675.834351,0.6083476755,-0.7855637669,0.1131489013,,,,
21330,0.0,936.122742,212.166611,1674.849365,0.6084186847,-0.7856552349,0.1121274098,,,,
21331,0.0,938.202271,209.937927,1674.922119,0.6084835881,-0.785739045,0.1111839745,,,,
21332,0.0,940.060364,207.952759,1674.769531,0.6085433919,-0.7858162702,0.1103074324,,,,
21333,0.0,940.389801,207.735466,1674.5535275,0.6085543859,-0.7858305802,0.1101445952,,,,
21334,0.0,944.036865,204.345123,1672.310791,0.6088224793,-0.7861765443,0.1061208264,,,,
21335,0.0,946.519714,202.169174,1669.962036,0.6081310114,-0.7876173958,0.0991741438,,,,
21336,0.0,947.891663,200.943588,1668.635986,0.6076225185,-0.7885186445,0.0950432653,,,,
21337,0.0,949.91272,199.113373,1666.977661,0.6071795855,-0.7893870853,0.0905592649,,,,
21338,0.0,951.175415,197.720581,1664.665283,0.606954537,-0.7898871769,0.0876609246,,,,
21339,0.0,952.087524,196.425812,1662.268921,0.6070516819,-0.790131307,0.0847394431,,,,
21340,0.0,952.499573,195.515915,1659.990967,0.6073121453,-0.7904706372,0.0795495442,,,,
21341,0.0,953.394714,195.20813,1658.838379,0.607989464,-0.7903463427,0.0755080813,,,,
21342,0.0,955.026611,194.257858,1658.845459,0.6084795609,-0.7904198834,0.0706330793,,,,
21343,0.0,956.384216,193.5215,1658.860107,0.6093995147,-0.7900933915,0.0662167968,,,,
21344,0.0,957.13446,193.154282,1658.91687,0.6095337776,-0.7902215479,0.0633914759,,,,
21345,0.0,958.07666,192.64444,1658.906006,0.6088136961,-0.7910751045,0.0595488243,,,,
21346,0.0,959.287842,192.031479,1658.923462,0.6073455826,-0.7925763333,0.054351625,,,,
21347,0.0,960.633423,191.392349,1658.91748,0.6050377271,-0.7946595672,0.0494522091,,,,
21348,0.0,961.591125,191.005646,1658.945068,0.604224264,-0.7954377543,0.0468168539,,,,
21349,0.0,962.894958,190.425858,1658.906738,0.6041124197,-0.7957396135,0.0429726867,,,,
21350,0.0,964.191284,189.893448,1658.853149,0.6041945228,-0.7958474428,0.0396966799,,,,
21351,0.0,965.488892,189.39769,1658.782349,0.6056968852,-0.794928875,0.0349194337,,,,
21352,0.0,966.455627,189.05896,1658.737061,0.6080144803,-0.7933381808,0.0305437816,,,,
21353,0.0,968.119202,188.557373,1658.692749,0.6192836564,-0.7850559181,0.0132271854,,,,
21354,0.0,969.115906,188.221039,1658.625122,0.6230967322,-0.7821081076,0.0075743249,,,,
21355,0.0,970.596741,187.485779,1658.400513,0.6292001453,-0.7772381411,-0.0028370987,,,,
21356,0.0,972.147705,186.84317,1658.274536,0.6363348035,-0.7713093264,-0.0126467724,,,,
21357,0.0,973.697998,186.41449,1658.190674,0.644103662,-0.7646232703,-0.0219482835,,,,
21358,0.0,974.730591,186.048447,1658.14978,0.6489824973,-0.7603850748,-0.0252241214,,,,
21359,0.0,975.893738,185.515503,1658.074829,0.6533978458,-0.7565075207,-0.0277060693,,,,
21360,0.0,977.13092,184.131973,1658.264648,0.6535732647,-0.756352535,-0.0277998271,,,,
21361,0.0,977.506439,183.443863,1658.408325,0.65459817,-0.7554644734,-0.0277997486,,,,
21362,0.0,977.881958,182.755753,1658.552002,0.6556230753,-0.7545764119,-0.0277996701,,,,
21363,0.0,978.335083,181.071915,1658.97876,0.6561894768,-0.753307047,-0.0440892662,,,,
21364,0.0,978.886719,179.779129,1659.12854,0.6657311164,-0.7450150737,-0.0418881916,,,,
21365,0.0,979.499573,179.298569,1658.911011,0.6693572003,-0.7417110978,-0.0427268736,,,,
21366,0.0,979.613708,178.524826,1658.867065,0.6760246868,-0.7355717926,-0.0438720958,,,,
21367,0.0,979.865662,177.383453,1658.827148,0.6868544771,-0.7253641809,-0.0455821491,,,,
21368,0.0,979.928284,176.512451,1658.711304,0.6938012119,-0.7186704886,-0.0463961985,,,,
21369,0.0,979.979309,175.683731,1658.572388,0.698113865,-0.7147856396,-0.0414550459,,,,
21370,0.0,980.252014,174.573288,1658.530029,0.7086936648,-0.7045371655,-0.037157393,,,,
21371,0.0,980.509521,173.930374,1658.132446,0.7145071817,-0.6986802447,-0.0364060837,,,,
21372,0.0,980.73468,172.77536,1657.979736,0.7237912082,-0.6890721497,-0.0361366775,,,,
21373,0.0,980.737305,171.935944,1657.87439,0.7290149038,-0.6835124911,-0.0367143644,,,,
21374,0.0,980.821594,171.08429,1657.786621,0.7331345145,-0.6790557555,-0.0373773261,,,,
21375,0.0,980.93103,169.706757,1657.688965,0.7371927499,-0.6746053476,-0.0381375726,,,,
21376,0.0,981.205139,169.022964,1657.652466,0.7505325042,-0.6602084342,-0.0287364501,,,,
21377,0.0,981.357422,168.719574,1657.340088,0.7556692715,-0.654463208,-0.0253349842,,,,
21378,0.0,981.863586,167.373444,1657.259277,0.7597141423,-0.6497939329,-0.0245411238,,,,
21379,0.0,981.873169,166.39122,1657.218628,0.7608129192,-0.6485070818,-0.0245411238,,,,
21380,0.0,982.105347,165.263794,1657.283691,0.7629818639,-0.6459702587,-0.0241060199,,,,
21381,0.0,982.220886,164.003189,1657.313477,0.7649254128,-0.6436861448,-0.0236063522,,,,
21382,0.0,982.575195,163.303268,1657.181885,0.7678272936,-0.6402490363,-0.0228564819,,,,
21383,0.0,982.726318,162.197983,1657.227417,0.7718431038,-0.6354659184,-0.0210068956,,,,
21384,0.0,983.173157,161.22551,1657.389771,0.7742312722,-0.6325941906,-0.0197617573,,,,
21385,0.0,983.292725,160.503799,1657.453735,0.7811426751,-0.6241332485,-0.0165471827,,,,
21386,0.0,983.65863,159.417389,1657.632446,0.7958391945,-0.6054224337,-0.0101810278,,,,
21387,0.0,984.114197,158.605347,1657.616089,0.8111467384,-0.584836375,-0.0027172125,,,,
21388,0.0,984.371033,157.392609,1657.781494,0.8189955008,-0.5737986086,0.0012355008,,,,
21389,0.0,984.54303,156.567459,1657.884399,0.826082277,-0.5635213127,0.0056393035,,,,
21390,0.0,984.808105,155.286438,1657.979126,0.8302432948,-0.5573452257,0.0078975153,,,,
21391,0.0,984.871643,154.951263,1657.979126,0.8305022182,-0.5569551659,0.0081858867,,,,
21392,0.0,985.275391,153.307678,1658.127441,0.8309035511,-0.5563450289,0.0089161407,,,,
21393,0.0,985.502747,152.049255,1658.136353,0.8309035511,-0.5563450289,0.0089161407,,,,
21394,0.0,985.67749,151.161835,1658.12561,0.8309035511,-0.5563450289,0.0089161407,,,,
21395,0.0,985.874023,149.802231,1658.092896,0.8309035511,-0.5563450289,0.0089161407,,,,
21396,0.0,986.452454,148.938141,1660.262939,0.8309035511,-0.5563450289,0.0089161407,,,,
21397,0.0,986.769226,148.329788,1661.819092,0.8289475527,-0.559204221,0.0116873487,,,,
21398,0.0,987.392334,146.530716,1665.294434,0.8198736927,-0.572191849,0.020090198,,,,
21399,0.0,987.5563355,145.884987,1666.154114,0.8144874466,-0.5796356541,0.0232071309,,,,
21400,0.0,987.720337,145.239258,1667.013794,0.8091012004,-0.5870794591,0.0263240638,,,,
21401,0.0,988.154724,143.145981,1669.614746,0.7948018203,-0.6058425857,0.0352821163,,,,
21402,0.0,988.394653,141.793671,1671.213379,0.7903677118,-0.6114296505,0.0383752869,,,,
21403,0.0,988.548279,140.926208,1672.2323,0.7899149764,-0.6119593764,0.0392434921,,,,
21404,0.0,988.797058,139.323181,1673.963989,0.7898760324,-0.6119292059,0.0404783948,,,,
21405,0.0,989.058533,138.221466,1674.483032,0.7908046437,-0.6106653193,0.041423221,,,,
21406,0.0,989.308105,136.917419,1674.272339,0.7930479437,-0.6075526348,0.0442126104,,,,
21407,0.0,989.3898925,136.5109405,1674.178894,0.7936591868,-0.6067225154,0.0446278988,,,,
21408,0.0,989.636658,135.117706,1674.139282,0.7956056215,-0.6040527674,0.0461730358,,,,
21409,0.0,989.930115,133.338486,1674.272949,0.7974566945,-0.6014620701,0.0480228969,,,,
21410,0.0,990.252258,131.591568,1674.371582,0.7987143409,-0.5996350155,0.0499324533,,,,
21411,0.0,990.443848,130.104401,1674.437256,0.7995822383,-0.5983456984,0.0514846519,,,,
21412,0.0,990.785034,127.687119,1674.600098,0.8008960377,-0.5963773134,0.0538482772,,,,
21413,0.0,990.958557,126.110565,1674.662476,0.80167859,-0.5952535726,0.0546317001,,,,
21414,0.0,991.329346,122.991356,1674.881958,0.8031150901,-0.5931065644,0.0568397338,,,,
21415,0.0,991.539551,121.21067,1674.938721,0.80384499,-0.5919168718,0.0588867457,,,,
21416,0.0,991.918335,117.974739,1674.986938,0.8071881826,-0.5868779501,0.0634153737,,,,
21417,0.0,992.02655,116.039597,1674.999878,0.809155911,-0.5838457934,0.0662631206,,,,
21418,0.0,992.330811,112.754807,1674.94751,0.8165097632,-0.5727601043,0.0725097886,,,,
21419,0.0,992.674255,109.88427,1674.877197,0.824811122,-0.5599083965,0.0786714721,,,,
21420,0.0,992.87793,108.072784,1674.798828,0.8311786868,-0.5499452719,0.0818668948,,,,
21421,0.0,993.306885,104.714569,1674.713013,0.8445797971,-0.5282236885,0.0875482795,,,,
21422,0.0,993.751404,101.618561,1674.777466,0.8628585506,-0.4963505923,0.0954526649,,,,
21423,0.0,994.101074,99.540703,1674.799194,0.8792429553,-0.4657810418,0.0998991827,,,,
21424,0.0,994.717957,96.576248,1674.799072,0.9053355801,-0.4117956565,0.1038837076,,,,
21425,0.0,995.440186,93.504189,1674.792847,0.9239476398,-0.3679130151,0.104693707,,,,
21426,0.0,996.117432,90.537254,1674.84436,0.9439033256,-0.3128975008,0.1055540903,,,,
21427,0.0,996.98584,87.512764,1674.859619,0.9579163209,-0.2661088114,0.1076216642,,,,
21428,0.0,997.872375,84.683136,1674.900391,0.9668783262,-0.2314259822,0.1076490455,,,,
21429,0.0,998.523315,82.711426,1674.976074,0.9698753844,-0.2185255719,0.1076490281,,,,
21430,0.0,999.798584,79.346222,1675.120605,0.9754750167,-0.1919900579,0.1076490108,,,,
21431,0.0,1001.157715,76.051483,1675.193604,0.9782402375,-0.177363256,0.1076490281,,,,
21432,0.0,1002.603699,72.848457,1675.119019,0.980745833,-0.1635980987,0.1066455495,,,,
21433,0.0,1003.743652,70.481102,1675.043091,0.9817397199,-0.1580422559,0.1058761908,,,,
21434,0.0,1005.399109,67.246811,1674.998413,0.9833763503,-0.1488889654,0.1039376241,,,,
21435,0.0,1006.520752,65.066177,1675.00354,0.9843005919,-0.1432324686,0.1031348864,,,,
21436,0.0,1008.260254,62.251537,1674.822876,0.9866431448,-0.1280493806,0.1006909183,,,,
21437,0.0,1010.065918,59.249195,1674.700195,0.9890813196,-0.1105329061,0.0974711232,,,,
21438,0.0,1012.30072,56.333183,1674.458862,0.9907166958,-0.0986549018,0.0935288133,,,,
21439,0.0,1016.40509,51.941792,1673.186157,0.9922357735,-0.0911451059,0.0846211522,,,,
21440,0.0,1017.6091915,50.7722515,1673.1748045,0.9924851125,-0.0903611176,0.0824797392,,,,
21441,0.0,1018.813293,49.602711,1673.163452,0.9927344515,-0.0895771294,0.0803383263,,,,
21442,0.0,1023.230469,45.549374,1670.929443,0.992895882,-0.0955201388,0.0709483655,,,,
21443,0.0,1024.4796145,44.300169,1669.9974975,0.9927608642,-0.0989029163,0.0679994265,,,,
21444,0.0,1027.275269,41.638298,1667.682373,0.9923953605,-0.105864559,0.0628024166,,,,
21445,0.0,1029.587891,39.356152,1666.065796,0.9920636896,-0.1099748662,0.0609521503,,,,
21446,0.0,1030.655884,37.9458085,1664.7228395,0.9920116926,-0.110753418,0.06037834,,,,
21447,0.0,1032.953125,34.981655,1661.789795,0.991883938,-0.112211682,0.0597895642,,,,
21448,0.0,1034.744995,33.490513,1659.559448,0.9918515312,-0.1124977695,0.0597895642,,,,
21449,0.0,1036.416504,32.350189,1658.279907,0.9916566631,-0.1142027606,0.0597895642,,,,
21450,0.0,1037.912842,31.404888,1658.325195,0.9910322109,-0.119500472,0.0597895816,,,,
21451,0.0,1039.202637,30.54146,1658.299805,0.9899728124,-0.1279806105,0.0597895816,,,,
21452,0.0,1040.44165,29.725834,1658.25061,0.9883753666,-0.1397831917,0.0597895816,,,,
21453,0.0,1041.178833,29.249805,1658.223877,0.9874403535,-0.1465078849,0.0591353353,,,,
21454,0.0,1042.266235,28.422213,1658.090088,0.98390269,-0.1687430904,0.0588325252,,,,
21455,0.0,1043.491821,27.971483,1660.657593,0.9809088307,-0.1853553397,0.0588325078,,,,
21456,0.0,1044.652954,28.166079,1662.856201,0.9762215679,-0.2086388849,0.0588325252,,,,
21457,0.0,1045.8479,28.077927,1664.4375,0.9702054692,-0.2350320906,0.0588325078,,,,
21458,0.0,1046.617676,27.802473,1665.428955,0.9682670563,-0.2428943013,0.0588325252,,,,
21459,0.0,1047.79541,27.536715,1666.950684,0.9674373164,-0.2461783353,0.0588325252,,,,
21460,0.0,1048.92981,27.2234,1668.417236,0.9678279436,-0.2446381154,0.0588325078,,,,
21461,0.0,1050.10022,27.007414,1669.873047,0.969900977,-0.2362854815,0.0588325252,,,,
21462,0.0,1050.964478,26.885628,1670.933105,0.9729272686,-0.2234977989,0.0588325078,,,,
21463,0.0,1052.31543,26.674767,1672.567383,0.9779667242,-0.2002993268,0.0588325252,,,,
21464,0.0,1053.647461,26.437496,1674.17688,0.98107435,-0.1844772445,0.0588325252,,,,
21465,0.0,1054.580688,26.310759,1675.31665,0.9856036248,-0.1585062421,0.0588325252,,,,
21466,0.0,1056.096436,25.989752,1676.286499,0.9911920836,-0.1186464806,0.0588325252,,,,
21467,0.0,1057.446655,25.64451,1676.201904,0.9952693053,-0.0773158707,0.0588325252,,,,
21468,0.0,1058.357056,25.366552,1676.141846,0.9969016291,-0.0514135111,0.0595297643,,,,
21469,0.0,1059.607788,25.113066,1676.117798,0.9979178133,-0.0241918147,0.0597895816,,,,
21470,0.0,1061.321899,24.866837,1676.119019,0.998209667,0.0016336318,0.0597895642,,,,
21471,0.0,1062.609131,24.614302,1676.120361,0.9981242042,0.0131635419,0.0597895816,,,,
21472,0.0,1064.408203,24.656904,1676.126343,0.9978112819,0.0282463399,0.0597895468,,,,
21473,0.0,1066.914307,24.535324,1675.98584,0.9972821767,0.0430519223,0.0597895642,,,,
21474,0.0,1068.702515,24.417051,1675.815918,0.9971283579,0.0464784222,0.0597895816,,,,
21475,0.0,1070.645142,24.460747,1675.687378,0.9970916563,0.0472592535,0.0597895642,,,,
21476,0.0,1073.609619,24.654179,1675.637939,0.9970916563,0.0472592535,0.0597895642,,,,
21477,0.0,1075.571167,24.868437,1675.602661,0.9970916563,0.0472592535,0.0597895642,,,,
21478,0.0,1077.837891,25.170326,1675.613647,0.9970916563,0.0472592535,0.0597895642,,,,
21479,0.0,1083.235596,25.802706,1675.707031,0.9970916563,0.0472592535,0.0597895642,,,,
21480,0.0,1085.1026,25.9809125,1675.769226,0.9970705319,0.0477008073,0.0597895642,,,,
21481,0.0,1086.969604,26.159119,1675.831421,0.9970494075,0.0481423611,0.0597895642,,,,
21482,0.0,1089.562622,26.369427,1675.92688,0.9969259443,0.0506346672,0.0597895642,,,,
21483,0.0,1092.194458,26.549568,1675.792725,0.9966740438,0.0553719821,0.0597895816,,,,
21484,0.0,1097.661255,26.855534,1675.647339,0.995917043,0.0676346911,0.0597895642,,,,
21485,0.0,1099.6556395,26.9409725,1675.7335815,0.9952687658,0.0761118233,0.0597895642,,,,
21486,0.0,1101.650024,27.026411,1675.819824,0.9946204887,0.0845889555,0.0597895642,,,,
21487,0.0,1104.675781,27.209032,1675.95459,0.9932883816,0.0985177029,0.0606007682,,,,
21488,0.0,1111.050537,27.516209,1676.303101,0.9906336206,0.1222901649,0.0607465657,0.0044220496,66.7246667688,710.2974614083,2.0
21489,0.0,1114.063721,27.658993,1676.552124,0.989296547,0.1326732707,0.0607465657,0.0052812505,72.5939727097,707.2799478782,2.0
21490,0.0,1117.200317,27.774239,1676.881836,0.9881914792,0.1406678898,0.0607465657,0.0067355005,81.6356681836,704.5511829785,2.0
21491,0.0,1120.005493,27.889694,1677.143921,0.98741686,0.1460061622,0.0607465657,0.0071150147,83.5433047914,701.5887760566,2.0
21492,0.0,1124.589478,28.052078,1677.547119,0.9862328706,0.1538004544,0.0607465657,0.0074137882,84.6516769516,696.4772207979,2.0
21493,0.0,1127.466309,28.214809,1677.732788,0.9855888289,0.1578749982,0.0607465657,0.0074453571,84.4431692305,693.2927162348,2.0
21494,0.0,1130.831177,28.720829,1677.831421,0.9845357496,0.1643143643,0.0607465831,0.0077432763,85.6493454234,689.5869257099,2.0
21495,0.0,1132.743896,28.715021,1677.997314,0.9837215787,0.1691204018,0.0607465657,0.0079382358,86.4594038419,687.541374398,2.0
21496,0.0,1137.855835,29.207275,1678.118286,0.9811534747,0.183433132,0.0607465657,0.0087234824,89.891558687,682.0373833223,2.0
21497,0.0,1141.382446,29.729925,1678.244141,0.9796138752,0.191485013,0.0607465657,0.0091799138,91.6931285359,678.2682424075,2.0
21498,0.0,1142.884277,29.903687,1678.284302,0.978954148,0.1948297483,0.0607465657,0.009284641,91.9996908473,676.7047525696,2.0
21499,0.0,1148.033447,30.537895,1678.171875,0.9772146893,0.2036411711,0.0598475099,0.0092985782,91.3543144137,671.4562569441,2.0
21500,0.0,1149.422974,30.697845,1677.917969,0.9768619228,0.2053435893,0.0597895816,0.0091941141,90.6529782053,670.058427919,2.0
21501,0.0,1153.63855,31.42507,1677.562744,0.9758954432,0.2100608607,0.0591820805,0.0089039442,88.6664687695,665.9200522915,2.0
21502,0.0,1157.074829,32.073051,1677.100952,0.9748226091,0.2150804844,0.0588325252,0.0089107506,88.2545944273,662.5746480453,2.0
21503,0.0,1161.456177,32.809834,1676.673584,0.9738005399,0.2196616592,0.0588325078,0.0083849708,85.0372665419,658.0453375189,2.0
21504,0.0,1164.682495,33.428898,1676.434448,0.9712819864,0.2305429176,0.0588325252,0.0091437052,88.3638945629,654.9283410934,2.0
21505,0.0,1167.679932,34.000816,1676.110596,0.9692243553,0.2390457761,0.0588325252,0.0097017132,90.6482436344,652.3431287582,2.0
21506,0.0,1170.726807,34.58091,1675.898193,0.9674306735,0.2462044394,0.0588325252,0.0100484217,91.8918261329,649.8403901637,2.0
21507,0.0,1174.025146,35.228527,1675.895386,0.9660403516,0.251604398,0.0588325252,0.0102708228,92.4751209194,646.8823542443,2.0
21508,0.0,1177.614014,36.026718,1675.832886,0.9650736287,0.2552873384,0.0588325252,0.0101582795,91.5614587572,644.0111083947,2.0
21509,0.0,1180.856323,36.7369,1675.926636,0.9648610346,0.2560896677,0.0588325252,0.0097488557,89.3406331204,641.384208981,2.0
21510,0.0,1181.5530395,36.9394225,1676.015015,0.9648485666,0.2561366338,0.0588325252,0.0096546872,88.8314074477,640.8207800605,2.0
21511,0.0,1188.542358,38.653862,1676.782349,0.9643764421,0.2579085381,0.0588325078,0.0088747691,84.424278654,635.0962368075,2.0
21512,0.0,1190.337524,38.949482,1676.478394,0.9640122842,0.2592663684,0.0588325252,0.0087152241,83.4649263516,633.575023641,2.0
21513,0.0,1195.244263,40.299801,1677.296265,0.9629128728,0.2633202106,0.0588325252,0.0085698342,82.2194636123,629.3697840748,2.0
21514,0.0,1198.26709,41.059994,1677.505127,0.962022873,0.26655342,0.0588325252,0.0085373146,81.7222643171,626.7490160997,2.0
21515,0.0,1201.628052,42.009258,1677.992554,0.9614245048,0.2687036614,0.0588325078,0.0083428347,80.4061519322,623.7709805586,2.0
21516,0.0,1205.255981,43.050888,1678.289429,0.9608679875,0.2706869901,0.0588325078,0.008050646,78.5760973009,620.4916543092,2.0
21517,0.0,1208.524048,43.974934,1678.535767,0.9608193052,0.2708597364,0.0588325252,0.0075955797,75.9569693988,617.4451974972,2.0
21518,0.0,1211.684082,44.882294,1678.675781,0.9608193052,0.2708597364,0.0588325252,0.0070963867,73.0799400388,614.5205319419,2.0
21519,0.0,1214.742065,45.78344,1678.798828,0.9608193052,0.2708597364,0.0588325252,0.0066789636,70.5670848941,611.5880836329,2.0
21520,0.0,1218.21582,46.813992,1678.724976,0.9608193052,0.2708597364,0.0588325252,0.0062244773,67.7554052508,608.211144358,2.0
21521,0.0,1221.381104,47.742882,1678.667236,0.9608193052,0.2708597364,0.0588325252,0.0059047398,65.6343899052,604.8645318992,2.0
21522,0.0,1225.821411,48.98275,1678.50769,0.960559686,0.2717789979,0.0588325252,0.0053943916,62.2627970114,600.2454449098,2.0
21523,0.0,1229.082764,49.967358,1678.362549,0.9598233067,0.2745658544,0.0579034674,0.0051879661,60.7042809706,596.7188577741,2.0
21524,0.0,1234.780029,51.554813,1677.91687,0.9583389776,0.2800419771,0.0562396214,0.0048519274,58.0868642708,590.3821529938,2.0
21525,0.0,1235.374939,51.718376,1677.8168335,0.958093482,0.2809187922,0.0560414458,0.0048519636,58.0141937386,589.6413513949,2.0
21526,0.0,1235.969849,51.881939,1677.716797,0.9578479863,0.2817956073,0.0558432702,0.0048519999,57.9415232065,588.900549796,2.0
21527,0.0,1241.283203,53.378117,1677.291992,0.955235069,0.2908264584,0.0542764601,0.004864629,57.4137527998,582.7803327023,2.0
21528,0.0,1247.103882,54.899879,1676.765259,0.9537953201,0.2958338026,0.0525057002,0.0043783549,53.8415789977,576.0009590224,2.0
21529,0.0,1250.256104,55.561054,1676.010498,0.9538140243,0.2958396404,0.0521317003,0.0039240552,50.6427607739,572.2176996964,2.0
21530,0.0,1253.065308,56.356834,1675.989624,0.9538140243,0.2958396404,0.0521317003,0.0035657327,47.9792059668,568.6580047255,2.0
21531,0.0,1256.201416,57.124294,1674.480835,0.9535716149,0.2966200617,0.0521317003,0.0031036707,44.4531479966,564.6598944885,2.0
21532,0.0,1258.261597,57.659607,1673.112061,0.9531889668,0.2979560542,0.0515071193,0.0028034177,42.0474136067,561.9335687385,2.0
21533,0.0,1261.219238,58.338795,1670.775635,0.9530064375,0.2985965937,0.0511742534,0.0022878741,37.7160273524,557.8833815166,2.0
21534,0.0,1263.261841,58.853668,1668.78833,0.9530064375,0.2985965937,0.0511742534,0.0019440882,34.598872947,555.1369718423,2.0
21535,0.0,1265.138672,59.230129,1666.813843,0.9530064375,0.2985965937,0.0511742534,0.0016199999,31.4495741129,552.7366148065,2.0
21536,0.0,1267.355347,60.381966,1666.608765,0.9530064375,0.2985965937,0.0511742534,0.0012838307,27.8339871008,549.4725177669,2.0
21537,0.0,1268.72522,60.738686,1664.832642,0.9528390661,0.2992437084,0.0505066044,0.0009864295,24.3207273892,547.6910871535,2.0
21538,0.0,1270.630859,61.072739,1662.077637,0.9525382086,0.3003980069,0.0493152982,0.0006056864,18.9778033762,545.3468315549,2.0
21539,0.0,1271.627563,61.696461,1660.157349,0.9523192484,0.3012310847,0.0484549557,0.0004056637,15.4947657556,544.040168023,2.0
21540,0.0,1271.854736,61.8676875,1660.157349,0.9522805155,0.3013777517,0.0483034637,0.0003898597,15.178600039,543.7374576571,2.0
21541,0.0,1273.178833,63.279774,1659.509277,0.951887653,0.3028563437,0.0467753257,0.0002031946,10.9229497078,541.8648116848,2.0
21542,0.0,1274.201782,64.187073,1659.502319,0.9517869191,0.3032325433,0.0463862608,0.0001408563,9.0724301804,540.5499177204,2.0
21543,0.0,1275.036865,65.09127,1659.461792,0.9517869191,0.3032325433,0.0463862608,0.0001049042,7.8146753759,539.5240954353,2.0
21544,0.0,1275.73645,65.72097,1659.634766,0.9517869191,0.3032325433,0.0463862608,0.0001051766,7.8115197177,538.6073960932,2.0
21545,0.0,1276.13208,66.431732,1659.65332,0.9517869191,0.3032325433,0.0463862608,0.000119387,8.3150116026,538.1238798103,2.0
21546,0.0,1276.819946,67.381355,1659.749146,0.9517869191,0.3032325433,0.0463862608,0.0001565389,9.5069148999,537.3168726606,2.0
21547,0.0,1277.34082,68.117668,1659.799438,0.9518202451,0.3032431607,0.0456268179,0.0001741558,10.0145069408,536.6171609896,2.0
21548,0.0,1277.961426,69.107376,1659.793701,0.9515428102,0.3041422819,0.0454285449,0.0001986688,10.6668041249,535.1505992621,2.0
21549,0.0,1278.450684,69.855011,1659.790527,0.9513274992,0.3049336094,0.0446260369,0.0001997842,10.66762602,533.6960019697,2.0
21550,0.0,1278.897827,70.60321,1659.726685,0.9511391273,0.3057336775,0.0431425415,0.0001926982,10.4481606161,532.2393097129,2.0
21551,0.0,1279.494141,71.627983,1659.646118,0.9508582837,0.306798901,0.0417487572,0.000202075,10.6611809332,530.3418981366,2.0
21552,0.0,1280.100708,72.660973,1659.594238,0.9505685697,0.3078399066,0.040669229,0.000209272,10.8035706479,528.1040629203,2.0
21553,0.0,1280.532349,73.416565,1659.546143,0.9503583357,0.3085899398,0.0398908858,0.0002135015,10.8748432566,526.2967866261,2.0
21554,0.0,1281.026245,74.479103,1659.507202,0.9498060496,0.3105392227,0.0378663351,0.0001861549,10.1040459116,523.6767523571,2.0
21555,0.0,1281.210571,74.751373,1659.507202,0.9497200907,0.3108399233,0.0375538469,0.0001842152,10.0380317049,522.9868706635,2.0
21556,0.0,1281.693237,76.095184,1659.452271,0.9493445201,0.3122351083,0.0354149575,0.0001791517,9.8391355493,519.8174744516,2.0
21557,0.0,1282.247437,77.077423,1659.456421,0.9492801202,0.3124897959,0.0348909847,0.0002046782,10.4605236012,517.0408495023,2.0
21558,0.0,1282.666626,77.931305,1659.43811,0.949299809,0.3124962772,0.0342921194,0.0002295443,11.0265875228,514.6569217587,2.0
21559,0.0,1283.248047,79.034622,1659.39917,0.9493114581,0.3125001119,0.0339328083,0.0002521783,11.4920452866,511.7476402163,2.0
21560,0.0,1283.932007,80.268799,1659.391846,0.9493114581,0.3125001119,0.0339328083,0.000299063,12.4298983238,508.2808162828,2.0
21561,0.0,1284.36731,81.052231,1659.395142,0.9493573019,0.3125151663,0.0324805185,0.0003080699,12.5691377804,506.4065529648,2.0
21562,0.0,1285.411377,82.95816,1659.54126,0.9497031145,0.3119866214,0.0269878209,0.0004268534,14.6139060328,500.2168008182,2.0
21563,0.0,1285.7435305,83.562641,1659.6121825,0.9501931258,0.3107110289,0.0241156302,0.0005111487,15.8834468826,498.6728462653,2.0
21564,0.0,1286.515625,84.886696,1659.677856,0.9585182711,0.2845474082,0.0165980869,0.0019408069,30.7699128679,494.1182875355,2.0
21565,0.0,1286.8779905,85.4772685,1659.7984615,0.960352336,0.278240735,0.0161920108,0.0023979817,33.9445355676,492.8401841467,2.0
21566,0.0,1287.240356,86.067841,1659.919067,0.962186401,0.2719340619,0.0157859346,0.0028551566,37.1191582672,491.5620807579,2.0
21567,0.0,1288.944702,88.221626,1660.336548,0.9613330214,0.274940854,0.0156955029,0.0025677396,34.934731096,487.8045906255,2.0
21568,0.0,1289.4611205,88.9049835,1660.3933715,0.9610108345,0.2760692103,0.0155748368,0.00246653,34.1558291124,486.682538789,2.0
21569,0.0,1289.977539,89.588341,1660.450195,0.9606886476,0.2771975666,0.0154541706,0.0023653203,33.3769271288,485.5604869525,2.0
21570,0.0,1290.3721925,89.831341,1660.3705445,0.9606052968,0.2774944153,0.0153034442,0.0023632163,33.3258834954,485.033244182,2.0
21571,0.0,1290.766846,90.074341,1660.290894,0.960521946,0.277791264,0.0151527177,0.0023611123,33.274839862,484.5060014115,2.0
21572,0.0,1293.542847,93.273193,1659.784546,0.9590488986,0.2829639635,0.0125142077,0.0019249429,29.7305877333,479.3896665036,2.0
21573,0.0,1294.058594,94.706177,1660.012451,0.9586791023,0.2840760303,0.0153358338,0.0017745381,28.376323687,476.5310685959,2.0
21574,0.0,1295.282227,96.341194,1659.75708,0.9583995785,0.2849721812,0.0161587069,0.0015729374,26.5769322239,474.0290757609,2.0
21575,0.0,1296.011963,97.327461,1659.639526,0.9580732586,0.2860765955,0.0159941436,0.0014446369,25.3877325481,472.4833104384,2.0
21576,0.0,1296.658081,98.262627,1659.558105,0.9577621709,0.2871617912,0.0151568362,0.0013406498,24.3900039419,471.1777807169,2.0
21577,0.0,1297.717896,99.809296,1659.434692,0.9563679296,0.291421019,0.0208368156,0.000942254,20.379833387,469.5739168045,2.0
21578,0.0,1298.173035,100.3648605,1659.38385,0.9561643754,0.2919025619,0.0231703029,,,,
21579,0.0,1299.43689,102.158318,1659.359863,0.9549891997,0.2952647133,0.0285373025,,,,
21580,0.0,1300.054321,103.153854,1659.395996,0.9542976282,0.2973206196,0.0302735203,,,,
21581,0.0,1300.727417,104.250961,1659.491455,0.953885948,0.2985464857,0.0311704054,,,,
21582,0.0,1301.332031,105.264465,1659.585938,0.95383824,0.298740708,0.0307668869,,,,
21583,0.0,1301.838867,106.220314,1659.772095,0.9534683451,0.300198001,0.0279154976,,,,
21584,0.0,1302.511597,107.503494,1660.028198,0.9530782916,0.3019601931,0.0214898064,,,,
21585,0.0,1303.197876,108.60746,1659.864014,0.9533873643,0.3008910974,0.0227394182,,,,
21586,0.0,1303.1359456667,108.7494253333,1660.1232913333,0.9534316513,0.3007308948,0.022996262,,,,
21587,0.0,1303.0740153333,108.8913906667,1660.3825686667,0.9534759382,0.3005706923,0.0232531057,,,,
21588,0.0,1303.012085,109.033356,1660.641846,0.9535202252,0.3004104897,0.0235099495,,,,
21589,0.0,1303.012085,109.033356,1660.641846,0.9525679774,0.3022746714,0.0352742324,,,,
21590,0.0,1304.650757,113.270447,1661.517944,0.9525776677,0.3029313048,0.0287821414,,,,
21591,0.0,1305.557495,114.773438,1661.379395,0.952365139,0.3032359132,0.0323824477,,,,
21592,0.0,1305.85498,115.54818,1661.399536,0.952507303,0.3025361208,0.0346660257,,,,
21593,0.0,1305.955933,115.998894,1661.409058,0.9526611467,0.3019513326,0.0355265011,,,,
21594,0.0,1306.203003,116.980499,1661.400635,0.9528004241,0.3014667799,0.0359044901,,,,
21595,0.0,1306.865112,118.299904,1661.253906,0.952948122,0.300951355,0.0363064564,,,,
21596,0.0,1307.236938,119.39296,1661.203003,0.9532968151,0.299895523,0.0358867341,,,,
21597,0.0,1307.440552,120.229904,1661.035767,0.9534811392,0.2993477642,0.0355616822,,,,
21598,0.0,1307.83374,121.483246,1660.863403,0.9534811392,0.2993477642,0.0355616822,,,,
21599,0.0,1308.177124,122.315742,1660.766968,0.9534811392,0.2993477642,0.0355616822,,,,
21600,0.0,1308.449219,123.175926,1660.585815,0.9534811392,0.2993477642,0.0355616822,,,,
21601,0.0,1309.206177,124.551132,1660.240112,0.9534811392,0.2993477642,0.0355616822,,,,
21602,0.0,1309.530518,125.371315,1660.083374,0.9534811392,0.2993477642,0.0355616822,,,,
21603,0.0,1309.59668,125.4974186667,1660.083374,0.9534811392,0.2993477642,0.0355616822,,,,
21604,0.0,1309.662842,125.6235223333,1660.083374,0.9534811392,0.2993477642,0.0355616822,,,,
21605,0.0,1309.729004,125.749626,1660.083374,0.9534811392,0.2993477642,0.0355616822,,,,
21606,0.0,1310.184326,128.763229,1659.786011,0.9534811392,0.2993477642,0.0355616822,,,,
21607,0.0,1310.916992,130.408005,1659.782959,0.9534811392,0.2993477642,0.0355616822,,,,
21608,0.0,1312.034546,131.635117,1659.811035,0.9537537283,0.2984781274,0.0355616822,,,,
21609,0.0,1312.071655,132.414886,1659.732178,0.9542403997,0.2969185517,0.0355616822,,,,
21610,0.0,1312.887573,134.054733,1659.722412,0.9591786688,0.2805559624,0.0355616822,,,,
21611,0.0,1313.450439,135.069336,1659.740723,0.9630005032,0.2671430283,0.0355616822,,,,
21612,0.0,1314.188354,136.262115,1659.816895,0.9667223072,0.2533443261,0.0355616822,,,,
21613,0.0,1316.529907,137.718948,1661.545288,0.9770364202,0.2092589695,0.0401312519,,,,
21614,0.0,1318.331665,139.013824,1663.03125,0.9820379209,0.1834591853,0.0440936427,,,,
21615,0.0,1319.281982,140.535324,1664.072266,0.9829619495,0.1780626853,0.04560138,,,,
21616,0.0,1320.580811,142.561569,1665.709229,0.9833049968,0.1759149179,0.0465319779,,,,
21617,0.0,1321.423096,143.955597,1666.785889,0.9833526147,0.1755510123,0.0468985851,,,,
21618,0.0,1322.619507,145.897293,1668.417236,0.9833730584,0.1753941245,0.0470566594,,,,
21619,0.0,1323.304932,146.902939,1669.56543,0.9838536673,0.172335628,0.0482948524,,,,
21620,0.0,1324.207642,148.407349,1671.040283,0.9849755458,0.165406376,0.0496377364,,,,
21621,0.0,1324.948486,149.572189,1672.306396,0.9875721578,0.1484401438,0.0516406511,,,,
21622,0.0,1325.821899,150.810211,1673.488037,0.9929311066,0.1059520322,0.0534975186,,,,
21623,0.0,1326.468384,151.622437,1673.579346,0.9971875194,0.0508263192,0.0550793652,,,,
21624,0.0,1327.548828,152.851501,1673.819336,0.9979646037,-0.0287108315,0.0569415308,,,,
21625,0.0,1328.372681,153.603348,1673.618408,0.9906961392,-0.1221797958,0.0599437837,,,,
21626,0.0,1329.125732,153.494995,1673.668091,0.9672297152,-0.2446567553,0.0678951413,,,,
21627,0.0,1329.895508,153.829803,1673.744263,0.9447223373,-0.319446961,0.0738467642,,,,
21628,0.0,1330.745117,154.339355,1673.947266,0.9110299841,-0.4043493806,0.0807833304,,,,
21629,0.0,1331.533691,154.843491,1674.031006,0.8735799068,-0.4786334048,0.0881374503,,,,
21630,0.0,1332.299316,155.511887,1674.057983,0.8436874744,-0.5286838319,0.0931925498,,,,
21631,0.0,1333.965698,157.226318,1674.154053,0.8171918541,-0.5681678489,0.0968646946,,,,
21632,0.0,1335.279785,158.57402,1674.414551,0.8111437856,-0.5764808008,0.0985679737,,,,
21633,0.0,1337.053223,160.30452,1674.456421,0.8064941807,-0.5827725972,0.0997157788,,,,
21634,0.0,1338.550171,161.898758,1674.393066,0.8010979755,-0.5897202223,0.1023332448,,,,
21635,0.0,1340.342163,163.718002,1674.388062,0.7921698732,-0.6012999029,0.1044285346,,,,
21636,0.0,1341.821045,165.181839,1674.403687,0.7807897145,-0.6157643194,0.1058382002,,,,
21637,0.0,1343.603882,167.088364,1674.440552,0.7699559899,-0.6290413723,0.1071201453,,,,
21638,0.0,1345.399536,168.990189,1674.533325,0.745823462,-0.6571633404,0.1090124191,,,,
21639,0.0,1346.732178,170.406372,1674.547241,0.6899694988,-0.7151882832,0.1115697553,,,,
21640,0.0,1348.090454,172.028519,1674.774902,0.6242039,-0.7729558895,0.1136163904,,,,
21641,0.0,1349.234131,173.272385,1674.842285,0.5489510057,-0.8279897876,0.1143927665,,,,
21642,0.0,1351.00415,175.247147,1674.783936,0.4647864281,-0.8779398518,0.114870331,,,,
21643,0.0,1352.784546,177.118805,1674.810791,0.3891210052,-0.9141735555,0.11345287,,,,
21644,0.0,1354.578247,178.920929,1674.903076,0.3148359351,-0.9425827247,0.1114277389,,,,
21645,0.0,1356.583008,180.509171,1674.888794,0.2664942869,-0.9574970825,0.1103636359,,,,
21646,0.0,1358.347046,181.887802,1674.967041,0.2304990075,-0.9666683843,0.1114560105,,,,
21647,0.0,1361.169678,183.898514,1675.009277,0.192918509,-0.9746825041,0.1130330266,,,,
21648,0.0,1363.923828,185.287613,1675.174438,0.1662990097,-0.9794628532,0.1140050813,,,,
21649,0.0,1367.62439,187.091873,1675.256836,0.1400888475,-0.9833901535,0.1154076287,,,,
21650,0.0,1371.159058,188.730225,1675.29541,0.1254363694,-0.9852380616,0.1164975504,,,,
21651,0.0,1374.247681,190.067886,1675.321777,0.1134350296,-0.9865756471,0.1174776008,,,,
21652,0.0,1375.936951,190.6807175,1675.2803955,0.1073377554,-0.987174932,0.11801034,,,,
21653,0.0,1377.626221,191.293549,1675.239014,0.1012404813,-0.9877742168,0.1185430792,,,,
21654,0.0,1381.17981,192.468887,1675.050049,0.090859767,-0.9886521113,0.119630705,,,,
21655,0.0,1384.169434,193.337509,1674.61084,0.0875485713,-0.988936881,0.1197459524,,,,
21656,0.0,1390.800293,195.249603,1674.03064,0.0885780258,-0.9888452054,0.1197459524,,,,
21657,0.0,1393.93811,196.098862,1673.786011,0.0941473205,-0.9884216664,0.1189911402,,,,
21658,0.0,1396.462891,196.762207,1673.692627,0.1009741749,-0.9878124042,0.1184519737,,,,
21659,0.0,1399.900269,197.63237,1673.611328,0.1080504554,-0.9871166696,0.1180075406,,,,
21660,0.0,1403.696289,198.575867,1673.613525,0.114985314,-0.9863526888,0.1178420593,,,,
21661,0.0,1405.3432005,198.955635,1673.606628,0.116068211,-0.9862252434,0.1178420593,,,,
21662,0.0,1410.418701,200.097794,1673.63208,0.1173046083,-0.9860795495,0.1178420593,,,,
21663,0.0,1413.599976,200.766586,1673.704346,0.1164053885,-0.9861861054,0.1178420593,,,,
21664,0.0,1416.604126,201.343475,1673.868896,0.1077346426,-0.9873771865,0.1161014142,,,,
21665,0.0,1419.702881,201.910126,1674.116211,0.0893960084,-0.9894304281,0.1141743479,,,,
21666,0.0,1422.868164,202.501907,1674.416748,0.080797334,-0.9901859776,0.1140329805,,,,
21667,0.0,1425.564087,203.07225,1674.94043,0.0795722484,-0.9903810125,0.1131976473,,,,
21668,0.0,1428.712036,203.771255,1675.251465,0.0851929504,-0.9899267507,0.1130804553,,,,
21669,0.0,1432.237061,204.562927,1675.476807,0.1245358026,-0.9855515853,0.1147994193,,,,
21670,0.0,1435.951294,205.401413,1675.648315,0.2237477889,-0.9675151813,0.1176915496,,,,
21671,0.0,1439.102295,206.213074,1675.780396,0.3883578566,-0.9141535243,0.1161959949,,,,
21672,0.0,1443.091797,207.24794,1675.756226,0.5459130779,-0.8299901042,0.1144348648,,,,
21673,0.0,1447.688965,209.344177,1675.806396,0.7325119804,-0.67125802,0.1133087337,,,,
21674,0.0,1453.062134,210.865433,1675.661743,0.8876606349,-0.4433929666,0.1243433731,,,,
21675,0.0,1458.087769,213.215317,1675.457275,0.9609039358,-0.2396717158,0.1386401633,,,,
21676,0.0,1461.324219,215.145355,1674.884766,0.9826436094,-0.1207618709,0.1408123127,,,,
21677,0.0,1465.595825,217.764923,1674.494751,0.9903931651,-0.0091582179,0.1379764672,,,,
21678,0.0,1469.828857,220.62558,1674.869507,0.9894926645,0.0680058919,0.1275910086,,,,
21679,0.0,1471.98999,222.120468,1674.218506,0.9895011123,0.0700646366,0.1264060735,,,,
21680,0.0,1473.884644,223.432114,1673.735718,0.9900202572,0.0595744334,0.1277136536,,,,
21681,0.0,1477.688354,225.922867,1673.595825,0.9906259602,0.0416151884,0.1301091202,,,,
21682,0.0,1479.974487,227.50473,1673.657715,0.9907692013,0.0290555642,0.1324090783,,,,
21683,0.0,1482.262695,229.220123,1673.709839,0.9907392721,0.0236077586,0.1337100163,,,,
21684,0.0,1485.066895,231.342148,1673.804443,0.9907379596,0.0218963012,0.1340106245,,,,
21685,0.0,1487.82019,233.458313,1673.849365,0.9907560142,0.0210633206,0.1340106591,,,,
21686,0.0,1490.665527,235.670853,1673.842041,0.9907746593,0.0201672431,0.1340106591,,,,
21687,0.0,1494.016724,238.273972,1674.452759,0.990830407,0.0172117168,0.1340106764,,,,
21688,0.0,1496.914917,240.069031,1674.559692,0.9908706682,0.0147124957,0.1340106764,,,,
21689,0.0,1500.392456,241.992416,1674.394653,0.9909344543,0.0094892469,0.1340106764,,,,
21690,0.0,1505.557983,244.96344,1675.279907,0.9910158794,0.0023832188,0.1337230233,,,,
21691,0.0,1509.076294,246.620087,1675.722778,0.99109133,-0.0019928657,0.1331690807,,,,
21692,0.0,1510.8637085,247.4312595,1675.9905395,0.9910975726,-0.0024217508,0.1331147997,,,,
21693,0.0,1512.651123,248.242432,1676.258301,0.9911038151,-0.0028506359,0.1330605187,,,,
21694,0.0,1518.054077,251.348999,1676.062012,0.9911038151,-0.0028506359,0.1330605187,,,,
21695,0.0,1521.000244,252.862656,1675.932617,0.9911718131,-0.0033705222,0.1325408483,,,,
21696,0.0,1522.7201535,253.564415,1675.96405,0.9911989332,-0.0037948119,0.1323255348,,,,
21697,0.0,1527.466187,255.587128,1675.706909,0.9912243192,-0.0046080261,0.1321102386,,,,
21698,0.0,1530.285767,256.646149,1675.656128,0.9912543008,-0.0055343801,0.1318494664,,,,
21699,0.0,1534.521484,257.93158,1675.754028,0.9913240346,-0.0073834147,0.1312331649,,,,
21700,0.0,1537.51123,258.811615,1675.973022,0.9913974885,-0.0103370344,0.1304766854,,,,
21701,0.0,1541.104004,259.610809,1676.165771,0.9915237231,-0.0170240836,0.1288056179,,,,
21702,0.0,1543.990601,259.904053,1676.588623,0.9915803241,-0.0213934374,0.1277136709,,,,
21703,0.0,1547.398926,260.195587,1676.899658,0.9915975312,-0.0260252631,0.1267163042,,,,
21704,0.0,1551.336182,260.62439,1677.044189,0.9915484068,-0.0326601872,0.1255590266,,,,
21705,0.0,1554.369629,260.774841,1677.237427,0.9913876614,-0.0399276694,0.1247248414,,,,
21706,0.0,1556.88501,260.49823,1677.57959,0.9912164868,-0.047025019,0.1236063262,,,,
21707,0.0,1561.673828,260.764282,1677.603638,0.9909125374,-0.0569579208,0.1218529383,,,,
21708,0.0,1565.242676,260.641144,1677.780151,0.9904568709,-0.0662975694,0.1208297116,,,,
21709,0.0,1568.496094,260.618317,1677.789673,0.9898909577,-0.0769517878,0.1191398935,,,,
21710,0.0,1571.030762,260.710052,1677.838013,0.9894675599,-0.0836611555,0.1181302629,,,,
21711,0.0,1574.801514,260.721619,1677.851318,0.9890144627,-0.0900632185,0.1172135196,,,,
21712,0.0,1578.265625,260.773376,1677.553223,0.988646202,-0.0944215487,0.1168899413,,,,
21713,0.0,1581.501709,260.80011,1677.555176,0.9883461977,-0.0975117179,0.1168899413,,,,
21714,0.0,1586.096802,260.938965,1677.291992,0.9879538772,-0.1014094775,0.1168899239,,,,
21715,0.0,1589.078247,260.968628,1677.164673,0.9877779245,-0.1038986736,0.1161888008,,,,
21716,0.0,1591.842041,261.057251,1676.495239,0.9875567232,-0.1062551857,0.1159377157,,,,
21717,0.0,1595.635254,260.992065,1676.125732,0.9873083571,-0.1085386845,0.1159377504,,,,
21718,0.0,1599.404663,260.912628,1675.818237,0.9869501866,-0.1117486963,0.1159377331,,,,
21719,0.0,1602.750732,260.773224,1675.813843,0.9865588855,-0.1157853168,0.1153053591,,,,
21720,0.0,1606.903809,260.478943,1675.551147,0.9853934122,-0.1264714562,0.1140385638,,,,
21721,0.0,1610.474243,260.269897,1675.490967,0.9843389983,-0.1351703696,0.113162306,,,,
21722,0.0,1613.693848,259.975067,1675.450073,0.982573244,-0.1481046898,0.1123157206,,,,
21723,0.0,1617.051147,259.640503,1675.446533,0.979553205,-0.1680802596,0.1105646642,,,,
21724,0.0,1620.175903,259.360382,1675.739502,0.9766620485,-0.185185743,0.1088002003,,,,
21725,0.0,1623.000854,259.011627,1676.048828,0.973082976,-0.2037750153,0.107634869,,,,
21726,0.0,1627.116821,258.430298,1675.999023,0.9686683907,-0.2243000389,0.1066350852,,,,
21727,0.0,1630.587524,257.964752,1676.427734,0.9627288765,-0.2492291208,0.1050616762,,,,
21728,0.0,1637.014282,257.154327,1677.52356,0.9517899666,-0.289520679,0.101358946,,,,
21729,0.0,1639.29187,256.8426665,1677.675232,0.9478845535,-0.3021752528,0.1001404744,,,,
21730,0.0,1641.569458,256.531006,1677.826904,0.9439791404,-0.3148298267,0.0989220029,,,,
21731,0.0,1644.966431,255.933823,1678.004395,0.9353668293,-0.3403548188,0.0961638809,,,,
21732,0.0,1648.188477,255.218201,1678.047363,0.9304114117,-0.3541840828,0.0942774657,,,,
21733,0.0,1651.364014,254.858383,1678.12854,0.9261784529,-0.3655007475,0.0927506176,,,,
21734,0.0,1656.715576,253.744827,1677.9375,0.9208718361,-0.3791223886,0.0908915609,,,,
21735,0.0,1659.753906,253.136726,1677.7596435,0.9187156452,-0.384467662,0.0900682023,,,,
21736,0.0,1662.792236,252.528625,1677.581787,0.9165594544,-0.3898129353,0.0892448437,,,,
21737,0.0,1667.7146,251.696808,1676.959351,0.9132616507,-0.3976245277,0.0885883308,,,,
21738,0.0,1670.456421,251.4416735,1676.714539,0.9110763807,-0.4026035116,0.0884344483,,,,
21739,0.0,1676.513916,251.037399,1676.003662,0.9060744698,-0.4139686457,0.0875158019,,,,
21740,0.0,1679.884644,251.061462,1675.744751,0.9007749089,-0.4255594249,0.0866241266,,,,
21741,0.0,1683.005859,251.313477,1675.373657,0.8961491201,-0.4352664759,0.08637042,,,,
21742,0.0,1687.4552,251.556885,1675.183105,0.8897356841,-0.4484035306,0.0854674569,,,,
21743,0.0,1690.713013,251.747635,1674.950928,0.8841942245,-0.4592615001,0.0853196806,,,,
21744,0.0,1693.903198,251.963287,1674.815186,0.8782257987,-0.4706957341,0.08464616,,,,
21745,0.0,1696.969238,252.286438,1674.701294,0.8728185179,-0.4806979072,0.084364428,,,,
21746,0.0,1701.331909,252.829544,1674.626221,0.8675660134,-0.4901141281,0.0843644106,,,,
21747,0.0,1704.91333,253.25592,1674.575195,0.8614805424,-0.5007333805,0.084364428,,,,
21748,0.0,1705.598999,253.3459395,1674.575195,0.8600492278,-0.5032034455,0.0842226108,,,,
21749,0.0,1711.031128,253.94397,1675.434326,0.8474409654,-0.5244057953,0.0827186314,,,,
21750,0.0,1714.721436,254.462433,1675.406372,0.8402906917,-0.5359449813,0.0816977997,,,,
21751,0.0,1717.516235,254.849548,1675.593018,0.836506064,-0.5419501185,0.0809176983,,,,
21752,0.0,1721.837036,255.503555,1675.824829,0.8304227835,-0.5512811457,0.0805425292,,,,
21753,0.0,1724.096802,255.831696,1675.658936,0.8268998706,-0.5566407662,0.0799228471,,,,
21754,0.0,1728.801514,256.548401,1675.802124,0.8218037353,-0.564299061,0.0787730308,,,,
21755,0.0,1732.205811,256.873352,1675.602905,0.8172997758,-0.5709166171,0.0779441648,,,,
21756,0.0,1735.881714,257.435944,1675.591309,0.8100685512,-0.5813884774,0.0760025045,,,,
21757,0.0,1739.015625,257.610596,1675.079834,0.8044143867,-0.589411524,0.0742398125,,,,
21758,0.0,1742.226074,258.109436,1675.032959,0.799861125,-0.5957993399,0.0724246315,,,,
21759,0.0,1745.673828,258.358948,1674.178467,0.7959099969,-0.6011821265,0.0714655691,,,,
21760,0.0,1749.151978,258.968536,1674.319092,0.793422043,-0.6045108448,0.0710499832,,,,
21761,0.0,1751.820068,259.218964,1673.545166,0.7902827625,-0.6087044981,0.0702281239,,,,
21762,0.0,1754.283325,259.614044,1673.239136,0.787509741,-0.6123745773,0.0694678698,,,,
21763,0.0,1758.427979,260.254028,1673.142456,0.7836154546,-0.6174839916,0.0682666782,,,,
21764,0.0,1760.935791,260.871918,1672.872681,0.7810861099,-0.6207710644,0.0674371892,,,,
21765,0.0,1764.942749,261.46756,1672.887451,0.7793960374,-0.6229219541,0.0671569501,,,,
21766,0.0,1767.894653,261.906708,1672.875732,0.7786484158,-0.6238562243,0.0671569501,,,,
21767,0.0,1771.111816,262.287476,1673.135254,0.7780212462,-0.6246382029,0.0671569501,,,,
21768,0.0,1773.409424,262.569855,1673.305664,0.7771474001,-0.6257551842,0.0668757654,,,,
21769,0.0,1778.354492,263.138092,1673.755127,0.7756487582,-0.627676453,0.0662666906,,,,
21770,0.0,1781.50293,263.589233,1673.572998,0.7742552014,-0.6294716154,0.0655314318,,,,
21771,0.0,1785.095337,263.927063,1674.09375,0.7709548471,-0.6335844327,0.0648027035,,,,
21772,0.0,1788.532227,264.244629,1674.743164,0.7684415703,-0.6366707082,0.0644046766,,,,
21773,0.0,1792.116577,264.679047,1674.751587,0.7651082522,-0.6407525119,0.0636048821,,,,
21774,0.0,1799.131348,265.187378,1675.700195,0.7579896728,-0.6493445852,0.0616706222,,,,
21775,0.0,1800.8804325,265.2267915,1675.8970335,0.7575274233,-0.6498954257,0.0615435244,,,,
21776,0.0,1805.645874,265.155884,1676.295288,0.7568258474,-0.6507247185,0.0614164265,,,,
21777,0.0,1809.562378,264.808411,1676.266235,0.756716182,-0.6508522431,0.0614164265,,,,
21778,0.0,1812.519775,264.478424,1676.225952,0.756716182,-0.6508522431,0.0614164265,,,,
21779,0.0,1816.521729,263.811157,1676.039551,0.756716182,-0.6508522431,0.0614164265,,,,
21780,0.0,1818.290833,263.4137265,1675.947876,0.756716182,-0.6508522431,0.0614164265,,,,
21781,0.0,1822.334229,262.466675,1675.95459,0.759940045,-0.6470851185,0.0614164265,,,,
21782,0.0,1824.959351,261.507996,1676.077637,0.7640467654,-0.6422309264,0.0614164265,,,,
21783,0.0,1828.126343,260.143951,1676.413818,0.7754148488,-0.6283716518,0.0622967048,,,,
21784,0.0,1829.1530765,259.4899445,1676.6399535,0.7790711502,-0.623753446,0.0628078343,,,,
21785,0.0,1832.111084,257.276367,1677.319214,0.7880147986,-0.6123098695,0.0641038288,,,,
21786,0.0,1834.400391,255.435043,1677.10498,0.7922435491,-0.606721885,0.0651054011,,,,
21787,0.0,1836.492554,253.396667,1676.874512,0.7927488668,-0.6060466118,0.0652436856,,,,
21788,0.0,1837.619141,251.975739,1676.898682,0.7927488668,-0.6060466118,0.0652436856,,,,
21789,0.0,1839.793213,248.924454,1677.049316,0.7927488668,-0.6060466118,0.0652436856,,,,
21790,0.0,1841.258179,246.688858,1677.203979,0.7927488668,-0.6060466118,0.0652436856,,,,
21791,0.0,1843.366455,243.257843,1677.121338,0.7927488668,-0.6060466118,0.0652436856,,,,
21792,0.0,1844.582275,241.353912,1676.951538,0.7927488668,-0.6060466118,0.0652436856,,,,
21793,0.0,1846.158691,237.893097,1676.861572,0.7927488668,-0.6060466118,0.0652436856,,,,
21794,0.0,1847.099121,235.752106,1676.764404,0.7927488668,-0.6060466118,0.0652436856,,,,
21795,0.0,1848.703491,231.755997,1676.461914,0.7927488668,-0.6060466118,0.0652436856,,,,
21796,0.0,1849.710815,229.253403,1676.244995,0.7927488668,-0.6060466118,0.0652436856,,,,
21797,0.0,1850.73877,226.26268,1676.007812,0.7927488668,-0.6060466118,0.0652436856,,,,
21798,0.0,1851.545654,223.563278,1675.60083,0.7927488668,-0.6060466118,0.0652436856,,,,
21799,0.0,1852.616821,220.09996,1675.24585,0.7927488668,-0.6060466118,0.0652436856,,,,
21800,0.0,1853.83374,216.587784,1675.395996,0.7927488668,-0.6060466118,0.0652436856,,,,
21801,0.0,1854.310303,214.098816,1674.945557,0.7927488668,-0.6060466118,0.0652436856,,,,
21802,0.0,1855.171875,210.791321,1674.751465,0.7927488668,-0.6060466118,0.0652436856,,,,
21803,0.0,1856.006836,207.3591,1674.561523,0.7927488668,-0.6060466118,0.0652436856,,,,
21804,0.0,1856.73877,204.163284,1674.523682,0.7927488668,-0.6060466118,0.0652436856,,,,
21805,0.0,1857.388062,201.47757,1674.550903,0.7927488668,-0.6060466118,0.0652436856,,,,
21806,0.0,1858.255371,197.782898,1674.622437,0.7927488668,-0.6060466118,0.0652436856,,,,
21807,0.0,1859.019775,194.232315,1675.058716,0.7927488668,-0.6060466118,0.0652436856,,,,
21808,0.0,1859.840454,190.408997,1675.081177,0.7927488668,-0.6060466118,0.0652436856,,,,
21809,0.0,1860.448242,187.486481,1675.694092,0.7927488668,-0.6060466118,0.0652436856,,,,
21810,0.0,1861.185425,183.854141,1675.779419,0.7927488668,-0.6060466118,0.0652436856,,,,
21811,0.0,1861.892822,180.381989,1676.198242,0.7927488668,-0.6060466118,0.0652436856,,,,
21812,0.0,1862.77063,176.190048,1676.220459,0.7927488668,-0.6060466118,0.0652436856,,,,
21813,0.0,1863.255249,173.498627,1676.218262,0.7927488668,-0.6060466118,0.0652436856,,,,
21814,0.0,1864.019775,169.640366,1676.207275,0.7927488668,-0.6060466118,0.0652436856,,,,
21815,0.0,1864.827148,165.944244,1676.043091,0.7927488668,-0.6060466118,0.0652436856,,,,
21816,0.0,1866.344971,159.608597,1675.921265,0.7927488668,-0.6060466118,0.0652436856,,,,
21817,0.0,1866.8823245,158.1316375,1675.8873905,0.7927488668,-0.6060466118,0.0652436856,,,,
21818,0.0,1867.419678,156.654678,1675.853516,0.7927488668,-0.6060466118,0.0652436856,,,,
21819,0.0,1869.712036,150.376984,1676.106812,0.7927488668,-0.6060466118,0.0652436856,,,,
21820,0.0,1871.10437,147.569962,1675.890991,0.7915007763,-0.6077195198,0.0648344539,,,,
21821,0.0,1872.848633,144.267746,1675.448364,0.790008437,-0.609709901,0.0643467648,,,,
21822,0.0,1873.66803,142.691223,1675.519104,0.786807264,-0.6139478243,0.0630273765,,,,
21823,0.0,1875.898193,138.498962,1675.736694,0.7739906595,-0.6304181129,0.0592575903,,,,
21824,0.0,1877.534546,135.701248,1675.848877,0.7551605713,-0.6530957817,0.0565545005,,,,
21825,0.0,1879.554077,132.307404,1676.146362,0.7355246297,-0.6753292369,0.0541658644,,,,
21826,0.0,1881.58667,129.40947,1676.353638,0.7030310468,-0.709242467,0.052177296,,,,
21827,0.0,1883.606323,126.478432,1677.017334,0.6626649352,-0.747176513,0.0510141368,,,,
21828,0.0,1885.290405,124.290741,1677.440796,0.6246893474,-0.7792135347,0.0508869979,,,,
21829,0.0,1887.338501,121.962868,1677.43689,0.5763993571,-0.815627815,0.0501502589,,,,
21830,0.0,1889.481567,119.139412,1677.654785,0.5340615928,-0.8440099488,0.0492485682,,,,
21831,0.0,1892.400757,116.134186,1677.48291,0.4936138072,-0.8683013074,0.0489719186,,,,
21832,0.0,1894.552368,114.518242,1677.131836,0.4703538573,-0.8811180398,0.0489719186,,,,
21833,0.0,1897.366333,111.716782,1677.146484,0.4481616479,-0.8926101549,0.0489719186,,,,
21834,0.0,1898.963623,110.415901,1677.107422,0.4449313492,-0.8942064761,0.0493038802,,,,
21835,0.0,1901.76709,108.579132,1676.939941,0.4422710466,-0.8955018657,0.0497265511,,,,
21836,0.0,1905.564941,105.898758,1676.862061,0.4409728286,-0.8960812769,0.05080659,,,,
21837,0.0,1907.925537,104.376648,1676.79248,0.4370635391,-0.8978668966,0.0530141385,,,,
21838,0.0,1910.860596,102.580353,1676.709229,0.4331719875,-0.8996238336,0.05512701,,,,
21839,0.0,1914.426147,100.473137,1676.38501,0.4304903168,-0.9007630954,0.0574798497,,,,
21840,0.0,1917.016968,99.046036,1676.360962,0.4303897553,-0.9008042231,0.0575882816,,,,
21841,0.0,1920.002563,97.372665,1676.120728,0.4303897553,-0.9008042231,0.0575882816,,,,
21842,0.0,1922.402466,95.888649,1675.638916,0.4303897553,-0.9008042231,0.0575882816,,,,
21843,0.0,1925.706909,94.221031,1675.65625,0.4303897553,-0.9008042231,0.0575882816,,,,
21844,0.0,1929.546997,92.1605,1675.359009,0.4303897553,-0.9008042231,0.0575882816,,,,
21845,0.0,1932.403687,90.523689,1674.958008,0.4303897553,-0.9008042231,0.0575882816,,,,
21846,0.0,1933.085449,89.842369,1674.267822,0.4303897553,-0.9008042231,0.0575882816,,,,
21847,0.0,1937.798218,87.475021,1673.939209,0.4303897553,-0.9008042231,0.0575882816,,,,
21848,0.0,1941.436279,85.747307,1673.842407,0.4303897553,-0.9008042231,0.0575882816,,,,
21849,0.0,1944.469116,84.442551,1673.689331,0.4303897553,-0.9008042231,0.0575882816,,,,
21850,0.0,1947.725098,83.062141,1673.577393,0.4303897553,-0.9008042231,0.0575882816,,,,
21851,0.0,1949.310425,82.54509,1673.523438,0.4303897553,-0.9008042231,0.0575882816,,,,
21852,0.0,1954.133179,80.632477,1673.411377,0.4303897553,-0.9008042231,0.0575882816,,,,
21853,0.0,1956.791992,79.574921,1673.317993,0.4303897553,-0.9008042231,0.0575882816,,,,
21854,0.0,1959.852661,78.385284,1673.689331,0.4303897553,-0.9008042231,0.0575882816,,,,
21855,0.0,1963.725464,76.865326,1673.93811,0.4303897553,-0.9008042231,0.0575882816,,,,
21856,0.0,1966.764893,75.650093,1673.723511,0.4303897553,-0.9008042231,0.0575882816,,,,
21857,0.0,1972.271606,73.151619,1674.864258,0.3765029986,-0.9247040836,0.056283656,,,,
21858,0.0,1975.93457,71.773804,1675.018799,0.323896485,-0.9445275499,0.0543946186,,,,
21859,0.0,1977.9303585,71.0250015,1675.137024,0.2965751992,-0.9529807674,0.055246476,,,,
21860,0.0,1979.926147,70.276199,1675.255249,0.2692539135,-0.9614339848,0.0560983335,,,,
21861,0.0,1986.549316,67.651787,1675.046021,0.1838815027,-0.9808235733,0.0645965243,,,,
21862,0.0,1989.453247,66.233055,1674.98584,0.1575759569,-0.9852556801,0.0666412985,,,,
21863,0.0,1991.475525,65.358383,1674.871155,0.142631395,-0.9872991082,0.0683114285,,,,
21864,0.0,1995.905029,63.324257,1674.605957,0.1196274715,-0.9902881329,0.0708426557,,,,
21865,0.0,1999.410034,61.68174,1674.367188,0.1114248356,-0.9911821298,0.0717111684,,,,
21866,0.0,2003.455566,59.73941,1674.157715,0.1092713037,-0.9914053454,0.0719390245,,,,
21867,0.0,2005.829346,58.464397,1674.125122,0.1092713037,-0.9914053454,0.0719390245,,,,
21868,0.0,2008.366455,56.906078,1674.205688,0.1092713037,-0.9914053454,0.0719390245,,,,
21869,0.0,2012.078613,54.667336,1674.212891,0.1092713037,-0.9914053454,0.0719390245,,,,
21870,0.0,2014.682861,53.163292,1674.136963,0.1092713037,-0.9914053454,0.0719390245,,,,
21871,0.0,2018.261963,51.049728,1674.239136,0.1092713037,-0.9914053454,0.0719390245,,,,
21872,0.0,2020.676147,49.425453,1674.385742,0.1092713037,-0.9914053454,0.0719390245,,,,
21873,0.0,2023.786499,47.253681,1674.740601,0.1092713037,-0.9914053454,0.0719390245,,,,
21874,0.0,2027.012573,44.893063,1675.207642,0.1092713037,-0.9914053454,0.0719390245,,,,
21875,0.0,2029.361938,43.183517,1675.289795,0.1092713037,-0.9914053454,0.0719390245,,,,
21876,0.0,2032.12085,41.083904,1676.186279,0.1092713037,-0.9914053454,0.0719390245,,,,
21877,0.0,2034.961426,38.996117,1676.374512,0.1092713037,-0.9914053454,0.0719390245,,,,
21878,0.0,2037.09314,37.403111,1676.832153,0.1092713037,-0.9914053454,0.0719390245,,,,
21879,0.0,2040.255615,34.961086,1677.061768,0.1068705871,-0.9916670065,0.0719390419,,,,
21880,0.0,2042.887695,32.837364,1677.06189,0.1005598449,-0.9922938713,0.0723919229,,,,
21881,0.0,2045.411133,30.762329,1676.957275,0.0954106614,-0.9927731165,0.0727897307,,,,
21882,0.0,2048.525146,28.362377,1677.002075,0.0884327291,-0.9933793753,0.0733285013,,,,
21883,0.0,2050.519287,26.731148,1676.905029,0.0838229356,-0.9937526577,0.0736842641,,,,
21884,0.0,2053.66626,24.114683,1676.523193,0.0767198089,-0.9943138551,0.0738513941,,,,
21885,0.0,2056.389648,21.807981,1676.067627,0.0713234744,-0.994646445,0.0747757405,,,,
21886,0.0,2058.728271,19.843103,1675.706055,0.0676322076,-0.9948366269,0.0756701414,,,,
21887,0.0,2060.75293,18.189613,1674.908325,0.0649642097,-0.9950073076,0.0757635095,,,,
21888,0.0,2062.613281,16.696533,1674.85791,0.0629148396,-0.9951164889,0.0760585066,,,,
21889,0.0,2066.012695,14.096765,1674.521729,0.060098451,-0.995247301,0.0766223605,,,,
21890,0.0,2068.802002,12.061043,1674.283691,0.0561876673,-0.9954018535,0.077576389,,,,
21891,0.0,2070.573975,10.611359,1674.192627,0.0527970778,-0.9955797366,0.0776753289,,,,
21892,0.0,2073.876709,7.767908,1674.375732,0.0477041565,-0.9958367621,0.0776753289,,,,
21893,0.0,2076.021973,5.970245,1674.233521,0.0393207805,-0.9961515455,0.0783324616,,,,
21894,0.0,2078.923584,3.286132,1674.850342,0.0257728011,-0.9965046834,0.0794618059,,,,
21895,0.0,2081.633057,0.761485,1675.098633,0.0024132644,-0.9968250134,0.0795868628,,,,
21896,0.0,2083.079102,-0.699945,1675.323364,-0.0302343245,-0.9963143699,0.0802718005,,,,
21897,0.0,2088.050293,-5.461875,1675.418701,-0.1498406172,-0.985271114,0.0823930907,,,,
21898,0.0,2090.630127,-8.278062,1675.746948,-0.2643454221,-0.9607591889,0.0840433149,,,,
21899,0.0,2091.8967285,-9.7921415,1675.805664,-0.3452359224,-0.9305186476,0.0865064947,,,,
21900,0.0,2093.16333,-11.306221,1675.86438,-0.4261264228,-0.9002781064,0.0889696745,,,,
21901,0.0,2097.174561,-15.77493,1675.761475,-0.6996123556,-0.7079700062,0.0965454414,,,,
21902,0.0,2098.0435795,-17.326384,1675.683289,-0.7790974424,-0.6055662453,0.0974244114,,,,
21903,0.0,2098.912598,-18.877838,1675.605103,-0.8585825292,-0.5031624845,0.0983033815,,,,
21904,0.0,2100.743896,-22.621035,1673.99585,-0.9676200307,-0.2312088485,0.1012617626,,,,
21905,0.0,2100.716553,-23.624212,1673.512695,-0.9910816795,-0.0826238836,0.1045485461,,,,
21906,0.0,2100.5021975,-23.812725,1673.301941,-0.988310987,0.0231605328,0.1072368237,,,,
21907,0.0,2099.992676,-23.805916,1672.955444,-0.9770895091,0.181165511,0.1116922054,,,,
21908,0.0,2099.992432,-23.681711,1673.007568,-0.9666982654,0.2294042056,0.1134379744,,,,
21909,0.0,2100.090088,-23.45225,1673.114014,-0.9556425432,0.2693253938,0.1192105781,,,,
21910,0.0,2100.097168,-23.135283,1673.330078,-0.9518571826,0.2811424604,0.1221753692,,,,
21911,0.0,2100.050781,-22.868532,1673.66687,-0.9512985758,0.2825931606,0.1231751815,,,,
21912,0.0,2100.249268,-22.396429,1673.983521,-0.9510869134,0.2831403906,0.1235524279,,,,
21913,0.0,2100.152588,-22.107136,1673.96167,-0.9510869134,0.2831403906,0.1235524279,,,,
21914,0.0,2099.941406,-21.688021,1673.941284,-0.9510869134,0.2831403906,0.1235524279,,,,
21915,0.0,2099.348877,-20.913593,1673.909058,-0.9510869134,0.2831403906,0.1235524279,,,,
21916,0.0,2098.924072,-20.400652,1673.834351,-0.9510869134,0.2831403906,0.1235524279,,,,
21917,0.0,2098.414795,-19.690788,1673.844604,-0.9510869134,0.2831403906,0.1235524279,,,,
21918,0.0,2097.718018,-18.780458,1673.89502,-0.9510869134,0.2831403906,0.1235524279,,,,
21919,0.0,2096.869629,-17.682024,1674.045166,-0.9510869134,0.2831403906,0.1235524279,,,,
21920,0.0,2095.468262,-15.912713,1674.364746,-0.9510869134,0.2831403906,0.1235524279,,,,
21921,0.0,2094.553223,-14.822896,1674.587769,-0.9510869134,0.2831403906,0.1235524279,,,,
21922,0.0,2093.371826,-13.212894,1674.823486,-0.9510869134,0.2831403906,0.1235524279,,,,
21923,0.0,2091.551514,-10.798465,1675.161865,-0.9510869134,0.2831403906,0.1235524279,,,,
21924,0.0,2090.310059,-8.969568,1675.45874,-0.9510869134,0.2831403906,0.1235524279,,,,
21925,0.0,2089.042725,-7.098914,1675.690186,-0.9510869134,0.2831403906,0.1235524279,,,,
21926,0.0,2087.138916,-4.289908,1675.952759,-0.9510869134,0.2831403906,0.1235524279,,,,
21927,0.0,2085.874023,-2.237779,1676.126099,-0.9497531758,0.287582522,0.1235524106,,,,
21928,0.0,2084.955566,0.433823,1676.030518,-0.9402508119,0.3178010395,0.1221921028,,,,
21929,0.0,2083.487305,3.34325,1676.199463,-0.9268016322,0.354275898,0.124608678,,,,
21930,0.0,2082.437988,6.053357,1676.126953,-0.9171278751,0.3776787242,0.1274175886,,,,
21931,0.0,2081.072998,9.620897,1675.954956,-0.9103226456,0.3925905081,0.1310929972,,,,
21932,0.0,2080.361572,11.303696,1675.90979,-0.9103710787,0.3924558468,0.1311598545,,,,
21933,0.0,2078.604736,15.306535,1675.850342,-0.9106089959,0.3919034889,0.1311598718,,,,
21934,0.0,2077.619629,17.628628,1675.776733,-0.9110115202,0.3904706137,0.1326299738,,,,
21935,0.0,2076.618652,19.925945,1675.78772,-0.9110550919,0.3900206511,0.1336507061,,,,
21936,0.0,2075.015625,23.56584,1675.937134,-0.9095645082,0.3930719423,0.1348586433,,,,
21937,0.0,2073.964844,25.994249,1676.286377,-0.9079077781,0.3966103573,0.1356602038,,,,
21938,0.0,2071.275391,32.063221,1676.645264,-0.8990576514,0.4150410035,0.1394141489,,,,
21939,0.0,2070.359009,34.064562,1676.8703615,-0.8967730605,0.4197304368,0.1399889207,,,,
21940,0.0,2069.442627,36.065903,1677.095459,-0.8944884696,0.4244198701,0.1405636924,,,,
21941,0.0,2068.188965,38.779507,1677.440674,-0.887139842,0.4392967803,0.1414257387,,,,
21942,0.0,2065.450684,45.630562,1677.582642,-0.861373943,0.4871766044,0.1438536977,,,,
21943,0.0,2064.6445315,47.6651555,1677.5599365,-0.8500762786,0.5060685288,0.1441538504,,,,
21944,0.0,2063.137939,52.027779,1677.577881,-0.8218087172,0.5510491753,0.1448283077,,,,
21945,0.0,2061.688477,56.143185,1677.463745,-0.7974014155,0.5856826157,0.1453508041,,,,
21946,0.0,2060.55835,59.609463,1677.185181,-0.7661753388,0.625965999,0.1454026077,,,,
21947,0.0,2060.045166,61.756268,1677.330688,-0.7516407492,0.6433461439,0.145402625,,,,
21948,0.0,2059.054688,65.558022,1677.030151,-0.7315979358,0.666049947,0.1454026423,,,,
21949,0.0,2058.075928,70.121239,1676.62439,-0.7022074028,0.6971483737,0.1445299571,,,,
21950,0.0,2057.692627,72.314278,1676.37207,-0.6918825561,0.7075496527,0.143777667,,,,
21951,0.0,2056.882324,76.845474,1676.12915,-0.6779255269,0.7211546244,0.1426638979,,,,
21952,0.0,2056.320068,80.45874,1676.06311,-0.6720455505,0.7268341939,0.1416574483,,,,
21953,0.0,2055.966797,82.928497,1676.047363,-0.671855954,0.7271452781,0.1409585813,,,,
21954,0.0,2055.503662,86.990189,1676.225342,-0.6719676253,0.7272661392,0.1397979732,,,,
21955,0.0,2055.137939,89.485237,1676.134766,-0.6726057436,0.7268992554,0.138632558,,,,
21956,0.0,2054.582764,93.882088,1676.246704,-0.6735296817,0.7263437033,0.1370495987,,,,
21957,0.0,2054.127686,97.727463,1676.444336,-0.6742978533,0.7256663412,0.1368603897,,,,
21958,0.0,2053.87207,99.810936,1676.714966,-0.6746284734,0.7254787428,0.1362241413,,,,
21959,0.0,2053.252686,104.372406,1677.2677,-0.6751033145,0.7252302825,0.1351907988,,,,
21960,0.0,2052.850342,108.707756,1677.202026,-0.6772908536,0.7234001543,0.1340496785,,,,
21961,0.0,2052.493408,111.694626,1677.259033,-0.6851729154,0.7163617163,0.1317724077,,,,
21962,0.0,2051.86792,116.086037,1677.374634,-0.7035660821,0.6987718926,0.129277261,,,,
21963,0.0,2051.49585,118.038956,1677.342041,-0.7298216433,0.6717001733,0.1271976661,,,,
21964,0.0,2051.012451,122.766312,1677.199341,-0.7695298613,0.6264789652,0.1238866365,,,,
21965,0.0,2050.790283,125.871819,1676.886475,-0.8173886649,0.5636128234,0.1192323604,,,,
21966,0.0,2050.477295,129.879364,1676.5625,-0.8726295393,0.4753692824,0.1119898769,,,,
21967,0.0,2050.161377,132.158218,1676.328491,-0.9060944757,0.4092420318,0.1073021924,,,,
21968,0.0,2049.284912,136.477051,1676.097656,-0.9463870684,0.3069804924,0.1005708414,,,,
21969,0.0,2048.734619,140.266647,1675.546875,-0.9668009963,0.2371770545,0.0950940502,,,,
21970,0.0,2047.890991,142.766785,1675.461792,-0.9773631702,0.190828484,0.0913549298,,,,
21971,0.0,2047.019165,146.638809,1675.046143,-0.9829179471,0.1616980149,0.0878980164,,,,
21972,0.0,2046.116211,149.107529,1675.083984,-0.9849599991,0.1498374499,0.0860380075,,,,
21973,0.0,2045.198975,152.059662,1675.095581,-0.9857344017,0.1452541609,0.0850230442,,,,
21974,0.0,2044.023438,155.281479,1675.515747,-0.9857782112,0.1452606165,0.0845024949,,,,
21975,0.0,2042.67395,158.852524,1675.70166,-0.9858460357,0.1448800787,0.084364428,,,,
21976,0.0,2041.185425,162.252838,1676.107788,-0.9859221048,0.1443615137,0.084364428,,,,
21977,0.0,2040.073242,164.719101,1676.422241,-0.9863994201,0.141662589,0.0833540331,,,,
21978,0.0,2038.298096,168.368484,1676.890625,-0.9871550441,0.1372989318,0.0816940772,,,,
21979,0.0,2035.385742,174.173874,1677.708252,-0.9877416436,0.133713663,0.0805425465,,,,
21980,0.0,2034.324463,176.1258395,1677.9335325,-0.9879344105,0.1325215286,0.0801375233,,,,
21981,0.0,2033.263184,178.077805,1678.158813,-0.9881271774,0.1313293943,0.0797325,,,,
21982,0.0,2030.280518,183.214966,1678.32373,-0.9890909714,0.124777253,0.0782923205,,,,
21983,0.0,2028.9954225,185.1402055,1678.3241575,-0.9895724072,0.121028248,0.0780015558,,,,
21984,0.0,2026.109009,189.486633,1678.350464,-0.9919758524,0.1008266702,0.0762750993,0.0104539419,354.9385177426,2461.1387102231,3.0
21985,0.0,2024.979248,191.119766,1678.319031,-0.9932696062,0.0861331258,0.0760193044,0.0087679094,323.5367282652,2460.0865090852,3.0
21986,0.0,2022.201416,194.752197,1677.70166,-0.9959768232,0.0478545542,0.0757635095,,,,
21987,0.0,2021.171692,196.2239915,1677.6054685,-0.996336381,0.038565381,0.0757635095,,,,
21988,0.0,2018.167358,200.381149,1677.180908,-0.9970730726,0.0102556568,0.0757635095,,,,
21989,0.0,2016.170776,203.027756,1676.63208,-0.9971234429,-0.0021743277,0.0757635269,,,,
21990,0.0,2015.047485,204.482269,1676.381714,-0.9971272046,-0.0068290169,0.0754367443,,,,
21991,0.0,2012.539551,207.743576,1675.990967,-0.9970950611,-0.0138563656,0.074896196,,,,
21992,0.0,2010.675781,210.126953,1675.944946,-0.9970908221,-0.0173926044,0.0742117902,,,,
21993,0.0,2008.415894,212.877228,1675.929688,-0.9970273353,-0.0219650713,0.0738513941,,,,
21994,0.0,2006.114746,215.612106,1676.005737,-0.9970096498,-0.0227536788,0.0738513941,,,,
21995,0.0,2004.236816,217.772186,1676.159424,-0.9969935618,-0.023448012,0.0738513941,,,,
21996,0.0,2002.245483,219.909851,1676.273193,-0.9969603895,-0.0248183039,0.0738514289,,,,
21997,0.0,1999.09082,223.255859,1676.377686,-0.9969400814,-0.0256211952,0.0738513941,,,,
21998,0.0,1996.511475,226.025589,1676.339111,-0.9969400814,-0.0256211952,0.0738513941,,,,
21999,0.0,1994.439575,228.145569,1676.500488,-0.9969400814,-0.0256211952,0.0738513941,,,,
22000,0.0,1992.174194,230.539703,1676.63562,-0.9969400814,-0.0256211952,0.0738513941,,,,
22001,0.0,1988.945068,233.615036,1676.726929,-0.9969400814,-0.0256211952,0.0738513941,,,,
22002,0.0,1986.519287,235.670319,1676.860962,-0.9969400814,-0.0256211952,0.0738513941,,,,
22003,0.0,1984.382812,237.34079,1676.86145,-0.9969400814,-0.0256211952,0.0738513941,,,,
22004,0.0,1981.138672,239.619324,1676.644775,-0.9969400814,-0.0256211952,0.0738513941,,,,
22005,0.0,1978.149902,241.655457,1676.586792,-0.9969400814,-0.0256211952,0.0738513941,,,,
22006,0.0,1975.496094,243.219315,1676.535034,-0.9969400814,-0.0256211952,0.0738513941,,,,
22007,0.0,1972.615967,244.804932,1676.12207,-0.9969400814,-0.0256211952,0.0738513941,,,,
22008,0.0,1969.669678,245.970001,1676.18689,-0.9969400814,-0.0256211952,0.0738513941,,,,
22009,0.0,1966.356323,247.20813,1675.924683,-0.9969400814,-0.0256211952,0.0738513941,,,,
22010,0.0,1962.555664,248.426743,1675.619751,-0.9969400814,-0.0256211952,0.0738513941,,,,
22011,0.0,1959.709839,252.065781,1676.701294,-0.9969224856,-0.0262968964,0.0738514115,,,,
22012,0.0,1955.788696,250.333023,1675.126221,-0.9968897438,-0.0275101842,0.0738513941,,,,
22013,0.0,1952.994873,251.025833,1675.087158,-0.9968455571,-0.0290672394,0.0738514115,,,,
22014,0.0,1949.973389,251.67247,1674.920776,-0.996811988,-0.0301965575,0.0738513941,,,,
22015,0.0,1947.030518,252.252335,1674.9552,-0.9968058074,-0.0303999006,0.0738513941,,,,
22016,0.0,1943.667725,252.731476,1675.029053,-0.9967667729,-0.0316539434,0.0738513941,,,,
22017,0.0,1940.177368,253.171646,1675.193848,-0.9967241083,-0.0329700402,0.0738513941,,,,
22018,0.0,1936.258545,253.546005,1675.418701,-0.9966165526,-0.0351132771,0.0743135579,,,,
22019,0.0,1932.638062,253.898575,1675.714722,-0.996519799,-0.0368775332,0.0747551859,,,,
22020,0.0,1929.226562,253.991943,1676.575684,-0.9964145251,-0.0395213127,0.0748074862,,,,
22021,0.0,1926.182861,254.11319,1677.021362,-0.9962563555,-0.0420767491,0.0755170267,,,,
22022,0.0,1921.933472,254.21344,1677.469238,-0.9961254555,-0.0446538625,0.0757635095,,,,
22023,0.0,1916.584839,254.254898,1677.877319,-0.9960501668,-0.0463028138,0.0757635443,,,,
22024,0.0,1914.148865,254.274719,1677.977295,-0.9960219318,-0.0469024268,0.0757635356,,,,
22025,0.0,1908.770752,254.497574,1678.102661,-0.9959092376,-0.0482325251,0.0764095151,,,,
22026,0.0,1906.762329,254.445,1678.1264035,-0.9958472742,-0.0492446395,0.0765644804,,,,
22027,0.0,1902.015869,254.368011,1678.144409,-0.9956243969,-0.0524002123,0.0773710417,,,,
22028,0.0,1898.970703,254.295059,1678.074463,-0.9954663735,-0.0548930088,0.0776753289,,,,
22029,0.0,1896.6035765,254.205963,1677.9316405,-0.9952700615,-0.0576932307,0.0781084402,,,,
22030,0.0,1891.34082,254.077484,1677.519531,-0.9947587161,-0.0644949051,0.0793442115,,,,
22031,0.0,1887.468872,253.997757,1677.230591,-0.9942556066,-0.0706379583,0.0804118627,,,,
22032,0.0,1884.647095,253.92041,1677.050171,-0.9937065397,-0.0771775801,0.0811845683,,,,
22033,0.0,1880.281738,253.810043,1676.612427,-0.9929626588,-0.0851049844,0.0823547196,,,,
22034,0.0,1877.925293,253.687759,1676.557983,-0.992161212,-0.0926328071,0.0838766505,,,,
22035,0.0,1874.157715,253.535355,1676.545898,-0.9911330417,-0.1015379273,0.0857049767,,,,
22036,0.0,1869.382324,253.347031,1676.705444,-0.9892048105,-0.1169772539,0.0882619115,,,,
22037,0.0,1867.123169,253.341568,1676.900879,-0.9883809399,-0.1229362435,0.0893856677,,,,
22038,0.0,1863.753662,253.259064,1677.151611,-0.9874564001,-0.1293157422,0.0905941323,,,,
22039,0.0,1859.490723,253.156586,1677.542725,-0.9861128888,-0.1378797753,0.0925772005,,,,
22040,0.0,1855.832764,252.922821,1677.636108,-0.9854621298,-0.142145173,0.0930545033,,,,
22041,0.0,1853.440308,252.912811,1677.92688,-0.9851854299,-0.1438457975,0.093370527,,,,
22042,0.0,1848.693604,252.826645,1678.289429,-0.9848007123,-0.1460918381,0.0939400444,,,,
22043,0.0,1845.565796,252.932861,1678.599731,-0.9846661611,-0.1469518541,0.0940090621,,,,
22044,0.0,1841.683472,252.825745,1678.723022,-0.9846129532,-0.147307949,0.0940090447,,,,
22045,0.0,1838.074585,252.524094,1678.725464,-0.9846129532,-0.147307949,0.0940090447,,,,
22046,0.0,1834.708252,252.314819,1678.760742,-0.9846129532,-0.147307949,0.0940090447,,,,
22047,0.0,1830.46582,252.082336,1678.749023,-0.9844762824,-0.1482185736,0.0940090621,,,,
22048,0.0,1827.315308,251.838638,1678.721924,-0.9843485057,-0.1490648362,0.09400901,,,,
22049,0.0,1824.066406,251.567734,1678.591675,-0.9841159117,-0.1505927241,0.0940090621,,,,
22050,0.0,1821.220947,251.277283,1678.428223,-0.9837221116,-0.1527878217,0.0945869372,,,,
22051,0.0,1816.787598,250.7117,1678.280029,-0.9829104081,-0.1571922646,0.0958004264,,,,
22052,0.0,1813.666382,250.23526,1677.753906,-0.9820393389,-0.1620359434,0.09665966,,,,
22053,0.0,1809.658813,249.612183,1677.304565,-0.9809214091,-0.1685496354,0.0968721295,,,,
22054,0.0,1806.913574,249.175781,1676.626953,-0.979823325,-0.1744309262,0.0975710187,,,,
22055,0.0,1803.981812,248.715057,1676.576172,-0.9783857601,-0.1818885931,0.0983760348,,,,
22056,0.0,1799.569092,247.985306,1676.134399,-0.9762588555,-0.1923478592,0.0996039566,,,,
22057,0.0,1798.760376,247.843948,1676.086182,-0.9758600735,-0.1942519341,0.0998163466,,,,
22058,0.0,1792.7677,246.808289,1675.817139,-0.9740048621,-0.2029510806,0.1006249847,,,,
22059,0.0,1789.649536,246.305542,1675.839844,-0.9733066549,-0.2062426131,0.1006883309,,,,
22060,0.0,1786.414917,245.628494,1676.052002,-0.9720287831,-0.2121836584,0.1006883309,,,,
22061,0.0,1782.078979,244.834702,1676.099487,-0.9705278941,-0.2185068364,0.1016384234,,,,
22062,0.0,1779.152222,244.235153,1676.202148,-0.9694389034,-0.2232870164,0.1016421217,,,,
22063,0.0,1773.608154,242.790863,1677.378906,-0.967429762,-0.2317035241,0.1019467144,,,,
22064,0.0,1771.3242185,242.248787,1677.6312865,-0.9667295756,-0.234466209,0.1022317004,,,,
22065,0.0,1765.868774,241.093933,1677.848755,-0.9645857457,-0.242998827,0.1025958538,,,,
22066,0.0,1764.312683,240.6574095,1678.0056765,-0.9635504016,-0.2470371048,0.1025958712,,,,
22067,0.0,1759.393921,239.32457,1678.354736,-0.9609128278,-0.2571392959,0.1025959059,,,,
22068,0.0,1757.202759,238.6159365,1678.40863,-0.9592608572,-0.2631609806,0.1025958886,,,,
22069,0.0,1755.011597,237.907303,1678.462524,-0.9576088867,-0.2691826652,0.1025958712,,,,
22070,0.0,1750.736572,236.641907,1678.274048,-0.9526376202,-0.2862789878,0.1025958365,,,,
22071,0.0,1747.884094,235.7892,1678.074341,-0.9499342456,-0.294984619,0.1025958452,,,,
22072,0.0,1742.515137,234.294647,1677.919556,-0.9446370613,-0.3116647449,0.1025958538,,,,
22073,0.0,1738.958374,233.2323,1677.694702,-0.941803531,-0.3201252877,0.1025958538,,,,
22074,0.0,1735.589233,232.245163,1677.26062,-0.9382227841,-0.3305859404,0.1022298556,,,,
22075,0.0,1732.451294,231.286911,1676.868042,-0.9346000679,-0.3408280252,0.1017790273,,,,
22076,0.0,1730.359253,230.648079,1676.6708985,-0.9316565082,-0.3488425636,0.1012513736,,,,
22077,0.0,1725.397339,229.123322,1676.333862,-0.9259730604,-0.3639172316,0.1006883309,,,,
22078,0.0,1722.656372,228.29248,1676.334229,-0.9236908479,-0.3698344624,0.1000884006,,,,
22079,0.0,1718.71814,227.07843,1676.372681,-0.9209629695,-0.3766699605,0.0997343955,,,,
22080,0.0,1714.777466,225.91684,1676.585938,-0.91921164,-0.3811598363,0.0988288422,,,,
22081,0.0,1712.02771,225.075272,1676.718384,-0.9183063954,-0.3833481396,0.0987804031,,,,
22082,0.0,1708.02063,223.916565,1677.179077,-0.9166519056,-0.3872876398,0.0987804031,,,,
22083,0.0,1705.395386,223.110291,1677.385498,-0.9160284737,-0.3887599052,0.0987804205,,,,
22084,0.0,1701.332764,221.937927,1677.772583,-0.9148658699,-0.3917079633,0.0979046043,,,,
22085,0.0,1698.227905,221.027176,1678.074463,-0.9138377414,-0.3941200285,0.0978263026,,,,
22086,0.0,1694.492676,219.957611,1678.337524,-0.9126023081,-0.3969723395,0.0978263199,,,,
22087,0.0,1691.391602,218.970703,1678.483276,-0.9106386238,-0.4016491145,0.097032395,,,,
22088,0.0,1688.474487,218.238632,1678.67749,-0.9090097239,-0.4053604679,0.0968721469,,,,
22089,0.0,1684.373291,216.694641,1678.682739,-0.9059442846,-0.4123647441,0.0960222427,,,,
22090,0.0,1680.810669,215.392914,1678.658325,-0.9033393504,-0.4180643301,0.09591785,,,,
22091,0.0,1677.750122,214.227814,1678.589478,-0.9000713739,-0.4252466104,0.0950623075,,,,
22092,0.0,1675.464355,213.337814,1678.422974,-0.8974193632,-0.4308368836,0.0949634997,,,,
22093,0.0,1671.985229,211.986298,1678.27771,-0.8944946055,-0.436876788,0.0949635344,,,,
22094,0.0,1667.889893,210.24353,1677.901123,-0.8916221538,-0.4428959293,0.0940910765,,,,
22095,0.0,1665.371582,209.117294,1677.394287,-0.8899306992,-0.4463021924,0.0940090621,,,,
22096,0.0,1662.608032,207.904755,1677.387573,-0.8880845403,-0.4499646047,0.0940090621,,,,
22097,0.0,1658.505859,206.040802,1677.044189,-0.8857340668,-0.45474243,0.0931905862,,,,
22098,0.0,1655.904419,204.870087,1676.667847,-0.8840170205,-0.4580990727,0.0930545381,,,,
22099,0.0,1652.587891,203.371155,1676.229858,-0.8823580585,-0.461286371,0.0930545033,,,,
22100,0.0,1651.964966,203.084671,1676.229858,-0.882166757,-0.4616519275,0.0930545033,,,,
22101,0.0,1651.342041,202.798187,1676.229858,-0.8802006323,-0.4653898435,0.0930545033,,,,
22102,0.0,1644.691406,199.616501,1675.93103,-0.8806464094,-0.4645457578,0.0930545033,,,,
22103,0.0,1640.859497,197.799652,1675.974487,-0.8806464094,-0.4645457578,0.0930545033,,,,
22104,0.0,1636.165527,195.51796,1676.071289,-0.8806464094,-0.4645457578,0.0930545033,,,,
22105,0.0,1633.690796,194.142563,1676.478882,-0.8806464094,-0.4645457578,0.0930545033,,,,
22106,0.0,1628.090576,191.169586,1677.271851,-0.8802006323,-0.4653898435,0.0930545033,,,,
22107,0.0,1626.1629025,190.1229245,1677.560425,-0.8802006323,-0.4653898435,0.0930545033,,,,
22108,0.0,1624.235229,189.076263,1677.848999,-0.8802006323,-0.4653898435,0.0930545033,,,,
22109,0.0,1618.384644,186.053345,1678.189697,-0.8802006323,-0.4653898435,0.0930545033,,,,
22110,0.0,1616.614319,185.072014,1678.3208005,-0.8802006323,-0.4653898435,0.0930545033,,,,
22111,0.0,1612.578369,182.744431,1678.681885,-0.8802006323,-0.4653898435,0.0930545033,,,,
22112,0.0,1608.636719,180.710526,1678.77002,-0.8802006323,-0.4653898435,0.0930545033,,,,
22113,0.0,1606.24939,179.225037,1678.869019,-0.8802006323,-0.4653898435,0.0930545033,,,,
22114,0.0,1602.85083,177.30542,1678.785156,-0.8802006323,-0.4653898435,0.0930545033,,,,
22115,0.0,1601.884888,176.744629,1678.757812,-0.8802006323,-0.4653898435,0.0930545033,,,,
22116,0.0,1597.013916,174.048721,1678.526123,-0.8802006323,-0.4653898435,0.0930545033,,,,
22117,0.0,1593.430786,172.179047,1678.485229,-0.8802006323,-0.4653898435,0.0930545033,,,,
22118,0.0,1591.418823,171.017807,1677.934204,-0.8802006323,-0.4653898435,0.0930545033,,,,
22119,0.0,1587.06604,168.728165,1677.298462,-0.8802006323,-0.4653898435,0.0930545033,,,,
22120,0.0,1584.458252,167.388702,1677.37439,-0.8802006323,-0.4653898435,0.0930545033,,,,
22121,0.0,1580.50415,165.40892,1677.12561,-0.8802006323,-0.4653898435,0.0930545033,,,,
22122,0.0,1578.078857,164.132172,1677.129639,-0.8802006323,-0.4653898435,0.0930545033,,,,
22123,0.0,1574.705322,162.485046,1677.183472,-0.8804403935,-0.4650232003,0.0926182307,,,,
22124,0.0,1571.857666,161.092163,1677.252808,-0.8806441803,-0.4647109662,0.0922471981,,,,
22125,0.0,1568.172974,159.279846,1677.343994,-0.8807249129,-0.4645871688,0.0920998938,,,,
22126,0.0,1564.817749,157.80574,1677.703003,-0.8807249129,-0.4645871688,0.0920998938,,,,
22127,0.0,1561.369141,156.154221,1677.88916,-0.8811491815,-0.4637819814,0.0920999112,,,,
22128,0.0,1558.987671,155.158005,1678.174561,-0.8811699283,-0.4637425654,0.0920998938,,,,
22129,0.0,1557.885742,154.583084,1678.174561,-0.8811699283,-0.4637425654,0.0920998938,,,,
22130,0.0,1551.352173,152.207397,1678.975464,-0.8816063616,-0.4629123381,0.0920998938,,,,
22131,0.0,1548.68689,150.67514,1678.903198,-0.8823773663,-0.4614409961,0.0920998938,,,,
22132,0.0,1545.649414,149.347748,1679.006226,-0.8832004258,-0.4598636909,0.0920999112,,,,
22133,0.0,1542.947021,148.143265,1679.081055,-0.8836581461,-0.4589835439,0.0920998764,,,,
22134,0.0,1539.750366,146.620361,1679.090332,-0.8841627979,-0.4580106439,0.0920999286,,,,
22135,0.0,1535.557861,144.609497,1679.050903,-0.8846786842,-0.4570133828,0.0920999112,,,,
22136,0.0,1532.887329,143.326141,1678.940674,-0.884700835,-0.4569705046,0.0920998938,,,,
22137,0.0,1529.444214,141.637085,1678.75061,-0.884700835,-0.4569705046,0.0920998938,,,,
22138,0.0,1526.851196,140.265228,1678.55957,-0.8850147292,-0.4563622853,0.0920999112,,,,
22139,0.0,1524.300415,138.894653,1678.298096,-0.8854184152,-0.455683062,0.091581532,,,,
22140,0.0,1521.013916,137.090836,1677.806152,-0.8856535591,-0.4553134404,0.0911451822,,,,
22141,0.0,1516.878174,134.841141,1677.335449,-0.8860692239,-0.4545040002,0.0911451822,,,,
22142,0.0,1514.533691,133.616989,1677.180908,-0.8860896812,-0.454464116,0.0911451822,,,,
22143,0.0,1510.965698,131.762878,1676.747437,-0.8864611936,-0.4537390343,0.0911451649,,,,
22144,0.0,1510.049683,131.292267,1676.747437,-0.886652276,-0.4533655227,0.0911451822,,,,
22145,0.0,1505.18689,128.78418,1676.050659,-0.8877136649,-0.451283723,0.091145217,,,,
22146,0.0,1499.20813,125.681442,1676.019531,-0.8905470584,-0.4456663467,0.0911451822,,,,
22147,0.0,1497.3808595,124.737358,1676.0321655,-0.8920090212,-0.4428038315,0.0907423796,,,,
22148,0.0,1493.105591,122.410027,1676.338257,-0.8961293103,-0.4345318748,0.0901904043,,,,
22149,0.0,1490.142944,120.870758,1676.781982,-0.8999472528,-0.4265684426,0.0901903869,,,,
22150,0.0,1487.14502,119.431541,1676.759644,-0.9028189636,-0.4204564342,0.0901903869,,,,
22151,0.0,1483.238525,117.438637,1677.219727,-0.9079825678,-0.4091862054,0.0901903869,,,,
22152,0.0,1481.368286,116.461647,1677.432373,-0.9119329997,-0.4003047527,0.0901904043,,,,
22153,0.0,1479.17749,115.081337,1677.684082,-0.9153328942,-0.3923734409,0.090190413,,,,
22154,0.0,1474.348389,112.375702,1677.383423,-0.9225817291,-0.3751115048,0.0901904217,,,,
22155,0.0,1471.029541,110.080841,1677.335815,-0.9286465331,-0.3600462736,0.089343704,,,,
22156,0.0,1468.505737,108.170921,1677.269409,-0.9316341163,-0.3522710566,0.0892355086,,,,
22157,0.0,1466.600952,106.286415,1677.389038,-0.9332419445,-0.3479892153,0.089235526,,,,
22158,0.0,1463.25708,103.254494,1677.275513,-0.9350154996,-0.3431953373,0.0892355086,,,,
22159,0.0,1460.88147,100.876564,1677.137573,-0.9361242611,-0.3401593577,0.089235526,,,,
22160,0.0,1458.066284,98.046883,1676.938843,-0.9374262581,-0.3365546441,0.0892355434,,,,
22161,0.0,1456.602295,96.460785,1676.766968,-0.9379513331,-0.3350885175,0.0892355434,,,,
22162,0.0,1453.362549,92.736801,1676.413086,-0.9387530374,-0.3328359291,0.089235526,,,,
22163,0.0,1451.357666,90.396461,1676.117676,-0.9396809558,-0.3302070899,0.089235526,,,,
22164,0.0,1449.472168,88.050377,1675.800293,-0.9406166108,-0.3275323073,0.089235526,,,,
22165,0.0,1446.411865,84.084099,1675.354614,-0.9420666379,-0.3235990337,0.0882842862,,,,
22166,0.0,1444.630127,81.675171,1675.251831,-0.9431126836,-0.3205386213,0.0882805658,,,,
22167,0.0,1442.218018,78.315651,1674.91687,-0.9448128062,-0.3154921549,0.0882805831,,,,
22168,0.0,1440.656128,76.256714,1674.738403,-0.9459292553,-0.3121287916,0.0882805831,,,,
22169,0.0,1438.242554,72.745682,1674.67395,-0.9474497645,-0.307482491,0.0882805831,,,,
22170,0.0,1436.447144,70.273766,1674.556274,-0.9484808349,-0.3042871138,0.0882805658,,,,
22171,0.0,1434.862427,67.856308,1674.506592,-0.9492453933,-0.3018935656,0.0882805658,,,,
22172,0.0,1432.943848,65.080795,1674.439697,-0.9498859535,-0.2998720011,0.0882805658,,,,
22173,0.0,1430.502075,60.970879,1674.410278,-0.9503975066,-0.2982467402,0.0882805831,,,,
22174,0.0,1428.915894,58.421867,1674.344971,-0.950632079,-0.2974982168,0.0882805831,,,,
22175,0.0,1428.331299,57.473385,1674.322144,-0.9507344686,-0.2971708462,0.0882805658,,,,
22176,0.0,1426.352661,55.930164,1675.543457,-0.9515890442,-0.2945020806,0.0880159955,,,,
22177,0.0,1424.22522,52.739597,1675.893555,-0.9521608831,-0.2926996177,0.0878441031,,,,
22178,0.0,1421.371216,48.260197,1676.219482,-0.9528123238,-0.2906315179,0.0876469984,,,,
22179,0.0,1419.528076,45.275223,1676.345093,-0.9532301355,-0.2892967007,0.0875198703,,,,
22180,0.0,1416.985352,41.37619,1676.295166,-0.953829516,-0.2873701447,0.0873364431,,,,
22181,0.0,1414.366943,37.159039,1676.219116,-0.954279264,-0.2858764404,0.0873255243,,,,
22182,0.0,1413.297607,35.614014,1676.040405,-0.954892667,-0.283820796,0.0873255417,,,,
22183,0.0,1411.86499,33.345142,1675.822021,-0.9551187431,-0.2830590686,0.0873255417,,,,
22184,0.0,1409.84314,30.066982,1675.327148,-0.9554598295,-0.2819055834,0.0873255765,,,,
22185,0.0,1408.344604,27.608879,1674.959595,-0.9556928446,-0.2811146323,0.0873255417,,,,
22186,0.0,1406.682495,24.700871,1674.465576,-0.9559519929,-0.2802321075,0.0873255591,,,,
22187,0.0,1404.671143,21.126377,1674.10376,-0.9562652143,-0.2791614042,0.0873255417,,,,
22188,0.0,1401.574341,15.661283,1673.455933,-0.957011314,-0.2765928317,0.0873255417,,,,
22189,0.0,1400.5112915,13.78439,1673.2869265,-0.9570589446,-0.2764279232,0.0873255417,,,,
22190,0.0,1399.448242,11.907497,1673.11792,-0.9571065753,-0.2762630146,0.0873255417,,,,
22191,0.0,1396.23645,6.203916,1673.026245,-0.9571065753,-0.2762630146,0.0873255417,,,,
22192,0.0,1395.2610475,4.4811715,1673.0516965,-0.9572243389,-0.2758543681,0.0873255504,,,,
22193,0.0,1394.285645,2.758427,1673.077148,-0.9573421025,-0.2754457216,0.0873255591,,,,
22194,0.0,1391.338135,-2.641977,1673.37146,-0.957809605,-0.2738156503,0.0873255417,,,,
22195,0.0,1389.424561,-6.096577,1673.762573,-0.9581697188,-0.2727955071,0.0865644345,,,,
22196,0.0,1388.4607545,-7.828174,1673.9642335,-0.958204399,-0.2727044092,0.0864674273,,,,
22197,0.0,1386.221558,-11.828304,1674.616577,-0.9584129776,-0.2720013086,0.0863704374,,,,
22198,0.0,1384.39624,-15.129593,1675.098022,-0.9585000005,-0.2716944967,0.08637042,,,,
22199,0.0,1382.578979,-18.406729,1675.362915,-0.9585000005,-0.2716944967,0.08637042,,,,
22200,0.0,1380.643433,-21.883764,1675.421265,-0.9585000005,-0.2716944967,0.08637042,,,,
22201,0.0,1378.868286,-25.077991,1675.682495,-0.9585000005,-0.2716944967,0.08637042,,,,
22202,0.0,1377.473877,-27.543186,1675.568726,-0.9585000005,-0.2716944967,0.08637042,,,,
22203,0.0,1376.038208,-30.152189,1675.415527,-0.9585000005,-0.2716944967,0.08637042,,,,
22204,0.0,1373.884521,-34.489311,1674.985962,-0.9585000005,-0.2716944967,0.08637042,,,,
22205,0.0,1373.1264035,-36.1687715,1674.9534915,-0.9585000005,-0.2716944967,0.08637042,,,,
22206,0.0,1372.368286,-37.848232,1674.921021,-0.9585000005,-0.2716944967,0.08637042,,,,
22207,0.0,1369.101929,-43.913666,1674.583862,-0.9585000005,-0.2716944967,0.08637042,,,,
22208,0.0,1367.959351,-45.49659,1674.615601,-0.9585000005,-0.2716944967,0.08637042,,,,
22209,0.0,1364.719238,-49.496464,1674.696411,-0.9585000005,-0.2716944967,0.08637042,,,,
22210,0.0,1362.838379,-51.449741,1674.873901,-0.9585000005,-0.2716944967,0.08637042,,,,
22211,0.0,1361.040283,-53.106087,1675.063599,-0.9585000005,-0.2716944967,0.08637042,,,,
22212,0.0,1357.617554,-55.823444,1675.511719,-0.9585000005,-0.2716944967,0.08637042,,,,
22213,0.0,1355.453735,-57.421066,1675.74939,-0.9585000005,-0.2716944967,0.08637042,,,,
22214,0.0,1352.827759,-59.067356,1676.114502,-0.9585000005,-0.2716944967,0.08637042,,,,
22215,0.0,1349.542725,-61.247826,1676.372803,-0.9585000005,-0.2716944967,0.08637042,,,,
22216,0.0,1346.973633,-62.446041,1676.750366,-0.9585000005,-0.2716944967,0.08637042,,,,
22217,0.0,1344.211914,-63.888504,1676.971924,-0.9585000005,-0.2716944967,0.08637042,,,,
22218,0.0,1340.446777,-65.813766,1677.172974,-0.9585000005,-0.2716944967,0.08637042,,,,
22219,0.0,1338.300903,-66.911842,1677.179932,-0.9585000005,-0.2716944967,0.08637042,,,,
22220,0.0,1334.875732,-68.611404,1677.184937,-0.9585000005,-0.2716944967,0.08637042,,,,
22221,0.0,1331.88269,-70.151184,1677.102417,-0.9585000005,-0.2716944967,0.08637042,,,,
22222,0.0,1328.957275,-71.629448,1676.93811,-0.9585000005,-0.2716944967,0.08637042,,,,
22223,0.0,1325.944214,-73.101349,1676.730103,-0.9585000005,-0.2716944967,0.08637042,,,,
22224,0.0,1323.021973,-74.493599,1676.497803,-0.9585000005,-0.2716944967,0.08637042,,,,
22225,0.0,1319.166626,-76.21273,1676.149658,-0.9585000005,-0.2716944967,0.08637042,,,,
22226,0.0,1316.162109,-77.485542,1675.937134,-0.9585000005,-0.2716944967,0.08637042,,,,
22227,0.0,1313.161621,-78.723259,1675.692871,-0.9585000005,-0.2716944967,0.08637042,,,,
22228,0.0,1310.055176,-79.970505,1675.473022,-0.9585000005,-0.2716944967,0.08637042,,,,
22229,0.0,1307.259277,-81.077835,1675.42688,-0.9585000005,-0.2716944967,0.08637042,,,,
22230,0.0,1300.811401,-83.575119,1675.581665,-0.9585000005,-0.2716944967,0.08637042,,,,
22231,0.0,1298.8566895,-84.3330305,1675.683655,-0.9585000005,-0.2716944967,0.08637042,,,,
22232,0.0,1296.901978,-85.090942,1675.785645,-0.9585000005,-0.2716944967,0.08637042,,,,
22233,0.0,1290.823608,-87.363281,1676.415283,-0.9585000005,-0.2716944967,0.08637042,,,,
22234,0.0,1289.0102535,-88.049057,1676.673706,-0.9585000005,-0.2716944967,0.08637042,,,,
22235,0.0,1284.692017,-89.704132,1677.378784,-0.9585000005,-0.2716944967,0.08637042,,,,
22236,0.0,1282.6807865,-90.4790535,1677.653076,-0.9585000005,-0.2716944967,0.08637042,,,,
22237,0.0,1278.034546,-92.101433,1677.899414,-0.9585000005,-0.2716944967,0.08637042,,,,
22238,0.0,1274.145874,-93.724304,1678.461914,-0.9585000005,-0.2716944967,0.08637042,,,,
22239,0.0,1272.2804565,-94.422054,1678.5496825,-0.9585000005,-0.2716944967,0.08637042,,,,
22240,0.0,1267.77832,-96.131744,1678.768921,-0.9585000005,-0.2716944967,0.08637042,,,,
22241,0.0,1264.671387,-97.332695,1678.747192,-0.9585000005,-0.2716944967,0.08637042,,,,
22242,0.0,1260.578857,-98.846527,1678.65625,-0.9585000005,-0.2716944967,0.08637042,,,,
22243,0.0,1257.875488,-99.864265,1678.600098,-0.9568507148,-0.2774470401,0.08637042,,,,
22244,0.0,1254.792114,-101.137039,1678.403442,-0.9524205301,-0.2918715932,0.0877844348,,,,
22245,0.0,1251.583984,-102.324928,1677.975952,-0.947594054,-0.3068388083,0.0889688401,,,,
22246,0.0,1247.877197,-103.687729,1677.495117,-0.9382422396,-0.3338377939,0.0908505763,,,,
22247,0.0,1244.994019,-104.73822,1677.222656,-0.9291694969,-0.3578890157,0.0925175579,,,,
22248,0.0,1240.998901,-106.213867,1676.93103,-0.9162973333,-0.3895382604,0.0930545033,,,,
22249,0.0,1238.258545,-107.245903,1676.829224,-0.9065994499,-0.4116045355,0.0930545207,,,,
22250,0.0,1235.347656,-108.328842,1676.778931,-0.9012582798,-0.4231717963,0.0930545207,,,,
22251,0.0,1231.369141,-109.747307,1676.855225,-0.8965079246,-0.4331447764,0.0930545207,,,,
22252,0.0,1227.907349,-111.033569,1676.977051,-0.8938668471,-0.4385691689,0.0930545207,,,,
22253,0.0,1224.941284,-112.159561,1677.099121,-0.8923538274,-0.4416395622,0.0930545207,,,,
22254,0.0,1221.861084,-113.288254,1677.346558,-0.8914122883,-0.4435369076,0.0930545207,,,,
22255,0.0,1217.962769,-114.722847,1677.772949,-0.8899330993,-0.4464974112,0.0930545033,,,,
22256,0.0,1215.026123,-115.873672,1677.974731,-0.8884206205,-0.4494993442,0.0930545033,,,,
22257,0.0,1211.189331,-117.274635,1678.184937,-0.8864356405,-0.4534012699,0.0930545207,,,,
22258,0.0,1208.382446,-118.365181,1678.306396,-0.88355175,-0.4589958183,0.0930545207,,,,
22259,0.0,1205.555908,-119.492516,1678.388916,-0.8784368736,-0.4687104779,0.0930545381,,,,
22260,0.0,1201.436157,-121.199135,1678.435303,-0.8719547685,-0.4806617708,0.0930545207,,,,
22261,0.0,1198.737183,-122.461037,1678.366333,-0.8652108909,-0.4926976494,0.0930545033,,,,
22262,0.0,1194.897583,-124.234001,1678.307251,-0.8502476968,-0.5180923762,0.0930545207,,,,
22263,0.0,1192.020874,-125.628738,1678.2052,-0.8408617517,-0.5331907451,0.0930545207,,,,
22264,0.0,1188.512573,-127.420235,1678.083374,-0.8277073177,-0.5533908706,0.0930545033,,,,
22265,0.0,1185.939941,-128.827637,1677.743042,-0.8191086952,-0.5660404593,0.0930545207,,,,
22266,0.0,1182.465576,-130.779266,1677.288696,-0.8149852815,-0.5719614035,0.0930545207,,,,
22267,0.0,1180.121948,-132.188293,1677.217773,-0.8148609601,-0.5721385104,0.0930545033,,,,
22268,0.0,1176.922485,-134.451355,1676.982788,-0.816368715,-0.5699850704,0.0930545033,,,,
22269,0.0,1174.669434,-136.200256,1676.443481,-0.8203996445,-0.564167776,0.0930545207,,,,
22270,0.0,1171.449951,-138.802673,1675.708008,-0.8320226448,-0.5468813197,0.0930545033,,,,
22271,0.0,1168.796997,-141.052643,1675.307251,-0.8498942766,-0.5186719367,0.0930545033,,,,
22272,0.0,1166.812378,-142.695267,1674.940308,-0.8721949242,-0.4802258534,0.0930545207,,,,
22273,0.0,1163.960327,-145.363693,1674.514771,-0.909207828,-0.4062316632,0.0911973762,,,,
22274,0.0,1162.304932,-147.03685,1674.350342,-0.9296552674,-0.3573280138,0.0897651067,,,,
22275,0.0,1160.038086,-149.677475,1674.234863,-0.9468783856,-0.3091949219,0.0884297641,,,,
22276,0.0,1157.915649,-152.213211,1674.090088,-0.9604734275,-0.2640025318,0.0882805658,,,,
22277,0.0,1153.812622,-157.29364,1674.380615,-0.9709607347,-0.2223550997,0.0882805831,,,,
22278,0.0,1151.605591,-160.194855,1674.660156,-0.9717496868,-0.2188814401,0.0882805831,,,,
22279,0.0,1150.168701,-162.103683,1674.919922,-0.9717669412,-0.2188048304,0.0882805658,,,,
22280,0.0,1147.889648,-165.144669,1675.244873,-0.9717669412,-0.2188048304,0.0882805658,,,,
22281,0.0,1145.50769,-168.374573,1675.658081,-0.9717669412,-0.2188048304,0.0882805658,,,,
22282,0.0,1143.296875,-171.380524,1675.842163,-0.9717669412,-0.2188048304,0.0882805658,,,,
22283,0.0,1141.0979,-174.520538,1676.140015,-0.9718426798,-0.2188218838,0.0874001648,,,,
22284,0.0,1139.11145,-177.341858,1676.270508,-0.9719996097,-0.2188572184,0.0855469264,,,,
22285,0.0,1136.945679,-180.477798,1676.442139,-0.9723080047,-0.2189266572,0.0817817996,,,,
22286,0.0,1134.988281,-183.257431,1676.508301,-0.9725954212,-0.2189913724,0.0781084216,,,,
22287,0.0,1132.826294,-186.230515,1676.311157,-0.9728791004,-0.2199377163,0.0716495427,,,,
22288,0.0,1130.657837,-189.246429,1676.091675,-0.9732688208,-0.2201236312,0.0655239604,,,,
22289,0.0,1129.027954,-191.516647,1675.760254,-0.9733732776,-0.2201472561,0.0638721235,,,,
22290,0.0,1126.540894,-195.070786,1675.257324,-0.9735656638,-0.220190768,0.0607118106,,,,
22291,0.0,1124.343506,-198.338089,1674.609619,-0.9737427132,-0.2202308112,0.0576499636,,,,
22292,0.0,1122.953857,-200.246902,1674.742188,-0.9741460416,-0.2189684715,0.0556084351,,,,
22293,0.0,1120.58374,-203.655457,1674.24939,-0.9744095825,-0.2184184919,0.0530973431,,,,
22294,0.0,1119.790771,-204.83429,1673.946655,-0.9744576649,-0.2184292697,0.0521623763,,,,
22295,0.0,1117.045898,-208.559525,1673.532593,-0.9747424007,-0.2181414404,0.0478702865,,,,
22296,0.0,1114.546021,-212.213394,1673.37439,-0.975005976,-0.2176483308,0.044637998,,,,
22297,0.0,1112.428345,-215.289398,1673.142334,-0.9752524839,-0.2176256627,0.0390085065,,,,
22298,0.0,1110.952393,-217.694992,1673.16394,-0.975248339,-0.2183108443,0.0350863593,,,,
22299,0.0,1108.851807,-220.918457,1673.075806,-0.9753738761,-0.2186346428,0.0290636324,,,,
22300,0.0,1108.464966,-221.516281,1673.074707,-0.9754063473,-0.2186419214,0.0278956609,,,,
22301,0.0,1105.859497,-224.101547,1674.002686,-0.975774967,-0.2177831781,0.0208254909,,,,
22302,0.0,1103.724243,-227.110779,1674.380981,-0.9759469909,-0.2173323908,0.0171494277,,,,
22303,0.0,1101.189697,-230.680267,1674.737427,-0.9761106271,-0.2168635641,0.0133505868,,,,
22304,0.0,1099.317383,-233.399887,1674.905273,-0.9762208725,-0.2165197916,0.0105824319,,,,
22305,0.0,1096.55896,-237.337967,1675.135986,-0.9763811049,-0.215967478,0.006163312,,,,
22306,0.0,1094.192749,-240.755569,1675.093994,-0.9765278597,-0.2153295224,0.0051513165,,,,
22307,0.0,1092.597656,-242.971756,1675.049438,-0.976606491,-0.2149808886,0.0047936681,,,,
22308,0.0,1091.891479,-243.85762,1674.95813,-0.9766072153,-0.2149810481,0.0046363807,,,,
22309,0.0,1088.670044,-248.586502,1674.633423,-0.9767905577,-0.2141755156,0.0030091525,,,,
22310,0.0,1086.799194,-251.307999,1674.306152,-0.9768193368,-0.2140460481,0.0028762114,,,,
22311,0.0,1085.204102,-253.652435,1673.985107,-0.9768193368,-0.2140460481,0.0028762114,,,,
22312,0.0,1083.382935,-256.508514,1673.608887,-0.9768193368,-0.2140460481,0.0028762114,,,,
22313,0.0,1080.991333,-260.256378,1673.056396,-0.976445579,-0.2157545464,0.0020017342,,,,
22314,0.0,1079.386597,-262.78421,1672.901855,-0.9756196813,-0.2194648474,0.0011909251,,,,
22315,0.0,1075.896118,-268.545837,1672.744751,-0.9680653639,-0.250693226,0.0015354877,,,,
22316,0.0,1074.784546,-270.6778105,1672.627014,-0.9603512266,-0.2773790738,0.0033705939,,,,
22317,0.0,1072.422119,-276.134125,1672.416016,-0.9306121636,-0.3658174045,0.0117740158,,,,
22318,0.0,1071.609558,-278.1291045,1672.415039,-0.9170960714,-0.3969143426,0.0152353368,,,,
22319,0.0,1069.803955,-282.701874,1672.594604,-0.8787029406,-0.476697196,0.0253165071,,,,
22320,0.0,1068.533081,-286.092926,1673.054321,-0.8361625582,-0.5472873836,0.0361759043,,,,
22321,0.0,1067.246338,-289.379333,1673.588501,-0.7784018044,-0.6258368482,0.0491820123,,,,
22322,0.0,1065.832153,-292.718048,1674.487549,-0.7100709306,-0.7014268925,0.061640799,,,,
22323,0.0,1065.5541685,-293.2545775,1674.8103335,-0.7004575334,-0.7105226502,0.0631248715,,,,
22324,0.0,1065.276184,-293.791107,1675.133118,-0.6908441362,-0.719618408,0.064608944,,,,
22325,0.0,1064.9981995,-294.3276365,1675.4559025,-0.681230739,-0.7287141658,0.0660930166,,,,
22326,0.0,1064.720215,-294.864166,1675.778687,-0.6716173418,-0.7378099235,0.0675770891,,,,
22327,0.0,1064.720215,-294.864166,1675.778687,-0.5515865211,-0.83066973,0.0757635095,,,,
22328,0.0,1058.391113,-308.741791,1675.280518,-0.5309971645,-0.8433524836,0.0824536215,,,,
22329,0.0,1054.455322,-314.440277,1675.491699,-0.5355809858,-0.8405724678,0.0811845683,,,,
22330,0.0,1051.246094,-319.442688,1675.477905,-0.5434690614,-0.8357158833,0.0788691429,,,,
22331,0.0,1049.470581,-322.191345,1675.443604,-0.549306923,-0.8320968641,0.0766597225,,,,
22332,0.0,1047.478394,-325.293365,1675.525513,-0.5528954613,-0.8297990718,0.0757635095,,,,
22333,0.0,1046.044556,-327.570984,1675.570312,-0.5536808129,-0.8293275938,0.0751884279,,,,
22334,0.0,1043.74646,-331.248413,1675.515991,-0.5553295303,-0.8282589889,0.0748074862,,,,
22335,0.0,1041.664551,-334.099274,1675.711914,-0.5569623197,-0.8272337942,0.0740082701,,,,
22336,0.0,1039.965454,-336.512329,1675.999634,-0.5588503027,-0.8260583211,0.072897114,,,,
22337,0.0,1038.235474,-338.968658,1676.208374,-0.5601113421,-0.8252691155,0.0721538036,,,,
22338,0.0,1035.83606,-342.210846,1676.58728,-0.5617155856,-0.8242603848,0.0712068739,,,,
22339,0.0,1033.607422,-345.227966,1676.876343,-0.5620947417,-0.8240212077,0.0709827488,,,,
22340,0.0,1033.084595,-345.898621,1676.973389,-0.5620947417,-0.8240212077,0.0709827488,,,,
22341,0.0,1029.440918,-350.611694,1677.459961,-0.5620947417,-0.8240212077,0.0709827488,,,,
22342,0.0,1027.748291,-353.197235,1677.550293,-0.5620947417,-0.8240212077,0.0709827488,,,,
22343,0.0,1025.430908,-356.588959,1677.646973,-0.5620947417,-0.8240212077,0.0709827488,,,,
22344,0.0,1023.820862,-358.859436,1677.737305,-0.5589613419,-0.8261499062,0.0709827488,,,,
22345,0.0,1021.882812,-361.807495,1677.678223,-0.545003825,-0.8353685733,0.0716252579,,,,
22346,0.0,1019.740479,-365.148071,1677.577393,-0.5271389593,-0.8465961041,0.0734816586,,,,
22347,0.0,1018.632324,-367.121521,1677.418823,-0.5017355944,-0.8616173614,0.076661045,,,,
22348,0.0,1016.131042,-371.481537,1677.137817,-0.451705084,-0.888321708,0.0827469654,,,,
22349,0.0,1014.567688,-374.380798,1677.029419,-0.4152539346,-0.9055462416,0.0868917373,,,,
22350,0.0,1013.002869,-377.606323,1676.555298,-0.3661445258,-0.9259800112,0.0921911338,,,,
22351,0.0,1011.461426,-380.740936,1675.806885,-0.3307012095,-0.9388486314,0.095916408,,,,
22352,0.0,1009.739868,-384.070343,1675.02478,-0.2925762348,-0.9510096999,0.099898436,,,,
22353,0.0,1008.654541,-386.363678,1674.769409,-0.2685310515,-0.9577453389,0.1030288323,,,,
22354,0.0,1006.604553,-390.797485,1674.949097,-0.239772549,-0.9649039232,0.1070959553,,,,
22355,0.0,1005.84491,-392.399048,1674.954224,-0.232429616,-0.966551334,0.1084204425,,,,
22356,0.0,1003.006775,-399.503021,1675.013184,-0.2057605032,-0.9719919407,0.1135529941,,,,
22357,0.0,1002.2552185,-401.4659115,1675.1521,-0.2022009689,-0.9727038036,0.1137929873,,,,
22358,0.0,1001.503662,-403.428802,1675.291016,-0.1986414346,-0.9734156665,0.1140329805,,,,
22359,0.0,999.412048,-409.719208,1676.266724,-0.1941253133,-0.9742144119,0.114985401,,,,
22360,0.0,998.859039,-411.5305175,1676.537476,-0.1940075204,-0.9742378689,0.114985401,,,,
22361,0.0,997.784973,-416.154327,1677.927612,-0.1938897276,-0.9742613259,0.114985401,,,,
22362,0.0,996.818298,-420.028809,1678.477051,-0.1938897276,-0.9742613259,0.114985401,,,,
22363,0.0,995.470154,-423.880859,1678.391602,-0.1938897276,-0.9742613259,0.114985401,,,,
22364,0.0,994.943237,-426.334137,1678.817505,-0.1938897276,-0.9742613259,0.114985401,,,,
22365,0.0,994.293213,-429.822937,1679.265991,-0.193506628,-0.974337489,0.114985401,,,,
22366,0.0,993.482117,-434.376556,1679.327881,-0.1929628503,-0.9744453273,0.114985401,,,,
22367,0.0,992.854431,-437.164124,1679.308838,-0.1929555882,-0.9744467654,0.114985401,,,,
22368,0.0,992.762909,-437.7150425,1679.2922365,-0.1929555882,-0.9744467654,0.114985401,,,,
22369,0.0,991.7323,-443.119995,1678.998291,-0.1929555882,-0.9744467654,0.114985401,,,,
22370,0.0,990.702637,-447.696198,1678.604126,-0.1929555882,-0.9744467654,0.114985401,,,,
22371,0.0,989.901978,-451.25293,1678.531616,-0.1929555882,-0.9744467654,0.114985401,,,,
22372,0.0,989.416443,-453.828156,1678.531006,-0.1923210965,-0.9744973661,0.115617816,,,,
22373,0.0,988.975098,-457.277802,1678.519775,-0.1906745705,-0.9747032306,0.1166054046,,,,
22374,0.0,988.461487,-461.215027,1678.487305,-0.1876229663,-0.9752611774,0.1168899413,,,,
22375,0.0,987.879944,-464.816162,1678.439697,-0.1854854825,-0.9756699613,0.1168899586,,,,
22376,0.0,987.329285,-467.245911,1678.408447,-0.184093011,-0.975852569,0.1175649905,,,,
22377,0.0,986.227722,-471.532074,1678.366333,-0.180822622,-0.9764304524,0.1178420593,,,,
22378,0.0,985.375793,-474.925842,1678.356689,-0.1789390858,-0.9767773813,0.1178420593,,,,
22379,0.0,984.707153,-477.51239,1678.472656,-0.1775229953,-0.977035739,0.1178420593,,,,
22380,0.0,983.730713,-481.212738,1678.633545,-0.1756493684,-0.9773743113,0.1178420767,,,,
22381,0.0,982.167114,-485.651947,1679.030151,-0.1743314823,-0.977610241,0.1178420593,,,,
22382,0.0,980.641785,-489.961884,1679.428467,-0.1723652049,-0.9779588361,0.1178420593,,,,
22383,0.0,980.150635,-490.901367,1679.651855,-0.1723028188,-0.9779698296,0.1178420593,,,,
22384,0.0,978.465515,-497.182587,1679.927856,-0.1723028188,-0.9779698296,0.1178420593,,,,
22385,0.0,977.925415,-499.996857,1679.960571,-0.1723028188,-0.9779698296,0.1178420593,,,,
22386,0.0,976.963196,-503.944153,1679.999268,-0.1715209103,-0.9781072652,0.1178420767,,,,
22387,0.0,976.011902,-507.995453,1679.967773,-0.1695735685,-0.9784467558,0.1178420593,,,,
22388,0.0,975.463013,-510.780792,1679.895508,-0.1681515492,-0.9786921403,0.1178420593,,,,
22389,0.0,974.593567,-515.023743,1679.632935,-0.1635153434,-0.9794774002,0.1178420767,,,,
22390,0.0,973.954163,-519.006348,1679.282959,-0.157434035,-0.9804732376,0.1178420767,,,,
22391,0.0,973.545288,-521.68219,1678.918457,-0.1539522115,-0.9809473564,0.1184947277,,,,
22392,0.0,972.904114,-525.913696,1678.491333,-0.1469866303,-0.9819790729,0.1187940691,,,,
22393,0.0,972.397705,-528.911499,1678.518066,-0.1416323921,-0.9826914715,0.1194057678,,,,
22394,0.0,971.796814,-533.18335,1677.941406,-0.1317433087,-0.9839321061,0.1205044031,,,,
22395,0.0,971.182922,-537.449829,1677.629517,-0.1181827392,-0.9855183743,0.1215992356,,,,
22396,0.0,970.3797,-543.921082,1676.950073,-0.0952607766,-0.9877878611,0.1232904132,,,,
22397,0.0,970.3710533333,-544.3335573333,1676.9604083333,-0.0941711811,-0.9878779659,0.123395706,,,,
22398,0.0,970.3624066667,-544.7460326667,1676.9707436667,-0.0930815856,-0.9879680708,0.1235009987,,,,
22399,0.0,969.785278,-552.857605,1677.498413,-0.0554541564,-0.9905317966,0.1255850167,,,,
22400,0.0,969.584625,-556.110626,1677.855896,-0.0471669246,-0.9908740776,0.1259955538,,,,
22401,0.0,969.383972,-559.363647,1678.213379,-0.0388796927,-0.9912163587,0.1264060908,,,,
22402,0.0,968.835571,-563.290588,1677.891235,-0.0323862261,-0.9913354464,0.1272995092,,,,
22403,0.0,968.519043,-567.093018,1678.196167,-0.0302180281,-0.9913965117,0.1273570863,,,,
22404,0.0,968.185425,-573.416077,1678.849976,-0.029189358,-0.9914273316,0.1273570863,,,,
22405,0.0,968.081238,-575.858612,1679.0736695,-0.029189358,-0.9914273316,0.1273570863,,,,
22406,0.0,967.839966,-581.383911,1679.474731,-0.029189358,-0.9914273316,0.1273570863,,,,
22407,0.0,967.686157,-585.721985,1679.584961,-0.029189358,-0.9914273316,0.1273570863,,,,
22408,0.0,967.544373,-588.604797,1679.578125,-0.029189358,-0.9914273316,0.1273570863,,,,
22409,0.0,967.404541,-593.350342,1679.394165,-0.029189358,-0.9914273316,0.1273570863,,,,
22410,0.0,967.268982,-596.064575,1679.310303,-0.029189358,-0.9914273316,0.1273570863,,,,
22411,0.0,967.099121,-600.1203,1679.078125,-0.029189358,-0.9914273316,0.1273570863,,,,
22412,0.0,966.892151,-604.354736,1678.280396,-0.029189358,-0.9914273316,0.1273570863,,,,
22413,0.0,966.702087,-607.334045,1678.425171,-0.029189358,-0.9914273316,0.1273570863,,,,
22414,0.0,966.459106,-611.481384,1678.07373,-0.029189358,-0.9914273316,0.1273570863,,,,
22415,0.0,966.166443,-615.959167,1677.983154,-0.029189358,-0.9914273316,0.1273570863,,,,
22416,0.0,966.019958,-618.445007,1677.984253,-0.0295690503,-0.9914160778,0.1273571036,,,,
22417,0.0,965.703369,-622.22821,1678.10083,-0.0299776174,-0.991403808,0.1273571036,,,,
22418,0.0,965.285217,-626.828308,1678.294556,-0.0324733768,-0.9913252001,0.1273570863,,,,
22419,0.0,965.05011,-630.661804,1678.317993,-0.0362806161,-0.9911931646,0.1273570863,,,,
22420,0.0,964.694824,-633.875854,1678.519531,-0.0408795111,-0.9910141463,0.1273570863,,,,
22421,0.0,964.104675,-638.535339,1678.92981,-0.0488315576,-0.9906541533,0.1273570863,,,,
22422,0.0,963.778198,-641.368958,1679.06311,-0.0538299024,-0.9903951303,0.1273570863,,,,
22423,0.0,962.918213,-645.068909,1679.590698,-0.0603196711,-0.9900210654,0.1273570863,,,,
22424,0.0,962.251465,-649.53363,1679.722168,-0.0705700495,-0.989343237,0.1273570863,,,,
22425,0.0,962.061829,-652.524353,1679.609863,-0.0850166655,-0.9882866189,0.1267348633,,,,
22426,0.0,961.322388,-657.096313,1679.696777,-0.0984035141,-0.9871893519,0.1255943149,,,,
22427,0.0,961.227722,-658.182983,1679.696777,-0.1008816781,-0.9869569043,0.1254549964,,,,
22428,0.0,960.129761,-663.847229,1679.467773,-0.1216919824,-0.9846850415,0.1248456265,,,,
22429,0.0,959.581909,-668.563599,1679.389404,-0.1467859471,-0.9813015344,0.124503752,,,,
22430,0.0,959.053223,-672.543701,1679.120483,-0.1680263563,-0.9778885165,0.1245037867,,,,
22431,0.0,958.572632,-676.071594,1679.089966,-0.1858530373,-0.9746576139,0.124503752,,,,
22432,0.0,958.280334,-679.32196,1678.451538,-0.1975163038,-0.9723611063,0.1245037694,,,,
22433,0.0,957.771118,-683.453918,1677.994019,-0.2144624508,-0.9687645063,0.1245037694,,,,
22434,0.0,957.347107,-686.513245,1677.620483,-0.2254577252,-0.966353589,0.1238125808,,,,
22435,0.0,956.647095,-690.939697,1677.153198,-0.2402448515,-0.9628173289,0.1235524279,,,,
22436,0.0,956.227417,-693.603882,1676.835449,-0.2495629068,-0.9604442478,0.1235524279,,,,
22437,0.0,955.560974,-697.857971,1676.432007,-0.2638833912,-0.9567097332,0.122768246,,,,
22438,0.0,954.731201,-701.861633,1676.359863,-0.2770217726,-0.9530099342,0.1226009902,,,,
22439,0.0,954.162354,-704.457275,1676.310547,-0.2861370224,-0.9503128989,0.1226009728,,,,
22440,0.0,952.435852,-712.378479,1676.55249,-0.3124946201,-0.9420979388,0.1216494397,,,,
22441,0.0,952.0145875,-714.236389,1676.763916,-0.315439317,-0.9411109434,0.121649431,,,,
22442,0.0,951.593323,-716.094299,1676.975342,-0.3183840139,-0.9401239481,0.1216494224,,,,
22443,0.0,950.024841,-722.667908,1677.70752,-0.3321301392,-0.9354447807,0.1209654205,,,,
22444,0.0,949.257446,-726.798645,1678.626465,-0.3402421794,-0.93255955,0.1206977429,,,,
22445,0.0,948.588562,-729.834961,1678.870117,-0.3461589297,-0.9303795195,0.1206977429,,,,
22446,0.0,947.656006,-734.051208,1679.160034,-0.3529044861,-0.9279437874,0.1199114303,,,,
22447,0.0,946.48175,-738.051758,1679.151367,-0.361347375,-0.9247102171,0.119745935,,,,
22448,0.0,945.895569,-740.352722,1679.167725,-0.3662493503,-0.9227796705,0.1197459524,,,,
22449,0.0,944.616394,-745.182251,1679.156006,-0.3735073402,-0.9198658433,0.1197459697,,,,
22450,0.0,943.529236,-749.17334,1679.117432,-0.3821017963,-0.916450636,0.1188126639,,,,
22451,0.0,942.756531,-752.002686,1678.957397,-0.3888730212,-0.9136004283,0.1187940691,,,,
22452,0.0,941.583313,-755.860229,1678.537476,-0.3981932,-0.9095769042,0.1187940691,,,,
22453,0.0,940.434692,-759.399841,1678.221558,-0.4067760549,-0.9057710539,0.1187941038,,,,
22454,0.0,939.008911,-763.426392,1677.908325,-0.4173528203,-0.901062755,0.1179090114,,,,
22455,0.0,938.530579,-764.667847,1677.908325,-0.4224212837,-0.8987065728,0.1178420767,,,,
22456,0.0,936.26062,-770.404053,1677.534058,-0.449891662,-0.8853839015,0.1170164066,,,,
22457,0.0,935.047791,-773.1073,1677.276733,-0.4673599643,-0.8763533422,0.1165310405,,,,
22458,0.0,933.485535,-777.960144,1677.012573,-0.4909350034,-0.8634444439,0.1159591078,,,,
22459,0.0,932.256714,-781.616577,1676.751953,-0.5178310441,-0.8477183311,0.1149984388,,,,
22460,0.0,931.315552,-785.17218,1676.592285,-0.5423593708,-0.8323715331,0.1140348358,,,,
22461,0.0,930.675049,-787.667847,1676.525879,-0.5679517001,-0.815124129,0.1140329805,,,,
22462,0.0,929.848328,-791.53656,1676.433105,-0.5940330557,-0.7963172786,0.1140329805,,,,
22463,0.0,929.127991,-794.751831,1676.497192,-0.6215197864,-0.7748519309,0.115402081,,,,
22464,0.0,928.41864,-798.899109,1676.596924,-0.662458324,-0.7399406813,0.1167765264,,,,
22465,0.0,927.807678,-801.507751,1676.698975,-0.6895628786,-0.7146335943,0.1174813272,,,,
22466,0.0,927.089478,-805.868347,1676.871216,-0.7220492464,-0.6815930254,0.1186416183,,,,
22467,0.0,926.442627,-810.015137,1677.055786,-0.7559143038,-0.6436263826,0.119744081,,,,
22468,0.0,926.095276,-812.659424,1677.100952,-0.7765550677,-0.6182953056,0.1211327448,,,,
22469,0.0,925.615479,-816.048889,1677.128418,-0.7995159164,-0.5880667328,0.1222776235,,,,
22470,0.0,925.045593,-820.511475,1676.991211,-0.8242516297,-0.5524177503,0.1242734087,,,,
22471,0.0,924.431641,-824.322876,1676.719482,-0.8416434634,-0.5250651918,0.1262648996,,,,
22472,0.0,923.961182,-827.151733,1676.548706,-0.8563574218,-0.5005018338,0.1270821801,,,,
22473,0.0,923.152893,-831.5271,1676.084473,-0.8732036916,-0.4701793143,0.1282447866,,,,
22474,0.0,922.697815,-834.358826,1676.132446,-0.8825691865,-0.452141469,0.1289950505,,,,
22475,0.0,921.796753,-838.608643,1675.702271,-0.8951592929,-0.4260608086,0.1310039226,,,,
22476,0.0,921.121033,-841.115601,1674.956665,-0.899733724,-0.416264727,0.1311598372,,,,
22477,0.0,920.187866,-845.04126,1674.525391,-0.907926932,-0.3978174153,0.1319469219,,,,
22478,0.0,919.287048,-848.749695,1674.341675,-0.9159889303,-0.3785213837,0.1329881258,,,,
22479,0.0,918.316345,-852.492004,1674.464355,-0.926099107,-0.3526819641,0.1339995379,,,,
22480,0.0,917.556458,-855.206238,1674.45813,-0.931661325,-0.3373926835,0.1348085775,,,,
22481,0.0,915.661499,-861.794373,1674.754272,-0.941910826,-0.3071356511,0.1359105869,,,,
22482,0.0,915.053833,-863.681305,1674.7982785,-0.9442963599,-0.2996172095,0.1359106128,,,,
22483,0.0,914.446167,-865.568237,1674.842285,-0.9466818938,-0.2920987679,0.1359106387,,,,
22484,0.0,912.644165,-872.164001,1675.869751,-0.95331875,-0.2696510124,0.1359106041,,,,
22485,0.0,911.414001,-876.139587,1676.295776,-0.9565840285,-0.2581964892,0.1352093542,,,,
22486,0.0,910.09436,-879.655518,1676.2948,-0.9602343116,-0.2451458389,0.1336173061,,,,
22487,0.0,908.888489,-883.430542,1676.292969,-0.9634202441,-0.2330121672,0.132388682,,,,
22488,0.0,907.135315,-887.462402,1676.318848,-0.9671779911,-0.2175639985,0.1312731505,,,,
22489,0.0,905.279236,-890.871582,1676.380615,-0.9702842102,-0.2033362832,0.1311598545,,,,
22490,0.0,903.912109,-893.012573,1676.428711,-0.9719887246,-0.195025693,0.1311598199,,,,
22491,0.0,901.766724,-896.106567,1676.491333,-0.9742972376,-0.1831446992,0.1311598718,,,,
22492,0.0,899.654297,-898.744324,1676.565063,-0.9756844937,-0.1756042619,0.1311598718,,,,
22493,0.0,897.382935,-901.105713,1676.636841,-0.9764622248,-0.1712267971,0.1311598545,,,,
22494,0.0,895.838257,-902.356384,1676.771118,-0.9770580699,-0.1677933733,0.1311598718,,,,
22495,0.0,893.909485,-903.737061,1677.14624,-0.9777491766,-0.1642897125,0.1304432365,,,,
22496,0.0,891.086182,-905.748291,1677.502075,-0.9784941746,-0.1599833745,0.1302093324,,,,
22497,0.0,889.062744,-907.079773,1677.643188,-0.9789537896,-0.1571464525,0.1302093324,,,,
22498,0.0,886.16864,-908.848511,1677.964111,-0.9795825498,-0.153178205,0.1302093151,,,,
22499,0.0,883.24585,-910.471741,1678.317505,-0.9802947406,-0.1485521683,0.1302093497,,,,
22500,0.0,880.177063,-911.991211,1678.681885,-0.9810251843,-0.1436493022,0.1302093151,,,,
22501,0.0,877.141907,-913.087891,1679.011353,-0.9814669703,-0.1405991639,0.1302092978,,,,
22502,0.0,874.496277,-913.946655,1679.297485,-0.9818014009,-0.1382445061,0.1302093151,,,,
22503,0.0,870.826416,-915.114441,1679.455078,-0.9821353941,-0.1365663844,0.1294592228,,,,
22504,0.0,867.195801,-916.1521,1679.598389,-0.9823031982,-0.135545613,0.129258708,,,,
22505,0.0,863.554565,-917.183533,1679.64624,-0.9824448115,-0.1345153473,0.129258708,,,,
22506,0.0,860.832886,-917.901306,1679.681274,-0.9826479436,-0.1330233096,0.1292587253,,,,
22507,0.0,857.038391,-918.8927,1679.641479,-0.9830462336,-0.1300472398,0.1292587253,,,,
22508,0.0,854.405884,-919.495483,1679.578003,-0.9832493276,-0.128502709,0.129258708,,,,
22509,0.0,850.406372,-920.42926,1679.376831,-0.9837404796,-0.1246870468,0.1292586907,,,,
22510,0.0,846.83429,-921.249084,1679.269897,-0.9842340642,-0.120729026,0.1292586907,,,,
22511,0.0,843.240601,-922.146118,1678.981079,-0.984609851,-0.1176249447,0.129258708,,,,
22512,0.0,840.828796,-922.662354,1679.150757,-0.9850647897,-0.1137521472,0.1292586907,,,,
22513,0.0,836.595825,-923.639526,1678.724121,-0.9861255211,-0.1041568627,0.1292586734,,,,
22514,0.0,833.161377,-924.370056,1678.498657,-0.9869679185,-0.0946734291,0.1301202127,,,,
22515,0.0,830.340149,-924.948975,1678.21875,-0.9878207017,-0.0841128194,0.1309018522,,,,
22516,0.0,826.321838,-925.680542,1677.863403,-0.9887503276,-0.0703288677,0.1320099999,,,,
22517,0.0,822.554565,-926.301514,1677.19519,-0.9895384723,-0.0579697914,0.1321102386,,,,
22518,0.0,820.04248,-926.658386,1676.910522,-0.9898987746,-0.0496922137,0.1327821525,,,,
22519,0.0,816.133911,-927.197388,1676.735596,-0.9903999983,-0.0345284869,0.1338492696,,,,
22520,0.0,812.705322,-927.636414,1676.701904,-0.9906432093,-0.0159387307,0.1355433094,,,,
22521,0.0,808.992004,-928.072998,1676.691406,-0.9905843983,0.00687733,0.1367305823,,,,
22522,0.0,802.160583,-928.731506,1676.89856,-0.9893580811,0.044360014,0.1385740834,,,,
22523,0.0,800.117767,-928.880493,1677.15564,-0.9884424902,0.0593835216,0.1386668244,,,,
22524,0.0,795.420227,-929.185303,1677.615723,-0.9863278481,0.0888997408,0.138759548,,,,
22525,0.0,791.685059,-929.359619,1678.033447,-0.9841626424,0.1103163211,0.1387595134,,,,
22526,0.0,788.190308,-929.513123,1678.510498,-0.9819184948,0.1287705797,0.1387595307,,,,
22527,0.0,784.702515,-929.632324,1678.805054,-0.9794412439,0.1464262027,0.1387595653,,,,
22528,0.0,782.7152405,-929.6147765,1678.835205,-0.9777662743,0.1568664826,0.1387595566,,,,
22529,0.0,776.988037,-929.701477,1679.11084,-0.9741730555,0.1774484538,0.1396384767,,,,
22530,0.0,773.239319,-929.658936,1679.11377,-0.9723290303,0.1872369225,0.1397089536,,,,
22531,0.0,770.496521,-929.606201,1679.088257,-0.9708221764,0.1943855374,0.1404228071,,,,
22532,0.0,766.396729,-929.452698,1679.034546,-0.9682255963,0.2067714969,0.140658248,,,,
22533,0.0,762.743164,-929.256836,1678.914917,-0.9663417995,0.2148225738,0.1415442984,,,,
22534,0.0,758.957581,-929.013428,1678.777832,-0.9651788347,0.2199480905,0.1416073958,,,,
22535,0.0,755.524048,-928.691345,1678.516968,-0.9639204553,0.2253990042,0.1416073613,,,,
22536,0.0,752.935974,-928.454834,1678.171753,-0.9629519407,0.2295014491,0.1416073613,,,,
22537,0.0,748.689636,-927.903259,1677.848755,-0.9613511365,0.2361172328,0.1416073613,,,,
22538,0.0,745.664795,-927.477783,1677.648315,-0.9601829501,0.2408236862,0.1416073958,0.0100686522,106.6379695604,753.3679684763,1.0
22539,0.0,741.675842,-926.784912,1677.628784,-0.9588343475,0.2461382627,0.1416073785,0.0101475672,106.0401171284,746.2404658628,1.0
22540,0.0,738.465271,-926.167969,1677.608765,-0.9564409618,0.2552802818,0.1416074304,0.0104913916,106.7903356546,739.1668653892,1.0
22541,0.0,734.397217,-925.290527,1677.702271,-0.9530536073,0.2681221153,0.1407101735,0.0110067012,108.0517895163,730.2754728934,1.0
22542,0.0,732.050049,-924.730164,1677.819824,-0.9516131853,0.2732171261,0.1406582653,0.0112251246,108.4137823038,725.5980357653,1.0
22543,0.0,728.117859,-923.697327,1678.12439,-0.9483207553,0.2851433461,0.1392157218,0.0115056119,108.6166349597,718.0906945366,1.0
22544,0.0,724.393799,-922.81842,1678.248901,-0.9452686644,0.2956926121,0.1379602526,0.0117704436,108.7830076465,711.1011558267,1.0
22545,0.0,720.853394,-921.517883,1678.839844,-0.9410167846,0.309404681,0.1369531104,,,,
22546,0.0,717.547424,-920.627808,1679.012573,-0.935977421,0.3247133313,0.1360423457,,,,
22547,0.0,713.707214,-919.88208,1678.621704,-0.9292483803,0.3442321719,0.1341702636,,,,
22548,0.0,709.917542,-918.930176,1678.655029,-0.9244140967,0.3574241156,0.1330660714,,,,
22549,0.0,706.378723,-918.447205,1678.528442,-0.917266995,0.3760537146,0.1311673118,,,,
22550,0.0,702.943604,-918.108887,1678.433838,-0.9099051733,0.3941475375,0.1293069767,,,,
22551,0.0,699.485718,-918.059998,1678.257935,-0.903925973,0.4079760009,0.128348814,,,,
22552,0.0,696.983704,-917.95874,1678.238647,-0.8993652066,0.4179465174,0.1283079648,,,,
22553,0.0,693.320984,-917.89325,1678.221802,-0.892746888,0.4319028467,0.1283079302,,,,
22554,0.0,689.680786,-917.991333,1678.171021,-0.8868945634,0.4440098008,0.1275669641,,,,
22555,0.0,686.161621,-918.19635,1677.974609,-0.8827024242,0.4523456674,0.1273570863,,,,
22556,0.0,682.56311,-918.454895,1677.741699,-0.877323046,0.4626926132,0.1273570517,,,,
22557,0.0,678.536377,-918.649841,1677.10791,-0.8739952376,0.4689482837,0.1273571036,0.0381143829,359.0293961617,1312.9516127013,0.0
22558,0.0,674.990356,-918.900269,1676.741333,-0.8725519113,0.4716283815,0.1273571036,0.0322151842,155.6486384594,618.1960332758,1.0
22559,0.0,672.511292,-919.068481,1676.442749,-0.8721851457,0.4723063081,0.127357069,0.0318222481,153.5892506361,613.7100477767,1.0
22560,0.0,668.172607,-919.64502,1676.369263,-0.8720356655,0.4725822369,0.1273570863,0.0310662983,149.7609906774,605.533819984,1.0
22561,0.0,664.540955,-920.025024,1676.056519,-0.8720356655,0.4725822369,0.1273570863,0.0304635443,146.7011033615,598.9094325878,1.0
22562,0.0,661.694458,-920.001892,1675.343628,-0.8716362676,0.4733184818,0.1273571036,0.0301953081,144.7151150988,593.3795541776,1.0
22563,0.0,659.09552,-920.256165,1675.118774,-0.8712681805,0.4739957115,0.127357069,0.0299374554,142.8727477036,588.3041986416,1.0
22564,0.0,654.764771,-921.152832,1674.804565,-0.8697897003,0.4767033189,0.127357069,0.0297430238,140.4554374018,580.2091326275,1.0
22565,0.0,648.825134,-922.463501,1674.602295,-0.8642250412,0.4867188575,0.1273571036,0.0310414541,140.6828113092,569.0516981963,1.0
22566,0.0,645.5271,-923.176819,1674.748291,-0.861156605,0.4923196509,0.1266122548,0.031636311,140.4221919092,562.7171575918,1.0
22567,0.0,643.866394,-923.423004,1674.874634,-0.8588259623,0.4963783661,0.1265091642,0.0323246472,141.093846029,559.5203389328,1.0
22568,0.0,642.205688,-923.669189,1675.000977,-0.8564953195,0.5004370813,0.1264060735,0.0330129833,141.7655001489,556.3235202739,1.0
22569,0.0,636.251343,-924.039429,1675.834717,-0.8474664543,0.5155793958,0.1264060735,0.0335629668,324.2865107801,1262.2886875906,0.0
22570,0.0,632.487915,-923.983459,1676.305664,-0.8441228488,0.521035619,0.1264060908,0.032844329,319.4415867416,1256.7297401356,0.0
22571,0.0,629.648376,-924.410645,1677.195679,-0.8415489074,0.5251827566,0.1264061254,0.0323995001,316.2969429087,1252.7297101691,0.0
22572,0.0,625.935364,-924.395935,1677.604736,-0.8391754162,0.5289670362,0.1264060735,0.0320304672,313.1728227674,1247.3641125956,0.0
22573,0.0,622.319885,-924.123108,1677.799316,-0.8378979491,0.5307765563,0.1272920826,0.0323476734,313.3568300263,1242.0625259912,0.0
22574,0.0,619.621338,-924.099243,1678.015381,-0.8374750633,0.5314279734,0.1273570863,0.0328192069,314.5272444618,1237.8616022531,0.0
22575,0.0,615.242615,-923.504028,1678.095093,-0.8373118458,0.5316850999,0.1273570863,0.0338233609,317.3898936371,1230.7602129438,0.0
22576,0.0,612.797485,-923.072083,1678.17981,-0.8373118458,0.5316850999,0.1273570863,0.0343783846,318.9869478828,1227.1007481491,0.0
22577,0.0,609.090454,-922.391479,1677.959351,-0.8373118458,0.5316850999,0.1273570863,0.0345741719,128.5516101543,493.1434824985,1.0
22578,0.0,605.622437,-921.574768,1677.739868,-0.8373118458,0.5316850999,0.1273570863,0.0335572474,124.9777300777,486.5178892273,1.0
22579,0.0,602.10144,-920.679077,1677.221313,-0.8373118458,0.5316850999,0.1273570863,0.0324006995,121.223686459,480.1113400719,1.0
22580,0.0,599.367004,-919.803406,1677.165039,-0.8373118458,0.5316850999,0.1273570863,0.0316520999,118.5364637283,474.8973784235,1.0
22581,0.0,595.566223,-918.441467,1677.099365,-0.8373118458,0.5316850999,0.1273570863,0.0305782181,114.8015972591,467.8132034619,1.0
22582,0.0,592.488159,-917.214233,1677.119141,-0.8373118458,0.5316850999,0.1273570863,0.0296454221,111.6071656239,461.7863227974,1.0
22583,0.0,589.732117,-916.047302,1677.178101,-0.8373118458,0.5316850999,0.1273570863,0.0289810862,109.2228312914,456.9942179927,1.0
22584,0.0,586.149841,-914.344421,1677.522827,-0.8373118458,0.5316850999,0.1273570863,0.0280366549,105.9233405371,450.4837730945,1.0
22585,0.0,583.128235,-912.851501,1677.779419,-0.8373118458,0.5316850999,0.1273570863,0.0272101916,103.101169109,444.9973064498,1.0
22586,0.0,580.073914,-911.193604,1678.111084,-0.8374038035,0.5317437997,0.1265045509,0.0262675894,100.0699075503,439.4902578602,1.0
22587,0.0,576.891541,-909.424805,1678.444458,-0.8375120948,0.5318122561,0.1254958779,0.0252320077,96.8480962756,433.8675245895,1.0
22588,0.0,574.656799,-908.159607,1678.649536,-0.8382973703,0.5307396174,0.1247917367,0.0242416157,94.1069936266,430.0056895811,1.0
22589,0.0,571.515747,-906.261292,1678.992065,-0.8398504105,0.5285137667,0.1237921098,0.0228509883,90.2180247546,424.444704065,1.0
22590,0.0,568.292236,-904.402222,1679.198975,-0.8407492702,0.5273190912,0.1227812716,0.0216173953,86.6267106291,418.8851837675,1.0
22591,0.0,565.013794,-902.503967,1679.39917,-0.8422970216,0.5250822379,0.1217553733,0.0202145361,82.6829854181,413.3093158872,1.0
22592,0.0,562.657471,-901.179688,1679.462524,-0.8428768696,0.5243222334,0.1210156112,0.0193203599,80.0770435906,409.3485967699,1.0
22593,0.0,559.08783,-899.126038,1679.511719,-0.8430776724,0.5240726029,0.1206977429,0.0183011442,76.8143744814,403.3523095448,1.0
22594,0.0,556.674866,-897.747192,1679.495361,-0.8430776724,0.5240726029,0.1206977429,0.0176896998,74.7590098817,399.2247807062,1.0
22595,0.0,553.065613,-895.673218,1679.340088,-0.8430776724,0.5240726029,0.1206977429,0.016738501,71.6337308921,393.159975536,1.0
22596,0.0,550.58844,-894.342529,1679.171021,-0.8430776724,0.5240726029,0.1206977429,0.016050547,69.4349338452,389.1058909907,1.0
22597,0.0,547.05127,-892.453125,1678.869507,-0.8430776724,0.5240726029,0.1206977429,0.015097732,66.3675195955,383.3806302891,1.0
22598,0.0,543.602478,-890.535461,1678.481812,-0.8399697512,0.5292351991,0.1198370609,0.014785913,64.7276787155,377.8002887423,1.0
22599,0.0,541.274719,-889.195496,1678.226685,-0.837248715,0.5335499003,0.1197459524,0.0147449149,63.9914164566,374.0179362206,1.0
22600,0.0,537.912598,-887.14801,1677.901123,-0.829582307,0.5455583003,0.1189930117,0.0154261522,64.485353985,368.5518964799,1.0
22601,0.0,535.360229,-885.444458,1677.398071,-0.8160429086,0.5656517838,0.1187940691,0.0177584101,68.3409948768,364.2511776777,1.0
22602,0.0,532.164001,-883.141418,1677.04248,-0.7830750608,0.6106253256,0.1180261025,0.0256476096,80.7397482062,358.7993177953,1.0
22603,0.0,529.854187,-881.5047,1676.949341,-0.7598113548,0.6394918903,0.1172042118,0.0318896345,88.9043348505,354.8733953936,1.0
22604,0.0,526.767273,-879.0354,1676.841064,-0.7084545886,0.6967503062,0.1123881961,0.0498138796,109.6911012716,351.9315341048,1.0
22605,0.0,525.240662,-877.594788,1676.802124,-0.6913023883,0.7140969334,0.1103022111,0.0564931703,116.3142234761,351.0280459663,1.0
22606,0.0,524.115356,-876.483154,1676.815796,-0.6736456389,0.7310554533,0.1084411241,0.063973839,123.3044923622,350.3661027062,1.0
22607,0.0,520.450012,-872.354248,1676.764893,-0.5934181942,0.7985019545,0.1012396934,0.1028809698,153.7675307445,348.056561533,1.0
22608,0.0,518.787109,-869.958496,1676.349365,-0.5250122589,0.8458453272,0.0943811973,0.1407720741,177.5527883477,347.0586917402,1.0
22609,0.0,515.781433,-864.945923,1675.250122,-0.4040584948,0.9124745813,0.064240729,,,,
22610,0.0,514.867157,-863.4627685,1674.7645265,-0.3985951227,0.91540219,0.0551301869,,,,
22611,0.0,513.952881,-861.979614,1674.278931,-0.3931317506,0.9183297986,0.0460196449,,,,
22612,0.0,512.077454,-859.34021,1673.064209,-0.3925703402,0.9187146457,0.0430340305,,,,
22613,0.0,509.883881,-855.577209,1669.466431,-0.392037042,0.9191312734,0.0387899474,,,,
22614,0.0,509.1571045,-854.560394,1669.49115,-0.3916557754,0.9193840588,0.0365146508,,,,
22615,0.0,508.430328,-853.543579,1669.515869,-0.3912745088,0.9196368443,0.0342393542,,,,
22616,0.0,506.671021,-849.927002,1664.378174,-0.3897275306,0.9203264917,0.0333406741,,,,
22617,0.0,505.798767,-848.266296,1661.641846,-0.3885189975,0.920838745,0.0333015655,,,,
22618,0.0,506.068176,-846.310181,1659.089722,-0.3865914211,0.9217751478,0.0296251596,,,,
22619,0.0,505.934326,-845.927185,1659.081421,-0.3859379847,0.9220868667,0.0284197499,,,,
22620,0.0,504.573517,-844.136963,1659.403931,-0.3818849922,0.9239592022,0.0215231345,,,,
22621,0.0,504.366547,-843.869324,1659.572998,-0.3808752079,0.924410278,0.0199928456,,,,
22622,0.0,503.705414,-843.069885,1659.807373,-0.3797980859,0.9248108055,0.0218720833,,,,
22623,0.0,502.684021,-842.597412,1660.123413,-0.3780263626,0.9253817019,0.0276545669,,,,
22624,0.0,501.631378,-842.019775,1660.067261,-0.3751798792,0.9264741491,0.0297608689,,,,
22625,0.0,500.626587,-841.8125,1660.207031,-0.3728250898,0.9273715367,0.0313605707,,,,
22626,0.0,499.700287,-841.6875,1660.328369,-0.3701581997,0.9284075622,0.0322847603,,,,
22627,0.0,498.610413,-841.651794,1660.467773,-0.3668117262,0.929731138,0.0323908732,,,,
22628,0.0,497.174194,-841.424011,1660.398682,-0.3599626452,0.9320693527,0.0409098491,,,,
22629,0.0,495.738617,-841.502258,1660.343018,-0.3565691645,0.9331578185,0.045551254,,,,
22630,0.0,493.841644,-841.496704,1660.216431,-0.3527569424,0.9343995385,0.0495988112,,,,
22631,0.0,492.163879,-841.72345,1660.202759,-0.3494380587,0.9354874784,0.0524997219,,,,
22632,0.0,490.78302,-841.980469,1660.342163,-0.3462634808,0.9366354702,0.0530622069,,,,
22633,0.0,489.609131,-842.214783,1660.399414,-0.3429308626,0.9379524791,0.0514156632,,,,
22634,0.0,489.3936973333,-842.271444,1660.4732666667,-0.3428341609,0.9380303728,0.0506207802,,,,
22635,0.0,489.1782636667,-842.328105,1660.5471193333,-0.3427374592,0.9381082664,0.0498258972,,,,
22636,0.0,488.96283,-842.384766,1660.620972,-0.3391902564,0.9388822908,0.0587368201,0.1137651535,570.3413459078,1231.2105994856,3.0
22637,0.0,486.345886,-843.081665,1660.966431,-0.3384482531,0.938799517,0.0640956078,0.107944614,554.6851148729,1227.3801633512,3.0
22638,0.0,484.791962,-843.378906,1660.790771,-0.3392728787,0.939041342,0.055635167,0.1071142956,552.2128121294,1226.3673086575,3.0
22639,0.0,483.242554,-843.838074,1660.983154,-0.3391057443,0.9393442323,0.0513780837,0.1068181665,551.1412570663,1225.5871492464,3.0
22640,0.0,482.150757,-844.081787,1660.927856,-0.3392226615,0.938971168,0.0571063181,0.1063125304,549.6263645284,1224.9579386146,3.0
22641,0.0,480.939362,-844.177551,1660.740967,-0.3385838116,0.9388165795,0.0631223626,0.1059156972,547.8409050285,1223.1356911436,3.0
22642,0.0,480.118408,-844.38147,1660.676758,-0.3383274833,0.9387030933,0.0661136649,0.1050654621,545.0076647484,1221.4495021176,3.0
22643,0.0,479.297791,-844.596619,1660.472412,-0.3345127408,0.9403072061,0.0626385219,0.1050501858,544.4904409616,1220.3741250665,3.0
22644,0.0,478.892365,-844.710632,1660.398926,-0.3340234991,0.9405379358,0.0617793928,0.1049479164,543.5439074627,1218.8131926386,3.0
22645,0.0,477.972778,-845.145752,1660.108398,-0.3324146781,0.9413987095,0.0571747452,0.1047960605,541.7345321181,1215.5870542141,3.0
22646,0.0,476.673431,-845.535767,1659.578735,-0.3277421597,0.9427882444,0.0611179436,0.1059946149,543.2850691725,1212.5377388299,3.0
22647,0.0,473.615906,-846.590088,1659.190186,-0.5353660939,0.8410101794,0.0780065617,0.0262358835,274.8251938032,1207.7055771488,3.0
22648,0.0,472.069992,-847.4950255,1659.0512085,-0.65213812,0.7366413498,0.0864602286,0.0135157092,142.1386723589,722.3593573048,2.0
22649,0.0,469.610962,-848.874817,1658.706177,-0.763541159,0.6391926453,0.0918567399,0.0006480744,8.5123971144,236.4802183311,1.0
22650,0.0,469.3975525,-848.9566345,1658.706177,-0.7623108532,0.6407379716,0.0912840897,0.000622421,8.3369271372,236.3768307149,1.0
22651,0.0,469.184143,-849.038452,1658.706177,-0.7610805475,0.642283298,0.0907114396,0.0005967676,8.1614571601,236.2734430987,1.0
22652,0.0,466.473297,-850.259583,1658.530396,-0.7385278518,0.6667555654,0.1000681175,0.0011286702,11.1666185516,235.0962675639,1.0
22653,0.0,465.413239,-850.839111,1658.683228,-0.7321515198,0.6737548187,0.100042972,0.0012898219,11.921125681,234.7888546394,1.0
22654,0.0,464.7685855,-851.207855,1658.817566,-0.7279650362,0.6784937719,0.098337245,0.001340675,37.2460262286,710.6375776341,2.0
22655,0.0,464.123932,-851.576599,1658.951904,-0.7237785525,0.6832327251,0.0966315181,0.0013915281,62.5709267761,1186.4863006288,3.0
22656,0.0,462.29187,-852.478027,1659.192749,-0.7195208181,0.688229345,0.0928986602,0.0011594848,56.8736407106,1181.3795097262,3.0
22657,0.0,461.6758575,-852.820343,1659.279114,-0.7094863506,0.6994389847,0.084349184,0.0006684868,39.5296450507,1179.4804590911,3.0
22658,0.0,461.059845,-853.162659,1659.365479,-0.6994518832,0.7106486244,0.0757997079,0.0001774888,22.1856493908,1177.5814084559,3.0
22769,0.0,1959.200928,-1021.764038,1666.381348,1.0,0.0,0.0,,,,
22770,0.0,1959.203735,-1021.764038,1667.813232,1.0,0.0,0.0,,,,
22771,0.0,1959.166382,-1020.697632,1669.258179,0.8566916679,0.5153907015,0.0212558461,,,,
22772,0.0,1955.331421,-1018.984497,1670.669312,0.4018180363,0.9139079701,0.0575715891,,,,
22773,0.0,1952.229248,-1021.102966,1671.826172,-0.0903986526,0.9920120487,0.0879782861,0.0508893832,391.6947068524,1243.7006628144,6.0
22774,0.0,1951.04187,-1021.715027,1674.531738,-0.6763507299,0.7275192131,0.1151758863,0.051041999,697.5457484239,2211.605282121,0.0
22775,0.0,1950.158936,-1020.765381,1675.787231,-0.6762864804,0.727450103,0.1159868273,0.0514082127,699.3370222511,2209.5805246318,0.0
22776,0.0,1944.095825,-1014.24353,1676.701294,-0.6762752346,0.7274380063,0.1161281798,0.0520479806,700.6681120121,2200.4995459423,0.0
22777,0.0,1943.668823,-1013.784424,1676.701294,-0.6762402997,0.7274004285,0.1165661772,0.0522704147,701.8812313609,2199.7398685956,0.0
22778,0.0,1943.12439,-1013.198669,1676.701294,-0.6762025481,0.7273598208,0.1170376226,0.0525981448,703.7726999213,2198.9705509051,0.0
22779,0.0,1942.728271,-1012.772766,1676.701294,-0.6761991162,0.7273561293,0.1170803839,0.0527881641,704.8815816861,2198.5749910554,0.0
22780,0.0,1942.415283,-1012.436218,1676.701294,-0.6760719814,0.7272193763,0.1186535067,0.0531642019,707.3328763666,2198.6167555828,0.0
22781,0.0,1942.113647,-1012.099915,1676.701294,-0.6749541377,0.7274111313,0.1237334153,0.0542586821,714.4336580487,2198.794974681,0.0
22782,0.0,1941.953735,-1011.927734,1676.701294,-0.6748137854,0.7272629767,0.1253591551,0.0546026137,716.7633214568,2199.2008435716,0.0
22783,0.0,1941.81665,-1011.780334,1676.701294,-0.674789171,0.7272364492,0.1256452211,0.0548480081,718.5264618911,2199.8119952523,0.0
22784,0.0,1941.765503,-1011.725403,1676.701294,-0.674789171,0.7272364492,0.1256452211,0.0550261688,719.8963808319,2200.5359652328,0.0
22785,0.0,1941.761841,-1011.721436,1676.701294,-0.674789171,0.7272364492,0.1256452211,0.0551910699,721.205681358,2201.3356290706,0.0
22786,0.0,1954.232056,-1015.700623,1676.710327,0.9908070183,0.1352144849,0.0043006526,,,,
22787,0.0,1954.723389,-1016.94519,1676.701294,1.0,0.0,0.0,,,,
22788,0.0,1954.723999,-1016.94519,1676.701294,1.0,0.0,0.0,,,,
22789,0.0,1954.722412,-1016.94519,1676.701294,1.0,0.0,0.0,,,,
22790,0.0,1954.722534,-1016.94519,1676.701294,1.0,0.0,0.0,,,,
22791,0.0,1954.7230225,-1016.94519,1676.701294,1.0,0.0,0.0,,,,
22792,0.0,1954.509277,-1016.94519,1676.701294,1.0,0.0,0.0,,,,
22793,0.0,1954.832764,-1016.94519,1676.701294,1.0,0.0,0.0,,,,
22794,0.0,1954.943481,-1016.94519,1676.701294,1.0,0.0,0.0,,,,
22795,0.0,1955.032471,-1016.94519,1676.701294,1.0,0.0,0.0,,,,
22796,0.0,1955.128662,-1016.959473,1676.701294,1.0,0.0,0.0,,,,
22797,0.0,1955.419067,-1017.033325,1676.701294,1.0,0.0,0.0,,,,
22798,0.0,1955.977295,-1017.122498,1676.701294,1.0,0.0,0.0,,,,
22799,0.0,1956.618652,-1017.19519,1676.701294,1.0,0.0,0.0,,,,
22800,0.0,1957.366089,-1017.273132,1676.701294,1.0,0.0,0.0,,,,
22801,0.0,1958.540039,-1017.353943,1676.701294,1.0,0.0,0.0,,,,
22802,0.0,1959.946045,-1017.446533,1676.701294,1.0,0.0,0.0,,,,
22803,0.0,1961.447388,-1017.527893,1676.701294,1.0,0.0,0.0,,,,
22804,0.0,1962.931885,-1017.615784,1676.701294,1.0,0.0,0.0,,,,
22805,0.0,1964.032959,-1017.700012,1676.701294,1.0,0.0,0.0,,,,
22806,0.0,1965.42688,-1017.786133,1676.701294,1.0,0.0,0.0,,,,
22807,0.0,1965.734497,-1017.799622,1676.701294,1.0,0.0,0.0,,,,
22808,0.0,1967.32312,-1017.936584,1676.701294,1.0,0.0,0.0,,,,
22809,0.0,1968.282104,-1018.026184,1676.701294,1.0,0.0,0.0,,,,
22810,0.0,1969.110352,-1018.115051,1676.701294,1.0,0.0,0.0,,,,
22811,0.0,1969.786987,-1018.199097,1676.701294,1.0,0.0,0.0,,,,
22812,0.0,1970.397339,-1018.287354,1676.701294,1.0,0.0,0.0,,,,
22813,0.0,1970.840332,-1018.366882,1676.701294,1.0,0.0,0.0,,,,
22814,0.0,1971.203247,-1018.449585,1676.701294,1.0,0.0,0.0,,,,
22815,0.0,1971.477905,-1018.533752,1676.701294,1.0,0.0,0.0,,,,
22816,0.0,1971.709717,-1018.621338,1676.701294,0.9999995542,-0.0008445996,-0.0004222649,,,,
22817,0.0,1972.030273,-1018.715942,1676.701294,0.9999977374,-0.0019026861,-0.0009512567,,,,
22818,0.0,1973.278809,-1018.882324,1676.701294,0.9999933688,0.0022339231,-0.0028761067,,,,
22819,0.0,1974.060913,-1018.957336,1676.701294,0.9998243641,0.0187223902,-0.0008444775,,,,
22820,0.0,1975.407959,-1019.036133,1676.701294,0.9992313148,0.0391614803,0.0017770584,,,,
22821,0.0,1976.789185,-1019.083069,1676.701294,0.9973913839,0.0720837242,0.0037899909,,,,
22822,0.0,1978.281982,-1019.102478,1676.701294,0.9946377543,0.1032669059,0.0056288491,,,,
22823,0.0,1980.02478,-1019.08313,1676.701294,0.9893427836,0.145407315,0.0075874494,,,,
22824,0.0,1981.737183,-1019.02301,1676.701294,0.9835598642,0.1803818045,0.008508709,,,,
22825,0.0,1983.989014,-1018.890625,1676.701294,0.9746558955,0.223503929,0.0095853585,,,,
22826,0.0,1985.834595,-1018.729919,1676.701294,0.9649987243,0.2620138103,0.0112350065,,,,
22827,0.0,1988.2948,-1018.45697,1676.701294,0.9507928043,0.3095403038,0.0133358051,,,,
22828,0.0,1990.297241,-1017.815918,1676.701294,0.9384221552,0.3451723621,0.0148289955,,,,
22829,0.0,1992.724609,-1017.013184,1676.701294,0.9259167244,0.3773805322,0.0161911483,,,,
22830,0.0,1995.095093,-1015.94165,1676.701294,0.9029133372,0.429437148,0.018200039,,,,
22831,0.0,1997.285889,-1015.027649,1676.701294,0.8858079687,0.4636581821,0.019113682,,,,
22832,0.0,1999.169189,-1014.122375,1676.701172,0.8665429651,0.4986468393,0.0213218046,,,,
22833,0.0,2001.86438,-1012.932251,1676.701294,0.8449277298,0.5343543552,0.0237182313,,,,
22834,0.0,2004.310669,-1011.679626,1676.70105,0.8191381922,0.572938048,0.0274702604,,,,
22835,0.0,2006.935669,-1010.233215,1676.701294,0.7895308284,0.6128962706,0.0316106396,,,,
22836,0.0,2009.417236,-1008.883789,1676.701172,0.7686441958,0.6386967809,0.0353909917,,,,
22837,0.0,2011.860107,-1007.464417,1676.701294,0.7473438212,0.6632858515,0.0391036067,,,,
22838,0.0,2014.476318,-1005.871826,1676.701294,0.7250367083,0.6873621665,0.0430699859,,,,
22839,0.0,2016.947876,-1004.310608,1676.701294,0.7074295126,0.7052946856,0.0458572915,,,,
22840,0.0,2019.212402,-1002.745605,1676.701294,0.6857297404,0.7261850407,0.0492951293,,,,
22841,0.0,2021.376343,-1001.195251,1676.701172,0.6688920961,0.7415180473,0.0522910058,,,,
22842,0.0,2024.347778,-999.065918,1676.701294,0.6526205782,0.7556696352,0.0552248436,,,,
22843,0.0,2027.095337,-996.966858,1676.701172,0.6369153387,0.768724624,0.0583206977,,,,
22844,0.0,2029.394531,-995.089478,1676.701294,0.6235587765,0.779396859,0.0609507044,,,,
22845,0.0,2032.004639,-992.89917,1676.701294,0.610022081,0.7898718809,0.0630513473,,,,
22846,0.0,2034.001953,-991.110962,1676.701294,0.599227356,0.7980120994,0.0640567321,,,,
22847,0.0,2037.034058,-988.378784,1676.701294,0.5870525899,0.8069275379,0.0650938193,,,,
22848,0.0,2039.585571,-985.924622,1676.701294,0.5739718405,0.8162027876,0.0661009518,,,,
22849,0.0,2041.791748,-983.735474,1676.701294,0.5653301674,0.8221413218,0.0669734937,,,,
22850,0.0,2041.8946533333,-983.6316326667,1676.701294,0.5648319633,0.822479077,0.0670245574,,,,
22851,0.0,2041.9975586667,-983.5277913333,1676.701294,0.5643337592,0.8228168323,0.0670756211,,,,
22852,0.0,2042.100464,-983.42395,1676.701294,0.5638355551,0.8231545875,0.0671266848,,,,
22853,0.0,2050.317627,-974.520996,1676.701294,0.531105471,0.8443719747,0.0704481871,,,,
22854,0.0,2053.173828,-971.19281,1676.701294,0.5199219636,0.8512673893,0.0708871194,,,,
22855,0.0,2055.778076,-968.016846,1676.701294,0.5105631548,0.8568371852,0.0718004382,,,,
22856,0.0,2059.521729,-963.151062,1676.701294,0.4899944044,0.8686470067,0.0731974138,,,,
22857,0.0,2060.8388675,-961.393982,1676.701294,0.4842506251,0.871815286,0.0734597939,,,,
22858,0.0,2063.998047,-956.943787,1676.701294,0.4583643584,0.8855625555,0.0753729079,,,,
22859,0.0,2065.022583,-955.36438,1676.701294,0.4447142587,0.8922712224,0.0764770758,,,,
22860,0.0,2066.047119,-953.784973,1676.701294,0.431064159,0.8989798893,0.0775812438,,,,
22861,0.0,2067.870605,-950.812683,1676.701294,0.4010998669,0.9124945051,0.0804529364,,,,
22862,0.0,2069.68042,-947.773071,1676.701294,0.3729089361,0.9241977906,0.0824461595,,,,
22863,0.0,2072.919434,-942.075134,1676.701294,0.3325338981,0.9394379157,0.0829313518,,,,
22864,0.0,2074.710449,-938.887329,1676.701294,0.3192997804,0.9440562904,0.0824946709,,,,
22865,0.0,2076.306396,-935.953796,1676.701294,0.3113866143,0.9469022292,0.0800908532,,,,
22866,0.0,2077.606934,-933.391357,1676.701416,0.3055305605,0.9491447738,0.0759952301,,,,
22867,0.0,2077.7971195,-933.0118405,1676.701355,0.3049861276,0.9493547382,0.0755546716,,,,
22868,0.0,2077.987305,-932.632324,1676.701294,0.3044416948,0.9495647026,0.0751141131,,,,
22869,0.0,2081.99292,-924.612549,1676.701294,0.2942413171,0.9533401398,0.0675620091,,,,
22870,0.0,2084.282959,-919.455994,1676.701294,0.2847700333,0.9564235831,0.0644977356,,,,
22871,0.0,2085.616211,-916.384155,1676.701294,0.2787103874,0.9582749598,0.0634792982,,,,
22872,0.0,2086.898926,-913.266663,1676.701294,0.2725420897,0.960103826,0.0626215035,,,,
22873,0.0,2088.567871,-909.167908,1676.701294,0.2657900866,0.9620649621,0.0615356684,,,,
22874,0.0,2089.921631,-905.685852,1676.701294,0.2601480183,0.9636678454,0.0605581732,,,,
22875,0.0,2091.409912,-901.777527,1676.701294,0.2556485464,0.9648834303,0.0603637857,,,,
22876,0.0,2092.720947,-898.196472,1676.701294,0.250297099,0.9662854535,0.0603637682,,,,
22877,0.0,2093.845459,-895.005554,1676.701294,0.2454775566,0.9675210513,0.0603637682,,,,
22878,0.0,2095.351074,-890.697266,1676.701294,0.2405556761,0.9687565134,0.0603637682,,,,
22879,0.0,2096.290039,-887.855164,1676.701294,0.234010572,0.9703583192,0.0603637682,,,,
22880,0.0,2097.477539,-884.032776,1676.701294,0.2220482565,0.9731170374,0.0611375767,,,,
22881,0.0,2098.755127,-879.765808,1676.701294,0.2079170084,0.9761022995,0.0632045777,,,,
22882,0.0,2099.492432,-876.941956,1676.701172,0.189974425,0.9796380651,0.0649536699,,,,
22883,0.0,2100.643799,-872.639099,1676.701294,0.1690960807,0.9833218281,0.0669678863,,,,
22884,0.0,2101.172363,-869.800171,1676.701172,0.1275487058,0.9893329458,0.0703679619,,,,
22885,0.0,2101.830078,-866.311401,1676.701172,0.0886857428,0.9933132497,0.0739163517,,,,
22886,0.0,2102.729248,-862.131165,1676.701294,0.0644666358,0.9949956686,0.0763391923,,,,
22887,0.0,2103.287109,-858.544067,1676.701172,0.0198383486,0.9965264407,0.0808794965,,,,
22888,0.0,2103.574219,-855.900269,1676.70105,-0.0273023947,0.9959340991,0.0858478271,,,,
22889,0.0,2103.907471,-851.411621,1676.701294,-0.1293798944,0.9868694582,0.0966928918,,,,
22890,0.0,2103.957275,-849.322021,1676.700562,-0.1998555834,0.974386718,0.1030934996,,,,
22891,0.0,2103.688965,-845.390808,1676.697632,-0.3386277213,0.9339163285,0.1145930091,,,,
22892,0.0,2103.36792,-840.982361,1676.700562,-0.454971252,0.8817849413,0.124324081,,,,
22893,0.0,2102.858643,-837.151062,1676.700928,-0.5850262912,0.8003107578,0.1313275659,,,,
22894,0.0,2102.583984,-835.056213,1676.700684,-0.6478149969,0.7500100612,0.1334939616,,,,
22895,0.0,2102.30542,-830.346863,1676.700928,-0.7331008056,0.6663331592,0.1362473107,,,,
22896,0.0,2102.026855,-826.222351,1676.70105,-0.7946211937,0.5894404768,0.1453859788,,,,
22897,0.0,2102.040771,-822.49762,1676.701294,-0.8062859669,0.5722580696,0.1497452549,,,,
22898,0.0,2101.987305,-819.327148,1676.701294,-0.8069070028,0.5713023835,0.1500489104,,,,
22899,0.0,2101.902344,-814.924316,1676.701294,-0.8069070028,0.5713023835,0.1500489104,,,,
22900,0.0,2101.563232,-811.148743,1676.701294,-0.8069070028,0.5713023835,0.1500489104,,,,
22901,0.0,2100.407227,-805.004639,1676.701294,-0.8069070028,0.5713023835,0.1500489104,,,,
22902,0.0,2099.452393,-801.735474,1676.701294,-0.8069070028,0.5713023835,0.1500489104,,,,
22903,0.0,2098.101807,-797.810242,1676.701294,-0.8069070028,0.5713023835,0.1500489104,,,,
22904,0.0,2097.3336185,-795.9346315,1676.701294,-0.8069070028,0.5713023835,0.1500489104,,,,
22905,0.0,2095.409668,-791.645447,1676.701294,-0.8069070028,0.5713023835,0.1500489104,,,,
22906,0.0,2093.466797,-787.997131,1676.701294,-0.8069070028,0.5713023835,0.1500489104,,,,
22907,0.0,2091.739258,-785.074768,1676.701294,-0.8069070028,0.5713023835,0.1500489104,,,,
22908,0.0,2089.736572,-781.960938,1676.701294,-0.8069070028,0.5713023835,0.1500489104,,,,
22909,0.0,2087.461914,-778.691833,1676.701294,-0.8069070028,0.5713023835,0.1500489104,,,,
22910,0.0,2085.916504,-776.60968,1676.701294,-0.8069070028,0.5713023835,0.1500489104,,,,
22911,0.0,2083.566895,-773.566345,1676.701294,-0.8053828457,0.5754295292,0.1422649947,,,,
22912,0.0,2081.070801,-770.643738,1676.701294,-0.8131519627,0.5654435277,0.138048914,,,,
22913,0.0,2078.782715,-768.288086,1676.701416,-0.8300957106,0.5405658588,0.1368563614,,,,
22914,0.0,2076.702637,-766.17572,1676.701416,-0.8420411834,0.521946787,0.1361550478,,,,
22915,0.0,2073.602539,-763.262939,1676.701294,-0.8664339906,0.4806873478,0.1350252331,,,,
22916,0.0,2070.777588,-760.795593,1676.701294,-0.8855724672,0.4450280593,0.1330843035,,,,
22917,0.0,2068.705566,-759.027588,1676.701294,-0.8947003132,0.4268326417,0.1316253988,,,,
22918,0.0,2065.487793,-756.3927,1676.701294,-0.9053561232,0.4044488423,0.1294272924,,,,
22919,0.0,2062.529785,-754.069763,1676.83374,-0.9084785678,0.3976248736,0.1286901387,,,,
22920,0.0,2059.884277,-752.030334,1677.013428,-0.91000544,0.3942390338,0.1283186791,,,,
22921,0.0,2056.505371,-749.526794,1677.212646,-0.910764124,0.3925177332,0.1282128684,,,,
22922,0.0,2053.223389,-747.215149,1677.396729,-0.9108148186,0.3924000848,0.1282128684,,,,
22923,0.0,2049.906738,-744.965942,1677.577393,-0.9108148186,0.3924000848,0.1282128684,,,,
22924,0.0,2047.545166,-743.417603,1677.670288,-0.9108148186,0.3924000848,0.1282128684,,,,
22925,0.0,2044.181274,-741.28717,1677.717896,-0.9108148186,0.3924000848,0.1282128684,,,,
22926,0.0,2041.098999,-739.375244,1677.703491,-0.9108148186,0.3924000848,0.1282128684,,,,
22927,0.0,2037.130127,-736.977905,1677.701294,-0.9108148186,0.3924000848,0.1282128684,,,,
22928,0.0,2034.715088,-735.564392,1677.701294,-0.9108148186,0.3924000848,0.1282128684,,,,
22929,0.0,2030.615356,-733.219666,1677.701294,-0.9108148186,0.3924000848,0.1282128684,,,,
22930,0.0,2027.558472,-731.512024,1677.701294,-0.9108148186,0.3924000848,0.1282128684,,,,
22931,0.0,2025.221436,-730.232178,1677.701416,-0.9108148186,0.3924000848,0.1282128684,,,,
22932,0.0,2021.394531,-728.170776,1677.701294,-0.9108148186,0.3924000848,0.1282128684,,,,
22933,0.0,2017.631226,-726.16217,1677.701294,-0.9108148186,0.3924000848,0.1282128684,,,,
22934,0.0,2013.19812,-723.869202,1677.701294,-0.9108148186,0.3924000848,0.1282128684,,,,
22935,0.0,2010.723633,-722.593079,1677.701294,-0.9108148186,0.3924000848,0.1282128684,,,,
22936,0.0,2006.696411,-720.540771,1677.701294,-0.9108148186,0.3924000848,0.1282128684,,,,
22937,0.0,2003.865234,-719.120056,1677.701294,-0.9108148186,0.3924000848,0.1282128684,,,,
22938,0.0,2000.947388,-717.677307,1677.701294,-0.9111945945,0.3917586752,0.1274737281,,,,
22939,0.0,1998.238647,-716.362915,1677.701294,-0.9119542225,0.3902900468,0.1265431762,,,,
22940,0.0,1994.642578,-714.630188,1677.701294,-0.912795473,0.3886211349,0.1256106603,,,,
22941,0.0,1991.417603,-713.098145,1677.701294,-0.9139574851,0.3859619406,0.125359865,,,,
22942,0.0,1988.204834,-711.633606,1677.701294,-0.9166360449,0.3797763136,0.1246928741,,,,
22943,0.0,1984.96228,-710.171997,1677.701294,-0.919289485,0.373402373,0.1244086438,,,,
22944,0.0,1982.067993,-708.934265,1677.701294,-0.923507485,0.3628448904,0.1244086438,,,,
22945,0.0,1978.205444,-707.291565,1677.701294,-0.928356611,0.3502520471,0.1244086265,,,,
22946,0.0,1974.818481,-705.920471,1677.701294,-0.9342683527,0.334163348,0.1244086092,,,,
22947,0.0,1968.724854,-703.583252,1677.701294,-0.9452436993,0.3017231152,0.1244086438,,,,
22948,0.0,1965.560181,-702.382019,1677.696899,-0.9493310207,0.2886054666,0.1244085919,,,,
22949,0.0,1962.439209,-701.201416,1677.631348,-0.9521889283,0.2790317875,0.1244086265,,,,
22950,0.0,1957.81958,-699.453552,1677.416992,-0.9542713743,0.2718246532,0.1244086092,,,,
22951,0.0,1955.155884,-698.440796,1677.302124,-0.9543609437,0.2715100049,0.1244086265,,,,
22952,0.0,1952.215698,-697.339722,1677.175293,-0.9543609437,0.2715100049,0.1244086265,,,,
22953,0.0,1947.577148,-695.643677,1676.974487,-0.9543609437,0.2715100049,0.1244086265,,,,
22954,0.0,1944.967896,-694.714294,1676.870117,-0.9543609437,0.2715100049,0.1244086265,0.0329826416,409.8974775608,1609.2682073631,1.0
22955,0.0,1941.21814,-693.390015,1676.724976,-0.9543609437,0.2715100049,0.1244086265,0.0331619106,410.0665825057,1605.647848545,1.0
22956,0.0,1938.10791,-692.305603,1676.681396,-0.9543609437,0.2715100049,0.1244086265,0.0333060486,410.1577897959,1602.5847927254,1.0
22957,0.0,1935.039551,-691.259949,1676.701294,-0.9543609437,0.2715100049,0.1244086265,0.0334381571,410.1916765716,1599.6017581091,1.0
22958,0.0,1931.708374,-690.13385,1676.701294,-0.9543609437,0.2715100049,0.1244086265,0.0335869283,410.2394930506,1596.3015921743,1.0
22959,0.0,1928.10022,-688.929199,1676.701294,-0.9543609437,0.2715100049,0.1244086265,0.0337377686,410.2157276019,1592.6979135128,1.0
22960,0.0,1924.970093,-687.89679,1676.701294,-0.9543609437,0.2715100049,0.1244086265,0.0340293663,411.567828295,1591.2044149574,1.0
22961,0.0,1921.470947,-686.756042,1676.701294,-0.9543609437,0.2715100049,0.1244086265,0.0344584763,413.9030309055,1590.4113276157,1.0
22962,0.0,1918.506104,-685.800659,1676.701294,-0.9543609437,0.2715100049,0.1244086265,0.0348799601,416.3294503048,1590.2104419557,1.0
22963,0.0,1914.311157,-684.460449,1676.701294,-0.9543609437,0.2715100049,0.1244086265,0.0353863072,418.9728706276,1589.0212221594,1.0
22964,0.0,1911.06604,-683.432434,1676.701294,-0.9543609437,0.2715100049,0.1244086265,0.035798202,421.1689113651,1588.300405154,1.0
22965,0.0,1907.958496,-682.458618,1676.701294,-0.9543609437,0.2715100049,0.1244086265,0.0362165267,423.4831780165,1587.9468580508,1.0
22966,0.0,1903.91333,-681.199768,1676.701294,-0.9543609437,0.2715100049,0.1244086265,0.036717988,426.2346120801,1587.5153458122,1.0
22967,0.0,1901.064819,-680.321472,1676.701294,-0.9543609437,0.2715100049,0.1244086265,0.0370758003,428.338198902,1587.7779784897,1.0
22968,0.0,1897.082397,-679.097778,1676.701172,-0.9543609437,0.2715100049,0.1244086265,0.0374452936,430.3587667801,1587.5271030012,1.0
22969,0.0,1893.695312,-678.05658,1676.701172,-0.9541068026,0.2724017387,0.1244086092,0.0378976199,433.1753991625,1588.5357182665,1.0
22970,0.0,1890.646729,-677.123596,1676.701172,-0.9538692873,0.2732322678,0.1244086438,0.0382774455,435.5622765862,1589.4980260636,1.0
22971,0.0,1887.594849,-676.193359,1676.701172,-0.9536309787,0.2740628579,0.1244086265,0.0388064677,438.4251780186,1589.2170073219,1.0
22972,0.0,1884.177246,-675.162354,1676.701172,-0.953576076,0.2742538256,0.1244086265,0.0392043919,440.5359475027,1588.904623884,1.0
22973,0.0,1881.066406,-674.228699,1676.701172,-0.953576076,0.2742538256,0.1244086265,0.0395217346,442.1844585981,1588.5630611356,1.0
22974,0.0,1877.875488,-673.347595,1676.701172,-0.9532199428,0.2754890741,0.1244086438,0.0401579155,445.5624019468,1588.2264205336,1.0
22975,0.0,1874.443237,-672.596619,1676.701172,-0.9528652322,0.2767134672,0.1244086265,0.040782476,448.834279838,1587.8442327328,1.0
22976,0.0,1871.120728,-672.077087,1676.701172,-0.9526031233,0.2776144583,0.1244086092,0.0412680699,451.3528082726,1587.5286394323,1.0
22977,0.0,1867.892456,-671.745422,1676.701294,-0.9523469829,0.2784918633,0.1244086265,0.0417068757,453.616127831,1587.25172839,1.0
22978,0.0,1864.560425,-671.571045,1676.701172,-0.9520810308,0.2793997063,0.1244086611,0.0421300216,455.792392581,1587.0087020215,1.0
22979,0.0,1861.124756,-671.555969,1676.701172,-0.951805408,0.2803372159,0.1244086438,0.0425305905,457.8482601917,1586.8043054882,1.0
22980,0.0,1857.484253,-671.713013,1676.701172,-0.9517140501,0.2806472173,0.1244086265,0.0427396838,458.8838642238,1586.5831553212,1.0
22981,0.0,1854.259277,-671.984253,1676.701172,-0.9517140501,0.2806472173,0.1244086265,0.0428240808,459.2722059513,1586.3945426236,1.0
22982,0.0,1851.286621,-672.334167,1676.701172,-0.9517140501,0.2806472173,0.1244086265,0.0428820036,459.5252379777,1586.2196622875,1.0
22983,0.0,1847.766846,-672.869385,1676.701172,-0.9517140501,0.2806472173,0.1244086265,0.0429283216,459.7058392628,1586.0055390603,1.0
22984,0.0,1841.449829,-674.137085,1676.701172,-0.9517140501,0.2806472173,0.1244086265,0.0429536652,459.7611716796,1585.7386915956,1.0
22985,0.0,1839.196594,-674.6688235,1676.701172,-0.9517140501,0.2806472173,0.1244086265,0.0429422861,459.6568108864,1585.5841678147,1.0
22986,0.0,1836.943359,-675.200562,1676.701172,-0.9517140501,0.2806472173,0.1244086265,0.0429309071,459.5524500933,1585.4296440339,1.0
22987,0.0,1830.888062,-676.912964,1676.701172,-0.9525917388,0.2776535121,0.1244086265,0.042042895,454.8205202355,1585.2295436815,1.0
22988,0.0,1827.844482,-677.890137,1676.701172,-0.9543731613,0.2714670641,0.1244086092,0.0403278072,445.6093118973,1585.1130387241,1.0
22989,0.0,1826.174377,-678.485199,1676.701172,-0.956209129,0.2649306928,0.1242163348,0.0385908858,436.0267362745,1585.2654797946,1.0
22990,0.0,1820.524048,-680.554199,1676.701172,-0.9616544689,0.2448723332,0.1235241796,0.0334108957,406.2463283837,1584.8514990444,1.0
22991,0.0,1817.492554,-681.856018,1676.701172,-0.9672235594,0.2215193255,0.1241280575,0.0282308126,373.8526978965,1584.5676724972,1.0
22992,0.0,1814.629883,-683.077942,1676.701172,-0.9730052214,0.1943793417,0.1244086438,0.0229650455,337.6646351372,1584.6915736233,1.0
22993,0.0,1810.720825,-684.498474,1676.701172,-0.9795137574,0.1580070851,0.1248461461,0.0172084133,292.776131876,1584.990708964,1.0
22994,0.0,1807.183716,-685.617432,1676.701172,-0.9832440384,0.1324203801,0.1252836933,0.0140041327,264.2388489305,1584.4531027007,1.0
22995,0.0,1804.025024,-686.619995,1676.701172,-0.9870069759,0.099657738,0.1260379496,0.0109538624,233.8274387408,1584.1248376231,1.0
22996,0.0,1800.90564,-687.459106,1676.70105,-0.9894688235,0.0706893318,0.1263109883,0.0091493473,213.7971164524,1584.1176951489,1.0
22997,0.0,1797.429199,-688.254272,1676.701172,-0.9909051002,0.0463963469,0.126310971,0.0082778788,203.4275591855,1584.2943885807,1.0
22998,0.0,1793.028198,-689.127319,1676.701172,-0.9916899821,0.0244236306,0.1263109883,0.0080117673,199.9887992505,1583.0627350673,1.0
22999,0.0,1789.605103,-689.514587,1676.701172,-0.9918045601,0.0118488101,0.1272136793,0.0081982754,202.3116518854,1583.2029594039,1.0
23000,0.0,1786.646606,-689.645508,1676.701172,-0.9918676566,0.0017148647,0.1272619782,0.0083757512,204.4652713179,1583.0840269109,1.0
23001,0.0,1784.340942,-689.616272,1676.70105,-0.9918088989,-0.0062661462,0.1275768139,0.0086219888,207.4663673169,1583.3142591911,1.0
23002,0.0,1779.510376,-689.267456,1676.701172,-0.9915813424,-0.018173504,0.128203608,0.009116168,213.2099234662,1582.6259907407,1.0
23003,0.0,1776.506226,-688.841919,1676.701172,-0.9912689695,-0.0269725399,0.1290670839,0.0096859069,220.5049679374,1588.1350234312,1.0
23004,0.0,1773.814941,-688.335938,1676.701172,-0.9909780799,-0.0357660161,0.1291636061,0.0101705374,226.065073792,1589.1086506041,1.0
23005,0.0,1770.869507,-687.657959,1676.701172,-0.9905261631,-0.0448141601,0.1298060528,0.0108133851,233.0109876136,1588.7581894642,1.0
23006,0.0,1767.91333,-686.855774,1676.701294,-0.9899333606,-0.0543110399,0.1306990916,0.0115613407,240.8864700094,1588.7377252727,1.0
23007,0.0,1765.324219,-686.098206,1676.701172,-0.9892037191,-0.0644339638,0.131621679,0.0124688303,250.1825649834,1589.2316615732,1.0
23008,0.0,1762.190552,-689.322998,1676.943848,-0.9883088203,-0.0752394307,0.1326073292,0.0138079145,263.21987959,1589.4395595639,1.0
23009,0.0,1758.981201,-688.514099,1676.307495,-0.9873055374,-0.086058265,0.1334981302,0.0149449821,273.7100466051,1589.1202594484,1.0
23010,0.0,1756.078613,-687.906189,1676.096313,-0.9862021316,-0.0965455968,0.1344778919,0.016219698,285.1511289467,1589.669809799,1.0
23011,0.0,1751.656372,-687.078552,1675.871338,-0.9850988979,-0.1055525091,0.1357896502,0.0174956605,296.095529991,1589.8626473105,1.0
23012,0.0,1750.405762,-686.872742,1675.87146,-0.9849956616,-0.1060416282,0.136156967,0.0176069412,297.0136514424,1589.7893024573,1.0
23013,0.0,1745.315186,-686.121277,1675.946167,-0.9845205667,-0.1074563879,0.138464358,0.0177987561,298.0016627036,1586.5362129236,1.0
23014,0.0,1742.377441,-685.764404,1675.983276,-0.9840927633,-0.1082488743,0.1408673647,0.0181272935,300.7777887196,1586.870184371,1.0
23015,0.0,1739.258301,-685.414795,1676.092407,-0.9839777657,-0.1084526463,0.141512473,0.0180705722,300.0517797264,1585.4996907287,1.0
23016,0.0,1735.893799,-685.060608,1676.3573,-0.9839777657,-0.1084526463,0.141512473,0.017876974,298.1318109376,1583.7842177939,1.0
23017,0.0,1732.546997,-684.731689,1676.625,-0.9839777657,-0.1084526463,0.141512473,0.0176774702,296.1483579985,1582.0205233279,1.0
23018,0.0,1729.105225,-684.321716,1676.966431,-0.9839777657,-0.1084526463,0.141512473,0.0174891543,294.2224522028,1580.0965325568,1.0
23019,0.0,1724.584351,-683.852844,1677.363525,-0.9839777657,-0.1084526463,0.141512473,0.0172964368,292.1128897801,1577.4060600136,1.0
23020,0.0,1721.514038,-683.592285,1677.568115,-0.9839777657,-0.1084526463,0.141512473,0.0171926153,290.8879451516,1575.4857795206,1.0
23021,0.0,1717.734253,-683.054871,1678.029297,-0.9839777657,-0.1084526463,0.141512473,0.0170687725,289.3709913887,1572.8960478431,1.0
23022,0.0,1714.218262,-682.81189,1678.202393,-0.9839777657,-0.1084526463,0.141512473,0.0169501071,287.8732084182,1570.1755263224,1.0
23023,0.0,1711.188354,-682.796631,1678.237915,-0.9839777657,-0.1084526463,0.141512473,0.0168347987,286.4587284977,1567.7566409358,1.0
23024,0.0,1709.736572,-682.565247,1678.234009,-0.9839777657,-0.1084526463,0.141512473,0.0167779355,285.7515842004,1566.5119566318,1.0
23025,0.0,1703.830078,-682.363403,1678.174805,-0.9839777657,-0.1084526463,0.141512473,0.0164836543,282.3056484604,1561.2588990782,1.0
23026,0.0,1699.774414,-682.459534,1678.258667,-0.9839777657,-0.1084526463,0.141512473,0.0163325607,280.3138004834,1557.3380945277,1.0
23027,0.0,1694.032349,-682.262207,1678.088013,-0.9924625072,-0.0332627529,0.1179481286,0.007701895,192.1896417328,1551.5079966576,1.0
23028,0.0,1691.4036255,-682.257782,1677.846558,-0.9924110382,0.025506879,0.1040294612,0.007917886,194.4822243822,1548.7204215313,1.0
23029,0.0,1688.774902,-682.253357,1677.605103,-0.9923595692,0.0842765109,0.0901107937,0.0081338769,196.7748070316,1545.9328464051,1.0
23030,0.0,1682.408569,-680.704468,1677.358032,-0.9074020702,0.4132123801,0.0766616715,0.0960167933,658.0145870742,1538.9707504406,1.0
23031,0.0,1680.614868,-678.465271,1676.392334,-0.8005755721,0.5945907844,0.0744348878,,,,
23032,0.0,1678.905396,-675.175354,1675.94519,-0.5783009686,0.8124079527,0.0745741783,,,,
23033,0.0,1678.89917,-672.176514,1675.498901,-0.2923728439,0.9529218982,0.0803615337,,,,
23034,0.0,1678.824463,-671.31311,1675.250244,-0.0849866114,0.9924917966,0.0879619784,,,,
23035,0.0,1679.148071,-670.921509,1675.064819,0.0586932129,0.9939660045,0.0926643873,,,,
23036,0.0,1680.008545,-671.625183,1675.204224,0.2393702297,0.9659411344,0.0982833553,,,,
23037,0.0,1681.007324,-672.303528,1675.372681,0.4006573539,0.9103776276,0.1033743677,,,,
23038,0.0,1682.028564,-675.407471,1675.933472,0.5423307678,0.832956884,0.1098187949,,,,
23039,0.0,1682.0797116,-675.7895266,1675.9893314,0.5513450992,0.8266444068,0.1104162858,,,,
23040,0.0,1682.1308592,-676.1715822,1676.0451908,0.5603594306,0.8203319296,0.1110137768,,,,
23041,0.0,1682.1820068,-676.5536378,1676.1010502,0.5693737621,0.8140194523,0.1116112677,,,,
23042,0.0,1682.2331544,-676.9356934,1676.1569096,0.5783880935,0.8077069751,0.1122087587,,,,
23043,0.0,1682.284302,-677.317749,1676.212769,0.5874024249,0.8013944979,0.1128062496,,,,
23044,0.0,1682.284302,-677.317749,1676.212769,0.7807943772,0.6040555299,0.1596153419,,,,
23045,0.0,1682.284302,-677.317749,1676.212769,0.7842562272,0.5995540949,0.1596153419,,,,
23046,0.0,1688.407349,-675.195435,1676.099731,0.7842562272,0.5995540949,0.1596153419,,,,
23047,0.0,1693.718506,-673.717651,1675.363892,0.7676778635,0.6210045348,0.1581899666,,,,
23048,0.0,1694.946289,-673.767456,1675.362305,0.7746395102,0.6121039204,0.1589415612,,,,
23049,0.0,1698.102783,-674.061462,1675.096558,0.7842157918,0.5996069834,0.1596153419,,,,
23050,0.0,1700.003052,-674.136108,1675.341553,0.7842562272,0.5995540949,0.1596153419,,,,
23051,0.0,1702.770996,-674.275818,1675.473633,0.7842562272,0.5995540949,0.1596153419,,,,
23052,0.0,1705.319214,-674.557007,1675.469849,0.7842562272,0.5995540949,0.1596153419,,,,
23053,0.0,1707.723633,-674.671021,1675.415039,0.7842562272,0.5995540949,0.1596153419,,,,
23054,0.0,1710.576416,-674.946655,1675.331055,0.7842562272,0.5995540949,0.1596153419,,,,
23055,0.0,1712.817749,-675.186401,1675.214844,0.7842562272,0.5995540949,0.1596153419,,,,
23056,0.0,1715.63562,-675.562439,1675.313843,0.7842562272,0.5995540949,0.1596153419,,,,
23057,0.0,1719.363892,-675.927917,1675.159668,0.7842562272,0.5995540949,0.1596153419,,,,
23058,0.0,1722.161865,-676.301208,1674.738281,0.7842562272,0.5995540949,0.1596153419,,,,
23059,0.0,1722.4289548,-676.3836178,1674.6711668,0.7842562272,0.5995540949,0.1596153419,,,,
23060,0.0,1722.6960446,-676.4660276,1674.6040526,0.7842562272,0.5995540949,0.1596153419,,,,
23061,0.0,1722.9631344,-676.5484374,1674.5369384,0.7842562272,0.5995540949,0.1596153419,,,,
23062,0.0,1723.2302242,-676.6308472,1674.4698242,0.7842562272,0.5995540949,0.1596153419,,,,
23063,0.0,1723.497314,-676.713257,1674.40271,0.7842562272,0.5995540949,0.1596153419,,,,
23064,0.0,1723.497314,-676.713257,1674.40271,0.7740173066,0.6119688727,0.1624540179,,,,
23065,0.0,1738.430298,-678.344788,1675.568726,0.7823938401,0.6019088192,0.1598926276,,,,
23066,0.0,1747.178101,-679.400146,1675.49585,0.7771733821,0.6080994397,0.1619154275,,,,
23067,0.0,1750.423706,-679.906677,1675.161011,0.7759351672,0.6095518099,0.162392141,,,,
23068,0.0,1757.429932,-680.416565,1675.658081,0.7742143948,0.6117195179,0.1624540007,,,,
23069,0.0,1760.159546,-680.594055,1675.815674,0.7733739787,0.6127816794,0.1624540007,,,,
23070,0.0,1764.306152,-680.921936,1675.95105,0.7724747631,0.613914846,0.1624540007,,,,
23071,0.0,1767.781128,-681.252441,1675.936646,0.7718834929,0.6146580928,0.1624540007,,,,
23072,0.0,1771.136841,-681.783325,1675.858398,0.7713821437,0.6154376134,0.1618830826,,,,
23073,0.0,1775.580566,-682.545105,1675.675415,0.7709240236,0.6161098415,0.161507935,,,,
23074,0.0,1778.795532,-683.003845,1675.598511,0.7706949885,0.6163963096,0.1615079694,,,,
23075,0.0,1783.283447,-683.536926,1675.582031,0.7706054748,0.6165082186,0.1615079522,,,,
23076,0.0,1786.412842,-684.095398,1675.404297,0.7706996894,0.6165836594,0.1607687151,,,,
23077,0.0,1790.714355,-684.644409,1675.338257,0.7708432776,0.6166985344,0.1596357071,,,,
23078,0.0,1793.900757,-684.893921,1675.390503,0.7704250465,0.617443588,0.1587723635,,,,
23079,0.0,1797.360718,-685.761963,1674.982056,0.7699734,0.6182378176,0.1578700867,,,,
23080,0.0,1799.911011,-686.340698,1674.423218,0.7686242378,0.6204919845,0.1555843121,,,,
23081,0.0,1803.400391,-686.6745,1674.375122,0.7671159553,0.622978083,0.1530732477,,,,
23082,0.0,1807.504761,-687.126831,1674.380981,0.7659735472,0.6248755282,0.151046679,,,,
23083,0.0,1810.88916,-687.361816,1674.543945,0.765513516,0.6256542606,0.1501525991,,,,
23084,0.0,1814.345581,-687.698608,1674.832031,0.7650579024,0.6264224092,0.1492694586,,,,
23085,0.0,1817.852295,-688.051025,1675.099243,0.7644629079,0.6274207419,0.1481204748,,,,
23086,0.0,1820.715332,-688.359558,1675.182007,0.7637698521,0.6285771237,0.1467869633,,,,
23087,0.0,1825.675049,-688.856262,1675.654175,0.7626084261,0.6307616423,0.1434159654,,,,
23088,0.0,1828.996216,-689.200867,1675.794312,0.7612212319,0.6330257481,0.1407857888,,,,
23089,0.0,1832.55542,-689.418701,1676.060547,0.7602085642,0.6346405027,0.1389761534,,,,
23090,0.0,1835.750977,-689.736328,1676.027344,0.7588882823,0.6367485257,0.1365279825,,,,
23091,0.0,1839.208008,-689.981262,1675.951172,0.7577345319,0.6385753874,0.1343869555,,,,
23092,0.0,1842.349121,-690.205505,1675.878662,0.7567847449,0.6400662322,0.1326350943,,,,
23093,0.0,1845.295654,-690.389954,1675.689941,0.7555635331,0.6420467034,0.1299991466,,,,
23094,0.0,1848.959961,-690.748535,1675.698486,0.7543927373,0.6439520442,0.1273474094,,,,
23095,0.0,1852.621338,-690.981812,1675.445068,0.7518762584,0.6475427803,0.1239775772,,,,
23096,0.0,1855.591431,-691.154846,1675.150635,0.7481082903,0.6526046615,0.1201713019,,,,
23097,0.0,1860.055664,-691.463806,1674.804932,0.7431969345,0.6591165455,0.1149943298,,,,
23098,0.0,1862.964478,-691.682251,1674.447632,0.7416250617,0.6613411325,0.1123395496,,,,
23099,0.0,1865.628174,-691.882812,1674.288696,0.7394287644,0.664295666,0.1093451895,,,,
23100,0.0,1869.711304,-692.197205,1674.160156,0.7370036464,0.6675961302,0.1055510877,,,,
23101,0.0,1875.278687,-692.617859,1674.443726,0.7303670995,0.6758295455,0.0990874635,,,,
23102,0.0,1877.2419435,-692.7316895,1674.537781,0.7284909176,0.6781083935,0.0972517698,,,,
23103,0.0,1882.211426,-692.992371,1674.836914,0.7243350845,0.6830694935,0.0935668337,,,,
23104,0.0,1884.3355105,-693.099884,1674.9943235,0.7231515898,0.6845308804,0.0919959126,,,,
23105,0.0,1889.300903,-693.314575,1675.341797,0.7209098587,0.6872324253,0.0894459011,,,,
23106,0.0,1891.458191,-693.3623045,1675.5108035,0.7201870665,0.6881155102,0.0884610745,,,,
23107,0.0,1897.621338,-693.477356,1675.916504,0.7187826882,0.6899732456,0.0853719364,,,,
23108,0.0,1900.580933,-693.563599,1676.052124,0.7182860057,0.6905906137,0.0845565978,,,,
23109,0.0,1904.031128,-693.599243,1676.126709,0.7172595144,0.6918529941,0.0829350565,,,,
23110,0.0,1907.956177,-693.726196,1676.11084,0.7165772144,0.6929977318,0.079191158,,,,
23111,0.0,1911.946411,-693.888916,1676.160278,0.7154190313,0.6945659879,0.0758531353,,,,
23112,0.0,1915.674561,-694.264771,1675.927612,0.7148354125,0.6954571671,0.0731413823,,,,
23113,0.0,1923.631592,-697.616455,1676.701172,0.7137080869,0.6969120936,0.0702445765,,,,
23114,0.0,1927.000854,-697.724792,1676.701172,0.7125587093,0.6983591887,0.0674872531,,,,
23115,0.0,1930.104858,-697.817993,1676.701172,0.7115995692,0.6995749639,0.0649686306,,,,
23116,0.0,1934.371338,-697.944519,1676.701172,0.7106312884,0.7007929009,0.0623897589,,,,
23117,0.0,1937.625,-698.035095,1676.701172,0.7100810755,0.7015051124,0.0606254366,,,,
23118,0.0,1940.820801,-698.119751,1676.701172,0.7094417611,0.7021741971,0.0603637682,,,,
23119,0.0,1943.859741,-698.204468,1676.701172,0.7093464048,0.7023085434,0.0599198459,,,,
23120,0.0,1947.29834,-698.299316,1676.701172,0.7093666095,0.7023287193,0.0594422691,,,,
23121,0.0,1950.167114,-698.377014,1676.701172,0.7094056914,0.7023674134,0.0585113803,,,,
23122,0.0,1952.6521,-698.429871,1676.701172,0.7082506284,0.7036071057,0.0576028484,,,,
23123,0.0,1955.003296,-698.483337,1676.701172,0.7075974292,0.7044024217,0.0558847615,,,,
23124,0.0,1957.604736,-698.55011,1676.701172,0.7075014089,0.7045231194,0.0555781481,,,,
23125,0.0,1959.565552,-698.601257,1676.802002,0.7075014089,0.7045231194,0.0555781481,,,,
23126,0.0,1961.189087,-698.636658,1676.883423,0.7068895165,0.7051720709,0.0551322206,,,,
23127,0.0,1963.160889,-698.68042,1676.978271,0.7062380341,0.7058613972,0.0546582766,,,,
23128,0.0,1964.783325,-698.707275,1677.057739,0.7048889908,0.7072836277,0.0536784932,,,,
23129,0.0,1966.161011,-698.718994,1677.125366,0.7030511037,0.7091769414,0.0527940469,,,,
23130,0.0,1967.434692,-698.708801,1677.188232,0.6998194464,0.7124679594,0.0514018411,,,,
23131,0.0,1969.127686,-698.702881,1677.271606,0.6963941534,0.7159195958,0.0499431214,,,,
23132,0.0,1970.666382,-698.640808,1677.348755,0.6886674498,0.7234593844,0.0484113911,,,,
23133,0.0,1972.007812,-698.577454,1677.416138,0.6815252367,0.7302795808,0.0470646964,,,,
23134,0.0,1973.378418,-698.454407,1677.489746,0.6648714113,0.7455927032,0.0451389779,,,,
23135,0.0,1974.624878,-698.352539,1677.555054,0.6527302451,0.7562500485,0.0450454363,,,,
23136,0.0,1975.893311,-698.223328,1677.62085,0.6378140285,0.7688720139,0.0450454363,,,,
23137,0.0,1977.382446,-698.099915,1677.695312,0.6241749451,0.7799849656,0.0450454363,,,,
23138,0.0,1978.770752,-697.968506,1677.701904,0.6117763694,0.7897471637,0.0450454363,,,,
23139,0.0,1980.082642,-697.846069,1677.701294,0.6035808035,0.7960283427,0.0450454363,,,,
23140,0.0,1981.567627,-697.712708,1677.701294,0.600628133,0.7982585762,0.0450454363,,,,
23141,0.0,1983.447632,-697.524597,1677.701294,0.6001599622,0.7986106238,0.0450454363,,,,
23142,0.0,1987.59021,-697.116028,1677.701294,0.6001599622,0.7986106238,0.0450454363,,,,
23143,0.0,1989.358398,-696.945801,1677.701294,0.6001599622,0.7986106238,0.0450454363,,,,
23144,0.0,1992.180298,-696.663757,1677.701294,0.6001599622,0.7986106238,0.0450454363,,,,
23145,0.0,1994.594604,-696.40802,1677.701294,0.6001599622,0.7986106238,0.0450454363,,,,
23146,0.0,1997.241821,-696.115234,1677.701294,0.6001599622,0.7986106238,0.0450454363,,,,
23147,0.0,1998.53009,-695.968231,1677.701294,0.6001599622,0.7986106238,0.0450454363,,,,
23148,0.0,2002.39624,-695.519287,1677.701294,0.6001599622,0.7986106238,0.0450454363,,,,
23149,0.0,2004.777466,-695.233459,1677.701294,0.6001599622,0.7986106238,0.0450454363,,,,
23150,0.0,2007.851318,-694.859802,1677.701294,0.6001599622,0.7986106238,0.0450454363,,,,
23151,0.0,2011.204834,-694.444763,1677.701294,0.6001599622,0.7986106238,0.0450454363,,,,
23152,0.0,2013.797241,-694.117371,1677.701294,0.6001599622,0.7986106238,0.0450454363,,,,
23153,0.0,2016.894287,-693.723755,1677.701294,0.6001599622,0.7986106238,0.0450454363,,,,
23154,0.0,2020.246338,-693.29248,1677.701294,0.6001599622,0.7986106238,0.0450454363,,,,
23155,0.0,2023.252319,-692.901611,1677.701294,0.6001599622,0.7986106238,0.0450454363,,,,
23156,0.0,2026.027588,-692.53717,1677.701294,0.6001599622,0.7986106238,0.0450454363,,,,
23157,0.0,2029.575928,-692.068848,1677.701294,0.6001599622,0.7986106238,0.0450454363,,,,
23158,0.0,2032.584839,-691.669617,1677.701294,0.6001599622,0.7986106238,0.0450454363,,,,
23159,0.0,2035.53479,-691.27356,1677.701294,0.6001599622,0.7986106238,0.0450454363,,,,
23160,0.0,2038.842163,-690.828247,1677.701294,0.6001599622,0.7986106238,0.0450454363,,,,
23161,0.0,2043.144043,-690.248779,1677.701294,0.6001599622,0.7986106238,0.0450454363,,,,
23162,0.0,2046.531128,-689.788879,1677.701294,0.6001599622,0.7986106238,0.0450454363,,,,
23163,0.0,2050.049561,-689.308899,1677.701294,0.6001599622,0.7986106238,0.0450454363,,,,
23164,0.0,2053.19458,-688.87854,1677.701294,0.6001599622,0.7986106238,0.0450454363,,,,
23165,0.0,2056.761475,-688.389099,1677.701294,0.6001599622,0.7986106238,0.0450454363,,,,
23166,0.0,2060.209961,-687.710571,1677.701294,0.6001599622,0.7986106238,0.0450454363,,,,
23167,0.0,2063.593506,-686.825378,1677.701294,0.6001599622,0.7986106238,0.0450454363,,,,
23168,0.0,2066.391357,-685.920898,1677.701294,0.6001599622,0.7986106238,0.0450454363,,,,
23169,0.0,2069.776855,-684.642639,1677.701294,0.6001599622,0.7986106238,0.0450454363,,,,
23170,0.0,2072.48877,-683.458984,1677.701294,0.6001599622,0.7986106238,0.0450454363,,,,
23171,0.0,2075.553467,-681.965576,1677.701294,0.6001599622,0.7986106238,0.0450454363,,,,
23172,0.0,2075.7904055,-681.846771,1677.701294,0.6001599622,0.7986106238,0.0450454363,,,,
23173,0.0,2081.118896,-678.827148,1677.701294,0.6001599622,0.7986106238,0.0450454363,,,,
23174,0.0,2083.260742,-677.4375,1677.701294,0.6001599622,0.7986106238,0.0450454363,,,,
23175,0.0,2086.523926,-675.174194,1677.701294,0.6001599622,0.7986106238,0.0450454363,,,,
23176,0.0,2089.537842,-673.077332,1677.701294,0.6001599622,0.7986106238,0.0450454363,,,,
23177,0.0,2092.943604,-670.531921,1677.701294,0.6001599622,0.7986106238,0.0450454363,,,,
23178,0.0,2094.974121,-668.816833,1677.701294,0.6001599622,0.7986106238,0.0450454363,,,,
23179,0.0,2097.748047,-666.480225,1677.701294,0.6001599622,0.7986106238,0.0450454363,,,,
23180,0.0,2100.403564,-664.142578,1677.701294,0.6001599622,0.7986106238,0.0450454363,,,,
23181,0.0,2102.472656,-662.239807,1677.701294,0.6001599622,0.7986106238,0.0450454363,,,,
23182,0.0,2105.323242,-659.57666,1677.701294,0.6001599622,0.7986106238,0.0450454363,,,,
23183,0.0,2107.789062,-657.198669,1677.701294,0.6001599622,0.7986106238,0.0450454363,,,,
23184,0.0,2110.221191,-654.765015,1677.701294,0.6001599622,0.7986106238,0.0450454363,,,,
23185,0.0,2112.937256,-651.997375,1677.701294,0.6001599622,0.7986106238,0.0450454363,,,,
23186,0.0,2115.201172,-649.631287,1677.701294,0.6001599622,0.7986106238,0.0450454363,,,,
23187,0.0,2117.790283,-646.872559,1677.701294,0.6001599622,0.7986106238,0.0450454363,,,,
23188,0.0,2117.85166,-646.807117,1677.701294,0.6001599622,0.7986106238,0.0450454363,,,,
23189,0.0,2117.913037,-646.741675,1677.701294,0.6001599622,0.7986106238,0.0450454363,,,,
23190,0.0,2117.974414,-646.676233,1677.701294,0.6001599622,0.7986106238,0.0450454363,,,,
23191,0.0,2118.035791,-646.610791,1677.701294,0.6001599622,0.7986106238,0.0450454363,,,,
23192,0.0,2118.097168,-646.545349,1677.701294,0.6001599622,0.7986106238,0.0450454363,,,,
23193,0.0,2118.097168,-646.545349,1677.701294,0.5860394898,0.8085035194,0.0536635398,,,,
23194,0.0,2118.097168,-646.545349,1677.701294,0.5860394898,0.8085035194,0.0536635398,,,,
23195,0.0,2121.820557,-642.255066,1677.701294,0.5993475471,0.7992173465,0.0451015613,,,,
23196,0.0,2124.007324,-639.626831,1677.701294,0.5947530676,0.8023674859,0.0497514435,,,,
23197,0.0,2125.995605,-638.107056,1677.701294,0.5899819144,0.8057567809,0.0517431218,,,,
23198,0.0,2126.964111,-637.516113,1677.701294,0.5865007415,0.80818385,0.0534391686,,,,
23199,0.0,2127.888428,-637.013306,1677.701294,0.5826724958,0.8108509886,0.0548947796,,,,
23200,0.0,2129.312988,-636.300598,1677.701294,0.5783699265,0.8138182947,0.0564624769,,,,
23201,0.0,2130.465576,-635.797913,1677.701294,0.5771008462,0.8146836521,0.0569663091,,,,
23202,0.0,2131.700439,-635.314514,1677.701294,0.5759336238,0.8154762484,0.0574364802,,,,
23203,0.0,2132.997559,-634.831848,1677.701294,0.5751024666,0.8160586739,0.0574925521,,,,
23204,0.0,2134.311523,-634.375732,1677.701294,0.574310675,0.8166161002,0.0574925521,,,,
23205,0.0,2135.575439,-633.970642,1677.68689,0.5742295604,0.8166731405,0.0574925521,,,,
23206,0.0,2136.90625,-633.557861,1677.664307,0.5742295604,0.8166731405,0.0574925521,,,,
23207,0.0,2137.193848,-633.467834,1677.65979,0.5742234598,0.81667743,0.0574925521,,,,
23208,0.0,2139.980225,-632.663391,1677.481201,0.5734509366,0.8172200608,0.0574925695,,,,
23209,0.0,2141.280273,-632.304504,1677.39856,0.5727343124,0.8176632753,0.0583281724,,,,
23210,0.0,2142.560303,-631.940125,1677.316406,0.5698037193,0.8196995522,0.058449684,,,,
23211,0.0,2144.233643,-631.479858,1677.209351,0.5666559649,0.8218787331,0.058449684,,,,
23212,0.0,2145.670166,-631.0495,1677.115723,0.5595535261,0.8266723081,0.0592684272,,,,
23213,0.0,2147.324707,-630.571472,1677.008911,0.5522019618,0.8315911447,0.0594067447,,,,
23214,0.0,2148.789307,-630.165283,1676.914429,0.5468400536,0.8351268122,0.0594067621,,,,
23215,0.0,2150.340332,-629.755127,1676.815063,0.542720086,0.837747064,0.0602890126,,,,
23216,0.0,2153.484375,-628.99939,1676.708374,0.5409014495,0.8389170623,0.0603637682,,,,
23217,0.0,2155.084229,-628.448975,1676.686646,0.5407961702,0.838984933,0.0603637682,,,,
23218,0.0,2156.650391,-627.705811,1676.70105,0.5407961702,0.838984933,0.0603637682,,,,
23219,0.0,2158.246094,-626.796936,1676.701416,0.5407961702,0.838984933,0.0603637682,,,,
23220,0.0,2159.362061,-625.997925,1676.701416,0.5394072836,0.8398785601,0.0603637857,,,,
23221,0.0,2161.096191,-624.661743,1676.701416,0.5376103392,0.8410299273,0.0603637682,,,,
23222,0.0,2162.500732,-623.428894,1676.701416,0.5351419328,0.8425364627,0.061281488,,,,
23223,0.0,2163.788086,-622.189758,1676.701416,0.532021072,0.8445077538,0.0613207363,,,,
23224,0.0,2165.089355,-620.846313,1676.701416,0.5279675748,0.8469822605,0.0622196935,,,,
23225,0.0,2166.292236,-619.467224,1676.701416,0.5195289419,0.8521802468,0.062277648,,,,
23226,0.0,2167.403076,-617.956482,1676.701416,0.4988030933,0.8643449596,0.0640567321,,,,
23227,0.0,2168.2146,-616.450745,1676.701416,0.4573028478,0.8868017733,0.0667586717,,,,
23228,0.0,2168.989258,-614.735413,1676.701416,0.3989903721,0.9144303124,0.0679991663,,,,
23229,0.0,2168.861328,-610.308716,1674.523438,0.3378503645,0.9386914184,0.0686698782,,,,
23230,0.0,2169.629883,-608.394592,1674.310669,0.2299023956,0.9707664142,0.0689743255,,,,
23231,0.0,2169.833252,-606.292114,1674.221436,0.0734124493,0.9950169102,0.0674682202,,,,
23232,0.0,2168.517578,-604.140808,1674.079834,-0.1788909147,0.9818799153,0.0625289733,,,,
23233,0.0,2166.179688,-601.261658,1673.828491,-0.4428850852,0.8952908448,0.0480323282,,,,
23234,0.0,2161.831543,-601.838745,1673.599976,-0.8115279697,0.5841328725,0.014530716,,,,
23235,0.0,2160.609131,-602.072449,1673.471924,-0.91328067,0.4073300503,-0.0008049632,,,,
23236,0.0,2160.236816,-601.160889,1673.594238,-0.9652622826,0.2609443324,-0.0132959104,,,,
23353,0.0,-205.231735,400.957153,1675.501465,1.0,0.0,0.0,,,,
23354,0.0,-205.397812,399.936707,1675.550659,1.0,0.0,0.0,,,,
23355,0.0,-205.13504,402.927246,1675.550781,0.8516779153,-0.5240567932,0.003034163,,,,
23356,0.0,-205.374451,402.764832,1675.550781,0.5423002654,-0.8401474094,0.0079216525,,,,
23357,0.0,-205.48613,401.703949,1675.539307,-0.1441654267,-0.9893945349,0.017742156,,,,
23358,0.0,-216.347626,394.515656,1676.929565,-0.6369511748,-0.7705246151,0.024187154,,,,
23359,0.0,-218.840744,396.539062,1675.873169,-0.9616396695,-0.2729057034,0.0277781062,,,,
23360,0.0,-220.578247,394.696777,1674.976562,-0.9646454237,-0.2620808581,0.0277998271,,,,
23361,0.0,-222.086243,394.287201,1674.812866,-0.9646454237,-0.2620808581,0.0277998271,,,,
23362,0.0,-223.332161,393.9487765,1674.81134,-0.9646454237,-0.2620808581,0.0277998271,,,,
23363,0.0,-226.132889,393.18808,1674.803833,-0.9646454237,-0.2620808581,0.0277998271,,,,
23364,0.0,-227.794693,392.736755,1674.81543,-0.9646454237,-0.2620808581,0.0277998271,,,,
23365,0.0,-228.89431,392.4380795,1674.824585,-0.9646454237,-0.2620808581,0.0277998271,,,,
23366,0.0,-231.297348,391.78537,1674.916748,-0.9646454237,-0.2620808581,0.0277998271,,,,
23367,0.0,-232.819885,391.371826,1675.066895,-0.9646454237,-0.2620808581,0.0277998271,,,,
23368,0.0,-233.80571,391.104095,1675.205444,-0.9646454237,-0.2620808581,0.0277998271,,,,
23369,0.0,-235.163116,390.735382,1675.381104,-0.9646454237,-0.2620808581,0.0277998271,,,,
23370,0.0,-235.886734,390.538849,1675.500366,-0.9646454237,-0.2620808581,0.0277998271,,,,
23371,0.0,-224.759399,388.374969,1676.07605,0.8666202913,-0.4989604623,0.0027798696,,,,
23372,0.0,-222.677185,391.909698,1676.015625,1.0,0.0,0.0,,,,
23373,0.0,-223.440964,391.703735,1675.91394,1.0,0.0,0.0,,,,
23374,0.0,-223.842834,391.576508,1675.817383,1.0,0.0,0.0,,,,
23375,0.0,-224.426056,391.438843,1675.797485,1.0,0.0,0.0,,,,
23376,0.0,-225.01239,391.331482,1675.931274,1.0,0.0,0.0,,,,
23377,0.0,-225.252335,391.249481,1675.826782,1.0,0.0,0.0,,,,
23378,0.0,-225.150406,391.207397,1675.53418,1.0,0.0,0.0,,,,
23379,0.0,-226.944275,391.183502,1677.498169,1.0,0.0,0.0,,,,
23380,0.0,-227.016052,391.172668,1677.566895,1.0,0.0,0.0,,,,
23381,0.0,-227.700424,391.173645,1677.824219,1.0,0.0,0.0,,,,
23382,0.0,-227.636368,391.162567,1677.84668,0.9999923196,-0.0017528574,-0.0035054517,,,,
23383,0.0,-227.676544,391.116699,1677.896362,0.9999083228,-0.0090476929,-0.0100739922,,,,
23384,0.0,-227.782349,391.110229,1677.997437,0.9998769348,-0.0102512313,-0.0118754996,,,,
23385,0.0,-227.844269,391.109039,1678.084717,0.9998486497,-0.0105448246,-0.0138377853,,,,
23386,0.0,-227.854889,391.109161,1678.127319,0.9998293993,-0.0105446216,-0.0151651954,,,,
23387,0.0,-228.034225,391.111053,1678.364136,0.9998140094,-0.0105444593,-0.0161480966,,,,
23388,0.0,-228.020447,391.116028,1678.377563,0.999805911,-0.009686885,-0.0171553086,,,,
23389,0.0,-228.11557,391.224579,1678.522705,0.9997975328,-0.0086964113,-0.018145681,,,,
23390,0.0,-228.170959,391.422363,1678.625366,0.9997746191,-0.0086269328,-0.0193981179,,,,
23391,0.0,-228.329681,391.783081,1678.859375,0.9997551677,-0.0082120073,-0.0205467167,,,,
23392,0.0,-228.421814,392.07489,1679.075928,0.9997497679,-0.0077887645,-0.0209699028,,,,
23393,0.0,-228.429718,392.21402,1679.087158,0.9997481601,-0.0076681205,-0.0210906703,,,,
23394,0.0,-228.49231,392.43335,1679.236206,0.9997481601,-0.0076681205,-0.0210906703,,,,
23395,0.0,-228.502136,392.584473,1679.239136,0.9997481601,-0.0076681205,-0.0210906703,,,,
23396,0.0,-228.546387,392.758362,1679.350586,0.9997481601,-0.0076681205,-0.0210906703,,,,
23397,0.0,-228.575806,392.904083,1679.539307,0.9997481601,-0.0076681205,-0.0210906703,,,,
23398,0.0,-228.566086,393.039551,1679.610107,0.9997481601,-0.0076681205,-0.0210906703,,,,
23399,0.0,-228.597488,393.157013,1679.605591,0.9997481601,-0.0076681205,-0.0210906703,,,,
23400,0.0,-228.4832,393.281525,1679.674683,0.9997481601,-0.0076681205,-0.0210906703,,,,
23401,0.0,-228.487289,393.619476,1679.470947,0.9997619624,-0.0076680693,-0.0204259479,,,,
23402,0.0,-228.688629,393.626129,1679.172974,0.9997679205,-0.0076682721,-0.0201321298,,,,
23403,0.0,-228.744682,393.6648405,1679.0683595,0.9997679205,-0.0076682721,-0.0201321298,,,,
23404,0.0,-228.800735,393.703552,1678.963745,0.9997679205,-0.0076682721,-0.0201321298,,,,
23405,0.0,-228.183533,394.401306,1678.221313,0.9997601091,-0.0086267902,-0.0201321298,,,,
23406,0.0,-228.388138,393.81897,1678.223389,0.9997601091,-0.0086267902,-0.0201321298,,,,
23407,0.0,-227.158234,394.229187,1677.024414,0.9997601091,-0.0086267902,-0.0201321298,,,,
23408,0.0,-226.506317,393.989868,1676.446899,0.9997601091,-0.0086267902,-0.0201321298,,,,
23409,0.0,-226.602173,393.094666,1676.50293,0.9997601091,-0.0086267902,-0.0201321298,,,,
23410,0.0,-225.619385,393.107391,1675.703613,0.9997601091,-0.0086267902,-0.0201321298,,,,
23411,0.0,-225.397827,392.384735,1675.459473,0.9997601091,-0.0086267902,-0.0201321298,,,,
23412,0.0,-225.377213,391.679565,1675.384888,0.9997601091,-0.0086267902,-0.0201321298,,,,
23413,0.0,-225.873764,390.216278,1675.379272,0.9997686871,-0.0086268817,-0.0197015028,,,,
23414,0.0,-225.842361,389.326233,1675.363525,0.9997761196,-0.0086269458,-0.0193206223,,,,
23415,0.0,-225.716156,388.117523,1675.325806,0.999821003,-0.0045645246,-0.0183610187,,,,
23416,0.0,-224.090332,388.272644,1674.500488,0.999834083,-0.0001497768,-0.0182149417,,,,
23417,0.0,-225.199387,386.376678,1675.229614,0.9998338695,0.0006702522,-0.0182149417,,,,
23418,0.0,-224.315643,384.60498,1675.206421,0.9998323622,0.0018609965,-0.0182149417,,,,
23419,0.0,-223.608795,383.476166,1675.189087,0.9998261337,0.0039896911,-0.0182149591,,,,
23420,0.0,-222.688599,382.307068,1675.185425,0.9998141077,0.0072567299,-0.0178630882,,,,
23421,0.0,-221.453339,380.46994,1675.083984,0.9997946179,0.0103561787,-0.0174204369,,,,
23422,0.0,-219.848419,378.23996,1674.954834,0.9997550344,0.013859246,-0.0172566623,,,,
23423,0.0,-218.492508,376.409119,1675.004395,0.9997211269,0.016120671,-0.0172566623,,,,
23424,0.0,-216.734055,373.860901,1674.987305,0.9996725174,0.0188961787,-0.0172566623,,,,
23425,0.0,-214.952988,371.60434,1674.883789,0.9996075625,0.0214503612,-0.0180167397,,,,
23426,0.0,-213.128326,369.641479,1674.951172,0.9995162221,0.0245775742,-0.0190594994,,,,
23427,0.0,-210.815689,367.627838,1675.182251,0.9994312671,0.0271991756,-0.0199335686,,,,
23428,0.0,-209.405121,366.158203,1675.312744,0.9993421712,0.0297250557,-0.0207760913,,,,
23429,0.0,-207.840149,364.87738,1675.534424,0.9992710193,0.0316108441,-0.0214052472,,,,
23430,0.0,-204.725861,363.08847,1675.739868,0.9991974031,0.03346,-0.0220222152,,,,
23431,0.0,-203.102356,362.168671,1675.854248,0.9991308424,0.0353749241,-0.022049366,,,,
23432,0.0,-201.068481,361.823639,1675.974731,0.999051822,0.03754041,-0.022049366,,,,
23433,0.0,-198.261734,361.199524,1676.187988,0.9990218128,0.0383308059,-0.0220491915,,,,
23434,0.0,-196.615051,361.271973,1676.246216,0.9990218128,0.0383308059,-0.0220491915,,,,
23435,0.0,-194.044998,361.60141,1676.302856,0.9990218128,0.0383308059,-0.0220491915,,,,
23436,0.0,-191.741333,361.821228,1676.029541,0.9990583791,0.0373655015,-0.022049366,,,,
23437,0.0,-188.800354,362.476685,1675.676147,0.9991249329,0.0355414402,-0.022049366,,,,
23438,0.0,-186.733429,362.612793,1675.088867,0.9994544501,0.0245891634,-0.0220493834,,,,
23439,0.0,-182.725433,363.759735,1674.050415,0.9978064825,-0.0601678335,-0.02760535,,,,
23440,0.0,-181.5757445,364.240814,1674.0515135,0.9941463118,-0.0972711015,-0.0286412488,,,,
23441,0.0,-178.959961,366.302429,1674.072021,0.9832449248,-0.1797316045,-0.0304297251,,,,
23442,0.0,-177.951187,367.575897,1674.123718,0.9675529318,-0.2424271318,-0.0298855478,,,,
23443,0.0,-175.711487,370.594116,1674.267822,0.9169734542,-0.3979515017,-0.0281830908,,,,
23444,0.0,-174.498871,372.53894,1674.459473,0.8700391491,-0.4923232695,-0.0254887678,,,,
23445,0.0,-174.0111695,373.76416,1674.633667,0.8355517796,-0.5452584884,-0.0234693513,,,,
23446,0.0,-173.119812,376.679169,1675.053223,0.7611261484,-0.6482825074,-0.0204151116,,,,
23447,0.0,-172.913681,378.817017,1675.342407,0.7128722736,-0.7010227571,-0.0194991184,,,,
23448,0.0,-172.830399,381.844086,1675.664917,0.6613449464,-0.7498368031,-0.0191736928,,,,
23449,0.0,-172.989487,383.411133,1675.83313,0.6461823797,-0.7629585924,-0.0185072525,,,,
23450,0.0,-172.914459,386.794464,1675.993774,0.6239744513,-0.7812535993,-0.0172828733,,,,
23451,0.0,-172.877289,388.675385,1676.218384,0.6169266629,-0.786847777,-0.0164944984,,,,
23452,0.0,-172.656723,390.661682,1676.423218,0.6130279186,-0.7899072289,-0.0155993819,,,,
23453,0.0,-172.494186,392.274994,1676.4646,0.6107157757,-0.7917132733,-0.0147083017,,,,
23454,0.0,-172.822861,394.800476,1676.892944,0.6077521834,-0.7939965226,-0.0143807381,,,,
23455,0.0,-172.314423,395.878815,1674.5354,0.6029495167,-0.7976750741,-0.0128979222,,,,
23456,0.0,-172.241928,398.100311,1674.52478,0.5925398682,-0.8054585646,-0.0115327928,,,,
23457,0.0,-172.240204,399.277344,1674.535889,0.5834899953,-0.8120502348,-0.0106696585,,,,
23458,0.0,-172.274246,400.974976,1674.511841,0.5732299356,-0.8193371218,-0.0097016444,,,,
23459,0.0,-172.414429,401.984528,1674.545532,0.5611975403,-0.827630401,-0.0092325559,,,,
23460,0.0,-172.792023,402.806183,1674.798706,0.5435580162,-0.8393269211,-0.0086604075,,,,
23461,0.0,-173.740738,404.068207,1675.108887,0.5218181825,-0.8530207016,-0.0078400958,,,,
23462,0.0,-174.734436,405.088776,1675.529785,0.4983503068,-0.866947642,-0.006982674,,,,
23463,0.0,-175.608643,405.525269,1675.993896,0.4672044241,-0.8841238516,-0.0067112642,,,,
23464,0.0,-176.651855,405.453125,1675.755737,0.4240640479,-0.9056135597,-0.0058106571,,,,
23465,0.0,-177.515549,405.358948,1675.407837,0.3981406203,-0.9173103689,-0.0050728301,,,,
23466,0.0,-178.599075,405.118073,1675.183838,0.3628691328,-0.9318331463,-0.0036027707,,,,
23467,0.0,-179.938797,404.250305,1674.754883,0.3119624029,-0.9500922023,-0.0020655259,,,,
23468,0.0,-180.867966,403.709839,1674.465088,0.2890569648,-0.9573110113,-0.0013033592,,,,
23469,0.0,-182.540268,403.471832,1674.584961,0.2636132634,-0.9646284477,-7.30246e-05,,,,
23470,0.0,-183.580399,403.305756,1674.745361,0.2559548706,-0.9666884644,0.0007190581,,,,
23471,0.0,-184.675842,403.046509,1674.919678,0.2526537376,-0.967555481,0.0015748099,,,,
23472,0.0,-186.175186,402.359955,1675.11145,0.2528358801,-0.9675051539,0.0027919472,,,,
23473,0.0,-186.945435,401.874054,1675.191895,0.257740596,-0.9662046188,0.0042918387,,,,
23474,0.0,-188.09761,401.076447,1675.296265,0.2635118154,-0.9646375811,0.005988346,,,,
23475,0.0,-189.579285,399.907501,1675.492798,0.2750476614,-0.9614008001,0.0075687226,,,,
23476,0.0,-190.380508,399.165924,1675.547485,0.2817307882,-0.9594574236,0.0083195744,,,,
23477,0.0,-191.360626,397.694366,1675.700684,0.2914014635,-0.9565619349,0.008628539,,,,
23478,0.0,-192.011368,395.986084,1675.734497,0.3075308886,-0.9514805658,0.0104635292,,,,
23479,0.0,-192.214203,394.93222,1675.651978,0.3199932326,-0.9473321103,0.0128920061,,,,
23480,0.0,-192.685532,390.657043,1675.359741,0.355211032,-0.9345375031,0.0215587135,,,,
23481,0.0,-192.664474,388.545502,1675.313721,0.3644791243,-0.9308702743,0.0252091338,,,,
23482,0.0,-192.637283,387.206772,1675.3023685,0.365207809,-0.9305750492,0.0255460818,,,,
23483,0.0,-192.610092,385.868042,1675.291016,0.3659364936,-0.9302798242,0.0258830298,,,,
23484,0.0,-192.542465,383.737915,1675.283691,0.3634757183,-0.9312192295,0.0267609577,,,,
23485,0.0,-192.751755,380.27652,1675.252808,0.3320760142,-0.9428334137,0.0281189405,,,,
23486,0.0,-193.012581,378.915985,1675.3272095,0.3168263958,-0.9479212586,0.0284217113,,,,
23487,0.0,-193.273407,377.55545,1675.401611,0.3015767775,-0.9530091035,0.0287244821,,,,
23488,0.0,-194.806244,374.416351,1675.67334,0.2269696351,-0.9734771453,0.0287581705,,,,
23489,0.0,-195.2738495,373.728958,1675.7524415,0.2093118177,-0.977259141,0.0287581705,,,,
23490,0.0,-195.741455,373.041565,1675.831543,0.1916540003,-0.9810411367,0.0287581705,,,,
23491,0.0,-197.256226,369.74939,1675.817505,0.1553071749,-0.9874475424,0.0287581705,,,,
23492,0.0,-197.982727,368.287415,1675.755493,0.1516002693,-0.988023444,0.0287581705,,,,
23493,0.0,-198.618195,366.716156,1675.782227,0.1509711162,-0.988119775,0.0287581705,,,,
23494,0.0,-199.447098,364.817505,1675.73999,0.1505382113,-0.9881858199,0.0287581705,,,,
23495,0.0,-200.337204,363.008972,1675.686279,0.148887524,-0.9884358719,0.0287581705,,,,
23496,0.0,-201.301895,361.237732,1675.727661,0.1425691538,-0.9893533142,0.0292242392,,,,
23497,0.0,-202.167969,359.620453,1675.844849,0.1378454095,-0.9900116209,0.0295911058,,,,
23498,0.0,-203.346802,357.463959,1675.907227,0.1260748415,-0.9915755461,0.0297165049,,,,
23499,0.0,-204.561264,355.264008,1675.97998,0.1156701827,-0.9928701396,0.0287974765,,,,
23500,0.0,-205.206894,354.000031,1675.984375,0.1113355518,-0.9933666808,0.0287581705,,,,
23501,0.0,-206.573898,351.677094,1676.032471,0.1052115289,-0.9940339541,0.0287581705,,,,
23502,0.0,-207.80191,349.765533,1676.055054,0.0964379442,-0.9949234596,0.0287581705,,,,
23503,0.0,-209.276306,347.630676,1676.098633,0.086158471,-0.995866299,0.0287581705,,,,
23504,0.0,-210.165405,346.366547,1676.108276,0.0823173888,-0.9961911539,0.0287581705,,,,
23505,0.0,-211.452209,344.46814,1676.149048,0.0785059883,-0.9964987594,0.0287581705,,,,
23506,0.0,-212.725418,342.658691,1676.124023,0.0789173415,-0.9964662668,0.0287581705,,,,
23507,0.0,-214.022797,340.992584,1676.125122,0.0817439232,-0.9962383744,0.0287581705,,,,
23508,0.0,-215.744629,338.583374,1676.151367,0.0828015497,-0.9961510282,0.0287581705,,,,
23509,0.0,-216.825027,337.215027,1676.199341,0.0828015497,-0.9961510282,0.0287581705,,,,
23510,0.0,-218.512909,334.879547,1676.201904,0.0828015497,-0.9961510282,0.0287581705,,,,
23511,0.0,-219.292221,333.961548,1676.320068,0.0828015497,-0.9961510282,0.0287581705,,,,
23512,0.0,-221.169495,331.516357,1676.506226,0.0828015497,-0.9961510282,0.0287581705,,,,
23513,0.0,-222.324341,330.006958,1676.491577,0.0828015497,-0.9961510282,0.0287581705,,,,
23514,0.0,-223.920837,327.924774,1676.874756,0.0828015497,-0.9961510282,0.0287581705,,,,
23515,0.0,-225.444305,325.897888,1677.239502,0.0828015497,-0.9961510282,0.0287581705,,,,
23516,0.0,-226.506104,324.494019,1677.585815,0.0828015497,-0.9961510282,0.0287581705,,,,
23517,0.0,-228.173462,322.305786,1678.188965,0.0828015497,-0.9961510282,0.0287581705,,,,
23518,0.0,-229.573395,320.487488,1678.537109,0.0828015497,-0.9961510282,0.0287581705,,,,
23519,0.0,-231.618408,318.6362,1678.948486,0.0828015497,-0.9961510282,0.0287581705,,,,
23520,0.0,-232.967194,316.825439,1679.305542,0.0828015497,-0.9961510282,0.0287581705,,,,
23521,0.0,-233.832321,315.618774,1679.54187,0.0828015497,-0.9961510282,0.0287581705,,,,
23522,0.0,-235.664688,313.49176,1679.877563,0.0828015497,-0.9961510282,0.0287581705,,,,
23523,0.0,-237.442184,311.403931,1680.171021,0.0828015497,-0.9961510282,0.0287581705,,,,
23524,0.0,-238.864517,309.700745,1680.421509,0.0828015497,-0.9961510282,0.0287581705,,,,
23525,0.0,-240.778793,306.956665,1680.656982,0.0828015497,-0.9961510282,0.0287581705,,,,
23526,0.0,-241.650482,305.324493,1680.72876,0.0828015497,-0.9961510282,0.0287581705,,,,
23527,0.0,-244.18338,299.740631,1681.136963,0.0828015497,-0.9961510282,0.0287581705,,,,
23528,0.0,-244.808754,297.8577425,1681.3776855,0.0828015497,-0.9961510282,0.0287581705,,,,
23529,0.0,-246.322968,293.420227,1681.913086,0.0828015497,-0.9961510282,0.0287581705,,,,
23530,0.0,-247.295105,290.147766,1682.314331,0.0828015497,-0.9961510282,0.0287581705,,,,
23531,0.0,-247.981094,287.238007,1682.747314,0.0828015497,-0.9961510282,0.0287581705,,,,
23532,0.0,-248.859756,283.419403,1683.570801,0.0828015497,-0.9961510282,0.0287581705,,,,
23533,0.0,-249.603058,279.939636,1684.252563,0.0828015497,-0.9961510282,0.0287581705,,,,
23534,0.0,-249.922699,277.957703,1684.849609,0.0828015497,-0.9961510282,0.0287581705,,,,
23535,0.0,-250.472031,273.880951,1685.992065,0.0828015497,-0.9961510282,0.0287581705,,,,
23536,0.0,-250.946625,270.006317,1687.107056,0.0828015497,-0.9961510282,0.0287581705,,,,
23537,0.0,-251.091232,267.365204,1688.251099,0.0828015497,-0.9961510282,0.0287581705,,,,
23538,0.0,-251.430252,263.418274,1689.188965,0.0828015497,-0.9961510282,0.0287581705,,,,
23539,0.0,-251.579025,259.88797,1690.167847,0.0828015497,-0.9961510282,0.0287581705,,,,
23540,0.0,-255.939133,254.883789,1690.212646,0.0828015497,-0.9961510282,0.0287581705,,,,
23541,0.0,-255.918045,252.273224,1690.743774,0.0949196127,-0.9951384667,0.026262126,,,,
23542,0.0,-255.844345,247.586807,1691.67395,0.1143549421,-0.993190708,0.022252298,,,,
23543,0.0,-255.629333,244.494339,1692.285278,0.1410050718,-0.9897633065,0.0220491915,,,,
23544,0.0,-255.125015,240.69136,1693.057861,0.1957074682,-0.9802833438,0.0272608295,,,,
23545,0.0,-254.74086,237.523224,1693.724609,0.2571081881,-0.9657721872,0.0343432972,,,,
23546,0.0,-254.512573,234.477112,1694.376831,0.3182626308,-0.9471282738,0.0407054145,,,,
23547,0.0,-254.352173,230.683243,1695.221924,0.408325525,-0.9114832674,0.049684192,,,,
23548,0.0,-254.394394,228.000809,1695.81543,0.4645189729,-0.8840020074,0.0525602012,,,,
23549,0.0,-254.631287,224.191559,1696.637329,0.5216580992,-0.8513471599,0.0555053234,,,,
23550,0.0,-254.861267,221.306641,1697.271851,0.5701392448,-0.8195553665,0.0571860364,,,,
23551,0.0,-255.212921,217.695145,1698.073486,0.6314960818,-0.7729581953,0.0612235822,,,,
23552,0.0,-255.552612,214.332062,1698.775391,0.6629522982,-0.7458405863,0.0649312723,,,,
23553,0.0,-255.901459,210.669754,1699.527344,0.6899758823,-0.7206358303,0.0679505843,,,,
23554,0.0,-256.106903,207.499741,1700.157715,0.7082493605,-0.7024400353,0.070433232,,,,
23555,0.0,-256.270111,204.477737,1700.750366,0.7202652343,-0.6899487246,0.0720329756,,,,
23556,0.0,-256.541779,199.964859,1701.637085,0.7318377907,-0.6774956482,0.0735737366,,,,
23557,0.0,-256.688019,196.580566,1702.30188,0.7424746208,-0.6657242996,0.0744486028,,,,
23558,0.0,-256.808044,192.424194,1703.112671,0.7515279982,-0.6553595417,0.0755614924,,,,
23559,0.0,-256.887878,188.694626,1703.841187,0.7588445179,-0.6468611653,0.0756678963,,,,
23560,0.0,-256.92157,185.079559,1704.544434,0.7643469542,-0.6402539343,0.076476357,,,,
23561,0.0,-256.862122,178.328934,1705.845215,0.7692658192,-0.6343176522,0.076623857,,,,
23562,0.0,-256.8110505,175.8119125,1706.328308,0.7699539878,-0.6334210184,0.0771177586,,,,
23563,0.0,-256.759979,173.294891,1706.811401,0.7706421564,-0.6325243845,0.0776116601,,,,
23564,0.0,-256.634674,169.502121,1707.536865,0.7706749627,-0.6324765965,0.0776753289,,,,
23565,0.0,-256.477692,165.562653,1708.291748,0.7712596231,-0.6317635136,0.0776753289,,,,
23566,0.0,-256.148468,158.881622,1709.572632,0.7723184574,-0.6304686719,0.0776753115,,,,
23567,0.0,-255.932068,155.391983,1710.239136,0.772723829,-0.6299717672,0.0776753289,,,,
23568,0.0,-255.7760775,152.8038485,1710.735901,0.7729069307,-0.6297470411,0.0776753289,,,,
23569,0.0,-255.406387,147.041855,1711.84082,0.7730948118,-0.6295164455,0.0776753289,,,,
23570,0.0,-255.132996,143.345306,1712.548096,0.7730948118,-0.6295164455,0.0776753289,,,,
23571,0.0,-254.962944,141.13459,1712.9713745,0.7730948118,-0.6295164455,0.0776753289,,,,
23572,0.0,-254.483398,135.078659,1714.128296,0.7718977248,-0.6308718278,0.0785788732,,,,
23573,0.0,-254.157455,131.089844,1714.878906,0.766446263,-0.6374772699,0.0786311407,,,,
23574,0.0,-253.860886,127.131989,1715.595459,0.7491289816,-0.657740764,0.0786311407,,,,
23575,0.0,-253.661118,123.898285,1716.14978,0.7228616999,-0.6866681084,0.0771872513,,,,
23576,0.0,-253.47612,120.135536,1716.807739,0.6954371706,-0.7145893962,0.0756910601,,,,
23577,0.0,-253.609833,117.028008,1717.263916,0.6293504776,-0.773337048,0.0766014781,,,,
23578,0.0,-253.87706,114.191879,1717.718262,0.5751586232,-0.8145321904,0.0756958982,,,,
23579,0.0,-254.407639,111.365013,1718.173218,0.5060229925,-0.8591944501,0.0756678789,,,,
23580,0.0,-255.073883,108.880714,1718.579224,0.4368331479,-0.8961494198,0.0780577875,,,,
23581,0.0,-255.790787,106.123138,1719.057983,0.3717279891,-0.9248614221,0.0803097258,,,,
23582,0.0,-257.031403,103.509232,1719.498291,0.255935206,-0.9629101323,0.0854473373,,,,
23583,0.0,-257.499023,101.215164,1719.947144,0.1543174576,-0.9840993597,0.0879464182,,,,
23584,0.0,-257.985748,99.270317,1720.327881,0.0545627487,-0.9944825724,0.0895953099,,,,
23585,0.0,-259.695587,96.950073,1720.804199,-0.0571291262,-0.9942933006,0.0900949236,,,,
23586,0.0,-261.242828,95.081108,1721.206665,-0.1467429205,-0.9849929198,0.0908595797,,,,
23587,0.0,-262.773773,93.157013,1721.63208,-0.2301165687,-0.9688519553,0.0915000197,,,,
23588,0.0,-264.10202,91.132736,1722.074219,-0.2922053695,-0.9519262262,0.0919373805,,,,
23589,0.0,-265.281433,89.254242,1722.48584,-0.3424806639,-0.9348925899,0.0931817585,,,,
23590,0.0,-266.43454,87.399261,1722.895508,-0.3891027295,-0.9163293381,0.0945495112,,,,
23591,0.0,-267.495209,85.401581,1723.322144,-0.4228258628,-0.9010868967,0.0962325017,,,,
23592,0.0,-268.741638,83.016701,1723.827637,-0.4570128703,-0.8839790096,0.0985918203,,,,
23593,0.0,-269.648346,81.204277,1724.206055,-0.4757786729,-0.8738302695,0.100276191,,,,
23594,0.0,-270.741852,78.894196,1724.678711,-0.4917649688,-0.8646870896,0.1023887326,,,,
23595,0.0,-271.728088,77.102341,1725.056274,-0.5122532177,-0.8524731364,0.1043369193,,,,
23596,0.0,-272.793549,75.105003,1725.472412,-0.5296898213,-0.8415439813,0.1059831156,,,,
23597,0.0,-274.065674,73.035576,1725.691772,-0.5581300809,-0.8226981051,0.1079751854,,,,
23598,0.0,-275.143036,71.299911,1725.707031,-0.5794618797,-0.8077822507,0.1082209106,,,,
23599,0.0,-276.691498,69.111031,1725.701294,-0.614508089,-0.7813243607,0.1091423469,,,,
23600,0.0,-277.95343,67.26577,1725.701294,-0.6365843501,-0.7633103404,0.1100803775,,,,
23601,0.0,-279.116608,65.788132,1725.701294,-0.6603165952,-0.7427572264,0.1108769439,,,,
23602,0.0,-280.466919,64.015488,1725.701294,-0.6837033303,-0.7212565689,0.111079782,,,,
23603,0.0,-281.734406,62.380665,1725.701294,-0.7014044051,-0.7040547893,0.1110797646,,,,
23604,0.0,-283.343567,60.218407,1725.701294,-0.7170365112,-0.6881278396,0.111079782,,,,
23605,0.0,-286.071564,56.674625,1725.701294,-0.7309299461,-0.6733518395,0.1110797646,,,,
23606,0.0,-286.8457795,55.7396965,1725.701294,-0.7311743544,-0.6730863386,0.1110797646,,,,
23607,0.0,-287.619995,54.804768,1725.701294,-0.7314187627,-0.6728208376,0.1110797646,,,,
23608,0.0,-290.531647,51.339672,1725.701294,-0.7314187627,-0.6728208376,0.1110797646,,,,
23609,0.0,-291.430466,50.3389375,1725.701294,-0.7314187627,-0.6728208376,0.1110797646,,,,
23610,0.0,-287.667816,47.890541,1727.544678,-0.7314187627,-0.6728208376,0.1110797646,,,,
23611,0.0,-289.641144,46.094269,1727.499878,-0.7314187627,-0.6728208376,0.1110797646,,,,
23612,0.0,-291.286774,44.330494,1727.508057,-0.7314187627,-0.6728208376,0.1110797646,,,,
23613,0.0,-293.046997,42.500397,1727.257812,-0.7314187627,-0.6728208376,0.1110797646,,,,
23614,0.0,-294.780914,40.894421,1726.963501,-0.7314187627,-0.6728208376,0.1110797646,,,,
23615,0.0,-295.836578,40.235199,1726.657349,-0.7314187627,-0.6728208376,0.1110797646,,,,
23616,0.0,-298.260376,38.512508,1726.41626,-0.7314187627,-0.6728208376,0.1110797646,,,,
23617,0.0,-300.331329,37.192394,1725.7854,-0.7314187627,-0.6728208376,0.1110797646,,,,
23618,0.0,-301.666107,36.482914,1725.585083,-0.731027719,-0.6733537485,0.1104228399,,,,
23619,0.0,-303.606659,35.628963,1725.374512,-0.730593864,-0.6738728867,0.11012692,,,,
23620,0.0,-305.934937,34.636276,1725.276855,-0.7302606961,-0.6742339216,0.1101269026,,,,
23621,0.0,-307.437195,34.068951,1725.004272,-0.730205208,-0.6742940128,0.11012692,,,,
23622,0.0,-310.036316,33.305096,1724.643433,-0.730205208,-0.6742940128,0.11012692,,,,
23623,0.0,-312.10675,32.726566,1724.338867,-0.730205208,-0.6742940128,0.11012692,,,,
23624,0.0,-314.27533,32.203354,1724.398071,-0.730205208,-0.6742940128,0.11012692,,,,
23625,0.0,-316.355591,31.77145,1724.503784,-0.730205208,-0.6742940128,0.11012692,,,,
23626,0.0,-318.600494,31.309828,1724.711792,-0.730205208,-0.6742940128,0.11012692,,,,
23627,0.0,-320.429108,31.035362,1724.843262,-0.730205208,-0.6742940128,0.11012692,,,,
23628,0.0,-322.912689,30.676853,1725.07251,-0.730205208,-0.6742940128,0.11012692,,,,
23629,0.0,-325.091156,30.276688,1725.380127,-0.730205208,-0.6742940128,0.11012692,,,,
23630,0.0,-327.62674,29.948786,1725.667114,-0.7296267119,-0.6749199409,0.1101269026,,,,
23631,0.0,-329.697723,29.696966,1725.98645,-0.7292538124,-0.6753228431,0.1101269026,,,,
23632,0.0,-332.403534,29.392221,1726.446655,-0.728917944,-0.6756853502,0.11012692,,,,
23633,0.0,-334.606598,29.172354,1726.833496,-0.7277026736,-0.6769940032,0.11012692,,,,
23634,0.0,-336.31485,29.004335,1727.338257,-0.7259119762,-0.6789137441,0.1101268853,,,,
23635,0.0,-339.192841,28.748716,1727.893677,-0.7208081406,-0.6843301001,0.11012692,,,,
23636,0.0,-341.817169,28.500103,1727.825562,-0.7106571961,-0.6948657532,0.1101269026,,,,
23637,0.0,-343.878571,28.2736,1728.172729,-0.7012601778,-0.7043480875,0.1101269026,,,,
23638,0.0,-346.290588,28.000055,1728.324219,-0.679637204,-0.7251735147,0.1105289308,,,,
23639,0.0,-349.237854,27.720869,1728.441895,-0.654891494,-0.7475168969,0.1110658364,,,,
23640,0.0,-350.841278,27.496937,1728.565796,-0.6100357586,-0.7843665665,0.1123630838,,,,
23641,0.0,-353.258453,27.009892,1728.580078,-0.5357441462,-0.8365943063,0.1144035685,,,,
23642,0.0,-355.792328,26.25548,1728.647705,-0.4036105362,-0.9076887027,0.1148901827,,,,
23643,0.0,-357.623108,25.591312,1728.805176,-0.247328632,-0.9623444185,0.1127908153,,,,
23644,0.0,-358.985077,24.667294,1728.681274,-0.048956628,-0.9930920773,0.106636647,,,,
23645,0.0,-360.005676,23.950768,1728.811768,0.1581158763,-0.9823888064,0.0995570322,,,,
23646,0.0,-360.601318,23.465052,1728.828857,0.27207327,-0.9571019676,0.0996592166,,,,
23647,0.0,-362.028778,22.395452,1728.70813,0.4196345891,-0.9020166292,0.101354883,,,,
23648,0.0,-363.461914,21.494957,1728.716431,0.4915411707,-0.8644090084,0.1057560574,,,,
23649,0.0,-364.626251,20.368664,1728.328125,0.5222605685,-0.845804842,0.1088947555,,,,
23650,0.0,-366.499115,18.832148,1728.181763,0.5220540466,-0.845912905,0.1090455388,,,,
23651,0.0,-367.6345675,17.8245215,1727.928528,0.5140296265,-0.8508090111,0.1086695224,,,,
23652,0.0,-370.202362,15.842978,1727.881714,0.4816339341,-0.869879221,0.1064842449,,,,
23653,0.0,-371.3737795,15.020646,1727.8667605,0.4548468762,-0.8838990858,0.1044923666,,,,
23654,0.0,-373.995758,13.411007,1727.733643,0.3730018281,-0.9223935513,0.1002984186,,,,
23655,0.0,-375.244751,12.829568,1727.612061,0.2951074201,-0.9503833471,0.0984027651,,,,
23656,0.0,-377.478027,11.710942,1727.570679,0.19636762,-0.9757750359,0.0964512165,,,,
23657,0.0,-380.148682,10.629168,1727.49292,0.0082737866,-0.9953640598,0.0958224033,,,,
23658,0.0,-381.950836,10.183718,1727.428589,-0.1216241562,-0.9879400935,0.0958224206,,,,
23659,0.0,-385.243561,9.520454,1727.487915,-0.3791317132,-0.92011017,0.0982670807,,,,
23660,0.0,-388.253815,9.080051,1727.359253,-0.5743642863,-0.8122304193,0.1019186568,,,,
23661,0.0,-390.480072,8.92977,1727.356445,-0.6817429475,-0.7241141502,0.1043324062,,,,
23662,0.0,-393.706421,8.925979,1727.471558,-0.8185436889,-0.5638121632,0.1100094271,,,,
23663,0.0,-396.267395,9.25931,1727.762939,-0.8947996615,-0.4302227223,0.1193397462,,,,
23664,0.0,-398.89502,9.768286,1727.825073,-0.9406193244,-0.3131410256,0.1310648111,,,,
23665,0.0,-400.491577,10.234272,1727.962524,-0.9562509845,-0.2556494847,0.142223049,,,,
23666,0.0,-402.484589,10.850356,1728.188477,-0.9613750665,-0.2321831328,0.1478139854,,,,
23667,0.0,-404.03717,11.49193,1728.345459,-0.9615639984,-0.2311826298,0.1481528559,,,,
23668,0.0,-405.343262,12.143812,1728.614258,-0.9615639984,-0.2311826298,0.1481528559,,,,
23669,0.0,-406.952087,13.161575,1728.74585,-0.9615639984,-0.2311826298,0.1481528559,,,,
23670,0.0,-408.32547,14.261927,1728.685059,-0.9615639984,-0.2311826298,0.1481528559,,,,
23671,0.0,-409.842773,15.556992,1728.901611,-0.9615639984,-0.2311826298,0.1481528559,,,,
23672,0.0,-410.897644,16.236841,1728.833374,-0.9615639984,-0.2311826298,0.1481528559,,,,
23673,0.0,-412.715881,17.66577,1728.857666,-0.9615639984,-0.2311826298,0.1481528559,,,,
23674,0.0,-414.210388,18.591894,1728.749634,-0.9615639984,-0.2311826298,0.1481528559,,,,
23675,0.0,-415.86853,19.67573,1728.608276,-0.9615639984,-0.2311826298,0.1481528559,,,,
23676,0.0,-417.403473,20.883881,1728.48645,-0.9615639984,-0.2311826298,0.1481528559,,,,
23677,0.0,-419.539124,22.23868,1728.360718,-0.9616178713,-0.2311955821,0.1477825175,,,,
23678,0.0,-421.497345,23.815653,1728.239746,-0.9616921396,-0.2312134379,0.1472704135,,,,
23679,0.0,-423.519379,25.227062,1728.209961,-0.9749653692,-0.1778251006,0.1334944287,,,,
23680,0.0,-425.238403,26.341448,1728.222534,-0.9845204879,-0.1271619161,0.1206202966,,,,
23681,0.0,-426.20459,27.566532,1728.221558,-0.9917258808,-0.0423960548,0.1211707553,,,,
23682,0.0,-428.34201,29.919022,1728.167358,-0.9872706819,0.0997794586,0.1238574196,,,,
23683,0.0,-430.626526,31.858711,1728.104736,-0.9704377467,0.2059261072,0.125876996,,,,
23684,0.0,-432.850189,34.268669,1728.056763,-0.934745755,0.3310721935,0.1290022331,,,,
23685,0.0,-434.320221,35.948551,1728.075439,-0.912442361,0.3877720408,0.130697292,,,,
23686,0.0,-435.284241,37.121117,1728.131836,-0.8998514574,0.4158625142,0.1316272155,,,,
23687,0.0,-437.38501,39.618752,1728.287598,-0.8835870829,0.4490411218,0.132800368,,,,
23688,0.0,-438.973846,41.624256,1728.447388,-0.8782114495,0.4594179056,0.1329655515,,,,
23689,0.0,-441.098663,44.767368,1728.657349,-0.8780892008,0.4596515324,0.1329654996,,,,
23690,0.0,-441.860199,45.980381,1728.7382205,-0.8780892008,0.4596515324,0.1329654996,,,,
23691,0.0,-442.621735,47.193394,1728.819092,-0.8780892008,0.4596515324,0.1329654996,,,,
23692,0.0,-443.110168,47.964874,1728.819092,-0.8782227091,0.4593963865,0.1329655342,,,,
23693,0.0,-443.110168,47.964874,1728.819092,-0.8782227091,0.4593963865,0.1329655342,,,,
23694,0.0,-446.17688,53.299484,1728.955444,-0.8790017617,0.4579040012,0.1329655169,,,,
23695,0.0,-447.969543,56.961445,1728.97168,-0.880515413,0.45498658,0.1329654823,,,,
23696,0.0,-448.6295315,58.244839,1728.9552615,-0.8824055913,0.4511582122,0.1334099444,,,,
23697,0.0,-450.08316,61.123016,1728.90564,-0.8872540703,0.441414559,0.1339156523,,,,
23698,0.0,-450.7009125,62.3562715,1728.820862,-0.8893484436,0.4371537524,0.1339156523,,,,
23699,0.0,-452.144562,65.335052,1728.646973,-0.8938725524,0.4278533138,0.1339156523,,,,
23700,0.0,-453.391144,67.876099,1728.384766,-0.8973973905,0.4204099502,0.133915635,,,,
23701,0.0,-454.141388,69.433556,1728.272339,-0.8988912927,0.4172062343,0.1339156523,,,,
23702,0.0,-455.068085,71.30043,1728.013672,-0.9014875751,0.4115662157,0.1339156523,,,,
23703,0.0,-456.253387,73.785088,1727.752319,-0.9052410012,0.4032435092,0.1339156523,,,,
23704,0.0,-457.113495,75.629066,1727.608521,-0.9084926193,0.3958633081,0.1339156523,,,,
23705,0.0,-458.092743,77.833748,1727.373535,-0.9130245106,0.385295784,0.1339156523,,,,
23706,0.0,-458.2616425,78.216095,1727.3634645,-0.9138215591,0.3833614778,0.1340139879,,,,
23707,0.0,-458.430542,78.598442,1727.353394,-0.9146186076,0.3814271717,0.1341123235,,,,
23708,0.0,-460.358978,83.033035,1727.313354,-0.9250468705,0.3551049504,0.1348657165,,,,
23709,0.0,-461.761292,86.05793,1727.235352,-0.9333760164,0.332425066,0.135287795,,,,
23710,0.0,-462.736969,88.166168,1727.19519,-0.9384480938,0.3176496012,0.1356978483,,,,
23711,0.0,-463.99527,90.727661,1727.282471,-0.945541927,0.2949616396,0.1376520813,,,,
23712,0.0,-464.954041,92.533279,1727.399414,-0.9506580172,0.2771909875,0.1393358918,,,,
23713,0.0,-465.894165,94.07338,1727.493164,-0.9553811965,0.2596453128,0.1408228704,,,,
23714,0.0,-467.509369,96.572586,1727.666382,-0.9621521395,0.2313194143,0.1440645308,,,,
23715,0.0,-468.621613,98.305138,1727.747314,-0.9669802644,0.208211169,0.1469601214,,,,
23716,0.0,-469.256805,99.423477,1727.826416,-0.9691015564,0.197065154,0.1483492451,,,,
23717,0.0,-471.056854,102.394325,1728.072998,-0.9744642353,0.163736682,0.1536546551,,,,
23718,0.0,-472.444885,104.620186,1728.196045,-0.9772980636,0.1427284563,0.1565793177,,,,
23719,0.0,-473.014648,105.592636,1728.172241,-0.9781192891,0.135906233,0.1575187357,,,,
23720,0.0,-474.637451,108.211563,1728.228638,-0.9799170722,0.119096076,0.1599332873,,,,
23721,0.0,-475.908051,110.283066,1728.304565,-0.9811541658,0.1043203573,0.1626461373,,,,
23722,0.0,-476.2291565,110.884369,1728.3502805,-0.9814124286,0.1007677566,0.1632862726,,,,
23723,0.0,-476.550262,111.485672,1728.395996,-0.9816706914,0.097215156,0.1639264078,,,,
23724,0.0,-479.768829,117.18576,1727.976318,-0.983693348,0.0521723721,0.1721204252,,,,
23725,0.0,-481.017365,119.207916,1727.810669,-0.9839550848,0.0341149033,0.1751244258,,,,
23726,0.0,-482.492584,120.718338,1727.970947,-0.9837266097,0.0182528204,0.17874225,,,,
23727,0.0,-483.953064,122.981232,1727.900879,-0.9834346696,0.0028903864,0.1812398863,,,,
23728,0.0,-484.992004,124.498016,1727.817505,-0.9830209244,-0.0060949136,0.1833922417,,,,
23729,0.0,-486.702972,127.043251,1727.590698,-0.9823270286,-0.0204898728,0.1860477735,,,,
23730,0.0,-487.683044,128.348007,1727.541016,-0.9818340791,-0.0298213516,0.1873833719,,,,
23731,0.0,-490.338318,132.019394,1727.308105,-0.9796630429,-0.057195709,0.1923251759,,,,
23732,0.0,-491.113388,132.978401,1727.2462155,-0.9792363478,-0.0613020538,0.1931850147,,,,
23733,0.0,-491.888458,133.937408,1727.184326,-0.9788096527,-0.0654083985,0.1940448535,,,,
23734,0.0,-493.737762,135.999573,1727.174438,-0.978132069,-0.071162976,0.1954315391,,,,
23735,0.0,-496.314789,138.733887,1727.277344,-0.9780461925,-0.0722392985,0.19546644,,,,
23736,0.0,-498.156586,140.663193,1727.298218,-0.9780461925,-0.0722392985,0.19546644,,,,
23737,0.0,-498.803406,141.269348,1727.375244,-0.9780461925,-0.0722392985,0.19546644,,,,
23738,0.0,-499.853638,142.638351,1726.880737,-0.9776710185,-0.0757577157,0.1960105816,,,,
23739,0.0,-501.36084,144.109436,1726.868408,-0.9774774741,-0.0775261173,0.1962842043,,,,
23740,0.0,-502.771332,145.4558715,1726.953735,-0.9773206204,-0.0789282387,0.196501146,,,,
23741,0.0,-505.992401,148.661697,1726.846191,-0.9769644593,-0.0820742125,0.1969879919,,,,
23742,0.0,-507.613922,150.186844,1727.151978,-0.976762438,-0.0838137104,0.1972571967,,,,
23743,0.0,-509.865936,152.117905,1727.621826,-0.9760387145,-0.0897170712,0.1982404471,,,,
23744,0.0,-511.647339,153.670349,1727.96814,-0.9752784194,-0.0958186786,0.1991250498,,,,
23745,0.0,-513.103394,155.016129,1727.98938,-0.9743082972,-0.1036593908,0.1999451744,,,,
23746,0.0,-514.970642,156.695724,1728.137085,-0.9738843076,-0.1071595559,0.2001653942,,,,
23747,0.0,-516.800537,158.325119,1728.357422,-0.9737499051,-0.1083740617,0.2001653942,,,,
23748,0.0,-518.791992,160.035629,1728.470459,-0.9734431875,-0.1110952527,0.2001654455,,,,
23749,0.0,-520.352661,161.314468,1728.430176,-0.9731681683,-0.1134791799,0.2001654113,,,,
23750,0.0,-522.50116,163.101562,1728.422607,-0.9725117822,-0.1189733101,0.2001653942,,,,
23751,0.0,-523.867249,164.194946,1728.423218,-0.972028625,-0.1228583214,0.2001653942,,,,
23752,0.0,-525.961548,165.85881,1728.364258,-0.9716170017,-0.1260722413,0.2001654113,,,,
23753,0.0,-527.230591,166.883118,1728.342163,-0.9713670384,-0.1279839506,0.2001653942,,,,
23754,0.0,-529.50177,168.643204,1728.164307,-0.9709955905,-0.1307721069,0.2001654797,,,,
23755,0.0,-530.86792,169.643555,1727.943726,-0.9710041096,-0.1316453544,0.1995507953,,,,
23756,0.0,-532.983643,171.400345,1727.959106,-0.9708131253,-0.1335322875,0.1992260124,,,,
23757,0.0,-534.982422,172.953308,1727.81311,-0.9702512378,-0.1375556073,0.1992259782,,,,
23758,0.0,-536.186951,173.77536,1727.459229,-0.9697640453,-0.1409492788,0.1992259953,,,,
23759,0.0,-538.109741,175.298935,1727.371094,-0.9688807119,-0.1474877524,0.1987901634,,,,
23760,0.0,-539.738831,176.596542,1727.318848,-0.9682557051,-0.1520373738,0.1984074761,,,,
23761,0.0,-541.692505,178.10968,1727.143799,-0.9667590683,-0.1614293115,0.1982863619,,,,
23762,0.0,-543.421448,179.329529,1726.945557,-0.9659162593,-0.1663980131,0.1982863619,,,,
23763,0.0,-544.967957,180.40712,1726.841675,-0.9654349454,-0.1691682948,0.1982862934,,,,
23764,0.0,-546.97699,181.553604,1726.662964,-0.9642679657,-0.1756980817,0.1982863448,,,,
23765,0.0,-548.617859,182.403931,1727.001099,-0.9632695124,-0.1810922017,0.1982863105,,,,
23766,0.0,-551.075073,183.515442,1727.196777,-0.9617858078,-0.1888136262,0.1982863448,,,,
23767,0.0,-552.761292,184.157364,1727.334229,-0.9604618755,-0.1954366847,0.198286379,,,,
23768,0.0,-554.294067,184.65773,1727.478027,-0.9593858862,-0.2009337059,0.1980009275,,,,
23769,0.0,-557.14386,185.472153,1727.631958,-0.9581955264,-0.2070796673,0.1974318733,,,,
23770,0.0,-559.686462,186.101654,1727.890137,-0.9572210906,-0.2116179374,0.1973464778,,,,
23771,0.0,-561.513367,186.478409,1728.124023,-0.9564068988,-0.2152676577,0.1973465975,,,,
23772,0.0,-564.100342,186.90509,1728.433228,-0.9552094403,-0.2205205043,0.1973464778,,,,
23773,0.0,-566.127991,187.193146,1728.621338,-0.9547747546,-0.2223949235,0.1973465633,,,,
23774,0.0,-568.810669,187.531158,1728.948364,-0.9542751606,-0.2245289704,0.1973465462,,,,
23775,0.0,-572.752991,187.956131,1729.492188,-0.9540442626,-0.2255080463,0.1973465633,,,,
23776,0.0,-574.140137,188.09198,1729.678223,-0.9540442626,-0.2255080463,0.1973465633,,,,
23777,0.0,-577.481812,188.3685,1730.051514,-0.9540442626,-0.2255080463,0.1973465633,,,,
23778,0.0,-577.943848,188.4104005,1730.1080325,-0.9540442626,-0.2255080463,0.1973465633,,,,
23779,0.0,-578.405884,188.452301,1730.164551,-0.9540442626,-0.2255080463,0.1973465633,,,,
23780,0.0,-582.533081,188.654297,1730.223145,-0.9540442626,-0.2255080463,0.1973465633,,,,
23781,0.0,-586.804565,188.976166,1730.074951,-0.9542057528,-0.2248237575,0.1973465462,,,,
23782,0.0,-588.733582,189.281357,1729.95105,-0.9542600247,-0.224593275,0.1973465633,,,,
23783,0.0,-590.910889,189.719894,1729.787354,-0.9542600247,-0.224593275,0.1973465633,,,,
23784,0.0,-593.665222,190.365753,1729.39856,-0.9542600247,-0.224593275,0.1973465633,,,,
23785,0.0,-595.406982,190.839478,1728.710205,-0.9542600247,-0.224593275,0.1973465633,,,,
23786,0.0,-598.222412,191.739716,1727.4104,-0.9542600247,-0.224593275,0.1973465633,,,,
23787,0.0,-600.235657,192.412216,1726.484375,-0.9542600247,-0.224593275,0.1973465633,,,,
23788,0.0,-602.561768,193.228165,1725.432739,-0.9542600247,-0.224593275,0.1973465633,,,,
23789,0.0,-604.524109,194.00528,1724.750732,-0.9542600247,-0.224593275,0.1973465633,,,,
23790,0.0,-607.445496,194.991455,1723.749512,-0.95447325,-0.2236853947,0.1973465462,,,,
23791,0.0,-609.538513,195.570847,1723.081787,-0.9554133137,-0.2203979281,0.196494665,,,,
23792,0.0,-610.370667,195.79718,1722.770874,-0.9559556151,-0.218340969,0.1961532137,,,,
23793,0.0,-614.005127,196.594406,1721.301636,-0.9587164835,-0.2073975123,0.1945481331,,,,
23794,0.0,-616.179626,196.926819,1720.630859,-0.9600010043,-0.2021105308,0.1937766885,,,,
23795,0.0,-618.364929,197.328537,1719.850708,-0.962862267,-0.1888316174,0.1929737679,,,,
23796,0.0,-620.727051,197.785858,1719.047852,-0.969635214,-0.1515761639,0.1919172174,,,,
23797,0.0,-623.340576,198.173538,1718.451172,-0.9747322184,-0.1146588935,0.1917040443,,,,
23798,0.0,-625.086121,198.535828,1718.029663,-0.979691522,-0.0648140133,0.1897463183,,,,
23799,0.0,-626.908142,198.979385,1717.324951,-0.9823898125,0.0003620879,0.1868425145,,,,
23800,0.0,-627.939941,199.235519,1717.157471,-0.9819801609,0.0380540794,0.1851130752,,,,
23801,0.0,-630.1745,199.419113,1716.031738,-0.9747749456,0.1291434886,0.1820323178,,,,
23802,0.0,-633.10199,199.571701,1715.166016,-0.9653555025,0.1889342812,0.1799794186,,,,
23803,0.0,-635.361511,199.68013,1714.481445,-0.9569699054,0.2287154946,0.1785996157,,,,
23804,0.0,-638.145325,199.792679,1713.650513,-0.9445646059,0.2765782044,0.1769242834,,,,
23805,0.0,-640.526672,199.866455,1713.059082,-0.9309232771,0.3203509754,0.1753770358,,,,
23806,0.0,-643.693176,199.8853,1712.14856,-0.9202416725,0.3501735247,0.1747391395,,,,
23807,0.0,-644.453796,199.818298,1711.895874,-0.9196528616,0.3517169988,0.1747391395,,,,
23808,0.0,-647.945984,199.346512,1711.036499,-0.9187064155,0.3541818195,0.1747391223,,,,
23809,0.0,-650.733887,198.97998,1710.144653,-0.9187064155,0.3541818195,0.1747391223,,,,
23810,0.0,-652.872375,198.649399,1709.531128,-0.9187064155,0.3541818195,0.1747391223,,,,
23811,0.0,-654.6745,198.315002,1709.052002,-0.9187064155,0.3541818195,0.1747391223,,,,
23812,0.0,-657.536499,197.754898,1708.257324,-0.9187064155,0.3541818195,0.1747391223,,,,
23813,0.0,-659.550781,197.336929,1707.69751,-0.9187064155,0.3541818195,0.1747391223,,,,
23814,0.0,-662.364258,196.707245,1706.885132,-0.9187064155,0.3541818195,0.1747391223,,,,
23815,0.0,-666.30072,195.767334,1705.713867,-0.9187064155,0.3541818195,0.1747391223,,,,
23816,0.0,-667.66037,195.396797,1705.288086,-0.9187064155,0.3541818195,0.1747391223,,,,
23817,0.0,-669.02002,195.02626,1704.862305,-0.9187064155,0.3541818195,0.1747391223,,,,
23818,0.0,-673.96106,197.443878,1702.34375,-0.9187064155,0.3541818195,0.1747391223,,,,
23819,0.0,-675.832703,196.874039,1701.713745,-0.9185853588,0.3548012599,0.1741177894,,,,
23820,0.0,-676.2160645,196.770668,1701.5845335,-0.9185495603,0.3549752415,0.1739517868,,,,
23821,0.0,-680.101624,195.976089,1700.271118,-0.9164706305,0.3611167724,0.1722679892,,,,
23822,0.0,-682.555969,195.671219,1699.439575,-0.9145473816,0.3664584286,0.1712054525,,,,
23823,0.0,-684.323975,195.517517,1698.841187,-0.9134381738,0.3695678113,0.1704415897,,,,
23824,0.0,-686.554077,195.40686,1698.086548,-0.912345725,0.3726952385,0.1694801971,,,,
23825,0.0,-689.394348,195.382324,1697.126099,-0.9115853175,0.3754658442,0.1674443452,,,,
23826,0.0,-691.187927,195.416962,1696.52063,-0.9115266341,0.3757250684,0.1671821409,,,,
23827,0.0,-693.98175,195.560547,1695.577026,-0.9115266341,0.3757250684,0.1671821409,,,,
23828,0.0,-695.717041,195.703842,1694.990234,-0.9115266341,0.3757250684,0.1671821409,,,,
23829,0.0,-697.954102,195.934875,1694.234253,-0.9119045338,0.3751199166,0.1664787355,,,,
23830,0.0,-700.682861,196.23439,1693.313843,-0.9149011538,0.3690997135,0.1634664499,,,,
23831,0.0,-702.506104,196.451965,1692.70166,-0.9219473345,0.35224951,0.1610384896,,,,
23832,0.0,-704.466675,196.535904,1692.059692,-0.9395900564,0.3041912076,0.1569657131,,,,
23833,0.0,-706.268677,196.455551,1691.467896,-0.9618168881,0.2262891119,0.1539529527,,,,
23834,0.0,-708.472839,196.257782,1690.642578,-0.9856382058,0.0768720702,0.1503596091,,,,
23835,0.0,-709.565063,196.09877,1690.10083,-0.9873267198,-0.0554741375,0.1486895033,,,,
23836,0.0,-711.063049,196.425781,1689.297974,-0.9642307229,-0.2215696495,0.1454854064,,,,
23837,0.0,-712.858032,196.46814,1688.731201,-0.9215216524,-0.3610143012,0.1430612406,,,,
23838,0.0,-714.979492,196.502899,1688.069702,-0.8551276816,-0.4996911458,0.1380775399,,,,
23839,0.0,-716.695435,196.515289,1687.499268,-0.7845725182,-0.6057846064,0.1321778134,,,,
23840,0.0,-719.279724,196.829346,1686.614746,-0.702953942,-0.7000138303,0.1258427305,,,,
23841,0.0,-721.385681,196.99707,1685.884277,-0.631329466,-0.7658725987,0.1219109017,,,,
23842,0.0,-722.54657,197.190247,1685.482056,-0.6064100706,-0.7859442693,0.1206583268,,,,
23843,0.0,-724.891235,197.613968,1684.683716,-0.5744399293,-0.8100057458,0.117938371,,,,
23844,0.0,-726.921326,197.994324,1684.017822,-0.5658194995,-0.8162152178,0.1167947443,,,,
23845,0.0,-728.91864,198.311798,1683.378784,-0.5643339,-0.8173170562,0.1162758745,,,,
23846,0.0,-731.634094,198.684143,1682.495117,-0.5567571981,-0.8226893846,0.1149069136,,,,
23847,0.0,-732.392334,198.784683,1682.238037,-0.5509798051,-0.8267395639,0.1136791446,,,,
23848,0.0,-734.27594,198.994827,1681.593384,-0.5337489252,-0.8384162968,0.1103186211,,,,
23849,0.0,-735.715881,199.118698,1681.096191,-0.5185848971,-0.8482380275,0.1075265231,,,,
23850,0.0,-737.512817,199.204224,1680.484253,-0.5019321951,-0.8586617222,0.1037502691,,,,
23851,0.0,-738.672058,199.240265,1680.080811,-0.4873737758,-0.8674290436,0.1001681434,,,,
23852,0.0,-739.685425,199.232117,1679.744385,-0.4802342785,-0.8716242145,0.0982154084,,,,
23853,0.0,-740.67627,199.221954,1679.403198,-0.4680161903,-0.8785336481,0.0956006,,,,
23854,0.0,-741.664795,199.19165,1677.820435,-0.4469210028,-0.8899056873,0.0912660118,,,,
23855,0.0,-742.421021,199.13205,1676.310547,-0.4337917612,-0.8965824748,0.0892444612,,,,
23856,0.0,-743.073608,199.011322,1674.922363,-0.4156409009,-0.9054617394,0.0859167042,,,,
23857,0.0,-743.744812,198.824005,1673.426392,-0.3918249718,-0.9164184254,0.0815503592,,,,
23858,0.0,-745.095642,198.468903,1670.409424,-0.3629229933,-0.9288108935,0.0748146045,,,,
23859,0.0,-745.807983,198.24115,1668.855713,-0.3493617706,-0.934258787,0.0714623833,,,,
23860,0.0,-746.536255,197.983093,1667.337158,-0.33418166,-0.9400813499,0.0675993608,,,,
23861,0.0,-747.214661,197.740738,1665.920654,-0.3226427649,-0.944282556,0.0650545978,,,,
23862,0.0,-747.965515,197.429428,1664.342651,-0.3091588586,-0.948955311,0.0624869409,,,,
23863,0.0,-748.693665,197.112717,1664.03125,-0.296533465,-0.9531641221,0.0595488069,,,,
23864,0.0,-749.17923,196.896271,1664.03125,-0.2904629432,-0.9551274248,0.0576055446,,,,
23865,0.0,-750.323792,196.362747,1664.03125,-0.2793775242,-0.9586667161,0.0539103556,,,,
23866,0.0,-751.016235,196.014771,1664.03125,-0.2757107046,-0.9598270663,0.0521115169,,,,
23867,0.0,-751.4253235,195.8030705,1664.03125,-0.2722662353,-0.960861069,0.051019379,,,,
23868,0.0,-752.164673,195.416687,1664.03125,-0.2658270865,-0.9627727319,0.0490369935,,,,
23869,0.0,-753.264648,194.810486,1664.03125,-0.2585523505,-0.96485291,0.047005787,,,,
23870,0.0,-753.93219,194.430618,1664.03125,-0.2542583889,-0.9660366989,0.0461060517,,,,
23871,0.0,-754.57312,194.045349,1664.03125,-0.2533483612,-0.9663011801,0.0455701363,,,,
23872,0.0,-755.450317,193.534409,1664.03125,-0.25285858,-0.966453492,0.0450575889,,,,
23873,0.0,-756.152832,193.110016,1664.03125,-0.2528468775,-0.9664571202,0.0450454363,,,,
23874,0.0,-756.840088,192.689911,1664.03125,-0.2528468775,-0.9664571202,0.0450454363,,,,
23875,0.0,-757.626221,192.205231,1664.03125,-0.2528468775,-0.9664571202,0.0450454363,,,,
23876,0.0,-758.295532,191.788513,1664.03125,-0.2520019206,-0.9666777854,0.0450454363,,,,
23877,0.0,-759.053162,191.31279,1664.03125,-0.2491656592,-0.9674565919,0.0440932766,,,,
23878,0.0,-759.400818,191.09259,1664.03125,-0.2468258658,-0.9680782156,0.0436068853,,,,
23879,0.0,-760.164612,190.604019,1664.03125,-0.2410300278,-0.9695853677,0.0425292901,,,,
23880,0.0,-761.079956,190.010422,1664.03125,-0.2344178055,-0.9712609551,0.0412365083,,,,
23881,0.0,-761.725037,189.586639,1664.03125,-0.229986335,-0.9723581143,0.0403234838,,,,
23882,0.0,-762.403503,189.136871,1664.03125,-0.2270905742,-0.9730412716,0.0402561165,,,,
23883,0.0,-762.992188,188.74295,1664.03125,-0.2254248946,-0.9734285089,0.0402561165,,,,
23884,0.0,-763.684509,188.277039,1664.03125,-0.2242865056,-0.9737214808,0.0395226676,,,,
23885,0.0,-764.304993,187.856262,1664.03125,-0.2234556153,-0.9739215798,0.0392981485,,,,
23886,0.0,-764.945862,187.418411,1664.03125,-0.2225926004,-0.9741191874,0.0392981311,,,,
23887,0.0,-765.619568,186.956009,1664.03125,-0.2211550104,-0.9744465703,0.0392981311,,,,
23888,0.0,-766.536438,186.322556,1664.03125,-0.2195072399,-0.9748531712,0.0384430254,,,,
23889,0.0,-767.162598,185.886612,1664.03125,-0.2178956884,-0.9752186953,0.0383401269,,,,
23890,0.0,-767.736633,185.486435,1664.03125,-0.2175377949,-0.9752985914,0.0383401269,,,,
23891,0.0,-768.622925,184.866913,1664.03125,-0.2175377949,-0.9752985914,0.0383401269,,,,
23892,0.0,-769.266907,184.415405,1664.03125,-0.2175377949,-0.9752985914,0.0383401269,,,,
23893,0.0,-769.880798,183.983398,1664.03125,-0.2168455337,-0.9754527413,0.0383401095,,,,
23894,0.0,-770.529053,183.525589,1664.03125,-0.215959726,-0.9756492365,0.0383401095,,,,
23895,0.0,-771.170837,183.070129,1664.03125,-0.2144879434,-0.9759974787,0.0377338546,,,,
23896,0.0,-772.060181,182.434219,1664.03125,-0.2111104522,-0.976747131,0.0373820701,,,,
23897,0.0,-772.632935,182.023956,1664.03125,-0.2094803543,-0.9770980309,0.0373820701,,,,
23898,0.0,-773.864807,181.140961,1664.03125,-0.2081923052,-0.9774094627,0.0364239789,,,,
23899,0.0,-774.485229,180.69696,1664.03125,-0.2081923052,-0.9774094627,0.0364239789,,,,
23900,0.0,-774.952606,180.3604735,1664.03125,-0.2077741592,-0.9774983425,0.0364239789,,,,
23901,0.0,-775.991394,179.608002,1664.03125,-0.2051400694,-0.9780546231,0.0364239789,,,,
23902,0.0,-776.632568,179.138184,1664.03125,-0.2017140049,-0.9787926819,0.0357259877,,,,
23903,0.0,-776.9779355,178.884293,1664.03125,-0.2000743017,-0.9791324643,0.0355959297,,,,
23904,0.0,-777.958435,178.162506,1664.03125,-0.1957048737,-0.9800467231,0.0347566235,,,,
23905,0.0,-778.625,177.671127,1664.03125,-0.1935753939,-0.9804783447,0.0345077144,,,,
23906,0.0,-779.242493,177.218063,1664.03125,-0.1930942677,-0.9805732106,0.0345077144,,,,
23907,0.0,-779.6878665,176.890892,1664.03125,-0.1930942677,-0.9805732106,0.0345077144,,,,
23908,0.0,-780.699829,176.146347,1664.03125,-0.1930942677,-0.9805732106,0.0345077144,,,,
23909,0.0,-781.244507,175.743164,1664.03125,-0.1925140958,-0.9806872797,0.0345077144,,,,
23910,0.0,-782.114685,175.096924,1664.03125,-0.1912962346,-0.9809561145,0.0336281431,,,,
23911,0.0,-782.728333,174.63797,1664.03125,-0.1896286607,-0.9812825283,0.0335495255,,,,
23912,0.0,-783.303162,174.20697,1664.03125,-0.1879940152,-0.9816202394,0.0328626811,,,,
23913,0.0,-784.064209,173.636963,1664.03125,-0.1866516594,-0.9818854127,0.0325913231,,,,
23914,0.0,-784.769104,173.108307,1664.03125,-0.1856605463,-0.9821021583,0.0317098118,,,,
23915,0.0,-785.269409,172.732376,1664.03125,-0.1849526854,-0.9822381854,0.0316330733,,,,
23916,0.0,-786.061157,172.139725,1664.03125,-0.184643737,-0.9822963092,0.0316330733,,,,
23917,0.0,-786.649048,171.699371,1664.03125,-0.1846477736,-0.9823177838,0.0309349519,,,,
23918,0.0,-787.468689,171.082153,1664.03125,-0.1837438787,-0.9824954163,0.0306748119,,,,
23919,0.0,-788.012146,170.671906,1664.03125,-0.1829711601,-0.9826396137,0.0306748119,,,,
23920,0.0,-788.593018,170.235214,1664.03125,-0.1827687974,-0.9826965312,0.0300515282,,,,
23921,0.0,-789.419067,169.611526,1664.03125,-0.1819275846,-0.9828627998,0.0297165049,,,,
23922,0.0,-789.963257,169.196442,1664.03125,-0.1804621275,-0.983153725,0.029020227,,,,
23923,0.0,-790.718323,168.621429,1664.03125,-0.179129489,-0.983429213,0.0279214817,,,,
23924,0.0,-791.316162,168.170044,1664.03125,-0.1790105299,-0.9834543201,0.0277998271,,,,
23925,0.0,-792.082886,167.587616,1664.03125,-0.1781339872,-0.9836134669,0.0277998271,,,,
23926,0.0,-792.188446,167.507355,1664.03125,-0.1779836212,-0.9836440457,0.02768003,,,,
23927,0.0,-792.294006,167.427094,1664.03125,-0.1778332551,-0.9836746245,0.0275602329,,,,
23928,0.0,-793.559509,166.467056,1664.03125,-0.1769781807,-0.983848698,0.0268414408,7.86104e-05,9.6924915982,773.0169160785,1.0
23929,0.0,-794.731628,165.576645,1664.03125,-0.1761857835,-0.9839909079,0.0268414408,7.4304e-05,9.4050282067,771.5198145878,1.0
23930,0.0,-795.048584,165.3367,1664.03125,-0.1761857835,-0.9839909079,0.0268414408,7.1464e-05,9.2187544538,771.1188787693,1.0
23931,0.0,-795.854919,164.726105,1664.03125,-0.1761857835,-0.9839909079,0.0268414408,6.47776e-05,8.7653637788,770.1041045479,1.0
23932,0.0,-796.576416,164.179718,1664.03125,-0.1761857835,-0.9839909079,0.0268414408,6.39449e-05,8.6940755169,768.7981824327,1.0
23933,0.0,-797.345764,163.597122,1664.03125,-0.1761857835,-0.9839909079,0.0268414408,6.57948e-05,8.7992403186,767.0817544131,1.0
23934,0.0,-797.987549,163.111282,1664.03125,-0.1761857835,-0.9839909079,0.0268414408,6.74772e-05,8.8944326605,765.6531543013,1.0
23935,0.0,-798.280579,162.889313,1664.03125,-0.1761857835,-0.9839909079,0.0268414408,6.82755e-05,8.939273555,765.00108323,1.0
23936,0.0,-799.409912,162.051025,1664.03125,-0.1761857835,-0.9839909079,0.0268414408,7.15284e-05,9.1198234601,762.5003520617,1.0
23937,0.0,-799.730896,161.828339,1664.03125,-0.1761857835,-0.9839909079,0.0268414408,7.24807e-05,9.1718874707,761.7991342566,1.0
23938,0.0,-800.588684,161.302048,1664.03125,-0.1761893973,-0.9840096058,0.0261226348,6.86171e-05,8.9032347691,760.0183450632,1.0
23939,0.0,-801.277527,160.983078,1664.03125,-0.1761935355,-0.9840334101,0.0251810604,6.27452e-05,8.4993397721,758.7289688709,1.0
23940,0.0,-801.97644,160.722504,1664.03125,-0.175525706,-0.9841592809,0.0249246124,6.82937e-05,8.8528413269,757.5035534319,1.0
23941,0.0,-803.419617,160.355682,1664.03125,-0.1746383082,-0.9843560527,0.023337157,6.9428e-05,8.8988663165,755.1962963502,1.0
24136,0.0,-278.479584,2206.335449,1750.702759,0.2587573084,-0.9659423665,0.0,,,,
24137,0.0,-278.479584,2206.335449,1750.702759,0.2587573084,-0.9659423665,0.0,,,,
24138,0.0,-278.479584,2206.335449,1750.702759,0.1860636446,-0.9825075379,0.0076979255,,,,
24139,0.0,-278.479584,2206.335449,1750.702759,0.0497097322,-0.9985191026,0.0221030392,,,,
24140,0.0,-278.479584,2206.335449,1750.702759,-0.0812360313,-0.996048273,0.0358963098,,,,
24141,0.0,-278.479584,2206.335449,1750.702759,-0.1727898509,-0.9839064525,0.0455165928,,,,
24142,0.0,-278.479584,2206.335449,1750.702759,-0.2166765153,-0.9749559856,0.0501209917,,,,
24143,0.0,-278.479584,2206.335449,1726.669678,-0.2166765153,-0.9749559856,0.0501209917,,,,
24144,0.0,-278.479584,2206.335449,1734.890137,-0.2166765153,-0.9749559856,0.0501209917,,,,
24145,0.0,-278.479584,2206.335449,1739.763916,-0.2166765153,-0.9749559856,0.0501209917,,,,
24146,0.0,-278.479584,2206.335449,1748.400879,-0.2166765153,-0.9749559856,0.0501209917,,,,
24147,0.0,-278.479584,2206.335449,1750.702759,-0.2166765153,-0.9749559856,0.0501209917,,,,
24148,0.0,-278.479584,2206.335449,1750.702759,-0.2166765153,-0.9749559856,0.0501209917,,,,
24149,0.0,-278.479584,2206.335449,1750.702759,-0.2166765153,-0.9749559856,0.0501209917,,,,
24150,0.0,-278.479584,2206.335449,1750.702759,-0.2173775093,-0.9747999306,0.0501209917,,,,
24151,0.0,-278.479584,2206.335449,1750.702759,-0.217611149,-0.9747478002,0.0501209917,,,,
24152,0.0,-278.479584,2206.335449,1750.702759,-0.217611149,-0.9747478002,0.0501209917,,,,
24153,0.0,-276.567169,2206.635498,1750.706787,0.1549636645,-0.9878592331,0.0109726125,,,,
24154,0.0,-275.719238,2207.073242,1750.702759,0.2582257394,-0.9660843908,-0.0006460336,,,,
24155,0.0,-275.726624,2207.068359,1750.702759,0.2572687171,-0.9663394269,-0.0009587441,,,,
24156,0.0,-275.732574,2207.064453,1750.702759,0.2564996731,-0.966543842,-0.0009587441,,,,
24157,0.0,-275.737885,2207.061035,1750.702759,0.2558035763,-0.9667283026,-0.0009587441,,,,
24158,0.0,-275.742767,2207.057617,1750.702759,0.2551735332,-0.9668947971,-0.0009587441,,,,
24159,0.0,-275.748871,2207.053711,1750.702759,0.2543793011,-0.9671029479,-0.0017490983,,,,
24160,0.0,-275.752716,2207.05127,1750.702759,0.2538846815,-0.9672325941,-0.0019176619,,,,
24161,0.0,-275.756012,2207.049072,1750.702759,0.2534564094,-0.967344908,-0.0019176619,,,,
24162,0.0,-275.757294,2207.04834,1750.702759,0.2532888216,-0.967388803,-0.0019174699,,,,
24163,0.0,-275.7585755,2207.0474855,1750.702759,0.2531257982,-0.9674314574,-0.0019175659,,,,
24164,0.0,-275.764465,2207.043457,1750.702759,0.2523612437,-0.9676311932,-0.0019174699,,,,
24165,0.0,-275.764465,2207.043457,1750.702759,0.2523612437,-0.9676311932,-0.0019174699,,,,
24166,0.0,-275.764465,2207.043457,1750.702759,0.2523612437,-0.9676311932,-0.0019174699,,,,
24167,0.0,-275.764465,2207.043457,1750.702759,0.2523612437,-0.9676311932,-0.0019174699,,,,
24168,0.0,-275.764465,2207.043457,1750.702759,0.2523612437,-0.9676311932,-0.0019174699,,,,
24169,0.0,-275.764465,2207.043457,1750.702759,0.2523612437,-0.9676311932,-0.0019174699,,,,
24170,0.0,-275.764465,2207.043457,1750.702759,0.2523612437,-0.9676311932,-0.0019174699,,,,
24171,0.0,-275.764465,2207.043457,1750.702759,0.2523612437,-0.9676311932,-0.0019174699,,,,
24172,0.0,-275.764465,2207.043457,1750.702759,0.2523612437,-0.9676311932,-0.0019174699,,,,
24173,0.0,-275.764465,2207.043457,1750.702759,0.2523612437,-0.9676311932,-0.0019174699,,,,
24174,0.0,-275.764465,2207.043457,1750.702759,0.2523612437,-0.9676311932,-0.0019174699,,,,
24175,0.0,-275.764465,2207.043457,1750.702759,0.2523612437,-0.9676311932,-0.0019174699,,,,
24176,0.0,-275.764465,2207.043457,1750.702759,0.2523612437,-0.9676311932,-0.0019174699,,,,
24177,0.0,-275.764465,2207.043457,1750.702759,0.2523612437,-0.9676311932,-0.0019174699,,,,
24178,0.0,-275.764465,2207.043457,1750.702759,0.2523612437,-0.9676311932,-0.0019174699,,,,
24179,0.0,-275.769394,2207.062378,1750.702759,0.2523612437,-0.9676311932,-0.0019174699,,,,
24180,0.0,-275.774323,2207.081299,1750.702759,0.2523612437,-0.9676311932,-0.0019174699,,,,
24181,0.0,-275.774261,2207.080811,1750.702759,0.2523612437,-0.9676311932,-0.0019174699,,,,
24182,0.0,-275.774323,2207.081299,1750.702759,0.2523612437,-0.9676311932,-0.0019174699,,,,
24183,0.0,-275.514496,2207.148682,1750.702759,0.2523612437,-0.9676311932,-0.0019174699,,,,
24184,0.0,-274.95166,2207.295654,1750.702759,0.2523612437,-0.9676311932,-0.0019174699,,,,
24185,0.0,-274.615845,2207.383057,1750.702759,0.2523612437,-0.9676311932,-0.0019174699,,,,
24186,0.0,-273.583588,2207.6521,1750.702759,0.2523612437,-0.9676311932,-0.0019174699,,,,
24187,0.0,-272.568817,2207.910156,1750.702759,0.2545204811,-0.9670654824,-0.0019176619,,,,
24188,0.0,-271.180023,2208.267822,1750.702759,0.2566605695,-0.9665007209,-0.0013070942,,,,
24189,0.0,-269.59021,2208.683594,1750.702759,0.2576285987,-0.9662435438,-0.0009587441,,,,
24190,0.0,-267.9617,2209.113037,1750.702759,0.2579236078,-0.9661648376,-0.0009587441,,,,
24191,0.0,-264.130127,2210.127441,1750.702759,0.2579236078,-0.9661648376,-0.0009587441,,,,
24192,0.0,-261.955688,2210.704102,1750.702759,0.2579236078,-0.9661648376,-0.0009587441,,,,
24193,0.0,-261.401947,2210.8509525,1750.702759,0.2579236078,-0.9661648376,-0.0009587441,,,,
24194,0.0,-260.848206,2210.997803,1750.702759,0.2579236078,-0.9661648376,-0.0009587441,,,,
24195,0.0,-256.180389,2212.237549,1750.702759,0.2579236078,-0.9661648376,-0.0009587441,,,,
24196,0.0,-251.72345,2213.422363,1750.702759,0.2579236078,-0.9661648376,-0.0009587441,,,,
24197,0.0,-250.2141345,2213.8239745,1750.702759,0.2579236078,-0.9661648376,-0.0009587441,,,,
24198,0.0,-245.975342,2214.843018,1750.702759,0.2579236078,-0.9661648376,-0.0009587441,,,,
24199,0.0,-243.335403,2215.230713,1750.702759,0.2579236078,-0.9661648376,-0.0009587441,,,,
24200,0.0,-239.711166,2215.563965,1750.702759,0.2579236078,-0.9661648376,-0.0009587441,,,,
24201,0.0,-236.840088,2215.629395,1750.702759,0.2587051579,-0.9659561102,0.0006591235,,,,
24202,0.0,-233.9776,2215.52002,1750.702759,0.259596052,-0.9657140428,0.0025054524,,,,
24203,0.0,-230.716858,2215.245117,1750.702759,0.2605776471,-0.965442206,0.0045427623,,,,
24204,0.0,-227.678207,2214.851562,1750.702759,0.2606973345,-0.9654042815,0.0056100871,,,,
24205,0.0,-225.9258495,2214.552856,1750.702759,0.2606972881,-0.9654038753,0.005681243,,,,
24206,0.0,-222.394531,2213.895752,1750.702759,0.2611955609,-0.9652655469,0.0062691991,,,,
24207,0.0,-218.507431,2212.993896,1750.702759,0.2616197743,-0.9651423022,0.0074451393,,,,
24208,0.0,-216.10466,2212.357178,1750.702759,0.2619271085,-0.9650545913,0.0079890899,,,,
24209,0.0,-214.35585,2211.854492,1750.702759,0.2621568594,-0.9649901989,0.0082278256,,,,
24210,0.0,-208.911682,2210.219727,1750.702759,0.2625411883,-0.9648761055,0.0092857687,,,,
24211,0.0,-205.412521,2209.023438,1750.702759,0.2625401888,-0.9648734292,0.009587226,,,,
24212,0.0,-202.18071,2207.862549,1750.702759,0.2625382458,-0.9648658231,0.010373667,,,,
24213,0.0,-198.742615,2206.564941,1750.702759,0.2625376549,-0.9648641165,0.0105459216,,,,
24214,0.0,-195.242889,2205.186035,1750.702759,0.2633950083,-0.9646202674,0.0114371899,,,,
24215,0.0,-191.904907,2203.816895,1750.702759,0.2634569531,-0.9645913873,0.0124052203,,,,
24216,0.0,-190.264984,2203.054443,1750.702759,0.2634567629,-0.964590691,0.0124632655,,,,
24217,0.0,-186.404663,2200.902832,1750.702759,0.2634542677,-0.9645820189,0.0131672909,,,,
24218,0.0,-183.377518,2198.898926,1750.702759,0.2634534935,-0.9645787208,0.0134219294,,,,
24219,0.0,-180.80101,2196.947266,1750.702759,0.2634507229,-0.9645690403,0.0141521407,,,,
24220,0.0,-178.109177,2194.645996,1750.702759,0.2634468178,-0.9645547426,0.0151632059,,,,
24221,0.0,-175.431549,2192.07666,1750.702759,0.2634462283,-0.9645521208,0.0153392019,,,,
24222,0.0,-173.057312,2189.54541,1750.702759,0.2634423073,-0.9645382285,0.0162528899,,,,
24223,0.0,-170.851257,2186.966309,1750.702759,0.2634422324,-0.9645374907,0.0162978262,,,,
24224,0.0,-168.841492,2184.415771,1750.702759,0.2634383766,-0.9645233734,0.0171721835,,,,
24225,0.0,-166.714401,2181.508057,1750.702759,0.2634379944,-0.9645219741,0.0172564355,,,,
24226,0.0,-164.77269,2178.650391,1750.702759,0.2634335491,-0.9645061623,0.0181831819,,,,
24227,0.0,-162.922012,2175.741455,1750.702759,0.2634335143,-0.9645055712,0.0182150115,,,,
24228,0.0,-162.029678,2174.280518,1750.702759,0.2634335143,-0.9645055712,0.0182150115,,,,
24229,0.0,-159.932587,2170.651611,1750.702759,0.2634335143,-0.9645055712,0.0182150115,,,,
24230,0.0,-157.651245,2166.437988,1750.702759,0.2634335143,-0.9645055712,0.0182150115,,,,
24231,0.0,-156.137146,2163.472412,1750.702759,0.2634335143,-0.9645055712,0.0182150115,,,,
24232,0.0,-154.632858,2160.399414,1750.702759,0.2634335143,-0.9645055712,0.0182150115,,,,
24233,0.0,-153.084473,2157.103271,1750.702759,0.2634335143,-0.9645055712,0.0182150115,,,,
24234,0.0,-151.466064,2153.514404,1750.702759,0.2634335143,-0.9645055712,0.0182150115,,,,
24235,0.0,-150.02977,2150.202393,1750.702759,0.2634335143,-0.9645055712,0.0182150115,,,,
24236,0.0,-148.570496,2146.721191,1750.702759,0.2634335143,-0.9645055712,0.0182150115,,,,
24237,0.0,-147.17366,2143.279053,1750.702759,0.2634335143,-0.9645055712,0.0182150115,,,,
24238,0.0,-145.746765,2139.656006,1750.702759,0.2634335143,-0.9645055712,0.0182150115,,,,
24239,0.0,-143.340515,2133.299561,1750.702759,0.2634335143,-0.9645055712,0.0182150115,,,,
24240,0.0,-142.7060545,2131.5662845,1750.702759,0.2634335143,-0.9645055712,0.0182150115,,,,
24241,0.0,-140.819626,2126.336914,1750.702759,0.2634335143,-0.9645055712,0.0182150115,,,,
24242,0.0,-139.61171,2122.895508,1750.702759,0.2634335143,-0.9645055712,0.0182150115,,,,
24243,0.0,-138.46138,2119.557861,1750.702759,0.2634335143,-0.9645055712,0.0182150115,,,,
24244,0.0,-136.915634,2114.985107,1750.702759,0.2634335143,-0.9645055712,0.0182150115,,,,
24245,0.0,-135.896088,2111.912598,1750.702759,0.2634335143,-0.9645055712,0.0182150115,,,,
24246,0.0,-134.944366,2109.010498,1750.702759,0.2634335143,-0.9645055712,0.0182150115,,,,
24247,0.0,-133.78273,2105.421875,1750.702759,0.2634335143,-0.9645055712,0.0182150115,,,,
24248,0.0,-132.663528,2101.919678,1750.702759,0.2634335143,-0.9645055712,0.0182150115,,,,
24249,0.0,-131.577255,2098.496582,1750.702759,0.2639923846,-0.9643415802,0.0187972757,,,,
24250,0.0,-130.061218,2093.699219,1750.702637,0.2660995054,-0.9637363658,0.0200815952,,,,
24251,0.0,-129.20433,2090.948242,1750.702637,0.2668574477,-0.9635257132,0.0201321298,,,,
24252,0.0,-128.179367,2087.61499,1750.702637,0.2671174628,-0.9634405537,0.0207499519,,,,
24253,0.0,-126.807053,2083.102783,1750.702637,0.2671153057,-0.9634337533,0.0210906703,,,,
24254,0.0,-125.821136,2079.834961,1750.702637,0.2671153057,-0.9634337533,0.0210906703,,,,
24255,0.0,-124.878342,2076.692383,1750.702637,0.2671153057,-0.9634337533,0.0210906703,,,,
24256,0.0,-123.529289,2072.164795,1750.702637,0.2671153057,-0.9634337533,0.0210906703,,,,
24257,0.0,-122.607956,2069.053711,1750.702515,0.2671153057,-0.9634337533,0.0210906703,,,,
24258,0.0,-121.665573,2065.857422,1750.702515,0.2671153057,-0.9634337533,0.0210906703,,,,
24259,0.0,-120.708427,2062.596436,1750.702515,0.2671153057,-0.9634337533,0.0210906703,,,,
24260,0.0,-119.373764,2058.026611,1750.702515,0.2671153057,-0.9634337533,0.0210906703,,,,
24261,0.0,-118.469864,2054.917969,1750.702271,0.2671153057,-0.9634337533,0.0210906703,,,,
24262,0.0,-117.466972,2051.457031,1750.702271,0.2671153057,-0.9634337533,0.0210906703,,,,
24263,0.0,-116.501579,2048.114502,1750.702271,0.2671153057,-0.9634337533,0.0210906703,,,,
24264,0.0,-115.120293,2043.314209,1750.702271,0.2671153057,-0.9634337533,0.0210906703,,,,
24265,0.0,-114.266228,2040.336182,1750.702271,0.2671153057,-0.9634337533,0.0210906703,,,,
24266,0.0,-113.419823,2037.378784,1750.702271,0.2671153057,-0.9634337533,0.0210906703,,,,
24267,0.0,-112.046898,2032.568359,1750.702271,0.2671153057,-0.9634337533,0.0210906703,,,,
24268,0.0,-111.224823,2029.680176,1750.702271,0.2671153057,-0.9634337533,0.0210906703,,,,
24269,0.0,-110.461525,2026.993896,1750.702148,0.2671153057,-0.9634337533,0.0210906703,,,,
24270,0.0,-108.951614,2021.670166,1750.701294,0.2671153057,-0.9634337533,0.0210906703,,,,
24271,0.0,-107.957596,2018.749878,1750.701294,0.2671153057,-0.9634337533,0.0210906703,,,,
24272,0.0,-106.302841,2014.737671,1750.701294,0.2671153057,-0.9634337533,0.0210906703,,,,
24273,0.0,-103.462761,2009.2948,1750.701294,0.2752650202,-0.9610676912,0.0240429096,,,,
24274,0.0,-101.796074,2006.606812,1750.701294,0.2840690028,-0.9584206813,0.0271034939,,,,
24275,0.0,-100.498226,2004.8299565,1750.701233,0.294394617,-0.9551578869,0.029686443,,,,
24276,0.0,-99.200378,2003.053101,1750.701172,0.3047202312,-0.9518950925,0.032269392,,,,
24277,0.0,-97.131523,2000.402954,1750.701172,0.3183725701,-0.9473050764,0.0353835962,,,,
24278,0.0,-93.95507,1996.990112,1750.701294,0.3589633104,-0.9324412811,0.041214065,,,,
24279,0.0,-89.088036,1992.575317,1750.701294,0.4210437819,-0.905689601,0.0494821223,,,,
24280,0.0,-86.842194,1990.583496,1750.701294,0.4360586747,-0.8984678666,0.0510717622,,,,
24281,0.0,-83.230194,1987.738281,1750.701294,0.4662999546,-0.8829536808,0.0543796832,,,,
24282,0.0,-80.633675,1985.799316,1750.701294,0.4820905255,-0.8743684162,0.0553949269,,,,
24283,0.0,-78.025612,1983.872803,1750.701294,0.4893622646,-0.8702647844,0.0562474804,,,,
24284,0.0,-75.226532,1981.887085,1750.701294,0.4932376533,-0.8680555095,0.0565353848,,,,
24285,0.0,-71.227692,1979.221313,1750.701294,0.4960968226,-0.8664246608,0.0565353848,,,,
24286,0.0,-68.643387,1977.589355,1750.701294,0.4961853742,-0.866373952,0.0565353848,,,,
24287,0.0,-65.745499,1975.842285,1750.701294,0.4961853742,-0.866373952,0.0565353848,,,,
24288,0.0,-61.822689,1973.606567,1750.701294,0.4961853742,-0.866373952,0.0565353848,,,,
24289,0.0,-59.320847,1972.248779,1750.701294,0.4961853742,-0.866373952,0.0565353848,,,,
24290,0.0,-55.127739,1970.075562,1750.701294,0.4961853742,-0.866373952,0.0565353848,,,,
24291,0.0,-51.982342,1968.542114,1750.701294,0.4961853742,-0.866373952,0.0565353848,0.14961405,672.6658980718,1278.4450332423,3.0
24292,0.0,-48.552605,1966.962891,1750.701294,0.4961853742,-0.866373952,0.0565353848,0.148342074,668.9769900229,1276.4347748723,3.0
24293,0.0,-45.78611,1965.733276,1750.701294,0.4961663282,-0.8663405562,0.0572102742,0.1473419192,666.0381198153,1274.788941298,3.0
24294,0.0,-41.426159,1963.864258,1750.701294,0.4961582088,-0.8663265194,0.0574925521,0.1457714842,661.4646873113,1272.2977183117,3.0
24295,0.0,-38.841652,1962.798584,1750.701294,0.4967534515,-0.8659853433,0.0574925521,0.1444767542,658.035284027,1270.9164277181,3.0
24296,0.0,-34.355103,1961.01416,1750.701294,0.4994440584,-0.8643723069,0.0584478197,0.1412941705,650.067605802,1268.5017543057,3.0
24297,0.0,-31.759325,1960.03894,1750.701294,0.5048228485,-0.8611945032,0.0591432104,0.1372328214,640.6787213964,1267.161634863,3.0
24298,0.0,-27.901741,1958.614014,1750.701294,0.510165997,-0.8579679196,0.0601805979,0.1327942628,630.0492416433,1265.2861389984,3.0
24299,0.0,-25.216818,1957.65686,1750.701294,0.5141406868,-0.8555790844,0.0603637682,0.1294459673,622.1286691983,1264.3019964881,3.0
24300,0.0,-21.010328,1956.185791,1750.701294,0.5188382028,-0.8527386087,0.0603637682,0.125462625,612.0447897481,1262.0569953533,3.0
24301,0.0,-17.141949,1954.855957,1750.701294,0.5212202803,-0.8512310845,0.0611151389,0.1228953286,605.2652466817,1260.1835473831,3.0
24302,0.0,-13.766844,1953.728516,1750.701294,0.5215642373,-0.8510055897,0.0613207363,0.1215617204,601.499577587,1258.746983739,3.0
24303,0.0,-9.497998,1952.33667,1750.701294,0.5223513486,-0.8505226839,0.0613207363,0.119744524,596.3748765705,1256.8489239725,3.0
24304,0.0,-7.118812,1951.577026,1750.701294,0.5223798942,-0.8505051519,0.0613207363,0.1189730608,594.0819645784,1255.8117520871,3.0
24305,0.0,-3.184056,1950.343384,1750.701294,0.5223798942,-0.8505051519,0.0613207363,0.1177239611,590.4052666756,1254.2269628521,3.0
24306,0.0,0.484822,1949.217407,1750.701294,0.5223798942,-0.8505051519,0.0613207363,0.1165762464,587.0818903296,1252.9092874267,3.0
24307,0.0,3.845194,1948.219971,1750.701294,0.5251561712,-0.8487937106,0.0613207363,0.1140294211,580.5232573752,1251.825249175,3.0
24308,0.0,7.952645,1947.033447,1750.701294,0.5297163576,-0.8458987081,0.0620963457,0.1103828461,571.1741378896,1250.6357230294,3.0
24309,0.0,11.83353,1945.960693,1750.701294,0.5380968556,-0.840455099,0.0639296539,0.1049000629,557.1439964359,1249.5784369046,3.0
24310,0.0,15.905261,1944.873169,1750.701294,0.5485157107,-0.8336012951,0.0651106434,0.0984186359,540.1221350779,1248.520992254,3.0
24311,0.0,19.532356,1943.912354,1750.701294,0.554175634,-0.8298464344,0.0651480012,0.0945878255,529.6688366729,1247.6487421445,3.0
24312,0.0,25.793007,1942.319824,1750.701294,0.5650133503,-0.8225057154,0.0651480012,0.0876109726,510.1159000266,1246.2394308582,3.0
24313,0.0,28.211092,1941.609802,1750.701294,0.5687870034,-0.8198500578,0.0656179372,0.0852374361,503.2096297895,1245.7182053708,3.0
24314,0.0,33.018665,1940.029907,1750.701294,0.5752911843,-0.8152730983,0.0661046787,0.0810650508,490.9153236629,1244.6855070289,3.0
24315,0.0,35.031002,1939.210205,1750.701294,0.57954759,-0.812236063,0.0661046787,0.0786744522,483.6940249731,1244.243736435,3.0
24316,0.0,39.604164,1937.251587,1750.701294,0.5925220422,-0.8028373455,0.0661046612,0.0718119914,462.6183302837,1243.2247944036,3.0
24317,0.0,43.484573,1935.305908,1750.701294,0.6033601754,-0.7947242731,0.0661046787,0.0663362241,444.9478692296,1242.3480337198,3.0
24318,0.0,47.006706,1933.406616,1750.701294,0.6167268421,-0.7844649237,0.0652900124,0.0600011895,423.5871303601,1241.5439404362,3.0
24319,0.0,50.294125,1931.503052,1750.701294,0.6299406967,-0.7739759885,0.064310868,0.0540320232,402.3367398136,1240.7841386851,3.0
24320,0.0,51.974062,1930.4221195,1750.701294,0.63353988,-0.7710235699,0.0642510746,0.0523999413,396.2044409881,1240.3878467038,3.0
24321,0.0,56.537388,1927.239258,1750.701294,0.649205571,-0.7579753759,0.0632886734,0.0457319791,370.5218321832,1239.4007141276,3.0
24322,0.0,59.096703,1925.018066,1750.701294,0.657835804,-0.7505021352,0.063234485,0.0422818184,356.4527640076,1238.9394193204,3.0
24323,0.0,61.767342,1922.471191,1750.701294,0.6750319223,-0.7352357929,0.0613207363,0.0358127586,328.4887333579,1238.5403163104,3.0
24324,0.0,63.21497,1920.856567,1750.701294,0.6823131312,-0.7284837392,0.0613207363,0.0332447557,316.654380869,1238.3652864683,3.0
24325,0.0,65.976891,1917.515503,1750.701294,0.7034011418,-0.708298667,0.0594964876,0.0262397023,281.7754486711,1238.1592141985,3.0
24326,0.0,67.798836,1914.896729,1750.701294,0.7134511259,-0.6981821608,0.0594067447,0.0232134251,265.2215941655,1238.1104165069,3.0
24327,0.0,69.459244,1912.231812,1750.701294,0.7223092392,-0.6890838771,0.0585898725,0.0206762442,250.4738646569,1238.1354876945,3.0
24328,0.0,71.061165,1909.385132,1750.701294,0.7307275378,-0.6801624055,0.0584497014,0.0184359485,236.6668359075,1238.2279522547,3.0
24329,0.0,72.607849,1906.336548,1750.701294,0.7382532198,-0.6720559049,0.0576458515,0.0165325429,224.2478351668,1238.3570780832,3.0
24330,0.0,73.777077,1903.762695,1750.701294,0.7427666942,-0.6670773886,0.0574925695,0.0154947021,217.1769416057,1238.4998728574,3.0
24331,0.0,75.15815,1900.450562,1750.701294,0.7465545784,-0.6628354758,0.0574925521,0.0147118451,211.7062163499,1238.7631094436,3.0
24332,0.0,76.597214,1896.692017,1750.701294,0.7496331763,-0.6593517327,0.0574925521,0.0141492355,207.7168671849,1239.1730862379,3.0
24333,0.0,77.655319,1893.499634,1750.701294,0.7517639172,-0.6569213189,0.0574925521,0.0138091198,205.2737565096,1239.4811873582,3.0
24334,0.0,78.777184,1889.986084,1750.701294,0.7548707157,-0.6533489183,0.0574925521,0.0132730338,201.3412060062,1239.8766237908,3.0
24335,0.0,79.687225,1886.824341,1750.701294,0.7562892768,-0.6517063266,0.0574925521,0.0131180174,200.2421030764,1240.3243246986,3.0
24336,0.0,80.584793,1883.4646,1750.701294,0.7570125988,-0.650865986,0.0574925521,0.0131467656,200.5370533634,1240.8014038823,3.0
24337,0.0,81.486954,1879.815063,1750.701294,0.7571429709,-0.6507143214,0.0574925521,0.0133366104,202.0579135657,1241.340679227,3.0
24338,0.0,82.40387,1875.83313,1750.701294,0.7571429709,-0.6507143214,0.0574925521,0.0135834431,204.0044646561,1241.9370267175,3.0
24339,0.0,83.17643,1872.241699,1750.701294,0.7571429709,-0.6507143214,0.0574925521,0.013819546,205.8552675679,1242.526744578,3.0
24340,0.0,83.731667,1869.513794,1750.701294,0.7571429709,-0.6507143214,0.0574925521,0.0140040121,207.2911818532,1242.9836203592,3.0
24341,0.0,84.276634,1866.900391,1750.701294,0.7571429709,-0.6507143214,0.0574925521,0.0141705945,208.6627210292,1243.8839471149,3.0
24342,0.0,85.288795,1862.325806,1750.701294,0.7571429709,-0.6507143214,0.0574925521,0.0144936877,211.0653492953,1244.2047496466,3.0
24343,0.0,86.424622,1858.289307,1750.701294,0.7571429709,-0.6507143214,0.0574925521,0.0147538484,213.0113198995,1244.6373889098,3.0
24344,0.0,87.347305,1855.632324,1750.701294,0.7571429709,-0.6507143214,0.0574925521,0.014911637,214.1928420808,1244.9513213065,3.0
24345,0.0,88.811501,1851.917603,1750.701294,0.7571429709,-0.6507143214,0.0574925521,0.0151237587,215.7488906863,1245.236908792,3.0
24346,0.0,90.438049,1848.283813,1750.701294,0.7571429709,-0.6507143214,0.0574925521,0.0153184081,217.1537799638,1245.4180458248,3.0
24347,0.0,91.781372,1845.562378,1750.701294,0.7571429709,-0.6507143214,0.0574925521,0.0154559771,218.1335157201,1245.5001895487,3.0
24348,0.0,93.340881,1842.828491,1750.701294,0.7571429709,-0.6507143214,0.0574925521,0.0155646064,218.8957165619,1245.5171417885,3.0
24349,0.0,95.51123,1839.741333,1750.701294,0.7571429709,-0.6507143214,0.0574925521,0.0156249681,219.296625904,1245.4047072731,3.0
24350,0.0,97.961311,1836.875854,1750.701294,0.7571429709,-0.6507143214,0.0574925521,0.0156162356,219.1951587928,1245.173729024,3.0
24351,0.0,99.785774,1835.065308,1750.701294,0.7571429709,-0.6507143214,0.0574925521,0.0155708134,218.8433955563,1244.9731681376,3.0
24352,0.0,102.632599,1832.641602,1750.701294,0.7571429709,-0.6507143214,0.0574925521,0.0154513296,217.941565228,1244.5898655066,3.0
24353,0.0,105.38842,1830.654053,1750.701294,0.7571429709,-0.6507143214,0.0574925521,0.0152939777,216.7659607257,1244.1787080984,3.0
24354,0.0,109.771736,1827.453247,1750.701294,0.7571429709,-0.6507143214,0.0574925521,0.0150408807,214.8170520464,1243.2438966629,3.0
24355,0.0,112.47538,1825.435669,1750.701294,0.7571429709,-0.6507143214,0.0574925521,0.0148818518,213.5657569972,1242.5387813615,3.0
24356,0.0,114.1001245,1824.204895,1750.701294,0.7571429709,-0.6507143214,0.0574925521,0.0147855076,212.7948011793,1242.0554045981,3.0
24357,0.0,117.904785,1821.302246,1750.701294,0.7571429709,-0.6507143214,0.0574925521,0.0145596938,210.974824582,1240.8694630164,3.0
24358,0.0,119.619518,1819.98291,1750.701294,0.7577466632,-0.65001057,0.0574925521,0.0143178699,209.1209037379,1240.2731404086,3.0
24359,0.0,123.605461,1816.910522,1750.701294,0.7598571779,-0.6475427984,0.0574925521,0.0136004833,203.6191532062,1238.8198521908,3.0
24360,0.0,125.103592,1815.764587,1750.701294,0.7618938914,-0.6451374814,0.0574925608,0.0130675329,199.4815589502,1238.2312583554,3.0
24361,0.0,128.975967,1812.800171,1750.701294,0.7675161329,-0.6384462328,0.0574925521,0.0116542389,188.251926448,1236.6634255044,3.0
24362,0.0,132.402298,1810.185425,1750.701294,0.7736454011,-0.6310050712,0.0574925521,0.0102645554,176.5229139491,1235.1888107458,3.0
24363,0.0,134.700424,1808.488037,1750.701294,0.7809156999,-0.6218686096,0.0587375693,0.0089317492,164.582548189,1234.162787884,3.0
24364,0.0,138.262177,1805.836182,1750.701294,0.7903436077,-0.6096173673,0.0610216942,0.0074702483,150.3692285767,1232.5060090842,3.0
24365,0.0,140.613052,1804.120605,1750.701294,0.7977738553,-0.5997177345,0.0624140588,0.0064941961,140.1462165268,1231.7141398952,3.0
24366,0.0,144.578415,1801.188721,1750.701294,0.8072569868,-0.5867111877,0.0640791658,0.0055238045,129.0451769099,1229.4424302925,3.0
24367,0.0,147.829987,1798.811646,1750.701294,0.8149443264,-0.5759732844,0.0641912813,0.0048632169,120.9409688617,1227.7933789555,3.0
24368,0.0,150.230621,1797.073486,1750.701294,0.8204068246,-0.5680844771,0.0649050779,0.0045848752,117.3193010715,1226.5607881688,3.0
24369,0.0,153.129578,1794.972168,1750.701294,0.8257884883,-0.5601291815,0.0657926488,0.0044528571,115.4796387522,1225.0534643383,3.0
24370,0.0,156.80838,1792.297485,1750.701294,0.8301147436,-0.5536044016,0.0665708567,0.0044714239,115.5641275562,1223.4075187209,3.0
24371,0.0,159.555161,1790.293091,1750.701294,0.8321303929,-0.550525831,0.0669351826,0.0045222157,116.0550423869,1221.7009977897,3.0
24372,0.0,163.570251,1787.422241,1750.701294,0.8363765978,-0.543920993,0.0680010295,0.004717047,118.3129084839,1219.536440319,3.0
24373,0.0,166.609558,1785.284424,1750.701294,0.8398164694,-0.5385924895,0.0680178504,,,,
24374,0.0,169.020493,1783.61853,1750.701294,0.843157155,-0.5332646969,0.0686642193,,,,
24375,0.0,173.020142,1780.918579,1750.701294,0.8499903494,-0.5220324429,0.0707003154,,,,
24376,0.0,175.835175,1779.083008,1750.701294,0.8565050358,-0.5111468873,0.0716099384,,,,
24377,0.0,179.214157,1776.939697,1750.701294,0.8649398133,-0.4966439345,0.0722767022,0.0079451784,152.2892460763,1210.5055033908,3.0
24378,0.0,182.206711,1775.029541,1750.701294,0.8705006507,-0.4867752576,0.0726530503,0.0090303018,162.0364760422,1208.4517977285,3.0
24379,0.0,186.169525,1772.564453,1750.701294,0.8787712909,-0.4716579603,0.0727996353,0.0110335594,178.7568729736,1206.6774658061,3.0
24380,0.0,188.928421,1770.921387,1750.701294,0.8856702394,-0.4585721755,0.0727996353,0.0130435879,194.1205656431,1205.8098954128,3.0
24381,0.0,193.100891,1768.509277,1750.701294,0.8964879705,-0.4370463756,0.0727996179,0.0168422341,220.0755395162,1204.1852216464,3.0
24382,0.0,196.087494,1766.841187,1750.701294,0.9043453764,-0.4204165269,0.0735485153,0.0203029404,241.1909185822,1203.0456639025,3.0
24383,0.0,200.216187,1764.554565,1750.701294,0.912827392,-0.4016294768,0.0737557846,0.0246035502,264.7003618321,1200.6834142669,3.0
24384,0.0,202.691238,1763.199585,1750.701294,0.9166646852,-0.3927924855,0.073755802,0.0269110092,276.392291657,1199.465049322,3.0
24385,0.0,206.630234,1761.07373,1750.701294,0.921625173,-0.3810080341,0.073755802,0.0302911805,292.5143628855,1197.5346300948,3.0
24386,0.0,210.531693,1758.974121,1750.701294,0.9240028346,-0.3752050684,0.073755802,0.0324034097,301.8947482108,1195.6172481973,3.0
24387,0.0,214.111801,1757.057251,1750.701294,0.9244334941,-0.3741427526,0.0737557846,0.0333411087,305.7078670004,1193.8563571579,3.0
24388,0.0,214.583267,1756.8048095,1750.701294,0.924438078,-0.3741314262,0.0737557846,0.0342447885,309.7640520359,1194.0086652177,3.0
24389,0.0,220.152618,1753.896362,1750.701294,0.9244426619,-0.3741200998,0.0737557846,0.0360322973,317.0147315635,1191.6982383674,3.0
24390,0.0,224.435181,1751.709717,1750.701294,0.9244426619,-0.3741200998,0.0737557846,0.0368801209,320.1152407714,1189.6981141539,3.0
24391,0.0,227.76857,1750.0448,1750.701294,0.9244426619,-0.3741200998,0.0737557846,0.037364997,321.6805227416,1187.8798619264,3.0
24392,0.0,230.40358,1748.748413,1750.701294,0.9244426619,-0.3741200998,0.0737557846,0.0377737906,322.9816306358,1186.3367999129,3.0
24393,0.0,234.694534,1746.668701,1750.701294,0.9244426619,-0.3741200998,0.0737557846,0.0384937397,325.2475304032,1183.6521892714,3.0
24394,0.0,237.461746,1745.346313,1750.701294,0.9244426619,-0.3741200998,0.0737557846,0.0389911455,326.7937376771,1181.8189545406,3.0
24395,0.0,244.810715,1741.898193,1750.701294,0.9244426619,-0.3741200998,0.0737557846,0.0404363086,331.204108382,1176.6038693445,3.0
24396,0.0,246.7682345,1740.9962765,1750.701294,0.9244426619,-0.3741200998,0.0737557846,0.0408572197,332.4632382625,1175.1273622314,3.0
24397,0.0,248.725754,1740.09436,1750.701294,0.9244426619,-0.3741200998,0.0737557846,0.0412781307,333.722368143,1173.6508551184,3.0
24398,0.0,252.620529,1738.31958,1750.701294,0.9244426619,-0.3741200998,0.0737557846,0.0421789534,336.3954807286,1170.619506791,3.0
24399,0.0,258.986176,1735.565674,1750.701294,0.9244426619,-0.3741200998,0.0737557846,0.0439657129,341.8372036849,1165.6657488944,3.0
24400,0.0,262.782959,1734.23584,1750.701294,0.9244426619,-0.3741200998,0.0737557846,0.0451202599,345.3341330172,1162.7696494241,3.0
24401,0.0,266.487732,1733.194214,1750.701294,0.9244426619,-0.3741200998,0.0737557846,0.0463188159,348.963710556,1160.0446218182,3.0
24402,0.0,268.5221865,1732.7504275,1750.701294,0.9244426619,-0.3741200998,0.0737557846,0.047017335,351.066368125,1158.5840996651,3.0
24403,0.0,271.641449,1732.096069,1750.701294,0.9244426619,-0.3741200998,0.0737557846,0.0480982573,354.3124583669,1156.3592442615,3.0
24404,0.0,277.77005,1731.322266,1750.701294,0.9244426619,-0.3741200998,0.0737557846,0.0503724336,361.0736289022,1152.1883401401,3.0
24405,0.0,280.578857,1731.110474,1750.701294,0.9242155481,-0.3746808039,0.0737557846,0.0512875093,363.6625186199,1150.320483666,3.0
24406,0.0,284.905243,1730.770508,1750.701294,0.9240835516,-0.3750062318,0.0737557846,0.0528932134,368.2155475948,1147.3799611203,3.0
24407,0.0,288.233887,1730.401489,1750.701294,0.9240835516,-0.3750062318,0.0737557846,0.0540780359,371.4135109806,1144.944758714,3.0
24408,0.0,292.704041,1729.789673,1750.701294,0.9240835516,-0.3750062318,0.0737557846,0.0560056583,376.7305661906,1141.7405004202,3.0
24409,0.0,296.728058,1729.137695,1750.701294,0.9240835516,-0.3750062318,0.0737557846,0.0576331856,380.9929390174,1138.7148639022,3.0
24410,0.0,299.652618,1728.604248,1750.701294,0.9240835516,-0.3750062318,0.0737557846,0.0586798417,383.5480820788,1136.3883339898,3.0
24411,0.0,303.032227,1727.923218,1750.701294,0.9239367726,-0.3753677189,0.0737557846,0.0602202922,387.5184234964,1133.8215824673,3.0
24412,0.0,307.571686,1726.94751,1750.701294,0.9237436659,-0.3758426852,0.0737557846,0.0618107445,391.1655696778,1130.1355673726,3.0
24413,0.0,310.753296,1726.223877,1750.701294,0.9237235985,-0.375892003,0.0737557846,0.0630268767,393.9542080247,1127.511689768,3.0
24414,0.0,314.97934,1725.172485,1750.701294,0.9237235985,-0.375892003,0.0737557846,0.0648603789,398.2101171348,1124.0002206675,3.0
24415,0.0,319.270966,1724.036743,1750.701294,0.9230661927,-0.3776890481,0.0727996353,0.065887266,399.943947185,1120.3597371287,3.0
24416,0.0,322.17334,1723.216553,1750.701294,0.9219389212,-0.380432433,0.0727996527,0.0661124372,399.706314406,1117.8507307919,3.0
24417,0.0,326.136475,1722.027588,1750.701294,0.9191841549,-0.3871914976,0.071994678,0.0652381062,395.911183266,1114.3800645118,3.0
24418,0.0,329.113281,1721.085083,1750.701294,0.9163327955,-0.3940322965,0.0712232906,0.0639333697,391.1361790068,1111.7420732001,3.0
24419,0.0,333.287994,1719.695435,1750.701294,0.9114363978,-0.4054193667,0.0701343696,0.0614867644,382.5293791458,1107.9995658944,3.0
24420,0.0,337.535583,1718.429565,1750.701294,0.9044972471,-0.4210048451,0.068114979,0.0575940949,369.3564917193,1104.2992135927,3.0
24421,0.0,339.838348,1717.722412,1750.701172,0.8926831533,-0.4457342252,0.0666167266,0.0501523299,344.6934147146,1102.2677158905,3.0
24422,0.0,344.438141,1716.56958,1750.701294,0.8739305538,-0.4817549721,0.0644789427,0.040632074,309.9243416662,1098.4067544544,3.0
24423,0.0,347.67276,1715.831665,1750.701294,0.8585693274,-0.5088191203,0.0629429338,0.0340619903,283.5449958238,1095.7262523859,3.0
24424,0.0,351.419678,1715.036987,1750.701294,0.8317740794,-0.5516924452,0.0615412602,0.0247179138,241.3994813986,1092.485956822,3.0
24425,0.0,355.410706,1714.346802,1750.701294,0.8059874882,-0.5887477696,0.0613207363,0.01836174,207.777144016,1089.2527521885,3.0
24426,0.0,357.994019,1713.982544,1750.701294,0.7909394923,-0.6087582153,0.0618720841,0.0156965558,191.869125453,1087.173526098,3.0
24427,0.0,361.910004,1713.560181,1750.701416,0.7714979633,-0.6330648583,0.0634017178,0.0133166364,176.3874852087,1084.4416007839,3.0
24428,0.0,366.226257,1713.241333,1750.701294,0.7577429725,-0.6493224012,0.064853734,0.0122336205,168.5105719459,1080.6050191491,3.0
24429,0.0,370.51358,1713.015747,1750.701294,0.7473749647,-0.6610268301,0.0668894007,0.0119373264,165.8827865931,1076.7943101678,3.0
24430,0.0,373.468292,1712.922607,1750.701294,0.7431052525,-0.6658058023,0.0670612953,0.0119440322,165.6108106748,1074.7288256786,3.0
24431,0.0,377.843872,1712.842163,1750.701294,0.7393537053,-0.6698891711,0.0678571809,0.0123130808,167.7984038275,1072.5819189415,3.0
24432,0.0,381.343384,1712.811035,1750.701294,0.7374814136,-0.6719335823,0.0680178329,0.0126624928,169.9840577795,1071.5508157905,3.0
24433,0.0,385.083893,1712.796875,1750.701294,0.7355986896,-0.6739941708,0.0680178329,0.0129872792,172.0294180356,1070.8861659422,3.0
24434,0.0,388.569916,1712.787598,1750.701294,0.7329869162,-0.6768336226,0.0680178504,0.013141597,172.9557478209,1070.3540793544,3.0
24435,0.0,392.460541,1712.79126,1750.701294,0.7300496155,-0.6799396399,0.0686268529,0.0133559098,174.2303985682,1069.614190321,3.0
24436,0.0,397.083771,1712.808472,1750.701294,0.726330128,-0.6838765131,0.0689743429,0.0134923445,174.98352593,1068.8292534831,3.0
24437,0.0,401.357025,1712.840332,1750.701294,0.723299918,-0.6870806146,0.0689743255,0.0136017707,175.5699870501,1068.118392416,3.0
24438,0.0,404.423431,1712.869263,1750.701294,0.721191518,-0.6892933587,0.0689743429,0.0136680365,175.911565977,1067.6168352367,3.0
24439,0.0,407.474579,1712.901611,1750.701294,0.7190869348,-0.691488628,0.0689743255,0.0137189699,176.1724440987,1067.227189278,3.0
24440,0.0,409.89505,1712.927734,1750.714111,0.7172924197,-0.6933499294,0.0689743429,0.0137390372,176.2614502946,1066.9916862886,3.0
24441,0.0,415.830811,1712.999268,1751.621826,0.7131041731,-0.6976567769,0.0689743429,0.0139438976,177.4985017386,1066.6129278229,3.0
24442,0.0,423.66571,1713.116943,1753.765137,0.7087200252,-0.7021100098,0.0689743429,0.0145336959,181.2080664215,1066.7391442896,3.0
24443,0.0,427.830017,1713.172485,1754.877319,0.7067965526,-0.7040462863,0.0689743429,0.0148807709,183.2891546914,1066.4260734105,3.0
24444,0.0,431.650452,1713.039185,1755.899048,0.7053687944,-0.705476721,0.0689743429,0.0152630059,185.5904684845,1066.3116395193,3.0
24445,0.0,433.614899,1712.8440555,1756.4244995,0.7049260286,-0.7058754462,0.0694161258,0.015573333,187.4359332453,1066.2685824235,3.0
24446,0.0,438.504822,1712.170532,1757.723022,0.7039413791,-0.706807063,0.0699307546,0.0162721839,191.5271232144,1066.0223780635,3.0
24447,0.0,442.683868,1711.260132,1758.824951,0.7031599627,-0.7075844518,0.0699307546,0.0168156194,194.6036668731,1065.6461945219,3.0
24448,0.0,446.412811,1710.22937,1759.810303,0.7018231806,-0.7089103717,0.0699307371,0.0172181677,196.7914664124,1065.063078792,3.0
24449,0.0,449.741089,1709.144653,1760.688232,0.7011231179,-0.7096027502,0.0699307546,0.0176703995,199.1948141382,1064.3069803747,3.0
24450,0.0,452.824097,1708.002075,1761.503296,0.6999969204,-0.7107137282,0.0699307371,0.0180267185,201.0067860472,1063.4167161919,3.0
24451,0.0,456.875153,1706.314575,1762.574219,0.6983742438,-0.7123082936,0.0699307546,0.0184869366,203.2644843325,1062.014771224,3.0
24452,0.0,459.846558,1704.926147,1763.363037,0.6960094145,-0.7146191884,0.0699307546,0.0186415583,203.8701689659,1060.7939927839,3.0
24453,0.0,462.876038,1703.395752,1764.169312,0.6929327212,-0.7175319113,0.070655503,0.0188127065,204.5301747235,1059.4219875584,3.0
24454,0.0,466.694946,1701.318115,1765.18457,0.6895279249,-0.7207816986,0.0708871194,0.018976233,204.9926875503,1057.2763671694,3.0
24455,0.0,469.99823,1699.362427,1765.683228,0.6846736995,-0.7253943386,0.0708870846,0.0187980099,203.721807328,1055.6433242025,3.0
24456,0.0,473.156189,1697.373413,1765.702148,0.6797326313,-0.7300264148,0.0708871194,0.0185024088,201.7492312157,1053.6611757549,3.0
24457,0.0,476.020569,1695.448486,1765.701294,0.6733421734,-0.7359248187,0.0708870846,0.0179649064,198.4591440095,1051.7268572106,3.0
24458,0.0,479.393341,1693.011353,1765.701294,0.6611745299,-0.7467851798,0.0718340883,0.0169177236,192.194003417,1049.2971766503,3.0
24459,0.0,482.073914,1690.855469,1765.701294,0.6433565077,-0.7620236205,0.0735690543,0.0154926388,183.6161504139,1047.1811676099,3.0
24460,0.0,485.147461,1688.114624,1765.701294,0.6117685815,-0.7872184451,0.0776293914,0.0140604613,174.5423966802,1044.5233167348,3.0
24461,0.0,487.81308,1685.425659,1765.701294,0.5711019711,-0.8168294345,0.0814384035,0.0139425339,173.3898625407,1041.9741442653,3.0
24462,0.0,489.734924,1683.273315,1765.701416,0.5347667949,-0.8408529033,0.0836114228,0.015426334,181.9902508863,1040.1192779309,3.0
24463,0.0,492.828552,1679.94104,1765.701294,0.4903772513,-0.8672404975,0.086163048,0.0193155421,202.77930371,1036.7225138152,3.0
24464,0.0,495.010223,1677.116333,1765.701294,0.4374340709,-0.8949351898,0.0879911341,0.0266646369,237.2005249765,1034.0638586541,3.0
24465,0.0,497.534454,1674.00061,1765.701294,0.3990241654,-0.9125068056,0.090061341,0.0336643388,265.2892207624,1031.1117404963,3.0
24466,0.0,499.753601,1671.113525,1765.701294,0.3670686428,-0.9255490535,0.0928415913,0.0406154198,290.083972573,1028.2966435247,3.0
24467,0.0,502.089111,1668.059082,1765.701294,0.3445309817,-0.934067149,0.0938986892,0.0456170845,306.1207688867,1025.2368419176,3.0
24468,0.0,504.33255,1665.139404,1765.701294,0.3355781739,-0.9372273586,0.0948270401,0.0473530283,310.879287028,1022.3651622206,3.0
24469,0.0,506.695679,1662.018799,1765.701294,0.3343058548,-0.9376777963,0.0948680442,0.0469050054,308.522485114,1019.3317280908,3.0
24470,0.0,508.802795,1659.095337,1765.701294,0.3342918617,-0.9376827833,0.0948680616,0.0461998501,305.3963716147,1016.4909590998,3.0
24471,0.0,511.061829,1655.804688,1765.701294,0.3342918617,-0.9376827833,0.0948680616,0.0454327945,301.9659950639,1013.3232559264,3.0
24472,0.0,512.883118,1653.021118,1765.701294,0.3342918617,-0.9376827833,0.0948680616,0.0448137896,299.1656661089,1010.675765368,3.0
24473,0.0,515.147278,1649.414795,1765.701294,0.3342918617,-0.9376827833,0.0948680616,0.0440474683,295.6478343041,1007.2448853143,3.0
24474,0.0,517.037231,1646.269287,1765.701294,0.3342918617,-0.9376827833,0.0948680616,0.0434093819,292.672910875,1004.247461718,3.0
24475,0.0,519.092773,1642.717041,1765.701294,0.3342918617,-0.9376827833,0.0948680616,0.0427152187,289.398827946,1000.8717730329,3.0
24476,0.0,520.790466,1639.671753,1765.701294,0.3342918617,-0.9376827833,0.0948680616,0.0421413325,286.661144967,997.9850373915,3.0
24477,0.0,522.703979,1636.130127,1765.701294,0.3342918617,-0.9376827833,0.0948680616,0.0414927572,283.5459695884,994.6601993255,3.0
24478,0.0,524.554932,1632.591064,1765.701294,0.3342918617,-0.9376827833,0.0948680616,0.0408649333,280.500945708,991.3493895146,3.0
24479,0.0,526.114563,1629.520142,1765.701294,0.3342918617,-0.9376827833,0.0948680616,0.0403357283,277.9105477144,988.4830838945,3.0
24480,0.0,527.643921,1626.421143,1765.701294,0.3342918617,-0.9376827833,0.0948680616,0.0397163656,275.0311177663,985.6838180039,3.0
24481,0.0,529.567383,1622.453125,1765.701294,0.3342918617,-0.9376827833,0.0948680616,0.0390238061,271.6087993016,981.8448403231,3.0
24482,0.0,532.733215,1615.669922,1765.701294,0.3342918617,-0.9376827833,0.0948680616,0.0376197447,265.0227863814,975.4021553791,3.0
24483,0.0,537.555542,1614.642944,1767.10144,0.3342918617,-0.9376827833,0.0948680616,0.0362963817,259.688026138,972.7075543982,3.0
24484,0.0,539.36676,1610.766602,1767.410522,0.3342918617,-0.9376827833,0.0948680616,0.0356995891,256.6006358138,968.9964048685,3.0
24485,0.0,541.265076,1606.729736,1767.682373,0.3342918617,-0.9376827833,0.0948680616,0.0349568683,252.9955841189,965.2962928314,3.0
24486,0.0,542.828491,1603.281006,1767.830444,0.3342918617,-0.9376827833,0.0948680616,0.0344568551,250.450657852,962.3721970776,3.0
24487,0.0,544.59082,1599.769775,1767.865234,0.3342918617,-0.9376827833,0.0948680616,0.0336811818,246.9116937471,959.4470904556,3.0
24488,0.0,546.24353,1596.419067,1767.859009,0.3342918617,-0.9376827833,0.0948680616,0.0331340564,244.289486246,956.9298292329,3.0
24489,0.0,548.010803,1592.732544,1767.695068,0.3342918617,-0.9376827833,0.0948680616,0.0328683723,242.6392209854,954.2346750807,3.0
24490,0.0,549.560242,1589.388916,1767.521362,0.3342918617,-0.9376827833,0.0948680616,0.0326912352,241.3681742551,951.7613770007,3.0
24491,0.0,551.156555,1585.769043,1767.126221,0.3342918617,-0.9376827833,0.0948680616,0.0323324935,239.5421209951,949.6999911396,3.0
24492,0.0,552.700867,1582.142944,1766.785278,0.3342918617,-0.9376827833,0.0948680616,0.0320510064,237.9838414985,947.5883581776,3.0
24493,0.0,554.299133,1578.249146,1766.468994,0.3342918617,-0.9376827833,0.0948680616,0.0318116279,236.4996928705,945.1577582309,3.0
24494,0.0,555.79718,1574.417847,1766.337036,0.3342918617,-0.9376827833,0.0948680616,0.0316610103,235.3396237663,942.7200040603,3.0
24495,0.0,555.9111325,1574.126465,1766.337097,0.3342918617,-0.9376827833,0.0948680616,0.0316475759,235.2388733144,942.5131669393,3.0
24496,0.0,556.025085,1573.835083,1766.337158,0.3342918617,-0.9376827833,0.0948680616,0.0316341415,235.1381228624,942.3063298183,3.0
24497,0.0,558.638489,1565.282959,1766.876221,0.3342918617,-0.9376827833,0.0948680616,0.0319071591,235.1163248524,938.2442787841,3.0
24498,0.0,560.552673,1560.204224,1766.917969,0.3342918617,-0.9376827833,0.0948680616,0.0315052296,232.5509991159,933.812649742,3.0
24499,0.0,562.078735,1555.836792,1767.074585,0.3342918617,-0.9376827833,0.0948680616,0.0312014255,230.4671438954,929.8676926629,3.0
24500,0.0,563.065002,1552.375122,1767.385498,0.3342918617,-0.9376827833,0.0948680616,0.0309611286,228.8820690689,926.9925297138,3.0
24501,0.0,564.214539,1548.340088,1767.740112,0.3342918617,-0.9376827833,0.0948680616,0.0306614245,227.020023803,923.8634946955,3.0
24502,0.0,565.153809,1544.872925,1767.941528,0.3342918617,-0.9376827833,0.0948680616,0.030449086,225.6103627164,921.2729240357,3.0
24503,0.0,566.455627,1541.359741,1767.928833,0.3335278518,-0.9379548103,0.0948680442,0.0302415647,224.2282052545,918.7167343142,3.0
24504,0.0,567.472412,1537.520142,1768.109253,0.3310626306,-0.938827772,0.0948680616,0.0303899611,224.1403309519,916.1462584128,3.0
24505,0.0,568.632751,1533.375244,1768.2229,0.32809707,-0.9398682693,0.0948680616,0.0306091252,224.290113249,913.521368154,3.0
24506,0.0,569.525452,1529.699463,1768.255859,0.3263225966,-0.9404858393,0.0948680616,0.0306883516,224.0473628725,911.3723128706,3.0
24507,0.0,570.717896,1525.760254,1768.106323,0.3217640551,-0.9420551702,0.0948680616,0.0311563493,225.0775179929,908.7684064126,3.0
24508,0.0,571.744812,1522.571899,1767.949585,0.320155037,-0.9426032073,0.0948680442,0.0311544566,224.5067559505,906.4910089542,3.0
24509,0.0,573.218201,1518.415039,1767.608643,0.3181176737,-0.9432927417,0.0948680616,0.031955653,226.7342314953,904.1194349787,3.0
24510,0.0,573.323517,1518.1206055,1767.608643,0.3180310644,-0.9433219411,0.0948680616,0.0319668624,226.7105050489,903.8689404866,3.0
24511,0.0,576.049133,1510.966919,1766.473389,0.3162696389,-0.9439139613,0.0948680616,0.031893331,225.1136485767,898.5196312097,3.0
24512,0.0,577.349731,1507.224609,1766.469604,0.3135516707,-0.9448203025,0.0948680442,0.0324515907,226.4138525427,896.0294549549,3.0
24513,0.0,578.647644,1503.524658,1766.048462,0.3126327362,-0.9451247659,0.0948680616,0.0327127644,226.6598988213,893.4745374873,3.0
24514,0.0,579.874268,1500.334961,1765.429199,0.3110398963,-0.9456501646,0.0948680616,0.033049855,227.255196427,891.3173640376,3.0
24515,0.0,581.214539,1496.759644,1765.209229,0.3084727338,-0.9464906868,0.0948680789,0.033614871,228.422228015,888.4609586893,3.0
24516,0.0,582.604187,1492.782227,1765.190918,0.3046614233,-0.9477243629,0.0948680616,0.0345396999,230.7432229311,885.5998549357,3.0
24517,0.0,583.832703,1489.238403,1765.243652,0.3002639492,-0.9490387879,0.0957441377,0.0356796257,233.6626615622,882.6184748833,3.0
24518,0.0,584.828064,1486.172852,1765.234131,0.2962870772,-0.9502799754,0.0958224206,0.0366576075,236.1753022683,880.3480356224,3.0
24519,0.0,586.507141,1481.857178,1765.684326,0.2918396158,-0.9516552452,0.0958224033,0.0379065362,239.2543510341,877.2895338288,3.0
24520,0.0,587.613464,1478.348389,1765.601685,0.2876215365,-0.9529385685,0.0958224206,0.039017821,242.0554893255,875.0776796508,3.0
24521,0.0,588.970276,1475.376709,1766.625732,0.2825704082,-0.9544055986,0.0962492486,0.0405633706,246.2481808641,873.4547322497,3.0
24522,0.0,590.250427,1471.266479,1766.586792,0.2776444804,-0.9558036481,0.0967105412,0.0420876896,249.9978074903,870.8874627838,3.0
24523,0.0,592.944275,1463.94873,1767.40271,0.2683640587,-0.9583538731,0.0976656848,0.0452840642,257.9588696943,867.0336240499,3.0
24524,0.0,592.99104325,1463.79946875,1767.40271,0.2681849324,-0.9584017291,0.0976875794,0.0453531087,258.1266729236,866.9532536104,3.0
24525,0.0,593.0378115,1463.6502075,1767.40271,0.2680058062,-0.9584495851,0.097709474,0.0454221533,258.294476153,866.8728831709,3.0
24526,0.0,593.08457975,1463.50094625,1767.40271,0.2678266799,-0.9584974411,0.0977313686,0.0454911979,258.4622793823,866.7925127314,3.0
24527,0.0,593.131348,1463.351685,1767.40271,0.2676475536,-0.9585452971,0.0977532632,0.0455602425,258.6300826117,866.7121422919,3.0
24528,0.0,598.531494,1450.908936,1766.791138,0.2544683705,-0.9618646559,0.1003106785,0.0511644312,271.3823197808,859.4287474744,3.0
24529,0.0,600.994934,1441.768433,1767.619141,0.2468581109,-0.963631478,0.1023496342,0.0555662683,281.2055070001,855.5031886011,3.0
24530,0.0,602.152649,1438.199707,1767.341431,0.2446973347,-0.964166409,0.1025004883,0.0569490151,284.1252762786,854.1313528372,3.0
24531,0.0,603.552063,1433.776855,1766.939819,0.2427575627,-0.964656631,0.1025004883,0.0583548855,286.7597145317,851.9117371111,3.0
24532,0.0,604.57489,1430.307251,1766.693359,0.2402676252,-0.9652798134,0.1025004883,0.0598304071,289.7534157442,850.4479499332,3.0
24533,0.0,605.736084,1426.157349,1766.281372,0.2372557248,-0.9659270437,0.1034150242,0.0618120075,293.7897240262,848.7938565056,3.0
24534,0.0,606.76123,1422.24292,1766.25415,0.2344329594,-0.9666118297,0.1034541356,0.0636354966,297.453946621,847.3765869533,3.0
24535,0.0,607.503662,1418.810791,1766.336426,0.2311438389,-0.9673531158,0.1039253341,0.0657191632,301.8636438832,846.6521845291,3.0
24536,0.0,608.423462,1414.752686,1766.439941,0.228107705,-0.9680257635,0.1043695176,0.067801291,305.9021047788,845.1573831848,3.0
24537,0.0,609.383667,1411.006104,1766.453857,0.2240498127,-0.9689222424,0.1048397334,0.0701714868,310.6194530121,844.0903821378,3.0
24538,0.0,610.364075,1407.15979,1766.472168,0.2197991219,-0.9698429854,0.1053229777,0.0726493094,315.4649397214,843.0532026175,3.0
24539,0.0,611.340881,1403.31897,1766.48645,0.2151472604,-0.9708813963,0.1053611439,0.0752217941,320.3947573663,842.0215584309,3.0
24540,0.0,611.77124,1399.329834,1767.077759,0.209398265,-0.9720374053,0.1062809919,0.0787291511,327.1930499882,841.2827599358,3.0
24541,0.0,612.002563,1395.661011,1767.595581,0.2048540506,-0.9730015663,0.1063144859,0.0797106013,820.3720750323,2096.8602363883,2.0
24542,0.0,612.148132,1391.884277,1767.932495,0.2007206876,-0.9737589212,0.1072602859,0.0780026638,811.2447795923,2095.1774310745,2.0
24543,0.0,612.856689,1387.716187,1767.987793,0.1971406968,-0.9743895827,0.1081687887,0.0766688513,803.637624887,2092.7808410596,2.0
24544,0.0,613.679626,1384.345947,1767.986816,0.1949784728,-0.9747745664,0.1086183217,0.0757046148,798.3286069216,2091.628957356,2.0
24545,0.0,614.388123,1380.228516,1768.035645,0.1924526145,-0.9752191475,0.1091311394,0.0745659725,791.9314096667,2090.0318475889,2.0
24546,0.0,615.055237,1376.50354,1768.002686,0.1905741768,-0.9755357987,0.109596481,0.0736912798,786.9735365266,2088.7628455355,2.0
24547,0.0,615.891907,1372.833374,1768.004761,0.1887593647,-0.9758368389,0.1100561955,0.0728505046,782.3372422726,2087.9496419441,2.0
24548,0.0,616.833984,1368.689331,1768.043945,0.1867031268,-0.9761229624,0.1110220914,0.072028709,777.8940414547,2087.4560870656,2.0
24549,0.0,617.716309,1364.832397,1768.094727,0.1847780956,-0.9763784811,0.1119915939,0.0713061153,774.1850125425,2087.6116864816,2.0
24550,0.0,618.551086,1361.186035,1768.139893,0.1838391166,-0.976551017,0.1120325418,0.0708998086,771.9690066847,2087.3724200201,2.0
24551,0.0,618.909912,1359.316772,1766.212524,0.1837478158,-0.9765001381,0.1126242446,0.0706746926,771.389024484,2089.0015425255,2.0
24552,0.0,619.624207,1355.9823,1766.173828,0.1837337927,-0.9764248643,0.1132977396,0.0706451353,771.6352565788,2090.0894585854,2.0
24553,0.0,620.603882,1351.751221,1765.48877,0.1837204687,-0.9763540557,0.1139278162,0.0706685712,771.3955028286,2089.1062469922,2.0
24554,0.0,621.606567,1347.559692,1765.280273,0.183708499,-0.9762904447,0.1144908511,0.0707317806,771.1611630447,2087.572412535,2.0
24555,0.0,622.718445,1342.479004,1765.210205,0.1836941316,-0.9762140914,0.1151629874,0.0708108395,770.8786917641,2085.6852180053,2.0
24556,0.0,623.702087,1338.146118,1765.202271,0.1836800249,-0.9761398737,0.1158127598,0.0709062588,770.7931283686,2084.1015790941,2.0
24557,0.0,625.080444,1332.480225,1765.373291,0.1858605474,-0.9753372073,0.1190512033,0.0722107936,776.7868320464,2081.9534918345,2.0
24558,0.0,625.589417,1330.741577,1765.542603,0.1881212163,-0.9744911456,0.1223822497,0.0733711651,783.2296055378,2083.1826964487,2.0
24559,0.0,626.584961,1327.409302,1766.015869,0.1960479451,-0.9721777214,0.1282017212,0.0771622997,802.2037528629,2082.6236396965,2.0
24560,0.0,627.619873,1324.054932,1766.554565,0.2053066912,-0.9695288871,0.133652159,0.0814794755,823.2135958958,2082.1173219434,2.0
24561,0.0,628.391296,1320.154419,1766.59436,0.2158680073,-0.9666128631,0.1380600463,0.0861142176,844.9346542486,2081.2664554916,2.0
24562,0.0,629.300354,1316.167969,1767.354492,0.2243830824,-0.9642027792,0.1412983824,0.0899426601,862.3530464029,2080.5542067615,2.0
24563,0.0,629.779297,1312.646362,1767.401978,0.2330285324,-0.9617446242,0.14403118,0.0937120415,879.0478550669,2079.7951772885,2.0
24564,0.0,630.083435,1309.259521,1767.313354,0.2454773535,-0.9581115656,0.1475232079,0.0992232764,902.8976344965,2079.0559691597,2.0
24565,0.0,630.25885,1302.234497,1766.78125,0.2732851992,-0.9499462759,0.1513845193,0.1056166637,363.6917178133,813.0799586982,3.0
24566,0.0,629.880188,1298.254028,1766.608154,0.2873544946,-0.9455640231,0.1527614897,0.1022168439,356.4470074877,809.3016865207,3.0
24567,0.0,629.669312,1294.495239,1766.053223,0.3098400351,-0.9382485523,0.1539116847,0.0953061592,343.8659129164,807.0790126168,3.0
24568,0.0,629.4905095,1292.722473,1765.8286135,0.3185151958,-0.9352143892,0.1543937154,0.0928354021,339.3921135684,806.6595607894,3.0
24569,0.0,628.818176,1287.6698,1765.146606,0.3498126003,-0.9239279886,0.1548812981,0.0837106895,322.4390757029,805.0570721258,3.0
24570,0.0,628.2276,1284.25354,1764.694214,0.3685371577,-0.9166199577,0.1548812981,0.0786426159,312.2555458101,803.2987810443,3.0
24571,0.0,627.565857,1280.987305,1764.37793,0.39264396,-0.9066949365,0.1540617173,0.0720309612,298.8468823171,801.9348675052,3.0
24572,0.0,627.506378,1280.69751,1764.37793,0.3946129098,-0.9058480584,0.1539978846,0.0715328989,297.8061951524,801.820806504,3.0
24573,0.0,625.552246,1273.733154,1764.544189,0.4234355053,-0.8929240517,0.1529346617,0.0655211395,284.5626891863,799.2915861568,3.0
24574,0.0,624.525391,1270.055786,1764.746704,0.433150333,-0.8884185347,0.1519647862,0.0636345548,280.2843862129,798.4702473437,3.0
24575,0.0,623.751038,1267.267578,1764.588501,0.4397110471,-0.8853136989,0.1512410316,,,,
24576,0.0,622.847534,1263.982056,1764.871216,0.4479257767,-0.881433799,0.1497897075,,,,
24577,0.0,621.499512,1259.045898,1765.142944,0.4597064878,-0.8759307348,0.1463396491,,,,
24578,0.0,620.679626,1256.1521,1765.29895,0.4599584292,-0.8758123919,0.146256274,,,,
24579,0.0,619.526184,1251.835327,1765.477905,0.4621561639,-0.8746546705,0.1462562394,,,,
24580,0.0,618.424622,1247.581421,1765.590576,0.462475533,-0.8744858396,0.146256274,,,,
24581,0.0,617.661011,1244.608887,1765.632202,0.462475533,-0.8744858396,0.146256274,,,,
24582,0.0,616.549622,1240.280029,1765.588013,0.462475533,-0.8744858396,0.146256274,,,,
24583,0.0,615.309021,1236.066528,1765.423706,0.462475533,-0.8744858396,0.146256274,,,,
24584,0.0,613.999878,1232.055176,1765.256226,0.462475533,-0.8744858396,0.146256274,,,,
24585,0.0,612.783203,1228.102295,1765.151489,0.462475533,-0.8744858396,0.146256274,,,,
24586,0.0,611.791504,1225.284424,1764.955933,0.462475533,-0.8744858396,0.146256274,,,,
24587,0.0,611.3697713333,1224.7290446667,1764.5998943333,0.462475533,-0.8744858396,0.146256274,,,,
24588,0.0,610.9480386667,1224.1736653333,1764.2438556667,0.462475533,-0.8744858396,0.146256274,,,,
24589,0.0,610.526306,1223.618286,1763.887817,0.462475533,-0.8744858396,0.146256274,,,,
24590,0.0,606.723633,1210.406616,1764.016602,0.462475533,-0.8744858396,0.146256274,,,,
24591,0.0,605.037415,1205.565552,1763.717773,0.462475533,-0.8744858396,0.146256274,,,,
24592,0.0,604.270142,1202.682983,1763.810547,0.462475533,-0.8744858396,0.146256274,,,,
24593,0.0,603.349792,1199.487671,1763.841309,0.462475533,-0.8744858396,0.146256274,,,,
24594,0.0,602.263428,1195.05835,1764.338501,0.462475533,-0.8744858396,0.146256274,,,,
24595,0.0,601.385071,1191.978882,1764.53186,0.462475533,-0.8744858396,0.146256274,,,,
24596,0.0,600.229248,1187.958984,1764.743042,0.462475533,-0.8744858396,0.146256274,,,,
24597,0.0,599.035339,1183.8302,1764.789307,0.4679049247,-0.8718795995,0.1445370033,,,,
24598,0.0,598.368835,1181.155396,1765.141846,0.4867922698,-0.8616172397,0.1436976628,,,,
24599,0.0,596.99939,1175.908936,1765.084106,0.5190534553,-0.8427772254,0.142513364,,,,
24600,0.0,596.057678,1173.034302,1765.059937,0.5328881425,-0.8339974975,0.1431027666,,,,
24601,0.0,595.118408,1168.87085,1764.991821,0.554103001,-0.8195764628,0.1458227895,,,,
24602,0.0,594.481018,1166.540283,1764.970459,0.5660047313,-0.8110001242,0.1480454073,,,,
24603,0.0,593.305847,1161.499878,1764.925293,0.5835605991,-0.7978103418,0.1515113385,,,,
24604,0.0,593.4409485,1160.8325805,1764.5620115,0.585979593,-0.7959354993,0.1520032534,,,,
24605,0.0,593.57605,1160.165283,1764.19873,0.6630235722,-0.7305478756,0.1633999515,,,,
24606,0.0,591.277771,1149.044312,1762.906128,0.6197645647,-0.7687212223,0.1579859699,,,,
24607,0.0,590.6219175,1146.0957645,1762.8444825,0.6274420082,-0.7622004346,0.1589485247,,,,
24608,0.0,589.549194,1140.362427,1762.719238,0.6458440375,-0.7462716631,0.1611337458,,,,
24609,0.0,588.957642,1136.872925,1762.68689,0.6572612089,-0.7359108249,0.1626129181,,,,
24610,0.0,588.252991,1133.381104,1762.754883,0.6680956357,-0.725912303,0.1633999688,,,,
24611,0.0,587.909546,1130.8075565,1762.7855225,0.6718114326,-0.7224569904,0.1633999688,,,,
24612,0.0,587.144531,1124.994995,1762.851929,0.6805518716,-0.7142475763,0.1633999688,,,,
24613,0.0,586.765076,1123.658203,1764.047852,0.6849153854,-0.710013867,0.1636191418,,,,
24614,0.0,586.585938,1120.999512,1764.344482,0.6891401806,-0.7058451503,0.1639159397,,,,
24615,0.0,586.293945,1117.119995,1764.586792,0.6934267456,-0.701563615,0.1642188863,,,,
24616,0.0,585.734009,1111.080933,1764.81665,0.699049381,-0.6958667361,0.1646191011,,,,
24617,0.0,585.284119,1106.999634,1764.859619,0.7027603728,-0.6920554649,0.1648850869,,,,
24618,0.0,585.081421,1105.075806,1764.859619,0.7045655179,-0.6901865627,0.1650149682,,,,
24619,0.0,584.154846,1096.956909,1764.709229,0.7092662569,-0.6852883715,0.1652913329,,,,
24620,0.0,583.759705,1094.177368,1764.409058,0.7101727225,-0.6843489457,0.1652913329,,,,
24621,0.0,583.395447,1089.772461,1764.257324,0.7103611362,-0.6841533642,0.1652913501,,,,
24622,0.0,583.053772,1086.647095,1764.073608,0.7103611362,-0.6841533642,0.1652913501,,,,
24623,0.0,582.438843,1081.900513,1763.679443,0.7103611362,-0.6841533642,0.1652913501,,,,
24624,0.0,582.270325,1078.712891,1763.616455,0.7103611362,-0.6841533642,0.1652913501,,,,
24625,0.0,582.288879,1074.061401,1763.336182,0.7102681348,-0.6840638895,0.166059543,,,,
24626,0.0,582.692566,1069.5896,1763.286621,0.7096021444,-0.6847116964,0.1662368477,,,,
24627,0.0,583.027649,1066.564087,1763.34668,0.7071050707,-0.6871227516,0.1669273588,,,,
24628,0.0,583.881897,1061.961548,1763.633911,0.7022856214,-0.6917675741,0.1680848875,,,,
24629,0.0,584.571045,1058.852295,1763.821899,0.6942061361,-0.6995131449,0.169585379,,,,
24630,0.0,585.547363,1055.335693,1764.146851,0.6857793852,-0.7073407053,0.1713935864,,,,
24631,0.0,586.541382,1052.210693,1764.462524,0.6752033667,-0.7170632019,0.1729762358,,,,
24632,0.0,587.022461,1050.503296,1764.343994,0.668429609,-0.7231805328,0.173815347,,,,
24633,0.0,589.690979,1044.406128,1765.783081,0.6362728026,-0.7512547289,0.1754230683,,,,
24634,0.0,590.991577,1041.222168,1765.926147,0.6183780202,-0.7658575508,0.1762692144,,,,
24635,0.0,592.562744,1038.022339,1766.230103,0.6006056741,-0.7796725809,0.177153862,,,,
24636,0.0,594.922913,1033.400269,1766.567383,0.5738788868,-0.7990688726,0.1793096764,,,,
24637,0.0,596.127197,1031.024902,1766.716187,0.5632819636,-0.8062184806,0.1809010533,,,,
24638,0.0,597.980469,1027.683472,1766.80896,0.5528163502,-0.8130591561,0.1825620213,,,,
24639,0.0,600.520569,1023.200623,1766.81543,0.5402375228,-0.8211208439,0.1841303305,,,,
24640,0.0,602.281555,1019.965454,1766.799438,0.5347574852,-0.824499608,0.1850265616,,,,
24641,0.0,604.065308,1016.860962,1766.696167,0.531545231,-0.8263800925,0.1858913933,,,,
24642,0.0,605.632935,1014.002502,1766.442993,0.5304525225,-0.8270451076,0.1860551302,,,,
24643,0.0,607.480408,1010.646179,1766.105957,0.5301846578,-0.8272168463,0.1860551474,,,,
24644,0.0,609.915466,1006.123291,1765.849609,0.5301846578,-0.8272168463,0.1860551474,,,,
24645,0.0,611.626953,1003.002319,1766.06897,0.5301846578,-0.8272168463,0.1860551474,,,,
24646,0.0,615.216309,996.754211,1765.917969,0.5301846578,-0.8272168463,0.1860551474,,,,
24647,0.0,616.4290775,994.719635,1765.956482,0.5301846578,-0.8272168463,0.1860551474,,,,
24648,0.0,617.641846,992.685059,1765.994995,0.5301846578,-0.8272168463,0.1860551474,,,,
24649,0.0,619.086365,989.760742,1766.191162,0.5301846578,-0.8272168463,0.1860551474,,,,
24650,0.0,621.383118,985.33551,1766.597656,0.5301846578,-0.8272168463,0.1860551474,,,,
24651,0.0,622.905518,982.48877,1766.857666,0.5301846578,-0.8272168463,0.1860551474,,,,
24652,0.0,626.304382,975.774353,1767.550293,0.5301846578,-0.8272168463,0.1860551474,,,,
24653,0.0,627.399902,972.604309,1767.696167,0.5301846578,-0.8272168463,0.1860551474,,,,
24654,0.0,629.8125,968.028503,1767.915894,0.5301846578,-0.8272168463,0.1860551474,,,,
24655,0.0,631.034241,966.035522,1767.930664,0.5301846578,-0.8272168463,0.1860551474,,,,
24656,0.0,632.4028015,963.5206905,1767.9364015,0.5301846578,-0.8272168463,0.1860551474,,,,
24657,0.0,635.25647,958.337463,1767.88623,0.5301472104,-0.8271584193,0.1864212559,,,,
24658,0.0,636.800659,955.62854,1767.75769,0.5301062862,-0.82709479,0.1868195217,,,,
24659,0.0,639.2677,951.44751,1767.55127,0.5300881595,-0.8270662855,0.1869970656,,,,
24660,0.0,640.957397,948.769531,1767.331055,0.5300131907,-0.826949316,0.1877254547,,,,
24661,0.0,643.046265,945.509644,1766.903198,0.5299911739,-0.8269149645,0.187938812,,,,
24662,0.0,644.877808,942.685913,1766.540649,0.5299911739,-0.8269149645,0.187938812,,,,
24663,0.0,646.667053,939.94696,1766.131836,0.5299911739,-0.8269149645,0.187938812,,,,
24664,0.0,648.953247,936.296631,1765.517822,0.5299911739,-0.8269149645,0.187938812,,,,
24665,0.0,651.328369,932.400513,1765.243042,0.5299911739,-0.8269149645,0.187938812,,,,
24666,0.0,652.450439,930.48938,1765.045166,0.5299911739,-0.8269149645,0.187938812,,,,
24667,0.0,654.121765,927.144592,1764.730835,0.5299911739,-0.8269149645,0.187938812,,,,
24668,0.0,655.463806,924.152588,1764.674438,0.5304313395,-0.8264969947,0.1885346433,,,,
24669,0.0,656.704712,921.082947,1764.764282,0.5320337731,-0.8252596555,0.1894374971,,,,
24670,0.0,658.174744,916.630371,1764.905762,0.5372130571,-0.8213992801,0.191586414,,,,
24671,0.0,658.941101,913.944153,1765.195435,0.5408764612,-0.8188024963,0.1923931543,,,,
24672,0.0,659.711243,910.833923,1765.592407,0.5478656527,-0.8136610191,0.1944195787,,,,
24673,0.0,660.52179,906.971802,1765.95874,0.5595670475,-0.8048984384,0.1975429656,,,,
24674,0.0,661.156982,903.552856,1766.028198,0.5673375388,-0.7989200143,0.1996369899,,,,
24675,0.0,661.717163,900.247375,1766.030396,0.5751550144,-0.7928607185,0.2014164602,,,,
24676,0.0,662.334595,897.04126,1766.072144,0.5838039799,-0.7859173038,0.203732434,,,,
24677,0.0,663.063354,893.613403,1765.983765,0.5915403869,-0.7795143502,0.2060032731,,,,
24678,0.0,663.683899,890.187439,1765.67041,0.596618077,-0.7749718997,0.208483632,,,,
24679,0.0,664.172058,887.003418,1765.369873,0.600588423,-0.7714674939,0.2100748725,,,,
24680,0.0,664.535156,884.377136,1765.086548,0.6031881436,-0.7692372766,0.2108034054,,,,
24681,0.0,665.055054,879.123962,1764.477783,0.6088844501,-0.7641056489,0.2130781164,,,,
24682,0.0,665.265442,875.777222,1764.212402,0.6111553931,-0.7617840511,0.2148817,,,,
24683,0.0,665.41156,871.970398,1764.06189,0.6139895272,-0.7591789264,0.216019023,,,,
24684,0.0,665.452698,868.485474,1763.913208,0.6190353888,-0.7543296906,0.2185907254,,,,
24685,0.0,665.428223,866.331787,1763.940674,0.6209794015,-0.752505268,0.2193636354,,,,
24686,0.0,665.348083,862.218262,1764.089478,0.6261825985,-0.7475225452,0.2215973775,,,,
24687,0.0,665.305847,858.195312,1764.212524,0.6328005039,-0.7409991982,0.224685804,,,,
24688,0.0,665.318848,853.540283,1764.435669,0.6420075927,-0.731349948,0.2301162846,,,,
24689,0.0,665.322144,850.530518,1764.529907,0.6488800736,-0.7242835404,0.233169473,,,,
24690,0.0,665.566284,843.424194,1764.927734,0.6747852339,-0.6962978622,0.2446102518,,,,
24691,0.0,665.7023315,841.2153015,1765.010498,0.6830430228,-0.6866700478,0.2485162604,,,,
24692,0.0,665.838379,839.006409,1765.093262,0.6913008118,-0.6770422334,0.2524222689,,,,
24693,0.0,666.202148,831.86792,1765.213379,0.7138451428,-0.649920926,0.2608215906,,,,
24694,0.0,666.349792,828.546082,1765.149536,0.7227979929,-0.6383913081,0.2646121674,,,,
24695,0.0,666.334595,824.002563,1764.993896,0.7362674476,-0.6204809021,0.2700253613,,,,
24696,0.0,666.3147585,821.7272335,1764.8748775,0.7419599756,-0.6125777302,0.2722937903,,,,
24697,0.0,666.203064,816.062256,1764.482788,0.7520938276,-0.5987189785,0.2754822304,,,,
24698,0.0,666.164185,813.137695,1764.277588,0.7588699971,-0.5892877936,0.2772295508,,,,
24699,0.0,666.655334,808.445984,1763.976074,0.7683994616,-0.5758403005,0.2792314733,,,,
24700,0.0,666.889099,805.168701,1763.769165,0.7748964442,-0.5663363849,0.280710883,,,,
24701,0.0,667.620178,801.429077,1763.678833,0.7806278625,-0.5577939284,0.2819327468,,,,
24702,0.0,668.645386,797.716919,1763.640503,0.7872652552,-0.548295553,0.2821088522,,,,
24703,0.0,669.877014,794.232849,1763.574341,0.7937265299,-0.5384294544,0.2830051561,,,,
24704,0.0,670.947754,791.724792,1763.652588,0.7981372946,-0.5318568362,0.2830285582,,,,
24705,0.0,672.66626,788.120239,1763.61853,0.8019281503,-0.5261236507,0.2830285248,,,,
24706,0.0,674.340149,784.924255,1763.979492,0.8040445675,-0.5228835135,0.2830285582,,,,
24707,0.0,676.414001,781.797119,1764.221558,0.8082035978,-0.5164318131,0.2830284913,,,,
24708,0.0,678.0979,779.468445,1764.475586,0.8097540768,-0.5139973028,0.2830284578,,,,
24709,0.0,680.037903,776.901062,1764.798828,0.8115899891,-0.5106441605,0.2838383886,,,,
24710,0.0,682.087585,774.336792,1765.323242,0.8130497809,-0.5078807696,0.284617599,,,,
24711,0.0,684.276917,771.716492,1765.866333,0.8146028718,-0.5049150511,0.2854521892,,,,
24712,0.0,687.17334,768.727783,1766.510376,0.8168466984,-0.5005821854,0.2866687058,,,,
24713,0.0,689.039246,766.857483,1766.68335,0.8186693842,-0.4975750187,0.2867046218,,,,
24714,0.0,692.055176,764.138306,1766.978394,0.8224010424,-0.4903762642,0.2884226847,,,,
24715,0.0,693.999634,762.550049,1767.100464,0.8250139365,-0.4855229835,0.2891702562,,,,
24716,0.0,696.75824,760.408142,1767.201782,0.8291045273,-0.4775202785,0.2907921361,,,,
24717,0.0,699.414185,758.363037,1767.202148,0.8333935053,-0.4688864736,0.2925760419,,,,
24718,0.0,702.985596,755.665161,1767.10791,0.8434019134,-0.4485252858,0.2958010826,,,,
24719,0.0,705.631409,753.837646,1766.979736,0.8516986853,-0.4319517738,0.2966934689,,,,
24720,0.0,708.165283,752.016602,1766.675781,0.8565655124,-0.4216495127,0.2975016157,,,,
24721,0.0,710.760986,750.058716,1766.115845,0.8613158401,-0.4117103455,0.2977072639,,,,
24722,0.0,714.044006,747.248108,1765.674927,0.86611468,-0.4015168809,0.297707164,,,,
24723,0.0,715.929932,745.555786,1765.280273,0.8671407721,-0.3992959386,0.2977072972,,,,
24724,0.0,719.054565,742.345886,1765.140015,0.8689598647,-0.3953215635,0.2977072639,,,,
24725,0.0,720.860779,740.238159,1765.112671,0.8701373501,-0.3927230284,0.2977072639,,,,
24726,0.0,723.66156,736.77179,1765.203247,0.8721178581,-0.3876210981,0.2985972637,,,,
24727,0.0,725.807617,733.987976,1765.265869,0.8740036922,-0.3826565146,0.2994854552,,,,
24728,0.0,727.488708,731.749573,1765.352661,0.8765927475,-0.375603008,0.300844703,,,,
24729,0.0,730.164001,728.064514,1765.497314,0.8806893489,-0.3647435009,0.3022390599,,,,
24730,0.0,732.331848,724.999451,1765.634521,0.8846201379,-0.3534781716,0.304138774,,,,
24731,0.0,734.553162,722.133179,1765.634033,0.8890529845,-0.3405383628,0.3059712638,,,,
24732,0.0,736.446167,720.146545,1766.057861,0.8946155293,-0.322601521,0.3091784491,,,,
24733,0.0,739.423218,716.69104,1766.416504,0.9015790019,-0.297836253,0.3137656286,,,,
24734,0.0,740.293945,715.271606,1766.513916,0.903266652,-0.2918526678,0.3145335842,,,,
24735,0.0,745.568604,709.458374,1766.217529,0.9124443558,-0.2586006185,0.3171293389,,,,
24736,0.0,747.924744,707.547394,1766.1188965,0.9146071294,-0.2502279623,0.3174977969,,,,
24737,0.0,752.642273,704.146912,1766.406006,0.9178915713,-0.2375627826,0.3178663046,,,,
24738,0.0,755.843628,701.636536,1766.075439,0.9197612911,-0.2302177019,0.317866288,,,,
24739,0.0,759.588989,699.141357,1765.678833,0.9215230102,-0.2243061524,0.3169891035,,,,
24740,0.0,761.717773,697.823486,1765.55603,0.9218892268,-0.2236656653,0.3163762375,,,,
24741,0.0,765.823059,695.296082,1765.012573,0.9224648442,-0.2217487903,0.3160475995,,,,
24742,0.0,768.432617,693.837097,1764.838501,0.9232250945,-0.2204361547,0.314743271,,,,
24743,0.0,772.40564,691.763367,1764.484863,0.9235107695,-0.2199742865,0.314227898,,,,
24744,0.0,776.093994,690.463074,1763.758179,0.9256314232,-0.2159874401,0.310734443,,,,
24745,0.0,778.486145,689.353638,1763.827271,0.9267371665,-0.2141331628,0.3087154236,,,,
24746,0.0,782.239563,687.711304,1763.921631,0.9272050481,-0.2133527424,0.3078496483,,,,
24747,0.0,786.294373,686.022766,1763.978027,0.9289047863,-0.2110204223,0.3043127984,,,,
24748,0.0,786.6595155,685.8776855,1763.940979,0.9290918781,-0.2107535645,0.303925914,,,,
24749,0.0,792.539062,683.987915,1763.381592,0.9309714899,-0.2080384542,0.3000201436,,,,
24750,0.0,795.889099,682.722046,1761.728638,0.9322725703,-0.2073105947,0.2964627665,,,,
24751,0.0,799.0354,681.914368,1760.359741,0.9333372404,-0.2061583616,0.2939053003,,,,
24752,0.0,803.110046,680.675903,1757.992188,0.9340583986,-0.2048819551,0.2925034914,,,,
24753,0.0,807.000671,679.553284,1755.706787,0.9348488801,-0.2039445886,0.2906272117,,,,
24754,0.0,810.468872,678.603577,1753.637939,0.9353492388,-0.2031220748,0.2895914781,,,,
24755,0.0,813.537109,677.638672,1751.704468,0.9356994004,-0.202256909,0.2890653472,,,,
24756,0.0,817.730713,676.66864,1748.984619,0.9360372288,-0.2013649998,0.288593907,,,,
24757,0.0,821.532288,675.686768,1746.375488,0.936075035,-0.2012650008,0.288541034,,,,
24758,0.0,825.328308,674.738342,1743.667969,0.9367293538,-0.199527306,0.2876229684,,,,
24759,0.0,828.507141,673.912476,1741.227783,0.9371411522,-0.198774793,0.2868013991,,,,
24760,0.0,832.020691,673.097473,1738.491699,0.9373573724,-0.1978929898,0.2867045883,,,,
24761,0.0,835.519409,672.392883,1736.119385,0.9377668556,-0.1970752212,0.2859277561,,,,
24762,0.0,839.604309,671.520691,1733.085571,0.9380857945,-0.196997331,0.2849334899,,,,
24763,0.0,840.927246,671.165527,1732.130249,0.9382164293,-0.1967955205,0.2846426793,,,,
24764,0.0,847.091187,670.52533,1728.020264,0.9390398874,-0.1962581846,0.2822885312,,,,
24765,0.0,849.729675,670.445679,1726.223267,0.9392574352,-0.1963036518,0.2815321415,,,,
24766,0.0,853.723022,670.557373,1723.563599,0.9393559877,-0.1963239925,0.281188937,,,,
24767,0.0,857.447021,670.630127,1721.12793,0.9399643914,-0.1964513877,0.2790587666,,,,
24768,0.0,861.041687,671.051697,1718.782471,0.9403511519,-0.1965322373,0.2776955003,,,,
24769,0.0,865.157532,671.552979,1716.084961,0.9407900373,-0.198444804,0.2748340689,,,,
24770,0.0,868.41272,672.089905,1713.995361,0.941091571,-0.1994120329,0.2730961297,,,,
24771,0.0,872.295105,672.829895,1711.578613,0.9417568704,-0.2015387785,0.2692138885,,,,
24772,0.0,874.897034,673.299011,1710.033936,0.9418845612,-0.203662611,0.2671610268,,,,
24773,0.0,878.802551,674.185852,1707.753174,0.9421789474,-0.2093400418,0.2616783866,,,,
24774,0.0,882.693848,675.290833,1705.445312,0.9420975418,-0.2129008796,0.2590857718,,,,
24775,0.0,886.22406,676.425171,1703.281006,0.9420532736,-0.2185720216,0.2544835968,,,,
24776,0.0,888.822083,677.385376,1701.488403,0.9419529144,-0.2214616174,0.2523478929,,,,
24777,0.0,889.663025,677.640747,1701.0771485,0.9418981855,-0.2224132374,0.2517118328,,,,
24778,0.0,890.503967,677.896118,1700.665894,0.9357531965,-0.2719470495,0.2245234007,,,,
24779,0.0,903.363098,682.167969,1690.951782,0.9400437674,-0.2441585847,0.2381266489,,,,
24780,0.0,906.436707,683.7276,1689.590942,0.9390284452,-0.251620433,0.2343346682,,,,
24781,0.0,910.2854,685.36377,1686.614624,0.9378889246,-0.2593253941,0.2304662775,,,,
24782,0.0,913.746948,686.670288,1684.017334,0.9368424942,-0.2656738787,0.2274720448,,,,
24783,0.0,916.210205,687.52179,1682.181885,0.9360582001,-0.2702198994,0.2253358648,,,,
24784,0.0,919.945312,689.012939,1679.350586,0.9352279763,-0.2744401452,0.2236766394,,,,
24785,0.0,923.395813,690.117432,1676.988281,0.9347984333,-0.2774368552,0.2217671765,,,,
24786,0.0,925.715393,690.729004,1675.408691,0.934338037,-0.2800264688,0.2204486547,,,,
24787,0.0,929.95697,691.618469,1674.55957,0.9338025035,-0.2829598542,0.218967133,,,,
24788,0.0,932.68811,692.289185,1674.953247,0.9335193945,-0.2844855998,0.2181959751,,,,
24789,0.0,936.546997,692.934265,1675.550293,0.9328161444,-0.2882043934,0.2163152062,,,,
24790,0.0,940.255859,693.309082,1675.734375,0.9324032001,-0.2903431168,0.215232774,,,,
24791,0.0,940.871765,693.32312,1675.734375,0.9323416037,-0.2906591216,0.2150727314,,,,
24792,0.0,941.487671,693.337158,1675.734375,0.9322800073,-0.2909751265,0.2149126888,,,,
24793,0.0,949.13855,694.765259,1677.426636,0.9316242136,-0.2944482592,0.2130177161,,,,
24794,0.0,954.203491,694.72345,1677.555542,0.9313693325,-0.295726274,0.2123608659,,,,
24795,0.0,958.393738,694.672668,1677.689209,0.9309725827,-0.2975184268,0.2115959261,,,,
24796,0.0,962.255859,694.456787,1677.680054,0.9309031881,-0.2978576471,0.2114239259,,,,
24797,0.0,965.25708,694.350159,1677.659424,0.9309031881,-0.2978576471,0.2114239259,,,,
24798,0.0,969.769409,694.051392,1677.284668,0.9309031881,-0.2978576471,0.2114239259,,,,
24799,0.0,973.795776,693.578857,1677.034058,0.9308128916,-0.2987801469,0.2105178961,,,,
24800,0.0,976.383301,693.230408,1676.851318,0.9306187583,-0.299406165,0.2104867576,,,,
24801,0.0,980.913879,692.495667,1676.769165,0.9304360059,-0.3005666145,0.2096390927,,,,
24802,0.0,983.988586,691.96936,1676.623657,0.9302209801,-0.3012938413,0.2095493958,,,,
24803,0.0,988.23761,691.092957,1676.612427,0.9298044829,-0.3031318906,0.2087454919,,,,
24804,0.0,991.129028,690.411743,1676.685425,0.9298717942,-0.3034351142,0.2080037928,,,,
24805,0.0,996.030212,689.27771,1676.763672,0.9296492333,-0.3043415289,0.2076741122,,,,
24806,0.0,996.5176796667,689.1633706667,1676.763672,0.9295967693,-0.3045851691,0.2075513597,,,,
24807,0.0,997.0051473333,689.0490313333,1676.763672,0.9295443053,-0.3048288093,0.2074286072,,,,
24808,0.0,1006.285706,685.321838,1678.241333,0.9286690216,-0.3097283237,0.2040642393,,,,
24809,0.0,1009.706055,684.22406,1678.390869,0.9282692091,-0.3115565001,0.2030980617,,,,
24810,0.0,1011.532959,684.204041,1678.148193,0.927585328,-0.3152103098,0.2005689903,,,,
24811,0.0,1016.845764,682.237488,1678.334717,0.9254616842,-0.3261772829,0.1926890013,,,,
24812,0.0,1019.981262,681.225403,1678.389404,0.9246685765,-0.3300886406,0.1898144172,,,,
24813,0.0,1024.32019,679.72937,1678.460449,0.9228909443,-0.3375742829,0.1852455358,,,,
24814,0.0,1027.038696,678.829224,1678.465454,0.9221251721,-0.3404812026,0.1837327341,,,,
24815,0.0,1031.247681,677.416321,1678.271851,0.9207604598,-0.3466958375,0.178891509,,,,
24816,0.0,1034.948242,676.257935,1678.137207,0.9201753147,-0.3489017241,0.1776090569,,,,
24817,0.0,1037.92749,675.373535,1677.900879,0.9198747283,-0.3504671493,0.1760774306,,,,
24818,0.0,1041.775024,674.21344,1677.643555,0.9195087459,-0.3516235645,0.1756830528,,,,
24819,0.0,1045.506348,673.092957,1677.314697,0.9192991419,-0.3525975677,0.17482575,,,,
24820,0.0,1052.118286,670.99231,1676.898193,0.919099839,-0.3536251789,0.1737950484,,,,
24821,0.0,1052.7019655,670.7976685,1676.898193,0.9190910268,-0.3536702784,0.1737498616,,,,
24822,0.0,1053.285645,670.603027,1676.898193,0.9190822147,-0.353715378,0.1737046748,,,,
24823,0.0,1063.087524,667.43158,1675.929565,0.9186956765,-0.3564474079,0.1701278912,,,,
24824,0.0,1065.764648,666.407959,1675.866577,0.9182970012,-0.358448801,0.1680627103,,,,
24825,0.0,1069.579102,665.115723,1675.927856,0.9170098783,-0.3645027186,0.1619587948,,,,
24826,0.0,1073.349365,663.854553,1676.03418,0.9167052154,-0.3658845199,0.1605617208,,,,
24827,0.0,1076.207886,662.848938,1676.246582,0.9158884605,-0.3689438765,0.158204753,,,,
24828,0.0,1080.218384,661.392334,1676.424927,0.9148747793,-0.3726590351,0.1553363506,,,,
24829,0.0,1084.03064,660.102051,1676.904663,0.9143160438,-0.3749686521,0.1530512398,,,,
24830,0.0,1087.414917,659.112549,1677.901245,0.9135636769,-0.3775371166,0.1512188276,,,,
24831,0.0,1091.138184,657.917236,1678.296631,0.9130398688,-0.37958837,0.1492342699,,,,
24832,0.0,1094.754883,656.738464,1678.589722,0.9125644561,-0.3814806153,0.1473046287,,,,
24833,0.0,1098.463745,655.477966,1678.545776,0.9111233488,-0.3859971698,0.1444313963,,,,
24834,0.0,1100.348511,654.943359,1678.535767,0.9104099969,-0.3881581523,0.1431324081,,,,
24835,0.0,1105.235718,653.623474,1678.311157,0.90913215,-0.391972481,0.1408414285,,,,
24836,0.0,1110.041016,651.515076,1678.142334,0.9078354512,-0.3960634802,0.1377262255,,,,
24837,0.0,1113.049683,651.285034,1677.991211,0.9072042574,-0.3982941263,0.1354334683,,,,
24838,0.0,1117.273682,650.812622,1677.573853,0.9051651334,-0.4040032807,0.1321265701,,,,
24839,0.0,1120.060669,650.61499,1677.355347,0.9044043897,-0.4061888317,0.130626693,,,,
24840,0.0,1124.113892,650.423706,1677.104492,0.9012800228,-0.4144869029,0.1260750883,,,,
24841,0.0,1127.775879,650.503723,1676.72998,0.8998710196,-0.4180311157,0.1244272257,,,,
24842,0.0,1130.926025,650.666809,1676.516479,0.8991838921,-0.4197180465,0.1237137407,,,,
24843,0.0,1135.414185,650.972778,1676.163574,0.8979967559,-0.4228455498,0.1216695005,,,,
24844,0.0,1138.031982,651.200867,1676.014282,0.8970690413,-0.4253779244,0.1196693635,,,,
24845,0.0,1141.950317,651.637024,1675.89563,0.8955159764,-0.4293093747,0.1172373524,,,,
24846,0.0,1145.845459,652.068054,1675.841187,0.8924602454,-0.4361862919,0.1151356987,,,,
24847,0.0,1149.352783,652.505371,1675.865479,0.8910647289,-0.4393058286,0.114079086,,,,
24848,0.0,1152.983765,653.017151,1675.96936,0.8898722603,-0.4419660012,0.1131079759,,,,
24849,0.0,1156.439453,653.51062,1676.141724,0.8890972922,-0.4437544408,0.1121962622,,,,
24850,0.0,1160.05957,654.04071,1676.415405,0.8886130831,-0.4447645424,0.1120325418,,,,
24851,0.0,1163.920044,654.689697,1676.606567,0.8885414322,-0.4449076721,0.1120325245,,,,
24852,0.0,1167.706665,655.256958,1676.924194,0.8885414322,-0.4449076721,0.1120325245,,,,
24853,0.0,1171.452393,655.875671,1677.225708,0.8885414322,-0.4449076721,0.1120325245,,,,
24854,0.0,1174.219849,656.323792,1677.418945,0.8885414322,-0.4449076721,0.1120325245,,,,
24855,0.0,1178.165649,657.024353,1677.534668,0.8882004329,-0.4455880478,0.1120325072,,,,
24856,0.0,1182.136841,657.78656,1677.413208,0.8877467996,-0.4464911347,0.1120325245,,,,
24857,0.0,1185.996094,658.603149,1677.299805,0.88699279,-0.4482031333,0.1111653805,,,,
24858,0.0,1189.805786,659.268494,1677.005249,0.8858624169,-0.4509019464,0.1092484009,,,,
24859,0.0,1193.204346,659.997742,1676.80896,0.8847292348,-0.4533456371,0.1083139624,,,,
24860,0.0,1196.879761,660.526978,1676.220459,0.8830799276,-0.4567803512,0.1073384938,,,,
24861,0.0,1200.535767,661.203979,1675.755127,0.8818013931,-0.4594688802,0.1063703495,,,,
24862,0.0,1204.335083,662.006287,1675.267212,0.8797065194,-0.4639107027,0.1044188662,,,,
24863,0.0,1207.938965,663.012329,1674.869629,0.8788051494,-0.4656184534,0.1044076877,,,,
24864,0.0,1214.293213,664.721008,1674.465332,0.874045504,-0.4750667308,0.1017647204,,,,
24865,0.0,1218.065186,665.809082,1674.078247,0.8713232613,-0.4800875148,0.1015467989,,,,
24866,0.0,1221.262329,666.772705,1673.815674,0.866131722,-0.4895478854,0.1007904169,,,,
24867,0.0,1224.863892,667.818726,1673.789673,0.8613645754,-0.4980886391,0.0997936664,,,,
24868,0.0,1228.365479,668.787903,1673.814331,0.8532698837,-0.5121804807,0.0979880642,,,,
24869,0.0,1232.299072,669.427673,1674.140747,0.8426276674,-0.5300581882,0.0949575229,,,,
24870,0.0,1235.251587,669.824707,1674.598511,0.8382291538,-0.5372449387,0.0934866919,,,,
24871,0.0,1238.038086,670.092957,1674.784302,0.8352413116,-0.5420496936,0.0924882752,,,,
24872,0.0,1242.18689,670.294739,1675.656494,0.8280904463,-0.553258767,0.0903933044,,,,
24873,0.0,1245.209351,670.366577,1676.311035,0.8237026666,-0.5598185643,0.0900949063,,,,
24874,0.0,1249.613525,670.492126,1676.669067,0.8147769633,-0.5730269792,0.0881962649,,,,
24875,0.0,1252.255371,670.444641,1676.75,0.8128676034,-0.5758350503,0.0875228781,,,,
24876,0.0,1256.715576,670.209167,1676.592041,0.8070671025,-0.5839808351,0.0872300192,,,,
24877,0.0,1260.92688,669.845642,1676.060791,0.8039570519,-0.5883810883,0.0863756538,,,,
24878,0.0,1263.900879,669.580444,1675.229736,0.8019623611,-0.5912003941,0.0856648427,,,,
24879,0.0,1268.739746,668.687134,1673.841553,0.8009610518,-0.5926060602,0.085319698,,,,
24880,0.0,1272.258789,667.749512,1672.557373,0.8009610518,-0.5926060602,0.085319698,,,,
24881,0.0,1274.449585,667.160583,1671.329224,0.8009610518,-0.5926060602,0.085319698,,,,
24882,0.0,1277.805176,666.085571,1669.266479,0.8009610518,-0.5926060602,0.085319698,,,,
24883,0.0,1280.379028,665.162048,1667.455078,0.8009610518,-0.5926060602,0.085319698,,,,
24884,0.0,1283.043823,664.016113,1665.575073,0.8009610518,-0.5926060602,0.085319698,,,,
24885,0.0,1285.070801,662.825989,1663.704102,0.7996494238,-0.594483791,0.0845566152,,,,
24886,0.0,1287.122925,661.484436,1661.805908,0.7973304009,-0.5977376844,0.0835098346,,,,
24887,0.0,1288.864258,660.140259,1659.892578,0.7955481238,-0.6003761335,0.0815578392,,,,
24888,0.0,1289.76062,659.318665,1658.628784,0.7947912746,-0.6014694554,0.0808784527,,,,
24889,0.0,1291.905518,658.478699,1658.783936,0.7939987704,-0.6026608108,0.0797865894,,,,
24890,0.0,1293.625977,657.793396,1658.936279,0.7929732704,-0.6042562932,0.0778956007,,,,
24891,0.0,1295.119263,657.550049,1660.641846,0.7918709768,-0.6058835175,0.0764559964,,,,
24892,0.0,1297.196899,657.154785,1662.357178,0.7895359029,-0.6092017958,0.0742039753,,,,
24893,0.0,1298.799438,656.800476,1663.936768,0.7876121042,-0.6118356689,0.0729677161,,,,
24894,0.0,1300.471802,656.51123,1664.14563,0.784209322,-0.6164098103,0.071096309,,,,
24895,0.0,1301.882324,656.431702,1665.544189,0.7818218695,-0.6196504257,0.0691947562,,,,
24896,0.0,1304.343628,656.31488,1668.057007,0.7772847579,-0.6255998589,0.0667324631,,,,
24897,0.0,1305.862061,656.228027,1669.640869,0.7739654267,-0.6298477131,0.0653404666,,,,
24898,0.0,1306.5035405,656.189941,1670.315918,0.772071811,-0.6322074312,0.0648807924,,,,
24899,0.0,1307.14502,656.151855,1670.990967,0.7701781952,-0.6345671494,0.0644211183,,,,
24900,0.0,1308.574829,656.025757,1672.535278,0.7644699634,-0.6415372473,0.0633690413,,,,
24901,0.0,1309.994141,655.930908,1673.213257,0.760796451,-0.6459025916,0.0632345024,,,,
24902,0.0,1311.303589,655.850403,1673.696777,0.7577465473,-0.6495644542,0.0623393126,,,,
24903,0.0,1312.459229,655.586548,1673.960815,0.7546926291,-0.6532000584,0.0613898953,,,,
24904,0.0,1314.385254,654.971985,1673.92749,0.7490724122,-0.6596440621,0.0613207363,,,,
24905,0.0,1315.709595,654.842834,1673.635864,0.7467394544,-0.6623516627,0.0605843399,,,,
24906,0.0,1316.864502,654.638,1673.432129,0.7429295633,-0.6666422409,0.0603637857,,,,
24907,0.0,1318.452026,654.62738,1673.319336,0.7382183438,-0.671925133,0.059584331,,,,
24908,0.0,1320.220093,654.368347,1673.209961,0.7334643036,-0.6771269836,0.0594067621,,,,
24909,0.0,1321.944214,654.294373,1673.173218,0.7310017281,-0.6797847544,0.0594067447,,,,
24910,0.0,1323.886353,654.174622,1673.234131,0.7289876572,-0.6819441578,0.0594067447,,,,
24911,0.0,1325.842163,654.10437,1673.267944,0.7272050121,-0.6839167107,0.058573059,,,,
24912,0.0,1328.067383,654.062927,1673.240479,0.7230435261,-0.688325282,0.058449684,,,,
24913,0.0,1330.829346,654.140808,1673.293457,0.7205218035,-0.6910399902,0.0575505231,,,,
24914,0.0,1333.509277,654.289001,1673.487549,0.7173681706,-0.6943180196,0.0574925695,,,,
24915,0.0,1336.163086,654.385986,1673.646851,0.7147786992,-0.6969835118,0.0574925695,,,,
24916,0.0,1338.819336,654.564636,1673.930176,0.7129072763,-0.698897576,0.0574925521,,,,
24917,0.0,1342.235474,654.692566,1674.098145,0.7106064365,-0.7012368337,0.0574925695,,,,
24918,0.0,1344.899414,654.689941,1674.115112,0.7082535049,-0.7036132299,0.0574925695,,,,
24919,0.0,1348.018188,654.822693,1674.04126,0.7061562902,-0.7057779231,0.0567522423,,,,
24920,0.0,1351.299561,654.942749,1673.965332,0.7041041848,-0.70784253,0.0565353848,,,,
24921,0.0,1354.671509,655.232666,1673.656372,0.7031573244,-0.7087831315,0.0565353848,,,,
24922,0.0,1357.902222,654.972168,1673.857544,0.7024597079,-0.7095372518,0.0557426867,,,,
24923,0.0,1361.167969,654.919373,1673.958374,0.7012189512,-0.7107763727,0.0555781481,,,,
24924,0.0,1364.658691,654.883484,1674.0354,0.6997905223,-0.7121827675,0.0555781481,,,,
24925,0.0,1367.810303,654.785767,1674.153809,0.6968195758,-0.7151510595,0.0547854076,,,,
24926,0.0,1370.783203,655.620911,1673.091309,0.6918559326,-0.7200072654,0.0540824031,,,,
24927,0.0,1373.013428,655.582947,1673.239624,0.688415526,-0.7233287539,0.0536616924,,,,
24928,0.0,1377.188599,655.405579,1673.487427,0.6833683172,-0.7281439791,0.0530479851,,,,
24929,0.0,1381.760986,655.230591,1673.695312,0.6783618078,-0.7328539861,0.0524432337,,,,
24930,0.0,1385.705566,655.033691,1673.99353,0.673632406,-0.7372437277,0.0518755015,,,,
24931,0.0,1390.612915,654.832275,1674.380005,0.6687249483,-0.7417326945,0.0513765847,,,,
24932,0.0,1392.705688,654.643311,1674.90686,0.663533871,-0.7464142987,0.0508772715,,,,
24933,0.0,1396.53772,654.451721,1675.096313,0.6586811398,-0.7507059377,0.0507912509,,,,
24934,0.0,1400.228638,654.210022,1675.063965,0.6549876477,-0.7539306546,0.0507912335,,,,
24935,0.0,1403.104126,653.96283,1674.939209,0.651192826,-0.7572107725,0.0507912335,,,,
24936,0.0,1407.018066,653.723328,1674.712891,0.6468331657,-0.7609383054,0.0507912509,,,,
24937,0.0,1410.647949,653.389893,1674.319702,0.6430637886,-0.7641264388,0.0507912335,,,,
24938,0.0,1417.28064,652.758362,1673.654541,0.6383573348,-0.7679986872,0.0517487168,,,,
24939,0.0,1421.06665,652.448975,1673.171143,0.634319561,-0.7712850502,0.0525172906,,,,
24940,0.0,1424.849854,652.198059,1673.094849,0.6284598711,-0.7759996448,0.0535045945,,,,
24941,0.0,1427.6521,652.114319,1672.449707,0.6192436155,-0.783311652,0.054407724,,,,
24942,0.0,1431.093262,652.040894,1672.265503,0.610759326,-0.789876355,0.0553930449,,,,
24943,0.0,1434.582397,651.7276,1672.296509,0.5973544704,-0.7998909912,0.0578103707,,,,
24944,0.0,1438.65564,651.475098,1672.280029,0.5814685561,-0.8113546824,0.0599824777,,,,
24945,0.0,1440.7109985,651.38678,1672.276001,0.5711914033,-0.8184428179,0.0611113631,,,,
24946,0.0,1442.766357,651.298462,1672.271973,0.5609142505,-0.8255309534,0.0622402485,,,,
24947,0.0,1446.999146,651.149414,1672.267944,0.5436506215,-0.8368624856,0.0640716937,,,,
24948,0.0,1448.887695,650.958069,1672.266968,0.5352388351,-0.842236215,0.0644790472,,,,
24949,0.0,1458.093262,649.377747,1672.612061,0.4736880896,-0.8779167206,0.0698700612,,,,
24950,0.0,1461.317139,648.370422,1673.066406,0.4596593614,-0.8851230483,0.0725979391,,,,
24951,0.0,1464.432861,647.078735,1673.82019,0.4367722217,-0.8964729637,0.0746073168,,,,
24952,0.0,1466.494019,645.616272,1674.509644,0.415306667,-0.9064562546,0.0765338537,,,,
24953,0.0,1469.840942,643.77948,1675.838867,0.3930559536,-0.9161558823,0.0785201678,,,,
24954,0.0,1472.634766,642.164368,1676.03418,0.3650423557,-0.927523047,0.0802812296,,,,
24955,0.0,1475.445435,640.322205,1676.253052,0.3434025144,-0.935582617,0.0822184889,,,,
24956,0.0,1477.997559,638.254395,1676.199219,0.3151907358,-0.9452271711,0.0848551416,,,,
24957,0.0,1480.372803,636.191589,1675.944946,0.2860471032,-0.9541810772,0.0878380703,,,,
24958,0.0,1483.428101,633.202087,1675.525635,0.256364721,-0.962295445,0.0909098805,,,,
24959,0.0,1485.523438,630.601746,1675.557617,0.2246756799,-0.9699082798,0.093801747,,,,
24960,0.0,1487.52002,627.891846,1675.666016,0.2080277465,-0.9734245601,0.095755326,,,,
24961,0.0,1488.794067,625.861511,1675.665405,0.1902717332,-0.9769822497,0.0964486976,,,,
24962,0.0,1490.69165,622.605469,1675.868164,0.1654401553,-0.9814183309,0.0971988419,,,,
24963,0.0,1492.721924,618.990662,1676.161987,0.146688121,-0.9843463007,0.097698288,,,,
24964,0.0,1494.31958,615.781494,1676.60498,0.1290248089,-0.9868136948,0.0977309084,,,,
24965,0.0,1495.247437,613.04364,1676.884766,0.114042264,-0.9886571861,0.0977309084,,,,
24966,0.0,1496.816772,609.473633,1676.98291,0.0989704306,-0.9902795178,0.0977309084,,,,
24967,0.0,1497.577393,606.069397,1677.46521,0.0836959255,-0.9916872801,0.0977309084,,,,
24968,0.0,1498.509155,602.255615,1677.845337,0.0537195938,-0.9937619809,0.0977309084,,,,
24969,0.0,1499.205566,599.032837,1678.03894,0.0359172183,-0.9945645394,0.0977309084,,,,
24970,0.0,1499.973145,595.522095,1678.149902,0.0024703221,-0.9952098106,0.0977309084,,,,
24971,0.0,1500.559082,592.2854,1678.203369,-0.0373522362,-0.9945116792,0.0977309084,,,,
24972,0.0,1501.485718,588.350586,1678.330688,-0.0747718186,-0.9924000427,0.0977309084,,,,
24973,0.0,1501.664551,584.654602,1677.396973,-0.1133447017,-0.988646164,0.098649587,,,,
24974,0.0,1502.085693,582.117065,1676.940308,-0.1613963791,-0.9818123916,0.0999781802,,,,
24975,0.0,1503.225952,577.649231,1676.665527,-0.2245055176,-0.9691777795,0.1014480373,,,,
24976,0.0,1504.01355,574.962769,1676.261108,-0.2841488055,-0.9532440818,0.1028842884,,,,
24977,0.0,1503.927246,572.707458,1675.927246,-0.3852570742,-0.9169478591,0.1038441641,,,,
24978,0.0,1503.311035,571.397095,1675.680054,-0.4832509673,-0.8692401224,0.1043557007,,,,
24979,0.0,1502.834717,570.226929,1675.088745,-0.5487487581,-0.8293357263,0.105247582,,,,
24980,0.0,1502.460327,569.063354,1674.963623,-0.6519906058,-0.7507458382,0.1062494068,,,,
24981,0.0,1503.333008,567.929871,1675.210083,-0.713705134,-0.6923309987,0.1063144859,,,,
24982,0.0,1499.205566,567.145264,1676.699707,-0.7774753075,-0.619862385,0.1063144859,,,,
24983,0.0,1498.778076,565.215027,1676.701538,-0.8411215521,-0.5306320741,0.1046142272,,,,
24984,0.0,1498.739014,564.900391,1676.701294,-0.84836154,-0.5190248467,0.1043834561,0.0424715071,268.4101021096,930.884877809,6.0
24985,0.0,1498.522034,563.773468,1676.701294,-0.8621443962,-0.4951226366,0.1039187958,0.0358715234,245.8617334541,930.3306593913,6.0
24986,0.0,1498.27002,562.256226,1676.701294,-0.8770410629,-0.4691441389,0.1034541009,0.0288338285,221.6321519544,929.6511028753,6.0
24987,0.0,1497.984131,559.651672,1676.701294,-0.879390579,-0.4647251354,0.1034541356,0.0281830727,218.9131014594,928.6333747679,6.0
24988,0.0,1497.926758,559.109558,1676.701294,-0.8689048415,-0.483865215,0.1043016304,0.0329832779,235.9914494134,926.4998108247,6.0
24989,0.0,1498.047241,557.652771,1676.701294,-0.8489939438,-0.5176862847,0.105878204,0.0428686464,267.3201055188,922.8938484052,6.0
24990,0.0,1498.267212,555.749451,1676.701294,-0.8306108964,-0.5464274027,0.1072503255,0.052842709,294.9918683544,919.6381733214,6.0
24991,0.0,1498.495728,553.904419,1676.701294,-0.8142593199,-0.5702878724,0.1084135717,0.0622681927,318.4009735352,916.6307502248,6.0
24992,0.0,1498.757935,551.811218,1676.701294,-0.7950226843,-0.5965735369,0.1097221329,0.0738841668,344.4422106685,913.0603364618,6.0
24993,0.0,1498.97583,549.997192,1676.701294,-0.7755174859,-0.6214931138,0.1109907135,0.0860893772,369.2152943626,909.5866414166,6.0
24994,0.0,1499.604736,548.334839,1676.701294,-0.7597576394,-0.6403223928,0.1129405268,0.0962982598,388.0953305095,906.4205527407,6.0
24995,0.0,1500.378906,546.739563,1676.701294,-0.7446558459,-0.6573543057,0.1156416359,0.1064331547,405.7481182168,903.8112157066,6.0
24996,0.0,1501.196777,545.251099,1676.701294,-0.7359493036,-0.6667924844,0.1173303257,0.1124957052,415.5093349746,901.7140563393,6.0
24997,0.0,1502.11084,543.649719,1676.701294,-0.7333327217,-0.6695959955,0.1177468559,0.1144595026,417.8094236409,899.3616646312,6.0
24998,0.0,1502.999878,542.188538,1676.701294,-0.7336787474,-0.669216836,0.1177468559,0.1143129859,416.3429805977,896.7443673418,6.0
24999,0.0,1504.303589,540.11377,1676.701294,-0.734407603,-0.6684169019,0.1177468385,0.1142015204,414.9213277246,894.0919309812,6.0
25000,0.0,1505.354126,538.485291,1676.701294,-0.7432194134,-0.65860503,0.1177468385,0.1085351329,403.9506076964,891.5464091222,6.0
25001,0.0,1506.141968,537.314392,1676.698608,-0.7479626704,-0.6532132314,0.1177468385,0.1054498252,397.717568366,889.8130845408,6.0
25002,0.0,1511.952393,533.01178,1675.463379,-0.7609046915,-0.6384026797,0.1160433929,0.0986151024,385.7648045656,890.8731441887,6.0
25003,0.0,1512.627563,530.661926,1675.099854,-0.7717760405,-0.6254256885,0.1149106239,0.0918199944,371.5838091554,887.7250622331,6.0
25004,0.0,1512.884521,529.368896,1674.918945,-0.7761760447,-0.6200219188,0.1145581416,0.0890431507,365.2788716198,885.5209759192,6.0
25005,0.0,1513.544067,526.503723,1674.643677,-0.7831318671,-0.6113168189,0.1140009892,,,,
25006,0.0,1513.862427,524.148804,1674.346313,-0.7915029139,-0.6006172535,0.1130577381,,,,
25007,0.0,1514.097656,522.072815,1674.227783,-0.7982373151,-0.5918111653,0.1121460364,,,,
25008,0.0,1514.257446,519.815491,1674.240234,-0.8045712381,-0.5831927951,0.1120325245,,,,
25009,0.0,1514.322266,517.766785,1674.219482,-0.8075982245,-0.5791416168,0.1112658776,,,,
25010,0.0,1514.365234,515.544556,1674.261719,-0.8086287906,-0.5777376264,0.1110797646,,,,
25011,0.0,1514.348877,513.739929,1674.334595,-0.8087218702,-0.5776073255,0.1110797646,,,,
25012,0.0,1514.337646,511.004486,1674.322266,-0.8087218702,-0.5776073255,0.1110797646,,,,
25013,0.0,1514.197632,508.911774,1674.414062,-0.8087218702,-0.5776073255,0.1110797646,,,,
25014,0.0,1513.996216,506.954468,1674.466309,-0.8087218702,-0.5776073255,0.1110797646,,,,
25015,0.0,1513.719116,505.321808,1674.499756,-0.8087218702,-0.5776073255,0.1110797646,,,,
25016,0.0,1513.519653,502.789337,1674.539185,-0.8087218702,-0.5776073255,0.1110797646,,,,
25017,0.0,1513.116577,500.099091,1674.7052,-0.8097912578,-0.5761071089,0.111079782,,,,
25018,0.0,1512.679565,498.304047,1674.945435,-0.8103012396,-0.5753895925,0.111079782,,,,
25019,0.0,1512.398193,496.022827,1674.911133,-0.8103798459,-0.5752788813,0.1110797646,,,,
25020,0.0,1511.970581,493.383698,1675.067505,-0.8103798459,-0.5752788813,0.1110797646,,,,
25021,0.0,1511.488281,491.367493,1675.149902,-0.8103798459,-0.5752788813,0.1110797646,,,,
25022,0.0,1511.114624,489.016571,1675.106445,-0.8103798459,-0.5752788813,0.1110797646,,,,
25023,0.0,1510.027588,484.297424,1674.849609,-0.8118594116,-0.5731889514,0.1110797993,,,,
25024,0.0,1509.7072755,482.936752,1674.7079465,-0.8135832685,-0.5707315788,0.1110797906,,,,
25025,0.0,1509.386963,481.57608,1674.566284,-0.8153071254,-0.5682742061,0.111079782,,,,
25026,0.0,1509.046265,479.73053,1674.398438,-0.8157379184,-0.5676556443,0.111079782,,,,
25027,0.0,1507.979614,475.711853,1673.431396,-0.8176772532,-0.5648585624,0.1110797646,,,,
25028,0.0,1507.6395875,474.2044065,1673.2584835,-0.8181184154,-0.5642188764,0.1110797646,,,,
25029,0.0,1506.940674,470.223175,1673.351929,-0.8185688825,-0.5635656754,0.1110797646,0.0684914411,286.4880801373,787.6623496712,6.0
25030,0.0,1506.5,468.131012,1673.011108,-0.8185688825,-0.5635656754,0.1110797646,0.0686843834,285.4687890467,783.7959314038,6.0
25031,0.0,1506.18457,466.10379,1672.714722,-0.8193236836,-0.5624677622,0.111079782,0.0684397967,283.6512462231,780.1465928381,6.0
25032,0.0,1505.572754,462.293823,1672.678467,-0.8206947045,-0.5604654174,0.111079782,0.0684356704,281.7071906655,774.822245779,6.0
25033,0.0,1505.202271,460.194458,1672.563721,-0.8211039097,-0.5598657442,0.111079782,0.0684198073,280.6383720645,771.9688166597,6.0
25034,0.0,1504.772583,456.992096,1672.527344,-0.8212610242,-0.5596352527,0.1110797646,0.0687060729,279.4894527902,767.2619706063,6.0
25035,0.0,1504.341919,454.338043,1672.532227,-0.8175631177,-0.5651870089,0.1102460593,0.0714440508,283.4518715186,763.6250600341,6.0
25036,0.0,1504.007202,451.370392,1672.533936,-0.8054961252,-0.5828856984,0.1068655925,0.0796016905,297.0881391282,759.8511245843,6.0
25037,0.0,1503.679688,448.437164,1672.928589,-0.7964660186,-0.5955496505,0.1047019343,0.0860823273,306.88869202,756.0704419689,6.0
25038,0.0,1503.383057,445.457458,1673.052979,-0.7842572949,-0.6118552411,0.1028283,0.0949777759,319.9807141071,752.2510148714,6.0
25039,0.0,1503.019287,442.354095,1673.890015,-0.7758941083,-0.6226152183,0.1016790178,0.101767129,328.8425411345,748.1858485128,6.0
25040,0.0,1502.694702,439.61554,1674.424316,-0.769779516,-0.6302500701,0.1011155081,,,,
25041,0.0,1502.326416,436.490082,1674.841064,-0.7645400258,-0.6366648842,0.1006795618,,,,
25042,0.0,1502.267944,433.031067,1675.272705,-0.7630551229,-0.6385791006,0.0998178922,,,,
25043,0.0,1502.063354,429.659363,1675.282715,-0.7630227428,-0.6387849091,0.0987427667,,,,
25044,0.0,1503.034668,426.335846,1675.652222,-0.7624334262,-0.6394971003,0.0986850006,,,,
25045,0.0,1503.953857,423.507721,1675.695435,-0.7573207634,-0.6456638839,0.0978948948,,,,
25046,0.0,1504.271729,420.057587,1675.694092,-0.7505750829,-0.6536488969,0.0968512493,,,,
25047,0.0,1504.879639,416.718719,1675.68103,-0.7348800021,-0.6718878672,0.0922934259,,,,
25048,0.0,1505.543823,414.062714,1675.65564,-0.7274948104,-0.6801137489,0.0905350176,,,,
25049,0.0,1506.683838,410.389893,1675.578003,-0.715501172,-0.6930010916,0.0883603981,,,,
25161,0.0,336.577698,1734.273193,1750.701294,1.0,0.0,0.0,,,,
25162,0.0,336.652557,1734.273193,1750.701294,1.0,0.0,0.0,,,,
25163,0.0,339.97702,1731.856445,1750.80481,0.8366802394,-0.5475036812,0.0143490811,,,,
25164,0.0,338.562561,1727.877808,1750.752319,0.4522352138,-0.8912592224,0.033768475,0.0147850748,399.4706339696,2331.6820530802,2.0
25165,0.0,336.57547,1726.915039,1750.701294,0.0004838981,-0.9986426812,0.0520822526,0.0513562612,736.9075742097,2329.4323245827,2.0
25166,0.0,333.698456,1727.764771,1750.697021,-0.6085453879,-0.7902996287,0.071407337,,,,
25167,0.0,332.361572,1728.198242,1750.701294,-0.7090865501,-0.7012534108,0.073755802,,,,
25168,0.0,332.303589,1728.143555,1750.701294,-0.709225672,-0.7011127088,0.0737557846,,,,
25169,0.0,328.909424,1733.225342,1750.701294,-0.7092702876,-0.7011564468,0.0729060786,,,,
25170,0.0,328.909576,1733.225464,1750.701294,-0.7092756336,-0.7011620988,0.0727996353,,,,
25171,0.0,328.909576,1733.225464,1750.701294,-0.7092756336,-0.7011620988,0.0727996353,,,,
25172,0.0,328.909576,1733.225464,1750.701294,-0.7092756336,-0.7011620988,0.0727996353,,,,
25173,0.0,328.909576,1733.225464,1750.701294,-0.7092756336,-0.7011620988,0.0727996353,,,,
25174,0.0,328.78064,1733.098022,1750.701294,-0.7092756336,-0.7011620988,0.0727996353,,,,
25175,0.0,328.671539,1732.990112,1750.701294,-0.7092756336,-0.7011620988,0.0727996353,,,,
25176,0.0,328.570465,1732.890259,1750.701294,-0.7092756336,-0.7011620988,0.0727996353,,,,
25177,0.0,328.39209,1732.713867,1750.701294,-0.7092756336,-0.7011620988,0.0727996353,,,,
25178,0.0,333.753357,1735.690063,1750.878174,0.3092266757,-0.9501715824,0.0394059263,,,,
25179,0.0,335.89386,1733.203003,1750.742432,0.987004697,-0.1606656036,0.0028795624,,,,
25180,0.0,336.618286,1732.918213,1750.701294,1.0,0.0,0.0,,,,
25181,0.0,337.017944,1732.74707,1750.701294,1.0,0.0,0.0,,,,
25182,0.0,337.171997,1732.688599,1750.701294,1.0,0.0,0.0,,,,
25183,0.0,337.395477,1732.608154,1750.701294,1.0,0.0,0.0,,,,
25184,0.0,337.519165,1732.595093,1750.701294,0.9999995704,-0.0009269093,0.0,,,,
25185,0.0,337.756378,1732.592651,1750.701294,0.9999873697,-0.0050259686,0.0,,,,
25186,0.0,338.17688,1732.580811,1750.701294,0.9998887231,-0.014917823,0.0,,,,
25187,0.0,338.434906,1732.571533,1750.701294,0.9998191408,-0.0190180379,0.0,,,,
25188,0.0,338.792633,1732.555664,1750.701294,0.999699741,-0.024503628,0.0,,,,
25189,0.0,339.303284,1732.538818,1750.701294,0.9996471495,-0.026562689,0.0,,,,
25190,0.0,339.461121,1732.5342405,1750.701294,0.9996434266,-0.0267020649,0.0,,,,
25191,0.0,339.618958,1732.529663,1750.701294,0.9996397036,-0.0268414408,0.0,,,,
25192,0.0,339.911835,1732.521729,1750.701294,0.9996397036,-0.0268414408,0.0,,,,
25193,0.0,340.396881,1732.508667,1750.701294,0.9996397036,-0.0268414408,0.0,,,,
25194,0.0,340.699615,1732.50061,1750.701294,0.9996397036,-0.0268414408,0.0,,,,
25195,0.0,340.8449095,1732.496704,1750.701294,0.9996397036,-0.0268414408,0.0,,,,
25196,0.0,341.18396,1732.487549,1750.701294,0.9996397036,-0.0268414408,0.0,,,,
25197,0.0,341.477631,1732.479736,1750.701294,0.9996397036,-0.0268414408,0.0,,,,
25198,0.0,341.5011293333,1732.479085,1750.701294,0.9996397036,-0.0268414408,0.0,,,,
25199,0.0,341.5246276667,1732.478434,1750.701294,0.9996397036,-0.0268414408,0.0,,,,
25200,0.0,341.548126,1732.477783,1750.701294,0.9996135101,-0.0277998271,0.0,,,,
25201,0.0,342.45163,1732.453613,1750.701294,0.9996397036,-0.0268414408,0.0,,,,
25202,0.0,342.824615,1732.443481,1750.701294,0.9996397036,-0.0268414408,0.0,,,,
25203,0.0,343.692841,1732.420166,1750.701294,0.9996397036,-0.0268414408,0.0,,,,
25204,0.0,344.639343,1732.392456,1750.701294,0.9996284592,-0.0272569912,0.0,,,,
25205,0.0,345.555145,1732.365723,1750.701294,0.9996180807,-0.0276349918,0.0,,,,
25206,0.0,347.085388,1732.313843,1750.701294,0.9995672213,-0.0294171722,0.0,,,,
25207,0.0,348.375488,1732.259766,1750.701294,0.9994731552,-0.0324491115,0.0006834709,,,,
25208,0.0,350.423004,1732.161011,1750.701294,0.999245499,-0.0388267108,0.0009587441,,,,
25209,0.0,352.189819,1732.051392,1750.701294,0.998888896,-0.0470898405,0.0018762802,,,,
25210,0.0,354.049011,1731.944336,1750.701294,0.9985534487,-0.0537025115,0.0026552535,,,,
25211,0.0,356.698303,1731.761353,1750.701294,0.9978162958,-0.0659397283,0.0038199579,,,,
25212,0.0,358.208923,1731.63208,1750.701294,0.9971532495,-0.0752705271,0.0044435064,,,,
25213,0.0,361.172577,1731.390991,1750.701294,0.9960346688,-0.0887881711,0.0056213268,,,,
25214,0.0,363.908325,1731.18103,1750.701294,0.9953213055,-0.0964489953,0.005752399,,,,
25215,0.0,365.669861,1731.043945,1750.701294,0.9949293908,-0.1003748822,0.0063553468,,,,
25216,0.0,368.94455,1730.785645,1750.701294,0.9943705244,-0.1057460222,0.0067111071,,,,
25217,0.0,370.748779,1730.637085,1750.701294,0.9941080373,-0.1081660872,0.0070219429,,,,
25218,0.0,374.17572,1730.354492,1750.701294,0.9937622013,-0.1112646039,0.007541566,,,,
25219,0.0,377.185303,1730.065918,1750.701294,0.9929852785,-0.1179890264,0.0076698266,,,,
25220,0.0,380.08194,1729.743896,1750.701294,0.9918571023,-0.1271245939,0.0076698266,,,,
25221,0.0,383.699463,1729.355591,1750.701294,0.9907922901,-0.135173265,0.0076698266,,,,
25222,0.0,385.859375,1729.118652,1750.701294,0.9902165823,-0.1393280085,0.0076698266,,,,
25223,0.0,389.528839,1728.690674,1750.701294,0.9892663241,-0.1459222868,0.0076698266,,,,
25224,0.0,393.039185,1728.288452,1750.701294,0.9887117567,-0.1496336725,0.0076698266,,,,
25225,0.0,395.115051,1728.039429,1750.701294,0.9884081955,-0.1516258977,0.0076698266,,,,
25226,0.0,399.242004,1727.542847,1750.701294,0.9879896434,-0.1543296417,0.0076698266,,,,
25227,0.0,402.734406,1727.117798,1750.701294,0.9877891673,-0.1556076305,0.0076698266,,,,
25228,0.0,405.997986,1726.710571,1750.701294,0.9877550867,-0.1558238185,0.0076698266,,,,
25229,0.0,409.997803,1726.207153,1750.701294,0.9877550867,-0.1558238185,0.0076698266,,,,
25230,0.0,416.394287,1725.355469,1751.038574,0.9874921758,-0.157520821,0.0068112867,,,,
25231,0.0,418.2561645,1725.1016235,1751.4298705,0.9874138263,-0.158012567,0.0067611969,,,,
25232,0.0,420.118042,1724.847778,1751.821167,0.9873354768,-0.1585043131,0.0067111071,,,,
25233,0.0,423.279785,1724.385132,1752.66626,0.9868390384,-0.1615832985,0.0062888685,,,,
25234,0.0,427.337372,1723.792236,1753.732056,0.9862790495,-0.1649849638,0.005796398,,,,
25235,0.0,433.415314,1722.821167,1755.345215,0.9842864174,-0.1764855756,0.005752399,,,,
25236,0.0,437.447388,1722.117065,1756.420532,0.9820460692,-0.1885535146,0.005752399,,,,
25237,0.0,439.5073855,1721.70874,1756.970764,0.9799492454,-0.1988850164,0.005752399,,,,
25238,0.0,441.567383,1721.300415,1757.520996,0.9778524216,-0.2092165183,0.005752399,,,,
25239,0.0,447.601685,1719.942871,1759.133789,0.9682248651,-0.2500150406,0.005752399,,,,
25240,0.0,451.581451,1718.869385,1760.20105,0.9572510338,-0.2892012589,0.005752399,,,,
25241,0.0,455.277374,1717.854126,1761.196655,0.946977585,-0.3212628573,0.0048610719,,,,
25242,0.0,457.730225,1717.119141,1761.860229,0.9386178364,-0.3449254673,0.0047936681,,,,
25243,0.0,460.921814,1716.136597,1762.728638,0.9279144061,-0.3727624923,0.0047936681,,,,
25244,0.0,465.378174,1714.82666,1763.932373,0.9173543486,-0.3980427362,0.0047936681,,,,
25245,0.0,467.781158,1714.06897,1764.560913,0.9104736097,-0.4135322295,0.0053759896,,,,
25246,0.0,471.90033,1712.645386,1765.56665,0.8978770327,-0.4401975201,0.0065557239,0.144102355,1045.0992550126,2020.9007669446,1.0
25247,0.0,474.937531,1711.596191,1765.821289,0.8897291956,-0.4564294373,0.0073571247,0.1352258135,1013.5509376854,2018.3786977933,1.0
25248,0.0,478.427094,1710.201416,1765.701294,0.8755367916,-0.4830480491,0.0099954389,0.1208796157,960.3481409231,2014.999129418,1.0
25249,0.0,481.9375,1708.834595,1765.701294,0.8658055215,-0.500251123,0.0113847637,0.1119358982,924.7113724081,2011.4680428192,1.0
25250,0.0,484.680023,1707.721924,1765.701294,0.8584927578,-0.5126641305,0.0128714478,0.1056331866,898.4938806501,2008.5511430893,1.0
25251,0.0,487.796417,1706.400024,1765.701294,0.8506034706,-0.5256050762,0.0145958797,0.0991304817,870.3544531635,2005.0093133679,1.0
25252,0.0,490.867218,1705.090454,1765.701294,0.8451308633,-0.5343263915,0.0157838929,0.0949053956,851.1061393656,2001.6124691406,1.0
25253,0.0,494.962585,1703.232422,1765.701294,0.835413366,-0.5493281298,0.0179753646,0.0876810897,817.669329522,1996.846027476,1.0
25254,0.0,497.058594,1702.225464,1765.701294,0.8304518478,-0.556758847,0.0192175623,0.0840893842,800.4205776329,1994.1601678979,1.0
25255,0.0,501.198212,1700.236816,1765.701294,0.8238987578,-0.5663523434,0.0208772635,0.0796314693,777.8559037877,1989.1360917521,1.0
25256,0.0,504.585449,1698.531494,1765.701294,0.8180215866,-0.5747338988,0.0228392077,0.0757719168,757.9935925189,1985.1033548651,1.0
25257,0.0,506.92392,1697.291748,1765.701294,0.813025894,-0.5817207085,0.0242881265,0.0725862012,741.4727216469,1982.3514932393,1.0
25258,0.0,510.666595,1695.210205,1765.701294,0.8032567507,-0.5949999989,0.0274516622,0.0667132586,710.4182589793,1978.1531030867,1.0
25259,0.0,512.514465,1694.111938,1765.701416,0.7964982201,-0.6039293112,0.0293252854,0.0628671086,689.586891516,1976.0482567281,1.0
25260,0.0,516.348145,1691.837646,1765.701294,0.7862435811,-0.6170867178,0.0320158395,0.0573065006,657.9715520634,1971.982374237,1.0
25261,0.0,519.932251,1689.61499,1765.701416,0.7749198464,-0.6310984735,0.0348417614,0.051618644,624.1644180456,1968.1524207113,1.0
25262,0.0,522.218689,1688.124268,1765.701294,0.7673225478,-0.6402108799,0.036689737,0.0480446984,601.9795110458,1965.7307891125,1.0
25263,0.0,525.638123,1685.80957,1765.701294,0.7530750045,-0.6566756846,0.0406827092,0.0419571056,562.3915022516,1962.1169458417,1.0
25264,0.0,528.839111,1683.535645,1765.701294,0.7385148962,-0.6727963996,0.0440539751,0.0363149045,523.0630385342,1958.7348804091,1.0
25265,0.0,531.071289,1681.907349,1765.701294,0.7287838485,-0.6831767918,0.0462987394,0.0328827154,497.5716809367,1956.3956585165,1.0
25266,0.0,534.350159,1679.329224,1765.701294,0.7073359521,-0.7050644064,0.0505967749,0.0262589882,444.6408859399,1953.1037690067,1.0
25267,0.0,536.51355,1677.658569,1765.701294,0.698409429,-0.7137941091,0.0521750824,0.0237807585,422.9331083122,1950.9281316504,1.0
25268,0.0,539.453308,1675.280273,1765.701294,0.6837318379,-0.7276589703,0.0549836047,0.0201914108,389.5320454163,1948.2660226769,1.0
25269,0.0,542.501099,1672.689209,1765.701294,0.6662107407,-0.7435550889,0.0573504902,0.016454869,351.4373581626,1945.2690096384,1.0
25270,0.0,543.991821,1671.355225,1765.701294,0.6561865149,-0.7522621324,0.0593375251,0.120929347,1055.3297471194,2213.8631485155,2.0
25271,0.0,547.510864,1668.23877,1765.701294,0.6395835808,-0.7661564376,0.0627467633,0.1118696949,1015.7097208531,2210.0260895422,2.0
25272,0.0,552.136597,1663.770752,1765.701294,0.607711767,-0.7912444964,0.0679599524,0.0090062939,259.1880502753,1935.5614928551,1.0
25273,0.0,553.550476,1662.36261,1765.701294,0.5997971848,-0.797091486,0.0692106071,0.0085304431,251.9780937651,1933.9748703848,1.0
25274,0.0,554.964355,1660.954468,1765.701294,0.5918826025,-0.8029384755,0.0704612619,0.0080545922,244.7681372548,1932.3882479145,1.0
25275,0.0,557.891113,1657.943359,1765.701294,0.576442372,-0.8138941249,0.0727361345,0.0075099438,236.0005071491,1929.2855524717,1.0
25276,0.0,559.311829,1656.436157,1765.701294,0.5696278897,-0.8185819665,0.0738080714,0.0074092091,234.2445952252,1927.8560058845,1.0
25277,0.0,564.283325,1651.062256,1765.701294,0.5495245256,-0.8319592287,0.0765939778,0.0075822016,236.1223632436,1921.0968124915,1.0
25278,0.0,565.7702025,1649.3012695,1765.701294,0.5408144878,-0.837494255,0.0775604744,0.0079031049,240.6920390885,1918.7077770171,1.0
25279,0.0,569.12323,1645.343018,1765.701294,0.5245954209,-0.8476528721,0.0792732786,0.0086587798,251.2275051017,1913.2247759161,1.0
25280,0.0,571.572144,1642.242676,1765.701294,0.5093398081,-0.856800379,0.0804118801,0.009759698,266.0103517628,1908.6556788078,1.0
25281,0.0,573.002075,1640.422852,1765.701294,0.5027332948,-0.8606512781,0.0808616829,0.0097971063,222.6785412252,1594.7065582896,6.0
25282,0.0,575.99939,1636.603271,1765.701294,0.4940954821,-0.8655842393,0.081446788,0.0096485059,219.9560975447,1587.2344605881,6.0
25283,0.0,578.350464,1633.523438,1765.701294,0.4883861077,-0.8687248551,0.0824386801,0.0096964477,219.668770226,1581.2565263141,6.0
25284,0.0,579.837341,1631.48645,1765.701294,0.4830447513,-0.8716414747,0.0831198401,0.0097655443,219.8859439137,1577.237597777,6.0
25285,0.0,581.895752,1628.593994,1765.701294,0.4757526382,-0.8755769284,0.0838121094,0.0098940595,220.5458805469,1571.7142597869,6.0
25286,0.0,583.753662,1625.959351,1765.701294,0.4710260831,-0.8780923434,0.0841918378,0.0100281543,221.3749253046,1567.091869029,6.0
25287,0.0,586.333252,1622.20752,1765.701294,0.4636328119,-0.8820018475,0.084364428,0.0102642626,223.0167229383,1560.5434067919,6.0
25288,0.0,587.864563,1619.879761,1765.701294,0.4577092907,-0.8850276396,0.0850193053,0.0105812089,225.8412905939,1556.5841167609,6.0
25289,0.0,589.831665,1616.8302,1765.701294,0.4509376025,-0.8884682481,0.085319698,0.0109841455,229.3049649091,1551.3550252664,6.0
25290,0.0,591.380615,1614.414185,1765.701294,0.4473203885,-0.8902949057,0.085319698,0.0112293787,231.2559181691,1547.4714432864,6.0
25291,0.0,593.942383,1610.286987,1765.701294,0.438264899,-0.8947873627,0.0853197154,0.0119139592,237.1549476003,1540.9429042374,6.0
25292,0.0,595.36499,1607.852905,1765.701294,0.4296293581,-0.8989656077,0.085319698,0.0127564695,245.0698740573,1539.2144590817,6.0
25293,0.0,597.186401,1604.672241,1765.701294,0.4186256294,-0.904142206,0.0853197154,0.0138884722,254.8054519097,1534.1918188446,6.0
25294,0.0,598.801025,1601.70813,1765.701294,0.4057012022,-0.910014881,0.085319698,0.0154447121,267.7695046529,1529.4652179557,6.0
25295,0.0,600.696533,1598.222412,1765.701294,0.3935994443,-0.9153141683,0.085319698,0.0171364296,280.9807038215,1524.2980990339,6.0
25296,0.0,602.443909,1594.832153,1765.701294,0.377700719,-0.9219496028,0.0857385376,0.0196926845,300.0110977871,1519.2126310478,6.0
25297,0.0,603.968018,1591.734619,1765.701294,0.3625603738,-0.9279648933,0.086204015,0.0224667307,319.2597494078,1514.6501389637,6.0
25298,0.0,605.481262,1588.594727,1765.701294,0.3473126545,-0.9337722209,0.086274907,0.0255256319,339.0213024748,1510.1253127781,6.0
25299,0.0,606.591248,1585.974609,1765.701294,0.3261191477,-0.9413835254,0.086274907,0.0301372619,367.0043130543,1506.2646698881,6.0
25300,0.0,608.134583,1582.407227,1765.701294,0.3037807642,-0.9488276386,0.086274907,0.0356011043,397.0550764655,1501.4268490611,6.0
25301,0.0,609.482605,1578.964111,1765.701294,0.27403367,-0.9578424636,0.0862749244,0.0436438223,437.3766058236,1496.8221376595,6.0
25302,0.0,610.707581,1575.630493,1765.701294,0.2460160043,-0.9654184409,0.086274907,0.0522547354,476.096416248,1492.3339090514,6.0
25303,0.0,612.019165,1571.973022,1765.701294,0.2185693071,-0.9720000506,0.086274907,0.0616374508,514.1680532485,1487.5283435734,6.0
25304,0.0,612.862305,1569.561035,1765.701294,0.2025948874,-0.9754547411,0.086274907,0.0675785826,536.4198748742,1484.394717491,6.0
25305,0.0,614.339294,1565.110229,1765.701294,0.1747005399,-0.9808345231,0.086274907,0.078752287,575.1815275974,1478.7054061499,6.0
25306,0.0,615.391174,1561.766235,1765.701294,0.1558726759,-0.9840803156,0.0853793965,0.0868090098,600.9063568943,1474.5015512552,6.0
25307,0.0,615.654175,1560.959717,1765.701294,0.1526809499,-0.9845857371,0.0853197154,0.0883065792,605.4127403175,1473.4856218906,6.0
25308,0.0,617.073059,1556.246582,1765.701294,0.1341603302,-0.987309563,0.0849754822,0.097435061,631.8581888033,1467.5477569497,6.0
25309,0.0,618.293457,1551.96936,1765.701294,0.1199008736,-0.9891881497,0.0844427919,0.1047577062,651.6404567543,1462.4555652681,6.0
25310,0.0,619.219482,1548.579956,1765.701294,0.1103312933,-0.9903078557,0.084364428,0.1101259886,665.339882977,1458.4186891516,6.0
25311,0.0,619.911438,1545.773682,1765.701172,0.1015424592,-0.9912475852,0.0843644106,0.1153084021,678.281943495,1454.9887378324,6.0
25312,0.0,620.953491,1541.513794,1765.701294,0.0921143943,-0.9921681231,0.0843644106,0.1211712477,691.9011127386,1450.1089741242,6.0
25313,0.0,621.806824,1537.913818,1765.701294,0.0876189215,-0.9926493707,0.0834874333,0.1246323567,699.0578155074,1445.9540186842,6.0
25314,0.0,622.538452,1534.627563,1765.701294,0.0839751158,-0.9929708496,0.0834090631,0.1277472493,705.3351278609,1442.2398664211,6.0
25315,0.0,623.629883,1529.205078,1765.701294,0.0753989203,-0.9937848929,0.0818937696,0.1342257611,718.6672569131,1436.0857560554,6.0
25316,0.0,624.120819,1526.539734,1765.701294,0.0714488352,-0.9941227779,0.0812330756,0.1372260184,724.5464060302,1433.199575412,6.0
25317,0.0,625.125854,1520.791382,1765.701294,0.0618091394,-0.9948965223,0.0797529945,0.1444045092,738.6817372549,1427.0044594489,6.0
25318,0.0,625.604431,1517.549072,1765.701294,0.0532353523,-0.9954645306,0.0788439318,,,,
25319,0.0,626.146484,1513.813599,1765.701294,0.046284316,-0.9959610345,0.0769375066,,,,
25320,0.0,626.59729,1510.520264,1765.701294,0.0409073389,-0.9963345879,0.0751264177,,,,
25321,0.0,627.128418,1506.597534,1765.701294,0.0379441567,-0.9965473103,0.0738491661,,,,
25322,0.0,627.568726,1503.215332,1765.701294,0.0369380057,-0.9968319599,0.0704388206,,,,
25323,0.0,627.975159,1499.899414,1765.701294,0.0360495129,-0.9972669846,0.0644902638,,,,
25324,0.0,628.336182,1496.718384,1765.701294,0.0345016739,-0.9974883951,0.0618590018,,,,
25325,0.0,628.74823,1492.483887,1765.701294,0.0285856754,-0.9977086882,0.0613207363,,,,
25326,0.0,629.071411,1489.302002,1765.701294,0.0281301231,-0.9977216363,0.0613207363,,,,
25327,0.0,629.417542,1485.688477,1765.701294,0.0281301231,-0.9977216363,0.0613207363,,,,
25328,0.0,629.758362,1481.983887,1765.701294,0.0281301231,-0.9977216363,0.0613207363,,,,
25329,0.0,630.063965,1478.43103,1765.701294,0.0281301231,-0.9977216363,0.0613207363,,,,
25330,0.0,630.294312,1475.559082,1765.701294,0.0281301231,-0.9977216363,0.0613207363,,,,
25331,0.0,630.636108,1471.151123,1765.701294,0.0281301231,-0.9977216363,0.0613207363,,,,
25332,0.0,630.861023,1468.05127,1765.701294,0.0281301231,-0.9977216363,0.0613207363,,,,
25333,0.0,631.107544,1464.474609,1765.701294,0.0281301231,-0.9977216363,0.0613207363,,,,
25334,0.0,631.28595,1461.751465,1765.701294,0.0281301231,-0.9977216363,0.0613207363,,,,
25335,0.0,631.562927,1457.339111,1765.701294,0.0281301231,-0.9977216363,0.0613207363,,,,
25336,0.0,631.758789,1454.049316,1765.701294,0.0281301231,-0.9977216363,0.0613207363,,,,
25337,0.0,631.98999,1449.954712,1765.701294,0.0281301231,-0.9977216363,0.0613207363,,,,
25338,0.0,632.167969,1446.667725,1765.701294,0.0281301231,-0.9977216363,0.0613207363,,,,
25339,0.0,632.311279,1443.910034,1765.701294,0.0281301231,-0.9977216363,0.0613207363,,,,
25340,0.0,632.554688,1439.104126,1765.701294,0.0281301231,-0.9977216363,0.0613207363,,,,
25341,0.0,632.724182,1435.589966,1765.701294,0.0281301231,-0.9977216363,0.0613207363,,,,
25342,0.0,632.888367,1432.072021,1765.701294,0.0281301231,-0.9977216363,0.0613207363,,,,
25343,0.0,633.046021,1428.579956,1765.701294,0.0281301231,-0.9977216363,0.0613207363,,,,
25344,0.0,633.17926,1425.521118,1765.701294,0.0281301231,-0.9977216363,0.0613207363,,,,
25345,0.0,633.339539,1421.779907,1765.701294,0.0281301231,-0.9977216363,0.0613207363,,,,
25346,0.0,633.504395,1417.817261,1765.701294,0.0281301231,-0.9977216363,0.0613207363,,,,
25347,0.0,633.654236,1414.098511,1765.701294,0.0281301231,-0.9977216363,0.0613207363,,,,
25348,0.0,633.693359,1413.116455,1765.701294,0.0281301231,-0.9977216363,0.0613207363,,,,
25349,0.0,633.926208,1407.098755,1765.701294,0.0281301231,-0.9977216363,0.0613207363,,,,
25350,0.0,633.966675,1406.032593,1765.701294,0.0281301231,-0.9977216363,0.0613207363,,,,
25351,0.0,634.172058,1400.318481,1765.701294,0.0273619519,-0.9977429984,0.0613207363,,,,
25352,0.0,634.286194,1396.2323,1765.701294,0.0235688568,-0.998055175,0.0577094151,,,,
25353,0.0,634.353943,1394.225342,1765.701172,0.0233528007,-0.9980906502,0.0571812969,,,,
25354,0.0,634.526917,1389.138916,1765.701294,0.0233537497,-0.9981252509,0.0565737206,,,,
25355,0.0,634.661743,1385.515869,1765.701294,0.0251141333,-0.9980846811,0.0565353848,,,,
25356,0.0,634.779785,1382.139038,1765.701294,0.0260965639,-0.9981060476,0.0557071547,,,,
25357,0.0,634.883728,1379.038086,1765.701294,0.0266405942,-0.9980988669,0.0555781481,,,,
25358,0.0,635.032104,1374.49646,1765.701294,0.027178593,-0.9980843619,0.0555781481,,,,
25359,0.0,635.138489,1371.093872,1765.701294,0.0271827215,-0.9980842495,0.0555781481,,,,
25360,0.0,635.250854,1367.459717,1765.701294,0.0271810517,-0.9980331772,0.0564886499,,,,
25361,0.0,635.447632,1361.000732,1765.701294,0.0271787018,-0.9979513759,0.0579169188,,,,
25362,0.0,635.515381,1358.7543945,1765.701294,0.0271782792,-0.9979358564,0.0581833014,,,,
25363,0.0,635.58313,1356.508057,1765.701294,0.0271778565,-0.9979203368,0.058449684,,,,
25364,0.0,635.773743,1349.79834,1765.701294,0.0262189118,-0.9978323814,0.0603581585,,,,
25365,0.0,635.878845,1346.210571,1765.701294,0.0262173084,-0.9977813064,0.0611973642,,,,
25366,0.0,635.982422,1342.644409,1765.701294,0.0262158071,-0.9977241718,0.0621225274,,,,
25367,0.0,636.086975,1339.011963,1765.701294,0.0262141779,-0.9976621674,0.0631111451,,,,
25368,0.0,636.1421815,1337.0790405,1765.701294,0.0262125453,-0.9976000336,0.064079127,,,,
25369,0.0,636.290405,1332.106812,1765.701294,0.0269674435,-0.9974613128,0.0659066501,0.0243407346,392.1186606493,1788.111710743,2.0
25370,0.0,636.409363,1327.973511,1765.701294,0.0271633355,-0.9973826743,0.0670071203,0.0245508014,392.848014243,1783.8518887403,2.0
25371,0.0,636.489929,1325.251709,1765.701294,0.0275645406,-0.9973135577,0.0678665143,0.0246580023,393.0693859267,1781.021357086,2.0
25372,0.0,636.616882,1320.919434,1765.701294,0.0280721249,-0.9972294626,0.0688865353,0.0247978244,393.1992197129,1776.642633503,2.0
25373,0.0,636.733521,1317.103394,1765.701294,0.029036591,-0.9970661438,0.0708235924,0.0251855718,394.9026764091,1770.724612855,2.0
25374,0.0,636.800415,1314.761719,1765.701294,0.0290659088,-0.9969820875,0.0719853473,0.0255846252,397.0604693507,1766.6391888519,2.0
25375,0.0,636.918152,1310.627563,1765.701294,0.0290625529,-0.9968759361,0.0734420596,0.0261594044,399.9617401685,1760.1451558085,2.0
25376,0.0,637.023621,1306.931396,1765.701294,0.0290621392,-0.9968527857,0.0737557846,0.0265824241,401.782098571,1754.2189393789,2.0
25377,0.0,637.143066,1303.044067,1765.701294,0.0299860967,-0.9967627485,0.0745979705,0.026890803,402.6868442095,1748.1954883773,2.0
25378,0.0,637.161865,1302.435547,1765.701294,0.0301546966,-0.9967458405,0.0747557602,0.0269620192,402.9537870723,1747.0740453906,2.0
25379,0.0,637.322876,1297.086792,1765.701294,0.0308615267,-0.9966708049,0.0754643811,0.0275539516,405.191592553,1738.0645968479,2.0
25380,0.0,637.469421,1292.117188,1765.701294,0.0310635767,-0.996615545,0.0761085394,0.0280729783,407.2086740933,1730.7221690515,2.0
25381,0.0,637.553345,1289.261597,1765.701294,0.0310626709,-0.9965864836,0.0764885037,0.0284861605,409.0116943285,1725.912808374,2.0
25382,0.0,637.671753,1285.24353,1765.701294,0.0310623471,-0.996576096,0.076623857,,,,
25383,0.0,637.767639,1282.006226,1765.701294,0.0310623471,-0.996576096,0.076623857,,,,
25384,0.0,637.900513,1277.53833,1765.701294,0.0310623471,-0.996576096,0.076623857,,,,
25385,0.0,637.989075,1274.566528,1765.701294,0.0310623471,-0.996576096,0.076623857,,,,
25386,0.0,638.091003,1271.168457,1765.701294,0.0310623471,-0.996576096,0.076623857,,,,
25387,0.0,638.195679,1267.684937,1765.701294,0.0310623471,-0.996576096,0.076623857,,,,
25388,0.0,638.301086,1264.182495,1765.701294,0.0310623471,-0.996576096,0.076623857,,,,
25389,0.0,638.409363,1260.594482,1765.701294,0.0310623471,-0.996576096,0.076623857,,,,
25390,0.0,638.501099,1257.563477,1765.701294,0.0310623471,-0.996576096,0.076623857,,,,
25391,0.0,638.638123,1253.04541,1765.701294,0.0310623471,-0.996576096,0.076623857,,,,
25392,0.0,638.710754,1250.736816,1765.701294,0.0313431471,-0.9965673041,0.076623857,,,,
25393,0.0,638.861816,1245.937256,1765.701294,0.0319161494,-0.9965491177,0.076623857,,,,
25394,0.0,638.993164,1241.80957,1765.701294,0.0324589779,-0.9964940393,0.0771105987,,,,
25395,0.0,639.095032,1238.630005,1765.701294,0.0328801522,-0.9964441289,0.0775757277,0.0353205083,432.8447153082,1643.1332758772,2.0
25396,0.0,639.225037,1234.466309,1765.701294,0.0329705213,-0.9964333836,0.0776753289,0.0359532827,434.8394102008,1636.3783182552,2.0
25397,0.0,639.411743,1228.504028,1765.701294,0.0329705213,-0.9964333836,0.0776753289,0.0372011825,439.1298827874,1625.087408906,2.0
25398,0.0,639.4854735,1226.1608275,1765.701294,0.0329705213,-0.9964333836,0.0776753289,0.0373135476,439.1081034107,1622.6102269354,2.0
25399,0.0,639.646851,1221.048828,1765.701294,0.0329705213,-0.9964333836,0.0776753289,0.0379081626,440.6160225163,1615.601519522,2.0
25400,0.0,639.75238,1217.716553,1765.701294,0.0329705213,-0.9964333836,0.0776753289,0.0383939047,441.9558339628,1610.4299130017,2.0
25401,0.0,639.865173,1214.173706,1765.701294,0.0329705213,-0.9964333836,0.0776753289,0.0389205553,443.4034678695,1604.9517392506,2.0
25402,0.0,639.972778,1210.799316,1765.701294,0.0329705213,-0.9964333836,0.0776753289,0.0394634547,444.8941064078,1599.453545269,2.0
25403,0.0,640.0548705,1208.2351685,1765.701294,0.0329705213,-0.9964333836,0.0776753289,0.0398146288,445.769782489,1595.6937216514,2.0
25404,0.0,640.136963,1205.671021,1765.701294,0.0329705213,-0.9964333836,0.0776753289,0.0401658029,446.6454585702,1591.9338980337,2.0
25405,0.0,640.353638,1198.929932,1765.701294,0.0329705213,-0.9964333836,0.0776753289,0.0413159753,449.8232934605,1581.2507549153,2.0
25406,0.0,640.456848,1195.730225,1765.701294,0.0329705213,-0.9964333836,0.0776753289,0.0418415346,451.2226090964,1576.3880453254,2.0
25407,0.0,640.562134,1192.468018,1765.701294,0.0329705213,-0.9964333836,0.0776753289,0.0424057547,452.7286345751,1571.3185073374,2.0
25408,0.0,640.636841,1190.1583255,1765.701294,0.0329705213,-0.9964333836,0.0776753289,0.0428021967,453.7575436819,1567.7715642804,2.0
25409,0.0,640.808777,1184.849243,1765.701294,0.0329705213,-0.9964333836,0.0776753289,0.043769307,456.2951758757,1559.3765813839,2.0
25410,0.0,640.917786,1181.48877,1765.701294,0.0329705213,-0.9964333836,0.0776753289,0.0442668792,457.3797218002,1554.4711197373,2.0
25411,0.0,641.04187,1177.671753,1765.701294,0.0329705213,-0.9964333836,0.0776753289,0.0451008945,459.5938093453,1547.8163085356,2.0
25412,0.0,641.16925,1173.757202,1765.701294,0.0329705213,-0.9964333836,0.0776753289,0.0457560308,461.049044459,1541.8196075331,2.0
25413,0.0,641.292603,1169.969727,1765.701294,0.0329705213,-0.9964333836,0.0776753289,0.0464210062,462.3606506107,1535.3525082772,2.0
25414,0.0,641.401978,1166.616577,1765.701294,0.0329705213,-0.9964333836,0.0776753289,0.0469642466,463.2668281246,1529.6512548203,2.0
25415,0.0,641.498352,1163.662598,1765.701294,0.0329705213,-0.9964333836,0.0776753289,0.0475204223,464.2830282846,1524.2261663781,2.0
25416,0.0,641.627136,1159.721191,1765.701294,0.0329705213,-0.9964333836,0.0776753289,0.0481428379,465.347173566,1518.0539995451,2.0
25417,0.0,641.748596,1156.002197,1765.701294,0.0329705213,-0.9964333836,0.0776753289,0.0487482472,466.3170641146,1511.9768879909,2.0
25418,0.0,641.884399,1151.856567,1765.701294,0.0329705213,-0.9964333836,0.0776753289,0.0494318488,467.4101121142,1505.2689823179,2.0
25419,0.0,641.950134,1150.175781,1765.701294,0.034218772,-0.9963912981,0.0776753289,0.0493687567,466.3538979165,1502.8025668853,2.0
25420,0.0,642.149475,1145.747314,1765.701294,0.0402717273,-0.9960652167,0.078944741,0.0485669989,460.4769197314,1495.7548180258,2.0
25421,0.0,642.35968,1141.706177,1765.701294,0.04849428,-0.9955875331,0.0803353514,0.0471465834,451.9424598992,1489.4406736085,2.0
25422,0.0,642.431702,1140.464844,1765.701294,0.0517574427,-0.9953737818,0.0809456711,0.0465735057,448.697877925,1487.599465704,2.0
25423,0.0,642.776489,1134.264648,1765.701294,0.0642469599,-0.9943859282,0.0840770718,0.044806086,437.47657699,1478.0576814881,2.0
25424,0.0,643.027039,1130.426758,1765.701294,0.0747782785,-0.9934781998,0.0860771491,0.04306361,427.3677403929,1472.1706831087,2.0
25425,0.0,643.275696,1127.432129,1765.701294,0.0877294045,-0.9922160524,0.0883790522,0.04063178,414.1733700977,1467.8822465919,2.0
25426,0.0,643.565186,1124.218262,1765.701294,0.1022567047,-0.9906565566,0.0902394219,0.0380959321,399.8080123571,1462.4240059959,2.0
25427,0.0,643.898071,1120.237061,1765.701294,0.1151865858,-0.9891087182,0.0916296569,0.0359809529,387.2291799206,1456.6623596994,2.0
25428,0.0,644.201538,1116.929443,1765.701294,0.1274345915,-0.9875135685,0.0926141294,0.0339979088,375.319580371,1451.7209097922,2.0
25429,0.0,644.688721,1112.234009,1765.701294,0.1452535504,-0.9849327358,0.0938558047,0.0312854154,358.5697553943,1444.8119096206,2.0
25430,0.0,645.026917,1109.140381,1765.701294,0.1567118548,-0.9831003556,0.0946313129,0.0295805345,347.6803160713,1440.1169111764,2.0
25431,0.0,645.250183,1106.632446,1765.701294,0.1706086723,-0.9807012447,0.0954869082,0.027645161,335.3632324489,1436.1948352925,2.0
25432,0.0,645.345581,1102.824341,1765.701294,0.1859753112,-0.9778136117,0.0964039648,0.0256214139,321.8677865473,1431.0695845482,2.0
25433,0.0,645.288696,1098.034058,1765.701294,0.2080628518,-0.9732261189,0.097676871,0.0230756637,304.0903747496,1423.7395502151,2.0
25434,0.0,645.169739,1095.889771,1765.701294,0.2226464987,-0.9699192918,0.0984129257,0.0214501388,292.5627654573,1420.1378395585,2.0
25435,0.0,644.707458,1091.128296,1765.701294,0.2461180816,-0.9641095556,0.0995924426,0.019276006,276.1623961945,1413.3314882895,2.0
25436,0.0,644.502808,1089.258911,1765.701294,0.255787037,-0.9615846614,0.0996390021,0.0184289321,269.5444746949,1410.5079003328,2.0
25437,0.0,643.767517,1084.218872,1765.701294,0.2983698588,-0.9491349944,0.1005892133,0.0153823049,245.5158062467,1405.1746917744,2.0
25438,0.0,643.351562,1081.738159,1765.701294,0.319868588,-0.9420313038,0.1012971321,0.0144992282,237.7694514575,1401.3563419274,2.0
25439,0.0,642.800537,1078.709351,1765.701172,0.3472309593,-0.9321418316,0.1026755414,0.0140650888,233.3648662485,1396.3096139133,2.0
25440,0.0,642.093506,1075.40564,1765.701172,0.3686807476,-0.923730316,0.1039076975,0.0142382314,233.9717869018,1391.4637478006,2.0
25441,0.0,641.178528,1071.366577,1765.701294,0.3916224011,-0.9140126983,0.1058899535,0.014993441,238.9985709637,1385.3632839942,2.0
25442,0.0,639.605103,1064.896362,1765.701294,0.4264935918,-0.8980100516,0.1080794312,0.0168775752,251.6001252277,1375.2481340165,2.0
25443,0.0,638.610962,1061.084229,1765.701294,0.4407159035,-0.8910027318,0.1090120374,0.0178986304,257.9223706635,1369.3554079028,2.0
25444,0.0,637.582642,1057.106079,1765.701172,0.4573887144,-0.8823643125,0.1105838318,0.0194325453,267.4255705938,1363.1488062913,2.0
25445,0.0,636.700623,1053.731079,1765.701294,0.4715092928,-0.8747204266,0.1119962593,0.0209617149,276.6194200306,1358.1325691104,2.0
25446,0.0,635.783325,1050.260742,1765.701294,0.4816017943,-0.8689570659,0.1139005235,0.0222057987,283.4065677963,1352.3408343221,2.0
25447,0.0,634.914551,1046.968384,1765.701294,0.4903261016,-0.8640593213,0.1139377171,0.0230367629,287.4868413074,1347.1251622448,2.0
25448,0.0,634.154968,1043.985107,1765.701294,0.5004652367,-0.8580487606,0.1152686915,0.0244117091,294.8016980875,1342.4022327203,2.0
25449,0.0,633.199585,1040.328247,1765.701294,0.5099346324,-0.8522741536,0.1165994763,0.0256985765,301.0700759607,1336.6149949103,2.0
25450,0.0,632.313416,1036.803223,1765.701294,0.5220935673,-0.8447365349,0.117637127,0.0274724326,309.8381748657,1330.9901051908,2.0
25451,0.0,631.526794,1033.594482,1765.701294,0.5333688527,-0.8375376173,0.1185259743,0.0292826569,318.5946878127,1326.2369432888,2.0
25452,0.0,630.562317,1029.568726,1765.701294,0.5480642707,-0.827698652,0.1205839815,0.0319692628,330.9327521986,1319.3423455945,2.0
25453,0.0,629.809448,1026.253052,1765.701294,0.5648199117,-0.8160798149,0.1224426516,0.0354646318,346.7977144525,1313.8584326893,2.0
25454,0.0,629.171509,1023.307129,1765.701294,0.5768170804,-0.8074969741,0.1234126924,0.0379987494,357.3136632687,1308.6253576099,2.0
25455,0.0,628.287659,1019.31366,1765.701294,0.5889827838,-0.7985154116,0.1243881743,0.0406842646,367.8161755249,1302.762881495,2.0
25456,0.0,627.581726,1015.851562,1765.701294,0.6026425107,-0.7879562443,0.1262812783,0.0441521881,381.0411107571,1296.6661976504,2.0
25457,0.0,626.974792,1012.65448,1765.701294,0.6193924611,-0.7747101354,0.1271895643,0.0487009507,398.0649107865,1291.288432225,2.0
25458,0.0,626.400391,1009.263428,1765.701294,0.6507582424,-0.7483883839,0.1281738533,0.0501111445,388.9083246898,1244.1568933559,6.0
25459,0.0,626.009521,1006.838928,1765.701294,0.660564407,-0.7396078894,0.1289760988,0.0477861218,378.9362370603,1240.6564779713,6.0
25460,0.0,625.253113,1002.208191,1765.701294,0.6729790372,-0.7281300361,0.1300994468,0.0452272448,367.196338059,1234.9521673821,6.0
25461,0.0,624.775269,998.744812,1765.701294,0.6902418565,-0.7116102655,0.131061091,0.0411748569,349.4059027562,1230.3150972482,6.0
25462,0.0,624.358704,995.452759,1765.701294,0.7010380363,-0.7008087086,0.1319576656,0.0390170262,339.125132844,1226.015562345,6.0
25463,0.0,624.018433,992.378418,1765.701294,0.7144750194,-0.6870934632,0.1320152247,0.0361406486,325.5899065482,1222.1310309854,6.0
25464,0.0,623.953003,991.771912,1765.701294,0.7171167289,-0.6843347947,0.1320207782,0.0356115993,323.0483416076,1221.4005073971,6.0
25465,0.0,623.360352,985.216064,1765.701294,0.7345278356,-0.6652587763,0.133789459,0.0330233135,309.316785093,1213.6502726199,6.0
25466,0.0,623.11615,981.737122,1765.701294,0.7419745045,-0.6567526867,0.134720983,0.0321549675,304.312298911,1209.7622272692,6.0
25467,0.0,622.900574,977.886047,1765.701294,0.749408753,-0.648042258,0.1357488591,0.0314653834,300.0419418458,1205.5741448636,6.0
25468,0.0,622.746033,974.189026,1765.701294,0.7551399495,-0.6411462496,0.1367301846,0.0311003417,297.3259539741,1201.5405966976,6.0
25469,0.0,622.644714,970.732727,1765.701294,0.7586368375,-0.6368085486,0.1376409138,0.0311487348,296.6732756407,1197.9860666791,6.0
25470,0.0,622.583923,967.367004,1765.701294,0.7614776411,-0.6332159781,0.1385255472,0.031246341,296.2737364768,1194.5322559959,6.0
25471,0.0,622.725586,963.868164,1765.701294,0.7633556881,-0.6307443598,0.1394619877,0.0315279772,296.6981067212,1190.9734982882,6.0
25472,0.0,623.168701,959.919678,1765.701294,0.7653059391,-0.6281349117,0.1405466197,0.0319055849,297.4476279087,1187.009487122,6.0
25473,0.0,623.736511,956.823547,1765.701294,0.7663248806,-0.6266954179,0.1414179291,0.0322909982,298.4574009348,1184.0258429165,6.0
25474,0.0,624.60321,953.243774,1765.701294,0.7670236154,-0.6258186586,0.141512473,0.0326867565,299.3538602196,1180.4896695134,6.0
25475,0.0,625.493958,950.317444,1765.701294,0.7670343631,-0.6258054856,0.141512473,0.0331717818,300.7280442244,1177.3519690377,6.0
25476,0.0,626.702698,946.942078,1765.701294,0.7670343631,-0.6258054856,0.141512473,0.0337665771,302.3846097792,1173.541971832,6.0
25477,0.0,627.740723,944.511719,1765.701294,0.7669887155,-0.6257686664,0.141922114,0.0343443065,304.1281826912,1170.5111823009,6.0
25478,0.0,629.400146,940.846863,1765.701294,0.7669330183,-0.6257232243,0.1424225825,0.0351541285,306.4475571811,1166.0139632457,6.0
25479,0.0,630.857788,937.959167,1765.701294,0.7666680746,-0.626038967,0.1424614865,0.0358431964,308.3531129493,1162.1358364438,6.0
25480,0.0,632.690613,934.741943,1765.701294,0.7663426453,-0.6264372833,0.1424615038,0.036685298,310.6256908472,1157.4344028604,6.0
25481,0.0,634.451965,931.823425,1765.701294,0.7650968139,-0.6277549372,0.1433548192,0.0372901172,379.1968625243,1401.6507267666,1.0
25482,0.0,636.308044,928.825317,1765.701294,0.7600190836,-0.6334575562,0.1452670541,0.0389890605,387.4293919123,1401.1388392961,1.0
25483,0.0,639.927979,923.430786,1765.701294,0.7514124908,-0.6428149635,0.1488898633,0.0419809583,401.0618240798,1398.8678696574,1.0
25484,0.0,642.049011,920.464783,1765.701294,0.7458837617,-0.6485464325,0.1518055958,0.0440769652,410.1940419228,1397.0360877281,1.0
25485,0.0,643.1214295,919.010071,1765.701294,0.742407226,-0.6520312454,0.1538132147,0.0454748064,416.1238038399,1395.9672017587,1.0
25486,0.0,645.93396,915.241943,1765.701416,0.7313591674,-0.6634132927,0.1581030401,0.049599715,433.349434855,1393.2747551224,1.0
25487,0.0,648.323303,912.156006,1765.701294,0.7234755369,-0.6714463236,0.1604461965,0.0525721169,444.8989016485,1390.4421005151,1.0
25488,0.0,650.36554,909.476746,1765.701294,0.7108771199,-0.6845462139,0.1614007481,0.0570207472,462.0101986719,1388.0369554819,1.0
25489,0.0,652.751892,906.539673,1765.701294,0.7035237585,-0.69207623,0.161507935,0.059523812,470.6806075882,1384.9266688041,1.0
25490,0.0,655.124329,903.646667,1765.701294,0.6951830047,-0.7002355935,0.162452158,0.0626143147,481.3230843963,1381.9484148892,1.0
25491,0.0,657.149231,900.796692,1765.701294,0.6849862344,-0.7095761192,0.1652137696,0.0668699009,495.8332931698,1379.0810896222,1.0
25492,0.0,658.56897,898.509766,1765.701294,0.6786648994,-0.7154162363,0.1661131033,0.0693428288,503.8229303586,1376.9702932947,1.0
25493,0.0,660.82196,894.704712,1765.701294,0.6709375969,-0.7224275188,0.1671562777,0.0725554008,513.5847126649,1373.3659111254,1.0
25494,0.0,662.382874,891.665955,1765.701294,0.6666770198,-0.7259493497,0.1689357657,0.0745323564,519.2184110252,1370.5962687744,1.0
25495,0.0,663.834412,888.529236,1765.701294,0.6644723982,-0.7279361043,0.1690723515,0.0748992542,393.8354957929,1037.168642931,2.0
25496,0.0,664.895996,885.967224,1765.701294,0.6642679525,-0.7281226772,0.1690723342,0.0750329815,391.9711731685,1031.3744781557,2.0
25497,0.0,666.393066,882.074707,1765.701294,0.6642679525,-0.7281226772,0.1690723342,0.0752516866,389.6531179378,1023.8422867066,2.0
25498,0.0,667.689758,878.276245,1765.701294,0.6642159582,-0.7280654041,0.1695226485,0.0755218591,517.9831051149,1358.6974721708,1.0
25499,0.0,668.598999,875.137756,1765.701294,0.6641666922,-0.7280114023,0.1699470595,0.0756471538,517.3823960795,1356.0415543726,1.0
25500,0.0,669.628479,871.39209,1765.701294,0.6660576955,-0.7262653167,0.1700171638,0.0749369565,513.8487432688,1352.8971911718,1.0
25501,0.0,670.424744,868.149719,1765.701294,0.6683579878,-0.723781617,0.1715743893,0.0743354767,510.8509145715,1350.2239122462,1.0
25502,0.0,671.265747,864.470276,1765.701294,0.6728053613,-0.719378824,0.1727051054,0.0728173199,504.6408380807,1347.1116924043,1.0
25503,0.0,672.139587,860.276184,1765.701294,0.6787848711,-0.713245148,0.1747353932,0.070914953,496.9045380987,1343.4712160488,1.0
25504,0.0,672.701538,857.313416,1765.701294,0.6843655983,-0.7075629431,0.1760636517,0.0689931535,489.3384394271,1340.6469604504,1.0
25505,0.0,673.406006,853.310364,1765.701294,0.6899806108,-0.7017495532,0.1774100373,0.0673201538,482.1387444816,1336.6556049501,1.0
25506,0.0,673.460541,853.0087585,1765.701294,0.6904572705,-0.7012487374,0.1775344261,0.0671726561,481.5144162699,1336.3390956279,1.0
25507,0.0,674.467163,846.569641,1765.701294,0.7008901332,-0.6899892009,0.1807427007,0.0642662853,468.7319360583,1328.9545799807,1.0
25508,0.0,675.139465,841.997498,1765.701294,0.7095648612,-0.6804620973,0.1830001146,0.0617962118,458.2287038563,1324.0416438178,1.0
25509,0.0,675.722534,837.835449,1765.701294,0.7184050458,-0.6702925185,0.1860164773,0.0595965947,448.5616127483,1319.062481804,1.0
25510,0.0,676.167358,834.735901,1765.701172,0.7278067525,-0.6595619297,0.1878174432,0.0569959585,437.6386443848,1315.0939549389,1.0
25511,0.0,676.695923,830.732361,1765.701294,0.7367930593,-0.6490045466,0.1895496935,0.054775366,427.9176567287,1310.9395987849,1.0
25512,0.0,677.282104,826.55365,1765.701294,0.7513099138,-0.6312415935,0.1925291255,0.0513183145,413.1039735428,1306.3294831727,1.0
25513,0.0,677.718384,823.414185,1765.701294,0.7605988313,-0.6197116128,0.193512105,0.0490542776,403.0327702815,1302.8047222304,1.0
25514,0.0,678.265747,819.199097,1765.701294,0.7696473947,-0.608145596,0.1944269062,0.0471701432,394.0302479029,1298.2662331427,1.0
25515,0.0,678.753845,815.733643,1765.701294,0.7814595852,-0.5925897344,0.1953415555,0.0447361388,382.7294338648,1294.0764321694,1.0
25516,0.0,679.474854,812.048706,1765.701294,0.7899933994,-0.5808165367,0.1963735716,0.0432807127,375.2169496198,1289.3504729281,1.0
25517,0.0,680.379578,808.638489,1765.701294,0.7965119601,-0.5711891426,0.1982716843,0.0425897821,370.9291412705,1284.6869713723,1.0
25518,0.0,681.400696,805.57666,1765.701294,0.8027630845,-0.562364605,0.1982863619,0.0415848316,365.3311537155,1280.1676630386,1.0
25519,0.0,682.531677,802.699585,1765.701294,0.8080563886,-0.5544425349,0.1990938182,0.0410218865,361.6375870772,1275.7070527698,1.0
25520,0.0,683.931519,799.556152,1765.701294,0.8114914279,-0.5490559902,0.2000479495,0.0409094658,359.7083323845,1270.6072838029,1.0
25521,0.0,685.47699,796.576416,1765.701294,0.8172173642,-0.5401473633,0.2009890682,0.0404523116,356.2790928278,1265.4376369196,1.0
25522,0.0,687.300232,793.481262,1765.701294,0.8246480051,-0.5283474738,0.2020015212,0.0398980597,352.304421838,1259.8036920927,1.0
25523,0.0,691.02594,788.061768,1765.701294,0.838684244,-0.5057539846,0.2020436735,0.0387085106,344.1612459499,1249.0725456432,1.0
25524,0.0,693.110352,785.537354,1765.701294,0.8516398234,-0.4836196421,0.2020436906,0.0379597415,339.3891069549,1243.6045977442,1.0
25525,0.0,694.0870975,784.4303895,1765.701294,0.8555103791,-0.4765779743,0.2022642102,0.0379740137,338.7396687363,1240.9966409136,1.0
25526,0.0,697.616516,780.47345,1765.701294,0.8664369957,-0.4561747716,0.2029569171,0.038258908,337.60450742,1232.3132180257,1.0
25527,0.0,700.017578,778.131531,1765.701294,0.8773870916,-0.4347297724,0.2029825521,0.0386806988,337.7594927453,1226.2704326684,1.0
25528,0.0,702.295776,776.018188,1765.701294,0.8850743775,-0.4188572656,0.2029826034,0.0393628336,339.1348938739,1220.7611073113,1.0
25529,0.0,704.917725,773.645386,1765.701294,0.8896631393,-0.4090202626,0.2029825692,0.0399717081,339.9440878263,1214.5068508325,1.0
25530,0.0,707.353638,771.613525,1765.701294,0.8954737827,-0.3961373348,0.2029825521,0.0409039612,342.1913488632,1208.8112093181,1.0
25531,0.0,710.525757,769.127991,1765.701294,0.902876216,-0.3789625421,0.2029825863,0.0424199558,346.2250707186,1201.471967443,1.0
25532,0.0,712.910583,767.385193,1765.701294,0.907085815,-0.3687728309,0.2029825692,0.0434831728,348.7664834044,1195.7278262803,1.0
25533,0.0,715.988525,765.150513,1765.701294,0.911131873,-0.3586597087,0.2029825692,0.0440282934,282.6289335527,963.0956238014,6.0
25534,0.0,719.971252,767.62915,1766.081543,0.9154098227,-0.3481137618,0.2020932098,0.0446863104,283.36144162,958.6173480835,6.0
25535,0.0,720.281372,767.4227905,1766.081543,0.9157284931,-0.3473333204,0.2019905204,0.0447249901,283.3138276298,958.0515351808,6.0
25536,0.0,725.913086,763.139526,1766.537842,0.9197971518,-0.3374597652,0.2002351278,0.0457446261,283.4592664058,948.0472005264,6.0
25537,0.0,729.115356,761.061523,1766.478394,0.9207342613,-0.3354816276,0.1992498374,0.0459690984,282.450924092,942.419563781,6.0
25538,0.0,732.008789,759.633118,1766.646729,0.9221260383,-0.3321799429,0.1983432757,0.0462329169,281.7460937303,937.445140305,6.0
25539,0.0,735.097595,757.339844,1766.455322,0.9240347302,-0.3279322111,0.1965204371,0.04644244,280.7255808939,931.9902501746,6.0
25540,0.0,738.343384,755.470032,1766.249634,0.9272318262,-0.3199765771,0.1945665197,0.0469506916,280.5502718763,926.4736941907,6.0
25541,0.0,741.110413,753.979797,1765.984741,0.9285912905,-0.3163200873,0.1940613758,0.0474824334,280.6119482341,921.5994354848,6.0
25542,0.0,744.701111,752.093689,1765.694092,0.9299006223,-0.3127450329,0.1935855809,0.048070573,280.5359485525,915.8341114812,6.0
25543,0.0,747.594055,750.687927,1765.450562,0.9328819782,-0.3048095541,0.1918915069,0.0488431411,281.2730152588,911.129657998,6.0
25544,0.0,750.517273,749.263184,1765.147339,0.9340732877,-0.3017529389,0.1909247421,0.0492936799,281.0574038692,906.3657051552,6.0
25545,0.0,754.206909,747.517212,1764.822876,0.9358596729,-0.2968637799,0.1898382704,0.0501243214,281.5194842545,900.493835461,6.0
25546,0.0,757.172791,746.191833,1764.634399,0.9374753018,-0.2928308343,0.1881227283,0.0506919709,281.6605011978,896.01673967,6.0
25547,0.0,760.452942,744.8125,1764.475342,0.9385743158,-0.2899692351,0.1870724364,0.0513733598,282.0059650024,891.3022278278,6.0
25548,0.0,763.748657,743.432983,1764.413208,0.9395910931,-0.2872794343,0.1861158357,0.0521531854,282.6354698235,886.7656134827,6.0
25549,0.0,766.580566,742.27533,1764.555786,0.9402091712,-0.2858720648,0.1851590586,0.0528534045,283.2452684735,882.9311832841,6.0
25550,0.0,770.149963,740.809082,1764.593994,0.940757148,-0.2846421413,0.1842683911,0.0535419501,283.5726360805,878.4048071603,6.0
25551,0.0,773.387939,739.61676,1764.774414,0.9419505926,-0.2823107546,0.1817408013,0.0540889307,283.6772959617,874.3974579534,6.0
25552,0.0,776.622864,738.462585,1765.050049,0.9427846374,-0.2813109631,0.1789448785,0.0544165056,283.2527774368,870.5303471905,6.0
25553,0.0,779.590576,737.459534,1765.505493,0.9433016849,-0.2808871828,0.1768737456,0.0546161327,344.4985587081,1056.8765986783,1.0
25554,0.0,783.49762,736.125244,1765.970581,0.943769398,-0.2805233621,0.1749456106,0.0548878557,343.0051906809,1049.7605239369,1.0
25555,0.0,787.031128,734.967529,1766.489746,0.9441144768,-0.2805720961,0.1729946637,0.0551096083,341.4866828103,1043.0678131087,1.0
25556,0.0,790.251343,733.938965,1766.383789,0.9441796069,-0.2814558192,0.1711943097,0.0549781728,339.0771104467,1036.9100480689,1.0
25557,0.0,793.556396,732.927673,1764.787842,0.9443179277,-0.2816182816,0.1701610849,0.0548509511,336.6094015683,1030.5230686051,1.0
25558,0.0,797.152344,731.836792,1762.700562,0.9444820257,-0.2816672195,0.1691664286,0.0546921305,333.8838852003,1023.6202428078,1.0
25559,0.0,800.837463,730.874207,1760.549438,0.9447944112,-0.2817604522,0.1672559957,0.054342097,330.5884194951,1016.6844898775,1.0
25560,0.0,804.300293,729.848877,1758.244141,0.9449536107,-0.2818079293,0.166273764,0.0541583243,327.9195296673,1010.1384971779,1.0
25561,0.0,807.851379,728.810425,1755.803955,0.9451097989,-0.2818545084,0.1653042772,0.0539885006,325.2614941737,1003.4813800683,1.0
25562,0.0,810.471191,728.032349,1753.947632,0.9453381328,-0.2819225133,0.1638765121,,,,
25563,0.0,812.980408,727.219177,1752.270264,0.9455559664,-0.2819875663,0.1625020828,,,,
25564,0.0,820.788574,724.774353,1746.642212,0.9460674904,-0.2821400792,0.159227131,,,,
25565,0.0,823.638855,723.977722,1744.574097,0.9462808786,-0.2829412241,0.1565144163,,,,
25566,0.0,826.0164795,723.259216,1742.7970585,0.9463772661,-0.2835589828,0.1547934784,,,,
25567,0.0,828.394104,722.54071,1741.02002,0.9464736536,-0.2841767414,0.1530725406,,,,
25568,0.0,831.658508,721.504883,1738.730713,0.9462732419,-0.286532973,0.1498859801,,,,
25569,0.0,837.967468,720.303223,1734.364014,0.945896555,-0.293282777,0.1387981268,,,,
25570,0.0,842.513916,719.963745,1731.29541,0.945555082,-0.2984058926,0.129921169,,,,
25571,0.0,844.3301695,719.8134155,1730.020935,0.9451424634,-0.3013464308,0.1259830406,,,,
25572,0.0,846.146423,719.663086,1728.74646,0.9447298449,-0.304286969,0.1220449121,,,,
25573,0.0,852.265442,719.426941,1724.451904,0.9436336036,-0.3122664752,0.1097509477,,,,
25574,0.0,855.717773,719.645691,1722.138428,0.943465734,-0.3140424001,0.1060649787,,,,
25575,0.0,859.310059,719.637451,1719.960205,0.9433529863,-0.3158974042,0.1014592192,,,,
25576,0.0,862.144348,719.987061,1718.15918,0.943128778,-0.3177919378,0.0975519985,,,,
25577,0.0,866.131104,720.63446,1715.510254,0.9428581466,-0.3197663218,0.0936376784,,,,
25578,0.0,869.892395,721.175293,1713.176758,0.9422752288,-0.3226506957,0.0895205102,,,,
25579,0.0,873.104553,721.713135,1711.510254,0.9419547315,-0.324324511,0.0868037748,,,,
25580,0.0,876.935913,722.698059,1708.944702,0.9416834683,-0.3257346801,0.0844343747,,,,
25581,0.0,880.413818,723.537842,1706.821045,0.9412159125,-0.3275721883,0.0825170741,,,,
25582,0.0,882.934998,724.215454,1705.208984,0.9410345698,-0.3282735773,0.0817948457,,,,
25583,0.0,886.301331,725.140442,1703.019653,0.940768331,-0.3292956737,0.080742223,,,,
25584,0.0,889.937134,726.209412,1700.580566,0.9405429277,-0.3301541812,0.0798574847,,,,
25585,0.0,894.183655,727.411682,1697.654907,0.9401831585,-0.3312424485,0.0795868628,,,,
25586,0.0,897.67981,728.49585,1695.201172,0.9393849472,-0.333926327,0.0777761474,,,,
25587,0.0,901.171997,729.437927,1692.516113,0.9379838897,-0.3385134784,0.0747987143,,,,
25588,0.0,903.279968,730.0896,1690.907715,0.9376336328,-0.3397510449,0.0735690021,,,,
25589,0.0,907.299133,731.397888,1687.786621,0.9367364579,-0.3427057873,0.0712569421,,,,
25590,0.0,910.690979,732.715271,1685.165405,0.9361286485,-0.3447611278,0.0693030899,,,,
25591,0.0,914.246399,734.142578,1682.473145,0.9355441546,-0.3467518358,0.0672331705,,,,
25592,0.0,917.535828,735.493713,1680.034424,0.9352997104,-0.3477768517,0.0653124268,,,,
25593,0.0,920.88739,736.914001,1677.610718,0.9344303623,-0.3504723801,0.0633167343,,,,
25594,0.0,923.978821,738.244385,1675.411377,0.9335603723,-0.353110322,0.06146651,,,,
25595,0.0,925.868286,739.043518,1674.47644,0.93188698,-0.3578527666,0.0593974237,,,,
25596,0.0,929.729004,740.692566,1673.544189,0.9292470831,-0.3651446425,0.0562960805,,,,
25597,0.0,933.401733,742.146301,1673.095947,0.9269732982,-0.3712180995,0.0540150622,,,,
25598,0.0,937.063232,743.574402,1673.409058,0.9232058484,-0.3807940651,0.0518347506,,,,
25599,0.0,939.296875,744.475952,1674.235596,0.9212464147,-0.3857644118,0.0499085372,,,,
25600,0.0,942.715088,746.063293,1674.735229,0.9178519101,-0.394092682,0.0473162669,,,,
25601,0.0,946.491455,747.411499,1674.363892,0.914725606,-0.4015283183,0.0452998373,,,,
25602,0.0,949.933533,749.214417,1675.534668,0.9118518833,-0.4082101166,0.0434815326,,,,
25603,0.0,952.814331,750.464905,1676.294922,0.9086188429,-0.4155196771,0.0418950622,,,,
25604,0.0,956.876282,751.220337,1676.703979,0.9051847121,-0.4231001644,0.0403346972,,,,
25605,0.0,960.254944,751.221008,1676.459351,0.9009216253,-0.4322712925,0.0384935676,,,,
25606,0.0,963.746765,751.304688,1676.163086,0.8986652408,-0.4370330705,0.0374550435,,,,
25607,0.0,967.20282,751.417542,1675.941406,0.8966039704,-0.4413262768,0.0365025712,,,,
25608,0.0,973.972717,751.614136,1675.573242,0.8920922875,-0.4505215807,0.0346649094,,,,
25609,0.0,975.8031615,751.582367,1675.562866,0.890954689,-0.4527983892,0.0341558759,,,,
25610,0.0,980.911987,751.535828,1675.57251,0.8877852138,-0.4590915708,0.0327466617,,,,
25611,0.0,983.875122,751.630127,1675.613525,0.8859863172,-0.4625923001,0.0321964228,,,,
25612,0.0,985.914215,751.7607115,1675.656921,0.8850837754,-0.4643295232,0.031951713,,,,
25613,0.0,990.042358,752.603455,1675.206055,0.8816390867,-0.4709066925,0.0309743076,,,,
25614,0.0,993.229126,752.948364,1675.333618,0.8781309039,-0.4774809665,0.029967354,,,,
25615,0.0,997.269165,753.350708,1675.855225,0.874586173,-0.4840042457,0.028964051,,,,
25616,0.0,1001.776001,753.926453,1676.006348,0.8709247842,-0.4906213031,0.0279420337,,,,
25617,0.0,1006.100464,754.391052,1676.47876,0.8670755091,-0.4974508884,0.0268826157,,,,
25618,0.0,1009.60022,754.8479,1676.738037,0.8629298247,-0.5046103989,0.0268414408,,,,
25619,0.0,1010.038025,754.894592,1676.930298,0.8611854525,-0.5075845391,0.0267871631,,,,
25620,0.0,1016.658142,755.914917,1678.003906,0.8539736884,-0.5196705269,0.025912987,,,,
25621,0.0,1019.607361,756.332825,1678.181152,0.850375521,-0.5255392869,0.0258830298,,,,
25622,0.0,1024.161987,756.895081,1678.27771,0.8432660696,-0.5369168458,0.024952686,,,,
25623,0.0,1026.574951,757.423828,1678.574341,0.8402402074,-0.5416411705,0.0249246124,,,,
25624,0.0,1030.459595,757.867432,1678.538086,0.8366580085,-0.5471582408,0.0249246124,,,,
25625,0.0,1034.493896,758.42627,1678.518921,0.8347817511,-0.5500378374,0.0244500624,,,,
25626,0.0,1038.368042,759.045776,1678.531494,0.8337474835,-0.5516251116,0.0239764492,,,,
25627,0.0,1041.730713,759.541321,1678.402588,0.8332163368,-0.5524275152,0.0239661547,,,,
25628,0.0,1044.719482,759.999878,1678.318115,0.8318405595,-0.5545320516,0.0231405987,,,,
25629,0.0,1048.124634,760.469788,1678.074341,0.8290092819,-0.5587931812,0.0222214133,,,,
25630,0.0,1051.673706,761.15625,1676.717407,0.8257542686,-0.5636296067,0.0212498087,,,,
25631,0.0,1055.358398,761.859436,1674.539917,0.8227628678,-0.5680250745,0.0202182617,,,,
25632,0.0,1058.762939,762.354126,1672.963623,0.8188294894,-0.573715452,0.0192053996,,,,
25633,0.0,1060.477905,762.6073,1671.979126,0.8179345651,-0.5750064781,0.0187242466,,,,
25634,0.0,1062.864014,762.86499,1670.106812,0.8164664363,-0.5771134628,0.0179613345,,,,
25635,0.0,1063.564331,762.253601,1676.711792,0.8150833947,-0.5790830601,0.0173743846,,,,
25636,0.0,1066.150757,762.851746,1676.684692,0.8127312094,-0.5824005948,0.0166591824,,,,
25637,0.0,1068.990479,763.639099,1676.701294,0.8069094531,-0.5904735069,0.0154328278,,,,
25638,0.0,1070.661255,764.148499,1676.701294,0.8018820329,-0.5973045837,0.0145753044,,,,
25639,0.0,1072.928589,764.897583,1676.701294,0.7965815376,-0.6043760383,0.0136915406,,,,
25640,0.0,1074.88208,765.570984,1676.701294,0.7915391286,-0.610992682,0.0123996183,,,,
25641,0.0,1076.845703,766.384766,1676.701294,0.7863221963,-0.6177256024,0.0106058354,,,,
25642,0.0,1078.500977,767.105347,1676.701294,0.784205356,-0.6204247989,0.00974826,,,,
25643,0.0,1079.860718,767.728516,1676.701294,0.7829178756,-0.6220566147,0.0092286639,,,,
25644,0.0,1081.302979,768.479248,1675.458496,0.781470549,-0.6238822182,0.0086463232,,,,
25645,0.0,1082.200317,768.960022,1674.346069,0.7791710942,-0.6267614419,0.007905753,,,,
25646,0.0,1083.098999,769.485657,1673.02771,0.7771864979,-0.6292313167,0.0070069684,,,,
25647,0.0,1084.428589,770.32312,1671.190186,0.7754270237,-0.631410975,0.0057542664,,,,
25648,0.0,1084.834717,770.593567,1670.62439,0.7751822592,-0.6317114649,0.005752399,,,,
25649,0.0,1086.393799,771.697388,1668.410645,0.7742318633,-0.6328837244,0.0048180151,,,,
25650,0.0,1087.23938,772.335266,1667.191162,0.7742165667,-0.6329026217,0.0047936681,,,,
25651,0.0,1088.204224,773.092773,1665.779419,0.7742165667,-0.6329026217,0.0047936681,,,,
25652,0.0,1089.116699,773.839233,1664.422607,0.7742165667,-0.6329026217,0.0047936681,,,,
25653,0.0,1089.994263,774.583069,1663.098633,0.7742165667,-0.6329026217,0.0047936681,,,,
25654,0.0,1091.751343,776.144348,1663.031128,0.7742165667,-0.6329026217,0.0047936681,,,,
25655,0.0,1092.34375,776.695221,1663.031128,0.7742182121,-0.6329038766,0.0043143092,,,,
25656,0.0,1093.185791,777.483948,1663.031128,0.774221437,-0.6329065129,0.0032422925,,,,
25657,0.0,1094.639648,778.895569,1663.031128,0.7742250854,-0.6329094953,0.0010430086,,,,
25658,0.0,1095.352417,779.602905,1663.031006,0.774225386,-0.6329099214,0.0002883633,,,,
25659,0.0,1096.276611,780.544067,1663.031006,0.7742252595,-0.6329094574,-0.000930749,,,,
25660,0.0,1097.137695,781.42926,1663.031128,0.7742242345,-0.6329088899,-0.0017809505,,,,
25661,0.0,1098.012451,782.341431,1663.031128,0.7742205129,-0.6329057574,-0.0035916006,,,,
25662,0.0,1098.1765745,782.5141605,1663.031128,0.774302871,-0.6328025589,-0.0039773153,,,,
25663,0.0,1098.340698,782.68689,1663.031128,0.7743852292,-0.6326993605,-0.00436303,,,,
25664,0.0,1099.882202,784.334839,1663.031128,0.7748076721,-0.6321477277,-0.0078944087,,,,
25665,0.0,1101.040283,785.593567,1663.031128,0.775578264,-0.6311527586,-0.0111602762,,,,
25666,0.0,1102.014282,786.663025,1663.031128,0.7768126743,-0.6295836755,-0.0136552062,,,,
25667,0.0,1102.928589,787.667542,1663.031128,0.7788525589,-0.6270097137,-0.0157324644,,,,
25668,0.0,1103.73938,788.567932,1663.031128,0.7812863957,-0.6239217418,-0.0176982504,,,,
25669,0.0,1104.532593,789.458618,1663.031006,0.7831314115,-0.6215495191,-0.0195291498,,,,
25670,0.0,1105.008789,789.997742,1663.03125,0.7841037497,-0.6202919467,-0.0204746324,,,,
25671,0.0,1105.184326,790.200623,1663.031128,0.7846810546,-0.6195457098,-0.0209465031,,,,
25672,0.0,1105.445435,790.507812,1663.031128,0.7853523742,-0.6186896087,-0.0210906703,,,,
25673,0.0,1105.689087,790.80304,1663.031128,0.7859715901,-0.6179027781,-0.0210906703,,,,
25842,0.0,498.620331,-1247.376709,1664.422119,0.865993445,-0.5000553501,0.0,,,,
25843,0.0,498.87265,-1247.203125,1666.390869,0.865993445,-0.5000553501,0.0,,,,
25844,0.0,499.248932,-1247.448608,1668.177612,0.865993445,-0.5000553501,0.0,,,,
25845,0.0,499.39209,-1247.57373,1670.021606,0.865993445,-0.5000553501,0.0,,,,
25846,0.0,499.517029,-1247.708374,1672.054565,0.865993445,-0.5000553501,0.0,,,,
25847,0.0,499.598541,-1247.758667,1673.441895,0.865993445,-0.5000553501,0.0,,,,
25848,0.0,500.09436,-1247.456909,1674.06311,0.8436056738,-0.5368787763,0.0095208541,,,,
25849,0.0,499.420532,-1249.88916,1677.406128,0.8156185756,-0.5782248258,0.0205521261,,,,
25850,0.0,501.713806,-1251.614136,1679.125244,0.8131800195,-0.5816159554,0.0214740846,,,,
25851,0.0,503.101471,-1252.519775,1678.796875,0.8131800195,-0.5816159554,0.0214740846,,,,
25852,0.0,503.043793,-1253.640259,1678.748779,0.8131800195,-0.5816159554,0.0214740846,,,,
25853,0.0,504.086426,-1254.903931,1678.59668,0.8131800195,-0.5816159554,0.0214740846,,,,
25854,0.0,505.317963,-1255.982544,1678.312256,0.8131800195,-0.5816159554,0.0214740846,,,,
25855,0.0,506.71051,-1257.231689,1677.859375,0.8131800195,-0.5816159554,0.0214740846,,,,
25856,0.0,508.454773,-1258.837036,1677.408936,0.8131800195,-0.5816159554,0.0214740846,,,,
25857,0.0,512.108154,-1261.348633,1677.307007,0.8131800195,-0.5816159554,0.0214740846,,,,
25858,0.0,514.292603,-1262.964966,1677.252319,0.8131800195,-0.5816159554,0.0214740846,,,,
25859,0.0,515.0144045,-1263.4049075,1677.2758175,0.8131800195,-0.5816159554,0.0214740846,,,,
25860,0.0,515.736206,-1263.844849,1677.299316,0.8131800195,-0.5816159554,0.0214740846,,,,
25861,0.0,521.447449,-1267.501343,1677.078369,0.8505210704,-0.5258987064,0.006667789,,,,
25862,0.0,524.049683,-1269.084595,1677.0177,0.8660413818,-0.4999723242,0.0,,,,
25863,0.0,524.6716005,-1269.3530275,1677.0861815,0.8660413818,-0.4999723242,0.0,,,,
25864,0.0,525.293518,-1269.62146,1677.154663,0.8660413818,-0.4999723242,0.0,,,,
25865,0.0,529.353088,-1271.006104,1676.834839,0.8660413818,-0.4999723242,0.0,,,,
25866,0.0,534.968201,-1274.44873,1676.305176,0.8660413818,-0.4999723242,0.0,,,,
25867,0.0,538.682739,-1276.577759,1676.051025,0.8660413818,-0.4999723242,0.0,,,,
25868,0.0,540.972656,-1277.71936,1676.072754,0.8660413818,-0.4999723242,0.0,,,,
25869,0.0,545.419617,-1279.811768,1675.906616,0.8660413818,-0.4999723242,0.0,,,,
25870,0.0,548.049316,-1281.062866,1676.033081,0.8660413818,-0.4999723242,0.0,,,,
25871,0.0,550.579834,-1282.474731,1676.009521,0.8660413818,-0.4999723242,0.0,,,,
25872,0.0,554.000061,-1285.488159,1675.931885,0.8660413818,-0.4999723242,0.0,,,,
25873,0.0,557.029968,-1287.239624,1675.695923,0.8660413818,-0.4999723242,0.0,,,,
25874,0.0,560.455017,-1289.27771,1675.730957,0.8660413818,-0.4999723242,0.0,,,,
25875,0.0,563.580933,-1291.165161,1675.376465,0.8660413818,-0.4999723242,0.0,,,,
25876,0.0,565.29303,-1292.153809,1675.415039,0.8658839713,-0.5002448883,0.0,,,,
25877,0.0,569.049316,-1294.554321,1675.549927,0.8655897643,-0.5007537917,0.0,,,,
25878,0.0,571.981323,-1296.398438,1675.689209,0.8655616383,-0.5008024065,0.0,,,,
25879,0.0,572.2821045,-1296.569336,1675.724121,0.865535156,-0.5008481714,0.0,,,,
25880,0.0,576.978271,-1299.610718,1676.233032,0.8651449433,-0.5015219109,0.0,,,,
25881,0.0,579.5495,-1301.29834,1676.559204,0.8647662608,-0.5021745854,0.0,,,,
25882,0.0,583.16333,-1303.553101,1676.732056,0.8641610082,-0.503215413,0.0,,,,
25883,0.0,585.534363,-1305.065186,1676.906372,0.8641176445,-0.5032898732,0.0,,,,
25884,0.0,588.776001,-1307.368652,1677.417114,0.8641176445,-0.5032898732,0.0,,,,
25885,0.0,590.380676,-1308.452271,1677.54895,0.8641176445,-0.5032898732,0.0,,,,
25886,0.0,593.804871,-1310.883911,1677.899536,0.8641176445,-0.5032898732,0.0,,,,
25887,0.0,597.088074,-1313.024292,1678.025757,0.8641176445,-0.5032898732,0.0,,,,
25888,0.0,599.993958,-1315.016724,1678.105835,0.8679379331,-0.4966610321,0.0034005231,,,,
25889,0.0,602.407532,-1316.270386,1678.062744,0.8754759708,-0.4832094568,0.0071024879,,,,
25890,0.0,606.236328,-1318.461914,1677.951904,0.9006400243,-0.4342691333,0.0160582238,,,,
25891,0.0,609.029907,-1319.962891,1677.812256,0.9317991923,-0.3622860821,0.0223396474,,,,
25892,0.0,610.838562,-1320.869263,1677.743896,0.9577598462,-0.2864652401,0.0251742558,,,,
25893,0.0,615.047729,-1322.74292,1677.361084,0.9876116515,-0.154160892,0.0292855787,,,,
25894,0.0,617.764648,-1323.084717,1677.154541,0.9988850431,-0.0350848909,0.0315867231,,,,
25895,0.0,618.654419,-1323.029419,1677.154663,0.9991544624,0.0249755255,0.0326585872,,,,
25896,0.0,624.688293,-1323.083984,1675.744629,0.9582786563,0.2833369476,0.0377119489,,,,
25897,0.0,628.168335,-1322.758545,1675.687988,0.8970396297,0.4400566224,0.0408665139,,,,
25898,0.0,631.313171,-1322.589722,1675.421631,0.8436723829,0.5352063525,0.042084089,,,,
25899,0.0,633.903625,-1322.315552,1675.249512,0.7935853709,0.6069429781,0.0429241241,,,,
25900,0.0,637.143677,-1322.159912,1675.151489,0.7583061043,0.6504703451,0.0431298299,,,,
25901,0.0,639.866394,-1321.918579,1675.17334,0.7386815422,0.6726733211,0.0431298299,,,,
25902,0.0,645.52124,-1320.87085,1675.391724,0.6994372144,0.7135793746,0.039900617,,,,
25903,0.0,648.118774,-1320.285889,1675.479004,0.6909089609,0.721902523,0.0387499047,,,,
25904,0.0,649.909149,-1319.829407,1675.478821,0.6890563704,0.7236773981,0.0385450071,,,,
25905,0.0,651.699524,-1319.372925,1675.478638,0.68720378,0.7254522732,0.0383401095,,,,
25906,0.0,657.083679,-1317.564941,1675.524048,0.6808176313,0.7314136081,0.0390062393,,,,
25907,0.0,660.327576,-1316.031006,1675.615845,0.6726105349,0.7389084119,0.0401176668,,,,
25908,0.0,663.040527,-1312.895752,1676.972778,0.6592616332,0.7507172041,0.0424002173,,,,
25909,0.0,664.6022335,-1311.987488,1677.072937,0.6485438796,0.7597929844,0.0436648359,,,,
25910,0.0,666.16394,-1311.079224,1677.173096,0.637826126,0.7688687646,0.0449294545,,,,
25911,0.0,671.38678,-1307.595947,1677.739624,0.6094304881,0.7912939925,0.0494802745,,,,
25912,0.0,673.882019,-1305.832153,1677.662964,0.5991471229,0.79903742,0.0506154783,,,,
25913,0.0,676.067749,-1304.129639,1677.71167,0.5870945063,0.8078429766,0.052055411,,,,
25914,0.0,679.419495,-1301.276489,1677.661377,0.5583006623,0.8278438877,0.0545423505,,,,
25915,0.0,681.191528,-1299.688354,1677.582275,0.5520892815,0.8319528725,0.0552434901,,,,
25916,0.0,684.020264,-1296.98938,1677.374023,0.542289817,0.8383007121,0.0563353404,,,,
25917,0.0,686.677124,-1294.347168,1677.16333,0.5332685909,0.8439975621,0.0573822726,0.1471266279,800.8582724213,1533.8650619674,2.0
25918,0.0,688.499939,-1292.468018,1676.914795,0.5249616768,0.8491818676,0.0574925521,0.1419646488,786.4942241679,1531.3640418118,2.0
25919,0.0,691.522034,-1289.196655,1676.408569,0.5171049317,0.8539283039,0.0583861405,0.137148948,772.0419633258,1527.4098974188,2.0
25920,0.0,693.372253,-1287.118408,1676.231079,0.5138081503,0.8558635307,0.0591506673,0.1351004102,765.4316918092,1524.9316529196,2.0
25921,0.0,696.165771,-1283.829956,1675.944214,0.5087393658,0.8588046549,0.0603226535,0.1321076221,755.8197748369,1521.5225305684,2.0
25922,0.0,698.009033,-1281.650757,1675.797119,0.5079418484,0.8592737015,0.0603637682,0.1315436986,753.2494597451,1519.3657487736,2.0
25923,0.0,700.707031,-1278.31958,1675.7146,0.5037613562,0.8616665862,0.0612796066,0.1289770327,744.8198953954,1516.1966019071,2.0
25924,0.0,702.402771,-1276.158813,1675.692383,0.5011060592,0.8632105668,0.0613207537,0.1273590526,739.464238748,1514.1712932177,2.0
25925,0.0,704.714661,-1273.231445,1675.728638,0.4930246969,0.8676910551,0.0635521927,0.1228484622,725.8978114474,1511.6141829448,2.0
25926,0.0,706.518372,-1270.90332,1675.806519,0.4858776265,0.8715803666,0.0653498016,0.1189321659,714.0673576483,1509.6882952157,2.0
25927,0.0,708.961792,-1267.930298,1676.088379,0.4796395045,0.8749720665,0.0661046787,0.1154821931,703.1869184539,1507.3466798106,2.0
25928,0.0,710.967957,-1265.397583,1676.307739,0.476307998,0.8767462286,0.0666838943,0.1135706869,696.7964427577,1505.402145178,2.0
25929,0.0,713.995239,-1261.527588,1676.660278,0.4741407098,0.8778914341,0.0670612953,0.1121307276,691.3710080841,1502.6674699564,2.0
25930,0.0,715.48584,-1259.386963,1676.768677,0.4741274868,0.8778985756,0.0670612953,0.1120800959,690.4715980911,1501.0314419289,2.0
25931,0.0,717.230225,-1257.141724,1677.041992,0.4735720074,0.8781983469,0.0670612953,0.1112566683,687.3101776891,1499.3508758582,2.0
25932,0.0,720.169312,-1252.851685,1677.253662,0.4724762782,0.8787883415,0.0670612953,0.1102857176,682.8219347767,1495.7181180837,2.0
25933,0.0,721.750061,-1250.42041,1677.421997,0.4699506369,0.8800879071,0.0677618963,0.1087516879,677.3326338661,1493.515453032,2.0
25934,0.0,723.942932,-1246.906616,1677.524902,0.4634262681,0.8834512471,0.0689201575,0.105226813,665.5183318076,1490.452702672,2.0
25935,0.0,725.387268,-1244.599487,1677.588379,0.4612757938,0.884571752,0.0689743255,0.1037167418,660.0257242336,1488.2806123811,2.0
25936,0.0,727.618225,-1240.95874,1677.590088,0.4574734809,0.8865441637,0.0689743429,0.101253316,651.0041720595,1484.7236625156,2.0
25937,0.0,729.195862,-1238.061768,1677.607666,0.4567437848,0.8869203219,0.0689743255,0.100253947,646.6211600259,1481.6696911119,2.0
25938,0.0,730.726318,-1235.27002,1677.57312,0.456415894,0.8870891016,0.0689743255,0.0997221044,643.7010658357,1478.6995903712,2.0
25939,0.0,732.765686,-1231.392456,1677.318726,0.456297773,0.887149866,0.0689743255,0.0990675245,639.9590155442,1474.6982369036,2.0
25940,0.0,734.408264,-1228.268188,1676.715088,0.456297773,0.887149866,0.0689743255,0.0986275863,637.1489284798,1471.3234618374,2.0
25941,0.0,735.761047,-1225.731323,1676.931152,0.456297773,0.887149866,0.0689743255,0.098095482,634.3041441799,1468.5160280305,2.0
25942,0.0,737.228394,-1222.901245,1676.730347,0.456297773,0.887149866,0.0689743255,0.0974974123,631.101432538,1465.3453597871,2.0
25943,0.0,739.190613,-1219.001587,1676.596802,0.456297773,0.887149866,0.0689743255,0.0968750175,627.2799071537,1460.904492234,2.0
25944,0.0,740.556091,-1216.36792,1676.635132,0.456297773,0.887149866,0.0689743255,0.0963130091,624.319380918,1458.0303700687,2.0
25945,0.0,742.749878,-1212.90271,1676.655151,0.456297773,0.887149866,0.0689743255,0.0959136541,621.4544092725,1454.2053422785,2.0
25946,0.0,744.349976,-1209.82312,1676.773682,0.456297773,0.887149866,0.0689743255,0.0955420598,618.8654750154,1450.8190929422,2.0
25947,0.0,745.945129,-1206.608643,1676.936401,0.456297773,0.887149866,0.0689743255,0.094874807,615.2942040457,1447.2568419415,2.0
25948,0.0,748.511841,-1201.109131,1677.60376,0.4458372893,0.8923352616,0.0704761822,0.0893346028,595.4337305554,1441.2232470924,2.0
25949,0.0,749.34436,-1198.881714,1678.415039,0.4387772187,0.8957133117,0.0719181174,0.0858158885,583.1735201684,1438.8717660284,2.0
25950,0.0,750.884644,-1195.060669,1679.057251,0.4184503896,0.9052568088,0.0735484979,0.0765165341,550.4895333155,1434.9183587442,2.0
25951,0.0,752.602905,-1191.43811,1679.055176,0.402239051,0.9125589461,0.0737557846,0.069543152,524.4754450799,1431.4227843977,2.0
25952,0.0,753.694641,-1188.779785,1679.292725,0.3909441621,0.9174544928,0.0737557846,0.0650164902,506.8034888902,1428.8584294029,2.0
25953,0.0,754.306152,-1186.722412,1679.701416,0.3863176644,0.9194121744,0.0737557846,0.0627625531,497.81818605,1427.6739310485,2.0
25954,0.0,756.177063,-1182.356934,1679.801636,0.3818646584,0.9212705721,0.0737557846,0.061032043,491.2346623944,1427.9885784843,2.0
25955,0.0,757.271362,-1179.538086,1680.038452,0.3814644592,0.9214363519,0.0737557846,0.0604340561,488.0751426426,1425.5863991521,2.0
25956,0.0,758.599243,-1176.011719,1680.125732,0.3814644592,0.9214363519,0.0737557846,0.0598853614,484.6660306185,1421.898343531,2.0
25957,0.0,759.246399,-1174.14978,1680.13269,0.3814644592,0.9214363519,0.0737557846,0.0593639979,481.8691632289,1419.6965352399,2.0
25958,0.0,760.825928,-1170.021973,1680.061157,0.3814644592,0.9214363519,0.0737557846,0.0587452374,477.8006502942,1414.8784692501,2.0
25959,0.0,762.100708,-1166.666016,1679.901855,0.3814644592,0.9214363519,0.0737557846,0.0582822499,474.5541553401,1410.6672233572,2.0
25960,0.0,763.38916,-1163.538208,1679.513428,0.3814644592,0.9214363519,0.0737557846,0.0578744563,471.6191443851,1406.7253499076,2.0
25961,0.0,764.801758,-1160.151855,1679.06958,0.3814644592,0.9214363519,0.0737557846,0.0575844705,469.1137416723,1402.6664039955,2.0
25962,0.0,765.919617,-1157.5448,1678.849243,0.3814644592,0.9214363519,0.0737557846,0.0572766494,466.8082133022,1399.407529243,2.0
25963,0.0,767.083618,-1154.834839,1678.577148,0.3814644592,0.9214363519,0.0737557846,0.057003065,464.6197442603,1396.0870538168,2.0
25964,0.0,768.899719,-1150.896362,1678.493042,0.3814644592,0.9214363519,0.0737557846,0.0569050162,462.7399037953,1391.6007722463,2.0
25965,0.0,770.442017,-1147.534546,1678.531372,0.3814644592,0.9214363519,0.0737557846,0.0567045109,460.6046959967,1387.5547733375,2.0
25966,0.0,771.733337,-1144.78125,1678.580811,0.3814644592,0.9214363519,0.0737557846,0.0566147812,459.1577548057,1384.2596486818,2.0
25967,0.0,773.267883,-1141.610962,1678.718994,0.3814644592,0.9214363519,0.0737557846,0.0566538958,458.1015128878,1380.6123669045,2.0
25968,0.0,774.689026,-1138.433228,1678.759888,0.3814644592,0.9214363519,0.0737557846,0.0565993995,456.6400289054,1376.8508626946,2.0
25969,0.0,776.167175,-1135.741821,1679.126831,0.3814644592,0.9214363519,0.0737557846,0.0567228702,456.0761832735,1373.6969200797,2.0
25970,0.0,777.762268,-1132.194092,1679.189819,0.3814644592,0.9214363519,0.0737557846,0.0569540167,455.6507867812,1369.7093055074,2.0
25971,0.0,779.303406,-1129.086304,1679.462646,0.3814644592,0.9214363519,0.0737557846,0.0572750412,455.7442482267,1366.2583561807,2.0
25972,0.0,780.758301,-1126.319336,1679.748047,0.3814644592,0.9214363519,0.0737557846,0.0576554413,456.205168116,1363.2544179301,2.0
25973,0.0,782.526672,-1122.761963,1679.967285,0.3814644592,0.9214363519,0.0737557846,0.0581401265,456.8078146646,1359.5231118049,2.0
25974,0.0,784.099182,-1119.757446,1680.164673,0.3814644592,0.9214363519,0.0737557846,0.0586446327,457.6607991313,1356.3665125365,2.0
25975,0.0,785.788574,-1116.539795,1680.354004,0.3814644592,0.9214363519,0.0737557846,0.0592282066,458.7176616663,1352.987968137,2.0
25976,0.0,787.78894,-1113.398071,1680.442871,0.3814644592,0.9214363519,0.0737557846,0.0599276883,460.222469946,1349.7243948154,2.0
25977,0.0,792.314758,-1109.76416,1677.701294,0.3814644592,0.9214363519,0.0737557846,0.0611554264,463.4620174908,1345.9382971036,2.0
25978,0.0,793.590881,-1106.760986,1677.701294,0.3814644592,0.9214363519,0.0737557846,0.0617695292,464.6816023892,1342.9678754658,2.0
25979,0.0,795.014282,-1103.404907,1677.701294,0.3814644592,0.9214363519,0.0737557846,0.0624587972,466.011214371,1339.596753081,2.0
25980,0.0,796.103577,-1100.8302,1677.701294,0.3814644592,0.9214363519,0.0737557846,0.0631704901,467.6758259184,1337.0329245331,2.0
25981,0.0,797.75946,-1096.912109,1677.701294,0.3814644592,0.9214363519,0.0737557846,0.0640746974,469.5245558992,1333.1245637539,2.0
25982,0.0,799.042786,-1093.868896,1677.701294,0.3814644592,0.9214363519,0.0737557846,0.0648758892,471.2884460989,1330.1196799789,2.0
25983,0.0,801.529236,-1087.939697,1677.701294,0.3806611422,0.9217685062,0.0737557846,0.0662366476,473.965135882,1324.3280025808,2.0
25984,0.0,802.3136905,-1086.0701905,1677.701294,0.3806210022,0.9217850807,0.0737557846,0.0667749497,475.1633768947,1322.5163787604,2.0
25985,0.0,804.361938,-1081.185547,1677.701294,0.3805808622,0.9218016552,0.0737557846,0.0681640213,478.1975952691,1317.7853069842,2.0
25986,0.0,805.644592,-1078.102295,1677.701294,0.3797991806,0.9221933377,0.0728836759,0.0688575564,479.4707187596,1314.8588451175,2.0
25987,0.0,807.044861,-1074.750244,1677.701294,0.3797236632,0.9222310734,0.0727996353,0.0699268775,481.8766439897,1311.6770735936,2.0
25988,0.0,808.138062,-1072.131104,1677.701294,0.3797236632,0.9222310734,0.0727996353,0.0709138508,484.2382258787,1309.2353520009,2.0
25989,0.0,809.676025,-1068.44397,1677.701294,0.3797236632,0.9222310734,0.0727996353,0.07210183,486.8285408643,1305.7524278644,2.0
25990,0.0,810.963806,-1065.352539,1677.701294,0.3797236632,0.9222310734,0.0727996353,0.0732081432,489.3310784743,1302.8838556643,2.0
25991,0.0,812.342468,-1062.039917,1677.701294,0.3797236632,0.9222310734,0.0727996353,0.0744321244,492.0903685127,1299.8260654731,2.0
25992,0.0,813.682678,-1058.816406,1677.701294,0.3797236632,0.9222310734,0.0727996353,0.0756497789,494.8144240725,1296.8700550781,2.0
25993,0.0,814.818787,-1056.082031,1677.701294,0.3797236632,0.9222310734,0.0727996353,0.0767226165,497.2200829028,1294.3925261801,2.0
25994,0.0,816.074707,-1053.0354,1677.701294,0.3788914115,0.9225733095,0.0727996353,0.0777145614,499.2487133692,1291.6855942824,2.0
25995,0.0,817.635681,-1049.249512,1677.701294,0.3779547437,0.9229574339,0.0727996353,0.0787523659,501.1001305637,1288.2526312442,2.0
25996,0.0,818.796875,-1046.42688,1677.701294,0.3772049694,0.9233295608,0.0719648058,0.0795342991,502.4968930461,1285.7391675567,2.0
25997,0.0,820.133301,-1043.153564,1677.701294,0.3754769815,0.924043052,0.0718434016,0.0800686425,502.9619291473,1282.8061384674,2.0
25998,0.0,821.432007,-1039.964111,1677.701294,0.3737509419,0.9248766981,0.0700951267,0.0806964555,503.7665586488,1280.0598394902,2.0
25999,0.0,822.771057,-1036.626343,1677.701294,0.3702525071,0.9264315764,0.0681000389,0.0805016449,501.9624926112,1276.9533090034,2.0
26000,0.0,824.012573,-1033.517334,1677.701294,0.3668473319,0.9279196658,0.0662429541,0.0802566718,500.0233834085,1273.8789403102,2.0
26001,0.0,825.308716,-1030.256104,1677.701294,0.3632066419,0.9295495997,0.0633914585,0.0797890977,497.2960375506,1270.4827020643,2.0
26002,0.0,826.523743,-1027.187134,1677.701294,0.3598489955,0.9310375867,0.0606441469,0.0796226728,495.499011717,1267.1590556892,2.0
26003,0.0,827.488708,-1024.717285,1677.701294,0.3561431529,0.9326854107,0.0570962291,0.0790678451,492.7400588589,1264.3342608159,2.0
26004,0.0,828.894531,-1021.143005,1677.701294,0.3518894537,0.9345412866,0.0529754292,0.0785300553,489.514781026,1260.1755832315,2.0
26005,0.0,830.02417,-1018.233032,1677.701294,0.3472863184,0.9365786164,0.0470394346,0.0776727775,485.5581040718,1256.5886460239,2.0
26006,0.0,830.965515,-1015.794556,1677.701294,0.343099922,0.9383373824,0.0424900034,0.0769306785,482.1131344265,1253.4346957131,2.0
26007,0.0,831.953613,-1013.244812,1677.701294,0.3393036433,0.9399319758,0.0374288471,0.0764721517,479.4104427264,1249.9901637863,2.0
26008,0.0,832.758972,-1011.157043,1677.701294,0.3359961626,0.9412862725,0.0329656171,0.0759638977,476.7941426265,1247.1557200985,2.0
26009,0.0,833.486755,-1009.226318,1677.701294,0.3311966916,0.9431294707,0.028557889,0.0750870974,473.0149073917,1244.1897752532,2.0
26010,0.0,833.742249,-1008.423401,1677.701294,0.3244467493,0.9456384936,0.022408623,0.073298565,466.863899907,1242.3253495679,2.0
26011,0.0,833.878967,-1007.931519,1677.701294,0.3187372077,0.9477012545,0.0163989196,0.0717739726,461.6511122775,1240.9418284355,2.0
26012,0.0,833.901611,-1007.857727,1677.701294,0.3181269379,0.9479195328,0.0156144423,0.071689664,461.2913653881,1240.6765920132,2.0
26013,0.0,834.144958,-1007.196777,1676.529785,0.3125469022,0.9498721674,0.0075696476,0.0711321817,458.57799429,1238.0235673645,2.0
26014,0.0,834.358643,-1006.805359,1675.112549,0.3097996869,0.9507963897,0.0032216977,0.0709953544,457.5901262809,1236.5026237922,2.0
26015,0.0,834.56427,-1006.527832,1673.769531,0.3063898952,0.951905984,-0.0004793721,0.0705855748,455.7909357179,1235.0795921359,2.0
26016,0.0,834.836426,-1006.253784,1672.225952,0.3032664767,0.9528983859,-0.003756376,0.0704643649,454.8133771031,1233.4514415126,2.0
26017,0.0,835.090027,-1006.045166,1670.968018,0.3016055653,0.9534213686,-0.0046665746,0.0707355483,455.1473812815,1232.0754528017,2.0
26018,0.0,835.427185,-1005.813049,1669.460205,0.3013612183,0.953493047,-0.0056943328,0.0717309003,457.6236057143,1230.4712106316,2.0
26019,0.0,835.718384,-1005.621338,1668.19397,0.3005920206,0.9537302732,-0.0065576786,0.0723756572,459.0689496921,1229.0525661696,2.0
26020,0.0,836.05896,-1005.414734,1666.782227,0.3004450291,0.9537755216,-0.0067111071,0.0732480073,461.2023077043,1227.6672096322,2.0
26021,0.0,836.451904,-1005.178345,1665.175537,0.299540885,0.9540527423,-0.0076565799,0.0742914405,463.6064473732,1225.7017241968,2.0
26022,0.0,836.76178,-1005.003784,1664.03125,0.299528416,0.9540565506,-0.0076698266,0.075266725,466.0745407936,1224.5276428861,2.0
26023,0.0,837.157043,-1004.785095,1664.03125,0.299528416,0.9540565506,-0.0076698266,0.0764493346,469.1098174342,1223.308102053,2.0
26024,0.0,837.894592,-1004.385498,1664.03125,0.2995208126,0.9540327984,-0.0104260415,0.078722763,475.0979629204,1221.625206796,2.0
26025,0.0,838.1095275,-1004.266266,1664.03125,0.2990626602,0.954170209,-0.0109644345,0.0792025678,476.3414782221,1221.2667019334,2.0
26026,0.0,838.681641,-1003.956543,1664.03125,0.2985995319,0.9542983797,-0.0123661629,0.0807628887,480.5136732395,1220.4936148184,2.0
26027,0.0,839.093872,-1003.738037,1664.03125,0.2985991719,0.9542972291,-0.0124632655,0.0819875735,483.8533749635,1220.1523194767,2.0
26028,0.0,839.484924,-1003.531799,1664.03125,0.2985961869,0.9542868127,-0.0133039906,0.0830130979,486.6699087997,1219.9769098339,2.0
26029,0.0,839.916565,-1003.295471,1664.03125,0.2977372583,0.9545267703,-0.0152042688,0.0841320507,489.7491851744,1219.8605838982,2.0
26030,0.0,840.126343,-1003.168091,1664.03125,0.2959447808,0.9550176731,-0.0189190606,0.0846513835,491.2286361612,1219.9519615413,2.0
26031,0.0,840.511597,-1003.114014,1664.03125,0.3171859066,0.9481193727,-0.0215117576,0.0951303248,519.4345432321,1220.2215864592,2.0
26032,0.0,840.693176,-1003.069641,1664.03125,0.31786162,0.9479336046,-0.0196436215,0.0964146236,522.8873326099,1220.535697303,2.0
26033,0.0,840.949158,-1002.928162,1664.03125,0.3147462801,0.9490261231,-0.0168581395,0.0964329357,523.1271509673,1220.9854145836,2.0
26034,0.0,841.17926,-1002.804626,1664.03125,0.3140007862,0.9492804874,-0.0164335772,0.0972707757,525.4670127674,1221.4220995006,2.0
26035,0.0,841.458313,-1002.660034,1664.03125,0.3135608007,0.9494201692,-0.0167620552,0.0984291391,528.7080953606,1222.0750005802,2.0
26036,0.0,841.71698,-1002.526367,1664.03125,0.3132091774,0.9495280633,-0.0172182533,0.099474921,531.6724865718,1222.7863520448,2.0
26037,0.0,841.968079,-1002.398132,1664.03125,0.3130499342,0.9495757448,-0.0174826658,0.1005260973,534.6217488409,1223.4621704505,2.0
26038,0.0,842.265076,-1002.247131,1664.03125,0.3129244482,0.9496130657,-0.017700711,0.1017955092,538.1670958144,1224.2816299437,2.0
26039,0.0,842.565308,-1002.085327,1664.03125,0.3118835523,0.9500449504,-0.0119683794,0.1025184824,540.35029443,1225.1394683166,2.0
26040,0.0,842.586792,-1002.073639,1664.031311,0.3118104256,0.950073202,-0.011620777,0.1025727942,540.5134457144,1225.2024549605,2.0
26041,0.0,842.608276,-1002.061951,1664.031372,0.3117372989,0.9501014536,-0.0112731745,0.102627106,540.6765969988,1225.2654416044,2.0
26042,0.0,843.295715,-1001.705566,1664.03125,0.3107500716,0.9503755834,-0.0148540731,0.1050036987,547.5165757688,1227.4132006902,2.0
26043,0.0,843.802612,-1001.432068,1664.03125,0.3090631484,0.9508926548,-0.0168264488,0.1064199299,552.0291261493,1229.7268947836,2.0
26044,0.0,844.101746,-1001.262207,1664.03125,0.3072162163,0.9515707531,-0.0114585514,0.1065775348,553.1109786705,1231.2767554445,2.0
26045,0.0,844.408691,-1001.075684,1664.03125,0.3040972138,0.952604296,-0.0083629967,0.1062169701,552.9056968446,1232.7897078863,2.0
26046,0.0,844.732056,-1000.897705,1664.03125,0.3028323643,0.9530271936,-0.0056327062,0.1067701503,554.8558668331,1234.1091828728,2.0
26047,0.0,845.079773,-1000.710876,1664.03125,0.3020091393,0.9532988881,-0.0034219557,0.1076204721,557.5689650156,1235.5121638156,2.0
26048,0.0,845.452209,-1000.509216,1664.03125,0.3010268186,0.953614785,-0.001302469,0.1084779162,560.2958681339,1236.9183852066,2.0
26049,0.0,845.756958,-1000.35144,1664.03125,0.3010005341,0.953623938,0.0002515019,0.1093273189,562.8424936672,1237.9820711969,2.0
26050,0.0,846.165466,-1000.131287,1664.03125,0.3001217694,0.9539007247,0.000575243,0.1104450268,566.4631017936,1239.9916992154,2.0
26051,0.0,846.511536,-999.942932,1664.03125,0.2992532008,0.9541726393,0.0014478374,0.1110141963,568.8822471615,1242.2779435573,2.0
26052,0.0,846.911987,-999.733704,1664.03125,0.2991709598,0.9541982937,0.0015339867,0.1117249699,571.786121521,1244.875333417,2.0
26053,0.0,847.283264,-999.540222,1664.03125,0.2991709598,0.9541982937,0.0015339867,0.1128802682,575.5748317636,1247.0763726083,2.0
26054,0.0,847.604004,-999.373047,1664.03125,0.2991709598,0.9541982937,0.0015339867,0.11364062,578.363807493,1249.1715737692,2.0
26055,0.0,847.674683,-999.336121,1664.03125,0.2991709598,0.9541982937,0.0015339867,0.1137041348,578.6969994017,1249.5631095704,2.0
26056,0.0,848.487488,-998.911987,1664.03125,0.2991709598,0.9541982937,0.0015339867,0.1144424435,582.3957075377,1253.731990197,2.0
26057,0.0,848.879517,-998.707336,1664.03125,0.2991709598,0.9541982937,0.0015339867,0.1148186775,584.1871061667,1255.6515381242,2.0
26058,0.0,849.320862,-998.476929,1664.03125,0.2991709598,0.9541982937,0.0015339867,0.1153379032,586.336450022,1257.6046053614,2.0
26059,0.0,849.663086,-998.298157,1664.03125,0.2991709598,0.9541982937,0.0015339867,0.1159487234,588.8913279978,1259.9572621237,2.0
26060,0.0,850.122314,-998.058167,1664.03125,0.2991709598,0.9541982937,0.0015339867,0.1165707626,591.3667929782,1262.0816755819,2.0
26061,0.0,850.568481,-997.825012,1664.03125,0.2991704616,0.9541967045,0.0023841175,0.1170992729,593.6135453926,1264.1918654668,2.0
26062,0.0,851.031433,-997.583191,1664.03125,0.2991703824,0.9541964518,0.0024927116,0.1175080249,595.4907549998,1266.1194879139,2.0
26063,0.0,851.462341,-997.358032,1664.03125,0.2991694883,0.9541940668,0.0033615676,0.1177806348,596.7459934794,1267.4109290057,2.0
26064,0.0,851.904297,-997.119507,1664.03125,0.2983518264,0.9544462456,0.0043071975,0.1178246202,597.806765676,1269.4416913299,2.0
26065,0.0,852.379272,-996.869751,1664.03125,0.2982534407,0.9544765242,0.0044101884,0.1181184033,599.176795684,1270.8668595988,2.0
26066,0.0,852.864746,-996.607483,1664.03125,0.2973598344,0.954755298,0.0044101884,0.1180400449,599.6698980691,1272.3083483511,2.0
26067,0.0,853.700378,-996.15741,1664.03125,0.2961237909,0.9551320077,0.0057920871,0.1179185429,600.4835850801,1274.6497935299,2.0
26068,0.0,854.258667,-995.851013,1664.03125,0.2946978751,0.9555697818,0.006289235,0.1174310244,600.0972760944,1276.3059153899,2.0
26069,0.0,854.51355,-995.7027585,1664.03125,0.2932248897,0.95602144,0.0063084332,0.1167368346,598.8175308624,1277.1385039126,2.0
26070,0.0,855.156921,-995.259888,1664.03125,0.2909190557,0.9567206461,0.0071908516,0.1155820112,597.2636715597,1279.7712671971,2.0
26071,0.0,855.583374,-994.85968,1664.03125,0.2908273821,0.956747795,0.0072863361,0.1153793525,597.5216108493,1281.3789816985,2.0
26072,0.0,855.886841,-994.504578,1664.03125,0.2908273821,0.956747795,0.0072863361,0.1151657121,597.5111830512,1282.4718835534,2.0
26073,0.0,856.24353,-994.014343,1664.03125,0.2908273821,0.956747795,0.0072863361,0.1148518082,597.2111546562,1283.4715440406,2.0
26074,0.0,856.504639,-993.594788,1664.03125,0.2908273821,0.956747795,0.0072863361,0.1144419328,596.7012927809,1284.5305307839,2.0
26075,0.0,856.786133,-993.088196,1664.03125,0.2908273821,0.956747795,0.0072863361,0.1139611587,595.9229521136,1285.3942959899,2.0
26076,0.0,856.981934,-992.693298,1664.03125,0.2908273821,0.956747795,0.0072863361,0.1134682189,595.0222604113,1286.0682941769,2.0
26077,0.0,857.302795,-992.008728,1664.03125,0.2908273821,0.956747795,0.0072863361,0.1128146237,593.684489687,1286.6656952281,2.0
26078,0.0,857.536621,-991.460632,1664.03125,0.2908273821,0.956747795,0.0072863361,0.1121827014,592.3247189609,1287.1137491901,2.0
26079,0.0,857.761292,-990.902039,1664.03125,0.2908273821,0.956747795,0.0072863361,0.1115143388,590.8221679614,1287.4624731989,2.0
26080,0.0,857.961609,-990.380859,1664.03125,0.2908273821,0.956747795,0.0072863361,0.110872405,589.3296519244,1287.7036092352,2.0
26081,0.0,858.177185,-989.799194,1664.03125,0.2908273821,0.956747795,0.0072863361,0.1101416617,587.5857218102,1287.8960057283,2.0
26082,0.0,858.414185,-989.137817,1664.03125,0.2908273821,0.956747795,0.0072863361,0.1094034856,585.7355225239,1287.9130897512,2.0
26083,0.0,858.596558,-988.610413,1664.03125,0.2908273821,0.956747795,0.0072863361,0.1084976825,583.6068771787,1288.2695183132,2.0
26084,0.0,858.813538,-987.977112,1664.03125,0.2908273821,0.956747795,0.0072863361,0.107764764,581.7731501971,1288.3317809793,2.0
26085,0.0,859.054993,-987.257751,1664.03125,0.2908273821,0.956747795,0.0072863361,0.1068377657,579.4378054351,1288.3993962203,2.0
26086,0.0,859.265625,-986.618958,1664.03125,0.2908273821,0.956747795,0.0072863361,0.1059796118,577.216567157,1288.3542680643,2.0
26087,0.0,859.470093,-985.990906,1664.03125,0.2908273821,0.956747795,0.0072863361,0.1052580447,575.1021605084,1287.7818925724,2.0
26088,0.0,859.744995,-985.374451,1664.03125,0.2989310052,0.954255935,0.0059887125,0.1080583905,582.1713172477,1287.560642375,2.0
26089,0.0,859.955627,-984.644897,1664.03125,0.296315007,0.9550756417,0.0052853909,0.105823037,576.3020507722,1287.2111090289,2.0
26090,0.0,860.126953,-983.985535,1664.03125,0.2921174223,0.9563702493,0.0048329899,0.1029887857,568.7644992365,1286.7748473287,2.0
26091,0.0,860.32019,-983.274109,1664.03125,0.2886787848,0.9574165348,0.0042588872,0.1005767264,561.8402566279,1285.4441974172,2.0
26092,0.0,859.515503,-981.288269,1660.000488,0.2863191875,0.9581269112,0.0037609837,,,,
26093,0.0,859.80127,-980.648376,1660.101196,0.2826918211,0.9592059656,0.0030413712,,,,
26094,0.0,860.013733,-980.078857,1660.160522,0.2810661666,0.9596847385,0.0026481326,,,,
26095,0.0,860.307434,-979.186523,1660.280518,0.2799053656,0.9600248352,0.0023026458,,,,
26096,0.0,860.211853,-978.079285,1660.124268,0.2675628144,0.9635028766,0.0085057072,,,,
26097,0.0,860.360596,-977.480347,1660.101074,0.2636068442,0.9645751663,0.0103043812,,,,
26098,0.0,860.518066,-976.901062,1660.092529,0.2612593893,0.9652133857,0.0103272263,,,,
26099,0.0,860.725037,-976.112793,1660.090332,0.2573796728,0.966267082,0.0091449615,,,,
26100,0.0,860.78833,-975.855225,1660.090332,0.2564266062,0.9665239386,0.0087676539,,,,
26101,0.0,861.066772,-974.774109,1660.114502,0.2500711141,0.9682046076,0.0066540012,,,,
26102,0.0,861.252197,-973.83429,1660.118896,0.2434709116,0.9698963966,0.0047848717,,,,
26103,0.0,861.162842,-972.732849,1659.791992,0.2391070248,0.9709655727,0.0073271582,,,,
26104,0.0,861.318359,-972.058716,1659.740845,0.2353560258,0.9718628935,0.0094898585,,,,
26105,0.0,861.526367,-971.094604,1659.72229,0.2315705129,0.9727602452,0.0106114551,,,,
26106,0.0,861.658813,-970.498962,1659.69165,0.2292051317,0.9733192121,0.0107106888,,,,
26107,0.0,861.851746,-969.70752,1659.639771,0.2279408199,0.9735187688,0.0174410286,,,,
26108,0.0,861.966309,-967.833618,1659.306885,0.2269834998,0.9734943519,0.028057756,,,,
26109,0.0,862.080658,-967.3569945,1659.239502,0.2257651746,0.973756183,0.0287565759,,,,
26110,0.0,862.340027,-966.29541,1659.089966,0.2237376686,0.9742105333,0.0292453836,,,,
26111,0.0,862.502014,-965.8417665,1659.0841675,0.2233632105,0.9743155886,0.028590734,,,,
26112,0.0,862.63562,-964.554565,1658.931274,0.2256696374,0.9736689246,0.0322806435,,,,
26113,0.0,862.934937,-963.690125,1658.834595,0.2293281225,0.9725806758,0.0386709355,,,,
26114,0.0,862.974274,-963.5448,1658.834595,0.2297391314,0.972452944,0.0394264765,,,,
26115,0.0,863.013611,-963.399475,1658.834595,0.2301501403,0.9723252122,0.0401820175,,,,
26116,0.0,863.908447,-961.301086,1658.707397,0.2337054191,0.971331549,0.043552256,,,,
26117,0.0,864.220398,-960.665894,1658.667358,0.2375631152,0.9701386574,0.0489361997,,,,
26118,0.0,864.468018,-959.356079,1658.5979,0.2426944978,0.9684847542,0.0560059068,,,,
26119,0.0,864.764648,-958.62262,1658.657227,0.2428740393,0.9684257017,0.0562482123,,,,
26120,0.0,865.110657,-957.904724,1658.720093,0.2428740393,0.9684257017,0.0562482123,,,,
26121,0.0,865.454956,-957.24469,1658.812378,0.2428740393,0.9684257017,0.0562482123,,,,
26122,0.0,865.862427,-956.440796,1658.943237,0.2428740393,0.9684257017,0.0562482123,,,,
26123,0.0,866.410645,-955.366699,1659.182739,0.2428740393,0.9684257017,0.0562482123,,,,
26124,0.0,866.416199,-954.337463,1659.094482,0.2428740393,0.9684257017,0.0562482123,,,,
26125,0.0,866.790894,-953.553406,1659.214233,0.2428740393,0.9684257017,0.0562482123,,,,
26126,0.0,867.293213,-952.513733,1659.341187,0.2428740393,0.9684257017,0.0562482123,,,,
26127,0.0,867.582825,-951.874634,1659.402954,0.2428740393,0.9684257017,0.0562482123,,,,
26128,0.0,868.089417,-950.851685,1659.534302,0.2428740393,0.9684257017,0.0562482123,,,,
26129,0.0,868.260376,-950.540649,1659.474243,0.2428740393,0.9684257017,0.0562482123,,,,
26130,0.0,868.766113,-949.188293,1659.672729,0.2428740393,0.9684257017,0.0562482123,,,,
26131,0.0,868.970215,-948.368347,1659.628418,0.2428740393,0.9684257017,0.0562482123,,,,
26132,0.0,869.23114,-947.32019,1659.455444,0.2428740393,0.9684257017,0.0562482123,,,,
26133,0.0,869.443481,-946.493774,1659.455811,0.2435739473,0.968249901,0.0562482123,,,,
26134,0.0,869.70166,-945.466675,1659.171997,0.2438024001,0.9681924025,0.0562482123,,,,
26135,0.0,869.907288,-944.644104,1658.991821,0.2438024001,0.9681924025,0.0562482123,,,,
26136,0.0,870.128479,-943.772156,1658.974731,0.2441587314,0.9681026033,0.0562482297,,,,
26137,0.0,870.401978,-942.695007,1658.811279,0.2446065322,0.9679895563,0.0562482297,,,,
26138,0.0,870.688843,-941.595093,1658.591553,0.2458915395,0.9676639331,0.0562482297,,,,
26139,0.0,870.915649,-940.735107,1658.277344,0.2471142865,0.9673524001,0.0562482297,,,,
26140,0.0,871.195374,-939.658264,1658.294312,0.2481202901,0.9670948549,0.0562482297,,,,
26141,0.0,871.496765,-938.474854,1658.153931,0.2484407919,0.9670125705,0.0562482123,,,,
26142,0.0,871.571411,-937.084778,1659.596313,0.2484407919,0.9670125705,0.0562482123,,,,
26143,0.0,871.151062,-935.615723,1661.974365,0.2484407919,0.9670125705,0.0562482123,,,,
26144,0.0,870.992065,-934.196594,1664.029541,0.2484407919,0.9670125705,0.0562482123,,,,
26145,0.0,871.028015,-932.956604,1666.164429,0.2484407919,0.9670125705,0.0562482123,,,,
26146,0.0,871.282043,-931.474426,1668.629761,0.2484407919,0.9670125705,0.0562482123,,,,
26147,0.0,871.546997,-930.402039,1670.432007,0.2484407919,0.9670125705,0.0562482123,,,,
26148,0.0,871.859009,-929.475281,1672.176392,0.2484407919,0.9670125705,0.0562482123,,,,
26149,0.0,872.782471,-926.864319,1675.146606,0.2484407919,0.9670125705,0.0562482123,,,,
26150,0.0,873.1878055,-926.0610965,1675.9055785,0.2484407919,0.9670125705,0.0562482123,,,,
26151,0.0,873.59314,-925.257874,1676.664551,0.2484407919,0.9670125705,0.0562482123,,,,
26152,0.0,874.245056,-923.980713,1677.059326,0.2475155015,0.9672498204,0.0562482123,,,,
26153,0.0,875.370056,-922.27063,1677.150146,0.2451133417,0.9678132455,0.0570698827,,,,
26154,0.0,875.943481,-921.062866,1677.091797,0.2430311537,0.9683302118,0.0572054127,,,,
26155,0.0,876.437073,-919.733582,1677.031738,0.2405148104,0.9689151943,0.0579307534,,,,
26156,0.0,876.84021,-918.982697,1676.9528195,0.2384734456,0.9693822906,0.0585121109,,,,
26157,0.0,877.869812,-917.424377,1676.758911,0.2299546531,0.9713597022,0.059843015,,,,
26158,0.0,879.091431,-916.068726,1676.555542,0.2220665273,0.9731379849,0.0607364789,,,,
26159,0.0,880.709473,-914.578857,1676.523315,0.2077746583,0.9762238463,0.0617793928,,,,
26160,0.0,881.595581,-913.40564,1676.193848,0.19648181,0.9784987296,0.0627306508,,,,
26161,0.0,883.316406,-911.957764,1676.156616,0.1871712757,0.9802667737,0.0635921844,,,,
26162,0.0,885.766479,-910.068115,1675.833984,0.1775420419,0.9820361852,0.063904259,,,,
26163,0.0,887.187256,-908.904907,1676.020142,0.1738503141,0.9826964506,0.063904259,,,,
26164,0.0,889.05481,-907.508362,1675.8573,0.1707211121,0.9832449072,0.063904259,,,,
26165,0.0,891.958496,-905.311096,1675.895996,0.1678297859,0.983742552,0.063904259,,,,
26166,0.0,893.820129,-903.804382,1675.653809,0.1669600486,0.9838905365,0.063904259,,,,
26167,0.0,895.449341,-902.454346,1675.446899,0.1655466593,0.9841719493,0.0632445877,,,,
26168,0.0,897.942688,-900.795166,1675.445068,0.1617048977,0.9848820679,0.0621195486,,,,
26169,0.0,900.050171,-899.395569,1675.529419,0.1593903109,0.9852961853,0.0615317488,,,,
26170,0.0,901.958618,-897.999084,1675.569702,0.1580611042,0.9855312956,0.0611943853,,,,
26171,0.0,904.554932,-896.297363,1675.87085,0.1574281217,0.9856425714,0.0610336622,,,,
26172,0.0,907.275513,-894.369995,1675.891602,0.1574281217,0.9856425714,0.0610336622,,,,
26173,0.0,909.923218,-892.482056,1676.140747,0.1574281217,0.9856425714,0.0610336622,,,,
26174,0.0,911.845337,-891.028259,1676.557983,0.1574281217,0.9856425714,0.0610336622,,,,
26175,0.0,915.160706,-888.627014,1676.745605,0.1574281217,0.9856425714,0.0610336622,,,,
26176,0.0,917.171875,-887.15686,1676.775146,0.156772767,0.9857470221,0.0610336622,,,,
26177,0.0,920.356201,-885.004211,1676.667358,0.1557298995,0.9859596835,0.0602635945,,,,
26178,0.0,923.116089,-883.147339,1676.542236,0.1555469393,0.9859999708,0.0600766774,,,,
26179,0.0,925.245239,-881.42749,1676.633789,0.1555469393,0.9859999708,0.0600766774,,,,
26180,0.0,928.499207,-878.933105,1676.568726,0.1555469393,0.9859999708,0.0600766774,,,,
26181,0.0,931.24176,-876.67041,1676.526611,0.1555469393,0.9859999708,0.0600766774,,,,
26182,0.0,933.107056,-875.06073,1676.317993,0.1555469393,0.9859999708,0.0600766774,,,,
26183,0.0,935.729614,-872.073792,1676.036865,0.1555469393,0.9859999708,0.0600766774,,,,
26184,0.0,937.841248,-869.282471,1675.924683,0.1555469393,0.9859999708,0.0600766774,,,,
26185,0.0,938.71814,-868.027344,1675.898682,0.1557802366,0.9859631386,0.0600766774,,,,
26186,0.0,940.945374,-864.448792,1675.908569,0.156163058,0.9859025774,0.0600766774,,,,
26187,0.0,942.286133,-862.276367,1675.929321,0.1563766651,0.9858687192,0.0600766774,,,,
26188,0.0,944.261658,-858.772095,1676.023315,0.1613860958,0.9850610747,0.0600766774,,,,
26189,0.0,946.964478,-853.67749,1676.314819,0.1762154083,0.9825567504,0.0594168497,,,,
26190,0.0,947.6028445,-852.176727,1676.467163,0.1815378543,0.9816237872,0.0585560234,,,,
26191,0.0,948.241211,-850.675964,1676.619507,0.1868603003,0.9806908241,0.057695197,,,,
26192,0.0,949.124207,-847.794556,1676.880981,0.1945619401,0.9792703517,0.0563491763,,,,
26193,0.0,950.588196,-841.773438,1677.135742,0.204440123,0.977351112,0.0546721138,,,,
26194,0.0,951.167297,-838.587158,1677.202026,0.2106157747,0.976135878,0.0529125983,,,,
26195,0.0,951.406677,-835.236633,1677.478027,0.2182279532,0.974531032,0.0516316572,,,,
26196,0.0,951.549805,-831.806396,1677.34729,0.2273904853,0.9725345732,0.0496998108,,,,
26197,0.0,951.50415,-829.720032,1677.291626,0.2319001392,0.9715054083,0.0489853764,,,,
26198,0.0,951.158875,-825.962708,1677.227905,0.2412581606,0.9693187834,0.0470701184,,,,
26199,0.0,950.871582,-823.01532,1677.096069,0.2470474706,0.9679185422,0.045839316,,,,
26200,0.0,950.06073,-819.169556,1677.148926,0.2521398421,0.9666536936,0.0447899164,,,,
26201,0.0,949.466675,-816.559265,1677.093018,0.2542618222,0.9661302359,0.0440827973,,,,
26202,0.0,948.359314,-813.024536,1677.121704,0.2582445237,0.9650861614,0.0438003096,,,,
26203,0.0,947.02063,-809.432007,1677.035278,0.261457626,0.9642619277,0.0428817516,,,,
26204,0.0,946.249512,-807.021362,1676.867798,0.2635864197,0.9636839329,0.0428424655,,,,
26205,0.0,945.520264,-805.020233,1676.6912845,0.2653420714,0.9632211578,0.0423682058,,,,
26206,0.0,943.752075,-800.193848,1676.3573,0.2704066662,0.9618712738,0.041035198,,,,
26207,0.0,942.990662,-797.96637,1676.362793,0.2735979065,0.9609730447,0.0409266774,,,,
26208,0.0,941.129272,-793.663208,1676.019409,0.278014407,0.9597046395,0.0409266948,,,,
26209,0.0,940.001953,-791.015747,1675.83252,0.280185323,0.9591022238,0.0402381542,,,,
26210,0.0,938.262268,-787.428467,1675.424683,0.282590788,0.9584075063,0.0399687177,,,,
26211,0.0,937.02478,-784.795044,1675.244995,0.2847666056,0.9577632703,0.0399687177,,,,
26212,0.0,935.11554,-780.792053,1675.026978,0.2910397208,0.9559150623,0.039016337,,,,
26213,0.0,933.902588,-778.398865,1674.905518,0.2953818596,0.9545824843,0.0390107388,,,,
26214,0.0,932.663879,-775.5802,1674.890991,0.3009642912,0.9528632972,0.0383670724,,,,
26215,0.0,930.759155,-771.586609,1674.837646,0.3092126566,0.9502313005,0.0380527066,,,,
26216,0.0,929.444519,-768.815247,1675.104248,0.3142163429,0.9486215781,0.0372181582,,,,
26217,0.0,928.420044,-766.559387,1675.379517,0.3173253984,0.9475909339,0.0370946568,,,,
26218,0.0,927.135071,-763.708252,1675.658203,0.3199203318,0.9467179987,0.0370946393,,,,
26219,0.0,925.240601,-759.571472,1676.19458,0.3228658809,0.945717511,0.0370946393,,,,
26220,0.0,926.950623,-760.281006,1677.701294,0.3240301095,0.9453192455,0.0370946393,,,,
26221,0.0,925.414246,-756.99939,1677.701294,0.3253043242,0.9448815187,0.0370946393,,,,
26222,0.0,923.578064,-753.089417,1677.701294,0.3265682553,0.9444454258,0.0370946393,,,,
26223,0.0,922.419922,-750.612488,1677.701294,0.3291063007,0.9435640045,0.0370946393,,,,
26224,0.0,920.634766,-746.776672,1677.701294,0.3352482517,0.9413992763,0.0370946393,,,,
26225,0.0,919.412781,-744.137573,1677.701294,0.3405875685,0.9394807587,0.0370946393,,,,
26226,0.0,918.195801,-741.504272,1677.701294,0.3459879523,0.9375053731,0.0370946393,,,,
26227,0.0,916.326416,-737.488342,1677.701294,0.3500134683,0.9360099144,0.0370946393,,,,
26228,0.0,915.227234,-734.750854,1677.701294,0.351587137,0.9354199446,0.0370946393,,,,
26229,0.0,914.266113,-731.950623,1677.701294,0.3525661055,0.9350514045,0.0370946393,,,,
26230,0.0,913.245667,-728.243103,1677.701294,0.355164863,0.9340674,0.0370946393,,,,
26231,0.0,912.698792,-725.724854,1677.701294,0.3578883682,0.9330272792,0.0370946393,,,,
26232,0.0,911.813293,-719.391663,1677.701294,0.3691785429,0.928617893,0.0370946393,,,,
26233,0.0,911.563599,-715.74585,1677.701294,0.3744964444,0.92648605,0.0370946393,,,,
26234,0.0,911.509613,-713.8339845,1677.701294,0.3757327981,0.92598438,0.0370946393,,,,
26235,0.0,911.455627,-711.922119,1677.701294,0.3769691517,0.9254827099,0.0370946393,,,,
26236,0.0,911.05365,-706.247742,1677.701294,0.3770141366,0.9254643853,0.0370946393,,,,
26237,0.0,910.8286135,-704.249939,1677.701294,0.3770141366,0.9254643853,0.0370946393,,,,
26238,0.0,910.603577,-702.252136,1677.701294,0.3770141366,0.9254643853,0.0370946393,,,,
26239,0.0,909.999451,-696.993774,1677.701294,0.3793703535,0.9245010121,0.0370946568,,,,
26240,0.0,909.732849,-694.265015,1677.701294,0.3821957706,0.9233635866,0.0364153801,,,,
26241,0.0,909.615295,-692.531311,1677.701294,0.3848551803,0.9222919797,0.0355526994,,,,
26242,0.0,909.424683,-689.018677,1677.701294,0.3882887137,0.920898571,0.0343175862,,,,
26243,0.0,909.346558,-686.977112,1677.701294,0.3891693026,0.9205304052,0.0342202715,,,,
26244,0.0,909.320801,-684.783997,1677.701294,0.3894510045,0.9204369487,0.033522209,,,,
26245,0.0,909.34552,-682.459473,1677.701294,0.3898703109,0.9202848518,0.0328166467,,,,
26246,0.0,909.396729,-680.478271,1677.701294,0.3902344325,0.9201443445,0.0324264243,,,,
26247,0.0,909.492126,-678.337097,1677.701294,0.3916029305,0.9195670756,0.0323038443,,,,
26248,0.0,909.677551,-676.08783,1677.717285,0.3956358613,0.9179349352,0.029457088,,,,
26249,0.0,909.92572,-675.089294,1677.71936,0.4143717982,0.9098440376,0.021905254,,,,
26250,0.0,910.232971,-673.715576,1677.717773,0.4338773992,0.9008635836,0.0139716216,,,,
26251,0.0,910.42218,-672.036926,1676.589844,0.4388336338,0.8985256172,0.0087611091,,,,
26252,0.0,910.497803,-671.279358,1675.419922,0.4386500399,0.8986200125,0.0082592754,,,,
26253,0.0,910.730774,-669.647339,1673.618164,0.439203367,0.8983540847,0.007767946,,,,
26254,0.0,910.774658,-669.3650515,1673.3778075,0.439263253,0.8983265722,0.0075574828,,,,
26255,0.0,910.818542,-669.082764,1673.137451,0.439323139,0.8982990598,0.0073470196,,,,
26256,0.0,911.258728,-667.022278,1670.209595,0.4395188686,0.898210409,0.0064206906,,,,
26257,0.0,911.716125,-665.18103,1668.108398,0.4393859276,0.8982646907,0.0077815243,,,,
26258,0.0,911.98407,-664.188354,1666.946655,0.4391894297,0.8983654327,0.0072245531,,,,
26259,0.0,912.381653,-662.857239,1665.202637,0.4394629923,0.8982427039,0.005685362,,,,
26260,0.0,912.720764,-661.784912,1664.047363,0.4396343875,0.8981627677,0.0050247469,,,,
26261,0.0,913.032043,-660.83728,1664.047363,0.4395767268,0.8981932426,0.0046043543,,,,
26262,0.0,913.397705,-659.691772,1664.047363,0.4365091426,0.8996851436,0.0051391517,,,,
26263,0.0,913.731201,-658.678772,1664.047363,0.4339601613,0.9009142352,0.0056673854,,,,
26264,0.0,914.23053,-657.264587,1664.047363,0.4324394813,0.9016343731,0.007179996,,,,
26265,0.0,914.552551,-656.400452,1664.047363,0.4319258907,0.9018714908,0.0082364472,,,,
26266,0.0,914.911133,-655.460632,1664.047363,0.4320852804,0.9017900262,0.0087783349,,,,
26267,0.0,915.439209,-654.135498,1664.047363,0.4326645637,0.9015075511,0.0092471985,,,,
26268,0.0,915.894104,-652.957947,1664.047363,0.4310268608,0.9022720441,0.0110001695,,,,
26269,0.0,916.170593,-652.247925,1664.047363,0.4297242319,0.9028688626,0.0128413957,,,,
26270,0.0,916.722595,-650.863098,1664.047363,0.4279024027,0.903692231,0.0154882353,,,,
26271,0.0,916.8182065,-650.6271665,1664.047363,0.42775028,0.9037583095,0.0158263767,,,,
26272,0.0,916.913818,-650.391235,1664.047363,0.4275981573,0.903824388,0.0161645181,,,,
26273,0.0,916.913818,-650.391235,1664.047363,0.4275981573,0.903824388,0.0161645181,,,,
26274,0.0,918.114563,-647.532104,1664.063721,0.4298394228,0.9003180136,0.0683047943,,,,
26275,0.0,918.670166,-646.242798,1664.063721,0.4263419385,0.9040160526,0.031424959,,,,
26276,0.0,919.310608,-644.767517,1664.063721,0.4259307642,0.9038416665,0.0406598817,,,,
26277,0.0,919.963867,-643.282227,1664.063721,0.4258843856,0.9036037412,0.0460735184,,,,
26278,0.0,920.466553,-642.099121,1664.063721,0.4237134607,0.9043662373,0.0508784045,,,,
26279,0.0,920.883667,-641.236389,1664.063721,0.4266624513,0.902469765,0.0592239472,,,,
26280,0.0,921.401245,-640.147766,1664.063721,0.4294490973,0.9005886698,0.0671827401,,,,
26281,0.0,922.303711,-638.22467,1664.063721,0.4325863918,0.8986843948,0.0723558719,,,,
26282,0.0,922.927307,-636.88501,1664.063721,0.4338626199,0.8979814886,0.073433461,,,,
26283,0.0,923.270447,-636.141479,1664.063721,0.4341526324,0.8978875624,0.0728657468,,,,
26284,0.0,923.848572,-634.896484,1664.063721,0.4345910448,0.8977615055,0.0717976528,,,,
26285,0.0,924.328125,-633.989563,1664.063721,0.4401301741,0.8945131056,0.0783053877,,,,
26286,0.0,924.932434,-632.813171,1664.063721,0.4452534812,0.8914888633,0.0836477376,,,,
26287,0.0,924.97917175,-632.71728475,1664.063721,0.4454214514,0.8913953674,0.083748958,,,,
26288,0.0,925.0259095,-632.6213985,1664.063721,0.4455894216,0.8913018715,0.0838501785,,,,
26289,0.0,925.07264725,-632.52551225,1664.063721,0.4457573917,0.8912083756,0.083951399,,,,
26290,0.0,925.119385,-632.429626,1664.063721,0.4459253619,0.8911148797,0.0840526194,,,,
26291,0.0,925.119385,-632.429626,1664.063721,0.4459253619,0.8911148797,0.0840526194,,,,
26292,0.0,927.207336,-628.060669,1664.063721,0.4467627853,0.8900566004,0.0905663392,,,,
26293,0.0,928.245667,-625.893188,1664.063721,0.4460276852,0.8901386318,0.0933408817,,,,
26294,0.0,928.841919,-624.660095,1664.063721,0.4460276852,0.8901386318,0.0933408817,,,,
26295,0.0,929.406372,-623.500793,1664.063721,0.4460276852,0.8901386318,0.0933408817,,,,
26296,0.0,929.857788,-622.574707,1664.063721,0.4460276852,0.8901386318,0.0933408817,,,,
26297,0.0,930.489746,-621.280151,1664.068237,0.4460276852,0.8901386318,0.0933408817,,,,
26298,0.0,930.957886,-620.324829,1664.077637,0.4460276852,0.8901386318,0.0933408817,,,,
26299,0.0,931.482605,-619.254822,1664.080811,0.4460276852,0.8901386318,0.0933408817,,,,
26300,0.0,931.833984,-618.540588,1664.079834,0.4460276852,0.8901386318,0.0933408817,,,,
26301,0.0,932.538147,-617.110168,1664.079834,0.4460276852,0.8901386318,0.0933408817,,,,
26302,0.0,933.021423,-616.129822,1664.079834,0.4460276852,0.8901386318,0.0933408817,,,,
26303,0.0,933.613892,-614.930664,1664.079834,0.4460276852,0.8901386318,0.0933408817,,,,
26304,0.0,933.97821,-614.194397,1664.068848,0.4460276852,0.8901386318,0.0933408817,,,,
26305,0.0,934.673523,-612.789673,1664.032837,0.4460276852,0.8901386318,0.0933408817,,,,
26306,0.0,935.169312,-611.789246,1664.03064,0.4460276852,0.8901386318,0.0933408817,,,,
26307,0.0,935.619019,-610.882507,1664.03125,0.4460276852,0.8901386318,0.0933408817,,,,
26308,0.0,935.7043765,-610.7107235,1664.031311,0.4460291606,0.8901416538,0.0933049979,,,,
26309,0.0,935.789734,-610.53894,1664.031372,0.446030636,0.8901446759,0.0932691141,,,,
26310,0.0,937.22406,-607.652649,1664.03125,0.4460675702,0.8902182305,0.0923862804,,,,
26311,0.0,937.720276,-606.655273,1664.03125,0.4460675702,0.8902182305,0.0923862804,,,,
26312,0.0,938.2146,-605.66217,1664.03125,0.4460675702,0.8902182305,0.0923862804,,,,
26313,0.0,938.814148,-604.45874,1664.03125,0.4460675702,0.8902182305,0.0923862804,,,,
26314,0.0,939.260437,-603.563904,1664.03125,0.4460675702,0.8902182305,0.0923862804,,,,
26315,0.0,939.855835,-602.352966,1664.03125,0.4453313672,0.8906758769,0.0915229788,,,,
26316,0.0,940.388245,-601.173828,1664.03125,0.4402930187,0.8935678871,0.0876269869,,,,
26317,0.0,940.780945,-600.341553,1664.03125,0.4383034965,0.8946193106,0.0868696381,,,,
26318,0.0,941.581665,-598.573547,1664.03125,0.431266008,0.8984003028,0.0829850966,,,,
26319,0.0,941.94577,-597.799316,1664.03125,0.4296020412,0.8992810199,0.0820445266,,,,
26320,0.0,942.748901,-596.100525,1664.03125,0.4264861596,0.9009239388,0.0802845698,,,,
26321,0.0,943.0248715,-595.5145875,1664.03125,0.4254891258,0.901444235,0.0797227359,,,,
26322,0.0,943.300842,-594.92865,1664.03125,0.4244920921,0.9019645311,0.079160902,,,,
26323,0.0,943.856445,-593.765747,1664.03125,0.4234427024,0.9025492333,0.078109918,,,,
26324,0.0,943.994873,-593.480103,1664.03125,0.423397088,0.9025751529,0.0780576657,,,,
26325,0.0,945.34729,-590.687073,1664.03125,0.423397088,0.9025751529,0.0780576657,,,,
26326,0.0,945.773987,-589.801514,1664.03125,0.423397088,0.9025751529,0.0780576657,,,,
26327,0.0,946.314026,-588.678162,1664.03125,0.423397088,0.9025751529,0.0780576657,,,,
26328,0.0,946.785889,-587.694763,1664.03125,0.423397088,0.9025751529,0.0780576657,,,,
26329,0.0,947.424377,-586.361816,1664.03125,0.423397088,0.9025751529,0.0780576657,,,,
26330,0.0,947.807983,-585.559204,1664.03125,0.423397088,0.9025751529,0.0780576657,,,,
26331,0.0,948.304993,-584.517822,1664.03125,0.4234245528,0.9026334141,0.0772306151,,,,
26332,0.0,948.803406,-583.471741,1664.03125,0.4234515656,0.9026912855,0.0764016666,,,,
26333,0.0,949.407227,-582.202881,1664.03125,0.4234878663,0.9027689971,0.075273933,,,,
26334,0.0,949.866638,-581.236023,1664.03125,0.4235202788,0.9028371498,0.0742674519,,,,
26335,0.0,950.374512,-580.166626,1664.03125,0.4235468719,0.9028941672,0.073417778,,,,
26336,0.0,950.943909,-578.946716,1664.03125,0.4227456357,0.9034337789,0.0713690029,,,,
26337,0.0,951.274963,-578.23468,1664.03125,0.4222228282,0.9038278303,0.0694488046,,,,
26338,0.0,951.906433,-576.893127,1664.03125,0.4220140674,0.9041318451,0.0667063241,,,,
26339,0.0,952.016968,-576.65686,1664.03125,0.4219168812,0.9042132524,0.0662158564,,,,
26340,0.0,952.836182,-574.905518,1664.03125,0.4213011241,0.9046616737,0.063973581,,,,
26341,0.0,953.405518,-573.695557,1664.03125,0.4212781809,0.9048173611,0.0618889116,,,,
26342,0.0,953.762512,-572.937256,1664.03125,0.4212970053,0.9048584111,0.061156269,,,,
26343,0.0,954.381348,-571.621399,1664.03125,0.4213052315,0.9048757491,0.0608422593,,,,
26344,0.0,954.737915,-570.862183,1664.03125,0.4213244116,0.904916655,0.060096486,,,,
26345,0.0,955.247925,-569.776123,1664.03125,0.4213460877,0.9049634996,0.0592329199,,,,
26346,0.0,955.764648,-568.675415,1664.03125,0.4213536991,0.9049798473,0.0589282298,,,,
26347,0.0,956.269104,-567.600342,1664.03125,0.4213767101,0.9050292702,0.0579973129,,,,
26348,0.0,956.576355,-566.945801,1664.03125,0.4213773521,0.9050306491,0.0579711247,,,,
26349,0.0,957.12854,-565.749207,1662.526855,0.4207208144,0.9053833755,0.057227089,,,,
26350,0.0,957.320984,-565.322693,1662.984863,0.4199425164,0.9057580751,0.0570139663,,,,
26351,0.0,957.477722,-564.814697,1664.03125,0.4196643621,0.9058869846,0.0570139837,,,,
26352,0.0,957.177612,-564.403992,1664.03125,0.4188143677,0.9062802718,0.0570139837,,,,
26353,0.0,956.872192,-564.185486,1665.253418,0.4187956712,0.9062889117,0.0570139837,,,,
26354,0.0,956.758179,-564.161011,1666.387817,0.4187956712,0.9062889117,0.0570139837,,,,
26355,0.0,956.473694,-564.180237,1668.104492,0.4187956712,0.9062889117,0.0570139837,,,,
26356,0.0,956.288635,-564.15332,1669.183838,0.4188108132,0.9063216795,0.0563783292,,,,
26357,0.0,955.990173,-564.161865,1670.466553,0.4183308814,0.9065971787,0.0555052189,,,,
26358,0.0,955.739502,-564.296204,1671.900146,0.4174668338,0.9070545761,0.0545292452,,,,
26359,0.0,956.080627,-563.124573,1674.70166,0.4135752185,0.9090880597,0.0501441754,,,,
26360,0.0,956.2453915,-563.2206115,1675.3948365,0.4124843899,0.9096263848,0.0493390334,,,,
26361,0.0,956.410156,-563.31665,1676.088013,0.4113935613,0.9101647099,0.0485338913,,,,
26362,0.0,956.862488,-563.69281,1675.993042,0.4103821462,0.9109161279,0.0426415524,,,,
26363,0.0,956.8947145,-563.759613,1675.977478,0.4103919355,0.9109375174,0.0420830885,,,,
26364,0.0,956.926941,-563.826416,1675.961914,0.4104017248,0.9109589068,0.0415246246,,,,
26365,0.0,955.673279,-562.698242,1675.286133,0.4104166521,0.9109920407,0.0406407862,,,,
26366,0.0,955.6707155,-562.8263245,1675.3321535,0.4104205722,0.9110009118,0.0404009296,,,,
26367,0.0,955.668152,-562.954407,1675.378174,0.4104244922,0.9110097828,0.040161073,,,,
26368,0.0,955.916382,-562.590271,1675.062378,0.4104304042,0.9110232452,0.0397935912,,,,
26369,0.0,962.259033,-564.616394,1675.093628,0.412316354,0.9105433676,0.0300998345,,,,
26370,0.0,963.686157,-565.009399,1675.124268,0.412316354,0.9105433676,0.0300998345,,,,
26371,0.0,965.25885,-565.480896,1675.172974,0.4117998012,0.9107959077,0.0295252135,,,,
26372,0.0,967.663818,-566.498657,1675.205688,0.4091765078,0.9119897794,0.0291415109,,,,
26373,0.0,969.105957,-567.396606,1675.400269,0.4048449059,0.9138804055,0.0303843151,,,,
26374,0.0,971.442444,-568.619141,1675.492554,0.4005923059,0.9157039138,0.031814252,,,,
26375,0.0,973.534851,-569.699585,1675.533569,0.4000155496,0.915898008,0.0334424747,,,,
26376,0.0,975.4328,-570.637451,1675.518555,0.4000014489,0.9158657222,0.0344792651,,,,
26377,0.0,978.711548,-572.198669,1675.43396,0.3999830387,0.9158238743,0.0357798839,,,,
26378,0.0,980.503418,-573.217529,1675.423706,0.3987917387,0.9163125663,0.0365572158,,,,
26379,0.0,983.380005,-574.792114,1675.453369,0.3937468983,0.9183086324,0.0408978687,,,,
26380,0.0,986.246948,-576.467102,1675.616333,0.3832689407,0.9223632238,0.0484871366,,,,
26381,0.0,988.937378,-577.901062,1675.747437,0.3698372272,0.9273663252,0.0566756063,,,,
26382,0.0,992.017517,-579.749207,1676.079712,0.3634448726,0.929638923,0.0606572128,,,,
26383,0.0,994.247009,-580.937683,1676.206177,0.3625022551,0.9299065398,0.0621767022,,,,
26384,0.0,997.841248,-582.879639,1676.465942,0.3622190295,0.9299779841,0.062756065,,,,
26385,0.0,1000.893372,-584.21814,1676.592529,0.3622190295,0.9299779841,0.062756065,,,,
26386,0.0,1003.949707,-585.476013,1676.660522,0.3622190295,0.9299779841,0.062756065,,,,
26387,0.0,1007.430786,-586.927246,1676.636353,0.3622190295,0.9299779841,0.062756065,,,,
26388,0.0,1009.599731,-587.535522,1676.584717,0.3622190295,0.9299779841,0.062756065,,,,
26389,0.0,1013.034241,-588.715027,1676.501587,0.3622190295,0.9299779841,0.062756065,,,,
26390,0.0,1015.888733,-590.176392,1676.405029,0.3655392972,0.9286779293,0.0627560824,,,,
26391,0.0,1018.201233,-591.780579,1676.343994,0.3674860233,0.9279093162,0.062756065,,,,
26392,0.0,1020.002625,-592.377625,1673.726074,0.3675626247,0.9278789755,0.062756065,,,,
26393,0.0,1021.721008,-593.990356,1673.608154,0.3675626247,0.9278789755,0.062756065,,,,
26394,0.0,1023.171936,-595.465637,1673.360474,0.3675626247,0.9278789755,0.062756065,,,,
26395,0.0,1024.062622,-597.061584,1673.25354,0.3675626247,0.9278789755,0.062756065,,,,
26396,0.0,1023.900269,-598.018982,1673.366211,0.3675626247,0.9278789755,0.062756065,,,,
26397,0.0,1023.069275,-598.959473,1673.657104,0.3641124245,0.9291756195,0.0636773929,,,,
26398,0.0,1022.106262,-599.741455,1674.075073,0.3574629166,0.931751538,0.0637129079,,,,
26399,0.0,1021.093384,-601.990356,1674.575928,0.3372932223,0.9393049475,0.0627654189,,,,
26400,0.0,1020.128601,-603.397339,1674.759644,0.316174336,0.9466816244,0.0618683388,,,,
26401,0.0,1019.072327,-604.678772,1674.880127,0.2979617089,0.9526311533,0.060931977,,,,
26402,0.0,1018.370178,-606.004761,1675.028076,0.2862322139,0.956336327,0.0590927192,,,,
26403,0.0,1017.601501,-607.017334,1674.84375,0.2799815662,0.9582914645,0.0573392688,,,,
26404,0.0,1016.132019,-607.928894,1674.138306,0.2746330966,0.9600131276,0.0543273136,,,,
26405,0.0,1014.725647,-608.519165,1673.125488,0.2684803677,0.9619997188,0.0497476957,,,,
26406,0.0,1012.395813,-609.671997,1670.202881,0.2620127583,0.964101004,0.0431111199,,,,
26407,0.0,1011.545593,-610.258057,1667.9104,0.2601481969,0.9646588104,0.0419081755,,,,
26408,0.0,1010.387695,-610.871826,1666.435181,0.259021389,0.9650354324,0.0401812676,,,,
26409,0.0,1009.524292,-611.580688,1664.24646,0.2588453373,0.9651592002,0.03829895,,,,
26410,0.0,1008.605896,-612.428772,1661.741211,0.2588731984,0.9652636248,0.0353666771,,,,
26411,0.0,1007.69873,-613.176331,1659.924805,0.2610792311,0.9648610893,0.0296768161,,,,
26412,0.0,1006.648499,-614.110046,1657.566162,0.2675175577,0.9632772381,0.0230503544,,,,
26413,0.0,1005.404175,-614.401001,1657.609985,0.276973058,0.9607110454,0.0178944816,,,,
26414,0.0,1004.067627,-614.69043,1657.634766,0.2916215644,0.9564565566,0.0121539468,,,,
26415,0.0,1003.663513,-614.756165,1657.634766,0.2959734048,0.9551356913,0.0107496423,,,,
26416,0.0,1001.644958,-615.052734,1657.928101,0.3129744384,0.9497315879,0.007543992,,,,
26417,0.0,1000.226807,-615.168823,1658.025146,0.3186179393,0.9478566745,0.0070945992,,,,
26418,0.0,999.08252,-615.199707,1658.282227,0.3220875875,0.9466832906,0.0070945992,,,,
26419,0.0,997.95813,-615.213989,1658.44458,0.3262787597,0.9452469718,0.0070945992,,,,
26420,0.0,996.84552,-615.17334,1658.710693,0.3312955598,0.9435058273,0.0063250136,,,,
26421,0.0,995.453857,-615.093689,1658.923706,0.3367981619,0.9415672496,0.0042558853,,,,
26422,0.0,994.365906,-614.998474,1658.948608,0.3401228527,0.9403750116,0.0033589496,,,,
26423,0.0,993.076416,-614.878845,1658.946289,0.3431211063,0.9392882848,0.0023290525,,,,
26424,0.0,992.254761,-614.820374,1658.950317,0.3437740967,0.9390508573,0.0016905251,,,,
26425,0.0,990.568176,-614.728271,1658.873901,0.3449924032,0.9386045174,0.0013422276,,,,
26426,0.0,989.487549,-614.542969,1658.861694,0.3458022861,0.9383064411,0.0013422276,,,,
26427,0.0,988.353821,-614.414795,1658.723511,0.3473765799,0.9377255477,0.0005557652,,,,
26428,0.0,987.220215,-614.266907,1658.587891,0.3497477181,0.9368438822,-0.0002722015,,,,
26429,0.0,985.746887,-614.050964,1658.426514,0.3539625482,0.9352585005,-0.0014323563,,,,
26430,0.0,984.605347,-613.822693,1658.413696,0.3548330299,0.9349285819,-0.0014379588,,,,
26431,0.0,983.463684,-613.601562,1658.416504,0.354880334,0.934910627,-0.0014380984,,,,
26432,0.0,982.310669,-613.35376,1658.446655,0.354880334,0.934910627,-0.0014380984,,,,
26433,0.0,981.064331,-613.027161,1658.538818,0.354880334,0.934910627,-0.0014380984,,,,
26434,0.0,980.028076,-612.768311,1658.608032,0.354880334,0.934910627,-0.0014380984,,,,
26435,0.0,978.804077,-612.432068,1658.814331,0.354880334,0.934910627,-0.0014380984,,,,
26436,0.0,977.577576,-612.040344,1659.019897,0.3548797886,0.9349091899,-0.002267652,,,,
26437,0.0,976.428467,-611.625305,1659.234741,0.3556619851,0.934611581,-0.0023968758,,,,
26438,0.0,975.425354,-611.249939,1659.43396,0.3557743718,0.9345639952,-0.0038386503,,,,
26439,0.0,974.410522,-610.859863,1659.562866,0.3551994066,0.9347741456,-0.0055387915,,,,
26440,0.0,973.054749,-610.304749,1659.708496,0.3541234804,0.9351589558,-0.0086190447,,,,
26441,0.0,971.070618,-609.349487,1659.72876,0.3521598808,0.9358473913,-0.0131559298,,,,
26442,0.0,970.3428955,-608.9755555,1659.632019,0.3517283148,0.9359741046,-0.0153222906,,,,
26443,0.0,969.615173,-608.601624,1659.535278,0.3512967489,0.9361008179,-0.0174886514,,,,
26444,0.0,968.582336,-608.130066,1659.429932,0.3496901064,0.9366301909,-0.0209932152,,,,
26445,0.0,967.582336,-607.605164,1659.252686,0.3426076952,0.9390174677,-0.0294306403,,,,
26446,0.0,965.293518,-606.487976,1658.859009,0.3361577523,0.9412045237,-0.0336453597,,,,
26447,0.0,964.032043,-605.908997,1658.636597,0.3361577523,0.9412045237,-0.0336453597,,,,
26448,0.0,963.7203975,-605.765259,1658.581238,0.3361577523,0.9412045237,-0.0336453597,,,,
26449,0.0,960.913025,-604.773926,1658.272949,0.3361577523,0.9412045237,-0.0336453597,,,,
26450,0.0,959.779968,-604.390808,1658.248169,0.3355901478,0.9414286566,-0.0330353923,,,,
26451,0.0,958.8353575,-604.144928,1658.2404175,0.3331976494,0.9423430314,-0.0309521813,,,,
26452,0.0,956.734375,-603.560913,1658.220093,0.3283857233,0.9441535129,-0.0271470238,,,,
26453,0.0,955.641968,-603.286865,1658.278198,0.3280907405,0.9442620659,-0.0269372771,,,,
26454,0.0,954.568726,-603.032532,1658.376953,0.3250172092,0.945192762,-0.0312162852,,,,
26455,0.0,953.220581,-602.727417,1658.592529,0.325844384,0.9448581757,-0.0326873872,,,,
26456,0.0,952.275818,-602.499512,1658.714111,0.3258171128,0.9448815623,-0.0322806784,,,,
26457,0.0,951.308594,-602.26825,1658.829468,0.325969359,0.9448327502,-0.0321722102,,,,
26458,0.0,949.87146,-601.87677,1658.958862,0.326056787,0.9448233745,-0.0315557066,,,,
26459,0.0,948.972839,-601.598938,1659.054688,0.3268247659,0.9445384798,-0.0321346003,,,,
26460,0.0,947.983765,-601.311218,1659.352661,0.327042688,0.9444572737,-0.0323038443,,,,
26461,0.0,947.022095,-601.006775,1659.602783,0.327042688,0.9444572737,-0.0323038443,,,,
26462,0.0,945.680542,-600.529541,1659.818359,0.327042688,0.9444572737,-0.0323038443,,,,
26463,0.0,945.457947,-600.401428,1660.146851,0.327042688,0.9444572737,-0.0323038443,,,,
26464,0.0,944.246521,-599.969666,1660.243042,0.327042688,0.9444572737,-0.0323038443,,,,
26465,0.0,943.205933,-599.606628,1660.2771,0.3359432842,0.9410546142,-0.0394755979,,,,
26466,0.0,941.817932,-599.194031,1660.317505,0.350214991,0.9355852924,-0.045051312,,,,
26467,0.0,940.792969,-598.850098,1660.315918,0.3564800464,0.9332164066,-0.0450456978,,,,
26468,0.0,939.599243,-598.525513,1660.189453,0.3620314201,0.9310811718,-0.0449566716,,,,
26469,0.0,938.569153,-598.250366,1660.079346,0.3706589489,0.9276887327,-0.0447834652,,,,
26470,0.0,937.544128,-598.026123,1659.928223,0.377746346,0.9248302706,-0.0446840984,,,,
26471,0.0,936.330383,-597.785767,1659.755127,0.3838657657,0.92230817,-0.0446622164,,,,
26472,0.0,935.247009,-597.604553,1659.738403,0.3867557562,0.9211000325,-0.0446622339,,,,
26473,0.0,933.745422,-597.321289,1659.737793,0.3892017852,0.9200691587,-0.0446622164,,,,
26474,0.0,932.689331,-597.056519,1659.751831,0.3946588711,0.9176583039,-0.0463423433,,,,
26475,0.0,931.654785,-596.839294,1659.714355,0.4001065597,0.9152466362,-0.0473110542,,,,
26476,0.0,930.656616,-596.609802,1659.684448,0.4065600631,0.9123865939,-0.0475354428,,,,
26477,0.0,929.086731,-596.171387,1659.661987,0.4111472752,0.9103286768,-0.0475354428,,,,
26478,0.0,928.044373,-595.820374,1659.667603,0.4111643702,0.9103209539,-0.0475354776,,,,
26479,0.0,927.026917,-595.541809,1659.706909,0.4131375304,0.9094271618,-0.0475354428,,,,
26480,0.0,925.636536,-595.115967,1659.796143,0.4197727598,0.9064323316,-0.046596764,,,,
26481,0.0,924.769409,-594.79187,1659.865234,0.4260064885,0.9035960427,-0.0450850673,,,,
26482,0.0,923.737244,-594.471252,1659.950684,0.4326090831,0.9005403015,-0.0433191258,,,,
26483,0.0,922.368164,-593.911621,1660.024292,0.4379643297,0.8980182241,-0.041839156,,,,
26484,0.0,920.454102,-593.070557,1660.044067,0.4401671162,0.8969429308,-0.0417886206,,,,
26485,0.0,919.408264,-592.607849,1660.053467,0.4423390569,0.8958738016,-0.041788638,,,,
26486,0.0,918.8757325,-592.375885,1660.060913,0.4451955605,0.8944520342,-0.041788638,,,,
26487,0.0,918.343201,-592.143921,1660.068359,0.4480520641,0.8930302669,-0.041788638,,,,
26488,0.0,916.506531,-590.830261,1660.4823,0.4577410686,0.8881404194,-0.0409842598,,,,
26489,0.0,915.6937255,-590.388977,1660.4050905,0.4598657756,0.88705063,-0.0407293654,,,,
26490,0.0,914.88092,-589.947693,1660.327881,0.4619904825,0.8859608407,-0.0404744711,,,,
26491,0.0,911.494202,-588.220093,1659.983398,0.4698681938,0.8818512217,-0.0395259812,,,,
26492,0.0,910.5614015,-587.7614745,1659.911865,0.4723832652,0.8805154654,-0.0392219782,,,,
26493,0.0,908.265381,-586.577026,1659.699585,0.4756063257,0.8787970373,-0.0389151674,,,,
26494,0.0,907.431885,-585.558655,1661.728271,0.4757642412,0.8787115648,-0.0389149407,,,,
26495,0.0,906.406433,-584.908997,1664.093628,0.4763723389,0.878411791,-0.0382376815,,,,
26496,0.0,905.34198,-584.516296,1664.093628,0.4777824308,0.8777387324,-0.0360370144,,,,
26497,0.0,904.283325,-583.987915,1666.516113,0.479584602,0.8768214822,-0.0343903758,,,,
26498,0.0,902.87439,-583.404114,1668.260254,0.4849327501,0.8739555419,-0.0322790735,,,,
26499,0.0,901.880493,-582.975098,1669.441162,0.4905152521,0.8708927405,-0.0306695609,,,,
26500,0.0,900.655884,-582.512817,1670.767822,0.494946999,0.868395009,-0.0302915238,,,,
26501,0.0,900.095581,-582.042786,1672.121826,0.5036625076,0.8633928484,-0.0296119533,,,,
26502,0.0,900.174377,-581.656616,1673.322144,0.5086523177,0.8604721924,-0.0293330138,,,,
26503,0.0,900.093445,-581.072388,1675.233765,0.518504164,0.8545718262,-0.0293330138,,,,
26504,0.0,899.865601,-580.239746,1676.11438,0.5257087561,0.8501587364,-0.0293330313,,,,
26505,0.0,900.079468,-579.711853,1676.31604,0.5343246853,0.8448099535,-0.0281651036,,,,
26506,0.0,900.605957,-579.047241,1676.415039,0.5451263,0.8379359044,-0.0264714403,,,,
26507,0.0,901.023376,-578.907166,1676.420898,0.5492356304,0.8352622777,-0.0260221031,,,,
26508,0.0,901.497131,-578.495972,1676.487305,0.557189922,0.8300099135,-0.0249586532,,,,
26509,0.0,902.402588,-577.773499,1676.484131,0.5635473532,0.825773072,-0.0226542332,,,,
26510,0.0,903.143738,-577.075012,1676.383667,0.5658199691,0.8242183595,-0.022624291,,,,
26511,0.0,903.968079,-575.939819,1676.171143,0.5694289684,0.8217517148,-0.0217891999,,,,
26512,0.0,904.8927,-574.704407,1675.96106,0.5728581202,0.8193866047,-0.0209562922,,,,
26513,0.0,906.03363,-573.210022,1675.755249,0.5760326717,0.817180689,-0.0200520004,,,,
26514,0.0,907.71759,-571.117188,1675.588501,0.5785791146,0.8154116171,-0.0187110367,,,,
26515,0.0,908.865479,-569.540527,1675.510498,0.5786036743,0.8153945739,-0.0186943019,,,,
26516,0.0,910.153687,-567.595825,1675.599976,0.5786036743,0.8153945739,-0.0186943019,,,,
26517,0.0,911.582764,-565.347717,1675.682861,0.5786036743,0.8153945739,-0.0186943019,,,,
26518,0.0,913.449951,-562.439209,1675.716553,0.5808825993,0.8137726458,-0.0186945637,,,,
26519,0.0,914.716248,-560.356934,1675.875977,0.5847324359,0.811010784,-0.0186945637,,,,
26520,0.0,916.411926,-557.744507,1675.972168,0.5934614706,0.8046452611,-0.0186945637,,,,
26521,0.0,917.64563,-555.866882,1675.990234,0.6044850883,0.7963970688,-0.0186945637,,,,
26522,0.0,919.645386,-552.858521,1676.021851,0.6249176856,0.7804875813,-0.0178051001,,,,
26523,0.0,920.695251,-551.04895,1675.967529,0.6396960166,0.7684768671,-0.0152417541,,,,
26524,0.0,922.709656,-547.853638,1675.950439,0.6590886981,0.7519814007,-0.0112276941,,,,
26525,0.0,924.264954,-545.730835,1676.036621,0.6867057973,0.7269190449,-0.0048836562,,,,
26526,0.0,926.432861,-542.744202,1676.267944,0.7228809975,0.6909650418,0.0032209472,,,,
26527,0.0,929.596008,-538.456726,1676.654297,0.7665870246,0.6420307252,0.0118693565,,,,
26528,0.0,930.9450985,-536.9962465,1676.8181155,0.7914116754,0.6097022136,0.0159079975,,,,
26529,0.0,934.468201,-534.028076,1677.044678,0.8557513348,0.5167079075,0.0265064394,,,,
26530,0.0,935.9513855,-532.8746945,1677.0615235,0.8725959776,0.4862837991,0.0297405288,,,,
26531,0.0,939.398987,-530.692993,1677.106079,0.925839407,0.3757811352,0.0401239449,,,,
26532,0.0,940.8148805,-529.9400635,1677.026245,0.946976727,0.3104861209,0.0457354665,,,,
26533,0.0,944.159851,-527.916016,1676.713989,0.9794148821,0.1940545563,0.0555816334,,,,
26534,0.0,946.871582,-526.736145,1676.634277,0.9938102763,0.0910108578,0.0637036765,,,,
26535,0.0,949.094574,-526.039337,1676.6522825,0.9943858128,0.0122355844,0.0693497819,,,,
26536,0.0,954.26178,-524.683472,1676.555054,0.9834191487,-0.1611550744,0.083161409,,,,
26537,0.0,957.168518,-524.196716,1676.434082,0.9644945377,-0.2478149188,0.0913129389,,,,
26538,0.0,961.311157,-523.76947,1676.330811,0.9268304447,-0.3612673339,0.102329078,,,,
26539,0.0,964.044739,-523.977051,1676.121704,0.8814773945,-0.4590116413,0.1109320336,,,,
26540,0.0,966.786438,-524.181152,1676.12561,0.8370994954,-0.5343891026,0.1170159039,,,,
26541,0.0,970.585083,-524.493103,1676.211914,0.7822846019,-0.6105815252,0.1233734282,,,,
26542,0.0,972.927063,-525.048035,1676.252075,0.7352800069,-0.6654768645,0.1284673274,,,,
26543,0.0,976.439331,-525.886047,1676.539795,0.679293801,-0.7213565968,0.1349243943,,,,
26544,0.0,978.595276,-526.422607,1676.759033,0.6529468143,-0.7447386764,0.1379302779,,,,
26545,0.0,981.971313,-527.477234,1677.273804,0.6177897152,-0.7733239999,0.1424986282,,,,
26546,0.0,984.546631,-528.410706,1677.63623,0.597279231,-0.7889123032,0.1444814799,,,,
26547,0.0,987.280457,-529.483276,1677.891724,0.588296402,-0.795488792,0.1452753428,,,,
26548,0.0,989.607178,-530.473755,1678.203613,0.5843806044,-0.7983070513,0.1456199196,,,,
26549,0.0,993.072998,-532.013489,1678.631104,0.5859775858,-0.7972582842,0.1449465322,,,,
26550,0.0,995.246521,-533.084717,1678.770508,0.5922292823,-0.7927642613,0.144184962,,,,
26551,0.0,998.458496,-534.827454,1678.53064,0.6038655966,-0.7841382052,0.1430860457,,,,
26552,0.0,1001.571838,-536.687195,1678.29126,0.617460563,-0.7735061515,0.1429359528,,,,
26553,0.0,1003.63208,-538.146912,1678.089111,0.6268924001,-0.7657405002,0.1436920494,,,,
26554,0.0,1005.963501,-539.800171,1677.722412,0.6352432027,-0.758407401,0.1458913553,,,,
26555,0.0,1009.104004,-542.18634,1677.277832,0.64305752,-0.7512752995,0.1485343406,,,,
26556,0.0,1011.059753,-543.755981,1677.100586,0.6503852112,-0.744364261,0.1513965785,,,,
26557,0.0,1014.08667,-546.256653,1676.645264,0.6594016073,-0.7356155932,0.1551103458,,,,
26558,0.0,1015.933411,-547.873596,1676.473999,0.6615717792,-0.7333536322,0.1565734051,,,,
26559,0.0,1018.180359,-549.859375,1676.155396,0.6632329399,-0.7317271824,0.1571540583,,,,
26560,0.0,1020.657837,-552.054077,1676.020386,0.663775268,-0.7312352458,0.1571540927,,,,
26561,0.0,1023.654419,-554.861267,1675.981567,0.663775268,-0.7312352458,0.1571540927,,,,
26562,0.0,1025.55603,-556.722961,1676.045166,0.664587581,-0.7303695005,0.157745808,,,,
26563,0.0,1028.731079,-559.865112,1676.203247,0.6676560722,-0.7274884848,0.1581008341,,,,
26564,0.0,1030.864258,-561.903503,1676.445801,0.6700503097,-0.7251198425,0.1588514919,,,,
26565,0.0,1033.814941,-564.793335,1676.780273,0.6744584,-0.7205697475,0.1608884881,,,,
26566,0.0,1035.661377,-566.621948,1677.044434,0.6783878952,-0.7167093813,0.1616091777,,,,
26567,0.0,1038.557617,-569.395752,1677.711182,0.6849364752,-0.7100274957,0.1634716498,,,,
26568,0.0,1043.212769,-573.873901,1678.562256,0.6967695955,-0.6975999272,0.1669325385,,,,
26569,0.0,1044.7608035,-575.3435055,1678.7468875,0.7002511524,-0.6939169022,0.1676349517,,,,
26570,0.0,1046.308838,-576.81311,1678.931519,0.7037327094,-0.6902338772,0.168337365,,,,
26571,0.0,1051.105225,-581.309509,1679.486084,0.7072848377,-0.6861549027,0.1701164539,,,,
26572,0.0,1053.215088,-583.83905,1679.432251,0.7097513574,-0.6833531479,0.1711183389,,,,
26573,0.0,1053.80481,-586.283813,1678.923218,0.7123304655,-0.6804181614,0.1720942577,,,,
26574,0.0,1053.870911,-587.5852965,1678.553772,0.7146042416,-0.6778871422,0.1726208182,,,,
26575,0.0,1054.015869,-590.591614,1677.608154,0.7201131713,-0.6715629227,0.1744713771,,,,
26576,0.0,1054.109741,-592.572815,1676.692627,0.7240481763,-0.6668610626,0.1762116954,,,,
26577,0.0,1054.098022,-595.464417,1676.305176,0.732962249,-0.6561911133,0.1793866337,,,,
26578,0.0,1054.124268,-597.429932,1676.291748,0.744661383,-0.6417213796,0.1835023045,,,,
26579,0.0,1054.614868,-600.125977,1675.695801,0.7650160303,-0.6153980928,0.1898306107,,,,
26580,0.0,1055.052734,-601.931458,1675.673218,0.7770267054,-0.5994122807,0.19218329,,,,
26581,0.0,1055.94519,-604.785095,1675.713135,0.8011169132,-0.5653223603,0.1965256224,,,,
26582,0.0,1056.918091,-607.193542,1675.709473,0.8186469725,-0.5385168925,0.1995412009,,,,
26583,0.0,1057.770752,-608.952087,1675.730591,0.8310002096,-0.5189573961,0.20030445,,,,
26584,0.0,1059.205811,-611.521851,1675.885986,0.8533476135,-0.4805282313,0.2022139202,,,,
26585,0.0,1060.783325,-613.925903,1676.068481,0.8726009067,-0.444515592,0.2024192336,,,,
26586,0.0,1061.898071,-615.499756,1676.29248,0.8818659496,-0.4258390469,0.2024192507,,,,
26587,0.0,1064.045776,-618.226501,1676.592285,0.8955582607,-0.3962345879,0.2024192507,,,,
26588,0.0,1065.650146,-620.090149,1676.850708,0.9019062771,-0.3815645521,0.2024192678,,,,
26589,0.0,1068.045532,-622.669128,1677.293335,0.9081860387,-0.3668285016,0.2015811735,,,,
26590,0.0,1070.287109,-624.90387,1677.605469,0.9100096821,-0.3623369459,0.2014803119,,,,
26591,0.0,1071.956665,-626.377502,1677.715332,0.9103289767,-0.3615340355,0.2014802606,,,,
26592,0.0,1074.672363,-628.865601,1678.146851,0.9104378798,-0.3612596915,0.2014802777,,,,
26593,0.0,1077.106567,-630.905762,1678.336914,0.9104378798,-0.3612596915,0.2014802777,,,,
26594,0.0,1079.841919,-633.102539,1678.551025,0.9104378798,-0.3612596915,0.2014802777,,,,
26595,0.0,1081.928467,-634.746216,1678.643188,0.9104378798,-0.3612596915,0.2014802777,,,,
26596,0.0,1085.078369,-637.010742,1678.72168,0.9104378798,-0.3612596915,0.2014802777,,,,
26597,0.0,1087.930176,-638.873657,1678.705566,0.9104378798,-0.3612596915,0.2014802777,,,,
26598,0.0,1090.148804,-640.288208,1678.718262,0.9104378798,-0.3612596915,0.2014802777,,,,
26599,0.0,1093.399414,-642.262878,1678.579834,0.9104378798,-0.3612596915,0.2014802777,,,,
26600,0.0,1096.574951,-644.035339,1678.454224,0.9104378798,-0.3612596915,0.2014802777,,,,
26601,0.0,1099.543945,-645.55426,1678.200928,0.9104378798,-0.3612596915,0.2014802777,,,,
26602,0.0,1102.534668,-647.039124,1677.893066,0.9104378798,-0.3612596915,0.2014802777,,,,
26603,0.0,1105.741577,-648.648254,1677.534668,0.9104378798,-0.3612596915,0.2014802777,,,,
26604,0.0,1107.768555,-649.634033,1677.505981,0.9104378798,-0.3612596915,0.2014802777,,,,
26605,0.0,1111.452026,-651.106628,1677.268555,0.9104378798,-0.3612596915,0.2014802777,,,,
26606,0.0,1115.01001,-652.444763,1676.781616,0.9107648768,-0.3604345113,0.2014802777,,,,
26607,0.0,1120.67627,-653.9552,1676.053833,0.9187978901,-0.3394350332,0.2014802606,,,,
26608,0.0,1124.239624,-654.4776,1675.785889,0.928779761,-0.3101874051,0.2028593832,,,,
26609,0.0,1127.631348,-654.764832,1675.598633,0.9419192809,-0.2661991185,0.2047586326,,,,
26610,0.0,1129.536377,-654.787262,1675.530884,0.9520578103,-0.2221403396,0.2054147006,,,,
26611,0.0,1131.441406,-654.809692,1675.463135,0.9621963397,-0.1780815607,0.2060707686,,,,
26612,0.0,1137.470337,-653.538269,1675.700928,0.978801666,0.0025012756,0.2047951228,,,,
26613,0.0,1139.2764285,-652.837738,1675.8632815,0.972099778,0.0838434775,0.2032942972,,,,
26614,0.0,1141.08252,-652.137207,1676.025635,0.9653978901,0.1651856793,0.2017934716,,,,
26615,0.0,1147.099121,-649.94812,1676.814087,0.9029081438,0.3836591613,0.1938105567,,,,
26616,0.0,1150.856934,-648.534607,1677.701294,0.8531839238,0.486740181,0.1875131685,,,,
26617,0.0,1153.69165,-647.063232,1678.389282,0.8137420006,0.5518200813,0.1825337073,,,,
26618,0.0,1157.723389,-645.322632,1678.759033,0.77064473,0.6121662358,0.17708529,,,,
26619,0.0,1160.07019,-644.257874,1678.856445,0.7494936445,0.6388512706,0.1735751448,,,,
26620,0.0,1163.533325,-642.852478,1678.969849,0.7277279354,0.6643104364,0.1705980542,,,,
26621,0.0,1166.285156,-642.275391,1678.56604,0.7129831945,0.6805339121,0.1689039927,,,,
26622,0.0,1169.811401,-641.843689,1677.987305,0.6959917765,0.6982198587,0.1675842355,,,,
26623,0.0,1171.788208,-641.811768,1677.670288,0.6886411254,0.7056225736,0.1669436551,,,,
26624,0.0,1174.991333,-641.922546,1677.171875,0.6758416034,0.7179676655,0.1666150006,,,,
26625,0.0,1177.834717,-642.291504,1676.627808,0.6632612558,0.7296053412,0.1666149834,,,,
26626,0.0,1180.672241,-642.82196,1676.07312,0.6500224908,0.7414244457,0.1666149834,,,,
26627,0.0,1182.709473,-642.630066,1674.930054,0.6369228056,0.7527076447,0.166614949,,,,
26628,0.0,1184.405884,-643.185547,1674.714355,0.6301527312,0.7585144393,0.1660222295,,,,
26629,0.0,1187.408813,-644.337952,1674.915039,0.6219021524,0.7656542955,0.1643508825,,,,
26630,0.0,1190.484619,-645.677979,1675.207275,0.6177514898,0.7692850356,0.1630448738,,,,
26631,0.0,1193.53833,-647.089478,1675.533691,0.6171105922,0.7698442195,0.1628324128,,,,
26632,0.0,1196.455078,-648.459778,1675.820312,0.6164934387,0.7703385265,0.1628324128,,,,
26633,0.0,1199.612061,-649.703491,1675.96521,0.6138515487,0.7726205818,0.1619991134,,,,
26634,0.0,1202.613647,-650.982056,1676.077271,0.6096030954,0.7760005632,0.161886355,,,,
26635,0.0,1205.502441,-652.292114,1676.251831,0.6016197972,0.7823697771,0.1610936109,,,,
26636,0.0,1208.132202,-653.482849,1676.40271,0.5942305337,0.7880281174,0.1609402346,,,,
26637,0.0,1213.097168,-659.05603,1677.701294,0.5851481903,0.7949686431,0.1600826405,,,,
26638,0.0,1215.543335,-660.254517,1677.701294,0.5784672011,0.7998610089,0.159993949,,,,
26639,0.0,1217.627441,-661.255066,1677.701294,0.5746543493,0.802781449,0.1591047579,,,,
26640,0.0,1219.500488,-662.150269,1677.701294,0.5702916668,0.8058978374,0.1590474474,,,,
26641,0.0,1220.955933,-662.841614,1677.701294,0.566591422,0.8085035993,0.1590474474,,,,
26642,0.0,1222.824341,-663.722168,1677.701294,0.5614895297,0.8122027937,0.1582912817,,,,
26643,0.0,1224.537842,-664.265991,1677.701294,0.5567673625,0.8156352963,0.1573186811,,,,
26644,0.0,1226.126953,-664.482056,1677.701294,0.5547981168,0.817007736,0.1571540927,,,,
26645,0.0,1227.975586,-664.449646,1677.701294,0.5544002545,0.8172777673,0.1571540927,,,,
26646,0.0,1229.752319,-664.172791,1677.701294,0.5544002545,0.8172777673,0.1571540927,,,,
26647,0.0,1231.987183,-663.534119,1677.701294,0.5544002545,0.8172777673,0.1571540927,,,,
26648,0.0,1233.630005,-662.862,1677.701294,0.5544002545,0.8172777673,0.1571540927,,,,
26649,0.0,1235.695923,-661.833557,1677.701294,0.5544002545,0.8172777673,0.1571540927,,,,
26650,0.0,1237.542969,-660.738831,1677.701294,0.554482554,0.8173992133,0.1562293935,,,,
26651,0.0,1238.082153,-660.401733,1677.701294,0.5544845825,0.8174020808,0.1562071897,,,,
26652,0.0,1242.694214,-656.981689,1677.701294,0.5544845825,0.8174020808,0.1562071897,,,,
26653,0.0,1243.91272,-655.9417415,1677.701294,0.5544845825,0.8174020808,0.1562071897,,,,
26654,0.0,1245.131226,-654.901794,1677.701294,0.5544845825,0.8174020808,0.1562071897,,,,
26655,0.0,1246.974609,-653.194031,1677.701294,0.5524120038,0.8188041907,0.1562071552,,,,
26656,0.0,1250.864868,-649.259399,1677.701294,0.5441493097,0.8246581445,0.1544036059,,,,
26657,0.0,1252.696045,-647.254578,1677.701294,0.5382911521,0.828813787,0.1526772477,,,,
26658,0.0,1254.595947,-645.064209,1677.701294,0.5299539652,0.8345159888,0.1507708832,,,,
26659,0.0,1256.525879,-642.69751,1677.701294,0.5171955883,0.8428346779,0.1487898826,,,,
26660,0.0,1258.289307,-640.484436,1677.701294,0.5077869382,0.8488487777,0.1469972039,,,,
26661,0.0,1260.036011,-638.166199,1677.701294,0.4945139365,0.8570914241,0.1443961821,,,,
26662,0.0,1261.812378,-635.665283,1677.701294,0.4762929169,0.8678220389,0.1415272627,,,,
26663,0.0,1263.800293,-632.683594,1677.701294,0.449808218,0.8825166535,0.1372476715,,,,
26664,0.0,1265.012085,-630.857544,1677.701294,0.437987583,0.8887582845,0.1351872364,,,,
26665,0.0,1267.102417,-627.513489,1677.701294,0.4108773326,0.9021457094,0.1315786329,,,,
26666,0.0,1268.698364,-624.855652,1677.701294,0.3906100425,0.91162546,0.1279172208,,,,
26667,0.0,1270.462891,-621.925476,1677.701294,0.3771416459,0.9177017695,0.1248504752,,,,
26668,0.0,1272.111084,-619.055054,1677.701294,0.3630493876,0.9237525995,0.1219683449,,,,
26669,0.0,1273.705444,-616.25592,1677.701294,0.3553542123,0.9269813349,0.1201207248,,,,
26670,0.0,1275.181885,-613.650146,1677.701294,0.3476550758,0.930133061,0.1182727233,,,,
26671,0.0,1276.534546,-611.29657,1677.701294,0.3431956646,0.9319108529,0.1172983294,,,,
26672,0.0,1277.814575,-609.097412,1677.701294,0.3411478308,0.9326778874,0.1171755776,,,,
26673,0.0,1278.821533,-607.383667,1677.701294,0.3408368305,0.9327915817,0.1171755949,,,,
26674,0.0,1280.168091,-605.095337,1677.701294,0.3408368305,0.9327915817,0.1171755949,,,,
26675,0.0,1281.256958,-603.242737,1677.701294,0.3408368305,0.9327915817,0.1171755949,,,,
26676,0.0,1282.176147,-601.677185,1677.701294,0.3408368305,0.9327915817,0.1171755949,,,,
26677,0.0,1283.26355,-600.211426,1677.701294,0.3408368305,0.9327915817,0.1171755949,,,,
26678,0.0,1284.936157,-598.644531,1677.701294,0.3408368305,0.9327915817,0.1171755949,,,,
26679,0.0,1285.989746,-597.927002,1677.701294,0.3408368305,0.9327915817,0.1171755949,,,,
26680,0.0,1286.276001,-597.7486265,1677.701294,0.3408368305,0.9327915817,0.1171755949,,,,
26681,0.0,1286.562256,-597.570251,1677.701294,0.3291847287,0.9369670722,0.1171755949,,,,
26682,0.0,1291.762695,-595.672485,1677.701294,0.3408368305,0.9327915817,0.1171755949,,,,
26683,0.0,1293.907959,-595.319641,1677.701294,0.3408368305,0.9327915817,0.1171755949,,,,
26684,0.0,1295.817993,-595.13623,1677.701294,0.3376906881,0.9339351557,0.1171756123,,,,
26685,0.0,1297.926025,-595.058167,1677.701294,0.3334133739,0.9354706826,0.1171756123,,,,
26686,0.0,1299.746948,-595.048279,1677.701294,0.3306370982,0.9364555458,0.1171755949,,,,
26687,0.0,1302.494019,-595.113281,1677.701294,0.3272470603,0.9376455842,0.1171755949,,,,
26688,0.0,1305.394043,-595.533386,1677.701294,0.3255979613,0.9382195093,0.1171755949,,,,
26689,0.0,1307.624756,-596.127808,1677.701294,0.324726425,0.9385215144,0.1171755776,,,,
26690,0.0,1309.753052,-596.904785,1677.701294,0.3238739913,0.9388160191,0.1171755949,,,,
26691,0.0,1311.412476,-597.808105,1677.701294,0.3233869072,0.9389839127,0.1171755949,,,,
26692,0.0,1313.526367,-599.197144,1677.701294,0.3229174877,0.9391454499,0.1171755949,,,,
26693,0.0,1314.963989,-600.519775,1677.701294,0.3228892292,0.9391551659,0.1171755949,,,,
26694,0.0,1317.26355,-603.69104,1677.701294,0.3228892292,0.9391551659,0.1171755949,,,,
26695,0.0,1318.171997,-605.524963,1677.701294,0.3228892292,0.9391551659,0.1171755949,,,,
26696,0.0,1318.894653,-607.430359,1677.701294,0.3228892292,0.9391551659,0.1171755949,,,,
26697,0.0,1319.505493,-609.589417,1677.701294,0.3228892292,0.9391551659,0.1171755949,,,,
26698,0.0,1319.964966,-611.873047,1677.701294,0.3228892292,0.9391551659,0.1171755949,,,,
26699,0.0,1320.264771,-614.093933,1677.701294,0.3228892292,0.9391551659,0.1171755949,,,,
26700,0.0,1320.481201,-616.884644,1677.701294,0.3228892292,0.9391551659,0.1171755949,,,,
26701,0.0,1320.539062,-619.055542,1677.701294,0.3228892292,0.9391551659,0.1171755949,,,,
26702,0.0,1320.508545,-621.849609,1677.701294,0.3228892292,0.9391551659,0.1171755949,,,,
26703,0.0,1320.419067,-623.854309,1677.701294,0.3228892292,0.9391551659,0.1171755949,,,,
26704,0.0,1320.210083,-626.719177,1677.701294,0.3228892292,0.9391551659,0.1171755949,,,,
26705,0.0,1319.922241,-629.55426,1677.701294,0.3228892292,0.9391551659,0.1171755949,,,,
26706,0.0,1319.550293,-632.497986,1677.701294,0.3228892292,0.9391551659,0.1171755949,,,,
26707,0.0,1319.118286,-635.41272,1677.701294,0.3228892292,0.9391551659,0.1171755949,,,,
26708,0.0,1318.585205,-638.592773,1677.701294,0.3228892292,0.9391551659,0.1171755949,,,,
26709,0.0,1318.023804,-641.620361,1677.701294,0.3228892292,0.9391551659,0.1171755949,,,,
26710,0.0,1317.533081,-644.078003,1677.701294,0.3228892292,0.9391551659,0.1171755949,,,,
26711,0.0,1316.961426,-646.769165,1677.701294,0.3222826334,0.9393635016,0.1171755776,,,,
26712,0.0,1316.249878,-649.935059,1677.701294,0.3213225498,0.939607691,0.1178524757,,,,
26713,0.0,1315.418823,-653.450012,1677.701294,0.3202859892,0.9399269845,0.1181276806,,,,
26714,0.0,1314.675781,-656.491638,1677.701294,0.320150318,0.9399732044,0.1181276806,,,,
26715,0.0,1314.08606,-659.445801,1677.701294,0.3194585708,0.9402085283,0.1181276633,,,,
26716,0.0,1313.684814,-662.158264,1677.701294,0.3180850973,0.9405982337,0.1187300876,,,,
26717,0.0,1313.461548,-665.652283,1677.701294,0.3159639012,0.941173895,0.119827011,,,,
26718,0.0,1313.532593,-667.869324,1677.701294,0.315568141,0.9412806093,0.120031508,,,,
26719,0.0,1314.101929,-671.77417,1677.701294,0.3137514899,0.9417675935,0.1209702542,,,,
26720,0.0,1314.607422,-673.677368,1677.701294,0.3137261524,0.941774363,0.1209832653,,,,
26721,0.0,1315.678101,-676.669312,1677.701294,0.3128849429,0.9420541715,0.1209832653,,,,
26722,0.0,1316.812012,-679.049683,1677.701294,0.312823104,0.9420747078,0.1209832653,,,,
26723,0.0,1317.966064,-681.046509,1677.701294,0.312823104,0.9420747078,0.1209832653,,,,
26724,0.0,1319.535522,-683.36731,1677.701294,0.312823104,0.9420747078,0.1209832653,,,,
26725,0.0,1321.190674,-685.476685,1677.701294,0.312823104,0.9420747078,0.1209832653,,,,
26726,0.0,1323.059814,-687.578064,1677.701294,0.312823104,0.9420747078,0.1209832653,,,,
26727,0.0,1324.879028,-689.410583,1677.701294,0.3119842158,0.9422434109,0.1218326874,,,,
26728,0.0,1326.812866,-691.187439,1677.701294,0.3110916334,0.9424212948,0.1227358898,,,,
26729,0.0,1328.836182,-692.900452,1677.701294,0.3102333456,0.9426845692,0.1228864281,,,,
26730,0.0,1331.336914,-694.852783,1677.701294,0.3100391613,0.9427484523,0.1228864281,,,,
26731,0.0,1335.790283,-697.980896,1677.701294,0.3046573449,0.944406549,0.1236129942,,,,
26732,0.0,1337.307861,-698.9456175,1677.701294,0.2991122913,0.946020094,0.1246729489,,,,
26733,0.0,1338.825439,-699.910339,1677.701294,0.2935672377,0.9476336391,0.1257329036,,,,
26734,0.0,1343.554565,-702.636902,1677.701294,0.272541919,0.9535322907,0.1284409316,,,,
26735,0.0,1345.923706,-703.91217,1677.701294,0.2583346125,0.957363339,0.1293006771,,,,
26736,0.0,1348.935791,-705.483337,1677.701294,0.2326017314,0.9637916024,0.130392414,,,,
26737,0.0,1351.624023,-706.778503,1677.701294,0.2145379273,0.9679590182,0.1304945086,,,,
26738,0.0,1351.95166,-706.9332885,1677.701294,0.2124892673,0.968401033,0.1305502012,,,,
26739,0.0,1356.404541,-708.882751,1677.701294,0.1881638846,0.9733018884,0.1314449945,,,,
26740,0.0,1359.401855,-710.096313,1677.701294,0.1723363029,0.9761507647,0.1320222833,,,,
26741,0.0,1362.776855,-711.366882,1677.701294,0.1565071557,0.9786665692,0.1331061855,0.1479573487,350.8148800216,670.1688595592,1.0
26742,0.0,1365.699219,-712.40509,1677.701294,0.1417894192,0.9805819843,0.1354796391,0.142276547,343.8270707673,668.7793843207,1.0
26743,0.0,1368.782959,-713.353943,1677.701294,0.1238585226,0.9823940471,0.1398606544,0.1355396102,335.3976297272,667.1911736709,1.0
26744,0.0,1372.424316,-714.144531,1677.701294,0.1046818817,0.98295944,0.1511040796,0.1297283217,327.5473799912,664.9735658605,1.0
26745,0.0,1374.733643,-714.417664,1677.701294,0.1034539608,0.9828244831,0.1528179091,0.1306504285,327.8707098863,663.4404400722,1.0
26746,0.0,1378.314819,-714.603394,1677.701294,0.1031724936,0.9827687506,0.1533656396,0.1326316961,328.878196322,660.8401617276,1.0
26747,0.0,1381.457397,-714.553284,1677.701294,0.1031724936,0.9827687506,0.1533656396,0.1345121342,329.7882597568,658.3521300604,1.0
26748,0.0,1384.123047,-714.409302,1677.701294,0.1031724936,0.9827687506,0.1533656396,0.1361569493,330.5292851894,656.1231615865,1.0
26749,0.0,1387.664673,-714.015991,1677.701294,0.1031724936,0.9827687506,0.1533656396,0.1384574131,331.5065142129,652.9763804464,1.0
26750,0.0,1390.70459,-713.499329,1677.701294,0.1031724936,0.9827687506,0.1533656396,0.1405338547,332.3258543886,650.0990222201,1.0
26751,0.0,1393.305054,-712.797791,1677.701294,0.1031724936,0.9827687506,0.1533656396,0.1424047309,332.849499507,647.1577425296,1.0
26752,0.0,1395.809082,-711.835388,1677.701294,0.1031724936,0.9827687506,0.1533656396,0.1443225234,333.1027837261,643.6650926968,1.0
26753,0.0,1396.511841,-711.531433,1677.701294,0.1031724936,0.9827687506,0.1533656396,0.1448781855,333.1404533876,642.5984256206,1.0
26754,0.0,1399.562012,-709.560547,1677.701294,0.1031724936,0.9827687506,0.1533656396,0.1475849012,332.9073397661,636.697654203,1.0
26755,0.0,1400.585693,-708.641113,1677.701294,0.1031724936,0.9827687506,0.1533656396,0.1485948285,331.7747559219,632.5440204004,1.0
26756,0.0,1402.009033,-707.030029,1677.701294,0.1031724936,0.9827687506,0.1533656396,,,,
26757,0.0,1402.54187,-705.989441,1677.701294,0.1031724936,0.9827687506,0.1533656396,,,,
26758,0.0,1402.733643,-705.076294,1677.701294,0.1031724936,0.9827687506,0.1533656396,,,,
26759,0.0,1402.650513,-704.084351,1677.701294,0.1031724936,0.9827687506,0.1533656396,,,,
26760,0.0,1402.329834,-703.293213,1677.701294,0.1031724936,0.9827687506,0.1533656396,,,,
26761,0.0,1401.672119,-702.40625,1677.701294,0.1031724936,0.9827687506,0.1533656396,,,,
26762,0.0,1400.892212,-701.693115,1677.701294,0.1031724936,0.9827687506,0.1533656396,,,,
26763,0.0,1399.895264,-700.848206,1677.701294,0.1031724936,0.9827687506,0.1533656396,,,,
26764,0.0,1399.134521,-700.195251,1677.701294,0.1031724936,0.9827687506,0.1533656396,,,,
26765,0.0,1398.832397,-699.777222,1677.701294,0.1031724936,0.9827687506,0.1533656396,,,,
26766,0.0,1398.739258,-699.321106,1677.701294,0.1031968008,0.9829978098,0.1518740475,,,,
26767,0.0,1398.75061,-699.193359,1677.701294,0.102817727,0.9831450791,0.1511762826,,,,
26768,0.0,1399.363525,-698.757629,1677.701294,0.0941204392,0.9845200774,0.1478565523,,,,
26769,0.0,1400.070679,-698.553833,1677.701294,0.0824611772,0.9855917684,0.1476787742,0.1484858354,301.1752475166,574.3984285969,1.0
26770,0.0,1400.786133,-698.446777,1677.701294,0.061960466,0.9870926402,0.1476787742,0.1403394447,292.0999622753,571.7745018946,1.0
26771,0.0,1401.416748,-698.38208,1677.701294,0.0516751963,0.9874981811,0.1489194965,0.1370657154,288.085216912,570.1088552713,1.0
26772,0.0,1402.653809,-698.296387,1677.701294,0.0339439806,0.9880560335,0.1503099494,0.131590505,281.3999797708,567.5129188279,1.0
26773,0.0,1404.171631,-698.236755,1677.701294,0.0103288576,0.9881336108,0.1532490846,0.1241851189,272.69638349,565.0015135683,1.0
26774,0.0,1406.827515,-698.223389,1677.701294,-0.0467405546,0.9866508442,0.15599818,0.1045529018,249.9941951019,561.5727750288,1.0
26775,0.0,1408.287842,-698.271912,1677.701294,-0.0906557103,0.9834471712,0.1568859572,0.0894890326,231.5500017207,559.9962442377,1.0
26776,0.0,1409.3497925,-698.2811585,1677.701294,-0.115146629,0.9804795184,0.1574554898,0.0821436603,221.6768050616,559.0721435353,1.0
26777,0.0,1410.411743,-698.290405,1677.701294,-0.1396375477,0.9775118657,0.1580250223,0.074798288,211.8036084025,558.148042833,1.0
26778,0.0,1412.268311,-698.277283,1677.701294,-0.1783094014,0.9710529127,0.1589402344,0.0644013898,196.5830116018,556.7890855806,1.0
26779,0.0,1416.380371,-698.111755,1677.701294,-0.2507490705,0.9546065559,0.1607831679,0.0478962343,169.4917452515,554.3019638657,1.0
26780,0.0,1418.383301,-697.927856,1677.701294,-0.2708041425,0.9490855403,0.1609402174,0.0446909604,163.4949286567,553.0784514938,1.0
26781,0.0,1419.5788575,-697.775177,1677.701294,-0.2759311858,0.9475925844,0.1609402346,,,,
26782,0.0,1420.774414,-697.622498,1677.701294,-0.2810582292,0.9460996286,0.1609402518,,,,
26783,0.0,1424.071289,-697.108032,1677.701294,-0.2821511732,0.9457742629,0.1609402346,,,,
26784,0.0,1424.996521,-696.9606015,1677.7247925,-0.2825991319,0.945640396,0.1609402174,,,,
26785,0.0,1426.751343,-696.727661,1677.751709,-0.2875285095,0.9441533729,0.1609402518,,,,
26786,0.0,1427.634033,-696.574951,1677.748779,-0.2915158406,0.9429298754,0.1609402518,,,,
26787,0.0,1428.098145,-696.320129,1677.748779,-0.2956930662,0.941628295,0.1609402518,,,,
26788,0.0,1428.19104,-695.944458,1677.748779,-0.3005823304,0.9400789879,0.1609402346,,,,
26789,0.0,1427.936401,-695.563416,1677.748779,-0.3084540838,0.9375256335,0.1609402518,,,,
26790,0.0,1427.549072,-695.239624,1677.748779,-0.316437706,0.9348611764,0.1609402346,,,,
26791,0.0,1426.764893,-694.750916,1677.748779,-0.3309685829,0.9298161283,0.1609402518,,,,
26792,0.0,1425.833496,-694.288269,1677.748779,-0.3486837638,0.9233189448,0.1609402346,,,,
26793,0.0,1424.715576,-693.789429,1677.748779,-0.368275,0.9158332983,0.1600715283,,,,
26794,0.0,1423.771606,-693.409302,1677.721558,-0.3847473507,0.9090497365,0.1599939145,,,,
26795,0.0,1422.099487,-692.76709,1677.699829,-0.4106972528,0.8976244838,0.1599939145,,,,
26796,0.0,1420.483154,-692.292847,1677.701294,-0.4440076327,0.8816230314,0.1599939145,,,,
26797,0.0,1416.820557,-689.65271,1677.083252,-0.4767181826,0.8643736007,0.1599939145,,,,
26798,0.0,1415.410645,-689.081055,1677.036133,-0.4967548954,0.8529011533,0.160605718,,,,
26799,0.0,1412.954102,-688.205078,1677.13147,-0.535340248,0.8290099019,0.1617201329,,,,
26800,0.0,1412.289795,-687.980835,1677.165649,-0.5453176826,0.8224276905,0.1619917249,,,,
26801,0.0,1411.737061,-688.253357,1677.28418,-0.5524479804,0.8175538116,0.1625022894,,,,
26802,0.0,1411.015381,-688.184143,1677.01355,-0.5581337321,0.8136186715,0.1628231999,,,,
26803,0.0,1410.344849,-687.940308,1676.897949,-0.5620680025,0.8108609744,0.1630461308,,,,
26804,0.0,1409.239136,-687.527344,1676.819702,-0.568375493,0.8063795941,0.1634051688,,,,
26805,0.0,1408.267212,-687.130005,1676.694458,-0.574025304,0.8023016634,0.1637284068,,,,
26806,0.0,1395.848145,-683.871826,1676.681885,-0.5965618063,0.7854900506,0.1646796638,,,,
26807,0.0,1392.331543,-682.989807,1676.543091,-0.6022070007,0.7813595865,0.1637801115,,,,
26808,0.0,1390.361572,-682.619751,1676.614502,-0.6053362553,0.7789381854,0.1637782692,,,,
26809,0.0,1387.367065,-682.131165,1676.659058,-0.613322706,0.7728123838,0.1630836525,,,,
26810,0.0,1383.926514,-681.591248,1676.666992,-0.6223251943,0.765635003,0.1628324128,,,,
26811,0.0,1380.628418,-681.067688,1676.700806,-0.6311004832,0.7586161062,0.1619067127,,,,
26812,0.0,1377.499878,-680.576477,1676.744019,-0.6404058967,0.7507816526,0.1618863723,,,,
26813,0.0,1374.231812,-680.095703,1676.838623,-0.6538507602,0.7391021447,0.1618863895,,,,
26814,0.0,1371.94458,-679.762024,1676.936768,-0.6609113474,0.7329346502,0.1612544245,,,,
26815,0.0,1368.230225,-679.245117,1677.054321,-0.6708216222,0.7239451506,0.160940269,,,,
26816,0.0,1361.484863,-678.562378,1677.361328,-0.695267215,0.7007178084,0.1599939145,,,,
26817,0.0,1359.74707,-678.4191895,1677.39801,-0.7016704718,0.694246076,0.1599939059,,,,
26818,0.0,1358.009277,-678.276001,1677.434692,-0.7080737287,0.6877743435,0.1599938973,0.1422302984,1367.7021690334,2660.7222246675,6.0
26819,0.0,1354.374268,-678.034851,1677.482666,-0.7231254401,0.6721274112,0.1591676506,0.1318401525,1319.1377695691,2658.0263996745,6.0
26820,0.0,1347.805176,-677.587708,1677.460815,-0.7401038867,0.6534142227,0.1590474474,0.1205281086,1262.7865488088,2653.1869895078,6.0
26821,0.0,1344.019409,-677.331177,1677.412109,-0.7435790286,0.6494567978,0.1590474647,0.1184904446,1251.3978612195,2650.3335220454,6.0
26822,0.0,1340.551392,-677.144836,1677.388794,-0.7451185968,0.6478854829,0.1582487844,0.1177032648,1246.3441193639,2647.8883556313,6.0
26823,0.0,1336.840942,-677.006226,1677.401489,-0.7453307403,0.6476775497,0.1581008514,0.1178684217,1246.0361233267,2645.4947751856,6.0
26824,0.0,1333.237549,-676.919128,1677.415283,-0.7453307403,0.6476775497,0.1581008514,0.1181593434,1246.4719818728,2643.3645586213,6.0
26825,0.0,1329.856079,-676.885559,1677.449341,-0.7453307403,0.6476775497,0.1581008514,0.1184175183,1246.8860779385,2641.539855936,6.0
26826,0.0,1327.460449,-676.860779,1677.462769,-0.7444907828,0.648642883,0.1581008686,0.1191711377,1250.0237655727,2640.3292501198,6.0
26827,0.0,1323.610596,-676.894775,1677.643188,-0.7435767498,0.6496904898,0.1581008686,0.1051502928,707.9572483624,1586.0409823455,0.0
26828,0.0,1320.214355,-677.273926,1677.83667,-0.7435668383,0.6499077851,0.1572521155,0.1059219592,710.0070820639,1585.151381841,0.0
26829,0.0,1317.83606,-677.731445,1677.979736,-0.7435785867,0.6499180537,0.1571540927,0.1065826326,711.8980283951,1584.7158086244,0.0
26830,0.0,1314.741089,-678.597046,1678.28894,-0.7422700503,0.651581712,0.1564494969,0.1069598401,710.9970503397,1580.0743128462,0.0
26831,0.0,1311.142212,-679.536194,1678.255981,-0.7385346745,0.6562863489,0.1544498714,0.1052040761,703.6145146573,1575.9313152289,0.0
26832,0.0,1308.942017,-680.688721,1678.569092,-0.7354127581,0.6601626864,0.1528178746,0.1037791733,698.3065015786,1574.1514945894,0.0
26833,0.0,1306.200806,-681.939636,1678.649414,-0.7324087013,0.6640933782,0.1501914754,0.1024298025,692.3257484022,1570.3569851427,0.0
26834,0.0,1302.964844,-683.427673,1678.63855,-0.7302094255,0.6670409228,0.1478194919,0.1018535807,688.8244166548,1566.5906399178,0.0
26835,0.0,1300.740967,-684.71936,1678.625732,-0.7294238355,0.6685617904,0.1447964113,0.0786539179,1104.3097830436,2840.7168006285,3.0
26836,0.0,1298.01416,-686.290527,1678.555786,-0.728465957,0.6702639941,0.1417163636,0.0784729507,1101.195649878,2835.8368680706,3.0
26837,0.0,1295.034546,-687.97467,1678.493164,-0.7264135985,0.6732851211,0.1378783146,0.0788006761,1101.4044267889,2830.7116557209,3.0
26838,0.0,1292.110229,-689.874573,1678.291016,-0.7251251489,0.6753490485,0.1345257636,0.0787328011,1099.0540382277,2825.838324142,3.0
26839,0.0,1290.031372,-691.281799,1678.159424,-0.7243362193,0.6766336328,0.1323025637,0.0783244716,1093.0051734324,2817.3023075317,3.0
26840,0.0,1286.707397,-693.794373,1677.868042,-0.7242981963,0.677380582,0.1286377467,0.077631037,1087.9114178309,2816.1609232275,3.0
26841,0.0,1284.300903,-695.62323,1677.735107,-0.7256350665,0.6762809609,0.1268771539,0.0762797756,1077.1343259997,2811.8633251893,3.0
26842,0.0,1281.670044,-697.892944,1677.512329,-0.7285864908,0.6738090212,0.1230574193,0.0738495946,1058.717913693,2807.1208211105,3.0
26843,0.0,1279.353638,-699.755554,1677.477051,-0.7311118925,0.6715359529,0.1204776516,0.0718550404,1043.3337024572,2803.0108374011,3.0
26844,0.0,1276.437012,-702.025757,1677.444092,-0.7335887715,0.6693824796,0.1173652858,0.069758193,1026.6791371715,2797.8940643591,3.0
26845,0.0,1275.597778,-702.792175,1677.626099,-0.7341578094,0.6689299117,0.1163833502,0.0692177978,1022.2828963924,2796.3759755866,3.0
26846,0.0,1272.158081,-705.539307,1677.857422,-0.7356727842,0.6677130263,0.1137755206,0.067575916,1008.3404630015,2790.3584964344,3.0
26847,0.0,1268.559082,-708.480713,1677.991211,-0.7360565399,0.6675088392,0.1124843089,0.0665651393,998.7817701239,2784.0844975399,3.0
26848,0.0,1266.593384,-710.074524,1678.063477,-0.7362157599,0.6676528566,0.1105713252,0.0659759235,993.3069178507,2780.7361508929,3.0
26849,0.0,1262.87085,-712.564026,1678.342529,-0.7364947833,0.667905895,0.1071314593,0.0649782508,983.8669796276,2774.6579444584,3.0
26850,0.0,1259.467407,-714.864197,1678.226929,-0.7369458474,0.668314952,0.1013209896,0.0637946313,973.2164751422,2769.1193637255,3.0
26851,0.0,1257.056885,-716.387268,1677.821045,-0.7368211251,0.6690874651,0.0970391349,0.0631929988,967.4124179761,2765.2474593325,3.0
26852,0.0,1253.372681,-718.876343,1677.058105,-0.7359337001,0.6708863525,0.0911761545,0.0626482638,961.3011135808,2759.3112234255,3.0
26853,0.0,1250.747437,-720.237061,1675.867676,-0.7352104672,0.6722561363,0.0868173717,0.0623460416,957.5798584786,2755.0688104633,3.0
26854,0.0,1247.150757,-722.272095,1674.223511,-0.7340562546,0.6742612929,0.0808277429,0.0620218584,953.2146911631,2749.4378202312,3.0
26855,0.0,1244.109253,-724.002563,1672.310669,-0.7329808846,0.6761385162,0.0746708088,0.0616937648,948.7395597335,2743.5645133197,3.0
26856,0.0,1242.032837,-724.954285,1670.450806,-0.7322413138,0.6773978644,0.0703902816,0.0615034954,945.937589083,2739.5553113804,3.0
26857,0.0,1238.983276,-726.446411,1667.577271,-0.7309591305,0.679296524,0.065230223,0.0613900195,943.1718009817,2733.9886027609,3.0
26858,0.0,1237.333252,-727.161133,1665.366211,-0.7305056731,0.6800562004,0.0623299758,0.0611891384,940.465619345,2730.4739194379,3.0
26859,0.0,1235.445435,-728.786987,1662.211914,-0.7299242802,0.6810114611,0.0585997864,0.0608427185,936.3238770273,2725.9336162956,3.0
26860,0.0,1234.069702,-730.09259,1659.387207,-0.7298974372,0.6813064508,0.0554188709,0.0603198882,931.0205780716,2721.8485715029,3.0
26861,0.0,1233.043457,-731.075012,1657.468384,-0.7294753471,0.6819077732,0.0535491063,0.0601394639,928.5422092719,2718.5455891553,3.0
26862,0.0,1231.750488,-732.270874,1657.447998,-0.729362616,0.6821169456,0.0524084623,0.0598060064,924.8032816795,2714.9034098232,3.0
26863,0.0,1230.378662,-733.555359,1657.490356,-0.7293731963,0.6821268404,0.0521317003,0.059343583,919.7619301855,2710.2803805397,3.0
26864,0.0,1229.397705,-734.474487,1657.497681,-0.7294090151,0.682160339,0.0511835961,0.0050596583,38.1087653984,379.3143998616,1.0
26865,0.0,1227.917236,-735.854126,1657.803467,-0.7284100979,0.6834645801,0.0479050833,0.0054392743,39.4604949274,378.8509799188,1.0
26866,0.0,1227.138428,-736.577698,1658.159912,-0.7278281373,0.6842139565,0.0460159139,0.005425927,39.3416020288,378.1725340786,1.0
26867,0.0,1226.7488405,-737.058594,1658.3881225,-0.7274711828,0.6847000612,0.0443668949,0.0053557194,39.0426614391,377.7495707158,1.0
26868,0.0,1225.949341,-738.178711,1658.937256,-0.7271058645,0.6852524904,0.0417861967,0.0052930955,38.7174068905,376.8008326111,1.0
26869,0.0,1225.595703,-738.774353,1659.248413,-0.7267217016,0.6857874118,0.0396382923,0.0052428114,38.4782745193,376.2603486109,1.0
26870,0.0,1225.165283,-739.433594,1659.554321,-0.7259624942,0.6867436127,0.0369007788,0.0050697298,37.7527638095,375.3984562636,1.0
26871,0.0,1225.005249,-739.870972,1659.965576,-0.7254476124,0.6874161325,0.0344212499,0.0050531122,37.6576611396,375.066436494,1.0
26872,0.0,1224.88147,-740.32312,1660.218994,-0.7247435869,0.6882730315,0.0320463322,0.0049796492,37.3536890915,374.7662389721,1.0
26873,0.0,1224.888184,-740.484985,1660.543823,-0.7242721705,0.6888704835,0.0297872466,0.0048758733,36.9684778079,374.8179669185,1.0
26874,0.0,1224.7213135,-740.4489745,1660.502197,-0.7242091161,0.6889589462,0.0292650322,0.0048352342,36.7870891052,374.5413679596,1.0
26875,0.0,1224.668457,-740.560486,1660.695312,-0.7242547074,0.6891504032,0.0229530082,0.0043105963,34.5492856012,372.4979764198,1.0
26876,0.0,1224.816772,-740.59668,1660.760986,-0.7243067125,0.6892002731,0.0195645034,0.0039217098,32.8575865868,371.3719947717,1.0
26877,0.0,1224.954956,-740.550049,1661.059937,-0.724341219,0.6892331071,0.0169564922,0.0036600306,31.6759886578,370.5702679619,1.0
26878,0.0,1224.936157,-740.521118,1661.153442,-0.7243604984,0.689251452,0.0153070044,0.0034506521,30.6965467434,369.827252107,1.0
26879,0.0,1224.887939,-740.494446,1661.200195,-0.7249858506,0.6886239221,0.0138784127,0.0032374476,29.6334150523,368.567569261,1.0
26880,0.0,1224.901001,-740.477051,1661.299316,-0.7250368321,0.6885717125,0.0138053951,0.003057892,28.7339907185,367.7072012757,1.0
26881,0.0,1224.907837,-740.461548,1661.396729,-0.7250368321,0.6885717125,0.0138053951,0.0028206854,27.5105335458,366.5330671919,1.0
26882,0.0,1224.921143,-740.474976,1661.491089,-0.7250368321,0.6885717125,0.0138053951,0.002679808,26.7620122951,365.7994759081,1.0
26883,0.0,1224.910278,-740.534546,1661.584473,-0.7250368321,0.6885717125,0.0138053951,0.0024587444,25.5464695108,364.5241582534,1.0
26884,0.0,1224.944458,-740.578918,1661.71582,-0.7250368321,0.6885717125,0.0138053951,0.0023124647,24.7208756588,363.7160936823,1.0
26885,0.0,1224.893311,-740.578613,1661.767578,-0.7250442152,0.6885787243,0.013047083,0.0021618289,23.8415867189,362.7808444166,1.0
26886,0.0,1224.846069,-740.591431,1661.798096,-0.7250460962,0.6885805107,0.012846736,0.0019866866,22.7862456798,361.6670152798,1.0
26887,0.0,1224.864258,-740.654236,1661.900391,-0.7245043531,0.6891504942,0.012846736,0.001818599,21.7505732667,360.8151649391,1.0
26888,0.0,1224.88269,-740.752014,1662.025879,-0.7237433607,0.6899665681,0.0119030564,0.0015938451,20.3038550332,359.7605796091,1.0
26889,0.0,1224.621948,-740.722412,1661.874756,-0.723733013,0.6899776807,0.0118880651,0.001517718,19.7670995668,358.9196645875,1.0
26890,0.0,1224.406616,-740.868774,1661.856445,-0.723733013,0.6899776807,0.0118880651,0.0014370216,19.1847328964,357.9853018691,1.0
26891,0.0,1224.228027,-740.986328,1661.831421,-0.7212996938,0.6925210652,0.0118880651,0.0011426731,17.0524630561,356.808513565,1.0
26892,0.0,1224.071167,-741.032349,1661.78418,-0.7179623306,0.6959672728,0.0126351494,0.0008829589,14.9587613423,356.0461451701,1.0
26893,0.0,1223.944702,-741.077454,1661.772095,-0.7127111168,0.701328323,0.0134702358,0.0005911564,12.2175918889,355.3723443827,1.0
26894,0.0,1223.726074,-741.134277,1661.702759,-0.7056325783,0.7084242048,0.0147584047,0.0003368284,9.1966151555,354.3604551077,1.0
26895,0.0,1223.570312,-741.19635,1661.647217,-0.7045453774,0.7094895288,0.0155054771,0.0003136924,8.8573808928,353.6489505884,1.0
26896,0.0,1223.313721,-741.311157,1661.569458,-0.7042347483,0.7097930807,0.0157226569,0.000286761,8.4434754987,352.5959762461,1.0
26897,0.0,1223.055176,-741.403381,1661.478394,-0.7042347483,0.7097930807,0.0157226569,0.0002483546,7.8308396242,351.3857599526,1.0
26898,0.0,1222.840576,-741.464966,1661.395142,-0.7042347483,0.7097930807,0.0157226569,0.0002274689,7.4665790778,350.0824556813,1.0
26899,0.0,1222.555542,-741.612488,1661.343628,-0.7028804027,0.7111342613,0.0157226569,0.0002077381,7.1004534294,348.3658272879,1.0
26900,0.0,1222.566528,-741.636597,1661.274902,-0.7018943438,0.7121075258,0.0157226569,0.0002045407,7.0234169285,347.2688572912,1.0
26901,0.0,1222.324829,-741.893188,1661.228149,-0.7003906941,0.7136197395,0.0141330487,0.00016061,6.1775368065,344.6922289072,1.0
27061,0.0,1699.036987,-1065.689819,1667.257568,-0.4999723242,0.8660413818,0.0,,,,
27062,0.0,1700.192017,-1065.248901,1668.679321,-0.4999723242,0.8660413818,0.0,,,,
27063,0.0,1700.126221,-1065.462524,1670.605835,-0.4999723242,0.8660413818,0.0,,,,
27064,0.0,1699.938599,-1065.282837,1672.205811,-0.4999723242,0.8660413818,0.0,,,,
27065,0.0,1699.133057,-1065.712769,1673.775757,-0.658226569,0.7527926758,-0.0064008641,,,,
27066,0.0,1698.116089,-1065.092773,1675.411377,-0.697460491,0.7165769005,-0.0081491837,0.1477508283,897.9478831113,1716.4709754239,2.0
27067,0.0,1696.834595,-1064.021362,1677.567261,-0.697460491,0.7165769005,-0.0081491837,0.1472933118,897.4018521419,1717.8771908427,2.0
27068,0.0,1696.607666,-1063.02478,1679.067627,-0.697460491,0.7165769005,-0.0081491837,0.1469588269,897.6151972385,1720.0846650618,2.0
27069,0.0,1695.25415,-1061.350708,1680.529541,-0.697460491,0.7165769005,-0.0081491837,0.1463212595,897.4452006839,1723.2051717651,2.0
27070,0.0,1693.295349,-1060.1379395,1679.442383,-0.697460491,0.7165769005,-0.0081491837,0.1461964507,896.831566609,1722.7038060141,2.0
27071,0.0,1692.073608,-1058.58374,1678.649902,-0.697460491,0.7165769005,-0.0081491837,0.1457118067,896.9418512212,1725.5529899627,2.0
27072,0.0,1690.810669,-1057.158447,1678.527222,-0.697460491,0.7165769005,-0.0081491837,0.1455030107,896.9428755773,1726.6953857127,2.0
27073,0.0,1689.247314,-1055.615479,1678.535522,-0.697460491,0.7165769005,-0.0081491837,0.1453691015,896.7819339131,1727.1181659017,2.0
27074,0.0,1687.81958,-1054.067749,1678.579468,-0.697460491,0.7165769005,-0.0081491837,0.1451900098,896.7211803107,1727.9825298095,2.0
27075,0.0,1685.021362,-1051.196655,1678.836304,-0.697460491,0.7165769005,-0.0081491837,0.145041186,896.526076479,1728.4233280772,2.0
27076,0.0,1682.949341,-1049.13147,1679.030273,-0.697460491,0.7165769005,-0.0081491837,0.1449736196,896.3813957918,1728.5155787283,2.0
27077,0.0,1681.05896,-1047.393921,1679.201782,-0.697460491,0.7165769005,-0.0081491837,0.1448857533,896.1842542219,1728.6184233136,2.0
27078,0.0,1679.079346,-1045.076172,1679.507324,-0.5799114227,0.8146735689,-0.0031173799,,,,
27079,0.0,1676.604736,-1042.259766,1679.848145,-0.4999723242,0.8660413818,0.0,,,,
27080,0.0,1674.933838,-1040.506836,1679.993164,-0.4999723242,0.8660413818,0.0,,,,
27081,0.0,1672.497803,-1037.888672,1680.138306,-0.4999723242,0.8660413818,0.0,,,,
27082,0.0,1670.638062,-1036.008057,1680.185547,-0.4999723242,0.8660413818,0.0,,,,
27083,0.0,1668.412231,-1033.371948,1680.266968,-0.4999723242,0.8660413818,0.0,,,,
27084,0.0,1666.50354,-1031.044189,1680.354126,-0.4999723242,0.8660413818,0.0,,,,
27085,0.0,1664.345825,-1028.877563,1680.414795,-0.4999723242,0.8660413818,0.0,,,,
27086,0.0,1661.856201,-1025.481934,1680.454346,-0.4999723242,0.8660413818,0.0,,,,
27087,0.0,1660.122803,-1023.207703,1680.443604,-0.4999723242,0.8660413818,0.0,,,,
27088,0.0,1657.792847,-1019.479614,1679.6604,-0.4999723242,0.8660413818,0.0,,,,
27089,0.0,1655.703369,-1016.25885,1679.643311,-0.4999723242,0.8660413818,0.0,,,,
27090,0.0,1654.107056,-1013.927979,1679.546509,-0.4999723242,0.8660413818,0.0,,,,
27091,0.0,1652.207764,-1010.976929,1679.346069,-0.4999723242,0.8660413818,0.0,,,,
27092,0.0,1650.278442,-1007.714661,1679.411499,-0.4999723242,0.8660413818,0.0,,,,
27093,0.0,1648.34021,-1004.534058,1679.515137,-0.4999723242,0.8660413818,0.0,,,,
27094,0.0,1646.611816,-1001.512451,1679.728638,-0.4999723242,0.8660413818,0.0,,,,
27095,0.0,1645.126587,-998.810059,1679.853027,-0.4999723242,0.8660413818,0.0,,,,
27096,0.0,1643.677368,-996.044678,1680.031982,-0.4999723242,0.8660413818,0.0,,,,
27097,0.0,1641.600586,-992.141113,1680.056274,-0.4999723242,0.8660413818,0.0,,,,
27098,0.0,1640.316284,-989.57605,1680.375977,-0.4999723242,0.8660413818,0.0,,,,
27099,0.0,1638.880005,-986.637268,1680.771606,-0.4994094619,0.8663660828,0.0,,,,
27100,0.0,1637.342407,-983.545715,1681.098145,-0.4969526433,0.8677774324,-0.0006310412,,,,
27101,0.0,1635.170776,-979.496338,1681.359375,-0.489440094,0.8720363956,-0.0009587441,,,,
27102,0.0,1634.003174,-977.041748,1681.543823,-0.4781930641,0.8782531933,-0.0016498415,,,,
27103,0.0,1632.55603,-974.039246,1681.680054,-0.4621155276,0.8868176598,-0.0019176619,,,,
27104,0.0,1630.625,-969.988525,1681.728638,-0.4355820597,0.9001469835,-0.0019176619,,,,
27105,0.0,1629.138672,-967.114014,1681.641968,-0.4194907616,0.9077575797,-0.0019176619,,,,
27106,0.0,1627.80835,-964.444397,1681.522949,-0.4100506514,0.9120618445,-0.0012864993,,,,
27107,0.0,1625.825806,-960.547729,1681.182983,-0.3887914272,0.9213254996,0.0007415205,,,,
27108,0.0,1623.229736,-955.076599,1680.728638,-0.3749208368,0.9270523683,0.0028762114,,,,
27109,0.0,1622.5116575,-953.050598,1680.5529175,-0.3711384491,0.9285625731,0.0033190601,,,,
27110,0.0,1621.793579,-951.024597,1680.377197,-0.3673560614,0.9300727779,0.0037619087,,,,
27111,0.0,1620.142334,-945.480591,1679.146362,-0.3651625845,0.9309314194,0.0047936681,,,,
27112,0.0,1619.494751,-942.507141,1678.680176,-0.3651625845,0.9309314194,0.0047936681,,,,
27113,0.0,1618.98999,-939.262268,1678.284546,-0.3651625845,0.9309314194,0.0047936681,,,,
27114,0.0,1618.596191,-936.019104,1678.102173,-0.3651625845,0.9309314194,0.0047936681,,,,
27115,0.0,1618.35083,-933.051575,1677.994019,-0.3651625845,0.9309314194,0.0047936681,,,,
27116,0.0,1618.196289,-930.839508,1677.952698,-0.3651617912,0.9309290384,0.0052692898,,,,
27117,0.0,1618.062012,-925.894409,1677.848755,-0.3644214489,0.9312163645,0.005752399,,,,
27118,0.0,1618.1698,-922.669434,1678.020264,-0.3642665129,0.9312720675,0.0064995255,,,,
27119,0.0,1618.362305,-919.778503,1678.157715,-0.3642658737,0.9312708168,0.0067111071,,,,
27120,0.0,1618.5784305,-917.407074,1678.306763,-0.3642658737,0.9312708168,0.0067111071,,,,
27121,0.0,1619.279419,-912.160339,1678.251953,-0.3635629095,0.9315454749,0.0067111071,,,,
27122,0.0,1619.797729,-908.66272,1678.077881,-0.363370902,0.931614617,0.0074694685,,,,
27123,0.0,1620.307983,-905.49115,1677.858521,-0.3633684121,0.9316082336,0.0083364337,,,,
27124,0.0,1620.814453,-902.672058,1677.584229,-0.3633663784,0.9316033556,0.0089477822,,,,
27125,0.0,1621.723267,-898.730286,1677.253662,-0.3633649737,0.9315990339,0.0094411834,,,,
27126,0.0,1621.8386845,-897.7668155,1677.0319825,-0.3633644197,0.9315978056,0.0095816149,,,,
27127,0.0,1622.991455,-891.695923,1675.675781,-0.363357707,0.931581124,0.0113042568,,,,
27128,0.0,1624.001465,-887.980774,1675.197754,-0.3633531578,0.9315694604,0.0123621664,,,,
27129,0.0,1624.619385,-885.783875,1674.714111,-0.3636738438,0.9314382683,0.0128096682,,,,
27130,0.0,1626.037109,-881.119934,1674.268188,-0.3642212808,0.9312160265,0.013400394,,,,
27131,0.0,1626.728271,-878.529968,1673.572632,-0.3663155375,0.9303588522,0.0156631136,,,,
27132,0.0,1627.475586,-876.05072,1673.546753,-0.3700104584,0.9288426341,0.0185370401,,,,
27133,0.0,1628.432983,-872.885437,1673.508057,-0.3777394765,0.9256432514,0.0223037898,,,,
27134,0.0,1629.396118,-869.755737,1673.457153,-0.3902917523,0.9203081442,0.0265568791,,,,
27135,0.0,1630.78833,-865.176819,1673.481812,-0.4057164638,0.9134602001,0.0313785562,,,,
27136,0.0,1631.660156,-862.175049,1673.529419,-0.4311975134,0.9014957277,0.0370696285,,,,
27137,0.0,1632.369385,-859.431091,1673.685303,-0.4565277749,0.8887119665,0.042112129,,,,
27138,0.0,1633.395386,-855.204346,1673.916138,-0.5155208359,0.855364161,0.0508961664,,,,
27139,0.0,1633.942017,-852.881042,1673.999878,-0.5476688885,0.8348724127,0.0551982156,,,,
27140,0.0,1635.133179,-848.077026,1674.181763,-0.5904372937,0.8047747603,0.0610031759,,,,
27141,0.0,1635.564575,-845.99353,1674.38855,-0.6094485543,0.7903539972,0.0625541265,,,,
27142,0.0,1636.452271,-841.815918,1674.443848,-0.6697705462,0.7395947883,0.0663849724,0.1204341188,1390.138153178,2921.8264541235,6.0
27143,0.0,1637.444824,-837.27002,1674.388184,-0.7152689175,0.6955381707,0.0679487211,0.092764887,1227.2067221033,2917.5868891287,6.0
27144,0.0,1637.942993,-834.301636,1674.441528,-0.745701457,0.6627992995,0.0680178329,0.0752744822,1109.2824671923,2914.2973291116,6.0
27145,0.0,1638.384888,-830.784424,1674.473999,-0.7716040809,0.6324560987,0.0680178329,0.061295108,1003.5095593534,2911.0707020603,6.0
27146,0.0,1638.861694,-827.292358,1674.669556,-0.7933393859,0.605037135,0.0673994366,0.0501471169,909.2616221043,2907.8028227861,6.0
27147,0.0,1638.951294,-824.134949,1674.897827,-0.8150925984,0.5755077367,0.0664447224,0.0395339523,808.4539501287,2903.9591814919,6.0
27148,0.0,1638.941162,-821.259705,1674.723511,-0.8289587006,0.5554512113,0.0655852465,0.0331761434,740.8925016769,2900.410813904,6.0
27149,0.0,1638.31543,-818.074097,1674.984985,-0.8433162784,0.5335214622,0.0645949219,0.026952423,667.7824561048,2895.7917040375,6.0
27150,0.0,1637.178955,-814.108398,1674.944824,-0.862977849,0.501377181,0.0623711029,0.0190851757,561.8234537599,2889.4746103253,6.0
27151,0.0,1636.223511,-811.611145,1674.806519,-0.8741353877,0.4816729374,0.062277648,0.0150710204,499.0086317517,2885.122403102,6.0
27152,0.0,1635.52063,-809.715393,1674.585449,-0.8827265082,0.4657857693,0.0619477906,0.0121933809,448.5953347691,2881.4136969158,6.0
27153,0.0,1634.050537,-805.598816,1674.301514,-0.8951153904,0.4415960371,0.0613300737,0.008509749,374.2607855405,2874.9272421719,6.0
27154,0.0,1632.588135,-801.958496,1674.150024,-0.9132951721,0.4026558033,0.0613207363,0.0042044325,262.7776127437,2868.643912451,6.0
27155,0.0,1631.394287,-799.781677,1674.271606,-0.9227969012,0.3794796321,0.0617534051,0.0028654025,210.3755208862,2864.4488211675,6.0
27156,0.0,1628.641479,-795.3078,1674.410645,-0.9402725379,0.334533686,0.0630457559,0.0011448547,136.5974474761,2855.4643408545,6.0
27157,0.0,1627.55957,-793.891571,1674.4862675,-0.9452696936,0.3197416892,0.0631401204,0.001290887,144.6395919459,2852.2962003539,6.0
27158,0.0,1626.477661,-792.475342,1674.56189,-0.9502668493,0.3049496925,0.063234485,0.0014369193,152.6817364156,2849.1280598534,6.0
27159,0.0,1622.912109,-788.432129,1674.877319,-0.9578273301,0.2803002062,0.063234485,0.0023871103,196.0743378584,2839.4148465863,6.0
27160,0.0,1620.727417,-786.17218,1675.272095,-0.9606310165,0.2705354876,0.063234485,0.0029451743,217.3387707649,2833.9142841344,6.0
27161,0.0,1618.021851,-783.820923,1676.247192,-0.9627417513,0.2629253131,0.063234485,0.0028047974,131.6981991383,1759.6197644593,2.0
27162,0.0,1615.579712,-781.802002,1676.120728,-0.9633401597,0.2608393698,0.0627579462,0.0026884559,128.7133708314,1756.5046347657,2.0
27163,0.0,1613.208984,-779.960144,1676.371216,-0.9636653938,0.2597282025,0.0623720261,0.002637396,127.2811862603,1753.670857618,2.0
27164,0.0,1610.595581,-778.054626,1676.596436,-0.9637447136,0.2594563964,0.062277648,0.0026388317,127.0936071802,1750.6106303217,2.0
27165,0.0,1607.721191,-776.234009,1677.062866,-0.9638558734,0.2590431429,0.062277648,0.0026471139,127.0531928863,1747.3176814967,2.0
27166,0.0,1604.323975,-774.070007,1676.997681,-0.963991368,0.2585384675,0.0622776306,0.0026413952,126.637742962,1743.4859458126,2.0
27167,0.0,1601.522217,-772.486633,1676.989502,-0.9649028984,0.2551154512,0.0622776306,0.0025180244,123.4215827525,1740.2823220913,2.0
27168,0.0,1600.231934,-772.110596,1677.024658,-0.9653011443,0.2536044073,0.062277648,0.0024644095,122.0065791987,1738.9197950141,2.0
27169,0.0,1595.986206,-770.190369,1676.822754,-0.9671158827,0.2465935199,0.062277648,0.002251288,116.3176909836,1734.4421498255,2.0
27170,0.0,1592.019531,-768.344604,1676.769165,-0.9684519758,0.2412929032,0.062277648,0.0021396269,113.1432119435,1730.5211717132,2.0
27171,0.0,1588.61377,-766.830017,1676.434082,-0.9701342994,0.234437488,0.062277648,0.0020140707,109.5590526015,1727.0889101357,2.0
27172,0.0,1586.102661,-765.838501,1676.171753,-0.9711785063,0.2300734742,0.062277648,0.0019569014,107.8397036035,1724.6135438999,2.0
27173,0.0,1583.1427,-764.715454,1676.0896,-0.9730080351,0.2222090416,0.062277648,0.0019067101,106.2619276087,1721.5810443575,2.0
27174,0.0,1579.517212,-763.39093,1675.806519,-0.9747453285,0.2144598726,0.0622776654,0.0018859762,105.3898263777,1716.8029624007,2.0
27175,0.0,1576.340942,-762.228027,1675.52356,-0.9764573343,0.2065249837,0.062277648,0.0019497816,106.9424462643,1713.3809576836,2.0
27176,0.0,1572.556885,-760.965637,1675.30896,-0.9784042235,0.1970955915,0.0622776306,0.0021113681,111.0249944925,1709.4371614694,2.0
27177,0.0,1569.393677,-759.893921,1675.220581,-0.979915195,0.1894405057,0.062277648,0.0023131309,115.9423835989,1705.6048269554,2.0
27178,0.0,1566.337769,-758.946289,1675.23645,-0.9811171649,0.1831136349,0.062277648,0.002538303,121.192669329,1702.0228649838,2.0
27179,0.0,1563.449951,-757.896973,1675.409668,-0.9819794026,0.1784319126,0.062277648,0.0027445023,125.7669785619,1698.7051877545,2.0
27180,0.0,1559.920044,-756.902893,1675.370728,-0.9825909394,0.1750329693,0.062277648,0.0029244457,129.5840182893,1695.6351762299,2.0
27181,0.0,1555.037598,-755.305115,1675.596558,-0.9829513507,0.1729975047,0.062277648,0.0030395044,131.3079037233,1685.4067919096,2.0
27182,0.0,1552.027344,-754.43396,1675.655029,-0.9830233229,0.1725880681,0.062277648,0.0031130962,132.4954552927,1680.4592064484,2.0
27183,0.0,1548.327393,-753.147339,1676.213989,-0.9831965192,0.1715986571,0.062277648,0.0031139765,132.2255070905,1676.7987253925,2.0
27184,0.0,1546.905518,-752.588318,1676.389038,-0.983269046,0.1711825798,0.0622776654,0.0031294486,132.4808795589,1675.8854754728,2.0
27185,0.0,1542.736328,-750.684998,1677.260376,-0.98390487,0.1674894067,0.062277648,0.0032915976,135.5916069272,1672.5230779826,2.0
27186,0.0,1539.170532,-749.070312,1677.372314,-0.9852797464,0.1592021229,0.062277648,0.003702236,143.1129500806,1664.6932720286,2.0
27187,0.0,1536.785645,-747.901123,1677.373291,-0.9866922727,0.1501993794,0.062277648,0.0043098293,154.198941089,1662.6651671467,2.0
27188,0.0,1533.479858,-746.133789,1677.282837,-0.9892868701,0.1320340226,0.062277648,0.0057863769,178.2944053028,1659.7723152804,2.0
27189,0.0,1530.35022,-744.258301,1677.116333,-0.992314651,0.106925806,0.062277648,0.00837762,214.0280259635,1656.9401386795,2.0
27190,0.0,1527.266602,-742.330383,1676.867188,-0.9947386866,0.0813415024,0.062277648,0.008133982,143.7194356923,1129.1037188871,1.0
27191,0.0,1524.303833,-740.382141,1676.532837,-0.9960770124,0.0628655711,0.062277648,0.0061895355,125.4245706219,1129.0460579409,1.0
27192,0.0,1521.475708,-738.440613,1676.258179,-0.9969653598,0.0467072359,0.062277648,0.0047856772,110.3241148162,1129.0260805571,1.0
27193,0.0,1518.841553,-736.536926,1675.769531,-0.9975333702,0.0355203513,0.0605432084,0.0038484825,98.9709214047,1129.1876028271,1.0
27194,0.0,1513.600464,-732.998474,1675.644531,-0.9981929222,0.0157227772,0.057997278,0.0025769964,81.0180117332,1129.2488438571,1.0
27195,0.0,1510.126953,-731.038391,1675.499878,-0.9984444532,0.0010064472,0.0557463984,0.0018692694,69.0105273674,1129.1911157495,1.0
27196,0.0,1507.308838,-729.664246,1675.598755,-0.9984862684,-0.010505812,0.0539888856,0.0014940571,61.6949685848,1129.0506693455,1.0
27197,0.0,1504.123535,-728.244873,1675.664551,-0.9984765418,-0.0184360613,0.0520067997,0.0012695398,56.8681110123,1128.933939841,1.0
27198,0.0,1500.973022,-727.020386,1675.850586,-0.998406275,-0.0243434911,0.0509146778,0.0011672336,54.5240180887,1128.809678891,1.0
27199,0.0,1497.806641,-725.981873,1676.125244,-0.9982906695,-0.0316067955,0.0491604487,0.0011038638,53.0150401196,1128.6160660054,1.0
27200,0.0,1494.425903,-725.003174,1676.333374,-0.9980974444,-0.0386592276,0.0480307767,0.0011372791,53.7994628415,1128.3736395135,1.0
27201,0.0,1491.271729,-724.31958,1676.820435,-0.9978376892,-0.0466293317,0.0463211777,0.0012512541,56.4184563307,1128.156462654,1.0
27202,0.0,1487.749634,-723.464478,1676.820068,-0.9973235764,-0.0581502844,0.0443196163,0.0015488197,62.7484997344,1127.8624723934,1.0
27203,0.0,1484.220581,-722.845032,1677.376221,-0.9968499257,-0.0665027305,0.0432158816,0.0019288989,70.0001738304,1127.5580746709,1.0
27204,0.0,1481.374268,-722.432983,1677.768188,-0.9963385153,-0.0742275058,0.0424245253,0.002363941,77.466090308,1127.2886555999,1.0
27205,0.0,1477.752441,-722.081116,1678.392334,-0.9956273944,-0.0837905434,0.0412945085,0.0030409418,87.850755412,1127.3450661846,1.0
27206,0.0,1473.623535,-721.697021,1678.851318,-0.9949560764,-0.0918656029,0.0402879255,0.0037125188,96.9800427157,1126.5137589809,1.0
27207,0.0,1470.048218,-721.465759,1679.120728,-0.9942472769,-0.0996334868,0.0393131118,0.0044556793,106.1838090965,1126.0836353788,1.0
27208,0.0,1466.590942,-721.363953,1679.437378,-0.9938957372,-0.1034345915,0.0383738044,0.0049260594,111.5942610939,1125.6737534644,1.0
27209,0.0,1463.134399,-721.299866,1679.613403,-0.9935034972,-0.1071486676,0.0383401095,0.0054477846,117.2957529513,1125.2515464201,1.0
27210,0.0,1459.501953,-721.259949,1679.73584,-0.9933140955,-0.1092096572,0.0374213648,0.0057976753,120.9468987397,1124.8203968739,1.0
27211,0.0,1456.100952,-721.290527,1679.672119,-0.9931147074,-0.1110214341,0.0373820701,0.0061556645,124.5733414943,1124.45484195,1.0
27212,0.0,1452.305054,-721.341919,1679.595337,-0.9929916373,-0.1121168543,0.0373820701,0.006473669,127.6924247449,1124.0325850488,1.0
27213,0.0,1448.868286,-721.432861,1679.41687,-0.9928193831,-0.1139218631,0.0364894725,0.0068270964,131.0742479875,1123.6391716539,1.0
27214,0.0,1445.088257,-721.568481,1679.16272,-0.9926978458,-0.1149968729,0.0364239789,0.007164782,134.2116584104,1123.1895571082,1.0
27215,0.0,1442.23938,-721.575317,1678.783203,-0.9926969887,-0.115004271,0.0364239789,0.0073109529,135.5191052865,1122.7776647735,1.0
27216,0.0,1437.860718,-721.93988,1678.213501,-0.9926969887,-0.115004271,0.0364239789,0.0075870057,137.9776030374,1122.2347421263,1.0
27217,0.0,1434.825928,-722.391296,1677.935425,-0.9926969887,-0.115004271,0.0364239789,0.0078094397,139.9426146387,1121.9528491662,1.0
27218,0.0,1431.019531,-723.199036,1677.467407,-0.9926969887,-0.115004271,0.0364239789,0.0081341991,142.7648403885,1121.5892217593,1.0
27219,0.0,1427.981445,-724.122375,1677.308105,-0.9926969887,-0.115004271,0.0364239789,0.0084417208,145.4119074589,1121.4707998958,1.0
27220,0.0,1424.328491,-725.451477,1677.067749,-0.9926969887,-0.115004271,0.0364239789,0.0088604209,148.9435184409,1121.356177205,1.0
27221,0.0,1421.498779,-726.655579,1676.911621,-0.9926969887,-0.115004271,0.0364239789,0.0092149162,151.8860663515,1121.3987031235,1.0
27222,0.0,1418.125244,-728.240356,1676.718384,-0.9930530183,-0.1121915573,0.0354789709,0.0092586646,152.2664710572,1121.5604559325,1.0
27223,0.0,1415.258911,-729.760437,1676.655518,-0.9938512364,-0.1048899096,0.0354658543,0.0086961661,147.6325508696,1121.8878521332,1.0
27224,0.0,1412.327148,-731.284363,1676.489624,-0.9945609366,-0.0982541741,0.0345638631,0.0082016463,143.4420164061,1122.2850539307,1.0
27225,0.0,1409.235352,-733.00238,1676.334351,-0.9951448133,-0.092173848,0.0345077144,0.0078446776,140.3597860111,1122.7771097535,1.0
27226,0.0,1406.436157,-734.696411,1676.282959,-0.9956020002,-0.087456839,0.0335850927,0.0076073239,138.2952794424,1123.3211474045,1.0
27227,0.0,1403.828247,-736.227234,1676.573364,-0.9961069131,-0.081519611,0.0335495255,0.0072367299,134.9589083417,1123.8349174543,1.0
27228,0.0,1400.750488,-738.266602,1676.689209,-0.9965656708,-0.0760986675,0.0326474579,0.00698369,132.6715416042,1124.5528573372,1.0
27229,0.0,1398.189331,-740.144653,1676.480103,-0.9969753496,-0.0709267248,0.0317734494,0.0067053442,130.088364981,1125.2322412608,1.0
27230,0.0,1395.13147,-742.446777,1676.755981,-0.9972907209,-0.0664120967,0.0316330733,0.0066124444,129.288978339,1126.1198533499,1.0
27231,0.0,1392.914307,-744.189331,1676.938354,-0.9975390524,-0.0627895523,0.0311979333,0.0065118696,128.4400977454,1127.3037533639,1.0
27232,0.0,1389.581543,-746.922791,1677.122314,-0.9978070277,-0.058650709,0.0306794697,0.0064591212,127.9859128928,1127.8799578304,1.0
27233,0.0,1387.044922,-749.044312,1677.185059,-0.9979562327,-0.0560572342,0.0306748119,0.0064882964,128.3634190417,1128.6688567978,1.0
27234,0.0,1383.973145,-751.562744,1677.06543,-0.9982531517,-0.0510535171,0.029735224,0.0062610296,126.2208902835,1129.7288299416,1.0
27235,0.0,1381.510742,-753.755981,1677.09314,-0.9983873685,-0.0483693274,0.0297165049,0.0062667142,126.3910566736,1130.7403030852,1.0
27236,0.0,1376.094849,-758.72229,1677.116943,-0.9984465642,-0.0471315998,0.0297165049,0.0067639355,131.5650307152,1133.0820885611,1.0
27237,0.0,1373.681641,-760.964111,1677.102661,-0.9984465642,-0.0471315998,0.0297165049,0.0070368635,134.3104165244,1134.1500031999,1.0
27238,0.0,1371.938599,-761.464417,1675.722046,-0.9984465642,-0.0471315998,0.0297165049,0.0070925712,135.090870767,1136.267505529,1.0
27239,0.0,1369.421509,-763.268433,1675.469727,-0.9984465642,-0.0471315998,0.0297165049,0.0073110593,137.3316807079,1137.7866276337,1.0
27240,0.0,1366.436646,-765.528015,1675.248779,-0.9984465642,-0.0471315998,0.0297165049,0.007578784,139.9166182124,1138.6203870428,1.0
27241,0.0,1363.34021,-767.904724,1674.998047,-0.9984465642,-0.0471315998,0.0297165049,0.0078518724,142.495199012,1139.3385745559,1.0
27242,0.0,1360.502441,-770.254883,1674.953125,-0.9984465642,-0.0471315998,0.0297165049,0.0081267193,145.0906002055,1140.383160021,1.0
27243,0.0,1357.718994,-772.338074,1675.645386,-0.9984465642,-0.0471315998,0.0297165049,0.0083847631,147.5850189137,1142.073766553,1.0
27244,0.0,1354.823608,-773.949951,1676.084717,-0.9984465642,-0.0471315998,0.0297165049,0.008586681,149.4762487081,1143.085779034,1.0
27245,0.0,1352.039917,-775.342834,1676.445923,-0.9984465642,-0.0471315998,0.0297165049,0.0087558437,151.043500189,1143.9071753437,1.0
27246,0.0,1348.811035,-776.923462,1677.186035,-0.9984465642,-0.0471315998,0.0297165049,0.008960324,152.9103311783,1144.8142202359,1.0
27247,0.0,1345.765991,-778.265686,1677.698975,-0.9984465642,-0.0471315998,0.0297165049,0.009138316,154.5061532745,1145.492238767,1.0
27248,0.0,1342.721436,-779.52356,1678.169556,-0.9984465642,-0.0471315998,0.0297165049,0.0093126063,156.0397602758,1146.0356306518,1.0
27249,0.0,1339.472778,-780.754272,1678.527344,-0.9984465642,-0.0471315998,0.0297165049,0.0094840668,157.5318800271,1146.5376614642,1.0
27250,0.0,1335.734497,-782.142273,1678.95105,-0.9984024553,-0.0480569096,0.0297165049,0.0098086293,160.2695352077,1147.095026743,1.0
27251,0.0,1332.409668,-783.313171,1679.202026,-0.9984009191,-0.0480888155,0.0297165049,0.0099772125,161.6985434526,1147.5522595522,1.0
27252,0.0,1329.253052,-784.362061,1679.307251,-0.9983604996,-0.0489207737,0.0297165049,0.0102417494,163.8734331118,1147.9456397664,1.0
27253,0.0,1328.530762,-784.748474,1679.257812,-0.9983512314,-0.0491095517,0.0297165049,0.0103293587,164.5849854548,1148.0556448113,1.0
27254,0.0,1322.116333,-786.533813,1679.039551,-0.9982621101,-0.0508889863,0.0297165049,0.0109171347,169.296052577,1148.8572263765,1.0
27255,0.0,1318.963013,-787.252686,1679.072632,-0.9982171114,-0.0517641568,0.0297165049,0.0111855894,171.4012190864,1149.1780990807,1.0
27256,0.0,1315.12854,-788.136414,1678.712402,-0.9982091591,-0.0519172797,0.0297165049,0.0113968689,173.0530800815,1149.5093247963,1.0
27257,0.0,1311.917358,-788.779114,1678.544922,-0.9982091591,-0.0519172797,0.0297165049,0.0115620464,174.3240487406,1149.6984030511,1.0
27258,0.0,1308.040771,-789.544617,1678.277954,-0.9981611076,-0.0528330645,0.0297165049,0.0119102328,176.9486156879,1149.9237666369,1.0
27259,0.0,1304.748047,-790.119202,1678.185425,-0.9980680096,-0.0545635189,0.0297165049,0.0123575265,180.2455386449,1150.0841407191,1.0
27260,0.0,1300.843506,-790.754211,1678.154053,-0.9978448536,-0.0585027987,0.0297165049,0.0132122766,186.3598957892,1150.2384908632,1.0
27261,0.0,1297.327515,-791.229248,1678.231689,-0.9977287819,-0.0604500375,0.0297165049,0.0137370883,190.0306711609,1150.4241515516,1.0
27262,0.0,1293.877441,-791.593628,1678.342041,-0.997724029,-0.0605284336,0.0297165049,0.0139565836,191.5633948,1150.6111923793,1.0
27263,0.0,1290.592651,-791.871216,1678.542358,-0.997724029,-0.0605284336,0.0297165049,0.0141509366,192.9104887892,1150.7742390363,1.0
27264,0.0,1286.534058,-792.184509,1678.88623,-0.9976068319,-0.0624302674,0.0297165049,0.014719275,196.7557548776,1150.9945606501,1.0
27265,0.0,1283.042603,-792.46875,1679.112305,-0.9974872254,-0.0643130198,0.0297165049,0.0152627433,200.3604922506,1151.182764958,1.0
27266,0.0,1279.915161,-792.649902,1679.380371,-0.9973774251,-0.0659939481,0.0297165049,0.0157570483,203.5764838,1151.311262432,1.0
27267,0.0,1276.125,-792.749573,1679.751221,-0.9971809012,-0.0688997796,0.0297165049,0.0164956813,208.281374221,1151.4596691534,1.0
27268,0.0,1272.647705,-792.937317,1679.906494,-0.9971054846,-0.0699827257,0.0297165049,0.0169169766,210.9240903796,1151.580659894,1.0
27269,0.0,1268.860596,-790.902344,1677.701294,-0.9969770002,-0.0717899052,0.0297165049,0.0170773242,211.8555948115,1151.2698642997,1.0
27270,0.0,1264.908447,-791.334656,1677.701294,-0.9967521203,-0.0748474451,0.0297165049,0.0179485871,217.175159941,1151.4300480021,1.0
27271,0.0,1261.679932,-791.666443,1677.701294,-0.9966858346,-0.0757250051,0.0297165049,0.0183761683,219.7441298937,1151.5404397693,1.0
27272,0.0,1257.802856,-792.074219,1677.701294,-0.9964612946,-0.0786245368,0.0297165049,0.0192526603,224.8955260838,1151.6510333724,1.0
27273,0.0,1254.322632,-792.44458,1677.701294,-0.996163547,-0.0823110989,0.0297165049,0.0202684955,230.7104954616,1151.7373432127,1.0
27274,0.0,1250.823853,-792.829468,1677.701294,-0.9956952837,-0.0877942558,0.0297165049,0.0216926789,238.6094316317,1151.8187213862,1.0
27275,0.0,1246.97644,-793.245483,1677.701294,-0.9952150295,-0.0930804723,0.0297165049,0.0231740104,246.5452644828,1151.8922215614,1.0
27276,0.0,1243.894897,-793.570801,1677.701294,-0.9949022742,-0.0963659391,0.0297165049,0.0241847663,251.8093367128,1151.9343170145,1.0
27277,0.0,1236.889404,-794.268005,1677.701294,-0.9946494634,-0.0986483695,0.0306748119,0.02540232,258.0142073298,1152.0401588995,1.0
27278,0.0,1233.00354,-794.654236,1677.701294,-0.9945461757,-0.099684303,0.0306748119,0.0260006627,261.0115427641,1152.1101519933,1.0
27279,0.0,1229.737427,-794.973145,1677.701294,-0.9945362962,-0.0997828272,0.0306747945,0.0263513431,262.86843713,1152.6624447403,1.0
27280,0.0,1225.991455,-795.338623,1677.701294,-0.9945362962,-0.0997828272,0.0306747945,0.0266773292,264.3854159393,1152.3045265882,1.0
27281,0.0,1222.37207,-795.692688,1677.701294,-0.9945362962,-0.0997828272,0.0306747945,0.0270123965,266.0251559912,1152.3355766477,1.0
27282,0.0,1218.528809,-796.069275,1677.701294,-0.9945362962,-0.0997828272,0.0306747945,0.0273936401,267.9150446226,1152.5294039465,1.0
27283,0.0,1214.875244,-796.428101,1677.701294,-0.9945362962,-0.0997828272,0.0306747945,0.0277728999,269.7678512054,1152.6597211327,1.0
27284,0.0,1211.724854,-796.738037,1677.701294,-0.9945362962,-0.0997828272,0.0306747945,0.0280935903,271.3274157996,1152.7812571584,1.0
27285,0.0,1207.841064,-797.120667,1677.701294,-0.9945362962,-0.0997828272,0.0306747945,0.0285124613,273.3578557471,1152.9678220738,1.0
27286,0.0,1204.509155,-797.449463,1677.701294,-0.9945362962,-0.0997828272,0.0306747945,0.0288831528,275.1364742605,1153.1071992562,1.0
27287,0.0,1200.541748,-797.841309,1677.701294,-0.9945362962,-0.0997828272,0.0306747945,0.0293382304,277.2989625556,1153.2547216444,1.0
27288,0.0,1197.216919,-798.170227,1677.701294,-0.9945362962,-0.0997828272,0.0306747945,0.0297374784,279.1777468395,1153.3647659707,1.0
27289,0.0,1193.710449,-798.517334,1677.701294,-0.9945362962,-0.0997828272,0.0306747945,0.0301652912,281.1704628247,1153.4560253042,1.0
27290,0.0,1190.204102,-798.864929,1677.701294,-0.9945362962,-0.0997828272,0.0306747945,0.0305988236,283.1745956725,1153.5457606991,1.0
27291,0.0,1186.690796,-799.21344,1677.701294,-0.9945362962,-0.0997828272,0.0306747945,0.0310436899,285.2175737478,1153.6433665666,1.0
27292,0.0,1182.939941,-799.585938,1677.701294,-0.9945362962,-0.0997828272,0.0306747945,0.031526197,287.4160196671,1153.746398966,1.0
27293,0.0,1179.470215,-799.923279,1677.701294,-0.9946187305,-0.098957753,0.0306748119,0.0317750219,288.5530918261,1153.8395824049,1.0
27294,0.0,1175.889038,-800.241333,1677.701294,-0.9950088517,-0.094681841,0.0315076816,0.0312242297,286.0978516164,1153.906453817,1.0
27295,0.0,1171.983154,-800.547363,1677.701294,-0.9957924001,-0.0856584757,0.0325595052,0.029589932,278.6363177656,1153.9511643367,1.0
27296,0.0,1168.723267,-800.727539,1677.701294,-0.9969732574,-0.0701874268,0.0334372416,0.0264407529,263.5945905994,1153.9168114873,1.0
27297,0.0,1165.292725,-800.914001,1677.701294,-0.9979187353,-0.0550692938,0.0335495255,0.0235997866,249.2848976515,1154.2622287239,1.0
27298,0.0,1161.481934,-801.149109,1677.701294,-0.9985382445,-0.0423769235,0.0335495255,0.0213996345,237.3872144088,1153.6527465734,1.0
27299,0.0,1161.0142215,-801.176361,1677.701294,-0.9986089046,-0.0406406958,0.0335495168,0.0211313493,235.8502942901,1153.380539139,1.0
27300,0.0,1160.546509,-801.203613,1677.701294,-0.9986795647,-0.038904468,0.033549508,0.0208630641,234.3133741714,1153.1083317046,1.0
27301,0.0,1153.19873,-801.327759,1677.701172,-0.9986484635,0.040096074,0.0330688843,0.0087149752,152.0384382853,1154.1270204282,1.0
27302,0.0,1149.424438,-801.681824,1677.701172,-0.9943972851,0.1007228427,0.0320772261,0.0029505709,88.6353300865,1154.6741252568,1.0
27303,0.0,1145.136108,-802.303101,1677.701172,-0.9881359843,0.150366635,0.0312594261,0.0007250347,43.942890691,1154.1784555252,1.0
27304,0.0,1141.109497,-802.919067,1677.701172,-0.9804801895,0.1942327814,0.0305323551,0.0006352333,41.1033947649,1153.3604188089,1.0
27305,0.0,1137.355713,-803.450439,1677.701294,-0.9705278638,0.2391413887,0.0297835831,0.0023920157,79.6947858377,1152.9029701448,1.0
27306,0.0,1133.845215,-804.031189,1677.701294,-0.9531652688,0.3009865441,0.0297165049,0.0081272352,146.7084871366,1153.0629738431,1.0
27307,0.0,1130.700928,-804.479492,1677.726685,-0.9275450339,0.3725280384,0.0297165049,0.0030852904,82.1339471666,1046.3932116933,2.0
27308,0.0,1127.963745,-805.275085,1677.726074,-0.9118923686,0.4093522168,0.0297165049,0.0011040182,48.9323063993,1041.6275730011,2.0
27309,0.0,1124.250122,-806.425537,1677.723633,-0.8770730169,0.4794926466,0.0288049434,0.0013154806,53.0830266782,1035.2406868462,2.0
27310,0.0,1121.126221,-807.366028,1677.722168,-0.8503260463,0.5254698674,0.0287581879,0.0046296166,99.0012266185,1030.0452452175,2.0
27311,0.0,1117.764526,-808.338013,1677.720703,-0.8214903863,0.5695395461,0.0278971438,0.0103444911,146.9975337266,1024.6287546008,2.0
27312,0.0,1114.468872,-809.242798,1677.718994,-0.8016302766,0.5971734005,0.0277998097,0.0151736522,176.8242361046,1018.90916876,2.0
27313,0.0,1110.95459,-810.059937,1677.717285,-0.7765809944,0.6294037883,0.0277998271,0.0223400453,212.9027756751,1012.8928118951,2.0
27314,0.0,1108.10498,-810.643066,1677.71582,-0.7568891042,0.6529167076,0.0286121814,0.0286537508,239.6244197968,1008.2282890413,2.0
27315,0.0,1104.550171,-811.339111,1677.714233,-0.7348492826,0.6776204686,0.0287581705,0.0361581163,266.8836290495,1001.534183645,2.0
27316,0.0,1101.30188,-811.970215,1677.712646,-0.7222457553,0.6910383757,0.0287581705,0.040418677,280.2610977446,995.8412826564,2.0
27317,0.0,1098.312256,-812.473816,1677.711304,-0.7124696601,0.7011444981,0.02798886,0.110860616,1071.2226543465,2340.7719458233,3.0
27318,0.0,1094.683228,-813.084778,1677.709595,-0.7097660075,0.7038887584,0.0277998271,0.1098700242,1066.5472342397,2340.4245711869,3.0
27319,0.0,1091.025146,-813.638672,1677.707764,-0.7096739609,0.7039815614,0.0277998271,0.1105248971,1069.7130909171,2340.812694777,3.0
27320,0.0,1084.547852,-814.491455,1677.704834,-0.7211614831,0.6921772786,0.0285784929,0.1191096094,1108.1335262764,2341.191563747,3.0
27321,0.0,1081.770996,-814.818848,1677.703491,-0.7435407628,0.6679730313,0.0309703651,0.1351563409,1176.3633918316,2343.1606966846,3.0
27322,0.0,1077.689087,-815.316284,1677.70166,-0.7702510198,0.6368355179,0.0339689507,,,,
27323,0.0,1073.456909,-816.600647,1677.701294,-0.8319326741,0.5535879624,0.0377940953,,,,
27324,0.0,1071.34552,-817.408966,1677.701294,-0.8599614605,0.5058442361,0.0390045364,,,,
27325,0.0,1066.628418,-819.470093,1677.701294,-0.9258827248,0.375660252,0.0402561165,,,,
27326,0.0,1063.318481,-821.025513,1677.701294,-0.9597382831,0.2779961745,0.0402561165,,,,
27327,0.0,1059.233032,-822.693359,1677.701294,-0.9800483501,0.1946398636,0.0402561165,,,,
27328,0.0,1055.569824,-824.419312,1677.701416,-0.9935541732,0.1069247354,0.0376457956,,,,
27329,0.0,1052.272339,-825.763672,1677.701294,-0.9969498378,0.069425392,0.0356529922,,,,
27330,0.0,1049.381958,-826.861694,1677.701294,-0.9977013713,0.058178445,0.0347453904,,,,
27331,0.0,1045.720337,-828.281006,1677.701294,-0.9978596922,0.0555450476,0.0345077144,,,,
27332,0.0,1042.348999,-829.685425,1677.701294,-0.9978596922,0.0555450476,0.0345077144,,,,
27333,0.0,1038.833008,-831.264832,1677.701294,-0.9978596922,0.0555450476,0.0345077144,,,,
27334,0.0,1035.496094,-832.866943,1677.701294,-0.9978596922,0.0555450476,0.0345077144,,,,
27335,0.0,1031.922485,-834.684937,1677.701294,-0.9978596922,0.0555450476,0.0345077144,,,,
27336,0.0,1029.578613,-835.937439,1677.701294,-0.9978596922,0.0555450476,0.0345077144,,,,
27337,0.0,1026.294067,-837.759644,1677.701294,-0.9978596922,0.0555450476,0.0345077144,,,,
27338,0.0,1022.940308,-839.70105,1677.701294,-0.9978596922,0.0555450476,0.0345077144,,,,
27339,0.0,1019.444031,-841.805908,1677.701294,-0.9978596922,0.0555450476,0.0345077144,,,,
27340,0.0,1016.29895,-843.766663,1677.701294,-0.9978596922,0.0555450476,0.0345077144,,,,
27341,0.0,1013.632996,-845.476013,1677.701294,-0.9978596922,0.0555450476,0.0345077144,,,,
27342,0.0,1009.888611,-847.942017,1677.701294,-0.9978596922,0.0555450476,0.0345077144,,,,
27343,0.0,1007.887207,-849.291809,1677.701294,-0.9978596922,0.0555450476,0.0345077144,,,,
27344,0.0,1001.176941,-854.197693,1675.570923,-0.9978596922,0.0555450476,0.0345077144,,,,
27345,0.0,998.655945,-856.062744,1675.633423,-0.9978152807,0.0563372287,0.0345077144,,,,
27346,0.0,996.336304,-858.036011,1675.510132,-0.997770971,0.0571166096,0.0345077144,,,,
27347,0.0,992.653809,-861.1026,1675.487793,-0.9975645281,0.0611221865,0.033601943,,,,
27348,0.0,990.103638,-863.221985,1675.542847,-0.9973716101,0.0646413769,0.0327316948,,,,
27349,0.0,987.488953,-865.316162,1675.717407,-0.9970301374,0.0700988344,0.0318913564,,,,
27350,0.0,984.89502,-867.224731,1675.884644,-0.9963766125,0.0792130358,0.0309667714,,,,
27351,0.0,982.180176,-869.200867,1676.12146,-0.9957212752,0.087384482,0.0300515282,,,,
27352,0.0,979.110901,-871.461121,1676.452148,-0.9949217514,0.0963798671,0.0290108585,,,,
27353,0.0,976.144165,-873.660034,1676.760742,-0.9941721872,0.1038972033,0.0287581879,,,,
27354,0.0,973.319519,-875.809753,1676.975098,-0.9936233804,0.109020849,0.0287581705,,,,
27355,0.0,970.233521,-878.123169,1677.190063,-0.9925702128,0.1182257976,0.0287581879,,,,
27356,0.0,966.923462,-880.448914,1677.103516,-0.9911049822,0.1299379924,0.0287581705,,,,
27357,0.0,965.532166,-881.462891,1677.067261,-0.9907978797,0.1322593255,0.0287581705,,,,
27358,0.0,959.241516,-885.868347,1676.515259,-0.9899611785,0.1383829168,0.0287581879,,,,
27359,0.0,957.880554,-886.8196715,1676.310181,-0.9897155795,0.1400625188,0.029027719,,,,
27360,0.0,956.519592,-887.770996,1676.105103,-0.9894699805,0.1417421208,0.02929725,,,,
27361,0.0,950.727722,-891.737915,1675.205444,-0.9874653901,0.154887456,0.0303641136,,,,
27362,0.0,948.14978,-893.589172,1674.781006,-0.9862079848,0.1626433724,0.0306748119,,,,
27363,0.0,945.625671,-895.477295,1674.474731,-0.9846065696,0.1720725433,0.0306747945,,,,
27364,0.0,943.352112,-897.270447,1674.291382,-0.9831013814,0.1804736261,0.0306748119,,,,
27365,0.0,941.940216,-898.4205935,1674.155762,-0.9821192087,0.185613737,0.0310145076,,,,
27366,0.0,940.52832,-899.57074,1674.020142,-0.981137036,0.1907538478,0.0313542034,,,,
27367,0.0,937.519104,-901.718262,1674.104492,-0.9793765752,0.1995516791,0.0316330733,,,,
27368,0.0,934.599243,-903.748108,1674.459717,-0.9778714655,0.20680122,0.0316330908,,,,
27369,0.0,931.954285,-905.637451,1674.399414,-0.9767491669,0.2120387053,0.0316330908,,,,
27370,0.0,927.500366,-908.68689,1674.82373,-0.9750262137,0.2198254564,0.0316330733,,,,
27371,0.0,924.196289,-910.797546,1675.530029,-0.973188914,0.2277838961,0.0319035151,,,,
27372,0.0,920.921204,-912.952698,1675.920532,-0.9714408769,0.2350632143,0.0323714055,,,,
27373,0.0,917.326355,-915.397522,1676.302124,-0.9694861142,0.2429701217,0.0325913231,,,,
27374,0.0,914.226868,-917.560852,1676.938843,-0.9680834497,0.2484144459,0.0332369892,,,,
27375,0.0,910.980713,-919.700623,1676.939941,-0.9670265599,0.2524560569,0.0335495429,,,,
27376,0.0,907.59198,-921.940735,1677.083008,-0.9657111764,0.2573325411,0.0343785844,,,,
27377,0.0,904.556396,-923.869202,1677.001831,-0.9642437829,0.2626526835,0.0353198966,,,,
27378,0.0,901.751526,-925.594788,1676.814941,-0.962191576,0.2699989506,0.0358878504,,,,
27379,0.0,898.192444,-927.831665,1676.511597,-0.9600547946,0.2774380999,0.036371584,,,,
27380,0.0,895.002136,-929.770874,1676.181641,-0.9549872303,0.2941812273,0.038167989,,,,
27381,0.0,892.132263,-931.547485,1675.835571,-0.9510851707,0.3065404282,0.0383401095,,,,
27382,0.0,889.38147,-933.225647,1675.535767,-0.9462134725,0.3211787702,0.0390417994,,,,
27383,0.0,886.510254,-934.898682,1675.222412,-0.940876677,0.3363885073,0.0399230615,,,,
27384,0.0,883.542664,-936.549255,1674.99292,-0.9365972745,0.348087619,0.0402561165,,,,
27385,0.0,880.617432,-938.087585,1674.854736,-0.9336269139,0.3559778514,0.0402561165,,,,
27386,0.0,876.419556,-940.197571,1674.843994,-0.9304851079,0.3641111218,0.0402561165,,,,
27387,0.0,873.361694,-941.738586,1674.844604,-0.9280137321,0.3702671611,0.0411429508,,,,
27388,0.0,870.367371,-943.124512,1675.069458,-0.9259081453,0.3754936847,0.041214065,,,,
27389,0.0,867.093506,-944.574585,1675.29834,-0.9229249131,0.3827675608,0.041214065,,,,
27390,0.0,864.133179,-945.838501,1675.544678,-0.9204197236,0.3886614552,0.0420690576,,,,
27391,0.0,861.103882,-947.147461,1675.880615,-0.9178126259,0.3947676655,0.0421719581,,,,
27392,0.0,857.919556,-948.540222,1676.249268,-0.9150216101,0.4011944403,0.0421719581,,,,
27393,0.0,855.09613,-949.77832,1676.500732,-0.9122084979,0.4075502187,0.0421719755,,,,
27394,0.0,851.926697,-951.177368,1676.738281,-0.9093531184,0.4138821475,0.0421719581,,,,
27395,0.0,848.823669,-952.549866,1676.762207,-0.9069515661,0.4191185766,0.0421719755,,,,
27396,0.0,845.733093,-953.877014,1676.707397,-0.9032567327,0.4270231854,0.0421719581,,,,
27397,0.0,842.580017,-955.167175,1676.519531,-0.8990886451,0.4357305752,0.0421719581,,,,
27398,0.0,838.889038,-956.669434,1676.260498,-0.8941193213,0.4458387195,0.0421719755,,,,
27399,0.0,837.207153,-957.359802,1676.092285,-0.89143958,0.4511729171,0.0421719581,,,,
27400,0.0,833.138428,-959.000122,1675.334229,-0.8851772254,0.4633387591,0.0421719581,,,,
27401,0.0,830.000305,-960.214722,1675.028198,-0.8794161867,0.4742440076,0.0414703741,,,,
27402,0.0,826.560059,-961.509399,1674.617188,-0.8733247805,0.48539183,0.041214065,,,,
27403,0.0,823.19104,-962.757751,1674.348877,-0.8694693967,0.4922645317,0.041214065,,,,
27404,0.0,819.672119,-964.009583,1674.115845,-0.8642028218,0.5015226161,0.0403552753,,,,
27405,0.0,816.429382,-965.138245,1673.811646,-0.8610581818,0.5069104977,0.0402561165,,,,
27406,0.0,811.150635,-966.911133,1673.881714,-0.8534669231,0.5196632257,0.0392981311,,,,
27407,0.0,807.367371,-968.125,1673.986206,-0.8486902773,0.5274718861,0.0387068798,,,,
27408,0.0,804.311096,-969.084412,1674.113525,-0.8452837325,0.5329636344,0.0380154707,,,,
27409,0.0,800.475891,-970.273254,1674.421509,-0.8422009458,0.5378557365,0.0375336328,,,,
27410,0.0,796.773682,-971.404785,1674.861328,-0.8394585209,0.5421364889,0.0373820701,,,,
27411,0.0,793.840088,-972.269714,1675.319458,-0.8376975611,0.5448931531,0.0368001068,,,,
27412,0.0,790.441162,-973.257751,1675.794678,-0.8364692611,0.5468020371,0.0364239964,,,,
27413,0.0,786.48584,-974.38324,1676.243042,-0.8360451073,0.5474503378,0.0364239789,,,,
27414,0.0,782.945862,-975.364197,1676.507446,-0.8356439442,0.5480624895,0.0364239789,,,,
27415,0.0,779.411316,-976.315247,1676.765015,-0.8346914831,0.5495119839,0.0364239964,,,,
27416,0.0,775.614014,-977.310242,1676.775269,-0.8330876098,0.5519959209,0.0355743976,,,,
27417,0.0,772.167297,-978.199036,1676.703491,-0.8319768871,0.5536755639,0.0354658891,,,,
27418,0.0,768.569702,-979.102112,1676.445557,-0.8303819968,0.5560646647,0.0354658717,,,,
27419,0.0,765.024353,-980.009155,1676.224365,-0.8273056423,0.5606867921,0.034578829,,,,
27420,0.0,761.274475,-981.03418,1675.861816,-0.8255302181,0.5633019409,0.0345077144,,,,
27421,0.0,759.494385,-981.517578,1675.698608,-0.8249899353,0.5641184088,0.0340885237,,,,
27422,0.0,755.293701,-982.698303,1675.048462,-0.8240901699,0.5654642528,0.0335495255,,,,
27423,0.0,751.729614,-983.585083,1674.772583,-0.8235497706,0.5662510085,0.0335495255,,,,
27424,0.0,748.244995,-984.37085,1674.635132,-0.8227037632,0.5674794687,0.0335495255,,,,
27425,0.0,744.87262,-985.098145,1674.56189,-0.8216579114,0.5690224978,0.0330404859,,,,
27426,0.0,740.020264,-986.117676,1674.502075,-0.8196219625,0.5719769613,0.0325913231,,,,
27427,0.0,736.791321,-986.739807,1674.61377,-0.8180342696,0.5742927516,0.0317453812,,,,
27428,0.0,735.137085,-987.03717,1674.733032,-0.8172234717,0.5754521221,0.0316330908,,,,
27429,0.0,730.970215,-987.713989,1675.183228,-0.8147701856,0.578920455,0.0316330733,,,,
27430,0.0,727.647522,-988.305298,1675.336304,-0.8129403959,0.5815191845,0.0310378943,,,,
27431,0.0,723.872498,-988.959839,1675.787964,-0.8114855966,0.5835667773,0.0306747945,,,,
27432,0.0,720.66156,-989.57074,1676.090332,-0.810076905,0.5855206786,0.0306747945,,,,
27433,0.0,717.020752,-990.271851,1676.37146,-0.8083268421,0.5879343274,0.0306747945,,,,
27434,0.0,713.484802,-990.937988,1676.534668,-0.8062333315,0.5908368683,0.0299935047,,,,
27435,0.0,709.546204,-991.658447,1676.51062,-0.802729736,0.5956021325,0.0297165049,,,,
27436,0.0,706.272705,-992.224915,1676.479492,-0.7981567468,0.6017529101,0.028969686,,,,
27437,0.0,702.545044,-992.873779,1676.335327,-0.7945673706,0.6064945682,0.0287581705,,,,
27438,0.0,700.725525,-993.176636,1676.231079,-0.7919787899,0.6098874318,0.0284062814,,,,
27439,0.0,696.380066,-993.871887,1675.637451,-0.784627723,0.6193699585,0.0272064478,,,,
27440,0.0,692.847473,-994.407898,1675.295532,-0.7785322333,0.6270303811,0.0268414408,,,,
27441,0.0,689.213806,-994.936462,1674.934082,-0.7721337339,0.6348929311,0.0268414408,,,,
27442,0.0,685.730408,-995.42041,1674.279419,-0.7676642155,0.640289926,0.0268414408,,,,
27443,0.0,682.034912,-995.922791,1674.310425,-0.762321532,0.6466416471,0.0268414233,,,,
27444,0.0,678.49762,-996.375122,1674.140869,-0.7575813034,0.6521887042,0.0268414408,,,,
27445,0.0,674.923767,-996.795654,1673.866821,-0.7530236384,0.6574457673,0.0268414408,,,,
27446,0.0,671.619141,-997.247375,1673.784546,-0.7490327559,0.6619890238,0.0268414408,,,,
27447,0.0,667.759094,-997.768982,1673.7677,-0.7455933649,0.6658603993,0.0268414408,,,,
27448,0.0,661.560486,-998.15741,1673.571045,-0.7390112807,0.6731728033,0.0264708122,,,,
27449,0.0,658.027893,-998.216614,1673.280762,-0.7370307374,0.6753570231,0.0260496351,,,,
27450,0.0,654.05542,-998.191833,1674.064941,-0.7345263098,0.6780864023,0.0258830298,,,,
27451,0.0,649.687378,-998.578003,1674.174194,-0.728950388,0.6840770429,0.0258830298,,,,
27452,0.0,646.65332,-998.155884,1673.03894,-0.7189058881,0.6946253615,0.0258830298,,,,
27453,0.0,643.579651,-997.825317,1671.773804,-0.7091909548,0.7045411687,0.0258830298,,,,
27454,0.0,641.587921,-997.4543455,1671.706665,-0.6993435579,0.7141839416,0.0258830298,,,,
27455,0.0,639.596191,-997.083374,1671.639526,-0.689496161,0.7238267146,0.0258830298,,,,
27456,0.0,634.526367,-995.772583,1667.24939,-0.6528570523,0.7570387956,0.0258830298,,,,
27457,0.0,632.741699,-994.977295,1665.042725,-0.6227852875,0.7819934137,0.0249957299,,,,
27458,0.0,631.693665,-994.295654,1662.825195,-0.6003965482,0.7993788173,0.0227484392,,,,
27459,0.0,630.548706,-993.417358,1660.577026,-0.5777113087,0.8159879835,0.020328666,,,,
27460,0.0,629.67041,-992.660583,1658.878052,-0.5648693386,0.8249738893,0.0184583916,,,,
27461,0.0,628.214172,-991.833191,1658.990112,-0.5556754607,0.8312508531,0.0157099175,,,,
27462,0.0,627.057007,-991.038208,1659.038818,-0.5516669627,0.8339535698,0.0136016819,,,,
27463,0.0,626.298523,-990.346558,1659.236938,-0.4676961886,0.8833886256,-0.0297457785,,,,
27464,0.0,625.605957,-989.849426,1659.481567,-0.4560498159,0.8893336363,-0.0332302385,,,,
27465,0.0,624.475952,-989.162537,1659.779541,-0.4530720395,0.8909110085,-0.0316749402,,,,
27466,0.0,623.467773,-988.742432,1660.298096,-0.4469003633,0.8940011094,-0.0322812889,,,,
27467,0.0,623.2486875,-988.680603,1660.378418,-0.4457454491,0.8945761698,-0.0322925142,,,,
27468,0.0,623.029602,-988.618774,1660.45874,-0.4445905349,0.8951512301,-0.0323037396,,,,
27469,0.0,621.178772,-988.552063,1661.426025,-0.4349705631,0.8998894882,-0.0316151577,,,,
27470,0.0,619.349915,-988.476624,1661.365723,-0.4241426202,0.9053430976,-0.0213755311,,,,
27471,0.0,618.247131,-988.461121,1661.305054,-0.4159867024,0.9093067676,-0.0107826621,,,,
27472,0.0,617.374878,-988.527466,1661.369751,-0.4125659823,0.9108942174,-0.0078124855,,,,
27473,0.0,616.214172,-988.612915,1661.423706,-0.4108857162,0.9116516997,-0.0080066648,,,,
27474,0.0,615.272095,-988.690308,1661.347778,-0.4048743999,0.9143634997,-0.0040138276,,,,
27475,0.0,614.494202,-988.73175,1661.188477,-0.3988821662,0.9170005223,-0.0017491855,,,,
27476,0.0,613.615601,-988.786072,1660.998535,-0.3947233265,0.9187970572,-0.0023373603,,,,
27477,0.0,612.792542,-988.881714,1660.711792,-0.3909793298,0.920391642,-0.0037932895,,,,
27478,0.0,612.266663,-989.186157,1660.292725,-0.3887003628,0.9213638314,-0.000847462,,,,
27479,0.0,611.164124,-989.357422,1660.141235,-0.386448693,0.9223041491,0.0035304796,,,,
27480,0.0,610.016907,-989.729004,1659.740479,-0.3826056916,0.9238880952,0.0066085015,,,,
27481,0.0,608.847961,-990.161133,1659.372681,-0.3792302584,0.9252658513,0.008216778,,,,
27482,0.0,607.851318,-990.591553,1659.031006,-0.3789282792,0.9253351553,0.012969562,,,,
27483,0.0,607.7214963333,-990.760966,1658.8838706667,-0.3789248117,0.9253266879,0.013625259,,,,
27484,0.0,607.5916746667,-990.930379,1658.7367353333,-0.3789213443,0.9253182204,0.014280956,,,,
27485,0.0,607.461853,-991.099792,1658.5896,-0.3789178768,0.925309753,0.014936653,,,,
27486,0.0,603.783508,-992.087402,1658.491211,-0.3719787338,0.9280169634,0.0204043452,,,,
27487,0.0,602.229675,-992.506226,1658.588989,-0.3715828348,0.928097682,0.0236831077,,,,
27488,0.0,600.932007,-993.005493,1658.258545,-0.3724537667,0.9276458517,0.0274110462,,,,
27489,0.0,600.068298,-993.266418,1658.369263,-0.3743683392,0.9268478341,0.0283096988,,,,
27490,0.0,598.810974,-993.596313,1658.647583,-0.3763331562,0.9260351527,0.0288487678,,,,
27491,0.0,596.414795,-994.360352,1658.734741,-0.3758120482,0.9262720746,0.0280240669,,,,
27492,0.0,595.334778,-994.578918,1658.952026,-0.3707047785,0.9283386862,0.0276631681,,,,
27493,0.0,594.315308,-994.801147,1659.043335,-0.368510715,0.9291664417,0.0291474949,0.0063711339,287.4261777691,2550.3265697495,3.0
27494,0.0,592.867859,-995.15979,1659.155396,-0.3655627525,0.9303084967,0.029832448,0.006057641,280.2064036105,2549.5879044316,3.0
27495,0.0,591.602905,-995.494934,1659.284668,-0.3631656032,0.9314161261,0.0239738319,0.0058461479,275.2572689154,2549.3212473746,3.0
27496,0.0,589.917908,-995.913391,1659.405151,-0.4253906453,0.9049021633,0.0139597197,0.0156352559,448.9916270172,2549.0302761359,3.0
27497,0.0,587.994629,-996.30304,1659.488403,-0.4427180114,0.8966005416,0.0104034233,0.0193927622,499.4923470707,2548.6477842171,3.0
27498,0.0,587.016724,-996.723572,1659.485474,-0.4366159614,0.8995862582,0.0105388011,0.0180080542,481.3948292324,2548.1036138287,3.0
27499,0.0,585.51825,-997.24231,1659.366577,-0.430699838,0.9024292197,0.0109157181,0.0166902423,463.4453453336,2547.2521043958,3.0
27500,0.0,585.1571045,-997.360962,1659.3292235,-0.4294845242,0.9030076671,0.0108804296,0.0164186306,459.6309770439,2547.0095902463,3.0
27501,0.0,584.795959,-997.479614,1659.29187,-0.4282692105,0.9035861145,0.0108451412,0.0161470189,455.8166087542,2546.7670760969,3.0
27502,0.0,581.466919,-998.751465,1658.883789,-0.4108094651,0.911624417,0.0132855441,0.0126221448,403.0249042571,2544.6325662544,3.0
27503,0.0,579.987366,-999.383789,1659.074463,-0.4017874367,0.9156068469,0.0151972883,,,,
27504,0.0,578.121582,-1000.053345,1658.505005,-0.396846013,0.9176720717,0.0197790502,,,,
27505,0.0,577.261902,-1000.423218,1658.431641,-0.4007577246,0.9159421992,0.021050746,,,,
27506,0.0,576.14209,-1000.961426,1658.413696,-0.4059258993,0.9136523214,0.0215313705,,,,
27507,0.0,574.774841,-1001.577026,1658.416504,-0.4111544926,0.9112997053,0.022018865,,,,
27508,0.0,573.613159,-1002.086975,1658.461182,-0.4159498154,0.909109995,0.0224670419,,,,
27509,0.0,572.381836,-1002.655151,1658.509644,-0.3884971493,0.9210468681,0.0272512687,,,,
27510,0.0,571.702698,-1002.949219,1658.577026,-0.3681779675,0.9293130739,0.0286739407,,,,
27511,0.0,570.735535,-1003.343506,1658.628296,-0.3644292588,0.9307925883,0.0285739918,,,,
27512,0.0,569.356323,-1003.881958,1658.763306,-0.3587659478,0.9330935399,0.0249687904,,,,
27513,0.0,568.431396,-1004.223083,1658.836548,-0.3551886162,0.9344845689,0.0240756599,,,,
27514,0.0,567.558655,-1004.483154,1658.943359,-0.3525723034,0.935477629,0.0239661547,,,,
27515,0.0,566.5979,-1004.771851,1659.046387,-0.3493636063,0.9367330771,0.0218223009,,,,
27516,0.0,566.5346985,-1004.687439,1659.336304,-0.3480845504,0.9372391924,0.0203938546,,,,
27517,0.0,566.471497,-1004.603027,1659.626221,-0.3417308159,0.9397074268,0.0130384618,,,,
27518,0.0,564.74115,-1005.047241,1659.770874,-0.3420919554,0.9395668311,0.0136844377,,,,
27519,0.0,563.170044,-1005.643433,1659.838379,-0.3417308159,0.9397074268,0.0130384618,,,,
27520,0.0,561.88855,-1006.199585,1659.804688,-0.3417308159,0.9397074268,0.0130384618,,,,
27521,0.0,561.369141,-1006.247559,1659.676147,-0.3417308159,0.9397074268,0.0130384618,,,,
27522,0.0,560.483887,-1006.579163,1659.560791,-0.3417308159,0.9397074268,0.0130384618,,,,
27523,0.0,559.534973,-1007.044067,1659.436523,-0.3417308159,0.9397074268,0.0130384618,,,,
27524,0.0,558.678345,-1007.437134,1659.29895,-0.3417308159,0.9397074268,0.0130384618,,,,
27525,0.0,557.183167,-1008.082581,1658.980957,-0.3417308159,0.9397074268,0.0130384618,,,,
27526,0.0,556.107544,-1008.595886,1658.572632,-0.3417308159,0.9397074268,0.0130384618,,,,
27527,0.0,555.062805,-1008.998596,1658.575562,-0.3417308159,0.9397074268,0.0130384618,,,,
27528,0.0,553.35791,-1009.735596,1658.287476,-0.3378037801,0.9411262427,0.0130384618,,,,
27529,0.0,552.218323,-1010.335388,1658.152832,-0.3313612475,0.9434260393,0.0121256745,,,,
27530,0.0,551.004517,-1010.852722,1658.188965,-0.3264068885,0.9451688721,0.0106932889,,,,
27531,0.0,550.7532045,-1010.9760435,1658.2227785,-0.325060212,0.9456364003,0.0102686204,,,,
27532,0.0,550.501892,-1011.099365,1658.256592,-0.3237135354,0.9461039285,0.0098439518,,,,
27533,0.0,548.631104,-1011.788452,1658.821045,-0.296045396,0.9551718942,-0.001943196,,,,
27534,0.0,546.499878,-1012.593628,1658.851929,-0.2865302071,0.9580313212,-0.0087423127,,,,
27535,0.0,545.51355,-1012.928101,1659.067993,-0.2841221513,0.9587236867,-0.0111128586,,,,
27536,0.0,544.465637,-1013.294678,1659.076416,-0.283376298,0.9589351113,-0.0118880651,,,,
27537,0.0,543.264832,-1013.598389,1659.352661,-0.283376298,0.9589351113,-0.0118880651,,,,
27538,0.0,542.126221,-1013.908752,1659.460449,-0.282798182,0.9591057619,-0.0118880476,,,,
27539,0.0,541.068115,-1014.130981,1659.509888,-0.2824567944,0.9592063559,-0.0118880651,,,,
27540,0.0,539.95697,-1014.041199,1659.727173,-0.2830889601,0.9590278975,-0.0112308704,,,,
27541,0.0,538.749634,-1014.243042,1659.896484,-0.2841285055,0.9587324752,-0.0101505384,,,,
27542,0.0,537.815674,-1014.401184,1660.128052,-0.2857547684,0.9582620394,-0.0088360681,,,,
27543,0.0,536.781921,-1014.590088,1660.494141,-0.2877063121,0.9576907792,-0.0073109097,,,,
27544,0.0,535.964172,-1014.836731,1660.921387,-0.2900289944,0.957002507,-0.0054207043,,,,
27545,0.0,535.544067,-1014.966797,1661.201416,-0.291278029,0.9566283313,-0.0043983726,,,,
27546,0.0,535.0979,-1015.189941,1661.520508,-0.2926675967,0.9562086865,-0.0032597108,,,,
27547,0.0,534.531799,-1015.511414,1661.865845,-0.2926675967,0.9562086865,-0.0032597108,,,,
27548,0.0,534.365295,-1015.747131,1662.197388,-0.2926675967,0.9562086865,-0.0032597108,,,,
27549,0.0,534.273926,-1015.866821,1662.316162,-0.2926675967,0.9562086865,-0.0032597108,,,,
27550,0.0,534.355347,-1015.946838,1662.420898,-0.2926675967,0.9562086865,-0.0032597108,,,,
27551,0.0,534.372559,-1016.0224,1662.50647,-0.2926675967,0.9562086865,-0.0032597108,,,,
27552,0.0,534.1521,-1015.766968,1662.184204,-0.2926675967,0.9562086865,-0.0032597108,,,,
27553,0.0,534.183533,-1015.890686,1662.270386,-0.2926675967,0.9562086865,-0.0032597108,,,,
27554,0.0,534.258179,-1016.038086,1662.340454,-0.2926675967,0.9562086865,-0.0032597108,,,,
27555,0.0,534.375427,-1016.209473,1662.387817,-0.2926675967,0.9562086865,-0.0032597108,,,,
27556,0.0,534.528442,-1016.405884,1662.425903,-0.2910444568,0.9567018822,-0.0038252812,,,,
27557,0.0,534.843445,-1016.789185,1662.404419,-0.2881381172,0.9575795688,-0.0042183959,,,,
27558,0.0,534.768494,-1016.716553,1662.427124,-0.2872593145,0.9578435631,-0.0042183959,,,,
27559,0.0,534.92572,-1016.823181,1662.346436,-0.2850945393,0.9584928967,-0.0035313871,,,,
27560,0.0,534.95813,-1016.834473,1662.258301,-0.2814502823,0.9595735898,-0.0020650546,,,,
27561,0.0,534.9130555,-1016.822571,1662.1792605,-0.2805518234,0.9598368602,-0.0016911358,,,,
27562,0.0,534.867981,-1016.810669,1662.10022,-0.2796533646,0.9601001305,-0.0013172171,,,,
27563,0.0,535.024597,-1016.897888,1662.076416,-0.2744264364,0.9616068525,0.0015467102,,,,
27564,0.0,535.182556,-1017.011169,1662.129883,-0.2724575231,0.9621586691,0.0041944677,,,,
27565,0.0,534.991089,-1016.872253,1662.074463,-0.2716960731,0.9623701974,0.0049846746,,,,
27566,0.0,535.009644,-1016.848938,1662.056396,-0.2711193522,0.9625293661,0.0056139268,,,,
27567,0.0,535.081482,-1016.894165,1662.072266,-0.270678653,0.9626503286,0.0061165031,,,,
27568,0.0,535.220093,-1016.757751,1661.961304,-0.2528433108,0.9659260676,0.0552909776,,,,
27569,0.0,535.330688,-1016.787598,1661.984253,-0.2530467394,0.9657955189,0.0566247594,,,,
27570,0.0,535.333313,-1016.78833,1661.985474,-0.2542319626,0.9655032709,0.0562986943,,,,
27571,0.0,535.414246,-1016.80542,1662.004395,-0.2547484271,0.9649892344,0.0624421038,,,,
27572,0.0,535.562195,-1016.815369,1662.025391,-0.2561235889,0.9641861678,0.0688893386,,,,
27573,0.0,535.613678,-1016.815247,1662.0320435,-0.2568609064,0.9639195014,0.0698578321,,,,
27574,0.0,535.665161,-1016.815125,1662.038696,-0.2575982239,0.9636528351,0.0708263257,,,,
27575,0.0,535.632385,-1016.693665,1662.007202,-0.2629729656,0.961363644,0.0813951064,,,,
27576,0.0,535.613525,-1016.691406,1662.014038,-0.2648813831,0.960670841,0.0833629903,,,,
27577,0.0,535.618774,-1016.71839875,1662.04324325,-0.2651178158,0.9605962086,0.0834700482,,,,
27578,0.0,535.624023,-1016.7453915,1662.0724485,-0.2653542486,0.9605215762,0.083577106,,,,
27579,0.0,535.629272,-1016.77238425,1662.10165375,-0.2655906813,0.9604469438,0.0836841639,,,,
27580,0.0,535.634521,-1016.799377,1662.130859,-0.2923983163,0.9514162194,0.0964904248,,,,
27581,0.0,535.634521,-1016.799377,1662.130859,-0.2923983163,0.9514162194,0.0964904248,,,,
27582,0.0,535.602844,-1017.334229,1662.380493,-0.2863959395,0.9538659605,0.0900949236,,,,
27583,0.0,535.413879,-1016.863892,1662.118896,-0.2914087393,0.9518628969,0.0950682495,,,,
27584,0.0,535.43634,-1016.968384,1662.170166,-0.2923983163,0.9514162194,0.0964904248,,,,
27585,0.0,535.455566,-1017.031006,1662.210327,-0.2923983163,0.9514162194,0.0964904248,,,,
27586,0.0,535.462036,-1017.052063,1662.237061,-0.2923983163,0.9514162194,0.0964904248,,,,
27587,0.0,535.453308,-1017.02356,1662.249268,-0.2923983163,0.9514162194,0.0964904248,,,,
27588,0.0,535.447266,-1017.003845,1662.27832,-0.2923983163,0.9514162194,0.0964904248,,,,
27589,0.0,535.430237,-1016.948486,1662.284546,-0.2923983163,0.9514162194,0.0964904248,,,,
27590,0.0,535.406616,-1016.87146,1662.297729,-0.2923983163,0.9514162194,0.0964904248,,,,
27591,0.0,535.393127,-1016.827759,1662.307129,-0.2923983163,0.9514162194,0.0964904248,,,,
27592,0.0,535.348389,-1016.682251,1662.304199,-0.2923983163,0.9514162194,0.0964904248,0.048792269,497.6496545699,1612.8591620568,6.0
27593,0.0,535.086853,-1016.631836,1662.416748,-0.2923983163,0.9514162194,0.0964904248,0.048844766,497.9318829742,1612.92809608,6.0
27594,0.0,535.0758055,-1016.63089,1662.42218,-0.2923983163,0.9514162194,0.0964904248,,,,
27595,0.0,535.064758,-1016.629944,1662.427612,-0.2923983163,0.9514162194,0.0964904248,,,,
27596,0.0,534.682251,-1016.545898,1662.543335,-0.2923983163,0.9514162194,0.0964904248,,,,
27597,0.0,534.545532,-1016.524841,1662.60437,-0.2923983163,0.9514162194,0.0964904248,,,,
27598,0.0,534.307251,-1016.496277,1662.748779,-0.2923983163,0.9514162194,0.0964904248,,,,
27599,0.0,534.356262,-1016.497253,1662.708984,-0.2923983163,0.9514162194,0.0964904248,,,,
27600,0.0,534.317566,-1016.495483,1662.739624,-0.2923983163,0.9514162194,0.0964904248,,,,
27601,0.0,534.189819,-1016.565552,1662.985107,-0.2923983163,0.9514162194,0.0964904248,,,,
27602,0.0,534.189575,-1016.570129,1662.99353,-0.2923983163,0.9514162194,0.0964904248,,,,
27603,0.0,534.193359,-1016.662842,1663.178589,-0.2923983163,0.9514162194,0.0964904248,,,,
27604,0.0,534.198425,-1016.66803,1663.206055,-0.2923983163,0.9514162194,0.0964904248,,,,
27605,0.0,534.231628,-1016.768433,1663.389282,-0.2923983163,0.9514162194,0.0964904248,,,,
27606,0.0,534.265381,-1016.813904,1663.483032,-0.2923983163,0.9514162194,0.0964904248,,,,
27607,0.0,534.280518,-1016.820068,1663.543823,-0.2930753921,0.951207872,0.0964904075,,,,
27608,0.0,534.031311,-1016.318481,1663.334595,-0.2950159841,0.9506077865,0.0964904422,,,,
27609,0.0,534.011169,-1016.277161,1663.925659,-0.2960448,0.9502878902,0.0964904248,,,,
27610,0.0,533.953308,-1016.192078,1664.757202,-0.2955043422,0.9505151354,0.0959070441,,,,
27611,0.0,533.899536,-1016.016235,1665.898682,-0.2872323656,0.9531883767,0.094495961,,,,
27612,0.0,533.782349,-1015.903992,1667.555054,-0.2722517057,0.9577810879,0.0923817967,,,,
27613,0.0,533.750458,-1015.8692935,1668.5859985,-0.2520282996,0.9632492434,0.0904997364,,,,
27614,0.0,533.718567,-1015.834595,1669.616943,-0.2318048934,0.9687173989,0.0886176761,,,,
27615,0.0,533.865479,-1015.886536,1672.436646,-0.1341646389,0.9873659411,0.0843110199,,,,
27616,0.0,534.020081,-1015.87561,1673.651001,-0.0549316147,0.9948339776,0.0853690497,,,,
27617,0.0,534.2630615,-1015.912689,1674.3049315,0.013403706,0.9935576672,0.089311879,,,,
27618,0.0,534.506042,-1015.949768,1674.958862,0.0817390267,0.9922813567,0.0932547084,,,,
27619,0.0,535.163391,-1015.9776,1675.937256,0.2532697289,0.9614413816,0.107167692,,,,
27620,0.0,535.388184,-1015.73468,1676.030151,0.3185670785,0.9410806521,0.1134998803,,,,
27621,0.0,535.462646,-1015.620422,1676.748779,0.3523093461,0.9285970056,0.116557822,,,,
27622,0.0,536.118652,-1015.162598,1676.851074,0.3984658551,0.9093689804,0.119469744,,,,
27623,0.0,536.656799,-1014.645874,1677.010498,0.4280000903,0.8957213977,0.1204122104,,,,
27624,0.0,537.291016,-1013.718201,1677.006714,0.4470762793,0.8863541618,0.1204122104,,,,
27625,0.0,537.728577,-1013.0617065,1676.9403685,0.4582065026,0.8805624754,0.120412219,,,,
27626,0.0,538.922791,-1011.235779,1676.692261,0.4849578404,0.8662082824,0.1204122277,,,,
27627,0.0,539.760315,-1009.90033,1676.526611,0.4985510894,0.8585864513,0.1194827056,,,,
27628,0.0,540.631287,-1008.46936,1676.349243,0.5084545501,0.8528809434,0.1186088818,,,,
27629,0.0,541.63916,-1006.734314,1676.059692,0.5137227477,0.8498427363,0.1177126253,,,,
27630,0.0,542.685181,-1004.969971,1675.822876,0.5194812401,0.8464561294,0.1168386162,,,,
27631,0.0,543.685303,-1003.261536,1675.747925,0.5232376906,0.8442569545,0.1159849724,,,,
27632,0.0,544.716248,-1001.478638,1675.783325,0.5253683124,0.8430546102,0.115095875,,,,
27633,0.0,546.281494,-998.801758,1675.897095,0.5283539788,0.8412407824,0.1146996911,,,,
27634,0.0,547.419189,-997.099365,1675.944092,0.531010307,0.8395665755,0.1146996911,,,,
27635,0.0,549.183105,-994.983948,1675.922485,0.5414711852,0.8329800168,0.1138123333,,,,
27636,0.0,550.541565,-993.697327,1675.911133,0.5565509866,0.8229900175,0.1137472218,,,,
27637,0.0,552.762451,-991.880127,1675.930664,0.5740852327,0.8108561618,0.1137472218,,,,
27638,0.0,554.12085,-991.166382,1676.142456,0.5981263351,0.7932883818,0.1137472218,,,,
27639,0.0,556.719788,-989.943604,1676.564209,0.6471250892,0.7535983295,0.1154065712,,,,
27640,0.0,558.633728,-989.122253,1676.486206,0.6876673799,0.716458532,0.1174765781,,,,
27641,0.0,561.331421,-987.938232,1676.722656,0.7285952807,0.6744010391,0.1197169804,,,,
27642,0.0,565.360229,-986.424255,1676.980713,0.8056948741,0.5792102727,0.1239807639,,,,
27643,0.0,567.473328,-985.579773,1677.13916,0.8365053607,0.5330212936,0.1270711698,,,,
27644,0.0,570.834595,-984.094238,1677.353882,0.8670817242,0.4807337307,0.1306306383,,,,
27645,0.0,574.644897,-982.500977,1677.355103,0.897177587,0.4206409451,0.1346609546,,,,
27646,0.0,577.5354,-981.400024,1677.514526,0.9194529935,0.3680484532,0.1383709829,,,,
27647,0.0,580.416321,-980.189758,1677.501343,0.9310389515,0.3367325642,0.1406330367,,,,
27648,0.0,584.45575,-978.357605,1677.373291,0.9375995129,0.3177027852,0.1413226582,,,,
27649,0.0,586.182495,-977.535522,1677.269897,0.9377107205,0.3173744017,0.1413226582,,,,
27650,0.0,590.227417,-975.641113,1677.001709,0.9377107205,0.3173744017,0.1413226582,,,,
27651,0.0,595.500244,-973.276001,1676.819336,0.9390011965,0.3154846219,0.1369167864,,,,
27652,0.0,596.8206785,-972.6130675,1676.7955935,0.9394891111,0.3148819446,0.1349259291,,,,
27653,0.0,601.307373,-970.231506,1676.338501,0.9405621685,0.3136369732,0.1302868225,,,,
27654,0.0,603.4653625,-968.9668885,1676.230652,0.940996233,0.3131504856,0.1282904997,,,,
27655,0.0,605.623352,-967.702271,1676.122803,0.9414302976,0.312663998,0.1262941769,,,,
27656,0.0,609.672852,-963.95813,1676.784668,0.9298133917,0.3486585274,0.1178316083,,,,
27657,0.0,611.377563,-961.880371,1677.060669,0.9179040965,0.378928808,0.1177498543,,,,
27658,0.0,612.6935115,-960.532074,1676.9801025,0.9126834874,0.3903807141,0.1201971694,,,,
27659,0.0,615.867371,-957.64801,1676.521606,0.9030425169,0.4101986861,0.1274803928,,,,
27660,0.0,618.033142,-955.133179,1676.15271,0.9004411434,0.4165335013,0.1253219437,,,,
27661,0.0,619.822937,-952.688782,1675.68396,0.9033790609,0.4127468639,0.1163885679,,,,
27662,0.0,620.802734,-950.932129,1675.366455,0.9083020706,0.4049085248,0.1050544384,,,,
27663,0.0,621.848877,-947.763489,1675.36792,0.9136849879,0.3957116587,0.0926931829,,,,
27664,0.0,622.676208,-944.592468,1675.225708,0.9177984041,0.3880909849,0.0838539021,,,,
27665,0.0,623.198242,-941.855408,1674.751953,0.9186375475,0.3866507965,0.0812786438,,,,
27666,0.0,622.921692,-939.501343,1675.289673,0.9195981358,0.3848009314,0.0791676179,,,,
27667,0.0,622.080872,-935.682434,1676.214111,0.9220734906,0.3797108032,0.0748343759,,,,
27668,0.0,621.605591,-932.201721,1676.2771,0.9244784002,0.3746137279,0.0707406709,,,,
27669,0.0,620.744629,-929.475769,1676.571899,0.9267421442,0.3693850971,0.0685831483,,,,
27670,0.0,619.871704,-925.993225,1676.660889,0.9295303232,0.3624540517,0.0678265339,,,,
27671,0.0,619.341675,-923.730774,1676.53894,0.9313962853,0.3575143542,0.0684430143,,,,
27672,0.0,618.370972,-919.339905,1676.30188,0.9339461912,0.3505771528,0.0695713438,,,,
27673,0.0,617.430542,-915.621521,1675.985352,0.9396963504,0.3348240975,0.0697394634,,,,
27674,0.0,616.77417,-912.866577,1675.515991,0.9469909519,0.3135993372,0.0697394634,,,,
27675,0.0,615.908936,-908.731201,1675.473511,0.9596967862,0.2726974248,0.0679572883,,,,
27676,0.0,615.278381,-905.941833,1675.370728,0.967920306,0.2423230168,0.0664066015,,,,
27677,0.0,614.752197,-903.325195,1675.264404,0.9748649981,0.2129895737,0.0653733654,,,,
27678,0.0,613.959595,-899.413757,1675.334106,0.982160467,0.1766280248,0.0645240875,,,,
27679,0.0,613.218811,-895.967163,1675.348999,0.9857779864,0.1553509677,0.0640924204,,,,
27680,0.0,612.459045,-892.844604,1675.533569,0.9880341518,0.1406046241,0.063394437,,,,
27681,0.0,611.600464,-888.937988,1675.807861,0.9897704195,0.1279846901,0.0630431257,,,,
27682,0.0,611.160889,-886.928467,1675.848999,0.9899353098,0.1267029866,0.0630431257,,,,
27683,0.0,609.733521,-882.53656,1673.725586,0.9900143589,0.1260838352,0.0630431257,,,,
27684,0.0,609.283264,-880.402649,1673.730103,0.9901003045,0.1254071425,0.0630431257,,,,
27685,0.0,609.077148,-879.511719,1673.73877,0.9901378324,0.1251104996,0.0630431257,,,,
27686,0.0,608.340698,-876.837952,1673.865112,0.9902468604,0.1242445964,0.0630431257,,,,
27687,0.0,608.111694,-875.789001,1673.884155,0.9903155749,0.1241684567,0.0621068149,,,,
27688,0.0,608.177795,-875.59491,1674.131348,0.990357462,0.1241737086,0.0614246489,,,,
27689,0.0,608.195618,-875.693115,1674.850708,0.9904286695,0.1241826544,0.0602471485,,,,
27690,0.0,608.184326,-876.29425,1675.351929,0.9908881486,0.1214142636,0.0583031173,,,,
27691,0.0,608.395264,-876.936035,1675.039795,0.9919905431,0.1133067539,0.055824206,,,,
27692,0.0,608.342712,-877.428284,1675.30896,0.9935445197,0.1004659083,0.0526867017,,,,
27693,0.0,609.092529,-878.485657,1671.848511,0.9958388711,0.0769259298,0.0488604559,,,,
27694,0.0,609.341339,-878.815033,1670.633118,0.9965591792,0.0672808102,0.0474071248,,,,
27695,0.0,609.742493,-879.624939,1667.906616,0.9976259278,0.0519905825,0.0451606851,,,,
27696,0.0,609.903992,-880.119995,1666.8534545,0.99785377,0.0477896866,0.0445639309,,,,
27697,0.0,610.065491,-880.615051,1665.800293,0.9980816122,0.0435887906,0.0439671768,,,,
27698,0.0,610.183044,-881.420898,1664.828491,0.9984467495,0.0354929752,0.0429457462,,,,
27699,0.0,610.407593,-882.174133,1663.275024,0.9989649785,0.0214103724,0.0401318797,,,,
27700,0.0,610.889954,-883.828979,1662.137573,0.9994332301,-0.0031554868,0.033515092,,,,
27701,0.0,611.106201,-884.608154,1662.052734,0.9994678212,-0.0082009593,0.031572436,,,,
27702,0.0,611.489685,-885.310242,1661.82312,0.9994692102,-0.008528453,0.0314414268,,,,
27703,0.0,611.527466,-886.151978,1661.740601,0.9994692102,-0.008528453,0.0314414268,,,,
27704,0.0,611.659485,-886.790344,1661.66333,0.9994692102,-0.008528453,0.0314414268,,,,
27705,0.0,611.879211,-887.637939,1661.447021,0.9994692102,-0.008528453,0.0314414268,,,,
27706,0.0,610.19812,-889.071106,1663.254028,0.9994573478,-0.0111002042,0.031012826,,,,
27707,0.0,609.646362,-890.029175,1663.685669,0.9994406801,-0.0134360259,0.0306235233,,,,
27708,0.0,608.378601,-891.434509,1664.250977,0.9992739522,-0.0260713742,0.0277822236,,,,
27709,0.0,608.082825,-892.159302,1664.42627,0.9987609807,-0.0431319156,0.0248221933,,,,
27710,0.0,607.018982,-892.962646,1664.991577,0.9976476806,-0.0660751562,0.0182531929,,,,
27711,0.0,607.58844,-892.650635,1664.161987,0.9974734117,-0.0690808516,0.016571928,,,,
27712,0.0,607.034302,-893.080383,1664.03125,0.9974239898,-0.0699217914,0.0160102335,,,,
27713,0.0,606.626068,-893.3013915,1664.03125,0.9974239898,-0.0699217914,0.0160102335,,,,
27714,0.0,606.264221,-893.903198,1664.03125,0.9971252838,-0.0735962644,0.01802105,,,,
27715,0.0,606.224426,-894.551392,1664.03125,0.9965257101,-0.0803969717,0.0217447918,,,,
27716,0.0,606.102112,-894.948608,1664.03125,0.9956062591,-0.0904861144,0.024092323,,,,
27717,0.0,605.476501,-895.186646,1664.03125,0.994433255,-0.1022562844,0.0254195531,,,,
27718,0.0,605.729553,-895.551941,1664.03125,0.9940572275,-0.1058068915,0.0255955123,,,,
27719,0.0,606.278564,-896.327576,1664.03125,0.9937148679,-0.1089753691,0.0255955123,,,,
27720,0.0,606.425842,-896.724304,1664.03125,0.9958307712,-0.0870713103,0.0271967299,,,,
27721,0.0,607.109924,-897.215332,1664.03125,0.996804573,-0.0747779726,0.0280873276,,,,
27722,0.0,607.30481,-897.557007,1664.03125,0.996804573,-0.0747779726,0.0280873276,,,,
27723,0.0,607.885315,-897.967468,1664.03125,0.996804573,-0.0747779726,0.0280873276,,,,
27724,0.0,608.63208,-897.871338,1664.03125,0.9973500904,-0.066594444,0.0292912486,,,,
27725,0.0,609.867981,-897.826355,1664.03125,0.997593541,-0.0630520965,0.0288367824,,,,
27726,0.0,609.999512,-898.403625,1664.03125,0.9968895208,-0.0761390774,0.0203500418,,,,
27727,0.0,610.85791,-898.546814,1663.990356,0.9968935306,-0.0763235272,0.0194424234,,,,
27728,0.0,611.0054625,-898.6104735,1663.882019,0.996908746,-0.0761501096,0.0193409515,,,,
27729,0.0,611.153015,-898.674133,1663.773682,0.9982025779,-0.0569082021,0.018790156,,,,
27730,0.0,611.824341,-899.516663,1662.903564,0.9972930367,-0.0710881781,0.018790156,,,,
27731,0.0,611.747803,-900.374268,1662.793091,0.9978958295,-0.0620551648,0.018790156,,,,
27732,0.0,611.665771,-900.877136,1662.776611,0.998245296,-0.0561538864,0.018790156,,,,
27733,0.0,611.716797,-900.647888,1662.873901,0.9983621281,-0.0540369425,0.018790156,,,,
27734,0.0,611.658447,-900.840576,1662.948486,0.9982156631,-0.0566782138,0.018790156,,,,
27735,0.0,611.545105,-901.131531,1662.685669,0.9972082773,-0.0616270059,0.0421635356,,,,
27736,0.0,611.5267945,-901.108185,1662.6795045,0.9972016822,-0.0620174742,0.0417409499,,,,
27737,0.0,611.508484,-901.084839,1662.67334,0.997195087,-0.0624079424,0.0413183642,,,,
27738,0.0,611.477722,-900.945251,1662.549316,0.9971949545,-0.0624156919,0.0413098542,,,,
27739,0.0,611.4720765,-900.8831785,1662.5570675,0.9971662272,-0.0628713244,0.0413098455,,,,
27740,0.0,611.466431,-900.821106,1662.564819,0.9971375,-0.0633269568,0.0413098368,,,,
27741,0.0,611.60083,-900.064819,1662.548096,0.9968913246,-0.0670908548,0.0413098542,,,,
27742,0.0,611.633179,-899.797668,1662.506104,0.9964280395,-0.0740147286,0.0406568822,,,,
27743,0.0,611.6515505,-899.6941525,1662.541382,0.996285268,-0.0759684032,0.0405043958,,,,
27744,0.0,611.669922,-899.590637,1662.57666,0.9961424964,-0.0779220777,0.0403519095,,,,
27745,0.0,611.669922,-899.590637,1662.57666,0.9952851298,-0.0724572933,0.0644782983,,,,
27746,0.0,611.779541,-898.486084,1662.403076,0.9953095044,-0.0721216988,0.0644782983,,,,
27747,0.0,611.782349,-898.315063,1662.38855,0.9952851298,-0.0724572933,0.0644782983,,,,
27748,0.0,611.808899,-897.959595,1662.350342,0.9952851298,-0.0724572933,0.0644782983,,,,
27749,0.0,611.825623,-897.685547,1662.312378,0.9952851298,-0.0724572933,0.0644782983,,,,
27750,0.0,611.843567,-897.331055,1662.250244,0.9952851298,-0.0724572933,0.0644782983,,,,
27751,0.0,611.855774,-897.14801,1662.217407,0.9952851298,-0.0724572933,0.0644782983,,,,
27752,0.0,611.789551,-897.082336,1662.236572,0.9952851298,-0.0724572933,0.0644782983,,,,
27753,0.0,611.830383,-896.764709,1662.456909,0.9952851298,-0.0724572933,0.0644782983,,,,
27754,0.0,611.81543,-896.843689,1662.996826,0.9952851298,-0.0724572933,0.0644782983,,,,
27755,0.0,611.78125,-897.068298,1663.026367,0.9952851298,-0.0724572933,0.0644782983,,,,
27756,0.0,611.768066,-897.193909,1663.062012,0.9952851298,-0.0724572933,0.0644782983,,,,
27757,0.0,611.744934,-897.373169,1663.061035,0.9952851298,-0.0724572933,0.0644782983,,,,
27758,0.0,611.751099,-897.472351,1663.040405,0.9952851298,-0.0724572933,0.0644782983,,,,
27759,0.0,611.790833,-897.44165,1663.032837,0.9952851298,-0.0724572933,0.0644782983,,,,
27760,0.0,611.829773,-897.414856,1662.985107,0.9952851298,-0.0724572933,0.0644782983,,,,
27761,0.0,611.837585,-897.555115,1663.049805,0.9952851298,-0.0724572933,0.0644782983,,,,
27762,0.0,611.943848,-897.242737,1662.943726,0.9952851298,-0.0724572933,0.0644782983,,,,
27763,0.0,611.937805,-897.359375,1662.962891,0.9952851298,-0.0724572933,0.0644782983,,,,
27764,0.0,611.990417,-897.236877,1662.991211,0.9952851298,-0.0724572933,0.0644782983,,,,
27765,0.0,611.979553,-897.462341,1662.991577,0.9952851298,-0.0724572933,0.0644782983,,,,
27766,0.0,611.963379,-897.677124,1662.994507,0.9952851298,-0.0724572933,0.0644782983,,,,
27767,0.0,611.936401,-898.018921,1662.992798,0.9952851298,-0.0724572933,0.0644782983,,,,
27768,0.0,611.954773,-898.287659,1663.020874,0.9952851298,-0.0724572933,0.0644782983,,,,
27769,0.0,612.015137,-898.57843,1663.023071,0.9952851298,-0.0724572933,0.0644782983,,,,
27770,0.0,612.164429,-898.958557,1663.028198,0.9952851298,-0.0724572933,0.0644782983,,,,
27771,0.0,612.379639,-899.130554,1662.928101,0.9952851298,-0.0724572933,0.0644782983,,,,
27772,0.0,609.957825,-900.664124,1664.03125,0.9952851298,-0.0724572933,0.0644782983,,,,
27773,0.0,610.263855,-900.729675,1664.03125,0.9952851298,-0.0724572933,0.0644782983,,,,
27774,0.0,610.470764,-900.764343,1664.03125,0.9952851298,-0.0724572933,0.0644782983,,,,
27775,0.0,610.744995,-900.786438,1664.03125,0.9953168165,-0.0716632525,0.0648753654,,,,
27776,0.0,611.125671,-900.81543,1665.429199,0.9953599032,-0.0705499003,0.0654322138,,,,
27777,0.0,611.364319,-900.819763,1666.415283,0.9954112871,-0.0685474929,0.0667653414,,,,
27778,0.0,611.98584,-900.834167,1669.354126,0.9954240615,-0.0646259907,0.0703876352,,,,
27779,0.0,612.2165835,-900.8433225,1670.195984,0.9954177502,-0.0637650611,0.0712463398,,,,
27780,0.0,612.724121,-900.871399,1672.141846,0.9954112036,-0.0628789121,0.0721302857,,,,
27781,0.0,612.929138,-900.884949,1672.923279,0.9954112036,-0.0628789121,0.0721302857,,,,
27782,0.0,613.476624,-900.921021,1674.907715,0.9953602768,-0.0628756428,0.0728324996,,,,
27783,0.0,613.875916,-900.943176,1676.58313,0.9953695298,-0.0624328867,0.0730864819,,,,
27784,0.0,614.237305,-900.963196,1677.678955,0.9953927782,-0.0620611462,0.0730864645,,,,
27785,0.0,614.738708,-900.993896,1677.701294,0.9954015536,-0.0619202167,0.0730864819,,,,
27786,0.0,615.114075,-901.014343,1677.701172,0.9953972406,-0.0615431097,0.0734627729,,,,
27787,0.0,615.775391,-901.051453,1677.701294,0.9953910835,-0.0610411913,0.0739632596,,,,
27788,0.0,616.717896,-901.109192,1677.701294,0.9953207118,-0.0609573638,0.0749725309,,,,
27789,0.0,617.69458,-901.169495,1677.701294,0.9953187517,-0.0609571914,0.0749986894,,,,
27790,0.0,619.139282,-901.258484,1677.701294,0.995246947,-0.0609528461,0.0759490951,,,,
27791,0.0,620.242493,-901.326355,1677.701294,0.9952465241,-0.0609527679,0.0759546989,,,,
27792,0.0,621.949097,-901.437744,1677.701294,0.9950327062,-0.061671124,0.0781446482,,,,
27793,0.0,623.828491,-901.562256,1677.701294,0.9947366987,-0.0626361851,0.0810901268,,,,
27794,0.0,626.120789,-901.722168,1677.701294,0.9943366169,-0.0646093988,0.0843819756,,,,
27795,0.0,628.119873,-901.855896,1677.701294,0.9941185974,-0.0655413389,0.0862122223,,,,
27796,0.0,630.698975,-902.028625,1677.701294,0.9940251242,-0.0666160036,0.0864659497,,,,
27797,0.0,633.092102,-902.181702,1677.701294,0.9940248885,-0.0666195429,0.0864659323,,,,
27798,0.0,635.561829,-902.348572,1677.701294,0.9938831992,-0.0675297664,0.0873837346,,,,
27799,0.0,637.689575,-902.490723,1677.701294,0.9936960879,-0.067985355,0.0891407673,,,,
27800,0.0,640.672363,-902.689026,1677.701294,0.9934966873,-0.0684372328,0.0909982279,,,,
27801,0.0,643.699768,-902.896301,1677.701294,0.9932403215,-0.0693887693,0.0930530089,,,,
27802,0.0,646.558716,-903.093994,1677.701294,0.9929096095,-0.0703145719,0.095845544,,,,
27803,0.0,648.934021,-903.246094,1677.701294,0.9928267548,-0.0695259959,0.0972685501,,,,
27804,0.0,652.667847,-903.487488,1677.701294,0.9927448112,-0.0684686024,0.0988422501,,,,
27805,0.0,655.818359,-903.682495,1677.701294,0.992777142,-0.0665510614,0.0998223553,,,,
27806,0.0,658.917969,-903.890137,1677.701294,0.9927774066,-0.0665359367,0.0998298053,,,,
27807,0.0,662.08313,-904.102539,1677.701294,0.9927774066,-0.0665359367,0.0998298053,,,,
27808,0.0,664.555054,-904.26825,1677.701294,0.9927774066,-0.0665359367,0.0998298053,,,,
27809,0.0,668.349182,-904.522827,1677.701294,0.9927774066,-0.0665359367,0.0998298053,,,,
27810,0.0,670.69519,-904.685669,1677.701294,0.9927342162,-0.067177273,0.0998298053,,,,
27811,0.0,674.850647,-904.967712,1677.701294,0.9927131606,-0.0674877083,0.0998298053,,,,
27812,0.0,678.197632,-905.193054,1677.701294,0.9927131606,-0.0674877083,0.0998298053,,,,
27813,0.0,681.433105,-905.410767,1677.701294,0.9927131606,-0.0674877083,0.0998298053,,,,
27814,0.0,683.697327,-905.563416,1677.701294,0.9927131606,-0.0674877083,0.0998298053,,,,
27815,0.0,684.916809,-905.645752,1677.701294,0.9927131606,-0.0674877083,0.0998298053,,,,
27816,0.0,691.146912,-906.070557,1677.701294,0.9925852616,-0.0679551138,0.1007799635,,,,
27817,0.0,697.581421,-906.510559,1677.701294,0.9924552088,-0.0684261429,0.1017375131,,,,
27818,0.0,699.6795655,-906.653076,1677.701294,0.9924552088,-0.0684261429,0.1017375131,,,,
27819,0.0,701.77771,-906.795593,1677.701294,0.9924552088,-0.0684261429,0.1017375131,,,,
27820,0.0,703.64679,-906.922913,1677.701294,0.9924217958,-0.0684239088,0.1020644304,,,,
27821,0.0,708.161255,-907.230286,1677.701294,0.9923650155,-0.068419994,0.1026176421,,,,
27822,0.0,715.521423,-907.715515,1677.701294,0.9923842449,-0.0665676275,0.1036448814,,,,
27823,0.0,717.276733,-907.8267515,1677.701294,0.992398391,-0.0656510584,0.104088113,,,,
27824,0.0,721.816589,-908.112915,1677.701294,0.99242998,-0.0632428051,0.1052762199,,,,
27825,0.0,726.158142,-908.37616,1677.701294,0.992504956,-0.0600535106,0.1064306728,,,,
27826,0.0,728.842468,-908.529968,1677.701294,0.9925921594,-0.0572836232,0.1071419231,,,,
27827,0.0,733.163879,-908.779541,1677.701294,0.9926773691,-0.0535313383,0.108286826,,,,
27828,0.0,736.09967,-908.964844,1677.701294,0.9926838791,-0.0531569143,0.1084115243,,,,
27829,0.0,739.510864,-909.177307,1677.701294,0.992703769,-0.0527841676,0.1084115243,,,,
27830,0.0,743.921082,-909.448547,1677.701294,0.9927311658,-0.0522663744,0.1084115243,,,,
27831,0.0,747.901978,-909.692993,1677.701294,0.9927343868,-0.05220516,0.1084115243,,,,
27832,0.0,750.422241,-909.846252,1677.701294,0.9927343868,-0.05220516,0.1084115243,,,,
27833,0.0,753.661133,-910.036743,1677.701294,0.9927027935,-0.051648073,0.1089662352,,,,
27834,0.0,757.169861,-910.233154,1677.701294,0.9927340401,-0.0501849039,0.1093645332,,,,
27835,0.0,762.220581,-910.51355,1677.701294,0.9928213823,-0.0484261711,0.1093645679,,,,
27836,0.0,764.165344,-910.619751,1677.701294,0.992818866,-0.0477682811,0.1096762996,,,,
27837,0.0,769.214539,-910.896545,1677.701294,0.9928094885,-0.0465660921,0.1102765551,,,,
27838,0.0,772.044434,-911.054993,1677.701294,0.9928087928,-0.0464838844,0.1103174936,,,,
27839,0.0,776.067688,-911.276489,1677.701294,0.9928087928,-0.0464838844,0.1103174936,,,,
27840,0.0,778.90625,-911.431519,1677.701294,0.9928087928,-0.0464838844,0.1103174936,,,,
27841,0.0,783.289856,-911.655212,1677.701294,0.9928721994,-0.0451092272,0.1103175109,,,,
27842,0.0,784.487,-911.715332,1677.701294,0.992890994,-0.0446936766,0.1103174936,,,,
27843,0.0,790.429138,-912.006531,1677.701294,0.9929197356,-0.0421336535,0.1110637376,,,,
27844,0.0,793.313599,-912.130493,1677.701294,0.992944251,-0.0393520963,0.1118620891,,,,
27845,0.0,797.798035,-912.306519,1677.701294,0.9930150182,-0.033785651,0.1130473506,,,,
27846,0.0,799.997375,-912.388733,1677.701294,0.9930562485,-0.031036866,0.1134724649,,,,
27847,0.0,804.789429,-912.578125,1677.701294,0.9931089953,-0.0270080888,0.1140398469,,,,
27848,0.0,808.946045,-912.727173,1677.701294,0.9931006938,-0.0227254952,0.1150415744,,,,
27849,0.0,811.7948,-912.809448,1677.701294,0.9931048694,-0.0182828499,0.1157948866,,,,
27850,0.0,815.796204,-912.900757,1677.701294,0.9930960047,-0.0103218085,0.1168494151,,,,
27851,0.0,817.996338,-912.919617,1677.701294,0.9930219722,-0.0031534602,0.1178873122,,,,
27852,0.0,823.317566,-912.984802,1677.701294,0.9927425163,0.0100191148,0.1198412022,,,,
27853,0.0,826.411255,-912.934326,1677.701294,0.9923502853,0.0261962222,0.1206427336,,,,
27854,0.0,830.49176,-912.755188,1677.701294,0.9907935809,0.057299421,0.1226574758,,,,
27855,0.0,832.47229,-912.627686,1677.701294,0.9894373806,0.0750982514,0.1239916226,,,,
27856,0.0,836.709961,-912.422974,1677.701172,0.9868130083,0.1016050905,0.1260019535,,,,
27857,0.0,840.719666,-912.234314,1677.701294,0.9842612495,0.1218623704,0.1279818557,,,,
27858,0.0,844.343994,-911.999939,1677.701294,0.9813991687,0.1405720409,0.1307485104,,,,
27859,0.0,847.487854,-911.785095,1677.701294,0.9793519072,0.1533522765,0.131730487,,,,
27860,0.0,851.732605,-911.5047,1677.701294,0.9773915519,0.1649939162,0.1322223957,,,,
27861,0.0,854.768616,-911.278687,1677.701294,0.975874467,0.1736826039,0.1323003321,,,,
27862,0.0,858.691101,-910.855652,1677.701294,0.9727162587,0.1902821887,0.132724409,,,,
27863,0.0,862.019104,-910.508972,1677.701294,0.9706185516,0.2004544318,0.1331076558,,,,
27864,0.0,869.211853,-909.604675,1677.701294,0.9647886059,0.2263939233,0.1338982351,,,,
27865,0.0,871.384033,-909.272583,1677.701294,0.9623538758,0.235757508,0.1349029326,,,,
27866,0.0,873.556213,-908.940491,1677.701294,0.9599191456,0.2451210927,0.13590763,,,,
27867,0.0,880.214355,-907.61853,1677.701172,0.9465002157,0.2917392228,0.1379331993,,,,
27868,0.0,884.372253,-906.771179,1677.701294,0.9390075714,0.3145830034,0.1389327707,,,,
27869,0.0,887.004028,-906.176086,1677.701294,0.933325137,0.3310547373,0.1389494497,,,,
27870,0.0,890.513733,-905.177979,1677.701294,0.9191049686,0.3689772158,0.1382095181,,,,
27871,0.0,894.090454,-904.117676,1677.701294,0.9038723925,0.4054768468,0.136393639,,,,
27872,0.0,896.696716,-903.30249,1677.701294,0.8920508545,0.4311422696,0.1355050416,,,,
27873,0.0,900.907654,-901.924683,1677.701294,0.8737233123,0.4672706527,0.1351506961,,,,
27874,0.0,903.563782,-901.028198,1677.701294,0.8639984933,0.4850163842,0.1351506961,,,,
27875,0.0,907.264832,-899.719543,1677.701294,0.8518607659,0.5060311454,0.1351507134,,,,
27876,0.0,910.072144,-898.660645,1677.701294,0.8435837797,0.5198997662,0.1344270797,,,,
27877,0.0,913.87738,-897.203552,1677.701294,0.835633988,0.5328219685,0.1334787921,,,,
27878,0.0,917.712708,-895.643921,1677.701294,0.8273900824,0.5457951174,0.1324135243,,,,
27879,0.0,920.696411,-894.329834,1677.701294,0.8212309472,0.5552548007,0.1314223637,,,,
27880,0.0,924.46936,-892.652893,1677.701294,0.8153717659,0.5640455936,0.1304662856,,,,
27881,0.0,927.741577,-890.927551,1677.701294,0.8123330461,0.568428535,0.1303994741,,,,
27882,0.0,930.687683,-889.088806,1677.701294,0.8102273685,0.5716348799,0.1294804059,,,,
27883,0.0,933.179321,-887.249817,1677.701294,0.8098849365,0.572127073,0.129448839,,,,
27884,0.0,933.5665585,-886.9453125,1677.701294,0.80985012,0.5721763538,0.1294488304,,,,
27885,0.0,938.154785,-883.119995,1677.701294,0.8096094426,0.5725168544,0.129448839,,,,
27886,0.0,940.458557,-880.713989,1677.701294,0.8096094426,0.5725168544,0.129448839,,,,
27887,0.0,943.119934,-877.761902,1677.701294,0.8096094426,0.5725168544,0.129448839,,,,
27888,0.0,945.147095,-875.231262,1677.701294,0.8096094426,0.5725168544,0.129448839,,,,
27889,0.0,946.981506,-872.672302,1677.701294,0.8096094426,0.5725168544,0.129448839,,,,
27890,0.0,948.882751,-869.850281,1677.701294,0.8096094426,0.5725168544,0.129448839,,,,
27891,0.0,950.37384,-867.406372,1677.701294,0.8096094426,0.5725168544,0.129448839,0.0020943794,121.9931634917,1885.907257091,1.0
27892,0.0,952.33429,-864.026611,1677.701294,0.8096094426,0.5725168544,0.129448839,0.002101633,121.9578271756,1882.1079969364,1.0
27893,0.0,953.966919,-861.003601,1677.701294,0.809861322,0.5721605035,0.1294488217,0.0021015295,121.7395455173,1878.785586067,1.0
27894,0.0,955.537415,-857.824402,1677.701294,0.8101440271,0.5717601363,0.129448839,0.0021021709,121.5401362199,1875.4222814962,1.0
27895,0.0,956.953857,-854.792236,1677.701294,0.8101579577,0.5717403971,0.129448839,0.0021123369,121.6298431032,1872.2895898262,1.0
27896,0.0,958.352417,-851.583191,1677.701294,0.8101579577,0.5717403971,0.129448839,0.0021253617,121.7933564542,1869.0591956662,1.0
27897,0.0,959.435364,-848.852295,1677.701294,0.8101579577,0.5717403971,0.129448839,0.0021381139,121.9819381616,1866.3684240072,1.0
27898,0.0,960.912231,-845.012695,1677.701294,0.8101579577,0.5717403971,0.129448839,0.0021580547,122.3090564779,1862.7167763686,1.0
27899,0.0,962.914185,-839.340515,1677.701294,0.8101579577,0.5717403971,0.129448839,0.002192234,122.9233000123,1857.4361985471,1.0
27900,0.0,963.5294495,-837.4758605,1677.701294,0.8101579577,0.5717403971,0.129448839,0.0022049834,123.1665003842,1855.7413274086,1.0
27901,0.0,964.144714,-835.611206,1677.701294,0.8101579577,0.5717403971,0.129448839,0.0022177328,123.4097007562,1854.0464562702,1.0
27902,0.0,965.260315,-832.067383,1677.701294,0.8101579577,0.5717403971,0.129448839,0.0022441973,123.9309442155,1850.8790628833,1.0
27903,0.0,966.203491,-828.918701,1677.701294,0.8101579577,0.5717403971,0.129448839,0.0022695758,124.4401381993,1848.0754444389,1.0
27904,0.0,968.28717,-821.650513,1677.701294,0.8101579577,0.5717403971,0.129448839,0.0023347811,125.7861416982,1841.8249831868,1.0
27905,0.0,968.7203365,-820.034851,1677.701294,0.8101579577,0.5717403971,0.129448839,,,,
27906,0.0,969.153503,-818.419189,1677.701294,0.8101579577,0.5717403971,0.129448839,,,,
27907,0.0,970.223206,-814.361633,1677.701294,0.8101579577,0.5717403971,0.129448839,,,,
27908,0.0,971.88092,-807.736267,1677.701294,0.8101579577,0.5717403971,0.129448839,,,,
27909,0.0,972.667175,-804.474609,1677.701294,0.8101579577,0.5717403971,0.129448839,,,,
27910,0.0,973.454285,-801.133728,1677.701294,0.8101579577,0.5717403971,0.129448839,,,,
27911,0.0,974.422363,-796.927063,1677.701294,0.8101579577,0.5717403971,0.129448839,,,,
27912,0.0,975.171753,-793.591919,1677.701294,0.8101579577,0.5717403971,0.129448839,,,,
27913,0.0,975.960938,-790.013977,1677.701294,0.8101579577,0.5717403971,0.129448839,,,,
27914,0.0,976.582153,-787.134827,1677.701294,0.8101579577,0.5717403971,0.129448839,,,,
27915,0.0,977.413757,-783.245117,1677.701294,0.8101579577,0.5717403971,0.129448839,,,,
27916,0.0,978.134888,-779.816101,1677.701294,0.8101579577,0.5717403971,0.129448839,,,,
27917,0.0,978.864136,-776.286499,1677.701294,0.8101579577,0.5717403971,0.129448839,,,,
27918,0.0,979.549072,-772.919067,1677.701294,0.8101579577,0.5717403971,0.129448839,,,,
27919,0.0,980.375854,-768.823059,1677.701294,0.8101579577,0.5717403971,0.129448839,,,,
27920,0.0,980.946289,-765.957581,1677.701294,0.8102324617,0.5717928909,0.1287487785,,,,
27921,0.0,981.649414,-762.295593,1677.701294,0.808014878,0.574978422,0.1284981368,,,,
27922,0.0,982.185974,-759.281433,1677.701294,0.8018079791,0.583602778,0.1284981021,,,,
27923,0.0,983.002319,-754.677795,1677.701294,0.7935319575,0.5948069146,0.1284981194,,,,
27924,0.0,983.652832,-750.834534,1677.701294,0.7698402858,0.6251673117,0.1284981194,,,,
27925,0.0,984.139954,-747.456177,1677.701294,0.7296487504,0.6716404833,0.1284981021,,,,
27926,0.0,984.51239,-744.46936,1677.701538,0.6778696734,0.7241430294,0.126923516,,,,
27927,0.0,984.5737913333,-744.1431883333,1677.701538,0.6730603304,0.728584044,0.1267648511,,,,
27928,0.0,984.6351926667,-743.8170166667,1677.701538,0.6682509873,0.7330250585,0.1266061863,,,,
27929,0.0,984.696594,-743.490845,1677.701538,0.10402461,0.989059179,0.1045983798,0.0323567017,538.7337574985,2135.1032512337,2.0
27930,0.0,986.468994,-732.75824,1677.701538,0.4054828614,0.9069413328,0.1141974956,,,,
27931,0.0,987.461304,-728.577026,1677.701416,0.294929566,0.9492267887,0.1094762749,,,,
27932,0.0,988.892395,-723.572693,1677.701294,0.2141057516,0.9708667268,0.1075942655,,,,
27933,0.0,989.917297,-719.812561,1677.701294,0.160183812,0.9813144066,0.1065982257,,,,
27934,0.0,990.456421,-717.848816,1677.701416,0.1397974722,0.9844974046,0.1059317099,,,,
27935,0.0,991.829163,-712.943787,1677.701294,0.1076791611,0.9886535912,0.1047343058,,,,
27936,0.0,992.813782,-709.240845,1677.701294,0.0886443384,0.9905560882,0.1045983624,,,,
27937,0.0,993.65918,-705.878235,1677.701294,0.0762527944,0.9915869537,0.1045983971,,,,
27938,0.0,994.344849,-703.000305,1677.701294,0.0707331148,0.9919959705,0.1045983798,,,,
27939,0.0,995.299377,-698.870972,1677.701294,0.0658934888,0.9923291929,0.1045983798,,,,
27940,0.0,996.152039,-694.842407,1677.701294,0.0588180725,0.9927736969,0.1045983798,,,,
27941,0.0,996.622559,-692.452393,1677.701294,0.0548986865,0.9929981436,0.1045983798,,,,
27942,0.0,997.293274,-688.800415,1677.701294,0.0497283452,0.9932704922,0.1045983798,,,,
27943,0.0,998.065063,-684.395447,1677.701294,0.0456287352,0.9934672604,0.1045983798,,,,
27944,0.0,998.2528685,-683.322052,1677.701294,0.0449154782,0.9934995063,0.1045983798,,,,
27945,0.0,998.440674,-682.248657,1677.701294,0.0442022212,0.9935317522,0.1045983798,,,,
27946,0.0,1000.205139,-669.66449,1677.701294,0.0329334934,0.9939690961,0.1045983798,,,,
27947,0.0,1000.685242,-665.869263,1677.701294,0.032603133,0.9939799871,0.1045983798,,,,
27948,0.0,1001.102295,-662.255554,1677.701294,0.032603133,0.9939799871,0.1045983798,,,,
27949,0.0,1001.538452,-658.304504,1677.701294,0.032603133,0.9939799871,0.1045983798,,,,
27950,0.0,1001.921387,-654.586548,1677.701294,0.032603133,0.9939799871,0.1045983798,,,,
27951,0.0,1002.24115,-651.300903,1677.701294,0.032603133,0.9939799871,0.1045983798,,,,
27952,0.0,1002.489624,-648.522827,1677.701416,0.0323245193,0.9939890867,0.1045983798,,,,
27953,0.0,1002.77533,-645.194275,1677.701294,0.0320628525,0.9939975616,0.1045983798,,,,
27954,0.0,1003.192627,-640.322144,1677.701294,0.0317066678,0.994008987,0.1045983798,,,,
27955,0.0,1003.505127,-635.956116,1677.701294,0.0312379883,0.9940238262,0.1045983798,,,,
27956,0.0,1003.664978,-632.29834,1677.701294,0.030700061,0.9940405853,0.1045983798,,,,
27957,0.0,1003.63208,-629.522461,1677.701294,0.0300306842,0.9940610328,0.1045983798,,,,
27958,0.0,1003.310547,-625.475952,1677.701294,0.0297441016,0.9940696492,0.1045983798,,,,
27959,0.0,1002.947571,-622.832886,1677.701294,0.0293652668,0.9940809122,0.1045983798,,,,
27960,0.0,1002.279602,-619.019165,1677.701294,0.0289007698,0.9940945249,0.1045983798,,,,
27961,0.0,1001.380554,-614.978333,1677.701294,0.0278919611,0.9941233393,0.1045983971,,,,
27962,0.0,1000.455383,-611.81842,1677.701294,0.0269908572,0.9941482146,0.1045983798,,,,
27963,0.0,999.441895,-608.703003,1677.701294,0.0246008155,0.9942102287,0.1045983798,,,,
27964,0.0,998.088379,-605.141907,1677.701294,0.0205027126,0.994303182,0.1045983798,,,,
27965,0.0,997.017578,-602.104858,1677.701294,0.0161816807,0.9943828901,0.1045983798,,,,
27966,0.0,995.941833,-598.820923,1677.701294,0.0090993794,0.9944729158,0.1045983798,,,,
27967,0.0,994.97522,-595.580078,1677.701294,0.0025257178,0.9944315269,0.1053544445,,,,
27968,0.0,994.064514,-592.294128,1677.701294,-0.0053578314,0.9943224185,0.1062742758,,,,
27969,0.0,993.189209,-589.027283,1677.701294,-0.0176949626,0.9940816491,0.107184715,,,,
27970,0.0,992.212341,-584.901428,1677.701294,-0.0278321872,0.9938199344,0.1074583985,,,,
27971,0.0,991.400085,-581.325745,1677.701294,-0.0399331978,0.9933116409,0.1083389299,,,,
27972,0.0,990.658813,-577.914124,1677.701294,-0.0527933306,0.9926098065,0.1092640669,,,,
27973,0.0,989.954895,-574.48291,1677.701294,-0.0659221121,0.9917613883,0.1098345293,0.0132183809,460.6457986661,2842.515995655,0.0
27974,0.0,989.309998,-571.152222,1677.701294,-0.0756424538,0.9910241122,0.1102244451,0.0119615553,437.8904261015,2839.613520731,0.0
27975,0.0,988.513123,-567.114319,1677.701294,-0.0928709059,0.9895478995,0.1103174936,0.0098757726,397.4954005064,2835.3486779487,0.0
27976,0.0,987.99292,-564.352173,1677.701294,-0.1034654765,0.9884215137,0.1109856139,0.0089549849,378.3119671588,2833.19920018,0.0
27977,0.0,987.234802,-560.224243,1677.701294,-0.1185496114,0.9865352296,0.1126686753,0.0075706725,347.4113985598,2828.6900946172,0.0
27978,0.0,986.712708,-557.244629,1677.701294,-0.1267331031,0.9853987729,0.1137012706,0.0069199814,331.8045638899,2825.3192176631,0.0
27979,0.0,985.989441,-553.316711,1677.701294,-0.1418677839,0.9830183961,0.1163974433,0.0059851596,308.1303082052,2820.5406141544,0.0
27980,0.0,985.26532,-549.436218,1677.701294,-0.1581938076,0.9801433433,0.1195564543,0.005461997,293.8780763284,2815.5957486029,0.0
27981,0.0,984.5849,-545.760193,1677.701294,-0.1717782814,0.9771732402,0.1249987224,0.005454046,293.1875105679,2811.0207106501,0.0
27982,0.0,983.983643,-542.245117,1677.701294,-0.1772035257,0.9753572197,0.1314427799,0.0059276606,305.1149024133,2806.411164171,0.0
27983,0.0,983.532532,-539.472717,1677.701294,-0.1777860596,0.9751352438,0.1323003148,0.0059362268,304.9288564085,2802.6815799213,0.0
27984,0.0,982.908752,-535.62439,1677.701294,-0.1777860596,0.9751352438,0.1323003148,0.0058322439,301.7363736613,2797.8793558205,0.0
27985,0.0,982.160706,-531.051208,1677.701294,-0.1777860596,0.9751352438,0.1323003148,0.0057766067,299.6754213769,2792.0797757449,0.0
27986,0.0,981.575928,-527.524963,1677.701294,-0.1777860596,0.9751352438,0.1323003148,0.0057755852,298.9629406669,2785.6871668862,0.0
27987,0.0,980.417908,-520.612,1677.701294,-0.1777860596,0.9751352438,0.1323003148,0.0057375089,297.0886732118,2777.3668505856,0.0
27988,0.0,979.819763,-517.077637,1677.701294,-0.1777860596,0.9751352438,0.1323003148,0.0057094879,295.8750132614,2772.7805625725,0.0
27989,0.0,979.458557,-514.9572145,1677.701294,-0.1777860596,0.9751352438,0.1323003148,0.0056937445,295.1690190249,2769.9738485135,0.0
27990,0.0,978.526123,-509.504486,1677.701294,-0.1777860596,0.9751352438,0.1323003148,0.0056161676,292.3884863099,2762.7135997822,0.0
27991,0.0,977.957581,-506.202118,1677.701294,-0.1777860596,0.9751352438,0.1323003148,0.0055161333,289.2611207039,2757.7660699032,0.0
27992,0.0,977.337524,-502.618073,1677.701294,-0.1777860596,0.9751352438,0.1323003148,0.0054152025,286.0555167837,2752.4327928564,0.0
27993,0.0,976.672668,-498.785126,1677.701294,-0.1777860596,0.9751352438,0.1323003148,0.0053381382,283.4345067676,2746.7755616514,0.0
27994,0.0,976.093994,-495.462433,1677.701294,-0.1777860596,0.9751352438,0.1323003148,0.0052667496,281.0251439977,2741.772582041,0.0
27995,0.0,975.426147,-491.646759,1677.742798,-0.1777860596,0.9751352438,0.1323003148,0.0051935332,278.4969797119,2736.1421019508,0.0
27996,0.0,974.844849,-488.335266,1677.748535,-0.1777860596,0.9751352438,0.1323003148,0.0051200382,275.9863562084,2730.8171776302,0.0
27997,0.0,974.367004,-485.173767,1677.747559,-0.1692377468,0.977319652,0.1272984013,0.0046443497,262.3945651427,2725.7261593317,0.0
27998,0.0,973.82019,-481.61026,1677.747437,-0.1605896153,0.9794213869,0.1222486086,0.004270746,251.1715122155,2720.6188096288,0.0
27999,0.0,973.307373,-477.547546,1677.747559,-0.1392630751,0.9836623343,0.1140798316,0.0041585469,247.3377755609,2714.9174684543,0.0
28000,0.0,972.95105,-474.080353,1677.747559,-0.1138327796,0.9874059474,0.1098708033,0.0050914014,273.066551934,2709.4948938587,0.0
28001,0.0,972.654541,-470.830505,1677.747559,-0.0881397904,0.9901677966,0.1086237176,0.0069205307,317.6425163877,2704.6222717742,0.0
28002,0.0,972.347107,-467.280731,1677.747559,-0.0622695446,0.9921539423,0.1084115243,0.0094628131,370.4710919534,2699.3490438724,0.0
28003,0.0,971.963318,-463.356812,1677.747559,-0.0413984742,0.9932437303,0.1084115243,0.0119492365,415.1981613168,2693.8388308524,0.0
28004,0.0,971.779419,-459.770752,1677.707886,-0.0089409387,0.9937905192,0.1109074549,0.0168811184,491.944971968,2688.6950235072,0.0
28005,0.0,971.752197,-455.836792,1677.701294,0.03854338,0.9926150063,0.1150211162,0.0260229258,608.153063285,2683.2663525072,0.0
28006,0.0,971.904175,-453.084808,1677.701294,0.084284602,0.9893425866,0.1187322712,0.0368878393,720.9715014943,2679.1925888398,0.0
28007,0.0,972.254211,-448.973267,1677.701294,0.1560984034,0.9802184355,0.1216762394,0.057903137,896.4607353683,2673.2820515295,0.0
28008,0.0,972.844238,-445.525787,1677.701294,0.2355894131,0.9639635864,0.1235792558,0.0872609082,1090.1667285046,2668.4261743725,0.0
28009,0.0,973.342712,-442.412994,1677.701294,0.3019348531,0.9452635025,0.1237426984,0.1167330748,1248.9926698661,2663.8329545176,0.0
28010,0.0,973.496582,-439.693939,1677.701294,0.3565430157,0.925951356,0.1244635061,0.1446379107,1377.876577698,2659.8362990905,0.0
28011,0.0,973.787903,-435.685028,1677.701294,0.4123142254,0.9023667283,0.1254243481,,,,
28012,0.0,974.242004,-431.709137,1677.701294,0.4761057427,0.8701200896,0.1273355858,,,,
28013,0.0,974.673889,-429.274597,1677.701294,0.5104818226,0.8503222761,0.1279075273,,,,
28014,0.0,975.629578,-425.484039,1677.701294,0.547315011,0.8270199109,0.1283913766,,,,
28015,0.0,976.683228,-421.665405,1677.701294,0.5740701839,0.8086604119,0.1284981021,,,,
28016,0.0,977.67511,-418.496063,1677.701294,0.5907557192,0.7964148599,0.1293485648,,,,
28017,0.0,978.634216,-415.516876,1677.701294,0.6009883379,0.7887052782,0.129448839,,,,
28018,0.0,979.955811,-411.826233,1677.642578,0.6114138213,0.7805046512,0.1303289243,,,,
28019,0.0,981.124084,-408.876495,1677.473877,0.6176976086,0.7755292683,0.1303994568,,,,
28020,0.0,982.480896,-405.804596,1677.280762,0.6233221818,0.771015849,0.1303994568,,,,
28021,0.0,984.146851,-402.106934,1677.053589,0.6282832913,0.7669785385,0.1303994914,,,,
28022,0.0,985.557434,-399.243469,1676.877319,0.6328541854,0.7632113479,0.1303994568,,,,
28023,0.0,987.240234,-396.04306,1676.679688,0.6375438457,0.7592982401,0.1303994914,,,,
28024,0.0,988.725525,-393.347839,1676.513428,0.6402244469,0.7570393908,0.1303994568,,,,
28025,0.0,992.348145,-387.194061,1676.132812,0.6430494433,0.7546412361,0.1303994568,,,,
28026,0.0,993.3494875,-385.5946655,1676.033752,0.6430494433,0.7546412361,0.1303994568,,,,
28027,0.0,994.35083,-383.99527,1675.934692,0.6430494433,0.7546412361,0.1303994568,,,,
28028,0.0,998.123352,-378.262085,1675.700684,0.6430494433,0.7546412361,0.1303994568,,,,
28029,0.0,999.915222,-375.694916,1675.697998,0.6430494433,0.7546412361,0.1303994568,,,,
28030,0.0,1001.949158,-372.773773,1675.700806,0.6430494433,0.7546412361,0.1303994568,,,,
28031,0.0,1003.2003785,-371.027252,1675.70105,0.6430494433,0.7546412361,0.1303994568,,,,
28032,0.0,1006.152466,-367.018311,1675.701294,0.6430494433,0.7546412361,0.1303994568,,,,
28033,0.0,1008.726074,-363.553986,1675.701294,0.6430494433,0.7546412361,0.1303994568,,,,
28034,0.0,1010.592957,-361.055023,1675.701294,0.6430494433,0.7546412361,0.1303994568,,,,
28035,0.0,1012.804871,-357.977081,1675.701294,0.6430494433,0.7546412361,0.1303994568,,,,
28036,0.0,1015.111328,-354.811615,1675.701294,0.6430494433,0.7546412361,0.1303994568,,,,
28037,0.0,1016.592651,-352.809326,1675.701294,0.6430494433,0.7546412361,0.1303994568,,,,
28038,0.0,1019.282654,-349.201141,1675.701294,0.6430494433,0.7546412361,0.1303994568,,,,
28039,0.0,1021.185181,-346.679352,1675.701294,0.6430494433,0.7546412361,0.1303994568,,,,
28040,0.0,1023.503174,-343.643219,1675.701294,0.6430494433,0.7546412361,0.1303994568,,,,
28041,0.0,1025.3927,-341.188782,1675.701294,0.6430494433,0.7546412361,0.1303994568,,,,
28042,0.0,1027.943604,-337.902649,1675.701294,0.6430494433,0.7546412361,0.1303994568,,,,
28043,0.0,1029.986938,-335.292389,1675.701294,0.6430494433,0.7546412361,0.1303994568,,,,
28044,0.0,1031.973633,-332.770538,1675.701294,0.6430494433,0.7546412361,0.1303994568,,,,
28045,0.0,1034.125488,-330.055725,1675.701294,0.6430494433,0.7546412361,0.1303994568,,,,
28046,0.0,1036.309326,-327.316284,1675.701294,0.6430494433,0.7546412361,0.1303994568,,,,
28047,0.0,1038.552856,-324.519806,1675.701294,0.6430494433,0.7546412361,0.1303994568,,,,
28048,0.0,1040.891235,-321.616302,1675.701294,0.6430494433,0.7546412361,0.1303994568,,,,
28049,0.0,1043.039673,-318.959778,1675.701294,0.6430494433,0.7546412361,0.1303994568,,,,
28050,0.0,1045.561035,-315.859222,1675.701294,0.6430494433,0.7546412361,0.1303994568,,,,
28051,0.0,1047.714722,-313.220886,1675.701294,0.6431231964,0.7547277079,0.129532394,,,,
28052,0.0,1050.076172,-310.337921,1675.701294,0.6432080386,0.75482746,0.1285259689,,,,
28053,0.0,1052.275513,-307.662018,1675.701294,0.6433620222,0.7550079784,0.1266817308,,,,
28054,0.0,1054.473145,-304.995392,1675.701294,0.6433690572,0.7550163144,0.1265962923,,,,
28055,0.0,1056.165894,-302.947601,1675.701294,0.6434019845,0.7550549557,0.1261978611,,,,
28056,0.0,1058.512329,-300.113617,1675.701294,0.6434378622,0.7550970594,0.1257622695,,,,
28057,0.0,1061.006592,-297.118774,1675.701294,0.6440910491,0.754686223,0.1248816453,,,,
28058,0.0,1062.93396,-294.807495,1675.701294,0.644280665,0.7546192999,0.1243066246,,,,
28059,0.0,1065.320679,-291.945801,1675.701294,0.6443157152,0.7546605661,0.123873682,,,,
28060,0.0,1067.856689,-288.909851,1675.701294,0.6443263794,0.75467295,0.1237426984,,,,
28061,0.0,1068.499878,-288.141357,1675.701172,0.6443263794,0.75467295,0.1237426984,,,,
28062,0.0,1072.512817,-283.35376,1675.701294,0.6443898197,0.754747255,0.1229566645,,,,
28063,0.0,1074.71936,-280.685608,1675.701294,0.6422410736,0.7568449912,0.1212932919,,,,
28064,0.0,1076.974365,-277.878693,1675.701294,0.6355077733,0.7628061952,0.1194009158,,,,
28065,0.0,1079.325562,-274.913635,1675.701294,0.6265673441,0.7703640106,0.1181213548,,,,
28066,0.0,1081.105347,-272.651428,1675.701294,0.6193976794,0.7762230849,0.1175765164,,,,
28067,0.0,1084.12207,-268.861542,1675.701294,0.6106051258,0.7832422715,0.1170167706,,,,
28068,0.0,1088.245117,-263.62149,1675.701294,0.5985018891,0.7928762693,0.1146416603,,,,
28069,0.0,1089.4125365,-262.1249845,1675.701294,0.595436133,0.7952687128,0.113964489,,,,
28070,0.0,1093.005859,-257.532288,1675.701294,0.5878467753,0.8011241698,0.1124110017,,,,
28071,0.0,1095.362549,-254.48851,1675.701294,0.5827213564,0.8049893736,0.1114806224,,,,
28072,0.0,1096.700867,-252.726921,1675.701294,0.5791237866,0.807712188,0.1104319026,,,,
28073,0.0,1100.214722,-248.126602,1675.701294,0.5725369285,0.8125520641,0.1093645679,,,,
28074,0.0,1102.450684,-245.222427,1675.701294,0.5716389633,0.8131840448,0.1093645506,,,,
28075,0.0,1103.928955,-243.296509,1675.701294,0.5715964228,0.8132595562,0.1090248759,,,,
28076,0.0,1107.027954,-239.24028,1675.701294,0.5716328365,0.8133113651,0.1084459475,,,,
28077,0.0,1109.149292,-236.442093,1675.701294,0.5716349387,0.8133144768,0.1084115243,,,,
28078,0.0,1111.542236,-233.263687,1675.701294,0.5716349387,0.8133144768,0.1084115243,,,,
28079,0.0,1113.474365,-230.684326,1675.701294,0.5716349387,0.8133144768,0.1084115243,,,,
28080,0.0,1115.506226,-227.956863,1675.701294,0.5716349387,0.8133144768,0.1084115243,,,,
28081,0.0,1118.394409,-224.065979,1675.701294,0.5716349387,0.8133144768,0.1084115243,,,,
28082,0.0,1120.297729,-221.488388,1675.701294,0.5716349387,0.8133144768,0.1084115243,,,,
28083,0.0,1122.832764,-218.026459,1675.701294,0.570870157,0.8138514639,0.1084115243,,,,
28084,0.0,1124.587524,-215.62793,1675.701294,0.5708549297,0.8138621447,0.1084115243,,,,
28085,0.0,1127.139282,-212.134598,1675.701294,0.5708549297,0.8138621447,0.1084115243,,,,
28086,0.0,1129.221802,-209.272705,1675.786743,0.5708549297,0.8138621447,0.1084115243,,,,
28087,0.0,1131.489746,-206.145828,1675.88562,0.5708549297,0.8138621447,0.1084115243,,,,
28088,0.0,1133.674683,-203.125275,1675.975586,0.5708549297,0.8138621447,0.1084115243,,,,
28089,0.0,1135.46167,-200.64801,1676.049561,0.5708549297,0.8138621447,0.1084115243,,,,
28090,0.0,1137.936157,-197.212418,1676.151978,0.5708549297,0.8138621447,0.1084115243,,,,
28091,0.0,1140.242188,-194.003754,1676.247803,0.5708549297,0.8138621447,0.1084115243,,,,
28092,0.0,1142.364868,-191.043015,1676.336304,0.5708549297,0.8138621447,0.1084115243,,,,
28093,0.0,1144.611328,-187.904266,1676.429932,0.5708549297,0.8138621447,0.1084115243,,,,
28094,0.0,1146.902222,-184.698135,1676.525635,0.5708549297,0.8138621447,0.1084115243,,,,
28095,0.0,1149.131104,-181.573792,1676.618896,0.5708549297,0.8138621447,0.1084115243,,,,
28096,0.0,1150.405273,-179.779877,1676.651489,0.5706023003,0.8140837167,0.1080773664,,,,
28097,0.0,1153.241089,-175.78656,1676.695801,0.570183048,0.8144507231,0.1075235385,,,,
28098,0.0,1155.452637,-172.697693,1676.702759,0.5714691384,0.8135574497,0.1074583638,,,,
28099,0.0,1157.626221,-169.751526,1676.701294,0.5777847629,0.8092992821,0.1058274053,,,,
28100,0.0,1159.801758,-166.84285,1676.701294,0.5859327745,0.8035598502,0.1047585365,,,,
28101,0.0,1161.774536,-164.254395,1676.701294,0.595232879,0.7968223235,0.1037882681,,,,
28102,0.0,1164.097168,-161.171906,1676.701294,0.6035982107,0.7906178633,0.1029203291,,,,
28103,0.0,1166.799072,-157.720428,1676.701294,0.6189868084,0.7787742051,0.1018138914,,,,
28104,0.0,1168.44812,-155.678329,1676.701294,0.6300098905,0.7699431781,0.101365874,,,,
28105,0.0,1171.387451,-151.968994,1676.701294,0.6441693775,0.7582082956,0.1008265521,,,,
28106,0.0,1173.658813,-149.212372,1676.701294,0.6581436021,0.7461163752,0.1007836968,,,,
28107,0.0,1176.186523,-146.154785,1676.701294,0.6710540816,0.7345264205,0.1007837142,,,,
28108,0.0,1180.291748,-141.292328,1676.701294,0.6899014534,0.7168532818,0.1007837142,,,,
28109,0.0,1181.871704,-139.4429625,1676.701294,0.6959086902,0.7109733309,0.1007837142,,,,
28110,0.0,1183.45166,-137.593597,1676.701294,0.7019159269,0.70509338,0.1007837142,,,,
28111,0.0,1185.337524,-135.429581,1676.701294,0.7078813458,0.6991652768,0.1003589364,,,,
28112,0.0,1190.585083,-129.522568,1676.701294,0.723739108,0.6830570983,0.0981565276,,,,
28113,0.0,1191.029663,-129.036469,1676.701294,0.7257976402,0.6809261918,0.0977614791,,,,
28114,0.0,1192.468689,-127.582352,1676.701233,0.7321081207,0.6741943292,0.0969219328,,,,
28115,0.0,1196.612671,-123.313141,1676.701172,0.7450319389,0.660205538,0.0951633209,,,,
28116,0.0,1199.850342,-119.933487,1676.701172,0.7518890914,0.6525252955,0.0941994318,,,,
28117,0.0,1202.647705,-117.011841,1676.701294,0.7576617264,0.6459327002,0.0933790939,,,,
28118,0.0,1205.951782,-113.569145,1676.701294,0.7650780707,0.6372863527,0.0923127858,,,,
28119,0.0,1208.787354,-110.792801,1676.701294,0.7726573322,0.6282116752,0.0913823733,,,,
28120,0.0,1210.684814,-109.047981,1676.701294,0.7788476854,0.620651266,0.0904891648,,,,
28121,0.0,1213.334961,-106.557922,1676.701294,0.7842714807,0.6139037305,0.0896685794,,,,
28122,0.0,1217.043213,-103.148781,1676.701294,0.7922385873,0.6037745723,0.0883984538,,,,
28123,0.0,1219.335815,-101.066795,1676.701294,0.7948157966,0.6003811466,0.088376062,,,,
28124,0.0,1222.224731,-98.450668,1676.701294,0.7971822894,0.5972353523,0.0883760794,,,,
28125,0.0,1225.117065,-95.871971,1676.701294,0.7991096464,0.5947773718,0.0875422812,,,,
28126,0.0,1227.155884,-94.108223,1676.701294,0.8013205425,0.5919194632,0.0866991194,,,,
28127,0.0,1230.449951,-91.273918,1676.701294,0.8040045828,0.5884123401,0.0857178446,,,,
28128,0.0,1233.124634,-88.973648,1676.701294,0.8053188616,0.5866425186,0.0855107391,,,,
28129,0.0,1236.369141,-86.244965,1676.701294,0.8073201005,0.5840147771,0.0846226652,,,,
28130,0.0,1239.047485,-84.005463,1676.701294,0.8079476382,0.583156057,0.0845554674,,,,
28131,0.0,1241.855591,-81.513855,1676.701294,0.8085324139,0.5823450057,0.0845554848,,,,
28132,0.0,1244.158569,-79.256439,1676.701294,0.8100009982,0.5803005738,0.0845554674,,,,
28133,0.0,1246.566895,-76.696144,1676.701294,0.8137154964,0.5753221248,0.0828947739,,,,
28134,0.0,1248.436768,-74.500259,1676.701294,0.8177715067,0.5696951145,0.0818366628,,,,
28135,0.0,1251.095825,-71.156441,1676.701294,0.8223128869,0.5632715622,0.0807877664,,,,
28136,0.0,1253.019165,-68.518913,1676.701294,0.8273373747,0.5559950146,0.0798900007,,,,
28137,0.0,1254.678955,-66.047302,1676.701294,0.8313341494,0.5502264948,0.0783220044,,,,
28138,0.0,1256.301392,-63.438343,1676.701294,0.8347286146,0.5452366359,0.0771048041,,,,
28139,0.0,1258.619385,-59.476475,1676.701294,0.8381768161,0.540080645,0.0759771137,,,,
28140,0.0,1260.247803,-56.476093,1676.701294,0.8412634044,0.5353923007,0.0750397805,,,,
28141,0.0,1261.723755,-53.58992,1676.701294,0.8437191901,0.5316385671,0.0741509417,,,,
28142,0.0,1263.189819,-50.592625,1676.701294,0.846671181,0.5271630267,0.0724365556,,,,
28143,0.0,1264.83606,-47.051628,1676.701294,0.8496722107,0.5226021091,0.0703147916,,,,
28144,0.0,1266.129639,-44.148567,1676.701294,0.8524448104,0.5182980941,0.0685924987,,,,
28145,0.0,1267.663696,-40.560734,1676.701294,0.855361192,0.5137474754,0.0664888164,,,,
28146,0.0,1268.887573,-37.585793,1676.701294,0.8576320198,0.5100658922,0.0655751802,,,,
28147,0.0,1270.057373,-34.663239,1676.701294,0.8598353193,0.5064517935,0.0647287001,,,,
28148,0.0,1271.570923,-30.764294,1676.701294,0.8627387689,0.5016337107,0.06360375,,,,
28149,0.0,1272.442627,-28.465971,1676.701294,0.8655760499,0.4967692357,0.0632331264,,,,
28150,0.0,1275.09668,-21.24791,1676.701294,0.8709568147,0.4873512361,0.0626338536,,,,
28151,0.0,1275.7749635,-19.3959515,1676.701294,0.8736571538,0.4824659041,0.0625992768,,,,
28152,0.0,1276.453247,-17.543993,1676.701294,0.876357493,0.4775805721,0.0625646999,,,,
28153,0.0,1278.787598,-11.086212,1676.701294,0.8875216065,0.4564986902,0.0625647173,,,,
28154,0.0,1279.515564,-9.4145905,1676.701294,0.8916451134,0.448297202,0.0625647086,,,,
28155,0.0,1280.24353,-7.742969,1676.701294,0.8957686202,0.4400957138,0.0625646999,,,,
28156,0.0,1283.158203,-2.587679,1676.701172,0.9114151724,0.4070917304,0.0599892199,,,,
28157,0.0,1284.305481,-0.8568535,1676.701233,0.9161448312,0.3963171245,0.0589218454,,,,
28158,0.0,1287.324585,3.331606,1676.701294,0.9274213184,0.3697914897,0.0560709576,,,,
28159,0.0,1289.276978,5.619189,1676.701294,0.9339347317,0.3532970479,0.0542873174,,,,
28160,0.0,1291.541382,8.066395,1676.701294,0.9399832068,0.3371839156,0.0523314246,,,,
28161,0.0,1294.124756,10.65001,1676.701294,0.9449306187,0.3235407089,0.0492700271,,,,
28162,0.0,1295.913086,12.323161,1676.701294,0.9464339383,0.3192573767,0.0483479878,,,,
28163,0.0,1298.405518,14.560861,1676.701294,0.9478241096,0.315235619,0.0474969668,,,,
28164,0.0,1301.328369,17.025578,1676.701294,0.9490808504,0.3117167773,0.0455871704,,,,
28165,0.0,1303.774536,18.918068,1676.701294,0.9494837355,0.3106362155,0.0445620645,,,,
28166,0.0,1306.788574,21.099159,1676.701294,0.9498522048,0.3096564508,0.0435163363,,,,
28167,0.0,1309.888916,23.213623,1676.701294,0.9498870215,0.3095635565,0.0434171733,,,,
28168,0.0,1310.57666,23.671005,1676.701294,0.9499051928,0.309569405,0.0429756684,,,,
28169,0.0,1315.520264,26.760553,1676.701294,0.9497641878,0.3104425113,0.0396665444,,,,
28170,0.0,1318.192627,28.331392,1676.701294,0.9498012063,0.3105431623,0.037955405,,,,
28171,0.0,1321.431396,30.140097,1676.701294,0.9499121925,0.31057956,0.0347442566,,,,
28172,0.0,1324.682129,31.909224,1676.701294,0.94999677,0.3106071765,0.0320830001,,,,
28173,0.0,1327.599731,33.413151,1676.701294,0.9508747195,0.3084481886,0.0264004303,,,,
28174,0.0,1330.622925,34.905003,1676.701294,0.9514344582,0.3071240989,0.0211485151,,,,
28175,0.0,1333.934814,36.514442,1676.701294,0.9517716519,0.3063221107,0.0172478148,,,,
28176,0.0,1336.000366,37.474915,1676.70105,0.9524357101,0.3044420075,0.0134641102,,,,
28177,0.0,1339.192017,38.878384,1676.701294,0.9532313398,0.302096742,0.0093579523,,,,
28178,0.0,1342.316772,40.236015,1676.701294,0.9538440204,0.3002402004,0.0061161192,,,,
28179,0.0,1346.634888,42.106159,1676.701172,0.9546166884,0.2978309768,0.0019202799,,,,
28180,0.0,1350.306885,43.701054,1676.701294,0.9552942249,0.2956509143,-0.0018656686,,,,
28181,0.0,1354.230347,45.319019,1676.701294,0.9556898873,0.2943252321,-0.0054311238,,,,
28182,0.0,1357.328613,46.554516,1676.701294,0.9559345245,0.293468043,-0.0081050981,,,,
28183,0.0,1360.476196,47.793423,1676.701294,0.9559331313,0.2933852983,-0.0108127323,,,,
28184,0.0,1364.280151,49.254681,1676.701294,0.9561858756,0.2924659871,-0.0131231728,,,,
28185,0.0,1367.417358,50.434853,1676.701294,0.9564232745,0.2916026777,-0.0149130238,,,,
28186,0.0,1370.363281,51.533375,1676.701294,0.9564182039,0.2915286849,-0.0165905132,,,,
28187,0.0,1374.363037,53.003082,1676.701294,0.9563963113,0.2915220482,-0.017916225,,,,
28188,0.0,1377.419067,54.108192,1676.701294,0.9563810805,0.2915174422,-0.0187832283,,,,
28189,0.0,1381.054565,55.40678,1676.701294,0.9563441036,0.2915061346,-0.020739552,,,,
28190,0.0,1383.615356,56.304291,1676.701294,0.9565305445,0.2908388532,-0.0214960184,,,,
28191,0.0,1387.949829,57.814541,1676.701294,0.9565606534,0.2905701837,-0.0236787805,,,,
28192,0.0,1391.280518,58.953766,1676.701294,0.9567656499,0.2896503885,-0.0264979949,,,,
28193,0.0,1394.455566,60.0368,1676.701294,0.9567236718,0.2896179935,-0.02830607,,,,
28194,0.0,1397.780273,61.153351,1676.701294,0.9569181901,0.2887851872,-0.0301776931,,,,
28195,0.0,1401.27356,62.315121,1676.701294,0.9571429577,0.2878266842,-0.0321427817,,,,
28196,0.0,1404.737183,63.45676,1676.701294,0.957360968,0.2868760778,-0.0340894831,,,,
28197,0.0,1411.381592,65.627495,1676.701294,0.9575383187,0.2859202321,-0.0370133628,,,,
28198,0.0,1414.664429,66.686729,1676.701294,0.9577417411,0.2851129746,-0.037965102,,,,
28199,0.0,1417.803711,67.696747,1676.701294,0.957733357,0.2849191482,-0.039596664,,,,
28200,0.0,1421.52124,68.877769,1676.701294,0.9579256484,0.2840063078,-0.0414592485,,,,
28201,0.0,1425.059204,69.997009,1676.701294,0.9581198488,0.2831564524,-0.0427642244,,,,
28202,0.0,1428.164795,70.967155,1676.701294,0.9584515542,0.281678494,-0.0450315924,,,,
28203,0.0,1432.312622,72.248123,1676.701294,0.958967827,0.27930752,-0.0486622654,,,,
28204,0.0,1435.595337,73.264084,1676.701294,0.9591380554,0.2783948503,-0.0505024559,,,,
28205,0.0,1438.89624,74.496895,1676.701294,0.9593094013,0.2774496211,-0.0524135517,,,,
28206,0.0,1441.110107,75.479744,1676.701294,0.9596501518,0.2758838002,-0.0544032626,,,,
28207,0.0,1444.857788,77.303505,1676.701294,0.9600894241,0.2738327302,-0.0569555405,,,,
28208,0.0,1447.81311,78.910278,1676.701294,0.9610637663,0.2698213584,-0.0596059694,,,,
28209,0.0,1450.922607,80.841125,1676.701294,0.9623471013,0.2646783836,-0.0619145362,,,,
28210,0.0,1453.364624,82.52681,1676.701294,0.9624507348,0.2642610062,-0.0620862598,,,,
28211,0.0,1455.999878,84.48999,1676.701294,0.9624507348,0.2642610062,-0.0620862598,,,,
28212,0.0,1459.257202,87.117889,1676.701294,0.9624507348,0.2642610062,-0.0620862598,,,,
28213,0.0,1461.494873,88.989883,1676.701294,0.9624507348,0.2642610062,-0.0620862598,,,,
28214,0.0,1463.93457,91.073074,1676.701294,0.9626715899,0.263455264,-0.0620865036,,,,
28215,0.0,1465.923218,92.813126,1676.701294,0.9630238054,0.2626718629,-0.0599052812,,,,
28216,0.0,1468.276001,95.006424,1676.701294,0.9634502013,0.2616487894,-0.0574771315,,,,
28217,0.0,1470.030273,96.791748,1676.701294,0.963745703,0.2616380144,-0.052342806,,,,
28218,0.0,1471.350464,98.257492,1676.701294,0.9639351407,0.261689443,-0.0484528638,,,,
28219,0.0,1473.138428,100.362732,1676.701294,0.9641131832,0.2617377419,-0.0444873513,,,,
28220,0.0,1474.443848,102.027451,1676.701294,0.9642877466,0.2617852047,-0.04022,,,,
28221,0.0,1475.665771,103.79158,1676.701294,0.964426092,0.2618227447,-0.036485112,,,,
28222,0.0,1476.485962,105.091072,1676.701294,0.9645380428,0.2618531553,-0.0331555273,,,,
28223,0.0,1477.347412,106.6119,1676.701294,0.964641677,0.2618812176,-0.0297432838,,,,
28224,0.0,1477.920288,107.764885,1675.650635,0.9647357868,0.2619068027,-0.0262619166,,,,
28225,0.0,1478.473022,109.055634,1674.054932,0.964817064,0.2619288317,-0.0228324376,,,,
28226,0.0,1478.844238,110.097527,1672.772217,0.9648375338,0.261934425,-0.0218835648,,,,
28227,0.0,1479.147705,111.096878,1671.555542,0.9648825459,0.2619465364,-0.0196388576,,,,
28228,0.0,1479.505737,112.522469,1669.819702,0.9654306164,0.2601631567,-0.0160890249,,,,
28229,0.0,1479.713867,113.580109,1668.54248,0.9659301801,0.2584943095,-0.0126324618,,,,
28230,0.0,1479.879028,114.621086,1667.287354,0.9665906313,0.2561318557,-0.0099510748,,,,
28231,0.0,1480.044678,116.014702,1665.639404,0.9669945645,0.2546272421,-0.0092994515,,,,
28232,0.0,1480.191162,118.196754,1663.096069,0.9674408744,0.2529517571,-0.0085768966,,,,
28233,0.0,1480.2041625,118.835899,1663.0636595,0.9675284137,0.2526204332,-0.0084589689,,,,
28234,0.0,1480.217163,119.475044,1663.03125,0.967615953,0.2522891092,-0.0083410412,,,,
28235,0.0,1480.219727,120.699982,1663.03125,0.9677223907,0.2518805302,-0.0083410412,,,,
28236,0.0,1480.138794,123.155357,1663.03125,0.967744316,0.2517962824,-0.008340919,,,,
28237,0.0,1480.066284,124.289001,1663.03125,0.967744316,0.2517962824,-0.008340919,,,,
28238,0.0,1479.978271,125.350739,1663.03125,0.967744316,0.2517962824,-0.008340919,,,,
28239,0.0,1479.842285,126.768753,1663.03125,0.967744316,0.2517962824,-0.008340919,,,,
28240,0.0,1479.685913,128.173279,1663.03125,0.967744316,0.2517962824,-0.008340919,,,,
28241,0.0,1479.54834,129.253845,1663.03125,0.967744316,0.2517962824,-0.008340919,,,,
28242,0.0,1479.390015,130.429474,1663.03125,0.9667826586,0.2554934481,-0.0073748917,,,,
28243,0.0,1479.198242,131.777313,1663.03125,0.9657640116,0.2593440351,-0.0063675289,,,,
28244,0.0,1479.020874,132.932205,1663.03125,0.9650318512,0.2620421556,-0.006887294,,,,
28245,0.0,1478.817505,134.136414,1663.03125,0.9643864206,0.2643886889,-0.0075797702,,,,
28246,0.0,1478.599976,135.379364,1663.03125,0.9639393517,0.2660001865,-0.0080515183,,,,
28247,0.0,1478.574097,135.529526,1663.03125,0.9638782828,0.2662217145,-0.0080375212,,,,
28248,0.0,1478.548218,135.679688,1663.03125,0.9638172138,0.2664432425,-0.0080235241,,,,
28249,0.0,1478.316406,136.876648,1663.03125,0.9622937509,0.2719772602,-0.0043711457,,,,
28250,0.0,1478.224854,137.294861,1663.03125,0.9613974452,0.2751216746,-0.0047975601,,,,
28251,0.0,1478.089478,137.872681,1663.03125,0.9603980648,0.2785282315,-0.0075882348,,,,
28252,0.0,1477.979004,138.318283,1663.03125,0.9597474476,0.2808113764,-0.005459642,,,,
28253,0.0,1477.862427,138.77327,1663.03125,0.9592342951,0.2825898517,-0.0035415798,,,,
28254,0.0,1477.731812,139.27182,1663.03125,0.958571503,0.284845423,-0.001938728,,,,
28255,0.0,1477.619019,139.684921,1663.03125,0.9582739894,0.2858484851,-0.0012667945,,,,
28256,0.0,1477.456543,140.264435,1663.03125,0.9580686668,0.2865376237,-0.0007873354,,,,
28257,0.0,1477.304321,140.845749,1663.03125,0.9565788298,0.291445308,0.004071231,,,,
28258,0.0,1477.156372,141.384033,1663.03125,0.9555128232,0.2947864387,0.0098081743,,,,
28259,0.0,1476.988037,141.970947,1663.03125,0.9549130478,0.2965495711,0.0141217226,,,,
28260,0.0,1476.828125,142.551361,1663.03125,0.9534101216,0.3010312535,0.0197313073,,,,
28261,0.0,1476.690796,143.036545,1663.03125,0.9501081284,0.3108662496,0.025626534,,,,
28262,0.0,1476.417969,143.944839,1663.03125,0.9446214941,0.3263976537,0.0339824168,,,,
28454,0.0,554.499329,739.983521,1842.18335,1.0,0.0,0.0,0.132398081,361.6936441884,727.374172662,0.0
28455,0.0,554.455811,740.162537,1842.036499,1.0,0.0,0.0,0.1301207075,358.0433985259,725.8647003711,0.0
28456,0.0,554.41687,740.306824,1842.087524,1.0,0.0,0.0,0.1289708884,356.2038899822,725.1244345304,0.0
28457,0.0,554.295349,740.237671,1842.061768,0.9998585959,0.016135316,0.0047370677,0.1203446845,344.1966540407,723.6925122827,0.0
28458,0.0,554.666687,740.523621,1841.971191,0.9933131988,0.1107078426,0.0327515285,0.0872472033,294.9415788372,721.9893986533,0.0
28459,0.0,555.381042,740.653564,1841.690186,0.9826346078,0.1778494659,0.0529036399,0.0697276185,264.2881113786,720.3870761606,0.0
28460,0.0,555.887329,740.654724,1841.578857,0.9600276305,0.2681221079,0.0803584719,0.0542869524,233.6473684295,718.908746401,0.0
28461,0.0,557.003906,740.70697,1841.394165,0.9529951617,0.2901857999,0.0871345134,0.0517398874,227.4990326028,716.544794117,0.0
28462,0.0,558.317078,740.815979,1841.461426,0.9529951617,0.2901857999,0.0871345134,0.0516053425,226.4263118764,714.0705061846,0.0
28463,0.0,559.080078,740.718445,1841.445557,0.9529951617,0.2901857999,0.0871345134,0.0515049013,225.7343798296,712.5638233787,0.0
28464,0.0,560.332764,741.181641,1819.087646,0.9529951617,0.2901857999,0.0871345134,0.0431555533,205.1135387161,705.8262905597,0.0
28465,0.0,561.82373,741.744995,1831.878662,0.9529951617,0.2901857999,0.0871345134,0.0476664616,215.1384650093,705.2362072277,0.0
28466,0.0,563.919739,742.811462,1840.830322,0.9529951617,0.2901857999,0.0871345134,0.0510667761,221.7634198128,702.9463983271,0.0
28467,0.0,565.099243,744.095215,1839.656738,0.9529951617,0.2901857999,0.0871345134,0.0504761143,219.5178501547,699.7817356036,0.0
28468,0.0,567.986877,745.42157,1839.491821,0.9529951617,0.2901857999,0.0871345134,0.0505526383,218.0752501862,694.6702657938,0.0
28469,0.0,569.744202,746.078735,1839.624146,0.9529951617,0.2901857999,0.0871345134,,,,
28470,0.0,571.960205,747.042053,1839.888306,0.9529951617,0.2901857999,0.0871345134,,,,
28471,0.0,574.119995,747.845947,1840.07373,0.9529951617,0.2901857999,0.0871345134,,,,
28472,0.0,576.939392,748.834717,1840.311279,0.9529951617,0.2901857999,0.0871345134,,,,
28473,0.0,578.846985,749.446106,1840.494629,0.9529951617,0.2901857999,0.0871345134,,,,
28474,0.0,582.145081,749.846924,1840.947632,0.9992974925,0.0360212383,0.0103436839,,,,
28475,0.0,584.274109,750.366882,1841.035767,0.9999995404,0.0009587441,0.0,,,,
28476,0.0,587.987549,751.195129,1841.201172,0.9999995404,0.0009587441,0.0,,,,
28477,0.0,590.61853,751.772705,1841.228516,0.9999995404,0.0009587441,0.0,,,,
28478,0.0,592.877991,752.240112,1841.331055,0.9999995404,0.0009587441,0.0,,,,
28479,0.0,593.588013,752.770203,1841.449463,0.9999995404,0.0009587441,0.0,,,,
28480,0.0,593.729431,752.956543,1841.25354,0.9999995404,0.0009587441,0.0,,,,
28481,0.0,593.846069,753.007874,1840.992554,0.9999995404,0.0009587441,0.0,,,,
28482,0.0,593.83075,752.949341,1840.773315,0.9999995404,0.0009587441,0.0,,,,
28483,0.0,593.122681,752.55542,1841.879028,0.9999995404,0.0009587441,0.0,,,,
28484,0.0,592.514099,752.12561,1842.198242,0.9999995404,0.0009587441,0.0,,,,
28485,0.0,595.061401,751.525208,1839.901611,0.9999995404,0.0009587441,0.0,,,,
28486,0.0,595.01593,751.4427185,1840.092407,0.9999995404,0.0009587441,0.0,,,,
28487,0.0,594.911438,751.25354,1840.495117,0.9999995404,0.0009587441,0.0,,,,
28488,0.0,594.780243,751.1505735,1840.7649535,0.9999995404,0.0009587441,0.0,,,,
28489,0.0,594.50116,750.919495,1841.312622,0.9999995404,0.0009587441,0.0,,,,
28490,0.0,594.296509,750.815796,1841.6034545,0.9999995404,0.0009587441,0.0,,,,
28491,0.0,593.868591,750.557312,1842.185547,0.9999995404,0.0009587441,0.0,,,,
28492,0.0,593.422791,750.395935,1842.676636,0.9999995404,0.0009587441,0.0,,,,
28493,0.0,593.123566,750.342468,1842.961609,0.9999782472,-0.0041598735,0.0,,,,
28494,0.0,592.475952,750.26886,1843.533569,0.9983405424,-0.057586121,0.0,,,,
28495,0.0,591.995728,750.158752,1843.893677,0.9936659306,-0.1123717558,0.0007789927,,,,
28496,0.0,591.244629,750.110046,1844.451172,0.9812304634,-0.1928159483,0.0029644199,,,,
28497,0.0,591.112976,749.788147,1844.476807,0.9524150728,-0.3047311781,0.0066662008,,,,
28498,0.0,591.055359,749.584229,1844.476318,0.9240135219,-0.3822309704,0.0099245471,,,,
28499,0.0,590.932495,749.454407,1844.533203,0.8911715266,-0.4534911428,0.0126132298,,,,
28500,0.0,591.142334,749.340698,1844.367188,0.8590196956,-0.511680758,0.0163696195,,,,
28501,0.0,591.24231,748.756897,1844.097168,0.8112492164,-0.5842680634,0.0224841942,,,,
28502,0.0,591.435486,747.733276,1843.171875,0.7693430146,-0.6381589348,0.0294023782,,,,
28503,0.0,591.238464,747.144348,1842.887207,0.738836907,-0.6729361053,0.0357354588,,,,
28504,0.0,591.11908,746.166748,1842.345093,0.713211138,-0.6996326119,0.0429427644,,,,
28505,0.0,591.026245,745.445129,1841.602417,0.6970875969,-0.7152872982,0.0493250776,,,,
28506,0.0,590.841553,744.908936,1840.752808,0.682704823,-0.7284852719,0.0567744071,,,,
28507,0.0,590.618774,743.620117,1840.421143,0.6615822078,-0.746748347,0.0683804689,,,,
28508,0.0,590.452393,742.532715,1840.431641,0.6406451461,-0.7638635259,0.0780148094,,,,
28509,0.0,590.229004,741.488464,1840.398071,0.6138360349,-0.7844901215,0.0882075479,,,,
28510,0.0,589.902283,739.640381,1840.375,0.573170071,-0.8132364905,0.1006105372,,,,
28511,0.0,589.602356,738.119263,1840.279419,0.5483750028,-0.829308747,0.1073864906,,,,
28512,0.0,589.144165,735.901245,1840.241577,0.5050258848,-0.854916073,0.1186059184,,,,
28513,0.0,588.876648,734.051086,1840.214355,0.470074554,-0.873424386,0.1271210276,,,,
28514,0.0,588.613342,732.500977,1840.300293,0.4468687749,-0.8846558345,0.1330126028,,,,
28515,0.0,588.082275,729.278748,1840.685425,0.4185243197,-0.8972964987,0.1403438181,,,,
28516,0.0,587.672363,726.871948,1841.148315,0.4020662339,-0.9041028376,0.1447093732,,,,
28517,0.0,587.055969,723.788574,1841.408447,0.3898635443,-0.9087682479,0.148817635,,,,
28518,0.0,586.430786,720.857666,1841.53894,0.3891522715,-0.909026631,0.1491009517,,,,
28519,0.0,585.902527,718.551392,1841.474731,0.3891060015,-0.9089188551,0.1498767308,,,,
28520,0.0,585.20459,715.515198,1841.308594,0.389046604,-0.9087798008,0.1508708508,,,,
28521,0.0,584.753113,713.151367,1841.089844,0.3884040853,-0.9087364616,0.1527753574,,,,
28522,0.0,583.913513,709.691528,1841.120239,0.387180496,-0.9085888059,0.1567087911,,,,
28523,0.0,583.007874,706.398071,1841.225952,0.386786695,-0.908310873,0.1592714997,,,,
28524,0.0,582.070312,702.982605,1841.328369,0.3858114206,-0.908209562,0.1621879751,,,,
28525,0.0,581.518677,700.899475,1841.390259,0.3856708628,-0.9081044843,0.1631080354,,,,
28526,0.0,580.383911,696.918152,1841.451538,0.3856036624,-0.907946606,0.1641425485,,,,
28527,0.0,579.331177,693.424561,1841.466064,0.3862677386,-0.9074836965,0.1651380472,,,,
28528,0.0,577.523926,687.476318,1841.144287,0.3926382301,-0.9042518287,0.1678208884,,,,
28529,0.0,576.8845215,685.5986325,1841.1277465,0.3948171152,-0.9031956164,0.1683774068,,,,
28530,0.0,576.245117,683.720947,1841.111206,0.3969960004,-0.9021394042,0.1689339251,,,,
28531,0.0,574.277222,677.725952,1840.867065,0.4174972262,-0.8925014699,0.1706961991,,,,
28532,0.0,573.837006,676.13443,1840.767822,0.4289864127,-0.8869187714,0.1708290526,,,,
28533,0.0,572.363953,671.320862,1840.7146,0.4598416423,-0.871388373,0.1709618888,,,,
28534,0.0,571.545349,667.944946,1840.693604,0.5134479466,-0.8409180962,0.1709618716,,,,
28535,0.0,570.765686,664.463562,1840.583862,0.5808662884,-0.7958431891,0.170961906,,,,
28536,0.0,570.09671,662.8571165,1840.649658,0.6349790672,-0.750537543,0.1688482121,,,,
28537,0.0,568.467834,658.620056,1840.507935,0.7575237395,-0.6319954559,0.1635222548,,,,
28538,0.0,567.599854,655.553772,1840.523071,0.8783971308,-0.4529354873,0.1525382737,,,,
28539,0.0,566.461975,652.590942,1840.111572,0.9573220041,-0.2528208992,0.1400577499,,,,
28540,0.0,565.706421,650.788147,1839.707764,0.9814052735,-0.1374340532,0.1339983963,,,,
28541,0.0,564.095337,648.0495,1838.947876,0.991822248,0.0210070342,0.1258861899,,,,
28542,0.0,562.969604,646.731018,1838.435913,0.9847955578,0.1273053695,0.1181992057,,,,
28543,0.0,560.756592,645.242493,1838.171753,0.9484956226,0.2992120631,0.1040586139,,,,
28544,0.0,558.685547,642.564758,1836.883179,0.9153442583,0.3912041468,0.0954159544,,,,
28545,0.0,556.710449,639.583801,1835.761597,0.9002770647,0.4256459134,0.0912510994,,,,
28546,0.0,555.399963,637.552124,1834.918335,0.8917332852,0.4438002185,0.0886177978,,,,
28547,0.0,553.610474,634.427551,1833.307617,0.8864725743,0.454559158,0.0868466868,,,,
28548,0.0,551.575562,630.539368,1830.920654,0.8855396225,0.4564750302,0.0863140999,,,,
28549,0.0,550.288086,627.943665,1829.069824,0.8863772132,0.4548539066,0.086274907,,,,
28550,0.0,548.470154,624.608643,1826.524658,0.8893669735,0.4489799849,0.086274907,,,,
28551,0.0,546.574646,621.809448,1825.290039,0.890222125,0.4472820302,0.0862748722,,,,
28552,0.0,544.811157,618.909424,1823.520752,0.8905568931,0.4466151212,0.0862748722,,,,
28553,0.0,542.403259,614.562439,1819.999023,0.8910630327,0.4456044347,0.086274907,,,,
28554,0.0,541.154358,612.218994,1817.723267,0.8933148991,0.4409866072,0.0867139162,,,,
28555,0.0,539.074402,608.37915,1813.713379,0.8972035714,0.4328632686,0.0874936691,,,,
28556,0.0,537.545532,605.521057,1810.515991,0.9000820752,0.4267248128,0.0880806,,,,
28557,0.0,535.886658,602.353149,1807.031128,0.9088988086,0.4070835574,0.0904761459,,,,
28558,0.0,534.031189,598.792603,1802.62854,0.9230976107,0.3727320447,0.0946658543,,,,
28559,0.0,532.614319,595.97467,1799.305542,0.9420702628,0.320381166,0.099295158,,,,
28560,0.0,531.058289,592.883728,1795.429932,0.9600521611,0.2595732894,0.1045062454,,,,
28561,0.0,530.345398,591.46167,1793.67627,0.9667953195,0.2322034643,0.1067162658,,,,
28562,0.0,527.302673,585.075256,1786.057861,0.9911775021,0.0598762205,0.1182454965,,,,
28563,0.0,525.063965,580.646118,1780.092163,0.9905629243,-0.0534804106,0.126194052,,,,
28564,0.0,523.978882,578.538086,1777.106567,0.9854827249,-0.1091268534,0.1300581743,,,,
28565,0.0,521.672363,574.133118,1770.452759,0.9715365356,-0.1939597237,0.1360014177,,,,
28566,0.0,519.78009,570.556458,1764.743652,0.9577731064,-0.2510478575,0.1401629402,,,,
28567,0.0,517.003601,565.2677,1755.446289,0.9475046022,-0.2856140427,0.1437346424,,,,
28568,0.0,515.982605,563.3012695,1751.7369995,0.946782939,-0.287856717,0.1439963818,,,,
28569,0.0,514.961609,561.334839,1748.02771,0.9460612759,-0.2900993912,0.1442581212,,,,
28570,0.0,511.819855,555.290833,1735.980835,0.9457803081,-0.2909639897,0.1443591543,,,,
28571,0.0,511.002716,553.731171,1732.7145995,0.9456635856,-0.291342861,0.1443591456,,,,
28572,0.0,510.185577,552.171509,1729.448364,0.9455468631,-0.2917217324,0.144359137,,,,
28573,0.0,506.65033,545.329041,1714.576294,0.9432040695,-0.2988241183,0.1451558808,,,,
28574,0.0,507.1345825,544.0105595,1709.234131,0.9416956378,-0.3034686021,0.1452318179,,,,
28575,0.0,507.618835,542.692078,1703.891968,0.9401872062,-0.3081130858,0.145307755,,,,
28576,0.0,507.728678,542.2144573333,1701.182129,0.9398900134,-0.3090155501,0.1453077665,,,,
28577,0.0,507.838521,541.7368366667,1698.47229,0.9395928205,-0.3099180145,0.145307778,,,,
28578,0.0,507.948364,541.259216,1695.762451,0.9392956277,-0.3108204788,0.1453077895,,,,
28579,0.0,507.935425,527.636414,1665.165894,0.9321883948,-0.3315274392,0.1453077895,,,,
28580,0.0,508.515228,525.566772,1665.295166,0.9321883948,-0.3315274392,0.1453077895,,,,
28581,0.0,509.587555,522.408081,1662.973877,0.9321883948,-0.3315274392,0.1453077895,,,,
28582,0.0,510.502991,520.623047,1662.324585,0.9331158544,-0.3289079561,0.1453078068,,,,
28583,0.0,512.30896,518.789673,1662.78833,0.9344692545,-0.3254439091,0.1444073214,,,,
28584,0.0,513.510193,517.50647,1663.125244,0.9350011909,-0.3239339711,0.1443591197,,,,
28585,0.0,514.853577,516.047058,1663.649536,0.9351455173,-0.3235170723,0.1443591543,,,,
28586,0.0,515.983948,514.042908,1665.165527,0.9351455173,-0.3235170723,0.1443591543,,,,
28587,0.0,517.35321,512.911133,1665.719971,0.9351455173,-0.3235170723,0.1443591543,,,,
28588,0.0,518.962219,511.905762,1666.403076,0.9349617841,-0.3240476768,0.1443591543,,,,
28589,0.0,521.291382,510.256287,1667.108032,0.9329664967,-0.3300734262,0.1436142378,,,,
28590,0.0,520.973022,506.893982,1676.701294,0.9304555487,-0.3376629886,0.1422539209,,,,
28591,0.0,521.737366,506.124084,1676.701294,0.9227877498,-0.3587420283,0.1405949,,,,
28592,0.0,521.8030395,506.0419005,1676.701355,0.9214701164,-0.3621770576,0.1403817024,,,,
28593,0.0,523.007935,504.883789,1676.701294,0.906581276,-0.3988095589,0.1380627602,,,,
28594,0.0,523.859985,503.815552,1676.701294,0.8840054406,-0.4467313947,0.1377150754,,,,
28595,0.0,524.238708,502.720276,1676.701294,0.84560609,-0.5157372379,0.1377150754,,,,
28596,0.0,524.977234,501.825409,1676.701294,0.8241099158,-0.5494337128,0.1377150754,,,,
28597,0.0,525.80957,501.196198,1676.701294,0.8179079043,-0.5586243981,0.1377150754,,,,
28598,0.0,526.862427,500.348755,1676.701294,0.8078760712,-0.5728285499,0.1385774367,,,,
28599,0.0,527.708435,499.710083,1676.701294,0.8025473434,-0.5802498507,0.1386646039,,,,
28600,0.0,528.226746,499.310791,1676.701294,0.7988291623,-0.5853580889,0.1386646212,,,,
28601,0.0,528.806519,498.913269,1676.701294,0.7975920653,-0.5870426052,0.1386646212,,,,
28602,0.0,529.234131,498.629364,1676.701294,0.7975920653,-0.5870426052,0.1386646212,,,,
28603,0.0,529.833191,498.223938,1676.701294,0.7975920653,-0.5870426052,0.1386646212,,,,
28604,0.0,530.473938,497.783142,1676.701294,0.7975920653,-0.5870426052,0.1386646212,,,,
28605,0.0,531.01001,497.409332,1676.701294,0.7976882538,-0.58711323,0.1378096692,,,,
28606,0.0,531.688721,496.931976,1676.701294,0.797698768,-0.5871211404,0.1377150754,,,,
28607,0.0,532.119019,496.627106,1676.701294,0.797698768,-0.5871211404,0.1377150754,,,,
28608,0.0,532.2483525,496.5349125,1676.701294,0.7976878786,-0.5871498522,0.1376557113,,,,
28609,0.0,532.377686,496.442719,1676.701294,0.795799167,-0.5916252528,0.1291636408,,,,
28610,0.0,534.426514,494.951782,1676.701294,0.7968906379,-0.5888754508,0.1348740694,,,,
28611,0.0,535.698792,494.012604,1676.701294,0.7962985479,-0.590379691,0.131759034,,,,
28612,0.0,536.671753,493.291748,1676.701294,0.795779789,-0.5914070142,0.1302776684,,,,
28613,0.0,537.312012,492.822754,1676.701294,0.7957576512,-0.591594216,0.1295609666,,,,
28614,0.0,537.871857,492.404007,1676.701294,0.7953359427,-0.5922920884,0.1289565433,,,,
28615,0.0,539.198608,491.396912,1676.701294,0.7937775613,-0.5949650032,0.1262292681,,,,
28616,0.0,540.133118,490.684937,1676.701294,0.7926932153,-0.5968641015,0.1240593035,,,,
28617,0.0,541.301819,489.768005,1676.701294,0.7902643647,-0.6010491528,0.1192566553,,,,
28618,0.0,542.175293,489.081696,1676.701294,0.7884950306,-0.6040403281,0.1158053054,,,,
28619,0.0,543.15033,488.299347,1676.701294,0.7857316577,-0.6083223871,0.112114385,,,,
28620,0.0,544.066162,487.536407,1676.701294,0.7818955523,-0.6141829381,0.1068581479,,,,
28621,0.0,544.6934205,486.980804,1676.701294,0.7777465503,-0.6203290135,0.101062561,,,,
28622,0.0,545.320679,486.425201,1676.701294,0.7735975482,-0.6264750889,0.0952669742,,,,
28623,0.0,547.0979,484.897797,1676.701294,0.7648903477,-0.6389326602,0.0819012319,,,,
28624,0.0,548.582458,483.685699,1676.701294,0.7617094315,-0.6435692332,0.0749492093,,,,
28625,0.0,549.130432,483.247437,1676.701294,0.7612978753,-0.6443437915,0.072433579,,,,
28626,0.0,550.277771,482.332581,1676.701294,0.7608725398,-0.6451807037,0.069389032,,,,
28627,0.0,551.637878,481.248169,1676.701294,0.7604197672,-0.6460483224,0.066206818,,,,
28628,0.0,552.521729,480.528687,1676.701294,0.759348976,-0.6477404426,0.0618178908,,,,
28629,0.0,552.655151,480.685883,1676.701416,0.7750319839,-0.6299663699,0.049676923,,,,
28630,0.0,553.01001,480.486481,1676.701294,0.7799331528,-0.6240874179,0.0471080895,,,,
28631,0.0,553.219238,480.319275,1676.701294,0.7799930827,-0.6241356183,0.0454480026,,,,
28632,0.0,553.673218,479.95343,1676.701294,0.7799027175,-0.6244167638,0.0430750077,,,,
28633,0.0,553.976379,479.70929,1676.701294,0.7798771616,-0.6245893363,0.0409850445,,,,
28634,0.0,554.422974,479.328552,1676.701294,0.7785156957,-0.6262399717,0.0416750463,,,,
28635,0.0,554.710632,479.091705,1676.701294,0.778129306,-0.6266596507,0.0425730582,,,,
28636,0.0,555.075256,478.793793,1676.701294,0.7777835496,-0.6270325882,0.0433922037,,,,
28637,0.0,555.62915,478.417419,1676.701294,0.7818390325,-0.6223211879,0.0380008729,,,,
28638,0.0,555.66783125,478.388252,1676.701294,0.7819465891,-0.6222016686,0.0377403519,,,,
28639,0.0,555.7065125,478.359085,1676.701294,0.7820541456,-0.6220821494,0.0374798309,,,,
28640,0.0,555.74519375,478.329918,1676.701294,0.7821617022,-0.6219626302,0.0372193099,,,,
28641,0.0,555.783875,478.300751,1676.701294,0.7822692588,-0.6218431109,0.0369587889,,,,
28642,0.0,555.783875,478.300751,1676.701294,0.7822692588,-0.6218431109,0.0369587889,,,,
28643,0.0,557.44873,476.978241,1674.744385,0.7861080875,-0.617009221,0.0365198035,,,,
28644,0.0,557.986755,476.608826,1672.335571,0.7860541901,-0.6172650174,0.0332070559,,,,
28645,0.0,558.491699,476.213745,1670.218018,0.7861910419,-0.616906263,0.0364733912,,,,
28646,0.0,558.884949,475.904053,1668.60022,0.7862115992,-0.616846706,0.0370332634,,,,
28647,0.0,559.221375,475.638275,1667.056641,0.7861622002,-0.6169221187,0.0368251876,,,,
28648,0.0,559.535217,475.390747,1665.966309,0.7861227599,-0.6169856382,0.0366023024,,,,
28649,0.0,559.963257,475.084656,1664.392456,0.7876259307,-0.614705585,0.0422189179,,,,
28650,0.0,560.305847,474.8479,1663.16748,0.7891806548,-0.6122680648,0.0481841355,,,,
28651,0.0,560.767334,474.500244,1663.03125,0.7897458184,-0.6112441961,0.0517887532,,,,
28652,0.0,561.438477,473.973511,1663.03125,0.789472246,-0.6115831596,0.0519577874,,,,
28653,0.0,561.836304,473.689697,1663.03125,0.7906518561,-0.6095620589,0.0574781595,,,,
28654,0.0,562.221069,473.424988,1663.03125,0.7922363191,-0.6067947534,0.0645115647,,,,
28655,0.0,562.584717,473.161774,1663.03125,0.793104959,-0.6052523064,0.0682214751,,,,
28656,0.0,563.182922,472.725677,1663.03125,0.7943927457,-0.6029007372,0.0738299851,,,,
28657,0.0,563.23838775,472.68367725,1663.03125,0.7944395244,-0.6028145104,0.0740294524,,,,
28658,0.0,563.2938535,472.6416775,1663.03125,0.7944863032,-0.6027282837,0.0742289196,,,,
28659,0.0,563.34931925,472.59967775,1663.03125,0.7945330819,-0.6026420569,0.0744283869,,,,
28660,0.0,563.404785,472.557678,1663.03125,0.7945798607,-0.6025558301,0.0746278542,,,,
28661,0.0,564.768372,471.539124,1663.03125,0.7947547763,-0.5994908738,0.0947393152,,,,
28662,0.0,565.814026,470.745667,1663.03125,0.7946770668,-0.599113536,0.0977309084,,,,
28663,0.0,566.322754,470.359619,1663.03125,0.7946770668,-0.599113536,0.0977309084,,,,
28664,0.0,566.796021,470.000916,1663.03125,0.7946770668,-0.599113536,0.0977309084,,,,
28665,0.0,567.16272,469.723236,1663.03125,0.7946770668,-0.599113536,0.0977309084,,,,
28666,0.0,567.612976,469.382385,1663.03125,0.7946770668,-0.599113536,0.0977309084,,,,
28667,0.0,567.94635,469.130371,1663.03125,0.7946770668,-0.599113536,0.0977309084,,,,
28668,0.0,568.647583,468.600281,1663.03125,0.7946770668,-0.599113536,0.0977309084,,,,
28669,0.0,569.085083,468.269836,1663.03125,0.7946770668,-0.599113536,0.0977309084,,,,
28670,0.0,569.638733,467.851654,1663.03125,0.7946770668,-0.599113536,0.0977309084,,,,
28671,0.0,569.875854,467.672546,1663.03125,0.7946770668,-0.599113536,0.0977309084,,,,
28672,0.0,570.536011,467.174286,1663.03125,0.7946770668,-0.599113536,0.0977309084,,,,
28673,0.0,571.229797,466.650543,1663.03125,0.7946770668,-0.599113536,0.0977309084,,,,
28674,0.0,571.689697,466.303589,1663.03125,0.7946770668,-0.599113536,0.0977309084,,,,
28675,0.0,572.171448,465.940094,1663.03125,0.7946770668,-0.599113536,0.0977309084,,,,
28676,0.0,572.243103,465.886093,1663.03125,0.7946770668,-0.599113536,0.0977309084,,,,
28677,0.0,572.314758,465.832092,1663.03125,0.7946770668,-0.599113536,0.0977309084,,,,
28678,0.0,573.676392,464.804932,1663.03125,0.7946770668,-0.599113536,0.0977309084,,,,
28679,0.0,574.471375,464.205261,1663.03125,0.7946770668,-0.599113536,0.0977309084,,,,
28680,0.0,574.925171,463.863068,1664.118896,0.7946770668,-0.599113536,0.0977309084,,,,
28681,0.0,575.578125,463.370697,1665.73938,0.7946770668,-0.599113536,0.0977309084,,,,
28682,0.0,576.112549,462.971161,1666.84082,0.7949336006,-0.5988831411,0.0970543866,,,,
28683,0.0,576.710022,462.526611,1668.450195,0.7953466091,-0.5985106741,0.0959622027,,,,
28684,0.0,577.407349,462.051605,1670.015869,0.7982353107,-0.5948230232,0.0948997354,,,,
28685,0.0,577.990173,461.725037,1671.221558,0.8044596445,-0.5865094835,0.0940813807,,,,
28686,0.0,578.723999,461.37738,1672.847534,0.8153285273,-0.571408173,0.0934456651,,,,
28687,0.0,579.305908,461.075745,1673.86377,0.8222425888,-0.5614707262,0.0931007449,,,,
28688,0.0,580.048096,460.884064,1675.476074,0.8439411266,-0.5280321315,0.094580352,,,,
28689,0.0,580.606445,460.687347,1676.613037,0.8609550826,-0.4995161758,0.0961245845,,,,
28690,0.0,581.393188,460.369629,1676.701294,0.8833510439,-0.4582870348,0.0983052747,,,,
28691,0.0,582.046387,460.022858,1676.701294,0.9028565719,-0.4178049125,0.1014350322,,,,
28692,0.0,582.461487,459.676941,1676.701172,0.9144338101,-0.3910984573,0.1041767901,,,,
28693,0.0,582.5895995,459.5461885,1676.701233,0.9173058426,-0.3840436855,0.1048899986,,,,
28694,0.0,582.717712,459.415436,1676.701294,0.920177875,-0.3769889137,0.105603207,,,,
28695,0.0,584.830261,456.156494,1676.701294,0.9323542097,-0.3449737455,0.1082069432,,,,
28696,0.0,584.830261,456.156494,1676.701294,0.9327603672,-0.3438696438,0.1082209106,,,,
28697,0.0,586.600525,452.993622,1676.701294,0.9327603672,-0.3438696438,0.1082209106,,,,
28698,0.0,587.436584,451.448242,1676.701294,0.9327603672,-0.3438696438,0.1082209106,,,,
28699,0.0,589.683167,447.18927,1676.701294,0.9327603672,-0.3438696438,0.1082209106,,,,
28700,0.0,590.327057,445.946945,1676.701294,0.9327603672,-0.3438696438,0.1082209106,,,,
28701,0.0,591.793518,443.103027,1676.701294,0.9327603672,-0.3438696438,0.1082209106,,,,
28702,0.0,593.289795,440.168976,1676.701294,0.9327603672,-0.3438696438,0.1082209106,,,,
28703,0.0,594.15387,438.467316,1676.701294,0.9327603672,-0.3438696438,0.1082209106,,,,
28704,0.0,595.544983,435.728271,1676.701294,0.9329064191,-0.343473218,0.1082208932,,,,
28705,0.0,596.750549,433.324615,1676.701294,0.9330507379,-0.3430809799,0.1082208932,,,,
28706,0.0,598.13031,430.599335,1676.701294,0.934147166,-0.3398183735,0.1090529469,,,,
28707,0.0,599.019531,428.854614,1676.701294,0.9354914351,-0.3360607416,0.1091739568,,,,
28708,0.0,600.539062,425.903198,1676.701294,0.9391848856,-0.3255960596,0.1091739741,,,,
28709,0.0,601.787903,423.490906,1676.701294,0.9415980029,-0.3183916571,0.109635549,,,,
28710,0.0,602.931824,421.247345,1676.701294,0.943127709,-0.3136985304,0.1100152558,,,,
28711,0.0,604.381348,418.425842,1676.701294,0.944766296,-0.3086886903,0.11012692,,,,
28712,0.0,605.425598,416.405334,1676.701294,0.945832294,-0.3054068385,0.1101269026,,,,
28713,0.0,607.036682,413.295563,1676.701294,0.9473288663,-0.3007325732,0.11012692,,,,
28714,0.0,608.103149,411.239288,1676.701294,0.9478410423,-0.2991143991,0.1101269026,,,,
28715,0.0,609.24939,409.04071,1676.701294,0.9484382019,-0.297007999,0.1106852548,,,,
28716,0.0,611.020142,405.721527,1676.701294,0.9514008919,-0.2868936694,0.1119301804,,,,
28717,0.0,612.309998,403.350372,1676.701294,0.9537248542,-0.2788474315,0.1124856096,,,,
28718,0.0,613.646667,400.860748,1676.701294,0.9554656579,-0.2726569086,0.112887496,,,,
28719,0.0,615.312134,397.918335,1676.701294,0.9612516322,-0.2506176822,0.1148306448,,,,
28720,0.0,616.367188,396.268066,1676.701172,0.9709911271,-0.2085487921,0.1169770597,,,,
28721,0.0,617.783691,393.94873,1676.701294,0.9770961432,-0.1769860444,0.1181484952,,,,
28722,0.0,619.576904,390.926727,1676.701294,0.9805133567,-0.1565725139,0.1186532987,,,,
28723,0.0,620.993225,388.628143,1676.701294,0.9830405035,-0.1391560325,0.11944441,,,,
28724,0.0,622.708801,385.979401,1676.701294,0.9864920529,-0.1118799291,0.119650788,,,,
28725,0.0,623.176086,385.26947,1676.701294,0.9874522245,-0.1028458778,0.1198366797,,,,
28726,0.0,625.297424,382.231903,1676.701172,0.9913562943,-0.0494192461,0.1215336822,,,,
28727,0.0,627.784424,378.747589,1676.701294,0.9923374226,0.0053088234,0.1234433312,,,,
28728,0.0,629.086731,377.016602,1676.701172,0.9903475287,0.0600841886,0.1249066159,,,,
28729,0.0,630.782227,374.807922,1676.701294,0.9810465651,0.1470434208,0.1261977399,,,,
28730,0.0,632.696045,372.127197,1676.70105,0.9740147599,0.187991429,0.1263110056,,,,
28731,0.0,633.974243,369.979248,1676.700928,0.9608999256,0.2464079286,0.1263109883,,,,
28732,0.0,634.923157,368.300476,1676.70105,0.949997038,0.2861480543,0.1249996748,,,,
28733,0.0,636.486633,365.474976,1676.700806,0.9364151258,0.3285409665,0.1232377598,,,,
28734,0.0,638.478088,361.99472,1676.701416,0.907190538,0.4035056202,0.1191156675,,,,
28735,0.0,640.285278,359.287292,1676.700684,0.8760364432,0.4682880938,0.1151799085,,,,
28736,0.0,643.353149,354.868805,1676.700928,0.8040714424,0.5840958313,0.1109106639,,,,
28737,0.0,645.495117,351.686218,1676.700684,0.7581650236,0.6428180423,0.1094109753,,,,
28738,0.0,646.4562985,350.39595,1676.700928,0.7246770456,0.6787248604,0.108462433,,,,
28739,0.0,647.41748,349.105682,1676.701172,0.6911890676,0.7146316786,0.1075138908,,,,
28740,0.0,650.881958,344.593628,1676.700684,0.5130225051,0.8520573339,0.1039529171,0.1366810828,329.4262766935,652.7703741106,0.0
28741,0.0,652.532043,342.0495,1676.700684,0.388284242,0.9159819486,0.1010565056,0.0762680458,252.1533601806,658.2959317714,0.0
28742,0.0,653.4597775,340.518311,1676.700623,0.3373294298,0.9345002166,0.0998875133,0.058956851,221.1193555696,661.9516770519,0.0
28743,0.0,655.520874,337.113403,1676.701294,0.2286561471,0.9687265771,0.0963596661,0.027067943,154.9078153057,670.3315142187,0.0
28744,0.0,657.208252,334.307587,1676.700928,0.1686353461,0.9811947976,0.0939089411,0.0155417767,118.6976344938,675.8817996167,0.0
28745,0.0,659.328491,330.811218,1676.700684,0.098585313,0.9910655056,0.0898337339,0.0064275142,77.3382997132,683.2145104588,0.0
28746,0.0,660.56073,328.870514,1676.700928,0.0575651175,0.9945551809,0.0868691512,0.0031773529,54.8021406739,688.0104752107,0.0
28747,0.0,663.325623,324.645447,1676.700684,-0.0010194297,0.9965874933,0.0825368334,0.0011294897,33.0959869407,696.5332815132,0.0
28748,0.0,664.868286,322.420349,1676.700684,-0.0268468961,0.9963522055,0.0810032518,0.0011130808,33.0576961256,700.8339371212,0.0
28749,0.0,667.158081,319.246796,1676.700684,-0.0626705186,0.9949084689,0.0789274639,0.0019492705,44.1944686493,708.1554656159,0.0
28750,0.0,669.464417,316.177094,1676.700562,-0.0925277285,0.9926709659,0.0777365614,0.0033572824,58.5233796906,714.801213605,0.0
28751,0.0,671.39856,313.736877,1676.700684,-0.1218174707,0.9895483915,0.0771653084,0.005428521,74.9991456209,720.760128757,0.0
28752,0.0,673.888428,310.71347,1676.700562,-0.1488903093,0.985873802,0.0767106404,0.0078452327,90.9044691286,727.1445987697,0.0
28753,0.0,676.265259,307.543152,1676.700562,-0.1930955164,0.9781834726,0.076623857,0.0134089296,119.8001096552,734.016665924,0.0
28754,0.0,678.014709,304.917206,1676.700317,-0.2359157754,0.9686748279,0.0775424054,0.0205997321,149.3804855867,739.7692390598,0.0
28755,0.0,680.040649,301.797638,1676.700562,-0.2732283302,0.9587475655,0.0784180155,0.028126089,175.7973306344,746.4797520756,0.0
28756,0.0,681.606201,298.693665,1676.700439,-0.3349284487,0.9386732772,0.0819476234,0.0442863943,221.6418588902,753.1196759054,0.0
28757,0.0,682.616516,295.957947,1676.700439,-0.4030642107,0.9111709362,0.0854796295,0.0675293783,274.1546448819,758.914381086,0.0
28758,0.0,683.655701,292.627533,1676.699585,-0.4608687699,0.8827014863,0.0918589297,0.0916412793,320.446800029,766.2674196462,0.0
28759,0.0,684.654053,289.267914,1676.700439,-0.4997629769,0.8607017822,0.0971051442,0.110327336,352.8402305269,772.7575217112,0.0
28760,0.0,685.510376,286.329865,1676.700562,-0.5079168792,0.8556816208,0.099143369,0.1140802198,361.1458744305,778.6026467242,0.0
28761,0.0,686.343445,282.713257,1676.700562,-0.5091695019,0.854879222,0.0996390195,0.1141505576,364.7684824384,786.1850460871,0.0
28762,0.0,686.965698,279.38913,1676.700562,-0.5091695019,0.854879222,0.0996390195,0.1137023617,367.2312534084,792.9572636611,0.0
28763,0.0,687.243469,276.569244,1676.700562,-0.5091695019,0.854879222,0.0996390195,0.1134990034,369.3864827468,798.2822180553,0.0
28764,0.0,687.267273,273.345673,1676.700562,-0.5091695019,0.854879222,0.0996390195,0.1133827113,372.5438394112,805.4935405872,0.0
28765,0.0,687.00354,270.825256,1676.700562,-0.5091695019,0.854879222,0.0996390195,0.1134419154,375.3548338836,811.3722446322,0.0
28766,0.0,686.423523,267.261963,1676.700562,-0.5091695019,0.854879222,0.0996390195,0.1137007889,379.0711613291,818.5283299622,0.0
28767,0.0,685.617859,264.22171,1676.700562,-0.5091695019,0.854879222,0.0996390195,0.1140689574,382.7161929886,825.1448575027,0.0
28768,0.0,684.629395,261.598969,1676.700562,-0.5091695019,0.854879222,0.0996390195,0.1145651105,385.9820820032,830.4914880553,0.0
28769,0.0,683.50238,259.023987,1676.700562,-0.5091695019,0.854879222,0.0996390195,0.1150916368,389.6702274139,836.6238115201,0.0
28770,0.0,682.241882,256.721985,1676.700562,-0.5091695019,0.854879222,0.0996390195,0.1156823497,393.3167438882,842.4261246873,0.0
28771,0.0,680.426025,253.586334,1676.700562,-0.5091695019,0.854879222,0.0996390195,0.1165948743,397.8813610802,849.0670583012,0.0
28772,0.0,678.864502,251.269547,1676.700562,-0.5091695019,0.854879222,0.0996390195,0.1174204989,401.4640370969,853.8823252818,0.0
28773,0.0,676.875732,248.613892,1676.700562,-0.5091695019,0.854879222,0.0996390195,0.1184485794,406.2670347695,860.5747717949,0.0
28774,0.0,674.938538,246.227295,1676.700562,-0.5114583633,0.8535118071,0.0996390368,0.1208671709,412.7658611324,866.1056112121,0.0
28775,0.0,672.699219,243.5383,1676.700684,-0.5598900934,0.8232721761,0.0935200902,0.122614382,873.2411675378,1820.0643853346,2.0
28776,0.0,667.737366,238.17569,1676.69165,-0.7120642453,0.6972211068,0.0827480438,0.0448928882,537.6630753645,1814.830882294,2.0
28777,0.0,666.229309,237.15522,1676.687439,-0.737503695,0.6693841755,0.0811700369,0.0350461601,470.8897006601,1813.1885064797,2.0
28778,0.0,661.880188,234.366653,1676.675781,-0.8109022057,0.5803276601,0.0752158216,0.0108469253,265.58488728,1808.072873155,2.0
28779,0.0,660.5078735,233.549179,1676.6748655,-0.8233231024,0.5622931589,0.0740581563,0.0081388926,226.7041974497,1806.3575150392,2.0
28780,0.0,655.931824,230.875702,1676.674805,-0.8545429566,0.5144947502,0.0710738164,0.0024617876,126.3028831547,1801.1107743265,2.0
28781,0.0,652.88739,229.251831,1676.674805,-0.8600383875,0.5054034878,0.0700091889,0.0017986953,107.7684847648,1797.6012238218,2.0
28782,0.0,649.646057,227.711136,1676.700562,-0.8598879022,0.5056703325,0.0699307546,0.0018022139,107.6426742386,1793.7506823704,2.0
28783,0.0,646.710999,226.408157,1676.701538,-0.8585556277,0.5079290538,0.0699307546,0.0019319812,111.2297358365,1790.2526317181,2.0
28784,0.0,643.640137,225.101013,1676.701294,-0.8575782064,0.5095775771,0.069930772,0.0020272061,113.7041986113,1786.6223566834,2.0
28785,0.0,640.411499,223.771454,1676.701294,-0.8574425999,0.5098057252,0.0699307546,0.0020263003,113.4351725485,1782.7931241559,2.0
28786,0.0,636.680847,222.297729,1676.701294,-0.8574425999,0.5098057252,0.0699307546,0.002006402,112.5955696893,1778.3419894997,2.0
28787,0.0,633.555725,221.114563,1676.701294,-0.8574425999,0.5098057252,0.0699307546,0.0019860604,111.784441535,1774.540346233,2.0
28788,0.0,630.487183,219.98909,1676.701294,-0.8574425999,0.5098057252,0.0699307546,0.0019728359,111.1780564476,1770.8138379849,2.0
28789,0.0,627.122925,218.814621,1676.701294,-0.8574425999,0.5098057252,0.0699307546,0.001969848,110.81792887,1766.4146059509,2.0
28790,0.0,622.92749,217.35199,1676.701294,-0.8574425999,0.5098057252,0.0699307546,0.0019405576,109.702350924,1761.7669892888,2.0
28791,0.0,619.76178,216.29361,1676.701294,-0.8574425999,0.5098057252,0.0699307546,0.0019362728,109.3275257489,1757.6871408708,2.0
28792,0.0,616.215576,215.144196,1676.701294,-0.8574425999,0.5098057252,0.0699307546,0.0019269228,108.7871304696,1753.233155016,2.0
28793,0.0,612.404175,213.935547,1676.701294,-0.8574425999,0.5098057252,0.0699307546,0.0019137732,108.1265611221,1748.5579877523,2.0
28794,0.0,608.700684,212.805313,1676.701294,-0.8565190497,0.511355854,0.0699307371,0.00199963,110.2251245487,1743.8454663522,2.0
28795,0.0,604.91449,211.676865,1676.701294,-0.855500486,0.5130580943,0.0699307546,0.0021076176,112.8577893375,1739.2002219514,2.0
28796,0.0,601.722778,210.731628,1676.701294,-0.8554812241,0.5130902111,0.0699307546,0.0021006707,112.4148952352,1735.2340782693,2.0
28797,0.0,597.673828,209.552261,1676.701294,-0.8554812241,0.5130902111,0.0699307546,0.0020761579,111.4407211904,1730.311347715,2.0
28798,0.0,594.072021,208.522171,1676.701294,-0.8554812241,0.5130902111,0.0699307546,0.0020863645,111.4122838945,1725.6377256059,2.0
28799,0.0,590.200562,207.431992,1676.701294,-0.8554812241,0.5130902111,0.0699307546,0.0020803223,110.937952952,1720.7818762917,2.0
28800,0.0,587.008606,206.546387,1676.701294,-0.8554812241,0.5130902111,0.0699307546,0.0020634535,110.246739892,1717.0287491325,2.0
28801,0.0,581.603821,206.380539,1675.513062,-0.8554812241,0.5130902111,0.0699307546,0.0020518057,109.5043781001,1710.2958925985,2.0
28802,0.0,577.821716,205.340347,1675.280029,-0.8554812241,0.5130902111,0.0699307546,0.002045232,109.0339851733,1705.6808448192,2.0
28803,0.0,574.018616,204.297699,1675.036255,-0.8554812241,0.5130902111,0.0699307546,0.0020490516,108.8731998832,1701.579026871,2.0
28804,0.0,570.514465,203.285019,1674.807129,-0.857419795,0.5098440811,0.0699307371,0.001847799,103.1830469093,1698.1134436021,2.0
28805,0.0,567.397278,202.160721,1674.383789,-0.8624307746,0.5013211032,0.0699307546,0.0013738297,88.8490485655,1695.5888552228,2.0
28806,0.0,564.100769,201.263062,1674.419434,-0.867329963,0.4930228782,0.0683167393,0.0009547692,73.9652413779,1693.0397952257,2.0
28807,0.0,560.40033,199.932709,1674.268799,-0.8794351661,0.4715100486,0.0653610175,0.0003617695,45.4658830587,1690.4174277407,2.0
28808,0.0,556.799011,198.583496,1674.157227,-0.8933003266,0.4449839613,0.0632755923,0.0005216407,54.5196280211,1688.141333169,2.0
28809,0.0,554.246826,197.550827,1674.185913,-0.9040353818,0.4228792314,0.0623953854,0.001367116,88.1778045343,1686.9029195765,2.0
28810,0.0,550.924622,196.113785,1674.326416,-0.9144671089,0.3999575396,0.0615131963,0.0029008769,128.2669581003,1685.1956603243,2.0
28811,0.0,547.421204,194.236191,1676.728149,-0.9338729298,0.3527810793,0.0585393971,0.007961044,212.0393271354,1683.768935092,2.0
28812,0.0,544.035583,192.717499,1676.749023,-0.9516487925,0.3021051725,0.0556510597,0.0161225371,300.9342552535,1682.6644199021,2.0
28813,0.0,541.169556,191.334473,1676.7677,-0.9658903344,0.2534372171,0.0531548577,0.026517389,384.7974388114,1682.093533187,2.0
28814,0.0,538.242981,189.73645,1676.790161,-0.9792758689,0.1963459518,0.0496693053,0.0417600404,480.9487794221,1681.8428672834,2.0
28815,0.0,532.073975,185.918259,1676.847046,-0.9956526774,0.082350034,0.0435226136,0.0816876613,665.8810609459,1682.1269600714,2.0
28816,0.0,530.632355,184.7918245,1676.864685,-0.9973495368,0.0494374029,0.0419679282,0.0959992532,717.1468321018,1682.5752460811,2.0
28817,0.0,529.190735,183.66539,1676.882324,-0.9990463962,0.0165247718,0.0404132427,0.110310845,768.4126032576,1683.0235320908,2.0
28818,0.0,526.861816,181.601349,1676.916016,-0.9988428688,-0.0290040773,0.0383625728,0.132535034,837.9661989804,1684.3600119902,2.0
28819,0.0,522.273682,176.846664,1676.994751,-0.993605002,-0.1076894026,0.0339424893,,,,
28820,0.0,520.229248,174.090103,1677.041138,-0.9896108182,-0.1408320969,0.0289266119,,,,
28821,0.0,518.702759,171.690964,1677.083008,-0.9869345221,-0.159499179,0.0228092307,,,,
28822,0.0,517.142334,168.905685,1677.131836,-0.9851971539,-0.170612801,0.0166685361,,,,
28823,0.0,515.942627,166.414825,1677.176025,-0.9838672959,-0.1784796745,0.0122535627,,,,
28824,0.0,514.849304,163.77594,1677.223022,-0.9827877866,-0.1845467104,0.0084070298,,,,
28825,0.0,513.600586,160.393692,1677.283081,-0.9817810933,-0.189953392,0.0048573369,,,,
28826,0.0,512.751526,157.775101,1677.329956,-0.9815855872,-0.1909910832,0.0034844032,,,,
28827,0.0,511.945953,154.652771,1677.385742,-0.9814002411,-0.1919623955,0.0020013677,,,,
28996,0.0,-383.851624,-392.711029,1699.382324,0.258849913,0.9659175547,0.0,0.0098777956,51.5579129543,367.7269323249,3.0
28997,0.0,-383.375275,-393.500732,1699.72522,0.258849913,0.9659175547,0.0,0.0099438981,51.8042138973,368.2596150795,3.0
28998,0.0,-383.424927,-393.588959,1699.783569,0.258849913,0.9659175547,0.0,0.0098865392,51.6483063017,368.2095254169,3.0
28999,0.0,-383.848145,-396.395996,1699.789673,0.1282159543,0.9917456302,-0.0011287565,0.0034391264,30.7350278597,370.9097643879,3.0
29000,0.0,-387.746948,-393.919067,1700.949463,-0.4863382273,0.8737281022,-0.0086216103,,,,
29001,0.0,-391.246582,-398.601746,1700.034424,-0.993855864,-0.1082934374,-0.0228703537,,,,
29002,0.0,-391.493835,-399.215607,1699.512085,-0.9918005774,-0.1257070468,-0.0230076749,,,,
29003,0.0,-391.474915,-399.683868,1698.802612,-0.9918005774,-0.1257070468,-0.0230076749,,,,
29004,0.0,-391.432312,-400.126953,1697.964844,-0.9918005774,-0.1257070468,-0.0230076749,,,,
29005,0.0,-391.399353,-400.565796,1696.980713,-0.9918005774,-0.1257070468,-0.0230076749,,,,
29006,0.0,-391.366638,-401.024811,1695.78479,-0.9918005774,-0.1257070468,-0.0230076749,,,,
29007,0.0,-391.347382,-401.464447,1694.462769,-0.9918005774,-0.1257070468,-0.0230076749,,,,
29008,0.0,-391.27887,-402.116516,1692.53064,-0.9918005774,-0.1257070468,-0.0230076749,,,,
29009,0.0,-391.268555,-402.675537,1690.765381,-0.9918005774,-0.1257070468,-0.0230076749,,,,
29010,0.0,-391.166046,-403.055786,1689.361206,-0.9918005774,-0.1257070468,-0.0230076749,,,,
29011,0.0,-391.080322,-403.668732,1687.000854,-0.9918005774,-0.1257070468,-0.0230076749,,,,
29012,0.0,-391.12616,-404.238281,1684.397827,-0.9918005774,-0.1257070468,-0.0230076749,,,,
29013,0.0,-390.952667,-404.714508,1681.937866,-0.9918005774,-0.1257070468,-0.0230076749,,,,
29014,0.0,-390.300751,-405.273621,1679.069092,-0.9918005774,-0.1257070468,-0.0230076749,,,,
29015,0.0,-389.346039,-405.704132,1677.588623,-0.9918005774,-0.1257070468,-0.0230076749,,,,
29016,0.0,-385.155823,-402.616913,1677.559082,-0.1620609048,0.9867717968,-0.0042052537,0.0589977803,127.6214330366,377.1314621555,3.0
29017,0.0,-381.615967,-403.231964,1677.285278,0.258849913,0.9659175547,0.0,0.0162781205,67.8835535828,377.7652862751,3.0
29018,0.0,-380.495239,-404.306702,1677.047729,0.258849913,0.9659175547,0.0,0.0167685527,69.1294008378,379.077757031,3.0
29019,0.0,-379.359039,-405.257874,1676.814453,0.258849913,0.9659175547,0.0,0.0172561329,70.3134397723,380.1310085956,3.0
29020,0.0,-377.90451,-406.304565,1676.698853,0.258849913,0.9659175547,0.0,0.0177886639,71.5465160712,381.0148023333,3.0
29021,0.0,-376.305939,-407.333313,1676.613037,0.258849913,0.9659175547,0.0,0.0183506268,72.7914400325,381.7169562314,3.0
29022,0.0,-374.19043,-408.490356,1676.445923,0.258849913,0.9659175547,0.0,0.0191220068,74.410679632,382.3311416035,3.0
29023,0.0,-372.445526,-409.016968,1676.502808,0.258849913,0.9659175547,0.0,0.0197037162,75.5200147773,382.3163821993,3.0
29024,0.0,-370.09079,-409.021667,1676.601685,0.258849913,0.9659175547,0.0,0.0205143401,76.8914135105,381.5688284635,3.0
29025,0.0,-365.883484,-408.812164,1676.792725,0.258849913,0.9659175547,0.0,0.0219577937,79.1444703622,379.7593273231,3.0
29026,0.0,-362.749725,-407.907684,1676.071289,0.258849913,0.9659175547,0.0,0.0233355758,81.1127183107,377.6706381505,3.0
29027,0.0,-359.965332,-407.657837,1676.133667,0.258849913,0.9659175547,0.0,0.0242793736,82.3735376669,376.1024927374,3.0
29028,0.0,-358.450424,-407.522629,1676.143799,0.258849913,0.9659175547,0.0,0.0247800975,82.9999309749,375.1904387556,3.0
29029,0.0,-356.935516,-407.387421,1676.153931,0.258849913,0.9659175547,0.0,0.0252808213,83.626324283,374.2783847737,3.0
29030,0.0,-351.114532,-406.623413,1676.265015,0.258849913,0.9659175547,0.0,0.027189849,85.7644720854,370.3065326357,3.0
29031,0.0,-348.406189,-406.320618,1676.432373,0.258849913,0.9659175547,0.0,0.0280080043,86.5707868042,368.3644483153,3.0
29032,0.0,-345.434143,-405.641724,1676.517944,0.258849913,0.9659175547,0.0,0.0290037619,87.4910394105,365.9262058895,3.0
29033,0.0,-342.368286,-405.016785,1676.675415,0.258849913,0.9659175547,0.0,0.0301790232,88.6318875623,363.5164175591,3.0
29034,0.0,-340.673981,-404.274445,1676.850098,0.258849913,0.9659175547,0.0,0.0304570662,88.4006210826,360.9346331989,3.0
29035,0.0,-340.379211,-403.61853,1677.049805,0.258849913,0.9659175547,0.0,0.03009263,87.2952391474,358.5399750754,3.0
29036,0.0,-340.543732,-402.963928,1677.108887,0.258849913,0.9659175547,0.0,0.0299297215,86.5795430892,356.5521768511,3.0
29037,0.0,-340.600342,-401.649567,1677.178955,0.258849913,0.9659175547,0.0,0.0291970252,84.5705618736,352.5561614152,3.0
29038,0.0,-340.569611,-400.661224,1677.123535,0.258849913,0.9659175547,0.0,0.0288820266,83.5052464824,349.9803181495,3.0
29039,0.0,-340.510376,-398.894867,1677.514282,0.258849913,0.9659175547,0.0,0.0279767194,81.2448939866,345.8929132107,3.0
29040,0.0,-340.473236,-397.050293,1678.03894,0.258849913,0.9659175547,0.0,0.0267247417,78.7506971541,342.9286848166,3.0
29041,0.0,-340.564453,-395.285553,1678.148071,0.258849913,0.9659175547,0.0,0.02579928,76.8137600119,340.3608330774,3.0
29042,0.0,-340.78717,-393.21701,1678.096558,0.258849913,0.9659175547,0.0,0.0245173426,74.2050928365,337.1789111073,3.0
29043,0.0,-341.148407,-390.962677,1677.884766,0.258849913,0.9659175547,0.0,0.023443569,71.8950323004,333.989189601,3.0
29044,0.0,-341.596802,-388.758362,1677.599976,0.258849913,0.9659175547,0.0,0.0225808986,69.9613123374,331.0838332369,3.0
29045,0.0,-342.239899,-386.183197,1677.664185,0.258849913,0.9659175547,0.0,0.0214757654,67.5677640529,327.7891202951,3.0
29046,0.0,-342.950043,-383.67334,1677.77063,0.258849913,0.9659175547,0.0,0.0205452839,65.4928788201,324.76201126,3.0
29047,0.0,-343.744049,-381.091125,1677.877808,0.258849913,0.9659175547,0.0,0.0196504504,63.4640465935,321.7144576892,3.0
29048,0.0,-344.611816,-378.435852,1677.970215,0.2622705954,0.9649943703,0.0,0.0192772949,62.2690057286,318.6669661958,3.0
29049,0.0,-345.345306,-376.231598,1677.971191,0.2687259917,0.9632166638,0.0,0.019499919,62.1407687216,316.2079507982,3.0
29050,0.0,-346.336914,-373.230042,1677.874878,0.2816273772,0.9595235224,-0.0007939676,0.0205615007,63.1359556257,312.9524436333,3.0
29051,0.0,-347.185608,-370.597168,1677.757324,0.304717658,0.9524395397,-0.0024641755,0.0234659859,66.796226016,310.1561350831,3.0
29052,0.0,-348.109558,-367.880951,1677.592041,0.3270564657,0.9450004213,-0.0028761067,0.0263612072,70.1043068073,307.3464604404,3.0
29053,0.0,-349.060425,-365.230499,1677.476562,0.3565584537,0.9342660986,-0.0035953007,0.0309869072,75.2515606302,304.6506391437,3.0
29054,0.0,-350.22406,-362.21167,1677.441895,0.3923496431,0.9198081595,-0.00383502,0.0374001356,81.7754129977,301.835470993,3.0
29055,0.0,-351.265747,-359.557068,1677.424927,0.4209882955,0.9070579627,-0.00383502,0.0431774154,87.0867149005,299.6041751744,3.0
29056,0.0,-352.318695,-356.513641,1677.36145,0.4610148931,0.8873841113,-0.00383502,0.0530978329,95.5052949106,297.0414030187,3.0
29057,0.0,-352.898834,-354.09201,1677.535767,0.4920133497,0.8705822382,-0.0030708671,0.0619776374,102.2024481244,294.8929557963,3.0
29058,0.0,-353.555847,-350.830841,1677.893555,0.5190797487,0.8547209735,-0.0028761067,0.0702619204,107.4810739702,291.8924125406,3.0
29059,0.0,-353.708099,-347.649902,1678.121582,0.5620746878,0.8270842132,-0.0019363718,0.0870366677,117.8825187279,288.8982800724,3.0
29060,0.0,-353.677277,-345.454498,1678.275879,0.5875467598,0.8091892775,-0.0012321672,0.0984358747,124.083088128,286.8008296719,3.0
29061,0.0,-353.639282,-342.753906,1678.594971,0.6058810911,0.7955551367,-0.0003576529,0.1069332387,127.8690008189,284.2012254116,3.0
29062,0.0,-353.426697,-340.149811,1678.974243,0.6236712826,0.7816865385,0.0005355543,0.1159900248,131.7408455726,281.8178692612,3.0
29063,0.0,-352.534058,-336.703094,1679.049927,0.6516528001,0.7585152491,0.0018013883,0.1328304802,138.7612646511,278.6297616245,3.0
29064,0.0,-351.694733,-334.663544,1678.927246,0.6690170602,0.7432424896,0.002602824,0.1447939164,143.4157620933,276.7105054282,3.0
29065,0.0,-350.196136,-331.961365,1678.643921,0.6932702092,0.7206720089,0.0028762114,,,,
29066,0.0,-349.086731,-330.41156,1678.431641,0.7076785909,0.7065286543,0.0028762114,,,,
29067,0.0,-345.928711,-327.062866,1677.682373,0.7376193335,0.6752161133,0.0009587441,,,,
29068,0.0,-342.2348785,-326.387924,1677.6918335,0.7433272237,0.6688732004,0.0005430416,,,,
29069,0.0,-338.541046,-325.712982,1677.701294,0.749035114,0.6625302875,0.0001273392,,,,
29070,0.0,-334.547089,-323.694733,1677.701294,0.7702634909,0.6377257676,0.0,,,,
29071,0.0,-331.775726,-322.674927,1677.701294,0.7842263867,0.6204747975,0.0,,,,
29072,0.0,-329.205475,-321.891815,1677.701294,0.7974215482,0.6034226334,0.0,,,,
29073,0.0,-326.548279,-321.17392,1677.701294,0.8083288054,0.588730696,0.0008426449,,,,
29074,0.0,-324.599884,-320.713806,1677.701294,0.8136790315,0.5813136112,0.0009587441,,,,
29075,0.0,-321.538605,-320.135834,1677.701294,0.8226791464,0.5685051477,0.0009587441,,,,
29076,0.0,-318.524994,-319.712891,1677.701294,0.8275979587,0.5613204963,0.0009587441,,,,
29077,0.0,-315.24231,-319.388275,1677.701294,0.8302354477,0.5574120398,0.0009587441,,,,
29078,0.0,-312.019928,-319.188293,1677.701294,0.8304024129,0.5571632736,0.0009587441,,,,
29079,0.0,-309.868256,-319.11734,1677.701294,0.8304024129,0.5571632736,0.0009587441,,,,
29080,0.0,-306.385071,-319.0802,1677.701294,0.8304024129,0.5571632736,0.0009587441,,,,
29081,0.0,-303.052979,-319.128052,1677.701294,0.8304024129,0.5571632736,0.0009587441,,,,
29082,0.0,-299.483917,-319.258057,1677.701294,0.8304024129,0.5571632736,0.0009587441,,,,
29083,0.0,-297.098358,-319.389282,1677.701294,0.8304024129,0.5571632736,0.0009587441,,,,
29084,0.0,-293.27774,-319.654785,1677.701294,0.8304024129,0.5571632736,0.0009587441,,,,
29085,0.0,-289.565002,-319.974243,1677.701294,0.8304024129,0.5571632736,0.0009587441,,,,
29086,0.0,-286.937897,-320.236969,1677.701294,0.8304024129,0.5571632736,0.0009587441,,,,
29087,0.0,-284.00116,-320.556671,1677.701294,0.8304024129,0.5571632736,0.0009587441,,,,
29088,0.0,-279.954071,-321.044098,1677.701294,0.8304024129,0.5571632736,0.0009587441,,,,
29089,0.0,-276.995026,-321.429749,1677.701294,0.8307674027,0.5566189032,0.0009587441,,,,
29090,0.0,-273.330048,-321.941193,1677.701294,0.8321542295,0.5545417575,0.0016665618,,,,
29091,0.0,-270.194763,-322.341827,1677.701294,0.8343026748,0.5513033376,0.0019174699,,,,
29092,0.0,-266.247681,-322.892151,1677.701294,0.8377042162,0.546117676,0.0026702284,,,,
29093,0.0,-262.282837,-323.483948,1677.701294,0.8412482782,0.5406359317,0.0037581737,,,,
29094,0.0,-259.435455,-323.916412,1677.701294,0.8426362458,0.5384695445,0.0038349502,,,,
29095,0.0,-255.121277,-324.587646,1677.701294,0.8435455349,0.5370439682,0.0038349502,,,,
29096,0.0,-252.134644,-325.067261,1677.701294,0.8435626311,0.5370171138,0.0038349502,,,,
29097,0.0,-248.339615,-325.698547,1677.701294,0.8435626311,0.5370171138,0.0038349502,,,,
29098,0.0,-244.542221,-326.353302,1677.701294,0.8435626311,0.5370171138,0.0038349502,,,,
29099,0.0,-241.788132,-326.842804,1677.701294,0.8435626311,0.5370171138,0.0038349502,,,,
29100,0.0,-238.651382,-327.408325,1677.701294,0.8432175412,0.5375588074,0.0038349502,,,,
29101,0.0,-234.335419,-328.178406,1677.701294,0.8401946822,0.5422560583,0.00559136,,,,
29102,0.0,-231.573975,-328.542969,1677.701294,0.8249840723,0.5650896478,0.00865854,,,,
29103,0.0,-227.777817,-328.974976,1677.701294,0.7905246073,0.6123056104,0.0123565643,,,,
29104,0.0,-225.440277,-329.150269,1677.701294,0.754966572,0.6556448293,0.0124632655,,,,
29105,0.0,-222.265198,-329.293915,1677.701416,0.6854153329,0.7281035593,0.0084278334,,,,
29106,0.0,-219.612198,-329.440186,1677.70166,0.5825009552,0.8128263454,-0.0024432491,,,,
29107,0.0,-217.623856,-329.642609,1677.702026,0.5054637313,0.8627759571,-0.0111384086,,,,
29108,0.0,-216.602432,-329.770386,1677.701416,0.4658686009,0.8847178187,-0.0155186353,,,,
29109,0.0,-211.223068,-330.290161,1677.70166,0.2924128183,0.9556095286,-0.0361271717,,,,
29110,0.0,-205.652054,-329.419617,1677.70166,0.1549609314,0.9864595769,-0.0537085915,,,,
29111,0.0,-203.631737,-329.0524905,1677.701477,0.1345045728,0.9890666112,-0.0567557418,,,,
29112,0.0,-201.61142,-328.685364,1677.701294,0.1140482143,0.9916736454,-0.0598028921,,,,
29113,0.0,-198.805756,-328.097076,1677.701294,0.1027843953,0.9927890336,-0.0616871364,,,,
29114,0.0,-191.746826,-326.068878,1677.701294,0.1000071698,0.9929877893,-0.0630382137,,,,
29115,0.0,-189.11911,-325.157104,1677.701294,0.1007591758,0.9928992908,-0.0632343805,,,,
29116,0.0,-187.0398485,-324.35321,1677.701294,0.1013604416,0.9928379066,-0.0632343805,,,,
29117,0.0,-182.00148,-322.301025,1677.701294,0.1021050017,0.9927617884,-0.063234485,,,,
29118,0.0,-180.0096815,-321.3957975,1677.701294,0.1021050017,0.9927617884,-0.063234485,,,,
29119,0.0,-175.461548,-319.24646,1677.701294,0.1021050017,0.9927617884,-0.063234485,,,,
29120,0.0,-171.829483,-317.390564,1677.701294,0.1021050017,0.9927617884,-0.063234485,,,,
29121,0.0,-169.25206,-316.004913,1677.701294,0.1042020458,0.9925438765,-0.0632343805,,,,
29122,0.0,-165.509064,-313.907104,1677.701294,0.1109941616,0.9918072944,-0.0632343805,,,,
29123,0.0,-163.034164,-312.472321,1677.701294,0.117427546,0.9910244705,-0.063884821,,,,
29124,0.0,-159.041534,-310.094727,1677.701294,0.1341589686,0.9888785778,-0.064191351,,,,
29125,0.0,-156.244797,-308.407379,1677.701294,0.1582706079,0.9853070004,-0.064191351,,,,
29126,0.0,-152.892761,-306.44986,1677.701294,0.2152269091,0.9745793626,-0.0622289607,,,,
29127,0.0,-147.572723,-303.815399,1677.701294,0.3541549631,0.9335841532,-0.0547255978,,,,
29128,0.0,-144.05098,-302.660767,1677.701538,0.4640799608,0.8844513463,-0.0487401891,,,,
29129,0.0,-138.781555,-301.494476,1677.701294,0.6152295951,0.7872534417,-0.0415278681,,,,
29130,0.0,-134.803543,-300.53125,1677.701294,0.7466519246,0.664360055,-0.0337138076,,,,
29131,0.0,-131.226639,-299.726776,1677.701294,0.8368657256,0.5468343295,-0.025059397,,,,
29132,0.0,-127.835976,-300.06015,1677.701294,0.9006138061,0.4342940761,-0.0168353138,,,,
29133,0.0,-124.10051,-300.195984,1677.701294,0.9421100647,0.3351701095,-0.0094669782,,,,
29134,0.0,-120.316734,-299.932587,1677.701294,0.9562495028,0.2924948114,-0.0058029079,,,,
29135,0.0,-117.72052,-299.877136,1677.701294,0.9636686377,0.2670763773,-0.0036007635,,,,
29136,0.0,-113.538406,-299.796509,1677.701294,0.9695732708,0.2448012918,-1.12399e-05,,,,
29137,0.0,-110.698875,-299.86853,1677.701294,0.9699832391,0.2431704247,0.0008126776,,,,
29138,0.0,-112.398636,-297.08606,1676.079956,0.9700531363,0.2428868106,0.001705884,,,,
29139,0.0,-109.165504,-297.294342,1676.36084,0.9702394777,0.2421323917,0.0026945757,,,,
29140,0.0,-105.719986,-297.794525,1676.698486,0.9702805308,0.241955395,0.0036439427,,,,
29141,0.0,-102.455048,-298.392303,1677.027954,0.9706168847,0.2405995768,0.0038349502,,,,
29142,0.0,-98.979813,-299.145325,1677.287354,0.9712308131,0.238097196,0.0045202826,,,,
29143,0.0,-95.588776,-299.967346,1677.488892,0.9718885736,0.2353781372,0.0054528004,,,,
29144,0.0,-91.186249,-301.08844,1677.512939,0.9723216156,0.2335756532,0.005752399,,,,
29145,0.0,-88.420113,-301.901276,1677.509277,0.9723224921,0.2335720046,0.005752399,,,,
29146,0.0,-86.284302,-302.509979,1677.454346,0.9723224921,0.2335720046,0.005752399,,,,
29147,0.0,-81.882095,-303.8685,1677.235718,0.9723224921,0.2335720046,0.005752399,,,,
29148,0.0,-79.201118,-304.815521,1677.151978,0.9723224921,0.2335720046,0.005752399,,,,
29149,0.0,-75.539825,-306.103424,1676.919189,0.9723224921,0.2335720046,0.005752399,,,,
29150,0.0,-72.739517,-307.12085,1676.704468,0.9723224921,0.2335720046,0.005752399,,,,
29151,0.0,-71.655853,-307.493713,1676.358398,0.9723224921,0.2335720046,0.005752399,,,,
29152,0.0,-66.154404,-309.844788,1676.155518,0.9723224921,0.2335720046,0.005752399,,,,
29153,0.0,-60.223339,-312.504333,1676.067505,0.9723224921,0.2335720046,0.005752399,,,,
29154,0.0,-56.975395,-314.055511,1676.15564,0.9723224921,0.2335720046,0.005752399,,,,
29155,0.0,-53.459919,-315.789886,1676.279053,0.9723224921,0.2335720046,0.005752399,,,,
29156,0.0,-51.6945685,-316.661041,1676.358826,0.9722184219,0.2340043852,0.005752399,,,,
29157,0.0,-47.232063,-318.850922,1676.651001,0.9720981094,0.2345041057,0.005752399,,,,
29158,0.0,-45.3408755,-319.7720795,1676.793335,0.9720981094,0.2345041057,0.005752399,,,,
29159,0.0,-40.810204,-321.974213,1677.083008,0.9720981094,0.2345041057,0.005752399,,,,
29160,0.0,-38.671349,-322.99086,1677.2405395,0.9720981094,0.2345041057,0.005752399,,,,
29161,0.0,-33.538414,-325.468811,1677.502563,0.9720981094,0.2345041057,0.005752399,,,,
29162,0.0,-30.852966,-326.758453,1677.652466,0.9720981094,0.2345041057,0.005752399,,,,
29163,0.0,-26.653625,-329.015228,1677.82019,0.9720981094,0.2345041057,0.005752399,,,,
29164,0.0,-23.785072,-330.62796,1677.760254,0.9720981094,0.2345041057,0.005752399,,,,
29165,0.0,-20.508284,-332.563477,1677.628662,0.9720981094,0.2345041057,0.005752399,,,,
29166,0.0,-16.522989,-334.958832,1677.435303,0.9720981094,0.2345041057,0.005752399,,,,
29167,0.0,-13.554805,-336.814056,1677.15686,0.9720981094,0.2345041057,0.005752399,,,,
29168,0.0,-9.79015,-339.226135,1676.813477,0.9720981094,0.2345041057,0.005752399,,,,
29169,0.0,-7.182388,-340.862122,1676.641479,0.9719252745,0.2352194098,0.005752399,,,,
29170,0.0,-3.583512,-343.159241,1676.362427,0.9714569177,0.2371462988,0.005752399,,,,
29171,0.0,-3.205996,-343.403402,1676.333903,0.9713803913,0.2374591291,0.005752399,,,,
29172,0.0,-2.82848,-343.647563,1676.305379,0.9713038648,0.2377719593,0.005752399,,,,
29173,0.0,-2.450964,-343.891724,1676.276855,0.9712273384,0.2380847896,0.005752399,,,,
29174,0.0,9.223372,-350.614716,1676.272095,0.9684125408,0.2493073838,0.0047936681,,,,
29175,0.0,11.310539,-351.62381,1676.286377,0.967945669,0.2511246157,0.0041963352,,,,
29176,0.0,12.663429,-352.211487,1676.237305,0.96746909,0.2529625982,0.0036720249,,,,
29177,0.0,13.397673,-352.234955,1677.125488,0.9672187206,0.2539210083,0.0034739138,,,,
29178,0.0,14.166358,-352.459473,1677.32312,0.9669806924,0.2548284537,0.003286292,,,,
29179,0.0,15.049665,-352.623779,1677.44751,0.9667326986,0.2557700761,0.0030915491,,,,
29180,0.0,15.933363,-352.761841,1677.445068,0.966476088,0.2567403641,0.0028908197,,,,
29181,0.0,28.001698,-355.099365,1677.455444,0.9634426489,0.2679136899,0.0007190407,,,,
29182,0.0,35.942459,-356.474762,1677.826782,0.9624083774,0.2716065446,0.0,,,,
29183,0.0,39.277924,-356.268341,1678.098267,0.9624083774,0.2716065446,0.0,,,,
29184,0.0,41.962166,-356.280823,1678.260986,0.9624083774,0.2716065446,0.0,,,,
29185,0.0,45.162888,-356.182007,1678.405762,0.9624083774,0.2716065446,0.0,,,,
29186,0.0,49.451916,-356.175049,1678.653809,0.9621650088,0.2724659575,-0.000893207,,,,
29187,0.0,52.236156,-356.020111,1678.643311,0.9615523502,0.274620026,-0.0009587441,,,,
29188,0.0,52.8188645,-355.9103545,1678.1813965,0.9614113342,0.275112533,-0.0010355298,,,,
29189,0.0,53.401573,-355.800598,1677.719482,0.9612703182,0.2756050401,-0.0011123156,,,,
29190,0.0,62.582008,-355.034363,1677.57019,0.9600270295,0.279892534,-0.0028761067,,,,
29191,0.0,66.287102,-354.679688,1677.662109,0.9597829261,0.2807284501,-0.0028761067,,,,
29192,0.0,69.801254,-354.16748,1677.596313,0.9593242444,0.2822837135,-0.0035915483,,,,
29193,0.0,72.815529,-353.776001,1677.733643,0.9588385627,0.2839170025,-0.0044436984,,,,
29194,0.0,77.599319,-353.135773,1677.99292,0.9578332936,0.2872674588,-0.0057261496,,,,
29195,0.0,83.499107,-352.217163,1678.338013,0.9559805299,0.2933387963,-0.0073196361,,,,
29196,0.0,85.7839165,-351.880295,1678.554993,0.9549920432,0.296506177,-0.0079310231,,,,
29197,0.0,91.212646,-351.104034,1679.165283,0.9526950224,0.3037588219,-0.010137676,,,,
29198,0.0,92.815086,-350.860855,1679.3018185,0.9518364656,0.3064074616,-0.0106666814,,,,
29199,0.0,98.192223,-350.019745,1679.675781,0.9494326684,0.3137337597,-0.0121957443,,,,
29200,0.0,101.626358,-349.17749,1679.68103,0.9475805459,0.3192466433,-0.0131411482,,,,
29201,0.0,103.897892,-348.7389375,1679.7891845,0.9460494555,0.3236957596,-0.0137468947,,,,
29202,0.0,109.022224,-347.78598,1679.946655,0.9420550804,0.3351183183,-0.015097624,,,,
29203,0.0,113.348579,-346.781525,1679.874023,0.9383725064,0.3452425149,-0.0162679152,,,,
29204,0.0,116.288422,-345.939484,1679.769409,0.9332658406,0.3587799587,-0.0170825042,,,,
29205,0.0,118.813782,-345.267456,1679.595581,0.9312803926,0.3638784063,-0.0175879454,,,,
29206,0.0,122.469513,-344.209808,1679.273071,0.9301212115,0.3668094323,-0.0180380816,,,,
29207,0.0,127.256004,-342.771088,1678.847534,0.9282507831,0.3715086804,-0.0182149417,,,,
29208,0.0,130.294006,-341.770691,1678.668213,0.9260178859,0.3770399054,-0.0182149591,,,,
29209,0.0,133.205429,-340.766357,1678.279175,0.9238329601,0.3823622329,-0.0182149591,,,,
29210,0.0,136.308899,-339.720154,1677.888794,0.9214598389,0.3880463647,-0.0182149417,,,,
29211,0.0,140.510773,-338.249359,1677.482666,0.918151967,0.3957682243,-0.0190913109,,,,
29212,0.0,143.086044,-337.301239,1677.405029,0.9166110277,0.3993201631,-0.0191737103,,,,
29213,0.0,146.156158,-336.117218,1677.19519,0.9150518281,0.402880281,-0.0191737103,,,,
29214,0.0,150.089859,-334.7005,1677.261719,0.9138482983,0.4056028318,-0.0191736928,,,,
29215,0.0,153.641678,-333.410217,1677.30957,0.9136917556,0.4059553538,-0.0191735881,,,,
29216,0.0,156.569168,-332.253174,1677.448975,0.9136917556,0.4059553538,-0.0191735881,,,,
29217,0.0,160.492477,-330.646027,1677.691528,0.9136917556,0.4059553538,-0.0191735881,,,,
29218,0.0,163.190048,-329.542847,1677.964966,0.9136917556,0.4059553538,-0.0191735881,,,,
29219,0.0,167.101776,-327.896118,1678.36853,0.9136917556,0.4059553538,-0.0191735881,,,,
29220,0.0,169.676376,-326.736969,1678.822632,0.9136917556,0.4059553538,-0.0191735881,,,,
29221,0.0,172.834412,-325.289001,1679.406494,0.9136917556,0.4059553538,-0.0191735881,,,,
29222,0.0,176.827698,-323.471222,1679.802002,0.9136917556,0.4059553538,-0.0191735881,,,,
29223,0.0,179.262421,-322.393127,1679.959961,0.9136917556,0.4059553538,-0.0191735881,,,,
29224,0.0,182.444351,-320.608948,1679.855469,0.9136917556,0.4059553538,-0.0191735881,,,,
29225,0.0,187.004364,-317.900848,1678.995117,0.9136917556,0.4059553538,-0.0191735881,,,,
29226,0.0,190.034027,-316.358246,1678.425293,0.9136917556,0.4059553538,-0.0191735881,,,,
29227,0.0,192.97081,-314.892548,1677.702271,0.9136917556,0.4059553538,-0.0191735881,,,,
29228,0.0,197.344681,-313.006165,1680.85791,0.9136917556,0.4059553538,-0.0191735881,,,,
29229,0.0,200.326416,-311.939545,1683.645508,0.9136917556,0.4059553538,-0.0191735881,,,,
29230,0.0,204.351608,-310.800385,1687.667114,0.9136917556,0.4059553538,-0.0191735881,,,,
29231,0.0,206.791595,-310.193268,1690.273438,0.9136917556,0.4059553538,-0.0191735881,,,,
29232,0.0,212.868362,-307.961243,1698.203125,0.9130597296,0.4073748883,-0.0191736928,,,,
29233,0.0,214.685745,-307.185364,1700.5,0.9128252305,0.4078996661,-0.0191736928,,,,
29234,0.0,216.503128,-306.409485,1702.796875,0.9125907314,0.4084244439,-0.0191736928,,,,
29235,0.0,221.905319,-304.187561,1709.459717,0.9112545829,0.4114405195,-0.0182149417,,,,
29236,0.0,223.688606,-303.4823455,1711.6121825,0.9109508132,0.4121291914,-0.0178162845,,,,
29237,0.0,225.471893,-302.77713,1713.764648,0.9106470436,0.4128178633,-0.0174176273,,,,
29238,0.0,228.736374,-301.494476,1717.054688,0.910232461,0.4137379298,-0.0172566623,,,,
29239,0.0,234.610214,-299.213074,1722.780151,0.9101867351,0.4138385225,-0.0172564355,,,,
29240,0.0,237.52449,-298.093842,1725.595825,0.9101867351,0.4138385225,-0.0172564355,,,,
29241,0.0,239.586411,-296.901611,1727.830688,0.9101867351,0.4138385225,-0.0172564355,,,,
29242,0.0,239.985413,-295.555878,1730.083008,0.9101867351,0.4138385225,-0.0172564355,,,,
29243,0.0,239.906113,-294.150208,1731.980835,0.9101867351,0.4138385225,-0.0172564355,,,,
29244,0.0,239.858307,-292.90451,1733.42041,0.9101867351,0.4138385225,-0.0172564355,,,,
29245,0.0,239.864777,-291.647675,1734.424194,0.9101867351,0.4138385225,-0.0172564355,,,,
29246,0.0,239.883286,-290.39743,1735.231079,0.9101867351,0.4138385225,-0.0172564355,,,,
29247,0.0,239.885132,-289.364258,1735.768311,0.9101867351,0.4138385225,-0.0172564355,,,,
29248,0.0,239.875763,-287.892365,1736.319458,0.9107668725,0.4125884401,-0.0165675304,,,,
29249,0.0,239.877243,-286.478271,1736.614746,0.9122686788,0.4092978526,-0.015528216,,,,
29250,0.0,239.889328,-285.09314,1736.683228,0.9153592291,0.4024346262,-0.0128005235,,,,
29251,0.0,241.613464,-283.046387,1734.184326,0.9182952176,0.3957279185,-0.0115458993,,,,
29252,0.0,242.491211,-282.249176,1731.483643,0.9216151026,0.3879673757,-0.0103401236,,,,
29253,0.0,243.032318,-280.480286,1728.939697,0.9285756427,0.3710557709,-0.00805548,,,,
29254,0.0,243.666458,-279.138855,1725.526978,0.9376259515,0.3476089651,-0.0050579077,,,,
29255,0.0,243.975357,-278.342468,1723.29187,0.9467134723,0.3220645981,-0.0028277089,,,,
29256,0.0,244.657791,-276.921936,1720.127441,0.9579399145,0.2869670606,-0.0010130587,,,,
29257,0.0,245.395554,-275.786835,1720.382812,0.9665175066,0.2566005954,-0.0002097188,,,,
29258,0.0,246.298889,-274.673126,1720.556641,0.9729504026,0.2310132678,0.0006198187,,,,
29259,0.0,247.628326,-273.057983,1721.040894,0.9801169449,0.1984183842,0.0009587441,,,,
29260,0.0,248.798737,-271.981262,1721.203125,0.9831514095,0.1827905547,0.0009587441,,,,
29261,0.0,250.040497,-270.984955,1721.523071,0.9861225722,0.1660117048,0.0015448427,,,,
29262,0.0,251.940063,-269.642242,1722.020386,0.9887971425,0.1492532553,0.0019174699,,,,
29263,0.0,253.883499,-268.424469,1722.426392,0.990118662,0.1402189664,0.0019174699,,,,
29264,0.0,255.41629,-267.512634,1722.628418,0.9906891766,0.1361296394,0.0019174699,,,,
29265,0.0,257.97168,-266.143158,1723.120483,0.9910191263,0.1337064495,0.0019174699,,,,
29266,0.0,259.205292,-269.163635,1727.701294,0.9910293866,0.1336303789,0.0019174699,,,,
29267,0.0,261.837006,-268.154877,1727.701294,0.9912294468,0.1321382125,0.0019174699,,,,
29268,0.0,264.741791,-267.167816,1727.701294,0.9917663412,0.1280462721,0.0019174699,,,,
29269,0.0,266.61673,-266.583893,1727.701294,0.9921305074,0.1251933686,0.0019174699,,,,
29270,0.0,270.025299,-265.640167,1727.701294,0.9932925953,0.1156120385,0.0019174699,,,,
29271,0.0,272.786041,-264.941864,1727.701294,0.9941519239,0.1079734947,0.0019174699,,,,
29272,0.0,274.906708,-264.460785,1727.701294,0.9949656522,0.1001981751,0.0019174699,,,,
29273,0.0,277.908112,-263.844269,1727.701294,0.9961877801,0.0871946449,0.0026458812,,,,
29274,0.0,280.802155,-263.369507,1727.701294,0.9977225607,0.0673568139,0.0035709186,,,,
29275,0.0,284.150818,-262.858826,1727.701294,0.9988926995,0.0468189865,0.004621406,,,,
29276,0.0,287.374725,-262.424408,1727.701294,0.9996112154,0.0273112216,0.0056138395,,,,
29277,0.0,290.417358,-262.133514,1727.701294,0.9999813922,0.002031057,0.005752399,,,,
29278,0.0,294.000092,-261.836182,1727.701294,0.9996565811,-0.0253501632,0.0066399691,,,,
29279,0.0,297.449493,-261.566132,1727.701294,0.9989132756,-0.0461218898,0.0067111246,,,,
29280,0.0,302.963654,-261.075348,1735.204834,0.9973393175,-0.0724945484,0.0076698266,,,,
29281,0.0,305.048447,-260.8819275,1737.888672,0.9965829813,-0.0817183274,0.0076698266,,,,
29282,0.0,309.544678,-260.419037,1743.526367,0.995272178,-0.0968218233,0.0076698266,,,,
29283,0.0,312.929565,-260.003296,1747.503052,0.994840113,-0.1011648321,0.0076698266,,,,
29284,0.0,316.040253,-259.596069,1750.972656,0.9947005053,-0.1025284278,0.0076698266,,,,
29285,0.0,319.520477,-259.128357,1754.640259,0.9946741729,-0.1027835761,0.0076698266,,,,
29286,0.0,322.8479,-258.937775,1757.936157,0.9946741729,-0.1027835761,0.0076698266,,,,
29287,0.0,326.142334,-258.917328,1760.995483,0.9946741729,-0.1027835761,0.0076698266,,,,
29288,0.0,329.353424,-258.91156,1763.781128,0.9946741729,-0.1027835761,0.0076698266,,,,
29289,0.0,332.782257,-258.903381,1766.545654,0.9946741729,-0.1027835761,0.0076698266,,,,
29290,0.0,335.09906,-258.897827,1768.28479,0.9946741729,-0.1027835761,0.0076698266,,,,
29291,0.0,338.65686,-258.889008,1770.759155,0.9946741729,-0.1027835761,0.0076698266,,,,
29292,0.0,342.087036,-258.882324,1772.910645,0.9946741729,-0.1027835761,0.0076698266,,,,
29293,0.0,345.485779,-258.882294,1774.791626,0.9946741729,-0.1027835761,0.0076698266,,,,
29294,0.0,348.682343,-258.888763,1776.37085,0.9945856514,-0.1035746835,0.0084656359,,,,
29295,0.0,351.753143,-258.902527,1777.715698,0.9943926338,-0.1052679902,0.0100965407,,,,
29296,0.0,355.696136,-258.906342,1779.196167,0.9943382492,-0.1057366052,0.0105459216,,,,
29297,0.0,358.802399,-258.913391,1780.15686,0.994236051,-0.1066034405,0.0114184638,,,,
29298,0.0,361.892273,-258.914032,1780.940063,0.9942162325,-0.1066879697,0.0123190949,,,,
29299,0.0,364.049347,-258.920013,1781.536865,0.9941363015,-0.107413598,0.0124632655,,,,
29300,0.0,364.60965,-258.933105,1781.996704,0.9941117411,-0.1076406671,0.0124632655,,,,
29301,0.0,364.503021,-258.968506,1782.305786,0.9941004776,-0.1076394299,0.0133414246,,,,
29302,0.0,364.503021,-259.014221,1782.353882,0.9940880747,-0.107638087,0.0142457681,,,,
29303,0.0,364.503021,-259.075409,1782.228638,0.9940748306,-0.1076366529,0.0151519673,,,,
29304,0.0,364.503021,-259.179108,1781.916138,0.9940602609,-0.1076350753,0.0160900022,,,,
29305,0.0,364.499847,-259.326294,1781.451782,0.9939727356,-0.1083055577,0.0169737161,,,,
29306,0.0,364.498688,-259.579346,1780.585815,0.9939053806,-0.1085826366,0.0190238139,,,,
29307,0.0,364.495422,-259.847656,1779.653687,0.9937706864,-0.1094584171,0.020944636,,,,
29308,0.0,364.49173,-260.180634,1778.471191,0.9936370659,-0.1104552824,0.022022983,,,,
29309,0.0,364.491211,-260.543335,1777.130249,0.9936125596,-0.11047891,0.0229889525,,,,
29310,0.0,364.488678,-260.839478,1776.042358,0.9935220287,-0.1111451683,0.0236797402,,,,
29311,0.0,364.487488,-261.301178,1774.307617,0.99346625,-0.1114271762,0.0246737636,,,,
29312,0.0,364.487488,-261.915649,1771.961548,0.9934117436,-0.1114210628,0.0268039995,,,,
29313,0.0,364.484131,-262.430573,1770.002441,0.9932897806,-0.1122829705,0.0277118441,,,,
29314,0.0,364.484283,-262.939087,1768.030273,0.9932567692,-0.1123677276,0.0285391692,,,,
29315,0.0,361.935883,-261.354706,1769.374756,0.9932505225,-0.1123671087,0.0287581705,,,,
29316,0.0,361.911469,-262.109375,1766.62854,0.9931152732,-0.1133107113,0.0297108874,,,,
29317,0.0,361.88678,-262.682068,1764.505859,0.9931144863,-0.113316135,0.0297165049,,,,
29318,0.0,361.875854,-264.328827,1758.43103,0.9931144863,-0.113316135,0.0297165049,,,,
29319,0.0,361.883179,-265.330566,1754.685303,0.9931144863,-0.113316135,0.0297165049,,,,
29320,0.0,362.8393555,-265.8006895,1751.419678,0.9931144863,-0.113316135,0.0297165049,,,,
29321,0.0,363.795532,-266.270813,1748.154053,0.9931144863,-0.113316135,0.0297165049,,,,
29322,0.0,365.705048,-268.193176,1733.759644,0.9931144863,-0.113316135,0.0297165049,,,,
29323,0.0,366.251343,-269.045563,1726.718262,0.9931144863,-0.113316135,0.0297165049,,,,
29324,0.0,366.700439,-270.044403,1719.905029,0.9931144863,-0.113316135,0.0297165049,,,,
29325,0.0,366.72171,-270.681549,1718.383667,0.9931522145,-0.1133205628,0.0284100149,,,,
29326,0.0,366.605194,-271.39151,1718.119263,0.9933880652,-0.1125824688,0.0224797622,,,,
29327,0.0,366.606628,-272.509979,1718.29834,0.9936403363,-0.1115672559,0.0152193816,,,,
29328,0.0,366.499512,-273.370331,1717.914307,0.9940360807,-0.1087551352,0.0080368405,,,,
29329,0.0,366.385559,-274.098541,1717.806885,0.994388912,-0.1057703385,-0.0018240426,,,,
29330,0.0,366.387207,-274.699036,1717.572754,0.9947047178,-0.102356991,-0.0092504447,,,,
29331,0.0,366.370331,-275.129181,1718.118042,0.9949569809,-0.0985535925,-0.0186492803,,,,
29332,0.0,366.277649,-275.58075,1718.499878,0.9949644692,-0.0936426386,-0.0357317959,,,,
29333,0.0,365.874817,-275.417267,1720.22876,0.9949811638,-0.0901211676,-0.0434817069,,,,
29334,0.0,365.357391,-275.576141,1725.246338,0.9951046649,-0.0840148496,-0.0520404738,,,,
29335,0.0,364.942596,-275.960175,1731.749268,0.9953679382,-0.0741670414,-0.0611712159,,,,
29336,0.0,364.63089,-276.269562,1735.354492,0.9956765661,-0.0647371266,-0.0666129128,,,,
29337,0.0,364.208435,-276.766022,1740.636475,0.9961176339,-0.0498459994,-0.0725605657,,,,
29338,0.0,363.979889,-277.181488,1745.272827,0.9965583921,-0.0263436683,-0.0785963248,,,,
29339,0.0,363.760559,-277.574341,1749.800903,0.9965320507,-0.0006310966,-0.083207413,,,,
29340,0.0,363.595734,-277.917816,1753.674683,0.9955690562,0.0352826726,-0.0871629931,,,,
29341,0.0,363.451965,-278.187225,1756.434692,0.9943723244,0.0579367797,-0.0886961674,,,,
29342,0.0,363.193054,-278.458282,1760.426758,0.9898803664,0.1082368115,-0.091769564,,,,
29343,0.0,363.077362,-278.676636,1763.648438,0.9830098043,0.158276146,-0.0929536782,,,,
29344,0.0,362.986481,-278.888458,1766.307373,0.9773680425,0.1900270414,-0.0929593086,,,,
29345,0.0,362.927979,-279.026794,1768.345947,0.9724207226,0.2139077102,-0.0929592912,,,,
29346,0.0,362.807953,-279.178467,1771.0448,0.9664311998,0.2398407618,-0.0921257018,,,,
29347,0.0,362.755066,-279.285706,1773.313477,0.9620212993,0.2579730815,-0.0892463387,,,,
29348,0.0,362.683624,-279.391144,1774.824829,0.9612457346,0.2611077763,-0.0884837094,,,,
29349,0.0,362.610107,-279.515778,1776.621216,0.9610151166,0.2622821887,-0.0875099949,,,,
29350,0.0,362.511047,-279.673981,1778.374268,0.9610388101,0.2622886372,-0.0872300192,,,,
29351,0.0,362.442047,-279.75238,1779.591431,0.961172132,0.2623250417,-0.0856370548,,,,
29352,0.0,362.402679,-279.782349,1780.432617,0.9613971199,0.2623863737,-0.0828792417,,,,
29353,0.0,362.390625,-279.739075,1781.091553,0.9619284262,0.2616355938,-0.0789969547,,,,
29354,0.0,362.384552,-279.709869,1781.516846,0.9626992627,0.2599506658,-0.0750718388,,,,
29355,0.0,362.375824,-279.625977,1781.750122,0.9638455694,0.2572862277,-0.0693218245,,,,
29356,0.0,362.368469,-279.506561,1781.776245,0.9652215774,0.2536285086,-0.0634025713,,,,
29357,0.0,362.361298,-279.334778,1781.606567,0.9672145497,0.247500918,-0.0569149403,,,,
29358,0.0,362.39743,-279.08905,1781.254639,0.9684161589,0.2438185915,-0.0521788995,,,,
29359,0.0,362.430573,-278.719543,1780.706543,0.9699377047,0.2385119763,-0.0482999602,,,,
29360,0.0,362.460266,-278.273682,1779.971802,0.9718370917,0.2314083389,-0.0445291803,,,,
29361,0.0,362.502045,-277.693787,1778.9646,0.9737012777,0.2243741791,-0.0395227723,,,,
29362,0.0,362.535767,-277.104065,1777.880859,0.9753972244,0.2173756967,-0.0367159516,,,,
29363,0.0,362.554504,-276.410339,1776.580444,0.9767129879,0.2117176366,-0.0347473963,,,,
29364,0.0,362.623474,-274.918915,1773.544678,0.97855639,0.2034996645,-0.0318634279,,,,
29365,0.0,362.6446075,-274.4019775,1772.412964,0.9789506396,0.2016742363,-0.0312943454,,,,
29366,0.0,362.683014,-272.920898,1769.195312,0.9797321545,0.197949407,-0.0306747072,,,,
29367,0.0,362.677826,-271.845612,1766.838379,0.9804709774,0.1942568502,-0.0306747247,,,,
29368,0.0,362.68367,-271.392029,1765.67395,0.9816200811,0.1881437562,-0.0313807988,,,,
29369,0.0,362.702362,-270.077271,1762.234619,0.98438081,0.1729019001,-0.0331565041,,,,
29370,0.0,362.70694,-268.769165,1758.605713,0.9897638252,0.1369543926,-0.0401380707,,,,
29371,0.0,362.67453,-268.091675,1756.392456,0.9936696689,0.1023640202,-0.0462838678,,,,
29372,0.0,362.671234,-267.074249,1752.961182,0.9963611184,0.068258643,-0.0510419386,,,,
29373,0.0,365.257324,-266.189026,1745.35437,0.9978472005,-0.0293480058,-0.0586486064,,,,
29374,0.0,365.957031,-265.797638,1737.205811,0.9878097109,-0.1424746415,-0.0627132493,,,,
29375,0.0,365.835876,-265.362549,1731.411377,0.9512427828,-0.3022094577,-0.0616977452,,,,
29376,0.0,365.633514,-265.28891,1725.376587,0.8884188421,-0.4558298182,-0.0541399843,,,,
29377,0.0,364.786713,-266.326019,1718.268799,0.7745955186,-0.631249449,-0.0390629716,,,,
29378,0.0,364.103699,-267.234589,1716.545898,0.6867890594,-0.7263420496,-0.0273498604,,,,
29379,0.0,363.429688,-269.363708,1716.377075,0.4952278935,-0.8687629298,-0.0005525014,,,,
29380,0.0,363.325836,-269.927551,1716.393066,0.3537305967,-0.9351142972,0.0208786071,,,,
29381,0.0,362.95105,-270.989319,1716.398438,0.1883517885,-0.9810175155,0.0461328314,,,,
29382,0.0,362.364166,-272.283081,1716.496094,0.055866402,-0.996008425,0.0696143837,,,,
29383,0.0,361.926575,-273.340118,1716.625366,0.0169849935,-0.9967633464,0.0785769767,,,,
29384,0.0,360.717072,-274.842651,1716.838623,-0.0653670528,-0.9922752368,0.1054371983,,,,
29385,0.0,359.26535,-276.395355,1717.14856,-0.1046774199,-0.9868095689,0.1234889168,,,,
29386,0.0,357.665619,-277.899872,1717.528809,-0.1386289702,-0.9792022759,0.1481381498,,,,
29387,0.0,356.348267,-279.065063,1717.856567,-0.1413264657,-0.9785615266,0.1498137801,,,,
29388,0.0,354.087006,-280.942871,1718.348145,-0.1417867763,-0.9784589079,0.1500489104,,,,
29389,0.0,352.56366,-282.173706,1718.615967,-0.1417867763,-0.9784589079,0.1500489104,,,,
29390,0.0,350.089966,-284.053314,1719.11084,-0.1417867763,-0.9784589079,0.1500489104,,,,
29391,0.0,348.083038,-285.525269,1719.537842,-0.1417867763,-0.9784589079,0.1500489104,,,,
29392,0.0,345.129944,-288.21051,1720.256958,-0.1417867763,-0.9784589079,0.1500489104,,,,
29393,0.0,343.687866,-289.782684,1720.585938,-0.1417867763,-0.9784589079,0.1500489104,,,,
29394,0.0,341.274445,-292.766571,1721.349121,-0.1417867763,-0.9784589079,0.1500489104,,,,
29395,0.0,338.797913,-295.924286,1722.252686,-0.1417867763,-0.9784589079,0.1500489104,,,,
29396,0.0,337.357391,-298.467133,1722.508301,-0.1417867763,-0.9784589079,0.1500489104,,,,
29397,0.0,336.381042,-300.308167,1722.611694,-0.1417867763,-0.9784589079,0.1500489104,,,,
29398,0.0,334.967957,-303.165466,1723.004517,-0.1417867763,-0.9784589079,0.1500489104,,,,
29399,0.0,333.688873,-305.974365,1723.262329,-0.1417867763,-0.9784589079,0.1500489104,,,,
29400,0.0,332.540802,-308.711151,1723.024902,-0.1417867763,-0.9784589079,0.1500489104,,,,
29401,0.0,330.508514,-314.295837,1723.509644,-0.1417867763,-0.9784589079,0.1500489104,,,,
29402,0.0,329.460693,-317.430084,1724.349731,-0.1417867763,-0.9784589079,0.1500489104,,,,
29403,0.0,328.876007,-319.2782135,1724.584106,-0.1417867763,-0.9784589079,0.1500489104,,,,
29404,0.0,328.291321,-321.126343,1724.818481,-0.1417867763,-0.9784589079,0.1500489104,,,,
29405,0.0,326.605896,-326.378113,1724.784058,-0.1087637291,-0.9844431684,0.137993114,,,,
29406,0.0,324.55188,-329.406555,1724.533936,-0.0912046952,-0.9873470779,0.1297206664,,,,
29407,0.0,323.194641,-331.729614,1724.155396,-0.0921727406,-0.9873302081,0.1291636408,,,,
29408,0.0,321.904785,-335.070526,1723.458374,-0.0962246817,-0.9869435468,0.1291636408,,,,
29409,0.0,320.94989,-337.373474,1722.971924,-0.0969122452,-0.9868762692,0.1291636408,,,,
29410,0.0,319.800507,-340.266083,1722.068848,-0.0912316434,-0.9873345833,0.1297967943,,,,
29411,0.0,318.523499,-343.756775,1720.642578,-0.0727605179,-0.988825658,0.1301142771,,,,
29412,0.0,317.792664,-345.963898,1719.563721,-0.0548755144,-0.9899792666,0.1301142944,,,,
29413,0.0,316.587372,-349.445526,1717.605469,-0.0227881576,-0.991332601,0.1293845972,,,,
29414,0.0,315.681488,-352.128296,1716.074463,0.008672081,-0.9917543128,0.127859994,,,,
29415,0.0,314.524994,-355.70816,1713.656372,0.054310925,-0.9904881374,0.1264261569,,,,
29416,0.0,313.751007,-358.32666,1711.674438,0.0891314769,-0.9880675818,0.125610643,,,,
29417,0.0,312.567444,-362.143524,1708.560791,0.1374607116,-0.9826625356,0.1244142028,0.035527138,125.5965176373,475.4167398236,6.0
29418,0.0,311.803345,-364.757751,1706.187378,0.1664143874,-0.9783795525,0.1227994416,0.0300319624,115.0700717553,473.0869171807,6.0
29419,0.0,311.087036,-367.108978,1703.958618,0.1924821211,-0.973916358,0.1201564009,0.0252463973,105.1865450692,471.0901535269,6.0
29420,0.0,310.100525,-371.128845,1699.928711,0.2387936256,-0.9644041649,0.1135879002,0.0177307898,87.7045415472,467.8177813473,6.0
29421,0.0,310.620361,-374.853699,1695.289185,0.2522887704,-0.9612782429,0.1108806386,0.0147083254,79.3189208419,464.1763636642,6.0
29422,0.0,310.303436,-377.822632,1691.392456,0.2636701792,-0.9585540321,0.1079453759,0.0123777834,72.4043835266,461.611373047,6.0
29423,0.0,309.654449,-381.709137,1686.437622,0.2718450461,-0.9565354307,0.1055473389,0.0103824536,65.8511065107,458.1717166663,6.0
29424,0.0,309.477936,-384.225647,1683.133911,0.2724067703,-0.9564677207,0.1047093633,0.0095832799,62.9860898509,456.0532509509,6.0
29425,0.0,308.900635,-387.25354,1678.861206,0.273129245,-0.9564465204,0.1030071317,0.0086408756,59.5302217286,453.820206189,6.0
29426,0.0,308.842224,-388.072052,1677.540283,0.2735195781,-0.9564173133,0.1022397345,0.0083649607,58.5427736446,453.561791937,6.0
29427,0.0,309.3815,-393.00354,1674.574951,0.296251178,-0.9511764735,0.0865942023,0.005044993,45.1309681895,449.8604490279,6.0
29428,0.0,308.670837,-395.355743,1673.658691,0.3065875438,-0.9485295597,0.0793457774,0.0040368516,40.2890375184,448.8376082071,6.0
29429,0.0,307.928223,-398.470551,1672.117432,0.3183642084,-0.9453026645,0.0710429673,0.0029678802,34.4511335977,447.4946134351,6.0
29430,0.0,307.153473,-401.298157,1670.616943,0.3289592365,-0.9422045924,0.0635320924,0.0021583423,29.3203901062,446.5077994701,6.0
29431,0.0,306.348511,-403.937256,1668.895386,0.3394794541,-0.9389428869,0.0560353043,0.0014789988,24.2431713823,445.914049363,6.0
29432,0.0,305.485931,-407.118866,1666.967163,0.3492416974,-0.9357325659,0.0493437124,0.0010143673,20.0399744519,445.0355524512,6.0
29433,0.0,304.908539,-408.905945,1664.376709,0.3635773029,-0.9306704401,0.0407930968,0.0004676798,13.6480086293,446.3039717854,6.0
29434,0.0,304.318237,-410.595428,1662.635132,0.3704679597,-0.9281187809,0.0367289979,0.0003489957,11.8046355333,446.8537765087,6.0
29435,0.0,303.58493,-412.483765,1660.62854,0.3827817879,-0.9233282068,0.0307103475,0.000200103,8.9573833883,447.7762757356,6.0
29436,0.0,302.942444,-414.637054,1658.948364,0.3929374242,-0.9191980234,0.0259841201,0.0002170167,9.3558555879,449.1025506414,6.0
29437,0.0,302.958069,-414.8977355,1658.948364,0.394139515,-0.9187000154,0.0253420452,0.0002167239,9.3548818965,449.3592994929,6.0
29438,0.0,302.973694,-415.158417,1658.948364,0.3953416057,-0.9182020073,0.0246999704,0.0002164311,9.3539082052,449.6160483443,6.0
29439,0.0,303.110321,-418.06543,1659.468628,0.4028795249,-0.9150315764,0.0201321298,0.0003351226,11.7116426242,452.4153785758,6.0
29440,0.0,303.199249,-419.611816,1659.55542,0.4028795249,-0.9150315764,0.0201321298,0.0004566272,13.7089692619,453.6892389254,6.0
29441,0.0,303.259888,-420.666748,1659.453003,0.4028795249,-0.9150315764,0.0201321298,0.0005448321,15.0042344765,454.5971033119,6.0
29442,0.0,303.414459,-422.130157,1659.584595,0.4028795249,-0.9150315764,0.0201321298,0.0006536603,16.4780199227,455.8111677616,6.0
29443,0.0,303.665833,-423.916504,1659.547607,0.4028795249,-0.9150315764,0.0201321298,0.0007945975,18.2575801555,458.0795514718,6.0
29444,0.0,303.8046265,-424.618576,1659.526001,0.4028832902,-0.9150399767,0.0196640881,0.0008519799,18.9308892033,458.9373463036,6.0
29445,0.0,303.94342,-425.320648,1659.504395,0.4028870555,-0.915048377,0.0191960464,0.0009093623,19.6041982511,459.7951411353,6.0
29446,0.0,304.12326,-426.227325,1659.39209,0.4028937486,-0.9150635786,0.0183104999,0.0010011005,20.6347353093,461.2684777354,6.0
29447,0.0,304.725647,-428.171021,1659.161011,0.4022329781,-0.9153747029,0.0172564355,0.00118304,22.5964744856,464.6805152098,6.0
29448,0.0,305.110779,-429.121948,1659.00769,0.4020280516,-0.9154766041,0.0166142464,0.0012667579,23.4724637968,466.4815298564,6.0
29449,0.0,305.497528,-430.062744,1658.855835,0.4020301455,-0.9154813723,0.0162978262,0.0013323603,24.1618322324,468.2186682697,6.0
29450,0.0,305.788162,-430.8114015,1658.775635,0.4020301455,-0.9154813723,0.0162978262,0.0013927039,24.7673289065,469.5284674362,6.0
29451,0.0,306.483398,-432.549591,1658.644531,0.4020301455,-0.9154813723,0.0162978262,0.0015473562,26.2736588696,472.4746053933,6.0
29452,0.0,306.599243,-432.953247,1658.68811,0.4020301455,-0.9154813723,0.0162978262,0.0015860944,26.6385367957,473.1546701104,6.0
29453,0.0,306.952606,-433.8889925,1658.5945435,0.4020301455,-0.9154813723,0.0162978262,0.0017107486,27.7231619727,474.4248309272,6.0
29454,0.0,307.651123,-435.771667,1658.442627,0.4020301455,-0.9154813723,0.0162978262,0.0019859611,30.0368498594,476.8367829887,6.0
29455,0.0,308.073853,-436.92041,1658.35498,0.4020301455,-0.9154813723,0.0162978262,0.002190544,31.6543561503,478.4983738486,6.0
29456,0.0,308.250916,-437.5146635,1658.3260495,0.4020301455,-0.9154813723,0.0162978262,0.0023060094,32.5190758493,479.2506070358,6.0
29457,0.0,308.510254,-438.493317,1658.268555,0.4020301455,-0.9154813723,0.0162978262,0.0025319991,34.1954662166,480.8358511499,6.0
29458,0.0,308.986053,-440.375031,1658.264526,0.4020301455,-0.9154813723,0.0162978262,0.0029382779,36.9758861297,482.6990189976,6.0
29459,0.0,309.278534,-441.449097,1658.278564,0.4020348942,-0.9154921858,0.0155563997,0.0032334904,38.8873741788,483.9596898105,6.0
29460,0.0,309.825653,-442.674103,1658.266479,0.4020414859,-0.9155075433,0.0144423592,0.0035766438,41.0613946306,485.9253183956,6.0
29461,0.0,310.026123,-443.883545,1658.389893,0.4020469964,-0.9155197441,0.0134837259,0.0039268705,43.1526243875,487.411418143,6.0
29462,0.0,310.456573,-445.049072,1658.479858,0.4037360616,-0.9148021286,0.0115869816,0.0041708009,44.6090275293,488.9352410908,6.0
29463,0.0,310.731628,-445.701019,1658.542725,0.405218316,-0.914159854,0.0104822555,0.0042617159,45.1698996894,489.7845515499,6.0
29464,0.0,311.273468,-446.971771,1658.704102,0.4081598985,-0.9128664466,0.008963699,0.0044327601,46.2235724395,491.4656962564,6.0
29465,0.0,311.686646,-447.956818,1658.586304,0.409552278,-0.9122505859,0.0081117302,0.0046794871,47.614566021,492.7587778734,6.0
29466,0.0,312.233612,-449.264954,1658.887939,0.4105477174,-0.9118068576,0.0076698266,0.0050557573,49.6640169184,494.519420209,6.0
29467,0.0,312.3132933333,-449.4549053333,1658.9750566667,0.4106421712,-0.9117643114,0.0076698266,0.0051094107,49.9677267084,494.9402315119,6.0
29468,0.0,312.3929746667,-449.6448566667,1659.0621743333,0.4107366249,-0.9117217653,0.0076698266,0.0051630641,50.2714364984,495.3610428148,6.0
29469,0.0,312.472656,-449.834808,1659.149292,0.4221723571,-0.9065110194,0.0028762114,0.0042712034,45.7737522794,495.7818541178,6.0
29470,0.0,313.766968,-452.923523,1659.075317,0.4230412593,-0.9061058549,0.0028762114,0.0053531347,51.6976414337,500.3036102634,6.0
29471,0.0,314.777069,-455.174591,1659.067749,0.4169221338,-0.9089295161,0.0048030404,0.006961786,59.2482306856,502.9875524237,6.0
29472,0.0,315.276001,-456.294098,1659.123901,0.4186269778,-0.9081500276,0.0038705198,0.0073021268,60.8269874436,504.2557891052,6.0
29473,0.0,315.72464,-457.296509,1659.074341,0.4202348253,-0.9074072871,0.0038349502,0.0075897897,62.1791534127,505.6389891763,6.0
29474,0.0,316.250305,-458.465363,1658.770874,0.4221687317,-0.9065127019,0.0028780789,0.0079935119,64.0166711465,507.3163974863,6.0
29475,0.0,316.732513,-459.549835,1658.584473,0.4230376536,-0.9061075383,0.0028762114,0.0084507872,65.9989488785,508.7365184007,6.0
29476,0.0,316.949158,-460.01767,1658.487549,0.4241612137,-0.9055833437,0.0024642453,0.0085646545,66.5147836219,509.3075967477,6.0
29477,0.0,317.469208,-461.207031,1658.248047,0.4268791,-0.9043072088,0.0016450244,0.008839797,67.7850702399,510.9281161302,6.0
29478,0.0,317.993683,-462.676056,1658.209595,0.429045533,-0.9032821109,0.0011656528,0.0090888364,68.8830811628,512.0737128861,6.0
29479,0.0,318.609558,-464.437103,1658.265869,0.433486832,-0.901159847,0.0003108431,0.0090318865,68.8339456638,513.3118328463,6.0
29480,0.0,318.995392,-465.77948,1658.286743,0.4380474075,-0.8989516442,-0.0006404136,0.0088635957,68.3898488776,514.7971915755,6.0
29481,0.0,319.367065,-467.185974,1658.332275,0.4455150361,-0.8952729809,-0.0016254942,0.0082730847,66.2874465975,516.3957503389,6.0
29482,0.0,319.687073,-468.820007,1658.369019,0.4530478136,-0.8914817233,-0.0028311821,0.0077863507,64.5740119383,518.4690471902,6.0
29483,0.0,320.055634,-470.905334,1658.536011,0.4593663913,-0.8882422229,-0.0028761067,0.0073146734,62.911187888,521.0879792873,6.0
29484,0.0,320.1144565,-471.8229675,1658.6173095,0.4617581064,-0.88699713,-0.0028761067,0.0071811193,62.4903152214,522.4104211249,6.0
29485,0.0,320.173279,-472.740601,1658.698608,0.4641498214,-0.8857520371,-0.0028761067,0.0070475652,62.0694425548,523.7328629626,6.0
29486,0.0,320.35376,-474.768433,1658.984985,0.4775602043,-0.8785906578,-0.00383502,0.0057985275,56.6820214825,527.1108461307,6.0
29487,0.0,320.431427,-475.946198,1659.182007,0.485653837,-0.8741428048,-0.00383502,0.0050697754,53.2224694642,529.2206802813,6.0
29488,0.0,320.471924,-476.7080845,1659.2798465,0.4920350255,-0.8705360982,-0.00383502,0.0045240225,50.3199399776,530.669428637,6.0
29489,0.0,320.512421,-477.469971,1659.377686,0.498416214,-0.8669293917,-0.00383502,0.0039782696,47.417410491,532.1181769926,6.0
29490,0.0,320.57193,-478.664825,1659.479004,0.5037443856,-0.8638442491,-0.00383502,0.0035983838,45.3008400491,534.4764322965,6.0
29491,0.0,320.615906,-480.779114,1659.610474,0.5061203316,-0.8624543481,-0.00383502,0.0035462261,45.3403420692,538.8550417623,6.0
29492,0.0,320.588867,-481.715881,1659.634033,0.5073073199,-0.8617537757,-0.0044399634,0.0035300961,45.4005071134,540.7992170923,6.0
29493,0.0,320.483307,-483.140381,1659.580078,0.5107072516,-0.8597413107,-0.0047939299,0.0033482201,44.4478368954,543.616296012,6.0
29494,0.0,320.346313,-484.481812,1659.508423,0.5161524379,-0.8564775207,-0.0057373719,0.003027571,42.4752023717,546.2635886311,6.0
29495,0.0,320.235596,-485.378235,1659.456665,0.5216998754,-0.8530989122,-0.007175371,0.0027164262,40.3636943841,547.9893128786,6.0
29496,0.0,320.027313,-486.493805,1659.351074,0.5273832874,-0.8495868827,-0.0083064325,0.0024293306,38.3203216041,550.0912806994,6.0
29497,0.0,319.999603,-486.721466,1659.351074,0.5284839882,-0.8488997849,-0.0084918409,0.0024303519,38.3617245767,550.5699493706,6.0
29498,0.0,319.498718,-488.842316,1659.157349,0.5368574828,-0.8436184708,-0.0095874354,0.002097001,35.8989924148,554.6202740668,6.0
29499,0.0,319.354889,-490.194305,1659.226929,0.5382089207,-0.8427569298,-0.009587226,0.0020828834,35.9754014397,557.6791831503,6.0
29500,0.0,319.180237,-491.621429,1658.98645,0.568691722,-0.8225495725,-0.0013878679,0.0006712999,20.4459956528,558.0946762489,6.0
29501,0.0,319.088318,-492.584991,1658.920776,0.5752105907,-0.818001005,0.0026706124,0.0004736353,17.167263465,557.8474722454,6.0
29502,0.0,318.93399,-493.634918,1658.934082,0.5789833828,-0.8153332807,0.0031438564,0.0003823099,15.4401555168,558.4321459301,6.0
29503,0.0,318.742065,-494.812042,1658.966431,0.5811205691,-0.8138130055,0.002697438,0.000382854,15.4561937776,558.614954952,6.0
29504,0.0,318.514221,-496.148285,1659.025879,0.5834299736,-0.8121604298,0.002214088,0.0003791034,15.3863994774,558.8359086937,6.0
29505,0.0,318.308105,-497.413086,1659.04834,0.5856990231,-0.8105273199,0.0014553423,0.000430849,16.4213019424,559.4700627145,6.0
29506,0.0,318.125916,-498.468567,1659.163452,0.5873896906,-0.8092994169,-0.0027937624,0.0005602789,18.7278285843,559.5399722266,6.0
29507,0.0,317.926605,-499.61145,1659.279297,0.5887550829,-0.808296239,-0.0049641149,0.0006962719,20.8373474594,558.4877053688,6.0
29508,0.0,317.690155,-500.840485,1659.706421,0.5900042442,-0.807378324,-0.0059358125,0.0006529164,20.1881312726,558.7573144871,6.0
29509,0.0,317.481842,-502.024261,1659.864746,0.5910890337,-0.8065775448,-0.0068131193,0.0006718134,20.4641495101,558.3767330843,6.0
29510,0.0,317.270264,-503.188629,1660.014282,0.59135367,-0.8064047596,-0.0034929378,0.0005530591,18.5528115477,557.9162727944,6.0
29511,0.0,317.011047,-504.640686,1660.043457,0.592346711,-0.8056828297,-0.000742847,0.0005419397,18.3321892674,556.9070440143,6.0
29512,0.0,316.804382,-505.847137,1660.030396,0.5932947894,-0.8049852671,-0.0001123468,0.0005293773,18.0978280832,556.2708382882,6.0
29513,0.0,316.7547503333,-506.086578,1660.016317,0.5934372864,-0.804880186,-0.0001016945,0.0005339903,18.1737160326,556.1969795723,6.0
29514,0.0,316.7051186667,-506.326019,1660.002238,0.5935797833,-0.804775105,-9.10422e-05,0.0005386032,18.249603982,556.1231208565,6.0
29515,0.0,316.655487,-506.56546,1659.988159,0.6006164614,-0.7995372597,0.0001917419,0.0005159166,17.8592000723,556.0492621406,6.0
29516,0.0,316.07431,-509.847778,1659.67981,0.5966616072,-0.8024685838,-0.0062528806,0.0007946626,22.0913620628,554.2458083063,6.0
29517,0.0,315.717804,-511.883209,1659.348755,0.5993136334,-0.8005133558,-0.0012393405,0.0006450169,19.8726541466,553.3824281303,6.0
29518,0.0,315.545349,-512.99353,1659.298462,0.600349808,-0.7997375218,-6.48041e-05,0.0006183019,19.4377580139,552.8381946898,6.0
29519,0.0,315.445221,-513.711243,1659.156494,0.6033124586,-0.797502252,0.002058021,0.0005350138,18.0728265831,552.569223036,6.0
29520,0.0,315.230164,-515.319885,1659.032715,0.6091514345,-0.7930303008,0.0061214249,0.0003991961,15.5919235024,551.8676322819,6.0
29521,0.0,315.04895,-516.526489,1658.973633,0.6132067934,-0.7898715863,0.0089613429,0.0003094373,13.7132274061,551.2796642082,6.0
29522,0.0,314.833038,-517.946777,1658.844116,0.616371548,-0.7873713224,0.0115115361,0.0002486019,12.2774926723,550.6421341308,6.0
29523,0.0,314.712402,-518.876465,1658.896484,0.6164297809,-0.7873433317,0.0102373466,0.0002848893,13.1296205839,550.0852942107,6.0
29524,0.0,314.546967,-520.101929,1658.774414,0.6200304546,-0.7844676748,0.0131416368,,,,
29525,0.0,314.42218,-521.380859,1658.72937,0.6237212324,-0.7814843297,0.0159394694,,,,
29526,0.0,314.335846,-522.487488,1658.703125,0.6277431641,-0.7782036963,0.0183719077,,,,
29527,0.0,314.223541,-524.028809,1658.757202,0.6314213545,-0.7751812661,0.0200269251,,,,
29528,0.0,314.213104,-525.006714,1658.800659,0.6357566405,-0.7714475212,0.0261192675,,,,
29529,0.0,314.145416,-526.064514,1658.858398,0.6375501224,-0.769859737,0.0290831021,,,,
29530,0.0,314.076538,-527.420776,1659.057129,0.6411542991,-0.7667300543,0.0323448381,,,,
29531,0.0,314.0716856667,-527.5161536667,1659.0793456667,0.6414658276,-0.7664623269,0.0325069745,,,,
29532,0.0,314.0668333333,-527.6115313333,1659.1015623333,0.6417773562,-0.7661945995,0.0326691108,,,,
29533,0.0,314.061981,-527.706909,1659.123779,0.6420888847,-0.7659268721,0.0328312472,,,,
29534,0.0,314.202972,-531.680054,1659.920654,0.6464792524,-0.7616636591,0.043966427,,,,
29535,0.0,313.804199,-533.936401,1659.850464,0.6473215544,-0.7607299047,0.0475900969,,,,
29536,0.0,313.803558,-534.870483,1659.880371,0.6474453498,-0.7606270625,0.0475498777,,,,
29537,0.0,313.729492,-536.528931,1659.866455,0.6476171139,-0.7604843118,0.0474940554,,,,
29538,0.0,313.578094,-538.076172,1659.885864,0.6477802517,-0.7603486655,0.0474410398,,,,
29539,0.0,313.51413,-539.163513,1659.769043,0.6483472179,-0.759099862,0.0584233223,,,,
29540,0.0,313.268677,-540.555542,1659.627075,0.6485083935,-0.758686949,0.0618948867,,,,
29541,0.0,313.123718,-541.529053,1659.599854,0.6485083935,-0.758686949,0.0618948867,,,,
29542,0.0,312.913635,-542.524719,1659.507202,0.6485083935,-0.758686949,0.0618948867,,,,
29543,0.0,312.61026,-544.251953,1659.406006,0.6485083935,-0.758686949,0.0618948867,,,,
29544,0.0,312.460358,-545.310059,1659.365601,0.6485083935,-0.758686949,0.0618948867,,,,
29545,0.0,312.330322,-546.726257,1659.284912,0.6485083935,-0.758686949,0.0618948867,,,,
29546,0.0,312.240631,-547.675842,1659.288208,0.6485083935,-0.758686949,0.0618948867,,,,
29547,0.0,312.096252,-549.184326,1659.288574,0.6485083935,-0.758686949,0.0618948867,,,,
29548,0.0,312.075363,-549.4160765,1659.288635,0.6485083935,-0.758686949,0.0618948867,,,,
29549,0.0,312.054474,-549.647827,1659.288696,0.6485083935,-0.758686949,0.0618948867,,,,
29550,0.0,311.800751,-552.15094,1659.491699,0.6485083935,-0.758686949,0.0618948867,,,,
29551,0.0,311.652771,-553.727844,1659.618774,0.6485083935,-0.758686949,0.0618948867,,,,
29552,0.0,311.914429,-554.918884,1661.833008,0.6485083935,-0.758686949,0.0618948867,,,,
29553,0.0,312.468079,-555.650513,1663.807129,0.6485083935,-0.758686949,0.0618948867,,,,
29554,0.0,312.911133,-556.430359,1665.127197,0.6485083935,-0.758686949,0.0618948867,,,,
29555,0.0,313.165558,-557.602722,1666.61853,0.6485083935,-0.758686949,0.0618948867,,,,
29556,0.0,313.279419,-558.799805,1668.195068,0.6478090818,-0.7592841474,0.0618948867,,,,
29557,0.0,313.317993,-559.631592,1669.252441,0.6467421875,-0.7601931123,0.0618948692,,,,
29558,0.0,313.20517,-560.870361,1670.892212,0.6456484154,-0.7610534353,0.0627358939,,,,
29559,0.0,313.042328,-561.708008,1672.004639,0.6455554306,-0.7611227508,0.0628517641,,,,
29560,0.0,312.792999,-562.958374,1673.616821,0.6455554306,-0.7611227508,0.0628517641,,,,
29561,0.0,312.647095,-564.173828,1675.149414,0.6455554306,-0.7611227508,0.0628517641,,,,
29562,0.0,312.669464,-565.362732,1676.58313,0.6455554306,-0.7611227508,0.0628517641,,,,
29563,0.0,312.775726,-566.633057,1676.853638,0.6455554306,-0.7611227508,0.0628517641,,,,
29564,0.0,312.821716,-567.010803,1676.865234,0.6455554306,-0.7611227508,0.0628517641,,,,
29565,0.0,313.028656,-570.44928,1676.180298,0.6455554306,-0.7611227508,0.0628517641,,,,
29566,0.0,313.359406,-572.002014,1676.098877,0.6455554306,-0.7611227508,0.0628517641,,,,
29567,0.0,313.844788,-573.23407,1676.097046,0.6455554306,-0.7611227508,0.0628517641,,,,
29568,0.0,314.326996,-574.2235415,1676.084778,0.6455554306,-0.7611227508,0.0628517641,,,,
29569,0.0,314.809204,-575.213013,1676.07251,0.6455554306,-0.7611227508,0.0628517641,,,,
29570,0.0,315.80899,-577.338928,1676.140259,0.6455554306,-0.7611227508,0.0628517641,,,,
29571,0.0,318.377838,-581.429688,1676.209229,0.6455554306,-0.7611227508,0.0628517641,,,,
29572,0.0,319.098831,-582.740784,1676.3009645,0.6455554306,-0.7611227508,0.0628517641,,,,
29573,0.0,320.454498,-585.424988,1676.552612,0.6455554306,-0.7611227508,0.0628517641,,,,
29574,0.0,321.343384,-588.042725,1676.722412,0.6455554306,-0.7611227508,0.0628517641,,,,
29575,0.0,322.114655,-590.58429,1676.758545,0.6460718273,-0.7606249842,0.0635675032,,,,
29576,0.0,322.725983,-592.88031,1676.850342,0.6496187342,-0.757449334,0.0653146735,,,,
29577,0.0,323.36734,-595.184143,1676.923828,0.6536163083,-0.7538196007,0.0673923667,,,,
29578,0.0,323.738068,-598.135681,1676.937866,0.6581763917,-0.7496497047,0.0694921409,,,,
29579,0.0,323.967743,-600.227661,1676.974731,0.6603704058,-0.7476470085,0.0702486853,,,,
29580,0.0,324.289551,-603.303833,1677.029663,0.6622463822,-0.7458881953,0.0712778328,,,,
29581,0.0,324.541595,-606.246765,1677.013428,0.6648128055,-0.7435412199,0.0719054095,,,,
29582,0.0,324.70285,-608.813721,1676.983398,0.6666741719,-0.7418377143,0.0722658572,,,,
29583,0.0,324.990723,-612.405457,1676.797119,0.6698581139,-0.7388679847,0.0732407559,,,,
29584,0.0,325.118835,-614.609192,1676.691284,0.6723971125,-0.7364859357,0.0739634336,,,,
29585,0.0,325.339935,-618.057312,1676.424805,0.6782149237,-0.731016204,0.0750987802,,,,
29586,0.0,325.430878,-620.614075,1676.304443,0.6843323176,-0.7252075191,0.0759166213,,,,
29587,0.0,325.573944,-624.405762,1676.108765,0.6941074112,-0.7156262787,0.078063634,,,,
29588,0.0,325.664276,-627.127563,1676.05957,0.703634892,-0.7061607555,0.0789615482,,,,
29589,0.0,325.766632,-629.843201,1676.131836,0.7139019747,-0.6956799715,0.0798332499,,,,
29590,0.0,325.914612,-632.815369,1676.296753,0.7267407264,-0.6822298436,0.0800647052,,,,
29591,0.0,326.098145,-636.026733,1676.493652,0.7367240939,-0.6714367056,0.0800647226,,,,
29592,0.0,326.35376,-639.310669,1676.666504,0.749477264,-0.6571708101,0.0800647052,,,,
29593,0.0,326.661224,-643.433044,1676.961426,0.7606622431,-0.644074985,0.0809960847,,,,
29594,0.0,327.258057,-645.883545,1676.481079,0.7684294444,-0.6347004868,0.0816791349,,,,
29595,0.0,327.49646,-650.102905,1676.629639,0.7789797927,-0.6216674642,0.0819758896,,,,
29596,0.0,328.12265,-653.792786,1676.574341,0.7851950421,-0.6137985821,0.0819758896,,,,
29597,0.0,328.212738,-656.132935,1676.572754,0.7891778639,-0.6086692474,0.0819758896,,,,
29598,0.0,328.37561,-661.56012,1676.592041,0.79466972,-0.6014814981,0.0819758722,,,,
29599,0.0,328.545746,-664.829529,1676.745117,0.7964618408,-0.5991064118,0.0819758722,,,,
29600,0.0,328.286926,-668.60907,1676.31604,0.7979872394,-0.5970731296,0.0819758722,,,,
29601,0.0,328.265472,-672.660034,1676.122803,0.7988405814,-0.5959309372,0.0819758722,,,,
29602,0.0,328.482483,-675.329529,1676.277344,0.7992755444,-0.5953474284,0.0819758722,,,,
29603,0.0,328.586853,-679.504089,1676.102173,0.7997001365,-0.5947769734,0.0819758722,,,,
29604,0.0,328.882568,-682.263245,1676.174072,0.7999228631,-0.5944773919,0.0819758722,,,,
29605,0.0,329.05307,-686.286377,1675.963989,0.8003678333,-0.5938781735,0.0819758896,,,,
29606,0.0,329.238586,-689.520264,1675.804443,0.8012688961,-0.5926618897,0.0819758548,,,,
29607,0.0,329.473633,-693.464233,1675.559692,0.8021557403,-0.5914610086,0.0819758722,,,,
29608,0.0,329.809448,-697.114441,1675.483032,0.8027501104,-0.5906540559,0.0819758896,,,,
29609,0.0,330.350433,-700.786865,1675.640747,0.8028883211,-0.590466172,0.0819758722,,,,
29610,0.0,330.810608,-704.61322,1675.633423,0.8028883211,-0.590466172,0.0819758722,,,,
29611,0.0,331.588226,-710.923035,1675.703613,0.8028883211,-0.590466172,0.0819758722,,,,
29612,0.0,332.026672,-713.863098,1675.93042,0.8033353058,-0.5899074591,0.0816184785,,,,
29613,0.0,332.526733,-718.167725,1675.81958,0.8039633224,-0.5891207437,0.0811155073,,,,
29614,0.0,332.5990445,-718.7464295,1675.8222655,0.8040581532,-0.5890017526,0.0810394525,,,,
29615,0.0,332.671356,-719.325134,1675.824951,0.804152984,-0.5888827614,0.0809633977,,,,
29616,0.0,334.994385,-726.610535,1677.239258,0.8059262346,-0.5865647385,0.0801543008,,,,
29617,0.0,336.24408,-730.51123,1677.271606,0.806594496,-0.5856884639,0.0798394782,,,,
29618,0.0,337.569702,-734.621582,1677.273193,0.8072961131,-0.5847660957,0.0795084849,,,,
29619,0.0,338.882233,-738.602722,1677.199219,0.8080412763,-0.5837838447,0.0791562914,,,,
29620,0.0,340.477142,-741.991821,1677.621094,0.8095898876,-0.5817486212,0.0783119126,,,,
29621,0.0,342.213409,-744.737793,1677.768311,0.8114130373,-0.5792244436,0.0781532264,,,,
29622,0.0,343.714355,-746.95636,1677.664429,0.8124056113,-0.5779259638,0.0774512948,,,,
29623,0.0,345.703522,-749.746033,1677.04541,0.813165578,-0.5768902016,0.0771973962,,,,
29624,0.0,347.936737,-752.969055,1677.137451,0.8143262498,-0.5752506592,0.0771973962,,,,
29625,0.0,349.884644,-755.543884,1676.997925,0.8154311103,-0.5737998246,0.0763273587,,,,
29626,0.0,352.060669,-758.270569,1676.849365,0.8160472409,-0.572934669,0.0762414951,,,,
29627,0.0,353.935303,-760.460327,1676.796875,0.8163319686,-0.5725289089,0.0762414951,,,,
29628,0.0,356.571747,-763.546875,1676.827393,0.8166129186,-0.5721281089,0.0762415125,,,,
29629,0.0,358.883911,-766.234741,1677.012817,0.8166337489,-0.5720983784,0.0762414951,,,,
29630,0.0,361.327454,-769.101868,1677.473755,0.8166337489,-0.5720983784,0.0762414951,,,,
29631,0.0,362.851562,-770.646484,1677.470825,0.8166337489,-0.5720983784,0.0762414951,,,,
29632,0.0,365.836884,-773.880676,1677.95166,0.8166337489,-0.5720983784,0.0762414951,,,,
29633,0.0,368.291382,-776.786865,1678.605835,0.8166337489,-0.5720983784,0.0762414951,,,,
29634,0.0,370.741211,-779.010132,1678.611816,0.8166337489,-0.5720983784,0.0762414951,,,,
29635,0.0,374.150604,-781.542297,1678.649902,0.8166337489,-0.5720983784,0.0762414951,,,,
29636,0.0,376.283691,-783.300903,1678.680542,0.8166337489,-0.5720983784,0.0762414951,,,,
29637,0.0,379.061523,-785.260681,1678.802856,0.8166337489,-0.5720983784,0.0762414951,,,,
29638,0.0,382.480011,-788.090454,1678.946289,0.8166337489,-0.5720983784,0.0762414951,,,,
29639,0.0,384.481262,-789.893372,1679.033203,0.8166337489,-0.5720983784,0.0762414951,,,,
29640,0.0,387.280945,-792.347107,1679.175537,0.8166337489,-0.5720983784,0.0762414951,,,,
29641,0.0,390.321899,-795.088074,1679.276489,0.817151745,-0.5713582589,0.0762414951,,,,
29642,0.0,391.739655,-796.779175,1679.377563,0.8177534381,-0.5705395828,0.0759203455,,,,
29643,0.0,394.151855,-800.50177,1679.483276,0.8186625691,-0.5693023095,0.0754087419,,,,
29644,0.0,397.39621,-803.102844,1679.167725,0.8202469788,-0.5670334943,0.0752855239,,,,
29645,0.0,400.726562,-805.625793,1678.79126,0.8232375421,-0.5628080131,0.0743443995,,,,
29646,0.0,403.05188,-807.414307,1678.574829,0.8245335991,-0.5609095087,0.0743294486,,,,
29647,0.0,406.562805,-810.096252,1678.224609,0.8264508576,-0.5580807406,0.0743294486,,,,
29648,0.0,408.861908,-811.7948,1677.968628,0.8273100067,-0.556806327,0.0743294486,,,,
29649,0.0,412.179077,-814.148315,1677.686646,0.8290152769,-0.5543752534,0.073496593,,,,
29650,0.0,415.490143,-816.605103,1677.711914,0.8302706278,-0.5525097624,0.0733733399,,,,
29651,0.0,417.765442,-818.243042,1677.741943,0.8326280735,-0.5489506733,0.0733733573,,,,
29652,0.0,421.097931,-820.47998,1677.928345,0.8360899543,-0.5436634449,0.0733733399,,,,
29653,0.0,426.821198,-824.25824,1678.30896,0.8437675068,-0.5315781224,0.074034413,,,,
29654,0.0,430.08432,-826.216064,1679.054932,0.8517884317,-0.5184869266,0.0750184953,,,,
29655,0.0,432.782684,-828.062927,1679.403809,0.8609919755,-0.5029291223,0.0758624807,,,,
29656,0.0,435.750397,-830.305908,1679.641602,0.8737300429,-0.4802082834,0.0774326584,,,,
29657,0.0,438.987488,-833.039307,1679.659424,0.8900032121,-0.4489426563,0.0796540882,,,,
29658,0.0,441.817474,-835.863647,1679.437134,0.9045839403,-0.418547529,0.0809064952,,,,
29659,0.0,444.460449,-838.574585,1679.327637,0.9175871526,-0.3890040788,0.0819124167,,,,
29660,0.0,445.799957,-839.7902525,1679.140625,0.9234519908,-0.374431754,0.08240323,,,,
29661,0.0,448.898865,-843.001648,1678.841553,0.9393916928,-0.3323285307,0.0842674028,,,,
29662,0.0,451.499054,-845.773499,1678.385254,0.9539239902,-0.2866772114,0.0885731192,,,,
29663,0.0,453.99881,-848.798157,1678.223633,0.9688428303,-0.228909136,0.0945736626,,,,
29664,0.0,456.287537,-850.984558,1677.037964,0.9799934017,-0.1696370976,0.1040970109,,,,
29665,0.0,458.70047,-853.849182,1676.686401,0.9847432322,-0.1289496088,0.116845047,,,,
29666,0.0,461.043549,-856.79718,1676.618408,0.9850699814,-0.1251418493,0.1182228798,,,,
29667,0.0,462.579468,-858.760864,1676.609619,0.9850699814,-0.1251418493,0.1182228798,,,,
29668,0.0,465.173431,-862.055176,1676.654785,0.9850699814,-0.1251418493,0.1182228798,,,,
29669,0.0,467.199646,-864.680603,1676.561768,0.9850699814,-0.1251418493,0.1182228798,,,,
29670,0.0,469.972839,-868.084045,1676.831543,0.9850699814,-0.1251418493,0.1182228798,,,,
29671,0.0,472.36319,-871.02832,1676.98999,0.9850699814,-0.1251418493,0.1182228798,,,,
29672,0.0,474.23877,-873.217163,1677.349121,0.9850699814,-0.1251418493,0.1182228798,,,,
29673,0.0,476.904572,-876.076172,1677.843994,0.9850699814,-0.1251418493,0.1182228798,,,,
29674,0.0,480.059601,-879.214111,1678.317383,0.9850699814,-0.1251418493,0.1182228798,,,,
29675,0.0,482.962952,-881.82019,1678.586914,0.9850699814,-0.1251418493,0.1182228798,,,,
29676,0.0,485.955597,-884.188599,1678.748535,0.9850699814,-0.1251418493,0.1182228798,,,,
29677,0.0,488.13208,-885.801208,1678.87915,0.9850699814,-0.1251418493,0.1182228798,,,,
29678,0.0,491.980133,-888.606995,1678.933838,0.9850699814,-0.1251418493,0.1182228798,,,,
29679,0.0,494.180695,-889.940735,1679.089966,0.9850699814,-0.1251418493,0.1182228798,,,,
29680,0.0,497.533813,-892.009827,1679.046387,0.9850699814,-0.1251418493,0.1182228798,,,,
29681,0.0,500.886566,-893.72229,1678.976929,0.9850699814,-0.1251418493,0.1182228798,,,,
29682,0.0,504.303711,-895.338867,1678.768066,0.9850699814,-0.1251418493,0.1182228798,,,,
29683,0.0,508.014679,-896.911011,1678.473145,0.9850699814,-0.1251418493,0.1182228798,,,,
29684,0.0,510.383667,-897.848267,1678.150635,0.9850699814,-0.1251418493,0.1182228798,,,,
29685,0.0,514.537109,-899.410461,1677.660278,0.9850699814,-0.1251418493,0.1182228798,,,,
29686,0.0,518.079041,-900.708435,1677.478516,0.9850699814,-0.1251418493,0.1182228798,,,,
29687,0.0,520.49707,-901.56665,1677.083496,0.9850699814,-0.1251418493,0.1182228798,,,,
29688,0.0,524.199646,-902.716919,1676.976685,0.9864045128,-0.1231268832,0.1088389073,,,,
29689,0.0,527.782593,-903.764282,1676.990234,0.9877054087,-0.118920845,0.1014685085,,,,
29690,0.0,530.688843,-904.413635,1677.10022,0.9888567662,-0.1111308154,0.0990567405,,,,
29691,0.0,535.563049,-905.495239,1677.282104,0.9902064226,-0.1001075008,0.0973125322,,,,
29692,0.0,539.093506,-906.273132,1677.36377,0.9911066963,-0.0926886377,0.0954794897,,,,
29693,0.0,542.93335,-906.986816,1677.86145,0.9915134633,-0.0883760907,0.0953452607,,,,
29694,0.0,546.540833,-907.53949,1678.589844,0.9916872632,-0.0874275445,0.0944076078,,,,
29695,0.0,549.935791,-908.050476,1679.205933,0.991766195,-0.086545847,0.0943908406,,,,
29696,0.0,553.656494,-908.624756,1679.410034,0.991849687,-0.0855836877,0.0943908406,,,,
29697,0.0,556.568359,-908.90564,1679.663696,0.9918909279,-0.0851044044,0.0943908232,,,,
29698,0.0,560.879333,-909.487793,1679.827515,0.9919328069,-0.0846148866,0.0943908232,,,,
29699,0.0,568.056885,-910.413025,1679.912231,0.9921481956,-0.0820507998,0.0943908058,,,,
29700,0.0,569.9750675,-910.539398,1679.752258,0.9922282104,-0.081071495,0.0943908145,,,,
29701,0.0,571.89325,-910.665771,1679.592285,0.9923082251,-0.0800921903,0.0943908232,,,,
29702,0.0,579.33844,-911.667358,1679.416016,0.992795255,-0.0738102572,0.0943908232,,,,
29703,0.0,583.25238,-912.119385,1678.757812,0.9930961276,-0.069645152,0.094390858,,,,
29704,0.0,586.34906,-912.457397,1678.438843,0.9935138204,-0.0634086586,0.0943908406,,,,
29705,0.0,588.349762,-912.6907345,1678.3914185,0.9937038333,-0.0602761608,0.0943908232,,,,
29706,0.0,593.615173,-913.314331,1678.4021,0.9941976255,-0.051589282,0.0943908232,,,,
29707,0.0,596.928955,-913.734863,1678.560303,0.9944852279,-0.0450096109,0.0947273266,,,,
29708,0.0,602.2724,-914.280457,1678.615723,0.9946854151,-0.0388704941,0.0953415428,,,,
29709,0.0,605.299622,-914.779175,1678.952881,0.9948460975,-0.034503964,0.0953452607,,,,
29710,0.0,608.868225,-915.112122,1678.987183,0.9950088822,-0.0294381662,0.0953452607,,,,
29711,0.0,612.684021,-915.539368,1679.2229,0.9951228557,-0.0252940048,0.0953452434,,,,
29712,0.0,616.604431,-916.153442,1679.704102,0.9951995743,-0.0220700847,0.0953452607,,,,
29713,0.0,619.793884,-916.626038,1680.016968,0.9952352393,-0.0203986039,0.0953452434,,,,
29714,0.0,624.016968,-917.188599,1680.21582,0.99526306,-0.0189926976,0.0953452607,,,,
29715,0.0,628.295166,-917.772522,1680.411621,0.9952685187,-0.0187045531,0.0953452434,,,,
29716,0.0,631.240295,-918.138977,1680.516602,0.9952685187,-0.0187045531,0.0953452434,,,,
29717,0.0,636.053589,-918.667786,1680.597656,0.9952854608,-0.0177802148,0.0953452434,,,,
29718,0.0,639.869934,-919.087402,1680.609741,0.9952859938,-0.017750354,0.0953452434,,,,
29719,0.0,643.588257,-919.390686,1680.565918,0.9951964843,-0.0177487924,0.0962753243,,,,
29720,0.0,646.34613,-919.57666,1680.470215,0.995205975,-0.0170721731,0.0962995759,,,,
29721,0.0,650.509888,-919.829163,1679.858765,0.9952235972,-0.016011974,0.0962995759,,,,
29722,0.0,654.148254,-919.950867,1679.501709,0.9952263426,-0.015840411,0.0962995759,,,,
29723,0.0,658.31781,-920.111633,1679.40625,0.9952523639,-0.0141112416,0.0962995585,,,,
29724,0.0,661.046204,-920.182922,1679.180908,0.9952631804,-0.0133265455,0.0962995585,,,,
29725,0.0,665.136658,-920.285767,1678.596558,0.9952329802,-0.0125636561,0.096713338,,,,
29726,0.0,668.742737,-920.412476,1678.371826,0.9951988643,-0.0121614938,0.0971149761,,,,
29727,0.0,672.814026,-920.53894,1678.049316,0.9951952953,-0.0113145377,0.0972538199,,,,
29728,0.0,676.607727,-920.656311,1677.800537,0.9951980631,-0.0110684124,0.0972538199,,,,
29729,0.0,680.134583,-920.719238,1677.790527,0.9951980631,-0.0110684124,0.0972538199,,,,
29730,0.0,683.685303,-920.749084,1677.811401,0.9952056103,-0.0103677943,0.0972538025,,,,
29731,0.0,687.495056,-920.753052,1677.929565,0.9952153938,-0.0093817858,0.0972538025,,,,
29732,0.0,690.904785,-920.76355,1678.017944,0.9952335847,-0.0071978966,0.0972538025,,,,
29733,0.0,694.808533,-920.792419,1678.058472,0.9952507241,-0.0042068411,0.0972537851,,,,
29734,0.0,695.950989,-920.656006,1678.594604,0.9952543646,-0.0032317517,0.0972538199,,,,
29735,0.0,702.624756,-920.468567,1679.410522,0.995170376,0.004348652,0.0980663647,,,,
29736,0.0,706.640686,-920.484924,1679.352051,0.9951122601,0.0103339407,0.0982079397,,,,
29737,0.0,713.36731,-920.12677,1679.922607,0.9946628294,0.0259912499,0.0998514435,,,,
29738,0.0,715.3724675,-919.952881,1680.0532225,0.9943556986,0.033559279,0.1003637767,,,,
29739,0.0,717.377625,-919.778992,1680.183838,0.9940485677,0.041127308,0.1008761099,,,,
29740,0.0,721.172913,-919.490479,1680.222412,0.9928094053,0.0628995609,0.1018485645,,,,
29741,0.0,728.180664,-918.862976,1680.05603,0.9872851224,0.1199536741,0.1043034183,,,,
29742,0.0,731.912537,-918.427856,1679.819336,0.9815382124,0.1599437227,0.1048844279,,,,
29743,0.0,736.075562,-917.938293,1679.595703,0.9706009261,0.2162655475,0.1056553607,,,,
29744,0.0,739.299438,-917.412476,1679.223999,0.960882594,0.255669707,0.1064783619,,,,
29745,0.0,743.081238,-916.853943,1678.724365,0.9473751584,0.3017879393,0.1067911464,,,,
29746,0.0,747.054199,-916.268677,1678.339844,0.937483542,0.3314772931,0.1060538195,,,,
29747,0.0,751.178406,-915.606445,1678.119751,0.9286184373,0.3561196526,0.1041469685,,,,
29748,0.0,751.722351,-915.5157165,1678.119751,0.9276435156,0.3586976096,0.1039514223,,,,
29749,0.0,757.576782,-914.843323,1678.447876,0.9200502883,0.3783119346,0.1019193165,,,,
29750,0.0,761.940125,-914.394409,1678.555176,0.915577962,0.3894213212,0.1003395742,,,,
29751,0.0,765.503723,-913.877502,1677.982178,0.9126845235,0.3964030631,0.0993557862,,,,
29752,0.0,769.322815,-913.908875,1678.424072,0.9090742616,0.4050507877,0.0975594502,,,,
29753,0.0,772.323547,-913.993164,1678.704102,0.9061522835,0.4117999708,0.0964822427,,,,
29754,0.0,776.586975,-914.214111,1678.910522,0.9031853654,0.4184895044,0.0955129859,,,,
29755,0.0,780.413696,-914.429443,1679.01416,0.9003205673,0.4246553396,0.0953452607,,,,
29756,0.0,784.19812,-914.778992,1679.057251,0.8988413259,0.4279602699,0.0945213114,,,,
29757,0.0,788.193054,-915.420837,1678.967651,0.8973005285,0.4313936619,0.0935482232,,,,
29758,0.0,791.761963,-915.759583,1678.897949,0.8956555796,0.4348226433,0.0934363511,,,,
29759,0.0,795.515381,-916.399048,1678.695557,0.8940331088,0.438329334,0.0925861504,,,,
29760,0.0,799.214966,-917.111572,1678.44812,0.8919684353,0.4425374991,0.0924817409,,,,
29761,0.0,801.607544,-917.607544,1678.160522,0.88919114,0.4482328464,0.0917955986,,,,
29762,0.0,805.750366,-918.493591,1677.790283,0.8855016039,0.4556741318,0.0908184734,,,,
29763,0.0,810.174438,-919.249268,1677.703369,0.8791148222,0.4681009294,0.0896585147,,,,
29764,0.0,812.719177,-919.989563,1677.076538,0.8724545979,0.4805332837,0.0889423293,,,,
29765,0.0,816.37262,-920.751709,1676.796509,0.8626784097,0.4979205904,0.0886625457,,,,
29766,0.0,820.473755,-921.586609,1676.531006,0.8489304525,0.5210144304,0.0886625631,,,,
29767,0.0,823.380676,-922.11792,1676.402222,0.8318511687,0.5479863886,0.0879462965,,,,
29768,0.0,827.419434,-922.919678,1676.47644,0.8262969475,0.5563638554,0.0877075541,,,,
29769,0.0,830.03717,-923.34021,1676.769165,0.809433628,0.5806243053,0.0877075715,,,,
29770,0.0,834.100159,-924.005127,1676.720703,0.7758480639,0.6246842793,0.0884835181,,,,
29771,0.0,837.274536,-924.419495,1676.965332,0.7527016821,0.6521844628,0.089975576,,,,
29772,0.0,841.245544,-924.792297,1677.283813,0.6923073168,0.7154413968,0.0940966889,,,,
29773,0.0,845.114319,-924.753296,1677.666504,0.5610577176,0.8220720656,0.0970142076,,,,
29774,0.0,847.819092,-924.554749,1677.369385,0.4487456543,0.8882093899,0.0985465238,,,,
29775,0.0,850.482849,-924.101379,1677.266968,0.2423626651,0.9653977221,0.0962682538,,,,
29776,0.0,852.266541,-923.718262,1677.384766,0.0015444268,0.9963414063,0.0854483285,,,,
29777,0.0,853.919861,-923.608948,1677.533813,-0.1962282681,0.9780497661,0.0700936643,,,,
29778,0.0,854.537659,-923.496094,1677.533813,-0.2407815037,0.9683207093,0.0661760631,,,,
29779,0.0,859.195618,-923.219788,1677.868774,-0.5406821733,0.8406241832,0.0318397558,,,,
29780,0.0,861.400879,-923.021301,1677.969604,-0.612072389,0.7905070046,0.0215885691,0.1097985281,431.0665083744,946.2196747891,2.0
29781,0.0,864.765503,-922.386047,1678.088989,-0.6777022357,0.7352443645,0.0116363362,0.0746960899,359.8854742165,948.9989613883,2.0
29782,0.0,870.542297,-920.615356,1677.956421,-0.713837962,0.6999397222,0.0227980112,0.0583442719,320.9236684042,953.4908315071,2.0
29783,0.0,872.1140745,-920.243774,1678.065796,-0.7136634056,0.7000728132,0.0241009132,0.0588030917,322.5737410709,954.7627242771,2.0
29784,0.0,873.685852,-919.872192,1678.175171,-0.7134888492,0.7002059042,0.0254038153,0.0592619114,324.2238137377,956.0346170472,2.0
29785,0.0,877.718933,-917.887024,1676.592407,-0.7134888492,0.7002059042,0.0254038153,0.0604549561,328.3429712949,958.8746429034,2.0
29786,0.0,879.255981,-917.348633,1676.68042,-0.7134888492,0.7002059042,0.0254038153,0.0608588239,329.8076819225,960.0509355332,2.0
29787,0.0,880.0632015,-916.9068605,1676.6104125,-0.7134888492,0.7002059042,0.0254038153,0.06111986,330.6819218077,960.6038727854,2.0
29788,0.0,881.874084,-915.768188,1676.483398,-0.7134888492,0.7002059042,0.0254038153,0.0617550214,332.7502286811,961.7847585486,2.0
29789,0.0,882.857666,-915.262024,1676.598267,-0.7134888492,0.7002059042,0.0254038153,0.0620687831,333.8064160677,962.4737318101,2.0
29790,0.0,883.403259,-915.208801,1676.901123,-0.7134888492,0.7002059042,0.0254038153,0.0621890773,334.2829018482,962.9448333832,2.0
29791,0.0,883.811829,-916.364075,1677.577637,-0.7134888492,0.7002059042,0.0254038153,0.0618936069,333.8061640751,963.790517237,2.0
29792,0.0,883.548828,-917.089722,1677.229492,-0.7134888492,0.7002059042,0.0254038153,0.0616087186,333.0816743763,963.8488358276,2.0
29793,0.0,883.813904,-918.541016,1678.274048,-0.6929969771,0.7205713549,0.0230675587,0.0714636303,358.1327241193,964.6895014127,2.0
29794,0.0,883.096741,-919.505005,1678.122803,-0.6779187657,0.7348467678,0.0206488492,0.078827057,375.3130053898,964.4344761228,2.0
29795,0.0,882.601807,-920.814514,1677.623657,-0.6875443459,0.7258984225,0.0188216013,0.073208914,362.2540659793,964.5260738223,2.0
29796,0.0,882.067749,-922.179565,1677.308716,-0.70770183,0.7063246933,0.0162341476,0.0624573403,335.5583596408,964.6076076618,2.0
29797,0.0,880.998413,-923.779602,1677.083618,-0.7263197231,0.6871955539,0.0148973351,0.0528587287,309.3647377035,964.3034538004,2.0
29798,0.0,879.962769,-925.118164,1676.963867,-0.7490072803,0.66241252,0.0140622651,0.0421210548,276.8122399416,963.9239090666,2.0
29799,0.0,878.612915,-926.922424,1676.858887,-0.7760949398,0.6304628454,0.0139012568,0.0303841206,235.6932624417,963.4586135449,2.0
29800,0.0,877.315857,-928.722046,1676.895752,-0.7950625964,0.6063680589,0.0139012568,0.0228690563,204.7802549973,963.0442469325,2.0
29801,0.0,876.303589,-930.337097,1676.996216,-0.8025379966,0.5964390321,0.0139012568,0.0199177405,191.2070991566,962.8139221538,2.0
29802,0.0,874.474792,-932.172913,1675.993164,-0.8080015214,0.588995705,0.014751302,0.0176512277,179.9397931302,961.9438564583,2.0
29803,0.0,873.655762,-934.386597,1676.63269,-0.8084540862,0.5883716295,0.0148598844,0.0170677768,177.005529057,962.1536231183,2.0
29804,0.0,871.972961,-937.044556,1677.031616,-0.8084540862,0.5883716295,0.0148598844,0.0164836818,173.909015039,961.7829970384,2.0
29805,0.0,870.433228,-938.982666,1677.199097,-0.8084540862,0.5883716295,0.0148598844,0.0160369987,171.4585381236,961.2376762737,2.0
29806,0.0,870.183838,-939.729675,1677.37915,-0.8084540862,0.5883716295,0.0148598844,0.0158958324,170.7262686687,961.338812492,2.0
29807,0.0,866.77948,-943.293152,1677.431763,-0.8084540862,0.5883716295,0.0148598844,0.0150437786,165.8643775259,959.8407636146,2.0
29808,0.0,864.82019,-944.239197,1677.377808,-0.8084540862,0.5883716295,0.0148598844,0.014737036,163.9480347726,958.5000126396,2.0
29809,0.0,862.071045,-945.832947,1677.234375,-0.8090155669,0.5876222789,0.013923717,0.0140972762,160.081650111,956.7422701393,2.0
29810,0.0,859.719116,-946.901062,1677.082764,-0.8090289676,0.5876043606,0.0139012568,0.0137437063,157.8062038097,955.112427692,2.0
29811,0.0,857.325195,-947.941772,1676.846924,-0.8090289676,0.5876043606,0.0139012568,0.0133996167,155.5580230773,953.4347371198,2.0
29812,0.0,854.310303,-949.093994,1676.498047,-0.8090289676,0.5876043606,0.0139012568,0.012991101,152.8345901779,951.2589831965,2.0
29813,0.0,851.738831,-950.067566,1676.300537,-0.8090289676,0.5876043606,0.0139012568,0.0126486203,150.5254861339,949.4041598524,2.0
29814,0.0,849.000854,-951.084656,1676.011719,-0.8094777024,0.5869860342,0.0139012568,0.012178481,147.4099789726,947.4179946198,2.0
29815,0.0,845.639709,-952.218567,1675.705811,-0.8100997984,0.5861467246,0.0130512016,0.0115999471,143.5100725625,944.9362213952,2.0
29816,0.0,842.157043,-953.303162,1675.428101,-0.8112790067,0.5845360546,0.0119989205,0.0108896408,138.6883416787,942.3315652286,2.0
29817,0.0,839.616028,-954.010559,1675.26355,-0.8112965874,0.5845119608,0.0119839466,0.0106049738,136.5929693893,940.4008913278,2.0
29818,0.0,835.791565,-955.07251,1675.070923,-0.8112965874,0.5845119608,0.0119839466,0.0101803396,133.4329533935,937.5082679403,2.0
29819,0.0,833.083618,-955.767517,1675.008911,-0.8112965874,0.5845119608,0.0119839466,0.0098827289,131.1891181948,935.4488325733,2.0
29820,0.0,829.351501,-956.686462,1674.962524,-0.8112965874,0.5845119608,0.0119839466,0.0094973826,128.224573268,932.583910423,2.0
29821,0.0,825.375549,-957.578613,1674.902954,-0.8107512078,0.5852868314,0.0110364876,0.0092272936,125.9778110207,929.4928411796,2.0
29822,0.0,822.117859,-958.205872,1675.07373,-0.8092303031,0.5874036829,0.0101602071,0.0092774766,125.9666174754,926.9048801241,2.0
29823,0.0,818.409912,-958.831848,1675.238647,-0.8064159584,0.5912774125,0.0091827812,0.0095925778,127.6661550384,923.9258573452,2.0
29824,0.0,811.539551,-959.798401,1675.647095,-0.7930781079,0.6090937001,0.0056550286,0.012193743,142.9738894007,918.3351066265,2.0
29825,0.0,809.533661,-960.167084,1675.793274,-0.7892853062,0.6139744792,0.0050464575,0.0129591118,147.0375123229,916.7507079357,2.0
29826,0.0,803.952209,-961.293945,1676.101562,-0.7752625234,0.6316291331,0.0035578113,0.0160885518,163.0057812547,912.396036011,2.0
29827,0.0,800.216675,-962.188171,1676.359131,-0.769937133,0.638110924,0.0033555812,0.017128707,167.6214140051,909.5361128455,2.0
29828,0.0,798.1113585,-962.65921,1676.4291385,-0.7683671088,0.6399958658,0.0033555812,0.0172974989,168.1357124313,907.9219790434,2.0
29829,0.0,796.006042,-963.130249,1676.499146,-0.7667970846,0.6418808075,0.0033555812,0.0174662909,168.6500108574,906.3078452413,2.0
29830,0.0,792.141235,-963.908203,1676.492188,-0.7665808021,0.6421390923,0.0033555812,0.0170158908,165.9298100311,903.3113231659,2.0
29831,0.0,785.338196,-965.32782,1676.327881,-0.7665808021,0.6421390923,0.0033555812,0.0160954822,160.484020961,898.0890856598,2.0
29832,0.0,780.553772,-966.453369,1675.751953,-0.7665808021,0.6421390923,0.0033555812,0.0154334242,156.5459053468,894.4946147547,2.0
29833,0.0,777.062622,-966.961304,1675.899048,-0.7665808021,0.6421390923,0.0033555812,0.0150302057,154.0225269037,891.712452287,2.0
29834,0.0,773.50592,-967.600586,1675.67627,-0.7665808021,0.6421390923,0.0033555812,0.0145999459,151.3477064645,888.9476897404,2.0
29835,0.0,770.11145,-968.212952,1675.4375,-0.7665808021,0.6421390923,0.0033555812,0.0141750695,148.7047628882,886.322555153,2.0
29836,0.0,769.237488,-968.380371,1675.195557,-0.7665808021,0.6421390923,0.0033555812,0.0140638944,148.0127100128,885.6529566234,2.0
29837,0.0,762.333252,-969.393311,1675.129761,-0.7665808021,0.6421390923,0.0033555812,0.0132479021,142.802162076,880.2162602684,2.0
29838,0.0,759.208435,-969.797302,1675.199341,-0.7665808021,0.6421390923,0.0033555812,0.0128920428,140.4866047532,877.7347961945,2.0
29839,0.0,754.927246,-970.362366,1675.274414,-0.76779634,0.6406851959,0.0033555812,0.0121115002,135.6685913067,874.3480276899,2.0
29840,0.0,751.547791,-970.785889,1675.372314,-0.7700708508,0.6379495472,0.0033555812,0.0112035383,130.1140651537,871.6687451172,2.0
29841,0.0,748.047913,-971.172363,1675.55603,-0.7713545551,0.6363968027,0.0033555812,0.0105461032,125.854535941,868.872243989,2.0
29842,0.0,744.781616,-971.508728,1675.803345,-0.7729585822,0.6344430366,0.0041307986,0.0098631554,121.3653997007,866.2544587937,2.0
29843,0.0,741.190186,-971.885071,1676.125977,-0.7767199056,0.6298313862,0.0043143009,0.0087120319,113.7185083941,863.3847851907,2.0
29844,0.0,737.802673,-972.138245,1676.658203,-0.7822094655,0.623000593,0.0043143009,0.0073178323,103.9265869607,860.6298803177,2.0
29845,0.0,734.572754,-972.166687,1677.173706,-0.7866389866,0.6173981629,0.0043143009,0.0062586565,95.8317643555,857.8957573176,2.0
29846,0.0,730.41803,-971.932556,1677.511353,-0.7955381819,0.6058880985,0.0043143009,0.0045210625,81.1378510228,854.2395473353,2.0
29847,0.0,727.652893,-971.720703,1677.721069,-0.7996628908,0.6004337165,0.0043143009,0.0037705844,73.8984314119,851.7765156564,2.0
29848,0.0,723.869568,-971.140747,1677.370972,-0.8077921392,0.5894573679,0.0034454651,0.0025507125,60.5474295545,848.2562666934,2.0
29849,0.0,720.864319,-970.649597,1677.547119,-0.8127836905,0.5825600122,0.0025503945,0.0018941506,52.011878211,845.4463243749,2.0
29850,0.0,718.170837,-970.070129,1677.369385,-0.8179863617,0.5752352854,0.0016365945,0.0013222352,43.3290649762,842.8563580299,2.0
29851,0.0,717.234619,-969.743347,1676.908203,-0.8194703935,0.5731198608,0.0013781814,0.001178567,40.8619648224,841.8895442634,2.0
29852,0.0,710.969604,-968.051331,1676.356934,-0.8297161415,0.5581854574,-0.0003459941,0.0003972052,23.5517231883,835.6864033597,2.0
29853,0.0,707.489258,-967.286438,1676.153564,-0.8348381046,0.5504942706,-0.0011820414,0.0001557097,14.687695257,832.334260984,2.0
29854,0.0,703.603027,-966.255371,1675.49646,-0.8397355462,0.5429909667,-0.0022411056,3.29346e-05,6.7240314599,828.499281444,2.0
29855,0.0,700.683716,-965.467712,1674.776123,-0.8413808554,0.5404334399,-0.0031548694,2.0061e-05,5.2295712001,825.614183299,2.0
29856,0.0,696.886597,-964.300598,1673.874878,-0.8428806558,0.5380850533,-0.0040835704,2.86939e-05,6.2253888139,821.7883600874,2.0
29857,0.0,693.414734,-963.163635,1672.80249,-0.84356848,0.537005051,-0.0042183959,4.57455e-05,7.8266073893,818.2559147832,2.0
29858,0.0,690.318726,-961.969299,1671.628662,-0.8436128089,0.536935409,-0.0042184308,8.01188e-05,10.3477127743,817.4680758119,2.0
29859,0.0,688.397217,-961.15863,1670.481079,-0.8436128089,0.536935409,-0.0042184308,0.0001002481,11.5458676246,815.4255692642,2.0
29860,0.0,685.335083,-959.721558,1668.695801,-0.8436128089,0.536935409,-0.0042184308,0.000130434,13.1153001065,812.0483890579,2.0
29861,0.0,682.890381,-958.34845,1666.92395,-0.8436128089,0.536935409,-0.0042184308,0.0001669297,14.7864099733,809.2805279924,2.0
29862,0.0,680.78656,-956.975952,1664.988037,-0.8436128089,0.536935409,-0.0042184308,0.0002303492,17.3192453403,806.9480675617,2.0
29863,0.0,679.687683,-955.995422,1663.219849,-0.8436128089,0.536935409,-0.0042184308,0.0002747669,18.8822631709,805.53926084,2.0
29864,0.0,678.012939,-954.513245,1660.784668,-0.8436128089,0.536935409,-0.0042184308,0.0003418446,21.0049655372,803.3960675298,2.0
29865,0.0,677.19281,-953.603516,1659.419556,-0.8440106789,0.536309779,-0.0042183959,0.000387483,22.3309708485,802.2475108179,2.0
29866,0.0,675.133667,-952.743408,1659.270874,-0.8478650831,0.5301952527,-0.0042183959,0.0004761905,24.6871419948,800.0500749227,2.0
29867,0.0,673.880432,-952.192017,1659.222534,-0.8505053592,0.5259494645,-0.0042183959,0.0005862977,27.3475737897,798.7454063477,2.0
29868,0.0,671.801758,-950.870667,1659.094482,-0.8371325764,0.546893952,-0.0107728713,0.0005876591,27.2948143942,796.2807613472,2.0
29869,0.0,671.001465,-950.563416,1658.8970945,-0.8375041968,0.5463130433,-0.0113141767,0.0006125415,27.8308236111,795.4424995297,2.0
29870,0.0,670.201172,-950.256165,1658.699707,-0.8378758171,0.5457321346,-0.0118554821,0.000637424,28.3668328281,794.6042377122,2.0
29871,0.0,669.152344,-949.810486,1658.556152,-0.8376485062,0.5460737951,-0.0121815558,0.000669184,29.051243976,794.236097529,2.0
29872,0.0,666.819885,-948.705322,1658.252686,-0.8372076824,0.5467378518,-0.0126892852,0.0007067384,29.7663330278,791.8770102901,2.0
29873,0.0,665.74939,-948.164124,1658.182983,-0.8378136191,0.5458044234,-0.0128790917,0.0007222478,30.0442439496,790.6451406355,2.0
29874,0.0,664.678589,-947.590698,1658.085205,-0.8384383581,0.5448413217,-0.0130020748,0.0007362987,30.2935967221,789.5666084568,2.0
29875,0.0,663.67218,-947.036987,1657.963745,-0.8385914172,0.5445971644,-0.0133552813,0.0007575919,30.6844209007,788.4380039849,2.0
29876,0.0,662.631226,-946.418152,1657.956665,-0.8385419169,0.5446621742,-0.013804697,0.0007756999,31.0027873629,787.2689273809,2.0
29877,0.0,661.358032,-945.604553,1657.992065,-0.8385104281,0.5447039633,-0.0140660696,0.0007815079,31.0591189323,785.7643268357,2.0
29878,0.0,660.541748,-944.955322,1658.111206,-0.8379797106,0.545618329,-0.009520697,,,,
29879,0.0,659.341187,-944.056885,1658.337769,-0.8376815085,0.546115352,-0.0069074347,,,,
29880,0.0,659.2842715,-943.9301455,1658.46246375,-0.8376304912,0.546192086,-0.0070214716,,,,
29881,0.0,659.227356,-943.803406,1658.5871585,-0.8375794738,0.5462688199,-0.0071355085,,,,
29882,0.0,659.1704405,-943.6766665,1658.71185325,-0.8375284565,0.5463455539,-0.0072495454,,,,
29883,0.0,659.113525,-943.549927,1658.836548,-0.84378323,0.5364757087,0.0149557622,,,,
29884,0.0,655.440918,-941.372498,1659.039062,-0.84378323,0.5364757087,0.0149557622,,,,
29885,0.0,653.442627,-940.175171,1659.124023,-0.8385075843,0.5448894707,0.0007040658,,,,
29886,0.0,652.394958,-939.541077,1659.136719,-0.8385301163,0.5448542615,0.0010381391,,,,
29887,0.0,651.286804,-938.924072,1658.998657,-0.8413281222,0.5404666716,0.0079226124,,,,
29888,0.0,650.540955,-938.503113,1658.883179,-0.8430517022,0.5376881358,0.0124617821,,,,
29889,0.0,649.042542,-937.600464,1658.679565,-0.8437407663,0.5365465267,0.0148102702,,,,
29890,0.0,648.158569,-937.062073,1658.421997,-0.8439038638,0.5362794538,0.0151860497,,,,
29891,0.0,647.272583,-936.552551,1658.395386,-0.8457278988,0.533295942,0.0184325651,,,,
29892,0.0,646.271484,-935.975647,1658.191895,-0.8476936449,0.530017068,0.0223022892,,,,
29893,0.0,644.923157,-935.174011,1658.114746,-0.8491724963,0.5274995009,0.0255019233,,,,
29894,0.0,644.226501,-934.750488,1657.874146,-0.849471651,0.5269955082,0.0259547387,,,,
29895,0.0,643.133545,-934.08136,1657.781128,-0.8497303685,0.5265623275,0.0262757698,,,,
29896,0.0,642.11731,-933.502441,1657.650879,-0.8519805402,0.5224539522,0.0342202715,,,,
29897,0.0,641.759888,-933.308472,1657.638306,-0.8531718857,0.5201951974,0.0386612212,,,,
29898,0.0,640.041504,-932.352173,1657.665039,-0.8531464181,0.5201796694,0.0394246217,,,,
29899,0.0,638.763855,-931.599304,1657.694946,-0.8531409862,0.5201763574,0.0395855375,,,,
29900,0.0,638.425415,-931.307373,1657.669067,-0.8531409862,0.5201763574,0.0395855375,,,,
29901,0.0,636.443909,-930.467834,1657.885864,-0.8531409862,0.5201763574,0.0395855375,,,,
29902,0.0,635.451294,-929.88446,1657.925903,-0.8531409862,0.5201763574,0.0395855375,,,,
29903,0.0,634.455017,-929.275452,1657.925537,-0.8531409862,0.5201763574,0.0395855375,,,,
29904,0.0,633.458618,-928.820068,1658.219849,-0.8531409862,0.5201763574,0.0395855375,,,,
29905,0.0,632.61615,-928.303406,1658.21814,-0.8531409862,0.5201763574,0.0395855375,,,,
29906,0.0,630.68219,-927.248718,1658.487183,-0.8531409862,0.5201763574,0.0395855375,,,,
29907,0.0,629.75293,-926.825806,1658.769165,-0.8531409862,0.5201763574,0.0395855375,,,,
29908,0.0,628.953064,-926.3498535,1658.789795,-0.8531409862,0.5201763574,0.0395855375,,,,
29909,0.0,628.153198,-925.873901,1658.810425,-0.8531409862,0.5201763574,0.0395855375,,,,
29910,0.0,627.234497,-925.461182,1659.09314,-0.8531409862,0.5201763574,0.0395855375,,,,
29911,0.0,625.115967,-924.869446,1661.264648,-0.8531409862,0.5201763574,0.0395855375,,,,
29912,0.0,624.064575,-924.641174,1662.029053,-0.8531409862,0.5201763574,0.0395855375,,,,
29913,0.0,621.594238,-923.9021,1665.393555,-0.8526416388,0.5209589889,0.0400495664,,,,
29914,0.0,619.335327,-922.733215,1667.405518,-0.8515135061,0.5227628263,0.0405435119,,,,
29915,0.0,618.438721,-922.409546,1668.9729,-0.8509021696,0.5237573129,0.0405434945,,,,
29916,0.0,617.678955,-921.977295,1669.833252,-0.849824484,0.5254831918,0.0407624036,,,,
29917,0.0,615.40863,-920.915649,1672.067383,-0.8469742317,0.5300197799,0.0413966624,,,,
29918,0.0,614.285583,-920.371399,1673.164429,-0.8450915965,0.5330082769,0.0415014491,,,,
29919,0.0,613.52124,-919.968445,1674.099854,-0.8441742939,0.5344380406,0.0417820813,,,,
29920,0.0,612.233398,-919.2901,1674.819336,-0.843636262,0.5352487557,0.0422685108,,,,
29921,0.0,610.71875,-918.411804,1675.148926,-0.8420018282,0.5378011962,0.0424593307,,,,
29922,0.0,610.3027955,-917.7648925,1675.33313,-0.8411901984,0.5390677076,0.042459322,,,,
29923,0.0,608.925903,-916.409302,1675.489868,-0.836766113,0.5459117854,0.0424593307,,,,
29924,0.0,607.878418,-915.615662,1675.454834,-0.8302283914,0.5558039446,0.0424593133,,,,
29925,0.0,607.160767,-915.028687,1675.520264,-0.8223126643,0.5674692632,0.0421961791,,,,
29926,0.0,605.781555,-914.161377,1675.471436,-0.8150147614,0.5779214409,0.0419254914,,,,
29927,0.0,604.578979,-913.124023,1675.691528,-0.8067194764,0.5894668419,0.0416236561,,,,
29928,0.0,602.940796,-912.121948,1675.776489,-0.7837682848,0.6196651571,0.0415014317,,,,
29929,0.0,601.685547,-911.625305,1675.647827,-0.7538699152,0.6557116608,0.0415014317,,,,
29930,0.0,599.453369,-910.717651,1676.067383,-0.7169237794,0.6959151713,0.0415014317,,,,
29931,0.0,597.652527,-910.243591,1676.048218,-0.6805707108,0.7314636737,0.0422421799,,,,
29932,0.0,595.509949,-909.64801,1676.042603,-0.634939669,0.7713523047,0.0432115572,,,,
29933,0.0,593.443665,-908.991516,1675.985474,-0.6032539424,0.7962237359,0.0459613255,,,,
29934,0.0,590.499878,-908.278503,1675.864136,-0.5850048993,0.809570587,0.0486285159,,,,
29935,0.0,588.293945,-907.279602,1675.758911,-0.5787022321,0.8140141859,0.0498460799,,,,
29936,0.0,585.842468,-906.441101,1675.697632,-0.5762361828,0.8157062843,0.0507456345,,,,
29937,0.0,582.447266,-905.468445,1675.617065,-0.574318806,0.8169850364,0.051897585,,,,
29938,0.0,579.044128,-904.742004,1675.608276,-0.5717255522,0.8187321827,0.0529859039,,,,
29939,0.0,575.757874,-904.175293,1675.449585,-0.5709622214,0.8192071332,0.0538684937,,,,
29940,0.0,572.693054,-903.608521,1675.423828,-0.570255128,0.8196445242,0.0546986554,,,,
29941,0.0,569.779907,-902.755981,1675.587036,-0.5700554923,0.819723769,0.0555848747,,,,
29942,0.0,567.261658,-901.725769,1675.871094,-0.5705714332,0.8193000038,0.0565309065,,,,
29943,0.0,565.215454,-900.682495,1676.014648,-0.5710753534,0.8189044519,0.057170267,,,,
29944,0.0,563.437927,-899.512695,1676.195435,-0.5714077265,0.8186429515,0.0575927771,,,,
29945,0.0,561.690186,-898.389526,1676.443726,-0.5719900279,0.818223022,0.0577797042,,,,
29946,0.0,560.429565,-896.6521,1676.412964,-0.5723393956,0.8179786807,0.0577797042,,,,
29947,0.0,559.941528,-895.551514,1676.219116,-0.572650209,0.8177611166,0.0577797042,,,,
29948,0.0,559.442322,-894.007019,1676.114746,-0.5730008918,0.8175154333,0.0577797042,,,,
29949,0.0,559.131714,-892.256165,1676.034668,-0.5731233505,0.8174295877,0.0577797042,,,,
29950,0.0,559.363708,-890.18219,1676.088135,-0.5731233505,0.8174295877,0.0577797042,,,,
29951,0.0,560.986816,-888.717712,1676.255859,-0.5662607676,0.8223765423,0.0551866443,,,,
29952,0.0,561.8298035,-888.030365,1676.1904295,-0.5612809268,0.825859729,0.053667399,,,,
29953,0.0,562.672791,-887.343018,1676.125,-0.5563010861,0.8293429156,0.0521481538,,,,
29954,0.0,566.077393,-886.132935,1675.840942,-0.4830827775,0.8744819051,0.0437313131,,,,
29955,0.0,567.3090515,-885.6833195,1675.8776245,-0.4414609792,0.895063333,0.0426219875,,,,
29956,0.0,568.54071,-885.233704,1675.914307,-0.399839181,0.9156447609,0.0415126619,,,,
29957,0.0,573.039673,-884.889221,1676.328735,-0.2429798144,0.969111046,0.0422444119,,,,
29958,0.0,576.202881,-885.439148,1676.478882,-0.0997234052,0.9939946863,0.0450533694,,,,
29959,0.0,577.630066,-885.990143,1676.5390015,-0.0145396048,0.9950226458,0.0494180848,,,,
29960,0.0,581.069336,-887.346069,1676.493408,0.1903630961,0.9797734585,0.0616916656,,,,
29961,0.0,582.956299,-887.098633,1676.422241,0.2815582487,0.9570729555,0.0688208577,,,,
29962,0.0,586.233521,-886.968018,1676.388428,0.3827004723,0.9206201391,0.0774526172,,,,
29963,0.0,589.570435,-887.052368,1676.486084,0.4912243862,0.8665885842,0.0878796223,,,,
29964,0.0,591.683838,-887.182861,1676.377808,0.556589854,0.8253772813,0.0946576881,,,,
29965,0.0,595.842834,-887.973938,1676.28064,0.6366542507,0.7641729123,0.1034945661,,,,
29966,0.0,598.806519,-888.822876,1676.203491,0.6809165499,0.7242776318,0.1085106641,,,,
29967,0.0,601.700134,-889.822876,1676.217285,0.7340916816,0.6694404904,0.1138368692,,,,
29968,0.0,603.885254,-890.573242,1676.093994,0.7636952626,0.6349549887,0.1166263617,,,,
29969,0.0,607.036987,-891.781006,1676.102905,0.7883165864,0.6036746083,0.1188861933,,,,
29970,0.0,610.588989,-893.2323,1676.2323,0.8160676969,0.565244429,0.1205497801,,,,
29971,0.0,613.538818,-894.282104,1676.229736,0.8391519643,0.5301505085,0.1215089262,0.1308087382,153.5119908442,310.4538534151,6.0
29972,0.0,614.515442,-894.881836,1676.580566,0.847253616,0.5170264872,0.121839738,0.123209687,148.1399974659,308.0647653792,6.0
29973,0.0,619.919495,-896.935608,1676.902832,0.8646854216,0.4873132418,0.1218397553,0.1060560598,133.0813526541,296.9380843213,6.0
29974,0.0,623.235901,-897.936646,1676.910645,0.86705994,0.4831786522,0.1214308467,0.1029293854,128.2649188172,290.2661899598,6.0
29975,0.0,625.730469,-898.880127,1677.124268,0.8678719433,0.4818182561,0.1210349459,0.1014300137,125.087610999,285.0478374854,6.0
29976,0.0,629.00061,-899.931152,1677.213501,0.8677833012,0.4822709327,0.1198619605,0.100585885,121.7047304801,278.4383860044,6.0
29977,0.0,631.9953,-900.947266,1677.238892,0.8672662588,0.4835342989,0.1185066163,0.0999566024,118.6876445809,272.3441230786,6.0
29978,0.0,635.318848,-901.977966,1677.254395,0.8670846334,0.4839758012,0.1180324631,0.098913576,115.3641101983,266.0368757524,6.0
29979,0.0,639.245605,-903.600586,1677.224731,0.8669133057,0.4843911735,0.1175861878,0.0968437389,110.6309401753,257.6935836112,6.0
29980,0.0,642.698303,-904.920349,1677.088379,0.8667508256,0.4847840626,0.1171640684,0.0947193111,106.7802037443,251.3575860666,6.0
29981,0.0,646.277283,-906.039673,1676.704468,0.86399234,0.490276051,0.1146587557,0.0949344243,103.957931086,244.4504283515,6.0
29982,0.0,649.712891,-906.754761,1676.349854,0.8606886019,0.4967123371,0.1117675478,0.0961616143,101.7110900623,237.7127064756,6.0
29983,0.0,653.787231,-906.71759,1675.65625,0.8494408023,0.5163862524,0.1086073738,0.1049943064,102.5720564195,229.9539788692,6.0
29984,0.0,655.462708,-906.603882,1675.391724,0.8435985995,0.5261740837,0.107155198,0.1097726688,103.2240626466,226.6088241302,6.0
29985,0.0,659.104858,-906.150574,1674.827393,0.824051708,0.5569274649,0.1037814113,0.1265395714,106.6773578503,219.0971907094,6.0
29986,0.0,662.254517,-904.948914,1674.407227,0.7972097911,0.5953243786,0.1002269081,,,,
29987,0.0,662.7458805,-904.763489,1674.3722535,0.7908898881,0.6037681374,0.0992218356,,,,
29988,0.0,663.237244,-904.578064,1674.33728,0.7845699851,0.6122118963,0.0982167631,,,,
29989,0.0,663.459229,-903.222473,1674.041504,0.7428305885,0.6631863142,0.0915785426,,,,
29990,0.0,663.792603,-902.818115,1674.152588,0.7504412496,0.6545932517,0.0913542868,,,,
29991,0.0,664.725586,-902.094116,1674.09375,0.7768770073,0.6227305343,0.0931063752,,,,
29992,0.0,665.504395,-901.3349,1673.73938,0.8016164099,0.5902686777,0.0948368047,,,,
29993,0.0,665.96344,-900.752075,1674.096558,0.8227089609,0.5602305814,0.0963932636,0.1338359961,92.0075925345,184.1036060855,6.0
29994,0.0,666.579956,-899.853027,1674.685425,0.8574559536,0.5049129192,0.0991576102,0.1039433333,78.7680437034,177.4296039247,6.0
29995,0.0,666.845581,-899.5511475,1674.6777345,0.8803428391,0.459720543,0.1051271259,0.0841957203,69.746351655,174.6809762373,6.0
29996,0.0,667.111206,-899.249268,1674.670044,0.9032297245,0.4145281668,0.1110966416,0.0644481073,60.7246596066,171.9323485499,6.0
29997,0.0,667.012756,-898.912048,1674.678467,0.9320282316,0.3413548675,0.121656196,0.0410486948,47.9185930592,168.982823161,6.0
29998,0.0,666.918335,-897.599365,1674.846558,0.9773113855,0.1624642469,0.1358963734,0.0093586218,22.1464556773,162.2563749131,6.0
29999,0.0,666.728027,-896.808044,1674.972778,0.9851941918,0.1034208442,0.1367352677,0.0059260823,17.3258974518,159.3827341573,6.0
30000,0.0,666.450989,-896.195068,1675.13562,0.9902918485,0.0424616385,0.1323596012,0.0053473902,16.1537332403,156.4113754803,6.0
30001,0.0,666.0138245,-895.9044495,1675.3621215,0.9912804846,0.0180671011,0.1281514784,0.0062513555,17.194837389,154.5623460553,6.0
30002,0.0,664.711914,-895.251953,1675.892944,0.9926607818,-0.0156587913,0.1199140294,0.0076417988,18.5963358135,150.7113191048,6.0
30003,0.0,663.58783,-894.943542,1676.286499,0.9927382517,-0.0177049165,0.1189844511,0.0080021973,18.7874653605,148.8055526783,6.0
30004,0.0,662.292786,-894.561096,1676.694092,0.9927382517,-0.0177049165,0.1189844511,0.0082085895,18.6423536883,145.7956433538,6.0
30120,0.0,-904.795044,-199.722214,1676.371826,1.0,0.0,0.0,0.0023615658,134.7604579,1962.0226055525,1.0
30121,0.0,-904.6457825,-199.189812,1676.3464965,1.0,0.0,0.0,0.0024417964,136.9547888003,1961.2562424038,1.0
30122,0.0,-904.60083,-198.620346,1676.380005,1.0,0.0,0.0,0.0026353414,142.1658979826,1959.513718658,1.0
30123,0.0,-904.650513,-198.536148,1676.381714,1.0,0.0,0.0,0.0027486053,145.1095560833,1958.4994749803,1.0
30124,0.0,-904.331116,-198.341095,1676.270752,0.9978486482,0.0632936092,0.0170878441,0.0098359491,273.8281673383,1957.156452269,1.0
30125,0.0,-903.856873,-198.196991,1676.187866,0.9904880665,0.1328084968,0.0359901827,0.0228397848,415.5513297089,1955.4996428925,1.0
30126,0.0,-903.169067,-198.238693,1676.196167,0.9794952003,0.1944089802,0.0528611483,0.0390193247,540.4083592628,1953.6444456925,1.0
30127,0.0,-901.623291,-198.214157,1675.780396,0.9786881697,0.1983824998,0.0530457368,0.0405976466,550.1980283039,1950.7732328508,1.0
30128,0.0,-900.491516,-198.476196,1675.624146,0.9786908907,0.1983830691,0.0529933808,0.0409969385,552.1711565197,1948.4104318906,1.0
30129,0.0,-899.428894,-197.984329,1675.496826,0.9786908907,0.1983830691,0.0529933808,0.0415202106,554.9710974964,1946.1712162449,1.0
30130,0.0,-898.234375,-197.460342,1675.453125,0.9786908907,0.1983830691,0.0529933808,0.042093845,558.0259574547,1943.7892077625,1.0
30131,0.0,-896.594421,-197.070114,1675.326172,0.9786908907,0.1983830691,0.0529933808,0.0426033269,560.5068866306,1940.9742459254,1.0
30132,0.0,-894.939697,-196.975937,1675.203247,0.9790622721,0.1967640146,0.0521631084,0.0424997448,559.0375216445,1938.192385649,1.0
30133,0.0,-893.256592,-196.39624,1675.124878,0.9795143654,0.1947719073,0.0511420768,0.0424057121,557.5047508973,1934.9736163434,1.0
30134,0.0,-893.040161,-195.86145,1675.124878,0.9795716665,0.1945316161,0.0509588121,0.0424893214,557.9665664491,1934.7114832893,1.0
30135,0.0,-891.471985,-196.012192,1674.827271,0.9797761019,0.193718033,0.0501209917,0.042890662,559.2303894851,1930.1979246167,1.0
30136,0.0,-889.260803,-194.795517,1674.782959,0.9797761019,0.193718033,0.0501209917,0.0434402768,561.5923087275,1926.3194270815,1.0
30137,0.0,-888.061523,-194.416031,1675.000732,0.9797761019,0.193718033,0.0501209917,0.0439117989,563.6787626108,1923.2991577564,1.0
30138,0.0,-887.059387,-194.084641,1675.254761,0.9797761019,0.193718033,0.0501209917,0.044369249,565.7443457233,1920.5948257409,1.0
30139,0.0,-886.271851,-193.82724,1675.517944,0.9797761019,0.193718033,0.0501209917,0.0447766418,567.6702321526,1918.545809389,1.0
30140,0.0,-885.330566,-194.029617,1675.905396,0.999992259,0.003811631,0.0009764068,0.0056617321,203.6054434941,1916.0874033892,1.0
30141,0.0,-884.709412,-193.972382,1676.11792,1.0,0.0,0.0,0.0054118046,198.8988639388,1914.408561998,1.0
30142,0.0,-884.076721,-193.870743,1676.278564,1.0,0.0,0.0,0.0055801989,201.770331343,1912.6001181096,1.0
30143,0.0,-883.609924,-193.81929,1676.419067,1.0,0.0,0.0,0.0057330665,204.3397884324,1911.0313256459,1.0
30144,0.0,-883.289307,-193.807816,1676.497925,1.0,0.0,0.0,0.005867643,206.5908606439,1909.8632567605,1.0
30145,0.0,-882.827515,-193.750351,1676.477783,1.0,0.0,0.0,0.0059968212,208.7048032503,1908.5738551947,1.0
30146,0.0,-882.103577,-193.529434,1676.059692,1.0,0.0,0.0,0.0061478978,211.1370298337,1907.0172380341,1.0
30147,0.0,-881.891602,-193.546402,1676.001587,1.0,0.0,0.0,0.0063105991,213.75143825,1905.6581696723,1.0
30148,0.0,-881.976624,-193.648666,1676.119263,1.0,0.0,0.0,0.0064335157,215.7349689023,1904.9386809973,1.0
30149,0.0,-881.968018,-193.6558225,1676.119263,1.0,0.0,0.0,0.0064516315,216.0220350357,1904.8042909607,1.0
30150,0.0,-881.959412,-193.662979,1676.119263,1.0,0.0,0.0,0.0064697473,216.3091011691,1904.6699009241,1.0
30151,0.0,-881.360474,-194.010117,1675.400513,0.9999720622,-0.0074749487,0.0,0.0061515848,210.5697087825,1901.324831731,1.0
30152,0.0,-881.361755,-194.180328,1675.349243,0.9999493694,-0.0100627354,0.0,0.0060262623,208.3173679075,1900.3856736237,1.0
30153,0.0,-881.355042,-194.222565,1675.46875,0.9999339481,-0.0114934556,0.0,0.006053272,208.6830125401,1899.4821949152,1.0
30154,0.0,-881.325745,-194.233902,1675.388672,0.9999461459,-0.0101171773,0.0023125767,0.0063931015,214.3475682671,1898.6416289306,1.0
30155,0.0,-881.434143,-194.288208,1675.32251,0.9999512323,-0.0086958807,0.0046813225,0.0067633696,220.3632893422,1897.9215464045,1.0
30156,0.0,-881.436523,-194.287323,1675.322388,0.9999512842,-0.0086284398,0.0047936681,0.0069858931,223.8464188617,1897.0728036956,1.0
30157,0.0,-881.534546,-194.265167,1675.348633,0.9999512842,-0.0086284398,0.0047936681,0.007191954,227.0381480738,1896.45548159,1.0
30158,0.0,-881.532166,-194.265717,1675.3479,0.9999512842,-0.0086284398,0.0047936681,0.0073944597,230.1160855187,1895.7588336732,1.0
30159,0.0,-879.741821,-194.795456,1674.049683,0.9999512842,-0.0086284398,0.0047936681,0.0078106948,236.0959425634,1892.6852023763,1.0
30160,0.0,-879.8329465,-194.789078,1674.2422485,0.9999512842,-0.0086284398,0.0047936681,0.0079273881,237.820558619,1892.5347502913,1.0
30161,0.0,-879.924072,-194.7827,1674.434814,0.9999512842,-0.0086284398,0.0047936681,0.0080440814,239.5451746745,1892.3842982062,1.0
30162,0.0,-880.288879,-194.783127,1674.871826,0.9999512842,-0.0086284398,0.0047936681,0.0082745188,242.9286022956,1892.3111096207,1.0
30163,0.0,-880.651123,-194.785568,1675.287354,0.9999512842,-0.0086284398,0.0047936681,0.0084913867,246.0832525263,1892.3508306487,1.0
30164,0.0,-881.090088,-194.772568,1675.748901,0.9999512842,-0.0086284398,0.0047936681,0.0087206183,249.3962887142,1892.5625832199,1.0
30165,0.0,-882.60083,-195.133835,1677.670532,0.9999512842,-0.0086284398,0.0047936681,0.009109426,255.0188581056,1893.6647499143,1.0
30166,0.0,-881.950928,-195.184402,1677.283691,0.9999512842,-0.0086284398,0.0047936681,0.0093225013,257.8776312254,1892.9842174546,1.0
30167,0.0,-882.295044,-195.289581,1677.753418,0.9998804468,-0.015459091,-0.0003295705,0.0086168973,248.0259219451,1893.4079915309,1.0
30168,0.0,-882.44989,-195.399506,1678.042358,0.999799577,-0.019997164,-0.0009587441,0.0082524992,242.7775254832,1893.6451221032,1.0
30169,0.0,-882.085327,-195.799332,1678.207764,0.9996765078,-0.0254337205,-7.49095e-05,0.007746093,235.2023915885,1893.3374969524,1.0
30170,0.0,-881.480103,-195.856094,1678.138916,0.999506914,-0.0313860965,0.0009175369,0.007238581,227.3405095672,1892.8772714968,1.0
30171,0.0,-880.68219,-196.143677,1677.936523,0.9994703952,-0.0324904603,0.0018163632,0.0072983101,228.1921355093,1892.2058079014,1.0
30172,0.0,-879.663879,-196.395859,1677.677856,0.9994647573,-0.0325914719,0.0028275169,0.0075125779,231.4033978232,1891.3741283779,1.0
30173,0.0,-878.602722,-196.649307,1677.348389,0.9994559224,-0.0325911663,0.0050670531,0.0077271349,234.5647617686,1890.5105771226,1.0
30174,0.0,-877.106567,-196.662643,1677.046875,0.9994406324,-0.0325906852,0.0075013024,0.0079810362,238.227932959,1889.3669286149,1.0
30175,0.0,-875.42926,-196.667801,1676.61145,0.9994046591,-0.0325894947,0.0113248504,0.0082569165,242.1302576038,1888.0933325733,1.0
30176,0.0,-873.635803,-196.531876,1676.028687,0.9993853883,-0.031749481,0.0148598844,0.0086343038,247.3976267555,1886.7152332866,1.0
30177,0.0,-871.649902,-196.567093,1675.786377,0.9994832931,-0.0210660506,0.0242769074,0.010510123,272.6029775406,1885.1930429618,1.0
30178,0.0,-868.759094,-196.209885,1674.436768,0.999503613,-0.0108781325,0.0295667691,0.0124846371,296.6189148643,1883.0230379904,1.0
30179,0.0,-866.53833,-195.720184,1674.395142,0.9993410252,0.0092219112,0.0351065752,0.0163354122,338.6869569063,1881.4786860965,1.0
30180,0.0,-864.718018,-195.525467,1674.440552,0.9990989916,0.0206417091,0.0370826746,0.0188160902,363.0495245398,1880.3503828512,1.0
30181,0.0,-861.678528,-195.243469,1674.642334,0.9986400373,0.0342940803,0.0392682043,0.0220435546,392.1816403843,1878.1837690541,1.0
30182,0.0,-859.455017,-195.05632,1674.830566,0.9980554268,0.0477004978,0.0401251482,0.0253084524,419.5231796294,1876.6078694582,1.0
30183,0.0,-856.983337,-194.835693,1675.085571,0.9971843493,0.062027606,0.0421420174,0.0291588056,449.4933608044,1875.0489097486,1.0
30184,0.0,-854.323669,-194.662659,1675.324707,0.9963572535,0.073136188,0.043855688,0.0323741966,472.7700939168,1873.1788334257,1.0
30185,0.0,-851.716614,-194.330429,1675.448242,0.9934208707,0.1022525306,0.0515693099,0.0409482505,530.0456237333,1871.425847525,1.0
30186,0.0,-848.587524,-193.623779,1675.620605,0.9875657923,0.1455768951,0.0593394764,0.0553048312,613.1174212553,1869.5468512546,1.0
30187,0.0,-845.699524,-192.574951,1675.464722,0.9784073116,0.1970944189,0.0622328104,0.0745729382,707.7798635104,1867.8587858454,1.0
30188,0.0,-843.005371,-191.484634,1675.403198,0.9647333835,0.2557557299,0.062277648,0.099832669,812.9217252388,1866.4504533648,1.0
30189,0.0,-840.661621,-190.395096,1675.321411,0.9450720892,0.3200759401,0.0662581225,0.1322075904,926.9193835775,1865.303332099,1.0
30190,0.0,-838.36731,-189.188812,1675.277832,0.9190763262,0.3873819045,0.0723461585,,,,
30191,0.0,-835.292908,-187.002426,1675.277588,0.8857357538,0.4573670903,0.0792938782,,,,
30192,0.0,-833.500427,-184.31398,1675.110229,0.8300236751,0.5507384661,0.0880218196,,,,
30193,0.0,-832.042114,-181.22438,1675.106079,0.7465255354,0.6581896955,0.0973958406,,,,
30194,0.0,-831.770508,-180.742599,1675.106079,0.7354495336,0.6703633816,0.09862515,,,,
30195,0.0,-829.531799,-175.89032,1675.428467,0.6250538901,0.7725774769,0.1114974292,,,,
30196,0.0,-828.209595,-172.379044,1675.36499,0.5508171452,0.8254934157,0.1231303908,,,,
30197,0.0,-827.353333,-169.484634,1675.365356,0.4935336274,0.8593873894,0.1337081655,,,,
30198,0.0,-826.644775,-166.417343,1675.299927,0.4364836721,0.8881329525,0.1438814188,,,,
30199,0.0,-825.979187,-163.37735,1675.190918,0.4000408023,0.9039792631,0.1509597576,,,,
30200,0.0,-825.667114,-160.521667,1674.709106,0.358437364,0.9199854898,0.1585854807,,,,
30201,0.0,-825.378906,-156.795395,1674.782471,0.3128585964,0.935055253,0.1667068461,,,,
30202,0.0,-825.222351,-153.542068,1674.314209,0.2905107908,0.9413200107,0.1718141956,,,,
30203,0.0,-825.406799,-148.841537,1673.896729,0.2795494866,0.9440511544,0.174984292,,,,
30204,0.0,-825.705261,-145.579147,1673.658447,0.2766747456,0.9446261147,0.176444293,,,,
30205,0.0,-826.228394,-142.640778,1673.610474,0.2718522149,0.9456494499,0.1784474465,,,,
30206,0.0,-826.742126,-140.075516,1673.631958,0.2684762084,0.9462923928,0.1801422573,,,,
30207,0.0,-826.774068,-139.8717906667,1673.631958,0.2682220687,0.9463414597,0.1802625879,,,,
30208,0.0,-826.80601,-139.6680653333,1673.631958,0.2679679291,0.9463905266,0.1803829184,,,,
30209,0.0,-828.955872,-130.242172,1674.870361,0.2544363305,0.9494024158,0.1841119404,,,,
30210,0.0,-830.029114,-127.464844,1674.371826,0.2488960608,0.9508584866,0.1841708158,,,,
30211,0.0,-830.95575,-124.189316,1674.725586,0.2436562367,0.9520512467,0.1850136805,,,,
30212,0.0,-831.822632,-120.715744,1675.482544,0.2386722487,0.9531475255,0.1858638004,,,,
30213,0.0,-832.922791,-117.142593,1675.901367,0.2345793706,0.9540410099,0.1864893304,,,,
30214,0.0,-834.326904,-113.462021,1675.938843,0.2313557415,0.9547357667,0.1869602543,,,,
30215,0.0,-835.658203,-109.865219,1676.192383,0.226738628,0.9558355955,0.1869970828,,,,
30216,0.0,-836.898254,-106.666817,1676.203491,0.2193578805,0.9575563717,0.1869970999,,,,
30217,0.0,-838.426208,-102.926392,1676.018921,0.2124095987,0.9591216051,0.1869970828,,,,
30218,0.0,-839.891357,-99.396179,1675.552246,0.2013614761,0.9615017698,0.1869970656,,,,
30219,0.0,-841.341614,-95.750298,1675.442627,0.1856964667,0.9646496357,0.1869970656,,,,
30220,0.0,-842.587708,-91.913979,1675.221069,0.1729870712,0.9673452498,0.1852529108,,,,
30221,0.0,-843.626709,-88.198898,1674.940674,0.1612974976,0.9697114464,0.1834198133,,,,
30222,0.0,-844.458679,-84.579872,1674.594849,0.1525130199,0.9714232827,0.1818696911,,,,
30223,0.0,-844.60672,-84.1264685,1674.3145755,0.1518823464,0.9715430629,0.1817564438,,,,
30224,0.0,-846.562927,-77.220245,1673.980713,0.1388294544,0.9738751968,0.1797038777,,,,
30225,0.0,-847.615417,-73.050743,1674.215576,0.1287870695,0.9754664959,0.1785469297,,,,
30226,0.0,-848.204956,-69.411652,1674.472168,0.1201768528,0.9769111019,0.1766415097,,,,
30227,0.0,-848.762939,-66.391975,1674.675415,0.114645065,0.9777205953,0.1758378418,,,,
30228,0.0,-849.20813,-62.879311,1675.091431,0.1091211862,0.9786197147,0.174344546,,,,
30229,0.0,-849.474426,-58.634785,1675.79248,0.1041876892,0.9794200835,0.1728618682,,,,
30230,0.0,-849.662964,-55.34005,1676.29187,0.0999285132,0.9800156925,0.1719986472,,,,
30231,0.0,-849.928711,-51.668159,1676.55127,0.0943013569,0.9808930599,0.1701647998,,,,
30232,0.0,-849.603577,-48.87442,1677.429199,0.0904932401,0.9817189736,0.1674479931,,,,
30233,0.0,-849.633789,-45.454437,1677.619995,0.0874358368,0.9823513656,0.1653504428,,,,
30234,0.0,-849.787903,-41.324623,1677.697388,0.0847142001,0.9828976147,0.1635108046,,,,
30235,0.0,-849.895386,-37.711308,1677.864136,0.0828698183,0.9834991425,0.160816759,,,,
30236,0.0,-849.976501,-34.118366,1678.005615,0.0810904177,0.9842265078,0.157233983,,,,
30237,0.0,-850.033936,-30.222565,1678.151733,0.0774813745,0.9854168385,0.1514935347,,,,
30238,0.0,-850.049377,-29.83429,1678.151733,0.0765373663,0.9856113671,0.1507058879,,,,
30239,0.0,-849.585083,-25.739521,1675.863037,0.0627096518,0.9875482962,0.1442770326,,,,
30240,0.0,-849.573242,-22.421261,1675.760864,0.0563839939,0.9883544047,0.1413379493,,,,
30241,0.0,-849.630798,-17.445692,1675.943115,0.0487686999,0.9892585129,0.1378013369,,,,
30242,0.0,-849.61322,-12.601467,1675.921509,0.0414318299,0.9900612277,0.1343955684,,,,
30243,0.0,-849.67627,-7.478445,1676.032227,0.0334310986,0.9908603253,0.130683501,,,,
30244,0.0,-849.387085,-0.822534,1677.701294,0.0148012493,0.9918546964,0.1265115973,,,,
30245,0.0,-849.41745,0.8872605,1677.701294,0.0041834736,0.9920170606,0.1255827366,,,,
30246,0.0,-849.447815,2.597055,1677.701294,-0.0064343022,0.9921794248,0.1246538759,,,,
30247,0.0,-849.778198,6.497971,1677.701294,-0.0478326618,0.9911848417,0.1235501763,,,,
30248,0.0,-851.045105,13.619645,1677.701294,-0.1201629991,0.9851499288,0.1226396,,,,
30249,0.0,-851.938904,16.128685,1677.701416,-0.1803064815,0.9761040667,0.1212865354,,,,
30250,0.0,-853.406433,19.337788,1677.70166,-0.2798133278,0.9529710385,0.1164074801,,,,
30251,0.0,-855.016418,22.718464,1677.702026,-0.3821892986,0.917836365,0.107274168,,,,
30252,0.0,-856.7677,26.214695,1677.702148,-0.4837560265,0.8699723537,0.0955416695,,,,
30253,0.0,-858.4823,30.032564,1677.701416,-0.5378625147,0.8383319628,0.0889012679,,,,
30254,0.0,-860.103638,33.474411,1677.701416,-0.58056858,0.8099155143,0.0835283401,,,,
30255,0.0,-861.576233,36.805653,1677.701294,-0.590671047,0.8026886767,0.0824536389,,,,
30256,0.0,-863.181946,40.374279,1677.701294,-0.5912122849,0.8022901186,0.0824536215,,,,
30257,0.0,-864.977661,44.172253,1677.701294,-0.5912122849,0.8022901186,0.0824536215,,,,
30258,0.0,-866.825317,47.905064,1677.701294,-0.5912122849,0.8022901186,0.0824536215,,,,
30259,0.0,-868.470764,51.071815,1677.701294,-0.5912122849,0.8022901186,0.0824536215,,,,
30260,0.0,-870.469971,54.85944,1677.701294,-0.5912122849,0.8022901186,0.0824536215,,,,
30261,0.0,-872.068298,57.804543,1677.701294,-0.5912122849,0.8022901186,0.0824536215,,,,
30262,0.0,-874.26416,61.692169,1677.701294,-0.5912122849,0.8022901186,0.0824536215,,,,
30263,0.0,-876.333618,65.279396,1677.701294,-0.5912122849,0.8022901186,0.0824536215,,,,
30264,0.0,-878.336426,68.674522,1677.701294,-0.5912122849,0.8022901186,0.0824536215,,,,
30265,0.0,-880.457764,72.200752,1677.701294,-0.5912122849,0.8022901186,0.0824536215,,,,
30266,0.0,-882.054749,74.812737,1677.701294,-0.5912122849,0.8022901186,0.0824536215,,,,
30267,0.0,-884.187988,78.25898,1677.701294,-0.5907294722,0.8027109896,0.081815389,,,,
30268,0.0,-884.919556,79.432808,1677.701294,-0.5904288625,0.8029701843,0.0814410302,,,,
30269,0.0,-888.779724,85.642715,1677.701294,-0.5815521135,0.8099659958,0.0758434244,,,,
30270,0.0,-891.222046,89.518547,1677.701294,-0.5762694788,0.8137492578,0.0756679138,,,,
30271,0.0,-893.443298,93.031586,1677.701294,-0.5707253437,0.817733067,0.0747342831,,,,
30272,0.0,-895.520569,96.257515,1677.701294,-0.5684465796,0.8194013958,0.0738230229,,,,
30273,0.0,-897.765991,99.692902,1677.701294,-0.5682836657,0.8195204449,0.0737557846,,,,
30274,0.0,-899.287231,102.009087,1677.701294,-0.5682836657,0.8195204449,0.0737557846,,,,
30275,0.0,-901.846985,105.889908,1677.701294,-0.5682836657,0.8195204449,0.0737557846,,,,
30276,0.0,-904.188782,109.424583,1677.701294,-0.5682836657,0.8195204449,0.0737557846,,,,
30277,0.0,-905.981262,112.120781,1677.701294,-0.5682836657,0.8195204449,0.0737557846,,,,
30278,0.0,-908.367126,115.697655,1677.701294,-0.5682836657,0.8195204449,0.0737557846,,,,
30279,0.0,-910.975891,119.595085,1677.701294,-0.5682836657,0.8195204449,0.0737557846,,,,
30280,0.0,-912.778564,122.280388,1677.701294,-0.5682836657,0.8195204449,0.0737557846,,,,
30281,0.0,-915.42218,126.233261,1677.701294,-0.5668463666,0.8205152518,0.073755802,,,,
30282,0.0,-917.817322,129.828323,1677.701294,-0.5643670104,0.8222225743,0.0737557846,,,,
30283,0.0,-918.57782,130.97908,1677.701294,-0.5630237423,0.823142972,0.0737557672,,,,
30284,0.0,-923.645752,138.798828,1677.701294,-0.5462264001,0.8344389868,0.0731320524,,,,
30285,0.0,-924.863037,140.849739,1677.701294,-0.5335978794,0.8424521181,0.0729658438,,,,
30286,0.0,-927.683716,145.817169,1677.701294,-0.4941931063,0.8662986707,0.0727996353,,,,
30287,0.0,-929.210693,149.37323,1677.701294,-0.429905519,0.8998834613,0.073423435,,,,
30288,0.0,-930.331055,153.831985,1677.701294,-0.2918386563,0.9534400037,0.0760418174,,,,
30289,0.0,-930.849823,155.8636015,1677.701294,-0.1772707309,0.9741570893,0.0776874383,,,,
30290,0.0,-931.368591,157.895218,1677.701294,-0.0627028055,0.9948741749,0.0793330592,,,,
30291,0.0,-932.041504,163.971375,1677.701294,0.2405192259,0.9672313374,0.0813267598,0.1047162287,701.8514257798,1575.4370988685,0.0
30292,0.0,-931.405884,166.167099,1677.701294,0.4145034571,0.9063328451,0.0821441285,0.0390089353,434.9233378512,1572.5079745248,0.0
30293,0.0,-930.443726,168.763718,1677.701294,0.6350281769,0.7677975084,0.0850070627,0.0016174807,89.18664958,1568.703913435,0.0
30294,0.0,-929.857666,170.950012,1677.701294,0.7648116221,0.6382070388,0.0880622409,0.0156276098,275.701467917,1565.6014370432,0.0
30295,0.0,-929.600403,173.608765,1677.701294,0.8204954698,0.5646602853,0.0891400372,0.0350726718,410.1511343015,1562.3784680329,0.0
30296,0.0,-929.162354,174.984406,1677.701294,0.8660865445,0.491164828,0.0930118761,0.0606051867,535.0046315016,1560.5206862353,0.0
30297,0.0,-928.37915,177.358521,1677.701294,0.9148376495,0.3913836581,0.0994530405,0.1035612086,689.9934467604,1556.9583528465,0.0
30298,0.0,-927.572693,180.094345,1677.701294,0.9329285151,0.3449895472,0.1030853923,0.1262616546,755.5073872581,1553.2755453372,0.0
30299,0.0,-926.420959,182.719009,1677.701294,0.9489901398,0.2965146292,0.1072230819,,,,
30300,0.0,-925.53656,184.500854,1677.701294,0.9535545079,0.2809505757,0.1086304494,,,,
30301,0.0,-923.937378,187.257141,1677.701294,0.9569419805,0.2686343715,0.1099891827,,,,
30302,0.0,-922.103699,189.842651,1677.701294,0.9585169689,0.2621111749,0.1119953228,,,,
30303,0.0,-920.899231,191.297958,1677.701294,0.9591870505,0.2596322701,0.1120325245,,,,
30304,0.0,-918.732178,193.613129,1677.701294,0.9596469979,0.2576171349,0.1127432983,,,,
30305,0.0,-916.282837,195.888962,1677.701294,0.9611044993,0.2516364824,0.1138297945,,,,
30306,0.0,-913.873657,197.868149,1677.701294,0.9621719758,0.2474737999,0.1139377344,,,,
30307,0.0,-912.065857,199.219406,1677.701294,0.963499848,0.2422524295,0.1139377171,,,,
30308,0.0,-909.140625,201.21727,1677.701294,0.9650376874,0.2360518216,0.1139376997,,,,
30309,0.0,-906.119812,203.088898,1677.701294,0.9658783538,0.2325880443,0.1139377344,,,,
30310,0.0,-903.827454,204.396103,1677.701294,0.9659175439,0.2324252461,0.1139377171,,,,
30311,0.0,-900.454956,206.187286,1677.701294,0.9659175439,0.2324252461,0.1139377171,,,,
30312,0.0,-898.364258,207.227936,1677.701294,0.9659175439,0.2324252461,0.1139377171,,,,
30313,0.0,-897.8052675,207.497948,1677.701294,0.9659175439,0.2324252461,0.1139377171,,,,
30314,0.0,-891.121094,210.509048,1677.701294,0.9659175439,0.2324252461,0.1139377171,,,,
30315,0.0,-892.531372,215.32254,1677.643555,0.9659175439,0.2324252461,0.1139377171,,,,
30316,0.0,-888.485901,216.988022,1677.705078,0.9662560029,0.2310141499,0.1139376997,,,,
30317,0.0,-885.716187,218.10199,1677.443604,0.9667486459,0.2289437752,0.1139377171,,,,
30318,0.0,-881.078186,219.855362,1676.831421,0.9678603674,0.2241974618,0.1139377344,,,,
30319,0.0,-877.875732,220.976547,1676.59436,0.9708024492,0.2110943038,0.1139376997,,,,
30320,0.0,-875.028625,222.013519,1676.420532,0.9735252857,0.1981583074,0.1139377171,,,,
30321,0.0,-871.833801,223.034302,1676.37793,0.9784955146,0.17156787,0.1145032481,,,,
30322,0.0,-867.07019,224.529373,1676.253174,0.9865678989,0.1152155482,0.1157979203,,,,
30323,0.0,-861.084961,226.13739,1676.611206,0.9929601212,0.0156949065,0.1174047175,,,,
30324,0.0,-858.6794435,226.56237,1676.894348,0.9926319939,-0.0098661937,0.118027613,,,,
30325,0.0,-856.273926,226.98735,1677.17749,0.9923038666,-0.0354272939,0.1186505086,0.1340563384,1038.8157816201,2077.0435317047,1.0
30326,0.0,-853.493591,227.365952,1677.380493,0.9903977622,-0.0697452153,0.119364474,,,,
30327,0.0,-848.906189,227.88295,1678.135254,0.9856183724,-0.1184721375,0.1205021854,,,,
30328,0.0,-842.120728,228.56781,1678.592041,0.9792210482,-0.1618510622,0.1221899028,,,,
30329,0.0,-839.9764405,228.7368545,1678.739258,0.9772561146,-0.172328814,0.123120897,,,,
30330,0.0,-837.832153,228.905899,1678.886475,0.975291181,-0.1828065659,0.1240518912,,,,
30331,0.0,-830.546387,229.173706,1678.931519,0.9670304268,-0.2208644618,0.1267716178,,,,
30332,0.0,-826.322937,229.215851,1678.709961,0.9627890691,-0.2379707707,0.1280902834,,,,
30333,0.0,-824.1953125,229.1896285,1678.5773925,0.9610202966,-0.244637902,0.1286251189,,,,
30334,0.0,-819.078125,229.065781,1678.223633,0.9573293238,-0.2585291642,0.1291636061,,,,
30335,0.0,-816.815674,228.9436725,1677.9434815,0.9552354476,-0.2658252637,0.1296315264,,,,
30336,0.0,-811.387024,228.612793,1677.196533,0.9517695325,-0.2778579265,0.1301142944,,,,
30337,0.0,-808.017578,228.26944,1677.174805,0.9479389466,-0.2894601227,0.1327576401,,,,
30338,0.0,-803.317139,227.698898,1677.200073,0.942296259,-0.3056793999,0.1365205651,,,,
30339,0.0,-800.211426,227.195663,1677.389771,0.934466758,-0.3266961041,0.1415681241,,,,
30340,0.0,-796.045349,226.436203,1677.45813,0.9253020377,-0.3497978708,0.1464840898,,,,
30341,0.0,-792.585205,225.792374,1677.494751,0.919896819,-0.3627254689,0.1490640018,,,,
30342,0.0,-787.811157,224.724274,1677.867188,0.9070408416,-0.3917221473,0.1543718597,,,,
30343,0.0,-784.327087,223.761032,1678.3396,0.8952699209,-0.4164587388,0.1582841988,,,,
30344,0.0,-779.768188,222.514771,1678.639282,0.8826387517,-0.4411900747,0.1621732157,,,,
30345,0.0,-776.385681,221.45462,1678.78125,0.8701984511,-0.4639411299,0.1658712864,,,,
30346,0.0,-772.15979,219.955719,1678.944946,0.8537774572,-0.4916443993,0.171317945,,,,
30347,0.0,-768.92157,218.823593,1679.002686,0.8446020611,-0.5061917349,0.1744055215,,,,
30348,0.0,-763.949768,216.900299,1678.925293,0.8251533976,-0.5345766249,0.1826190093,,,,
30349,0.0,-761.025269,215.635483,1678.817017,0.8124700025,-0.5518397785,0.1880567839,,,,
30350,0.0,-757.466248,214.084412,1678.526001,0.7971124312,-0.5714726949,0.1950146944,,,,
30351,0.0,-752.88269,211.895905,1678.07251,0.776422761,-0.59511411,0.2073810316,,,,
30352,0.0,-749.764587,210.413055,1677.812378,0.768249476,-0.6036010898,0.2132099131,,,,
30353,0.0,-746.429749,208.628845,1676.984131,0.7501407467,-0.6198524574,0.2303731562,,,,
30354,0.0,-743.499207,207.020416,1677.001587,0.7349557696,-0.6319205672,0.2460008406,,,,
30355,0.0,-738.849182,204.173553,1676.466064,0.696894357,-0.6558889786,0.2900825795,,,,
30356,0.0,-735.745544,202.171204,1676.300537,0.6708347947,-0.6674428796,0.3232656503,,,,
30357,0.0,-733.422668,200.542206,1675.65564,0.6582921465,-0.6703695353,0.342426833,,,,
30358,0.0,-729.927673,198.278854,1676.630859,0.6431179119,-0.6727565308,0.3657840915,,,,
30359,0.0,-725.855957,195.522064,1677.995239,0.6223167687,-0.6695967175,0.4054159288,,,,
30360,0.0,-722.459473,193.074051,1679.387451,0.5984497108,-0.6603267391,0.4536811008,,,,
30361,0.0,-720.014771,191.245743,1680.375244,0.584619409,-0.6549608431,0.4787968678,,,,
30362,0.0,-716.880005,188.781738,1681.962402,0.5621522812,-0.6449532829,0.5177065536,,,,
30363,0.0,-714.27179,186.552094,1683.262695,0.5299067841,-0.6357966882,0.561214194,,,,
30364,0.0,-710.277039,182.606155,1685.312988,0.4489118548,-0.6155877316,0.6477112716,,,,
30365,0.0,-708.12146,180.289337,1686.192993,0.4018862531,-0.6030940912,0.6890318982,,,,
30366,0.0,-704.981934,176.976013,1687.750854,0.3533044281,-0.5900648136,0.72594731,,,,
30367,0.0,-702.770142,174.763367,1688.590088,0.3440343075,-0.5897903677,0.7306077726,,,,
30368,0.0,-699.776978,171.634186,1689.465576,0.331924817,-0.5923668773,0.7341167472,,,,
30369,0.0,-697.834412,169.207855,1690.122437,0.3103250703,-0.6020374734,0.7356964261,,,,
30370,0.0,-693.093628,163.120239,1692.131104,0.2414788997,-0.6367951987,0.7322430034,,,,
30371,0.0,-691.6881715,161.433029,1692.433472,0.2182302152,-0.6459457188,0.7310979121,,,,
30372,0.0,-687.95105,156.89267,1693.334595,0.1678222112,-0.666034914,0.7267965319,,,,
30373,0.0,-684.539917,153.465424,1693.702759,0.1556849336,-0.6721133096,0.7238963327,,,,
30374,0.0,-682.391418,151.454636,1694.292236,0.1580180908,-0.6752495982,0.7204639221,,,,
30375,0.0,-679.091736,148.696503,1695.154175,0.1869302547,-0.6856421439,0.7035282015,,,,
30376,0.0,-674.907043,145.427917,1696.247192,0.2265587668,-0.6959204054,0.6814439923,,,,
30377,0.0,-670.87854,142.556747,1697.211914,0.2702992639,-0.6938324814,0.6674839291,,,,
30378,0.0,-666.713989,139.85524,1698.457031,0.3145637391,-0.6866778593,0.6553801734,,,,
30379,0.0,-664.038391,138.09137,1699.225464,0.3260387657,-0.6839897101,0.6525770451,,,,
30380,0.0,-660.094604,135.56955,1700.281128,0.3396753886,-0.6815146558,0.6481962699,,,,
30381,0.0,-657.518433,134.062363,1701.022339,0.3513190658,-0.6804065748,0.6431343615,,,,
30382,0.0,-653.950012,132.8909,1701.792114,0.3814857077,-0.6767690346,0.629644605,,,,
30383,0.0,-649.611084,132.140518,1703.197144,0.4158214258,-0.6709654842,0.6139200769,,,,
30384,0.0,-646.792786,132.02861,1704.134155,0.4477042368,-0.6625692987,0.6004688509,,,,
30385,0.0,-643.603333,132.266434,1705.278442,0.5081798365,-0.6387676372,0.5776929629,,,,
30386,0.0,-640.154114,132.693466,1706.625977,0.5519046685,-0.6149089261,0.5632834539,,,,
30387,0.0,-638.261536,133.173386,1707.423096,0.5668960785,-0.6051649167,0.5589313551,,,,
30388,0.0,-634.260132,134.49202,1709.00415,0.5879025176,-0.5906354098,0.5527390365,,,,
30389,0.0,-631.928284,135.528763,1709.991577,0.6020648903,-0.5787429368,0.5500677059,,,,
30390,0.0,-630.922668,138.507614,1711.62854,0.6173311259,-0.5659092898,0.5464878376,,,,
30391,0.0,-628.473755,139.966187,1712.197998,0.6277075155,-0.5564088837,0.5444193504,,,,
30392,0.0,-624.865112,141.886444,1713.244019,0.6333605718,-0.5509405215,0.5434325421,,,,
30393,0.0,-622.186584,143.338211,1713.984009,0.6349166053,-0.5494498279,0.5431259439,,,,
30394,0.0,-618.332703,144.994186,1714.802734,0.637024089,-0.5483777536,0.5417399279,,,,
30395,0.0,-614.876221,146.323074,1717.919312,0.6410280156,-0.5467364709,0.5386671649,,,,
30396,0.0,-611.94458,147.462357,1718.864014,0.643853731,-0.5455229554,0.5365231386,,,,
30397,0.0,-607.730225,148.988403,1720.217896,0.6492493128,-0.5428435752,0.5327252413,,,,
30398,0.0,-604.181763,150.122635,1721.360718,0.6505121239,-0.542323215,0.5317137456,,,,
30399,0.0,-601.977722,150.757904,1722.068359,0.6507017696,-0.542422205,0.5313806155,,,,
30400,0.0,-597.650574,151.979843,1723.467896,0.6509133453,-0.5425986314,0.5309411852,,,,
30401,0.0,-595.686218,152.53891,1724.105103,0.6509522017,-0.5426311759,0.5308602811,,,,
30402,0.0,-590.993164,153.658539,1725.620117,0.6501676972,-0.5440788521,0.5303396725,,,,
30403,0.0,-586.545532,154.655106,1727.060547,0.6491615394,-0.5462410418,0.5293486753,,,,
30404,0.0,-582.450256,155.509201,1728.392944,0.647772108,-0.549529328,0.5276445904,,,,
30405,0.0,-580.185364,155.992966,1728.659546,0.6475275388,-0.5510182403,0.5263905255,,,,
30406,0.0,-575.873413,156.88533,1728.680786,0.6472237988,-0.5529943058,0.5246891003,,,,
30407,0.0,-571.690491,157.701691,1728.703125,0.6479276443,-0.5560182959,0.5206087037,,,,
30408,0.0,-568.085083,158.35817,1728.701294,0.6497813881,-0.5597508126,0.5142598327,,,,
30409,0.0,-564.966492,158.892197,1728.701294,0.6513934026,-0.5628037306,0.5088600945,,,,
30410,0.0,-560.646484,159.610168,1728.701294,0.6530232038,-0.5659094328,0.5032963433,,,,
30411,0.0,-553.841309,160.62326,1728.701294,0.6558654147,-0.5798575826,0.4833277787,,,,
30412,0.0,-549.788513,161.167755,1728.701294,0.6566342408,-0.5905639882,0.4691115536,,,,
30413,0.0,-546.92627,161.52565,1728.701172,0.6570240926,-0.5980218596,0.4590089294,,,,
30414,0.0,-542.628052,162.04744,1728.701172,0.6573122954,-0.6060373877,0.4479500319,,,,
30415,0.0,-542.0286865,162.119347,1728.701233,0.6573288668,-0.6070632988,0.446530901,,,,
30416,0.0,-535.309875,162.233948,1728.701294,0.657796935,-0.6255500769,0.4195119707,,,,
30417,0.0,-532.144531,161.963211,1728.701294,0.6586159467,-0.6330560688,0.4067739526,,,,
30418,0.0,-528.257385,161.498886,1728.701294,0.6592996879,-0.6397589781,0.3950093308,,,,
30419,0.0,-525.423157,161.006775,1728.701294,0.6599404115,-0.6451617237,0.3850259777,,,,
30420,0.0,-522.178406,160.174332,1728.701172,0.6616258317,-0.6515086404,0.371197724,,,,
30421,0.0,-518.334351,159.087753,1728.701294,0.6632215015,-0.6562743671,0.35977937,,,,
30422,0.0,-514.959351,157.966782,1728.701294,0.6640751301,-0.6592049632,0.3527790216,,,,
30423,0.0,-512.333557,156.919434,1728.701294,0.664659089,-0.661326586,0.3476714571,,,,
30424,0.0,-508.715454,155.413376,1728.701294,0.6656161466,-0.6628141768,0.3429759647,,,,
30425,0.0,-505.57312,153.938156,1728.701294,0.6659831745,-0.6631794977,0.341554337,,,,
30426,0.0,-504.41861,153.388885,1728.701294,0.6660674307,-0.6632633991,0.3412269643,,,,
30427,0.0,-502.26709,152.000992,1728.701294,0.6669377256,-0.6625324998,0.3409468536,,,,
30428,0.0,-498.829285,149.81601,1728.701294,0.6675388112,-0.662080165,0.3406490725,,,,
30429,0.0,-496.152496,148.10112,1728.701294,0.6679325083,-0.6617834329,0.3404538915,,,,
30430,0.0,-489.14267,145.876114,1728.00647,0.6685876543,-0.6612888068,0.340128891,,,,
30431,0.0,-486.075043,144.00351,1727.866821,0.6690093043,-0.6609699458,0.3399195221,,,,
30432,0.0,-482.242432,141.654068,1727.4104,0.6695966782,-0.6605249967,0.3396277628,,,,
30433,0.0,-477.582733,138.761566,1727.494873,0.6782400024,-0.6525890488,0.3378136061,,,,
30434,0.0,-477.266693,137.9664,1727.323364,0.686919981,-0.6444017802,0.3359870316,,,,
30435,0.0,-475.270599,135.231491,1727.059204,0.7043152294,-0.6276110037,0.3317295369,,,,
30436,0.0,-472.932739,132.580856,1726.988892,0.7353423125,-0.5939594553,0.326318631,,,,
30437,0.0,-471.504181,130.865265,1727.332397,0.745581595,-0.582293895,0.3241016894,,,,
30438,0.0,-469.371948,127.777061,1727.347412,0.7601408928,-0.5654501347,0.3200811903,,,,
30439,0.0,-467.919586,125.327957,1727.719482,0.7722990442,-0.550415474,0.3171702892,,,,
30440,0.0,-466.510468,122.724266,1728.084961,0.7813946714,-0.5386959888,0.3150063477,,,,
30441,0.0,-464.843781,119.452469,1728.655396,0.7930505414,-0.5232158622,0.3119551255,,,,
30442,0.0,-463.189148,116.009033,1728.977417,0.8045962864,-0.5072386472,0.308761673,,,,
30443,0.0,-462.009888,113.572449,1729.046753,0.8140114883,-0.4942503169,0.3051260744,,,,
30444,0.0,-460.415314,110.251556,1729.144653,0.8217230837,-0.4825274472,0.3032135162,,,,
30445,0.0,-459.901947,109.386055,1729.165771,0.8237944985,-0.4789948839,0.3031938742,,,,
30446,0.0,-457.756744,104.797905,1728.875244,0.8332811425,-0.4622942919,0.3031938742,,,,
30447,0.0,-456.707214,102.190376,1728.834229,0.8380590916,-0.4535751686,0.3031938742,,,,
30448,0.0,-455.167572,98.667618,1728.560303,0.8462098649,-0.4375301097,0.3041319904,,,,
30449,0.0,-453.948334,95.863792,1728.29541,0.8532632412,-0.4229924221,0.304990577,,,,
30450,0.0,-451.667999,90.22982,1727.802979,0.8690714939,-0.3888878672,0.3057465704,,,,
30451,0.0,-451.0227355,88.6892815,1727.6721805,0.8738441682,-0.3777342059,0.3058856607,,,,
30452,0.0,-450.377472,87.148743,1727.541382,0.8786168426,-0.3665805446,0.306024751,,,,
30453,0.0,-447.699493,80.682549,1727.703857,0.8923374333,-0.3317871855,0.3060247842,,,,
30454,0.0,-446.703445,78.876282,1727.9266965,0.8948968042,-0.3243330122,0.3064400747,,,,
30455,0.0,-444.234528,74.687874,1728.361816,0.9005948393,-0.3071188726,0.3075824011,,,,
30456,0.0,-441.818726,71.277809,1728.849243,0.9023178565,-0.3017467148,0.3078496483,,,,
30457,0.0,-440.671036,69.826191,1729.026123,0.9023483796,-0.3016554102,0.3078496483,,,,
30458,0.0,-439.523346,68.374573,1729.203003,0.9023789028,-0.3015641057,0.3078496483,,,,
30459,0.0,-437.161133,65.602745,1729.575928,0.9023789028,-0.3015641057,0.3078496483,,,,
30460,0.0,-436.170105,64.386627,1729.954102,0.9023789028,-0.3015641057,0.3078496483,,,,
30461,0.0,-430.068848,57.973866,1730.489746,0.9023789028,-0.3015641057,0.3078496483,,,,
30462,0.0,-427.347198,55.789932,1730.539917,0.9026078846,-0.3008780324,0.307849665,,,,
30463,0.0,-424.338684,53.247314,1730.647583,0.9029217249,-0.2999349141,0.3078496483,,,,
30464,0.0,-421.440613,50.972546,1730.60437,0.9034714326,-0.2991296236,0.3070192808,,,,
30465,0.0,-419.220032,48.911301,1730.384766,0.9041210203,-0.2979062915,0.306295645,,,,
30466,0.0,-415.513763,46.271042,1730.411377,0.9046535056,-0.2965651472,0.306024751,,,,
30467,0.0,-413.268707,44.767033,1730.333618,0.9052693833,-0.2953634296,0.3053650079,,,,
30468,0.0,-409.860046,42.604145,1729.901367,0.906420437,-0.2928533883,0.3043663654,,,,
30469,0.0,-406.785645,40.835457,1729.529175,0.9079244405,-0.2892558608,0.3033220357,,,,
30470,0.0,-403.890625,39.20005,1728.85498,0.9090084433,-0.2866124881,0.3025837596,,,,
30471,0.0,-399.745728,37.053806,1728.703857,0.9122730707,-0.2782561322,0.3005517748,,,,
30472,0.0,-397.236267,35.853558,1728.498657,0.9152373141,-0.2698979763,0.2991583884,,,,
30473,0.0,-393.221405,33.941349,1728.077759,0.9187463504,-0.2602591713,0.2969348537,,,,
30474,0.0,-390.6633,32.830578,1727.927856,0.9216437016,-0.2513319391,0.2956436092,,,,
30475,0.0,-386.263397,31.067051,1727.93335,0.9252348439,-0.2397271492,0.2940601598,,,,
30476,0.0,-383.489136,30.019215,1727.950806,0.928398854,-0.2298174981,0.2919922695,,,,
30477,0.0,-379.696198,28.746723,1728.063477,0.9323714949,-0.2162693373,0.2896739016,,,,
30478,0.0,-376.701263,27.840368,1728.495483,0.9346093742,-0.2085309066,0.2881322241,,,,
30479,0.0,-372.457306,26.348938,1728.480835,0.9376668962,-0.1976308569,0.2858720625,,,,
30480,0.0,-369.576263,25.514936,1728.851685,0.9397527971,-0.1897190859,0.2843788826,,,,
30481,0.0,-365.451019,24.304588,1729.511597,0.9403440563,-0.1874209825,0.2839479372,,,,
30482,0.0,-363.391357,23.752157,1729.74292,0.9412149617,-0.1839244701,0.2833481695,,,,
30483,0.0,-358.604736,22.56135,1730.047241,0.9427707411,-0.1775297149,0.2822525995,,,,
30484,0.0,-355.39917,21.933817,1730.189453,0.9446823662,-0.169261394,0.2809373727,,,,
30485,0.0,-351.547363,20.914066,1730.162842,0.9471947519,-0.1584544459,0.2787728296,,,,
30486,0.0,-347.620758,20.091726,1730.153931,0.9498769326,-0.1453916714,0.2767581523,,,,
30487,0.0,-344.933411,19.613457,1730.069092,0.9522434048,-0.1330998682,0.2748034263,,,,
30488,0.0,-341.18924,18.994158,1729.740723,0.954739533,-0.1187943492,0.2726908996,,,,
30489,0.0,-336.820984,18.176003,1729.067261,0.9564473117,-0.1079802371,0.2711988355,,,,
30490,0.0,-333.93985,17.565319,1729.266357,0.9578148122,-0.0986192857,0.2699352183,,,,
30491,0.0,-329.773193,16.852362,1728.726929,0.960860386,-0.0746635881,0.2667820596,,,,
30492,0.0,-325.94223,16.177212,1728.296631,0.9619517126,-0.0642173204,0.2655655067,,,,
30493,0.0,-319.794525,15.256819,1727.303589,0.9646430188,-0.0375438252,0.2608722052,,,,
30494,0.0,-314.948944,14.951967,1726.463745,0.9658044616,-0.0199899216,0.2584997968,,,,
30495,0.0,-310.702759,14.649838,1725.800659,0.9667235028,-0.0050063541,0.2557745211,,,,
30496,0.0,-308.569031,14.416352,1725.520691,0.9669930232,0.0010615378,0.2547260785,,,,
30497,0.0,-303.125427,13.847011,1727.327881,0.967427538,0.0120221713,0.252862465,,,,
30498,0.0,-298.716644,13.27467,1732.658813,0.9679246984,0.0223777012,0.2502419162,,,,
30499,0.0,-294.593109,12.402493,1736.768188,0.9680729021,0.0363302382,0.2480221158,,,,
30500,0.0,-292.824829,11.894618,1739.305908,0.9679807434,0.0433505434,0.2472529287,,,,
30501,0.0,-288.529388,10.968892,1744.811768,0.9677227049,0.0542802543,0.2461024593,,,,
30502,0.0,-285.28891,10.61328,1747.269653,0.9673875291,0.0625793896,0.245448953,,,,
30503,0.0,-282.241302,10.23088,1752.625854,0.9669016092,0.0736914386,0.2442761756,,,,
30504,0.0,-279.942963,10.002832,1754.210693,0.9666438997,0.0781920182,0.2438966575,,,,
30505,0.0,-275.681976,9.393673,1759.082275,0.9661720881,0.0854259108,0.2433390843,,,,
30506,0.0,-272.678864,8.989775,1761.983032,0.9656258625,0.0916060759,0.2432591633,,,,
30507,0.0,-269.546478,8.470805,1765.239868,0.9647974905,0.100877156,0.2428777506,,,,
30508,0.0,-265.342499,7.847646,1768.735229,0.9640549951,0.1088653827,0.2423763498,,,,
30509,0.0,-262.336334,7.458451,1770.835449,0.9633354651,0.1164641841,0.2417041073,,,,
30510,0.0,-258.560059,6.861149,1773.82019,0.9624920183,0.1253839144,0.2405992285,,,,
30511,0.0,-254.8246,6.319182,1776.211304,0.9616021501,0.1322733842,0.240468411,,,,
30512,0.0,-251.835754,5.865932,1778.157959,0.9605778729,0.1407756032,0.2397339769,,,,
30513,0.0,-248.881256,5.445725,1779.802612,0.9591514626,0.1504997798,0.239537655,,,,
30514,0.0,-244.367859,4.850382,1781.360229,0.9560018001,0.1693583833,0.2395376719,,,,
30515,0.0,-240.323776,4.346377,1782.306641,0.9535517754,0.1814317582,0.2404610755,,,,
30516,0.0,-237.742828,4.048184,1783.11084,0.9515987579,0.190568088,0.2411298566,,,,
30517,0.0,-233.83609,3.586309,1783.436523,0.9482555657,0.2044735564,0.2429031635,,,,
30518,0.0,-230.93811,3.270525,1783.907349,0.9467637222,0.2108635238,0.2432591802,,,,
30519,0.0,-227.456497,2.884957,1784.12854,0.943975492,0.2226250528,0.2436151811,,,,
30520,0.0,-222.908463,2.318768,1784.237305,0.9403939216,0.2367461409,0.244152692,,,,
30521,0.0,-220.149414,2.100825,1784.424683,0.9369388785,0.2497060421,0.2445249077,0.1494777969,926.0744355505,1760.8015070904,2.0
30522,0.0,-216.382248,1.876781,1784.639404,0.931299806,0.2694740317,0.245080431,0.1408808233,899.8109942763,1758.2140228861,2.0
30523,0.0,-213.545624,1.668854,1784.550171,0.9270636052,0.2842451088,0.2444540655,0.1343889401,879.4032332439,1756.2880232585,2.0
30524,0.0,-209.94545,0.967213,1783.734985,0.9206356194,0.3056904435,0.2428650018,0.1249778999,849.1434370271,1754.1278767935,2.0
30525,0.0,-208.328293,0.868901,1783.349609,0.9186234104,0.3120963204,0.242336371,0.1222673055,839.9555499823,1753.0094176015,2.0
30526,0.0,-203.263168,0.085499,1781.970337,0.9093633647,0.3399587702,0.2397630193,0.1105594592,799.7628954919,1749.8333275092,2.0
30527,0.0,-198.920685,-0.453641,1780.349854,0.8915462207,0.3860199163,0.2369260657,0.0922576743,732.9135710532,1746.9949707457,2.0
30528,0.0,-196.481934,-0.786103,1779.291016,0.8795572254,0.4135022645,0.2353613488,0.0822149161,693.0568320708,1745.3943750679,2.0
30529,0.0,-192.407303,-1.465479,1777.350586,0.8640170264,0.4460727415,0.23343883,0.071263561,646.1428984377,1742.8434260994,2.0
30530,0.0,-188.735046,-1.856097,1775.484863,0.8375271009,0.4958417518,0.2295415264,0.0561279776,574.871768812,1740.3934898314,2.0
30531,0.0,-185.645523,-2.212029,1773.68042,0.8119292993,0.5380470225,0.2264425194,0.045397821,517.8273130575,1738.3541564694,2.0
30532,0.0,-181.47673,-2.681592,1771.03772,0.7484149657,0.6253698544,0.220879117,0.0304861683,425.2875102967,1735.6081867275,2.0
30533,0.0,-178.822037,-2.82947,1769.245361,0.7036321307,0.6767358062,0.2166344231,0.0268351401,398.9548886918,1733.7647606626,2.0
30534,0.0,-173.791199,-3.386711,1765.562134,0.6417047208,0.7374192715,0.2107791957,0.0285347032,410.4396141608,1730.4857308863,2.0
30535,0.0,-168.409897,-3.534977,1760.956665,0.4927106147,0.8484893222,0.1931375681,0.0569054697,574.1650896755,1726.6837918766,2.0
30536,0.0,-166.0574035,-3.706912,1758.7682495,0.4551192526,0.8692252522,0.1882742298,0.0687413987,625.9885391492,1725.1042341995,2.0
30537,0.0,-160.66185,-3.974715,1753.406006,0.3289885593,0.9289410995,0.1698086026,0.1156883694,803.7169689282,1721.4004943088,2.0
30538,0.0,-158.5404055,-4.158945,1751.185547,0.2963232855,0.9402069382,0.1642516507,0.1070000435,574.0647807726,1258.969445136,2.5
30539,0.0,-156.418961,-4.343175,1748.965088,0.2636580117,0.951472777,0.1586946989,0.0983117175,344.412592617,796.5383959632,3.0
30540,0.0,-153.337952,-4.563451,1745.593262,0.23742336,0.959176171,0.1536594323,0.0876386286,326.0562479707,796.4522780444,3.0
30541,0.0,-146.52272,-4.933684,1736.509277,0.178451728,0.9738251349,0.1407820565,0.0654425251,283.5117408483,796.8016157033,3.0
30542,0.0,-143.863663,-5.06365,1733.341187,0.1710206117,0.9754123895,0.1390058299,0.0631833156,278.8474097717,797.1153087159,3.0
30543,0.0,-138.657303,-5.307333,1726.026855,0.166298067,0.9763995117,0.1378003862,0.0622876743,277.2009832481,797.9010891325,3.0
30544,0.0,-135.513,-5.454093,1721.059814,0.1659636995,0.976468437,0.1377150754,0.0626100425,278.1366785781,798.5971257555,3.0
30545,0.0,-131.614929,-5.609741,1715.528076,0.1659636995,0.976468437,0.1377150754,0.0633181418,280.0099530837,799.6137360205,3.0
30546,0.0,-129.548462,-4.343996,1712.532227,0.1659636995,0.976468437,0.1377150754,0.0638283794,280.8093497196,798.7902031936,3.0
30547,0.0,-122.373421,-2.544593,1699.24585,0.1659636995,0.976468437,0.1377150754,0.0652773691,283.9486847232,799.0044245133,3.0
30548,0.0,-120.189835,-2.927468,1692.939087,0.1659636995,0.976468437,0.1377150754,0.0654637083,284.7356372716,800.1162376469,3.0
30549,0.0,-116.136192,-3.045732,1686.893188,0.1659636995,0.976468437,0.1377150754,0.0665870619,287.5311535467,801.3600173572,3.0
30550,0.0,-111.266083,-3.022825,1677.945435,0.1659636995,0.976468437,0.1377150754,0.0678859269,290.7896209491,802.9206792245,3.0
30551,0.0,-109.107742,-2.800257,1676.131592,0.1659771021,0.9765481184,0.1371326873,0.0686956744,292.6017419839,803.3168098011,3.0
30552,0.0,-106.525749,-2.059849,1675.785767,0.1659857464,0.9765981527,0.1367654203,0.0698967151,295.0393073261,803.2693976662,3.0
30553,0.0,-104.371872,-1.114951,1675.81189,0.1659857464,0.9765981527,0.1367654203,0.0709594009,297.0765567035,802.9578116348,3.0
30554,0.0,-102.408737,-0.35606,1675.891602,0.1659857464,0.9765981527,0.1367654203,0.0719149458,298.9358932556,802.7963536928,3.0
30555,0.0,-100.182503,1.238645,1675.996826,0.1659857464,0.9765981527,0.1367654203,0.073219132,301.5713206201,802.9002386285,3.0
30556,0.0,-98.7509,2.325076,1676.094727,0.1659857464,0.9765981527,0.1367654203,0.0739377655,302.7511551846,802.2643432958,3.0
30557,0.0,-97.607765,3.556442,1676.070435,0.1656877326,0.976737389,0.1361309963,0.0743805666,303.2410053496,801.2590659663,3.0
30558,0.0,-95.987183,5.631677,1676.137329,0.1652238166,0.9769530101,0.1351440209,0.0750854265,303.9855326066,799.5936910596,3.0
30559,0.0,-94.554314,7.607418,1676.1875,0.1609077836,0.9780541328,0.1323585978,0.0741395088,301.8690051021,798.8794676915,3.0
30560,0.0,-94.213173,8.619658,1676.374268,0.1584767027,0.9786467467,0.130903323,0.0734239863,300.2529302189,798.3166741946,3.0
30561,0.0,-92.570969,12.144546,1676.481445,0.1460792446,0.9814482268,0.1241782285,0.0698022389,292.1821510346,796.0092270322,3.0
30562,0.0,-91.314636,14.630634,1676.166016,0.1278142696,0.9848760166,0.1169732637,0.0639083782,279.4595832339,794.4693659761,3.0
30563,0.0,-90.170029,16.902071,1675.755737,0.1147253941,0.9870461557,0.1121515516,0.0599601599,270.2078943054,792.248302741,3.0
30564,0.0,-88.724243,19.145872,1675.217163,0.0847999057,0.9910162348,0.1034204925,0.0509534101,249.0799840799,790.3893711811,3.0
30565,0.0,-87.594635,20.972845,1674.966309,0.0543486612,0.9940261418,0.094648045,0.0424185959,227.491374274,789.4540815938,3.0
30566,0.0,-85.487564,24.104786,1674.771484,0.0221510368,0.996143073,0.084901765,0.0350429244,206.3922331061,786.5324500364,3.0
30567,0.0,-84.314873,25.713272,1674.684937,0.0115821303,0.9966930711,0.0804287027,0.0332591664,200.694743009,784.7055948603,3.0
30568,0.0,-82.034592,28.765812,1674.679932,-0.0019950205,0.9972266078,0.0743983375,0.0314545319,194.5930787887,782.0113402264,3.0
30569,0.0,-80.561745,30.915745,1674.801758,-0.013126833,0.9974518373,0.0701250203,0.0298190215,189.087247388,780.121927073,3.0
30570,0.0,-78.74395,34.096149,1675.19043,-0.0282053325,0.9975691327,0.0637203627,0.0277933216,181.9805284484,777.2817712863,3.0
30571,0.0,-76.333641,35.569458,1675.898438,-0.0382236454,0.9974252649,0.0606777872,0.026890799,178.8573114435,776.4782303809,3.0
30572,0.0,-74.504799,38.92944,1675.917114,-0.0597879674,0.9968075754,0.0529155612,0.0238166449,167.8810535776,773.8339454273,3.0
30573,0.0,-72.362328,41.61969,1675.981567,-0.081792865,0.9957854901,0.0414871672,0.0209458265,157.2023805116,772.1141766157,3.0
30574,0.0,-71.062408,44.364395,1675.470825,-0.0975981758,0.9947137221,0.0319250241,0.019343237,150.760756957,770.2276796897,3.0
30575,0.0,-70.69487,44.7029705,1675.637634,-0.100822678,0.99444722,0.0299167628,0.0190424157,149.5563042372,770.0503868291,3.0
30576,0.0,-69.896584,46.242119,1674.394287,-0.1351846614,0.990784414,0.0084470313,0.0157602403,136.1498222534,769.9075652834,3.0
30577,0.0,-69.929474,46.705658,1672.798218,-0.1645728644,0.9862777822,-0.0131113929,0.0138940886,127.9601649204,770.2976227518,3.0
30578,0.0,-69.944176,46.762518,1672.0701295,-0.174424476,0.9844054255,-0.0195084213,0.0134878566,126.1063281202,770.4978271252,3.0
30579,0.0,-70.078163,46.346092,1670.114258,-0.2145170103,0.9760293073,-0.0367320501,0.0112043814,115.1605984164,771.4626309126,3.0
30580,0.0,-70.132858,45.282829,1668.513794,-0.2508438629,0.9669025398,-0.0466565637,0.0097828404,107.7548108365,772.2429470715,3.0
30581,0.0,-70.258804,45.312901,1667.41394,-0.2624498773,0.9635877853,-0.0511726672,0.0099869379,108.7955749454,771.7330384787,3.0
30582,0.0,-70.330185,45.286797,1667.4022825,-0.2650382555,0.962799307,-0.0525638714,0.0101137789,109.4672717528,771.6535325901,3.0
30583,0.0,-70.54158,45.218544,1667.318115,-0.2802888488,0.9581222056,-0.0586515161,0.0104540674,111.2389393081,771.3246402228,3.0
30584,0.0,-70.67382,45.167332,1667.154663,-0.2935304274,0.9538839164,-0.0628121189,0.0107440994,112.7307226349,771.1022232319,3.0
30585,0.0,-70.87986,45.136925,1666.897949,-0.307136874,0.9493146051,-0.0668484947,0.0112005977,115.0273021376,770.6990881443,3.0
30586,0.0,-71.116142,45.093399,1666.61853,-0.3174090727,0.9457199399,-0.0697515291,0.0116430322,117.1798954128,770.1456703535,3.0
30587,0.0,-71.427124,45.100868,1666.118164,-0.3198869534,0.9448359209,-0.0704089451,0.0117840865,117.7717933113,769.4166043985,3.0
30588,0.0,-71.681915,45.042961,1665.726074,-0.3198869534,0.9448359209,-0.0704089451,0.0117694869,117.5504259485,768.4437362724,3.0
30589,0.0,-72.033577,45.024418,1665.019043,-0.3198869534,0.9448359209,-0.0704089451,0.011807064,117.5179191415,767.0150228172,3.0
30590,0.0,-72.2147255,45.003998,1664.696045,-0.3198869534,0.9448359209,-0.0704089451,0.0118144826,117.4844398067,766.5573407318,3.0
30591,0.0,-72.635475,45.023449,1663.922363,-0.3198869534,0.9448359209,-0.0704089451,0.0118684033,117.6086309866,765.6327178949,3.0
30592,0.0,-73.07711,45.00148,1663.310547,-0.3198869534,0.9448359209,-0.0704089451,0.011886274,117.535924857,764.5874203548,3.0
30593,0.0,-73.348114,44.946308,1662.890503,-0.3198869534,0.9448359209,-0.0704089451,0.0118974143,117.4718082466,763.8146179122,3.0
30594,0.0,-73.846466,44.875275,1662.234985,-0.3198869534,0.9448359209,-0.0704089451,0.0119045128,117.2779418203,762.3280550152,3.0
30595,0.0,-74.773453,47.948296,1663.727051,-0.3198676771,0.9447794197,-0.0712496826,,,,
30596,0.0,-75.195824,48.127628,1663.463989,-0.319845415,0.9447132307,-0.0722206494,,,,
30597,0.0,-75.779915,48.604546,1662.894043,-0.3197543323,0.9444442038,-0.0760415215,,,,
30598,0.0,-75.895546,48.478806,1662.918701,-0.3091585341,0.9476251747,-0.0801718719,,,,
30599,0.0,-76.140793,48.431263,1662.912964,-0.2979628329,0.950838183,-0.084409123,,,,
30600,0.0,-76.482834,48.333595,1662.837524,-0.2937212866,0.9520196275,-0.0859443696,,,,
30601,0.0,-76.700157,48.257252,1662.871704,-0.2913107526,0.9527115499,-0.0864797557,,,,
30602,0.0,-77.212646,48.099411,1662.946167,-0.2879225399,0.95368751,-0.0870674692,,,,
30603,0.0,-77.588783,47.989414,1662.836182,-0.2875350269,0.9537982936,-0.0871345134,,,,
30604,0.0,-77.705788,47.956657,1662.736328,-0.2875350269,0.9537982936,-0.0871345134,,,,
30605,0.0,-78.254494,47.802101,1662.978271,-0.2875350269,0.9537982936,-0.0871345134,,,,
30606,0.0,-78.945724,47.595936,1663.008179,-0.2875350269,0.9537982936,-0.0871345134,,,,
30607,0.0,-79.272041,47.489906,1662.970581,-0.2875350269,0.9537982936,-0.0871345134,,,,
30608,0.0,-79.711044,47.358681,1662.971924,-0.2875350269,0.9537982936,-0.0871345134,,,,
30609,0.0,-80.06884,47.260693,1662.907715,-0.2914499377,0.9528178148,-0.0848242041,,,,
30610,0.0,-80.840996,47.054523,1662.943115,-0.3002372571,0.9505354303,-0.0796240247,,,,
30611,0.0,-81.399796,46.880726,1662.75,-0.3014284612,0.9502172668,-0.0789178598,,,,
30612,0.0,-81.811256,46.750706,1662.741821,-0.3014284612,0.9502172668,-0.0789178598,,,,
30613,0.0,-82.269691,46.605907,1662.654175,-0.3014284612,0.9502172668,-0.0789178598,,,,
30614,0.0,-82.688828,46.472424,1662.473999,-0.3014284612,0.9502172668,-0.0789178598,,,,
30615,0.0,-83.230179,46.297775,1662.583618,-0.3014372906,0.9502460211,-0.078536993,,,,
30616,0.0,-83.866005,46.09734,1662.58313,-0.3014494319,0.9502833745,-0.0780368379,,,,
30617,0.0,-84.33168,45.931953,1662.506836,-0.3014512003,0.9502889491,-0.077962087,,,,
30618,0.0,-84.259705,45.808544,1662.755737,-0.17252318,0.9776791919,-0.1199130937,,,,
30619,0.0,-84.916473,45.253925,1662.849609,0.0115591844,0.984038756,-0.1775784667,,,,
30620,0.0,-83.087273,43.935905,1665.602051,0.0133057211,0.9842218124,-0.1764380397,,,,
30621,0.0,-83.802513,43.82449,1665.599609,0.0133057211,0.9842218124,-0.1764380397,,,,
30622,0.0,-84.166641,43.77458,1665.599548,0.0133057211,0.9842218124,-0.1764380397,,,,
30623,0.0,-85.003311,43.668678,1665.599487,0.0139987046,0.9844583708,-0.1750592825,,,,
30624,0.0,-85.661026,43.598721,1665.610718,0.01425596,0.9846664125,-0.1738643831,,,,
30625,0.0,-86.364235,43.531937,1665.616943,0.0149904947,0.9847010597,-0.1736061869,,,,
30626,0.0,-87.105324,43.469528,1665.616333,0.0152006824,0.9846978314,-0.1736062213,,,,
30627,0.0,-87.806252,43.413544,1665.616333,0.0124420638,0.9860523381,-0.1659698216,,,,
30628,0.0,-88.512756,43.363796,1665.616333,0.0132871969,0.9862518186,-0.1647143003,,,,
30629,0.0,-89.263145,43.316578,1665.616333,0.0156966562,0.9863513376,-0.1639044042,,,,
30630,0.0,-89.912506,43.273643,1665.616333,0.0167957879,0.9864461147,-0.1632236637,,,,
30631,0.0,-90.757973,43.231995,1665.616333,0.0176993528,0.9865322628,-0.1626063569,,,,
30632,0.0,-91.310547,43.209049,1665.616333,0.0230537692,0.9867543644,-0.1605750544,,,,
30633,0.0,-92.081696,43.184731,1665.616333,0.0312865393,0.9870246337,-0.1574913486,,,,
30634,0.0,-92.804146,43.15366,1665.616455,0.0344826608,0.9870170974,-0.1568699956,,,,
30635,0.0,-93.470703,43.122059,1665.616333,0.0364418012,0.9869467056,-0.1568699956,,,,
30636,0.0,-93.88092,43.084843,1665.616333,0.0383834704,0.9868730991,-0.1568699956,,,,
30637,0.0,-93.954842,43.050591,1665.616333,0.0490135185,0.9857076168,-0.1611774461,,,,
30638,0.0,-93.840691,43.011311,1665.616333,0.0560159871,0.9846938365,-0.1650462287,,,,
30639,0.0,-93.70063,42.970345,1665.616333,0.0598439881,0.9835688874,-0.1703259842,,,,
30640,0.0,-93.588791,42.91935,1665.616333,0.0594224241,0.9830078588,-0.173679374,,,,
30641,0.0,-93.481827,42.880207,1665.616333,0.0587002779,0.98267761,-0.1757810915,,,,
30642,0.0,-93.664352,42.735081,1665.616333,0.0178157402,0.9859482944,-0.1660980438,,,,
30643,0.0,-93.559204,42.6786,1665.616333,0.0143720884,0.9861559011,-0.1651967971,,,,
30644,0.0,-93.415428,42.641735,1665.616211,0.0143720884,0.9861559011,-0.1651967971,,,,
30645,0.0,-93.17025,42.575809,1665.616333,0.0143720884,0.9861559011,-0.1651967971,,,,
30646,0.0,-93.03476,42.556084,1665.616333,0.0095999832,0.986431102,-0.1638948486,,,,
30647,0.0,-92.850792,42.56921,1665.616333,0.0047046779,0.986687592,-0.1625591023,,,,
30648,0.0,-92.819126,42.572317,1665.616333,0.0034742144,0.9867320418,-0.1623152238,,,,
30649,0.0,-92.78746,42.575424,1665.616333,0.002243751,0.9867764917,-0.1620713452,,,,
30650,0.0,-92.533478,42.620228,1665.616333,-0.0237382315,0.9870616798,-0.1585740728,,,,
30651,0.0,-92.248222,42.665955,1665.616333,-0.0245145971,0.9870426866,-0.1585741762,,,,
30652,0.0,-91.761101,42.70787,1665.616333,0.0054167882,0.9865631199,-0.1632907494,,,,
30653,0.0,-91.479385,42.671791,1665.616333,0.0095427662,0.9861925254,-0.1653276699,,,,
30654,0.0,-91.346703,42.636314,1665.616333,0.0096441542,0.9861659143,-0.1654804515,,,,
30655,0.0,-91.095627,42.58168,1665.616333,0.0096441542,0.9861659143,-0.1654804515,,,,
30656,0.0,-91.024719,42.564617,1665.616333,0.0096441542,0.9861659143,-0.1654804515,,,,
30657,0.0,-91.210632,42.566315,1665.616333,0.0096441542,0.9861659143,-0.1654804515,,,,
30658,0.0,-91.431107,42.568455,1665.616333,0.0096441542,0.9861659143,-0.1654804515,,,,
30659,0.0,-91.618347,42.570271,1665.616333,0.0096441542,0.9861659143,-0.1654804515,,,,
30660,0.0,-91.705631,42.5711195,1665.616333,0.0096441542,0.9861659143,-0.1654804515,,,,
30661,0.0,-91.927002,42.572945,1665.616333,0.0095725418,0.986948127,-0.1607537283,,,,
30662,0.0,-92.125931,42.574982,1665.616333,0.0094919558,0.9877945534,-0.1554729013,,,,
30663,0.0,-92.180801,42.575123,1665.616333,0.0095691122,0.9879920557,-0.1542080733,,,,
30664,0.0,-92.350174,42.5718955,1665.616333,0.011346007,0.9879930227,-0.1540710195,,,,
30665,0.0,-92.761131,42.568977,1665.616333,0.0140586796,0.9879811198,-0.1539339484,,,,
30666,0.0,-92.978287,42.572113,1665.616333,0.0141144449,0.9879803086,-0.1539340519,,,,
30667,0.0,-93.218544,42.57552,1665.616333,0.0141144449,0.9879803086,-0.1539340519,,,,
30668,0.0,-93.487053,42.579308,1665.616333,0.0141144449,0.9879803086,-0.1539340519,,,,
30669,0.0,-93.721878,42.582645,1665.616333,0.0141144449,0.9879803086,-0.1539340519,,,,
30670,0.0,-94.096512,42.587978,1665.616333,0.0141144449,0.9879803086,-0.1539340519,,,,
30671,0.0,-94.401184,42.602848,1665.616333,0.0103560151,0.988478547,-0.1510063413,,,,
30672,0.0,-94.684959,42.602646,1665.616333,0.0115908647,0.9884277924,-0.15124864,,,,
30673,0.0,-95.031265,42.599564,1665.616333,0.0140297992,0.9885978672,-0.14992472,,,,
30674,0.0,-95.270218,42.60043,1665.616333,0.0149025965,0.9886832105,-0.1492763272,,,,
30675,0.0,-95.716591,42.604027,1665.616333,0.0160076969,0.9887905585,-0.1484485939,,,,
30676,0.0,-96.052315,42.60537,1665.616333,0.0171622407,0.9886936798,-0.148963972,,,,
30677,0.0,-96.380875,42.610981,1665.616211,0.017253362,0.9886857379,-0.1490061517,,,,
30678,0.0,-96.791382,42.617805,1665.616333,0.017253362,0.9886857379,-0.1490061517,,,,
30679,0.0,-97.215836,42.624935,1665.616333,0.017253362,0.9886857379,-0.1490061517,,,,
30680,0.0,-97.628922,42.631943,1665.616333,0.017253362,0.9886857379,-0.1490061517,,,,
30681,0.0,-98.042412,42.641705,1665.616333,0.0161868496,0.9888573232,-0.1479837163,,,,
30682,0.0,-98.391045,42.649544,1665.616333,0.0154473006,0.9889749818,-0.1472747983,,,,
30683,0.0,-98.962936,42.653187,1665.616333,0.0172243911,0.9892226454,-0.1454024696,,,,
30684,0.0,-99.31707,42.654079,1665.616211,0.018928685,0.9892720492,-0.1448534345,,,,
30685,0.0,-99.827118,42.657463,1665.615845,0.0206828646,0.9893111179,-0.1443458732,,,,
30686,0.0,-100.353409,42.666924,1665.615356,0.0209648917,0.9893170821,-0.1442642869,,,,
30687,0.0,-100.746216,42.674526,1665.614746,0.0209648917,0.9893170821,-0.1442642869,,,,
30688,0.0,-101.299881,42.685383,1665.614136,0.0209648917,0.9893170821,-0.1442642869,,,,
30689,0.0,-101.937576,42.698112,1665.613403,0.0209648917,0.9893170821,-0.1442642869,,,,
30690,0.0,-102.328598,42.706055,1665.612793,0.0209648917,0.9893170821,-0.1442642869,,,,
30691,0.0,-102.971237,42.719173,1665.612183,0.0209648917,0.9893170821,-0.1442642869,,,,
30692,0.0,-103.605652,42.732952,1665.611328,0.0204907703,0.9892441555,-0.1448313817,,,,
30693,0.0,-103.744888,42.736568,1665.611206,0.0203773406,0.9892266293,-0.1449670304,,,,
30694,0.0,-104.741928,42.750214,1665.610596,0.0224872026,0.9892778042,-0.1443043721,,,,
30695,0.0,-105.247658,42.755203,1665.620972,0.0244842234,0.989269299,-0.1440374149,,,,
30696,0.0,-105.882156,42.763973,1665.638672,0.0263446715,0.9892537129,-0.1438160279,,,,
30697,0.0,-106.468147,42.77702,1665.641357,0.0265625109,0.9892516838,-0.1437899128,,,,
30698,0.0,-107.086624,42.791885,1665.64978,0.0265625109,0.9892516838,-0.1437899128,,,,
30699,0.0,-107.86985,42.810928,1665.669189,0.0265625109,0.9892516838,-0.1437899128,,,,
30700,0.0,-109.035233,42.840061,1665.700928,0.0265625109,0.9892516838,-0.1437899128,,,,
30701,0.0,-109.4719355,42.851162,1665.7155155,0.0265625109,0.9892516838,-0.1437899128,,,,
30702,0.0,-110.54718,42.87867,1665.744751,0.0265625109,0.9892516838,-0.1437899128,,,,
30703,0.0,-110.854767,42.882793,1665.748657,0.0277487816,0.9893163959,-0.1431190902,,,,
30704,0.0,-110.9874155,42.883913,1665.7474975,0.0285620898,0.9893592454,-0.1426590888,,,,
30705,0.0,-111.358543,42.883007,1665.762451,0.0322897494,0.989399325,-0.1415851252,,,,
30706,0.0,-111.5064085,42.885456,1665.7635495,0.0330011909,0.9893552088,-0.1417274282,,,,
30707,0.0,-111.654274,42.887905,1665.764648,0.0337126324,0.9893110925,-0.1418697311,,,,
30708,0.0,-112.266785,42.9081,1665.784058,0.0337791725,0.9893056142,-0.1418921045,,,,
30709,0.0,-112.575546,42.918362,1665.785889,0.0337791725,0.9893056142,-0.1418921045,,,,
30710,0.0,-112.877747,42.92852,1665.791382,0.0337791725,0.9893056142,-0.1418921045,,,,
30711,0.0,-113.263382,42.941528,1665.805542,0.0337791725,0.9893056142,-0.1418921045,,,,
30712,0.0,-113.624916,42.949562,1665.809326,0.0351875062,0.989052372,-0.1433082164,,,,
30713,0.0,-114.05085,42.960033,1665.823608,0.0365467735,0.98880398,-0.1446755765,,,,
30714,0.0,-114.427963,42.97311,1665.825073,0.0366048056,0.9886691094,-0.1455798077,0.0594118251,394.8885299502,1162.9776860702,0.0
30715,0.0,-114.702637,42.98048,1665.828613,0.0376350458,0.9885637468,-0.1460319208,0.0635522357,408.9071070434,1165.6182786683,0.0
30716,0.0,-115.273315,42.996006,1665.842407,0.039414199,0.9884063703,-0.1466266284,0.0637902274,409.567718968,1165.3930942059,0.0
30717,0.0,-115.57605,43.006813,1665.8573,0.0394369628,0.9882762444,-0.147495053,0.0641017246,410.4759346113,1165.229783794,0.0
30718,0.0,-115.779388,43.014961,1665.859375,0.0394362962,0.9882630016,-0.1475839365,0.0641118373,410.6090661862,1165.5188204913,0.0
30719,0.0,-115.821671,43.016533,1665.858765,0.0394362962,0.9882630016,-0.1475839365,0.0640834251,410.6756167876,1165.9575554709,0.0
30720,0.0,-115.760178,43.01408,1665.858276,0.0394362962,0.9882630016,-0.1475839365,0.0640598676,410.7363681231,1166.3373379235,0.0
30721,0.0,-115.634346,43.009064,1665.857178,0.0394362962,0.9882630016,-0.1475839365,0.0640448412,410.783324558,1166.6029812555,0.0
30722,0.0,-115.452187,43.001801,1665.855469,0.0394362962,0.9882630016,-0.1475839365,0.0640099533,410.8823292658,1167.1915875037,0.0
30723,0.0,-115.308823,42.996086,1665.853149,0.0394362962,0.9882630016,-0.1475839365,0.0639850558,410.9539041898,1167.6145048576,0.0
30724,0.0,-115.147423,42.989655,1665.848999,0.0394362962,0.9882630016,-0.1475839365,0.0639561958,411.0388684895,1168.110667371,0.0
30725,0.0,-114.978905,42.982933,1665.845337,0.0394362962,0.9882630016,-0.1475839365,0.0639342668,411.1074040945,1168.4991609449,0.0
30726,0.0,-114.793564,42.974983,1665.841431,0.0394337852,0.9881966137,-0.1480284743,0.0640555517,411.7038560435,1169.1227215155,0.0
30727,0.0,-114.595642,42.967091,1665.837158,0.0394313054,0.988134472,-0.1484433814,0.0641778477,412.2432025492,1169.5753364195,0.0
30728,0.0,-114.432564,42.960587,1665.833496,0.0394295353,0.9880866499,-0.1487618366,0.0642655564,412.6733772918,1170.0230762448,0.0
30729,0.0,-114.126495,42.94894,1665.826904,0.0394268579,0.9880264802,-0.1491616485,0.0643758952,413.225541941,1170.6174844123,0.0
30730,0.0,-113.895638,42.939735,1665.821777,0.0394249838,0.9879825453,-0.1494528715,0.0644490666,413.6469104385,1171.1679169622,0.0
30731,0.0,-113.624611,42.928928,1665.815918,0.03942494,0.9879784195,-0.1494801552,0.0640504611,412.5083459349,1171.4522550398,0.0
30732,0.0,-113.419586,42.920753,1665.811646,0.03942494,0.9879784195,-0.1494801552,0.0636559626,411.3411955076,1171.6324722928,0.0
30733,0.0,-113.103073,42.908131,1665.804565,0.03942494,0.9879784195,-0.1494801552,0.0632136183,410.0224742798,1171.821536952,0.0
30734,0.0,-112.847748,42.899097,1665.799072,0.0390301969,0.9878755726,-0.1502614281,0.0630952561,409.7051732213,1171.9766596849,0.0
30735,0.0,-112.569603,42.889046,1665.793213,0.0385844068,0.9877586318,-0.1511427432,0.0630009535,409.463029997,1172.1317533039,0.0
30736,0.0,-112.333214,42.88546,1665.787598,0.0366882635,0.9873177867,-0.1544589244,0.0636400418,411.5314731511,1172.3162367668,0.0
30737,0.0,-112.243164,42.887321,1665.7854,0.0348656405,0.9868844745,-0.1576179591,0.0643287758,413.7087080922,1172.4011135832,0.0
30738,0.0,-112.232758,42.889946,1665.78479,0.0337731378,0.9863098227,-0.1614072762,0.0652243918,416.5593197993,1172.6179415192,0.0
30739,0.0,-112.236519,42.8853,1665.784912,0.0336513628,0.9855507958,-0.1660036587,0.0664450141,420.3673494858,1172.7880009291,0.0
30740,0.0,-112.243355,42.883224,1665.784912,0.0328448621,0.9850873869,-0.1688906608,0.0670806723,422.3631342757,1172.9525297431,0.0
30741,0.0,-112.251106,42.880859,1665.784912,0.0319375158,0.9847811169,-0.1708395355,0.0677641717,424.5653949214,1173.3145616557,0.0
30742,0.0,-112.259804,42.878174,1665.784912,0.0309130835,0.9843197967,-0.1736632345,0.0687410415,427.8590583848,1174.2820474231,0.0
30743,0.0,-112.260403,42.877989,1665.784912,0.0308428591,0.9842853392,-0.1738707558,0.068802797,428.1409122509,1174.5469346965,0.0
30744,0.0,-112.261002,42.877804,1665.784912,0.0307726347,0.9842508818,-0.1740782771,0.0688645525,428.4227661169,1174.8118219699,0.0
30745,0.0,-112.261002,42.877804,1665.784912,0.0307726347,0.9842508818,-0.1740782771,0.0688403836,428.5142762551,1175.2616611249,0.0
30746,0.0,-112.261002,42.877804,1665.784912,0.0307726347,0.9842508818,-0.1740782771,0.0688181782,428.6000961182,1175.6799074247,0.0
30747,0.0,-112.261002,42.877804,1665.784912,0.0307726347,0.9842508818,-0.1740782771,0.0687906751,428.7080612492,1176.2027466081,0.0
30748,0.0,-112.261002,42.877804,1665.784912,0.0307726347,0.9842508818,-0.1740782771,0.0687464314,428.8839869856,1177.050516981,0.0
30749,0.0,-112.261002,42.877804,1665.784912,0.0307726347,0.9842508818,-0.1740782771,0.0687219972,428.983677972,1177.5259459219,0.0
30750,0.0,-112.261002,42.877804,1665.784912,0.0307726347,0.9842508818,-0.1740782771,0.0686942582,429.0996668262,1178.0736505421,0.0
30751,0.0,-112.261002,42.877804,1665.784912,0.0307726347,0.9842508818,-0.1740782771,,,,
30752,0.0,-112.207863,44.952618,1663.932617,0.0296683176,0.984154726,-0.1748120883,,,,
30753,0.0,-112.225525,44.940479,1663.976562,0.0280373945,0.9840093551,-0.1758962581,,,,
30754,0.0,-112.234627,44.945709,1663.969482,0.0271691054,0.9840211853,-0.1759663225,,,,
30881,0.0,-63.243084,-1367.742065,1723.127319,0.0252381898,0.9894238039,-0.1428410656,,,,
30882,0.0,-64.280464,-1365.435913,1721.138794,0.0252381898,0.9894238039,-0.1428410656,,,,
30883,0.0,-64.141052,-1365.543701,1721.203979,0.0252381898,0.9894238039,-0.1428410656,,,,
30884,0.0,-65.19268,-1364.763916,1720.753296,0.0252381898,0.9894238039,-0.1428410656,,,,
30885,0.0,-65.460022,-1364.566284,1720.567383,0.0252381898,0.9894238039,-0.1428410656,,,,
30886,0.0,-65.235146,-1364.575684,1694.419312,0.0252381898,0.9894238039,-0.1428410656,,,,
30887,0.0,-62.817451,-1366.336914,1697.821167,0.0252381898,0.9894238039,-0.1428410656,,,,
30888,0.0,-63.180786,-1363.644043,1703.110596,0.0252381898,0.9894238039,-0.1428410656,,,,
30889,0.0,-63.450634,-1361.070557,1708.00769,0.0252381898,0.9894238039,-0.1428410656,,,,
30890,0.0,-62.996944,-1359.485229,1713.203735,0.0252319158,0.9891731006,-0.144568072,,,,
30891,0.0,-62.774807,-1357.605225,1718.268921,0.0270612286,0.9888290962,-0.1465766297,,,,
30892,0.0,-64.071083,-1358.039795,1719.70813,0.0272475788,0.988796232,-0.1467636911,,,,
30893,0.0,-63.104317,-1352.924561,1719.347534,0.0280384214,0.9886558962,-0.1475580087,,,,
30894,0.0,-62.685112,-1352.671021,1719.746704,0.0298003956,0.988470133,-0.1484544795,,,,
30895,0.0,-62.723183,-1351.421997,1720.06897,0.0317872265,0.9882581363,-0.1494504209,,,,
30896,0.0,-62.742107,-1350.716553,1720.251709,0.0318461573,0.988251742,-0.1494801552,,,,
30897,0.0,-62.73291,-1349.313721,1720.525757,0.0318461573,0.988251742,-0.1494801552,,,,
30898,0.0,-62.728535,-1348.715454,1720.718506,0.0318461573,0.988251742,-0.1494801552,,,,
30899,0.0,-62.716042,-1347.798584,1720.927979,0.0318461573,0.988251742,-0.1494801552,,,,
30900,0.0,-56.836861,-1350.511719,1721.543091,0.9397256569,0.3404550954,-0.031717784,,,,
30901,0.0,-55.454082,-1351.876587,1721.927979,0.9999995404,0.0,-0.0009587441,,,,
30902,0.0,-55.459949,-1351.226807,1721.979736,0.9999995404,0.0,-0.0009587441,,,,
30903,0.0,-55.423058,-1350.727905,1722.008667,0.9999995404,0.0,-0.0009587441,,,,
30904,0.0,-55.310963,-1350.310547,1721.930298,0.9999995404,0.0,-0.0009587441,,,,
30905,0.0,-55.161663,-1350.104126,1721.763428,0.9999995404,0.0,-0.0009587441,,,,
30906,0.0,-54.941444,-1349.884277,1721.453857,0.9999992102,-0.0008126772,-0.0009587441,,,,
30907,0.0,-54.653427,-1349.818604,1721.07019,0.9999895701,-0.0042096628,-0.0017715781,,,,
30908,0.0,-54.602627,-1349.824585,1721.05603,0.9999773172,-0.0064565968,-0.0019176619,,,,
30909,0.0,-54.449684,-1349.843384,1720.919556,0.9999603166,-0.0086998693,-0.0019176619,,,,
30910,0.0,-54.245758,-1349.851807,1720.737671,0.9999522032,-0.0095872083,-0.0019174699,,,,
30911,0.0,-55.720097,-1352.447388,1721.626343,0.9999450657,-0.0104260355,-0.0010786133,,,,
30912,0.0,-55.5596085,-1352.345398,1721.676575,0.9999073782,-0.0132720811,-8.99019e-05,,,,
30913,0.0,-55.258114,-1352.115845,1721.79248,0.9998299606,-0.0182974514,0.0022919818,,,,
30914,0.0,-55.086918,-1351.781128,1722.021973,0.9997940775,-0.0199596443,0.00366267,,,,
30915,0.0,-55.0536405,-1351.632202,1722.140503,0.9998315224,-0.0177148034,0.0042150618,,,,
30916,0.0,-54.997417,-1351.2854,1722.432007,0.9999351196,-0.0099391056,0.0055651456,,,,
30917,0.0,-55.080246,-1350.913452,1722.777588,0.9999831307,0.0008051768,0.005752399,,,,
30918,0.0,-55.179253,-1350.683838,1723.074951,0.9999592511,0.0076472768,0.0047974205,,,,
30919,0.0,-55.233025,-1350.56543,1723.23877,0.9999590971,0.0076697384,0.0047936681,,,,
30920,0.0,-55.436947,-1350.313843,1723.647095,0.9999590971,0.0076697384,0.0047936681,,,,
30921,0.0,-55.442059,-1350.299683,1723.759033,0.9999590971,0.0076697384,0.0047936681,,,,
30922,0.0,-55.521439,-1350.22876,1724.006104,0.9999590971,0.0076697384,0.0047936681,,,,
30923,0.0,-55.464149,-1350.321533,1724.063599,0.9999590971,0.0076697384,0.0047936681,,,,
30924,0.0,-55.363098,-1350.455444,1724.040405,0.9999590971,0.0076697384,0.0047936681,,,,
30925,0.0,-55.273075,-1350.581299,1724.022705,0.9999590971,0.0076697384,0.0047936681,,,,
30926,0.0,-55.196651,-1350.702515,1724.026245,0.9999590971,0.0076697384,0.0047936681,,,,
30927,0.0,-55.22422,-1350.658936,1724.598022,0.9999747621,0.0059710407,0.003849925,,,,
30928,0.0,-55.121197,-1350.769287,1724.57666,0.9999839019,0.004717235,0.0031533509,,,,
30929,0.0,-52.266041,-1355.751953,1722.701294,0.9999941267,0.0027421125,0.0020560488,,,,
30930,0.0,-52.369259,-1355.769287,1722.701294,0.9999990087,0.0009355133,0.0010523635,,,,
30931,0.0,-52.480991,-1355.786865,1722.701294,0.9999995962,-0.0008980765,3.37023e-05,,,,
30932,0.0,-52.575172,-1355.766479,1722.701294,0.9999991988,0.0012658346,0.0,,,,
30933,0.0,-52.530849,-1355.652344,1722.701294,0.9999112336,0.0132927287,0.0009100495,,,,
30934,0.0,-52.430721,-1355.569336,1722.701294,0.9997577453,0.0219517975,0.0016028922,,,,
30935,0.0,-52.105324,-1355.010498,1722.701172,0.9966420238,0.0815631058,0.0072205389,,,,
30936,0.0,-51.674034,-1354.324463,1722.701294,0.9877610264,0.1554880426,0.0123135452,,,,
30937,0.0,-51.3326,-1353.700073,1722.70105,0.9744134491,0.2242059608,0.0158150955,,,,
30938,0.0,-51.019665,-1352.576904,1722.70105,0.931972416,0.36196137,0.0202825639,,,,
30939,0.0,-50.62162,-1351.675781,1722.701294,0.877338762,0.4792949397,0.0235171732,,,,
30940,0.0,-50.433842,-1351.047363,1722.700928,0.8144618919,0.579643275,0.0257972929,0.1210016451,1104.9209713267,2317.2472701357,2.0
30941,0.0,-50.316452,-1350.448853,1722.700684,0.6760706603,0.7362032464,0.0305490152,0.0411493802,658.7101580845,2320.1285732087,2.0
30942,0.0,-49.522556,-1349.965088,1722.701172,0.5540367282,0.8316328531,0.0378166812,0.0098931639,325.4354765972,2319.3115883403,2.0
30943,0.0,-48.324223,-1348.672852,1722.700195,0.4198632309,0.9063387001,0.047592311,0.0025757859,166.214499805,2317.2819007464,2.0
30944,0.0,-47.046837,-1347.229858,1722.700806,0.3323645398,0.9415366259,0.05515972,0.009877154,324.6261916586,2315.4089202596,2.0
30945,0.0,-45.669449,-1345.272339,1722.699707,0.2049160789,0.9763629111,0.0687376633,0.0349158754,604.9740946499,2309.5891837893,2.0
30946,0.0,-44.133659,-1342.86853,1722.701294,0.096707141,0.9918222439,0.0832848454,0.0685122617,838.0481203592,2303.7684497005,2.0
30947,0.0,-43.132198,-1341.088257,1722.701172,0.0570792679,0.9942415571,0.0906955531,0.083550146,920.3111795204,2299.9180468211,2.0
30948,0.0,-42.214458,-1339.260742,1722.701172,0.0257584103,0.994990132,0.0965978345,0.096269581,982.7202262469,2295.5281835019,2.0
30949,0.0,-40.988102,-1336.633179,1722.701294,0.0146919567,0.9950102598,0.0986850006,0.1005781611,1000.8652000838,2289.8816143399,2.0
30950,0.0,-39.991276,-1334.221802,1722.701294,0.0146919567,0.9950102598,0.0986850006,0.1000887749,996.3747463504,2284.8798651045,2.0
30951,0.0,-39.103378,-1331.773804,1722.701294,0.0146919567,0.9950102598,0.0986850006,0.0996682445,992.395049459,2280.2972932615,2.0
30952,0.0,-38.32962,-1329.370728,1722.701294,0.0146919567,0.9950102598,0.0986850006,0.0992632609,988.5747352309,2275.9056468592,2.0
30953,0.0,-37.426754,-1326.214722,1722.701294,0.0146919567,0.9950102598,0.0986850006,0.098823897,984.2042645368,2270.6127967485,2.0
30954,0.0,-36.185593,-1321.055298,1722.701294,0.0146919567,0.9950102598,0.0986850006,0.0979995437,976.4817828807,2261.7615169034,2.0
30955,0.0,-35.634724,-1318.416626,1722.701294,0.0146919567,0.9950102598,0.0986850006,0.0976380154,972.9984072515,2257.647211003,2.0
30956,0.0,-35.3010025,-1316.64093,1722.701294,0.0146919567,0.9950102598,0.0986850006,0.0974358892,970.9190777602,2255.036997718,2.0
30957,0.0,-34.448612,-1311.790894,1722.701294,0.0146919567,0.9950102598,0.0986850006,0.0967842889,964.6185232934,2247.5489465581,2.0
30958,0.0,-34.020695,-1309.011108,1722.701294,0.0146919567,0.9950102598,0.0986850006,0.0964231587,961.1799975187,2243.5142941647,2.0
30959,0.0,-33.498516,-1305.297241,1722.701294,0.0146919567,0.9950102598,0.0986850006,0.0960015999,956.9704128312,2238.3396387106,2.0
30960,0.0,-33.102741,-1302.189209,1722.701294,0.0146919567,0.9950102598,0.0986850006,0.0956501988,953.4922411126,2234.0910175664,2.0
30961,0.0,-32.718281,-1298.98877,1722.701294,0.018076875,0.995038068,0.0978389997,,,,
30962,0.0,-32.361462,-1295.714966,1722.701294,0.0185109194,0.9951216344,0.0969034497,0.0932448427,938.307476274,2225.2832633317,2.0
30963,0.0,-32.031391,-1292.430542,1722.701294,0.0185124531,0.9952115573,0.0959752322,,,,
30964,0.0,-31.667244,-1288.509521,1722.701294,0.0185128659,0.9952262745,0.0958224206,,,,
30965,0.0,-31.397396,-1285.35376,1722.701294,0.0185128659,0.9952262745,0.0958224206,,,,
30966,0.0,-31.133961,-1282.063599,1722.701294,0.0185128659,0.9952262745,0.0958224206,,,,
30967,0.0,-30.872509,-1278.568481,1722.701294,0.0185143015,0.9953034487,0.0950171865,,,,
30968,0.0,-30.640541,-1275.254028,1722.701294,0.018514566,0.9953176688,0.0948680616,,,,
30969,0.0,-30.360634,-1270.968506,1722.701294,0.018514566,0.9953176688,0.0948680616,,,,
30970,0.0,-30.169754,-1267.828979,1722.701294,0.018514566,0.9953176688,0.0948680616,,,,
30971,0.0,-29.976585,-1264.476562,1722.701294,0.018514566,0.9953176688,0.0948680616,,,,
30972,0.0,-29.752453,-1260.343018,1722.701294,0.018514566,0.9953176688,0.0948680616,,,,
30973,0.0,-29.577297,-1256.913086,1722.701294,0.018514566,0.9953176688,0.0948680616,,,,
30974,0.0,-29.427284,-1253.784668,1722.701294,0.018514566,0.9953176688,0.0948680616,,,,
30975,0.0,-29.217373,-1249.284058,1722.701294,0.018514566,0.9953176688,0.0948680616,,,,
30976,0.0,-29.084637,-1246.370605,1722.701294,0.0192566221,0.9953035886,0.0948680616,0.0872201286,882.5017657815,2160.6017581443,2.0
30977,0.0,-28.93619,-1242.902588,1722.701294,0.020165916,0.9952855805,0.0948680616,0.0863498043,876.2856652165,2155.6773148715,2.0
30978,0.0,-28.753021,-1238.534424,1722.701294,0.0213064656,0.9952618175,0.0948680616,0.0852885837,868.6743427753,2149.6110196343,2.0
30979,0.0,-28.639074,-1235.574463,1722.701294,0.0213772334,0.9952603,0.0948680616,0.0848558829,864.8784007249,2145.4250276503,2.0
30980,0.0,-28.517511,-1232.352417,1722.701294,0.0213772334,0.9952603,0.0948680616,0.0839247647,858.1010958404,2139.8686269995,2.0
30981,0.0,-28.35969,-1228.050171,1722.701294,0.0213772334,0.9952603,0.0948680616,0.0841341072,857.4378910644,2135.669636747,2.0
30982,0.0,-28.243158,-1224.682739,1722.701294,0.0213772334,0.9952603,0.0948680616,0.0835563654,852.5626685619,2130.5342329168,2.0
30983,0.0,-28.0903,-1220.200562,1722.701294,0.0213772334,0.9952603,0.0948680616,0.0831471416,848.3321217213,2124.9458202407,2.0
30984,0.0,-27.99799,-1217.408447,1722.701294,0.0213772334,0.9952603,0.0948680616,0.0829827765,846.2308180062,2121.6896079676,2.0
30985,0.0,-27.877571,-1213.625244,1722.701294,0.0213772334,0.9952603,0.0948680616,0.0824846639,841.6536452366,2116.3007263423,2.0
30986,0.0,-27.787651,-1210.727783,1722.701294,0.0213772334,0.9952603,0.0948680616,0.082080947,838.0448345806,2112.1800565231,2.0
30987,0.0,-27.654114,-1206.346069,1722.701294,0.0213772334,0.9952603,0.0948680616,0.0817609927,834.2572130986,2106.5682460598,2.0
30988,0.0,-27.544043,-1202.650391,1722.701294,0.0213772334,0.9952603,0.0948680616,0.0814353366,830.7698779154,2101.7742785216,2.0
30989,0.0,-27.440596,-1199.069946,1722.701294,0.0213757693,0.9951864731,0.0956397421,0.0812124399,827.9255419818,2097.3289655238,2.0
30990,0.0,-27.252554,-1192.707764,1722.701294,0.0226659987,0.9951078077,0.096159781,0.079926734,818.1648790939,2088.506825746,2.0
30991,0.0,-27.1895735,-1190.4988405,1722.701294,0.0229243334,0.9950767536,0.0964188492,0.0796559879,815.7898634285,2085.8320954181,2.0
30992,0.0,-27.034485,-1184.962646,1722.701294,0.023281278,0.9950337937,0.096776709,0.0789591625,809.7860601634,2079.2213749982,2.0
30993,0.0,-26.975096,-1182.7583615,1722.701294,0.023281278,0.9950337937,0.096776709,0.0787391547,807.6849104767,2076.6014572252,2.0
30994,0.0,-26.915707,-1180.554077,1722.701294,0.023281278,0.9950337937,0.096776709,0.0785191468,805.58376079,2073.9815394523,2.0
30995,0.0,-26.755341,-1174.518555,1722.701294,0.023281278,0.9950337937,0.096776709,0.0778841435,799.6215288875,2066.6654237299,2.0
30996,0.0,-26.689667,-1172.0159915,1722.701294,0.023281278,0.9950337937,0.096776709,0.0776199343,797.0786302841,2063.4525174058,2.0
30997,0.0,-26.55106,-1166.70874,1722.701294,0.023281278,0.9950337937,0.096776709,0.0771071377,791.8649489167,2056.4884988804,2.0
30998,0.0,-26.463753,-1163.310303,1722.701294,0.023281278,0.9950337937,0.096776709,0.0767011949,788.1318954592,2051.9863052356,2.0
30999,0.0,-26.354946,-1159.060547,1722.701294,0.023281278,0.9950337937,0.096776709,0.0764731542,784.7860824919,2046.1980432833,2.0
31000,0.0,-26.256615,-1155.188599,1722.701294,0.023281278,0.9950337937,0.096776709,0.0762071448,781.3876568631,2040.74879019,2.0
31001,0.0,-26.196407,-1152.79834,1722.701294,0.023281278,0.9950337937,0.096776709,0.0760675622,779.3436275458,2037.2031127755,2.0
31002,0.0,-26.1349735,-1150.3515625,1722.701294,0.023281278,0.9950337937,0.096776709,0.0758883864,777.1017770904,2033.642348345,2.0
31003,0.0,-25.99271,-1144.663818,1722.701294,0.023281278,0.9950337937,0.096776709,0.0755322946,772.1835924146,2025.3445540073,2.0
31004,0.0,-25.919079,-1141.697144,1722.701294,0.023281278,0.9950337937,0.096776709,0.0753975867,769.8297162575,2020.9028461314,2.0
31005,0.0,-25.817924,-1137.603394,1722.701294,0.023281278,0.9950337937,0.096776709,0.075150426,766.4908283548,2015.3145552447,2.0
31006,0.0,-25.717663,-1133.526855,1722.701294,0.023281278,0.9950337937,0.096776709,0.0748475146,763.0241522664,2010.097049892,2.0
31007,0.0,-25.653614,-1130.912354,1722.701294,0.023281278,0.9950337937,0.096776709,0.0747169998,761.451785147,2007.6380068963,2.0
31008,0.0,-25.556862,-1126.950073,1722.701294,0.023281278,0.9950337937,0.096776709,0.0744999978,758.5137302489,2002.6891958918,2.0
31009,0.0,-25.483692,-1123.805542,1722.701294,0.0228985627,0.995005442,0.0971587677,0.0742799804,755.7990965789,1998.3608172146,2.0
31010,0.0,-25.382948,-1119.466919,1722.701294,0.0223792489,0.9949665311,0.097676871,0.0742167656,753.5154604381,1993.1383932228,2.0
31011,0.0,-25.316797,-1116.477051,1722.701294,0.0216993231,0.9949762856,0.0977309084,0.0742676972,752.4455965959,1989.6522088197,2.0
31012,0.0,-25.231382,-1112.766602,1722.701294,0.0213712855,0.9949833856,0.0977309084,0.0741030913,750.0385156569,1985.403964988,2.0
31013,0.0,-28.427282,-1109.777466,1724.121094,0.0213712855,0.9949833856,0.0977309084,0.0741757777,749.4399764661,1982.8847779328,2.0
31014,0.0,-28.627874,-1106.633789,1724.573486,0.0213712855,0.9949833856,0.0977309084,0.0739905222,747.2814844169,1979.5522330943,2.0
31015,0.0,-28.758873,-1102.655518,1724.821289,0.0213712855,0.9949833856,0.0977309084,0.0737008607,744.3076993633,1975.3968926427,2.0
31016,0.0,-28.66782,-1099.053833,1724.816528,0.0213712855,0.9949833856,0.0977309084,0.0733455068,741.1562298337,1971.6103384004,2.0
31017,0.0,-28.741009,-1095.631348,1724.940063,0.0213712855,0.9949833856,0.0977309084,0.0731228812,738.8051666481,1968.2319002232,2.0
31018,0.0,-28.986515,-1092.392822,1724.869995,0.0213712855,0.9949833856,0.0977309084,0.0727044899,735.5703937162,1965.0312900231,2.0
31019,0.0,-29.025017,-1088.65332,1724.747681,0.0213712855,0.9949833856,0.0977309084,0.0724199305,732.8466658214,1961.4527505323,2.0
31020,0.0,-29.077942,-1085.010498,1724.549805,0.0213712855,0.9949833856,0.0977309084,0.072089396,729.9658930918,1958.0484291918,2.0
31021,0.0,-29.088276,-1082.216064,1724.355713,0.0213712855,0.9949833856,0.0977309084,0.0718081344,727.6388127808,1955.4824003721,2.0
31022,0.0,-29.083467,-1079.325317,1723.939941,0.0213712855,0.9949833856,0.0977309084,0.0715082419,725.2155552477,1952.900725988,2.0
31023,0.0,-28.997196,-1075.075317,1723.908447,0.0213712855,0.9949833856,0.0977309084,0.0710720226,721.6871527286,1949.133700488,2.0
31024,0.0,-28.948009,-1071.341675,1723.341675,0.0213712855,0.9949833856,0.0977309084,0.0706783725,718.5738772709,1945.9238381891,2.0
31025,0.0,-28.854588,-1067.652588,1723.167969,0.0213712855,0.9949833856,0.0977309084,0.0703028527,715.5977610067,1942.8439608636,2.0
31026,0.0,-28.788883,-1064.269043,1723.169067,0.0213712855,0.9949833856,0.0977309084,0.0699569533,712.8893370027,1940.0958096265,2.0
31027,0.0,-28.665728,-1060.661255,1723.166016,0.0213712855,0.9949833856,0.0977309084,0.0696912411,710.5179826186,1937.1916309283,2.0
31028,0.0,-28.541372,-1057.629272,1723.191772,0.0213712855,0.9949833856,0.0977309084,0.0692362657,707.4965115351,1935.0532398664,2.0
31029,0.0,-28.307465,-1053.105591,1723.319824,0.0213712855,0.9949833856,0.0977309084,0.0688957292,704.6270787776,1931.7917920263,2.0
31030,0.0,-27.94898,-1049.589722,1723.714233,0.0213712855,0.9949833856,0.0977309084,0.0685890581,702.2829178855,1929.5113680313,2.0
31031,0.0,-27.684242,-1045.950806,1723.994995,0.0213712855,0.9949833856,0.0977309084,0.0683008628,700.089025103,1927.3936842646,2.0
31032,0.0,-27.690948,-1043.344604,1723.911377,0.0213712855,0.9949833856,0.0977309084,0.0681337974,698.7808850745,1926.0661407679,2.0
31033,0.0,-27.067348,-1039.417847,1724.573364,0.0213712855,0.9949833856,0.0977309084,0.0678217852,696.4763418032,1923.9694410453,2.0
31034,0.0,-26.519735,-1033.002197,1724.884033,0.0213712855,0.9949833856,0.0977309084,0.0674076435,693.3911518048,1921.1160225712,2.0
31035,0.0,-26.3326645,-1030.918335,1724.958374,0.0213712855,0.9949833856,0.0977309084,0.0672980063,692.527511519,1920.2310212188,2.0
31036,0.0,-26.145594,-1028.834473,1725.032715,0.0213712855,0.9949833856,0.0977309084,0.067188369,691.6638712332,1919.3460198665,2.0
31037,0.0,-23.270891,-1025.245728,1722.701294,0.0213712855,0.9949833856,0.0977309084,0.0665623732,687.6352984544,1916.8082950033,2.0
31038,0.0,-23.181623,-1021.137817,1722.701294,0.0213712855,0.9949833856,0.0977309084,0.0664756123,686.7302823823,1915.4913640357,2.0
31039,0.0,-23.023922,-1014.675842,1722.701294,0.0233706814,0.9948726737,0.0983980408,0.0659822963,683.5593102339,1913.5167469672,2.0
31040,0.0,-22.933737,-1012.5295105,1722.701294,0.0282763644,0.9946748072,0.098984978,0.0641602484,673.5660471545,1911.4045788879,2.0
31041,0.0,-22.654943,-1008.029053,1722.437622,0.048228349,0.9938180446,0.0999986024,0.0576704638,638.8411852113,1908.7749522834,2.0
31042,0.0,-22.332581,-1003.372803,1721.590088,0.070913999,0.992399876,0.1005668475,0.0509859243,600.5889194052,1905.2180143852,2.0
31043,0.0,-21.991814,-1000.546814,1720.52063,0.0991406445,0.9899097639,0.1012412562,0.0429201235,551.4873946124,1902.833694913,2.0
31044,0.0,-21.238216,-996.307983,1718.480225,0.1618511063,0.9815765248,0.1015467642,0.0272577712,440.181424917,1898.2410925867,2.0
31045,0.0,-20.384544,-992.990601,1716.974121,0.2311611279,0.9676015663,0.1015467468,0.0141092749,317.0361065981,1893.9944621728,2.0
31046,0.0,-19.629927,-990.232361,1715.692749,0.2846223287,0.9532462351,0.1015467642,0.0073145423,228.291663546,1890.9371716397,2.0
31047,0.0,-18.642767,-986.102722,1713.7677,0.3431141243,0.9337884945,0.1015467642,0.0032967675,153.0581176272,1886.494083728,2.0
31048,0.0,-17.704962,-983.044434,1712.306396,0.395756842,0.9127238228,0.1015467642,0.0028943808,143.1990469757,1883.4833243433,2.0
31049,0.0,-16.818092,-980.037659,1710.871582,0.435225021,0.8945766796,0.1015467642,0.004659173,181.3110942184,1880.4483881827,2.0
31050,0.0,-15.942661,-976.891296,1709.390259,0.4612233428,0.881454073,0.1015467642,0.0067979024,218.4890519728,1877.0098450478,2.0
31051,0.0,-15.015794,-973.070923,1707.638062,0.4820003524,0.870266577,0.1015467642,0.0090569697,251.4815472582,1872.7734800454,2.0
31052,0.0,-14.180861,-970.059692,1706.252686,0.4921028988,0.8645941196,0.1015467642,0.0102773494,267.3084240961,1869.2862605596,2.0
31053,0.0,-13.042927,-966.326355,1704.535278,0.4965034662,0.8620745712,0.1015467468,0.0106944843,271.995776329,1864.7967066605,2.0
31054,0.0,-12.13828,-963.22583,1703.134399,0.4965616021,0.8620410837,0.1015467642,0.01050965,269.1007993191,1861.0152990643,2.0
31055,0.0,-11.180322,-960.197815,1701.763672,0.4965616021,0.8620410837,0.1015467642,0.0103022101,265.8879077781,1857.1193998593,2.0
31056,0.0,-10.31038,-957.554443,1700.570312,0.4965616021,0.8620410837,0.1015467642,0.0101474231,263.43029898,1853.8619416361,2.0
31057,0.0,-8.931874,-953.547058,1698.758545,0.4965616021,0.8620410837,0.1015467642,0.0098928341,259.3960111607,1848.6925836628,2.0
31058,0.0,-7.687974,-950.182922,1697.234985,0.4965616021,0.8620410837,0.1015467642,0.0096628901,255.799078909,1844.5147625232,2.0
31059,0.0,-6.627902,-947.446045,1695.992554,0.4965616021,0.8620410837,0.1015467642,0.0094585314,252.6274740779,1841.1242993964,2.0
31060,0.0,-5.068251,-943.524841,1694.218262,0.4965616021,0.8620410837,0.1015467642,0.0092157959,248.763046003,1836.5694246563,2.0
31061,0.0,-3.812851,-940.495361,1692.844971,0.4965616021,0.8620410837,0.1015467642,0.0090142023,245.5769662388,1833.1157884152,2.0
31062,0.0,-2.512534,-937.456055,1691.465698,0.4965616021,0.8620410837,0.1015467642,0.0088014637,242.231197908,1829.7651181161,2.0
31063,0.0,-1.177505,-934.41394,1690.084717,0.4965616021,0.8620410837,0.1015467642,0.0085865382,238.8451304026,1826.5291933376,2.0
31064,0.0,0.262222,-931.213074,1688.630859,0.4965616021,0.8620410837,0.1015467642,0.0083528206,235.1633220349,1823.2524533815,2.0
31065,0.0,1.569383,-928.368835,1687.338379,0.4965616021,0.8620410837,0.1015467642,0.0081596657,232.0739941443,1820.3840989783,2.0
31066,0.0,3.339739,-924.596985,1685.623291,0.4965616021,0.8620410837,0.1015467642,0.0078944948,227.8271234388,1816.7161939947,2.0
31067,0.0,4.444192,-922.286438,1684.572266,0.4965616021,0.8620410837,0.1015467642,0.0077571776,225.5603700599,1814.428236188,2.0
31068,0.0,6.217997,-918.64209,1682.910034,0.4965616021,0.8620410837,0.1015467642,0.0074704268,220.9483732903,1810.9885876158,2.0
31069,0.0,7.821167,-915.385315,1681.430176,0.4965616021,0.8620410837,0.1015467642,0.0072574983,217.4274204407,1807.9867829083,2.0
31070,0.0,9.407141,-912.212341,1680.732056,0.4965616021,0.8620410837,0.1015467642,0.0070735949,214.3156913122,1805.0458885063,2.0
31071,0.0,10.913695,-909.237549,1680.696533,0.4965616021,0.8620410837,0.1015467642,0.0069373082,211.9210818806,1802.2630899857,2.0
31072,0.0,12.592204,-905.958435,1680.701294,0.4965616021,0.8620410837,0.1015467642,0.006766899,208.9654236919,1799.2874020452,2.0
31073,0.0,13.857785,-903.515503,1680.701294,0.4965616021,0.8620410837,0.1015467642,0.006603437,206.2051540746,1797.2878694038,2.0
31074,0.0,15.681152,-900.014038,1680.701294,0.4965616021,0.8620410837,0.1015467642,0.0064552167,203.5243339988,1794.1053059087,2.0
31075,0.0,17.385654,-896.790894,1680.584595,0.4973748886,0.861572095,0.1015467642,0.0064223378,202.67306039,1791.153775185,2.0
31076,0.0,20.227108,-891.504944,1679.04541,0.4996222557,0.860270804,0.1015467642,0.0063227359,200.6327155025,1786.9886875925,2.0
31077,0.0,22.050159,-888.138245,1678.06604,0.5005597614,0.8598150788,0.1007866835,0.0062129995,198.5638943821,1784.0632307186,2.0
31078,0.0,22.784374,-886.793976,1677.755005,0.5009831929,0.859579641,0.1006898064,0.0061502914,197.4566580993,1783.1268823673,2.0
31079,0.0,23.518589,-885.449707,1677.44397,0.5014066244,0.8593442032,0.1005929294,0.0060875832,196.3494218164,1782.190534016,2.0
31080,0.0,27.273846,-878.632935,1676.684204,0.5038183486,0.8579324764,0.1005929294,0.0059751211,193.9195861283,1776.5729086465,2.0
31081,0.0,28.933887,-875.661621,1676.701294,0.505478723,0.8570506593,0.0997768907,0.0059517983,193.277118316,1774.1425595179,2.0
31082,0.0,30.517897,-872.872559,1676.701294,0.508348777,0.8554177595,0.0992067421,0.006045259,194.5537515881,1772.0440126606,2.0
31083,0.0,32.529568,-869.330505,1676.701294,0.511319589,0.8537021114,0.09871668,0.0062160843,196.9227590502,1768.8801934072,2.0
31084,0.0,34.247227,-866.334595,1676.701294,0.5141830783,0.8520851642,0.0978091762,0.0062809397,197.6896612219,1766.6058527447,2.0
31085,0.0,36.034763,-863.239929,1676.701294,0.5171445666,0.8504023868,0.0968363447,0.0064154171,199.4818513673,1763.8985699487,2.0
31086,0.0,37.882225,-860.051941,1676.701294,0.5197406004,0.8488250567,0.096776709,0.0065894055,201.8431419237,1761.1344024818,2.0
31087,0.0,39.202591,-857.775452,1676.701294,0.5210063106,0.8481288594,0.0960721716,0.0066004417,201.7778200952,1759.0968381873,2.0
31088,0.0,41.308769,-854.163574,1676.701294,0.5229549967,0.8469569854,0.0958224206,0.0066744096,202.525279727,1755.834958962,2.0
31089,0.0,43.175499,-850.983337,1676.701294,0.5247078123,0.845977676,0.0948866871,0.0067072538,202.6890611367,1752.9615820701,2.0
31090,0.0,44.485394,-848.763977,1676.701294,0.525899552,0.8452394426,0.0948680442,0.0067568655,203.1916655686,1750.8668305844,2.0
31091,0.0,46.580997,-845.202576,1676.701294,0.5263614233,0.8449518938,0.0948680616,0.0066728211,201.5482902881,1747.572024591,2.0
31092,0.0,48.395599,-842.12738,1676.701294,0.5263614233,0.8449518938,0.0948680616,0.0065582525,199.4984942635,1744.792476278,2.0
31093,0.0,50.139141,-839.185791,1676.701294,0.5263614233,0.8449518938,0.0948680616,0.0064687823,197.8369605363,1742.1463744055,2.0
31094,0.0,51.951107,-836.141052,1676.701294,0.5263614233,0.8449518938,0.0948680616,0.0063626952,195.9134738269,1739.484925113,2.0
31095,0.0,53.852688,-832.957947,1676.701294,0.5263614233,0.8449518938,0.0948680616,0.0062794037,194.3212462613,1736.7165278109,2.0
31096,0.0,55.151649,-830.790527,1676.701294,0.5263614233,0.8449518938,0.0948680616,0.0062201274,193.1803545754,1734.7013459339,2.0
31097,0.0,57.562851,-826.795532,1676.701294,0.5271618866,0.8444527219,0.0948680442,0.006186855,192.2961912046,1731.3843387376,2.0
31098,0.0,59.342003,-823.862915,1676.701294,0.527952153,0.8439588705,0.0948680616,0.0061975889,192.1791985695,1728.8365551996,2.0
31099,0.0,60.586353,-821.827454,1676.701294,0.5290545982,0.8433371964,0.0942528793,0.0062274665,192.4471845954,1727.1022864047,2.0
31100,0.0,62.672096,-818.426758,1676.701294,0.5309084609,0.8422092647,0.0939135805,0.0063244272,193.617260082,1724.2737967147,2.0
31101,0.0,64.533501,-815.402832,1676.701294,0.5325412761,0.8411777628,0.0939135805,0.0064242063,194.8345877684,1721.6304721702,2.0
31102,0.0,66.385178,-812.405151,1676.701294,0.5341595492,0.840151065,0.0939135979,0.0065213499,196.003496153,1719.0530167547,2.0
31103,0.0,68.343605,-809.237976,1676.701294,0.5353425961,0.8394501553,0.0934437884,0.0065231417,195.7455773662,1716.5559126433,2.0
31104,0.0,69.8713,-806.766907,1676.701294,0.5359669437,0.8390897965,0.0931007449,0.0065107931,195.3079923476,1714.3367064919,2.0
31105,0.0,72.093315,-803.211426,1676.701294,0.5383063744,0.8376066276,0.092959048,0.0066660816,197.2739208406,1711.3716626638,2.0
31106,0.0,74.10936,-799.996399,1676.701294,0.540223866,0.8364726507,0.0920417258,0.0067279785,197.8678731759,1708.6365892538,2.0
31107,0.0,75.227608,-798.239929,1676.701294,0.5422773528,0.8351838765,0.0916687789,,,,
31108,0.0,77.629517,-794.454529,1676.701294,0.545486274,0.8331510946,0.0911261678,,,,
31109,0.0,79.823364,-791.043457,1676.701294,0.5498929278,0.8302576197,0.0910497273,,,,
31110,0.0,81.175323,-789.039307,1676.701294,0.55705107,0.8255441555,0.0903933218,,,,
31111,0.0,83.810402,-785.296753,1676.701294,0.5775686137,0.8114607528,0.0891400198,,,,
31112,0.0,85.661819,-782.90332,1676.701294,0.6005128085,0.7947885287,0.087724349,,,,
31113,0.0,87.453125,-780.510864,1676.701294,0.617425666,0.7818410433,0.0866610058,,,,
31114,0.0,90.023117,-777.450012,1676.701172,0.6549817937,0.7510569495,0.0831402941,,,,
31115,0.0,92.560516,-774.742859,1676.701294,0.698364493,0.7114618417,0.0781606214,,,,
31116,0.0,94.752869,-772.716675,1676.701172,0.7437984357,0.6643151986,0.0738187237,,,,
31117,0.0,97.469872,-770.013672,1676.701294,0.7864526941,0.6137220359,0.0695515822,,,,
31118,0.0,101.572899,-765.54071,1676.701294,0.8508815142,0.5212660756,0.0654394936,,,,
31119,0.0,103.683701,-762.353577,1676.701294,0.8767633928,0.4765960711,0.0643594444,,,,
31120,0.0,104.664032,-760.7415775,1676.701294,0.8860534821,0.4586610137,0.0642753628,,,,
31121,0.0,107.056152,-756.729736,1676.701294,0.9056454778,0.4191488376,0.0641912813,,,,
31122,0.0,108.0746,-754.9678345,1676.701294,0.9115425443,0.4059057968,0.0641912813,,,,
31123,0.0,110.443779,-750.964722,1676.701294,0.9253114637,0.3737354338,0.0641912813,,,,
31124,0.0,112.31929,-747.641052,1676.701294,0.9332378936,0.353477741,0.0641912813,,,,
31125,0.0,113.835335,-744.903198,1676.701294,0.9384808811,0.3393127099,0.0641912813,,,,
31126,0.0,115.306931,-742.192566,1676.701294,0.9421463707,0.3289980176,0.0641912813,,,,
31127,0.0,117.062958,-738.949341,1676.701294,0.9459124976,0.3180079063,0.0641912639,,,,
31128,0.0,118.751968,-735.840576,1676.701294,0.9497622856,0.3063185892,0.0641912987,,,,
31129,0.0,119.247482,-734.940552,1676.701294,0.9512706194,0.3015787849,0.0642996514,,,,
31130,0.0,121.822945,-730.227478,1676.701294,0.9571691648,0.2821333439,0.065022813,,,,
31131,0.0,123.64328,-726.893433,1676.701294,0.9605033843,0.2705346271,0.0651480186,,,,
31132,0.0,125.359375,-723.791321,1676.701294,0.9643838641,0.2563581445,0.0651480186,,,,
31133,0.0,127.090996,-720.689697,1676.701294,0.9687797785,0.239210114,0.0651480012,,,,
31134,0.0,128.365875,-718.526672,1676.701294,0.9749128865,0.2134400644,0.0631522179,,,,
31135,0.0,129.96167,-715.915283,1676.701294,0.9808110106,0.1849967871,0.0615300765,,,,
31136,0.0,132.011841,-712.503723,1676.701294,0.9850721001,0.1611527038,0.0605207697,,,,
31137,0.0,133.775208,-709.772827,1676.701294,0.9900095174,0.1274259347,0.0603637857,,,,
31138,0.0,135.629944,-707.022461,1676.701294,0.9940951382,0.0901724434,0.0603637857,,,,
31139,0.0,137.353043,-704.446411,1676.701294,0.9961391433,0.0637418273,0.0603637857,,,,
31140,0.0,139.419113,-701.497009,1676.701294,0.9975936737,0.034103894,0.0603637857,,,,
31141,0.0,141.005081,-699.374634,1676.701294,0.9981324135,0.0014504657,0.061070298,,,,
31142,0.0,142.905289,-696.825623,1676.701294,0.9978100724,-0.0247956996,0.0613207363,,,,
31143,0.0,144.685196,-694.541199,1676.701294,0.9969096509,-0.0481429552,0.0620757906,,,,
31144,0.0,147.040451,-691.570496,1676.701294,0.9954304563,-0.0717226905,0.0630401646,,,,
31145,0.0,149.268921,-688.871277,1676.701294,0.9934614569,-0.0945296444,0.0640193717,,,,
31146,0.0,151.452728,-686.36377,1676.701294,0.9908297637,-0.1179959018,0.0658281589,,,,
31147,0.0,153.351669,-684.300354,1676.701294,0.9877476551,-0.1407868836,0.0673321851,,,,
31148,0.0,155.808136,-681.65802,1676.701294,0.98432322,-0.1624442656,0.0686997747,,,,
31149,0.0,158.128784,-679.239319,1676.701294,0.98125349,-0.1796590356,0.0697439554,,,,
31150,0.0,160.617081,-676.78894,1676.701294,0.9780016894,-0.1962367873,0.0707376764,,,,
31151,0.0,163.419144,-674.103455,1676.701294,0.9746775108,-0.2117612179,0.0718396589,,,,
31152,0.0,165.275253,-672.391907,1676.701294,0.9724577245,-0.2214994741,0.0725531328,,,,
31153,0.0,168.114548,-669.855713,1676.701294,0.9696862589,-0.2329964757,0.073628809,,,,
31154,0.0,170.442459,-667.878052,1676.701294,0.9668081512,-0.2443623543,0.074625992,,,,
31155,0.0,173.600647,-665.226746,1676.701294,0.9636277547,-0.2563154565,0.075656706,,,,
31156,0.0,175.72934,-663.510132,1676.701294,0.9609235588,-0.266067344,0.0763811667,,,,
31157,0.0,178.640244,-661.26001,1676.701294,0.9564277609,-0.2814810966,0.077552115,,,,
31158,0.0,181.230988,-659.342041,1676.701294,0.9527817445,-0.2933066455,0.0786012662,,,,
31159,0.0,183.619202,-657.590576,1676.701294,0.9502321495,-0.3012744933,0.0793255432,,,,
31160,0.0,186.845673,-655.299316,1676.701294,0.9450452127,-0.3168928443,0.0804268065,,,,
31161,0.0,189.892853,-653.240234,1676.701294,0.9395558731,-0.3325632144,0.0814645312,,,,
31162,0.0,194.814178,-650.06311,1676.741577,0.9282010954,-0.3624560639,0.0840733501,,,,
31163,0.0,197.5681,-648.389038,1676.854248,0.9221572859,-0.3774178292,0.0847450428,,,,
31164,0.0,200.9832,-646.350769,1677.051025,0.9169797929,-0.3897211923,0.0852376186,,,,
31165,0.0,203.949188,-644.644165,1677.211914,0.9121047146,-0.4008180015,0.0860808876,,,,
31166,0.0,206.993774,-642.975281,1677.376831,0.9055736849,-0.4149798889,0.0879090042,,,,
31167,0.0,209.445847,-641.691101,1677.50354,0.9000883985,-0.426527246,0.0889684402,,,,
31168,0.0,212.891052,-639.910095,1677.673828,0.8943929769,-0.4381487458,0.0899270787,,,,
31169,0.0,216.118027,-638.309692,1677.706177,0.8881825026,-0.4505715814,0.0900949063,,,,
31170,0.0,219.36879,-636.770691,1677.701294,0.8840598902,-0.4586076922,0.0900949236,,,,
31171,0.0,221.690704,-635.705139,1677.701294,0.8823189385,-0.461948264,0.0900949063,,,,
31172,0.0,225.190491,-634.325073,1677.701294,0.8809066498,-0.4646357521,0.0900949063,,,,
31173,0.0,227.754028,-633.523804,1677.701294,0.8801678269,-0.466033805,0.0900948889,,,,
31174,0.0,230.591446,-632.866516,1677.701294,0.8793750459,-0.4675280061,0.0900949063,,,,
31175,0.0,234.528549,-632.168457,1677.701294,0.878620075,-0.4689452758,0.0900949063,,,,
31176,0.0,237.824509,-631.777649,1677.701294,0.8785146346,-0.4691427763,0.0900949063,,,,
31177,0.0,240.856384,-631.573059,1677.701294,0.8785146346,-0.4691427763,0.0900949063,,,,
31178,0.0,244.213776,-631.449402,1677.701294,0.8789148088,-0.4683926384,0.0900949236,,,,
31179,0.0,247.325912,-631.378662,1677.701294,0.8854368724,-0.4559434756,0.0900949063,,,,
31180,0.0,250.891556,-630.779907,1677.701294,0.9206530541,-0.3792263201,0.0926571753,,,,
31181,0.0,254.359833,-629.938049,1677.701294,0.9590628893,-0.2671874001,0.0938576987,,,,
31182,0.0,257.384674,-628.816528,1677.701294,0.9896184259,-0.1080321813,0.0947861749,,,,
31183,0.0,259.51123,-627.639343,1677.702026,0.9922961962,0.0811951434,0.0935714038,,,,
31184,0.0,262.948273,-626.698181,1677.701416,0.9588101165,0.2686835018,0.0921538732,,,,
31185,0.0,266.568176,-624.963989,1677.701416,0.8532828435,0.5135827064,0.0902285581,,,,
31186,0.0,269.696228,-623.145508,1677.701172,0.7052281366,0.7029970517,0.0919152913,,,,
31187,0.0,272.139404,-621.414917,1677.70105,0.5333756783,0.8404740787,0.0954657472,,,,
31188,0.0,273.567932,-620.328491,1677.700562,0.4310753136,0.8970791151,0.0970728344,0.0708860391,670.3086004693,1812.6564253818,6.0
31189,0.0,276.568665,-618.394714,1677.700928,0.2775208515,0.9555803901,0.0992385761,0.1422378207,929.8453078995,1808.8731005214,6.0
31190,0.0,279.047363,-616.900757,1677.701416,0.2008183339,0.9747741722,0.0974028234,,,,
31191,0.0,280.992401,-615.624756,1677.701416,0.1752362202,0.9799067196,0.0952632562,,,,
31192,0.0,283.710754,-613.772156,1677.701294,0.1592097408,0.9828267251,0.0932946238,,,,
31193,0.0,286.208801,-611.74884,1677.701294,0.156473605,0.983297832,0.092959048,,,,
31194,0.0,288.367584,-609.672485,1677.701294,0.1573756825,0.9831538587,0.092959048,,,,
31195,0.0,290.272949,-607.591248,1677.701294,0.1582815394,0.9830084281,0.092959048,,,,
31196,0.0,292.19986,-605.231018,1677.701294,0.1583721505,0.9830791027,0.092052918,,,,
31197,0.0,294.010895,-602.752625,1677.701294,0.1583728632,0.983083527,0.0920044299,,,,
31198,0.0,295.145203,-601.055359,1677.701294,0.1583728632,0.983083527,0.0920044299,,,,
31199,0.0,298.313019,-595.715576,1677.701294,0.1590061509,0.9829812963,0.0920044299,,,,
31200,0.0,299.925568,-592.631714,1677.701294,0.1607914239,0.982760048,0.0912622924,,,,
31201,0.0,301.258606,-589.875122,1677.701294,0.1619095611,0.982596174,0.0910497273,,,,
31202,0.0,302.634369,-586.820496,1677.701294,0.1628884279,0.9824343797,0.0910497099,,,,
31203,0.0,303.991974,-583.577698,1677.701294,0.1631103037,0.9824729236,0.0902329383,,,,
31204,0.0,304.5619965,-582.1070255,1677.701294,0.1633354705,0.9824622948,0.0899401291,,,,
31205,0.0,305.132019,-580.636353,1677.701294,0.1635606373,0.982451666,0.08964732,,,,
31206,0.0,306.480194,-577.048706,1677.701294,0.1640495186,0.9824146189,0.08915869,,,,
31207,0.0,308.236023,-571.87439,1677.701294,0.162376372,0.9827565943,0.0884499306,,,,
31208,0.0,309.42514,-568.110718,1677.701294,0.1599696337,0.9832389965,0.0874688066,,,,
31209,0.0,310.032333,-566.093109,1677.701294,0.1587770397,0.9834826252,0.0868905143,,,,
31210,0.0,311.619904,-560.62207,1677.701294,0.1556449015,0.9841212216,0.0853234194,,,,
31211,0.0,312.497711,-557.416321,1677.701294,0.1547455255,0.9842633649,0.085319698,,,,
31212,0.0,313.420898,-553.94165,1677.701294,0.1546940237,0.9842714606,0.085319698,,,,
31213,0.0,314.324554,-550.411743,1677.701294,0.1546940237,0.9842714606,0.085319698,,,,
31214,0.0,314.925751,-547.941467,1677.701294,0.1533595204,0.9844802723,0.085319698,,,,
31215,0.0,315.628754,-544.885864,1677.701294,0.1497025846,0.9850429865,0.085319698,,,,
31216,0.0,316.540192,-540.825439,1677.701294,0.1453185909,0.9856992712,0.0853197154,,,,
31217,0.0,317.340637,-537.08783,1677.701294,0.1398734457,0.9864866792,0.085319698,,,,
31218,0.0,318.012024,-533.763184,1677.701294,0.1342767298,0.9872005773,0.0860510315,,,,
31219,0.0,318.698059,-530.160583,1677.701294,0.1261759244,0.9881826849,0.0870322779,,,,
31220,0.0,319.295532,-526.896301,1677.701294,0.118921018,0.9890034529,0.0879202006,,,,
31221,0.0,319.963196,-522.933716,1677.701294,0.1071090979,0.9902560001,0.0889982886,,,,
31222,0.0,320.527924,-519.190063,1677.701294,0.0923502529,0.9916500332,0.0900091242,,,,
31223,0.0,320.968201,-515.700378,1677.701294,0.0723976712,0.9930636072,0.0926458274,,,,
31224,0.0,321.388733,-512.32605,1677.701294,0.0566883556,0.9939806097,0.0937495484,,,,
31225,0.0,321.800842,-508.822388,1677.701294,0.0418007297,0.9945583624,0.0954272647,,,,
31226,0.0,322.170471,-505.322418,1677.701294,0.0264060442,0.9949789465,0.0965381626,,,,
31227,0.0,322.576813,-501.182312,1677.701294,0.0119140112,0.9951886625,0.0972501026,,,,
31228,0.0,319.669006,-497.824036,1678.124268,0.0016228563,0.995212836,0.0977178464,,,,
31229,0.0,319.622498,-494.230713,1678.860474,-0.0113427577,0.9950588797,0.0986365435,,,,
31230,0.0,319.6592255,-493.743744,1678.860474,-0.012399064,0.9950331397,0.0987632602,,,,
31231,0.0,319.695953,-493.256775,1678.860474,-0.0134553704,0.9950073997,0.0988899768,,,,
31232,0.0,319.391602,-485.095612,1678.969604,-0.0290874426,0.9945023797,0.1005929294,,,,
31233,0.0,319.730408,-479.829895,1679.009888,-0.0431533954,0.9938507052,0.1019733308,,,,
31234,0.0,319.648865,-476.785645,1678.835327,-0.0506735153,0.9933901695,0.1029959516,,,,
31235,0.0,319.589203,-472.02713,1678.588623,-0.0647890311,0.99242787,0.1043518299,,,,
31236,0.0,319.641022,-469.047272,1678.654541,-0.0782174018,0.9913031658,0.1058303904,,,,
31237,0.0,319.553802,-465.088409,1678.313232,-0.0933935367,0.9897684132,0.1078709212,,,,
31238,0.0,319.384552,-461.230408,1677.44751,-0.1183913686,0.9866835983,0.1115300888,,,,
31239,0.0,319.309998,-457.65094,1677.479492,-0.1375222277,0.9838766381,0.1143433337,,,,
31240,0.0,319.148651,-453.904175,1677.125854,-0.16238148,0.9796524067,0.1179551478,,,,
31241,0.0,318.908203,-450.400024,1677.03772,-0.2106171242,0.9696395558,0.1242560215,,,,
31242,0.0,318.318298,-442.746094,1677.094116,-0.3013700745,0.9437919503,0.1357675687,,,,
31243,0.0,317.899139,-438.867828,1677.300171,-0.3690557446,0.9183669233,0.142828749,,,,
31244,0.0,317.695343,-437.071167,1677.591797,-0.4122554665,0.8980834208,0.1456233274,,,,
31245,0.0,317.491547,-435.274506,1677.883423,-0.4554551884,0.8777999184,0.1484179057,,,,
31246,0.0,316.803619,-430.807068,1678.254639,-0.538537268,0.828521613,0.1533934414,,,,
31247,0.0,315.037628,-423.498657,1679.073364,-0.6847390204,0.7119339776,0.1558283847,,,,
31248,0.0,314.2740935,-421.820587,1679.072998,-0.7026436714,0.6939083006,0.1553622299,,,,
31249,0.0,312.189117,-417.258545,1678.983032,-0.7392761209,0.6555149787,0.1541782402,,,,
31250,0.0,310.297424,-413.521393,1679.201782,-0.7717386034,0.6172600502,0.153001825,,,,
31251,0.0,308.338654,-410.293335,1679.164307,-0.79901792,0.5822476577,0.1501933045,,,,
31252,0.0,306.903656,-408.075928,1679.202637,-0.8155883285,0.5593603307,0.1480935479,,,,
31253,0.0,304.58551,-404.83136,1679.162598,-0.8410085977,0.5214682525,0.1441367414,,,,
31254,0.0,302.275085,-401.994904,1679.026001,-0.866429411,0.4796755989,0.1386051789,,,,
31255,0.0,299.812073,-399.269104,1678.888428,-0.8900527069,0.4363672704,0.1318703313,,,,
31256,0.0,297.13797,-396.523224,1678.168945,-0.9086824613,0.3981170018,0.1256942223,,,,
31257,0.0,295.553253,-395.020355,1677.883179,-0.9180571862,0.3775199353,0.1210359508,,,,
31258,0.0,292.127136,-391.790802,1677.41394,-0.9312730435,0.3460981322,0.1137831329,,,,
31259,0.0,289.231293,-389.214569,1676.821045,-0.9368855615,0.3320513734,0.1094866665,,,,
31260,0.0,286.353363,-386.695282,1676.747192,-0.9372569905,0.3311047884,0.1091739568,,,,
31261,0.0,285.572815,-386.024048,1676.747192,-0.9372569905,0.3311047884,0.1091739568,,,,
31262,0.0,281.235687,-382.510956,1675.900391,-0.9372569905,0.3311047884,0.1091739568,,,,
31263,0.0,278.071716,-380.158203,1675.790894,-0.9372569905,0.3311047884,0.1091739568,,,,
31264,0.0,275.61084,-378.44104,1675.770874,-0.9372569905,0.3311047884,0.1091739568,,,,
31265,0.0,272.556091,-376.721222,1675.817749,-0.9372569905,0.3311047884,0.1091739568,,,,
31266,0.0,268.926422,-374.468903,1675.793701,-0.9372569905,0.3311047884,0.1091739568,,,,
31267,0.0,266.43457,-373.300415,1676.350952,-0.9372569905,0.3311047884,0.1091739568,,,,
31268,0.0,262.981476,-371.431,1676.433472,-0.9372569905,0.3311047884,0.1091739568,,,,
31269,0.0,259.011414,-369.743835,1677.30896,-0.9372569905,0.3311047884,0.1091739568,,,,
31270,0.0,256.389069,-368.529846,1677.495728,-0.9372569905,0.3311047884,0.1091739568,,,,
31271,0.0,252.763611,-366.763428,1677.607422,-0.9372569905,0.3311047884,0.1091739568,,,,
31272,0.0,249.109833,-365.40097,1678.09436,-0.9372569905,0.3311047884,0.1091739568,,,,
31273,0.0,245.105515,-363.752075,1678.206909,-0.9372569905,0.3311047884,0.1091739568,,,,
31274,0.0,242.524124,-362.705322,1678.224365,-0.9372569905,0.3311047884,0.1091739568,,,,
31275,0.0,238.255356,-360.98175,1678.203003,-0.9372569905,0.3311047884,0.1091739568,,,,
31276,0.0,237.506454,-360.671082,1678.203003,-0.9372569905,0.3311047884,0.1091739568,,,,
31277,0.0,231.727356,-358.426392,1677.580811,-0.9372569905,0.3311047884,0.1091739568,,,,
31278,0.0,228.076218,-356.889648,1677.334473,-0.9372569905,0.3311047884,0.1091739568,,,,
31279,0.0,224.098572,-355.275238,1677.974487,-0.9372569905,0.3311047884,0.1091739568,,,,
31280,0.0,220.885727,-354.028961,1677.49707,-0.9372569905,0.3311047884,0.1091739568,,,,
31281,0.0,218.606964,-353.169189,1677.301758,-0.9372569905,0.3311047884,0.1091739568,,,,
31282,0.0,213.694305,-351.225739,1677.255005,-0.9372569905,0.3311047884,0.1091739568,,,,
31283,0.0,210.609772,-350.027252,1677.290405,-0.9373372751,0.3311331505,0.1083958916,,,,
31284,0.0,207.699066,-348.857178,1677.411743,-0.9386864823,0.3288280791,0.1036329209,,,,
31285,0.0,203.752548,-347.233246,1677.7323,-0.9414885317,0.3226684381,0.0973880065,,,,
31286,0.0,197.398361,-343.997345,1678.645508,-0.9437870398,0.3172138694,0.092959048,,,,
31287,0.0,195.694664,-343.238785,1678.8652955,-0.943754166,0.3174457904,0.0924985273,,,,
31288,0.0,190.743744,-341.41449,1679.055542,-0.9436661718,0.3180607201,0.0912772396,,,,
31289,0.0,187.965195,-339.93866,1679.61792,-0.9436496537,0.3181749226,0.0910497099,,,,
31290,0.0,185.8246765,-339.144577,1679.709839,-0.9436496537,0.3181749226,0.0910497099,,,,
31291,0.0,181.288666,-334.785828,1677.701294,-0.9437168949,0.3181975946,0.0902702229,,,,
31292,0.0,179.407265,-334.090485,1677.701294,-0.9437633834,0.3182132694,0.0897256516,,,,
31293,0.0,174.98027,-332.480896,1677.701294,-0.944526341,0.3163347996,0.0883305479,,,,
31294,0.0,170.794083,-330.977386,1677.701294,-0.9454463463,0.3138688704,0.0872785108,,,,
31295,0.0,168.003906,-329.971985,1677.701294,-0.9456048154,0.3134046216,0.0872300192,,,,
31296,0.0,164.009491,-328.545776,1677.701294,-0.945781863,0.3128699271,0.0872300192,,,,
31297,0.0,161.28595,-327.573395,1677.701294,-0.9458444711,0.3128671773,0.0865584531,,,,
31298,0.0,158.048492,-326.425018,1677.701294,-0.9458678219,0.3128749013,0.086274907,,,,
31299,0.0,154.565033,-325.195251,1677.701294,-0.9458678219,0.3128749013,0.086274907,,,,
31300,0.0,150.750702,-323.864532,1677.701294,-0.9461498202,0.3120210861,0.086274907,,,,
31301,0.0,148.263245,-323.014496,1677.701294,-0.9468362211,0.310113996,0.0856182223,,,,
31302,0.0,144.531006,-321.776093,1677.701294,-0.9488493508,0.304196328,0.084554737,,,,
31303,0.0,141.761566,-320.894043,1677.701294,-0.9512344734,0.2967079706,0.084364428,,,,
31304,0.0,137.558273,-319.657837,1677.701294,-0.9574927335,0.2763416008,0.0827223362,,,,
31305,0.0,136.363388,-319.315216,1677.701294,-0.9593567289,0.2699430727,0.0822520771,,,,
31306,0.0,131.043747,-317.841858,1677.701294,-0.9673060085,0.2404101964,0.0807590452,,,,
31307,0.0,127.328705,-316.85733,1677.701294,-0.9725413137,0.2189506186,0.0788924574,,,,
31308,0.0,123.761276,-315.999237,1677.701294,-0.9783757062,0.1923927829,0.075934146,,,,
31309,0.0,121.016281,-315.367126,1677.701294,-0.9823081783,0.1719011128,0.0743010784,,,,
31310,0.0,118.550102,-314.860596,1677.701294,-0.9861277598,0.1492483092,0.0726428497,,,,
31311,0.0,114.554626,-314.014252,1677.701416,-0.9900942136,0.1213442567,0.0706329923,,,,
31312,0.0,111.143692,-316.19278,1679.186401,-0.9946539523,0.0767400604,0.0690975999,,,,
31313,0.0,107.855019,-315.526459,1679.084595,-0.9969377009,0.0368478013,0.0689743429,,,,
31314,0.0,104.949677,-315.342285,1679.400024,-0.9975692685,-0.0159287288,0.0678367902,,,,
31315,0.0,101.317924,-314.93808,1679.432129,-0.9954061802,-0.0688440131,0.0665359927,,,,
31316,0.0,97.940834,-314.663971,1679.397827,-0.9897490104,-0.1270679338,0.0651969059,,,,
31317,0.0,94.480995,-314.421661,1679.377563,-0.9795806412,-0.1906713826,0.0637666941,,,,
31318,0.0,89.738831,-314.500153,1679.0625,-0.9667309475,-0.2480879793,0.0623187752,,,,
31319,0.0,86.281296,-314.327301,1679.060181,-0.9572570424,-0.2826514565,0.0613767778,,,,
31320,0.0,82.991219,-314.361572,1678.488037,-0.9531294073,-0.2964413842,0.0605544277,,,,
31321,0.0,78.850601,-314.422943,1677.886841,-0.9508552305,-0.3038812829,0.0594179822,,,,
31322,0.0,76.358978,-314.528076,1678.026123,-0.9508387924,-0.3039349068,0.0594067621,,,,
31323,0.0,72.702339,-314.814545,1677.447754,-0.9508387924,-0.3039349068,0.0594067621,,,,
31324,0.0,68.232689,-315.18634,1677.2229,-0.9508387924,-0.3039349068,0.0594067621,,,,
31325,0.0,65.393272,-315.506287,1677.140503,-0.9508387924,-0.3039349068,0.0594067621,,,,
31326,0.0,58.872017,-316.345886,1677.183716,-0.9508387924,-0.3039349068,0.0594067621,,,,
31327,0.0,56.4641745,-316.6681365,1677.354187,-0.9508387924,-0.3039349068,0.0594067621,,,,
31328,0.0,51.176716,-317.515472,1677.440552,-0.9508387924,-0.3039349068,0.0594067621,,,,
31329,0.0,49.24271,-317.754684,1677.7489625,-0.9508387924,-0.3039349068,0.0594067621,,,,
31330,0.0,44.625145,-318.609283,1678.014038,-0.9508387924,-0.3039349068,0.0594067621,,,,
31331,0.0,40.890079,-319.022888,1678.689087,-0.9508387924,-0.3039349068,0.0594067621,,,,
31332,0.0,37.445122,-319.665894,1678.896973,-0.9508387924,-0.3039349068,0.0594067621,,,,
31333,0.0,36.6145995,-319.7090915,1679.020264,-0.9508387924,-0.3039349068,0.0594067621,,,,
31334,0.0,29.880405,-320.955017,1679.34021,-0.9508387924,-0.3039349068,0.0594067621,,,,
31335,0.0,26.952028,-321.728333,1679.39502,-0.9508387924,-0.3039349068,0.0594067621,,,,
31336,0.0,24.828847,-322.205399,1679.4397585,-0.9508387924,-0.3039349068,0.0594067621,,,,
31337,0.0,19.715899,-323.421295,1679.49646,-0.9508387924,-0.3039349068,0.0594067621,,,,
31338,0.0,16.817911,-324.149902,1679.439819,-0.9512545114,-0.3026312791,0.0594067621,,,,
31339,0.0,13.635312,-325.000977,1679.320068,-0.9514198304,-0.3021111433,0.0594067621,,,,
31340,0.0,9.766474,-326.154297,1679.031128,-0.9516526329,-0.3013770114,0.0594067621,,,,
31341,0.0,6.587137,-327.071289,1679.141357,-0.9517090352,-0.3011988529,0.0594067621,,,,
31342,0.0,3.574892,-328.068848,1678.51416,-0.9517090352,-0.3011988529,0.0594067621,,,,
31343,0.0,-0.679199,-329.408417,1678.105347,-0.9517090352,-0.3011988529,0.0594067621,,,,
31344,0.0,-3.68458,-330.326202,1678.25415,-0.9517090352,-0.3011988529,0.0594067621,,,,
31345,0.0,-6.644027,-331.258545,1677.830078,-0.9517090352,-0.3011988529,0.0594067621,,,,
31346,0.0,-8.926438,-331.993256,1677.220581,-0.9517090352,-0.3011988529,0.0594067621,,,,
31347,0.0,-13.801413,-333.47345,1676.966309,-0.9517090352,-0.3011988529,0.0594067621,,,,
31348,0.0,-15.425763,-333.93512,1676.959961,-0.9517090352,-0.3011988529,0.0594067621,,,,
31349,0.0,-20.082497,-335.380066,1676.993896,-0.9517090352,-0.3011988529,0.0594067621,,,,
31350,0.0,-22.475016,-336.161621,1676.979614,-0.9490948873,-0.309274931,0.0597320016,,,,
31351,0.0,-26.800364,-337.695251,1677.07605,-0.9443787917,-0.3232844053,0.0602983505,,,,
31352,0.0,-29.559406,-338.806641,1677.44043,-0.9367076375,-0.3444449906,0.062741137,,,,
31353,0.0,-33.664989,-340.605804,1678.003418,-0.9101390405,-0.4086988071,0.0679132683,,,,
31354,0.0,-36.906437,-341.993164,1677.792358,-0.8730611133,-0.4824470714,0.0707751069,,,,
31355,0.0,-40.156048,-343.678925,1678.28418,-0.8310122898,-0.551469659,0.0727996527,,,,
31356,0.0,-41.934273,-344.731781,1678.574097,-0.8016902566,-0.5931597795,0.0738526125,,,,
31357,0.0,-45.427212,-346.746826,1678.916138,-0.7577071582,-0.6482347559,0.0753097847,,,,
31358,0.0,-49.136421,-348.997314,1679.175049,-0.7052996663,-0.7047585381,0.0766014607,,,,
31359,0.0,-51.469814,-350.57486,1679.229614,-0.6758159543,-0.7329926293,0.0774248106,,,,
31360,0.0,-54.240536,-352.623108,1679.179199,-0.6482814161,-0.7573545185,0.0783922119,,,,
31361,0.0,-57.542164,-355.055664,1679.005615,-0.6208337899,-0.7799888134,0.0786311407,,,,
31362,0.0,-60.633266,-357.119293,1678.904663,-0.6048436194,-0.7923580709,0.0795794165,,,,
31363,0.0,-62.301609,-358.412659,1678.77356,-0.5988241946,-0.7969162518,0.0795868802,,,,
31364,0.0,-65.683983,-361.078949,1678.573364,-0.5901085762,-0.8033914343,0.0795868802,,,,
31365,0.0,-68.772186,-363.412476,1678.15564,-0.5851899112,-0.8068972029,0.0804342697,,,,
31366,0.0,-71.281654,-365.498901,1677.771851,-0.5821407155,-0.8090890502,0.0805425118,,,,
31367,0.0,-74.415634,-368.216339,1677.343018,-0.5784844679,-0.8117072247,0.0805425465,,,,
31368,0.0,-76.4589,-370.077972,1677.00647,-0.5766892784,-0.8129836249,0.0805425465,,,,
31369,0.0,-81.722649,-375.16687,1677.031372,-0.5689745581,-0.8183067953,0.0814981041,,,,
31370,0.0,-83.2015385,-376.588791,1677.0753175,-0.5670826,-0.8195699834,0.0819571904,,,,
31371,0.0,-84.680428,-378.010712,1677.119263,-0.5651906419,-0.8208331716,0.0824162768,,,,
31372,0.0,-89.514404,-382.969177,1677.524536,-0.5588639928,-0.8251499487,0.0824536215,,,,
31373,0.0,-91.372757,-384.879547,1677.674805,-0.5577196537,-0.8259238392,0.0824536215,,,,
31374,0.0,-93.329727,-386.839722,1678.078613,-0.5571690896,-0.8262953503,0.0824536215,,,,
31375,0.0,-96.419197,-390.397339,1678.203369,-0.5571690896,-0.8262953503,0.0824536215,,,,
31376,0.0,-97.7431105,-391.843216,1678.3150635,-0.5567760551,-0.8265601008,0.0824536215,,,,
31377,0.0,-101.179504,-395.383698,1678.794922,-0.5543870797,-0.828164456,0.0824536215,,,,
31378,0.0,-103.883774,-395.544861,1677.701294,-0.5508736449,-0.8304439024,0.0830731749,,,,
31379,0.0,-106.822548,-399.30838,1677.701294,-0.5413057798,-0.8366785392,0.0834090805,,,,
31380,0.0,-108.468391,-401.50647,1677.701294,-0.532609033,-0.8421693713,0.0841330375,,,,
31381,0.0,-110.691872,-404.544495,1677.701294,-0.5209756201,-0.8493471957,0.0848159437,,,,
31382,0.0,-112.399406,-406.879486,1677.701294,-0.5142951754,-0.8533752555,0.0851536604,,,,
31383,0.0,-114.919106,-410.367065,1677.701294,-0.505735589,-0.8584591197,0.0853197154,,,,
31384,0.0,-117.079819,-413.45639,1677.701294,-0.497797845,-0.8630020872,0.086166717,,,,
31385,0.0,-118.720108,-415.861023,1677.701294,-0.4905047035,-0.8670902184,0.0869464724,,,,
31386,0.0,-120.772804,-418.953217,1677.701294,-0.4807713099,-0.8724120171,0.0880694038,,,,
31387,0.0,-122.610168,-421.73233,1677.701294,-0.4742377857,-0.8759020303,0.0888490631,,,,
31388,0.0,-124.858742,-425.22348,1677.701294,-0.464259017,-0.8812023729,0.0891400198,,,,
31389,0.0,-126.936256,-428.578583,1677.701294,-0.4528179422,-0.8870442786,0.0900464269,,,,
31390,0.0,-128.744156,-431.655029,1677.701294,-0.4365408344,-0.8949754196,0.0919298552,,,,
31391,0.0,-129.84523,-433.574219,1677.701294,-0.4270719665,-0.8994531215,0.0927017677,,,,
31392,0.0,-132.182251,-437.614471,1677.701294,-0.4128277837,-0.9059641008,0.0938204092,,,,
31393,0.0,-133.842453,-440.663116,1677.701294,-0.3963437877,-0.9130263746,0.0964076824,,,,
31394,0.0,-135.110306,-443.075317,1677.701294,-0.3823655262,-0.918795647,0.0980365418,,,,
31395,0.0,-137.039062,-446.900543,1677.701294,-0.3574663399,-0.9285169904,0.1003693903,,,,
31396,0.0,-138.843262,-450.428009,1677.701294,-0.3460271445,-0.9327133687,0.1015430311,,,,
31397,0.0,-140.028183,-452.741669,1677.701294,-0.343419475,-0.9336762369,0.1015467816,,,,
31398,0.0,-141.97821,-456.591949,1677.701294,-0.3424122329,-0.9340461003,0.1015467642,,,,
31399,0.0,-143.456131,-459.578552,1677.701294,-0.3424122329,-0.9340461003,0.1015467642,,,,
31400,0.0,-144.762115,-462.270386,1677.701294,-0.3424122329,-0.9340461003,0.1015467642,,,,
31401,0.0,-146.410461,-465.756439,1677.701294,-0.3424122329,-0.9340461003,0.1015467642,,,,
31402,0.0,-148.217224,-469.633667,1677.701294,-0.3424122329,-0.9340461003,0.1015467642,,,,
31403,0.0,-149.223297,-472.334534,1677.701294,-0.3424122329,-0.9340461003,0.1015467642,,,,
31404,0.0,-149.490952,-476.242126,1677.691406,-0.3432380815,-0.9337429379,0.1015467642,,,,
31405,0.0,-149.579636,-478.336884,1677.612427,-0.3442529589,-0.9334052649,0.101215176,,,,
31406,0.0,-149.864212,-482.897766,1677.323975,-0.3459141301,-0.9328540085,0.1006320695,,,,
31407,0.0,-149.947342,-484.224152,1677.24707,-0.3463741512,-0.9327071912,0.1004103719,,,,
31408,0.0,-149.947342,-484.224152,1677.24707,-0.3463741512,-0.9327071912,0.1004103719,,,,
31409,0.0,-151.073593,-492.694672,1676.820923,-0.3513813064,-0.9311575474,0.0973488538,,,,
31410,0.0,-151.646301,-496.229095,1676.71936,-0.3530365524,-0.9306654578,0.0960572659,,,,
31411,0.0,-152.336716,-499.967865,1676.700073,-0.3566546892,-0.9293994454,0.094942633,,,,
31412,0.0,-152.974106,-503.135284,1676.701294,-0.3585151351,-0.9288563589,0.0932349852,,,,
31413,0.0,-154.47435,-509.773865,1676.701294,-0.3628558421,-0.9274508206,0.0903914445,,,,
31414,0.0,-155.307953,-513.120605,1676.701294,-0.3676663732,-0.9257728434,0.0881253675,,,,
31415,0.0,-156.023224,-515.695801,1676.701294,-0.3734222435,-0.9236960997,0.0856816406,,,,
31416,0.0,-156.750435,-518.2893065,1676.701294,-0.3773346109,-0.9222416488,0.0840769628,,,,
31417,0.0,-157.477646,-520.882812,1676.701294,-0.3812469783,-0.9207871979,0.0824722851,,,,
31418,0.0,-157.987442,-522.627747,1676.701294,-0.3850451294,-0.9193253,0.0811248488,,,,
31419,0.0,-160.799194,-530.950989,1676.701294,-0.4164722495,-0.9062811251,0.0721483724,,,,
31420,0.0,-162.063965,-534.233643,1676.701294,-0.4373518547,-0.8967893571,0.0670239074,,,,
31421,0.0,-162.306122,-534.8169255,1676.701233,-0.442091393,-0.8945200046,0.0660346112,,,,
31422,0.0,-164.809174,-541.049927,1676.701294,-0.4744081752,-0.878264428,0.0599039049,,,,
31423,0.0,-166.305786,-544.539307,1676.701294,-0.4942330825,-0.8675143981,0.0561464984,,,,
31424,0.0,-167.638733,-547.321655,1676.701172,-0.5161376049,-0.8549291596,0.0519432859,,,,
31425,0.0,-169.543442,-551.370483,1676.701294,-0.539702648,-0.8405231817,0.0473479963,,,,
31426,0.0,-171.184845,-554.55304,1676.701294,-0.5636116904,-0.8249269834,0.04286414,,,,
31427,0.0,-172.808899,-557.655579,1676.701294,-0.5821840096,-0.8120816349,0.039814536,,,,
31428,0.0,-174.308411,-560.454468,1676.701294,-0.5970163816,-0.8013593571,0.037344624,,,,
31429,0.0,-175.780807,-563.061523,1676.701172,-0.6119772287,-0.7901054315,0.0348895195,,,,
31430,0.0,-177.740555,-566.510254,1676.701172,-0.6260633978,-0.7790905377,0.0325968703,,,,
31431,0.0,-180.195572,-570.656555,1676.701294,-0.6439714945,-0.7644926121,0.0291849337,,,,
31432,0.0,-181.807678,-573.17218,1676.701294,-0.657438205,-0.7530081061,0.0274553958,,,,
31433,0.0,-184.232086,-576.875,1676.701294,-0.6740548913,-0.7382527636,0.0251567207,,,,
31434,0.0,-185.887741,-579.457397,1676.701294,-0.6786192279,-0.7340900558,0.024243215,,,,
31435,0.0,-187.618866,-582.110413,1676.701294,-0.6818537471,-0.7311135296,0.0234195314,,,,
31436,0.0,-188.1288985,-582.877991,1676.701294,-0.6826583923,-0.7303679911,0.0232136031,,,,
31437,0.0,-192.198151,-588.863037,1676.701294,-0.6850844226,-0.7281002547,0.0230076749,,,,
31438,0.0,-194.690308,-592.415771,1676.701294,-0.68544849,-0.7277575244,0.0230076749,,,,
31439,0.0,-196.516571,-594.951294,1676.701294,-0.6854606963,-0.7277460276,0.0230076749,,,,
31440,0.0,-198.428543,-597.501343,1676.701294,-0.6873553821,-0.7259567656,0.0230076749,,,,
31441,0.0,-201.090851,-600.952576,1676.701294,-0.6912542701,-0.7222711204,0.0221802336,,,,
31442,0.0,-202.487762,-602.717773,1676.701294,-0.6936733399,-0.7199521725,0.0220491915,,,,
31443,0.0,-205.727219,-606.76947,1676.701294,-0.6975820957,-0.7161655206,0.0220491915,,,,
31444,0.0,-208.308945,-609.928284,1676.701294,-0.7006509314,-0.7131634499,0.022049174,,,,
31445,0.0,-209.953995,-611.912598,1676.701294,-0.7020889669,-0.7117477894,0.0220491915,,,,
31446,0.0,-212.164886,-614.527649,1676.701294,-0.7042862751,-0.7095735874,0.0220491915,,,,
31447,0.0,-215.153351,-618.027771,1676.701294,-0.7065441099,-0.707325423,0.0220491915,,,,
31448,0.0,-217.947754,-621.183411,1676.701294,-0.7121009018,-0.7017308165,0.0220491915,,,,
31449,0.0,-219.680054,-623.070068,1676.701294,-0.7175766924,-0.6961303933,0.022049174,,,,
31450,0.0,-222.42627,-626.080322,1676.701294,-0.7227938063,-0.690711913,0.0220491915,,,,
31451,0.0,-225.343277,-629.200134,1676.701294,-0.7295490167,-0.683573014,0.0220491915,,,,
31452,0.0,-229.892807,-633.920532,1676.701294,-0.7411410048,-0.6709872161,0.0220491915,,,,
31453,0.0,-231.444336,-635.484436,1676.701294,-0.7458555231,-0.6657050728,0.0220491915,,,,
31454,0.0,-232.995865,-637.04834,1676.701294,-0.7505700415,-0.6604229296,0.0220491915,,,,
31455,0.0,-235.723938,-639.720093,1676.701294,-0.7593464922,-0.6503128001,0.0220491915,,,,
31456,0.0,-240.436081,-644.255981,1676.701294,-0.7716127681,-0.635737573,0.0212479241,,,,
31457,0.0,-242.119484,-645.832977,1676.701294,-0.776350399,-0.6299011058,0.0211692972,,,,
31458,0.0,-245.979263,-649.380676,1676.701294,-0.7874517341,-0.6160153814,0.0210906703,,,,
31459,0.0,-249.149475,-652.18634,1676.701294,-0.7983022168,-0.6019139394,0.0203268337,,,,
31460,0.0,-251.775604,-654.434082,1676.701294,-0.8071228231,-0.5900402063,0.0201321472,,,,
31461,0.0,-255.165237,-657.362488,1676.701294,-0.814980079,-0.5791391607,0.0201321472,,,,
31462,0.0,-257.20462,-658.997314,1676.701294,-0.8239245514,-0.5663532823,0.0198063941,,,,
31463,0.0,-261.039795,-661.964294,1676.701294,-0.8402242245,-0.5418997499,0.0191810742,,,,
31464,0.0,-263.716553,-664.279968,1676.701294,-0.8506594912,-0.5253673035,0.0191735881,,,,
31465,0.0,-265.625702,-665.974976,1676.701294,-0.8634457422,-0.5040916525,0.0187897896,,,,
31466,0.0,-268.171326,-668.458984,1676.701294,-0.8761005738,-0.4817780682,0.0183760086,,,,
31467,0.0,-271.377899,-671.679443,1676.701294,-0.8955186239,-0.4446149924,0.019076234,,,,
31468,0.0,-273.661041,-674.161743,1676.701294,-0.9106322096,-0.4127505765,0.0196453665,,,,
31469,0.0,-275.491638,-676.30072,1676.701294,-0.9194811998,-0.3926262864,0.0199730401,,,,
31470,0.0,-278.045746,-679.353882,1676.701294,-0.9316435635,-0.3627948946,0.0204971947,,,,
31471,0.0,-280.491455,-682.492126,1676.701294,-0.9425926122,-0.333281973,0.0210307839,,,,
31472,0.0,-282.371185,-684.957825,1676.701294,-0.9497143505,-0.3124065237,0.0210906703,,,,
31473,0.0,-284.564362,-688.003967,1676.701294,-0.9567706634,-0.2900453932,0.0215306202,,,,
31474,0.0,-286.344452,-690.591309,1676.701294,-0.9600367021,-0.2790167653,0.0218900733,,,,
31475,0.0,-288.875427,-694.407715,1676.701294,-0.9628398306,-0.2691714952,0.0220491915,,,,
31476,0.0,-290.443665,-696.847656,1676.701294,-0.9640517025,-0.2647983156,0.0220491915,,,,
31477,0.0,-292.706116,-700.43866,1676.701294,-0.9647337142,-0.2623026759,0.0220491915,,,,
31478,0.0,-294.803314,-703.848083,1676.701294,-0.964783785,-0.262118449,0.0220491915,,,,
31479,0.0,-296.325256,-706.341614,1676.701294,-0.964783785,-0.262118449,0.0220491915,,,,
31480,0.0,-298.586914,-710.07666,1676.701294,-0.964783785,-0.262118449,0.0220491915,,,,
31481,0.0,-299.835449,-712.169617,1676.701294,-0.964783785,-0.262118449,0.0220491915,,,,
31482,0.0,-302.188812,-716.096802,1676.701294,-0.964783785,-0.262118449,0.0220491915,,,,
31483,0.0,-304.442474,-719.895508,1676.701294,-0.964783785,-0.262118449,0.0220491915,,,,
31484,0.0,-305.746155,-722.108154,1676.701294,-0.964783785,-0.262118449,0.0220491915,,,,
31485,0.0,-307.455719,-725.034363,1676.701294,-0.9648760087,-0.2617787635,0.0220491915,,,,
31486,0.0,-309.905823,-729.210022,1676.701294,-0.9650219126,-0.26124039,0.0220491915,,,,
31487,0.0,-311.888123,-732.555481,1676.701294,-0.9661005598,-0.2572227469,0.0220491915,,,,
31488,0.0,-313.203217,-734.781189,1676.701294,-0.9668763554,-0.2542910664,0.0220491915,,,,
31489,0.0,-315.394043,-738.392273,1676.701294,-0.9687314398,-0.2471933974,0.0213265508,,,,
31490,0.0,-318.854248,-744.020569,1676.701294,-0.973130419,-0.2294249213,0.0195292894,,,,
31491,0.0,-320.0139005,-745.874817,1676.701294,-0.9749534804,-0.2214299978,0.0191595395,,,,
31492,0.0,-321.173553,-747.729065,1676.701294,-0.9767765419,-0.2134350744,0.0187897896,,,,
31493,0.0,-323.499695,-751.391357,1676.701294,-0.9806478687,-0.1949305079,0.0182168786,,,,
31494,0.0,-326.973358,-756.700867,1676.701294,-0.9864011699,-0.1634343843,0.0173762518,,,,
31495,0.0,-328.1884765,-758.532654,1676.701294,-0.9880248267,-0.152952883,0.0173163436,,,,
31496,0.0,-331.036133,-762.776306,1676.701294,-0.9915314672,-0.1287150535,0.0172564355,,,,
31497,0.0,-333.086914,-765.796265,1676.701294,-0.9934290944,-0.1131408437,0.017256418,,,,
31498,0.0,-334.864777,-768.35675,1676.701294,-0.9948959762,-0.0994193741,0.0172564355,,,,
31499,0.0,-336.931702,-771.342163,1676.701294,-0.9959581787,-0.0881448902,0.0172564355,,,,
31500,0.0,-338.964142,-774.236938,1676.701294,-0.996779222,-0.0783160134,0.0172564355,,,,
31501,0.0,-340.4390715,-776.298828,1676.701294,-0.9972372876,-0.0719688193,0.0172564355,,,,
31502,0.0,-341.914001,-778.360718,1676.701294,-0.9976953532,-0.0656216253,0.0172564355,,,,
31503,0.0,-345.990082,-783.935913,1676.701294,-0.9984474398,-0.0529615463,0.0172564355,,,,
31504,0.0,-348.139801,-786.779114,1676.701294,-0.9986652378,-0.0485390155,0.0176552173,,,,
31505,0.0,-349.997894,-789.175171,1676.701294,-0.9988230326,-0.0450208073,0.0180465102,,,,
31506,0.0,-352.8172,-792.788269,1676.701294,-0.9989920628,-0.0410252515,0.0182150289,,,,
31507,0.0,-354.782013,-795.265503,1676.701294,-0.9990637482,-0.0392408,0.0182150115,,,,
31508,0.0,-357.67807,-798.869812,1676.701294,-0.9991368524,-0.0368675305,0.019139892,,,,
31509,0.0,-359.497253,-801.090332,1676.701294,-0.9992626612,-0.0332642079,0.0191735881,,,,
31510,0.0,-362.167053,-804.29071,1676.701294,-0.9994731992,-0.0258309162,0.0196491182,,,,
31511,0.0,-364.27066,-806.796082,1676.701294,-0.9995782649,-0.021037456,0.0200179384,,,,
31512,0.0,-366.582764,-809.509399,1676.701294,-0.9997151196,-0.0128209609,0.0201321298,,,,
31513,0.0,-368.403839,-811.572754,1676.701294,-0.9997841107,-0.0013959978,0.0207312111,,,,
31514,0.0,-371.997711,-817.296387,1672.893799,-0.9996749837,0.0130766028,0.0218844547,,,,
31515,0.0,-374.003632,-819.488892,1673.013428,-0.9994129125,0.0253848619,0.0230095419,,,,
31516,0.0,-376.324158,-821.866333,1673.570068,-0.9989075569,0.0398730599,0.0243686671,,,,
31517,0.0,-379.361908,-825.04541,1673.63562,-0.9978634817,0.0600778615,0.0256733807,,,,
31518,0.0,-382.012238,-827.661438,1674.066284,-0.996463776,0.0793956829,0.0275003385,,,,
31519,0.0,-384.980194,-830.549683,1674.501099,-0.9947057944,0.0986697349,0.0287169977,,,,
31520,0.0,-386.472412,-831.955383,1674.724976,-0.993805589,0.1071777561,0.0293833274,,,,
31521,0.0,-390.11438,-835.540894,1675.204102,-0.992151662,0.1212590487,0.030517579,,,,
31522,0.0,-393.151367,-838.418701,1675.377075,-0.9903915458,0.1346418511,0.0315619692,,,,
31523,0.0,-396.047913,-841.130554,1675.494751,-0.9894442363,0.1412068445,0.0325688552,,,,
31524,0.0,-398.146271,-843.041382,1675.468628,-0.9890329337,0.1440543705,0.0325913231,,,,
31525,0.0,-401.491577,-846.043823,1675.365356,-0.9885031243,0.1476461275,0.0325913231,,,,
31526,0.0,-404.522308,-848.753174,1674.976074,-0.987935327,0.1513987958,0.0325913231,,,,
31527,0.0,-407.280029,-851.131958,1675.023315,-0.9869301725,0.157640527,0.0334409746,,,,
31528,0.0,-410.093201,-853.63678,1674.651611,-0.986026051,0.1631779853,0.0335495429,,,,
31529,0.0,-413.253754,-856.346252,1674.413818,-0.9848316774,0.1702380585,0.0335495255,,,,
31530,0.0,-418.428131,-860.587952,1673.756348,-0.982453255,0.1834666998,0.0335495429,,,,
31531,0.0,-420.064148,-861.836182,1673.6641235,-0.981343126,0.189223992,0.0335495342,,,,
31532,0.0,-424.430481,-864.844055,1673.472656,-0.9773003498,0.2091852185,0.0335495255,,,,
31533,0.0,-425.948517,-865.865753,1673.6160275,-0.9759731788,0.2152040775,0.0335495342,,,,
31534,0.0,-427.466553,-866.887451,1673.759399,-0.9746460078,0.2212229365,0.0335495429,,,,
31535,0.0,-433.068085,-870.75238,1673.949707,-0.9675657094,0.2502515049,0.0345077144,,,,
31536,0.0,-434.610123,-871.6590575,1674.1729125,-0.965030614,0.2596173607,0.0349343962,,,,
31537,0.0,-436.152161,-872.565735,1674.396118,-0.9624955186,0.2689832166,0.0353610781,,,,
31538,0.0,-442.159912,-876.247681,1675.080811,-0.9526041002,0.301938228,0.0371313183,,,,
31539,0.0,-443.9157715,-877.252808,1675.2056275,-0.9467435118,0.3191979702,0.0381585945,,,,
31540,0.0,-448.134552,-879.665894,1675.420654,-0.9315365807,0.3613622669,0.0407051704,,,,
31541,0.0,-449.849182,-880.511658,1675.3674315,-0.9202850639,0.3879302532,0.0418538634,,,,
31542,0.0,-454.789642,-883.031799,1675.205566,-0.8886804551,0.4563421495,0.044708962,,,,
31543,0.0,-457.853882,-884.369141,1674.997681,-0.8597931409,0.5085341452,0.0463549136,,,,
31544,0.0,-461.500549,-885.819641,1674.553589,-0.8107686466,0.5832674319,0.0495308444,,,,
31545,0.0,-463.975281,-886.756226,1673.897095,-0.7628376759,0.6444468492,0.0526017,,,,
31546,0.0,-468.094299,-888.377441,1673.647217,-0.6935227881,0.7182882727,0.0555706723,,,,
31547,0.0,-470.902283,-889.284363,1673.339966,-0.6291961314,0.7751361107,0.0572384325,,,,
31548,0.0,-473.428528,-889.663818,1672.921021,-0.5621868273,0.8249027845,0.0590031136,,,,
31549,0.0,-475.331573,-889.871643,1672.587646,-0.5233166006,0.850043433,0.059715137,,,,
31550,0.0,-478.351593,-890.219055,1672.186035,-0.4881290348,0.8706946849,0.0601731763,,,,
31551,0.0,-482.624207,-890.839294,1672.071167,-0.4468192253,0.8925258677,0.0612385116,,,,
31552,0.0,-485.770935,-891.252502,1672.190308,-0.4366564854,0.8974828071,0.0620944818,,,,
31553,0.0,-488.659149,-891.461304,1672.380737,-0.4313867634,0.8999707825,0.0629130433,,,,
31554,0.0,-491.402466,-891.556763,1672.661377,-0.4296380056,0.9007844271,0.063234485,,,,
31555,0.0,-496.364136,-891.648804,1673.04187,-0.4296380056,0.9007844271,0.063234485,,,,
31556,0.0,-499.899872,-891.691467,1673.762939,-0.4296380056,0.9007844271,0.063234485,,,,
31557,0.0,-503.338257,-891.625732,1674.367065,-0.4296380056,0.9007844271,0.063234485,,,,
31558,0.0,-506.746521,-891.516968,1674.877563,-0.4296380056,0.9007844271,0.063234485,,,,
31559,0.0,-511.62381,-891.58783,1675.590454,-0.4296380056,0.9007844271,0.063234485,,,,
31560,0.0,-514.780884,-891.17157,1675.582275,-0.4296380056,0.9007844271,0.063234485,,,,
31561,0.0,-518.254822,-890.920349,1675.769043,-0.4296380056,0.9007844271,0.063234485,,,,
31562,0.0,-521.461426,-890.608337,1675.758301,-0.4296380056,0.9007844271,0.063234485,,,,
31563,0.0,-526.213684,-890.004028,1675.492798,-0.4296380056,0.9007844271,0.063234485,,,,
31564,0.0,-529.829468,-889.383423,1675.375732,-0.4296380056,0.9007844271,0.063234485,,,,
31565,0.0,-533.426941,-888.864502,1675.129028,-0.4257071067,0.9026488017,0.063234485,,,,
31566,0.0,-536.294312,-888.300232,1675.009888,-0.4183359214,0.9060492478,0.0637951199,,,,
31567,0.0,-541.208496,-887.347778,1674.634644,-0.387587364,0.9195341007,0.0650620694,,,,
31568,0.0,-544.55658,-886.556396,1674.424072,-0.3643045559,0.9289983456,0.0651480186,,,,
31569,0.0,-547.874756,-885.599731,1674.34082,-0.3324150293,0.9408278564,0.0659029058,,,,
31570,0.0,-550.674194,-884.664429,1674.331299,-0.2881544104,0.955299538,0.0661046787,,,,
31571,0.0,-554.62915,-882.852905,1674.461182,-0.1782884977,0.9816307707,0.0679282086,,,,
31572,0.0,-557.090942,-881.31488,1674.277832,-0.1201358295,0.9903725111,0.0687726092,,,,
31573,0.0,-560.255066,-878.905029,1673.441406,-0.0103134141,0.9974326172,0.0708647135,,,,
31574,0.0,-561.414001,-877.942322,1673.643799,0.1094682139,0.9913541297,0.0723443133,0.09427775,955.5118651544,2254.2479191402,1.0
31575,0.0,-563.25354,-877.337891,1674.941284,0.2806181098,0.9568401483,0.0755672355,0.034542052,588.2072077417,2257.4825248871,1.0
31576,0.0,-565.046936,-877.228271,1675.068481,0.3787556828,0.9220566148,0.0797228443,0.0130633245,364.1134517138,2260.0489926665,1.0
31577,0.0,-567.79895,-877.038818,1675.667358,0.5420142779,0.8356586584,0.0888545391,0.0016159544,128.6583749708,2264.039700712,1.0
31578,0.0,-571.364319,-876.630554,1676.029297,0.6442608412,0.7591395228,0.0929255263,0.0136046699,372.879584247,2268.2543809245,1.0
31579,0.0,-577.061462,-875.907593,1676.529541,0.7861877088,0.6103296647,0.0969875605,0.0063829986,102.8921209001,912.1134928479,0.0
31580,0.0,-578.842773,-875.292572,1676.5233155,0.8190126237,0.5621227142,0.0991479894,0.0062200193,101.5189035007,911.6902640201,0.0
31581,0.0,-583.232056,-873.841492,1676.518311,0.8881180281,0.4467289235,0.1080723693,0.0135867675,149.5943064166,910.5885669266,0.0
31582,0.0,-586.199219,-872.930054,1676.328857,0.9047562909,0.4106901148,0.112914497,0.0197939556,180.1938210808,910.161389849,0.0
31583,0.0,-589.361572,-871.846497,1676.151001,0.9136746599,0.3895308366,0.116035956,0.0181740366,473.3724792404,2494.2762359163,6.0
31584,0.0,-591.236969,-871.1595765,1676.069153,0.9176744046,0.3790756688,0.1185070032,0.020181422,498.1972398386,2495.4714495083,6.0
31585,0.0,-595.907837,-869.479919,1675.976196,0.9238970857,0.3623316439,0.1230038811,0.0234573602,537.9811529171,2498.4714974564,6.0
31586,0.0,-599.813965,-868.424377,1675.918945,0.9252212025,0.3584680091,0.1243640333,0.0241675302,546.5581375748,2501.1812856377,6.0
31587,0.0,-602.508118,-867.675537,1675.962769,0.9260084419,0.3561431596,0.1251815295,0.0244824524,549.9605376629,2500.7116812668,6.0
31588,0.0,-604.5255435,-867.243805,1675.995728,0.9260938951,0.3558894042,0.1252707059,0.0280415276,388.1571844234,1704.1444174105,3.0
31589,0.0,-609.439392,-866.458923,1676.104858,0.9264773769,0.3548585273,0.125359865,0.0242091983,546.7396676472,2499.8842518879,6.0
31590,0.0,-612.339844,-866.092529,1676.24707,0.9269203941,0.3534606516,0.1260323398,0.0243494029,548.2547947216,2499.6730665703,6.0
31591,0.0,-616.766235,-865.724792,1676.531982,0.9277291478,0.3512323545,0.126310971,0.0245297213,550.304217349,2499.8922153078,6.0
31592,0.0,-619.448486,-865.443115,1676.908447,0.9283013569,0.3497171946,0.1263110229,0.0246281401,551.2165428404,2499.0906155608,6.0
31593,0.0,-624.23291,-865.312866,1677.472656,0.9290119249,0.3478252052,0.1263110056,0.0247317491,552.5208232,2499.8168575229,6.0
31594,0.0,-627.9505,-865.330933,1677.930298,0.9293346145,0.3469621138,0.1263109883,0.0331881206,232.4689753135,909.8970564137,0.0
31595,0.0,-631.693665,-865.417114,1678.465576,0.92943332,0.3466976173,0.1263109883,0.0331737524,232.5896715669,910.5632704213,0.0
31596,0.0,-637.048584,-866.075806,1678.905029,0.92943332,0.3466976173,0.1263109883,0.0243030209,548.1780951128,2501.6778245418,6.0
31597,0.0,-640.198975,-866.553162,1678.886963,0.92943332,0.3466976173,0.1263109883,0.0241694852,546.9769887639,2502.9980523568,6.0
31598,0.0,-643.466125,-867.09259,1678.756348,0.92943332,0.3466976173,0.1263109883,0.0239921238,545.0496198447,2503.2680638786,6.0
31599,0.0,-647.16748,-867.758667,1678.063232,0.92943332,0.3466976173,0.1263109883,0.0237525488,542.3533360486,2503.263372453,6.0
31600,0.0,-652.052124,-868.706604,1677.822632,0.92943332,0.3466976173,0.1263109883,0.0234797745,539.4403606162,2504.066423456,6.0
31601,0.0,-655.223267,-869.121887,1677.612671,0.9289622308,0.3482508561,0.1255010552,0.0228933537,532.8358058958,2504.5150386667,6.0
31602,0.0,-658.973633,-869.390198,1677.157715,0.9266806777,0.355254873,0.1227065474,0.0210444542,511.2073916139,2505.0146595549,6.0
31603,0.0,-662.23468,-869.42041,1676.799805,0.9227168186,0.3658043314,0.1215765761,0.0188857662,484.5695640453,2505.1519266724,6.0
31604,0.0,-665.402344,-869.404114,1676.592041,0.9196334699,0.3737269825,0.120840488,0.0173548231,464.845837591,2505.9727924,6.0
31605,0.0,-668.95282,-869.032288,1676.346924,0.9130576843,0.3895904009,0.1206025896,0.0148186098,429.8936182221,2506.4391683982,6.0
31606,0.0,-671.957825,-868.224121,1676.065552,0.9053971755,0.4070761334,0.1206025549,0.0124545426,394.3151036438,2506.2303599977,6.0
31607,0.0,-674.848083,-867.82135,1675.789429,0.8992323891,0.4202931351,0.1213869473,0.011010851,370.8956100071,2506.2537696831,6.0
31608,0.0,-678.154114,-867.618164,1675.86731,0.8961301311,0.4268200432,0.1215542629,0.0103088506,359.0182113266,2506.7932835449,6.0
31609,0.0,-680.823547,-868.296387,1675.880737,0.8950659951,0.4290471234,0.1215542283,0.0100287195,354.208244276,2507.3358943055,6.0
31610,0.0,-683.113098,-868.402588,1676.0177,0.8949534565,0.4292818094,0.1215542629,0.0099287455,352.5040156686,2507.7403451774,6.0
31611,0.0,-685.602356,-869.13147,1676.310913,0.8949534565,0.4292818094,0.1215542629,0.0098508917,351.1895619747,2508.1933900302,6.0
31612,0.0,-687.501587,-870.222961,1676.556519,0.8949534565,0.4292818094,0.1215542629,0.0097810308,349.9482976678,2508.1940949916,6.0
31613,0.0,-686.821655,-870.896423,1676.009521,0.8949534565,0.4292818094,0.1215542629,0.0096982461,348.1430314385,2505.8302209633,6.0
31614,0.0,-686.437805,-871.924377,1675.695435,0.8949534565,0.4292818094,0.1215542629,0.0096562039,347.2198128921,2504.5934140929,6.0
31615,0.0,-686.766724,-874.046021,1675.703979,0.8949534565,0.4292818094,0.1215542629,0.0096108787,346.284188405,2503.6990174879,6.0
31616,0.0,-686.810425,-875.54541,1675.601318,0.8949534565,0.4292818094,0.1215542629,0.0095796807,345.6327235482,2503.0350937539,6.0
31617,0.0,-687.819641,-877.741028,1676.157715,0.8949534565,0.4292818094,0.1215542629,0.0095526503,345.1228159547,2502.8590076793,6.0
31618,0.0,-688.614746,-880.623047,1677.085693,0.8948510216,0.4295851262,0.1212364156,0.0094706281,343.5309278828,2502.0279503003,6.0
31619,0.0,-688.4713745,-881.955414,1677.353027,0.8947485562,0.4298875374,0.1209194939,0.0094117504,342.3631876913,2501.283304707,6.0
31620,0.0,-687.769409,-884.554749,1677.723022,0.8946460908,0.4301899485,0.1206025722,0.0093482917,340.9347126472,2499.2370696415,6.0
31621,0.0,-687.0919495,-885.250458,1677.67041,0.8946933416,0.430212669,0.1201694365,0.0092806714,339.4965801734,2497.7135889899,6.0
31622,0.0,-685.111511,-887.210327,1677.437378,0.8944872695,0.4310088794,0.1188438919,0.0090394232,334.5129828243,2493.5109918325,6.0
31623,0.0,-684.254303,-888.0114745,1677.3743895,0.894361261,0.4315427112,0.1178453448,0.0088838973,331.3984803176,2491.8084686135,6.0
31624,0.0,-682.169617,-889.711487,1677.106323,0.8938215259,0.4332770781,0.1155597393,0.0084924878,323.5405584006,2487.8276504526,6.0
31625,0.0,-680.455017,-891.207214,1676.901978,0.8928792774,0.4355493846,0.1142949235,0.008197898,317.4958902165,2484.641638851,6.0
31626,0.0,-677.961914,-893.051697,1676.652222,0.8914083561,0.4391049495,0.1121516209,0.0077362553,307.8911687865,2480.0384810969,6.0
31627,0.0,-676.422119,-894.117737,1676.54834,0.8910409177,0.4398804342,0.1120325245,0.0076778524,306.3826759484,2477.2198027872,6.0
31628,0.0,-673.783081,-895.758606,1676.340942,0.8909172924,0.4401307664,0.1120325245,0.0076647878,305.5377100167,2472.484326363,6.0
31629,0.0,-671.985474,-896.762024,1676.080688,0.8909172924,0.4401307664,0.1120325245,0.0076607934,305.0538700419,2469.20998461,6.0
31630,0.0,-669.538269,-898.053223,1675.86377,0.8909172924,0.4401307664,0.1120325245,0.0076626988,304.5369133772,2464.7202355253,6.0
31631,0.0,-666.778687,-899.032471,1675.71106,0.8909172924,0.4401307664,0.1120325245,0.0076634334,303.9084177509,2459.5161715353,6.0
31632,0.0,-664.127686,-899.664673,1675.60791,0.8909172924,0.4401307664,0.1120325245,0.0076627341,303.2639111595,2454.411765749,6.0
31633,0.0,-661.677856,-900.284607,1675.796509,0.8909172924,0.4401307664,0.1120325245,0.0076780858,303.0289915458,2450.0669134098,6.0
31634,0.0,-658.892151,-900.819885,1676.13208,0.8909172924,0.4401307664,0.1120325245,0.0076965626,302.7886391623,2445.1946094633,6.0
31635,0.0,-656.417297,-901.170715,1676.433472,0.8912006479,0.4395567298,0.1120325245,0.0077435116,303.1714586095,2440.8815812482,6.0
31636,0.0,-652.657837,-901.471252,1676.951538,0.8926494571,0.4368352052,0.1111393281,0.0078299748,304.0439674436,2434.4059974444,6.0
31637,0.0,-652.228943,-901.508575,1677.013916,0.8928825269,0.4363658815,0.1111095637,0.0078585677,304.5041978005,2433.6743324649,6.0
31638,0.0,-651.800049,-901.545898,1677.076294,0.8931155967,0.4358965578,0.1110797993,0.0078871606,304.9644281575,2432.9426674854,6.0
31639,0.0,-645.959961,-901.934875,1677.018188,0.896267799,0.4296232044,0.1101269026,0.0081800564,309.2743367112,2422.9290458087,6.0
31640,0.0,-641.302551,-902.5271,1676.923706,0.8965668161,0.4289988412,0.11012692,0.0081980661,308.6469409786,2415.3673709613,6.0
31641,0.0,-638.777649,-902.825012,1676.772339,0.8965668161,0.4289988412,0.11012692,0.0081759855,307.7133220416,2411.2973014582,6.0
31642,0.0,-635.189392,-903.339111,1676.594849,0.8965668161,0.4289988412,0.11012692,0.0081483198,306.4790433827,2405.6821943629,6.0
31643,0.0,-633.032715,-903.679077,1676.472778,0.8965668161,0.4289988412,0.11012692,0.0081308168,305.7293057027,2402.3682306282,6.0
31644,0.0,-629.214172,-904.279663,1676.144043,0.8953777304,0.4314751315,0.1101268853,0.0079209286,301.0402770713,2396.5322038404,6.0
31645,0.0,-626.917969,-904.663757,1675.902954,0.8937962111,0.4347417562,0.11012692,0.0076819225,296.0522071329,2393.0623004152,6.0
31646,0.0,-623.425842,-905.277283,1675.276245,0.8907663664,0.4409164795,0.11012692,0.0072631283,287.2591694504,2387.740159329,6.0
31647,0.0,-621.160156,-905.802368,1675.25293,0.8877424496,0.4469736105,0.1101269026,0.0069411414,280.4654703699,2384.5360468285,6.0
31648,0.0,-617.566345,-906.576843,1674.983521,0.8837248898,0.4548652336,0.11012692,0.0065767103,272.4356466489,2379.3581223782,6.0
31649,0.0,-615.099426,-907.123474,1674.897461,0.8808292252,0.4602858831,0.11080064,0.0064521917,269.4529535635,2375.8334384521,6.0
31650,0.0,-612.005676,-907.93219,1674.920654,0.8776517422,0.4662496128,0.111079782,0.0063138602,266.0422545415,2371.2358111138,6.0
31651,0.0,-608.038879,-909.002441,1674.948486,0.8749675648,0.4712674892,0.1110797646,0.0062150347,263.3938134562,2366.1628497268,6.0
31652,0.0,-605.367676,-909.712219,1674.951904,0.872937806,0.4750167078,0.1110797646,0.006161202,261.8700063465,2362.6969158987,6.0
31653,0.0,-604.435974,-909.912781,1675.331055,0.8720421856,0.4766649762,0.111053712,0.0061573204,261.6368221863,2361.3346849724,6.0
31654,0.0,-597.805298,-911.532593,1675.854492,0.8681173674,0.4839879109,0.11012692,0.0060428915,258.2359720864,2352.536842817,6.0
31655,0.0,-595.110962,-912.309937,1675.7146,0.8673405581,0.4853786373,0.1101269026,0.0060376111,257.7310033878,2348.9599729505,6.0
31656,0.0,-591.982422,-913.046692,1676.027344,0.8653720563,0.4891663034,0.1088463677,0.0059279288,254.9373603179,2344.8311273833,6.0
31657,0.0,-587.618225,-914.032166,1676.386353,0.8611261761,0.4969283223,0.1073496688,0.0058755002,253.1854070504,2339.0532671731,6.0
31658,0.0,-584.642151,-914.74469,1676.54126,0.8594023097,0.5000781304,0.1065341898,,,,
31659,0.0,-577.844177,-916.277283,1676.779907,0.8547639867,0.5085433539,0.1037409473,,,,
31660,0.0,-574.687683,-916.990295,1676.680786,0.8526440159,0.5122626506,0.1028842016,,,,
31661,0.0,-572.253479,-917.726898,1676.571594,0.8507530855,0.5156910725,0.1013119122,,,,
31662,0.0,-569.819275,-918.463501,1676.462402,0.848862155,0.5191194944,0.0997396227,,,,
31663,0.0,-566.679932,-919.370544,1676.32251,0.8462348751,0.5235673602,0.0988117175,,,,
31664,0.0,-563.201782,-920.517822,1676.035645,0.8412469702,0.5321774326,0.0953452434,,,,
31665,0.0,-559.572815,-921.724609,1675.780884,0.8377546021,0.5379005054,0.0939695316,,,,
31666,0.0,-556.391052,-922.751587,1675.587646,0.8339992003,0.5440068235,0.0922058016,,,,
31667,0.0,-552.931946,-923.6698,1675.178833,0.8288014357,0.5522211697,0.0902217269,,,,
31668,0.0,-551.62085,-923.854065,1675.172974,0.8267864014,0.5554058317,0.0891549698,,,,
31669,0.0,-539.899231,-927.111816,1677.318237,0.8195791883,0.5665480709,0.0855174688,,,,
31670,0.0,-536.483215,-926.881775,1677.302734,0.8163479572,0.5714960466,0.0834762326,,,,
31671,0.0,-533.598755,-926.598755,1677.289795,0.814100996,0.5749040181,0.0820057212,,,,
31672,0.0,-529.926331,-926.092346,1677.273193,0.8116004539,0.5787201757,0.0799228471,,,,
31673,0.0,-526.996765,-925.52478,1677.260132,0.8100143416,0.5810830032,0.0788626009,,,,
31674,0.0,-523.657349,-924.770935,1677.244995,0.8092281074,0.5823110994,0.0778694655,,,,
31675,0.0,-520.718262,-924.008301,1677.231812,0.8091269407,0.582477585,0.0776753289,,,,
31676,0.0,-516.964783,-922.880554,1677.215088,0.8081266826,0.583864546,0.0776753289,,,,
31677,0.0,-513.754395,-921.778015,1677.200684,0.8060788665,0.5869275101,0.0758482624,,,,
31678,0.0,-511.036163,-920.724854,1677.188477,0.8020206169,0.5926719385,0.0741815574,,,,
31679,0.0,-507.267181,-919.16449,1677.171387,0.7971264994,0.5996315577,0.0709319311,,,,
31680,0.0,-504.425018,-917.951355,1677.158447,0.7884255736,0.6114193405,0.0674648419,,,,
31681,0.0,-500.971985,-916.610107,1677.142456,0.7764309021,0.6271139398,0.0623150126,,,,
31682,0.0,-498.080353,-915.619568,1677.129395,0.7666307221,0.639386713,0.0588384839,,,,
31683,0.0,-495.059479,-914.68042,1677.115356,0.756335233,0.6518470312,0.0552491014,,,,
31684,0.0,-491.858856,-913.687744,1677.100342,0.734380618,0.6770014913,0.0485189514,,,,
31685,0.0,-488.229523,-912.674561,1677.083008,0.7128507546,0.7000437296,0.042220592,,,,
31686,0.0,-485.254913,-911.911743,1677.069214,0.6950696215,0.7179017286,0.0386694879,,,,
31687,0.0,-482.163177,-911.188843,1677.054688,0.6763100142,0.7357836307,0.0350316071,,,,
31688,0.0,-478.855011,-910.455078,1677.039062,0.6584057399,0.7519445276,0.0328832648,,,,
31689,0.0,-475.950409,-909.840393,1677.025513,0.6435866867,0.7647654692,0.0304951445,,,,
31690,0.0,-472.578918,-909.18457,1677.010132,0.6314099932,0.7749286416,0.0284081133,,,,
31691,0.0,-468.568787,-908.386536,1676.991455,0.6111482298,0.7910881906,0.026025296,,,,
31692,0.0,-465.433868,-907.776611,1676.976807,0.5965733231,0.8022173478,0.0234007917,,,,
31693,0.0,-462.581573,-907.226868,1676.963867,0.5870056103,0.8092783539,0.0222026905,,,,
31694,0.0,-459.359467,-906.635376,1676.949219,0.5796722369,0.8145682506,0.0214164148,,,,
31695,0.0,-454.967133,-905.815552,1676.929443,0.5705566721,0.8210093214,0.0202182617,,,,
31696,0.0,-451.353485,-905.13092,1676.913086,0.5635428636,0.8258633261,0.0192147703,,,,
31697,0.0,-447.927307,-904.471863,1676.897705,0.5564788673,0.8306610064,0.018263698,0.1178976236,989.341295308,2100.2548182831,6.0
31698,0.0,-444.655365,-903.830505,1676.882812,0.5496376928,0.8352229539,0.0173500409,0.1215579601,1002.057892357,2097.0182577191,6.0
31699,0.0,-441.914154,-903.260132,1676.870239,0.5407320613,0.8410341473,0.0164438732,0.1264837145,1019.4788542546,2094.2676308194,6.0
31700,0.0,-437.838348,-902.434448,1676.851807,0.5304530337,0.8475738357,0.0154328278,0.1321741544,1038.5773052414,2090.2458391703,6.0
31701,0.0,-434.407349,-901.691406,1676.83606,0.5160657869,0.8564411862,0.0135866909,0.1407844484,1066.280586693,2084.1515167542,6.0
31702,0.0,-428.649536,-900.372314,1676.80957,0.491486351,0.870801371,0.0120887984,,,,
31703,0.0,-424.928497,-899.507751,1676.79248,0.4788105381,0.8778413208,0.0116225665,,,,
31704,0.0,-421.08371,-898.580017,1676.775024,0.4668279978,0.8842732974,0.0115046076,,,,
31705,0.0,-417.68985,-897.71521,1676.759399,0.4548238553,0.8905071053,0.0115046076,,,,
31706,0.0,-414.990814,-896.990112,1676.74707,0.4456423468,0.8951371642,0.0115046076,,,,
31707,0.0,-411.463379,-896.051514,1676.731079,0.4369556733,0.8994094638,0.0115046076,,,,
31708,0.0,-407.513641,-894.95874,1676.714722,0.4283229687,0.9035524769,0.0115046076,,,,
31709,0.0,-404.341278,-894.03772,1676.703125,0.4217877621,0.9066216012,0.0115046076,,,,
31710,0.0,-401.24292,-893.131897,1676.69751,0.4177567474,0.9084860725,0.0115046076,,,,
31711,0.0,-397.345123,-891.942993,1676.701294,0.413234985,0.910551751,0.0115046076,,,,
31712,0.0,-394.206665,-890.968323,1676.701294,0.4095422938,0.9122185887,0.0115046076,,,,
31713,0.0,-390.828064,-889.881409,1676.701294,0.4055436187,0.9140032918,0.0115046076,,,,
31714,0.0,-387.42157,-888.772156,1676.701294,0.4019911042,0.915571295,0.0115046076,,,,
31715,0.0,-384.371338,-887.756531,1676.701294,0.4000874164,0.9163952121,0.0122423237,,,,
31716,0.0,-381.431885,-886.752686,1676.701294,0.3989911009,0.9168700935,0.0124632655,,,,
31717,0.0,-377.687653,-885.511169,1676.701294,0.3981256895,0.917246206,0.0124632655,,,,
31718,0.0,-373.713654,-884.201782,1676.701294,0.3979227982,0.9173342432,0.0124632655,,,,
31719,0.0,-370.754639,-883.208984,1676.701294,0.3979227982,0.9173342432,0.0124632655,,,,
31720,0.0,-367.621277,-882.133667,1676.701294,0.3971189023,0.9176825401,0.0124632655,,,,
31721,0.0,-363.793854,-880.809265,1676.701294,0.3962214156,0.9180703986,0.0124632655,,,,
31722,0.0,-361.291656,-879.933899,1676.701294,0.3955578814,0.9183564828,0.0124632655,,,,
31723,0.0,-357.466736,-878.570862,1676.701294,0.3945395983,0.9187944125,0.0124632655,,,,
31724,0.0,-353.961792,-877.320923,1676.701294,0.394401957,0.9188535048,0.0124632655,,,,
31725,0.0,-350.461243,-876.05719,1676.701294,0.394401957,0.9188535048,0.0124632655,,,,
31726,0.0,-347.812378,-875.095886,1676.701294,0.394401957,0.9188535048,0.0124632655,,,,
31727,0.0,-344.217621,-873.77771,1676.701294,0.394401957,0.9188535048,0.0124632655,,,,
31728,0.0,-340.943909,-872.567688,1676.701294,0.394401957,0.9188535048,0.0124632655,,,,
31729,0.0,-338.247192,-871.566833,1676.701294,0.394401957,0.9188535048,0.0124632655,,,,
31730,0.0,-334.54895,-870.188599,1676.701294,0.394401957,0.9188535048,0.0124632655,,,,
31731,0.0,-330.924286,-868.824951,1676.701294,0.394401957,0.9188535048,0.0124632655,,,,
31732,0.0,-327.481079,-867.525085,1676.701294,0.394401957,0.9188535048,0.0124632655,,,,
31733,0.0,-324.862152,-866.53009,1676.701294,0.394401957,0.9188535048,0.0124632655,,,,
31734,0.0,-321.036377,-865.07312,1676.701294,0.394401957,0.9188535048,0.0124632655,,,,
31735,0.0,-317.610413,-863.817688,1676.701294,0.400103166,0.9163853576,0.0124632655,,,,
31736,0.0,-314.976379,-862.850769,1676.701294,0.4043440656,0.9145220302,0.0124632655,,,,
31737,0.0,-311.283539,-861.523621,1676.701294,0.4130995829,0.9105894144,0.0132534154,,,,
31738,0.0,-307.629639,-860.2323,1676.701294,0.4233948425,0.9058324177,0.0142981925,,,,
31739,0.0,-301.806793,-858.114746,1676.701294,0.4315256153,0.9019860543,0.014380581,,,,
31740,0.0,-299.902191,-857.333954,1676.701294,0.4339714002,0.9008077778,0.014380581,,,,
31741,0.0,-297.997589,-856.553162,1676.701294,0.4364171852,0.8996295012,0.014380581,,,,
31742,0.0,-294.803436,-854.952209,1676.701294,0.4387273165,0.8985051704,0.0143805636,,,,
31743,0.0,-292.350128,-853.50946,1676.701294,0.4389154579,0.8984132789,0.014380581,,,,
31744,0.0,-288.933411,-851.349243,1676.701294,0.4389154579,0.8984132789,0.014380581,,,,
31745,0.0,-286.270691,-849.450073,1676.701294,0.4389154579,0.8984132789,0.014380581,,,,
31746,0.0,-283.720764,-847.450562,1676.701294,0.4389154579,0.8984132789,0.014380581,,,,
31747,0.0,-278.983063,-843.294006,1676.701294,0.4396757309,0.8980414526,0.014380581,,,,
31748,0.0,-276.282593,-840.809265,1676.701294,0.4452142113,0.8953020216,0.0147850006,,,,
31749,0.0,-273.621826,-838.143677,1676.701294,0.4523630087,0.8917023318,0.0153186095,,,,
31750,0.0,-271.323486,-835.768433,1676.701294,0.460527241,0.8874972423,0.0162266785,,,,
31751,0.0,-270.09877,-834.437195,1676.701294,0.4646280304,0.8853354665,0.0167378051,,,,
31752,0.0,-267.102081,-831.101318,1676.701294,0.4746655647,0.879982204,0.0179978408,,,,
31753,0.0,-264.892181,-828.471802,1676.701294,0.479854551,0.8771589498,0.0182150115,,,,
31754,0.0,-262.375397,-825.375061,1676.701294,0.4837508196,0.8750162043,0.0182150115,,,,
31755,0.0,-260.32309,-822.728333,1676.701294,0.4844059712,0.8746536849,0.0182150115,,,,
31756,0.0,-258.194733,-819.877625,1676.701294,0.4848317168,0.8744177604,0.0182150115,,,,
31757,0.0,-255.952423,-816.814026,1676.701294,0.4848726322,0.8743950731,0.0182150115,,,,
31758,0.0,-254.582458,-814.884216,1676.701294,0.4848726322,0.8743950731,0.0182150115,,,,
31759,0.0,-252.125565,-811.392822,1676.701294,0.4848726322,0.8743950731,0.0182150115,,,,
31760,0.0,-249.902557,-808.151489,1676.701294,0.4848726322,0.8743950731,0.0182150115,,,,
31761,0.0,-248.758652,-806.450928,1676.701294,0.4848726322,0.8743950731,0.0182150115,,,,
31762,0.0,-245.981064,-802.28241,1676.701294,0.4848726322,0.8743950731,0.0182150115,,,,
31763,0.0,-244.468643,-799.974792,1676.701294,0.4848726322,0.8743950731,0.0182150115,,,,
31764,0.0,-242.871155,-797.495728,1676.701294,0.4848726322,0.8743950731,0.0182150115,,,,
31765,0.0,-240.563858,-793.887207,1676.701294,0.4848726322,0.8743950731,0.0182150115,,,,
31766,0.0,-238.473694,-790.577026,1676.701294,0.4848726322,0.8743950731,0.0182150115,,,,
31767,0.0,-237.402191,-788.858887,1676.701294,0.4848726322,0.8743950731,0.0182150115,,,,
31768,0.0,-235.188385,-785.285156,1676.701294,0.4848726322,0.8743950731,0.0182150115,,,,
31769,0.0,-232.973083,-781.677856,1676.701294,0.4848726322,0.8743950731,0.0182150115,,,,
31770,0.0,-231.214569,-778.784363,1676.701294,0.4848726322,0.8743950731,0.0182150115,,,,
31771,0.0,-229.391052,-775.762451,1676.701294,0.4848726322,0.8743950731,0.0182150115,,,,
31772,0.0,-227.56958,-772.723511,1676.701294,0.4848726322,0.8743950731,0.0182150115,,,,
31773,0.0,-225.929855,-769.957397,1676.701294,0.4841811551,0.8747615104,0.0189976037,,,,
31774,0.0,-224.299057,-767.165161,1676.701294,0.482176536,0.875864237,0.0191735881,,,,
31775,0.0,-222.471161,-764.008911,1676.701294,0.4795596805,0.8772833387,0.0199112154,,,,
31776,0.0,-220.459946,-760.494568,1676.701294,0.4758058946,0.8793198781,0.0201321298,,,,
31777,0.0,-218.639603,-757.252747,1676.701294,0.4706449735,0.8820714658,0.0210532239,,,,
31778,0.0,-217.069,-754.444702,1676.701294,0.4668246888,0.8840983506,0.0210906703,,,,
31779,0.0,-215.135284,-750.92749,1676.701294,0.4604987836,0.8874097441,0.0210906703,,,,
31780,0.0,-213.672729,-748.213928,1676.701294,0.4546961705,0.8903968644,0.0210906703,,,,
31781,0.0,-210.268387,-741.880554,1676.701294,0.4431643496,0.8961922466,0.0210906703,,,,
31782,0.0,-209.236107,-739.908325,1676.701294,0.4390605223,0.8981982942,0.0210906703,,,,
31783,0.0,-208.203827,-737.936096,1676.701294,0.434956695,0.9002043419,0.0210906703,,,,
31784,0.0,-205.028183,-731.773865,1676.701294,0.4229588082,0.9059034332,0.0210906703,,,,
31785,0.0,-203.153717,-728.120972,1676.701294,0.4178205274,0.9082847519,0.0210906703,,,,
31786,0.0,-202.76207,-727.352173,1676.701294,0.4167477602,0.9087751169,0.0211917721,,,,
31787,0.0,-201.295021,-724.4385985,1676.701294,0.4132914968,0.910334078,0.0216204818,,,,
31788,0.0,-198.07695,-718.033203,1676.701294,0.4069963741,0.9131636133,0.0220491915,,,,
31789,0.0,-196.566177,-714.977783,1676.701294,0.4040581184,0.9144675336,0.0220491915,,,,
31790,0.0,-195.543533,-713.013855,1676.701294,0.4010502923,0.9157847532,0.0220491915,,,,
31791,0.0,-192.853134,-708.33429,1676.701294,0.3932273715,0.9191877303,0.0215905235,,,,
31792,0.0,-190.684662,-705.021729,1676.701294,0.3886254422,0.9211533813,0.0211356025,,,,
31793,0.0,-188.913361,-702.504639,1676.701294,0.3825725633,0.9237162466,0.0196603559,,,,
31794,0.0,-186.169083,-699.10968,1676.701294,0.373513637,0.927462349,0.0173537928,,,,
31795,0.0,-183.971893,-696.538696,1676.701294,0.3646457575,0.9310292903,0.0147625232,,,,
31796,0.0,-181.65773,-694.04071,1676.701294,0.3539702604,0.9351724298,0.0125531429,,,,
31797,0.0,-179.2052,-691.523071,1676.701294,0.3456029089,0.9383172229,0.0109278823,,,,
31798,0.0,-176.435211,-688.772949,1676.701416,0.333038307,0.9428752767,0.0084675033,,,,
31799,0.0,-173.898666,-686.442078,1676.701294,0.3214399604,0.9469096524,0.0062017783,,,,
31800,0.0,-170.957413,-683.746826,1676.701294,0.3008859182,0.9536549892,0.0031346062,,,,
31801,0.0,-170.284195,-683.132446,1676.701294,0.294830486,0.9555466033,0.0023818835,,,,
31802,0.0,-165.808121,-679.251648,1676.701294,0.2607611243,0.9654030428,-0.0007752403,,,,
31803,0.0,-162.506104,-676.486267,1676.701294,0.2363529437,0.9716667982,-0.0009587441,,,,
31804,0.0,-160.005051,-674.423523,1676.701294,0.2163992157,0.9763044916,-0.0009587441,,,,
31805,0.0,-157.469559,-672.371277,1676.701294,0.1992550991,0.9799471855,-0.0009587441,,,,
31806,0.0,-154.21843,-669.759033,1676.701294,0.1768280854,0.9842417495,-8.2397e-05,,,,
31807,0.0,-152.038254,-667.995911,1676.701294,0.1603155316,0.9870657396,0.0003951076,,,,
31808,0.0,-148.945755,-665.553955,1676.701294,0.1433660644,0.9896693666,0.0008463973,,,,
31809,0.0,-145.860794,-663.058044,1676.701294,0.1168320415,0.9931507466,0.0013669414,,,,
31810,0.0,-143.261475,-660.932922,1676.701294,0.0923085672,0.9957287964,0.0018144957,,,,
31811,0.0,-140.453064,-658.607971,1676.701294,0.060905542,0.9981416925,0.0019174699,,,,
31812,0.0,-138.014694,-656.514648,1676.701172,0.0292709015,0.9995677562,0.0027413678,,,,
31813,0.0,-134.56015,-653.59845,1676.701294,-0.0018401037,0.9999910395,0.0038124705,0.1373409092,501.2244635519,990.9816493652,3.0
31814,0.0,-132.012756,-651.381836,1676.701172,-0.0234764868,0.9997111562,0.0051438117,0.1289373057,487.6401364008,992.8096246217,3.0
31815,0.0,-129.769104,-649.375427,1676.701294,-0.04264978,0.9990699653,0.0063404071,0.1217319593,475.4710238454,994.3584408822,3.0
31816,0.0,-128.902649,-648.612976,1676.701294,-0.0494256254,0.9987548551,0.0067710404,0.1192727164,471.1995956079,994.881697581,3.0
31817,0.0,-124.409203,-644.441284,1676.701294,-0.086128125,0.9962402165,0.0093475681,,,,
31818,0.0,-122.031013,-642.147156,1676.701294,-0.0975768668,0.9951742765,0.0103399491,,,,
31819,0.0,-118.78476,-638.991028,1676.701294,-0.1083314413,0.994049811,0.0113697897,,,,
31820,0.0,-116.025421,-636.221985,1676.701294,-0.117371869,0.9930111349,0.0123584142,,,,
31821,0.0,-113.770569,-633.538574,1676.701294,-0.1225705031,0.9923755109,0.0129351121,,,,
31822,0.0,-111.409019,-630.538757,1676.701294,-0.1265931469,0.991864472,0.0133807433,,,,
31823,0.0,-109.399162,-627.516357,1676.701294,-0.1313840385,0.9912406803,0.0134219294,,,,
31824,0.0,-107.93718,-624.934875,1676.701294,-0.1399604356,0.9900555794,0.0141783703,,,,
31825,0.0,-106.436073,-621.85614,1676.701294,-0.1456000708,0.9892325999,0.0148149472,,,,
31826,0.0,-104.862389,-618.351013,1676.701294,-0.1492877314,0.9886757099,0.0152811591,,,,
31827,0.0,-102.558891,-611.644226,1676.701294,-0.1633163536,0.9864544985,0.0153392019,,,,
31828,0.0,-101.799255,-608.643555,1676.701294,-0.1697558967,0.9853667563,0.0153392019,,,,
31829,0.0,-101.3502655,-606.7406315,1676.701294,-0.1728005436,0.9848325369,0.0153392019,,,,
31830,0.0,-100.901276,-604.837708,1676.701294,-0.1758451906,0.9842983175,0.0153392019,,,,
31831,0.0,-99.943939,-599.317444,1676.701294,-0.1847850849,0.9826540702,0.0156668656,,,,
31832,0.0,-99.408623,-595.312744,1676.701294,-0.1891205904,0.9818209311,0.016157398,,,,
31833,0.0,-99.000694,-591.587402,1676.701294,-0.1946739526,0.9807326002,0.0162978262,,,,
31834,0.0,-98.759903,-587.704773,1676.701294,-0.2009584584,0.9794641795,0.0162978262,,,,
31835,0.0,-98.571465,-583.733887,1676.701294,-0.2054452412,0.9785328986,0.0162978262,,,,
31836,0.0,-98.517616,-580.697937,1676.701294,-0.20865433,0.9778536452,0.0162978262,,,,
31837,0.0,-98.489891,-576.711243,1676.701294,-0.211041602,0.977341201,0.0162978262,,,,
31838,0.0,-98.545509,-573.381592,1676.701294,-0.213628582,0.9767789974,0.0162978262,,,,
31839,0.0,-98.660675,-570.232422,1676.701294,-0.216945329,0.9760476961,0.0162978262,,,,
31840,0.0,-98.828537,-566.421875,1676.701294,-0.2200659229,0.9753488455,0.0162978262,,,,
31841,0.0,-99.061638,-562.85675,1676.701294,-0.224542328,0.9743137112,0.017132867,,,,
31842,0.0,-99.340515,-559.567932,1676.701294,-0.2282563955,0.97343991,0.0177132579,,,,
31843,0.0,-99.642517,-556.198853,1676.701294,-0.23099727,0.9727857315,0.0181157884,,,,
31844,0.0,-100.028793,-552.285095,1676.701294,-0.2324993404,0.9724096048,0.0190687479,,,,
31845,0.0,-100.118797,-551.420044,1676.701294,-0.232600788,0.9723832819,0.0191735881,,,,
31846,0.0,-100.615509,-546.050293,1676.701294,-0.232600788,0.9723832819,0.0191735881,,,,
31847,0.0,-100.807098,-542.205811,1676.701294,-0.232600788,0.9723832819,0.0191735881,,,,
31848,0.0,-100.800095,-538.511108,1676.701294,-0.231825245,0.9725684702,0.0191735881,,,,
31849,0.0,-100.739822,-535.450989,1676.701294,-0.2255171352,0.9740505096,0.0191735881,,,,
31850,0.0,-100.741081,-532.02832,1676.701294,-0.2194663519,0.9754316449,0.0191735881,,,,
31851,0.0,-100.750473,-528.233276,1676.701294,-0.2084387358,0.9778474661,0.0191735881,,,,
31852,0.0,-100.83696,-524.646606,1676.701294,-0.1968666486,0.9802427741,0.0191735881,,,,
31853,0.0,-100.929794,-520.672791,1676.701294,-0.1802199935,0.9834008337,0.0210607271,,,,
31854,0.0,-100.972992,-518.124939,1676.701294,-0.1642970291,0.9861396622,0.0231312114,,,,
31855,0.0,-101.103058,-514.398621,1676.701294,-0.1470528575,0.9888032701,0.0253682918,,,,
31856,0.0,-101.272667,-510.415649,1676.701294,-0.1301129684,0.9911381171,0.0267553397,,,,
31857,0.0,-101.496307,-506.87793,1676.701294,-0.1216650259,0.9921577675,0.0286458699,,,,
31858,0.0,-101.787285,-503.400482,1676.701294,-0.1203194734,0.992318594,0.0287581705,,,,
31859,0.0,-102.098785,-499.939941,1676.701294,-0.1202672731,0.9923249219,0.0287581705,,,,
31860,0.0,-102.166794,-499.228058,1676.701294,-0.1206568738,0.9922738193,0.0288892077,,,,
31861,0.0,-102.812645,-493.222961,1676.701294,-0.1295606008,0.9911014288,0.0305288137,,,,
31862,0.0,-103.238472,-489.895233,1676.701294,-0.1404987545,0.9895572801,0.0321945563,,,,
31863,0.0,-103.605904,-485.970367,1676.701294,-0.1587583071,0.9867194777,0.0343580017,,,,
31864,0.0,-103.889229,-483.138306,1676.701294,-0.1944049545,0.9801475932,0.0389539366,,,,
31865,0.0,-103.948006,-479.379089,1676.701294,-0.2235558064,0.9737502918,0.0428155423,,,,
31866,0.0,-104.010666,-476.304382,1676.831177,-0.2729900725,0.9608743541,0.0468710567,,,,
31867,0.0,-103.910065,-472.734833,1677.055176,-0.3197874706,0.946134973,0.0506417467,,,,
31868,0.0,-103.547043,-467.059479,1677.417358,-0.4130065998,0.9087606893,0.0598294084,,,,
31869,0.0,-103.207253,-463.933716,1677.564575,-0.4574763393,0.8869530915,0.0634792285,,,,
31870,0.0,-102.704651,-460.415894,1677.683716,-0.4907437574,0.8688189096,0.0657591588,,,,
31871,0.0,-102.4404565,-458.656113,1677.708496,-0.5055874718,0.8600799698,0.0659319274,,,,
31872,0.0,-101.628052,-453.460449,1677.701416,-0.5477584573,0.834020888,0.0661046961,,,,
31873,0.0,-101.192604,-450.765839,1677.701416,-0.5676587168,0.8207692947,0.0640417531,,,,
31874,0.0,-101.132946,-450.374115,1677.701355,-0.5714856323,0.8181292189,0.0636156929,,,,
31875,0.0,-101.073288,-449.982391,1677.701294,-0.5753125479,0.8154891431,0.0631896327,,,,
31876,0.0,-99.607582,-440.486816,1677.701416,-0.6206082523,0.7820395409,0.0570925002,,,,
31877,0.0,-99.16497,-437.545929,1677.701294,-0.6284331459,0.7758432669,0.0560268353,,,,
31878,0.0,-98.522049,-432.97998,1677.701294,-0.6450257048,0.7622742713,0.0536635398,,,,
31879,0.0,-98.142143,-430.05246,1677.701294,-0.6575558814,0.7516078697,0.052018007,,,,
31880,0.0,-97.675926,-426.217743,1677.701294,-0.67888027,0.7324901555,0.0507912509,,,,
31881,0.0,-97.336929,-423.170105,1677.701294,-0.7020276744,0.7105212728,0.0481317493,,,,
31882,0.0,-97.202209,-420.17215,1677.701294,-0.7220714024,0.6902128966,0.0471067645,,,,
31883,0.0,-97.38987,-417.234253,1677.701416,-0.7485610273,0.6615525909,0.0447722888,,,,
31884,0.0,-97.788467,-414.438873,1677.701416,-0.7686054863,0.6382789974,0.0429596088,,,,
31885,0.0,-98.487175,-410.420258,1677.701294,-0.7868035374,0.6158184246,0.0413262812,,,,
31886,0.0,-99.169327,-407.639709,1677.701294,-0.7973031838,0.6022217796,0.0404544337,,,,
31887,0.0,-100.037292,-404.916534,1677.701294,-0.8056049041,0.5911780512,0.0388490694,,,,
31888,0.0,-101.319946,-401.49707,1677.701294,-0.8148160266,0.5785070616,0.037475624,,,,
31889,0.0,-102.397781,-399.133087,1677.701294,-0.8179501983,0.5740997522,0.0369722536,,,,
31890,0.0,-103.86615,-396.121002,1677.701294,-0.8204926236,0.5704887081,0.0365306522,,,,
31891,0.0,-105.447212,-393.179504,1677.701294,-0.8215179044,0.5690181249,0.0364239789,,,,
31892,0.0,-107.324806,-390.142761,1677.701294,-0.8216752594,0.5688451119,0.0355669323,,,,
31893,0.0,-109.320023,-387.194641,1677.701294,-0.8244176027,0.5648697103,0.0354658543,,,,
31894,0.0,-111.019615,-384.848572,1677.701294,-0.8244497899,0.5648227296,0.0354658717,0.008075935,116.8891966176,921.5981152831,3.0
31895,0.0,-112.845535,-382.492126,1677.701294,-0.8265386514,0.5618073753,0.0347322734,0.0084398811,119.0950231981,918.6048576556,3.0
31896,0.0,-115.063423,-379.846832,1677.701294,-0.8299393613,0.5568128437,0.0340604402,0.0091302329,123.3790813838,915.1223823368,3.0
31897,0.0,-117.028603,-377.575714,1677.701294,-0.8322481451,0.5533790684,0.0336842934,0.0096144344,126.1765513675,912.112012635,3.0
31898,0.0,-119.805397,-374.553406,1677.701294,-0.8374375758,0.5455022776,0.0335495429,0.0108620568,133.4663866198,907.9949150019,3.0
31899,0.0,-121.561401,-372.778137,1677.701294,-0.8407465336,0.540412264,0.0331640049,,,,
31900,0.0,-124.672997,-369.680664,1677.701294,-0.8449018838,0.5339261639,0.0326137735,,,,
31901,0.0,-126.732384,-367.709961,1677.701294,-0.8470632673,0.5304918726,0.0325913231,,,,
31902,0.0,-129.415314,-365.277069,1677.701294,-0.8497048986,0.526250312,0.0325913231,,,,
31903,0.0,-132.315292,-362.690155,1677.701294,-0.8510835557,0.5240177353,0.0325913231,,,,
31904,0.0,-134.746765,-360.583618,1677.701294,-0.8511541629,0.5239030412,0.0325913231,,,,
31905,0.0,-137.260193,-358.474609,1677.701294,-0.8511541629,0.5239030412,0.0325913231,,,,
31906,0.0,-140.140533,-356.094025,1677.701294,-0.8511541629,0.5239030412,0.0325913231,,,,
31907,0.0,-143.242645,-353.588531,1677.701294,-0.8506927098,0.5246519981,0.0325913231,,,,
31908,0.0,-145.223984,-351.933075,1677.701294,-0.8444885413,0.5347106986,0.0303903338,,,,
31909,0.0,-148.757217,-349.032806,1677.701294,-0.8353769259,0.5490035492,0.0272120308,,,,
31910,0.0,-153.860825,-343.28244,1677.701172,-0.7308435533,0.6824117921,0.0134850523,,,,
31911,0.0,-154.8273165,-341.5656735,1677.701172,-0.6802801889,0.7295924562,0.0112213825,,,,
31912,0.0,-155.793808,-339.848907,1677.701172,-0.6297168245,0.7767731202,0.0089577128,,,,
31913,0.0,-156.004883,-333.886902,1677.701294,-0.1836946789,0.9827146154,0.022983683,,,,
31914,0.0,-154.284637,-331.992004,1677.701294,0.1414863042,0.988766531,0.0481910042,,,,
31915,0.0,-152.732437,-331.346832,1677.701294,0.4054369276,0.9114201448,0.0702439846,,,,
31916,0.0,-151.063004,-331.684387,1677.701294,0.6750011288,0.7314398202,0.0967949663,0.0497180021,354.9204890603,1139.7918076289,6.0
31917,0.0,-150.275452,-332.037598,1677.701294,0.8354003262,0.5368979646,0.1176727271,0.0079197463,142.8385072551,1137.198432332,6.0
31918,0.0,-149.813751,-332.887451,1677.701294,0.9564876191,0.2550957804,0.1416247769,0.0120375812,218.418744756,1411.9398890968,2.0
31919,0.0,-149.630585,-333.257263,1677.701294,0.9876726884,0.0046618656,0.156463822,0.0320567349,353.9106640106,1409.0542660259,2.0
31920,0.0,-149.4422,-333.247467,1677.701294,0.9817217291,-0.1019525885,0.1607112825,0.0597177649,478.9902262305,1407.15657933,2.0
31921,0.0,-149.078308,-333.339447,1677.701294,0.9586953583,-0.231103736,0.1658139718,0.1092212076,637.8920109788,1403.6968160647,2.0
31922,0.0,-148.583221,-333.244659,1677.701294,0.9448869955,-0.2768287448,0.1747982032,0.1327299698,697.2837446959,1400.6237290015,2.0
31923,0.0,-148.066437,-333.535065,1677.701294,0.9420722767,-0.2842895136,0.1779867913,0.1377789815,707.7927269592,1397.3300491678,2.0
31924,0.0,-147.418884,-333.994019,1677.701294,0.9404455693,-0.2881802012,0.1803172284,0.1410376065,713.8920739839,1394.2151371448,2.0
31925,0.0,-146.882797,-334.538666,1677.701294,0.9403873604,-0.2883182483,0.180400111,0.1418763296,714.4814525182,1391.5495625324,2.0
31926,0.0,-146.17305,-335.587616,1677.701294,0.9403873604,-0.2883182483,0.180400111,0.1428247551,715.1235699345,1388.5224475508,2.0
31927,0.0,-145.53569,-336.882324,1677.701294,0.9403873604,-0.2883182483,0.180400111,0.1440342102,716.3018414435,1385.409803326,2.0
31928,0.0,-144.671906,-338.523956,1677.701294,0.9403873604,-0.2883182483,0.180400111,0.145442291,717.6086247652,1381.7266061871,2.0
31929,0.0,-143.853882,-339.923553,1677.701294,0.9403873604,-0.2883182483,0.180400111,0.1466584634,718.7399889246,1378.607109609,2.0
31930,0.0,-142.847763,-341.611389,1677.701294,0.9403873604,-0.2883182483,0.180400111,0.1480587227,720.1459656315,1375.2761988969,2.0
31931,0.0,-141.858841,-343.376099,1677.701294,0.9403873604,-0.2883182483,0.180400111,0.1496869427,722.0498515726,1371.9952796877,2.0
31932,0.0,-140.92952,-344.983582,1677.701294,0.9403873604,-0.2883182483,0.180400111,,,,
31933,0.0,-139.750458,-347.085083,1677.701294,0.9403873604,-0.2883182483,0.180400111,,,,
31934,0.0,-138.44931,-349.385376,1677.701294,0.9403873604,-0.2883182483,0.180400111,,,,
31935,0.0,-137.249542,-351.561279,1677.701294,0.9403873604,-0.2883182483,0.180400111,,,,
31936,0.0,-136.201538,-353.491333,1677.701294,0.9403873604,-0.2883182483,0.180400111,,,,
31937,0.0,-134.692902,-356.300171,1677.701294,0.9403873604,-0.2883182483,0.180400111,,,,
31938,0.0,-133.65863,-358.280243,1677.701294,0.9403873604,-0.2883182483,0.180400111,,,,
31939,0.0,-132.204666,-361.008057,1677.701294,0.9403873604,-0.2883182483,0.180400111,,,,
31940,0.0,-130.596191,-364.084229,1677.701294,0.9403873604,-0.2883182483,0.180400111,,,,
31941,0.0,-129.23822,-366.694702,1677.701294,0.9449578169,-0.2758378076,0.1759779196,,,,
31942,0.0,-127.867447,-369.340332,1677.701294,0.945452034,-0.2759480664,0.173127456,,,,
31943,0.0,-126.61647,-371.773132,1677.701294,0.9410874419,-0.2915131368,0.1713899583,,,,
31944,0.0,-125.102074,-374.794434,1677.701294,0.934293736,-0.3128374139,0.1709618888,,,,
31945,0.0,-123.657867,-377.641663,1677.701294,0.9290857301,-0.3279813086,0.1709618888,,,,
31946,0.0,-122.202705,-380.575623,1677.701294,0.9256269774,-0.3372445342,0.1716998044,,,,
31947,0.0,-120.937302,-383.188263,1677.701294,0.9256270981,-0.3371389375,0.1719064049,,,,
31948,0.0,-119.392418,-386.432465,1677.701294,0.9298272891,-0.3255986043,0.1714839972,,,,
31949,0.0,-117.658592,-389.686462,1677.701294,0.934041189,-0.3135634669,0.1710117235,,,,
31950,0.0,-116.166824,-392.070343,1677.701294,0.9457687608,-0.2797478065,0.165113948,,,,
31951,0.0,-114.51487,-394.594086,1677.701538,0.9611432624,-0.2286203367,0.1547138349,,,,
31952,0.0,-111.35495,-399.549835,1677.701538,0.9844140251,-0.1185805453,0.1298756385,,,,
31953,0.0,-109.892067,-401.807678,1677.701416,0.9897387484,-0.0783811339,0.1194722047,,,,
31954,0.0,-108.223557,-404.025513,1677.70166,0.9926379833,-0.0490235609,0.1107543438,,,,
31955,0.0,-106.882851,-405.6182255,1677.701538,0.9936694494,-0.0335913186,0.1059744458,,,,
31956,0.0,-103.623611,-409.128815,1677.701416,0.9951102274,-0.010281428,0.0982340452,,,,
31957,0.0,-102.357418,-410.0815125,1677.701355,0.9952936066,-0.0061882065,0.0966069732,,,,
31958,0.0,-98.967979,-412.437134,1677.701294,0.9955284371,-0.0018136826,0.0944449126,,,,
31959,0.0,-97.840271,-412.984711,1677.701294,0.9955499615,-0.0018137218,0.094217474,,,,
31960,0.0,-96.712563,-413.532288,1677.701294,0.9955714859,-0.0018137611,0.0939900354,,,,
31961,0.0,-91.433365,-415.928314,1677.701294,0.9959277341,-0.0008780282,0.0901508598,,,,
31962,0.0,-89.301079,-416.69101,1677.701294,0.9962628146,0.0028335322,0.0863271411,,,,
31963,0.0,-86.383057,-417.575806,1677.701416,0.996655359,0.0103817666,0.0810574748,,,,
31964,0.0,-83.258354,-418.463196,1677.701294,0.9969055982,0.0170226613,0.076742799,,,,
31965,0.0,-80.957527,-419.078064,1677.701294,0.9969116051,0.0172057028,0.076623857,,,,
31966,0.0,-78.170677,-419.679016,1677.701294,0.9969658358,0.0209046601,0.0749807805,,,,
31967,0.0,-77.751663,-419.7634125,1677.701294,0.996972183,0.0214427018,0.0747417562,,,,
31968,0.0,-72.286713,-420.75473,1677.701294,0.9970277354,0.0261416979,0.0724727979,,,,
31969,0.0,-68.701859,-421.000397,1677.701294,0.997053771,0.0267103413,0.0719050439,,,,
31970,0.0,-65.649078,-420.985474,1677.701294,0.9970565588,0.0267720805,0.0718434016,,,,
31971,0.0,-62.922707,-420.697479,1677.701294,0.9970565588,0.0267720805,0.0718434016,,,,
31972,0.0,-59.600124,-420.226379,1677.701294,0.9970565588,0.0267720805,0.0718434016,,,,
31973,0.0,-57.37487,-419.761902,1677.701294,0.9970565588,0.0267720805,0.0718434016,,,,
31974,0.0,-55.895,-418.849213,1677.701294,0.9970565588,0.0267720805,0.0718434016,,,,
31975,0.0,-55.561882,-417.873444,1677.701294,0.9970565588,0.0267720805,0.0718434016,,,,
31976,0.0,-55.510635,-416.835876,1677.701294,0.9970565588,0.0267720805,0.0718434016,,,,
31977,0.0,-55.519138,-415.673279,1677.701294,0.9970565588,0.0267720805,0.0718434016,,,,
31978,0.0,-55.320797,-414.531616,1677.701294,0.9970565588,0.0267720805,0.0718434016,,,,
31979,0.0,-54.941002,-412.996674,1677.701294,0.9970565588,0.0267720805,0.0718434016,,,,
31980,0.0,-54.462811,-411.647186,1677.701294,0.997110071,0.0267735173,0.071096309,,,,
31981,0.0,-53.74197,-410.051086,1677.701294,0.9972559326,0.0259925627,0.0693180462,,,,
31982,0.0,-53.558922,-409.664612,1677.701294,0.9973027503,0.0255826519,0.068795001,,,,
31983,0.0,-51.909698,-407.69223,1677.701294,0.9981364503,0.0107845889,0.060060963,,,,
31984,0.0,-51.307217,-407.388062,1677.701172,0.9984557524,-0.0040330173,0.0554061844,,,,
31985,0.0,-50.534527,-407.185089,1677.701172,0.9985162008,-0.0193551104,0.05089967,,,,
31986,0.0,-49.819714,-407.437256,1677.701294,0.9979652772,-0.0455388801,0.0446264031,,,,
31987,0.0,-49.327938,-408.373535,1677.701172,0.992967539,-0.1121898511,0.0378008449,,,,
31988,0.0,-49.023796,-409.600739,1677.701294,0.9834218026,-0.1778171673,0.0355332687,,,,
31989,0.0,-48.804405,-411.037811,1677.701294,0.9715089987,-0.2344715351,0.034545112,,,,
31990,0.0,-48.908794,-412.748627,1677.701416,0.9458183434,-0.3223513234,0.0389523496,,,,
31991,0.0,-49.184994,-414.347534,1677.701294,0.9123877798,-0.4070105518,0.0434850548,,,,
31992,0.0,-49.492908,-416.085205,1677.701294,0.8245201222,-0.5628650467,0.0578749269,,,,
31993,0.0,-49.98901,-417.623993,1677.701294,0.7771128424,-0.6260426283,0.0645465553,,,,
31994,0.0,-52.272144,-420.5289,1677.701294,0.6402986172,-0.7636453915,0.0828456205,,,,
31995,0.0,-52.994995,-420.9778595,1677.701294,0.6026734062,-0.7916820511,0.088278366,,,,
31996,0.0,-55.200687,-421.544861,1677.701294,0.5076781873,-0.8554754227,0.1021012208,,,,
31997,0.0,-56.4006325,-421.8014525,1677.701294,0.4748757163,-0.8726635032,0.1074762362,,,,
31998,0.0,-59.156052,-422.214264,1677.701294,0.4241283397,-0.8980022434,0.1170774199,,,,
31999,0.0,-60.999191,-422.294342,1677.701294,0.419621859,-0.8997971884,0.1195094777,,,,
32000,0.0,-62.311386,-422.421417,1677.701294,0.4244620461,-0.8972542131,0.1215189222,,,,
32001,0.0,-64.668747,-422.725342,1677.701294,0.4314151976,-0.893571698,0.1241392278,,,,
32002,0.0,-66.614815,-423.078522,1677.701294,0.4522555424,-0.8828826835,0.1264242524,,,,
32003,0.0,-69.115623,-423.678619,1677.701294,0.4792270376,-0.8681348976,0.1291636408,,,,
32004,0.0,-71.134727,-424.244598,1677.701294,0.5070169456,-0.8522033624,0.1291636408,,,,
32005,0.0,-73.118889,-425.027374,1677.701294,0.5395084145,-0.8318932181,0.1299397722,,,,
32006,0.0,-75.270088,-426.161072,1677.701294,0.5800125748,-0.8041490487,0.1301142598,,,,
32007,0.0,-76.965797,-427.354309,1677.701294,0.6112815836,-0.781004548,0.1279324881,,,,
32008,0.0,-78.774841,-428.79068,1677.701294,0.6409055077,-0.7573066733,0.1254062707,,,,
32009,0.0,-80.065346,-430.112732,1677.701294,0.6638926318,-0.7376828576,0.1227622702,,,,
32010,0.0,-80.972694,-431.232025,1677.701294,0.6775806058,-0.7253555624,0.1214241769,,,,
32011,0.0,-82.746323,-433.674652,1677.701294,0.695906732,-0.7080914542,0.1196675094,,,,
32012,0.0,-83.905228,-435.620636,1677.701294,0.7038313236,-0.7002179382,0.1196507707,,,,
32013,0.0,-84.941689,-437.627258,1677.701294,0.7109102418,-0.6931769205,0.1187955595,,,,
32014,0.0,-85.918358,-439.833313,1677.701294,0.7152518031,-0.6887128828,0.1186988765,,,,
32015,0.0,-86.88665,-442.210663,1677.701294,0.718421843,-0.685405451,0.1186988765,,,,
32016,0.0,-87.793518,-444.764191,1677.701294,0.7211727062,-0.6825104429,0.1186988765,,,,
32017,0.0,-88.530701,-447.288727,1677.701294,0.7273083086,-0.6761296454,0.1177765973,,,,
32018,0.0,-89.241043,-449.940002,1677.701294,0.7323960285,-0.6707590177,0.1169546822,,,,
32019,0.0,-89.900246,-452.738281,1677.701294,0.7385509586,-0.6640041245,0.1167947097,,,,
32020,0.0,-90.367737,-455.431305,1677.701294,0.7476824694,-0.6538365796,0.1160545222,,,,
32021,0.0,-90.727203,-458.233826,1677.701294,0.7586510502,-0.6413640219,0.1144586187,,,,
32022,0.0,-90.856308,-460.937988,1677.701294,0.7652629944,-0.6336861056,0.1132010114,,,,
32023,0.0,-90.783905,-464.388428,1677.701294,0.7696661152,-0.628505015,0.1122297516,,,,
32024,0.0,-90.544083,-467.395752,1677.701294,0.7725221071,-0.6250952312,0.1116492093,,,,
32025,0.0,-89.891998,-470.564697,1677.701294,0.7751921616,-0.6218746286,0.1111263192,,,,
32026,0.0,-89.155014,-473.504089,1677.701294,0.776294413,-0.620585249,0.1106387499,,,,
32027,0.0,-88.191422,-476.301056,1677.701294,0.7772165522,-0.6195138982,0.1101678765,,,,
32028,0.0,-87.370087,-478.49408,1677.649658,0.7787141787,-0.6176376683,0.11012692,,,,
32029,0.0,-85.988663,-481.345917,1677.488159,0.7810175598,-0.6148698761,0.109300534,,,,
32030,0.0,-84.220718,-484.812897,1677.274658,0.7827589789,-0.6128410892,0.1082320671,,,,
32031,0.0,-83.023636,-486.889099,1677.151733,0.7850177091,-0.6100107107,0.1078616208,,,,
32032,0.0,-81.249245,-489.6073,1676.990479,0.78801985,-0.6062134686,0.1073775888,,,,
32033,0.0,-79.175186,-492.583984,1676.812744,0.7933588114,-0.5993790601,0.1064262127,0.1460318813,551.0613205038,1059.0707111411,0.0
32034,0.0,-77.341606,-494.933655,1676.743652,0.7990734722,-0.5918388605,0.1058694917,0.1434673698,545.5388373601,1057.0555534656,0.0
32035,0.0,-73.179192,-499.966919,1676.695435,0.8115649592,-0.5748061988,0.1046907388,0.1355571921,529.001876802,1052.2559684849,0.0
32036,0.0,-71.03035,-502.190186,1676.701294,0.8219686992,-0.5600253937,0.1036292233,0.128445113,514.6576422421,1049.6834488386,0.0
32037,0.0,-69.579941,-503.688019,1676.701294,0.8268697601,-0.5527902268,0.1031151428,0.1256115562,508.4497639505,1047.9177787936,0.0
32038,0.0,-68.129532,-505.185852,1676.701294,0.831770821,-0.5455550598,0.1026010622,0.1227779995,502.2418856588,1046.1521087485,0.0
32039,0.0,-65.532539,-507.640228,1676.701294,0.8437266482,-0.5270666177,0.1016175358,0.1148342957,485.2997426553,1043.0364612724,0.0
32040,0.0,-61.228764,-511.433807,1676.701294,0.8611042383,-0.4984469913,0.1002501256,0.1042164958,461.2954542523,1037.8069431298,0.0
32041,0.0,-58.025314,-514.150513,1676.701294,0.8702877652,-0.4823373814,0.0997489658,0.0986553812,447.8799060187,1034.1195988577,0.0
32042,0.0,-55.156406,-516.505615,1676.701294,0.8775456898,-0.4691068396,0.0992589303,0.0943994602,437.2174619102,1030.8531676153,0.0
32043,0.0,-52.120201,-518.841431,1676.701294,0.8843984787,-0.4561655307,0.0987539344,0.0908340035,427.8314189933,1027.3693416602,0.0
32044,0.0,-49.133862,-521.093201,1676.701294,0.8899187833,-0.4454979746,0.0978576199,0.0880938553,420.2563701228,1024.0194657999,0.0
32045,0.0,-46.417526,-523.080017,1676.701294,0.8924132617,-0.4406052839,0.0972910797,0.087961823,418.7069316049,1020.974182228,0.0
32046,0.0,-42.769814,-525.726257,1676.701294,0.8944980429,-0.4364716713,0.096776709,0.0884611532,418.2023142181,1016.9944180515,0.0
32047,0.0,-40.389011,-527.41803,1676.701294,0.8944980429,-0.4364716713,0.096776709,0.0897521776,420.0394528409,1014.4315091768,0.0
32048,0.0,-37.962528,-529.086487,1676.701294,0.8944980429,-0.4364716713,0.096776709,0.0917674854,423.3813692648,1011.7464323121,0.0
32049,0.0,-34.375679,-531.506287,1676.701294,0.8944980429,-0.4364716713,0.096776709,0.0939922096,426.6141474383,1007.9221475347,0.0
32050,0.0,-30.340479,-534.146851,1676.701294,0.8949111636,-0.4356240136,0.0967766916,0.0962396677,429.6029227117,1003.6540311317,0.0
32051,0.0,-27.618338,-535.84906,1676.701294,0.8957139517,-0.4339709537,0.0967766916,0.0974048125,430.8313329973,1000.7921179005,0.0
32052,0.0,-24.836094,-537.575195,1676.701294,0.8963305468,-0.4326959897,0.096776709,0.0984828668,431.8413231953,997.9154245141,0.0
32053,0.0,-21.328281,-539.714661,1676.701294,0.8973825866,-0.4305897581,0.0964207114,0.0997956489,432.9882125854,994.3061285021,0.0
32054,0.0,-17.634563,-541.888123,1676.701294,0.8985620737,-0.4282409654,0.0958951263,0.1009532844,433.7148048362,990.5495304663,0.0
32055,0.0,-13.956744,-544.008545,1676.701294,0.9002447268,-0.4247087146,0.095822438,0.1016768682,433.5554081313,986.8438922874,0.0
32056,0.0,-10.793662,-545.78894,1676.701294,0.9015621896,-0.4219048258,0.0958224206,0.1027138494,434.2465969077,983.683762521,0.0
32057,0.0,-6.975904,-547.928894,1676.701294,0.9027625201,-0.4193302906,0.095822438,0.1037523373,434.6391614876,979.9014049798,0.0
32058,0.0,-3.536219,-549.803345,1676.701294,0.904356155,-0.4158822052,0.0958224206,0.1046751834,434.9592687759,976.5284493252,0.0
32059,0.0,-1.247319,-551.033325,1676.701294,0.9054123704,-0.4135776911,0.0958224033,0.1051581367,434.9105181397,974.2983889801,0.0
32060,0.0,2.037229,-552.759521,1676.701294,0.90745992,-0.4091478282,0.0954701427,0.1054902631,434.1420645889,971.1297500419,0.0
32061,0.0,6.103965,-554.877808,1676.701294,0.909522135,-0.4046591329,0.0949761656,0.1059623784,433.3086354033,967.2242906515,0.0
32062,0.0,9.860693,-556.779846,1676.701294,0.9124445549,-0.3980514815,0.0948680789,0.1052508091,430.334793689,963.6467801505,0.0
32063,0.0,12.699379,-558.194092,1676.701294,0.9142689705,-0.3939335057,0.0944914956,0.1052607262,429.1360266097,960.9196318356,0.0
32064,0.0,17.224758,-560.453918,1676.701294,0.9160427714,-0.3899234228,0.0939434154,0.1064626262,429.5087299239,956.6134156184,0.0
32065,0.0,19.798538,-561.713989,1676.701294,0.9173819035,-0.386769547,0.0939135805,0.1068659587,429.1327003819,954.0721837389,0.0
32066,0.0,24.037292,-563.742249,1676.701294,0.9195901532,-0.3814894358,0.0939135805,0.106908192,427.1917041873,949.579826745,0.0
32067,0.0,27.880877,-565.576355,1676.701294,0.9209871499,-0.3783291695,0.0930038129,0.108149141,427.6805064511,945.5063942449,0.0
32068,0.0,30.750021,-566.927429,1676.701294,0.9218743866,-0.3761731436,0.0929590306,0.1091371017,428.1247985331,942.4409669638,0.0
32069,0.0,34.631207,-568.73291,1676.701294,0.9230532338,-0.3732711429,0.0929590306,0.1103068119,428.4272997167,938.3834106646,0.0
32070,0.0,37.322529,-569.975891,1676.701294,0.9236447274,-0.3718051007,0.092959048,0.1114845539,429.3964370833,935.8167531017,0.0
32071,0.0,41.589214,-571.924072,1676.701294,0.9244972077,-0.3696803057,0.092959048,0.1134146647,431.0552722407,931.8802931394,0.0
32072,0.0,45.539917,-573.71283,1676.701294,0.9249548118,-0.3685338675,0.092959048,0.1155785621,433.2584462631,928.3663195794,0.0
32073,0.0,49.274036,-575.385681,1676.701294,0.9253241164,-0.3676056242,0.092959048,0.1176743987,435.4904590992,925.3164359357,0.0
32074,0.0,52.487694,-576.800781,1676.701294,0.9258594371,-0.3662552769,0.0929589958,0.1198430186,438.1307615711,922.9970668449,0.0
32075,0.0,55.724556,-578.222595,1676.701294,0.9262744166,-0.3652044915,0.092959048,0.1216546332,440.0513300305,920.5582770298,0.0
32076,0.0,59.682613,-579.947998,1676.701294,0.9266889453,-0.3641513614,0.092959048,0.123830945,442.2754153173,917.576370575,0.0
32077,0.0,63.522659,-581.60376,1676.701294,0.9270674746,-0.363186609,0.092959048,0.1265981359,445.634768944,915.0607725037,0.0
32078,0.0,66.29229,-582.782349,1676.701294,0.9275848935,-0.3618630734,0.0929590306,0.1281873463,447.3495189464,913.2574142121,0.0
32079,0.0,69.047447,-583.952087,1676.701294,0.9279475714,-0.3609320159,0.092959048,0.1295395457,448.5552111164,911.2561162554,0.0
32080,0.0,76.7005,-587.151489,1676.701294,0.9292499411,-0.3575656012,0.0929590653,0.1343061957,453.8817927296,906.7228347127,0.0
32081,0.0,81.042725,-588.936584,1676.701294,0.930428219,-0.3543873499,0.093343106,0.1360714288,455.375118935,904.213928098,0.0
32082,0.0,83.077385,-589.7595825,1676.701294,0.9310679672,-0.3526271544,0.0936106369,0.1368291045,456.1072326895,903.346484944,0.0
32083,0.0,88.165771,-591.803467,1676.701294,0.9329089197,-0.3474689621,0.0945847131,0.1385038018,457.7911922091,901.5825733775,0.0
32084,0.0,91.633728,-593.139282,1676.701294,0.9354058671,-0.3403836843,0.0956807778,,,,
32085,0.0,93.8241995,-593.9865415,1676.701294,0.9366418249,-0.3368022552,0.0961858794,,,,
32086,0.0,99.293922,-596.066162,1676.701294,0.9403314775,-0.325776676,0.0982154257,0.1357536742,452.4512212022,899.3822671629,0.0
32087,0.0,102.884796,-597.374329,1676.701294,0.9434456262,-0.3160917289,0.0999818444,,,,
32088,0.0,106.426582,-598.678467,1676.701294,0.9456085366,-0.3091704989,0.1011834872,,,,
32089,0.0,110.659256,-600.197571,1676.701294,0.9486699457,-0.2992431337,0.1023664056,,,,
32090,0.0,113.771301,-601.286316,1676.701294,0.9509438393,-0.2914071113,0.1038639011,,,,
32091,0.0,116.441589,-602.222595,1676.701294,0.9523767516,-0.2863905354,0.1046851671,,,,
32092,0.0,121.480568,-604.00116,1676.701294,0.9538197942,-0.2813290805,0.1052698849,,,,
32093,0.0,124.846581,-605.155273,1676.701294,0.9552997619,-0.2760019293,0.1059495162,,,,
32094,0.0,128.728348,-606.436646,1676.701294,0.9571775134,-0.2691066524,0.1067371422,,,,
32095,0.0,132.989151,-607.85614,1676.701294,0.9584213778,-0.2644474871,0.1072193511,,,,
32096,0.0,136.245773,-608.902161,1676.701294,0.9598919811,-0.2587585402,0.1079416628,,,,
32097,0.0,140.444977,-610.226379,1676.701294,0.9615284161,-0.2524902763,0.1082209106,,,,
32098,0.0,142.78923,-610.948242,1676.701294,0.9625037167,-0.2486086143,0.1085373314,,,,
32099,0.0,148.004227,-612.550781,1676.701294,0.9640534379,-0.2422629964,0.1091311568,,,,
32100,0.0,151.36911,-613.543945,1676.701294,0.9654925432,-0.2361080038,0.1098961308,,,,
32101,0.0,155.664429,-614.752869,1676.701294,0.9678800343,-0.2255720515,0.1110202181,,,,
32102,0.0,158.561218,-615.587341,1676.701294,0.9685413848,-0.2223482956,0.1117533951,,,,
32103,0.0,162.435745,-616.661194,1676.701294,0.9698106931,-0.2163857326,0.1124474733,,,,
32104,0.0,165.983948,-617.635376,1676.701294,0.970777733,-0.2117973922,0.1128381933,,,,
32105,0.0,170.929245,-618.982605,1676.701294,0.9717244335,-0.2073305915,0.1129851814,,,,
32106,0.0,172.244263,-619.331299,1676.701294,0.9719312737,-0.2063587941,0.112985164,,,,
32107,0.0,178.039642,-620.871155,1676.701294,0.972492527,-0.2036974166,0.112985164,,,,
32108,0.0,182.272552,-621.973389,1676.701294,0.9727147188,-0.2026337202,0.1129851814,,,,
32109,0.0,186.099274,-622.960388,1676.701294,0.9727185205,-0.2026154698,0.1129851814,,,,
32110,0.0,189.30986,-623.772278,1676.701294,0.9727185205,-0.2026154698,0.1129851814,,,,
32111,0.0,192.705826,-624.625122,1676.701294,0.9727185205,-0.2026154698,0.1129851814,,,,
32112,0.0,196.645752,-625.603821,1676.835571,0.9727185205,-0.2026154698,0.1129851814,,,,
32113,0.0,200.462402,-626.53363,1677.060181,0.9727185205,-0.2026154698,0.1129851814,,,,
32114,0.0,204.6604,-627.545471,1677.281006,0.9727185205,-0.2026154698,0.1129851814,,,,
32115,0.0,208.266586,-628.402527,1677.469971,0.9727185205,-0.2026154698,0.1129851814,,,,
32116,0.0,211.108414,-629.073669,1677.618286,0.9727185205,-0.2026154698,0.1129851814,,,,
32117,0.0,216.340546,-630.299072,1677.702026,0.9727185205,-0.2026154698,0.1129851814,,,,
32118,0.0,220.22879,-631.198303,1677.701294,0.9727185205,-0.2026154698,0.1129851814,,,,
32119,0.0,222.348038,-631.702271,1677.701294,0.9722794778,-0.2045308381,0.1133126354,,,,
32120,0.0,227.37204,-632.880737,1677.701294,0.971517055,-0.2078153384,0.1138744792,,,,
32121,0.0,231.260605,-633.821777,1677.701294,0.9700915822,-0.2138902979,0.1147748341,,,,
32122,0.0,238.128159,-635.52478,1677.701294,0.9663276074,-0.2289333919,0.1174753475,,,,
32123,0.0,242.377686,-636.587524,1677.701294,0.9638150658,-0.238359596,0.1193533491,,,,
32124,0.0,246.486359,-637.607666,1677.701294,0.9618298488,-0.2456697116,0.1205393498,,,,
32125,0.0,249.024796,-638.231506,1677.701294,0.9609265919,-0.2488690114,0.121178794,,,,
32126,0.0,253.862503,-639.407104,1677.701294,0.9598841257,-0.2522738575,0.1223943059,,,,
32127,0.0,256.660187,-640.087524,1677.701294,0.9595127556,-0.2536288692,0.1225057899,,,,
32128,0.0,261.052368,-641.157837,1677.701294,0.9591647606,-0.2547323142,0.1229406774,,,,
32129,0.0,264.118378,-641.905762,1677.701294,0.959038777,-0.2550448123,0.1232751714,,,,
32130,0.0,268.906555,-643.077942,1677.701294,0.9589700358,-0.2552151401,0.1234572909,,,,
32131,0.0,271.671326,-643.88678,1677.701294,0.9588236622,-0.2557645136,0.1234572736,,,,
32132,0.0,276.18869,-645.551575,1677.701294,0.9582957847,-0.257735311,0.1234572736,,,,
32133,0.0,280.011444,-647.277954,1677.701294,0.9571253547,-0.2615998218,0.1244049378,,,,
32134,0.0,282.442963,-648.552673,1677.701294,0.9560184957,-0.2649522404,0.1258131399,,,,
32135,0.0,285.364594,-650.231262,1677.701294,0.9547112742,-0.2690999897,0.126931393,,,,
32136,0.0,288.922607,-652.532532,1677.701294,0.9528629076,-0.2750660489,0.128027138,,,,
32137,0.0,292.299164,-654.995728,1677.701294,0.9500325782,-0.2837910328,0.1300028845,,,,
32138,0.0,294.363403,-656.628357,1677.701294,0.9481955719,-0.2889722747,0.1319855369,,,,
32139,0.0,295.422668,-657.493835,1677.701294,0.9472482897,-0.2916058015,0.1329914816,,,,
32140,0.0,300.63443,-662.157593,1677.701294,0.9431278265,-0.3034902457,0.1356597715,,,,
32141,0.0,302.377106,-663.873901,1677.701294,0.941646,-0.307226148,0.1375314678,,,,
32142,0.0,305.763672,-667.325745,1677.701294,0.9395530767,-0.312354391,0.1402667118,,,,
32143,0.0,307.935608,-669.634583,1677.701294,0.9383177082,-0.3151064181,0.1423651071,,,,
32144,0.0,310.787903,-672.941589,1677.701294,0.9358173455,-0.3201122734,0.1475602528,,,,
32145,0.0,313.46936,-676.203796,1677.701294,0.933030534,-0.3257223547,0.1528364165,,,,
32146,0.0,315.316071,-678.538269,1677.701294,0.9317027041,-0.3284174126,0.1551517783,,,,
32147,0.0,318.018188,-682.100464,1677.701294,0.9291541826,-0.3331475875,0.1602659975,,,,
32148,0.0,319.830353,-684.592163,1677.701294,0.9272834123,-0.3364993269,0.1640538825,,,,
32149,0.0,322.500549,-688.330322,1677.701294,0.9266662891,-0.3375919997,0.1652913501,,,,
32150,0.0,324.246155,-690.880615,1677.701294,0.9256324517,-0.3394081063,0.1673520296,,,,
32151,0.0,326.869507,-694.812378,1677.701294,0.9246477595,-0.3408200593,0.1699064688,,,,
32152,0.0,328.401459,-697.162598,1677.701294,0.9244080389,-0.3407906738,0.1712643987,,,,
32153,0.0,330.906158,-701.104614,1677.701294,0.9241705011,-0.3407031767,0.1727143026,,,,
32154,0.0,332.574158,-703.810669,1677.701294,0.9240847975,-0.3406715814,0.1732344095,,,,
32155,0.0,334.433411,-706.878235,1677.701294,0.9240220106,-0.3406484711,0.1736143513,,,,
32156,0.0,337.156982,-711.458008,1677.701294,0.9239922007,-0.3406371884,0.1737950484,,,,
32157,0.0,338.46167,-713.718384,1677.701294,0.9239922007,-0.3406371884,0.1737950484,,,,
32158,0.0,341.096252,-718.334106,1677.701294,0.9239922007,-0.3406371884,0.1737950484,,,,
32159,0.0,342.685211,-721.172668,1677.701294,0.9238709223,-0.3405928078,0.1745252365,,,,
32160,0.0,344.890228,-725.181335,1677.701294,0.9238354367,-0.3405793961,0.1747391223,,,,
32161,0.0,346.527008,-728.199341,1677.701294,0.9236993441,-0.3405294808,0.1755539641,,,,
32162,0.0,347.877533,-730.720215,1677.701294,0.9236778264,-0.3405212917,0.1756830184,,,,
32163,0.0,350.312012,-735.305664,1677.701294,0.9236778264,-0.3405212917,0.1756830184,,,,
32164,0.0,353.557892,-741.51532,1677.701294,0.9237537368,-0.3398264704,0.1766267359,,,,
32165,0.0,355.624817,-745.529724,1677.701294,0.9238453505,-0.3395773142,0.1766267702,,,,
32166,0.0,356.5108185,-747.260193,1677.701294,0.9239176038,-0.3391659744,0.1770377358,,,,
32167,0.0,358.814301,-751.77594,1677.701294,0.9241213711,-0.3379984351,0.1782042348,,,,
32168,0.0,360.664062,-755.442627,1677.701294,0.9242451339,-0.3372806479,0.1789209241,,,,
32169,0.0,362.628479,-759.361389,1677.701294,0.9243251076,-0.3368135736,0.1793870458,,,,
32170,0.0,364.440765,-762.98938,1677.701294,0.9246178965,-0.3359716052,0.179457031,,,,
32171,0.0,366.268951,-766.685913,1677.701294,0.924659499,-0.33585709,0.179457031,,,,
32172,0.0,367.728912,-769.637634,1677.701294,0.924912016,-0.3351610607,0.179457031,,,,
32173,0.0,369.562744,-773.356995,1677.701294,0.9251155295,-0.3341689293,0.1802564389,,,,
32174,0.0,371.104767,-776.479004,1677.701294,0.9256295322,-0.3324395944,0.1808145049,,,,
32175,0.0,373.142914,-780.620789,1677.701294,0.926209389,-0.330550381,0.1813080622,,,,
32176,0.0,374.945435,-784.252319,1677.701294,0.9273080514,-0.3269308008,0.1822526522,,,,
32177,0.0,376.699219,-787.768311,1677.701294,0.9288660121,-0.3224590048,0.1822858242,,,,
32178,0.0,378.050995,-790.448669,1677.701294,0.9305129521,-0.3176751867,0.1822858242,,,,
32179,0.0,379.900116,-794.05304,1677.701294,0.9334868973,-0.3085679207,0.1827239747,,,,
32180,0.0,381.644348,-797.476013,1677.701294,0.9357098576,-0.3015120066,0.1831326628,,,,
32181,0.0,383.657806,-801.279114,1677.701294,0.9406639605,-0.2861613136,0.1823815124,,,,
32182,0.0,385.102203,-803.986267,1677.701294,0.9437290527,-0.276384854,0.181622927,,,,
32183,0.0,386.948944,-807.385559,1677.701416,0.9479085883,-0.2629853084,0.1797443625,,,,
32184,0.0,389.218597,-811.607117,1677.701294,0.9517943337,-0.2500445435,0.1776661834,,,,
32185,0.0,390.905396,-814.665955,1677.701294,0.95496916,-0.2388679137,0.1760000658,,,,
32186,0.0,392.587891,-817.695862,1677.701294,0.9576747502,-0.2291126764,0.1742597325,,,,
32187,0.0,394.199982,-820.604797,1677.701294,0.9595061003,-0.2221356948,0.1732159824,,,,
32188,0.0,396.677155,-825.004639,1677.701294,0.9622258604,-0.2117555657,0.1711168429,,,,
32189,0.0,398.639801,-827.989868,1677.701294,0.9647264893,-0.2015686623,0.1693306685,,,,
32190,0.0,400.617493,-830.649109,1677.701294,0.9666261497,-0.1931031738,0.1683598853,,,,
32191,0.0,402.728729,-833.191223,1677.701294,0.9683826189,-0.1854223639,0.1668941292,,,,
32192,0.0,406.057281,-836.693787,1677.701294,0.9707065278,-0.174360244,0.1653098371,,,,
32193,0.0,407.740692,-838.201111,1677.701294,0.9720963199,-0.1671606652,0.1645784215,,,,
32194,0.0,410.740234,-840.760681,1677.701294,0.9737580898,-0.1581411748,0.1636659748,,,,
32195,0.0,414.257172,-843.485596,1677.701294,0.9753151027,-0.1485291619,0.1633999343,,,,
32196,0.0,416.612335,-845.103455,1677.701294,0.9763176937,-0.1425817115,0.1627089932,,,,
32197,0.0,419.046509,-846.642151,1677.701294,0.9772430973,-0.1367785505,0.1621343794,,,,
32198,0.0,423.457825,-849.246338,1677.701294,0.9783103366,-0.1296731045,0.1615356658,,,,
32199,0.0,425.882935,-850.596863,1677.701294,0.9785858945,-0.1280318961,0.1611753102,,,,
32200,0.0,429.955811,-852.607178,1677.701294,0.9789818207,-0.1257203874,0.1605894732,,,,
32201,0.0,432.752167,-853.9245,1677.701294,0.9790876949,-0.1249288581,0.1605617208,,,,
32202,0.0,435.901367,-855.263611,1677.701294,0.979170747,-0.1242762106,0.1605617381,,,,
32203,0.0,440.015717,-856.945374,1677.701294,0.9792334376,-0.1237812929,0.1605617208,,,,
32204,0.0,443.848206,-858.395813,1677.701294,0.9792394877,-0.1237334213,0.1605617208,,,,
32205,0.0,449.716522,-860.419678,1677.701294,0.9792394877,-0.1237334213,0.1605617208,,,,
32206,0.0,453.92041,-861.753174,1677.701294,0.9792394877,-0.1237334213,0.1605617208,,,,
32207,0.0,456.0105745,-862.376068,1677.701294,0.9792394877,-0.1237334213,0.1605617208,,,,
32208,0.0,460.97113,-863.810913,1677.701294,0.9792394877,-0.1237334213,0.1605617208,,,,
32209,0.0,465.385132,-865.000183,1677.701294,0.9792394877,-0.1237334213,0.1605617208,,,,
32210,0.0,468.626129,-865.831604,1677.701294,0.9792394877,-0.1237334213,0.1605617208,,,,
32211,0.0,472.773285,-866.895447,1677.701294,0.9792394877,-0.1237334213,0.1605617208,,,,
32212,0.0,476.130768,-867.76593,1677.701294,0.9792394877,-0.1237334213,0.1605617208,,,,
32213,0.0,480.232544,-869.029907,1677.701294,0.9792394877,-0.1237334213,0.1605617208,,,,
32214,0.0,483.6409,-870.324158,1677.701294,0.9792394877,-0.1237334213,0.1605617208,,,,
32215,0.0,486.99173,-871.789612,1677.701294,0.9792394877,-0.1237334213,0.1605617208,,,,
32216,0.0,490.081665,-873.259094,1677.701294,0.9792394877,-0.1237334213,0.1605617208,,,,
32217,0.0,494.049835,-875.294556,1677.701294,0.9792394877,-0.1237334213,0.1605617208,,,,
32218,0.0,497.654816,-877.402588,1677.701294,0.9793780841,-0.1237511596,0.1597004034,,,,
32219,0.0,500.049957,-878.893127,1677.701294,0.9793917609,-0.123752662,0.1596153419,,,,
32220,0.0,503.506866,-881.191895,1677.701294,0.9793034514,-0.1244495368,0.1596153591,,,,
32221,0.0,506.250854,-883.146484,1677.701294,0.9792266091,-0.1250527959,0.1596153074,,,,
32222,0.0,510.322693,-886.173828,1677.701294,0.9791557088,-0.1256066682,0.1596153591,,,,
32223,0.0,513.265625,-888.502869,1677.701294,0.9790416861,-0.1264923479,0.1596153591,,,,
32224,0.0,515.565796,-890.415894,1677.701294,0.9789807129,-0.1269633844,0.1596153591,,,,
32225,0.0,518.901428,-893.254028,1677.701294,0.9789199934,-0.1274307011,0.1596153591,,,,
32226,0.0,521.931091,-895.934326,1677.701294,0.9788055257,-0.128306976,0.1596153591,,,,
32227,0.0,525.177979,-898.917603,1677.701294,0.9787872788,-0.1284461192,0.1596153419,,,,
32228,0.0,527.041748,-900.677368,1677.701294,0.9787872788,-0.1284461192,0.1596153419,,,,
32229,0.0,529.987183,-903.503296,1677.701294,0.9790960925,-0.1260705313,0.1596153591,,,,
32230,0.0,533.104797,-906.55365,1677.701294,0.9794491164,-0.1232978728,0.1596153591,,,,
32231,0.0,536.18811,-909.591553,1677.701294,0.9802571321,-0.1167000092,0.1596153591,,,,
32232,0.0,538.482361,-911.88446,1677.701294,0.9808637775,-0.1104363048,0.1603436078,,,,
32233,0.0,541.186646,-914.560913,1677.701172,0.9818248291,-0.0977702864,0.1626683005,,,,
32234,0.0,544.468262,-917.864746,1677.701294,0.9826202765,-0.0846742289,0.1651897912,,,,
32235,0.0,546.448914,-919.857849,1677.701172,0.983060781,-0.0757201579,0.1669070356,,,,
32236,0.0,549.527222,-922.989197,1677.701294,0.9835808167,-0.0617014389,0.1695927752,,,,
32237,0.0,551.815979,-925.309631,1677.701294,0.983897682,-0.0499871722,0.1716002153,,,,
32238,0.0,555.02356,-928.528259,1677.701294,0.9841945032,-0.0304184803,0.174458866,,,,
32239,0.0,558.107605,-931.642334,1677.701294,0.9839959322,-0.015250211,0.1775371414,,,,
32240,0.0,558.983948,-932.424133,1677.70105,0.9836208269,-0.0029539042,0.1802258122,,,,
32241,0.0,560.665283,-934.035156,1677.700806,0.9830744151,0.0095350731,0.182958402,,,,
32242,0.0,566.915588,-940.210999,1677.700562,0.9810300017,0.0401291693,0.1896570207,,,,
32243,0.0,568.9429625,-942.2197575,1677.700745,0.9802130327,0.0489370363,0.1915870714,,,,
32244,0.0,573.561707,-946.788879,1677.70105,0.9780683539,0.0699395476,0.1961906082,,,,
32245,0.0,576.123322,-949.2848815,1677.701111,0.9766002765,0.0800986375,0.1993014512,,,,
32246,0.0,578.684937,-951.780884,1677.701172,0.9751321991,0.0902577273,0.2024122943,,,,
32247,0.0,582.293518,-954.896729,1677.701294,0.9710524121,0.1157877411,0.2089268102,,,,
32248,0.0,585.334412,-957.577393,1677.701294,0.9684419003,0.1325818451,0.2110505627,,,,
32249,0.0,587.014008,-959.025635,1677.701294,0.9666790558,0.1435113462,0.2116911064,,,,
32250,0.0,590.945435,-962.365723,1677.701294,0.962252773,0.170213016,0.2123608488,,,,
32251,0.0,594.312622,-965.14325,1677.701294,0.958342374,0.1910045423,0.212360917,,,,
32252,0.0,595.9467775,-966.4559025,1677.701294,0.956329695,0.200599729,0.2123608829,,,,
32253,0.0,599.958008,-969.628723,1677.701294,0.9529920008,0.2165391859,0.2119363759,,,,
32254,0.0,603.692505,-972.557434,1677.701294,0.9513737863,0.2240212962,0.2114293677,,,,
32255,0.0,606.117371,-974.423279,1677.701294,0.9510529352,0.2253846765,0.2114238918,,,,
32256,0.0,609.88501,-977.234741,1677.701294,0.9505082644,0.2276707333,0.2114239259,,,,
32257,0.0,611.896179,-978.657166,1677.701416,0.9489457893,0.2378208972,0.2072271935,,,,
32258,0.0,616.178162,-981.700623,1677.701294,0.9461621459,0.2542275556,0.2003635287,,,,
32259,0.0,618.628235,-983.360901,1677.701416,0.9424034568,0.2731390594,0.1930564136,,,,
32260,0.0,621.67688,-985.288757,1677.701782,0.9344946376,0.3064285903,0.1811664743,,,,
32261,0.0,625.557007,-987.774902,1677.701294,0.9258178352,0.3374362346,0.1702883543,,,,
32262,0.0,628.213867,-989.38916,1677.701294,0.9165557609,0.3650295123,0.1633370512,,,,
32263,0.0,631.414795,-991.24646,1677.701416,0.9027336747,0.401249458,0.155147623,,,,
32264,0.0,634.757751,-993.147827,1677.701294,0.8935130555,0.4233270433,0.1497619246,,,,
32265,0.0,637.975708,-994.888489,1677.701416,0.8812876367,0.4502831769,0.1434474193,,,,
32266,0.0,640.828491,-996.282593,1677.701416,0.8738037388,0.466026801,0.1388742121,,,,
32267,0.0,644.633362,-998.056396,1677.701416,0.8672038685,0.4793930744,0.1346838177,,,,
32268,0.0,648.096008,-999.356934,1677.701294,0.8626141689,0.4884178454,0.1316996735,,,,
32269,0.0,651.909424,-1000.378418,1677.701294,0.859271268,0.4948975388,0.1293418498,,,,
32270,0.0,655.170654,-1001.03418,1677.701294,0.8568100705,0.4996012162,0.1275740096,,,,
32271,0.0,658.500671,-1001.508362,1677.701294,0.8557886611,0.5018010572,0.1257834107,,,,
32272,0.0,661.432922,-1001.726807,1677.701294,0.8544900149,0.5044674679,0.1239329989,,,,
32273,0.0,666.029724,-1001.879578,1677.701294,0.8527322832,0.507965361,0.1217326795,,,,
32274,0.0,669.440552,-1001.795837,1677.701294,0.8519333343,0.5097274011,0.1199481989,,,,
32275,0.0,672.25238,-1001.561157,1677.701294,0.8518113018,0.5100011756,0.1196507707,,,,
32276,0.0,677.015686,-1001.052246,1677.701294,0.8518113018,0.5100011756,0.1196507707,,,,
32277,0.0,680.260864,-1000.539429,1677.701294,0.8518113018,0.5100011756,0.1196507707,,,,
32278,0.0,683.174255,-999.955261,1677.701294,0.8518113018,0.5100011756,0.1196507707,,,,
32279,0.0,687.609985,-998.987671,1677.701294,0.8518113018,0.5100011756,0.1196507707,,,,
32280,0.0,690.987793,-998.132507,1677.701294,0.8518113018,0.5100011756,0.1196507707,,,,
32281,0.0,694.406677,-997.178406,1677.701294,0.8518113018,0.5100011756,0.1196507707,,,,
32282,0.0,697.078979,-996.392578,1677.701294,0.8514348449,0.5106294176,0.1196507534,,,,
32283,0.0,701.174011,-995.161865,1677.701294,0.8509352946,0.5114614567,0.1196507534,,,,
32284,0.0,705.446472,-994.07135,1677.701294,0.8494029229,0.514002299,0.119650788,,,,
32285,0.0,708.926941,-993.338501,1677.701294,0.846504087,0.5185576009,0.1205356594,,,,
32286,0.0,712.565552,-992.690002,1677.701294,0.8424903378,0.5248349813,0.1214836332,0.1214125416,467.521022876,978.934557414,0.0
32287,0.0,716.348999,-992.153198,1677.701294,0.8388067243,0.5306861978,0.1215542629,0.1196774751,463.3275384767,976.7102165523,0.0
32288,0.0,719.906372,-991.718384,1677.701294,0.8329201673,0.5396817093,0.1224240478,0.1162393365,456.1153839138,974.732164592,0.0
32289,0.0,721.254822,-991.566223,1677.701294,0.8305043893,0.543373524,0.1225058073,0.1148605262,453.3377919022,974.2373612241,0.0
32290,0.0,727.554138,-991.048462,1677.701294,0.8190132566,0.5607430925,0.1215914052,0.1079178007,439.9298884017,973.569423003,0.0
32291,0.0,734.861755,-990.679688,1677.701294,0.8043331193,0.581986164,0.1197511507,0.0994102393,424.0352764089,975.5336080829,0.0
32292,0.0,737.902466,-990.612183,1677.701294,0.7996988596,0.5884917058,0.1189926305,0.0972796255,420.0515411001,976.3469033148,0.0
32293,0.0,742.036865,-990.573975,1677.701294,0.7937405894,0.5968518726,0.1172336085,0.0946969442,415.0368038822,977.0945603412,0.0
32294,0.0,746.244995,-990.603821,1677.701294,0.7890715426,0.6032541531,0.1159764087,0.0932934682,412.5064395047,978.0547943642,0.0
32295,0.0,750.123291,-990.666016,1677.701294,0.7845911549,0.6092505038,0.1150240982,0.0919378664,409.8701239058,978.5945578212,0.0
32296,0.0,753.913696,-990.550354,1677.701294,0.7800357099,0.6152474322,0.1140828139,0.0904971336,407.3060631778,979.8132452384,0.0
32297,0.0,757.684387,-990.233276,1677.701294,0.7758994629,0.6206292907,0.1131340225,0.089211499,404.8772622122,980.6333516897,0.0
32298,0.0,760.775574,-989.783081,1677.701294,0.7716436952,0.6260794678,0.1122074311,0.0875720906,401.7873287546,981.7950558557,0.0
32299,0.0,764.990173,-989.038635,1677.701294,0.7671569674,0.6317384009,0.1112509783,0.0860986205,398.7425476751,982.2786510038,0.0
32300,0.0,768.571106,-988.228638,1677.701294,0.7614076597,0.6388091165,0.1103688745,0.0836062055,393.3366374375,982.6588415397,0.0
32301,0.0,772.671875,-987.072754,1677.701294,0.7568392645,0.6442564652,0.1101269026,0.0820767285,390.1108523514,983.246476563,0.0
32302,0.0,774.234558,-986.556396,1677.701416,0.7529813958,0.6489227236,0.1091710422,0.0801065055,386.2186564094,984.8289049669,0.0
32303,0.0,777.147095,-985.591675,1677.701294,0.7488366,0.6538802317,0.1080943531,0.0783281926,382.3569895593,985.5311859955,0.0
32304,0.0,782.072449,-983.969482,1677.701294,0.7435960525,0.6600533538,0.1067449339,0.076452226,377.7327606502,985.0042322992,0.0
32305,0.0,786.161133,-982.624695,1677.701416,0.7395352945,0.6647656204,0.1057081737,0.0751201538,374.6409959008,985.2246115935,0.0
32306,0.0,789.993469,-981.362915,1677.701294,0.7353912014,0.6695121315,0.1046579507,0.0735847156,370.937977727,985.2184461237,0.0
32307,0.0,795.035034,-979.56604,1677.701294,0.7315114026,0.6738434754,0.1040482508,0.0726598334,368.3870904883,984.414535378,0.0
32308,0.0,797.441467,-978.230713,1677.701294,0.7270857077,0.6787002136,0.103500694,0.0706254223,363.9260754967,985.8807103277,0.0
32309,0.0,800.504272,-976.745178,1677.701294,0.7222832142,0.6839254117,0.1027277459,0.0686065819,358.7478953854,985.5328321936,0.0
32310,0.0,803.668701,-975.082764,1677.701294,0.717420592,0.6890583024,0.1025004883,0.0665130764,354.0310287734,987.2273758185,0.0
32311,0.0,807.305969,-973.07782,1677.701294,0.7129136274,0.6937202651,0.1025005057,0.064988783,350.1975713506,987.5342894642,0.0
32312,0.0,808.088684,-972.638855,1677.701294,0.7120608904,0.6945955214,0.1025004883,0.064587613,349.1255220432,987.4616151196,0.0
32313,0.0,814.482971,-968.809387,1677.701294,0.7075509915,0.6991889879,0.1025005057,0.0636835376,345.9061187315,985.0459394975,0.0
32314,0.0,817.658508,-966.797546,1677.701294,0.7068986941,0.6998484712,0.1025005057,0.0641306687,346.0437394761,982.1099080351,0.0
32315,0.0,820.796204,-964.728638,1677.701294,0.7062482883,0.7005048191,0.1025005057,0.0646197014,346.3355936123,979.3354958903,0.0
32316,0.0,823.587524,-962.831299,1677.701294,0.706209017,0.7005444102,0.1025005057,0.0654772539,347.6172308498,976.7178996546,0.0
32317,0.0,827.316223,-960.204285,1677.701294,0.7055528372,0.7012052768,0.1025005057,0.0663568925,348.7528163398,973.613402784,0.0
32318,0.0,830.51825,-957.856689,1677.701294,0.7042016552,0.7025622241,0.1025004883,0.0667360079,348.7772912864,971.0073280897,0.0
32319,0.0,833.56665,-955.55719,1677.701294,0.7028849516,0.7038795314,0.1025004883,0.0668892744,348.1130732252,968.0855232875,0.0
32320,0.0,836.735046,-953.11676,1677.701294,0.7021727727,0.7045899826,0.1025005057,0.067370995,348.1735635535,964.9061291663,0.0
32321,0.0,839.695679,-950.781311,1677.701294,0.7014541743,0.705172148,0.1034131667,0.0679634616,348.5421444527,961.8556176254,0.0
32322,0.0,842.422607,-948.595459,1677.701294,0.7014220495,0.705198093,0.1034541356,0.0687066255,349.3120249934,958.9370569266,0.0
32323,0.0,845.189636,-946.338867,1677.701294,0.7014220495,0.705198093,0.1034541356,0.069516896,350.2023978284,955.9626549705,0.0
32324,0.0,848.816345,-943.325989,1677.701294,0.7014220495,0.705198093,0.1034541356,0.0706016728,351.3459037688,951.9550680398,0.0
32325,0.0,854.218323,-938.725708,1677.701294,0.7014220495,0.705198093,0.1034541356,0.0723326716,353.0452463215,945.468516681,0.0
32326,0.0,856.972778,-936.335693,1677.701294,0.7014220495,0.705198093,0.1034541356,0.0733618683,353.9895788679,941.5756305891,0.0
32327,0.0,858.6346435,-934.875,1677.701294,0.7014220495,0.705198093,0.1034541356,0.0739765141,354.4864901513,939.1403658102,0.0
32328,0.0,863.124207,-930.899536,1677.701294,0.7014220495,0.705198093,0.1034541356,0.0755867819,355.767013323,932.8108401806,0.0
32329,0.0,864.7982485,-929.3951415,1677.701294,0.7014220495,0.705198093,0.1034541356,0.0762397024,356.2622670996,930.2783580966,0.0
32330,0.0,869.059448,-925.542114,1677.701294,0.7014220495,0.705198093,0.1034541356,0.0779093452,357.5007789894,923.8368509273,0.0
32331,0.0,870.6804505,-924.0587765,1677.701294,0.7014220495,0.705198093,0.1034541356,0.0785619809,358.009712397,921.4757242894,0.0
32332,0.0,874.970276,-920.112549,1677.701294,0.7014220495,0.705198093,0.1034541356,0.0802124883,359.1490239662,915.2233990248,0.0
32333,0.0,877.608826,-917.661865,1677.701294,0.7014220495,0.705198093,0.1034541356,0.0814096791,360.0925477526,911.1397366907,0.0
32334,0.0,880.741089,-914.733887,1677.701294,0.7014220495,0.705198093,0.1034541356,0.0827681639,361.0459161775,906.344827429,0.0
32335,0.0,883.519531,-912.087952,1677.701294,0.6995417907,0.7070633104,0.1034541356,0.0828779248,359.7290057409,902.4666031284,0.0
32336,0.0,886.230896,-909.4776,1677.701294,0.696919855,0.7095239866,0.1042997036,0.0827758896,357.8497913673,898.2813829957,0.0
32337,0.0,889.069458,-906.673218,1677.701294,0.6909931617,0.7151552928,0.1052680277,0.0809060032,352.2053765175,893.83526297,0.0
32338,0.0,891.261108,-904.420959,1677.701172,0.68244619,0.7230672402,0.106962441,0.0777533749,344.1640850701,890.2282461938,0.0
32339,0.0,894.2052,-901.420776,1677.701294,0.67349056,0.7311525094,0.1087495911,0.0746680473,335.8580292605,885.7997007749,0.0
32340,0.0,897.05603,-898.534851,1677.701294,0.6675783305,0.7363849734,0.1098924184,0.0730923086,330.8314959233,881.5370176853,0.0
32341,0.0,899.654419,-895.799011,1677.701294,0.65816017,0.7446728718,0.1108490173,0.0698320775,322.1446378257,877.4570722782,0.0
32342,0.0,902.398682,-892.944092,1677.701294,0.6521783902,0.7497746625,0.1118092252,0.0682535463,317.1104126956,873.3188420846,0.0
32343,0.0,905.449707,-889.758362,1677.701294,0.6472335312,0.7538876823,0.1128809928,0.0674949119,313.689656326,868.5690658962,0.0
32344,0.0,908.000854,-887.102173,1677.701294,0.6455472862,0.7553165231,0.1129851814,0.0678564669,313.0514841906,864.57057875,0.0
32345,0.0,910.948486,-884.028931,1677.701294,0.6453039121,0.7555244601,0.1129851814,0.0690335394,313.9875684357,859.9932017375,0.0
32346,0.0,913.314392,-881.541077,1677.701294,0.6453039121,0.7555244601,0.1129851814,0.0701027968,314.9545894675,856.2748341721,0.0
32347,0.0,916.130554,-878.554871,1677.701294,0.6453039121,0.7555244601,0.1129851814,0.0713170815,315.9263377903,851.8411874677,0.0
32348,0.0,918.67395,-875.835938,1677.701294,0.6453039121,0.7555244601,0.1129851814,0.0726290411,317.1706239149,847.7253023147,0.0
32349,0.0,921.090515,-873.22583,1677.701294,0.6447860511,0.7559664682,0.112985164,0.0736195414,317.7762004107,843.8277084149,0.0
32350,0.0,924.192627,-869.802002,1677.701294,0.6411412265,0.7586752673,0.1155411894,0.0737985896,316.2679450711,838.8422523196,0.0
32351,0.0,926.629578,-867.014526,1677.701294,0.6337790651,0.76430157,0.1190260759,0.072034518,311.1353517546,834.8902799115,0.0
32352,0.0,929.040344,-864.194092,1677.701294,0.6241036399,0.7715436093,0.1233495266,0.069567394,304.4276189133,830.7184597446,0.0
32353,0.0,932.009155,-860.731323,1677.701294,0.6152256685,0.7780405603,0.1270836862,0.0677228231,298.6920118055,825.6982594272,0.0
32354,0.0,934.284302,-857.966248,1677.701294,0.6036614259,0.7864899185,0.130485597,0.0644827163,290.3051292799,821.7401754321,0.0
32355,0.0,936.812744,-854.968506,1677.701294,0.5977529187,0.7907607869,0.1318666981,0.063520283,286.6910741053,817.4317145276,0.0
32356,0.0,939.173828,-852.176086,1677.701294,0.5946684929,0.793058235,0.1320152247,0.0634709161,285.1784907679,813.4247286583,0.0
32357,0.0,941.966003,-848.825806,1677.701294,0.5905977194,0.7960944101,0.132015242,0.0631401274,282.8220940318,808.7448083394,0.0
32358,0.0,944.463806,-845.787415,1677.701294,0.5848641833,0.8003161076,0.1320152074,0.0622615949,279.3580844419,804.2731122724,0.0
32359,0.0,946.049255,-843.842041,1677.701294,0.5815802167,0.8027056945,0.1320152247,0.0618353369,277.4450819516,801.4258185169,0.0
32360,0.0,948.374023,-840.927307,1677.701294,0.5749408596,0.8074744535,0.1320152074,0.0604093972,272.9070612554,797.2737879608,0.0
32361,0.0,950.924072,-837.679871,1677.701294,0.5674957998,0.8127241243,0.1320152074,0.0589081748,268.0223262414,792.6110969924,0.0
32362,0.0,952.577637,-835.497681,1677.701294,0.5605571335,0.8177177862,0.130817897,0.0570808997,262.8916423013,789.4125307558,0.0
32363,0.0,954.791504,-832.589661,1677.701294,0.5535262621,0.8226978586,0.1295257138,0.0553563142,257.6742375087,785.3575039368,0.0
32364,0.0,957.26709,-829.31073,1677.701294,0.5467165028,0.8274260924,0.1283243045,0.0539857889,253.045630241,780.7034742795,0.0
32365,0.0,958.338806,-827.870361,1677.701294,0.5448568864,0.8287985231,0.1273733934,0.0539872911,252.2552848326,778.2545513582,0.0
32366,0.0,960.09314,-825.508911,1677.701294,0.5435519046,0.8297924693,0.1264744434,0.05444118,252.1762951244,774.8512044527,0.0
32367,0.0,962.408875,-822.391357,1677.701294,0.5422338714,0.8307918634,0.1255679439,0.054944348,251.881975965,770.4945366076,0.0
32368,0.0,965.536499,-818.18042,1677.701294,0.5405890024,0.8320328242,0.1244383782,0.0556333537,251.5417130335,764.8095677707,0.0
32369,0.0,967.690918,-815.280029,1677.701294,0.539347722,0.8329647045,0.1235873614,0.0563030818,251.6497777397,760.7048667569,0.0
32370,0.0,971.759216,-809.563721,1677.701294,0.5340843138,0.8364966708,0.1225857471,0.0578559017,253.7586527707,757.0181668922,0.0
32371,0.0,972.8947445,-807.9267885,1677.701294,0.5319124014,0.8379491397,0.1220792906,0.0577293401,252.7361432936,754.7673097245,0.0
32372,0.0,974.030273,-806.289856,1677.701294,0.529740489,0.8394016085,0.1215728341,0.0576027784,251.7136338166,752.5164525568,0.0
32373,0.0,976.034912,-803.394592,1677.701294,0.5272935806,0.8409435421,0.1215542629,0.0580356746,251.2996569955,748.5550654528,0.0
32374,0.0,977.918701,-800.648193,1677.701294,0.5250052591,0.8423740494,0.1215542629,0.0584759237,250.9608796128,744.8110177724,0.0
32375,0.0,981.993835,-794.654846,1677.701294,0.5216159947,0.8444769477,0.1215542629,,,,
32376,0.0,983.511902,-792.368408,1677.701294,0.5187995167,0.8463054728,0.1208888257,,,,
32377,0.0,985.500732,-789.30188,1677.701294,0.5130594103,0.8498382559,0.1206025722,,,,
32378,0.0,987.141296,-786.722168,1677.701294,0.5070176645,0.8535644404,0.1198366971,,,,
32379,0.0,989.368103,-783.228394,1677.701294,0.5007102775,0.857416809,0.1188513089,,,,
32380,0.0,991.286316,-780.153564,1677.701294,0.4935770887,0.861673096,0.1179030666,,,,
32381,0.0,993.401001,-776.734253,1677.701294,0.4866447439,0.865756905,0.1167984364,,,,
32382,0.0,995.20874,-773.778992,1677.701294,0.4809377692,0.8689406504,0.116794727,,,,
32383,0.0,997.043701,-770.724731,1677.701294,0.4741439641,0.8726663125,0.116794727,,,,
32384,0.0,998.672852,-768.022095,1677.701294,0.4703570651,0.8747132233,0.116794727,,,,
32385,0.0,998.9457095,-767.5667725,1677.701294,0.4696508914,0.8750922178,0.116794727,,,,
32386,0.0,1002.260071,-761.97998,1677.701294,0.462607945,0.8788360968,0.1167947097,,,,
32387,0.0,1003.788635,-759.214905,1677.701294,0.4616301004,0.8793501272,0.1167947097,,,,
32388,0.0,1005.59314,-755.428101,1677.701294,0.4606020507,0.8798890513,0.116794727,,,,
32389,0.0,1006.753784,-752.476624,1677.701294,0.459811012,0.8803026894,0.116794727,,,,
32390,0.0,1007.816467,-749.30304,1677.701294,0.4597517052,0.8803336647,0.116794727,,,,
32391,0.0,1008.669189,-746.22583,1677.701294,0.4597979338,0.8804216217,0.1159466609,,,,
32392,0.0,1009.372864,-743.121643,1677.701294,0.459803329,0.8804325141,0.1158425081,,,,
32393,0.0,1009.994263,-739.649963,1677.701294,0.459803329,0.8804325141,0.1158425081,,,,
32394,0.0,1010.379517,-736.548706,1677.701294,0.459803329,0.8804325141,0.1158425081,,,,
32395,0.0,1010.643311,-733.980774,1677.701294,0.459803329,0.8804325141,0.1158425081,,,,
32396,0.0,1010.935547,-730.213257,1677.701294,0.459803329,0.8804325141,0.1158425081,,,,
32397,0.0,1011.023682,-726.954163,1677.701294,0.459803329,0.8804325141,0.1158425081,,,,
32398,0.0,1011.022461,-723.266235,1677.701294,0.4590844574,0.8808075717,0.1158424908,,,,
32399,0.0,1010.896606,-719.593384,1677.701294,0.4558023006,0.8825104963,0.1158425081,,,,
32400,0.0,1010.735046,-716.925415,1677.701294,0.4525863915,0.8842529797,0.1151617392,,,,
32401,0.0,1010.401428,-712.89563,1677.701294,0.4476093475,0.8868179756,0.1148901654,,,,
32402,0.0,1010.126221,-710.214111,1677.701294,0.4448902454,0.8882677231,0.1142502584,,,,
32403,0.0,1009.653198,-706.329651,1677.701294,0.4410564388,0.8902176197,0.1139377344,,,,
32404,0.0,1009.248291,-703.433777,1677.701294,0.4382179486,0.891696085,0.1133274965,,,,
32405,0.0,1008.645386,-699.649963,1677.701294,0.4351745925,0.8933336935,0.1121516209,,,,
32406,0.0,1008.141052,-696.697632,1677.701294,0.4336113522,0.8941823904,0.111440782,,,,
32407,0.0,1007.378601,-692.460327,1677.701294,0.4328531441,0.8946871425,0.1103316485,,,,
32408,0.0,1006.657043,-688.863037,1677.701294,0.4321222056,0.8950656182,0.11012692,,,,
32409,0.0,1006.063843,-686.039856,1677.701294,0.4320675343,0.8952513492,0.1088240213,,,,
32410,0.0,1005.328979,-682.73999,1677.701294,0.4317750475,0.8955109127,0.1078448593,,,,
32411,0.0,1004.338379,-678.463318,1677.701294,0.4313251268,0.8957909811,0.1073180005,,,,
32412,0.0,1002.787354,-672.316223,1677.701294,0.4250626011,0.8991619768,0.1040650018,,,,
32413,0.0,1001.851685,-668.835083,1677.701294,0.4195858997,0.9019512376,0.1021353893,,,,
32414,0.0,1000.816284,-665.130981,1677.701294,0.4130739992,0.9050183014,0.1015467642,,,,
32415,0.0,999.822754,-661.729919,1677.701294,0.4050468005,0.9087197684,0.1008239649,,,,
32416,0.0,998.792236,-658.311646,1677.701294,0.3970267893,0.9123568147,0.0998737762,,,,
32417,0.0,997.814697,-655.180908,1677.701294,0.3897710203,0.9155477589,0.0992514625,,,,
32418,0.0,996.640015,-651.466675,1677.701294,0.383453193,0.9182611697,0.0987930817,,,,
32419,0.0,995.325317,-647.380249,1677.701294,0.379389028,0.9199593665,0.0986850006,,,,
32420,0.0,994.246094,-644.07959,1677.701294,0.3793165005,0.9199892734,0.0986850006,,,,
32421,0.0,993.093018,-640.627869,1677.701294,0.3793165005,0.9199892734,0.0986850006,,,,
32422,0.0,992.300964,-638.300781,1677.701294,0.3793165005,0.9199892734,0.0986850006,,,,
32423,0.0,991.148804,-634.965271,1677.701294,0.3793417604,0.920050174,0.0980178872,,,,
32424,0.0,989.875,-631.328491,1677.701294,0.3800837975,0.9198548917,0.0969705369,,,,
32425,0.0,988.484009,-627.416382,1677.701294,0.3812036058,0.9196068649,0.0949053473,,,,
32426,0.0,987.60614,-624.971191,1677.701294,0.3825708008,0.9192540345,0.0927987199,,,,
32427,0.0,986.861511,-622.908386,1677.701294,0.3846968777,0.918583717,0.0906215603,,,,
32428,0.0,985.810547,-620.047424,1677.701172,0.386709509,0.9179076393,0.0888893771,,,,
32429,0.0,985.684021,-619.7045083333,1677.701172,0.3869018601,0.9178425299,0.0887237483,,,,
32430,0.0,985.557495,-619.3615926667,1677.701172,0.3870942113,0.9177774206,0.0885581196,,,,
32431,0.0,985.430969,-619.018677,1677.701172,0.3872865624,0.9177123112,0.0883924908,,,,
32432,0.0,980.497253,-605.660889,1677.701294,0.3932002477,0.9156753649,0.0832597825,,,,
32433,0.0,978.784058,-601.126465,1677.701294,0.3966293018,0.9144367069,0.0805649185,,,,
32434,0.0,977.97699,-598.981445,1677.701294,0.3983949255,0.9137785904,0.079310598,,,,
32435,0.0,976.558044,-595.207581,1677.701294,0.4022042662,0.9123042627,0.0770237658,,,,
32436,0.0,975.192139,-591.583374,1677.701294,0.405353237,0.9110879156,0.0748836649,,,,
32437,0.0,973.887207,-588.124573,1677.701294,0.4081589127,0.90992416,0.0737856702,,,,
32438,0.0,972.686462,-584.926147,1677.701294,0.4116886045,0.9084806296,0.0719405216,,,,
32439,0.0,971.414917,-581.536133,1677.701294,0.4153683619,0.9069595796,0.0699531619,,,,
32440,0.0,970.580383,-579.305054,1677.701294,0.417764074,0.9059096689,0.0692881684,,,,
32441,0.0,968.977112,-575.007385,1677.701294,0.4223689363,0.9038675403,0.0680290468,,,,
32442,0.0,967.772278,-571.773376,1677.701294,0.4249742224,0.9027162824,0.0670837071,,,,
32443,0.0,966.723206,-568.953796,1677.701294,0.4263007227,0.9021264659,0.0665997997,,,,
32444,0.0,965.664551,-566.108093,1677.701294,0.4272888193,0.9016854396,0.0662392098,,,,
32445,0.0,964.217041,-562.205322,1677.701294,0.4284370462,0.9012113171,0.0652675979,,,,
32446,0.0,963.118591,-559.221497,1677.701294,0.4299249882,0.9005110994,0.0651480186,,,,
32447,0.0,961.834595,-555.728455,1677.701294,0.4307006459,0.9001403733,0.0651480012,,,,
32448,0.0,960.591919,-552.345154,1677.701294,0.4310897992,0.8999540659,0.0651480186,,,,
32449,0.0,959.43927,-549.190369,1677.701294,0.4318396982,0.8995944714,0.0651480012,,,,
32450,0.0,958.491455,-545.930298,1677.701294,0.4336709145,0.8987463258,0.0646883282,,,,
32451,0.0,957.05072,-539.381653,1677.701294,0.437491242,0.8969285884,0.0641912813,,,,
32452,0.0,956.836914,-537.5454715,1677.701294,0.4389890027,0.8962267232,0.0637446542,,,,
32453,0.0,956.623108,-535.70929,1677.701294,0.4404867634,0.8955248579,0.0632980271,,,,
32454,0.0,956.316589,-529.310791,1677.701294,0.4422618436,0.8946540458,0.063234485,,,,
32455,0.0,956.361267,-526.800964,1677.701294,0.4423758426,0.8945976826,0.063234485,,,,
32456,0.0,956.535828,-523.038025,1677.701294,0.4423758426,0.8945976826,0.063234485,,,,
32457,0.0,956.815552,-519.488708,1677.701294,0.4423758426,0.8945976826,0.063234485,,,,
32458,0.0,957.219055,-516.228638,1677.701294,0.4423758426,0.8945976826,0.063234485,,,,
32459,0.0,957.695068,-513.062439,1677.701294,0.4423758426,0.8945976826,0.063234485,,,,
32460,0.0,958.358398,-509.46463,1677.701294,0.4423758426,0.8945976826,0.063234485,,,,
32461,0.0,959.089966,-505.834473,1677.701294,0.4423758426,0.8945976826,0.063234485,,,,
32462,0.0,959.790466,-502.769623,1677.701294,0.4423758426,0.8945976826,0.063234485,,,,
32463,0.0,960.518433,-499.919891,1677.701294,0.4423758426,0.8945976826,0.063234485,,,,
32464,0.0,957.887817,-494.193573,1677.109863,0.4423758426,0.8945976826,0.063234485,,,,
32465,0.0,958.860229,-491.063904,1677.396362,0.4423758426,0.8945976826,0.063234485,,,,
32466,0.0,959.982971,-487.82077,1677.726929,0.4423758426,0.8945976826,0.063234485,,,,
32467,0.0,961.087585,-484.894287,1678.017456,0.4423758426,0.8945976826,0.063234485,,,,
32468,0.0,962.315918,-481.850494,1678.337036,0.4423758426,0.8945976826,0.063234485,,,,
32469,0.0,963.660767,-478.692993,1678.625854,0.4423758426,0.8945976826,0.063234485,,,,
32470,0.0,965.068237,-475.458221,1678.907104,0.4417157166,0.8949238099,0.063234485,,,,
32471,0.0,966.372314,-472.381805,1679.132812,0.4377532423,0.8968687176,0.0632345024,,,,
32472,0.0,970.046326,-469.931732,1677.748169,0.4094260005,0.9099038931,0.066672749,,,,
32473,0.0,970.928711,-466.618774,1677.748047,0.3709005943,0.9258226742,0.0726988659,,,,
32474,0.0,971.905884,-462.388153,1677.703125,0.3037099111,0.9491333414,0.0831034908,,,,
32475,0.0,972.302673,-459.073944,1677.701294,0.203468689,0.9744744961,0.0948680616,,,,
32476,0.0,973.050659,-456.091248,1677.701172,0.1460574311,0.9841849973,0.100235313,,,,
32477,0.0,973.488159,-453.726898,1677.700806,0.0426563506,0.9932306107,0.1080434624,,,,
32478,0.0,974.226257,-451.303833,1677.700928,-0.0372708824,0.9930156639,0.1119409334,,,,
32479,0.0,975.479675,-447.693298,1677.70105,-0.1020933447,0.9881966432,0.114211835,,,,
32480,0.0,976.671448,-444.300812,1677.701172,-0.1655969513,0.9794377466,0.1152360633,,,,
32481,0.0,977.992798,-440.768127,1677.701294,-0.2309833649,0.9660475409,0.1157533323,,,,
32482,0.0,979.468872,-437.190033,1677.701294,-0.2780513555,0.9537680042,0.114079086,,,,
32483,0.0,980.630432,-434.636505,1677.701294,-0.2956855193,0.9486332946,0.1125386429,,,,
32484,0.0,982.487244,-430.766602,1677.701294,-0.3053189439,0.94563685,0.1120325418,,,,
32485,0.0,983.432434,-428.773376,1677.701294,-0.3055605166,0.945598663,0.1116957436,,,,
32486,0.0,985.567566,-424.36438,1677.701294,-0.3055806624,0.9456605555,0.1111151316,,,,
32487,0.0,986.856201,-421.702759,1677.701294,-0.3049909716,0.9459304534,0.1104358845,,,,
32488,0.0,988.493469,-418.30188,1677.701294,-0.30261019,0.9469044952,0.1086229715,,,,
32489,0.0,990.205139,-414.805969,1677.701294,-0.2891557855,0.9515040958,0.10501851,,,,
32490,0.0,991.665466,-411.930878,1677.634155,-0.2614986553,0.9600177163,0.0999221579,,,,
32491,0.0,994.04541,-407.484711,1677.413086,-0.2085205827,0.9736554223,0.0922728841,,,,
32492,0.0,995.84729,-404.61499,1677.268799,-0.1360007696,0.986872947,0.0870952189,,,,
32493,0.0,1000.969482,-398.141113,1676.915527,0.0596404795,0.9943950659,0.0873010092,,,,
32494,0.0,1002.6796265,-396.3954315,1676.811035,0.1192295874,0.9870426005,0.0890132464,,,,
32495,0.0,1004.389771,-394.64975,1676.706543,0.1788186953,0.9796901351,0.0907254837,,,,
32496,0.0,1006.673218,-392.200287,1676.554565,0.2271073247,0.9696041513,0.0910497273,,,,
32497,0.0,1011.714294,-387.596191,1676.258545,0.3374523499,0.9373379863,0.0867375981,,,,
32498,0.0,1014.153931,-385.08075,1676.103882,0.3601530191,0.9290088319,0.0850434775,,,,
32499,0.0,1017.299683,-382.055481,1675.917114,0.381334594,0.9206540081,0.0835471411,,,,
32500,0.0,1020.107971,-379.617737,1675.765747,0.3850389898,0.9191234436,0.0834090631,,,,
32501,0.0,1022.011292,-378.052521,1675.714233,0.385713505,0.9188405848,0.0834090631,,,,
32502,0.0,1024.901489,-375.653839,1675.698486,0.3866770398,0.9184355149,0.0834090631,,,,
32503,0.0,1027.831299,-373.385132,1675.701294,0.3897769004,0.9171242534,0.0834090631,,,,
32504,0.0,1030.609253,-371.427887,1675.701294,0.3973286744,0.9138779216,0.0834090457,,,,
32505,0.0,1033.112305,-369.704865,1675.701294,0.402964936,0.9114067086,0.0834090631,,,,
32506,0.0,1036.804565,-367.325317,1675.701294,0.4155739999,0.9056470771,0.0842711245,,,,
32507,0.0,1039.816528,-365.435791,1675.701294,0.4191002039,0.904011983,0.0843644106,,,,
32508,0.0,1041.848755,-364.201447,1675.701294,0.4192829196,0.9039272519,0.084364428,,,,
32509,0.0,1045.044556,-362.299805,1675.701294,0.4192829196,0.9039272519,0.084364428,,,,
32510,0.0,1048.528687,-360.296783,1675.701294,0.4192829196,0.9039272519,0.084364428,,,,
32511,0.0,1051.530518,-358.440613,1675.701294,0.4192829196,0.9039272519,0.084364428,,,,
32512,0.0,1054.034058,-356.683868,1675.701294,0.4192829196,0.9039272519,0.084364428,,,,
32513,0.0,1056.952881,-354.499695,1675.701294,0.4192829196,0.9039272519,0.084364428,,,,
32514,0.0,1059.511475,-352.428986,1675.701294,0.4192829196,0.9039272519,0.084364428,,,,
32515,0.0,1061.827881,-350.363647,1675.701294,0.4192829196,0.9039272519,0.084364428,,,,
32516,0.0,1064.231323,-348.089478,1675.701294,0.4192829196,0.9039272519,0.084364428,,,,
32517,0.0,1066.917969,-345.367279,1675.701294,0.4192829196,0.9039272519,0.084364428,,,,
32518,0.0,1069.048828,-343.073669,1675.701294,0.4192829196,0.9039272519,0.084364428,,,,
32519,0.0,1071.315674,-340.501678,1675.701294,0.4192829196,0.9039272519,0.084364428,,,,
32520,0.0,1073.636108,-337.704254,1675.701294,0.4192995584,0.9039631234,0.0838960772,,,,
32521,0.0,1075.356201,-335.560455,1675.701294,0.4193114934,0.9039885232,0.0835620811,,,,
32522,0.0,1077.738892,-332.488525,1675.701294,0.4186666243,0.9043014906,0.0834090631,,,,
32523,0.0,1079.787109,-329.695099,1675.701294,0.4184769057,0.9044602178,0.0826365165,,,,
32524,0.0,1081.786499,-326.882324,1675.701294,0.4184832669,0.9044739663,0.0824536215,,,,
32525,0.0,1083.742432,-324.037201,1675.701294,0.4185103493,0.9045322098,0.0816735511,,,,
32526,0.0,1085.589722,-321.255371,1675.701294,0.4178577345,0.9049172911,0.0807441018,,,,
32527,0.0,1087.292725,-318.576691,1675.701294,0.4159248143,0.9059418192,0.0792210138,,,,
32528,0.0,1088.849487,-316.043976,1675.701294,0.4133796518,0.907216527,0.077945087,,,,
32529,0.0,1091.087524,-312.333069,1675.701294,0.4105586066,0.9085901817,0.0768473314,,,,
32530,0.0,1093.062744,-308.972504,1675.701294,0.4076973094,0.9099650227,0.0758060775,,,,
32531,0.0,1094.821533,-305.918762,1675.701294,0.4065470126,0.9104910177,0.0756679138,,,,
32532,0.0,1096.437256,-303.076813,1675.701294,0.4064378857,0.9105397366,0.0756679138,,,,
32533,0.0,1099.68457,-297.214508,1675.701294,0.4064378857,0.9105397366,0.0756679138,,,,
32534,0.0,1100.634216,-295.4477235,1675.701294,0.4060662017,0.9107054641,0.075667905,,,,
32535,0.0,1101.583862,-293.680939,1675.701294,0.4056945178,0.9108711916,0.0756678963,,,,
32536,0.0,1103.117554,-290.685822,1675.701294,0.401056637,0.9129227478,0.0756678963,,,,
32537,0.0,1106.17749,-284.496674,1675.701294,0.3861522464,0.9193262802,0.0756679138,,,,
32538,0.0,1107.580566,-281.719818,1675.701294,0.3699150849,0.9259790491,0.0756678963,,,,
32539,0.0,1108.670288,-279.844925,1675.701294,0.361484194,0.929258689,0.0756678963,,,,
32540,0.0,1111.243652,-275.503021,1675.701294,0.3316952525,0.9403470776,0.0756679138,,,,
32541,0.0,1112.156555,-274.0858765,1675.701294,0.3113381212,0.9470394615,0.075667905,,,,
32542,0.0,1114.8396,-270.17569,1675.701294,0.2627259536,0.9618988721,0.0756679138,,,,
32543,0.0,1116.019165,-268.5302125,1675.701233,0.236140951,0.9683637018,0.0758985028,,,,
32544,0.0,1118.754639,-264.893311,1675.701294,0.1736133108,0.9818376679,0.0765062887,,,,
32545,0.0,1120.543213,-262.584412,1675.701294,0.1256777994,0.9891076156,0.076623857,,,,
32546,0.0,1122.987183,-259.630951,1675.701294,0.0595130706,0.9952823601,0.0766238744,,,,
32547,0.0,1124.705322,-257.601593,1675.701294,0.0117117958,0.9970410083,0.0759740856,,,,
32548,0.0,1127.051147,-254.869949,1675.701294,-0.0666774237,0.9949681668,0.0747828067,,,,
32549,0.0,1128.779541,-252.903091,1675.701294,-0.1227181054,0.9896253842,0.0747118835,,,,
32550,0.0,1131.32605,-249.98819,1675.701294,-0.159275113,0.9842648915,0.07651184,,,,
32551,0.0,1133.17749,-247.807892,1675.701294,-0.1627478644,0.9835701108,0.0781215063,,,,
32552,0.0,1135.611572,-244.86145,1675.701294,-0.1634597567,0.9834114356,0.0786311407,,,,
32553,0.0,1137.637329,-242.412292,1675.701294,-0.1634597567,0.9834114356,0.0786311407,,,,
32554,0.0,1140.471802,-238.916718,1675.701294,-0.1634597567,0.9834114356,0.0786311407,,,,
32555,0.0,1142.213379,-236.729843,1675.701294,-0.1634597567,0.9834114356,0.0786311407,,,,
32556,0.0,1143.887207,-234.586838,1675.701294,-0.1634597567,0.9834114356,0.0786311407,,,,
32557,0.0,1147.225708,-230.32695,1675.701294,-0.1634597567,0.9834114356,0.0786311407,,,,
32558,0.0,1149.179443,-227.790054,1675.701294,-0.1634597567,0.9834114356,0.0786311407,,,,
32559,0.0,1150.850586,-225.599777,1675.701294,-0.1634597567,0.9834114356,0.0786311407,,,,
32560,0.0,1153.642578,-221.912811,1675.701294,-0.1634597567,0.9834114356,0.0786311407,,,,
32561,0.0,1155.46814,-219.481323,1675.701294,-0.1634597567,0.9834114356,0.0786311407,,,,
32562,0.0,1157.083496,-217.296906,1675.701294,-0.1634597567,0.9834114356,0.0786311407,,,,
32563,0.0,1159.950073,-213.452087,1675.701294,-0.1634597567,0.9834114356,0.0786311407,,,,
32564,0.0,1161.741943,-211.035446,1675.701294,-0.1634597567,0.9834114356,0.0786311407,,,,
32565,0.0,1163.786255,-208.116791,1675.752808,-0.1897823616,0.9789503433,0.07509248,,,,
32566,0.0,1165.50354,-205.690643,1675.832031,-0.211841618,0.9746399025,0.0721123382,,,,
32567,0.0,1167.642822,-202.540298,1675.937866,-0.2913251976,0.9540580577,0.0700203664,,,,
32568,0.0,1168.927734,-200.667419,1676.008301,-0.3677547479,0.9273940007,0.0685332971,,,,
32569,0.0,1170.543823,-197.440887,1676.110596,-0.4760860504,0.8768308433,0.0671546341,,,,
32570,0.0,1171.815796,-194.772812,1676.189941,-0.5254410079,0.8482427121,0.0663027047,,,,
32571,0.0,1172.907837,-192.134598,1676.270142,-0.5804028567,0.8117360769,0.0649389356,0.0271031262,217.9422645318,942.4961253267,1.0
32572,0.0,1174.244141,-188.984085,1676.366089,-0.6285164782,0.7751894585,0.0636265675,0.0159357795,167.4103056059,941.4942455887,1.0
32573,0.0,1175.527832,-185.675613,1676.467651,-0.6770362627,0.7333503694,0.061799147,0.0075623687,115.4188688215,940.2763715683,1.0
32574,0.0,1176.58313,-182.795013,1676.554932,-0.7015304481,0.7100550869,0.0606366558,0.0046941106,90.892819253,939.1785653621,1.0
32575,0.0,1177.432495,-180.388153,1676.615601,-0.7161780471,0.6953279871,0.0600665902,0.0033589801,76.7150530632,936.7568582458,1.0
32576,0.0,1178.581787,-176.862289,1676.676636,-0.7307179516,0.6800729381,0.0595992793,0.0024197905,64.8651398186,932.9757615377,1.0
32577,0.0,1179.903809,-172.388504,1676.701782,-0.7486050493,0.66034939,0.0594067621,0.0018160251,55.8912953767,927.8238152877,1.0
32578,0.0,1180.6521,-169.383423,1676.701294,-0.7562893137,0.6515345813,0.0594067621,0.0017598567,54.8082369491,924.2369645039,1.0
32579,0.0,1181.270508,-166.452942,1676.701294,-0.7612239136,0.6457248902,0.0598123697,0.0018137232,55.406533748,920.3594846255,1.0
32580,0.0,1182.027466,-162.618835,1676.701294,-0.7654683366,0.6406433581,0.0602852669,0.0018986419,56.4209502043,916.0308556235,1.0
32581,0.0,1182.64624,-158.892807,1676.701294,-0.7705573541,0.6344226698,0.0612310382,0.0020769852,58.714559694,911.4644417243,1.0
32582,0.0,1183.115479,-155.433853,1676.701294,-0.7754471633,0.6283418081,0.0621954107,0.0023079809,61.5940700372,907.1070265449,1.0
32583,0.0,1183.479614,-152.181763,1676.701294,-0.7773370998,0.625913565,0.0630812375,0.0024346174,62.9730098349,903.0017399567,1.0
32584,0.0,1183.817505,-148.488831,1676.701294,-0.7797405705,0.6229013105,0.063234485,0.0025456872,64.0556802924,898.2902895013,1.0
32585,0.0,1184.01123,-145.456467,1676.701294,-0.7805120722,0.6218916196,0.0636531124,0.002610413,64.5568779539,894.0391115392,1.0
32586,0.0,1184.272339,-141.100677,1676.701294,-0.7811331812,0.621057831,0.06417261,0.0026427258,64.5694622147,888.7369565234,1.0
32587,0.0,1184.398315,-137.736542,1676.701294,-0.7811555672,0.6210277443,0.0641912813,0.0026255325,64.0422607895,884.3582089629,1.0
32588,0.0,1184.508545,-130.499603,1676.701294,-0.7817286379,0.6203062277,0.0641912813,0.0026201237,63.279335248,874.7232631092,1.0
32589,0.0,1184.497192,-126.876114,1676.701294,-0.7839849936,0.6174520299,0.0641912813,0.0027294283,64.2244682156,869.8537179992,1.0
32590,0.0,1184.4697875,-125.1588785,1676.701294,-0.784882831,0.6163537374,0.0637558628,0.0027469076,64.2557057541,867.5190817706,1.0
32591,0.0,1184.397705,-121.479095,1676.701294,-0.786487042,0.614361075,0.0632345024,0.0027941654,64.4321098467,862.5114855661,1.0
32592,0.0,1184.211304,-116.04837,1676.701294,-0.7871217771,0.6135476412,0.063234485,0.002809694,64.0534273744,855.0728848701,1.0
32593,0.0,1184.059204,-112.694115,1676.701294,-0.7871217771,0.6135476412,0.063234485,0.0027950232,63.5407624797,850.4492350335,1.0
32594,0.0,1183.887695,-109.439209,1676.701294,-0.7871217771,0.6135476412,0.063234485,0.0027828259,63.0655080287,845.9335196211,1.0
32595,0.0,1183.682617,-106.244156,1676.701294,-0.7871217771,0.6135476412,0.063234485,0.0027882008,62.7672421354,841.1219462936,1.0
32596,0.0,1183.439453,-102.390907,1676.701294,-0.7871217771,0.6135476412,0.063234485,0.0027637485,62.1165270208,836.0710558676,1.0
32597,0.0,1183.196167,-98.892647,1676.701294,-0.7871217771,0.6135476412,0.063234485,0.0027504778,61.6173150572,831.3473892644,1.0
32598,0.0,1182.920532,-95.444695,1676.701294,-0.7871217771,0.6135476412,0.063234485,0.0027523511,61.2710614534,826.3947106575,1.0
32599,0.0,1182.631714,-91.961212,1676.701294,-0.7871217771,0.6135476412,0.063234485,0.0027485081,60.8676479195,821.5265970065,1.0
32600,0.0,1182.5559085,-91.0767135,1676.701294,-0.7871217771,0.6135476412,0.063234485,0.0027474168,60.7638540758,820.2881106835,1.0
32601,0.0,1182.00769,-84.999519,1676.701294,-0.7871217771,0.6135476412,0.063234485,0.0027391812,60.0419393025,811.7586707401,1.0
32602,0.0,1181.713501,-82.027092,1676.701294,-0.7871217771,0.6135476412,0.063234485,0.0027510351,59.8337400327,807.2015449029,1.0
32603,0.0,1181.30957,-77.863083,1676.701294,-0.7871217771,0.6135476412,0.063234485,0.0027298107,59.1934082228,801.6571516668,1.0
32604,0.0,1180.912964,-73.912155,1676.701294,-0.7871217771,0.6135476412,0.063234485,0.0027162957,58.6546236954,796.3314181737,1.0
32605,0.0,1180.605103,-71.029381,1676.701294,-0.7871217771,0.6135476412,0.063234485,0.0027184431,58.3739147164,792.2076852568,1.0
32606,0.0,1180.106934,-67.458046,1676.701294,-0.7871217771,0.6135476412,0.063234485,0.0027200822,58.0170147207,787.1271502773,1.0
32607,0.0,1179.491211,-64.580742,1676.701294,-0.7869558127,0.6137906552,0.0629410874,0.0027188246,57.6610404743,782.4782509548,1.0
32608,0.0,1178.620728,-61.361008,1676.701294,-0.7867191991,0.6141366656,0.0625224585,0.0026838015,56.9359771969,777.6571546967,1.0
32609,0.0,1177.068237,-56.390079,1676.701294,-0.7843379547,0.6172925345,0.0613506298,0.0024828036,54.1949432994,769.5596979449,1.0
32610,0.0,1175.906982,-53.307449,1676.701294,-0.7815002647,0.6210630281,0.0594815218,0.0022294832,50.9946293632,764.0988354563,1.0
32611,0.0,1174.55127,-50.212803,1676.701294,-0.780303997,0.6227487276,0.0575299449,0.002067326,48.7365597359,758.3330170445,1.0
32612,0.0,1173.214478,-47.464001,1676.701294,-0.778701895,0.6248332015,0.0566288717,0.0019542229,47.0528202779,753.0015957475,1.0
32613,0.0,1171.547363,-44.292244,1676.701294,-0.775704894,0.6288053097,0.0537196409,0.0016839035,43.3118940219,746.6489837028,1.0
32614,0.0,1169.974976,-41.575874,1676.701294,-0.7739589645,0.6310322445,0.0527809404,0.0015836404,41.685256259,740.9880390792,1.0
32615,0.0,1169.341431,-40.532314,1676.701416,-0.7731912907,0.6320892038,0.0513660045,0.0015069951,40.453968619,737.1466599923,1.0
32616,0.0,1168.29834,-38.895302,1676.701294,-0.7725239455,0.6330188806,0.0499384671,0.0014275041,39.1325251901,732.637651353,1.0
32617,0.0,1166.68457,-36.390991,1676.701294,-0.771771813,0.6340598342,0.0483362729,,,,
32618,0.0,1164.971802,-33.743561,1676.701294,-0.7710811874,0.6350093726,0.0468710915,,,,
32619,0.0,1163.13208,-30.902224,1676.701294,-0.7703610767,0.6359930931,0.0453497198,,,,
32620,0.0,1160.782227,-27.263908,1676.701294,-0.7693440348,0.6373716142,0.0432108946,,,,
32621,0.0,1159.360229,-25.189919,1676.701294,-0.7689369806,0.6380568701,0.0402411537,,,,
32622,0.0,1158.447754,-23.98807,1676.701294,-0.7688375972,0.6382808024,0.0385534229,,,,
32623,0.0,1156.331421,-21.106514,1676.701294,-0.7689367881,0.6383634897,0.0350466949,,,,
32624,0.0,1155.482178,-19.956242,1676.701294,-0.7689671572,0.6383883618,0.0339088587,,,,
32625,0.0,1154.652344,-18.831581,1675.928101,-0.7689919124,0.6384089132,0.0329468999,,,,
32626,0.0,1153.801758,-17.60358,1674.20874,-0.7690408024,0.6384495012,0.030959305,,,,
32627,0.0,1153.24585,-16.704906,1672.961792,-0.7690800246,0.6384824032,0.0292598113,,,,
32628,0.0,1152.622437,-15.597846,1671.467651,-0.7691244614,0.6385189541,0.0272233014,,,,
32629,0.0,1152.5429283333,-15.4497206667,1671.2698973333,-0.7691328944,0.6385259551,0.0268114914,,,,
32630,0.0,1152.4634196667,-15.3015953333,1671.0721436667,-0.7691413274,0.638532956,0.0263996813,,,,
32631,0.0,1152.383911,-15.15347,1670.87439,-0.7691497604,0.638539957,0.0259878713,,,,
32632,0.0,1150.687134,-11.391633,1666.012939,-0.7714278815,0.6362456593,0.0095123373,,,,
32633,0.0,1150.260376,-10.283504,1664.612183,-0.7726727108,0.6347968621,0.0031346237,,,,
32634,0.0,1149.869507,-9.176249,1663.227905,-0.7734715357,0.6338290854,-0.0015728552,,,,
32635,0.0,1149.602661,-8.212355,1663.03125,-0.7707674347,0.6371107784,-0.002723548,,,,
32636,0.0,1149.174683,-6.4677,1663.03125,-0.7646124894,0.644485814,-0.0024034382,,,,
32637,0.0,1149.001465,-5.86744,1663.03125,-0.7647005468,0.6443813535,-0.0023968758,0.0002883762,15.4252121938,642.3441582088,1.0
32638,0.0,1148.575928,-4.188906,1663.03125,-0.7651033397,0.6439030477,-0.0023968409,0.0002942987,15.4428950266,636.5777795361,1.0
32639,0.0,1148.454956,-3.743769,1663.03125,-0.764898383,0.644146504,-0.0023968758,0.0002935992,15.3913827508,635.209638363,1.0
32640,0.0,1147.836182,-1.910085,1663.03125,-0.7632349774,0.6461124963,-0.0033183361,0.0003116091,15.7665327829,631.6114339987,1.0
32641,0.0,1147.414429,-0.866351,1663.03125,-0.7620551096,0.6475034738,-0.0033557906,0.0003161697,15.8523738339,630.4541729395,1.0
32642,0.0,1146.908325,0.269405,1663.03125,-0.7601582807,0.649729272,-0.0033557906,0.0003329639,16.2319500933,629.0617266176,1.0
32643,0.0,1146.372681,1.352744,1663.03125,-0.7582568623,0.6519472903,-0.0033558081,0.0003632321,16.9161103869,627.6720973461,1.0
32644,0.0,1145.843262,2.302195,1663.03125,-0.7576535392,0.6526483381,-0.0033557906,0.0003798971,17.2645588124,626.3956709027,1.0
32645,0.0,1145.228516,3.316411,1663.03125,-0.7575801892,0.6527334809,-0.0033555812,0.0003891056,17.4307326715,624.8980076765,1.0
32646,0.0,1145.16391025,3.420489,1663.03125,-0.7575355496,0.6527852762,-0.0033556336,0.0003907762,17.4636110571,624.7425586517,1.0
32647,0.0,1145.0993045,3.524567,1663.03125,-0.75749091,0.6528370716,-0.0033556859,0.0003924468,17.4964894427,624.5871096269,1.0
32648,0.0,1145.03469875,3.628645,1663.03125,-0.7574462704,0.6528888669,-0.0033557382,0.0003941173,17.5293678283,624.4316606021,1.0
32649,0.0,1144.970093,3.732723,1663.03125,-0.7550714179,0.6556339633,-0.0033555812,0.0004462833,18.6487028323,624.2762115773,1.0
32650,0.0,1142.367798,7.434538,1663.03125,-0.7550714179,0.6556339633,-0.0033555812,0.0004812626,19.1834482343,618.4048666246,1.0
32651,0.0,1141.101318,9.010235,1663.03125,-0.7550714179,0.6556339633,-0.0033555812,0.0004946598,19.3642397372,615.7237125817,1.0
32652,0.0,1140.15686,10.13163,1663.03125,-0.7550714179,0.6556339633,-0.0033555812,0.0005036249,19.4766167389,613.7614367556,1.0
32653,0.0,1139.933838,10.389256,1663.03125,-0.7550714179,0.6556339633,-0.0033555812,0.0005059483,19.5052673336,613.2517245743,1.0
32654,0.0,1138.907227,11.553131,1658.678589,-0.7550714179,0.6556339633,-0.0033555812,0.0006833548,22.5970274954,611.3464401388,1.0
32655,0.0,1137.692261,12.562521,1658.853516,-0.7550714179,0.6556339633,-0.0033555812,0.0005896382,20.9244092841,609.4098128052,1.0
32656,0.0,1137.003174,13.270104,1658.827271,-0.7550714179,0.6556339633,-0.0033555812,0.0005383669,19.9571963281,608.2803835356,1.0
32657,0.0,1136.182617,14.034348,1658.902588,-0.7550714179,0.6556339633,-0.0033555812,0.0004792599,18.7932484408,607.0903586555,1.0
32658,0.0,1135.733521,14.454445,1658.937622,-0.7550714179,0.6556339633,-0.0033555812,0.0004496153,18.1839091403,606.457732097,1.0
32659,0.0,1134.811768,15.485894,1658.995605,-0.7550714179,0.6556339633,-0.0033555812,0.0003884661,16.8633711212,605.0552068741,1.0
32660,0.0,1133.522705,16.342447,1658.914062,-0.7550714179,0.6556339633,-0.0033555812,0.0003432712,15.8112808468,603.4908033279,1.0
32661,0.0,1132.426147,17.247179,1658.726196,-0.763134785,0.6446762554,0.0449202136,0.0005606909,20.1580612611,602.0504401904,1.0
32662,0.0,1130.629517,18.825773,1658.604248,-0.7666677725,0.6383078018,0.0691641294,0.0018971653,36.9187903589,599.6336043615,1.0
32663,0.0,1130.5710696,18.8809416,1658.604248,-0.7666971964,0.6382596348,0.0692818844,0.0019074007,37.0126043255,599.5531727999,1.0
32664,0.0,1130.5126222,18.9361102,1658.604248,-0.7667266203,0.6382114677,0.0693996394,0.0019176362,37.1064182921,599.4727412384,1.0
32665,0.0,1130.4541748,18.9912788,1658.604248,-0.7667560441,0.6381633007,0.0695173945,0.0019278716,37.2002322588,599.3923096768,1.0
32666,0.0,1130.3957274,19.0464474,1658.604248,-0.766785468,0.6381151336,0.0696351495,0.0019381071,37.2940462254,599.3118781153,1.0
32667,0.0,1130.33728,19.101616,1658.604248,-0.7691449685,0.6331979627,0.0864659323,0.0031544396,47.5584777227,599.2314465537,1.0
32668,0.0,1126.630737,22.506905,1658.202026,-0.7684408217,0.6345020729,0.0831012819,0.002827235,44.6512591463,594.2168206243,1.0
32669,0.0,1126.630737,22.506905,1658.202026,-0.7691449685,0.6331979627,0.0864659323,0.0030940055,46.7072491148,594.2168206243,1.0
32670,0.0,1123.037354,25.231091,1658.053833,-0.7686702638,0.6340445406,0.084460322,0.0029118384,44.9725877858,589.746842999,1.0
32671,0.0,1121.940796,25.879927,1657.916626,-0.7686640377,0.634039405,0.0845554848,0.0029025115,44.8061867244,588.5066542745,1.0
32672,0.0,1121.033813,26.639488,1657.912842,-0.7688786464,0.6336650489,0.0854062808,0.0029673876,45.2097157499,587.2892564643,1.0
32673,0.0,1120.164551,27.389549,1657.908203,-0.7690813376,0.6333098364,0.0862122223,0.0030290138,45.5840199913,586.1059363545,1.0
32674,0.0,1119.063843,28.308216,1657.907349,-0.7691449685,0.6331979627,0.0864659323,0.0030478616,45.6135895148,584.6726786742,1.0
32675,0.0,1118.244995,28.997517,1657.901123,-0.7691449685,0.6331979627,0.0864659323,0.0030467652,45.5241148885,583.630622081,1.0
32676,0.0,1118.100464,29.123262,1657.903809,-0.7691449685,0.6331979627,0.0864659323,0.0030476563,45.5176076976,583.462008935,1.0
32677,0.0,1117.806885,30.348452,1658.226562,-0.769353188,0.6329449492,0.0864659671,0.0030843088,45.7127475726,582.4766679248,1.0
32678,0.0,1117.352051,31.187473,1658.437012,-0.7694430264,0.6328357359,0.0864659497,0.0031093886,45.8291813646,581.6041032591,1.0
32679,0.0,1116.064209,32.288334,1658.435669,-0.769571266,0.6326797817,0.0864659497,0.0031088317,45.6930749571,579.9286716734,1.0
32680,0.0,1114.924438,33.500126,1658.577637,-0.7696993094,0.632524004,0.0864659323,0.0031259806,45.6896590111,578.2950058137,1.0
32681,0.0,1114.720642,33.601755,1658.5339355,-0.7697151392,0.632504739,0.086465941,0.0031206333,45.6336018381,578.0793895487,1.0
32682,0.0,1114.516846,33.703384,1658.490234,-0.769730969,0.6324854741,0.0864659497,0.003115286,45.577544665,577.8637732838,1.0
32683,0.0,1112.948975,35.251499,1660.158569,-0.7698123208,0.6323864588,0.0864659323,0.0033458498,47.0582290525,575.7460104929,1.0
32684,0.0,1112.089111,36.375988,1660.209595,-0.7404319359,0.6602728987,0.1256990358,0.0079234067,72.1632947513,574.3906526383,1.0
32685,0.0,1111.527588,36.525265,1659.970337,-0.7379387708,0.6626850871,0.1276512667,0.0082195623,73.4286035602,573.8788144208,1.0
32686,0.0,1111.051514,36.607372,1660.568481,-0.737318952,0.6635465645,0.1267545649,0.0082721342,73.5970773407,573.372398477,1.0
32687,0.0,1110.816772,36.783733,1660.727905,-0.7367218703,0.6643733636,0.1258924924,0.0082375698,73.4068600021,573.0840564941,1.0
32688,0.0,1110.68103,36.923676,1660.568115,-0.73646751,0.6647245998,0.1255261451,0.008176373,73.1109071598,572.8967854666,1.0
32689,0.0,1110.404541,37.187481,1660.835571,-0.7354917157,0.6636434185,0.1364893741,0.0096324275,79.2738508438,572.5262946633,1.0
32690,0.0,1110.222778,37.340374,1661.136719,-0.735199714,0.6630156023,0.1410379088,0.0103129092,81.9783789985,572.2902398209,1.0
32691,0.0,1109.928223,37.596775,1661.075317,-0.735199714,0.6630156023,0.1410379088,0.0102985523,81.8655923075,571.8990308775,1.0
32692,0.0,1109.749878,37.80035,1661.357178,-0.735199714,0.6630156023,0.1410379088,0.0103673331,82.1004686019,571.6440116672,1.0
32693,0.0,1109.390137,38.111866,1661.356934,-0.7357632514,0.6623901803,0.1410378916,0.0103316003,81.894422119,571.1894457284,1.0
32823,0.0,500.190765,-1251.6521,1664.755005,0.865993445,-0.5000553501,0.0,,,,
32824,0.0,500.345581,-1251.422729,1666.578857,0.865993445,-0.5000553501,0.0,,,,
32825,0.0,500.502563,-1251.175903,1668.50293,0.865993445,-0.5000553501,0.0,,,,
32826,0.0,500.631378,-1250.960815,1670.155151,0.865993445,-0.5000553501,0.0,,,,
32827,0.0,498.699493,-1246.199341,1671.942383,0.933786612,0.3575245805,0.0147897823,,,,
32828,0.0,494.382355,-1246.479004,1673.840332,0.2084012424,0.9769327279,0.0465979321,0.0139764434,169.3207513352,1016.2946831616,2.0
32829,0.0,493.947754,-1243.884277,1675.474487,-0.6011628772,0.7964636713,0.0651829381,0.001831441,93.0203680605,1537.678443142,3.0
32830,0.0,487.260742,-1237.938843,1677.096313,-0.7549033337,0.6524474397,0.0665829946,0.0353877335,403.2094415422,1529.2056467371,3.0
32831,0.0,485.927551,-1236.786621,1679.558105,-0.7549033337,0.6524474397,0.0665829946,0.0354949895,403.4046668,1527.6744729204,3.0
32832,0.0,485.05835,-1236.0354,1680.933716,-0.7549033337,0.6524474397,0.0665829946,0.0355700878,403.5384723433,1526.5963087377,3.0
32833,0.0,483.816986,-1234.962769,1681.421509,-0.7549033337,0.6524474397,0.0665829946,0.0356521572,403.5805592551,1525.029112781,3.0
32834,0.0,482.686249,-1233.985474,1681.617676,-0.7549033337,0.6524474397,0.0665829946,0.035723382,403.5929628049,1523.5825070511,3.0
32835,0.0,482.144806,-1233.517578,1681.824097,-0.7549033337,0.6524474397,0.0665829946,0.0357603187,403.6137097886,1522.8880508993,3.0
32836,0.0,481.197784,-1232.699463,1681.996582,-0.7549033337,0.6524474397,0.0665829946,0.0358501375,403.7802409908,1521.6414842292,3.0
32837,0.0,480.281616,-1231.907593,1682.229004,-0.7549033337,0.6524474397,0.0665829946,0.0359462867,403.988208903,1520.4249658814,3.0
32838,0.0,479.654877,-1231.365967,1682.370972,-0.7549033337,0.6524474397,0.0665829946,0.036015874,404.1499581467,1519.5905089856,3.0
32839,0.0,479.076874,-1230.866333,1682.547485,-0.7549033337,0.6524474397,0.0665829946,0.0360956326,404.3802733687,1518.8065621274,3.0
32840,0.0,478.597229,-1230.452026,1682.694458,-0.7549033337,0.6524474397,0.0665829946,0.0361637843,404.5825112251,1518.1599772998,3.0
32841,0.0,478.013733,-1229.947998,1682.838867,-0.7549033337,0.6524474397,0.0665829946,0.0362464275,404.8271999601,1517.3773138487,3.0
32842,0.0,477.479797,-1229.48645,1682.873169,-0.7549033337,0.6524474397,0.0665829946,0.0363197765,405.0388886542,1516.6653196492,3.0
32843,0.0,488.630737,-1235.796997,1683.115723,0.966784026,-0.2555869239,0.0019928505,,,,
32844,0.0,488.525726,-1237.50708,1683.168701,0.8660413818,-0.4999723242,0.0,,,,
32845,0.0,488.527863,-1237.463501,1682.813599,0.8660413818,-0.4999723242,0.0,,,,
32846,0.0,488.554749,-1237.44397,1682.662842,0.8660413818,-0.4999723242,0.0,,,,
32847,0.0,486.289581,-1238.959717,1683.70752,0.8660413818,-0.4999723242,0.0,,,,
32848,0.0,488.886139,-1240.131104,1682.464722,0.8660413818,-0.4999723242,0.0,,,,
32849,0.0,489.185974,-1240.237305,1682.160889,0.8660413818,-0.4999723242,0.0,,,,
32850,0.0,489.19458,-1240.243286,1682.145752,0.8660413818,-0.4999723242,0.0,,,,
32851,0.0,489.249725,-1240.281372,1682.049194,0.8660413818,-0.4999723242,0.0,,,,
32852,0.0,488.781372,-1242.197021,1682.668457,0.8660413818,-0.4999723242,0.0,,,,
32853,0.0,488.682739,-1242.092407,1682.760986,0.8660413818,-0.4999723242,0.0,,,,
32854,0.0,488.609222,-1241.987915,1682.834961,0.8660413818,-0.4999723242,0.0,,,,
32855,0.0,488.468933,-1241.801636,1682.956787,0.8660413818,-0.4999723242,0.0,,,,
32856,0.0,487.958374,-1241.136963,1683.329712,0.8660413818,-0.4999723242,0.0,,,,
32857,0.0,487.62915,-1240.63269,1683.542725,0.8660413818,-0.4999723242,0.0,,,,
32858,0.0,487.5087735,-1240.4368285,1683.6137085,0.8660413818,-0.4999723242,0.0,,,,
32859,0.0,487.451477,-1240.345093,1683.649048,0.8660413818,-0.4999723242,0.0,,,,
32860,0.0,487.570496,-1240.542236,1683.578247,0.8660413818,-0.4999723242,0.0,,,,
32861,0.0,487.302216,-1240.096069,1683.733154,0.8660413818,-0.4999723242,0.0,,,,
32862,0.0,487.3511965,-1240.1782225,1683.7056275,0.8660413818,-0.4999723242,0.0,,,,
32863,0.0,487.400177,-1240.260376,1683.678101,0.8660413818,-0.4999723242,0.0,,,,
32864,0.0,487.401184,-1240.266113,1683.677246,0.8660398629,-0.499971669,-0.0018127852,,,,
32865,0.0,486.626953,-1239.077148,1684.41626,0.8666893247,-0.4988416716,-0.0025692615,,,,
32866,0.0,486.8507535,-1239.045227,1684.411194,0.8669135501,-0.4984504309,-0.0027947048,,,,
32867,0.0,487.074554,-1239.013306,1684.406128,0.8671377755,-0.4980591902,-0.0030201481,,,,
32868,0.0,489.845612,-1240.485718,1683.73938,0.8678822175,-0.4967557138,-0.0037706004,,,,
32869,0.0,491.187561,-1242.193115,1683.096924,0.8688819219,-0.4950045438,-0.00383502,,,,
32870,0.0,492.309753,-1243.810547,1682.568848,0.8706616109,-0.4918675147,-0.00383502,,,,
32871,0.0,493.811737,-1244.827393,1682.099854,0.8730925412,-0.4875459306,-0.002894834,,,,
32872,0.0,495.199615,-1245.846924,1681.588379,0.874374696,-0.4852471227,-0.0020299736,,,,
32873,0.0,496.349884,-1246.819214,1680.996704,0.8753010844,-0.4835766242,-0.0012884366,,,,
32874,0.0,499.098724,-1248.633179,1680.483521,0.8768144079,-0.4808289643,-3.37023e-05,,,,
32875,0.0,500.992249,-1249.693359,1680.357788,0.8784661717,-0.4778038431,0.000820165,,,,
32876,0.0,503.029327,-1250.676392,1680.248535,0.8801896269,-0.4746156728,0.0024867251,,,,
32877,0.0,504.695618,-1251.708984,1680.283813,0.8808243284,-0.4734345044,0.0028762114,,,,
32878,0.0,507.592346,-1253.208008,1680.13916,0.8812848535,-0.4725766968,0.0028762114,,,,
32879,0.0,511.018829,-1254.915771,1679.94043,0.8818550617,-0.4715059955,0.0037076119,,,,
32880,0.0,512.814575,-1255.845703,1679.778076,0.882452374,-0.4703810984,0.0044079369,,,,
32881,0.0,515.538757,-1257.10083,1679.663208,0.8847547145,-0.4660192583,0.0059284124,,,,
32882,0.0,519.064392,-1258.668701,1679.394409,0.8877018778,-0.4603548088,0.0076698266,,,,
32883,0.0,521.338196,-1259.486938,1679.193604,0.8911749938,-0.4535503219,0.0099617208,,,,
32884,0.0,523.886108,-1260.504517,1678.94873,0.8976957924,-0.4403906038,0.0140847602,,,,
32885,0.0,526.29425,-1261.586792,1678.789551,0.9051383724,-0.4246992194,0.0188440946,,,,
32886,0.0,529.007324,-1262.699829,1678.65979,0.9156893974,-0.4010943421,0.0252241214,,,,
32887,0.0,532.215576,-1263.75354,1678.605835,0.9294087915,-0.367622239,0.0324528521,,,,
32888,0.0,536.547974,-1265.243164,1678.390137,0.946934087,-0.3188121841,0.0409221956,,,,
32889,0.0,537.630432,-1265.678223,1678.328613,0.9520952881,-0.3028041597,0.0427106917,,,,
32890,0.0,542.197388,-1267.133667,1678.09021,0.9665698772,-0.2518273052,0.0482253123,,,,
32891,0.0,544.482666,-1268.049438,1677.943115,0.9717478129,-0.2306260571,0.050177783,,,,
32892,0.0,548.980957,-1268.887817,1676.637573,0.9781781727,-0.2009851695,0.0526538131,,,,
32893,0.0,551.458008,-1270.2229,1676.473877,0.9825749316,-0.1782373845,0.0527061525,,,,
32894,0.0,553.557007,-1271.425781,1676.227905,0.9857070189,-0.1600116692,0.0527061525,,,,
32895,0.0,556.661499,-1273.314087,1675.861328,0.9902082399,-0.1292660099,0.05270617,,,,
32896,0.0,559.289917,-1275.085205,1675.740234,0.9931126859,-0.104638686,0.0527061525,,,,
32897,0.0,561.77417,-1276.786499,1675.659058,0.9946808708,-0.0884987392,0.0527061525,,,,
32898,0.0,566.738708,-1280.5177,1676.011841,0.99772252,-0.0392235936,0.0548751569,,,,
32899,0.0,568.380371,-1281.7946775,1676.1746215,0.9979954413,-0.0206939889,0.0568297188,,,,
32900,0.0,570.022034,-1283.071655,1676.337402,0.9982683626,-0.0021643842,0.0587842807,,,,
32901,0.0,572.530823,-1285.01709,1676.371826,0.9978878269,0.0210556843,0.0614535841,,,,
32902,0.0,577.766724,-1289.020996,1676.462402,0.9916582398,0.1071054907,0.0717101761,,,,
32903,0.0,578.390015,-1289.513977,1676.462402,0.9903917288,0.1170371061,0.0729706082,,,,
32904,0.0,579.013306,-1290.006958,1676.462402,0.9891252178,0.1269687215,0.0742310403,,,,
32905,0.0,587.204285,-1296.790161,1676.678345,0.9531753206,0.2885155843,0.0906397587,,,,
32906,0.0,589.873962,-1298.391602,1676.348633,0.9319555334,0.350188661,0.093950974,,,,
32907,0.0,589.577576,-1302.088989,1676.70105,0.9038203336,0.4166930089,0.0973434168,,,,
32908,0.0,592.065063,-1303.413208,1676.700928,0.8775553278,0.4689118902,0.1000913875,,,,
32909,0.0,595.781067,-1305.4104,1676.70105,0.8497348867,0.5171308516,0.1025977809,,,,
32910,0.0,599.354065,-1307.185669,1676.70105,0.8142368244,0.5705477816,0.1072083148,,,,
32911,0.0,602.265747,-1308.407349,1676.700928,0.7792220068,0.616304497,0.1139378385,,,,
32912,0.0,605.38208,-1309.79248,1676.701172,0.7584944503,0.6404240636,0.1205951394,,,,
32913,0.0,610.305542,-1311.832642,1676.701294,0.7526575895,0.6467339872,0.1234572909,,,,
32914,0.0,613.314819,-1312.953125,1676.701294,0.7526575895,0.6467339872,0.1234572909,,,,
32915,0.0,617.02533,-1314.238281,1676.701294,0.7526575895,0.6467339872,0.1234572909,,,,
32916,0.0,620.01239,-1315.197998,1676.701294,0.7526575895,0.6467339872,0.1234572909,,,,
32917,0.0,623.508179,-1316.247314,1676.701294,0.7526575895,0.6467339872,0.1234572909,,,,
32918,0.0,624.950073,-1316.663452,1676.701294,0.7526575895,0.6467339872,0.1234572909,,,,
32919,0.0,631.189575,-1318.208984,1676.701294,0.7526575895,0.6467339872,0.1234572909,,,,
32920,0.0,635.192871,-1319.054565,1676.701294,0.7526575895,0.6467339872,0.1234572909,,,,
32921,0.0,638.87085,-1319.510986,1676.701294,0.7526575895,0.6467339872,0.1234572909,,,,
32922,0.0,642.225525,-1319.655396,1676.701294,0.7526575895,0.6467339872,0.1234572909,,,,
32923,0.0,645.235413,-1319.625244,1676.701294,0.7526575895,0.6467339872,0.1234572909,,,,
32924,0.0,649.755371,-1319.285156,1676.701294,0.7526575895,0.6467339872,0.1234572909,,,,
32925,0.0,652.725647,-1318.85083,1676.701172,0.7588451099,0.6398016196,0.1216880714,,,,
32926,0.0,656.484619,-1318.21875,1676.701294,0.7650672768,0.6326916771,0.1198887141,,,,
32927,0.0,659.997192,-1317.530029,1676.701172,0.7812769878,0.6133519208,0.1157829421,,,,
32928,0.0,662.344788,-1316.875732,1676.701294,0.7816547261,0.6131587196,0.1142465478,,,,
32929,0.0,667.140015,-1315.373413,1676.701294,0.7756275737,0.6209914051,0.1130112457,,,,
32930,0.0,669.806152,-1314.239136,1676.701172,0.7512805938,0.6496783961,0.1161699229,,,,
32931,0.0,672.113647,-1313.058228,1676.700928,0.7187436172,0.6849957683,0.119115113,,,,
32932,0.0,675.186584,-1311.512207,1676.701172,0.6857670743,0.717564103,0.1217590978,,,,
32933,0.0,676.739502,-1310.748291,1676.701172,0.6689709951,0.7330526321,0.1229294361,,,,
32934,0.0,680.396851,-1308.391968,1676.701172,0.5885910529,0.7983507923,0.127265804,,,,
32935,0.0,683.51825,-1306.358521,1676.701294,0.5603851065,0.818180794,0.1286418314,,,,
32936,0.0,686.988892,-1304.044556,1676.701294,0.5499989663,0.8251206798,0.1291394627,,,,
32937,0.0,688.725708,-1302.834595,1676.701294,0.5422627185,0.830221593,0.1291636581,,,,
32938,0.0,692.541687,-1299.763916,1676.701294,0.5267292669,0.8401625041,0.1291636408,,,,
32939,0.0,695.174255,-1297.56897,1676.701294,0.5256339621,0.8408481978,0.1291636408,,,,
32940,0.0,697.132385,-1295.650757,1676.701294,0.5255268702,0.840915134,0.1291636408,,,,
32941,0.0,699.391479,-1293.164795,1676.701294,0.5255268702,0.840915134,0.1291636408,,,,
32942,0.0,703.374634,-1287.7146,1676.701294,0.5255268702,0.840915134,0.1291636408,,,,
32943,0.0,704.4807435,-1285.7539065,1676.701294,0.5255268702,0.840915134,0.1291636408,,,,
32944,0.0,705.586853,-1283.793213,1676.701294,0.5255268702,0.840915134,0.1291636408,,,,
32945,0.0,707.875,-1278.378906,1676.701294,0.5255268702,0.840915134,0.1291636408,,,,
32946,0.0,708.931641,-1275.437988,1676.701294,0.5256440762,0.8411025489,0.1274551189,,,,
32947,0.0,709.09964,-1274.825317,1676.701294,0.525674894,0.8411519924,0.1270000824,,,,
32948,0.0,710.732422,-1268.995361,1676.701294,0.5255677101,0.8421451699,0.1207066483,,,,
32949,0.0,711.71698,-1265.777588,1676.701416,0.521373938,0.8464114148,0.1084293953,,,,
32950,0.0,714.913818,-1259.018921,1674.861572,0.5197729631,0.8479004078,0.1044076877,,,,
32951,0.0,715.704834,-1256.366089,1674.282471,0.5178361631,0.8499439953,0.0971643611,,,,
32952,0.0,717.012573,-1252.180176,1672.973022,0.514361543,0.853404788,0.0844539569,,,,
32953,0.0,718.079895,-1248.787354,1671.461914,0.5128604649,0.8556677441,0.0693314878,,,,
32954,0.0,719.024109,-1245.481079,1669.301147,0.5127503988,0.8565894131,0.0578066245,,,,
32955,0.0,719.949463,-1243.156738,1667.846558,0.5128876469,0.8568186968,0.0529904005,,,,
32956,0.0,721.206177,-1239.739502,1666.017944,0.5109783789,0.8585031493,0.0432832406,,,,
32957,0.0,722.499634,-1237.181641,1663.977417,0.5084199324,0.8603290406,0.0366485226,,,,
32958,0.0,722.979248,-1236.378906,1662.726929,0.5058636746,0.8619484765,0.0338639423,,,,
32959,0.0,724.150818,-1233.956177,1661.425293,0.5013190656,0.8647709206,0.0291624634,,,,
32960,0.0,724.849731,-1232.743896,1659.925415,0.4929752716,0.8697336859,0.0232098522,,,,
32961,0.0,725.180542,-1231.820435,1658.939453,0.4874152556,0.8729473275,0.0197314992,,,,
32962,0.0,725.432007,-1231.214966,1658.982178,0.4858931024,0.8738162894,0.018787905,,,,
32963,0.0,726.575806,-1228.341919,1659.191528,0.475297384,0.8797416904,0.0121224983,,,,
32964,0.0,727.002441,-1227.266479,1659.285278,0.4714689181,0.8818499737,0.0075949367,,,,
32965,0.0,727.558105,-1225.93103,1659.374878,0.4694583526,0.8829504073,0.0027264104,,,,
32966,0.0,728.14856,-1224.591431,1659.46875,0.4684742714,0.8834767559,-0.0008239524,,,,
32967,0.0,728.614441,-1223.525757,1659.508423,0.4678404608,0.8838079446,-0.0029699002,,,,
32968,0.0,729.347717,-1221.731689,1659.44458,0.4699881891,0.8826415059,-0.007421194,,,,
32969,0.0,729.817383,-1220.36792,1659.481689,0.4728015034,0.8810921248,-0.011636406,,,,
32970,0.0,730.405579,-1218.668823,1659.30542,0.4729690368,0.8809988446,-0.0118880651,,,,
32971,0.0,730.730042,-1217.688843,1659.2771,0.4729690368,0.8809988446,-0.0118880651,,,,
32972,0.0,731.265625,-1216.087402,1659.08374,0.4729690368,0.8809988446,-0.0118880651,,,,
32973,0.0,731.659119,-1214.84729,1658.939697,0.4729690368,0.8809988446,-0.0118880651,,,,
32974,0.0,732.184448,-1213.336182,1658.866089,0.4729690368,0.8809988446,-0.0118880651,,,,
32975,0.0,732.519775,-1212.279175,1658.79126,0.4729690368,0.8809988446,-0.0118880651,,,,
32976,0.0,733.801819,-1212.735596,1664.021973,0.4729690368,0.8809988446,-0.0118880651,,,,
32977,0.0,734.19812,-1211.942627,1664.022095,0.4729655779,0.8809922541,-0.0124984137,,,,
32978,0.0,735.043152,-1210.250854,1664.022095,0.4729574123,0.8809775976,-0.013775291,,,,
32979,0.0,735.539734,-1209.263428,1664.021973,0.472952145,0.8809675279,-0.0145768053,,,,
32980,0.0,736.420837,-1207.159302,1664.022095,0.4560176321,0.8897992491,-0.0174704155,,,,
32981,0.0,736.785858,-1206.392151,1664.022095,0.4539754859,0.8908334629,-0.0177947859,,,,
32982,0.0,737.150879,-1205.625,1664.022095,0.4519333397,0.8918676767,-0.0181191563,,,,
32983,0.0,738.214478,-1203.516235,1664.022217,0.4519333397,0.8918676767,-0.0181191563,,,,
32984,0.0,738.5144045,-1202.859253,1664.022156,0.4489821344,0.8933668898,-0.0172916538,,,,
32985,0.0,739.191345,-1201.285889,1664.022095,0.4381548118,0.8987726727,-0.0151011142,,,,
32986,0.0,739.533569,-1200.4885865,1664.022095,0.4327287856,0.90139107,-0.014244489,,,,
32987,0.0,739.875793,-1199.691284,1664.022095,0.4273027595,0.9040094672,-0.0133878637,,,,
32988,0.0,740.411621,-1198.460327,1664.022095,0.4200766618,0.9074041431,-0.0123822187,,,,
32989,0.0,741.210388,-1196.931885,1664.022095,0.4242469413,0.9054954683,-0.009617157,,,,
32990,0.0,741.663574,-1196.113281,1664.022095,0.4289937837,0.9032836442,-0.006556806,,,,
32991,0.0,742.298828,-1194.930176,1664.022095,0.4340367598,0.9008891388,-0.0032940587,,,,
32992,0.0,743.272949,-1193.099243,1664.022095,0.4410087408,0.897501957,0.0012360244,,,,
32993,0.0,743.831665,-1192.053711,1664.022095,0.4452863372,0.8953791729,0.004026743,,,,
32994,0.0,744.523315,-1190.654663,1664.022095,0.4454684059,0.8952719245,0.0067882664,,,,
32995,0.0,745.044312,-1189.587891,1664.022095,0.4448816616,0.8955556941,0.0077656946,,,,
32996,0.0,745.509705,-1188.645874,1664.022095,0.4448816616,0.8955556941,0.0077656946,,,,
32997,0.0,746.120911,-1187.408813,1664.022095,0.4448816616,0.8955556941,0.0077656946,,,,
32998,0.0,746.692566,-1186.252563,1664.022095,0.4448816616,0.8955556941,0.0077656946,,,,
32999,0.0,747.211487,-1185.374634,1664.022095,0.4527995792,0.8915153327,0.013151148,,,,
33000,0.0,747.897522,-1184.198975,1664.022095,0.4624980853,0.8863993063,0.0197937081,,,,
33001,0.0,748.634216,-1182.780884,1664.022095,0.4653572246,0.8848554034,0.0217616302,,,,
33002,0.0,749.114075,-1181.824097,1664.022095,0.4653572246,0.8848554034,0.0217616302,,,,
33003,0.0,749.536865,-1180.996338,1664.022095,0.4659503388,0.8845348684,0.0220986072,,,,
33004,0.0,749.655365,-1180.7650145,1664.022095,0.4661083978,0.8844493162,0.0221884695,,,,
33005,0.0,750.929504,-1178.332642,1664.022095,0.4701326246,0.8822562288,0.0244798288,,,,
33006,0.0,751.480652,-1177.384521,1664.022095,0.4762856336,0.8788660518,0.0273213873,,,,
33007,0.0,752.086304,-1176.315552,1664.022095,0.4816489134,0.8758581063,0.0297808964,,,,
33008,0.0,752.703674,-1175.348999,1664.022095,0.4923619534,0.8697007705,0.0346450072,,,,
33009,0.0,753.54248,-1174.091919,1664.022095,0.5085172092,0.8600249367,0.0420399364,,,,
33010,0.0,754.117981,-1173.168335,1664.022095,0.5162849018,0.8552542431,0.0446103098,,,,
33011,0.0,754.702026,-1172.235718,1664.021973,0.5234229576,0.8507914787,0.0467147418,,,,
33012,0.0,755.389893,-1170.740967,1664.022095,0.5131455887,0.857642554,0.0336281779,,,,
33013,0.0,755.825378,-1169.675293,1664.022095,0.5003236553,0.8655975033,0.0204255291,,,,
33014,0.0,756.050842,-1169.185303,1660.086548,0.4980627545,0.8669516646,0.0181191563,,,,
33015,0.0,756.729736,-1167.953003,1660.119629,0.4980627545,0.8669516646,0.0181191563,,,,
33016,0.0,757.336487,-1166.85437,1660.190308,0.4980627545,0.8669516646,0.0181191563,,,,
33017,0.0,758.060669,-1165.551147,1660.248291,0.4980627545,0.8669516646,0.0181191563,,,,
33018,0.0,758.772034,-1164.201294,1660.118652,0.4943565038,0.8690503692,0.019055259,,,,
33019,0.0,759.396179,-1163.014771,1660.031616,0.4910573288,0.8709002392,0.0198865064,,,,
33020,0.0,759.992188,-1161.852783,1660.004761,0.4865146979,0.8734250232,0.0207888818,,,,
33021,0.0,760.378357,-1160.936035,1659.742065,0.4851398084,0.874184525,0.0209948206,,,,
33022,0.0,761.236816,-1159.299316,1659.677002,0.4845998329,0.8744839732,0.0209948206,,,,
33023,0.0,761.73584,-1158.21167,1659.57959,0.4845947046,0.8744868151,0.0209948206,,,,
33024,0.0,762.235657,-1157.068848,1659.372681,0.4845947046,0.8744868151,0.0209948206,,,,
33025,0.0,762.633606,-1156.125732,1659.184082,0.4842869639,0.8746572781,0.0209948206,,,,
33026,0.0,763.853699,-1153.469482,1658.848022,0.4837560728,0.8749510155,0.0209948206,,,,
33027,0.0,764.227539,-1152.795898,1658.842224,0.4837560728,0.8749510155,0.0209948206,,,,
33028,0.0,764.601379,-1152.122314,1658.836426,0.4837560728,0.8749510155,0.0209948206,,,,
33029,0.0,765.64502,-1150.245972,1658.645386,0.4837560728,0.8749510155,0.0209948206,,,,
33030,0.0,766.409607,-1149.057495,1658.526367,0.4837560728,0.8749510155,0.0209948206,,,,
33031,0.0,767.061523,-1147.980713,1658.466675,0.4837560728,0.8749510155,0.0209948206,,,,
33032,0.0,767.908813,-1146.64563,1658.412964,0.4837560728,0.8749510155,0.0209948206,,,,
33033,0.0,768.642639,-1145.888428,1658.401489,0.4837560728,0.8749510155,0.0209948206,,,,
33034,0.0,769.509888,-1144.481567,1658.430908,0.4837560728,0.8749510155,0.0209948206,,,,
33035,0.0,770.071411,-1143.618774,1658.530884,0.4837635217,0.8749646322,0.0202422201,,,,
33036,0.0,770.735107,-1142.419434,1658.685059,0.48376559,0.8749682288,0.0200362782,,,,
33037,0.0,771.343445,-1141.320801,1658.837646,0.48376559,0.8749682288,0.0200362782,,,,
33038,0.0,771.920166,-1140.278809,1658.800415,0.48376559,0.8749682288,0.0200362782,,,,
33039,0.0,772.723633,-1138.817993,1659.092896,0.4833493068,0.8751982605,0.0200362782,,,,
33040,0.0,773.192322,-1137.964355,1659.091187,0.4830412088,0.8753683442,0.0200362782,,,,
33041,0.0,773.974182,-1136.476685,1659.298462,0.4795918301,0.8772629161,0.0200362782,,,,
33042,0.0,774.443848,-1135.422607,1659.541992,0.470309883,0.8822409447,0.0214366385,,,,
33043,0.0,775.026123,-1133.887695,1659.857422,0.4496553553,0.8928743297,0.0241969599,,,,
33044,0.0,775.381165,-1132.911743,1659.972046,0.4355289458,0.8997985725,0.0260204979,,,,
33045,0.0,775.755371,-1131.252808,1660.202759,0.3954328096,0.9179291861,0.032232009,,,,
33046,0.0,775.828125,-1130.147339,1660.550537,0.3616584082,0.9316214741,0.0358416638,,,,
33047,0.0,775.767761,-1129.315308,1660.661621,0.3270681265,0.9441806232,0.0393623095,,,,
33048,0.0,775.365417,-1128.095947,1660.786621,0.2495833532,0.9673864364,0.0432623685,,,,
33049,0.0,774.75824,-1127.195312,1660.968018,0.1693593294,0.9844805656,0.0459938414,0.1218386867,440.576964745,921.0065882017,2.0
33050,0.0,774.130798,-1126.584717,1661.126831,0.0964363034,0.9943330963,0.04474073,0.0904660145,383.1003278918,921.7350420099,2.0
33051,0.0,773.474915,-1126.146729,1661.15979,0.0239186058,0.9987675671,0.0434884724,0.0642695613,325.4017812194,922.5604202903,2.0
33052,0.0,772.970764,-1125.827026,1661.177124,-0.0332919068,0.9986071989,0.0409305662,0.0473211275,280.6385934926,923.2183742953,2.0
33053,0.0,773.117798,-1131.683838,1664.03125,-0.0984502661,0.9944547524,0.036976893,0.0312376279,230.6809428872,930.1993757388,2.0
33054,0.0,772.881775,-1132.035156,1664.03125,-0.1673563755,0.9853208687,0.0336842585,0.0192949103,182.3255207085,932.6445822515,2.0
33055,0.0,772.719055,-1132.193481,1664.03125,-0.2156078888,0.9759910204,0.0308992944,0.0135793564,153.4028385871,934.0243373872,2.0
33056,0.0,772.55603,-1132.356323,1664.03125,-0.2690291933,0.9626827867,0.0294133516,0.0096640599,129.7846229841,935.7939671135,2.0
33057,0.0,772.390076,-1132.537598,1664.03125,-0.3308029826,0.9432588671,0.0288460811,0.0086413341,122.9086456767,936.9518905571,2.0
33058,0.0,772.258911,-1132.788574,1664.03125,-0.3988582138,0.9164996679,0.0306673105,0.0120409098,145.3377715198,939.388248759,2.0
33059,0.0,772.195679,-1132.859741,1664.03125,-0.428597851,0.9028805712,0.0333250097,0.0149383826,161.9649640737,940.5508802669,2.0
33060,0.0,772.098938,-1132.952515,1664.03125,-0.4745690206,0.8794030045,0.0378761194,0.0213348772,193.8337962504,943.4052284483,2.0
33061,0.0,772.056763,-1133.073242,1664.03125,-0.5110043993,0.858547003,0.0420897563,0.0282944665,223.195807085,944.9617927804,2.0
33062,0.0,771.991333,-1133.273071,1664.03125,-0.5455487342,0.8368048443,0.0461977407,0.0364228402,253.000845179,946.0434474503,2.0
33063,0.0,771.901489,-1133.473877,1664.03125,-0.5696588327,0.8203119695,0.0507650176,0.0426518487,273.6419688947,947.0648905748,2.0
33064,0.0,771.696472,-1133.750977,1664.03125,-0.5980715961,0.7993719465,0.0575747952,0.0507391369,298.2920765558,948.4953329112,2.0
33065,0.0,771.6096495,-1133.817627,1664.03125,-0.6035531326,0.7950816109,0.0593075996,0.0521213286,302.362595321,949.0225200908,2.0
33066,0.0,771.522827,-1133.884277,1664.03125,-0.6090346691,0.7907912752,0.061040404,0.0535035204,306.4331140861,949.5497072705,2.0
33067,0.0,771.220703,-1134.048218,1664.03125,-0.6186492783,0.7830790419,0.0637203627,0.0555736296,312.5909511885,950.9250102777,2.0
33068,0.0,771.1085205,-1134.0975955,1664.03125,-0.6203982311,0.7816394956,0.064344488,0.055791404,313.3115854706,951.3096930988,2.0
33069,0.0,770.996338,-1134.146973,1664.03125,-0.6221471839,0.7801999493,0.0649686132,0.0560091784,314.0322197526,951.6943759198,2.0
33070,0.0,770.782471,-1134.205566,1664.03125,-0.6225605495,0.7798551775,0.0651480186,0.0550395154,311.6774023686,952.6044891097,2.0
33071,0.0,770.338318,-1134.373901,1664.03125,-0.6225605495,0.7798551775,0.0651480186,0.0534405965,307.6696692526,953.9271403187,2.0
33072,0.0,770.105164,-1134.438354,1664.03125,-0.6219703328,0.7803259837,0.0651480186,0.0523361094,304.7763288537,954.6045713096,2.0
33073,0.0,769.819763,-1134.55249,1664.03125,-0.621221914,0.7809219355,0.0651480186,0.0510191351,301.2825114526,955.440373915,2.0
33074,0.0,769.658569,-1134.6072995,1664.03125,-0.6202446986,0.7817165386,0.0649163098,,,,
33075,0.0,769.497375,-1134.662109,1664.03125,-0.6192674831,0.7825111416,0.064684601,,,,
33076,0.0,768.994263,-1134.84729,1664.03125,-0.6158864177,0.785266892,0.0635596477,,,,
33077,0.0,768.834412,-1134.897339,1664.03125,-0.6148513561,0.7861065041,0.0631859007,,,,
33078,0.0,768.397095,-1135.068481,1664.03125,-0.612622008,0.7879066522,0.062429022,,,,
33079,0.0,768.02478,-1135.224365,1664.03125,-0.6109148604,0.7892430094,0.062277648,,,,
33080,0.0,767.686707,-1135.296265,1664.03125,-0.6100514751,0.7899714725,0.0615001659,,,,
33081,0.0,767.294312,-1135.312866,1664.03125,-0.6092528803,0.7906014768,0.0613207363,,,,
33082,0.0,767.102051,-1135.302551,1664.03125,-0.6092056042,0.7906379042,0.0613207363,,,,
33083,0.0,766.571716,-1135.252441,1664.03125,-0.609158328,0.7906743317,0.0613207363,,,,
33084,0.0,766.093567,-1135.174927,1664.03125,-0.609158328,0.7906743317,0.0613207363,,,,
33085,0.0,765.867737,-1135.131592,1664.03125,-0.609158328,0.7906743317,0.0613207363,,,,
33086,0.0,765.401367,-1135.029907,1664.03125,-0.609158328,0.7906743317,0.0613207363,,,,
33087,0.0,764.887817,-1134.924683,1664.03125,-0.609158328,0.7906743317,0.0613207363,,,,
33088,0.0,764.334351,-1134.801147,1664.03125,-0.609158328,0.7906743317,0.0613207363,,,,
33089,0.0,763.97229,-1134.717529,1664.03125,-0.609158328,0.7906743317,0.0613207363,,,,
33090,0.0,763.503174,-1134.527588,1664.03125,-0.6091901314,0.79071604,0.0604609623,,,,
33091,0.0,763.144043,-1134.332642,1664.03125,-0.6092171231,0.7907506465,0.0597320016,,,,
33092,0.0,762.660461,-1133.999268,1664.03125,-0.6080067346,0.7917649586,0.058617924,,,,
33093,0.0,762.359802,-1133.732422,1664.03125,-0.6068097706,0.7927851189,0.0572158849,,,,
33094,0.0,761.927856,-1133.30896,1664.03125,-0.6050918657,0.7942565801,0.0549574295,,,,
33095,0.0,761.563599,-1132.911255,1665.371582,-0.6034418629,0.7956572816,0.0527959118,,,,
33096,0.0,761.280151,-1132.593384,1666.365845,-0.6024053813,0.7965308993,0.0514420351,,,,
33097,0.0,760.85907,-1132.101562,1667.969849,-0.6007277423,0.7979347457,0.0492577026,,,,
33098,0.0,760.562012,-1131.734863,1669.189331,-0.5994482707,0.7989970658,0.0475968437,,,,
33099,0.0,760.189453,-1131.258789,1670.831787,-0.5973993013,0.8006600849,0.0453597103,,,,
33100,0.0,759.738403,-1130.675903,1672.430298,-0.5952732436,0.8023621764,0.0431822107,,,,
33101,0.0,759.464478,-1130.312988,1673.402588,-0.593653392,0.8035981155,0.0424937524,,,,
33102,0.0,759.13269,-1129.721802,1675.259277,-0.5909829274,0.8056297828,0.0412290272,,,,
33103,0.0,758.943726,-1129.288086,1676.275513,-0.5896035221,0.8066749392,0.0405367631,,,,
33104,0.0,758.725708,-1128.616821,1677.701294,-0.5856725103,0.8095887478,0.0394178899,,,,
33105,0.0,758.613647,-1128.075073,1677.701294,-0.5840854557,0.810762393,0.0388397041,,,,
33106,0.0,758.513916,-1127.438354,1677.701294,-0.5829250709,0.811619961,0.0383588405,,,,
33107,0.0,758.48877,-1126.654053,1677.701294,-0.58212578,0.8121943184,0.0383401269,,,,
33108,0.0,758.639832,-1126.023438,1677.701294,-0.5821013413,0.8122118339,0.0383401269,,,,
33109,0.0,759.08429,-1125.01355,1677.701294,-0.5821013413,0.8122118339,0.0383401269,,,,
33110,0.0,759.678284,-1124.057495,1677.701294,-0.5821013413,0.8122118339,0.0383401269,,,,
33111,0.0,760.696472,-1122.668091,1677.701294,-0.5821013413,0.8122118339,0.0383401269,,,,
33112,0.0,760.911926,-1122.375366,1677.701294,-0.5821761873,0.8121581884,0.0383401095,,,,
33113,0.0,762.776367,-1120.302612,1677.701294,-0.5827886575,0.8117188031,0.0383401269,,,,
33114,0.0,764.295898,-1118.741333,1677.701294,-0.5856243142,0.8096753654,0.0383401269,,,,
33115,0.0,764.764832,-1118.259766,1677.701294,-0.5873523336,0.8084227055,0.0383401269,,,,
33116,0.0,766.262207,-1116.876465,1677.701172,-0.5899120413,0.8065567669,0.0383401269,0.0079992501,123.8797442333,981.3657870746,2.0
33117,0.0,768.530823,-1114.838501,1677.701294,-0.5924228586,0.8047143538,0.0383401269,0.0079900496,123.6943616879,980.4589484784,2.0
33118,0.0,772.69812,-1111.125244,1677.701294,-0.5963410681,0.8018150443,0.0383401269,0.0078825163,122.6693330597,978.9174983089,2.0
33119,0.0,773.864746,-1110.079712,1677.701294,-0.5975293612,0.8009285232,0.0383401269,0.0076510683,120.8676906562,979.0787835451,2.0
33120,0.0,775.031372,-1109.03418,1677.701294,-0.5987176543,0.8000420021,0.0383401269,0.0074196203,119.0660482527,979.2400687813,2.0
33121,0.0,779.28363,-1105.450073,1677.701294,-0.6107663975,0.7908423742,0.0391503108,0.0073001627,118.128685691,979.4181754481,2.0
33122,0.0,780.607269,-1104.3483275,1677.701294,-0.6142107961,0.7881544672,0.039224221,0.0072857779,118.0428100392,979.6690522275,2.0
33123,0.0,783.820862,-1101.68811,1677.701294,-0.6240655119,0.780348193,0.0399866803,0.0074995122,119.8509080419,980.4503450445,2.0
33124,0.0,786.21051,-1099.703003,1677.701294,-0.6320784103,0.7738150154,0.0410756032,0.0077628585,122.0343270278,981.29742446,2.0
33125,0.0,788.305725,-1097.967163,1677.701294,-0.6370281443,0.7697069008,0.0417903121,0.0078426579,122.7337759969,981.9076480991,2.0
33126,0.0,789.524292,-1096.958984,1677.701294,-0.6400972923,0.7671300098,0.0422729749,0.0079402826,123.5367731865,982.2614421015,2.0
33127,0.0,794.10022,-1093.23999,1677.701294,-0.665511307,0.7448674108,0.0476155498,0.0108356874,144.5076872686,984.2997763996,2.0
33128,0.0,796.148315,-1091.53479,1677.701294,-0.6744870793,0.7366416091,0.0492576852,0.0119522901,151.8308830526,984.9658063215,2.0
33129,0.0,798.907288,-1089.183472,1677.701294,-0.6835845801,0.728116997,0.0505743064,0.0130588853,158.6945025718,985.1816860074,2.0
33130,0.0,801.582825,-1086.903076,1677.701294,-0.6953007841,0.7167536136,0.0531138132,0.0147421189,168.6164839284,985.6247711878,2.0
33131,0.0,803.71405,-1085.03064,1677.701294,-0.7014878485,0.710612442,0.0542656027,0.0154261359,172.4845996917,985.7984138682,2.0
33132,0.0,806.87262,-1082.226196,1677.701294,-0.7116787019,0.7002512044,0.0562287826,0.0167326912,179.5761108346,985.7687296439,2.0
33133,0.0,809.762878,-1079.569336,1677.701294,-0.7169695133,0.6948082219,0.0565354023,0.0168857538,180.359534003,985.6097960926,2.0
33134,0.0,811.716309,-1077.746948,1677.701294,-0.7203761341,0.6912211709,0.0571971882,0.0165798792,178.0393394137,981.7884881829,2.0
33135,0.0,813.656189,-1075.895874,1677.701294,-0.7237037308,0.687688453,0.0577711141,0.0166237035,178.256192919,981.6986089497,2.0
33136,0.0,815.752441,-1072.694214,1676.232056,-0.7283326835,0.6827262531,0.058449684,0.0164416676,177.1377224371,980.8794495659,2.0
33137,0.0,817.955505,-1070.728516,1676.221313,-0.7328306586,0.6777659685,0.0599376163,0.0167275394,178.6475516712,980.8212056391,2.0
33138,0.0,820.434753,-1068.488892,1676.301392,-0.7383970231,0.671594967,0.0610740261,0.0172654992,181.4690140817,980.8003852819,2.0
33139,0.0,822.377502,-1066.727539,1676.405396,-0.7430075123,0.6664409437,0.0616141637,0.0175946302,183.21971808,981.0381731121,2.0
33140,0.0,825.315796,-1063.756104,1676.827515,-0.7480354939,0.6607479623,0.0620888901,0.0176997624,183.7314068794,980.8779354443,2.0
33141,0.0,826.0918885,-1063.0060425,1676.863892,-0.7492442124,0.6593616882,0.0622243788,0.0177645445,184.0824736154,980.9761299396,2.0
33142,0.0,826.867981,-1062.255981,1676.900269,-0.7504529309,0.6579754141,0.0623598674,0.0178293266,184.4335403515,981.074324435,2.0
33143,0.0,833.333496,-1055.711426,1677.213867,-0.7622102017,0.6440753979,0.0648266164,0.0183510007,187.1223123122,981.2560172515,2.0
33144,0.0,835.897461,-1053.028076,1677.292358,-0.7667388129,0.638603809,0.0655497358,0.0184014787,187.3269256202,980.993226821,2.0
33145,0.0,838.387146,-1050.569214,1677.310791,-0.7697662954,0.6349100307,0.0659477328,0.0182209296,186.3531676687,980.6722719393,2.0
33146,0.0,840.882324,-1047.708008,1677.304443,-0.7733086177,0.6305081761,0.0667324631,0.0181128864,185.7180519839,980.2138407513,2.0
33147,0.0,842.559937,-1045.944214,1677.239258,-0.7755184699,0.6277248487,0.0673247146,0.0825609081,706.754772464,1776.3180568092,0.0
33148,0.0,845.772461,-1042.16748,1676.960693,-0.7778010491,0.6248277941,0.0679393529,0.0811034983,702.4423691441,1780.5949184264,0.0
33149,0.0,848.132507,-1039.70752,1677.12439,-0.7788566013,0.6234329517,0.0686567495,0.0805191252,701.1071007686,1783.3761204499,0.0
33150,0.0,850.14032,-1037.375,1676.896729,-0.7805866145,0.6211472993,0.0697177869,0.0792431775,696.9231364485,1786.3549153051,0.0
33151,0.0,852.974365,-1034.149902,1676.728027,-0.7824252208,0.6187143784,0.0707339508,0.0782771207,694.0867892804,1789.5794198852,0.0
33152,0.0,854.892944,-1031.955444,1676.58313,-0.7857983344,0.613999007,0.0743383948,0.0761692795,685.9800509852,1792.0005334559,0.0
33153,0.0,857.649536,-1028.743896,1676.361084,-0.7913368214,0.6060440316,0.0806019036,0.0729186253,673.1345462888,1795.6951786551,0.0
33154,0.0,859.839233,-1026.225464,1676.175171,-0.7921338595,0.6042171784,0.0862876004,0.0726474869,672.8872284284,1798.2555550781,0.0
33155,0.0,862.790527,-1022.959045,1676.154053,-0.7921644968,0.6039169127,0.0880895709,0.0726017225,673.9953624965,1801.7632018305,0.0
33156,0.0,863.578796,-1022.034973,1676.154053,-0.7921644968,0.6039169127,0.0880895709,0.0726954282,674.731887594,1802.6130463428,0.0
33157,0.0,867.622742,-1017.285706,1676.278687,-0.7921644968,0.6039169127,0.0880895709,0.0726018971,676.1097653752,1807.4134538613,0.0
33158,0.0,869.659058,-1014.840027,1676.218018,-0.7921644968,0.6039169127,0.0880895709,0.0725273488,676.6552356619,1809.7660339667,0.0
33159,0.0,871.935303,-1011.758118,1676.412842,-0.7921644968,0.6039169127,0.0880895709,0.0725000224,677.4370760351,1812.1857063389,0.0
33160,0.0,873.642517,-1009.253784,1676.483765,-0.7921644968,0.6039169127,0.0880895709,0.0724689711,677.985578261,1814.0268851982,0.0
33161,0.0,875.765137,-1005.336975,1676.708496,-0.7921644968,0.6039169127,0.0880895709,0.0724275742,678.6740988079,1816.3684618579,0.0
33162,0.0,877.029602,-1002.66333,1676.759644,-0.7921644968,0.6039169127,0.0880895709,0.072370828,678.8426397069,1817.5049304939,0.0
33163,0.0,879.572937,-996.403809,1676.863281,-0.7921644968,0.6039169127,0.0880895709,0.0723401721,679.6980015827,1820.1661181364,0.0
33164,0.0,880.363434,-994.241272,1676.793762,-0.7921644968,0.6039169127,0.0880895709,0.0723509539,679.91923898,1820.6279639758,0.0
33165,0.0,882.165039,-989.570312,1676.518799,-0.7921644968,0.6039169127,0.0880895709,0.0723192725,680.4459443248,1822.4224337305,0.0
33166,0.0,882.6489565,-987.6758115,1676.420105,-0.7921644968,0.6039169127,0.0880895709,0.0722578439,680.2716622598,1822.7011933917,0.0
33167,0.0,883.95636,-982.631714,1676.111206,-0.7986904748,0.5954555198,0.0867539597,0.068352585,662.5984262246,1823.5135698504,0.0
33168,0.0,884.927979,-978.604065,1675.766357,-0.8120813946,0.5773849865,0.0845599542,0.0603237959,624.1242361121,1824.5765870726,0.0
33169,0.0,885.702026,-975.471558,1675.332764,-0.8161831387,0.571677396,0.0838453279,0.0578383774,611.8610878277,1825.5851743179,0.0
33170,0.0,885.855042,-974.309692,1675.102783,-0.8169439606,0.5706109971,0.0836997921,0.0573988501,609.5621623286,1825.469513338,0.0
33171,0.0,886.486694,-968.479858,1674.853149,-0.8189561501,0.5677760832,0.0833135258,0.0562535095,603.8486320141,1826.1374576231,0.0
33172,0.0,886.660828,-964.609802,1674.888428,-0.8189561501,0.5677760832,0.0833135258,0.0562320766,603.8013605305,1826.3323883534,0.0
33173,0.0,886.550415,-961.536194,1674.813843,-0.8189561501,0.5677760832,0.0833135258,0.0561992586,603.6262768428,1826.3204090839,0.0
33174,0.0,886.315308,-958.104065,1674.771973,-0.8189561501,0.5677760832,0.0833135258,0.0561871569,603.5618043981,1826.3163034645,0.0
33175,0.0,885.600769,-954.003235,1674.595947,-0.8189561501,0.5677760832,0.0833135258,0.0560610759,602.7351800572,1825.805532839,0.0
33176,0.0,884.547729,-950.872375,1674.481934,-0.8189561501,0.5677760832,0.0833135258,0.055916815,601.7177822376,1825.0056406319,0.0
33177,0.0,884.284302,-950.106445,1673.816284,-0.8189561501,0.5677760832,0.0833135258,0.0556409588,600.3260685954,1825.1630509938,0.0
33178,0.0,882.530151,-947.744629,1673.963501,-0.8189561501,0.5677760832,0.0833135258,0.0551593068,597.4846949887,1824.2122540039,0.0
33179,0.0,880.524048,-945.253113,1674.031616,-0.8189561501,0.5677760832,0.0833135258,0.054846008,595.3307854308,1822.6733158014,0.0
33180,0.0,878.559265,-942.934265,1674.113037,-0.8189561501,0.5677760832,0.0833135258,0.0545734263,593.3788997947,1821.1011411319,0.0
33181,0.0,877.124207,-941.200684,1674.204346,-0.8189561501,0.5677760832,0.0833135258,0.0543391382,591.7601001365,1819.9344024263,0.0
33182,0.0,874.331055,-938.954224,1674.559692,-0.8185370798,0.5683800712,0.0833135258,0.0541039144,589.8297482876,1817.8268196574,0.0
33183,0.0,872.374329,-937.875244,1675.016846,-0.8184114217,0.5685609916,0.0833135258,0.0536441916,587.0199646961,1816.6882264117,0.0
33184,0.0,869.977234,-936.453796,1675.190552,-0.8184114217,0.5685609916,0.0833135258,0.0532048508,584.0615904826,1814.7754858533,0.0
33185,0.0,869.355957,-936.129822,1675.190552,-0.8184114217,0.5685609916,0.0833135258,0.0530273774,583.0224778666,1814.4930217552,0.0
33186,0.0,865.619202,-934.110962,1676.03186,-0.8184114217,0.5685609916,0.0833135258,0.0520853607,577.2279272528,1812.1933654641,0.0
33187,0.0,863.12439,-932.500916,1676.384644,-0.8184114217,0.5685609916,0.0833135258,0.0516373208,574.1933474348,1810.2618744186,0.0
33188,0.0,860.439148,-930.846497,1676.851685,-0.8184114217,0.5685609916,0.0833135258,0.0512132313,571.2629325123,1808.2679898039,0.0
33189,0.0,857.622864,-929.160767,1677.127563,-0.8184114217,0.5685609916,0.0833135258,0.0506375009,567.5748234418,1806.511319985,0.0
33190,0.0,855.054749,-927.579346,1677.3927,-0.8184114217,0.5685609916,0.0833135258,0.0501805218,564.4287453673,1804.4478485944,0.0
33191,0.0,852.511047,-926.236267,1677.368042,-0.8184114217,0.5685609916,0.0833135258,0.0497940474,561.7146607301,1802.5478665434,0.0
33192,0.0,848.805664,-923.75885,1677.406738,-0.8184114217,0.5685609916,0.0833135258,0.0493056937,557.9745006681,1799.1658839177,0.0
33193,0.0,846.587158,-922.006531,1677.549438,-0.8184114217,0.5685609916,0.0833135258,0.0489120041,555.271392084,1797.4596158687,0.0
33194,0.0,843.473877,-920.144165,1677.262939,-0.8184114217,0.5685609916,0.0833135258,0.0483722524,551.4357074811,1794.7263433897,0.0
33195,0.0,840.969604,-919.4151,1677.037964,-0.8184114217,0.5685609916,0.0833135258,0.0476996606,547.1472520988,1792.9709906537,0.0
33196,0.0,838.107056,-918.542175,1677.134277,-0.8184114217,0.5685609916,0.0833135258,0.0470772252,543.0239762076,1790.8987862074,0.0
33197,0.0,835.987305,-917.956848,1677.161011,-0.8184114217,0.5685609916,0.0833135258,0.04646728,539.1133867617,1789.3534934105,0.0
33198,0.0,834.043335,-917.455322,1677.14209,-0.8184114217,0.5685609916,0.0833135258,0.0458682661,535.1093399728,1787.3493675268,0.0
33199,0.0,832.988159,-917.448242,1677.363159,-0.8184114217,0.5685609916,0.0833135258,0.0035296552,77.781473216,926.5707586692,2.0
33200,0.0,831.283752,-916.932556,1677.611084,-0.8184114217,0.5685609916,0.0833135258,0.0035455146,77.8202983817,924.961262117,2.0
33201,0.0,831.023376,-916.7636415,1677.611084,-0.818385175,0.5686064187,0.0832612782,0.0240083328,302.1302878494,1355.0619952909,1.0
33202,0.0,830.763,-916.594727,1677.611084,-0.8183589283,0.5686518458,0.0832090305,0.0444711509,526.4402773171,1785.1627284648,0.0
33203,0.0,826.518188,-913.404541,1677.129272,-0.8137704148,0.5760069302,0.0774191727,0.0457925012,532.7986336453,1781.0683327714,0.0
33204,0.0,825.4203795,-912.9899595,1676.6732175,-0.8127996049,0.5775504865,0.0760729946,0.046089735,534.2283020127,1780.2274392582,0.0
33205,0.0,822.815674,-912.59729,1675.375732,-0.8106858557,0.5810733807,0.0717089227,0.0464974279,536.3127204156,1779.4944560883,0.0
33206,0.0,822.1347045,-913.0260925,1675.3937375,-0.810044073,0.5821219132,0.0704238244,0.0465658388,536.5815588639,1779.1101147303,0.0
33207,0.0,820.498657,-914.083252,1675.442871,-0.8086913809,0.5843907159,0.0671248215,0.0465954104,536.3152189807,1777.6753427632,0.0
33208,0.0,819.034729,-915.192383,1675.558716,-0.807589908,0.5861863531,0.0646846184,0.0466092901,536.0414639843,1776.5096937516,0.0
33209,0.0,817.61908,-916.157166,1675.151001,-0.8065774267,0.5878250358,0.062406586,0.0466796959,536.1496709105,1775.5597941347,0.0
33210,0.0,815.734863,-917.529419,1674.712769,-0.8055394421,0.5895017781,0.0599488186,0.0467978152,537.3035592523,1777.1878176215,0.0
33211,0.0,814.077148,-918.925354,1674.156982,-0.8044912275,0.5912182399,0.0570513601,0.0468027022,536.9631178279,1775.9712658869,0.0
33212,0.0,812.605469,-920.150146,1673.403564,-0.8031307316,0.5933879619,0.0535887555,0.0469241811,537.2784158019,1774.7675975346,0.0
33213,0.0,810.701355,-921.697937,1672.546143,-0.8017611423,0.5955614447,0.0498561554,0.0470990508,537.7468151348,1773.0935952709,0.0
33214,0.0,809.796814,-922.268494,1671.663818,-0.8011009806,0.596655709,0.0473200151,0.0470636544,537.2982498748,1772.2645831105,0.0
33215,0.0,808.137939,-923.613831,1669.972778,-0.8003567921,0.5979396691,0.0435563711,0.0468563746,535.688144267,1770.7636693959,0.0
33216,0.0,808.0202836667,-923.6704916667,1669.6070553333,-0.8002919568,0.5980546405,0.0431634942,0.0467284376,534.8368826192,1770.3126130361,0.0
33217,0.0,807.9026283333,-923.7271523333,1669.2413326667,-0.8002271216,0.598169612,0.0427706172,0.0466005006,533.9856209714,1769.8615566764,0.0
33218,0.0,807.784973,-923.783813,1668.87561,-0.8001622863,0.5982845834,0.0423777403,0.0464725636,533.1343593235,1769.4105003166,0.0
33219,0.0,804.24469,-928.016418,1659.868286,-0.7982607885,0.6013213618,0.0345301809,0.0456877656,527.6913321931,1765.9687963752,0.0
33220,0.0,802.796448,-929.154114,1659.524048,-0.7973832402,0.6026144721,0.0321833222,0.045727734,527.5461848075,1764.7293633417,0.0
33221,0.0,801.949646,-930.692383,1657.908936,-0.7972163772,0.6029484932,0.029986038,0.0453157555,524.9771968058,1763.9144614591,0.0
33222,0.0,801.097229,-931.741943,1657.884399,-0.797008111,0.6032552434,0.0293459063,0.0450656242,523.2833179703,1762.9829111977,0.0
33223,0.0,799.911194,-933.177673,1657.887451,-0.7967364515,0.6036365541,0.0288779725,0.0447772369,521.3320108659,1761.9258392005,0.0
33224,0.0,798.879822,-934.634766,1658.130005,-0.7966668517,0.6037341262,0.0287581705,0.0443107992,518.3169068413,1760.7214899655,0.0
33225,0.0,798.266296,-935.374634,1658.187256,-0.7966668517,0.6037341262,0.0287581705,,,,
33226,0.0,797.16925,-936.533508,1658.368896,-0.7966668517,0.6037341262,0.0287581705,,,,
33227,0.0,796.332397,-937.417114,1658.290771,-0.7966668517,0.6037341262,0.0287581705,,,,
33228,0.0,795.442505,-938.417236,1658.415283,-0.7966668517,0.6037341262,0.0287581705,,,,
33229,0.0,794.5578,-939.254089,1658.724854,-0.7966668517,0.6037341262,0.0287581705,,,,
33230,0.0,793.707703,-940.074219,1658.864014,-0.7966668517,0.6037341262,0.0287581705,,,,
33231,0.0,792.62561,-940.987549,1659.130493,-0.7966668517,0.6037341262,0.0287581705,,,,
33232,0.0,791.839661,-941.739258,1659.234985,-0.7966668517,0.6037341262,0.0287581705,,,,
33233,0.0,791.6948855,-941.9088135,1659.234985,-0.7966668517,0.6037341262,0.0287581705,,,,
33234,0.0,791.55011,-942.078369,1659.234985,-0.7966668517,0.6037341262,0.0287581705,,,,
33235,0.0,788.49231,-945.043213,1659.219604,-0.7966668517,0.6037341262,0.0287581705,,,,
33236,0.0,787.546936,-946.224487,1659.294434,-0.7966668517,0.6037341262,0.0287581705,,,,
33237,0.0,786.365601,-947.544922,1659.116577,-0.7966668517,0.6037341262,0.0287581705,,,,
33238,0.0,785.103699,-948.919189,1658.751099,-0.7966668517,0.6037341262,0.0287581705,,,,
33239,0.0,784.332214,-949.880188,1658.73584,-0.7966668517,0.6037341262,0.0287581705,,,,
33240,0.0,783.288208,-951.109375,1658.509888,-0.7966668517,0.6037341262,0.0287581705,,,,
33241,0.0,782.151184,-952.419128,1658.223999,-0.7966668517,0.6037341262,0.0287581705,,,,
33242,0.0,781.334045,-953.507751,1658.179321,-0.7966668517,0.6037341262,0.0287581705,,,,
33243,0.0,780.674805,-954.347473,1658.175049,-0.7966668517,0.6037341262,0.0287581705,,,,
33244,0.0,779.717407,-955.59198,1658.147461,-0.7966668517,0.6037341262,0.0287581705,,,,
33245,0.0,779.09198,-956.474609,1658.169922,-0.7966668517,0.6037341262,0.0287581705,,,,
33246,0.0,778.262024,-957.531799,1658.232178,-0.7966668517,0.6037341262,0.0287581705,,,,
33247,0.0,776.855164,-959.310364,1658.377197,-0.7966668517,0.6037341262,0.0287581705,,,,
33248,0.0,776.466919,-959.7158205,1658.552734,-0.7966668517,0.6037341262,0.0287581705,,,,
33249,0.0,775.33551,-960.977356,1658.844849,-0.7961725264,0.604425703,0.0279083794,,,,
33250,0.0,774.682556,-961.945374,1658.706055,-0.7956221468,0.6051736882,0.0273899007,,,,
33251,0.0,773.879517,-962.878784,1658.823242,-0.7950898121,0.6058929698,0.0269425286,,,,
33252,0.0,773.126709,-963.727234,1659.034912,-0.7936314625,0.6078741436,0.0252611804,,,,
33253,0.0,772.397888,-964.514343,1659.349609,-0.7924171205,0.6095119185,0.0238815479,,,,
33254,0.0,771.757629,-965.00116,1659.579468,-0.7916283009,0.6105698613,0.02300169,,,,
33255,0.0,770.938477,-966.023071,1659.59436,-0.7909753221,0.6114189136,0.0229118293,,,,
33256,0.0,770.29718,-966.702881,1659.581421,-0.7904120309,0.6121808487,0.0219870379,,,,
33257,0.0,769.685181,-967.379211,1659.427979,-0.7898276913,0.6129689745,0.021006058,,,,
33258,0.0,769.363525,-967.739563,1659.319336,-0.7891789353,0.6138163246,0.020642864,,,,
33259,0.0,768.572449,-968.895081,1659.086548,-0.7881764408,0.6151212211,0.0200943161,,,,
33260,0.0,767.792419,-969.990967,1658.8927,-0.786972246,0.6166916395,0.0191338892,,,,
33261,0.0,767.264526,-970.733154,1658.714478,-0.7865202716,0.6172890612,0.0184411856,,,,
33262,0.0,766.405151,-971.965515,1658.339844,-0.7853119629,0.6188350484,0.0181191563,,,,
33263,0.0,765.662537,-972.987488,1658.165283,-0.7851518294,0.6190614559,0.0173066062,,,,
33264,0.0,765.045044,-973.851501,1657.980469,-0.7851538061,0.6190630145,0.0171605613,,,,
33265,0.0,764.302979,-974.932495,1657.901611,-0.7847317329,0.6195979518,0.0171605787,,,,
33266,0.0,763.392273,-976.196472,1657.861694,-0.784559933,0.6198154779,0.0171605613,,,,
33267,0.0,762.82135,-976.932251,1657.865112,-0.784559933,0.6198154779,0.0171605613,,,,
33268,0.0,761.826843,-978.271301,1657.985718,-0.785133039,0.6190893523,0.0171605613,,,,
33269,0.0,761.152527,-979.126221,1658.080933,-0.7879612279,0.615525805,0.0156552431,,,,
33270,0.0,760.199524,-980.327454,1658.357056,-0.789872859,0.6131034574,0.0143184188,,,,
33271,0.0,759.62677,-981.029663,1658.48291,-0.791468502,0.6110711259,0.0130264898,,,,
33272,0.0,758.655151,-982.197205,1658.830566,-0.7968582868,0.6041047282,0.0086225352,,,,
33273,0.0,757.740234,-983.176208,1659.126343,-0.8008243503,0.5988683926,0.0060834472,,,,
33274,0.0,756.913025,-984.260925,1659.140381,-0.8039071602,0.5947347735,0.0048813,,,,
33275,0.0,755.92804,-985.259094,1659.149292,-0.8044533339,0.5939972763,0.0046977982,,,,
33276,0.0,754.859009,-986.060608,1658.994263,-0.8044533339,0.5939972763,0.0046977982,,,,
33277,0.0,754.115906,-987.016968,1658.968384,-0.8044533339,0.5939972763,0.0046977982,,,,
33278,0.0,753.462891,-987.817566,1658.925049,-0.8044533339,0.5939972763,0.0046977982,,,,
33279,0.0,752.213196,-988.925537,1658.567017,-0.8044533339,0.5939972763,0.0046977982,,,,
33280,0.0,751.443176,-989.838623,1658.474854,-0.8044533339,0.5939972763,0.0046977982,,,,
33281,0.0,750.29071,-991.185303,1658.317017,-0.8044533339,0.5939972763,0.0046977982,,,,
33282,0.0,749.270935,-992.400024,1658.170654,-0.8044533339,0.5939972763,0.0046977982,,,,
33283,0.0,748.404602,-993.356506,1658.18042,-0.8044533339,0.5939972763,0.0046977982,,,,
33284,0.0,747.463928,-994.529602,1658.317993,-0.8044533339,0.5939972763,0.0046977982,,,,
33285,0.0,746.86261,-995.329834,1658.640381,-0.8044533339,0.5939972763,0.0046977982,,,,
33286,0.0,746.258118,-996.120972,1658.994263,-0.8050156532,0.5932349694,0.0046977982,,,,
33287,0.0,745.584106,-997.008972,1659.632935,-0.8093102845,0.5873600542,0.0050030178,,,,
33288,0.0,745.3112485,-997.367859,1659.772522,-0.8108180882,0.5852682812,0.0053213439,,,,
33289,0.0,744.84021,-998.003906,1660.375977,-0.8157731538,0.5783282939,0.0071095737,0.004910265,101.8470406926,1028.9984762025,2.0
33290,0.0,744.7311095,-998.15509,1660.591858,-0.8173896677,0.5760314985,0.007341766,0.0046188819,98.7381908447,1029.0142575544,2.0
33291,0.0,744.502991,-998.466736,1660.925781,-0.8228927038,0.5681358347,0.0083229428,0.0036959766,88.3895048561,1029.0174839843,2.0
33292,0.0,744.4633485,-998.527283,1661.061218,-0.8236988746,0.5669630496,0.0084278072,0.0036501403,87.8053480777,1028.6210424035,2.0
33293,0.0,744.431519,-998.590149,1661.286011,-0.8249158805,0.5651911036,0.0085326715,0.0037052136,88.3889414297,1027.7298525405,2.0
33294,0.0,744.460388,-998.564392,1661.455322,-0.8250471048,0.5649995296,0.0085326715,0.0039279936,90.9135247734,1026.7270663508,2.0
33295,0.0,744.582397,-998.450073,1662.513672,-0.8250471048,0.5649995296,0.0085326715,0.0040458986,92.3177450593,1027.3121263061,2.0
33296,0.0,744.624268,-998.411499,1662.446411,-0.8255800059,0.5642205663,0.0085326715,0.0042766003,95.0744843419,1029.1163365436,2.0
33297,0.0,744.668884,-998.370911,1662.334351,-0.8281911914,0.5603807134,0.0085326715,0.0040764985,92.9522805937,1030.4916146553,2.0
33298,0.0,744.642212,-998.395081,1662.30835,-0.8304010451,0.5571007968,0.0085326715,0.00402794,92.5631057958,1032.3315381795,2.0
33299,0.0,744.576111,-998.349915,1662.240845,-0.8312262283,0.5558688252,0.0085326715,0.0041163422,93.6814239409,1033.5467786488,2.0
33300,0.0,744.506653,-998.231018,1662.176392,-0.8319355332,0.5548066889,0.0085326715,0.0042517602,95.351240554,1035.1161552055,2.0
33301,0.0,744.447937,-998.097534,1662.049561,-0.8328093589,0.553501188,0.0080626706,0.0044839027,98.1171199025,1037.2634768323,2.0
33302,0.0,744.367371,-998.005066,1661.888916,-0.8334051325,0.5526088287,0.0077050288,0.0046141266,99.6086717569,1038.0994237028,2.0
33303,0.0,744.095825,-998.049011,1661.699341,-0.844274282,0.5358743188,0.0062969143,0.0031050473,81.8637731664,1039.6329593116,2.0
33304,0.0,743.79895,-998.060608,1661.455566,-0.8518844653,0.5237089946,0.0046633458,0.0022433065,69.6600771466,1040.5629242508,2.0
33305,0.0,743.597717,-997.963745,1661.30127,-0.8520498946,0.5234411835,0.0045060584,0.0023050612,70.645177085,1041.0622535441,2.0
33306,0.0,743.455322,-997.897949,1661.274414,-0.852418266,0.5228410802,0.0045060584,0.0022939529,70.4968657115,1041.3860756671,2.0
33307,0.0,743.183655,-997.833984,1661.01123,-0.8547324473,0.5190413039,0.0053449407,0.0021061922,67.5830655613,1041.8439894838,2.0
33308,0.0,742.943115,-997.82843,1660.977173,-0.8603368696,0.5096812416,0.0067455766,0.0015220629,57.4722723708,1042.0591840947,2.0
33309,0.0,742.532715,-997.862,1660.868896,-0.8709214738,0.4913667565,0.0073822219,,,,
33310,0.0,742.342041,-997.798279,1660.832397,-0.8727389889,0.488131294,0.0073822219,,,,
33311,0.0,742.100952,-997.661987,1661.095093,-0.8727486391,0.4881196138,0.0070039665,,,,
33312,0.0,741.813721,-997.495239,1661.064087,-0.8724993762,0.4885721595,0.0064871688,,,,
33313,0.0,741.573547,-997.314819,1661.163086,-0.8720373924,0.4894079905,0.0055321943,,,,
33314,0.0,741.402161,-997.197021,1661.246826,-0.8720047424,0.4894669197,0.0054647732,,,,
33315,0.0,741.139648,-997.020203,1661.387573,-0.8709414322,0.4913713037,0.0039068572,,,,
33316,0.0,740.804504,-996.792419,1661.444702,-0.8694484441,0.4940206411,0.0017347168,,,,
33317,0.0,740.520874,-996.707397,1661.426147,-0.8693761005,0.494148297,0.0016298575,,,,
33318,0.0,740.18634,-996.574097,1661.516968,-0.8693761005,0.494148297,0.0016298575,,,,
33319,0.0,739.812622,-996.434387,1661.533203,-0.8693761005,0.494148297,0.0016298575,,,,
33320,0.0,739.44696,-996.288452,1661.554565,-0.8693761005,0.494148297,0.0016298575,,,,
33321,0.0,739.006531,-996.108704,1661.605835,-0.8693761005,0.494148297,0.0016298575,0.0017346567,60.8757177445,1033.9766995337,2.0
33322,0.0,738.708252,-995.983276,1661.565308,-0.8693761005,0.494148297,0.0016298575,0.0018338651,62.5309056475,1032.9878790834,2.0
33323,0.0,738.295837,-995.776611,1661.557617,-0.8693761005,0.494148297,0.0016298575,0.0019752757,64.8037294819,1031.5391356936,2.0
33324,0.0,737.870239,-995.536316,1661.567139,-0.8693761005,0.494148297,0.0016298575,0.0021114157,66.9141202943,1030.2562766241,2.0
33325,0.0,737.503296,-995.286133,1661.538452,-0.8693761005,0.494148297,0.0016298575,0.0021733314,67.8181298093,1029.2098405881,2.0
33326,0.0,737.255127,-995.093384,1661.505859,-0.8693761005,0.494148297,0.0016298575,0.0022248431,68.5494127474,1028.2074279101,2.0
33327,0.0,736.863098,-994.86438,1661.54248,-0.8693761005,0.494148297,0.0016298575,0.0023184405,69.8239826828,1025.9909047919,2.0
33328,0.0,736.009705,-994.371765,1661.499023,-0.8693761005,0.494148297,0.0016298575,0.0025194213,72.5944170177,1023.3201852279,2.0
33329,0.0,735.7665405,-994.2341615,1661.517883,-0.8693761005,0.494148297,0.0016298575,0.0025616657,73.1426051628,1022.5627282995,2.0
33330,0.0,735.081177,-993.833801,1661.536987,-0.8693761005,0.494148297,0.0016298575,0.0026732143,74.4983473563,1019.5421635997,2.0
33331,0.0,734.8461,-993.686218,1661.544983,-0.8693761005,0.494148297,0.0016298575,0.0026909466,74.6529486205,1018.3003658629,2.0
33332,0.0,734.611023,-993.538635,1661.552979,-0.8693761005,0.494148297,0.0016298575,0.0027086789,74.8075498847,1017.0585681261,2.0
33333,0.0,733.858826,-992.962158,1661.466675,-0.8693761005,0.494148297,0.0016298575,0.0027207245,74.6601115398,1012.8076118657,2.0
33334,0.0,733.318726,-992.661621,1661.548706,-0.8693761005,0.494148297,0.0016298575,0.0027019241,74.1955269054,1009.9961210932,2.0
33335,0.0,732.875732,-992.359985,1661.515259,-0.8693761005,0.494148297,0.0016298575,0.0026623667,73.441477787,1007.1211751831,2.0
33336,0.0,732.391968,-992.037292,1661.516846,-0.8693761005,0.494148297,0.0016298575,0.0026179934,72.627642986,1004.3546799206,2.0
33337,0.0,731.949829,-991.729614,1661.508057,-0.8693761005,0.494148297,0.0016298575,0.0025611662,71.6613694689,1001.9117599303,2.0
33338,0.0,731.372925,-991.343567,1661.491333,-0.8693761005,0.494148297,0.0016298575,0.0025163142,70.8437194184,999.2572379552,2.0
33339,0.0,730.837463,-991.012573,1661.475708,-0.8693761005,0.494148297,0.0016298575,0.0024625121,69.8550121538,996.0036167373,2.0
33340,0.0,730.337891,-990.711975,1661.445801,-0.8693761005,0.494148297,0.0016298575,0.0024285528,69.1462710225,992.7589877823,2.0
33341,0.0,729.734558,-990.353271,1661.418335,-0.8693761005,0.494148297,0.0016298575,0.0024194841,68.80492795,989.7055550174,2.0
33342,0.0,729.142151,-990.006714,1661.40271,-0.8693761005,0.494148297,0.0016298575,0.0024255712,68.6779219134,986.6398474153,2.0
33343,0.0,728.535767,-989.663086,1661.410278,-0.8693761005,0.494148297,0.0016298575,0.0024498223,68.8271034675,983.8827648728,2.0
33344,0.0,728.000732,-989.329834,1661.285522,-0.8693761005,0.494148297,0.0016298575,0.0024911178,69.1713752426,980.5842618555,2.0
33345,0.0,727.483765,-989.036011,1661.199219,-0.8693761005,0.494148297,0.0016298575,0.0025418143,69.6645067249,977.6891754737,2.0
33346,0.0,726.919617,-988.715271,1661.104858,-0.8693761005,0.494148297,0.0016298575,0.0026009723,70.2891838283,975.1877068429,2.0
33347,0.0,726.598511,-988.532715,1661.012207,-0.8693761005,0.494148297,0.0016298575,0.0026590699,70.8811251703,972.6120116134,2.0
33348,0.0,725.763794,-988.058411,1660.973267,-0.8693761005,0.494148297,0.0016298575,0.0027619021,71.9535056338,968.797252328,2.0
33349,0.0,725.338135,-987.816467,1660.884277,-0.8693761005,0.494148297,0.0016298575,0.0028231963,72.6284462344,967.2259832854,2.0
33350,0.0,724.74292,-987.47821,1660.834106,-0.8693761005,0.494148297,0.0016298575,0.0029521349,74.0124913012,963.9237632623,2.0
33351,0.0,724.1203,-987.124207,1660.754028,-0.8693761005,0.494148297,0.0016298575,0.0030805401,75.3447348107,960.6367647452,2.0
33352,0.0,723.481995,-986.761536,1660.663696,-0.8693761005,0.494148297,0.0016298575,0.0032006937,76.5700177051,957.7882045423,2.0
33353,0.0,722.849304,-986.401917,1660.592773,-0.8693761005,0.494148297,0.0016298575,0.0033569404,78.1419575043,954.4699396496,2.0
33354,0.0,722.44043,-986.169434,1660.466309,-0.8693761005,0.494148297,0.0016298575,0.003474599,79.3036880603,952.1461526996,2.0
33355,0.0,721.71521,-985.749146,1660.45813,-0.8690113316,0.4947894997,0.0016298575,0.0036810207,81.3599302622,949.0989015196,2.0
33356,0.0,721.085266,-985.380554,1660.354126,-0.8685310109,0.4956321486,0.0016298575,0.0039209749,83.697177433,946.0735776527,2.0
33357,0.0,720.211853,-984.871033,1660.324951,-0.8679567771,0.4966370673,0.0016298575,0.0042088086,86.3627275536,942.3000469618,2.0
33358,0.0,719.47406,-984.450623,1660.304688,-0.8679512296,0.4966467624,0.0016298575,0.0043570466,87.5837962769,939.2608998239,2.0
33359,0.0,718.797668,-984.055603,1660.260254,-0.8675063373,0.4974234597,0.0016298575,0.0045944414,89.6547816,936.3571050307,2.0
33360,0.0,718.119568,-983.668091,1660.211426,-0.8674746735,0.4974786773,0.0016298575,0.0047385665,90.8013698,933.8325419082,2.0
33361,0.0,717.442566,-983.28186,1660.177612,-0.8674746735,0.4974786773,0.0016298575,0.0049152052,92.1713662989,930.774588967,2.0
33362,0.0,716.302002,-982.525024,1660.142578,-0.8674746735,0.4974786773,0.0016298575,0.0051229791,93.7241275761,927.1116726577,2.0
33363,0.0,714.92749,-981.554504,1660.253662,-0.8674746735,0.4974786773,0.0016298575,0.0053293235,95.1988038646,923.3361724924,2.0
33364,0.0,714.301392,-981.110535,1660.355835,-0.8674746735,0.4974786773,0.0016298575,0.0055302398,96.662240978,920.3884247574,2.0
33365,0.0,713.921936,-980.673157,1660.334839,-0.8674746735,0.4974786773,0.0016298575,0.0057822585,98.5110613986,917.3814578907,2.0
33366,0.0,713.75354,-980.402283,1660.309937,-0.8674750732,0.4974789065,0.0013171472,0.0059578655,99.7696067951,915.3469712659,2.0
33367,0.0,713.368835,-979.80835,1660.268921,-0.8674756182,0.4974792191,0.0006917088,0.0062763501,102.0104640944,911.9240333232,2.0
33368,0.0,713.319458,-979.271057,1660.40686,-0.8674756304,0.497479226,0.000671114,0.0065435856,103.8593592323,909.3569093794,2.0
33369,0.0,713.572449,-978.4599,1660.628418,-0.8674756304,0.497479226,0.000671114,0.0068550139,106.037935196,907.1678397873,2.0
33370,0.0,713.631897,-977.969055,1660.90625,-0.8674756304,0.497479226,0.000671114,0.0071877034,108.2375547168,904.3774011779,2.0
33371,0.0,713.681458,-977.54303,1661.182129,-0.8674756304,0.497479226,0.000671114,0.0075152804,110.32582747,901.5858771999,2.0
33372,0.0,713.764099,-977.081421,1661.682129,-0.8674756304,0.497479226,0.000671114,0.0080036735,113.2899693861,897.2273677775,2.0
33373,0.0,713.806396,-976.938477,1661.913452,-0.8674756304,0.497479226,0.000671114,0.0082809981,114.8715710468,894.4522977299,2.0
33374,0.0,713.875305,-976.852478,1662.266235,-0.8674756304,0.497479226,0.000671114,0.0085712065,116.525673956,891.9042914582,2.0
33375,0.0,713.89801,-976.831055,1662.344604,-0.8674756304,0.497479226,0.000671114,0.0088220325,117.8960590519,889.5286106894,2.0
33376,0.0,713.906555,-976.822205,1662.284058,-0.8674756304,0.497479226,0.000671114,0.0090608699,119.1292587078,886.9609501597,2.0
33377,0.0,713.914795,-976.813721,1662.220703,-0.8674756304,0.497479226,0.000671114,0.0093582002,120.6816513483,884.1959448734,2.0
33378,0.0,713.926025,-976.802124,1662.127441,-0.8674756304,0.497479226,0.000671114,0.0096066298,121.8835281025,881.4344705942,2.0
33379,0.0,713.937561,-976.790222,1662.026978,-0.8674756304,0.497479226,0.000671114,0.009929332,123.5228828415,878.7253463421,2.0
33380,0.0,713.949829,-976.777649,1661.921265,-0.8674756304,0.497479226,0.000671114,0.0101126191,124.4025504884,876.9669163989,2.0
33381,0.0,713.968811,-976.758301,1661.74585,-0.8674756304,0.497479226,0.000671114,0.0103859971,125.6983471017,874.4219544517,2.0
33382,0.0,713.979492,-976.747437,1661.626587,-0.8674756304,0.497479226,0.000671114,0.010767081,127.5085245588,871.2592678553,2.0
33383,0.0,713.989014,-976.737671,1661.485107,-0.8674756304,0.497479226,0.000671114,0.0111348984,129.2116683955,868.2722881956,2.0
33384,0.0,713.983643,-976.743164,1661.348633,-0.8674756304,0.497479226,0.000671114,0.0114717196,130.7271061248,865.5367263181,2.0
33385,0.0,713.968872,-976.75824,1661.126587,-0.8674756304,0.497479226,0.000671114,0.0118011365,132.1852996711,862.9613248857,2.0
33386,0.0,713.970642,-976.75647,1661.155151,-0.8674756304,0.497479226,0.000671114,0.0121389173,133.6484741812,860.361588343,2.0
33387,0.0,713.928772,-976.799316,1660.944702,-0.8674756304,0.497479226,0.000671114,0.0124420652,134.9137732896,857.9266400867,2.0
33388,0.0,713.903137,-976.825806,1660.835693,-0.8674756304,0.497479226,0.000671114,0.0128462195,136.5726685011,854.7918803914,2.0
33389,0.0,713.95282,-976.774658,1660.992065,-0.8674756304,0.497479226,0.000671114,0.0132682077,138.2817689964,851.7049592609,2.0
33390,0.0,713.951477,-976.776001,1660.978394,-0.8674756304,0.497479226,0.000671114,0.0136988943,139.9542762106,848.4394873639,2.0
33391,0.0,713.8479,-976.752686,1660.924438,-0.8674756304,0.497479226,0.000671114,0.0141199219,141.5321855657,845.205970671,2.0
33392,0.0,713.712097,-976.72113,1660.818359,-0.8682496254,0.4961271386,0.000671114,0.0142787645,141.7740885212,841.9618388616,2.0
33393,0.0,713.611511,-976.634705,1660.701782,-0.869272524,0.4943308137,0.0015249983,0.0143439409,141.5811371961,838.9172788309,2.0
33394,0.0,713.547913,-976.526306,1660.685181,-0.8697773192,0.4934417479,0.0016298575,0.014661402,142.5344328139,835.439004628,2.0
33395,0.0,713.473022,-976.424622,1660.668335,-0.8709435377,0.4913773812,0.0023713766,0.0146600635,141.9909515112,832.291201971,2.0
33396,0.0,713.376343,-976.270996,1660.649536,-0.8721914096,0.489157893,0.0025885822,0.01478884,141.960501497,828.5087808767,2.0
33397,0.0,713.310059,-976.137817,1660.65564,-0.8726121208,0.488401795,0.0034312233,0.0150225078,142.577828902,825.6633081499,2.0
33398,0.0,713.226379,-975.975586,1660.634644,-0.8735229394,0.4867700595,0.0035473219,0.0152399604,143.0406210753,822.457496732,2.0
33399,0.0,713.152771,-975.807068,1660.588989,-0.8740074681,0.4858995391,0.0035473219,0.0154978907,143.698367588,819.3882933358,2.0
33400,0.0,713.061035,-975.608704,1660.575195,-0.8749452212,0.4842014303,0.0044536292,0.0156214842,143.6503825652,815.8933283225,2.0
33401,0.0,712.980835,-975.458801,1660.656128,-0.8749958177,0.4841095067,0.0045060584,0.0159421461,144.6799682534,813.5005417713,2.0
33402,0.0,712.846497,-975.263367,1660.765015,-0.8749958177,0.4841095067,0.0045060584,0.0163980611,146.11183368,810.1433631735,2.0
33403,0.0,712.695435,-975.047913,1660.860352,-0.8749958177,0.4841095067,0.0045060584,0.0168674404,147.4972852821,806.4613580519,2.0
33404,0.0,712.519836,-974.866211,1660.896729,-0.8749958177,0.4841095067,0.0045060584,0.0172373789,148.5296243248,803.4190160011,2.0
33405,0.0,712.353821,-974.696289,1660.923096,-0.8749958177,0.4841095067,0.0045060584,0.0177126198,149.8571772605,799.7474047347,2.0
33406,0.0,712.158142,-974.552429,1661.073486,-0.8749958177,0.4841095067,0.0045060584,0.0180976249,150.8491596624,796.5095263056,2.0
33407,0.0,711.905579,-974.360901,1661.175659,-0.8749958177,0.4841095067,0.0045060584,0.0185702694,151.9994873061,792.3985707617,2.0
33408,0.0,711.700256,-974.218079,1661.213379,-0.8749958177,0.4841095067,0.0045060584,0.0188915278,152.6803004606,789.2150115015,2.0
33409,0.0,711.404724,-974.033508,1661.324219,-0.8749958177,0.4841095067,0.0045060584,0.0192164977,153.2078029159,785.2813086423,2.0
33410,0.0,711.124329,-973.858887,1661.359009,-0.8749958177,0.4841095067,0.0045060584,0.0195135817,153.5270559837,780.9630600961,2.0
33411,0.0,710.834656,-973.686096,1661.395996,-0.8749958177,0.4841095067,0.0045060584,0.0197004576,153.4984012543,777.1417766495,2.0
33412,0.0,710.248474,-973.379639,1662.1875,-0.8749958177,0.4841095067,0.0045060584,0.0199117354,152.9179392363,770.125679658,2.0
33413,0.0,709.92334,-973.200806,1663.459351,-0.8749958177,0.4841095067,0.0045060584,0.0199107292,152.1513271881,766.2840337348,2.0
33414,0.0,709.393982,-973.186401,1665.154053,-0.8749958177,0.4841095067,0.0045060584,0.0198072325,150.9537509775,762.2163743347,2.0
33415,0.0,708.999268,-973.438721,1666.569092,-0.8749958177,0.4841095067,0.0045060584,0.0197039292,149.8695540602,758.7032297409,2.0
33416,0.0,707.563477,-974.521912,1668.118164,-0.8749958177,0.4841095067,0.0045060584,0.0191967705,147.0999727735,754.3585872967,2.0
33417,0.0,708.000977,-974.623047,1669.584839,-0.8749958177,0.4841095067,0.0045060584,0.0190784215,145.9478393594,750.7456238515,2.0
33418,0.0,707.846008,-974.732971,1670.824097,-0.8749958177,0.4841095067,0.0045060584,,,,
33419,0.0,707.589844,-974.682983,1671.139526,-0.8749958177,0.4841095067,0.0045060584,,,,
33420,0.0,707.393127,-974.539429,1671.564209,-0.874607422,0.4847936711,0.0060789618,0.0187830033,142.7910226307,740.2055962196,2.0
33421,0.0,707.138245,-974.31134,1672.396973,-0.8741504581,0.4856021257,0.0071799785,0.0188853389,142.7131008688,737.8135808242,2.0
33422,0.0,706.582031,-973.881042,1674.127197,-0.874051,0.4857780894,0.0073822219,0.0187958845,141.4629225515,733.0719992933,2.0
33423,0.0,705.948975,-973.144714,1675.755981,-0.8740451447,0.4857748352,0.0082398156,0.0187624251,140.3777660983,728.0908327035,2.0
33424,0.0,705.542297,-972.912048,1675.744507,-0.8736693659,0.4864486285,0.008340919,0.0187628527,139.5551577392,723.8160793603,2.0
33425,0.0,705.0448,-972.458313,1675.909546,-0.8731985552,0.4872795047,0.0091086427,0.0188959636,139.1727608505,719.3099683625,2.0
33426,0.0,704.35022,-971.967163,1675.574951,-0.8730966125,0.4874412625,0.0101646923,,,,
33427,0.0,703.651306,-971.622314,1675.53894,-0.872883143,0.4877939154,0.0114941188,,,,
33428,0.0,702.587952,-971.05719,1675.344727,-0.8726416715,0.4881909811,0.0128871719,,,,
33429,0.0,701.26123,-970.523071,1675.242676,-0.8721710165,0.488953195,0.0155721232,,,,
33430,0.0,700.132202,-970.012207,1675.168823,-0.871901527,0.489394635,0.016751672,,,,
33431,0.0,698.569153,-969.187256,1675.183716,-0.8716679558,0.4897789707,0.0176503486,,,,
33432,0.0,696.543884,-968.061157,1675.036133,-0.8715959561,0.4898970259,0.0179274456,,,,
33433,0.0,694.849121,-967.055237,1675.000854,-0.8715959561,0.4898970259,0.0179274456,,,,
33434,0.0,693.068604,-965.992249,1675.084473,-0.8715959561,0.4898970259,0.0179274456,,,,
33435,0.0,691.41626,-965.08136,1675.345825,-0.8715887548,0.4898929782,0.0183823954,,,,
33436,0.0,689.343628,-963.811768,1675.730103,-0.8715809729,0.4898886043,0.0188616844,,,,
33437,0.0,687.722717,-962.939758,1675.751221,-0.8715702962,0.4898826033,0.0195000956,,,,
33438,0.0,685.407959,-961.67749,1675.688965,-0.8719309983,0.4892264579,0.0198445744,,,,
33439,0.0,683.079163,-960.54834,1675.761841,-0.8723599857,0.4884324679,0.0205372765,,,,
33440,0.0,681.08429,-959.189819,1675.672729,-0.8724851098,0.4881976684,0.0208031206,,,,
33441,0.0,677.6875,-957.374207,1675.760864,-0.8724851098,0.4881976684,0.0208031206,,,,
33442,0.0,675.358704,-955.940186,1675.761353,-0.8724851098,0.4881976684,0.0208031206,,,,
33443,0.0,673.027527,-954.456787,1675.836426,-0.8724851098,0.4881976684,0.0208031206,,,,
33444,0.0,670.525452,-952.89325,1675.845337,-0.8724851098,0.4881976684,0.0208031206,,,,
33445,0.0,667.506348,-951.148315,1675.82019,-0.8724851098,0.4881976684,0.0208031206,,,,
33446,0.0,664.857056,-949.664856,1675.901611,-0.8724851098,0.4881976684,0.0208031206,,,,
33447,0.0,661.9953,-948.213684,1675.898315,-0.8724851098,0.4881976684,0.0208031206,,,,
33448,0.0,659.210754,-946.84552,1675.832764,-0.8724851098,0.4881976684,0.0208031206,,,,
33449,0.0,655.69043,-945.102539,1675.755615,-0.8724851098,0.4881976684,0.0208031206,,,,
33450,0.0,653.006409,-943.691895,1675.687256,-0.8724851098,0.4881976684,0.0208031206,,,,
33451,0.0,647.723389,-940.869263,1675.606812,-0.8724851098,0.4881976684,0.0208031206,,,,
33452,0.0,646.12381,-940.1044925,1675.723511,-0.8724851098,0.4881976684,0.0208031206,,,,
33453,0.0,644.524231,-939.339722,1675.84021,-0.8724851098,0.4881976684,0.0208031206,,,,
33454,0.0,641.579468,-937.937561,1676.128662,-0.8724851098,0.4881976684,0.0208031206,,,,
33455,0.0,638.597107,-936.403809,1676.28418,-0.8724851098,0.4881976684,0.0208031206,,,,
33456,0.0,635.636902,-934.934875,1676.943481,-0.8724851098,0.4881976684,0.0208031206,,,,
33457,0.0,632.667114,-933.530823,1677.730469,-0.8724851098,0.4881976684,0.0208031206,,,,
33458,0.0,629.622314,-931.871948,1678.130615,-0.8724851098,0.4881976684,0.0208031206,,,,
33459,0.0,623.569824,-928.807678,1679.129517,-0.8724851098,0.4881976684,0.0208031206,,,,
33460,0.0,621.726318,-927.893982,1679.440796,-0.8724663068,0.4881871473,0.0218140475,,,,
33461,0.0,617.877869,-925.890869,1679.733643,-0.8724342515,0.4881692107,0.0234371195,,,,
33462,0.0,614.526428,-924.124573,1680.023438,-0.8724101994,0.4881557524,0.0245846567,,,,
33463,0.0,612.353455,-923.005737,1680.059326,-0.872380692,0.4881395415,0.0259174885,,,,
33464,0.0,608.710327,-921.114258,1680.003906,-0.8723468551,0.4881203082,0.027377531,,,,
33465,0.0,606.346558,-919.805664,1679.954834,-0.8723286228,0.4881101064,0.028130019,,,,
33466,0.0,602.699524,-917.932617,1679.662231,-0.8723006832,0.4880944728,0.0292455755,,,,
33467,0.0,599.338196,-916.106384,1679.336792,-0.8727178595,0.4873371232,0.0294290004,,,,
33468,0.0,596.910706,-914.787292,1679.092529,-0.8727463142,0.4872456944,0.0300916003,,,,
33469,0.0,592.953003,-912.59021,1678.678955,-0.873170699,0.4864067811,0.0313268849,0.0684719141,167.8631903217,461.5818515591,2.0
33470,0.0,590.387451,-911.169434,1678.530518,-0.8735381046,0.4856943242,0.0321279192,0.0689628994,167.4401365727,458.8349639238,2.0
33471,0.0,587.471375,-909.491882,1678.469604,-0.873597888,0.4855262599,0.0330300022,0.0698393343,167.3121625301,455.7017919885,2.0
33472,0.0,584.426147,-907.745361,1678.470947,-0.8739136962,0.4848926945,0.0339694914,0.0705617552,166.9365294239,452.4298507465,2.0
33473,0.0,581.864807,-906.199585,1678.575317,-0.8740279604,0.4846690596,0.0342202715,0.0731749052,168.4641171831,448.6474246394,2.0
33474,0.0,577.895752,-903.757751,1678.771606,-0.8744189515,0.4839016563,0.0350811091,0.0771363633,170.1588939142,441.8255539628,2.0
33475,0.0,575.388977,-902.243408,1678.92395,-0.8747850457,0.4831801575,0.0358895423,0.0799107165,171.3593405859,437.4662547176,2.0
33476,0.0,572.824158,-900.600037,1679.203613,-0.8757390125,0.4813854685,0.0367316315,0.082533537,172.3515329547,433.2474681449,2.0
33477,0.0,569.297119,-898.33252,1679.378052,-0.8781595228,0.4767971736,0.0387338074,0.0852776168,172.7676112804,427.554905963,2.0
33478,0.0,567.026855,-896.790283,1679.416626,-0.8797138146,0.4737877638,0.0403578911,0.0879512262,173.6409072124,423.4299893574,2.0
33479,0.0,564.28009,-894.602905,1679.454224,-0.8822211067,0.4689249582,0.0423710093,0.0909967545,174.5014238876,418.6804575515,2.0
33480,0.0,561.930176,-892.603333,1679.443237,-0.8846252299,0.46420298,0.0442017651,0.0934491984,175.0011269563,414.5995861572,2.0
33481,0.0,558.950806,-889.512207,1679.452271,-0.8866413087,0.4601912837,0.0457293361,0.0983769697,177.040501249,409.3206884793,2.0
33482,0.0,556.864136,-887.445557,1679.146118,-0.8888398133,0.4558441359,0.0465822935,0.1005455467,177.3757239515,405.8806237433,2.0
33483,0.0,554.792664,-885.124878,1678.868164,-0.8912174472,0.4510855413,0.0474688987,0.1039504603,178.4605341482,401.9797169403,2.0
33484,0.0,552.196716,-882.166138,1678.637695,-0.8926666909,0.4480876436,0.0486173067,0.1098748436,181.1017818218,397.4004066203,2.0
33485,0.0,550.810059,-880.308533,1678.404419,-0.8938501796,0.4456747908,0.0490493356,0.1130081264,182.3618285974,394.9063218239,2.0
33486,0.0,548.94989,-877.654358,1678.06543,-0.8950791417,0.4431569354,0.0494495769,0.1182747393,184.749814317,391.6155276028,2.0
33487,0.0,546.429626,-874.062195,1677.462158,-0.8967255608,0.439700086,0.0504688314,0.1256554981,187.9050949335,387.1890792994,2.0
33488,0.0,544.921875,-871.765747,1677.205688,-0.8975134727,0.4380744584,0.0505997556,0.130145835,189.8633541034,384.877163953,2.0
33489,0.0,542.719177,-868.0755,1676.475708,-0.8986090671,0.435822681,0.0505997556,0.1395139583,194.2711879901,381.3171667827,2.0
33490,0.0,540.201843,-863.808594,1676.218872,-0.9012206281,0.4302264574,0.0520247522,0.1472480896,197.3992535825,377.9305824821,2.0
33491,0.0,539.1362,-861.870209,1676.147583,-0.9027307006,0.4269545216,0.0526661332,,,,
33492,0.0,538.070557,-859.931824,1676.076294,-0.904240773,0.4236825857,0.0533075143,,,,
33493,0.0,535.159363,-854.898376,1676.281982,-0.9075161697,0.4163968691,0.0550277121,,,,
33494,0.0,534.124115,-852.928894,1676.309387,-0.9083710392,0.4144995252,0.0552072068,,,,
33495,0.0,533.088867,-850.959412,1676.336792,-0.9092259088,0.4126021813,0.0553867016,,,,
33496,0.0,531.916199,-848.780701,1676.485107,-0.9099459188,0.4109623,0.0557531424,,,,
33497,0.0,528.303467,-842.292358,1677.171265,-0.9113296913,0.4077228316,0.0569235134,,,,
33498,0.0,527.055176,-840.465698,1677.4783935,-0.9119865012,0.4061590322,0.0575516356,,,,
33499,0.0,524.125427,-836.390137,1678.028687,-0.9132540663,0.403103407,0.0589461929,,,,
33500,0.0,522.141479,-833.998291,1678.407959,-0.9136917197,0.4020708679,0.0592153578,,,,
33501,0.0,520.5497435,-832.30719,1678.6019285,-0.913767017,0.4018996717,0.0592153491,,,,
33502,0.0,516.956726,-828.626892,1678.931274,-0.9138423143,0.4017284755,0.0592153404,,,,
33503,0.0,514.608948,-826.538635,1679.103638,-0.9138423143,0.4017284755,0.0592153404,,,,
33504,0.0,511.9216,-824.544678,1679.052856,-0.9138423143,0.4017284755,0.0592153404,,,,
33505,0.0,509.385712,-822.348022,1679.184204,-0.9138423143,0.4017284755,0.0592153404,,,,
33506,0.0,507.006531,-820.586975,1679.108398,-0.9140888542,0.4011671822,0.0592153578,,,,
33507,0.0,503.614563,-818.265198,1678.676147,-0.9142270492,0.4008521499,0.0592153404,,,,
33508,0.0,501.796753,-816.913086,1678.750488,-0.9147103929,0.399651632,0.0598620921,,,,
33509,0.0,497.71756,-814.122925,1678.263184,-0.9156434692,0.3973180222,0.0611181352,,,,
33510,0.0,495.204559,-812.432556,1678.185059,-0.9168868589,0.3943124744,0.0619367464,,,,
33511,0.0,493.281433,-811.220703,1677.936646,-0.9179441762,0.3916670927,0.0630505983,,,,
33512,0.0,489.175354,-808.625549,1677.8573,-0.9194587403,0.3878053508,0.0648277311,,,,
33513,0.0,486.517059,-806.972717,1677.903442,-0.9206298364,0.3848741316,0.0656704439,,,,
33514,0.0,483.019012,-804.790283,1678.062134,-0.9219945938,0.3813907057,0.066836357,,,,
33515,0.0,480.820007,-803.354004,1678.34375,-0.9227161292,0.3793964186,0.0682151195,,,,
33516,0.0,477.251617,-801.270386,1678.465576,-0.923583803,0.3770225795,0.0696199204,,,,
33517,0.0,474.724548,-799.788757,1678.680542,-0.9246407205,0.374274197,0.0704156479,,,,
33518,0.0,471.412323,-797.846558,1678.99646,-0.9260770619,0.3703586894,0.0722199183,,,,
33519,0.0,468.404358,-796.098755,1679.302856,-0.927975433,0.3650582938,0.0747933016,,,,
33520,0.0,465.770477,-794.550049,1679.515869,-0.9292914354,0.3613218512,0.0765764192,,,,
33521,0.0,462.020081,-792.401123,1679.795654,-0.9329900591,0.3507816134,0.0805096843,,,,
33522,0.0,458.484772,-790.529419,1679.913818,-0.936006534,0.3418208567,0.0839658875,,,,
33523,0.0,456.179474,-789.128418,1680.021606,-0.9375233975,0.3371079337,0.0860704371,,,,
33524,0.0,452.213837,-787.214905,1680.059937,-0.9397910751,0.3300267498,0.0887416452,,,,
33525,0.0,449.414215,-785.861755,1680.067627,-0.941806242,0.3237692787,0.0904127025,,,,
33526,0.0,446.759827,-784.622375,1679.838867,-0.9438581657,0.3171012633,0.0926204725,,,,
33527,0.0,443.333282,-782.875427,1679.024536,-0.9472847933,0.305612985,0.0961884802,,,,
33528,0.0,440.312347,-781.299805,1678.99646,-0.9496955949,0.2972206879,0.0986820133,,,,
33529,0.0,437.257355,-779.606995,1678.392944,-0.953317521,0.2838926237,0.1029110411,,,,
33530,0.0,434.898407,-778.048157,1677.939087,-0.9554565854,0.2759193405,0.104743644,,,,
33531,0.0,431.820557,-775.704834,1677.422974,-0.9574918791,0.2679211151,0.106899848,,,,
33532,0.0,429.425751,-773.780762,1677.230469,-0.958663251,0.2630719872,0.1084338543,,,,
33533,0.0,426.883118,-771.700134,1676.904785,-0.9605320286,0.2551074538,0.1108981924,,,,
33534,0.0,423.941315,-769.1073,1676.722778,-0.9636381877,0.2414126181,0.1145486402,,,,
33535,0.0,421.786194,-767.187378,1676.712646,-0.9664807802,0.2280321897,0.1179670372,,,,
33536,0.0,417.567139,-763.233093,1677.065308,-0.9740782056,0.188652252,0.1248277903,,,,
33537,0.0,415.530792,-761.248047,1677.339478,-0.9781169107,0.1641147345,0.1278814411,,,,
33538,0.0,413.652649,-759.3340455,1677.5036625,-0.980543866,0.1460986966,0.1298254624,,,,
33539,0.0,411.774506,-757.420044,1677.667847,-0.9829708214,0.1280826587,0.1317694838,,,,
33540,0.0,407.398804,-752.946716,1677.83606,-0.988133207,0.0711996313,0.1361006162,,,,
33541,0.0,405.218536,-750.736145,1677.773926,-0.9895139322,0.0254205802,0.1421828825,,,,
33542,0.0,403.5676725,-749.170349,1677.706665,-0.9891737274,0.0084281063,0.14548048,,,,
33543,0.0,399.990753,-745.59906,1677.575928,-0.9888086665,-0.0091011423,0.1489113504,,,,
33544,0.0,397.781555,-743.423462,1677.414551,-0.9888086665,-0.0091011423,0.1489113504,,,,
33545,0.0,395.50531,-741.03949,1677.387695,-0.9888086665,-0.0091011423,0.1489113504,,,,
33546,0.0,394.0903165,-739.6833495,1677.269287,-0.9888086665,-0.0091011423,0.1489113504,,,,
33547,0.0,390.434387,-736.092224,1676.973022,-0.9888086665,-0.0091011423,0.1489113504,,,,
33548,0.0,388.14502,-733.997803,1676.313232,-0.9888086665,-0.0091011423,0.1489113504,,,,
33549,0.0,386.037506,-731.821228,1676.329102,-0.9888086665,-0.0091011423,0.1489113504,,,,
33550,0.0,383.340485,-729.170654,1675.600464,-0.9888086665,-0.0091011423,0.1489113504,,,,
33551,0.0,381.211426,-726.991211,1675.473877,-0.9888086665,-0.0091011423,0.1489113504,,,,
33552,0.0,379.778503,-725.477905,1675.495972,-0.9888086665,-0.0091011423,0.1489113504,,,,
33553,0.0,376.55542,-722.134399,1675.495361,-0.9888086665,-0.0091011423,0.1489113504,,,,
33554,0.0,374.601959,-720.1427,1675.445312,-0.9888086665,-0.0091011423,0.1489113504,,,,
33555,0.0,372.4263,-717.966492,1675.556641,-0.9888086665,-0.0091011423,0.1489113504,,,,
33556,0.0,368.996246,-714.797974,1676.06311,-0.9887801382,-0.0118005617,0.1489113331,,,,
33557,0.0,367.129242,-713.09259,1676.160278,-0.9883781082,-0.0364014785,0.1475928438,,,,
33558,0.0,363.915649,-710.228271,1676.480713,-0.9851433391,-0.0872691767,0.1479077151,,,,
33559,0.0,361.822296,-708.350464,1676.405762,-0.9785421363,-0.1379604538,0.1530431333,,,,
33560,0.0,359.631989,-706.651428,1676.64624,-0.9688155662,-0.1896160313,0.1595059851,,,,
33561,0.0,355.572083,-703.438904,1676.867065,-0.9514600284,-0.2574687031,0.1686228965,,,,
33562,0.0,352.697327,-701.322815,1676.979492,-0.937401381,-0.2997549517,0.1772727271,,,,
33563,0.0,350.284637,-699.398315,1676.873779,-0.9251628822,-0.3312862375,0.1852648651,0.1442194937,174.5230612377,337.347529944,2.0
33564,0.0,347.788452,-697.420349,1676.725586,-0.9130333088,-0.3597545042,0.1922156959,0.1352368179,169.3424188289,337.2146580235,2.0
33565,0.0,344.377106,-694.597168,1676.512085,-0.8987593237,-0.3906775498,0.199004347,0.1268516575,164.3594854262,337.1790739568,2.0
33566,0.0,341.319305,-692.243408,1676.328491,-0.8882469431,-0.4119668545,0.2032256847,0.1221144999,161.4043536128,337.0521277081,2.0
33567,0.0,338.769409,-690.705322,1676.418335,-0.8815942876,-0.4248023656,0.2057534014,0.1201777038,160.0014837033,336.630653927,2.0
33568,0.0,335.411652,-687.986511,1676.131226,-0.8676393161,-0.4503131939,0.2107606331,0.11412327,156.1939172373,336.6823598257,2.0
33569,0.0,333.164185,-686.42218,1675.980713,-0.8566462855,-0.4692346644,0.2144200816,0.1091720597,152.8999868608,336.5314761377,2.0
33570,0.0,329.665405,-684.443604,1675.883545,-0.8417188227,-0.493491139,0.2190340594,0.1035402876,148.8822116182,335.9822371516,2.0
33571,0.0,327.053009,-682.971008,1675.768799,-0.8302791284,-0.5111058574,0.22227769,0.0995512964,145.9765914433,335.6075193616,2.0
33572,0.0,323.864532,-681.300964,1675.550537,-0.8126047765,-0.5368927092,0.2267591143,0.0928929771,141.0417390337,335.0955654411,2.0
33573,0.0,321.030701,-679.917725,1675.313965,-0.7997739995,-0.5545658727,0.2298221975,0.0890491688,138.0148265719,334.5692730049,2.0
33574,0.0,317.787018,-678.51178,1675.296997,-0.7850523025,-0.5740911967,0.232620249,0.0849715836,134.6779723664,333.8659291761,2.0
33575,0.0,314.036316,-677.219055,1675.407959,-0.7558780845,-0.610292601,0.2370469627,0.0753094024,126.7114868731,332.8211554526,2.0
33576,0.0,311.554016,-676.392639,1675.464111,-0.7403391579,-0.6286812117,0.2380291272,0.0708973239,122.8273909016,332.125815295,2.0
33577,0.0,305.223785,-674.612061,1676.05957,-0.7073138507,-0.6652334789,0.2391056987,0.0637764158,116.0295031813,330.1874981197,2.0
33578,0.0,303.1319425,-674.0543215,1676.2578735,-0.6952353788,-0.6775993767,0.2391820267,0.0614076715,113.688676486,329.5590173498,2.0
33579,0.0,301.0401,-673.496582,1676.456177,-0.683156907,-0.6899652746,0.2392583547,0.0590389272,111.3478497908,328.93053658,2.0
33580,0.0,297.229797,-672.664856,1676.768311,-0.6571949294,-0.7147379048,0.2392583377,0.0541413793,106.3543880497,327.6688176346,2.0
33581,0.0,291.373108,-671.716797,1677.30481,-0.6408250124,-0.729699833,0.2384983381,0.05344616,104.9985628447,325.5306541484,2.0
33582,0.0,287.233887,-671.183716,1677.345581,-0.6256586501,-0.7432765558,0.2368358399,0.0515293698,102.6508178182,323.9575203926,2.0
33583,0.0,283.734009,-670.711548,1677.397217,-0.6129978438,-0.7541182719,0.2356677227,0.0500542967,100.8041734604,322.6610717752,2.0
33584,0.0,281.097198,-670.521423,1677.391968,-0.6004079217,-0.7647712295,0.2337419392,0.0480944222,98.5505352925,321.6490175388,2.0
33585,0.0,277.703308,-670.534241,1677.04126,-0.5843436249,-0.7778878714,0.2311557649,0.0453289271,95.2915401537,320.1325129178,2.0
33586,0.0,273.629211,-670.343384,1676.842896,-0.5715477178,-0.7879295189,0.2291293946,0.043909988,93.3153408115,318.4028670387,2.0
33587,0.0,270.962067,-670.244934,1676.87207,-0.5573513193,-0.7987568706,0.2265986949,0.0417894244,90.8047557712,317.4283446716,2.0
33588,0.0,267.580688,-670.452698,1676.141724,-0.5283076885,-0.8199400957,0.2204296389,0.0362633316,84.2625070212,315.7612996115,2.0
33589,0.0,264.373016,-670.561218,1675.884277,-0.5057644242,-0.8359278784,0.213135941,0.032279068,79.2485375832,314.4481259286,2.0
33590,0.0,261.608398,-670.624634,1675.964844,-0.4921611826,-0.8451537321,0.2085486503,0.0304517815,76.717665911,313.2605599718,2.0
33591,0.0,257.60553,-670.873962,1675.693359,-0.4729212645,-0.8582407812,0.199419756,0.0271352306,72.0671767717,311.4742092085,2.0
33592,0.0,255.631119,-671.038147,1675.651489,-0.4585242225,-0.8675012256,0.1928656551,0.0248604014,68.8132787915,310.5412413853,2.0
33593,0.0,251.272842,-671.480103,1675.692871,-0.4346739492,-0.8819531678,0.1822557755,0.0217733259,64.0123007108,308.4345517409,2.0
33594,0.0,251.0595165,-670.950745,1676.3239745,-0.4304865504,-0.8843410904,0.1805436172,,,,
33595,0.0,246.84845,-670.842285,1677.72583,-0.3924490457,-0.9048211487,0.1651739548,,,,
33596,0.0,242.59375,-671.629272,1678.034302,-0.3756046964,-0.9131977655,0.158085272,,,,
33597,0.0,239.27597,-672.067505,1677.593262,-0.377874935,-0.9163190993,0.1325512798,,,,
33598,0.0,236.211182,-672.642517,1677.921265,-0.3814871982,-0.9181178001,0.1073649042,,,,
33599,0.0,232.940048,-673.416504,1678.215942,-0.3821689494,-0.9184008284,0.1024051392,,,,
33600,0.0,229.840393,-674.136597,1678.410156,-0.3821689494,-0.9184008284,0.1024051392,,,,
33601,0.0,225.351868,-675.195129,1678.626221,-0.3821689494,-0.9184008284,0.1024051392,,,,
33602,0.0,222.503204,-675.836609,1678.79126,-0.3821689494,-0.9184008284,0.1024051392,,,,
33603,0.0,218.093399,-676.978638,1678.890747,-0.3821689494,-0.9184008284,0.1024051392,,,,
33604,0.0,214.972717,-677.590271,1678.807617,-0.3815359728,-0.9188296874,0.1009074176,,,,
33605,0.0,211.953232,-678.33252,1678.598389,-0.3776160618,-0.9208783793,0.096897474,,,,
33606,0.0,207.465332,-679.547607,1678.31543,-0.3714300381,-0.9238772802,0.0921438976,,,,
33607,0.0,204.888382,-680.289673,1678.082764,-0.3360315113,-0.9371394733,0.094087358,,,,
33608,0.0,200.324081,-681.711426,1677.360474,-0.2840925831,-0.9538506493,0.0972642943,,,,
33609,0.0,197.46991,-682.786316,1677.309937,-0.2749537975,-0.9565243186,0.0972709472,,,,
33610,0.0,193.69751,-684.194397,1676.770386,-0.2639038888,-0.9596334884,0.0972538199,,,,
33611,0.0,190.76123,-685.388428,1676.711426,-0.2551962407,-0.9619944846,0.0971673315,,,,
33612,0.0,188.362579,-686.418823,1676.611572,-0.2465779926,-0.9642442829,0.0971198051,,,,
33613,0.0,184.908737,-687.916992,1676.439331,-0.237411067,-0.9665467365,0.0970741546,,,,
33614,0.0,181.846542,-689.259216,1676.406494,-0.2351627498,-0.9670973381,0.0970629678,,,,
33615,0.0,179.195068,-690.575378,1675.829346,-0.2354432852,-0.9670573463,0.0967809302,,,,
33616,0.0,175.615829,-692.529419,1675.855713,-0.2357892922,-0.967007796,0.0964330454,,,,
33617,0.0,172.815567,-694.000244,1675.985229,-0.2360389235,-0.9669718934,0.0961820351,,,,
33618,0.0,169.242676,-695.949341,1676.280762,-0.2369596645,-0.9667247703,0.0964019496,,,,
33619,0.0,166.795013,-697.292358,1676.470215,-0.2376887891,-0.9665205675,0.096654188,,,,
33620,0.0,162.942291,-699.44165,1676.918213,-0.2388343143,-0.9661984069,0.0970505476,,,,
33621,0.0,157.979416,-702.296204,1677.190918,-0.2329803132,-0.9673001001,0.1002531298,,,,
33622,0.0,156.075035,-703.464966,1677.198181,-0.2242618058,-0.9689614764,0.1035876817,,,,
33623,0.0,151.780685,-706.098633,1677.144043,-0.2000646502,-0.9733361647,0.11220894,,,,
33624,0.0,150.0275115,-707.237213,1677.060486,-0.1908998602,-0.9748020114,0.1149972402,,,,
33625,0.0,146.134155,-709.662231,1676.959717,-0.17340302,-0.9775945737,0.1193324855,,,,
33626,0.0,144.453491,-710.8190305,1676.779053,-0.1689278483,-0.9782249686,0.1204887192,,,,
33627,0.0,140.32843,-713.668274,1676.216797,-0.160817774,-0.9792489938,0.1233249841,,,,
33628,0.0,137.839188,-715.369141,1675.807129,-0.1544318598,-0.9799064246,0.1262307398,,,,
33629,0.0,134.645676,-717.526611,1675.281006,-0.1393671565,-0.981387247,0.1321206534,,,,
33630,0.0,133.0534515,-718.643341,1675.1725465,-0.1220914756,-0.9828238408,0.1372028699,,,,
33631,0.0,129.053421,-721.461182,1674.862427,-0.0842198373,-0.9855844693,0.1467319765,,,,
33632,0.0,126.751099,-723.110413,1674.773438,-0.0731732446,-0.9861486552,0.1488506168,,,,
33633,0.0,123.989853,-725.080322,1674.789795,-0.0697124395,-0.9863041412,0.1494801552,,,,
33634,0.0,121.422272,-726.916687,1674.872437,-0.0697124395,-0.9863041412,0.1494801552,,,,
33635,0.0,117.828224,-729.536987,1674.916748,-0.0697124395,-0.9863041412,0.1494801552,,,,
33636,0.0,115.60511,-731.2052,1675.055908,-0.0697124395,-0.9863041412,0.1494801552,,,,
33637,0.0,112.925079,-733.275024,1675.283813,-0.0697124395,-0.9863041412,0.1494801552,,,,
33638,0.0,109.434036,-735.986877,1675.57373,-0.0697124395,-0.9863041412,0.1494801552,,,,
33639,0.0,106.990898,-737.955322,1675.923828,-0.0697124395,-0.9863041412,0.1494801552,,,,
33640,0.0,104.571831,-740.079041,1676.3573,-0.0683744027,-0.9864997026,0.148806175,,,,
33641,0.0,102.088913,-742.468567,1676.775024,-0.0672052955,-0.9867164719,0.147898791,,,,
33642,0.0,99.843353,-744.829407,1677.050781,-0.0663492666,-0.9869039257,0.1470320247,,,,
33643,0.0,96.933922,-748.427429,1677.273315,-0.0659578945,-0.9869891312,0.1466356405,,,,
33644,0.0,95.061577,-750.712097,1677.381592,-0.0695947334,-0.9869540955,0.1451832857,,,,
33645,0.0,93.204605,-753.250854,1677.399048,-0.0809430522,-0.986247498,0.1440975188,,,,
33646,0.0,91.292343,-756.095764,1677.380615,-0.1080185332,-0.9839794027,0.1418327587,,,,
33647,0.0,89.762657,-758.601929,1677.326904,-0.148504678,-0.9791997184,0.1382543746,,,,
33648,0.0,87.363518,-762.23407,1677.078857,-0.2354359435,-0.963425241,0.1279910992,,,,
33649,0.0,85.74511,-764.748352,1676.961426,-0.3387227321,-0.9335498763,0.117266957,,,,
33650,0.0,83.962135,-767.538452,1676.669434,-0.4650741637,-0.8788563079,0.1063842676,,,,
33651,0.0,82.070915,-770.318176,1676.463135,-0.6333906796,-0.7680425515,0.0944821999,,,,
33652,0.0,78.924789,-772.730652,1676.816162,-0.7902035385,-0.6073130172,0.0821539215,,,,
33653,0.0,75.373428,-774.924194,1676.180054,-0.9033856936,-0.4227653608,0.071859156,,,,
33654,0.0,72.227707,-777.006592,1675.594849,-0.9618775536,-0.2655189991,0.0655075025,,,,
33655,0.0,69.633316,-778.352722,1675.236816,-0.9907947918,-0.1217611696,0.0591599362,,,,
33656,0.0,67.352791,-780.041992,1674.859375,-0.9983951195,-0.0139911868,0.0548765162,,,,
33657,0.0,65.552773,-782.208374,1674.667236,-0.9976980399,0.0409585227,0.054046467,,,,
33658,0.0,63.467785,-785.510742,1674.603027,-0.9964547837,0.06291873,0.0558488813,,,,
33659,0.0,62.102325,-787.737488,1674.682739,-0.9962920538,0.0641184679,0.057366939,,,,
33660,0.0,59.86549,-791.183411,1674.911133,-0.9959005513,0.0643478737,0.0635723454,,,,
33661,0.0,56.386555,-796.263,1675.389893,-0.9954127683,0.0633581027,0.0716880153,,,,
33662,0.0,55.3292865,-797.764648,1675.576355,-0.9953287315,0.0629410796,0.0731894893,,,,
33663,0.0,54.272018,-799.266296,1675.762817,-0.9952446947,0.0625240564,0.0746909633,,,,
33664,0.0,52.115505,-802.220337,1676.113037,-0.995132691,0.0606765929,0.0776484276,,,,
33665,0.0,49.784103,-805.322083,1676.47168,-0.9949553073,0.0595251625,0.0807507994,,,,
33666,0.0,45.904617,-810.299377,1676.85083,-0.9948546552,0.056449943,0.0841285853,,,,
33667,0.0,43.413948,-813.448059,1677.000977,-0.9948635209,0.0516858864,0.0870353032,,,,
33668,0.0,41.068474,-816.447327,1676.883911,-0.9948829433,0.044310912,0.090799076,,,,
33669,0.0,38.60445,-819.010376,1676.829346,-0.9948657564,0.039846004,0.0930291494,,,,
33670,0.0,36.371998,-821.480774,1676.633057,-0.9948196474,0.0386240828,0.0940321721,,,,
33671,0.0,34.033321,-824.042969,1676.321167,-0.9948102967,0.0384557616,0.0941999357,,,,
33672,0.0,31.907455,-826.325439,1675.986816,-0.9948102967,0.0384557616,0.0941999357,,,,
33673,0.0,29.120035,-829.065186,1675.930664,-0.9948102967,0.0384557616,0.0941999357,,,,
33674,0.0,26.531187,-831.615295,1675.955566,-0.9948102967,0.0384557616,0.0941999357,,,,
33675,0.0,24.136349,-833.900879,1675.993164,-0.9948102967,0.0384557616,0.0941999357,,,,
33676,0.0,21.33886,-836.590088,1675.981323,-0.9948102967,0.0384557616,0.0941999357,,,,
33677,0.0,20.366734,-834.867859,1676.701294,-0.994804127,0.0386149945,0.0941999531,,,,
33678,0.0,18.707371,-836.530029,1676.701294,-0.9947981194,0.0387694518,0.0941999531,,,,
33679,0.0,15.532177,-839.679504,1676.701294,-0.9947896522,0.0389861524,0.0941999357,,,,
33680,0.0,12.312153,-842.866211,1676.701294,-0.9947818557,0.0391845859,0.0941999357,,,,
33681,0.0,9.357625,-845.798218,1676.701294,-0.9947740615,0.0393819589,0.0941999357,,,,
33682,0.0,6.559126,-848.091187,1676.701294,-0.994784098,0.0410891457,0.0933610218,,,,
33683,0.0,4.65376,-849.361023,1676.701294,-0.994794296,0.0473688948,0.0902246992,,,,
33684,0.0,1.312438,-851.25531,1676.701172,-0.9943582263,0.0699655331,0.0797279244,,,,
33685,0.0,-0.959298,-852.387573,1676.701172,-0.993718006,0.0846952117,0.0731522091,,,,
33686,0.0,-4.415714,-853.572388,1676.701172,-0.9890614952,0.1375726784,0.0532082414,,,,
33687,0.0,-7.80698,-854.264954,1676.701172,-0.9764835533,0.2135375364,0.0296915925,,,,
33688,0.0,-10.014595,-854.328308,1676.701294,-0.9569701365,0.2900761007,0.008000853,,,,
33689,0.0,-13.704725,-855.209351,1676.701294,-0.9209413104,0.389266706,-0.0183993048,,,,
33690,0.0,-16.000801,-855.583069,1676.701294,-0.882383208,0.4691151161,-0.0364812574,,,,
33691,0.0,-19.114805,-855.277466,1676.701294,-0.8187552212,0.5710028688,-0.0599634181,,,,
33692,0.0,-21.746061,-854.783203,1676.701294,-0.7640085801,0.6406813792,-0.0762775182,,,,
33693,0.0,-23.600044,-854.28418,1676.701294,-0.7215562457,0.686640951,-0.0887738064,,,,
33694,0.0,-26.62674,-853.566895,1676.701294,-0.6744848637,0.7312698751,-0.1015605158,,,,
33695,0.0,-28.449747,-852.96051,1676.701294,-0.6421018401,0.7587017276,-0.1098950205,,,,
33696,0.0,-31.328247,-852.035706,1676.701294,-0.6121267151,0.781906166,-0.1179984417,,,,
33697,0.0,-34.080448,-850.868225,1676.701294,-0.5784192753,0.8059476434,-0.1260140388,,,,
33698,0.0,-36.874184,-849.518799,1676.701294,-0.5497370884,0.8248915396,-0.1316931337,0.1495878158,918.4154247473,1745.6485778244,1.0
33699,0.0,-38.542458,-848.617737,1676.701294,-0.5356224556,0.833818544,-0.1336234291,0.1419305991,894.7972280877,1742.4312301208,1.0
33700,0.0,-41.608429,-846.764221,1676.701294,-0.5096913817,0.8493460366,-0.1372078915,0.1286487274,851.8746854583,1736.1822310714,1.0
33701,0.0,-43.465061,-845.562744,1676.701294,-0.5007720485,0.8543908803,-0.1387212283,0.1245263171,837.1948785363,1732.3693991545,1.0
33702,0.0,-46.325951,-843.521423,1676.701294,-0.4857129055,0.8626741789,-0.1409831002,0.117673386,812.4278326892,1726.2280801412,1.0
33703,0.0,-50.461098,-839.906006,1676.701294,-0.4496722227,0.8829104005,-0.1351447991,0.0998790588,747.670772384,1716.2579457063,1.0
33704,0.0,-52.592915,-837.736389,1676.701294,-0.4246300075,0.8969081374,-0.1234712507,0.0870968254,698.2294458724,1710.6080171772,1.0
33705,0.0,-54.848434,-835.350159,1676.701294,-0.4049665704,0.9076146498,-0.1106242485,0.0772436961,656.9161137753,1704.5756087865,1.0
33706,0.0,-56.971958,-832.66095,1676.701294,-0.3705875565,0.9252832728,-0.0807200601,0.0604868306,581.6044882403,1698.0519331057,1.0
33707,0.0,-58.174316,-831.007202,1676.701294,-0.3522331348,0.933732151,-0.0638442552,0.052467679,541.550575794,1694.1457029,1.0
33708,0.0,-60.376068,-827.730652,1676.701294,-0.3069270562,0.9514710663,-0.0223291781,0.0356577186,446.3539524639,1686.5298250899,1.0
33709,0.0,-61.707653,-825.577942,1676.701294,-0.2802612237,0.9599209669,0.0023203084,0.0277216902,393.2128678416,1681.6428675156,1.0
33710,0.0,-63.601265,-822.392456,1676.701294,-0.2468651853,0.968544382,0.0312947343,0.0197898561,331.4816059899,1674.4896821419,1.0
33711,0.0,-65.026993,-819.963379,1676.701294,-0.2324001198,0.9717194142,0.0418516939,0.0170154256,306.5966875903,1669.1154710539,1.0
33712,0.0,-66.526138,-817.308044,1676.701294,-0.2270608312,0.9727652405,0.0465957703,0.0161319781,297.5538443758,1663.2799979436,1.0
33713,0.0,-68.256882,-814.017395,1676.701294,-0.2245357949,0.9732702435,0.0482567091,0.0157748474,293.0000126214,1656.1115305443,1.0
33714,0.0,-69.629555,-811.211853,1676.701294,-0.2244479604,0.9732882762,0.0483015989,0.0158323973,292.4616039542,1650.0850925546,1.0
33715,0.0,-70.878609,-808.508362,1676.701294,-0.2244479604,0.9732882762,0.0483015989,0.0158936306,292.0027254679,1644.3447357299,1.0
33716,0.0,-72.133034,-805.644226,1676.701294,-0.2244479604,0.9732882762,0.0483015989,0.0159650014,291.5764614651,1638.2995655393,1.0
33717,0.0,-73.519005,-802.302307,1676.701294,-0.2244479604,0.9732882762,0.0483015989,0.0160445377,291.0476629716,1631.3026912873,1.0
33718,0.0,-74.688873,-799.327148,1676.701294,-0.2244560915,0.973324156,0.047534728,0.0161010934,290.4509870247,1625.1198819376,1.0
33719,0.0,-75.957008,-795.944275,1676.701294,-0.2277351647,0.9726900663,0.0448411601,0.0167478499,294.9059827608,1618.1362458643,1.0
33720,0.0,-76.962601,-793.14856,1676.701294,-0.2365887528,0.970718387,0.0416121992,0.0184699616,308.4675459983,1612.4124842163,1.0
33721,0.0,-78.201042,-789.582642,1676.701294,-0.2521080602,0.9669451398,0.0381919175,0.0216998063,332.5818293591,1605.1827823966,1.0
33722,0.0,-79.445732,-786.119446,1676.701294,-0.2765632107,0.9603539396,0.0351155407,0.0273373686,371.1289880124,1598.1594773911,1.0
33723,0.0,-80.612152,-783.489136,1676.701294,-0.2929033448,0.9555052327,0.0348909847,0.0315395597,396.8673974429,1592.7743908864,1.0
33724,0.0,-82.179329,-779.797302,1676.701294,-0.3109515042,0.9498166254,0.0340226408,0.0365730976,424.7983721286,1585.2384680654,1.0
33725,0.0,-83.309174,-776.959656,1676.701294,-0.3187826808,0.9472470145,0.0331767388,0.0389045103,436.2660597966,1579.4361749085,1.0
33726,0.0,-84.682915,-773.379456,1676.701294,-0.3245917321,0.9453089006,0.0321137021,0.0407245203,444.087320992,1572.1451258563,1.0
33727,0.0,-85.794922,-770.364319,1676.701294,-0.3258031453,0.9448953709,0.0320163802,0.0411860814,444.8086305873,1566.0346881684,1.0
33728,0.0,-87.126282,-766.726501,1676.701294,-0.3268371012,0.9445981371,0.0301971621,0.0416221134,444.9991185523,1558.6508422389,1.0
33729,0.0,-88.191757,-763.828552,1676.701294,-0.3285120842,0.9440966197,0.0275931722,0.0422320121,446.4740489271,1552.7256332481,1.0
33730,0.0,-89.524513,-760.243835,1676.701294,-0.3322993517,0.9429040909,0.022561388,0.0435674065,451.1730738159,1545.3607383602,1.0
33731,0.0,-90.575211,-757.419373,1676.701294,-0.3355038717,0.941903175,0.0159862732,0.044767374,455.4806023396,1539.5360341546,1.0
33732,0.0,-91.952614,-753.715454,1676.701294,-0.3396785593,0.9404980364,0.0090509619,0.0463893054,461.1603451038,1531.8773981469,1.0
33733,0.0,-93.062363,-750.732971,1676.701294,-0.343029126,0.9393240874,0.0011302575,0.0478149526,466.1430125348,1525.7269689784,1.0
33734,0.0,-94.094391,-747.904846,1676.701294,-0.3440742419,0.9389210045,-0.0063453463,0.0485502201,467.8344425834,1519.9100991632,1.0
33735,0.0,-95.19706,-744.842163,1676.701294,-0.343594886,0.939006326,-0.0144801242,0.0488951659,467.5069834749,1513.6129617696,1.0
33736,0.0,-96.372574,-741.530579,1676.701294,-0.341283292,0.9396722583,-0.0232757729,0.0487534733,464.7512878004,1506.8212964295,1.0
33737,0.0,-97.585899,-738.056152,1676.701294,-0.3368453096,0.9409727773,-0.0332486067,0.0480977207,459.5133786431,1499.7085819724,1.0
33738,0.0,-98.81707,-734.389465,1676.701294,-0.3273553818,0.943750935,-0.0466114437,0.046257874,448.6015982211,1492.2251722478,1.0
33739,0.0,-99.131012,-733.446777,1676.701416,-0.3245818393,0.9445188287,-0.0503071752,0.0457061281,444.9517624025,1488.7808712897,1.0
33740,0.0,-100.123383,-730.176331,1676.700562,-0.3084427527,0.9490587151,-0.0644253332,0.0423223927,426.488998695,1481.6722260401,1.0
33741,0.0,-101.485947,-725.993469,1676.700439,-0.297304741,0.9518589364,-0.0746622805,0.0403984989,414.6706880403,1473.7941945641,1.0
33742,0.0,-102.552139,-722.739929,1676.700684,-0.2892819308,0.9537256857,-0.081995615,0.0391496939,406.7129749904,1467.9174126814,1.0
33743,0.0,-104.17952,-717.749634,1676.701294,-0.2758150068,0.9565807516,-0.094230291,0.0372715661,394.4989835785,1458.5689397348,1.0
33744,0.0,-105.536247,-713.778748,1676.701294,-0.2740757896,0.9566990198,-0.0980277877,0.0374503697,393.6400229103,1451.9807860646,1.0
33745,0.0,-107.25589,-708.53772,1676.701294,-0.2752868812,0.9552785744,-0.1079813798,0.0391356076,398.943550222,1440.1297682129,1.0
33746,0.0,-107.9649315,-706.6503295,1676.701294,-0.2849875602,0.9519202721,-0.1118461802,0.0422997463,412.9397118198,1436.171243537,1.0
33747,0.0,-109.682808,-702.277649,1676.701416,-0.3151071947,0.941576944,-0.118913054,0.0518962713,453.7677738921,1427.1168476072,1.0
33748,0.0,-111.324043,-698.609558,1676.701294,-0.3602625411,0.9249708441,-0.1209952023,0.0671275043,511.3050336524,1419.4765245382,1.0
33749,0.0,-113.050377,-695.39386,1676.701172,-0.4289400362,0.8956253595,-0.1177525407,0.0942339597,598.6043095509,1412.5418606498,1.0
33750,0.0,-114.964432,-692.762085,1676.701172,-0.5281072102,0.8424598492,-0.1066028939,0.1440764278,727.2257157585,1406.3477340937,1.0
33751,0.0,-116.784538,-690.322693,1676.701294,-0.5997712397,0.7943950874,-0.0959734602,,,,
33752,0.0,-118.435852,-688.612244,1676.700439,-0.6755221872,0.7329262116,-0.0805539761,,,,
33753,0.0,-120.453011,-686.499756,1676.700928,-0.768945933,0.6368204714,-0.0564077958,,,,
33754,0.0,-122.280235,-684.314026,1676.70105,-0.8014716986,0.5961606229,-0.0472824279,,,,
33755,0.0,-124.460434,-681.99707,1676.700684,-0.8401752519,0.541158125,-0.0354038119,,,,
33756,0.0,-127.298195,-679.135254,1676.701172,-0.8790443154,0.4762247775,-0.0221597136,,,,
33757,0.0,-129.498886,-676.989319,1676.701172,-0.8982800982,0.4391058517,-0.0167007853,,,,
33758,0.0,-132.065979,-674.454041,1676.701294,-0.9079738921,0.418818912,-0.013195842,,,,
33759,0.0,-134.394333,-672.320679,1676.701294,-0.9160561205,0.4009129334,-0.0104882766,,,,
33760,0.0,-137.049469,-670.01123,1676.701294,-0.9229904227,0.3847318293,-0.0083725259,,,,
33761,0.0,-139.542511,-667.937988,1676.701294,-0.9257027189,0.3781795021,-0.0073986799,,,,
33762,0.0,-142.303223,-665.779663,1676.701294,-0.9295905659,0.3685379769,-0.0064140061,,,,
33763,0.0,-145.233368,-663.621216,1676.701294,-0.9336673951,0.3581006662,-0.0053952054,,,,
33764,0.0,-147.773911,-661.848877,1676.701294,-0.9367335673,0.3500236318,-0.003698798,,,,
33765,0.0,-150.595047,-659.732849,1676.701294,-0.9404338813,0.3399722443,-0.0017285907,,,,
33766,0.0,-153.154617,-657.650574,1676.701294,-0.9441190469,0.3296046478,3.86067e-05,,,,
33767,0.0,-155.865341,-655.299561,1676.701294,-0.9494554744,0.3138879795,0.0029391302,,,,
33768,0.0,-158.525589,-652.828918,1676.701294,-0.9536285447,0.3009060511,0.0069388149,,,,
33769,0.0,-162.914688,-650.052063,1678.619019,-0.956970064,0.2900212595,0.0097962019,,,,
33770,0.0,-165.00618,-647.838806,1678.728638,-0.9608636236,0.2766614823,0.0141251955,,,,
33771,0.0,-167.415817,-645.186218,1678.832397,-0.9644760232,0.2635341983,0.0183228548,,,,
33772,0.0,-169.207794,-643.184692,1678.834473,-0.9671414195,0.2532785402,0.0220784012,,,,
33773,0.0,-171.543747,-640.650818,1679.268677,-0.9698082856,0.2425214294,0.025597763,,,,
33774,0.0,-174.201965,-638.512329,1679.459595,-0.971673302,0.2346719084,0.0279300828,,,,
33775,0.0,-176.708054,-636.988159,1679.106445,-0.9733001523,0.227698665,0.028985021,,,,
33776,0.0,-179.357361,-635.658508,1678.79187,-0.9742396474,0.2235210749,0.0299238799,,,,
33777,0.0,-182.324173,-634.525757,1678.447266,-0.976364238,0.2137817416,0.0317842998,,,,
33778,0.0,-185.045883,-633.799194,1678.200195,-0.9793682074,0.1991292217,0.0344306167,,,,
33779,0.0,-187.867218,-633.292419,1677.95105,-0.9823543077,0.1834406457,0.0364629088,,,,
33780,0.0,-191.114685,-632.985779,1677.728271,-0.9856005429,0.164624826,0.0386035812,,,,
33781,0.0,-193.94902,-632.962524,1677.503784,-0.9885152013,0.1456087909,0.0404447376,,,,
33782,0.0,-197.215866,-633.097412,1677.202881,-0.99057668,0.1304942793,0.0415822579,,,,
33783,0.0,-199.969467,-633.378967,1677.005005,-0.9918295905,0.1199872097,0.0433258913,,,,
33784,0.0,-203.082779,-633.888855,1676.724243,-0.9931323512,0.1078447665,0.0453612097,,,,
33785,0.0,-208.270233,-635.226501,1676.217651,-0.9951620283,0.0846874777,0.0498053074,,,,
33786,0.0,-209.6571425,-635.7242125,1676.0583495,-0.9954616174,0.0803211474,0.0508375982,,,,
33787,0.0,-213.147263,-637.02002,1675.677002,-0.9959222347,0.0736287069,0.0521317178,,,,
33788,0.0,-214.7447815,-637.67981,1675.470459,-0.9959458483,0.0733079036,0.052131709,,,,
33789,0.0,-218.332306,-639.257996,1675.137695,-0.9960248788,0.0717912068,0.0527301,,,,
33790,0.0,-221.279907,-640.778198,1674.844849,-0.9962129113,0.0688576871,0.0530891168,,,,
33791,0.0,-222.843521,-641.6279905,1674.7994995,-0.9963032575,0.0671488772,0.0535509654,,,,
33792,0.0,-226.467163,-643.631409,1674.7229,-0.9964441474,0.0646377636,0.054046467,,,,
33793,0.0,-228.766403,-644.987366,1674.722046,-0.9964605715,0.0643840582,0.0540464845,,,,
33794,0.0,-232.216446,-647.065308,1674.788452,-0.9964605715,0.0643840582,0.0540464845,,,,
33795,0.0,-234.472946,-648.421143,1674.856201,-0.9964605715,0.0643840582,0.0540464845,,,,
33796,0.0,-237.79306,-650.512817,1675.019409,-0.9965137595,0.0635555389,0.054046467,,,,
33797,0.0,-240.931274,-652.451721,1675.293091,-0.9965218403,0.0634286953,0.0540464845,,,,
33798,0.0,-243.979309,-654.37384,1675.584717,-0.9965218403,0.0634286953,0.0540464845,,,,
33799,0.0,-246.321487,-655.877075,1675.830688,-0.9965674258,0.0627083995,0.0540464845,,,,
33800,0.0,-247.893417,-657.643066,1676.701294,-0.9965821942,0.0624732566,0.0540464845,,,,
33801,0.0,-251.192322,-659.918579,1676.701294,-0.9965879397,0.0617355805,0.0547831769,,,,
33802,0.0,-254.281326,-662.106079,1676.701294,-0.9966872262,0.0599095554,0.0550038025,,,,
33803,0.0,-257.551819,-664.459412,1676.701294,-0.9967090942,0.0586708697,0.0559348787,,,,
33804,0.0,-259.915436,-666.19635,1676.701294,-0.9967971725,0.0571293042,0.0559610525,,,,
33805,0.0,-263.218536,-668.638733,1676.701294,-0.9968197789,0.0567334917,0.0559610525,,,,
33806,0.0,-265.375793,-670.252502,1676.701294,-0.9968197789,0.0567334917,0.0559610525,,,,
33807,0.0,-268.788269,-672.834167,1676.701294,-0.9968197789,0.0567334917,0.0559610525,,,,
33808,0.0,-271.127869,-674.623413,1676.701294,-0.9968197789,0.0567334917,0.0559610525,,,,
33809,0.0,-273.75589,-676.657898,1676.701294,-0.996853595,0.0561361807,0.0559610525,,,,
33810,0.0,-277.265808,-679.407837,1676.701294,-0.9968729426,0.0549463485,0.0567911527,,,,
33811,0.0,-280.348206,-681.897644,1676.701294,-0.9971094802,0.0492603578,0.0578454976,,,,
33812,0.0,-282.226166,-683.446472,1676.701294,-0.9972748103,0.0441481512,0.0591091663,,,,
33813,0.0,-285.202515,-685.947571,1676.701294,-0.9974683122,0.033819328,0.0625557291,,,,
33814,0.0,-288.22641,-688.523926,1676.701294,-0.9976071639,0.0230139923,0.0651943457,,,,
33815,0.0,-291.170349,-691.092651,1676.701294,-0.9976256206,0.0100612573,0.0681314341,,,,
33816,0.0,-294.094757,-693.712402,1676.701294,-0.9974433661,-0.0055284586,0.0712472279,,,,
33817,0.0,-296.250824,-695.604553,1676.701294,-0.9973430681,-0.010923314,0.0720242019,,,,
33818,0.0,-299.494537,-698.49823,1676.701294,-0.997048936,-0.0199511482,0.074130769,,,,
33819,0.0,-301.884186,-700.656494,1676.701294,-0.9968468998,-0.0259383765,0.0749897263,,,,
33820,0.0,-304.160522,-702.72876,1676.701294,-0.9966421365,-0.0309461813,0.0758075567,,,,
33821,0.0,-306.615326,-705.004761,1676.701294,-0.9963466242,-0.0375643678,0.0766963013,,,,
33822,0.0,-311.925323,-708.329468,1676.249146,-0.9959911617,-0.0438579698,0.0779620696,,,,
33823,0.0,-314.450104,-710.66687,1676.310547,-0.9957123987,-0.0483489861,0.0788618701,,,,
33824,0.0,-316.967712,-712.85083,1676.473511,-0.9955224658,-0.0520287569,0.0789178598,,,,
33825,0.0,-319.485291,-714.918091,1676.604736,-0.9952121452,-0.0565247353,0.0797354402,,,,
33826,0.0,-321.883575,-716.72937,1676.623535,-0.9947432427,-0.062240153,0.0813144786,,,,
33827,0.0,-327.119049,-720.266357,1676.366089,-0.9930267349,-0.0821033003,0.0845987703,,,,
33828,0.0,-328.880295,-721.2987975,1676.2459715,-0.992440059,-0.0878296006,0.085525996,,,,
33829,0.0,-333.078033,-723.71051,1675.881104,-0.9911970404,-0.0996096412,0.0872143711,,,,
33830,0.0,-334.8207855,-724.7731015,1675.718323,-0.9907700536,-0.1032334018,0.0877720944,,,,
33831,0.0,-339.012878,-727.3927,1675.544556,-0.989901297,-0.1102463626,0.0891131965,,,,
33832,0.0,-340.699142,-728.5787965,1675.362793,-0.9897220838,-0.1117089686,0.0892698576,,,,
33833,0.0,-344.487061,-731.284485,1675.021973,-0.9895182849,-0.1133863515,0.0894265013,,,,
33834,0.0,-347.695679,-733.761658,1675.002808,-0.9895182849,-0.1133863515,0.0894265013,,,,
33835,0.0,-349.581635,-735.285278,1674.994629,-0.9895182849,-0.1133863515,0.0894265013,,,,
33836,0.0,-353.212555,-738.327576,1675.13147,-0.9895182849,-0.1133863515,0.0894265013,,,,
33837,0.0,-355.682678,-740.41095,1675.117676,-0.9895182849,-0.1133863515,0.0894265013,,,,
33838,0.0,-357.932465,-742.372498,1675.352661,-0.9895182849,-0.1133863515,0.0894265013,,,,
33839,0.0,-361.176483,-745.280273,1675.739868,-0.9895182849,-0.1133863515,0.0894265013,,,,
33840,0.0,-363.280579,-747.206665,1675.887939,-0.9895182849,-0.1133863515,0.0894265013,,,,
33841,0.0,-365.885498,-749.642761,1676.241089,-0.9895182849,-0.1133863515,0.0894265013,,,,
33842,0.0,-368.487122,-752.144531,1676.505615,-0.9895182849,-0.1133863515,0.0894265013,,,,
33843,0.0,-371.683899,-755.618103,1676.747437,-0.9896252791,-0.1124486758,0.0894265187,,,,
33844,0.0,-373.849762,-757.982971,1676.85022,-0.9897205119,-0.1116073746,0.0894265187,,,,
33845,0.0,-376.358398,-760.851013,1676.851074,-0.9899087173,-0.110629936,0.0885536484,,,,
33846,0.0,-378.459259,-763.21405,1676.777222,-0.9900911858,-0.1090514612,0.0884715921,,,,
33847,0.0,-380.724243,-765.649048,1676.481201,-0.9904165627,-0.1066214837,0.087788903,,,,
33848,0.0,-383.039734,-769.5224,1676.137817,-0.9908093551,-0.1039357826,0.0865689032,,,,
33849,0.0,-384.326721,-772.350586,1675.938354,-0.991319425,-0.0996968801,0.0857107325,,,,
33850,0.0,-385.568207,-775.494446,1675.63562,-0.9919212368,-0.0943493746,0.0847965534,,,,
33851,0.0,-386.595764,-778.277893,1675.430176,-0.9927594646,-0.0865792049,0.0832627567,,,,
33852,0.0,-387.55838,-781.127319,1675.248657,-0.9934190901,-0.0798110206,0.082150547,,,,
33853,0.0,-388.55304,-784.340576,1675.220337,-0.9943289407,-0.0695039023,0.0804932619,,,,
33854,0.0,-389.350372,-787.124084,1675.246582,-0.9950425464,-0.0607402468,0.0787461319,,,,
33855,0.0,-390.143799,-790.014526,1675.368286,-0.9957286127,-0.0502932511,0.0774281516,,,,
33856,0.0,-391.120178,-794.22699,1675.681885,-0.9966693318,-0.0317093035,0.0751316389,,,,
33857,0.0,-392.877472,-794.739136,1676.701294,-0.9969650037,-0.0235206537,0.074212939,,,,
33858,0.0,-393.598999,-797.992004,1676.701294,-0.9972295871,-0.0129915034,0.0732418699,,,,
33859,0.0,-394.251404,-801.228516,1676.701294,-0.9973584274,-0.0070234466,0.0722968776,,,,
33860,0.0,-394.840698,-804.446289,1676.701294,-0.9973873752,-0.0013573135,0.0722259066,,,,
33861,0.0,-395.397522,-807.771484,1676.701294,-0.9974458799,0.0027270297,0.0713742255,,,,
33862,0.0,-395.870361,-810.847595,1676.701294,-0.9974376984,0.0062191014,0.0712696332,,,,
33863,0.0,-396.335114,-814.152283,1676.701294,-0.9974355005,0.0121849258,0.0705262356,,,,
33864,0.0,-396.774475,-817.588257,1676.701294,-0.9973515736,0.0212592517,0.0695548903,,,,
33865,0.0,-397.228485,-820.675232,1676.701294,-0.9970518877,0.0342350819,0.0686694429,,,,
33866,0.0,-397.839539,-823.696106,1676.701294,-0.9962606055,0.0535879034,0.0677727273,,,,
33867,0.0,-398.63028,-826.72406,1676.701294,-0.995056326,0.0739803668,0.066255667,,,,
33868,0.0,-400.770477,-832.618225,1676.701172,-0.989058492,0.1339447707,0.0618231168,,,,
33869,0.0,-401.631546,-834.426178,1676.701233,-0.9853992238,0.157550522,0.0599333799,,,,
33870,0.0,-402.492615,-836.234131,1676.701294,-0.9817399555,0.1811562733,0.058043643,,,,
33871,0.0,-403.931335,-838.848694,1676.701294,-0.9747022409,0.2163534647,0.0560956325,,,,
33872,0.0,-406.390137,-842.84906,1676.701294,-0.9643992003,0.2587607246,0.0545625313,,,,
33873,0.0,-406.576782,-847.841309,1674.703735,-0.9531502851,0.297747923,0.0533920248,,,,
33874,0.0,-408.443542,-850.116882,1674.653931,-0.9439679956,0.3258288401,0.0525356087,,,,
33875,0.0,-410.946899,-852.889954,1674.623535,-0.930626033,0.3623384236,0.0514398041,,,,
33876,0.0,-413.234436,-855.208984,1674.670898,-0.9220198297,0.3838342132,0.0505047567,,,,
33877,0.0,-415.743835,-857.547546,1674.758057,-0.912437446,0.4061233629,0.0502167419,,,,
33878,0.0,-418.176086,-859.608459,1674.942871,-0.9059627672,0.4204449345,0.0495733956,,,,
33879,0.0,-420.729523,-861.607666,1675.181763,-0.8981435917,0.4369343425,0.0492592018,,,,
33880,0.0,-424.376312,-864.257751,1675.542236,-0.8876235344,0.4581190705,0.0474486932,,,,
33881,0.0,-426.822571,-865.911255,1675.685303,-0.8821674795,0.4686283283,0.0465620871,,,,
33882,0.0,-429.44046,-867.638855,1675.933228,-0.8752020297,0.481593631,0.0457053804,,,,
33883,0.0,-432.37851,-869.482239,1676.206909,-0.8686076912,0.493534362,0.0440966243,,,,
33884,0.0,-436.012787,-871.596985,1676.354004,-0.8542394693,0.5182712398,0.0408638109,,,,
33885,0.0,-438.787994,-873.053223,1676.396729,-0.8376537919,0.5449424572,0.0370653903,,,,
33886,0.0,-441.942139,-874.548462,1676.293579,-0.8037715529,0.5941394298,0.030816047,,,,
33887,0.0,-443.536652,-872.358154,1676.819702,-0.7207471406,0.69298094,0.0173486623,,,,
33888,0.0,-445.588501,-872.992432,1676.822632,-0.614132451,0.7891895776,0.0045981759,,,,
33889,0.0,-446.44632,-872.883057,1676.836792,-0.4598022335,0.8879583258,-0.0105791159,,,,
33890,0.0,-446.873474,-872.768921,1676.848267,-0.1767580812,0.9837475276,-0.0315813676,,,,
33891,0.0,-446.729858,-872.987854,1676.867065,0.0552712017,0.9976079067,-0.0415157659,,,,
33892,0.0,-446.143585,-873.762634,1676.871704,0.2812693847,0.9584417362,-0.0477176227,,,,
33893,0.0,-446.216644,-874.718323,1676.870361,0.4839113665,0.8734898832,-0.0533405412,,,,
33894,0.0,-446.896606,-875.431519,1676.880615,0.6023740614,0.7961732295,-0.0570410272,,,,
33895,0.0,-452.623749,-879.429321,1674.140869,0.716530618,0.6949766934,-0.059927198,,,,
33896,0.0,-452.798096,-880.248474,1674.396362,0.7622623334,0.6446124839,-0.0585737211,,,,
33897,0.0,-452.976532,-881.172241,1674.686768,0.7865764854,0.6153528799,-0.0513640523,,,,
33898,0.0,-452.933929,-881.946655,1675.009277,0.7931911705,0.6073640562,-0.0442342662,,,,
33899,0.0,-452.531067,-882.552246,1675.302002,0.7945990339,0.6059252441,-0.0383010951,,,,
33900,0.0,-451.49765,-882.688965,1675.151367,0.794769595,0.6057824503,-0.0369988342,,,,
33901,0.0,-449.811859,-882.523132,1674.337524,0.794769595,0.6057824503,-0.0369988342,,,,
33902,0.0,-448.49646,-883.352539,1674.720703,0.794769595,0.6057824503,-0.0369988342,,,,
33903,0.0,-447.415344,-883.860535,1674.93103,0.794769595,0.6057824503,-0.0369988342,,,,
33904,0.0,-446.089447,-884.455383,1675.348511,0.794769595,0.6057824503,-0.0369988342,,,,
33905,0.0,-444.418396,-885.042725,1675.737549,0.794769595,0.6057824503,-0.0369988342,,,,
33906,0.0,-442.831238,-885.542114,1676.00769,0.794769595,0.6057824503,-0.0369988342,,,,
33907,0.0,-441.130707,-885.987488,1676.111572,0.794769595,0.6057824503,-0.0369988342,,,,
33908,0.0,-436.678192,-886.867371,1676.367554,0.794769595,0.6057824503,-0.0369988342,,,,
33909,0.0,-435.194,-886.883362,1676.4055175,0.794769595,0.6057824503,-0.0369988342,,,,
33910,0.0,-431.771088,-886.789978,1676.424561,0.794769595,0.6057824503,-0.0369988342,,,,
33911,0.0,-430.2740785,-886.5615845,1676.339844,0.794769595,0.6057824503,-0.0369988342,,,,
33912,0.0,-426.81601,-885.932068,1676.047119,0.794769595,0.6057824503,-0.0369988342,,,,
33913,0.0,-425.2181095,-885.534729,1675.8656615,0.794769595,0.6057824503,-0.0369988342,,,,
33914,0.0,-421.623535,-884.555664,1675.476685,0.794769595,0.6057824503,-0.0369988342,,,,
33915,0.0,-419.9805905,-884.009857,1675.2576295,0.794769595,0.6057824503,-0.0369988342,,,,
33916,0.0,-418.337646,-883.46405,1675.038574,0.794769595,0.6057824503,-0.0369988342,,,,
33917,0.0,-413.639618,-881.628174,1674.636963,0.794769595,0.6057824503,-0.0369988342,0.0101713204,232.7641205068,1636.1364718627,2.0
33918,0.0,-410.44928,-880.276672,1674.48999,0.794769595,0.6057824503,-0.0369988342,0.0102730796,233.5045585511,1633.233573848,2.0
33919,0.0,-408.206726,-879.398071,1674.519287,0.7998701448,0.5989420425,-0.0384211028,0.0116182419,247.9345273208,1631.2364536431,2.0
33920,0.0,-404.913361,-877.929382,1674.629883,0.8105355894,0.5840773962,-0.0434241131,,,,
33921,0.0,-402.873657,-876.981506,1674.679077,0.8180972397,0.5733676735,-0.0443443058,,,,
33922,0.0,-399.496033,-875.3349,1674.992065,0.830610858,0.5551264293,-0.0438206581,,,,
33923,0.0,-397.107117,-874.158081,1675.173584,0.8366340433,0.5460159107,-0.0437047223,0.0227229628,344.5197689169,1625.3537862048,2.0
33924,0.0,-393.650391,-872.332092,1675.65271,0.8408438776,0.5395104005,-0.0437047049,0.0241238774,354.4311098082,1623.4107650844,2.0
33925,0.0,-390.466614,-870.629395,1676.004761,0.8412678724,0.5388490335,-0.0437045305,0.0239786131,353.0798702288,1622.0532502039,2.0
33926,0.0,-387.28833,-868.895081,1676.388306,0.8412678724,0.5388490335,-0.0437045305,,,,
33927,0.0,-385.100403,-867.662659,1676.593262,0.8412678724,0.5388490335,-0.0437045305,,,,
33928,0.0,-381.783173,-865.700256,1676.871704,0.8412678724,0.5388490335,-0.0437045305,,,,
33929,0.0,-378.50473,-863.793335,1677.057495,0.8412678724,0.5388490335,-0.0437045305,,,,
33930,0.0,-376.204468,-862.444946,1677.18396,0.8412678724,0.5388490335,-0.0437045305,,,,
33931,0.0,-372.765533,-860.296753,1677.268799,0.8412678724,0.5388490335,-0.0437045305,,,,
33932,0.0,-370.544373,-858.950439,1677.333984,0.8408587331,0.5393776962,-0.0450365615,,,,
33933,0.0,-367.376434,-856.917725,1677.277222,0.8393356028,0.5415607254,-0.047198798,,,,
33934,0.0,-364.514282,-855.102783,1676.919067,0.8373383855,0.5445010987,-0.0488157939,,,,
33935,0.0,-361.041565,-852.935181,1676.49353,0.8327566266,0.5511978016,-0.0519363488,,,,
33936,0.0,-357.59259,-850.782654,1676.15918,0.8297895933,0.5553328965,-0.0552684799,,,,
33937,0.0,-354.895782,-849.059509,1675.991821,0.8257386546,0.5610751555,-0.0578821578,,,,
33938,0.0,-351.713867,-846.955017,1675.771606,0.8170316177,0.5731547465,-0.0628726666,,,,
33939,0.0,-349.656067,-845.541443,1675.854858,0.8088635209,0.5844750123,-0.0642554639,,,,
33940,0.0,-345.983429,-843.008606,1676.021729,0.7961274729,0.6014516959,-0.0666100917,,,,
33941,0.0,-343.28299,-841.075256,1676.131226,0.7841855148,0.6165788231,-0.0698829973,,,,
33942,0.0,-340.468964,-839.35144,1676.315674,0.7765854595,0.6259691272,-0.0712578125,,,,
33943,0.0,-336.471497,-836.917053,1676.761719,0.7619319998,0.6434951808,-0.0733047069,,,,
33944,0.0,-333.087341,-834.847473,1677.09375,0.7541045344,0.6524234998,-0.0752989248,,,,
33945,0.0,-330.211121,-833.158203,1677.449463,0.7428242522,0.6651393788,-0.0761691353,,,,
33946,0.0,-327.209564,-831.304443,1677.775024,0.7308300056,0.6782773279,-0.0763372084,,,,
33947,0.0,-323.688629,-828.897583,1678.027588,0.7223979267,0.6872509484,-0.0763372084,,,,
33948,0.0,-321.487396,-827.275757,1678.091797,0.7154507318,0.6944802936,-0.0763372258,,,,
33949,0.0,-317.198578,-824.112793,1678.217041,0.6974331934,0.7129566359,-0.0726620672,,,,
33950,0.0,-314.890106,-822.237122,1678.225342,0.6907048385,0.7196365877,-0.0710634057,,,,
33951,0.0,-311.238464,-819.322693,1678.116089,0.6735154469,0.7361495135,-0.0667894951,,,,
33952,0.0,-306.559082,-815.295532,1677.794312,0.6489342828,0.758462967,-0.060151678,,,,
33953,0.0,-301.374451,-814.114929,1676.701294,0.6326442539,0.7724844407,-0.0550366869,,,,
33954,0.0,-299.67392,-812.391449,1676.701294,0.6222091048,0.7810293269,-0.0515245358,,,,
33955,0.0,-296.055634,-808.605469,1676.701294,0.5953719152,0.8022928643,-0.0431096552,,,,
33956,0.0,-293.60849,-805.919189,1676.701172,0.5752519122,0.8171588091,-0.0365611576,,,,
33957,0.0,-291.982559,-804.0811155,1676.701233,0.5626265618,0.8258997291,-0.0330594013,,,,
33958,0.0,-288.29248,-799.890137,1676.701294,0.5390352752,0.8418478867,-0.0270759627,,,,
33959,0.0,-286.114868,-797.340698,1676.701294,0.5275273636,0.8492027013,-0.0238673973,,,,
33960,0.0,-284.548065,-795.4643555,1676.701294,0.5210652895,0.8531898042,-0.022317347,,,,
33961,0.0,-282.981262,-793.588013,1676.701294,0.5146032154,0.8571769071,-0.0207672967,,,,
33962,0.0,-278.612457,-788.258728,1676.701294,0.508762306,0.8607019443,-0.0187904003,0.0515880686,489.498878017,1543.9622451105,2.0
33963,0.0,-276.309998,-785.382812,1676.701294,0.5085752563,0.8608124875,-0.018790156,0.0518033322,489.2571360764,1540.0751824018,2.0
33964,0.0,-274.094727,-782.552551,1676.701294,0.5085752563,0.8608124875,-0.018790156,0.0519537992,488.7436843231,1536.2888424583,2.0
33965,0.0,-271.75647,-779.497131,1676.701294,0.5085752563,0.8608124875,-0.018790156,0.0525528892,490.5231823321,1533.3044731629,2.0
33966,0.0,-269.664246,-776.708618,1676.701294,0.5085752563,0.8608124875,-0.018790156,0.0533003623,493.1643202493,1531.0067088901,2.0
33967,0.0,-266.848724,-772.867676,1676.701294,0.5078820165,0.8612216777,-0.0187904003,0.0546289316,498.0943827498,1527.9145413418,2.0
33968,0.0,-264.858215,-770.112488,1676.701294,0.5077497387,0.8612996766,-0.018790156,0.0553149278,500.3088652688,1525.4303513573,2.0
33969,0.0,-262.895081,-767.356445,1676.701294,0.5077497387,0.8612996766,-0.018790156,0.0561085673,503.0659486631,1523.2610224508,2.0
33970,0.0,-260.013275,-763.240601,1676.701294,0.5077497387,0.8612996766,-0.018790156,0.0572264573,506.7790553002,1519.8794283852,2.0
33971,0.0,-258.24295,-760.671387,1676.701294,0.5077497387,0.8612996766,-0.018790156,0.0579258296,509.0641077723,1517.7611784871,2.0
33972,0.0,-256.451508,-758.045593,1676.701294,0.5077497387,0.8612996766,-0.018790156,0.0586483846,511.4069571161,1515.6066560663,2.0
33973,0.0,-254.052521,-754.486633,1676.701294,0.5077497387,0.8612996766,-0.018790156,,,,
33974,0.0,-251.665161,-750.902283,1676.701294,0.5077497387,0.8612996766,-0.018790156,,,,
33975,0.0,-249.972031,-748.334045,1676.701294,0.5077497387,0.8612996766,-0.018790156,,,,
33976,0.0,-247.639542,-744.766113,1676.701294,0.5077497387,0.8612996766,-0.018790156,,,,
33977,0.0,-246.085403,-742.369446,1676.701294,0.5077497387,0.8612996766,-0.018790156,0.1458664873,898.440294841,1727.5910982694,3.0
33978,0.0,-243.714813,-738.686523,1676.701294,0.5077497387,0.8612996766,-0.018790156,0.1465087813,898.2660261382,1723.7642920843,3.0
33979,0.0,-241.892792,-735.835205,1676.701294,0.5077497387,0.8612996766,-0.018790156,0.146990303,898.0305923941,1720.7110315292,3.0
33980,0.0,-239.694458,-732.372498,1676.701294,0.5077497387,0.8612996766,-0.018790156,0.1474484082,897.0085460207,1716.2928003684,3.0
33981,0.0,-238.169342,-729.957275,1676.701294,0.5077497387,0.8612996766,-0.018790156,0.1477370343,896.1128897109,1713.0368846657,3.0
33982,0.0,-235.700333,-726.024475,1676.701294,0.5077497387,0.8612996766,-0.018790156,0.148198616,894.5941130198,1707.6810526209,3.0
33983,0.0,-234.055161,-723.390625,1676.701294,0.5077497387,0.8612996766,-0.018790156,0.1482428593,892.0853027211,1702.658217495,3.0
33984,0.0,-231.719604,-719.633606,1676.701294,0.5077497387,0.8612996766,-0.018790156,0.1482117687,888.0071848558,1695.0381402493,3.0
33985,0.0,-230.215942,-717.204956,1676.701294,0.5077497387,0.8612996766,-0.018790156,0.1481859752,885.3762243906,1690.1514395343,3.0
33986,0.0,-227.755753,-713.214966,1676.701294,0.5077497387,0.8612996766,-0.018790156,0.1481457869,881.0733316503,1682.1472371637,3.0
33987,0.0,-226.137955,-710.58136,1676.701294,0.5077497387,0.8612996766,-0.018790156,0.14812162,878.2431281329,1676.8696443293,3.0
33988,0.0,-223.69046,-706.583618,1676.701294,0.5077497387,0.8612996766,-0.018790156,0.1480882571,873.9608056097,1668.8661376571,3.0
33989,0.0,-223.568146,-706.383667,1676.701294,0.5077497387,0.8612996766,-0.018790156,0.1476179784,871.2274594799,1666.0830639489,3.0
33990,0.0,-219.981934,-700.471802,1676.701294,0.5077497387,0.8612996766,-0.018790156,0.1476068049,865.1044614214,1654.4314354431,3.0
33991,0.0,-218.426056,-697.9043275,1676.701294,0.5077497387,0.8612996766,-0.018790156,0.1476828188,862.8714979928,1649.7713866868,3.0
33992,0.0,-216.870178,-695.336853,1676.701294,0.5077497387,0.8612996766,-0.018790156,0.1477588327,860.6385345641,1645.1113379306,3.0
33993,0.0,-212.561584,-688.226868,1676.701294,0.5077497387,0.8612996766,-0.018790156,0.1479693618,854.4307791847,1632.17567377,3.0
33994,0.0,-211.320297,-686.169098,1676.701294,0.5077497387,0.8612996766,-0.018790156,0.1479887199,852.4091443075,1628.2160976077,3.0
33995,0.0,-210.07901,-684.111328,1676.701294,0.5077497387,0.8612996766,-0.018790156,0.1480080779,850.3875094303,1624.2565214455,3.0
33996,0.0,-208.153122,-680.903564,1676.701294,0.5077497387,0.8612996766,-0.018790156,0.1479477746,846.7577353739,1617.6268231624,3.0
33997,0.0,-204.974319,-675.601868,1676.701294,0.5077497387,0.8612996766,-0.018790156,0.1479305258,841.1892717221,1607.0751577332,3.0
33998,0.0,-202.702728,-671.805786,1676.701294,0.5077497387,0.8612996766,-0.018790156,0.1479200545,837.2096423833,1599.5242471285,3.0
33999,0.0,-201.5605775,-669.8945005,1676.701294,0.5077497387,0.8612996766,-0.018790156,0.1179326442,709.7029987759,1509.6392275189,2.5
34000,0.0,-198.999435,-665.605835,1676.701294,0.5077497387,0.8612996766,-0.018790156,0.0890152932,584.5714782882,1417.348677869,2.0
34001,0.0,-196.666153,-661.693237,1676.701294,0.5077497387,0.8612996766,-0.018790156,0.1478984344,826.6328164022,1579.422987159,3.0
34002,0.0,-195.6540985,-659.994293,1676.701294,0.5077497387,0.8612996766,-0.018790156,0.1478956813,824.8592567534,1576.0477677578,3.0
34003,0.0,-193.233505,-655.928955,1676.701294,0.5077497387,0.8612996766,-0.018790156,0.1478896388,820.6175609871,1567.9727172528,3.0
34004,0.0,-191.017014,-652.202393,1676.701294,0.5077497387,0.8612996766,-0.018790156,0.1478851,816.7330788388,1560.5725838284,3.0
34005,0.0,-189.003876,-648.814941,1676.701294,0.5077497387,0.8612996766,-0.018790156,,,,
34006,0.0,-187.552673,-646.371643,1676.701294,0.5077497387,0.8612996766,-0.018790156,,,,
34007,0.0,-185.735657,-643.31073,1676.701294,0.5077497387,0.8612996766,-0.018790156,,,,
34008,0.0,-183.254318,-639.128113,1676.701294,0.5077497387,0.8612996766,-0.018790156,,,,
34009,0.0,-181.282089,-635.801575,1676.701294,0.5077497387,0.8612996766,-0.018790156,,,,
34010,0.0,-179.698914,-633.130066,1676.701294,0.5077497387,0.8612996766,-0.018790156,,,,
34011,0.0,-177.690613,-629.739746,1676.701294,0.5077497387,0.8612996766,-0.018790156,,,,
34012,0.0,-175.570084,-626.204102,1676.701294,0.5100316886,0.859950346,-0.0187904003,,,,
34013,0.0,-173.522446,-622.985168,1676.701294,0.52191453,0.8527907975,-0.0187904003,,,,
34014,0.0,-171.995605,-620.64917,1676.701294,0.5333301077,0.8456514184,-0.0208008347,,,,
34015,0.0,-169.788651,-617.215393,1676.701294,0.5456678077,0.8376803435,-0.0232009883,,,,
34016,0.0,-167.742767,-614.057373,1676.701294,0.5567574386,0.8302943699,-0.0251478398,,,,
34017,0.0,-165.311249,-610.516235,1676.701294,0.5778471266,0.815622023,-0.0292132483,,,,
34018,0.0,-163.898331,-608.248047,1676.701294,0.5865092004,0.8093621059,-0.030658431,,,,
34019,0.0,-161.535187,-604.171997,1676.701294,0.6080250714,0.7932266275,-0.0331214423,,,,
34020,0.0,-160.00148,-601.027405,1676.701294,0.619917786,0.7838867846,-0.0349778141,,,,
34021,0.0,-158.744827,-598.16394,1676.701294,0.6309280534,0.7750119326,-0.0358649664,0.0593392762,455.9441467281,1343.5867556681,2.0
34022,0.0,-157.337341,-594.724487,1676.701294,0.6476912787,0.7610107274,-0.0368602798,,,,
34023,0.0,-156.101608,-591.27124,1676.701294,0.6615755275,0.7489229614,-0.0378446736,,,,
34024,0.0,-154.917343,-587.62439,1676.701294,0.6767598484,0.7352247119,-0.0379569572,,,,
34025,0.0,-154.091629,-584.779663,1676.701294,0.6872404065,0.725397969,-0.0387093039,,,,
34026,0.0,-153.061722,-580.64624,1676.701294,0.6966034416,0.7164002058,-0.0389151674,,,,
34027,0.0,-152.417358,-577.982178,1676.701294,0.7057712039,0.7073313798,-0.0396147314,,,,
34028,0.0,-151.588348,-574.017517,1676.701294,0.7141767673,0.6988288064,-0.0398728535,,,,
34029,0.0,-151.029404,-571.173889,1676.701294,0.720641547,0.6920880879,-0.0411076552,,,,
34030,0.0,-150.327225,-567.316101,1676.701294,0.7289071418,0.6832935407,-0.0424772391,,,,
34031,0.0,-149.724243,-563.585205,1676.701294,0.7343367824,0.6773922537,-0.0434652117,,,,
34032,0.0,-149.07811,-559.619751,1676.701294,0.7436355481,0.6670463488,-0.0453358587,,,,
34033,0.0,-148.056351,-553.163086,1676.701294,0.760993097,0.6470407805,-0.0471988851,,,,
34034,0.0,-147.726181,-551.164032,1676.701294,0.7682427698,0.6382434204,-0.0481408802,,,,
34035,0.0,-147.396011,-549.164978,1676.701294,0.7754924427,0.6294460602,-0.0490828753,,,,
34036,0.0,-146.823578,-545.330139,1676.701294,0.7849654887,0.617555138,-0.0495462716,,,,
34037,0.0,-146.168976,-541.463379,1676.701294,0.8001102272,0.5977291566,-0.0504329234,,,,
34038,0.0,-145.580475,-538.000183,1676.701294,0.8129162351,0.5801866439,-0.0505039898,,,,
34039,0.0,-144.851562,-534.463135,1676.701294,0.8337438082,0.5498368934,-0.0505039898,,,,
34040,0.0,-143.611221,-528.49054,1676.701294,0.8629792705,0.5027087865,-0.0505040072,,,,
34041,0.0,-142.890854,-525.225464,1676.701294,0.8779864181,0.4760518263,-0.0501448727,,,,
34042,0.0,-141.994553,-521.156311,1676.701294,0.8920139113,0.4492729074,-0.0496491368,,,,
34043,0.0,-141.038879,-516.964722,1676.701294,0.9042454375,0.4241289376,-0.0495462716,,,,
34044,0.0,-140.140106,-513.615234,1676.701294,0.9178167887,0.3940163808,-0.0486151625,,,,
34045,0.0,-139.487701,-511.147919,1676.701294,0.9245683935,0.3779052729,-0.048588996,0.0013666577,69.3033962356,1326.044451141,3.0
34046,0.0,-138.428375,-507.600342,1676.701294,0.937489142,0.3447169476,-0.0477947131,0.002522974,93.960212082,1323.5693638836,3.0
34047,0.0,-137.186691,-503.413879,1676.701294,0.9464926442,0.3192053511,-0.0475354428,0.0040802423,119.1813947267,1320.6688980634,3.0
34048,0.0,-136.092697,-500.026703,1676.701294,0.953865362,0.2964477236,-0.0475354428,0.0059800025,143.9501065151,1318.246273061,3.0
34049,0.0,-135.296783,-497.524628,1676.701294,0.9563532097,0.2883208629,-0.0475354428,0.0066765347,151.8716852625,1316.4742409048,3.0
34050,0.0,-133.989288,-493.668762,1676.701294,0.9606841133,0.273544176,-0.0475354428,0.0078874884,164.5124702508,1312.4190468653,3.0
34051,0.0,-132.651581,-489.957001,1676.701294,0.964628594,0.2592914525,-0.0475354428,0.0090542128,175.6137265123,1307.9868930389,3.0
34052,0.0,-131.417618,-486.588898,1676.767212,0.9662218998,0.2532896011,-0.0475354428,0.0092061763,176.5190245108,1303.8833303671,3.0
34053,0.0,-130.083847,-483.071564,1676.963501,0.9672534089,0.2493215285,-0.0475354428,0.0113435896,192.1547321441,1279.3693846245,2.0
34054,0.0,-128.694992,-479.559784,1677.17395,0.9681782741,0.245511576,-0.0485272668,0.0112658551,190.9901598944,1275.9702416338,2.0
34055,0.0,-127.757751,-477.236237,1677.311646,0.9683754943,0.2447202755,-0.0485889786,0.0109586278,188.1768226902,1274.5771674801,2.0
34056,0.0,-125.793907,-472.530731,1677.590088,0.9686972588,0.243443488,-0.0485889786,0.0099825914,179.28964785,1272.0527747882,2.0
34057,0.0,-124.313034,-469.094513,1677.701294,0.9686990765,0.2434362517,-0.048588996,0.0097047091,176.405099634,1269.2907546673,2.0
34058,0.0,-123.232315,-466.660645,1677.70752,0.9688666098,0.2427686217,-0.0485889786,0.0093999097,173.4636545761,1268.1033251327,2.0
34059,0.0,-121.675797,-463.214783,1677.701294,0.9689320301,0.2425074067,-0.048588874,0.0089315074,168.8613870749,1266.2657805925,2.0
34060,0.0,-120.032974,-459.670044,1677.701294,0.9691161143,0.2417706897,-0.048588996,,,,
34061,0.0,-118.308006,-456.017792,1677.701294,0.9691640874,0.2415783373,-0.048588874,,,,
34062,0.0,-116.652138,-452.574097,1677.701294,0.9691640874,0.2415783373,-0.048588874,,,,
34063,0.0,-115.209328,-449.648529,1677.701294,0.969532087,0.2400971542,-0.0485889786,,,,
34064,0.0,-113.520622,-446.288269,1677.701294,0.9701485245,0.2374329207,-0.0493705229,,,,
34065,0.0,-111.919594,-443.139374,1677.701294,0.970615608,0.2354793166,-0.0495462716,,,,
34066,0.0,-110.273209,-439.928253,1677.701294,0.9708865758,0.2343596003,-0.0495462891,,,,
34067,0.0,-108.18399,-435.885162,1677.701294,0.9709427122,0.2341268835,-0.0495464634,,,,
34068,0.0,-106.986877,-433.592804,1677.701294,0.9709427122,0.2341268835,-0.0495464634,,,,
34069,0.0,-105.109917,-430.027649,1677.701294,0.9709427122,0.2341268835,-0.0495464634,,,,
34070,0.0,-103.075783,-426.314484,1677.701294,0.9709427122,0.2341268835,-0.0495464634,,,,
34071,0.0,-101.363708,-423.243927,1677.701294,0.9709427122,0.2341268835,-0.0495464634,,,,
34072,0.0,-99.527168,-419.974396,1677.701294,0.9709427122,0.2341268835,-0.0495464634,,,,
34073,0.0,-97.536255,-416.455627,1677.701294,0.9709427122,0.2341268835,-0.0495464634,0.1486728126,449.3894509635,856.5752175508,1.0
34074,0.0,-96.217583,-414.138611,1677.701294,0.9709427122,0.2341268835,-0.0495464634,0.1470857049,446.8909111268,856.0292864139,1.0
34075,0.0,-93.88932,-410.078247,1677.701294,0.9711396666,0.2333086258,-0.0495462716,0.1448266481,443.1437076684,854.9251607114,1.0
34076,0.0,-91.944038,-406.703125,1677.701294,0.9711667337,0.2331958903,-0.0495464634,0.1427861858,439.6648329324,853.7833487336,1.0
34077,0.0,-90.080856,-403.49939,1677.701294,0.9715722389,0.2315006512,-0.0495462716,0.141674188,437.5218344816,852.6944487874,1.0
34078,0.0,-88.275597,-400.40686,1677.701294,0.9718040955,0.2305254147,-0.0495462716,0.1402441327,434.9327444901,851.631636003,1.0
34079,0.0,-86.404205,-397.209076,1677.701294,0.9718334374,0.2304016449,-0.0495464634,0.1382792594,431.5477843549,850.5367831546,1.0
34080,0.0,-84.357056,-393.731445,1677.701294,0.9720392751,0.2295317252,-0.0495462891,0.1364318425,428.291466235,849.3934515153,1.0
34081,0.0,-82.637848,-390.825195,1677.701294,0.9722374849,0.2286907041,-0.0495462891,0.1348499886,425.5091654955,848.4506342171,1.0
34082,0.0,-78.985428,-384.718964,1677.701294,0.9735686588,0.2229556722,-0.0495462891,0.1334760091,422.5677517463,846.5993997566,1.0
34083,0.0,-76.824455,-381.144867,1677.701294,0.9747038505,0.2179393741,-0.0495462716,0.133509386,422.0400856381,845.444100636,1.0
34084,0.0,-75.7912825,-379.4403535,1677.701294,0.9750635504,0.2163180101,-0.0495462716,0.1331772344,421.259399278,844.8567960437,1.0
34085,0.0,-73.145386,-375.094543,1677.701294,0.9760914438,0.2116380406,-0.0495462716,,,,
34086,0.0,-70.859077,-371.377502,1677.701294,0.9772427762,0.2062564505,-0.0495462716,,,,
34087,0.0,-69.485199,-369.153534,1677.701294,0.9778062948,0.2035682118,-0.0495462716,,,,
34088,0.0,-67.155983,-365.417389,1677.701294,0.9790425661,0.1975368801,-0.0495462891,,,,
34089,0.0,-64.978104,-361.968994,1677.701294,0.9806240796,0.1895298962,-0.0495462716,,,,
34090,0.0,-63.460407,-359.830139,1677.701294,0.981572412,0.1847260693,-0.0489068436,,,,
34091,0.0,-60.506191,-356.168701,1677.701294,0.9830147375,0.1769777822,-0.048588996,,,,
34092,0.0,-58.503971,-354.022522,1677.701294,0.984165179,0.1707080795,-0.047724753,,,,
34093,0.0,-56.262703,-351.835175,1677.701294,0.985327042,0.163923769,-0.0475354428,,,,
34094,0.0,-53.023201,-349.011017,1677.701294,0.9866972206,0.1554637466,-0.0475354428,,,,
34095,0.0,-50.535816,-347.077637,1677.701294,0.9876284035,0.149433993,-0.0475354428,,,,
34096,0.0,-47.842381,-345.138611,1677.701294,0.9881089503,0.1462227148,-0.0475354602,,,,
34097,0.0,-45.136948,-343.348785,1677.701294,0.9884964203,0.1435799733,-0.0475354428,,,,
34098,0.0,-41.64558,-341.220093,1677.701294,0.988599403,0.1428691668,-0.0475354776,,,,
34099,0.0,-39.061008,-339.768677,1677.701294,0.988599403,0.1428691668,-0.0475354776,,,,
34100,0.0,-35.511887,-337.920258,1677.701294,0.988599403,0.1428691668,-0.0475354776,,,,
34101,0.0,-33.058899,-336.729645,1677.701294,0.988599403,0.1428691668,-0.0475354776,,,,
34102,0.0,-29.081928,-334.933136,1677.701294,0.9886381657,0.1428747686,-0.0467052228,,,,
34103,0.0,-25.629349,-333.486298,1677.701294,0.9886440536,0.1428756195,-0.0465778129,,,,
34104,0.0,-22.005276,-332.06543,1677.701294,0.9886440536,0.1428756195,-0.0465778129,,,,
34105,0.0,-18.545645,-330.801636,1677.701294,0.9887795064,0.141935099,-0.046578057,,,,
34106,0.0,-15.9396,-329.906952,1677.701294,0.9890153451,0.140517607,-0.0458633763,,,,
34107,0.0,-11.985874,-328.615906,1677.701294,0.9893669884,0.1383758418,-0.044778217,,,,
34108,0.0,-9.275382,-327.780853,1677.701294,0.9896874698,0.1363050682,-0.0440413511,,,,
34109,0.0,-5.218399,-326.583618,1677.701294,0.9899739988,0.1345618223,-0.0429487803,,,,
34110,0.0,-1.337086,-325.509155,1677.701294,0.9903893712,0.1318038938,-0.041912134,,,,
34111,0.0,1.457603,-324.766968,1677.701294,0.9906320057,0.1302042405,-0.0411714104,0.0011915997,54.7843815945,1122.5507453207,3.0
34112,0.0,5.610231,-323.713043,1677.701294,0.9909292167,0.1280317004,-0.0408310087,0.0011326785,53.2126605022,1118.3292084778,3.0
34113,0.0,9.802713,-322.702118,1677.701294,0.9912458524,0.1258464712,-0.0399290083,0.0010500434,51.0334997448,1113.9116953187,3.0
34114,0.0,12.567664,-322.058594,1677.701294,0.9913462793,0.1250708204,-0.0398728535,,,,
34115,0.0,14.997519,-321.53418,1677.701294,0.9916039789,0.1230620453,-0.0397150088,0.0009800291,48.8507911084,1103.6809580027,3.0
34116,0.0,18.449169,-320.833923,1677.701294,0.9918863158,0.1208322726,-0.0395107389,0.0009819746,48.6675124934,1098.4509225526,3.0
34117,0.0,23.058363,-319.900879,1677.701294,0.9921635902,0.1186018993,-0.0393064847,0.0010002303,48.819697738,1091.7890068304,3.0
34118,0.0,27.636589,-318.974609,1677.701294,0.9924170267,0.1165261733,-0.0391164425,0.0010089858,48.7473741626,1085.4336644478,3.0
34119,0.0,35.412186,-317.466949,1677.701294,0.9929763457,0.1119993762,-0.0381328811,0.0010104559,48.2382786659,1073.3166287884,3.0
34120,0.0,38.793743,-316.895355,1677.701294,0.9933096106,0.1090655166,-0.0379569572,0.0009998078,47.7298916974,1067.6423201919,3.0
34121,0.0,42.263054,-316.327423,1677.701294,0.9937884452,0.1048825286,-0.0372045889,0.0009315199,45.8265959121,1061.9588363742,3.0
34122,0.0,44.497385,-315.973343,1677.701294,0.9940407362,0.1024724323,-0.0371016505,0.0009047811,45.010338241,1058.3996072385,3.0
34123,0.0,49.43145,-315.201294,1677.701294,0.99452683,0.0979718849,-0.0363028111,0.0008550044,43.4115757192,1050.0240337425,3.0
34124,0.0,53.947964,-314.548248,1677.701294,0.9951611247,0.0917612702,-0.0351312564,0.0007483965,40.3169061479,1042.2876358697,3.0
34125,0.0,57.235516,-314.112488,1677.701294,0.9958131474,0.0850630124,-0.0334732625,0.00061402,36.3204934442,1036.6022847254,3.0
34126,0.0,61.384941,-313.611481,1677.701294,0.9967587913,0.0737047396,-0.0322416383,0.0004801853,31.8939522663,1029.2978613999,3.0
34127,0.0,64.498932,-313.260162,1677.701294,0.9974248837,0.0648356947,-0.0306583437,0.0004122065,29.3924581508,1023.7837429525,3.0
34128,0.0,68.880814,-312.753204,1677.701294,0.9979355208,0.0571299434,-0.0293405155,0.0003898281,28.3661111726,1015.9926990621,3.0
34129,0.0,72.099754,-312.435059,1677.701294,0.9984445291,0.047915885,-0.0285059691,0.0004339561,29.7583617234,1010.2253335351,3.0
34130,0.0,76.114426,-312.064331,1677.701294,0.9989573931,0.0364663446,-0.0274651136,0.0005696893,33.8505117444,1002.9818391913,3.0
34131,0.0,79.859657,-311.740479,1677.701294,0.9992915644,0.0267272151,-0.0264957617,0.0007556948,38.7194175244,996.1452406809,3.0
34132,0.0,83.113327,-311.490204,1677.701294,0.999517687,0.017501527,-0.0256532637,0.0010055244,44.3996728624,990.3248049605,3.0
34133,0.0,86.635025,-311.225006,1677.701294,0.9996271461,0.0097638105,-0.0254997424,0.0012679802,49.5436820711,984.1351824242,3.0
34134,0.0,90.641876,-310.985413,1677.701294,0.9996713868,-0.0026232811,-0.0254997424,0.0018207617,58.9432029227,977.2146080909,3.0
34135,0.0,93.906212,-310.82724,1677.701294,0.9995354802,-0.0166909236,-0.0254997424,0.0026207677,70.2690838007,971.2248003059,3.0
34136,0.0,95.9506,-310.746613,1677.701294,0.9993387371,-0.0259201015,-0.0254997424,0.0032413659,77.8399303854,967.5549159043,3.0
34137,0.0,99.812004,-310.573792,1677.701294,0.9990161017,-0.0362848689,-0.0254997424,0.0039851984,85.7021768349,960.9150606961,3.0
34138,0.0,103.128609,-310.512299,1677.701294,0.9983840336,-0.051254801,-0.0245411238,0.0052791831,98.0387083341,955.3734289708,3.0
34139,0.0,105.210777,-310.487854,1677.701294,0.9979023723,-0.0599048299,-0.0245411238,0.0061332995,105.2760349816,951.9943517292,3.0
34140,0.0,108.716225,-310.507294,1677.701294,0.9966926956,-0.0777259208,-0.0237139565,0.0081248742,120.4054382292,946.4697210344,3.0
34141,0.0,111.82695,-310.587097,1677.701294,0.9950898687,-0.0963321316,-0.0227216553,0.0105527446,136.4507657843,941.7313943717,3.0
34142,0.0,114.752151,-310.721436,1677.701294,0.9929578149,-0.1164474495,-0.0217891999,0.0135863526,153.9977081843,937.4065250541,3.0
34143,0.0,115.633583,-310.770508,1677.701294,0.9921707168,-0.1230503895,-0.0213511195,0.0146682061,159.7477847859,936.1162710129,3.0
34144,0.0,121.00946,-311.117035,1677.701294,0.9873518397,-0.1574220972,-0.0188315654,0.0209972401,189.284906833,928.5636509279,3.0
34145,0.0,123.381912,-311.303864,1677.701294,0.9850102158,-0.1716210201,-0.0173522397,0.0239794114,201.4263092311,925.339716392,3.0
34146,0.0,124.35125,-311.381897,1677.701294,0.984034926,-0.1771806025,-0.0168017384,0.0252069367,206.1615517607,924.031641383,3.0
34147,0.0,129.91127,-311.95105,1677.701294,0.9774866981,-0.2105242482,-0.0141172201,0.0333351563,234.7351220255,916.7726542208,3.0
34148,0.0,132.604828,-312.209961,1677.701294,0.9756395713,-0.2189828609,-0.0131883901,0.035605021,241.5559928932,913.3721933974,3.0
34149,0.0,135.622849,-312.613892,1677.701294,0.9716025375,-0.2363445689,-0.0113909592,0.0405471793,256.4049324835,909.6590535441,3.0
34150,0.0,138.287506,-313.029938,1677.701294,0.9671949825,-0.2538224105,-0.0103946971,0.0458917303,271.4520321778,906.466105179,3.0
34151,0.0,141.303268,-313.464142,1677.701294,0.9641861019,-0.2650318565,-0.0101624759,0.0495580875,280.7295537374,902.9513588178,3.0
34152,0.0,144.876801,-313.9599,1677.701294,0.9626567621,-0.2705340688,-0.0101624759,0.0515160529,284.7937005386,898.8985347588,3.0
34153,0.0,147.568054,-314.350098,1677.701294,0.9621749244,-0.2722427939,-0.0101624759,0.0522160398,285.7282818635,895.944013053,3.0
34154,0.0,149.817719,-314.692017,1677.701294,0.9619493249,-0.2730388625,-0.0101624759,0.0526109158,286.0035861589,893.5259751631,3.0
34155,0.0,153.23642,-315.241547,1677.701294,0.9618623503,-0.2733451002,-0.010162441,0.0529424817,285.730253831,889.9481178093,3.0
34156,0.0,156.613388,-315.829254,1677.701294,0.9618623503,-0.2733451002,-0.010162441,0.053206531,285.3240486713,886.5351620317,3.0
34157,0.0,158.931305,-316.254211,1677.701294,0.9618623503,-0.2733451002,-0.010162441,0.0534014469,285.0937702637,884.2458231954,3.0
34158,0.0,162.438354,-316.924622,1677.701294,0.9618623503,-0.2733451002,-0.010162441,0.0527235512,282.6400366957,882.099442971,3.0
34159,0.0,167.547684,-317.977295,1677.701294,0.9612126584,-0.2756210251,-0.0101624759,,,,
34160,0.0,169.4670185,-318.4069365,1677.701294,0.960521335,-0.2780095431,-0.0101624759,,,,
34161,0.0,171.386353,-318.836578,1677.701294,0.9598300117,-0.280398061,-0.0101624759,0.0897581273,409.1992990473,988.2203871935,2.0
34162,0.0,173.876038,-319.437897,1677.701294,0.958081177,-0.2863165772,-0.0101624759,0.0922241622,413.1251276938,984.9078063989,2.0
34163,0.0,179.563309,-320.868988,1677.701294,0.9538826791,-0.3000075976,-0.0101624759,0.098123266,422.3175871212,977.6017880804,2.0
34164,0.0,181.363701,-321.347107,1677.701294,0.9523531189,-0.3047869409,-0.0101624759,0.1002004783,425.3138476194,974.8963263607,2.0
34165,0.0,183.164093,-321.825226,1677.701294,0.9508235587,-0.3095662842,-0.0101624759,0.1022776905,428.3101081175,972.190864641,2.0
34166,0.0,188.228043,-323.215515,1677.701294,0.9467911942,-0.3216879835,-0.0101624759,0.1078510842,435.5972905775,964.262451217,2.0
34167,0.0,190.10495,-323.7446745,1677.701294,0.9455280467,-0.325358827,-0.0101624759,0.1096171143,437.3914839671,960.9117819363,2.0
34168,0.0,191.981857,-324.273834,1677.701294,0.9442648992,-0.3290296706,-0.0101624759,0.1113831445,439.1856773568,957.5611126556,2.0
34169,0.0,196.739471,-325.744385,1677.701294,0.9382346257,-0.3458960136,-0.00846965,0.1198776555,450.4539908765,948.8296842958,2.0
34170,0.0,199.533569,-326.60672,1677.701294,0.9358178802,-0.3524007976,-0.0076532988,0.1234864017,454.4330882685,944.0272265118,2.0
34171,0.0,201.493713,-327.2409515,1677.701294,0.9334607307,-0.35855,-0.007013058,0.1268023101,458.1147893079,940.1199314887,2.0
34172,0.0,205.524124,-328.578369,1677.701294,0.9283073046,-0.3717726237,-0.0055375523,0.134001503,465.9015296955,931.71622164,2.0
34173,0.0,208.344589,-329.525421,1677.701294,0.9255162083,-0.3786787115,-0.0047097361,0.1381879946,470.1558678663,926.9126099749,2.0
34174,0.0,211.803116,-330.745148,1677.701294,0.9206265322,-0.3904194403,-0.0044100837,0.145030573,477.168002014,919.9689158384,2.0
34175,0.0,212.3989105,-330.9644625,1677.701294,0.9195749272,-0.3928839007,-0.0041142442,0.146445477,478.5864711623,918.6044054295,2.0
34176,0.0,217.27684,-332.814301,1677.701294,0.9104768936,-0.4135524302,-0.002492729,,,,
34177,0.0,220.327805,-333.971649,1677.701294,0.9066172944,-0.4219508046,-0.0016124741,,,,
34178,0.0,222.402145,-334.783997,1677.701294,0.9039042723,-0.4277332625,-0.001150067,,,,
34179,0.0,226.15123,-336.249176,1677.701294,0.9002194275,-0.4354361547,-0.0005809852,,,,
34180,0.0,228.524979,-337.2099,1677.701294,0.8975486945,-0.4409149691,-0.0005753652,,,,
34181,0.0,230.953018,-338.223572,1677.701294,0.8947694132,-0.4465281248,-0.0005753652,,,,
34182,0.0,234.29924,-339.619171,1677.701294,0.8918956957,-0.4522407953,-0.0005753652,,,,
34183,0.0,236.116165,-340.37442,1677.701294,0.8915151546,-0.4529905056,-0.0005753652,,,,
34184,0.0,239.950775,-341.979492,1677.701294,0.8912503274,-0.4535113262,-0.0005753652,,,,
34185,0.0,242.417877,-343.030029,1677.701294,0.8910592371,-0.4538866653,-0.0005753652,,,,
34186,0.0,245.078476,-344.18985,1677.701294,0.8908518064,-0.4542936582,-0.0005753652,,,,
34187,0.0,247.68045,-345.346741,1677.701294,0.8897467155,-0.4564542158,-0.0005753652,,,,
34188,0.0,250.473053,-346.624969,1677.701294,0.8881919944,-0.4594721429,-0.0005753652,,,,
34189,0.0,254.011017,-348.309601,1677.701294,0.8836936089,-0.468065727,0.0002842443,,,,
34190,0.0,255.353271,-348.96814,1677.701294,0.8814590076,-0.4722604527,0.0002876128,,,,
34191,0.0,258.72052,-350.616333,1677.701294,0.8773519989,-0.4798468222,0.0007052002,,,,
34192,0.0,261.437958,-351.933685,1677.701294,0.8755420284,-0.4831406584,0.0011227701,,,,
34193,0.0,264.06662,-353.2276,1677.701294,0.8733343665,-0.4871196269,0.0012463567,,,,
34194,0.0,267.24353,-354.853729,1677.701294,0.8693172974,-0.4942528533,0.0012463567,,,,
34195,0.0,269.471619,-355.986603,1677.701294,0.8675711314,-0.497309419,0.0019167194,,,,
34196,0.0,272.082245,-357.369293,1677.701294,0.8636458893,-0.5040941534,0.0022050995,,,,
34197,0.0,274.83725,-358.836914,1677.701294,0.8598994083,-0.5104587594,0.0022050995,,,,
34198,0.0,277.657593,-360.384705,1677.701294,0.8544687885,-0.5194946501,0.0028979406,,,,
34199,0.0,279.460175,-361.401794,1677.701294,0.8506341856,-0.5257484878,0.0031638229,,,,
34200,0.0,283.40564,-363.587921,1677.701294,0.8458240084,-0.5334526568,0.0031638229,,,,
34201,0.0,285.55069,-364.968903,1677.701294,0.8420520282,-0.5393870336,0.0031638229,,,,
34202,0.0,287.188324,-366.197357,1677.701294,0.838585404,-0.5447627415,0.0028417587,,,,
34203,0.0,290.471313,-368.864532,1677.701294,0.8337269563,-0.5521725123,0.0022088345,,,,
34204,0.0,291.3962705,-367.897293,1678.392517,0.8327550177,-0.5536355427,0.0018923807,,,,
34205,0.0,292.321228,-366.930054,1679.08374,0.8317830791,-0.5550985731,0.0015759269,,,,
34206,0.0,297.204865,-376.349182,1677.701294,0.8173411973,-0.5761459852,-0.0030283685,,,,
34207,0.0,299.155701,-379.060944,1677.701294,0.8138826543,-0.5810024247,-0.0055863685,,,,
34208,0.0,299.970978,-380.329636,1677.701294,0.8123331845,-0.5831424886,-0.007097305,,,,
34209,0.0,301.90387,-383.542145,1677.701294,0.8084028045,-0.5885289599,-0.0108889464,,,,
34210,0.0,303.41925,-386.371643,1677.701294,0.8059637872,-0.5918184513,-0.0131641322,,,,
34211,0.0,305.006897,-389.50412,1677.701294,0.8042347211,-0.59414694,-0.0139973976,,,,
34212,0.0,305.972626,-391.651337,1677.701294,0.803927608,-0.5945624289,-0.0139971184,,,,
34213,0.0,307.436127,-395.060303,1677.701294,0.803927608,-0.5945624289,-0.0139971184,,,,
34214,0.0,308.703247,-398.168213,1677.701294,0.803927608,-0.5945624289,-0.0139971184,,,,
34215,0.0,309.778778,-401.092255,1677.701294,0.8039198407,-0.5945567712,-0.0146675003,,,,
34216,0.0,310.941864,-404.419586,1677.701294,0.803916449,-0.594554176,-0.0149557622,,,,
34217,0.0,311.844696,-407.176605,1677.701294,0.8039119626,-0.5945509448,-0.015320913,,,,
34218,0.0,313.084259,-411.136169,1677.701294,0.8039053974,-0.5945463282,-0.0158358972,,,,
34219,0.0,313.2681986667,-411.71995,1677.701294,0.8040354351,-0.5943676925,-0.0159357347,,,,
34220,0.0,313.4521383333,-412.303731,1677.701294,0.8041654728,-0.5941890567,-0.0160355723,,,,
34221,0.0,313.636078,-412.887512,1677.701294,0.8042955105,-0.594010421,-0.0161354098,,,,
34222,0.0,316.399261,-422.541534,1677.701294,0.8111401766,-0.5846207224,-0.0164385158,,,,
34223,0.0,317.638397,-427.090515,1677.701294,0.8161423738,-0.5776834884,-0.0139072951,,,,
34224,0.0,318.731232,-431.226837,1677.701294,0.8210203684,-0.5708017219,-0.0105332338,,,,
34225,0.0,319.81897,-435.44989,1677.701294,0.8253798207,-0.5645283354,-0.0074773048,,,,
34226,0.0,320.74707,-439.118622,1677.701294,0.8293029165,-0.5587878041,-0.0035864519,,,,
34227,0.0,321.06134,-440.388519,1677.701294,0.8304163239,-0.5571399876,-0.0019399148,,,,
34228,0.0,322.119415,-444.797424,1677.701294,0.8328042791,-0.5535647257,0.0017683841,,,,
34229,0.0,323.133759,-449.05249,1677.701294,0.83502731,-0.550185925,0.0049839241,,,,
34230,0.0,324.010773,-452.782898,1677.701294,0.8369536218,-0.5472127649,0.0081746472,,,,
34231,0.0,324.957825,-456.818695,1677.701294,0.8391053502,-0.543832528,0.0121816605,,,,
34232,0.0,325.727997,-460.132874,1677.701294,0.8405717916,-0.5414940573,0.0149415219,,,,
34233,0.0,326.62207,-464.021973,1677.701294,0.8417581436,-0.5395543789,0.0180083286,,,,
34234,0.0,327.268433,-466.855927,1677.701294,0.8423692172,-0.5385318754,0.019937931,,,,
34235,0.0,328.18985,-470.925964,1677.701294,0.8428534197,-0.5377126311,0.0215229949,,,,
34236,0.0,328.4079745,-471.889633,1677.701294,0.8429587495,-0.5375333624,0.0218693337,,,,
34237,0.0,328.626099,-472.853302,1677.701294,0.8430640793,-0.5373540937,0.0222156725,,,,
34238,0.0,330.468964,-480.961731,1677.701294,0.8445511542,-0.5349119211,0.0245475971,,,,
34239,0.0,331.359589,-484.916626,1677.701294,0.8447896386,-0.5345136805,0.0250118342,,,,
34240,0.0,332.062897,-488.032654,1677.701294,0.8450360268,-0.5341081669,0.0253491517,,,,
34241,0.0,334.97226,-485.466644,1677.243042,0.8452344084,-0.5337851392,0.0255385982,,,,
34242,0.0,335.998474,-489.671021,1677.081299,0.8454404245,-0.5334493146,0.0257355288,,,,
34243,0.0,336.990845,-494.633179,1676.83252,0.8456587214,-0.5330930628,0.0259444273,,,,
34244,0.0,337.79126,-499.113098,1676.610352,0.8458643577,-0.5327570909,0.0261413558,,,,
34245,0.0,338.819794,-504.749176,1676.351807,0.8458947104,-0.5327074625,0.0261705626,,,,
34246,0.0,339.2995,-506.711243,1676.392456,0.8458947104,-0.5327074625,0.0261705626,,,,
34247,0.0,339.970795,-512.740479,1675.660156,0.845885459,-0.532701389,0.0265898541,,,,
34248,0.0,340.5213165,-515.410492,1675.599304,0.8461095398,-0.5323316256,0.0268594015,,,,
34249,0.0,341.071838,-518.080505,1675.538452,0.8463336206,-0.5319618622,0.0271289489,,,,
34250,0.0,341.893738,-521.41803,1675.620483,0.8463651943,-0.5318713388,0.0279076466,,,,
34251,0.0,342.671021,-525.417358,1675.513916,0.8463374126,-0.5318538803,0.0290591488,,,,
34252,0.0,342.742844,-525.5862425,1675.7523195,0.846375731,-0.531786785,0.0291705145,,,,
34253,0.0,342.814667,-525.755127,1675.990723,0.8464140495,-0.5317196896,0.0292818802,,,,
34254,0.0,345.299622,-536.404602,1676.728394,0.8473592641,-0.5301105604,0.0310655968,,,,
34255,0.0,346.065384,-539.760559,1676.7247315,0.8478275128,-0.5292886181,0.0322456193,,,,
34256,0.0,347.708313,-546.946045,1676.710815,0.8487258781,-0.5276896698,0.0347562398,,,,
34257,0.0,348.608459,-550.824158,1676.927368,0.8496513143,-0.5261315927,0.0357518021,,,,
34258,0.0,349.528076,-554.555359,1676.950195,0.8501805058,-0.5252094251,0.0367173992,,,,
34259,0.0,350.185608,-557.472046,1676.968018,0.8509184202,-0.5239584577,0.0374883559,,,,
34260,0.0,351.076111,-560.982544,1676.954956,0.851529047,-0.5229455653,0.0377653005,,,,
34261,0.0,352.279541,-565.637207,1676.798218,0.8531427254,-0.5203088252,0.037765283,,,,
34262,0.0,353.131165,-568.4599,1676.513306,0.8544029294,-0.5182368342,0.0377653005,,,,
34263,0.0,353.925903,-571.247375,1676.264648,0.8559322965,-0.5157069767,0.0377653005,,,,
34264,0.0,355.065063,-575.239502,1675.843384,0.8578615872,-0.5124912493,0.037765283,,,,
34265,0.0,355.820801,-578.562439,1675.950562,0.8598797246,-0.5090978713,0.037765283,,,,
34266,0.0,356.564178,-581.326782,1675.649902,0.861596455,-0.5061870525,0.037765283,,,,
34267,0.0,357.709259,-586.147888,1675.010376,0.8634446537,-0.5030279435,0.0377653005,,,,
34268,0.0,357.74108125,-586.54466225,1675.0104065,0.863673671,-0.5026285648,0.0378373395,,,,
34269,0.0,357.7729035,-586.9414365,1675.010437,0.8639026884,-0.5022291862,0.0379093785,,,,
34270,0.0,357.80472575,-587.33821075,1675.0104675,0.8641317057,-0.5018298076,0.0379814175,,,,
34271,0.0,357.836548,-587.734985,1675.010498,0.8924218126,-0.4498510061,0.0348909847,,,,
34272,0.0,361.137115,-599.708069,1675.914062,0.8759626079,-0.4807441122,0.0396813331,,,,
34273,0.0,361.299927,-611.391602,1677.701294,0.8801334458,-0.4730784863,0.0395204179,,,,
34274,0.0,362.924347,-617.398804,1677.701294,0.8825203711,-0.4686771796,0.0387233259,,,,
34275,0.0,363.728699,-620.216248,1677.701294,0.8851699599,-0.4637568842,0.0374659093,,,,
34276,0.0,364.90509,-624.358582,1677.701294,0.8881687139,-0.4581051043,0.0360006828,,,,
34277,0.0,365.911865,-627.772888,1677.701294,0.8917332183,-0.4512014019,0.0350594106,,,,
34278,0.0,366.721649,-630.471924,1677.701294,0.8943754738,-0.4459822923,0.0345297971,,,,
34279,0.0,367.906921,-634.460022,1677.701294,0.8969010243,-0.4409178975,0.03405819,,,,
34280,0.0,369.22049,-638.62207,1677.701294,0.9024174287,-0.429591127,0.0330794203,,,,
34281,0.0,370.09256,-641.508545,1677.701294,0.9030054682,-0.4283617632,0.0329746007,,,,
34282,0.0,372.245758,-648.508545,1677.701294,0.9048196153,-0.4245163596,0.0329746007,,,,
34283,0.0,373.173645,-651.291382,1677.701294,0.9077171715,-0.4182848459,0.0329746007,,,,
34284,0.0,374.523285,-655.398804,1677.701294,0.9102011907,-0.4128516297,0.0329746007,,,,
34285,0.0,375.719543,-658.947266,1677.701294,0.9132268188,-0.4060416023,0.0338673088,,,,
34286,0.0,375.85350775,-659.3306735,1677.701294,0.9136055752,-0.4051720782,0.0340245103,,,,
34287,0.0,375.9874725,-659.714081,1677.701294,0.9139843316,-0.404302554,0.0341817119,,,,
34288,0.0,376.12143725,-660.0974885,1677.701294,0.914363088,-0.4034330298,0.0343389134,,,,
34289,0.0,376.255402,-660.480896,1677.701294,0.9147418444,-0.4025635057,0.0344961149,,,,
34290,0.0,376.255402,-660.480896,1677.701294,0.9351710671,-0.3513935485,0.0444707697,,,,
34291,0.0,381.29538,-674.492737,1677.701294,0.9271513303,-0.372462752,0.0407665201,,,,
34292,0.0,384.228485,-682.295471,1677.701294,0.9320061927,-0.359900812,0.0428469643,,,,
34293,0.0,386.323517,-687.734863,1677.701294,0.9341685186,-0.354110467,0.0439881353,,,,
34294,0.0,387.653259,-691.167236,1677.701294,0.9350277185,-0.3517835508,0.044401566,,,,
34295,0.0,388.77301,-693.938416,1677.701294,0.9368281022,-0.3468529856,0.0452339838,,,,
34296,0.0,390.244446,-697.498352,1677.701294,0.9388519407,-0.3412101896,0.0461805153,,,,
34297,0.0,391.802277,-701.260681,1677.701294,0.9408643784,-0.3354880203,0.0471381978,,,,
34298,0.0,393.333679,-704.901367,1677.701294,0.942913242,-0.3295532799,0.048054695,,,,
34299,0.0,395.034271,-708.880371,1677.701294,0.9443658404,-0.3251871651,0.0492591843,,,,
34300,0.0,396.244263,-711.677917,1677.701294,0.9453678054,-0.3221422296,0.0500409468,,,,
34301,0.0,397.483459,-714.51123,1677.701294,0.9463007506,-0.3193040608,0.0505945263,,,,
34302,0.0,399.450134,-718.989807,1677.701294,0.9473376178,-0.3161248661,0.051151803,,,,
34303,0.0,400.995178,-722.391724,1677.701294,0.9490524808,-0.3107834457,0.0520868366,,,,
34304,0.0,401.14545425,-722.7212985,1677.701294,0.9491963728,-0.3103268356,0.0521803324,,,,
34305,0.0,401.2957305,-723.050873,1677.701294,0.9493402649,-0.3098702254,0.0522738282,,,,
34306,0.0,401.44600675,-723.3804475,1677.701294,0.949484157,-0.3094136152,0.0523673241,,,,
34307,0.0,401.596283,-723.710022,1677.701294,0.949628049,-0.3089570051,0.0524608199,,,,
34308,0.0,401.596283,-723.710022,1677.701294,0.9657876152,-0.252572794,0.0588325252,,,,
34309,0.0,408.372528,-738.069946,1677.701294,0.9657876152,-0.252572794,0.0588325252,,,,
34310,0.0,410.763519,-742.905945,1677.701294,0.9589725061,-0.2777169801,0.0569650023,,,,
34311,0.0,413.315826,-747.9328,1677.701294,0.9620722263,-0.2666261462,0.0576847424,,,,
34312,0.0,415.182678,-751.555786,1677.701294,0.9645164603,-0.2574806058,0.058410063,,,,
34313,0.0,417.231659,-755.214539,1677.701294,0.9703157665,-0.2344619286,0.0592867383,,,,
34314,0.0,418.214722,-756.982666,1677.701294,0.9724784149,-0.2252631734,0.0595166801,,,,
34315,0.0,420.92453,-761.890686,1677.701294,0.9749322314,-0.2143183432,0.0597895642,,,,
34316,0.0,422.594788,-764.984436,1677.701294,0.9749322314,-0.2143183432,0.0597895642,,,,
34317,0.0,424.319946,-768.072754,1677.701294,0.9760095796,-0.2093573653,0.0597895816,,,,
34318,0.0,425.873474,-770.767395,1677.701294,0.9771687168,-0.2038786575,0.0597895642,,,,
34319,0.0,428.253876,-774.838867,1677.701294,0.9791926494,-0.1939251487,0.0597895642,,,,
34320,0.0,430.098785,-777.909363,1677.701294,0.9807732157,-0.185766271,0.0597895642,,,,
34321,0.0,433.746948,-783.828857,1677.701294,0.9838915172,-0.1681801872,0.0606045137,,,,
34322,0.0,434.1440885,-784.468811,1677.701294,0.9842063295,-0.1662813542,0.0607017148,,,,
34323,0.0,434.541229,-785.108765,1677.701294,0.9845211418,-0.1643825212,0.0607989159,,,,
34324,0.0,439.588257,-792.973938,1677.701294,0.9878905381,-0.1421450751,0.0621857081,,,,
34325,0.0,440.9512025,-794.9804995,1677.701294,0.9889821802,-0.1337498956,0.0628734356,,,,
34326,0.0,443.834778,-799.158447,1677.701294,0.9913126107,-0.1146891742,0.0643871202,,,,
34327,0.0,446.153381,-802.490723,1677.701294,0.9925604396,-0.1027538302,0.065310215,,,,
34328,0.0,448.216461,-805.461548,1677.701294,0.9932709418,-0.0954911701,0.0655307003,,,,
34329,0.0,449.5482635,-807.2753905,1677.701294,0.9940103159,-0.0870482052,0.0655306916,,,,
34330,0.0,452.559723,-811.318848,1677.701294,0.9954077176,-0.0693967005,0.0659361342,,,,
34331,0.0,454.59314,-814.041992,1677.701294,0.9959094583,-0.0613686817,0.0663191965,,,,
34332,0.0,456.0751345,-815.9684445,1677.701294,0.996312155,-0.0538086594,0.066403275,,,,
34333,0.0,459.627136,-820.476929,1677.701294,0.9972273344,-0.0317742368,0.067290723,,,,
34334,0.0,461.71228,-823.05835,1677.701294,0.9974787577,-0.022078147,0.0674439283,,,,
34335,0.0,463.709961,-825.483093,1677.701294,0.9976612491,-0.0111063434,0.0674439109,,,,
34336,0.0,466.223511,-828.484497,1677.701294,0.997722625,0.0009381898,0.0674439283,,,,
34337,0.0,466.6128133333,-828.943217,1677.701294,0.9977155147,0.0028225292,0.0674439283,,,,
34338,0.0,467.0021156667,-829.401937,1677.701294,0.9977084045,0.0047068687,0.0674439283,,,,
34339,0.0,467.391418,-829.860657,1677.701294,0.9977012942,0.0065912081,0.0674439283,,,,
34340,0.0,474.796967,-838.10144,1677.701294,0.9961600884,0.0558246789,0.0674439283,,,,
34341,0.0,479.147461,-842.727173,1677.701294,0.995109965,0.07216283,0.0674439283,,,,
34342,0.0,481.796906,-845.541992,1677.701294,0.9947756114,0.0766341932,0.0674439283,,,,
34343,0.0,484.001587,-847.808105,1677.701294,0.9942264196,0.0834574334,0.0674439283,,,,
34344,0.0,486.417053,-850.262329,1677.701294,0.9937037944,0.0894655546,0.0674439283,,,,
34345,0.0,489.338654,-853.137146,1677.701294,0.992749111,0.0995013639,0.0674439109,,,,
34346,0.0,492.375854,-855.960449,1677.701294,0.990014071,0.1237879565,0.0674439109,,,,
34347,0.0,494.048401,-857.50769,1677.701294,0.9895449614,0.1274836688,0.0674439283,,,,
34348,0.0,497.772919,-861.028198,1677.701294,0.9890905355,0.1309627013,0.0674439283,,,,
34349,0.0,500.243103,-863.317688,1677.701294,0.9886095656,0.1341795292,0.0681687669,,,,
34350,0.0,502.571411,-865.4328,1677.701294,0.9882134954,0.1369506187,0.0684004062,,,,
34351,0.0,506.347046,-868.802734,1677.701294,0.9875366149,0.1417491231,0.068400441,,,,
34352,0.0,508.729126,-870.885437,1677.701294,0.987070605,0.144958616,0.068400441,,,,
34353,0.0,509.721741,-871.733643,1677.701294,0.9866495957,0.1477970057,0.068400441,,,,
34354,0.0,513.875732,-875.185181,1677.701294,0.9844439885,0.1618376062,0.0684004584,,,,
34355,0.0,517.331177,-877.956055,1677.701294,0.9816142989,0.1781986124,0.0684004584,,,,
34356,0.0,520.551453,-880.497742,1677.701294,0.979429597,0.1895044758,0.069323287,,,,
34357,0.0,522.617493,-882.070312,1677.701294,0.9773808063,0.1993823904,0.0705224925,,,,
34358,0.0,523.524414,-880.217285,1675.645142,0.9752014035,0.2093681231,0.0717440701,,,,
34359,0.0,527.294373,-883.215393,1675.524048,0.9726973611,0.2202578304,0.0731186145,0.1492684782,495.6321269448,942.9826150201,1.0
34360,0.0,529.56897,-885.251587,1675.312012,0.9704819039,0.2293288243,0.0746536305,0.1456272594,489.6020462093,942.1571942111,1.0
34361,0.0,532.338135,-887.478027,1675.193481,0.9680984341,0.2389187066,0.0755200201,0.141877151,483.1136964893,940.926952261,1.0
34362,0.0,535.876099,-890.164673,1675.078491,0.965924007,0.2474054095,0.0760353609,0.1392120539,478.1474206118,939.4527776068,1.0
34363,0.0,540.266418,-893.145264,1675.251465,0.9601216768,0.2687683199,0.0770062077,0.1301103636,462.1355848903,936.9264042331,1.0
34364,0.0,542.3555905,-894.53064,1675.4263305,0.9578401824,0.2766670077,0.0770062164,0.1270619333,456.369695716,935.5692807232,1.0
34365,0.0,547.000366,-897.57196,1675.709717,0.9535440727,0.2912451592,0.0770062251,0.1219780038,446.0154813473,931.8775202029,1.0
34366,0.0,549.942993,-899.37677,1676.078491,0.9522222306,0.2955382628,0.0770062251,0.1211435718,443.3035377103,929.1893267488,1.0
34367,0.0,553.831604,-901.801086,1676.430664,0.9512072778,0.2987888193,0.0770062077,0.1213602925,442.3888780286,926.4972700661,1.0
34368,0.0,554.4641725,-902.167938,1676.548767,0.9511434458,0.2989918774,0.0770062164,0.1215780011,442.5567900593,926.0731445009,1.0
34369,0.0,559.395264,-905.118835,1676.728149,0.9510796138,0.2991949356,0.0770062251,0.1240625167,445.0427663817,922.5125275004,1.0
34370,0.0,561.6307375,-906.464233,1676.722778,0.9510796138,0.2991949356,0.0770062251,0.1253703728,446.3670296942,920.7625645116,1.0
34371,0.0,566.848022,-909.574524,1676.705078,0.9510796138,0.2991949356,0.0770062251,0.1285365877,449.5432072902,916.5736886551,1.0
34372,0.0,569.624268,-911.132263,1676.589722,0.9510796138,0.2991949356,0.0770062251,0.1302810867,451.177043953,914.1514397473,1.0
34373,0.0,572.897644,-912.897095,1676.340088,0.9510796138,0.2991949356,0.0770062251,0.1324035339,452.9982005653,910.9722900608,1.0
34374,0.0,575.942627,-914.54364,1676.097656,0.9510796138,0.2991949356,0.0770062251,0.1344758372,454.7867106872,907.9986399249,1.0
34375,0.0,578.69635,-916.011047,1675.846313,0.9509001531,0.2997648081,0.0770062251,0.1360192262,455.8856741503,905.3887229519,1.0
34376,0.0,581.706848,-917.662537,1675.482788,0.9502682788,0.3017618965,0.0770062077,0.137109903,456.1395932125,902.5468235705,1.0
34377,0.0,585.556458,-919.788635,1675.047729,0.9486753562,0.3067329661,0.0770062077,0.1374580032,454.8297683498,898.8988584277,1.0
34378,0.0,587.93927,-921.12854,1674.93042,0.9477370194,0.309620063,0.0770062251,0.1377888588,454.2121326372,896.6794541186,1.0
34379,0.0,592.184692,-923.669128,1674.739624,0.9458045297,0.3154739855,0.0770062077,0.1382223044,452.8575446404,892.7063653683,1.0
34380,0.0,595.069824,-925.320862,1674.773315,0.9435876402,0.3220441066,0.0770062251,0.1372168499,449.9684892642,890.0148004178,1.0
34381,0.0,597.828674,-926.90033,1674.871216,0.9411515052,0.3290955569,0.0770062251,0.1358705057,446.608632476,887.4144136976,1.0
34382,0.0,600.484863,-928.379456,1674.977783,0.9391538608,0.334753741,0.0770062251,0.1351750268,444.2953857697,884.9210631449,1.0
34383,0.0,603.918152,-930.214722,1675.013306,0.9358794571,0.3438018079,0.0770062251,0.1333829925,439.9569009836,881.7232578543,1.0
34384,0.0,604.7743835,-930.576996,1675.3425295,0.9351216416,0.3458644377,0.076944615,0.1329069842,438.8487135899,880.9639300073,1.0
34385,0.0,605.630615,-930.93927,1675.671753,0.934363826,0.3479270675,0.0768830048,0.1324309759,437.7405261963,880.2046021603,1.0
34386,0.0,613.405334,-934.399353,1676.616821,0.9266654996,0.3683095159,0.07509429,0.1281354408,427.5559639083,873.0138311493,1.0
34387,0.0,618.911682,-936.959229,1676.701294,0.9224693528,0.3788710708,0.0742091969,0.1272798857,423.6805522812,867.8051110225,1.0
34388,0.0,622.065247,-938.712891,1676.622803,0.9181151888,0.3894905219,0.0732231754,0.1246623758,418.1216410655,864.7592439257,1.0
34389,0.0,625.085327,-940.007996,1676.78418,0.9137903053,0.3996228459,0.0727245414,0.1220637636,412.5005955552,861.5704210196,1.0
34390,0.0,628.671448,-941.605408,1676.698853,0.9097106494,0.4089029083,0.0722837871,0.1201896774,408.0290008149,858.4211947307,1.0
34391,0.0,631.660583,-942.945618,1676.651611,0.9045469034,0.4203976156,0.0711389091,0.1167831518,401.1993147424,855.4998171065,1.0
34392,0.0,634.920532,-944.70575,1676.540649,0.8986190241,0.4331445608,0.0697827988,0.1130978951,393.8479991876,852.5634259771,1.0
34393,0.0,638.257507,-946.453979,1676.351685,0.8937529275,0.4431651231,0.0693568908,0.1107735024,371.3393301354,811.7288689255,3.0
34394,0.0,642.280701,-948.609863,1675.994995,0.8858281415,0.4588007471,0.0693568908,0.1047341471,361.4573533342,811.2932170405,3.0
34395,0.0,645.739441,-950.256897,1675.78894,0.883080416,0.4640674501,0.0693569082,0.1035522572,359.1959452396,810.5525947707,3.0
34396,0.0,648.556396,-951.719604,1675.86438,0.8793844234,0.4711642197,0.0684639613,0.1012287386,355.2226668931,810.237673989,3.0
34397,0.0,652.481628,-953.427002,1675.689697,0.8754828585,0.4785138827,0.0674850242,0.0993707478,351.7736376362,809.4412004195,3.0
34398,0.0,655.960022,-954.842773,1675.523315,0.8727439063,0.4837519656,0.0655904712,0.098200268,349.4861081511,808.7069774019,3.0
34399,0.0,659.155701,-956.030701,1675.501221,0.8682663139,0.492193506,0.0621221441,0.0954298822,344.4463382757,807.943321482,3.0
34400,0.0,662.887817,-957.444763,1675.365601,0.865463508,0.4973850253,0.0598419,0.0946123859,342.6783299197,807.0881586079,3.0
34401,0.0,666.166687,-958.148621,1675.244629,0.8629701215,0.5019016352,0.0581146974,0.0938496475,340.8511260045,805.8789895971,3.0
34402,0.0,669.724548,-958.813293,1675.383789,0.8596469563,0.5077937702,0.056147997,0.0925612361,338.0514078214,804.5311685678,3.0
34403,0.0,675.23407,-959.480103,1676.108154,0.8547241429,0.5163481996,0.0532087992,0.0909548986,334.2655552387,802.1775158758,3.0
34404,0.0,677.682312,-959.525818,1676.3747555,0.8531079971,0.519200188,0.051217161,0.0906214301,333.161573364,800.9272040531,3.0
34405,0.0,680.130554,-959.571533,1676.641357,0.8514918513,0.5220521765,0.0492255229,0.0902879615,332.0575914893,799.6768922303,3.0
34406,0.0,684.264404,-959.45874,1677.010376,0.8496634936,0.5253192689,0.0459522942,0.0903557615,331.3269949828,797.6321724331,3.0
34407,0.0,688.276062,-959.131714,1677.361816,0.8489855609,0.5266462386,0.0432117665,0.0912600746,332.0432262789,795.5744667833,3.0
34408,0.0,694.287903,-958.195129,1677.702637,0.8483245219,0.5279842164,0.0397262225,0.093104632,333.6064167899,791.7449822966,3.0
34409,0.0,697.715088,-957.33783,1677.900146,0.8479505614,0.5287612539,0.0373012305,0.0941531915,334.3671286082,789.3362683887,3.0
34410,0.0,701.555542,-956.28949,1677.962646,0.8477576131,0.529201161,0.0354000094,0.0952841487,335.0070406089,786.3728436729,3.0
34411,0.0,705.135376,-955.218933,1677.974609,0.8473738318,0.5298924407,0.0342285046,0.0962542585,335.4117171738,783.5447070907,3.0
34412,0.0,708.203369,-954.151611,1677.830566,0.8472434167,0.5301595866,0.0333077406,0.0972286734,335.9250348261,781.0015425211,3.0
34413,0.0,710.4888,-953.3997495,1677.8555295,0.8467696954,0.5309537848,0.032678903,0.0977032445,335.9007240658,779.1500570386,3.0
34414,0.0,712.774231,-952.647888,1677.880493,0.8462959742,0.531747983,0.0320500653,0.0981778157,335.8764133055,777.2985715562,3.0
34415,0.0,716.283508,-951.310547,1677.810669,0.8442813095,0.5350534264,0.0301148026,0.0977707783,333.9076391879,774.266366664,3.0
34416,0.0,716.7663166667,-951.080587,1677.381836,0.8438846464,0.5356780824,0.0301098074,0.0975990245,333.4254671877,773.7932346705,3.0
34417,0.0,717.2491253333,-950.850627,1676.953003,0.8434879832,0.5363027385,0.0301048122,0.0974272707,332.9432951875,773.3201026769,3.0
34418,0.0,717.731934,-950.620667,1676.52417,0.8120502187,0.5828108117,0.0300998345,0.0749758501,293.61098449,772.8469706834,3.0
34419,0.0,728.5271,-946.544312,1677.424683,0.8300985749,0.5569088417,0.0280873276,0.0914244397,318.9892208114,763.6426479166,3.0
34420,0.0,734.162476,-943.859436,1677.413452,0.8221326911,0.5686026207,0.0280873276,0.0876270179,310.4061155015,758.2718842334,3.0
34421,0.0,739.491333,-941.566101,1678.049561,0.8172907228,0.575540595,0.0280873276,0.0862486881,306.0956911429,753.4218593264,3.0
34422,0.0,744.029175,-939.30719,1678.189697,0.8137989448,0.5804166512,0.0291168076,0.0855601224,303.1452778597,749.0214291669,3.0
34423,0.0,747.075256,-937.869385,1678.450806,0.8123223581,0.5824393553,0.0299463496,0.0856912242,302.1738998324,746.0755035546,3.0
34424,0.0,748.933105,-937.061218,1678.720459,0.8112381741,0.5839050851,0.0307811046,0.0857104236,301.5088282907,744.3537744568,3.0
34425,0.0,754.86084,-934.540405,1679.33728,0.8086512764,0.5873653115,0.0329409167,0.0864258183,300.5408200563,739.0248903116,3.0
34426,0.0,756.117065,-933.772705,1679.326538,0.8086108361,0.5874190936,0.0329746007,0.0868487151,300.674156823,737.6319950601,3.0
34427,0.0,761.733032,-931.280457,1679.639893,0.8086108361,0.5874190936,0.0329746007,0.0890740347,302.2636385379,732.6362660679,3.0
34428,0.0,765.089294,-929.459412,1679.685425,0.8086108361,0.5874190936,0.0329746007,0.0903697388,303.0029957426,729.3916121923,3.0
34429,0.0,768.373718,-927.512634,1679.748901,0.8076638814,0.5887204178,0.0329746007,0.0908649661,302.3477106252,725.9222808483,3.0
34430,0.0,771.287964,-925.677856,1679.791382,0.8045796321,0.5928499306,0.0343595018,0.089784459,299.2589667108,722.6123837143,3.0
34431,0.0,775.411743,-923.52771,1679.566162,0.7981410362,0.601246984,0.0383790366,0.0871685732,293.2289137359,718.1058649878,3.0
34432,0.0,778.346558,-921.735779,1679.4729,0.7947859523,0.6055031833,0.0410022565,0.0861368956,290.1458432717,714.6054273345,3.0
34433,0.0,781.365173,-919.662598,1678.825195,0.7910896623,0.6101423289,0.0436289427,0.0848214741,286.4652826511,710.746053321,3.0
34434,0.0,783.925903,-917.915527,1678.864868,0.7866374575,0.6155765488,0.047613266,0.0831365144,282.5362102239,707.7544637632,3.0
34435,0.0,787.697998,-915.215759,1678.177979,0.7814216179,0.6217787831,0.0526440876,0.0814755502,278.0601891064,703.3014192443,3.0
34436,0.0,791.125,-912.865112,1677.92688,0.7785025993,0.6251803117,0.0555272981,0.0810847857,275.8505967626,699.3206427987,3.0
34437,0.0,793.014526,-911.549744,1677.74585,0.7780761827,0.6256722901,0.0559610525,0.0814810834,275.5839348619,697.0155332248,3.0
34438,0.0,796.864929,-908.940857,1677.349121,0.7780761827,0.6256722901,0.0559610525,0.082742253,275.8088471079,692.4752746127,3.0
34439,0.0,799.136902,-907.623352,1677.101562,0.7792579808,0.6242809019,0.0550486592,0.0841883809,277.0774054699,689.9198370129,3.0
34440,0.0,801.289856,-906.658508,1676.78064,0.7804461651,0.6228754791,0.0541287434,0.0856293129,278.4453453298,687.7264296001,3.0
34441,0.0,803.273315,-905.934875,1676.288818,0.7805523271,0.6227495822,0.0540464845,0.0864624474,279.1294663026,686.2358906883,3.0
34442,0.0,805.284912,-905.45752,1676.165405,0.7805523271,0.6227495822,0.0540464845,0.0873227105,279.944371325,684.9948166736,3.0
34443,0.0,807.385986,-904.940186,1676.183838,0.7805523271,0.6227495822,0.0540464845,0.0882093165,280.7714716967,683.7157424603,3.0
34444,0.0,809.148315,-904.506836,1676.269165,0.7828411829,0.6197610413,0.0552805042,0.0905426811,283.8367598357,682.6325415594,3.0
34445,0.0,811.806824,-903.677063,1676.588867,0.7915665044,0.608338311,0.05785299,0.0978328794,293.6410105065,680.6909189628,3.0
34446,0.0,813.603088,-903.129211,1676.735107,0.794416119,0.6045210695,0.0587988638,0.1007429408,297.1254900708,679.2673254445,3.0
34447,0.0,816.459167,-902.28772,1677.008423,0.8001004764,0.5964391011,0.0640283242,0.1066596944,303.5664589402,675.5216571747,3.0
34448,0.0,817.346069,-902.02121,1677.109558,0.8013649174,0.5945504499,0.0656968934,0.1083785733,305.3422672572,674.4018549467,3.0
34449,0.0,818.232971,-901.7547,1677.210693,0.8026293583,0.5926617987,0.0673654626,0.1100974523,307.1180755743,673.2820527188,3.0
34450,0.0,822.294189,-904.158325,1677.701294,0.8078937054,0.5852588384,0.0691364799,0.1184126601,317.2653838139,672.1426126568,3.0
34451,0.0,822.587799,-903.627197,1677.701294,0.8099932414,0.5823806572,0.0687815458,0.1204870225,319.3559536925,671.1285679887,3.0
34452,0.0,823.057678,-902.189148,1677.701294,0.8126605993,0.5787968549,0.067653168,0.1234196746,321.7437598607,668.5507106745,3.0
34453,0.0,823.068939,-901.4291685,1677.701294,0.8130197899,0.5783575921,0.0670870659,0.1238695067,321.6894852713,667.3064574875,3.0
34454,0.0,822.926208,-899.480469,1677.701294,0.813518795,0.5779765189,0.0642675167,0.1244397815,320.8717003766,664.1807580867,3.0
34455,0.0,822.7315975,-898.5371095,1677.701294,0.8141071356,0.5772344873,0.0634695587,0.1249915737,320.8109551665,662.6900148399,3.0
34456,0.0,822.105774,-896.046265,1677.701294,0.8168220554,0.5735739035,0.0617633141,0.1275129504,321.8771994303,658.724255487,3.0
34457,0.0,821.540466,-894.326782,1677.701294,0.8190813894,0.5704464668,0.0607988984,0.1295771725,322.9395591031,655.9747179251,3.0
34458,0.0,820.988342,-892.840637,1677.701294,0.8213815649,0.5672150398,0.0599951956,0.1316364597,324.1380657182,653.5988018336,3.0
34459,0.0,820.119446,-890.696289,1677.701294,0.8229965229,0.5648910791,0.0597895642,0.1331799552,324.2012978849,650.1956942248,3.0
34460,0.0,819.237183,-888.683228,1677.701294,0.8230599716,0.5647986288,0.0597895642,0.1334025068,322.9306387759,647.1454726542,3.0
34461,0.0,818.32373,-886.725403,1677.701294,0.8235777987,0.5640432745,0.0597895816,0.1339966293,322.2482321185,644.4472794637,3.0
34462,0.0,817.367065,-884.764832,1677.701294,0.8236010809,0.5640092797,0.0597895642,0.134156242,321.0742052626,641.7447686804,3.0
34463,0.0,816.265747,-882.59491,1677.701294,0.8236010809,0.5640092797,0.0597895642,0.134377728,319.7229434714,638.5549805749,3.0
34464,0.0,815.315674,-881.217407,1677.701294,0.8236213949,0.5640232543,0.0593764819,0.13482176,318.9611834583,636.0593892861,3.0
34465,0.0,813.811279,-879.356018,1677.701294,0.8236456039,0.5640398329,0.0588811181,0.1349806351,317.6017611831,633.0026026038,3.0
34466,0.0,812.641418,-878.189819,1677.701294,0.8227662991,0.5653680585,0.0584343688,0.1347181212,316.0936023821,630.5658719198,3.0
34467,0.0,811.343201,-877.372559,1677.701294,0.8216454963,0.5670474719,0.0579296383,0.134524074,314.6967683646,628.1993071704,3.0
34468,0.0,810.3573,-876.784363,1677.701294,0.8188256747,0.5711977997,0.0570752844,0.1327610421,311.7622367542,626.164197805,3.0
34469,0.0,809.514282,-876.465942,1677.701294,0.8161197689,0.5750728941,0.0569182685,0.1319756803,309.6859526989,623.7108349563,3.0
34470,0.0,809.075073,-876.37915,1677.701294,0.8096511233,0.5841449899,0.0569182685,0.1280507305,304.5850845206,622.1148447254,3.0
34471,0.0,808.78595,-876.547424,1677.701294,0.8060037589,0.5890741694,0.0578754147,0.127281549,302.6850793918,619.9719526368,3.0
34472,0.0,808.782104,-876.829712,1677.701294,0.8015168551,0.5949815858,0.0597297541,0.1257493711,300.0881226679,618.13318997,3.0
34473,0.0,808.927734,-877.232361,1677.701294,0.7974561887,0.6003145573,0.0607129256,0.1247288636,298.0929551961,616.3624817465,3.0
34474,0.0,809.179443,-877.727539,1677.701294,0.7958057828,0.6024973118,0.0607465657,0.1254681953,298.0917267259,614.6624609711,3.0
34475,0.0,809.586365,-878.411621,1677.701294,0.7922487949,0.6070757621,0.061651164,0.1252511083,296.9385899758,612.7796022632,3.0
34476,0.0,810.061218,-879.138916,1677.701294,0.7883146913,0.6121704208,0.0617035113,0.1245881618,295.3433705278,610.999016549,3.0
34477,0.0,810.605103,-879.922241,1677.701294,0.7829800904,0.6189788806,0.0617035113,0.1229153161,292.6049885865,609.1675938698,3.0
34478,0.0,811.390686,-881.021912,1677.701294,0.7779455206,0.6252946871,0.0617034939,0.1222002915,290.7832390406,607.0278480683,3.0
34479,0.0,812.199707,-882.126587,1677.701294,0.7706223571,0.6342979281,0.0617034939,0.1196287409,286.9982857557,605.1175300873,3.0
34480,0.0,813.063904,-883.25592,1677.701294,0.7665666654,0.6391072827,0.0625893653,0.1186409613,288.927961427,611.5562411842,6.0
34481,0.0,814.011536,-884.511597,1677.701294,0.7657200681,0.6401144067,0.0626603827,0.1175538532,289.1122762409,614.5918799731,6.0
34482,0.0,815.197144,-886.069397,1677.701294,0.7656314102,0.6402204466,0.0626603827,0.1170240311,290.2056115016,618.2240417722,6.0
34483,0.0,816.350464,-887.565796,1677.701294,0.7656314102,0.6402204466,0.0626603827,0.116641438,291.3318016067,621.577029374,6.0
34484,0.0,817.680908,-889.273865,1677.701294,0.7656314102,0.6402204466,0.0626603827,0.1162403553,292.5888518473,625.2685225765,6.0
34485,0.0,819.037659,-890.999756,1677.701294,0.7656314102,0.6402204466,0.0626603827,0.1158952321,293.8742825724,628.8922934381,6.0
34486,0.0,820.389282,-892.693909,1677.701294,0.7638517159,0.6423427688,0.0626603827,0.1143346367,293.6100922669,632.3386964247,6.0
34487,0.0,821.586365,-894.184143,1677.701294,0.7610181008,0.6457813179,0.0617894789,0.1118188583,292.0124422743,635.5094339091,6.0
34488,0.0,823.666626,-896.801819,1677.701294,0.757774209,0.6495928932,0.0617034939,0.1082663573,290.4059882756,641.6952304807,6.0
34489,0.0,823.860413,-897.039246,1677.701172,0.7516730874,0.6565169673,0.0630320649,0.1027391993,284.4007036444,644.1678732936,6.0
34490,0.0,823.949341,-897.167236,1677.70105,0.7455950372,0.663282964,0.0643719673,0.0974825894,278.392493253,646.4421592077,6.0
34491,0.0,824.039124,-897.318726,1677.701172,0.7387822813,0.6707186532,0.0658576432,0.0918307229,271.6580804631,648.9633586196,6.0
34492,0.0,824.128418,-897.483521,1677.70105,0.7315270655,0.6784706833,0.0674216911,0.0860526447,264.5146529446,651.7824013931,6.0
34493,0.0,824.204773,-897.626221,1677.701172,0.7251925226,0.6851030268,0.0687724351,0.081234095,258.3766507886,654.4449106824,6.0
34494,0.0,824.2948,-897.785339,1677.701294,0.7179151583,0.6925710447,0.0703077057,0.0759625526,251.3077823278,657.3541400854,6.0
34495,0.0,823.772461,-897.506531,1677.701294,0.7044725948,0.7061565628,0.0711426172,0.0675822776,238.3054733267,659.4275679734,6.0
34496,0.0,822.981445,-897.1828,1677.701294,0.689164185,0.7210085977,0.0721063673,0.0586703069,223.379440502,661.8877907712,6.0
34497,0.0,821.869202,-896.883118,1677.701294,0.6657005552,0.7426232791,0.0731671787,0.0470471146,201.4991048757,664.7536666459,6.0
34498,0.0,820.832031,-896.692932,1677.701294,0.6470870855,0.7587332229,0.0748478469,0.0389828768,184.4717635319,667.1942027514,6.0
34499,0.0,819.474915,-896.676331,1677.701294,0.6228988979,0.7785096981,0.0769390205,0.0300092536,163.0194149079,670.4704479419,6.0
34500,0.0,818.341736,-896.873779,1677.701294,0.6068831624,0.7908878724,0.0786714721,0.0247678933,148.9450007744,673.3987852245,6.0
34501,0.0,816.861267,-897.31488,1677.701294,0.5840870002,0.807564828,0.0817399824,0.0187082864,130.3845164314,677.2278422475,6.0
34502,0.0,815.677002,-897.882019,1677.701294,0.5758264608,0.8132927726,0.083538932,0.0165878478,123.4473941293,680.5819404627,6.0
34503,0.0,814.63623,-898.502563,1677.701294,0.5697238158,0.8174792569,0.0845129468,0.0149838386,117.948103607,683.9075470055,6.0
34504,0.0,813.054749,-899.562073,1677.701294,0.563018871,0.8220069132,0.0855241811,0.0133944691,112.2496069532,688.1232898539,6.0
34505,0.0,811.704651,-900.64032,1677.701294,0.5624729644,0.8223720143,0.0856062759,0.0129038612,110.8344961437,692.1586797991,6.0
34506,0.0,810.678345,-901.69873,1677.701294,0.5618383191,0.8228057314,0.0856062585,0.0124687322,109.5173830401,695.6886585164,6.0
34507,0.0,809.469666,-903.262817,1677.701294,0.5593916422,0.824376433,0.0865129318,0.0117954764,107.2633809688,700.4275339167,6.0
34508,0.0,808.577087,-904.753906,1677.701294,0.5570621373,0.8259472693,0.0865614438,0.011070224,104.5556596288,704.6275466796,6.0
34509,0.0,808.085327,-906.148438,1677.701294,0.5568951223,0.8260598884,0.0865614438,0.010683272,103.3317175357,708.8095142534,6.0
34510,0.0,807.67865,-907.719788,1677.701294,0.5568951223,0.8260598884,0.0865614438,0.0104087601,102.5672110083,712.7334093327,6.0
34511,0.0,807.531067,-909.447754,1677.701294,0.5568951223,0.8260598884,0.0865614438,0.0100863761,101.6086356867,717.2093275649,6.0
34512,0.0,807.55188,-910.859619,1677.701294,0.5568951223,0.8260598884,0.0865614438,0.0098305041,100.8364842532,720.9161729343,6.0
34513,0.0,807.670044,-912.422546,1677.701294,0.5568951223,0.8260598884,0.0865614438,0.0095359207,99.885530378,725.010159426,6.0
34514,0.0,807.882996,-913.893372,1677.701294,0.5568951223,0.8260598884,0.0865614438,0.0092664913,98.9780586208,728.7435207861,6.0
34515,0.0,808.153076,-915.164673,1677.701294,0.5568951223,0.8260598884,0.0865614438,0.0090906626,98.4706081217,731.9528553599,6.0
34516,0.0,808.448486,-916.299622,1677.701294,0.5556323688,0.8269097836,0.0865614264,0.0087254889,96.868414519,734.8889887085,6.0
34517,0.0,808.918823,-917.740356,1677.701294,0.5546037604,0.8276939598,0.0856584956,0.0082373928,94.6039660055,738.5768108081,6.0
34518,0.0,809.335449,-918.828552,1677.701294,0.552514023,0.8291789909,0.0847965534,0.0077829725,92.2154942718,740.5643902739,6.0
34519,0.0,809.907898,-920.109375,1677.701294,0.5506894842,0.8304978942,0.0837516551,0.0074309911,90.3041225178,742.1257824071,6.0
34520,0.0,810.5224,-921.293213,1677.701294,0.5498578765,0.8311485389,0.0827551925,0.0072195725,89.2215748321,743.8483733731,6.0
34521,0.0,811.09436,-922.290344,1677.701294,0.5484647408,0.8321541766,0.0818892818,0.0069772416,87.8837480545,745.2647180996,6.0
34522,0.0,811.796448,-923.429138,1676.466675,0.545317768,0.834407346,0.0799556935,0.0062847962,83.5933351168,746.7831221299,6.0
34523,0.0,812.404663,-924.371155,1675.027466,0.5405885237,0.8377502367,0.0770622403,0.0053679141,77.3904487097,747.9166248425,6.0
34524,0.0,812.890564,-925.068909,1673.813477,0.5365551263,0.8406337801,0.0737797001,0.004583727,71.594580458,748.6072377123,6.0
34525,0.0,813.414734,-925.754944,1672.357788,0.530932591,0.8444276638,0.0710809716,0.0037487574,64.8048549818,749.1284255394,6.0
34526,0.0,814.170105,-926.692627,1670.825195,0.5248385498,0.8484430724,0.0684751749,0.003000632,58.015294199,749.4577649248,6.0
34527,0.0,814.808167,-927.406616,1669.446411,0.5193425069,0.8520387118,0.0656764349,0.0023943504,51.8289530708,749.4172860048,6.0
34528,0.0,816.162659,-928.760254,1666.760254,0.5143519883,0.855277047,0.0627949439,0.0017557003,44.3585180596,748.9064150523,6.0
34529,0.0,816.969604,-929.530579,1665.233154,0.5134945874,0.8558677029,0.061755841,0.0015339792,41.4340594956,748.3406913985,6.0
34530,0.0,817.715088,-930.207886,1664.03125,0.5134791909,0.8559435916,0.0608250648,0.0013733391,39.1703659448,747.6578405271,6.0
34531,0.0,818.49707,-930.887634,1664.03125,0.5128029596,0.8565388769,0.0580885268,0.0011984367,36.5529381006,746.8440132763,6.0
34532,0.0,819.309448,-931.561401,1664.03125,0.5104403147,0.8581464839,0.0550935332,0.0009915295,33.2230808418,746.2421513875,6.0
34533,0.0,820.080627,-932.177124,1664.03125,0.5081044696,0.8597067709,0.0522887749,0.0008290072,30.3593411318,745.7413362668,6.0
34534,0.0,820.895935,-932.807373,1664.03125,0.5056334072,0.8612818174,0.0502840788,0.0007250514,28.3747966536,745.2673311654,6.0
34535,0.0,821.593445,-933.334595,1664.03125,0.5049129172,0.8617980102,0.0486532179,0.0006515085,26.8862618024,744.9482740722,6.0
34536,0.0,822.421021,-933.944214,1664.03125,0.5043791695,0.8621302747,0.0483015815,0.0006280065,26.3882784469,744.7014195346,6.0
34537,0.0,823.328735,-934.602661,1664.03125,0.5039834548,0.8623616601,0.0483015989,0.0006282042,26.3892729078,744.6123260944,6.0
34538,0.0,824.197205,-935.215942,1664.03125,0.5031958027,0.8628708785,0.047411298,0.0006200386,26.2171697616,744.6098393336,6.0
34539,0.0,824.863342,-935.668091,1664.03125,0.5006230506,0.8644152675,0.0465059833,0.0006641679,27.1355971176,744.6592174077,6.0
34540,0.0,825.848022,-936.332336,1664.03125,0.4976291335,0.8661951333,0.0455108392,0.0007618015,29.0558919185,744.5279838866,6.0
34541,0.0,826.665222,-936.868958,1664.03125,0.4940303564,0.868301232,0.0445755251,0.0009135609,31.8147024266,744.4633557586,6.0
34542,0.0,827.561401,-937.443909,1664.03125,0.4900078905,0.8706292585,0.0435541218,0.0010732282,34.5250533523,745.4008386683,6.0
34543,0.0,828.34552,-937.937073,1664.03125,0.4854353351,0.873230801,0.0426673598,0.0013225621,38.3496287792,745.9020087869,6.0
34544,0.0,829.269836,-938.506836,1664.03125,0.4798549267,0.8763610036,0.041600969,0.0017190069,43.7572773665,746.5917809083,6.0
34545,0.0,830.081787,-939.010681,1664.03125,0.4782831587,0.8772619292,0.0407029208,0.0019312307,46.4151307526,747.2007307924,6.0
34546,0.0,830.834595,-939.469177,1664.03125,0.4761410062,0.8784293877,0.0406393039,0.0021883533,49.3752792477,746.7471498604,6.0
34547,0.0,831.813049,-940.057251,1664.03125,0.4733030572,0.8800025879,0.0397449525,0.0025283155,53.0070147069,745.8944853006,6.0
34548,0.0,832.695862,-940.574463,1664.03125,0.4690942029,0.8822971341,0.0387607525,0.0027218927,34.7662967477,471.5238492512,1.0
34549,0.0,833.50177,-941.043213,1664.03125,0.4659283061,0.8840116912,0.0378700849,0.0024583936,32.9829018331,470.6686090875,1.0
34550,0.0,834.394226,-941.543762,1664.03125,0.4591933187,0.8876081757,0.0359614034,0.0019178948,29.0800192532,469.7595706106,1.0
34551,0.0,835.185852,-941.983704,1664.03125,0.453635108,0.890499249,0.0350182286,0.0015080879,25.7384446296,468.8325650642,1.0
34552,0.0,836.01416,-942.436035,1664.03125,0.4479393543,0.8934528904,0.0330494694,0.0010971031,21.899289181,467.6387111715,1.0
34553,0.0,836.973022,-942.96051,1664.03125,0.4429600762,0.8959987959,0.0311853905,0.0008108682,18.7824257426,466.4978094129,1.0
34554,0.0,837.811646,-943.423706,1664.03125,0.4419022049,0.8965531952,0.0302458171,0.000724716,17.7167256143,465.4395102501,1.0
34555,0.0,838.782776,-943.956299,1664.03125,0.4417731132,0.8966217243,0.0300998345,0.000674531,17.0408109735,464.0315865613,1.0
34556,0.0,839.742493,-944.477905,1664.03125,0.4417731132,0.8966217243,0.0300998345,0.0006360002,16.4941706095,462.5470447724,1.0
34557,0.0,840.608459,-944.943726,1664.03125,0.4417731132,0.8966217243,0.0300998345,0.0005911662,15.8435684625,460.8370725001,1.0
34558,0.0,841.44751,-945.391663,1664.03125,0.4417731132,0.8966217243,0.0300998345,0.0005480421,15.2005382377,459.1943493968,1.0
34559,0.0,842.423157,-945.903137,1664.03125,0.4401721637,0.8974384349,0.0292014026,0.0004368164,13.5138455197,457.2586284579,1.0
34560,0.0,843.203613,-946.300659,1664.03125,0.436815356,0.8990950499,0.028643253,0.0002898633,10.9675026576,455.5411178519,1.0
34561,0.0,844.250183,-946.83429,1664.03125,0.4332496089,0.9008358897,0.028097621,0.0001851309,8.7326232709,453.8478978077,1.0
34562,0.0,845.884827,-945.22229,1659.916626,0.4227436244,0.9058635371,0.0264401226,1.79948e-05,2.7017977962,450.3660981022,1.0
34563,0.0,846.693542,-945.589417,1659.542358,0.410331998,0.9116072234,0.0244932987,5.65929e-05,4.7741435107,448.7510476836,1.0
34564,0.0,847.501892,-945.960327,1659.390503,0.3991903335,0.916568279,0.0234449888,0.0002759704,10.5066440595,447.2473313713,1.0
34565,0.0,848.14679,-946.215637,1659.296021,0.3790790266,0.9250818256,0.0228627984,0.0011352488,21.2495733321,446.0802476524,1.0
34566,0.0,849.080994,-946.607849,1659.312866,0.3566640579,0.9339655968,0.0223386179,0.0026222382,32.1958159653,444.8701422227,1.0
34567,0.0,849.732361,-946.841431,1659.166504,0.3319136199,0.9429745974,0.0251447341,0.0049767434,44.2192658076,443.7771342465,1.0
34568,0.0,850.411804,-947.087708,1659.113647,0.30651348,0.9514541489,0.0280087315,0.0026391409,24.3479590584,335.3536245622,3.0
34569,0.0,852.77771,-948.278076,1659.155762,0.3781886936,0.925577006,0.0167486704,0.0008824791,18.6894327142,444.963866584,1.0
34570,0.0,853.605713,-948.640137,1659.165649,0.3782332921,0.9255615406,0.0165955216,0.0006751194,16.3164076238,444.1120547785,1.0
34571,0.0,854.16037,-948.8754275,1659.160034,0.3787356066,0.9253568742,0.0165438408,0.0006195739,15.616407644,444.1465512144,1.0
34572,0.0,854.715027,-949.110718,1659.154419,0.3792379212,0.9251522079,0.0164921599,0.0005640284,14.9164076641,444.1810476503,1.0
34573,0.0,855.670044,-949.524231,1659.166992,0.379696416,0.9249641759,0.0164895423,0.0005004023,14.0497180263,444.1680350221,1.0
34574,0.0,855.82428,-949.591797,1659.166992,0.3799618225,0.9248558826,0.0164502254,0.0146741864,53.5676738671,313.8411439903,3.0
34575,0.0,855.82428,-949.591797,1659.166992,0.3799618225,0.9248558826,0.0164502254,0.0146741864,53.5676738671,313.8411439903,3.0
34576,0.0,858.37616,-950.687683,1659.538452,0.3805918334,0.9246039218,0.0160450658,0.0151500995,116.472938449,671.6661394789,6.0
34577,0.0,859.477722,-951.151855,1659.587036,0.3781390263,0.9256053961,0.0162950166,0.0149594144,115.2947458915,669.0637880103,6.0
34578,0.0,860.458374,-951.589294,1659.724487,0.3791057307,0.9251867099,0.0175612285,0.0141285062,111.7001078447,666.8526752121,6.0
34579,0.0,862.311401,-952.380432,1660.022949,0.3803965514,0.9246268688,0.0190687479,0.0125573205,104.6706773057,662.5661428029,6.0
34580,0.0,863.151917,-952.730957,1660.17688,0.3775483225,0.9258369623,0.0168280543,0.0124539795,103.9618859968,660.7869837507,6.0
34581,0.0,864.219666,-953.170288,1660.261475,0.3730326376,0.9275644542,0.021698726,0.0123155572,102.9801279256,658.1921132249,6.0
34582,0.0,865.010681,-953.506104,1660.357788,0.3726766858,0.9275954976,0.0260515019,0.0117498027,100.3415852997,656.4930812648,6.0
34583,0.0,866.240906,-954.03009,1660.424683,0.3734735332,0.9270713408,0.0324999861,0.010711691,95.4448939999,653.845015744,6.0
34584,0.0,867.054993,-954.375793,1660.434814,0.3726756935,0.9273181457,0.0345526299,0.0102319967,93.0625769785,652.2193178754,6.0
34585,0.0,868.147766,-954.808105,1660.447388,0.3624096685,0.9312384726,0.0381331776,0.0109831343,96.0355884054,649.7552875743,6.0
34586,0.0,868.850342,-955.161011,1660.388428,0.3551067765,0.9339670398,0.0400592801,0.0115533644,98.2486178168,648.2092794196,6.0
34587,0.0,869.784424,-955.760193,1660.302002,0.3477950102,0.9363800045,0.0472347116,0.0119558087,99.6075164849,646.0849370339,6.0
34588,0.0,869.9606325,-955.8253175,1660.302002,0.3468346105,0.936672185,0.0484609074,0.0119919564,99.6919136769,645.6642901679,6.0
34589,0.0,870.136841,-955.890442,1660.302002,0.1777753556,0.9825487347,0.0547166054,0.0536516979,208.5094536175,645.243643302,6.0
34590,0.0,872.342163,-957.382385,1659.759399,0.3349890617,0.9397836109,0.0677428463,0.0122237528,99.8103414185,640.3088630063,6.0
34591,0.0,873.108154,-957.617554,1659.858398,0.3297173738,0.9411496069,0.0743227477,0.0126365785,101.1985587595,638.5882624924,6.0
34592,0.0,874.203064,-958.21167,1659.637939,0.3239882509,0.9426485871,0.080282343,0.0127814312,101.393107896,636.2032347948,6.0
34593,0.0,874.284302,-958.417297,1659.640625,0.2731335665,0.9593173869,0.0714717144,0.0211104826,129.7539540933,634.8348310957,6.0
34594,0.0,874.69104,-959.016357,1659.476685,0.1919905845,0.9797292008,0.0571866114,0.039156882,175.4136079266,633.0496982919,6.0
34595,0.0,875.082397,-959.403198,1659.419067,0.1136376447,0.9911499867,0.0686162489,0.0625641611,219.7423902146,631.1569472059,6.0
34596,0.0,875.856262,-959.468445,1659.365967,0.1027067202,0.9918067475,0.075965158,0.0650437875,223.2148498098,629.1940421124,6.0
34597,0.0,876.972534,-959.746338,1659.350586,0.1003193313,0.9915474099,0.0822785858,0.0638905928,220.4319228865,626.7452956567,6.0
34598,0.0,877.645569,-959.702393,1659.443359,0.098663667,0.9915450206,0.0842849505,0.0629854085,218.2185111392,624.7484210324,6.0
34599,0.0,878.749695,-959.750732,1659.501709,0.0965597241,0.9915762321,0.0863295754,0.0616220802,215.0355050365,622.1896303769,6.0
34600,0.0,879.437439,-959.445618,1659.917847,0.0958776339,0.9921558897,0.0802132769,0.0600149676,211.5111802394,619.87532805,6.0
34601,0.0,879.839294,-958.578979,1661.13562,0.0960565492,0.992468199,0.0760263985,0.0582940702,207.5136828223,616.7978051884,6.0
34602,0.0,880.087585,-958.555359,1661.869019,0.096449477,0.9925526964,0.0744086238,0.0567284058,204.1584790693,614.8941776744,6.0
34603,0.0,880.143127,-958.6384585,1662.216431,0.0966144044,0.9925625044,0.0740620309,0.0563268332,203.2967692714,614.4166030922,6.0
34604,0.0,880.198669,-958.721558,1662.563843,0.0967793317,0.9925723123,0.073715438,0.0559252606,202.4350594735,613.9390285099,6.0
34605,0.0,879.86145,-958.619385,1662.563843,0.1031915842,0.9916069245,0.0778922599,0.050518519,191.2331495776,609.3661356859,6.0
34606,0.0,879.751648,-958.602539,1662.570068,0.1078718428,0.9906604301,0.0834001059,0.0480948957,186.2931754996,608.0203321171,6.0
34607,0.0,879.610596,-958.599243,1662.59729,0.111000762,0.9901722522,0.0850749187,0.0459765036,181.8596311545,606.7411419518,6.0
34608,0.0,879.401733,-958.621277,1662.664307,0.1128499731,0.9901116763,0.0833291792,0.0435834094,176.8462894911,605.6262393053,6.0
34609,0.0,879.181458,-958.667725,1662.72229,0.117535715,0.9898054182,0.0804399758,0.0399447954,168.9454038701,603.7847355275,6.0
34610,0.0,879.0791935,-958.6810915,1662.7177735,0.1193232156,0.989378715,0.0829578898,0.0388052389,166.4109576813,603.281296482,6.0
34611,0.0,878.976929,-958.694458,1662.713257,0.1211107161,0.9889520117,0.0854758039,0.0376656825,163.8765114925,602.7778574365,6.0
34612,0.0,878.737366,-958.664612,1662.707153,0.124610419,0.9880779165,0.0904116944,0.0357126967,159.4454668201,602.0025753795,6.0
34613,0.0,878.415588,-958.623352,1662.717285,0.1233252753,0.9885392387,0.0870692253,0.0338961354,155.1562432383,601.0227819141,6.0
34614,0.0,878.223755,-958.523743,1662.684082,0.1224993526,0.9889924251,0.0829933235,0.0328928756,152.7655113254,600.565515487,6.0
34615,0.0,878.003998,-958.4780275,1662.670105,0.1233660661,0.9887869631,0.0841371126,0.0319610215,150.5408732008,600.3053739954,6.0
34616,0.0,877.617004,-958.369568,1662.602051,0.1249911713,0.9884007475,0.0862622136,0.0303941047,146.7693912615,599.8617188121,6.0
34617,0.0,877.314056,-958.331787,1662.6047365,0.1262273125,0.9881176816,0.0876727723,0.029354302,144.2014883618,599.6489717666,6.0
34618,0.0,877.011108,-958.294006,1662.607422,0.1274634537,0.9878346158,0.089083331,0.0283144994,141.6335854622,599.4362247211,6.0
34619,0.0,876.870178,-958.277222,1662.608643,0.1275130615,0.987823098,0.0891400372,0.027945574,140.691693117,599.3113335473,6.0
34620,0.0,876.321228,-958.227722,1662.514526,0.1275130615,0.987823098,0.0891400372,0.0262343853,136.2878305889,598.9269327155,6.0
34621,0.0,875.560486,-958.113098,1662.355591,0.1354353116,0.9867021481,0.0898673868,0.0228203748,127.3258028153,599.4210268168,6.0
34622,0.0,875.298889,-958.117126,1662.310791,0.1465401136,0.985026557,0.0908222277,0.0196510199,118.3618727095,599.996083754,6.0
34623,0.0,875.098511,-958.123047,1662.280518,0.1530984169,0.9839748581,0.091402152,0.0175339533,111.9957357915,600.7014568462,6.0
34624,0.0,874.674011,-958.149353,1662.286621,0.1594064019,0.9829189115,0.0919783262,0.0155001852,105.5443826689,601.7847098616,6.0
34625,0.0,874.283813,-957.991577,1662.446411,0.1596922596,0.9828700662,0.0920044299,0.014774219,103.2021306068,602.6032151704,6.0
34626,0.0,874.139771,-958.053467,1662.773682,0.1596922596,0.9828700662,0.0920044299,0.014112008,101.0497245597,603.619626065,6.0
34627,0.0,874.048889,-958.296753,1663.250977,0.1596922596,0.9828700662,0.0920044299,0.0131488587,97.8548646665,605.4185542562,6.0
34628,0.0,874.570251,-960.097229,1664.03125,0.1596922596,0.9828700662,0.0920044299,0.0123285193,95.1846628234,608.0498889819,6.0
34629,0.0,874.571228,-960.097412,1664.03125,0.1596922596,0.9828700662,0.0920044299,0.0117216978,92.9978449941,609.1707435289,6.0
34630,0.0,874.571228,-960.097412,1664.03125,0.1596922596,0.9828700662,0.0920044299,0.0109290361,90.0552099666,610.7912034414,6.0
34631,0.0,874.571228,-960.097412,1664.03125,0.1596922596,0.9828700662,0.0920044299,0.0102678339,87.4943468014,612.1294388224,6.0
34632,0.0,874.571167,-960.097351,1664.03125,0.1596922596,0.9828700662,0.0920044299,0.0097742429,85.5252956757,613.1995812587,6.0
34633,0.0,874.571228,-960.097412,1664.03125,0.1596922596,0.9828700662,0.0920044299,0.0095507396,84.6435884869,613.9033587523,6.0
34634,0.0,874.571228,-960.097412,1664.03125,0.1596922596,0.9828700662,0.0920044299,0.0086339963,80.7655754326,615.9490918889,6.0
34635,0.0,874.571228,-960.097412,1664.03125,0.1596922596,0.9828700662,0.0920044299,0.0080435599,78.097410315,616.9821010602,6.0
34636,0.0,874.571228,-960.097412,1664.03125,0.1596922596,0.9828700662,0.0920044299,0.0076911161,76.4318020594,617.4489840874,6.0
34637,0.0,874.575195,-960.09668,1664.03125,0.1601432469,0.9827966857,0.0920044299,0.0071018691,73.5171128975,617.9588559605,6.0
34638,0.0,874.578491,-960.09613,1664.03125,0.1605110998,0.9827366747,0.0920044299,0.0067399158,71.6445836399,618.1219186359,6.0
34639,0.0,874.608643,-960.091248,1664.03125,0.1638723408,0.9821376494,0.0924742855,0.0059825181,67.5197602371,618.1934507647,6.0
34640,0.0,874.630371,-960.087891,1664.03125,0.1662866068,0.9816986895,0.0928248216,0.0055483091,65.0249370381,618.1414345315,6.0
34641,0.0,874.809021,-960.064575,1664.03125,0.1858954871,0.9779451359,0.0952164855,0.0041964999,56.5462475592,617.8759541759,6.0
34642,0.0,875.127014,-960.04126,1664.03125,0.2202590106,0.970364542,0.0993912668,0.0033488231,50.4765265222,617.2942862865,6.0
34643,0.0,875.320679,-960.038513,1664.03125,0.2407936746,0.9652964636,0.1010996722,0.003641041,52.5786572279,616.704890224,6.0
34644,0.0,875.611328,-960.050598,1664.03125,0.2711537729,0.9569610306,0.1034466883,0.0052791555,63.2015778595,615.8920945965,6.0
34645,0.0,875.626526,-960.051697,1664.03125,0.2727336616,0.9565111561,0.1034541356,0.0055948138,64.9654440989,615.011018545,6.0
34646,0.0,874.592834,-959.611572,1663.009399,0.2730846736,0.956411001,0.1034541356,0.0056040696,64.9039902294,613.923064047,6.0
34647,0.0,874.603821,-959.616211,1663.006958,0.2730846736,0.956411001,0.1034541356,0.0058587242,66.2368258134,612.8017895104,6.0
34648,0.0,874.767334,-959.749939,1663.036377,0.2730846736,0.956411001,0.1034541356,0.005985671,66.9008290433,612.3658177378,6.0
34649,0.0,875.273132,-959.917725,1662.907471,0.2957614464,0.9445087304,0.1429280413,0.0127510435,97.107183583,610.0316320655,6.0
34650,0.0,875.72467,-959.829102,1662.505249,0.3196077456,0.9291583454,0.1857839017,0.0224780275,128.2876380977,608.4782397104,6.0
34651,0.0,876.0271,-959.738464,1662.30957,0.3216507118,0.924872368,0.2028593661,0.0262345845,138.0792502032,606.7971854135,6.0
34652,0.0,876.240723,-959.75,1662.235107,0.3171973266,0.9241603792,0.2128695597,0.0278365038,141.6081404355,604.3790723761,6.0
34653,0.0,876.190125,-959.735229,1662.249146,0.314223098,0.9255183419,0.2113755982,0.0273158986,139.7647745547,602.0897167444,6.0
34654,0.0,876.15802,-959.781189,1662.304199,0.3107649956,0.9266806703,0.2113954889,0.0270387801,138.6603749221,600.3431348097,6.0
34655,0.0,876.110046,-959.65918,1662.295898,0.3025820538,0.9290170243,0.2130057963,0.0267466196,137.240144873,597.3863424439,6.0
34656,0.0,876.0740965,-959.6532595,1662.298767,0.2989903187,0.9297176381,0.214971273,0.0267037769,137.1080930729,597.2837340555,6.0
34657,0.0,875.993408,-959.674316,1662.339233,0.2921227749,0.9317213031,0.215776963,0.0260293341,135.2911396756,596.8531343673,6.0
34658,0.0,875.947357,-959.727417,1662.390686,0.2894417502,0.9328372736,0.2145416861,0.0254683961,133.8120728097,596.7447700589,6.0
34659,0.0,875.886658,-959.647949,1662.364502,0.2814051551,0.9348486279,0.2164929134,0.0249501453,132.3454301263,596.188204378,6.0
34660,0.0,875.824646,-959.670227,1662.382446,0.2759029347,0.9353941375,0.2211682126,0.0252393798,132.8853391837,595.2240909754,6.0
34661,0.0,875.702576,-959.676636,1662.374268,0.2641882489,0.9377435343,0.2254808929,0.0250589428,132.2597121077,594.5236440242,6.0
34662,0.0,875.6932173333,-959.6750896667,1662.374268,0.2632410849,0.9379855819,0.2255775903,,,,
34663,0.0,875.6838586667,-959.6735433333,1662.374268,0.2622939209,0.9382276295,0.2256742878,,,,
34664,0.0,875.564697,-959.525696,1662.392944,0.246776014,0.9414460446,0.229741037,,,,
34665,0.0,875.444092,-959.468567,1662.414551,0.2335054302,0.9437687274,0.2340423107,,,,
34666,0.0,875.330994,-959.38678,1662.4104,0.220526063,0.9464680127,0.2357255956,,,,
34667,0.0,875.256165,-959.331421,1662.43689,0.2120735899,0.9486210031,0.2348254351,,,,
34668,0.0,875.187256,-959.283508,1662.464966,0.2044447064,0.9509647453,0.2320957029,,,,
34669,0.0,875.151062,-959.055664,1662.446045,0.1965789493,0.9540990895,0.225946109,,,,
34670,0.0,875.097595,-959.06488,1662.444824,0.1915970515,0.9552053914,0.2255509481,,,,
34671,0.0,875.057068,-959.010559,1662.542603,0.1867470068,0.9568086951,0.2228063652,,,,
34672,0.0,875.007874,-958.964111,1662.651123,0.1812013533,0.958355957,0.2207259143,,,,
34673,0.0,874.993774,-958.955444,1662.69397,0.1797482832,0.9590738511,0.2187873463,,,,
34674,0.0,875.031372,-958.757019,1662.701294,0.1799102192,0.9596484308,0.2161184914,,,,
34675,0.0,874.827698,-958.624268,1662.835693,0.1763940502,0.9614690046,0.2108613104,,,,
34676,0.0,874.736023,-958.580017,1662.908447,0.1728959287,0.9628994981,0.2071993109,,,,
34677,0.0,874.664001,-958.546692,1663.040405,0.1697929601,0.9637999762,0.205572266,,,,
34678,0.0,874.668701,-958.54422,1663.042236,0.1695065972,0.9639006952,0.2053358596,,,,
34679,0.0,874.443298,-958.422363,1663.249634,0.1671988558,0.9656830404,0.1987481021,,,,
34680,0.0,874.515747,-958.442383,1663.305664,0.161007208,0.9657185611,0.2036279444,,,,
34681,0.0,874.482971,-958.407837,1663.223022,0.1563835133,0.9659047835,0.2063301867,,,,
34682,0.0,874.544067,-958.508972,1663.392944,0.1530532452,0.9662718309,0.2071073465,,,,
34683,0.0,874.544006,-958.537903,1663.434937,0.1519405776,0.9667504629,0.2056881217,,,,
34684,0.0,874.427185,-958.483215,1663.512817,0.154712647,0.9669580381,0.2026231709,,,,
34685,0.0,874.401062,-958.535706,1663.584595,0.1573662112,0.9672356962,0.199225961,,,,
34686,0.0,874.40979,-958.576294,1663.616455,0.1595227449,0.9675424213,0.1959952981,,,,
34687,0.0,874.438293,-958.671631,1663.685547,0.1625834362,0.9679770067,0.1912776537,,,,
34688,0.0,874.404114,-958.640991,1663.675049,0.1633532673,0.9681977303,0.1894963461,,,,
34689,0.0,874.464539,-958.813782,1663.809326,0.1645842903,0.9685500083,0.1866089301,,,,
34690,0.0,874.353394,-958.567139,1663.642578,0.1653341345,0.9686994899,0.1851645814,,,,
34691,0.0,874.346069,-958.570984,1663.649658,0.1656257249,0.9688552007,0.1840861736,,,,
34692,0.0,874.407654,-958.651978,1663.677856,0.1665327897,0.9689395188,0.1828196893,,,,
34693,0.0,874.473633,-958.716736,1663.695679,0.1665964186,0.9689403831,0.1827571267,,,,
34694,0.0,874.530212,-958.80719,1663.746948,0.1665964186,0.9689403831,0.1827571267,,,,
34695,0.0,874.52124,-958.872986,1663.821167,0.1668641804,0.9689439281,0.1824938614,,,,
34696,0.0,874.511139,-958.9117125,1663.8657835,0.1671599667,0.9689476044,0.1822029458,,,,
34697,0.0,874.502869,-958.930664,1663.888428,0.1685066138,0.9692295851,0.1794422819,,,,
34698,0.0,874.4888615,-958.9967345,1663.9568485,0.1695333578,0.9695180822,0.1768768208,,,,
34699,0.0,874.474854,-959.062805,1664.025269,0.1705601018,0.9698065794,0.1743113597,,,,
34700,0.0,874.645874,-958.769897,1663.702515,0.1724663097,0.9696465988,0.1733229514,,,,
34701,0.0,874.7151795,-958.8080135,1663.7491455,0.1728894899,0.9696454727,0.1729061268,,,,
34702,0.0,874.9328,-958.524353,1663.452759,0.1757716008,0.9693411463,0.171703484,,,,
34703,0.0,875.035217,-958.632446,1663.632202,0.1796938278,0.9688211877,0.1705744248,,,,
34704,0.0,875.117981,-958.491394,1663.440674,0.1850492089,0.9680515962,0.1692125807,,,,
34705,0.0,875.096161,-958.405365,1663.3546755,0.1913935097,0.967091787,0.167504963,,,,
34706,0.0,874.999695,-958.189453,1663.001587,0.2036102728,0.9651889788,0.1641739687,,,,
34707,0.0,874.943115,-958.079285,1662.883545,0.2093554999,0.9642286676,0.1625833668,,,,
34708,0.0,874.946289,-958.054016,1662.820312,0.2197024911,0.9625684997,0.1587220806,,,,
34709,0.0,875.03595,-958.012817,1662.764404,0.2267300706,0.9613434505,0.1562441845,,,,
34710,0.0,875.041626,-957.951782,1662.664795,0.232676231,0.9602470502,0.1542315603,,,,
34711,0.0,875.017578,-957.858459,1662.55481,0.2417338047,0.9586663707,0.1500785039,,,,
34712,0.0,874.950073,-957.975891,1662.513184,0.2482489684,0.9574268413,0.1473305575,,,,
34713,0.0,874.899841,-957.875854,1662.306641,0.2541161969,0.9562515821,0.1449409198,,,,
34714,0.0,874.829956,-957.7453,1662.251709,0.2618749913,0.9546534306,0.1416273858,,,,
34715,0.0,874.7276,-957.709717,1662.124268,0.2671827034,0.9535024181,0.1394508576,,,,
34716,0.0,874.619995,-957.649353,1662.005493,0.2685533324,0.9532492482,0.1385459435,,,,
34717,0.0,874.493103,-957.466003,1662.01416,0.2696592996,0.9530970317,0.1374405699,,,,
34718,0.0,874.374756,-957.342041,1661.832275,0.2703489214,0.9530009168,0.1367505515,,,,
34719,0.0,874.233276,-957.039062,1661.774048,0.2734967704,0.9524576392,0.1342533506,,,,
34720,0.0,874.10199,-956.728943,1661.74707,0.27733345,0.9517224181,0.1315697399,,,,
34721,0.0,873.979248,-956.677673,1661.643677,0.2809229403,0.9508734423,0.1300845818,,,,
34722,0.0,873.884033,-956.407959,1661.610596,0.2851573805,0.9499447216,0.1276334369,,,,
34723,0.0,873.748413,-956.236755,1661.537109,0.2880853329,0.9493100558,0.1257666847,,,,
34724,0.0,873.63739,-955.674866,1661.593506,0.2929005902,0.9481824821,0.1231228045,,,,
34725,0.0,873.533936,-955.4953,1661.518555,0.2955633902,0.9475325874,0.1217549922,,,,
34726,0.0,873.373779,-955.219299,1661.462036,0.3011984652,0.9462155817,0.1181336425,,,,
34727,0.0,873.221924,-954.83075,1661.355957,0.3049152711,0.9452366964,0.1164227865,,,,
34728,0.0,873.036194,-954.469666,1661.280884,0.3061236433,0.9449715312,0.1153998272,,,,
34729,0.0,872.996704,-954.090332,1661.29895,0.306156541,0.9449649611,0.11536635,,,,
34730,0.0,873.057922,-953.214722,1661.243896,0.306156541,0.9449649611,0.11536635,,,,
34731,0.0,873.101807,-952.797241,1661.1698,0.3065676165,0.9449294513,0.114562771,,,,
34732,0.0,873.1073,-952.371521,1661.107422,0.3070123304,0.944890218,0.1136921497,,,,
34733,0.0,872.948181,-951.838867,1660.969482,0.3071980389,0.9450875114,0.1115300888,,,,
34734,0.0,872.671997,-951.151611,1660.844604,0.3080833382,0.9451027921,0.1089282747,,,,
34735,0.0,872.553467,-950.693359,1660.643311,0.3082468146,0.9452309536,0.1073421899,,,,
34736,0.0,872.400208,-949.742065,1660.42981,0.3084578376,0.9458780503,0.1008388635,,,,
34737,0.0,872.4280095,-949.4249875,1660.4383545,0.3085177872,0.9460616598,0.0988953806,,,,
34738,0.0,872.455811,-949.10791,1660.446899,0.3085777367,0.9462452694,0.0969518978,,,,
34739,0.0,872.588379,-948.154785,1660.317139,0.3088141392,0.9469710885,0.0887670264,,,,
34740,0.0,872.6662295,-947.9084775,1660.319458,0.309064723,0.9470565214,0.0869457011,,,,
34741,0.0,872.876343,-947.204102,1660.264526,0.3097438592,0.9472107251,0.0827682549,,,,
34742,0.0,872.9757995,-946.9083865,1660.2577515,0.3102897132,0.9471861626,0.0809636476,,,,
34743,0.0,873.161743,-946.235474,1660.218628,0.310935419,0.9473079289,0.0769860568,,,,
34744,0.0,873.302063,-945.93512,1660.249023,0.3109692003,0.9474116853,0.0755596128,,,,
34745,0.0,873.44104,-945.545258,1660.2979735,0.3109839526,0.9474570487,0.0749247412,,,,
34746,0.0,873.697205,-944.678162,1660.269409,0.3110179751,0.9475607312,0.0734607364,,,,
34747,0.0,873.86145,-944.316956,1660.300293,0.3110371693,0.947619209,0.0726203422,,,,
34748,0.0,874.010864,-943.941345,1660.325073,0.3110503475,0.9476593584,0.0720376409,,,,
34749,0.0,874.326477,-943.117981,1660.397583,0.311064423,0.9477030786,0.0713988763,,,,
34750,0.0,874.439026,-942.659119,1660.298584,0.3110804854,0.9477515685,0.0706816523,,,,
34751,0.0,874.716858,-942.123596,1660.356567,0.3106733631,0.9479726672,0.0694973642,,,,
34752,0.0,874.95282,-941.551575,1660.39502,0.3102954185,0.9481571485,0.0686642193,,,,
34753,0.0,875.140686,-940.884827,1660.408569,0.3087791424,0.9487191747,0.0677301172,,,,
34754,0.0,875.382507,-940.44635,1660.452881,0.3072038988,0.9493361489,0.0662317214,,,,
34755,0.0,875.598022,-939.63385,1660.46228,0.3035018682,0.9506978128,0.0637203627,,,,
34756,0.0,875.826111,-939.147095,1660.483521,0.3009876794,0.9515976817,0.0621954107,,,,
34757,0.0,876.039307,-938.507019,1660.51062,0.297107766,0.9529728629,0.0597469498,,,,
34758,0.0,876.170044,-938.110779,1660.487915,0.293761369,0.9541105269,0.0581150633,,,,
34759,0.0,876.451416,-937.139893,1660.446289,0.2891004158,0.9556432481,0.0562755008,,,,
34760,0.0,876.633972,-936.576172,1660.419922,0.2879405907,0.9560436958,0.0554136081,,,,
34761,0.0,876.920044,-935.62854,1660.384766,0.2867529936,0.9564727532,0.054153421,,,,
34762,0.0,877.140198,-935.078674,1660.276733,0.2867425844,0.9564765083,0.054142215,,,,
34763,0.0,877.337891,-934.432251,1660.285034,0.2867425844,0.9564765083,0.054142215,,,,
34764,0.0,877.600159,-933.762634,1660.192383,0.2867425844,0.9564765083,0.054142215,,,,
34765,0.0,877.921692,-933.188721,1659.925537,0.2867425844,0.9564765083,0.054142215,,,,
34766,0.0,878.180481,-932.578918,1659.784302,0.2867425844,0.9564765083,0.054142215,,,,
34767,0.0,878.54303,-931.625488,1659.654785,0.2867425844,0.9564765083,0.054142215,,,,
34768,0.0,878.786987,-931.045593,1659.539307,0.2867425844,0.9564765083,0.054142215,,,,
34769,0.0,879.003357,-930.304199,1659.55957,0.2867425844,0.9564765083,0.054142215,0.0054536103,99.9393097276,958.2354305874,0.0
34770,0.0,879.288818,-929.661194,1659.356079,0.2867425844,0.9564765083,0.054142215,0.0054462752,99.8083188578,957.6219234467,0.0
34771,0.0,879.542603,-928.886536,1659.244751,0.2867425844,0.9564765083,0.054142215,,,,
34772,0.0,879.760925,-928.232361,1659.128418,0.2867425844,0.9564765083,0.054142215,,,,
34773,0.0,879.971436,-927.51239,1659.021118,0.2874082436,0.9563519724,0.0527958944,,,,
34774,0.0,880.169006,-926.845825,1659.022583,0.287693336,0.9563132488,0.0519376038,,,,
34775,0.0,880.492126,-925.608154,1658.892822,0.28770267,0.9563447599,0.0513017914,,,,
34776,0.0,880.741028,-924.791626,1658.866699,0.2877031404,0.9563463234,0.0512699984,,,,
34777,0.0,880.930481,-924.086792,1658.749634,0.2877031404,0.9563463234,0.0512699984,,,,
34778,0.0,881.349243,-922.645081,1658.699585,0.2877031404,0.9563463234,0.0512699984,,,,
34779,0.0,881.631226,-921.684082,1658.705811,0.2877031404,0.9563463234,0.0512699984,,,,
34780,0.0,881.830811,-921.086395,1658.780945,0.2877031404,0.9563463234,0.0512699984,,,,
34781,0.0,882.030396,-920.488708,1658.856079,0.2877031404,0.9563463234,0.0512699984,,,,
34782,0.0,882.283264,-919.643738,1658.934448,0.2877031404,0.9563463234,0.0512699984,,,,
34783,0.0,882.826111,-917.807495,1659.127197,0.2877031404,0.9563463234,0.0512699984,,,,
34784,0.0,883.047852,-917.018005,1659.237549,0.2877031404,0.9563463234,0.0512699984,,,,
34785,0.0,883.437683,-915.523193,1659.399292,0.2877031404,0.9563463234,0.0512699984,,,,
34786,0.0,883.688843,-914.60144,1659.4646,0.2877031404,0.9563463234,0.0512699984,,,,
34787,0.0,883.831604,-914.001068,1659.543091,0.2877031404,0.9563463234,0.0512699984,,,,
34788,0.0,884.236694,-912.414856,1659.675781,0.2877031404,0.9563463234,0.0512699984,,,,
34789,0.0,884.475586,-911.381165,1659.775757,0.2877031404,0.9563463234,0.0512699984,,,,
34790,0.0,884.704468,-910.405273,1659.858521,0.2882869683,0.9561704927,0.0512699984,,,,
34791,0.0,884.992004,-909.153687,1659.800415,0.2886198996,0.9560700502,0.0512699984,,,,
34792,0.0,885.215759,-908.328796,1659.777466,0.2898322933,0.9557367137,0.0506416421,,,,
34793,0.0,885.600647,-907.053528,1659.764526,0.2922115046,0.9550766216,0.0494073218,,,,
34794,0.0,885.763611,-906.164062,1659.618896,0.2930239337,0.9548303851,0.0493549387,,,,
34795,0.0,886.045532,-904.980286,1659.454102,0.2949568208,0.9542810766,0.0484572046,,,,
34796,0.0,886.236206,-904.225464,1659.37915,0.2956939581,0.9540559621,0.0483973577,,,,
34797,0.0,886.421692,-903.262878,1659.204224,0.295986776,0.9539651588,0.0483973577,,,,
34798,0.0,886.589417,-902.341187,1659.027588,0.295986776,0.9539651588,0.0483973577,,,,
34799,0.0,886.914368,-900.829102,1658.825562,0.295986776,0.9539651588,0.0483973577,,,,
34800,0.0,887.151306,-899.923767,1658.77832,0.295986776,0.9539651588,0.0483973577,,,,
34801,0.0,887.390747,-898.813538,1658.662109,0.295986776,0.9539651588,0.0483973577,,,,
34802,0.0,887.582703,-898.020996,1658.604126,0.295986776,0.9539651588,0.0483973577,,,,
34803,0.0,887.932495,-896.741943,1658.52063,0.295986776,0.9539651588,0.0483973577,,,,
34804,0.0,888.182373,-895.948181,1658.470703,0.295986776,0.9539651588,0.0483973577,,,,
34805,0.0,888.538757,-894.79657,1658.395996,0.295986776,0.9539651588,0.0483973577,,,,
34806,0.0,888.785767,-893.987122,1658.414795,0.295986776,0.9539651588,0.0483973577,,,,
34807,0.0,889.267334,-892.808411,1658.307495,0.295986776,0.9539651588,0.0483973577,,,,
34808,0.0,889.543579,-892.031128,1658.284546,0.295986776,0.9539651588,0.0483973577,0.0021809776,51.1590089292,775.0298821942,0.0
34809,0.0,889.907104,-890.856323,1658.282959,0.295986776,0.9539651588,0.0483973577,0.002190072,51.1941006703,773.9513122709,0.0
34810,0.0,890.323608,-890.147705,1658.285278,0.295986776,0.9539651588,0.0483973577,0.0021813666,51.0457084254,773.2445705432,0.0
34811,0.0,890.808167,-889.143311,1658.325439,0.295986776,0.9539651588,0.0483973577,0.0021786182,50.9512241276,772.2994540023,0.0
34812,0.0,891.295532,-887.941467,1658.373169,0.295986776,0.9539651588,0.0483973577,0.0020996473,49.7226941955,767.7053567954,0.0
34813,0.0,891.536438,-887.052795,1658.35022,0.295986776,0.9539651588,0.0483973577,0.0020368022,48.7275563651,763.8471574898,0.0
34814,0.0,892.019653,-886.407837,1658.528687,0.295986776,0.9539651588,0.0483973577,0.0019487992,47.4119275038,759.8025727184,0.0
34815,0.0,892.435181,-885.485291,1658.60498,0.295986776,0.9539651588,0.0483973577,0.0018818993,46.3620093906,756.0551710464,0.0
34816,0.0,893.054749,-884.132446,1658.810303,0.295986776,0.9539651588,0.0483973577,0.0017716574,44.6187600397,749.9029529485,0.0
34817,0.0,893.412476,-883.215454,1658.882935,0.295986776,0.9539651588,0.0483973577,0.0017086325,43.6002549289,746.1657153817,0.0
34818,0.0,893.744995,-882.532593,1659.00061,0.295986776,0.9539651588,0.0483973577,0.0016300848,42.352392631,742.0529818068,0.0
34819,0.0,894.145203,-881.580017,1659.108154,0.295986776,0.9539651588,0.0483973577,0.0018097111,44.3213743129,737.0385001558,0.0
34820,0.0,894.695923,-880.269836,1659.251831,0.295986776,0.9539651588,0.0483973577,0.0017050967,42.6840638677,731.2425712292,0.0
34821,0.0,895.000793,-879.454346,1659.30188,0.295986776,0.9539651588,0.0483973577,0.0016404861,41.6499235378,727.4298631857,0.0
34822,0.0,895.667236,-877.640442,1659.370483,0.295986776,0.9539651588,0.0483973577,0.0014606558,38.8460350471,718.9793193535,0.0
34823,0.0,895.892334,-877.005829,1659.380676,0.295986776,0.9539651588,0.0483973577,0.0013998376,37.8719166856,716.1111070048,0.0
34824,0.0,896.117432,-876.371216,1659.390869,0.295986776,0.9539651588,0.0483973577,0.0013390194,36.8977983241,713.2428946561,0.0
34825,0.0,896.732849,-874.61908,1659.335327,0.295986776,0.9539651588,0.0483973577,0.0011745585,34.213539368,706.1114190725,0.0
34826,0.0,896.993713,-873.818237,1659.300537,0.295986776,0.9539651588,0.0483973577,0.0010785071,32.6168529822,702.4779255412,0.0
34827,0.0,897.282837,-872.885681,1659.187988,0.295986776,0.9539651588,0.0483973577,0.0009746403,30.8293689029,698.4467457561,0.0
34828,0.0,897.656433,-871.680237,1658.979126,0.295986776,0.9539651588,0.0483973577,0.0008576554,28.7397623775,694.0726032555,0.0
34829,0.0,897.898865,-870.898254,1658.889648,0.295986776,0.9539651588,0.0483973577,0.0007819177,27.327754833,691.183481995,0.0
34830,0.0,898.278076,-869.675232,1658.730835,0.295986776,0.9539651588,0.0483973577,0.0006701913,25.1415714843,686.8324313,0.0
34831,0.0,898.508972,-868.930481,1658.613403,0.295986776,0.9539651588,0.0483973577,0.0006020223,23.7328470966,684.0595550844,0.0
34832,0.0,898.758728,-868.125427,1658.478516,0.295986776,0.9539651588,0.0483973577,0.0005392157,22.3705742991,681.3016278435,0.0
34833,0.0,899.146606,-866.873718,1658.380249,0.295986776,0.9539651588,0.0483973577,0.0004546384,20.4096036167,676.9177480896,0.0
34834,0.0,899.404968,-866.040833,1658.374146,0.295986776,0.9539651588,0.0483973577,0.0004118979,19.3461986311,674.1096934627,0.0
34835,0.0,899.690918,-865.118774,1658.403198,0.295986776,0.9539651588,0.0483973577,0.0003600827,18.0005666063,670.824896868,0.0
34836,0.0,899.964294,-864.237427,1658.404419,0.295995794,0.9539942238,0.0477651635,0.0003109045,16.650983802,667.7980570894,0.0
34837,0.0,900.292236,-863.06189,1658.494873,0.2960003901,0.9540090369,0.0474397148,0.0002776929,15.6405960357,663.721719828,0.0
34838,0.0,900.573669,-862.235046,1658.477661,0.2960099033,0.954039698,0.0467588679,0.0002584073,15.0314060885,661.2418273101,0.0
34839,0.0,900.692993,-861.381714,1658.594727,0.2960137318,0.9540520374,0.0464820458,0.0002680019,15.2292403227,657.8446961839,0.0
34840,0.0,900.914551,-860.457825,1658.651123,0.2960137318,0.9540520374,0.0464820458,0.0003045088,16.1488573127,654.4250999395,0.0
34841,0.0,901.158203,-859.373901,1658.7323,0.2960137318,0.9540520374,0.0464820458,0.0003714146,17.7380109707,650.8797814043,0.0
34842,0.0,901.563721,-858.101501,1658.723145,0.2960137318,0.9540520374,0.0464820458,0.0005114177,20.6665937708,646.2812754733,0.0
34843,0.0,901.722473,-857.248901,1658.907959,0.2960137318,0.9540520374,0.0464820458,0.000590896,22.1171205285,643.4609819916,0.0
34844,0.0,902.032288,-856.175781,1659.071289,0.2960137318,0.9540520374,0.0464820458,,,,
34845,0.0,902.268799,-855.367615,1659.156006,0.2960137318,0.9540520374,0.0464820458,,,,
34846,0.0,902.569031,-854.222473,1659.349243,0.2951281577,0.9544173748,0.044574043,0.0009353349,27.4432929394,634.6572257083,0.0
34847,0.0,902.809631,-853.468018,1659.301636,0.2947226807,0.9545430134,0.0445665456,0.0010697248,29.2699018115,632.974786061,0.0
34848,0.0,903.00769,-852.596741,1659.545288,0.2943544413,0.9546566325,0.0445665456,0.0012704533,31.7860541002,630.7833855142,0.0
34849,0.0,903.38324,-851.360779,1659.607056,0.2942326146,0.9547753246,0.0427930831,0.0015223522,34.6055015852,627.3904964421,0.0
34850,0.0,903.60199,-850.546082,1659.676392,0.2935776794,0.9550140995,0.0419549267,0.0018306077,37.7915168263,624.8568502316,0.0
34851,0.0,903.922241,-849.233154,1659.848511,0.2916063469,0.9557072593,0.0398669415,0.0020827958,40.1217574847,621.9677448873,0.0
34852,0.0,903.945129,-848.936218,1659.973389,0.2911354075,0.9558771472,0.0392307784,0.0020605895,39.8771427132,621.4942789332,0.0
34853,0.0,904.37561,-847.1828,1660.104736,0.2890566249,0.9566239372,0.0362892588,0.0022514361,41.4982358985,618.7702331414,0.0
34854,0.0,904.633301,-846.150818,1660.207764,0.2868514727,0.9574004576,0.0331752386,0.0020944887,39.9238205475,617.1711394251,0.0
34855,0.0,904.945984,-844.919617,1660.258789,0.2843846977,0.9582310637,0.0303079573,0.0019594996,38.5004915816,615.3065518159,0.0
34856,0.0,905.131165,-844.497864,1660.324219,0.291464765,0.9564129506,0.017959921,0.0019424949,38.2833272362,614.5054552498,0.0
34857,0.0,905.451294,-843.536011,1660.384399,0.3023297981,0.9532031004,-0.0007365638,0.0021563448,40.2258915225,612.8664262736,0.0
34858,0.0,905.724487,-842.107727,1660.237427,0.299200883,0.9541762402,-0.005151142,,,,
34859,0.0,905.886414,-841.23468,1660.174316,0.2928359126,0.9561594015,-0.0025154182,,,,
34860,0.0,906.185974,-840.147095,1660.141113,0.2890909479,0.9573000809,-0.0017259727,,,,
34861,0.0,906.662659,-838.339355,1660.1521,0.2817474793,0.9594883102,-0.0007351501,,,,
34862,0.0,906.846802,-837.63504,1660.117493,0.2789003385,0.9603150718,0.0001344427,,,,
34863,0.0,907.254517,-836.055054,1660.145874,0.2696074635,0.9629690131,0.0015796619,,,,
34864,0.0,907.131287,-835.389465,1659.468262,0.264639433,0.9643434723,0.002763673,,,,
34865,0.0,907.300812,-834.823303,1659.360962,0.261868555,0.9650914792,0.0037525258,,,,
34866,0.0,907.470337,-834.257141,1659.253662,0.259097677,0.9658394862,0.0047413786,,,,
34867,0.0,908.118774,-832.101135,1658.83728,0.2511644051,0.9679148658,0.0075666457,,,,
34868,0.0,908.361633,-830.94812,1658.935913,0.2470697804,0.9689556869,0.0090222175,,,,
34869,0.0,908.748596,-829.673401,1658.679932,0.2334715585,0.9721391515,0.0208926191,,,,
34870,0.0,908.960205,-828.948486,1658.660522,0.2294043626,0.9729893091,0.0257961763,,,,
34871,0.0,909.331421,-828.049194,1658.600586,0.2248331139,0.9738965097,0.0312355442,,,,
34872,0.0,909.626587,-826.78009,1658.517944,0.2198875421,0.9748326747,0.0367522125,,,,
34873,0.0,909.94165,-825.787292,1658.592163,0.2136518593,0.9758556649,0.0453718453,,,,
34874,0.0,910.290405,-824.769653,1658.669556,0.2069740448,0.9768135997,0.0547442797,,,,
34875,0.0,910.69751,-823.708313,1658.771729,0.2049710743,0.976908999,0.0602964864,,,,
34876,0.0,910.893311,-822.715454,1658.740845,0.2032200684,0.9771147252,0.0628364356,,,,
34877,0.0,911.31897,-821.818665,1659.080322,0.2031421402,0.9771237844,0.0629474452,,,,
34878,0.0,911.63147,-821.125244,1659.23291,0.2031421402,0.9771237844,0.0629474452,,,,
34879,0.0,911.957153,-819.991699,1659.284058,0.2031421402,0.9771237844,0.0629474452,,,,
34880,0.0,912.154419,-819.325012,1659.379028,0.2031421402,0.9771237844,0.0629474452,,,,
34881,0.0,912.333313,-818.951721,1659.77832,0.2031421402,0.9771237844,0.0629474452,,,,
34882,0.0,912.750671,-817.130615,1659.90332,0.2031421402,0.9771237844,0.0629474452,,,,
34883,0.0,912.963928,-816.194946,1659.91626,0.2031421402,0.9771237844,0.0629474452,,,,
34884,0.0,913.190369,-815.187195,1659.923096,0.2031421402,0.9771237844,0.0629474452,,,,
34885,0.0,913.365234,-814.403137,1660.026001,0.2031421402,0.9771237844,0.0629474452,,,,
34886,0.0,913.56604,-813.494751,1660.046143,0.2031421402,0.9771237844,0.0629474452,,,,
34887,0.0,913.854431,-812.195251,1659.848877,0.2031421402,0.9771237844,0.0629474452,,,,
34888,0.0,914.099731,-811.076538,1659.851685,0.2031421402,0.9771237844,0.0629474452,,,,
34889,0.0,914.229736,-810.481323,1659.808105,0.2031421402,0.9771237844,0.0629474452,,,,
34890,0.0,914.484314,-809.313416,1659.450195,0.2031421402,0.9771237844,0.0629474452,,,,
34891,0.0,914.719666,-808.225708,1659.309204,0.2031421402,0.9771237844,0.0629474452,,,,
34892,0.0,914.885315,-807.456238,1659.213379,0.2031421402,0.9771237844,0.0629474452,,,,
34893,0.0,915.130005,-806.315857,1659.165894,0.2031421402,0.9771237844,0.0629474452,,,,
34894,0.0,915.230286,-805.848694,1659.00647,0.2031421402,0.9771237844,0.0629474452,,,,
34895,0.0,915.511047,-804.533997,1658.919678,0.2031421402,0.9771237844,0.0629474452,,,,
34896,0.0,915.555542,-804.3258365,1658.89563,0.2031421402,0.9771237844,0.0629474452,,,,
34897,0.0,915.600037,-804.117676,1658.871582,0.2031421402,0.9771237844,0.0629474452,,,,
34898,0.0,916.06189,-801.940125,1658.905884,0.2031421402,0.9771237844,0.0629474452,,,,
34899,0.0,916.410034,-800.292664,1659.103638,0.2031421402,0.9771237844,0.0629474452,,,,
34900,0.0,916.641479,-799.192749,1659.338135,0.2031421402,0.9771237844,0.0629474452,,,,
34901,0.0,916.826599,-797.921997,1659.937378,0.2031421402,0.9771237844,0.0629474452,,,,
34902,0.0,916.855042,-796.341431,1660.776733,0.2031421402,0.9771237844,0.0629474452,,,,
34903,0.0,916.903534,-795.9900515,1660.9747925,0.2031421402,0.9771237844,0.0629474452,,,,
34904,0.0,916.952026,-795.638672,1661.172852,0.2031421402,0.9771237844,0.0629474452,,,,
34905,0.0,916.999817,-795.069641,1661.762451,0.2031421402,0.9771237844,0.0629474452,,,,
34906,0.0,917.049744,-794.921692,1662.121704,0.2031421402,0.9771237844,0.0629474452,,,,
34907,0.0,916.990051,-794.704529,1662.425659,0.2031421402,0.9771237844,0.0629474452,,,,
34908,0.0,917.002594,-794.738373,1662.538208,0.2031421402,0.9771237844,0.0629474452,,,,
34909,0.0,917.036316,-794.813293,1662.735352,0.2031378584,0.9771031886,0.0632800862,,,,
34910,0.0,917.078308,-794.839905,1662.790771,0.2031298456,0.9770653313,0.0638874336,,,,
34911,0.0,917.1296385,-794.9803165,1662.9734495,0.2031298043,0.9770647903,0.0638958376,,,,
34912,0.0,917.180969,-795.120728,1663.156128,0.203129763,0.9770642493,0.0639042416,,,,
34913,0.0,917.434387,-795.43634,1663.287598,0.203129763,0.9770642493,0.0639042416,,,,
34914,0.0,917.42218,-795.4953,1663.336914,0.203129763,0.9770642493,0.0639042416,,,,
34915,0.0,917.429199,-795.414551,1663.295532,0.2037200682,0.976880518,0.0648273654,,,,
34916,0.0,917.388184,-795.702759,1663.450439,0.2041522411,0.9767451641,0.0655037929,,,,
34917,0.0,917.413513,-795.611023,1663.32666,0.2048376177,0.9765291344,0.0665762726,,,,
34918,0.0,917.421265,-795.614624,1663.249023,0.2057907852,0.9763151869,0.0667743098,,,,
34919,0.0,917.428101,-795.610962,1663.213623,0.206466403,0.9761322268,0.0673609699,,,,
34920,0.0,917.437988,-795.59491,1663.149292,0.2071701826,0.9759575005,0.0677308834,,,,
34921,0.0,917.428223,-795.661865,1663.162354,0.2076853031,0.9758480119,0.0677308834,,,,
34922,0.0,917.429626,-795.658264,1663.160889,0.2077585901,0.9758324117,0.0677308834,,,,
34923,0.0,917.438904,-795.651001,1663.153809,0.2086011532,0.9755915572,0.0686051921,,,,
34924,0.0,917.446594,-795.654785,1663.153809,0.2095679315,0.9753785542,0.0686873948,,,,
34925,0.0,917.45813,-795.631592,1663.143066,0.2102883837,0.9751740222,0.0693860372,,,,
34926,0.0,917.468506,-795.663269,1663.145874,0.2122104727,0.9746771289,0.0705068062,,,,
34927,0.0,917.471741,-795.679749,1663.088013,0.2129587479,0.9744859047,0.0708928297,,,,
34928,0.0,917.477234,-795.673889,1663.082397,0.2134392148,0.974362721,0.0711406326,,,,
34929,0.0,917.482239,-795.683899,1663.084961,0.2142284727,0.9741596765,0.07154779,,,,
34930,0.0,917.463013,-795.790649,1663.180298,0.2147278942,0.9740307457,0.0718055562,,,,
34931,0.0,917.466125,-795.806152,1663.198608,0.2154659823,0.9738395724,0.0721865477,,,,
34932,0.0,917.462341,-795.841797,1663.260498,0.2159241477,0.9737205218,0.0724231171,,,,
34933,0.0,917.477173,-795.891296,1663.364868,0.2188308322,0.972908896,0.0745744394,,,,
34934,0.0,917.500854,-795.923035,1663.422241,0.2223116658,0.9719141751,0.0772033648,,,,
34935,0.0,917.52594,-795.953735,1663.478394,0.2259582513,0.9708496688,0.0799611736,,,,
34936,0.0,917.533691,-795.929688,1663.44104,0.226221439,0.9707719567,0.080160268,,,,
34937,0.0,917.518005,-795.997131,1663.563599,0.226221439,0.9707719567,0.080160268,,,,
34938,0.0,917.516724,-796.002136,1663.557373,0.226221439,0.9707719567,0.080160268,,,,
34939,0.0,917.523987,-795.971252,1663.50415,0.226221439,0.9707719567,0.080160268,,,,
34940,0.0,917.531372,-795.939575,1663.447876,0.226221439,0.9707719567,0.080160268,,,,
34941,0.0,917.540588,-795.900024,1663.351318,0.226221439,0.9707719567,0.080160268,,,,
34942,0.0,917.552063,-795.851196,1663.262573,0.226221439,0.9707719567,0.080160268,,,,
34943,0.0,917.565918,-795.791443,1663.196899,0.226221439,0.9707719567,0.080160268,,,,
34944,0.0,917.56665,-795.788574,1663.192627,0.226221439,0.9707719567,0.080160268,,,,
34945,0.0,917.582336,-795.720947,1663.13269,0.226221439,0.9707719567,0.080160268,,,,
34946,0.0,917.667969,-795.516418,1662.959473,0.2302939375,0.9696968846,0.0815638057,,,,
34947,0.0,917.7804565,-795.3107605,1662.7225955,0.2367808363,0.9680109596,0.0827245326,,,,
34948,0.0,918.179138,-795.250427,1662.346802,0.2758972701,0.9572879388,0.0864898755,,,,
34949,0.0,918.478363,-795.21405,1662.294983,0.3032957532,0.9484252728,0.0875829298,,,,
34950,0.0,919.119446,-795.25824,1662.058716,0.3639939812,0.9270962154,0.0894482479,,,,
34951,0.0,919.868896,-795.602661,1662.180908,0.4390353482,0.8938438568,0.091055602,,,,
34952,0.0,919.85907,-795.268188,1661.920654,0.4884667658,0.867705158,0.0921302203,,,,
34953,0.0,919.946106,-795.2199705,1661.9280395,0.531350637,0.8404365122,0.0935328649,,,,
34954,0.0,920.195374,-795.054626,1661.821289,0.6298382207,0.7706403929,0.0970422617,,,,
34955,0.0,920.363281,-794.91272,1661.747437,0.6914156266,0.7152774071,0.1016005028,,,,
34956,0.0,920.514221,-794.750183,1661.699219,0.7385066764,0.6659781749,0.1052661359,,,,
34957,0.0,920.793213,-794.548584,1661.733765,0.7906732678,0.6023779401,0.1094376573,,,,
34958,0.0,920.960449,-794.318115,1661.662476,0.8129385877,0.5717690111,0.1105036224,,,,
34959,0.0,921.16803,-794.199768,1661.694946,0.8280398976,0.5494482269,0.1116090228,,,,
34960,0.0,921.146484,-793.938965,1661.659546,0.8293190997,0.5474874446,0.1117467177,,,,
34961,0.0,921.399048,-793.786011,1661.679199,0.8283541858,0.548946276,0.1117467177,,,,
34962,0.0,921.584961,-793.695374,1661.474365,0.8275185805,0.5502051234,0.111746683,,,,
34963,0.0,921.837097,-793.524475,1661.449219,0.8262843098,0.5520569847,0.1117467004,,,,
34964,0.0,922.010986,-793.439209,1661.311523,0.8261560123,0.5522489606,0.1117467177,,,,
34965,0.0,922.356873,-793.224548,1661.300049,0.8261560123,0.5522489606,0.1117467177,,,,
34966,0.0,922.625793,-793.064819,1661.181152,0.8261560123,0.5522489606,0.1117467177,,,,
34967,0.0,922.878662,-792.903687,1661.167358,0.8261560123,0.5522489606,0.1117467177,,,,
34968,0.0,923.133118,-792.749512,1661.034546,0.8261560123,0.5522489606,0.1117467177,,,,
34969,0.0,923.385864,-792.589539,1660.974731,0.8261560123,0.5522489606,0.1117467177,,,,
34970,0.0,923.734314,-792.354919,1660.961182,0.8261560123,0.5522489606,0.1117467177,,,,
34971,0.0,924.00647,-792.183716,1660.851807,0.8261560123,0.5522489606,0.1117467177,,,,
34972,0.0,924.231812,-792.036987,1660.858032,0.8261560123,0.5522489606,0.1117467177,,,,
34973,0.0,924.632874,-791.767151,1660.777466,0.8261560123,0.5522489606,0.1117467177,,,,
34974,0.0,925.001099,-791.520874,1660.710083,0.8261560123,0.5522489606,0.1117467177,,,,
34975,0.0,925.286194,-791.338745,1660.600586,0.8265301954,0.5516887809,0.1117467004,,,,
34976,0.0,925.701355,-791.081177,1660.55957,0.8275803394,0.5501122219,0.1117467004,,,,
34977,0.0,926.04303,-790.871277,1660.556274,0.8282082232,0.5491664755,0.111746683,,,,
34978,0.0,926.38501,-790.658203,1660.405518,0.8286172418,0.5485491241,0.1117467004,,,,
34979,0.0,926.860596,-790.342896,1660.379517,0.8287938182,0.5482822978,0.1117467177,,,,
34980,0.0,927.164062,-790.144409,1660.258057,0.8287938182,0.5482822978,0.1117467177,,,,
34981,0.0,927.678894,-789.893066,1660.316162,0.8287938182,0.5482822978,0.1117467177,,,,
34982,0.0,928.0849,-789.58783,1661.670044,0.8287938182,0.5482822978,0.1117467177,,,,
34983,0.0,928.553162,-789.350281,1661.652222,0.8287938182,0.5482822978,0.1117467177,,,,
34984,0.0,929.050354,-789.035645,1663.544922,0.8287938182,0.5482822978,0.1117467177,,,,
34985,0.0,929.417664,-788.778015,1665.205688,0.8287938182,0.5482822978,0.1117467177,,,,
34986,0.0,929.685486,-788.696777,1667.766113,0.8287938182,0.5482822978,0.1117467177,,,,
34987,0.0,929.753601,-788.682373,1669.189331,0.8287938182,0.5482822978,0.1117467177,,,,
34988,0.0,929.715271,-788.789795,1672.007324,0.8287938182,0.5482822978,0.1117467177,,,,
34989,0.0,929.729065,-788.812805,1673.528931,0.8287938182,0.5482822978,0.1117467177,,,,
34990,0.0,929.770569,-788.757904,1674.303467,0.8287938182,0.5482822978,0.1117467177,,,,
34991,0.0,930.31842,-788.103699,1676.25354,0.8287938182,0.5482822978,0.1117467177,,,,
34992,0.0,930.864502,-787.757507,1677.54834,0.8287938182,0.5482822978,0.1117467177,,,,
34993,0.0,932.12677,-786.777283,1676.866699,0.8287938182,0.5482822978,0.1117467177,,,,
34994,0.0,933.062683,-786.247437,1676.55127,0.8287938182,0.5482822978,0.1117467177,,,,
34995,0.0,933.735474,-785.914673,1676.559082,0.827794529,0.5497898623,0.1117467004,,,,
34996,0.0,934.322449,-785.590576,1676.629272,0.8253112918,0.5535105695,0.111746683,,,,
34997,0.0,935.714539,-784.913696,1676.130249,0.8206698241,0.5602777897,0.1122044481,,,,
34998,0.0,936.495178,-784.712097,1676.243774,0.8177634152,0.5644440162,0.1125430999,,,,
34999,0.0,937.804932,-784.118835,1676.4104,0.8113191622,0.5736375695,0.1126994056,,,,
35000,0.0,939.06134,-783.56543,1676.553467,0.7998438205,0.5892630874,0.114100292,,,,
35001,0.0,940.091187,-783.066101,1676.613159,0.7922477654,0.5992480335,0.1150881079,,,,
35002,0.0,941.598022,-782.332031,1676.683716,0.778050352,0.6172047364,0.1170297533,,,,
35003,0.0,943.190735,-781.291321,1676.610718,0.7640773485,0.6340666593,0.1189339186,,,,
35004,0.0,944.830505,-780.53125,1676.627563,0.7527717433,0.6472066119,0.1202426881,,,,
35005,0.0,946.022095,-779.802673,1676.53418,0.7478081273,0.6528029087,0.1209601883,,,,
35006,0.0,947.879456,-778.511169,1676.386597,0.7401736288,0.6612513125,0.1220233625,,,,
35007,0.0,949.38916,-777.374695,1676.33252,0.7341035068,0.667834579,0.1228373576,,,,
35008,0.0,951.472534,-775.822754,1676.307983,0.7257372034,0.6768561187,0.123171856,,,,
35009,0.0,953.929016,-773.886414,1676.411499,0.7179713716,0.6850881689,0.1231718733,,,,
35010,0.0,955.620056,-772.458008,1676.524414,0.7088198997,0.6944075771,0.1239857516,,,,
35011,0.0,957.731506,-770.59259,1676.727539,0.6961694744,0.7070654025,0.124123243,,,,
35012,0.0,959.035339,-769.225586,1676.884766,0.6841677129,0.7185690389,0.124792135,,,,
35013,0.0,961.497009,-766.891174,1677.084961,0.6714935398,0.7300812227,0.1267984001,,,,
35014,0.0,963.529541,-764.733582,1677.208374,0.6602440582,0.7399199528,0.1288264219,,,,
35015,0.0,964.902893,-763.223389,1677.23999,0.6524436244,0.7465702248,0.1301929968,,,,
35016,0.0,967.158203,-760.721497,1677.222046,0.6402941546,0.7567739051,0.1315927509,,,,
35017,0.0,968.990173,-758.674927,1677.293579,0.6321577956,0.7633953259,0.1326804351,,,,
35018,0.0,970.689026,-756.790771,1677.317139,0.6267245043,0.7677283572,0.1334524831,,,,
35019,0.0,972.27948,-754.810791,1677.408691,0.6229772513,0.7706323244,0.1342578301,,,,
35020,0.0,974.09491,-752.419495,1677.516479,0.6216934489,0.771612136,0.1345807085,,,,
35021,0.0,975.634155,-750.761658,1677.530029,0.6216934489,0.771612136,0.1345807085,,,,
35022,0.0,977.572632,-748.08374,1677.910645,0.6216934489,0.771612136,0.1345807085,,,,
35023,0.0,979.709656,-745.521912,1678.243652,0.6216934489,0.771612136,0.1345807085,,,,
35024,0.0,981.272766,-743.662964,1678.495605,0.6216934489,0.771612136,0.1345807085,,,,
35025,0.0,982.823425,-741.675476,1678.803955,0.6202098226,0.7728051558,0.1345807085,,,,
35026,0.0,984.897339,-738.860229,1679.169556,0.614638109,0.7771621169,0.1350519861,,,,
35027,0.0,986.811829,-736.784302,1679.171875,0.6105670032,0.7802960949,0.1354471812,,,,
35028,0.0,988.406555,-734.361755,1679.478638,0.6017530705,0.7869759087,0.1362430226,,,,
35029,0.0,989.083984,-733.217102,1679.491821,0.5960871783,0.7911948535,0.1367142265,,,,
35030,0.0,992.087158,-729.043762,1679.368042,0.560963377,0.8163534961,0.1374301973,,,,
35031,0.0,994.923462,-725.421326,1679.573486,0.5203908065,0.8429035425,0.1367736327,,,,
35032,0.0,996.782104,-722.756958,1679.462769,0.4981422391,0.8563878636,0.1358460034,,,,
35033,0.0,998.811218,-719.738403,1679.039795,0.461393274,0.8769106593,0.1346994517,,,,
35034,0.0,1000.188232,-717.697937,1678.907349,0.4332518277,0.8912716837,0.133894136,,,,
35035,0.0,1001.923523,-715.118896,1678.614624,0.411380263,0.9016147378,0.1336306246,,,,
35036,0.0,1003.810425,-712.225769,1678.651855,0.3831549614,0.914095962,0.1327435416,,,,
35037,0.0,1004.844116,-710.552429,1678.502197,0.3788005774,0.9159181296,0.1326804524,,,,
35038,0.0,1006.957581,-707.124268,1678.355225,0.3746805554,0.9176112402,0.1326804178,,,,
35039,0.0,1008.584473,-704.323242,1678.376221,0.3743782447,0.9177346196,0.1326804351,,,,
35040,0.0,1009.834961,-702.288757,1678.496216,0.3750777817,0.9175522686,0.1319639803,,,,
35041,0.0,1011.047119,-700.14386,1678.541626,0.3912802661,0.9109522128,0.1306362101,,,,
35042,0.0,1012.263306,-698.028931,1678.606079,0.4049209256,0.9051067049,0.1296953999,,,,
35043,0.0,1014.55896,-694.409363,1679.114258,0.4267706353,0.8952306667,0.1281751861,,,,
35044,0.0,1016.736816,-691.34668,1679.21521,0.4944381285,0.8600664869,0.1257639663,,,,
35045,0.0,1018.658569,-689.279846,1679.79834,0.5667398203,0.8146321435,0.1232089562,,,,
35046,0.0,1020.181396,-687.294983,1679.997314,0.6614776507,0.7400356681,0.121632757,,,,
35047,0.0,1022.109924,-685.126587,1680.247437,0.7539612294,0.6455443597,0.1217166553,,,,
35048,0.0,1023.756714,-683.090576,1680.344727,0.8059065806,0.5793195852,0.1220794884,,,,
35049,0.0,1026.230835,-680.760925,1680.55188,0.8655229789,0.4844625637,0.1271455756,,,,
35050,0.0,1029.452271,-678.714844,1680.702759,0.9166698098,0.3763037241,0.1345807085,,,,
35051,0.0,1031.382324,-677.359497,1680.608521,0.9405481172,0.3100413149,0.1387213838,,,,
35052,0.0,1034.008667,-675.739441,1680.440308,0.963017368,0.2281141556,0.1433927507,,,,
35053,0.0,1035.856934,-674.459473,1680.434082,0.9698326776,0.195787142,0.1452307563,,,,
35054,0.0,1038.848389,-672.518982,1680.386475,0.9770462038,0.1551546635,0.1459717306,,,,
35055,0.0,1040.832886,-671.258667,1680.378784,0.9791743885,0.1411020048,0.1459717134,,,,
35056,0.0,1043.915527,-669.234863,1679.969116,0.980133501,0.1342779359,0.1459717652,,,,
35057,0.0,1046.084839,-667.873901,1679.655029,0.980135015,0.1342669025,0.1459717479,,,,
35058,0.0,1048.264771,-666.601929,1679.254883,0.980135015,0.1342669025,0.1459717479,,,,
35059,0.0,1051.396362,-664.91748,1678.668457,0.980135015,0.1342669025,0.1459717479,,,,
35060,0.0,1053.599243,-663.843262,1678.34668,0.980135015,0.1342669025,0.1459717479,,,,
35061,0.0,1056.834106,-662.386047,1677.774292,0.980135015,0.1342669025,0.1459717479,,,,
35062,0.0,1059.198853,-661.421814,1677.484131,0.980135015,0.1342669025,0.1459717479,,,,
35063,0.0,1061.734009,-660.444641,1677.126343,0.980135015,0.1342669025,0.1459717479,,,,
35064,0.0,1063.974854,-659.638855,1676.911987,0.980135015,0.1342669025,0.1459717479,,,,
35065,0.0,1067.364258,-658.491455,1676.697998,0.980135015,0.1342669025,0.1459717479,,,,
35066,0.0,1070.5896,-657.43811,1676.754028,0.980135015,0.1342669025,0.1459717479,,,,
35067,0.0,1072.920532,-656.722168,1676.812378,0.9807333294,0.1314312809,0.1445266585,,,,
35068,0.0,1076.110962,-655.774475,1677.012329,0.9816922392,0.1264771537,0.1424214769,,,,
35069,0.0,1079.175415,-654.934631,1677.206299,0.982817195,0.1198029129,0.1404194547,,,,
35070,0.0,1081.692627,-654.293518,1677.472778,0.9835269509,0.1149094989,0.1395368907,,,,
35071,0.0,1084.833008,-653.575012,1677.604004,0.9845466577,0.1081532376,0.1377343676,,,,
35072,0.0,1090.547485,-652.219177,1678.678711,0.9855404725,0.1016927705,0.1355306514,,,,
35073,0.0,1092.2128905,-651.8515015,1678.8983155,0.9856920136,0.1007626769,0.1351187612,,,,
35074,0.0,1093.878296,-651.483826,1679.11792,0.9858435546,0.0998325834,0.1347068709,,,,
35075,0.0,1099.487915,-650.297302,1679.499268,0.9864132643,0.09654374,0.1329217001,,,,
35076,0.0,1101.0700075,-649.950195,1679.6169435,0.986582518,0.0952714234,0.1325764854,,,,
35077,0.0,1105.252441,-649.106262,1679.82605,0.9869384424,0.0925338191,0.1318711617,,,,
35078,0.0,1108.880859,-648.331848,1679.890137,0.9870109368,0.0919597178,0.1317301064,,,,
35079,0.0,1111.569336,-647.830811,1679.894409,0.9870109368,0.0919597178,0.1317301064,,,,
35080,0.0,1114.249878,-647.30658,1679.865845,0.9870109368,0.0919597178,0.1317301064,,,,
35081,0.0,1117.338379,-646.748169,1679.729492,0.9870109368,0.0919597178,0.1317301064,,,,
35082,0.0,1120.720093,-646.187317,1679.595947,0.9870109368,0.0919597178,0.1317301064,,,,
35083,0.0,1123.953979,-645.736572,1679.362671,0.9870109368,0.0919597178,0.1317301064,,,,
35084,0.0,1126.077148,-645.446289,1679.222168,0.9872000406,0.0907765852,0.1311323434,,,,
35085,0.0,1129.397095,-645.013672,1678.90625,0.9874978504,0.0880038718,0.1307796393,,,,
35086,0.0,1132.849121,-644.641541,1678.699829,0.9882690268,0.0815328853,0.1291383724,,,,
35087,0.0,1136.209839,-644.308777,1678.557495,0.9891796702,0.0733595764,0.1270509842,,,,
35088,0.0,1138.522949,-644.120789,1678.568359,0.9897692915,0.0663624957,0.1263042707,,,,
35089,0.0,1142.189087,-643.835205,1678.614136,0.9906039111,0.0569215509,0.1243536426,,,,
35090,0.0,1145.238525,-643.672607,1678.70813,0.9913606846,0.0469502688,0.1224731209,,,,
35091,0.0,1147.462158,-643.585876,1678.775635,0.9917653545,0.0399955701,0.1216627963,,,,
35092,0.0,1151.287231,-643.513916,1679.00354,0.9922913438,0.0290071909,0.1204843221,,,,
35093,0.0,1154.739746,-643.431213,1679.259888,0.9926374674,0.0202795148,0.1194135655,,,,
35094,0.0,1157.126465,-643.394653,1679.444946,0.9927373479,0.01498341,0.1193652191,,,,
35095,0.0,1160.669922,-643.500977,1679.775024,0.9929303715,0.0064138694,0.1185248478,,,,
35096,0.0,1163.784058,-643.529846,1679.953735,0.993064852,-0.0012062906,0.1175616627,,,,
35097,0.0,1167.032104,-643.617798,1680.096802,0.9931677288,-0.0056000659,0.1165611502,,,,
35098,0.0,1170.057739,-643.708984,1680.197144,0.9932563307,-0.0084427066,0.1156312342,,,,
35099,0.0,1173.285889,-643.813049,1680.286621,0.9932547002,-0.0095774856,0.1155567922,,,,
35100,0.0,1177.772949,-645.924255,1677.701294,0.9932543044,-0.0096182415,0.1155568095,,,,
35101,0.0,1179.99646,-645.824585,1677.701294,0.9932543044,-0.0096182415,0.1155568095,,,,
35102,0.0,1183.338501,-645.690857,1677.701294,0.9932543044,-0.0096182415,0.1155568095,,,,
35103,0.0,1186.526123,-645.578674,1677.701294,0.9932543044,-0.0096182415,0.1155568095,,,,
35104,0.0,1189.630981,-645.481384,1677.701294,0.9932543044,-0.0096182415,0.1155568095,,,,
35105,0.0,1192.795654,-645.393005,1677.701294,0.9932543044,-0.0096182415,0.1155568095,,,,
35106,0.0,1195.984375,-645.314148,1677.701294,0.9932543044,-0.0096182415,0.1155568095,,,,
35107,0.0,1198.280762,-645.263672,1677.701294,0.9932543044,-0.0096182415,0.1155568095,,,,
35108,0.0,1201.707764,-645.196228,1677.701294,0.9932543044,-0.0096182415,0.1155568095,,,,
35109,0.0,1204.944702,-645.14093,1677.701294,0.9932543044,-0.0096182415,0.1155568095,,,,
35110,0.0,1208.074463,-645.094604,1677.701294,0.9932543044,-0.0096182415,0.1155568095,,,,
35111,0.0,1211.073364,-645.056458,1677.701294,0.9932543044,-0.0096182415,0.1155568095,,,,
35112,0.0,1214.27478,-645.021301,1677.701294,0.9932543044,-0.0096182415,0.1155568095,,,,
35113,0.0,1219.713745,-644.974792,1677.701294,0.9932543044,-0.0096182415,0.1155568095,,,,
35114,0.0,1222.819946,-644.95459,1677.701294,0.9932543044,-0.0096182415,0.1155568095,,,,
35115,0.0,1225.71228,-644.939514,1677.701294,0.9932543044,-0.0096182415,0.1155568095,,,,
35116,0.0,1228.723389,-644.927368,1677.701294,0.9932543044,-0.0096182415,0.1155568095,,,,
35117,0.0,1231.948975,-644.917969,1677.701294,0.9932543044,-0.0096182415,0.1155568095,,,,
35118,0.0,1233.680603,-644.914856,1677.701294,0.9932543044,-0.0096182415,0.1155568095,,,,
35119,0.0,1237.89978,-644.909668,1677.701294,0.9932543044,-0.0096182415,0.1155568095,,,,
35120,0.0,1241.053711,-644.909424,1677.701294,0.9932543044,-0.0096182415,0.1155568095,,,,
35121,0.0,1244.112549,-644.879089,1677.701294,0.9932834669,-0.0058799772,0.1155568268,,,,
35122,0.0,1247.415039,-644.830688,1677.701294,0.9933961714,-6.311e-06,0.1147346793,,,,
35123,0.0,1250.554932,-644.766052,1677.701294,0.9933827568,0.0075181083,0.114604435,,,,
35124,0.0,1252.902222,-644.79895,1677.701294,0.9932825324,0.0159884438,0.1146044524,,,,
35125,0.0,1256.246826,-645.001892,1677.701294,0.9929019257,0.0318054308,0.1146044524,,,,
35126,0.0,1259.79248,-645.382446,1677.701294,0.9919374574,0.0540915892,0.1146044524,,,,
35127,0.0,1262.156372,-645.775635,1677.701294,0.9911248686,0.0673595898,0.1146044524,,,,
35128,0.0,1264.738647,-646.31134,1677.701294,0.9901943215,0.0798813194,0.1146044524,,,,
35129,0.0,1268.021606,-647.127869,1677.701294,0.9887416608,0.0962068176,0.114604435,,,,
35130,0.0,1270.258179,-647.744568,1677.701294,0.9872831304,0.1101718837,0.114604435,,,,
35131,0.0,1273.047974,-648.568909,1677.701294,0.9843464014,0.1332131006,0.1153968453,,,,
35132,0.0,1275.534668,-649.400208,1677.701294,0.9818937025,0.1496444929,0.116151981,,,,
35133,0.0,1279.353027,-650.730591,1677.701294,0.9768174368,0.1789732604,0.1174575124,,,,
35134,0.0,1281.441162,-651.539978,1677.701294,0.9744315113,0.1910917937,0.118182724,,,,
35135,0.0,1284.693604,-652.840698,1677.701294,0.9700210586,0.211713556,0.1193168725,,,,
35136,0.0,1286.784424,-653.698181,1677.701294,0.9665607656,0.2266019481,0.1200493376,,,,
35137,0.0,1289.206787,-654.715271,1677.701294,0.9623706718,0.24336515,0.1208970379,,,,
35138,0.0,1292.706665,-656.234009,1677.701294,0.9567289333,0.2645064005,0.1212687605,,,,
35139,0.0,1294.975464,-657.231506,1677.701294,0.952861669,0.2781160325,0.1212687605,,,,
35140,0.0,1298.210571,-658.668457,1677.701294,0.9472218398,0.2967569274,0.1212687605,,,,
35141,0.0,1299.910156,-659.421631,1677.701294,0.9444913751,0.3052078601,0.1215903138,,,,
35142,0.0,1303.671631,-661.145508,1677.701294,0.9402050064,0.317944237,0.1221720433,,,,
35143,0.0,1305.994141,-662.221619,1677.701294,0.938630252,0.3225452378,0.1222203731,,,,
35144,0.0,1309.11731,-663.627014,1677.701294,0.9344296758,0.3345195979,0.1222203731,,,,
35145,0.0,1312.24292,-665.0448,1677.701294,0.9311699907,0.3431501873,0.1231681667,,,,
35146,0.0,1314.595947,-666.100037,1677.701294,0.9283395963,0.3507339214,0.1231718733,,,,
35147,0.0,1316.778564,-667.079834,1677.701294,0.9263227057,0.3560266044,0.1231718387,,,,
35148,0.0,1319.962524,-668.496826,1677.701294,0.9232898314,0.3638194347,0.123171856,,,,
35149,0.0,1323.203247,-669.929504,1677.701294,0.9206832203,0.3703661783,0.1231718387,,,,
35150,0.0,1325.482178,-670.930786,1677.701294,0.9192112722,0.3740044474,0.1231718733,,,,
35151,0.0,1328.883057,-672.419373,1677.701294,0.9177263876,0.3776333766,0.1231718733,,,,
35152,0.0,1331.247437,-673.482239,1677.701294,0.9176797187,0.3777467773,0.123171856,,,,
35153,0.0,1334.49353,-674.959351,1677.701294,0.9173270796,0.3786023283,0.123171856,,,,
35154,0.0,1339.221313,-677.092163,1677.701294,0.9170716493,0.379220627,0.123171856,,,,
35155,0.0,1340.9264525,-677.846588,1677.701294,0.9166836932,0.380156122,0.1231718474,,,,
35156,0.0,1344.739868,-679.508911,1677.701294,0.9150848536,0.3841910173,0.1225437593,,,,
35157,0.0,1347.786011,-680.813171,1677.701294,0.9133475436,0.3884050067,0.1222203557,,,,
35158,0.0,1350.978149,-682.163452,1677.701294,0.9113826492,0.3932583162,0.1213654132,,,,
35159,0.0,1353.782471,-683.344299,1677.701294,0.9098340419,0.3968575361,0.1212687605,,,,
35160,0.0,1356.294189,-684.373047,1677.701294,0.9076224359,0.4021189676,0.1205066382,,,,
35161,0.0,1359.618652,-685.726379,1677.701294,0.9049009095,0.408538405,0.1193763614,,,,
35162,0.0,1362.201904,-686.743591,1677.701294,0.9017320221,0.4157371701,0.1184988004,,,,
35163,0.0,1364.724854,-687.738708,1677.701294,0.8992284244,0.4213647476,0.1176434879,,,,
35164,0.0,1367.945435,-689.011169,1677.701294,0.8968626849,0.4266761821,0.1165536791,,,,
35165,0.0,1370.092041,-689.837952,1677.701294,0.8947849286,0.4312119225,0.1158283621,,,,
35166,0.0,1373.089233,-690.97168,1677.701294,0.8914664336,0.4382975768,0.1148165144,,,,
35167,0.0,1375.773315,-691.987732,1677.701294,0.889272586,0.4429652637,0.1139124359,,,,
35168,0.0,1379.126465,-693.229187,1677.701294,0.8860764949,0.4496087051,0.1127850058,,,,
35169,0.0,1381.635498,-694.172729,1677.701294,0.8852045369,0.4515323726,0.1119439339,,,,
35170,0.0,1384.405273,-695.205139,1677.701294,0.8843806115,0.4531926841,0.1117467004,,,,
35171,0.0,1387.102783,-696.209778,1677.701294,0.8841768377,0.4535901132,0.1117467177,,,,
35172,0.0,1390.474365,-697.455078,1677.701294,0.8841768377,0.4535901132,0.1117467177,,,,
35173,0.0,1393.31189,-698.321716,1677.701294,0.8841768377,0.4535901132,0.1117467177,,,,
35174,0.0,1395.825562,-698.92926,1677.701294,0.8841768377,0.4535901132,0.1117467177,,,,
35175,0.0,1399.178101,-699.533569,1677.701294,0.8841768377,0.4535901132,0.1117467177,,,,
35176,0.0,1401.793213,-699.845886,1677.701294,0.8841768377,0.4535901132,0.1117467177,,,,
35177,0.0,1403.036621,-699.901306,1677.701294,0.8841332875,0.4537050829,0.1116244939,,,,
35178,0.0,1405.699951,-699.809998,1677.701294,0.8840662474,0.4538818893,0.1114365326,,,,
35179,0.0,1408.597534,-699.678467,1677.701294,0.8840139532,0.454019637,0.1112901604,,,,
35180,0.0,1412.317871,-699.497009,1677.701294,0.8839547824,0.4541753856,0.1111245327,,,,
35181,0.0,1415.678101,-699.332092,1677.701294,0.883901969,0.4543142431,0.1109769238,,,,
35182,0.0,1419.084839,-699.173889,1677.701294,0.8838426604,0.4544700316,0.1108112903,,,,
35183,0.0,1422.206665,-698.692627,1677.701294,0.883836426,0.454486389,0.1107939271,,,,
35184,0.0,1424.928345,-698.161865,1677.701294,0.883836426,0.454486389,0.1107939271,,,,
35185,0.0,1427.545898,-697.58905,1677.701294,0.883836426,0.454486389,0.1107939271,,,,
35186,0.0,1430.409668,-696.8974,1677.701294,0.883836426,0.454486389,0.1107939271,,,,
35187,0.0,1433.217773,-696.157776,1677.739502,0.883836426,0.454486389,0.1107939271,,,,
35188,0.0,1436.55188,-695.209167,1677.749146,0.8839293713,0.4545342223,0.1098522066,,,,
35189,0.0,1438.901489,-694.493286,1677.749146,0.8839304852,0.4545347561,0.1098410347,,,,
35190,0.0,1441.799561,-693.567566,1677.749146,0.8839304852,0.4545347561,0.1098410347,,,,
35191,0.0,1444.518555,-692.656616,1677.749146,0.8839304852,0.4545347561,0.1098410347,,,,
35192,0.0,1449.9104,-690.742432,1677.749146,0.8839304852,0.4545347561,0.1098410347,,,,
35193,0.0,1453.009888,-689.582458,1677.749146,0.8839994072,0.4545701972,0.1091374545,,,,
35194,0.0,1454.5925905,-688.9784545,1677.749146,0.8844215424,0.4538745687,0.108606942,,,,
35195,0.0,1456.175293,-688.374451,1677.749146,0.8848436775,0.4531789402,0.1080764294,,,,
35196,0.0,1458.542847,-687.472351,1677.749146,0.8870045004,0.4495316301,0.1055667079,,,,
35197,0.0,1461.873657,-686.173401,1677.749146,0.8895104881,0.4452476632,0.1025943955,,,,
35198,0.0,1467.371582,-683.994934,1677.699951,0.894890577,0.4356278448,0.0969496569,,,,
35199,0.0,1470.204834,-682.849976,1677.701294,0.897585165,0.4305209391,0.0948292814,,,,
35200,0.0,1473.126953,-681.648315,1677.701294,0.9000032438,0.4258308265,0.0930713074,,,,
35201,0.0,1476.013428,-680.44281,1677.701294,0.9017702535,0.4223600599,0.0917735787,,,,
35202,0.0,1478.719604,-679.312317,1677.701294,0.9037248953,0.4183685329,0.0908244699,,,,
35203,0.0,1481.410034,-678.177368,1677.701294,0.9054406511,0.4148469551,0.0898845435,,,,
35204,0.0,1484.072632,-677.034241,1677.701294,0.906353681,0.4128856865,0.0897129581,,,,
35205,0.0,1487.442993,-675.578735,1677.701294,0.9073832694,0.410821492,0.0887767095,,,,
35206,0.0,1490.004517,-674.461426,1677.701294,0.9077536968,0.4100063822,0.0887580561,,,,
35207,0.0,1492.651611,-673.296814,1677.701294,0.907793587,0.4099180539,0.0887580561,,,,
35208,0.0,1495.504272,-672.038208,1677.701294,0.907793587,0.4099180539,0.0887580561,,,,
35209,0.0,1498.138794,-670.880859,1677.701294,0.9081141403,0.40920742,0.0887580735,,,,
35210,0.0,1500.818115,-669.717834,1677.701294,0.9090984178,0.4070160576,0.0887580735,,,,
35211,0.0,1503.650391,-668.491333,1677.701294,0.9103449437,0.404385887,0.0880007831,,,,
35212,0.0,1504.244385,-666.294617,1677.755981,0.9114931307,0.40183441,0.0878030725,,,,
35213,0.0,1507.119141,-665.052002,1677.742188,0.9130424195,0.3984686071,0.0870419972,,,,
35214,0.0,1509.901611,-663.797729,1677.744995,0.9143427381,0.3956855504,0.0860831134,,,,
35215,0.0,1512.191406,-662.655212,1677.915771,0.9157043243,0.3926506348,0.085504792,,,,
35216,0.0,1515.390381,-661.179565,1678.057251,0.9171156096,0.3894507375,0.0850122449,,,,
35217,0.0,1518.067627,-660.049011,1677.909424,0.9184933931,0.3863626006,0.0842248638,,,,
35218,0.0,1520.851807,-658.649414,1678.554077,0.9220712957,0.3781497662,0.0823849503,,,,
35219,0.0,1522.917236,-657.659546,1678.622437,0.9246142741,0.3721886511,0.0810188386,,,,
35220,0.0,1526.260986,-656.00177,1678.275391,0.9274486768,0.3654139888,0.079445382,,,,
35221,0.0,1529.135254,-654.301331,1678.309937,0.9301309083,0.3587742992,0.0783421706,,,,
35222,0.0,1531.773315,-651.387756,1677.94165,0.932438666,0.3530566185,0.0768710498,,,,
35223,0.0,1534.25415,-649.578613,1677.828125,0.9343924314,0.3481423697,0.0755491534,,,,
35224,0.0,1536.788452,-647.686646,1677.666992,0.9364829793,0.3427040674,0.0745221556,,,,
35225,0.0,1538.854248,-645.749451,1677.575439,0.9381465586,0.3383433346,0.0735174977,,,,
35226,0.0,1541.432617,-643.215332,1677.514526,0.939734108,0.3341274643,0.0725165078,,,,
35227,0.0,1543.604248,-641.10199,1677.275024,0.9410274939,0.3306683664,0.0715939052,,,,
35228,0.0,1545.576782,-638.884155,1677.15979,0.9419195055,0.3281269699,0.0715565291,,,,
35229,0.0,1547.665039,-636.608215,1676.800293,0.9431263235,0.3248171293,0.0707571229,,,,
35230,0.0,1549.665771,-634.323792,1676.700073,0.9438256917,0.3228136869,0.0706001924,,,,
35231,0.0,1551.752563,-631.719849,1676.182739,0.9441853635,0.3217601781,0.0706001924,,,,
35232,0.0,1554.314819,-628.426819,1676.042969,0.9445666931,0.3206390069,0.0706002098,,,,
35233,0.0,1556.472778,-625.340698,1675.475342,0.9445774932,0.3206071891,0.0706002098,,,,
35234,0.0,1558.274414,-622.821777,1675.467773,0.9446342458,0.3206264152,0.06974843,,,,
35235,0.0,1560.110229,-620.080444,1674.807373,0.9453619969,0.3185895752,0.0692197765,,,,
35236,0.0,1564.098877,-614.400696,1674.54126,0.9470254332,0.3138008197,0.0683511115,,,,
35237,0.0,1565.396118,-612.552521,1674.525574,0.9477071027,0.3117949206,0.0680484765,,,,
35238,0.0,1566.693359,-610.704346,1674.509888,0.9483887722,0.3097890215,0.0677458414,,,,
35239,0.0,1568.618896,-607.832275,1674.593628,0.9494365788,0.3067603097,0.0668453079,,,,
35240,0.0,1572.266357,-602.485291,1675.05603,0.9513535323,0.3011176897,0.0652272448,,,,
35241,0.0,1573.580322,-600.67392,1675.356567,0.9519928198,0.2991229046,0.0650441208,,,,
35242,0.0,1576.862427,-595.837402,1676.016479,0.9535210774,0.2944574616,0.0639715432,,,,
35243,0.0,1577.961914,-594.2149045,1676.263977,0.9541427273,0.2925409836,0.0634594942,,,,
35244,0.0,1580.484253,-590.414917,1676.739624,0.9559191383,0.2868034521,0.0629474452,,,,
35245,0.0,1582.897705,-586.93219,1676.898193,0.9584618422,0.2783643617,0.0621625227,,,,
35246,0.0,1585.115234,-583.330872,1676.78186,0.962335784,0.264908505,0.0611009236,,,,
35247,0.0,1586.820801,-581.136719,1676.574951,0.9650231625,0.2551177496,0.0603757368,,,,
35248,0.0,1589.053711,-577.902771,1676.452271,0.9693130625,0.2385647561,0.0593215312,,,,
35249,0.0,1591.023682,-574.538818,1676.787354,0.974468978,0.2165988906,0.0591196374,,,,
35250,0.0,1593.154419,-571.661194,1676.362427,0.979416652,0.1932505401,0.0582859376,,,,
35251,0.0,1595.120728,-569.04657,1676.022705,0.984116077,0.1681810774,0.056839002,,,,
35252,0.0,1597.712402,-565.850342,1675.807617,0.9881042614,0.1434719094,0.0553694842,,,,
35253,0.0,1600.242554,-563.183105,1675.779663,0.9918838046,0.1149484674,0.054344898,,,,
35254,0.0,1602.000366,-561.697632,1675.674927,0.9946241342,0.0881514801,0.0543336747,,,,
35255,0.0,1605.171387,-559.078064,1675.620483,0.9971100555,0.0530979013,0.0543336921,,,,
35256,0.0,1607.619629,-556.663025,1676.098755,0.9983282119,0.0170140294,0.0552386106,,,,
35257,0.0,1609.548096,-555.127319,1676.385864,0.9984639737,-0.0035497897,0.0552909776,,,,
35258,0.0,1612.500977,-552.958252,1676.990845,0.9977768748,-0.0347941942,0.056839002,,,,
35259,0.0,1615.565186,-550.963135,1677.676025,0.9968524871,-0.0530537217,0.0589102842,,,,
35260,0.0,1618.078369,-549.423279,1678.188232,0.9961641292,-0.0638580706,0.0598262028,,,,
35261,0.0,1621.465576,-547.565369,1678.787598,0.9953780953,-0.0742760725,0.0608729201,,,,
35262,0.0,1624.975708,-545.913269,1679.15625,0.9948628554,-0.0800924046,0.06191208,,,,
35263,0.0,1628.516235,-544.69873,1679.215698,0.9945936642,-0.0833103217,0.0619905909,,,,
35264,0.0,1630.94873,-543.541931,1679.467285,0.9943796034,-0.0853403463,0.0626596337,,,,
35265,0.0,1634.855713,-542.165771,1679.493652,0.9940802129,-0.0885559234,0.0629474278,,,,
35266,0.0,1638.770996,-541.101135,1679.393311,0.9938756611,-0.0908228466,0.0629474452,,,,
35267,0.0,1642.550049,-540.275574,1679.109009,0.9935164877,-0.0946710626,0.0629474278,,,,
35268,0.0,1645.514648,-539.774597,1678.744385,0.9932974386,-0.0969423534,0.0629474278,,,,
35269,0.0,1649.335205,-539.221436,1678.355347,0.9930863785,-0.0990810982,0.0629474452,,,,
35270,0.0,1652.580688,-538.745056,1678.018433,0.9928784804,-0.1011431885,0.0629474278,,,,
35271,0.0,1657.394287,-538.351318,1677.685059,0.9923806552,-0.1059162611,0.0629474452,,,,
35272,0.0,1659.689209,-543.071106,1677.769287,0.9918382717,-0.110880405,0.0629474278,,,,
35273,0.0,1664.086792,-542.862671,1677.630005,0.9908794479,-0.1186969262,0.0637883966,,,,
35274,0.0,1667.251831,-542.789734,1677.528687,0.9898410141,-0.1270079229,0.063904259,,,,
35275,0.0,1674.226685,-542.815186,1677.646851,0.9866626571,-0.1497098755,0.063904259,,,,
35276,0.0,1676.6412965,-542.895325,1677.709839,0.9851934377,-0.1588235452,0.063904259,,,,
35277,0.0,1682.161621,-543.130493,1677.852905,0.9815277954,-0.1801184374,0.0645022118,,,,
35278,0.0,1685.839722,-543.354675,1677.946655,0.9789714937,-0.1934111313,0.0648609967,,,,
35279,0.0,1688.5615845,-543.5696715,1678.015564,0.9769303621,-0.2032232159,0.0648609967,,,,
35280,0.0,1691.283447,-543.784668,1678.084473,0.9748892305,-0.2130353005,0.0648609967,,,,
35281,0.0,1694.276367,-544.0896,1678.113647,0.9723880606,-0.2241751784,0.0648609967,,,,
35282,0.0,1701.979614,-544.934753,1678.152344,0.9666297568,-0.2476426084,0.0655747796,,,,
35283,0.0,1705.191284,-545.408081,1678.167969,0.9628855032,-0.2617623716,0.0658176922,,,,
35284,0.0,1707.666565,-545.7922975,1678.164734,0.9603326156,-0.2708151202,0.0658176922,,,,
35285,0.0,1713.329712,-546.7099,1678.177002,0.9547588313,-0.2900062162,0.0658176922,,,,
35286,0.0,1715.607849,-547.118622,1678.2215575,0.952670486,-0.2967114014,0.0658176922,,,,
35287,0.0,1720.910278,-548.095459,1678.331177,0.9483983833,-0.3100154829,0.0665650576,,,,
35288,0.0,1725.105469,-548.93512,1679.626953,0.9453634512,-0.3191067795,0.0667743098,,,,
35289,0.0,1728.056763,-549.546692,1681.178833,0.943814396,-0.3236596631,0.0667743098,,,,
35290,0.0,1732.097046,-550.438721,1683.477051,0.9415666332,-0.3301415825,0.0667743272,,,,
35291,0.0,1732.6813965,-550.570801,1683.8012695,0.9412610677,-0.33101049,0.0667743185,,,,
35292,0.0,1733.265747,-550.702881,1684.125488,0.9409555022,-0.3318793976,0.0667743098,,,,
35293,0.0,1742.272095,-552.854736,1687.130615,0.9381954834,-0.3396033369,0.0667743098,,,,
35294,0.0,1746.6427,-553.987732,1687.005249,0.9366752285,-0.3437742072,0.0667743272,,,,
35295,0.0,1750.933716,-555.161499,1687.005249,0.9346613628,-0.3492124403,0.0667743098,,,,
35296,0.0,1755.130859,-556.369141,1687.005249,0.9320861445,-0.3560289467,0.0667743098,,,,
35297,0.0,1758.05835,-557.251587,1687.005249,0.9297100212,-0.3621884428,0.0667743098,,,,
35298,0.0,1762.286743,-558.577026,1687.005249,0.9257901866,-0.3720937035,0.0667742924,,,,
35299,0.0,1766.448975,-559.96283,1687.005249,0.9203002828,-0.3854718939,0.0667743098,,,,
35300,0.0,1769.83728,-561.135803,1687.005249,0.9154185657,-0.3969257374,0.0667743098,,,,
35301,0.0,1772.730469,-562.147644,1687.005249,0.9119125298,-0.4049157039,0.0667743272,,,,
35302,0.0,1775.0,-563.084473,1687.005249,0.9042244975,-0.4217845369,0.0669018867,,,,
35303,0.0,1778.363525,-564.520508,1687.005371,0.8946104954,-0.441781426,0.06709123,,,,
35304,0.0,1781.891357,-565.979309,1687.005371,0.8870760475,-0.4567008741,0.0672339019,,,,
35305,0.0,1785.56665,-567.485168,1687.005371,0.8798789841,-0.4703985492,0.0673660024,,,,
35306,0.0,1790.988403,-569.702942,1687.005249,0.8690823379,-0.4900325645,0.067557203,,,,
35307,0.0,1791.384155,-569.8654785,1687.005249,0.8682248195,-0.4915390857,0.0675719957,,,,
35308,0.0,1791.779907,-570.028015,1687.005249,0.867367301,-0.4930456068,0.0675867884,,,,
35309,0.0,1792.175659,-570.1905515,1687.005249,0.8665097826,-0.494552128,0.067601581,,,,
35310,0.0,1792.571411,-570.353088,1687.005249,0.8656522642,-0.4960586492,0.0676163737,,,,
35311,0.0,1807.148071,-577.198181,1686.850098,0.832114229,-0.5504529383,0.0677308834,,,,
35312,0.0,1810.89563,-579.072815,1685.092773,0.8290069329,-0.5551216399,0.067730866,,,,
35313,0.0,1815.974976,-581.614624,1683.736328,0.8282973048,-0.5561799191,0.0677308834,,,,
35314,0.0,1817.207031,-583.218323,1682.846436,0.827369111,-0.5575597581,0.067730866,,,,
35315,0.0,1817.326416,-584.915833,1681.913574,0.8272146141,-0.5577889472,0.0677308834,,,,
35316,0.0,1817.284912,-586.232117,1681.189575,0.8272146141,-0.5577889472,0.0677308834,,,,
35317,0.0,1817.284912,-588.368652,1680.014526,0.8272146141,-0.5577889472,0.0677308834,,,,
35318,0.0,1817.284912,-590.937744,1678.601562,0.8272146141,-0.5577889472,0.0677308834,,,,
35319,0.0,1817.284912,-592.675659,1677.64563,0.8272146141,-0.5577889472,0.0677308834,,,,
35320,0.0,1817.312256,-596.470825,1676.866455,0.8293059598,-0.5546748168,0.0677308834,,,,
35321,0.0,1817.338257,-598.381104,1676.811523,0.8313113646,-0.5516647012,0.0677308834,,,,
35322,0.0,1817.357178,-599.318573,1676.784851,0.8327495107,-0.5494265069,0.0682016606,,,,
35323,0.0,1817.376099,-600.256042,1676.758179,0.8341876568,-0.5471883126,0.0686724378,,,,
35324,0.0,1817.4021,-601.936462,1676.733521,0.8361226747,-0.5441206888,0.069509343,,,,
35325,0.0,1817.431274,-603.886658,1676.705811,0.8382770006,-0.5406744725,0.070447038,,,,
35326,0.0,1817.471313,-606.622986,1676.700195,0.841234321,-0.5358183702,0.0722737254,,,,
35327,0.0,1817.500793,-607.371704,1676.7007445,0.8433922446,-0.5322512626,0.0733456564,,,,
35328,0.0,1817.57312,-608.990356,1676.701294,0.8486678743,-0.5234460465,0.0759412638,,,,
35329,0.0,1817.637085,-609.796021,1676.701294,0.8535716496,-0.515092217,0.0780733432,,,,
35330,0.0,1817.745605,-610.902649,1676.701294,0.862473584,-0.4994564991,0.0817466968,,,,
35331,0.0,1817.830322,-611.463501,1676.701172,0.8727862736,-0.4805350108,0.0856167268,,,,
35332,0.0,1817.94751,-612.026672,1676.701294,0.8913513985,-0.444204856,0.0904142147,,,,
35333,0.0,1818.033081,-612.384583,1676.701294,0.9075370298,-0.4094320706,0.0934982301,,,,
35334,0.0,1818.074585,-612.441772,1676.701172,0.9232333227,-0.3723351769,0.0949038879,,,,
35335,0.0,1818.094116,-612.456726,1676.701294,0.9433004824,-0.3174514334,0.0969989038,,,,
35336,0.0,1818.087891,-612.449341,1676.701294,0.9564970404,-0.2741206419,0.0998563234,,,,
35337,0.0,1818.0896,-612.452576,1676.701294,0.964340608,-0.2442451453,0.1019387103,,,,
35338,0.0,1818.089478,-612.373291,1676.701294,0.9712055453,-0.2142895776,0.1041141958,,,,
35339,0.0,1818.038696,-612.455627,1676.701294,0.9753255002,-0.1943142005,0.1047958025,,,,
35340,0.0,1817.922974,-612.800293,1676.701294,0.9805567234,-0.1657339125,0.1050751276,,,,
35341,0.0,1817.768677,-613.456116,1676.701172,0.9849259033,-0.136702633,0.1059875237,,,,
35342,0.0,1817.614502,-614.23761,1676.701294,0.9874123648,-0.1166854148,0.106777038,,,,
35343,0.0,1817.387085,-615.518494,1676.701294,0.9901506079,-0.0880342565,0.1088657124,,,,
35344,0.0,1817.319092,-616.403198,1676.701172,0.9909897898,-0.0764401013,0.1099824866,,,,
35345,0.0,1817.202881,-618.414795,1676.701294,0.9919734679,-0.0593927603,0.1116294716,,,,
35346,0.0,1817.339355,-619.889465,1676.701294,0.9924153243,-0.0512298274,0.1117467177,,,,
35347,0.0,1817.666748,-621.447937,1676.701294,0.9930293459,-0.037488626,0.111746683,,,,
35348,0.0,1818.348389,-623.715759,1676.701294,0.993625713,-0.0200732282,0.1109279401,,,,
35349,0.0,1819.202393,-625.918152,1676.701294,0.9940521975,0.0006142759,0.1089029445,,,,
35350,0.0,1819.94812,-627.513306,1676.701294,0.9939520411,0.0142384861,0.1088880413,,,,
35351,0.0,1821.016724,-629.548401,1676.701294,0.9937143363,0.0288441341,0.1081657696,0.1073851422,365.5089680521,810.7646712942,0.0
35352,0.0,1822.198486,-631.563171,1676.701294,0.9934143751,0.0402560918,0.1072722072,0.1033766134,358.9417168822,810.6291835124,0.0
35353,0.0,1823.94873,-634.251038,1676.701294,0.9932335051,0.0471658829,0.1061253213,0.1017094331,356.0517977003,810.3100421325,0.0
35354,0.0,1825.276611,-636.144897,1676.701294,0.9930167923,0.0517262767,0.1060284988,0.1007784944,354.3750252787,810.0118353909,0.0
35355,0.0,1827.379272,-638.974609,1676.701294,0.9924002004,0.0624484052,0.1060284814,,,,
35356,0.0,1828.803955,-640.787415,1676.701294,0.9917691466,0.0728273015,0.1053097522,,,,
35357,0.0,1830.581177,-642.958069,1676.701294,0.9908681351,0.0853091757,0.1044159154,,,,
35358,0.0,1834.748291,-647.705811,1676.701294,0.9894477305,0.1017326872,0.1031680618,,,,
35359,0.0,1836.132202,-649.1874695,1676.701294,0.9892481214,0.1040659394,0.1027266074,,,,
35360,0.0,1837.516113,-650.669128,1676.701294,0.9890485122,0.1063991917,0.1022851529,,,,
35361,0.0,1841.552734,-654.639893,1676.701294,0.9888267669,0.1085073473,0.1022143862,,,,
35362,0.0,1843.3221435,-656.0229495,1676.701294,0.9888267669,0.1085073473,0.1022143862,,,,
35363,0.0,1845.091553,-657.406006,1676.701294,0.9888267669,0.1085073473,0.1022143862,,,,
35364,0.0,1850.006836,-660.445618,1676.701294,0.9888267669,0.1085073473,0.1022143862,,,,
35365,0.0,1852.593628,-661.771057,1676.701294,0.9887603466,0.1091109355,0.1022143862,,,,
35366,0.0,1854.569275,-662.631317,1676.701294,0.9885938548,0.1101812816,0.102668864,,,,
35367,0.0,1858.995483,-664.401611,1676.701294,0.988252459,0.1127538557,0.1031680444,,,,
35368,0.0,1862.093872,-665.420044,1676.701294,0.9880466963,0.1139150706,0.1038608807,,,,
35369,0.0,1865.111328,-666.285583,1676.701294,0.987989715,0.1141709692,0.1041216252,,,,
35370,0.0,1868.080322,-667.027344,1676.701294,0.9879280022,0.1147037476,0.1041216252,,,,
35371,0.0,1871.987305,-667.776062,1676.701294,0.9875033114,0.117571357,0.1049484925,,,,
35372,0.0,1875.288574,-668.285522,1676.701294,0.9871235152,0.1200014187,0.1057677897,,,,
35373,0.0,1879.447144,-668.557373,1676.701294,0.9864297582,0.1253566499,0.1060284988,,,,
35374,0.0,1881.794922,-668.463867,1676.701294,0.9858111643,0.1301318645,0.1060285161,,,,
35375,0.0,1885.68689,-668.022522,1676.701294,0.9848258154,0.1373902405,0.1060284641,,,,
35376,0.0,1888.191406,-667.460754,1676.701294,0.9842665149,0.1407711371,0.1067844306,,,,
35377,0.0,1891.16687,-666.434387,1676.701294,0.9835329291,0.1450140693,0.107860545,,,,
35378,0.0,1893.525391,-665.224487,1676.701294,0.9823248702,0.1523017892,0.1088210199,,,,
35379,0.0,1894.84021,-664.328857,1676.701294,0.9815239984,0.1571030329,0.1092212326,,,,
35380,0.0,1897.484741,-662.187378,1676.701294,0.9802393881,0.1645426081,0.1098019676,,,,
35381,0.0,1898.922607,-660.759583,1676.701294,0.9795063777,0.1688259437,0.109841052,,,,
35382,0.0,1900.739014,-658.370667,1676.701294,0.9779573449,0.177014216,0.1107492615,,,,
35383,0.0,1901.560303,-657.130554,1676.701294,0.9773382772,0.179957969,0.1114675793,,,,
35384,0.0,1903.055298,-654.575378,1676.701294,0.9764689373,0.1839905184,0.1124984604,,,,
35385,0.0,1904.294922,-652.073608,1676.701294,0.9755463299,0.1881785976,0.1135701264,,,,
35386,0.0,1905.025513,-650.270569,1676.701294,0.9746785386,0.1917733605,0.1149988029,,,,
35387,0.0,1906.118896,-647.475891,1676.701294,0.973193349,0.1977354635,0.117453786,,,,
35388,0.0,1906.707397,-646.19696,1676.701294,0.9717765758,0.2037842145,0.1188372026,,,,
35389,0.0,1907.687378,-644.465881,1676.701294,0.9690946488,0.2148787616,0.1211721066,,,,
35390,0.0,1908.321045,-643.625183,1676.701294,0.9668914247,0.2237475984,0.1227109817,,,,
35391,0.0,1909.121338,-642.894165,1676.701294,0.9647741431,0.2320766523,0.1239002838,,,,
35392,0.0,1909.960205,-642.46991,1676.701294,0.9624045353,0.240769322,0.1257284537,,,,
35393,0.0,1910.411987,-642.375549,1676.701294,0.9614813781,0.2440654102,0.1264343114,,,,
35394,0.0,1911.335449,-642.537781,1676.701294,0.9595904423,0.2504620866,0.1282767566,,,,
35395,0.0,1912.076172,-642.943298,1676.701294,0.9582555367,0.2548651176,0.1295766114,,,,
35396,0.0,1912.825684,-643.596069,1676.701294,0.957360115,0.2580814008,0.1298291212,,,,
35397,0.0,1913.202759,-643.993469,1676.701294,0.9569093038,0.2595750334,0.1301744461,,,,
35398,0.0,1914.048096,-645.106384,1676.701294,0.9556949513,0.2634347411,0.1313365803,,,,
35399,0.0,1914.864624,-646.386047,1676.701294,0.9546573753,0.2669765436,0.1317301064,,,,
35400,0.0,1916.053711,-648.561707,1676.701294,0.9534630077,0.2707474663,0.1326804524,,,,
35401,0.0,1916.569397,-649.671753,1676.701294,0.9533180884,0.2714742593,0.1322331256,,,,
35402,0.0,1917.085083,-650.781799,1676.701294,0.9531731691,0.2722010523,0.1317857988,,,,
35403,0.0,1917.592163,-651.871948,1676.701294,0.9532614834,0.2722842154,0.1309727081,,,,
35404,0.0,1918.360718,-653.344177,1676.701294,0.9532601028,0.2732725357,0.1289080973,,,,
35405,0.0,1918.520264,-653.555969,1676.701294,0.9533592534,0.2733009774,0.1281095679,,,,
35406,0.0,1918.67981,-653.767761,1676.701294,0.953458404,0.2733294191,0.1273110385,,,,
35407,0.0,1918.815918,-653.759277,1676.701294,0.9536804788,0.2733930816,0.125498077,,,,
35408,0.0,1918.775391,-653.483459,1676.701294,0.9540820268,0.2725881484,0.1241901261,,,,
35409,0.0,1918.664062,-653.045654,1676.701294,0.9541084405,0.2725261534,0.124123243,,,,
35410,0.0,1918.42395,-652.157654,1676.701294,0.9541602065,0.2725409215,0.1236921436,,,,
35411,0.0,1918.304565,-651.723816,1676.701294,0.9542224281,0.2725587122,0.123171856,,,,
35412,0.0,1917.845337,-650.076355,1676.701294,0.9542224281,0.2725587122,0.123171856,,,,
35413,0.0,1917.498291,-648.840942,1676.701294,0.9542224281,0.2725587122,0.123171856,,,,
35414,0.0,1917.104492,-647.442444,1676.701294,0.9543223227,0.2725872635,0.1223318769,,,,
35415,0.0,1916.700439,-646.01355,1676.701294,0.9544316179,0.2726184099,0.1214062984,,,,
35416,0.0,1916.231201,-644.635925,1676.701294,0.9541431549,0.273997546,0.1205661011,,,,
35417,0.0,1915.614624,-643.204712,1676.701294,0.9536683919,0.2762831557,0.1190975067,,,,
35418,0.0,1914.419678,-641.067261,1676.701294,0.9530376485,0.279143738,0.1174649481,,,,
35419,0.0,1913.460571,-639.638733,1676.701294,0.9521689713,0.282447297,0.1166094955,,,,
35420,0.0,1912.258301,-638.257935,1676.701294,0.9516799506,0.284475117,0.115668403,,,,
35421,0.0,1910.793213,-636.953186,1676.701294,0.9507820215,0.2882298979,0.1137412568,,,,
35422,0.0,1909.594849,-636.035828,1676.701294,0.9482150343,0.2979497886,0.1100644007,,,,
35423,0.0,1908.505249,-635.385925,1676.701294,0.9450826325,0.3094612974,0.1051309812,,,,
35424,0.0,1907.711182,-635.093445,1676.701294,0.9420666097,0.3196674131,0.101603385,,,,
35425,0.0,1907.042603,-635.048767,1676.701294,0.9394151969,0.3280084752,0.0995466122,,,,
35426,0.0,1906.926758,-635.0641785,1676.701294,0.9388856104,0.3296354696,0.0991523314,,,,
35427,0.0,1906.810913,-635.07959,1676.701294,0.9383560238,0.3312624639,0.0987580506,,,,
35428,0.0,1906.19519,-635.809265,1676.701294,0.9348074126,0.3420908971,0.0954406597,,,,
35429,0.0,1906.094604,-636.841492,1676.701294,0.9336205583,0.3454995803,0.0947770705,,,,
35430,0.0,1906.140381,-637.843994,1676.701294,0.9329638058,0.3475624074,0.0936958377,,,,
35431,0.0,1906.278687,-638.919861,1676.701294,0.9322865521,0.3494189366,0.0935317674,,,,
35432,0.0,1906.390747,-639.593933,1676.701294,0.9321192931,0.3500930276,0.0926741365,,,,
35433,0.0,1906.722656,-641.192017,1676.701294,0.9318533581,0.3512441318,0.0909773534,,,,
35434,0.0,1907.02356,-642.501709,1676.701294,0.9316593625,0.3521475005,0.0894593211,,,,
35435,0.0,1907.388672,-644.025024,1676.701294,0.931713023,0.3525427608,0.0873180655,,,,
35436,0.0,1907.768799,-645.536133,1676.701294,0.9318852348,0.3526079225,0.0851913269,,,,
35437,0.0,1908.139282,-646.939819,1676.701294,0.931802151,0.3535062895,0.0823289416,,,,
35438,0.0,1908.490723,-648.214905,1676.701294,0.9316351213,0.3545451303,0.0797104223,,,,
35439,0.0,1908.736938,-649.091675,1676.701294,0.9315427007,0.3550892269,0.0783571169,,,,
35440,0.0,1909.217041,-650.767029,1676.701294,0.9311748242,0.3568673763,0.0745595235,,,,
35441,0.0,1909.539307,-651.830139,1676.701294,0.9305133846,0.3594428267,0.0703256381,,,,
35442,0.0,1909.720459,-652.419128,1676.701294,0.9302062787,0.3605737822,0.0685771585,,,,
35443,0.0,1910.417969,-654.682617,1676.701294,0.9296534156,0.3630168082,0.0629549352,,,,
35444,0.0,1910.837036,-656.022156,1675.708374,0.9302741187,0.3624523515,0.0567305654,,,,
35445,0.0,1911.182373,-657.150696,1674.340576,0.9315832167,0.359626967,0.0531145452,,,,
35446,0.0,1911.807373,-659.146118,1671.550049,0.9323411274,0.3578990605,0.0514614872,,,,
35447,0.0,1912.098389,-660.04303,1670.270142,0.9323411274,0.3578990605,0.0514614872,,,,
35448,0.0,1912.452637,-661.11499,1668.737549,0.9323750776,0.357912093,0.0507508463,,,,
35449,0.0,1912.69812,-661.851135,1667.479614,0.9324959611,0.3576319749,0.0505039898,,,,
35450,0.0,1913.070679,-662.950439,1666.078857,0.9326666008,0.3571867281,0.0505039898,,,,
35451,0.0,1913.406128,-663.965698,1664.59021,0.9280885849,0.3714967052,0.0253333092,,,,
35452,0.0,1913.780762,-664.962036,1663.03125,0.9241975465,0.3816608224,0.0139252179,,,,
35453,0.0,1914.106812,-665.732361,1663.03125,0.9242711317,0.381514141,0.0130320919,,,,
35454,0.0,1914.497925,-666.77356,1663.03125,0.9246079996,0.3807295653,0.0120434755,,,,
35455,0.0,1914.68866,-667.298523,1663.03125,0.9248819206,0.3800802957,0.0114707049,,,,
35456,0.0,1914.879395,-667.823486,1663.03125,0.9251558417,0.3794310261,0.0108979343,,,,
35457,0.0,1914.953939,-668.0268146667,1663.03125,0.9253005352,0.3790827684,0.0107155635,,,,
35458,0.0,1915.028483,-668.2301433333,1663.03125,0.9254452287,0.3787345106,0.0105331927,,,,
35459,0.0,1915.103027,-668.433472,1663.03125,0.9257968799,0.3778742128,0.0105459216,,,,
35460,0.0,1916.362061,-671.780334,1663.03125,0.92448452,0.3809625348,0.0139971184,,,,
35461,0.0,1916.827637,-672.996094,1663.03125,0.9265554691,0.3760171874,0.0102974526,,,,
35462,0.0,1917.435425,-674.579895,1663.03125,0.9271002948,0.3746614325,0.0106702519,,,,
35463,0.0,1917.791748,-675.484497,1663.03125,0.9266799266,0.3757034696,0.0105459216,,,,
35464,0.0,1918.254883,-676.651672,1663.03125,0.9258532845,0.3777359913,0.0105459216,,,,
35465,0.0,1918.503906,-677.274292,1663.03125,0.9252099705,0.3792626932,0.0120962853,,,,
35466,0.0,1918.881958,-678.216553,1663.03125,0.924506438,0.3808209097,0.0162259281,,,,
35467,0.0,1919.349731,-679.398315,1663.03125,0.9245305724,0.3806057599,0.019557,,,,
35468,0.0,1919.796143,-680.46344,1663.03125,0.9218291168,0.387148342,0.0186343952,,,,
35469,0.0,1919.991455,-680.927246,1663.03125,0.920624471,0.3900258618,0.0181771964,,,,
35470,0.0,1920.459351,-682.031921,1663.03125,0.9178532064,0.3963798039,0.0207012677,,,,
35471,0.0,1920.947266,-683.186401,1663.03125,0.9154247297,0.4017124929,0.0249927463,,,,
35472,0.0,1921.293701,-684.014526,1663.03125,0.9147911305,0.4030926516,0.0259519122,,,,
35473,0.0,1921.689575,-684.963074,1663.03125,0.9142796502,0.404202048,0.0267100297,,,,
35474,0.0,1921.742584,-685.0869295,1663.03125,0.9137912661,0.4052323594,0.0276693966,,,,
35475,0.0,1921.795593,-685.210785,1663.03125,0.913302882,0.4062626708,0.0286287636,,,,
35476,0.0,1921.848602,-685.3346405,1663.03125,0.912814498,0.4072929823,0.0295881306,,,,
35477,0.0,1921.901611,-685.458496,1663.03125,0.9123261139,0.4083232937,0.0305474975,,,,
35478,0.0,1921.901611,-685.458496,1663.03125,0.8968403199,0.4374017035,0.0660090171,,,,
35479,0.0,1923.537231,-689.042847,1663.03125,0.8968403199,0.4374017035,0.0660090171,,,,
35480,0.0,1924.240234,-690.596191,1663.03125,0.8968403199,0.4374017035,0.0660090171,,,,
35481,0.0,1924.837891,-691.91272,1663.03125,0.8968403199,0.4374017035,0.0660090171,,,,
35482,0.0,1925.402588,-693.153687,1663.03125,0.8968403199,0.4374017035,0.0660090171,,,,
35483,0.0,1925.871826,-694.185669,1663.03125,0.8968403199,0.4374017035,0.0660090171,,,,
35484,0.0,1926.418457,-695.376465,1663.03125,0.8968403199,0.4374017035,0.0660090171,,,,
35485,0.0,1927.104126,-696.842529,1663.03125,0.8968403199,0.4374017035,0.0660090171,,,,
35486,0.0,1927.52417,-697.738342,1663.03125,0.8968403199,0.4374017035,0.0660090171,,,,
35487,0.0,1927.913696,-698.569214,1663.03125,0.8968403199,0.4374017035,0.0660090171,,,,
35488,0.0,1928.1557005,-699.0853575,1663.03125,0.8968403199,0.4374017035,0.0660090171,,,,
35489,0.0,1928.651978,-700.143921,1663.03125,0.8968403199,0.4374017035,0.0660090171,,,,
35490,0.0,1928.916016,-700.707275,1663.03125,0.8968403199,0.4374017035,0.0660090171,,,,
35491,0.0,1928.94076575,-700.759979,1663.03125,0.8968403199,0.4374017035,0.0660090171,,,,
35492,0.0,1928.9655155,-700.812683,1663.03125,0.8968403199,0.4374017035,0.0660090171,,,,
35493,0.0,1928.99026525,-700.865387,1663.03125,0.8968403199,0.4374017035,0.0660090171,,,,
35494,0.0,1929.015015,-700.918091,1663.03125,0.8935909372,0.4432649371,0.0707914719,,,,
35495,0.0,1929.659424,-702.292603,1663.03125,0.8968403199,0.4374017035,0.0660090171,,,,
35496,0.0,1929.679321,-702.335022,1663.03125,0.8968403199,0.4374017035,0.0660090171,,,,
35497,0.0,1929.679565,-702.329529,1663.03125,0.8963783287,0.4382071465,0.066935705,,,,
35498,0.0,1929.677368,-702.321289,1663.03125,0.8960307424,0.4388108865,0.0676307223,,,,
35499,0.0,1929.812988,-702.212402,1663.03125,0.8939241527,0.4426586856,0.0703768236,,,,
35500,0.0,1929.823486,-702.1828,1663.03125,0.892696515,0.4448934388,0.0718523495,,,,
35501,0.0,1929.82312,-702.137451,1663.03125,0.890410888,0.4490122531,0.0745415793,,,,
35502,0.0,1929.816528,-702.05658,1663.03125,0.8861271591,0.4565938401,0.0793770942,,,,
35503,0.0,1929.839966,-702.070862,1663.03125,0.8836271411,0.4607085342,0.0833709909,,,,
35504,0.0,1929.874512,-702.090271,1663.03125,0.8811598353,0.4647995292,0.0867106822,,,,
35505,0.0,1929.953735,-702.107178,1663.959595,0.8785310893,0.4691521743,0.0898852736,,,,
35506,0.0,1930.123047,-702.099915,1665.7229,0.8749885008,0.4750339422,0.0934766133,,,,
35507,0.0,1930.252808,-702.068787,1667.046753,0.8705307712,0.4824618338,0.0969884291,,,,
35508,0.0,1930.369263,-702.037292,1668.211304,0.8660795114,0.4897718874,0.1001487808,,,,
35509,0.0,1930.397217,-702.030212,1668.480469,0.8650398897,0.4914584195,0.1008473992,,,,
35510,0.0,1930.425171,-702.023132,1668.749634,0.864000268,0.4931449516,0.1015460176,,,,
35511,0.0,1930.927124,-701.939392,1672.842041,0.8490278626,0.5165995314,0.1107998767,,,,
35512,0.0,1931.083008,-701.923523,1673.935181,0.8453746459,0.5222304351,0.1123257794,,,,
35513,0.0,1931.235107,-701.896545,1675.1875,0.8410098061,0.5288680043,0.1140225422,,,,
35514,0.0,1931.542969,-701.877808,1676.701294,0.8347216201,0.5382302361,0.1163960045,,,,
35515,0.0,1931.788696,-701.894775,1676.701294,0.8337685517,0.5396604901,0.1166042779,,,,
35516,0.0,1932.109253,-701.932861,1676.701294,0.8332021616,0.5405345505,0.1166042779,,,,
35517,0.0,1932.425903,-701.999512,1676.701294,0.8331292738,0.5406468824,0.1166042952,,,,
35518,0.0,1932.760986,-702.071289,1676.701294,0.8331292738,0.5406468824,0.1166042952,,,,
35519,0.0,1933.422729,-702.212402,1676.701294,0.8331292738,0.5406468824,0.1166042952,,,,
35520,0.0,1934.767334,-702.456909,1676.701294,0.8304627003,0.54473401,0.1166042952,,,,
35521,0.0,1935.3657835,-702.555267,1676.701294,0.8287037633,0.5473968636,0.1166042952,,,,
35522,0.0,1935.964233,-702.653625,1676.701294,0.8269448263,0.5500597173,0.1166042952,,,,
35523,0.0,1937.077271,-702.82019,1676.701294,0.8227246056,0.5563521023,0.1166042952,,,,
35524,0.0,1937.588745,-702.888306,1676.701294,0.8201896059,0.5600565828,0.1167288928,,,,
35525,0.0,1941.370483,-703.44873,1676.701294,0.8061079486,0.5798513277,0.1181626547,,,,
35526,0.0,1942.984619,-703.676514,1676.701294,0.8006458046,0.5871764932,0.1191220446,,,,
35527,0.0,1944.807861,-703.937988,1676.701294,0.7955992552,0.5939284815,0.1194603868,,,,
35528,0.0,1946.55188,-704.169983,1676.701294,0.7901777957,0.6010581344,0.119783848,,,,
35529,0.0,1948.83728,-704.488647,1676.701294,0.7852663964,0.6073677763,0.120254193,,,,
35530,0.0,1951.329956,-704.835571,1676.701294,0.7818118757,0.6117769874,0.120412245,,,,
35531,0.0,1952.597229,-705.0127255,1676.701294,0.7809971888,0.6128152598,0.1204122364,,,,
35532,0.0,1956.099243,-705.507446,1676.701294,0.7785381818,0.6159376517,0.120412245,,,,
35533,0.0,1957.222107,-705.6562195,1676.701294,0.7772244582,0.6175909452,0.1204122364,,,,
35534,0.0,1961.062134,-706.173828,1676.778198,0.7742661254,0.6212993374,0.1204122104,,,,
35535,0.0,1963.28186,-706.463806,1676.880249,0.7726970285,0.6232497073,0.1204122277,,,,
35536,0.0,1965.624023,-706.762573,1676.992188,0.7710504646,0.6252855993,0.1204122104,,,,
35537,0.0,1968.192505,-707.077087,1677.114258,0.7688725919,0.6279616492,0.1204122277,,,,
35538,0.0,1971.579956,-707.468506,1677.275513,0.7653131335,0.6324668853,0.119505007,,,,
35539,0.0,1974.019653,-707.739258,1677.391846,0.7626607983,0.6358228779,0.1186497981,,,,
35540,0.0,1976.429199,-707.981689,1677.50708,0.7587698586,0.6407431451,0.1171175637,,,,
35541,0.0,1978.875977,-708.216248,1677.624268,0.7545634512,0.6459941625,0.1154363035,,,,
35542,0.0,1982.559204,-708.545227,1677.700073,0.7476583565,0.6544099891,0.1129360353,,,,
35543,0.0,1984.699951,-708.710876,1677.703003,0.7421871791,0.6608537615,0.1114921391,,,,
35544,0.0,1987.699097,-708.91803,1677.701416,0.7344279281,0.669906815,0.1088139586,,,,
35545,0.0,1990.222168,-709.103149,1677.701294,0.7296610032,0.6753858597,0.1069988826,,,,
35546,0.0,1993.521362,-709.33075,1677.701294,0.7230482814,0.682761354,0.1050624399,,,,
35547,0.0,1996.70459,-709.51947,1677.701294,0.7167235271,0.6896318264,0.1035148768,,,,
35548,0.0,1999.524658,-709.686279,1677.701294,0.7119014326,0.6947480638,0.1025742565,,,,
35549,0.0,2002.854614,-709.856079,1677.701294,0.7063106444,0.7005939116,0.1014566147,,,,
35550,0.0,2005.303101,-709.971436,1677.701294,0.7024687547,0.7044605057,0.101356029,,,,
35551,0.0,2008.781006,-710.100342,1677.701294,0.6958585196,0.7111081988,0.1005288532,,,,
35552,0.0,2011.190918,-710.15155,1677.701294,0.6890661457,0.7177097255,0.1004021756,,,,
35553,0.0,2013.817261,-710.198914,1677.701294,0.6823382472,0.7241090547,0.1004021583,,,,
35554,0.0,2017.453247,-710.240845,1677.701294,0.6734026346,0.7325250398,0.0996792748,,,,
35555,0.0,2020.104004,-710.235779,1677.701294,0.6651223756,0.740082616,0.0994482126,,,,
35556,0.0,2023.734985,-710.203979,1677.701294,0.6548792166,0.749269594,0.0986320799,,,,
35557,0.0,2025.731323,-710.140991,1677.701294,0.6463500267,0.7567396808,0.0978606074,,,,
35558,0.0,2028.927734,-710.048645,1677.701294,0.6360220886,0.7655520069,0.0969846769,,,,
35559,0.0,2033.36499,-709.885132,1677.701294,0.6243629841,0.7752514213,0.0956875012,,,,
35560,0.0,2035.81604,-709.744568,1677.701294,0.6167145945,0.7814052747,0.0952308016,,,,
35561,0.0,2040.099487,-709.515808,1677.701294,0.6066576924,0.7893051872,0.0946771654,,,,
35562,0.0,2043.021729,-709.333496,1677.701294,0.6008416687,0.7937414714,0.0946771654,,,,
35563,0.0,2048.948242,-708.877686,1677.701294,0.5880495075,0.8034441649,0.0931410259,,,,
35564,0.0,2051.1934815,-708.6835635,1677.701294,0.5842832244,0.8062444042,0.0925238746,,,,
35565,0.0,2053.438721,-708.489441,1677.701294,0.5805169412,0.8090446435,0.0919067232,,,,
35566,0.0,2059.57666,-707.909546,1677.701294,0.5733596262,0.8142118622,0.0912018778,,,,
35567,0.0,2061.818237,-707.6834715,1677.701294,0.5721110004,0.8151074122,0.0910303203,,,,
35568,0.0,2066.986084,-707.12738,1677.701294,0.5679373172,0.8180414978,0.0908587454,,,,
35569,0.0,2070.293213,-706.732239,1677.701294,0.5643472903,0.8205222856,0.0908587628,,,,
35570,0.0,2072.6097415,-706.4231265,1677.701294,0.5604365548,0.8232315324,0.0904317186,,,,
35571,0.0,2078.090332,-705.671082,1677.701294,0.5515470276,0.8292847264,0.0899039425,,,,
35572,0.0,2081.356934,-705.179565,1677.701294,0.544933805,0.8336452658,0.0899039425,,,,
35573,0.0,2083.7229005,-704.811859,1677.701294,0.5408893056,0.8362612255,0.0899039512,,,,
35574,0.0,2088.483643,-704.044128,1677.701294,0.5320276938,0.8419405051,0.0899039425,,,,
35575,0.0,2093.495117,-703.207825,1677.701294,0.5246290954,0.8465704893,0.0899039425,,,,
35576,0.0,2096.945557,-702.60083,1677.701294,0.5192556358,0.849876971,0.0899039425,,,,
35577,0.0,2100.23291,-701.993469,1677.701294,0.5141219381,0.8529923293,0.0899039425,,,,
35578,0.0,2104.425781,-701.197815,1677.701294,0.5075548063,0.8569162151,0.0899039425,,,,
35579,0.0,2105.865967,-700.90863,1677.701294,0.5043880188,0.8587492125,0.0902358933,,,,
35580,0.0,2111.394531,-699.766602,1677.701294,0.4939546706,0.8647273955,0.0908587628,,,,
35581,0.0,2114.489746,-699.103455,1677.701294,0.4884067166,0.8678730117,0.0908587628,,,,
35582,0.0,2117.646484,-698.420044,1677.701294,0.4840420631,0.8703148662,0.0908587628,,,,
35583,0.0,2122.1875,-697.394897,1677.701294,0.4778399898,0.8737354458,0.0908587628,,,,
35584,0.0,2125.571777,-696.620789,1677.701294,0.4740923369,0.875774595,0.0908587628,,,,
35585,0.0,2130.000488,-695.565125,1677.701294,0.4680743217,0.8790057552,0.0908587454,,,,
35586,0.0,2132.891113,-694.825623,1677.701294,0.4613186083,0.8825700124,0.0908587628,,,,
35587,0.0,2136.196533,-693.976929,1677.701294,0.4553452088,0.8856666563,0.0908587628,,,,
35588,0.0,2138.927002,-693.260193,1677.701294,0.4507628071,0.8880677433,0.0902694581,,,,
35589,0.0,2143.921387,-691.938782,1677.701294,0.4449840698,0.8910967051,0.089083331,,,,
35590,0.0,2147.559082,-690.956482,1677.701294,0.4414416023,0.8928703025,0.0889490569,,,,
35591,0.0,2151.337402,-689.890686,1677.644531,0.4361842869,0.8954503539,0.0889490396,,,,
35592,0.0,2154.207764,-689.068726,1677.487305,0.4326995485,0.8972072245,0.088262659,,,,
35593,0.0,2158.268066,-687.887695,1677.219849,0.4285655252,0.8992155659,0.0879940722,,,,
35594,0.0,2161.288086,-686.992615,1677.026123,0.4256538986,0.9005974694,0.0879940722,,,,
35595,0.0,2165.578613,-685.700684,1676.750977,0.4222813599,0.9021837376,0.0879940722,,,,
35596,0.0,2168.319092,-684.866699,1676.69458,0.4208653163,0.9028451871,0.0879940549,,,,
35597,0.0,2172.552979,-683.542908,1676.700928,0.4173388104,0.9044807132,0.0879940722,,,,
35598,0.0,2175.484131,-682.606201,1676.701416,0.414419614,0.905821962,0.0879940722,,,,
35599,0.0,2179.879883,-681.139038,1676.701294,0.406089965,0.9096710984,0.0871173525,,,,
35600,0.0,2182.880615,-680.121826,1676.701294,0.40074403,0.9120462876,0.087039024,,,,
35601,0.0,2187.188721,-678.645142,1676.701294,0.3941173943,0.9149293349,0.087039024,,,,
35602,0.0,2190.225342,-677.584961,1676.701294,0.3895969251,0.9169405737,0.086221925,,,,
35603,0.0,2193.174561,-676.540649,1676.701294,0.3851670452,0.9188231131,0.0860838784,,,,
35604,0.0,2197.53833,-674.927246,1676.701294,0.3743324874,0.9232901807,0.0860838611,,,,
35605,0.0,2200.51123,-673.809998,1676.701294,0.3674409695,0.9261255021,0.0853152289,,,,
35606,0.0,2203.673096,-672.609131,1676.701294,0.3607992413,0.9287502478,0.0851286363,,,,
35607,0.0,2207.81665,-671.006104,1676.701294,0.3522689872,0.9320191377,0.0851286537,,,,
35608,0.0,2210.889648,-669.78479,1676.701294,0.3451050944,0.934695451,0.0851286537,,,,
35609,0.0,2212.239502,-669.248901,1676.701294,0.3424555308,0.9356860681,0.0849458145,,,,
35610,0.0,2220.9104,-665.677612,1676.701294,0.3239581921,0.9423194452,0.0841733508,,,,
35611,0.0,2223.1002195,-664.735504,1676.701294,0.3183994808,0.9441939436,0.0841733595,,,,
35612,0.0,2225.290039,-663.793396,1676.701294,0.3128407695,0.946068442,0.0841733681,,,,
35613,0.0,2230.905273,-661.283081,1676.701294,0.2965375591,0.9513601306,0.0835426713,,,,
35614,0.0,2234.830078,-659.502563,1676.701294,0.2877573221,0.9540809662,0.0832179878,,,,
35615,0.0,2237.717041,-658.022583,1676.701294,0.2825580031,0.9556336858,0.0832179878,,,,
35616,0.0,2240.114746,-656.591125,1676.701294,0.2783355206,0.9568720434,0.0832179704,,,,
35617,0.0,2242.283447,-655.127319,1676.701294,0.2755919112,0.9576615872,0.0832179791,,,,
35618,0.0,2246.815918,-651.786621,1676.701294,0.2668249398,0.9602104602,0.0824640752,,,,
35619,0.0,2249.260498,-649.560608,1676.701294,0.2580894931,0.9626124296,0.082262531,,,,
35620,0.0,2251.014648,-647.814392,1676.701294,0.2518969342,0.9642774862,0.0819564772,,,,
35621,0.0,2253.619141,-645.01825,1676.701294,0.2455307298,0.9659579001,0.0814861709,,,,
35622,0.0,2256.763428,-641.394775,1676.701294,0.2403758837,0.9672686306,0.0813070159,,,,
35623,0.0,2257.1416015,-640.896057,1676.701294,0.2398758164,0.9673926286,0.0813070072,,,,
35624,0.0,2260.569824,-636.311035,1676.701294,0.2368350002,0.9681417003,0.0813070159,,,,
35625,0.0,2262.297119,-633.744507,1676.701294,0.2359756817,0.9683515114,0.0813069985,,,,
35626,0.0,2264.641357,-630.009949,1676.701294,0.2339479174,0.9688434053,0.0813069985,,,,
35627,0.0,2266.110107,-627.495728,1676.701294,0.2324236423,0.9692102055,0.0813069985,,,,
35628,0.0,2268.248535,-623.64386,1676.701294,0.2319662272,0.9693197829,0.0813069985,,,,
35629,0.0,2269.650635,-620.939697,1676.701294,0.2311893879,0.9695053579,0.0813069985,,,,
35630,0.0,2271.449951,-617.311279,1676.701294,0.2310367909,0.9695417336,0.0813069985,,,,
35631,0.0,2272.77417,-614.497925,1676.701294,0.2310367909,0.9695417336,0.0813069985,,,,
35632,0.0,2274.125488,-611.508362,1676.701294,0.2310367909,0.9695417336,0.0813069985,,,,
35633,0.0,2275.518066,-608.298706,1676.701294,0.2310367909,0.9695417336,0.0813069985,,,,
35634,0.0,2276.956787,-604.838196,1676.701294,0.2310367909,0.9695417336,0.0813069985,,,,
35635,0.0,2278.227295,-601.664917,1676.701294,0.2310367909,0.9695417336,0.0813069985,,,,
35636,0.0,2280.07373,-596.851318,1676.701294,0.2310367909,0.9695417336,0.0813069985,,,,
35637,0.0,2280.756104,-595.013977,1676.701294,0.2310367909,0.9695417336,0.0813069985,,,,
35638,0.0,2281.1198735,-594.0154725,1676.701294,0.2309679184,0.9695581404,0.0813069985,,,,
35639,0.0,2281.483643,-593.016968,1676.701294,0.230899046,0.9695745472,0.0813069985,,,,
35640,0.0,2284.595459,-583.981079,1676.701294,0.2282472283,0.9702022339,0.0813069985,,,,
35641,0.0,2285.658691,-580.768738,1676.701294,0.2282472283,0.9702022339,0.0813069985,,,,
35642,0.0,2286.908447,-576.892944,1676.701294,0.2282472283,0.9702022339,0.0813069985,,,,
35643,0.0,2288.364014,-572.252563,1676.701294,0.2282472283,0.9702022339,0.0813069985,,,,
35644,0.0,2289.36792,-568.975159,1676.701294,0.2282472283,0.9702022339,0.0813069985,,,,
35645,0.0,2290.429199,-565.42218,1676.701294,0.2274951554,0.9703788571,0.0813069985,,,,
35646,0.0,2291.311523,-562.412292,1676.701294,0.2267173334,0.9705608805,0.0813069985,,,,
35647,0.0,2292.700439,-557.547424,1676.701294,0.2245394991,0.9710670344,0.0813069985,,,,
35648,0.0,2293.57251,-554.424927,1676.701294,0.2229320512,0.971437323,0.0813069985,,,,
35649,0.0,2294.445557,-551.274658,1676.701294,0.2219857163,0.9716540093,0.0813069985,,,,
35650,0.0,2295.602295,-547.014343,1676.701294,0.2200493218,0.9720943734,0.0813069811,,,,
35651,0.0,2297.358643,-540.395325,1676.701294,0.2173253793,0.9727069725,0.0813069811,,,,
35652,0.0,2298.191162,-537.23584,1676.701294,0.2170703439,0.9727639168,0.0813069985,,,,
35653,0.0,2298.410034,-536.399811,1676.701294,0.2170430772,0.9727700005,0.0813069985,,,,
35654,0.0,2298.628906,-535.563782,1676.701294,0.2170158104,0.9727760842,0.0813069985,,,,
35655,0.0,2300.167969,-529.441467,1676.701294,0.2132342122,0.9735844163,0.0816367259,,,,
35656,0.0,2301.841309,-522.646179,1676.701294,0.208760252,0.9745108836,0.0821443546,,,,
35657,0.0,2302.45105,-520.1358945,1676.701294,0.2073183882,0.9747729667,0.082669979,,,,
35658,0.0,2303.060791,-517.62561,1676.701294,0.2058765243,0.9750350498,0.0831956033,,,,
35659,0.0,2304.681396,-510.793121,1676.701294,0.2023767295,0.9757655603,0.0832179704,,,,
35660,0.0,2305.480957,-507.36438,1676.701294,0.2006223311,0.976127782,0.0832179878,,,,
35661,0.0,2306.291748,-503.848083,1676.701294,0.1988233311,0.9764958025,0.0832179704,,,,
35662,0.0,2306.997559,-500.72699,1676.701294,0.1966128664,0.9769432686,0.0832179704,,,,
35663,0.0,2307.868652,-496.846832,1676.701294,0.1942045104,0.9773712873,0.0838449453,,,,
35664,0.0,2308.946777,-491.992462,1676.701294,0.1917165704,0.9778341391,0.0841733508,,,,
35665,0.0,2309.618408,-488.925873,1676.701294,0.1901491662,0.9781401442,0.0841733508,,,,
35666,0.0,2310.300293,-485.786377,1676.701294,0.188544387,0.9784507454,0.0841733508,,,,
35667,0.0,2311.085449,-482.129028,1676.701294,0.1866753219,0.9788090576,0.0841733508,,,,
35668,0.0,2312.024414,-477.662109,1676.701294,0.1835655922,0.9793970188,0.0841733508,,,,
35669,0.0,2312.625732,-474.758179,1676.701294,0.1813324367,0.9797575873,0.0848151959,,,,
35670,0.0,2313.215088,-471.845764,1676.701294,0.1783990012,0.9802687956,0.0851286363,,,,
35671,0.0,2313.33903,-471.2298073333,1676.701294,0.1778849017,0.9803619383,0.0851286421,,,,
35672,0.0,2313.462972,-470.6138506667,1676.701294,0.1773708022,0.980455081,0.0851286479,,,,
35673,0.0,2313.586914,-469.997894,1676.701294,0.1768567027,0.9805482237,0.0851286537,,,,
35674,0.0,2316.394775,-455.796021,1676.701294,0.1668118974,0.9823069292,0.0851286537,,,,
35675,0.0,2317.171143,-451.715027,1676.701294,0.1636869901,0.9828324789,0.0851286537,,,,
35676,0.0,2317.7771,-448.483337,1676.701294,0.1612133794,0.9832412515,0.0851286537,,,,
35677,0.0,2318.378662,-445.203491,1676.701294,0.1580606331,0.9837529931,0.0851286363,,,,
35678,0.0,2319.244141,-440.341614,1676.701294,0.1521664706,0.9846819169,0.0851286537,,,,
35679,0.0,2319.504639,-438.917999,1676.701294,0.1513220179,0.9848120426,0.0851286537,,,,
35680,0.0,2320.128418,-435.47049,1676.701294,0.1490940405,0.9851518068,0.0851286363,,,,
35681,0.0,2320.661865,-432.465302,1676.701294,0.1472047501,0.9854358801,0.0851286537,,,,
35682,0.0,2321.379883,-428.342896,1676.701294,0.144613475,0.9858194841,0.0851286537,,,,
35683,0.0,2321.822266,-425.757446,1676.701294,0.1429886739,0.9860564661,0.0851286363,,,,
35684,0.0,2322.23877,-423.352081,1676.701294,0.1427007283,0.9860981769,0.0851286537,,,,
35685,0.0,2322.67041,-420.777069,1676.701294,0.1414632046,0.9862495271,0.0854402251,,,,
35686,0.0,2323.226318,-417.394928,1676.701294,0.13956607,0.9864783007,0.0859178344,,,,
35687,0.0,2323.767334,-414.036072,1676.701294,0.1370114979,0.9868218762,0.0860838784,,,,
35688,0.0,2324.15625,-411.496124,1676.701294,0.1338654038,0.9872535741,0.0860838784,,,,
35689,0.0,2324.224935,-411.043457,1676.701294,0.133298392,0.98732996,0.0860838784,,,,
35690,0.0,2324.29362,-410.59079,1676.701294,0.1327313802,0.9874063459,0.0860838784,,,,
35691,0.0,2324.362305,-410.138123,1676.701294,0.1321643684,0.9874827318,0.0860838784,,,,
35692,0.0,2325.964844,-398.781128,1676.918701,0.1122848719,0.9899402388,0.0860838611,,,,
35693,0.0,2325.964844,-398.781128,1676.918701,0.0331386009,0.9957366128,0.0860838611,,,,
35694,0.0,2326.72998,-392.419861,1676.989014,0.0937587308,0.991866355,0.0860838784,,,,
35695,0.0,2327.073975,-389.392365,1676.983887,0.0850039177,0.9926549752,0.0860838784,,,,
35696,0.0,2327.653809,-383.482391,1676.976318,0.0631555873,0.9942841333,0.0860838784,,,,
35697,0.0,2327.917725,-380.293365,1677.010986,0.0491114459,0.9950766979,0.0860838611,,,,
35698,0.0,2328.121582,-377.592773,1677.077271,0.0371344582,0.9955955996,0.0860838784,,,,
35699,0.0,2328.2297365,-375.7901455,1677.1286625,0.0275834238,0.9958601458,0.0860838698,,,,
35700,0.0,2328.14209,-371.136078,1677.212158,-0.0386146352,0.9954686208,0.0868972665,,,,
35701,0.0,2328.248047,-368.772949,1677.215942,-0.0481182897,0.9950421305,0.0870390067,,,,
35702,0.0,2328.49585,-365.164825,1677.206909,-0.0481182897,0.9950421305,0.0870390067,,,,
35703,0.0,2328.693604,-361.82019,1677.202393,-0.0481182897,0.9950421305,0.0870390067,,,,
35704,0.0,2328.57959,-359.254211,1677.200195,-0.0752478164,0.9933238793,0.0874381891,,,,
35705,0.0,2328.444336,-356.095428,1677.197876,-0.1050991302,0.9905713264,0.0878784401,,,,
35706,0.0,2328.296387,-353.346954,1677.196533,-0.1320009805,0.9872798204,0.0886244735,,,,
35707,0.0,2328.272034,-353.021568,1677.1965025,-0.1351262825,0.9868324551,0.0887280013,,,,
35708,0.0,2328.247681,-352.696182,1677.196472,-0.1382515845,0.9863850898,0.0888315292,,,,
35709,0.0,2328.223328,-352.370796,1677.1964415,-0.1413768864,0.9859377244,0.088935057,,,,
35710,0.0,2328.198975,-352.04541,1677.196411,-0.302594897,0.9466466669,0.1108892073,,,,
35711,0.0,2328.198975,-352.04541,1677.196411,-0.302594897,0.9466466669,0.1108892073,,,,
35712,0.0,2326.17627,-335.659271,1677.700806,-0.302594897,0.9466466669,0.1108892073,,,,
35713,0.0,2325.768799,-332.297455,1677.713989,-0.302594897,0.9466466669,0.1108892073,,,,
35714,0.0,2325.255615,-328.61676,1677.73877,-0.302594897,0.9466466669,0.1108892073,,,,
35715,0.0,2324.856201,-326.024323,1677.753418,-0.302594897,0.9466466669,0.1108892073,,,,
35716,0.0,2324.356934,-323.02597,1677.772217,-0.302594897,0.9466466669,0.1108892073,,,,
35717,0.0,2323.855469,-320.21582,1677.790894,-0.302594897,0.9466466669,0.1108892073,,,,
35718,0.0,2323.276367,-317.159882,1677.812866,-0.302594897,0.9466466669,0.1108892073,,,,
35719,0.0,2322.547363,-313.578217,1677.840576,-0.302594897,0.9466466669,0.1108892073,,,,
35720,0.0,2321.919678,-310.60376,1677.864502,-0.302594897,0.9466466669,0.1108892073,,,,
35721,0.0,2321.191162,-307.259247,1677.902222,-0.302594897,0.9466466669,0.1108892073,,,,
35722,0.0,2320.383545,-303.769897,1677.960449,-0.302594897,0.9466466669,0.1108892073,,,,
35723,0.0,2319.973633,-301.9953,1677.994019,-0.302594897,0.9466466669,0.1108892073,,,,
35724,0.0,2319.151367,-298.630646,1678.083374,-0.302594897,0.9466466669,0.1108892073,,,,
35725,0.0,2319.056315,-298.2413943333,1678.0930583333,-0.302594897,0.9466466669,0.1108892073,,,,
35726,0.0,2318.961263,-297.8521426667,1678.1027426667,-0.302594897,0.9466466669,0.1108892073,,,,
35727,0.0,2318.866211,-297.462891,1678.112427,-0.3703264363,0.9234596565,0.1004021583,,,,
35728,0.0,2316.575439,-288.486786,1678.244751,-0.302594897,0.9466466669,0.1108892073,,,,
35729,0.0,2315.611328,-284.880737,1678.315308,-0.302594897,0.9466466669,0.1108892073,,,,
35730,0.0,2314.27417,-279.952393,1678.488647,-0.302594897,0.9466466669,0.1108892073,,,,
35731,0.0,2313.508057,-277.405457,1678.605225,-0.3087997571,0.9446408299,0.11088919,,,,
35732,0.0,2312.53125,-274.778381,1678.729614,-0.3338798229,0.9365018046,0.1071850447,,,,
35733,0.0,2311.538086,-272.225067,1678.835205,-0.360998745,0.9269479153,0.1022128583,,,,
35734,0.0,2310.448242,-269.291138,1678.93457,-0.3829066615,0.9183885982,0.0997239757,,,,
35735,0.0,2308.19873,-263.792938,1679.122803,-0.4330726243,0.8960341791,0.0978307318,,,,
35736,0.0,2307.415649,-262.0357055,1679.1864015,-0.4521833328,0.8863000639,0.0976853986,,,,
35737,0.0,2306.632568,-260.278473,1679.25,-0.4712940412,0.8765659487,0.0975400653,,,,
35738,0.0,2304.373291,-255.098328,1679.401489,-0.5042243192,0.8580464857,0.0975400653,,,,
35739,0.0,2303.480469,-253.259109,1679.454956,-0.5189897672,0.8492252229,0.0972941021,,,,
35740,0.0,2303.2776693333,-252.8313036667,1679.4651693333,-0.521136219,0.8479078942,0.0972448159,,,,
35741,0.0,2303.0748696667,-252.4034983333,1679.4753826667,-0.5232826707,0.8465905654,0.0971955296,,,,
35742,0.0,2302.87207,-251.975693,1679.485596,-0.5254291225,0.8452732367,0.0971462434,,,,
35743,0.0,2302.87207,-251.975693,1679.485596,-0.5749113491,0.812830238,0.0937227018,,,,
35744,0.0,2298.982422,-243.729416,1679.716064,-0.5533680526,0.8273767504,0.0960807536,,,,
35745,0.0,2294.709229,-235.361618,1680.189331,-0.5636619571,0.8205580015,0.0947088397,,,,
35746,0.0,2293.244385,-232.641052,1680.369385,-0.5674266598,0.8179628476,0.0946771654,,,,
35747,0.0,2291.657227,-229.812683,1680.567749,-0.5724230711,0.8145810515,0.0937525371,,,,
35748,0.0,2290.315186,-227.434875,1680.736206,-0.5745459009,0.8130885928,0.0937227191,,,,
35749,0.0,2288.6604,-224.602814,1680.857788,-0.5791512216,0.8099135376,0.0928650862,,,,
35750,0.0,2288.030518,-223.580765,1680.893921,-0.5826894217,0.8074055602,0.0925705099,,,,
35751,0.0,2285.293945,-219.164551,1681.039551,-0.5940760921,0.7991500474,0.0918302709,,,,
35752,0.0,2283.731201,-216.699478,1681.189575,-0.5999064768,0.7947845623,0.0918134996,,,,
35753,0.0,2281.929688,-213.92717,1681.425049,-0.6064273388,0.7898203365,0.0918134996,,,,
35754,0.0,2280.342529,-211.626068,1681.604492,-0.6170449156,0.7815534893,0.0918134822,,,,
35755,0.0,2278.709229,-209.30751,1681.788574,-0.6276684952,0.7731384248,0.0910452431,,,,
35756,0.0,2277.211426,-207.241013,1681.953735,-0.6375774384,0.7650096047,0.0908587628,,,,
35757,0.0,2276.8082275,-206.6814655,1681.998413,-0.6395651157,0.7633442377,0.0908587541,,,,
35758,0.0,2276.405029,-206.121918,1682.043091,-0.641552793,0.7616788708,0.0908587454,,,,
35759,0.0,2271.698975,-199.71785,1682.562134,-0.6621018181,0.7440016556,0.0899039425,,,,
35760,0.0,2269.833496,-197.219452,1682.768799,-0.6664307777,0.7401265409,0.0899039599,,,,
35761,0.0,2267.948242,-194.732285,1682.977905,-0.6699851776,0.7369105393,0.0899039425,,,,
35762,0.0,2266.568604,-192.956131,1683.126587,-0.6732447934,0.7339337363,0.0899039425,,,,
35763,0.0,2263.653076,-189.239807,1683.425781,-0.6786532364,0.7289355683,0.0899039599,,,,
35764,0.0,2261.716064,-186.838577,1683.600708,-0.6828297339,0.7250247138,0.0899039425,,,,
35765,0.0,2259.803223,-184.54689,1683.769531,-0.6888480345,0.7194181741,0.0890273895,,,,
35766,0.0,2258.18457,-182.618118,1683.913818,-0.6923846072,0.7160248745,0.0889490569,,,,
35767,0.0,2255.756348,-179.724884,1684.132324,-0.6961428228,0.7123715593,0.0889490396,,,,
35768,0.0,2253.98999,-177.64035,1684.292114,-0.698005345,0.7105466956,0.0889490396,,,,
35769,0.0,2251.917969,-175.237747,1684.479736,-0.7001255759,0.708457651,0.0889490569,0.0016574513,142.0666263382,2468.5203376824,1.0
35770,0.0,2249.997803,-173.033356,1684.653442,-0.7020333476,0.7065672277,0.0889490396,0.001688188,143.2047976893,2465.559801015,1.0
35771,0.0,2248.102295,-170.894363,1684.690186,-0.7050618583,0.7035451949,0.0889490569,0.001746223,145.4720653556,2462.659887114,1.0
35772,0.0,2245.979004,-168.506454,1684.567627,-0.7074397895,0.7011540555,0.0889490569,0.0017983737,147.4312991972,2459.4051043666,1.0
35773,0.0,2243.980225,-166.303879,1684.423584,-0.7105527424,0.6980990435,0.0881619289,0.001852257,149.5962195658,2458.986774362,1.0
35774,0.0,2243.276123,-165.532562,1684.373169,-0.7115951357,0.6970576777,0.0879940722,0.0018771019,150.590228047,2458.9051274072,1.0
35775,0.0,2238.05542,-159.84404,1683.985718,-0.7154345773,0.6931164468,0.0879940722,0.0020482985,157.2783316406,2458.5541643631,1.0
35776,0.0,2236.138428,-157.800262,1683.847534,-0.7166839927,0.6918244704,0.0879940722,0.0021117062,159.6963079054,2458.6263287403,1.0
35777,0.0,2234.718384,-156.300964,1683.746399,-0.7179045776,0.6905555451,0.0879940722,0.0021778828,162.1603532682,2458.663929872,1.0
35778,0.0,2233.29834,-154.801666,1683.645264,-0.7191251624,0.6892866197,0.0879940722,0.0022440594,164.624398631,2458.7015310037,1.0
35779,0.0,2231.552002,-152.98114,1683.535522,-0.7204453026,0.68796309,0.0875520002,,,,
35780,0.0,2227.278076,-148.529739,1683.28772,-0.7218935246,0.6865085217,0.0870390067,,,,
35781,0.0,2225.75293,-146.954422,1683.206543,-0.7218935246,0.6865085217,0.0870390067,,,,
35782,0.0,2223.470215,-144.608704,1683.084839,-0.7218935246,0.6865085217,0.0870390067,,,,
35783,0.0,2222.0289305,-143.1358795,1683.008789,-0.7218935246,0.6865085217,0.0870390067,,,,
35784,0.0,2219.189453,-140.246353,1682.860352,-0.7218935246,0.6865085217,0.0870390067,,,,
35785,0.0,2216.964355,-137.998993,1682.745605,-0.7218935246,0.6865085217,0.0870390067,,,,
35786,0.0,2214.78833,-135.807083,1682.634155,-0.7218935246,0.6865085217,0.0870390067,,,,
35787,0.0,2212.759766,-133.765442,1682.53125,-0.7210856537,0.6873570334,0.0870390067,,,,
35788,0.0,2211.739746,-132.735336,1682.479614,-0.7203981126,0.6880775884,0.087039024,,,,
35789,0.0,2207.994141,-128.906876,1682.288696,-0.7145643426,0.6941340012,0.0870390067,,,,
35790,0.0,2206.336182,-127.188797,1682.203613,-0.7104375869,0.6983571052,0.0870390067,,,,
35791,0.0,2204.273682,-125.055779,1682.097656,-0.7055872698,0.7032572901,0.0870390067,,,,
35792,0.0,2201.462402,-122.162041,1681.953735,-0.6999231178,0.7088948,0.087039024,,,,
35793,0.0,2199.642822,-120.247429,1681.858643,-0.6940694823,0.7146270091,0.087039024,,,,
35794,0.0,2198.019043,-118.501923,1681.7677,-0.6870862108,0.7213437095,0.087039024,,,,
35795,0.0,2195.725098,-116.068832,1681.634399,-0.6796209916,0.7283814379,0.0870390067,,,,
35796,0.0,2193.430664,-113.587631,1681.496094,-0.6704003903,0.7370568239,0.0855017836,,,,
35797,0.0,2191.017334,-110.904175,1681.344238,-0.6581359295,0.7482826334,0.0832478163,,,,
35798,0.0,2189.529053,-109.287575,1681.244507,-0.6541885077,0.7517394249,0.0832179878,,,,
35799,0.0,2186.994385,-106.550667,1681.07019,-0.6494728206,0.7558173204,0.0832179878,,,,
35800,0.0,2185.050049,-104.464973,1680.89978,-0.6476255021,0.7574008044,0.0832179704,,,,
35801,0.0,2182.462158,-101.656349,1680.575439,-0.6459956193,0.7587914248,0.0832179878,,,,
35802,0.0,2180.780518,-99.832832,1680.382812,-0.6456829406,0.7590575121,0.0832179878,,,,
35803,0.0,2178.908936,-97.781075,1680.171997,-0.6456829406,0.7590575121,0.0832179878,,,,
35804,0.0,2176.336426,-94.949913,1679.882446,-0.6456829406,0.7590575121,0.0832179878,0.0041247378,221.7178649275,2443.632087145,1.0
35805,0.0,2172.744141,-90.992561,1679.478516,-0.6456829406,0.7590575121,0.0832179878,0.0041906205,223.3309182857,2442.0252922843,1.0
35806,0.0,2170.603271,-88.636467,1679.237427,-0.6456829406,0.7590575121,0.0832179878,0.0042331166,224.3739405288,2441.1102380494,1.0
35807,0.0,2167.333008,-85.022385,1678.959717,-0.6456829406,0.7590575121,0.0832179878,0.0042809792,225.4120273766,2438.6856765576,1.0
35808,0.0,2165.436523,-82.861992,1679.077637,-0.6456829406,0.7590575121,0.0832179878,0.004411709,228.7966774761,2438.432904738,1.0
35809,0.0,2163.296631,-80.453247,1679.033936,-0.6456829406,0.7590575121,0.0832179878,0.0045012113,230.8534208774,2435.8238624332,1.0
35810,0.0,2160.767822,-77.591713,1678.97937,-0.6457074084,0.7590862763,0.0827645327,0.0046252879,233.7978144971,2433.6539895294,1.0
35811,0.0,2157.868652,-74.305206,1678.91626,-0.6457342383,0.7591178172,0.0822644095,0.0047184828,235.8278299936,2430.4784726263,1.0
35812,0.0,2155.556641,-71.674263,1678.865601,-0.6457343388,0.7591179353,0.082262531,0.0048533425,238.9544711811,2428.3276154033,1.0
35813,0.0,2153.71167,-69.568352,1678.825073,-0.6457343388,0.7591179353,0.082262531,0.0049748845,241.7559558909,2426.6743403691,1.0
35814,0.0,2151.086914,-66.567612,1678.76709,-0.6457343388,0.7591179353,0.082262531,0.005099916,244.4763158779,2423.7884297396,1.0
35815,0.0,2148.5271,-63.636837,1678.710449,-0.6457343388,0.7591179353,0.082262531,0.0052360291,247.428667697,2421.0470658599,1.0
35816,0.0,2147.653809,-62.634197,1678.691162,-0.6457343388,0.7591179353,0.082262531,,,,
35817,0.0,2141.427734,-55.46933,1678.5625,-0.6457343388,0.7591179353,0.082262531,,,,
35818,0.0,2139.173584,-52.867886,1678.562134,-0.6457343388,0.7591179353,0.082262531,,,,
35819,0.0,2136.627686,-49.924652,1678.60022,-0.6457343388,0.7591179353,0.082262531,,,,
35820,0.0,2133.985596,-46.866821,1678.632568,-0.6457343388,0.7591179353,0.082262531,,,,
35821,0.0,2131.575195,-44.074829,1678.661987,-0.6457343388,0.7591179353,0.082262531,,,,
35822,0.0,2129.033203,-41.124104,1678.692627,-0.6457343388,0.7591179353,0.082262531,,,,
35823,0.0,2126.812256,-38.544411,1678.71936,-0.6457343388,0.7591179353,0.082262531,,,,
35824,0.0,2124.137939,-35.436512,1678.751709,-0.6457343388,0.7591179353,0.082262531,,,,
35825,0.0,2121.753174,-32.660809,1678.774414,-0.6457343388,0.7591179353,0.082262531,,,,
35826,0.0,2119.043945,-29.505354,1678.63147,-0.6457343388,0.7591179353,0.082262531,,,,
35827,0.0,2116.484619,-26.532309,1678.418335,-0.6463226568,0.7586170966,0.082262531,,,,
35828,0.0,2113.893311,-23.544071,1678.211914,-0.6482070249,0.7570076148,0.082262531,,,,
35829,0.0,2113.4897463333,-23.077903,1678.1796873333,-0.6484573747,0.756793031,0.082262531,,,,
35830,0.0,2113.0861816667,-22.611735,1678.1474606667,-0.6487077246,0.7565784471,0.082262531,,,,
35831,0.0,2112.682617,-22.145567,1678.115234,-0.6489580744,0.7563638633,0.082262531,,,,
35832,0.0,2103.486084,-11.66959,1677.435791,-0.6612666803,0.7456267521,0.082262531,,,,
35833,0.0,2100.605469,-8.393039,1677.286499,-0.6644750249,0.7427690201,0.082262531,,,,
35834,0.0,2098.302002,-5.793739,1677.335571,-0.6675519859,0.7400048798,0.082262531,,,,
35835,0.0,2095.586914,-2.767172,1677.413452,-0.67261171,0.7355053252,0.0813965851,,,,
35836,0.0,2093.246094,0.132633,1677.480591,-0.6773650925,0.7311399988,0.0813070333,,,,
35837,0.0,2090.941895,3.257072,1677.553467,-0.6860772052,0.72306591,0.0804596689,,,,
35838,0.0,2088.841064,6.487143,1677.628418,-0.6927287914,0.7167080806,0.0803514087,,,,
35839,0.0,2087.016357,9.57035,1677.700317,-0.7004014359,0.7093044411,0.0795301106,,,,
35840,0.0,2085.342773,12.643465,1677.772095,-0.7090531136,0.7006711072,0.0793957277,,,,
35841,0.0,2084.064697,15.196161,1677.831787,-0.7169022585,0.6926764837,0.0790597292,,,,
35842,0.0,2082.446045,18.779716,1677.915039,-0.7246311168,0.6846381206,0.0786154466,,,,
35843,0.0,2080.442383,23.436466,1678.024414,-0.738858883,0.6692792553,0.0784399737,,,,
35844,0.0,2079.376465,26.250004,1678.089966,-0.7458694371,0.6614574422,0.0784400085,,,,
35845,0.0,2079.0281985,27.232837,1678.112793,-0.7476162526,0.659477166,0.0784399998,,,,
35846,0.0,2076.727295,33.999905,1678.270142,-0.7593036161,0.6459916302,0.0784399911,,,,
35847,0.0,2076.112305,36.059895,1678.318115,-0.7626031281,0.6420931683,0.0784399911,,,,
35848,0.0,2074.779053,40.504715,1678.421387,-0.7704037878,0.6327125527,0.0784399737,,,,
35849,0.0,2073.834717,43.962841,1678.501831,-0.7758471579,0.6260258468,0.0784399563,,,,
35850,0.0,2072.790039,48.053829,1678.59668,-0.7797564933,0.6211497257,0.0784399737,,,,
35851,0.0,2071.844238,51.850105,1678.679565,-0.7846244488,0.614989142,0.0784399737,,,,
35852,0.0,2071.120117,54.842094,1678.713135,-0.78881831,0.6096005613,0.0784399737,,,,
35853,0.0,2069.989502,59.772926,1678.701904,-0.7935405544,0.6034405988,0.0784399911,,,,
35854,0.0,2069.06543,63.987885,1678.701294,-0.796386287,0.5996799583,0.0784399737,,,,
35855,0.0,2068.24585,67.887314,1678.701294,-0.7987337037,0.5965497809,0.0784399737,,,,
35856,0.0,2067.425781,71.736496,1678.701294,-0.8026793967,0.591230037,0.0784399737,,,,
35857,0.0,2066.767334,75.021866,1678.701294,-0.8041533783,0.5891628378,0.0788954674,,,,
35858,0.0,2065.924072,79.298737,1678.701294,-0.8055163314,0.5872343678,0.079367734,,,,
35859,0.0,2065.220459,82.79644,1678.701294,-0.8084109941,0.583239216,0.0793957277,,,,
35860,0.0,2064.950928,84.150673,1678.693726,-0.8094189329,0.5818395909,0.0793957277,,,,
35861,0.0,2063.93335,89.479355,1678.580688,-0.8112344366,0.5793056252,0.0793957277,,,,
35862,0.0,2063.053711,93.999352,1678.479858,-0.814193927,0.5751387377,0.0793957277,,,,
35863,0.0,2062.313721,97.851593,1678.389526,-0.8164158098,0.5719803678,0.0793957451,,,,
35864,0.0,2061.462402,102.133606,1678.290283,-0.8207233933,0.5656578086,0.0802767412,,,,
35865,0.0,2060.70459,106.057785,1678.199463,-0.8231091466,0.5621698938,0.0803513739,,,,
35866,0.0,2059.995117,109.729431,1678.114746,-0.8251751573,0.5591329099,0.0803514087,,,,
35867,0.0,2058.546387,117.022499,1677.945557,-0.8310403489,0.550262114,0.0811390438,,,,
35868,0.0,2057.95752,119.978317,1677.877197,-0.8330501165,0.5471897932,0.0813070333,,,,
35869,0.0,2057.097168,124.355316,1677.776245,-0.8349030233,0.5443584448,0.0813069811,,,,
35870,0.0,2056.296875,128.278625,1677.685303,-0.8379580607,0.5396438275,0.0813069985,,,,
35871,0.0,2055.56958,131.705429,1677.605713,-0.8417687978,0.533680113,0.0813069985,,,,
35872,0.0,2054.908203,134.768311,1677.534424,-0.8453200501,0.5279901712,0.0816112247,,,,
35873,0.0,2053.979492,139.107071,1677.433716,-0.8488787643,0.5221730659,0.0820983118,,,,
35874,0.0,2053.618896,140.785263,1677.394897,-0.850365724,0.5197220521,0.082262531,,,,
35875,0.0,2052.106201,147.504486,1677.23877,-0.8573711653,0.5080822355,0.0822625484,,,,
35876,0.0,2051.298096,151.059662,1677.268188,-0.8605001447,0.5027647303,0.0822625484,,,,
35877,0.0,2050.498535,154.523941,1677.41748,-0.8630265559,0.4983035603,0.0829380829,,,,
35878,0.0,2049.709717,157.83757,1677.577515,-0.8662074323,0.4927062519,0.0832179878,,,,
35879,0.0,2048.962158,160.862885,1677.71875,-0.8698398696,0.4862647095,0.0832179878,,,,
35880,0.0,2047.515625,166.726105,1677.991089,-0.8747391381,0.4773952312,0.0832179878,,,,
35881,0.0,2046.585327,170.332932,1678.159302,-0.8786013519,0.4702493285,0.0832179878,,,,
35882,0.0,2046.218262,171.728561,1678.224243,-0.8801132468,0.4674135666,0.0832179704,,,,
35883,0.0,2044.839844,177.007721,1678.468994,-0.8835652245,0.4608549235,0.0832179878,0.1481346221,1264.8424102559,2414.9237687924,0.0
35884,0.0,2043.797485,180.932388,1678.651123,-0.8861128782,0.4559372068,0.0832179704,0.145969664,1255.9844142885,2414.3183102509,0.0
35885,0.0,2042.711182,184.881897,1678.833984,-0.8886347263,0.4510023199,0.0832179704,0.143821763,1247.0922089114,2413.6618366069,0.0
35886,0.0,2041.683838,188.573151,1679.005371,-0.8909888757,0.4463334964,0.0832179878,0.1418012573,1238.6418937843,2413.0128967754,0.0
35887,0.0,2040.789795,191.700638,1679.150513,-0.8930140014,0.4422677499,0.0832179704,0.1400221616,1231.1342286938,2412.4211772972,0.0
35888,0.0,2039.848267,194.881332,1679.298584,-0.89592087,0.4363491343,0.083217953,0.137212969,1219.3911139073,2411.925239137,0.0
35889,0.0,2039.316772,196.648544,1679.380981,-0.8974152245,0.4332674478,0.0832179878,0.1358588192,1213.6457162215,2411.6185136653,0.0
35890,0.0,2037.426636,202.874741,1679.670776,-0.9026885664,0.4221707186,0.0832180052,0.1308036722,1191.9598576686,2410.5947246553,0.0
35891,0.0,2036.109985,207.010391,1679.863647,-0.906507785,0.4139062724,0.0832179878,0.1270419833,1175.4404302245,2409.6999615683,0.0
35892,0.0,2034.912109,210.751465,1680.000122,-0.909546871,0.4071845549,0.083217953,0.1241147552,1162.3253887672,2408.867337915,0.0
35893,0.0,2033.939087,213.743484,1679.997314,-0.9113796228,0.4030656927,0.0832179704,0.1224162897,1154.5758610064,2408.2591156771,0.0
35894,0.0,2032.369385,218.471008,1679.883423,-0.9141065025,0.3968426282,0.0832179704,0.119925701,1143.0519090563,2407.2562009435,0.0
35895,0.0,2031.171875,222.038681,1679.811035,-0.9158709799,0.3927532455,0.0832180052,0.1184508241,1136.04883071,2406.4130219651,0.0
35896,0.0,2030.195923,224.91983,1679.752075,-0.9172888311,0.389430307,0.0832180052,0.1172591951,1130.3566492479,2405.7293760414,0.0
35897,0.0,2028.863647,228.681046,1679.671753,-0.9196145532,0.3839060302,0.0832179878,0.115034221,1119.8627388749,2404.9138950463,0.0
35898,0.0,2026.150024,236.329041,1679.506592,-0.9225517677,0.3767930538,0.0832179704,0.1127070732,1108.3303276773,2403.1117943274,0.0
35899,0.0,2025.387573,238.3900455,1679.460266,-0.923494836,0.3744672981,0.0832179791,0.1118412327,1104.1047068066,2402.665934692,0.0
35900,0.0,2024.625122,240.45105,1679.41394,-0.9244379043,0.3721415424,0.0832179878,0.1109753923,1099.8790859358,2402.2200750566,0.0
35901,0.0,2023.273682,244.110443,1679.331543,-0.9255315938,0.3694131037,0.083217953,0.1101928794,1095.8044146536,2401.3061845321,0.0
35902,0.0,2020.763184,250.762482,1679.177734,-0.9272143148,0.365168976,0.0832179878,0.1088695947,1088.9134737649,2399.8236553148,0.0
35903,0.0,2019.8927005,253.0385895,1679.1242065,-0.9276011028,0.3641838004,0.0832179878,0.1085969404,1087.4010981111,2399.3256939297,0.0
35904,0.0,2019.022217,255.314697,1679.070679,-0.9279878908,0.3631986248,0.0832179878,0.108324286,1085.8887224573,2398.8277325446,0.0
35905,0.0,2017.728882,258.637146,1678.991211,-0.928464624,0.3619781839,0.0832180052,0.1082111204,1084.9436021417,2397.9210610542,0.0
35906,0.0,2016.243286,262.454468,1678.899414,-0.9285478871,0.3617645475,0.0832179878,0.1084790772,1085.8047390488,2397.0283306902,0.0
35907,0.0,2014.788208,266.153534,1678.809448,-0.9285478871,0.3617645475,0.0832179878,0.1091451917,1088.8445405454,2396.8148275072,0.0
35908,0.0,2012.047607,273.025787,1678.639893,-0.9285478871,0.3617645475,0.0832179878,0.1100755153,1092.615282724,2395.5193404024,0.0
35909,0.0,2010.784058,276.170807,1678.561768,-0.9285478871,0.3617645475,0.0832179878,0.1106089396,1094.9598839393,2395.2021108823,0.0
35910,0.0,2009.375122,279.633636,1678.474487,-0.9285478871,0.3617645475,0.0832179878,0.1112016499,1097.5565451871,2394.8509615196,0.0
35911,0.0,2007.405151,284.456909,1678.352539,-0.9285478871,0.3617645475,0.0832179878,0.1119815883,1100.8026598347,2394.0490607553,0.0
35912,0.0,2006.170532,287.456085,1678.276123,-0.9285478871,0.3617645475,0.0832179878,0.1124442647,1102.538812574,2393.1798655284,0.0
35913,0.0,2005.097412,290.051758,1678.209595,-0.9285478871,0.3617645475,0.0832179878,0.112838849,1104.0226131189,2392.4570572067,0.0
35914,0.0,2002.879761,295.391296,1678.07251,-0.9285478871,0.3617645475,0.0832179878,0.1137387745,1107.4050920354,2390.844469746,0.0
35915,0.0,2001.542358,298.592407,1677.989502,-0.9285478871,0.3617645475,0.0832179878,0.1142751358,1109.2315638487,2389.500812132,0.0
35916,0.0,2000.269775,301.626862,1677.910767,-0.9285478871,0.3617645475,0.0832179878,0.1147585378,1110.977628766,2388.5224053971,0.0
35917,0.0,1999.195068,304.181732,1677.844238,-0.9285478871,0.3617645475,0.0832179878,0.1151387686,1112.1080048828,2387.242215097,0.0
35918,0.0,1998.8323975,305.041031,1677.8218995,-0.9285478871,0.3617645475,0.0832179878,0.1152654345,1112.5016418914,2386.855497268,0.0
35919,0.0,1998.469727,305.90033,1677.799561,-0.9285478871,0.3617645475,0.0832179878,0.1153921004,1112.8952789,2386.4687794389,0.0
35920,0.0,1994.727051,314.740112,1677.567871,-0.9285478871,0.3617645475,0.0832179878,0.1166975271,1117.4920369365,2383.7108439911,0.0
35921,0.0,1992.599609,319.738129,1677.436035,-0.9285478871,0.3617645475,0.0832179878,0.117344322,1119.6473609715,2382.1262323182,0.0
35922,0.0,1991.099976,323.245728,1677.343384,-0.9285478871,0.3617645475,0.0832179878,0.1177997226,1121.1302367361,2380.9540564257,0.0
35923,0.0,1989.566406,326.830414,1677.248169,-0.9285478871,0.3617645475,0.0832179878,0.118322546,1122.9054846884,2379.7802695188,0.0
35924,0.0,1987.66748,331.253937,1677.130737,-0.9285478871,0.3617645475,0.0832179878,0.1188874206,1124.7530862876,2378.3833031295,0.0
35925,0.0,1986.274902,334.492004,1677.044556,-0.9285478871,0.3617645475,0.0832179878,0.1193122331,1126.126418324,2377.3126975201,0.0
35926,0.0,1984.910889,337.659271,1676.960205,-0.9285478871,0.3617645475,0.0832179878,0.1197435931,1127.5795893983,2376.3615924517,0.0
35927,0.0,1983.521118,340.881714,1676.839966,-0.9285478871,0.3617645475,0.0832179878,0.1201463136,1128.8693684815,2375.3435951834,0.0
35928,0.0,1981.978516,344.452606,1676.737427,-0.9285478871,0.3617645475,0.0832179878,0.1205447245,1130.0954879017,2374.2423030729,0.0
35929,0.0,1980.40686,348.08609,1676.71228,-0.9285478871,0.3617645475,0.0832179878,0.1210294881,1131.6832239648,2373.117803957,0.0
35930,0.0,1978.514038,352.457825,1676.699951,-0.9285478871,0.3617645475,0.0832179878,0.1215258785,1133.2386024816,2371.8344182551,0.0
35931,0.0,1977.394287,355.03952,1676.701294,-0.9285478871,0.3617645475,0.0832179878,0.1218404167,1134.2511708985,2371.0859828032,0.0
35932,0.0,1975.708496,358.92334,1676.701294,-0.9285478871,0.3617645475,0.0832179878,0.1222898146,1135.7957130832,2370.2316923884,0.0
35933,0.0,1973.824707,363.259094,1676.701294,-0.9285478871,0.3617645475,0.0832179878,0.1229452698,1138.1609168301,2369.2412656137,0.0
35934,0.0,1973.225098,364.639679,1676.701294,-0.9285478871,0.3617645475,0.0832179878,0.1231166414,1138.7137824287,2368.8499690477,0.0
35935,0.0,1970.72168,370.391083,1676.701294,-0.9285478871,0.3617645475,0.0832179878,0.1238617785,1141.6796295482,2368.3352599702,0.0
35936,0.0,1969.470459,373.277313,1676.701294,-0.9283610959,0.362393043,0.0825648721,0.1245540695,1144.4085331748,2367.8263687789,0.0
35937,0.0,1967.728882,377.280334,1676.701294,-0.9282745145,0.3626834732,0.082262531,0.1252150744,1147.1299328487,2367.6013445949,0.0
35938,0.0,1966.045288,381.143005,1676.701294,-0.9282745145,0.3626834732,0.082262531,0.1257885662,1149.3495821753,2367.1308604841,0.0
35939,0.0,1964.646606,384.36554,1676.701294,-0.9280229645,0.3633266483,0.082262531,0.1265974638,1152.6337641757,2366.8093846975,0.0
35940,0.0,1963.026611,388.084686,1676.701294,-0.9279263672,0.3635732842,0.082262531,0.1272541094,1155.3118158649,2366.5946629954,0.0
35941,0.0,1961.477173,391.637207,1676.701294,-0.9279263672,0.3635732842,0.082262531,0.1278139231,1157.7159905575,2366.6740220297,0.0
35942,0.0,1959.841919,395.385437,1676.701294,-0.9279263672,0.3635732842,0.082262531,0.1284317089,1160.4530087178,2366.9473020637,0.0
35943,0.0,1958.465942,398.540131,1676.701294,-0.9279263672,0.3635732842,0.082262531,0.1289841657,1162.9134266887,2367.2299881449,0.0
35944,0.0,1956.817139,402.318176,1676.701294,-0.9279263672,0.3635732842,0.082262531,0.1296563593,1165.9460687911,2367.668234051,0.0
35945,0.0,1954.041626,407.635101,1676.701294,-0.9276892387,0.3641779092,0.0822625484,0.1309551983,1171.5991973364,2368.1425350719,0.0
35946,0.0,1951.496338,411.893494,1676.701294,-0.9270238207,0.3659897021,0.0817213177,0.1326781701,1178.9575204463,2368.5842297034,0.0
35947,0.0,1949.463989,414.69635,1676.701294,-0.9259401817,0.3688142513,0.0813069985,0.1347068466,1187.3034506256,2368.6088472156,0.0
35948,0.0,1948.538086,415.930969,1676.701294,-0.9254774192,0.3699805018,0.0812771478,0.1355889721,1190.9683103047,2368.7388884346,0.0
35949,0.0,1944.491455,420.718658,1676.701294,-0.9240908362,0.3737783947,0.079660769,0.1384955455,1202.6742254959,2368.634557869,0.0
35950,0.0,1943.0097655,422.320251,1676.701294,-0.9235079288,0.3752410778,0.0795282484,0.1396216906,1207.1401655888,2368.5619713281,0.0
35951,0.0,1940.300415,425.158966,1676.701294,-0.9223993449,0.3779891097,0.0793957277,0.1417341458,1215.2841107158,2368.0270063524,0.0
35952,0.0,1938.297119,427.0070495,1676.701294,-0.9218041493,0.3794820279,0.0791698602,0.1429389655,1219.9773329112,2367.9247776618,0.0
35953,0.0,1936.293823,428.855133,1676.701294,-0.9212089537,0.3809749462,0.0789439928,0.1441437853,1224.6705551065,2367.8225489712,0.0
35954,0.0,1931.244385,433.190491,1676.701294,-0.9204991185,0.3827904693,0.0784399737,0.1461162308,1231.6140549921,2366.3781955816,0.0
35955,0.0,1928.148071,435.568787,1676.701294,-0.9200698634,0.3838210706,0.0784399911,0.1472254494,1235.6515442104,2365.8831086507,0.0
35956,0.0,1925.450317,437.577576,1676.701294,-0.9194448187,0.3853159724,0.0784399563,0.1485148193,1240.4236493589,2365.5112725043,0.0
35957,0.0,1922.045044,440.006439,1676.701294,-0.9187217189,0.3870369187,0.0784399563,,,,
35958,0.0,1917.70166,443.021667,1676.701294,-0.9169700454,0.3911688975,0.0784399737,,,,
35959,0.0,1914.699463,445.000061,1676.701294,-0.9155636479,0.3944494574,0.0784399911,,,,
35960,0.0,1911.480591,447.061462,1676.701294,-0.9144195274,0.3970945711,0.0784399737,,,,
35961,0.0,1908.025024,449.206665,1676.701294,-0.9132106907,0.3998667305,0.0784399911,,,,
35962,0.0,1907.493103,449.5294035,1676.701294,-0.9130701678,0.4001873486,0.0784399911,,,,
35963,0.0,1902.417358,452.535156,1676.701294,-0.9122103501,0.4021435626,0.0784399911,,,,
35964,0.0,1898.462891,454.824921,1676.701294,-0.911718844,0.4032566394,0.0784399911,,,,
35965,0.0,1895.6604,456.388397,1676.701294,-0.911625171,0.4034683608,0.0784399737,,,,
35966,0.0,1891.209961,458.838745,1676.701294,-0.911625171,0.4034683608,0.0784399737,,,,
35967,0.0,1888.858154,460.120483,1676.701294,-0.911625171,0.4034683608,0.0784399737,,,,
35968,0.0,1885.942993,461.663788,1676.701294,-0.911625171,0.4034683608,0.0784399737,,,,
35969,0.0,1881.734619,463.872589,1676.701294,-0.911625171,0.4034683608,0.0784399737,,,,
35970,0.0,1878.106689,465.760132,1676.701294,-0.911625171,0.4034683608,0.0784399737,,,,
35971,0.0,1875.420776,467.273163,1676.701294,-0.911625171,0.4034683608,0.0784399737,,,,
35972,0.0,1871.432983,469.833282,1676.701294,-0.911625171,0.4034683608,0.0784399737,0.001509277,118.4747698529,2157.1995895751,1.0
35973,0.0,1868.257812,472.07132,1676.701294,-0.911625171,0.4034683608,0.0784399737,0.0014890662,117.4635726558,2153.242448323,1.0
35974,0.0,1865.482544,474.320953,1676.701294,-0.9119089347,0.4028265912,0.0784399911,0.0014903217,117.3181603843,2149.6715145688,1.0
35975,0.0,1862.097046,477.298859,1676.701294,-0.9123731684,0.4017740345,0.0784399563,0.0014993542,117.42832995,2145.2040824553,1.0
35976,0.0,1859.36853,479.906128,1676.701294,-0.9134859639,0.3992374786,0.0784399737,0.0015233285,118.2238394184,2142.6870284892,1.0
35977,0.0,1858.506226,480.76709,1676.701294,-0.9140677693,0.3978660257,0.0786303925,0.0015571045,119.4937375282,2142.1032417548,1.0
35978,0.0,1855.129395,484.397705,1676.701294,-0.915649976,0.3940941021,0.079214646,0.0016299055,122.0608524693,2138.7362083139,1.0
35979,0.0,1852.322144,487.510406,1676.701294,-0.9177566819,0.3891259323,0.0793957277,0.0017565944,126.5439890762,2135.903262321,1.0
35980,0.0,1850.118774,490.161438,1676.701294,-0.9205415163,0.382367657,0.0799893226,0.0019978158,134.8123914309,2133.8019554804,1.0
35981,0.0,1845.776489,495.533722,1676.701294,-0.9296425259,0.3595948069,0.0803514087,0.0030982057,167.4899826817,2129.3907450232,1.0
35982,0.0,1844.0197755,497.8908235,1676.701294,-0.9322364038,0.3527395892,0.0803514,0.0034841233,177.1483146708,2127.3940535883,1.0
35983,0.0,1842.263062,500.247925,1676.701294,-0.9348302816,0.3458843715,0.0803513913,0.003870041,186.8066466598,2125.3973621533,1.0
35984,0.0,1838.861328,504.957489,1676.701294,-0.9416592317,0.3268356505,0.0803514087,0.1277605113,1139.3399412026,2329.5621496091,0.0
35985,0.0,1836.322632,508.601288,1676.701294,-0.946501015,0.312537161,0.0803514261,0.1211886842,1111.4773650169,2329.313824344,0.0
35986,0.0,1834.086548,511.913177,1676.701294,-0.949844067,0.3022249156,0.0803514087,0.1166883609,1091.6038664623,2328.5748382977,0.0
35987,0.0,1831.959473,515.092102,1676.701294,-0.953402987,0.2909806982,0.0797055683,0.111800877,1069.6394268428,2328.0424854966,0.0
35988,0.0,1830.214722,517.724182,1676.701294,-0.9563500572,0.2812310199,0.0793957277,0.1076730564,1050.5559000122,2327.3813996653,0.0
35989,0.0,1828.669617,520.1243895,1676.701294,-0.9580111903,0.2754537002,0.0793957277,0.1054472184,1039.9959109217,2326.9490234913,0.0
35990,0.0,1827.124512,522.524597,1676.701294,-0.9596723234,0.2696763804,0.0793957277,0.1032213805,1029.4359218312,2326.5166473172,0.0
35991,0.0,1824.941528,525.484985,1676.701294,-0.9621214192,0.2608039361,0.0793957277,0.0997504507,1012.5648572535,2325.734300112,0.0
35992,0.0,1820.066528,531.183533,1676.701294,-0.9661784731,0.2453476647,0.0793957277,0.0939301495,983.2055947359,2323.6591784057,0.0
35993,0.0,1818.739685,532.4859925,1676.701294,-0.9669335648,0.2423347938,0.0793957277,0.0928670382,977.5638659172,2322.902119236,0.0
35994,0.0,1814.759399,536.213379,1676.701294,-0.9690647816,0.2339722868,0.0785520087,0.0899325457,961.8347423473,2320.6928504537,0.0
35995,0.0,1812.595703,538.003601,1676.701294,-0.9697631783,0.2310985749,0.0784399563,0.0890074463,956.5428364546,2319.3257821264,0.0
35996,0.0,1809.706055,540.281616,1676.701294,-0.9703390931,0.2286683573,0.0784399563,0.0884173186,952.658299571,2317.2449356271,0.0
35997,0.0,1806.713013,542.543152,1676.701294,-0.9709380174,0.2262203307,0.0781263609,0.0878358878,948.8555837059,2315.2694351584,0.0
35998,0.0,1803.366821,544.741333,1676.701294,-0.9715563923,0.2237284102,0.0776129826,0.0872408919,944.842488112,2312.9658830714,0.0
35999,0.0,1800.670776,546.5,1676.701294,-0.9717739184,0.2228265149,0.077484165,0.0872625533,944.2890668121,2311.337274419,0.0
36000,0.0,1796.159302,549.126404,1676.701294,-0.971922179,0.2221789416,0.077484165,0.0876255008,944.9804113829,2308.4532170012,0.0
36001,0.0,1793.142334,550.789612,1676.701294,-0.9720290458,0.221710934,0.077484165,0.087842767,945.25604791,2306.4001668638,0.0
36002,0.0,1790.174805,552.305237,1676.701294,-0.972131679,0.2212604866,0.077484165,0.0880543228,945.5883381068,2304.5651612607,0.0
36003,0.0,1786.976074,553.917358,1676.701294,-0.9721576578,0.2211463148,0.077484165,0.0884232519,946.6208944066,2302.4858784902,0.0
36004,0.0,1784.256226,555.177185,1676.701294,-0.9721576578,0.2211463148,0.077484165,0.0887571913,947.5875914875,2300.6982259846,0.0
36005,0.0,1780.37085,556.921204,1676.701294,-0.9721576578,0.2211463148,0.077484165,0.0892451697,949.0249208497,2298.1732955195,0.0
36006,0.0,1775.74646,558.912415,1676.701294,-0.9721576578,0.2211463148,0.077484165,0.0897935152,950.5372050866,2295.1257002467,0.0
36007,0.0,1773.142212,559.959839,1676.701294,-0.9722412209,0.2207786504,0.077484165,0.0899753977,950.8117165806,2293.5761116288,0.0
36008,0.0,1769.693726,561.311646,1676.701294,-0.9723296304,0.2203889609,0.077484165,0.0902073992,950.9939157888,2291.2029214383,0.0
36009,0.0,1764.944092,563.108887,1676.701294,-0.972556082,0.2193874916,0.077484165,0.0903060588,950.1508291837,2287.979991352,0.0
36010,0.0,1762.026855,564.159424,1676.701294,-0.972725055,0.2186370772,0.077484165,0.0903434625,949.564263629,2286.1165319141,0.0
36011,0.0,1758.536987,565.375061,1676.701294,-0.9731015151,0.2171717987,0.0768755569,0.0900591725,947.1759102988,2283.7928650762,0.0
36012,0.0,1755.292236,566.463623,1676.701294,-0.9734837704,0.2155754524,0.0765282502,0.0897008916,944.5421776698,2281.772224317,0.0
36013,0.0,1751.049561,567.85022,1676.701294,-0.9737975744,0.2141534751,0.0765282502,0.0895427847,942.5610032323,2278.9012751174,0.0
36014,0.0,1747.299438,569.045105,1676.701294,-0.9743249148,0.2118550928,0.0762127287,0.0889734045,938.6832612689,2276.4368316114,0.0
36015,0.0,1743.478516,570.19342,1676.701294,-0.9749783299,0.2090045882,0.075725414,0.0881188684,933.3704911763,2273.9932285461,0.0
36016,0.0,1739.746826,571.312012,1676.701294,-0.9754745722,0.2068499538,0.0752492892,0.0875711124,929.5615763899,2271.4599448171,0.0
36017,0.0,1736.119629,572.352417,1676.701294,-0.9758895541,0.2050520092,0.0747880454,0.0872471804,926.7639208114,2268.6316802069,0.0
36018,0.0,1732.278809,573.434875,1676.701294,-0.9765575309,0.2019103817,0.0746162628,0.0864094257,921.2584753494,2265.5644706806,0.0
36019,0.0,1728.762695,574.377258,1676.701294,-0.9772711673,0.1984275156,0.0746162628,0.0854283744,915.2153566016,2263.0097151491,0.0
36020,0.0,1723.624146,575.741272,1676.701294,-0.9781796827,0.1942446432,0.0737124616,0.084354275,908.1142597578,2259.0682367069,0.0
36021,0.0,1721.989502,576.15979,1676.701294,-0.9785649443,0.1923144068,0.073660157,0.0838051407,904.8096406235,2257.8862260048,0.0
36022,0.0,1717.489502,577.282227,1676.701294,-0.97967928,0.1867662424,0.0731223569,0.082059118,894.3714019479,2254.4306146581,0.0
36023,0.0,1710.269531,579.049866,1676.701294,-0.9806641583,0.1816918736,0.072704001,0.0809874852,886.7124433483,2249.2355688334,0.0
36024,0.0,1707.9199215,579.6098025,1676.701294,-0.9808556386,0.1806522266,0.072704001,0.0808490701,885.2452615464,2247.3535762954,0.0
36025,0.0,1705.570312,580.169739,1676.701294,-0.9810471189,0.1796125796,0.072704001,0.080710655,883.7780797444,2245.4715837574,0.0
36026,0.0,1698.130615,581.876587,1676.701294,-0.9818451046,0.1751979492,0.0727039836,0.0799431342,877.6267683412,2240.0733025277,0.0
36027,0.0,1694.358521,582.722534,1676.701294,-0.9822851393,0.1729204464,0.0722109707,0.0794400186,873.7609955511,2236.9642717352,0.0
36028,0.0,1690.682617,583.515564,1676.701294,-0.9827539638,0.1704315124,0.0717477955,0.0789458614,870.2179656647,2234.5679172403,0.0
36029,0.0,1687.291626,584.247803,1676.701294,-0.9829365846,0.1693751076,0.0717477781,0.0789588522,869.3058179231,2232.0495902951,0.0
36030,0.0,1683.385742,585.083374,1676.701294,-0.9830107369,0.1689442143,0.0717477781,0.079242543,869.5836795021,2228.9273549658,0.0
36031,0.0,1678.747681,586.068848,1676.701294,-0.9830473829,0.1687308487,0.0717477781,0.0797527605,870.9493493492,2225.5710441734,0.0
36032,0.0,1675.955322,586.646973,1676.701294,-0.9830473829,0.1687308487,0.0717477781,0.08011475,872.0190393165,2223.4741790418,0.0
36033,0.0,1671.622192,587.535461,1676.701294,-0.9830473829,0.1687308487,0.0717477781,0.0806180295,873.2925796716,2220.0511207974,0.0
36034,0.0,1667.450928,588.384888,1676.701294,-0.9830473829,0.1687308487,0.0717477781,0.0810545557,874.1574165225,2216.5096066513,0.0
36035,0.0,1664.321411,588.999146,1676.701294,-0.983223047,0.16783412,0.0714433208,0.0811179432,873.5990193455,2214.2646754498,0.0
36036,0.0,1659.632935,589.910156,1676.701294,-0.9835215483,0.1662991377,0.0709222167,0.0810353407,871.6764776909,2210.4699082754,0.0
36037,0.0,1656.003662,590.614685,1676.701294,-0.9836481366,0.1656046897,0.0707914545,0.0811788246,871.2441877992,2207.5028004356,0.0
36038,0.0,1650.938843,588.19281,1679.127319,-0.9837496497,0.1650005886,0.0707914719,0.0807365368,867.6804851966,2204.2328677948,0.0
36039,0.0,1647.459961,589.284302,1679.241211,-0.9840177484,0.1633941122,0.0707914893,0.0806134875,865.993190091,2201.5543046053,0.0
36040,0.0,1644.810669,589.754089,1679.23877,-0.9843627516,0.1614481425,0.0704589987,0.080186556,862.9852489726,2199.4954988111,0.0
36041,0.0,1639.503174,591.117554,1678.968872,-0.9848852401,0.1584952117,0.0698593711,0.0796451137,858.4978633405,2195.173761378,0.0
36042,0.0,1636.237305,591.759949,1678.870483,-0.9855248708,0.1548046885,0.0691103278,0.0785554318,851.8076633746,2192.4994996903,0.0
36043,0.0,1632.619141,592.361023,1678.775879,-0.9866722614,0.1478129724,0.0680380319,0.0762490034,838.6048041246,2189.6052782108,0.0
36044,0.0,1629.228516,592.873108,1678.134888,-0.9874651244,0.1427640281,0.0673131519,0.0746275933,828.9136623377,2186.7654729544,0.0
36045,0.0,1624.755981,593.553162,1677.663574,-0.9885355105,0.1356823897,0.0662407249,0.072396102,815.5157228264,2183.060888555,0.0
36046,0.0,1620.688965,594.167297,1677.541382,-0.9894684527,0.1292149957,0.0652354652,0.0703975159,803.3558354514,2179.6931568411,0.0
36047,0.0,1616.704834,594.753479,1677.257324,-0.9903568113,0.1227219128,0.0642862227,0.0684000778,791.079966615,2176.3738495541,0.0
36048,0.0,1613.513672,595.202637,1676.822021,-0.9914836439,0.1137961538,0.0633294496,0.0655114452,773.8544670851,2173.7901741649,0.0
36049,0.0,1608.859863,595.676697,1676.040283,-0.9926673434,0.103586005,0.0623015648,0.0623032122,753.9154928312,2169.8241532098,0.0
36050,0.0,1605.255493,596.183899,1676.069092,-0.9934912023,0.095907737,0.0614567894,0.0599939755,739.2175448121,2166.7904163673,0.0
36051,0.0,1600.676758,596.622253,1675.984741,-0.99490229,0.0815466613,0.0593260088,0.0555499581,710.8556126497,2162.9233762659,0.0
36052,0.0,1598.057373,596.907288,1675.973022,-0.9956390444,0.0725294396,0.0586717445,0.0528537374,693.1577680237,2160.7024062419,0.0
36053,0.0,1593.494751,597.196472,1676.079224,-0.9967699336,0.0556769066,0.0578772965,0.0479836265,660.0928037838,2156.8340755506,0.0
36054,0.0,1590.275391,597.435669,1676.123779,-0.9972573238,0.0465659985,0.0575277146,0.0454939965,642.3132779691,2154.0280316641,0.0
36055,0.0,1586.096069,597.54126,1676.604736,-0.998275679,0.0122991695,0.0573968569,0.0361994095,573.3346040987,2150.3478480381,0.0
36056,0.0,1582.285278,597.422668,1677.336548,-0.9980373905,-0.0266960065,0.0566453038,0.026839209,494.0754203309,2146.975823498,0.0
36057,0.0,1578.020264,597.265076,1677.863037,-0.9964991404,-0.0616768126,0.0564396495,0.0196858535,423.1590430087,2143.1839905172,0.0
36058,0.0,1573.9375,597.522339,1677.709717,-0.9906222888,-0.1248283902,0.0555459617,0.00949451,294.1459357423,2139.6605685859,0.0
36059,0.0,1571.08728,597.034058,1678.154785,-0.984739694,-0.1649528224,0.0554824426,0.0049945247,213.3130036639,2136.9688983852,0.0
36060,0.0,1567.40918,596.872314,1678.154785,-0.9722620111,-0.2275732283,0.0540093284,0.0011102029,100.518386788,2133.7812774699,0.0
36061,0.0,1562.140625,596.244019,1678.107788,-0.9532030181,-0.2978780681,0.051697804,0.0014908135,116.2041341364,2128.9077979574,0.0
36062,0.0,1558.943481,595.880005,1678.095459,-0.9314919151,-0.3606803942,0.0472489725,0.0063079561,238.411303856,2125.9521002671,0.0
36063,0.0,1555.047119,595.299927,1678.036987,-0.9038889094,-0.4257262485,0.0417372829,0.0161469316,379.8565088084,2122.3637416604,0.0
36064,0.0,1553.385376,594.82373,1677.395264,-0.8955979238,-0.4430485685,0.040153766,0.0196650039,418.5069337534,2120.7345313096,0.0
36065,0.0,1547.525757,593.997559,1676.93689,-0.857746372,-0.5129022782,0.034675846,0.0379916323,577.4827996337,2115.1669364581,0.0
36066,0.0,1542.958252,593.157043,1676.933594,-0.8203589453,-0.5710253681,0.0306794697,0.0588930776,713.6577747848,2110.7322576255,0.0
36067,0.0,1539.224487,592.442322,1676.617432,-0.8044999021,-0.5931700309,0.0304831423,0.0682778996,765.2537661603,2107.1384656855,0.0
36068,0.0,1532.572998,591.664795,1676.308716,-0.8032336812,-0.5948835444,0.0304831423,0.0687461241,765.4426094763,2100.7232453157,0.0
36069,0.0,1530.0009765,591.500641,1676.350464,-0.8032336812,-0.5948835444,0.0304831423,0.0686271827,763.9015333982,2098.243977781,0.0
36070,0.0,1524.535522,591.039734,1676.241333,-0.8032336812,-0.5948835444,0.0304831423,0.0684062868,760.7824236648,2092.9293599509,0.0
36071,0.0,1520.630981,591.147156,1676.775635,-0.8032336812,-0.5948835444,0.0304831423,0.0681851387,758.2520729629,2089.2287359744,0.0
36072,0.0,1516.932983,590.962585,1676.728516,-0.8032336812,-0.5948835444,0.0304831423,0.0680403315,756.1680134693,2085.624231072,0.0
36073,0.0,1513.448242,590.991089,1676.939331,-0.8032336812,-0.5948835444,0.0304831423,0.0678773105,754.0773956388,2082.266246975,0.0
36074,0.0,1508.411011,591.363342,1677.561157,-0.8032336812,-0.5948835444,0.0304831423,0.0675870591,750.7959341813,2077.4958688646,0.0
36075,0.0,1506.666687,591.4662475,1677.651611,-0.8032336812,-0.5948835444,0.0304831423,0.067489886,749.676983606,2075.8397410482,0.0
36076,0.0,1501.380127,591.755432,1677.799927,-0.8032336812,-0.5948835444,0.0304831423,0.0671979983,746.3003487028,2070.8173396188,0.0
36077,0.0,1497.373901,591.987732,1677.806274,-0.8032336812,-0.5948835444,0.0304831423,0.0669733281,743.7278660982,2067.0176747645,0.0
36078,0.0,1496.404663,592.133606,1677.719116,-0.8032336812,-0.5948835444,0.0304831423,0.0669032861,743.0309470989,2066.1240183666,0.0
36079,0.0,1489.06958,592.702026,1677.42688,-0.8032336812,-0.5948835444,0.0304831423,0.0664645526,738.1973629973,2059.213502551,0.0
36080,0.0,1485.055054,592.83844,1677.309814,-0.8032336812,-0.5948835444,0.0304831423,0.0662533415,735.6934221416,2055.3850417874,0.0
36081,0.0,1481.839111,593.144775,1677.079956,-0.8032336812,-0.5948835444,0.0304831423,0.0660503751,733.5282242213,2052.374481796,0.0
36082,0.0,1477.488892,593.732544,1676.281006,-0.8058650588,-0.5913587256,0.0296034573,0.0641691627,721.9411342667,2048.3534573052,0.0
36083,0.0,1474.506226,594.077148,1675.981079,-0.8420750123,-0.538727696,0.0261178717,0.0433879312,596.0085899829,2045.5763016955,0.0
36084,0.0,1470.006226,594.543518,1675.733521,-0.8792811838,-0.4757898573,0.0221045573,0.0244576858,448.7167523396,2041.3686202937,0.0
36085,0.0,1467.503418,594.925293,1675.226196,-0.8952297583,-0.4450110972,0.0229957226,0.0173304482,377.9745494934,2039.0716779072,0.0
36086,0.0,1463.801636,595.469482,1674.948242,-0.9223588351,-0.3855112437,0.0252043706,0.0072356213,244.4395789101,2035.6618438809,0.0
36087,0.0,1459.266235,596.329102,1674.977661,-0.9449076365,-0.3262021785,0.0272341184,0.0015821915,114.2342536198,2031.532038648,0.0
36088,0.0,1455.262207,597.307373,1674.95813,-0.9655906714,-0.2585106942,0.0284055661,0.0001662148,36.9733626049,2027.9494285341,0.0
36089,0.0,1452.120361,598.106628,1675.09729,-0.9745017678,-0.2222774085,0.0306440562,0.0015266284,111.8593275119,2025.1460615691,0.0
36090,0.0,1447.833374,599.235107,1675.373291,-0.9806276147,-0.1930667211,0.0330865897,0.0037125172,174.01369678,2021.3320191362,0.0
36091,0.0,1444.471191,600.08844,1676.114014,-0.9805862993,-0.1931122944,0.0340316241,0.0038006952,175.8019713385,2018.321154802,0.0
36092,0.0,1440.438965,601.37439,1676.484497,-0.9750942314,-0.2187435175,0.036640325,0.0020080017,127.6173541941,2014.7948019657,0.0
36093,0.0,1439.8895875,601.567322,1676.484253,-0.9735078338,-0.2255379634,0.0369640193,0.0016454619,114.7978580614,2014.3342922837,0.0
36094,0.0,1439.34021,601.760254,1676.484009,-0.9719214361,-0.2323324094,0.0372877136,0.001282922,101.9783619288,2013.8737826017,0.0
36095,0.0,1430.88623,603.289917,1677.157593,-0.8754935992,-0.4822614657,0.0305750957,0.0240628102,437.4475467871,2006.1631303768,0.0
36096,0.0,1425.493164,603.996216,1677.176636,-0.8216969414,-0.5694666507,0.0228444772,0.0510798395,631.4074767534,2001.1882039408,0.0
36097,0.0,1422.42334,604.008972,1677.375854,-0.761478263,-0.6479927883,0.0160062895,0.0867583917,814.1330822761,1998.2726662424,0.0
36098,0.0,1419.384399,603.274963,1677.651611,-0.6761159971,-0.7367560836,0.0075915508,0.0613816207,378.3531149786,1096.8114491762,2.0
36099,0.0,1416.63501,602.086975,1677.995972,-0.577804525,-0.8161687295,0.0032458878,0.0258306459,246.5295965927,1091.7148779934,2.0
36100,0.0,1415.185181,600.881348,1678.108398,-0.5107017347,-0.8597557404,0.0019506311,0.0110536125,161.2008446536,1087.1855125424,2.0
36101,0.0,1413.300293,599.027771,1678.333984,-0.4437445423,-0.8961528088,0.0009614843,0.0027298422,79.8737361074,1081.7248890214,2.0
36102,0.0,1411.103271,596.811768,1678.720215,-0.4096431361,-0.9122445834,0.0015234973,0.0007427877,41.3851715911,1073.9352030034,2.0
36103,0.0,1410.6434325,595.9375,1678.713623,-0.40687163,-0.913477718,0.0020983638,0.0006601011,38.8466226163,1071.257667855,2.0
36104,0.0,1410.183594,595.063232,1678.707031,-0.4041001239,-0.9147108525,0.0026732304,0.0005774144,36.3080736416,1068.5801327067,2.0
36105,0.0,1409.991943,593.986755,1678.547485,-0.4040996785,-0.9147095421,0.0031469805,0.0006064956,37.0736623412,1064.6393604004,2.0
36106,0.0,1409.807739,592.565918,1678.347412,-0.4040991693,-0.914708044,0.0036132426,0.0006026946,20.0244737687,576.8499991399,3.0
36107,0.0,1409.983765,591.20343,1678.081787,-0.4015386352,-0.9158348386,0.0036431922,0.0005632086,35.4741915964,1057.1193261684,2.0
36108,0.0,1410.328125,590.349182,1677.967163,-0.3985955701,-0.9171161228,0.0044259136,0.0004753798,32.5192962012,1054.7690808711,2.0
36109,0.0,1411.924561,588.224243,1677.450806,-0.3919584725,-0.9199645781,0.0058078297,0.000134218,9.3788243792,572.4565846729,3.0
36110,0.0,1413.1326295,587.1344605,1677.232666,-0.39099064,-0.9203734666,0.0061467488,7.54195e-05,6.3455427097,573.473343751,3.0
36111,0.0,1414.340698,586.044678,1677.014526,-0.3900228076,-0.9207823552,0.0064856678,1.6621e-05,3.3122610403,574.4901028292,3.0
36112,0.0,1417.634888,583.236206,1676.64978,-0.3865698522,-0.9222215406,0.0084367866,0.0001700764,19.1724179212,1039.5810944424,2.0
36113,0.0,1419.583862,581.832825,1676.526733,-0.3857246007,-0.9225685729,0.0091520821,0.0001596668,18.5231250774,1036.5954672022,2.0
36114,0.0,1420.56543,581.254639,1676.328857,-0.3853813653,-0.9227082524,0.0095228263,0.0001683196,18.9761417121,1034.2934855186,2.0
36115,0.0,1419.46936,583.134155,1676.671631,-0.3853813653,-0.9227082524,0.0095228263,0.0002322094,22.2700947116,1033.4569452519,2.0
36116,0.0,1423.380737,580.574829,1676.674194,-0.384095481,-0.9232416284,0.0097753287,0.0001721698,19.1214651344,1030.4961185513,2.0
36117,0.0,1425.701172,579.023438,1676.675781,-0.3836404858,-0.9234294773,0.0098983859,0.0001520428,17.9327085802,1028.4057292602,2.0
36118,0.0,1429.056885,576.795227,1676.678101,-0.38303504,-0.9236790095,0.0100620897,0.0001318818,16.64403179,1024.8620187696,2.0
36119,0.0,1431.807983,574.966858,1676.680054,-0.382532393,-0.923885799,0.010197974,0.0001116226,15.2734523396,1022.2526236967,2.0
36120,0.0,1434.312744,573.285156,1676.681763,-0.3820213773,-0.9240956848,0.0103359874,0.0001375314,16.8704055437,1017.2424356937,2.0
36121,0.0,1436.759277,571.957947,1676.68103,-0.381954242,-0.9241232319,0.0103541902,0.0001235681,15.9571017628,1015.0774995486,2.0
36122,0.0,1438.00061,571.738708,1676.679321,-0.381954242,-0.9241232319,0.0103541902,0.0001251169,16.0342210347,1013.6511988441,2.0
36123,0.0,1438.4265745,571.633728,1676.679199,-0.381954242,-0.9241232319,0.0103541902,0.003631447,43.1080138539,801.0471093902,2.5
36124,0.0,1441.478149,571.414368,1676.678345,-0.3816529805,-0.9242476904,0.0103541902,0.0086057167,77.3218583789,590.6498980489,3.0
36125,0.0,1443.67334,571.756592,1676.675293,-0.3811911622,-0.9244382557,0.0103541902,0.0097616499,82.6104982076,592.6811060283,3.0
36126,0.0,1445.918335,572.419739,1676.668701,-0.3810645455,-0.9244800896,0.0112417082,0.0110329834,88.1503631727,595.0642125896,3.0
36127,0.0,1447.522705,573.182434,1676.661255,-0.3810605849,-0.9244708473,0.0121030218,0.0119691155,92.0929454043,597.0129768687,3.0
36128,0.0,1448.814087,573.795654,1676.655273,-0.3810553763,-0.9244578446,0.0132096115,0.0001676647,18.4377123422,1006.9072415666,2.0
36129,0.0,1451.651245,575.132446,1676.6427,-0.3810458564,-0.9244344284,0.0150014323,0.0001947411,19.8606695776,1006.4013750654,2.0
36130,0.0,1453.615479,575.859375,1676.635376,-0.3810404807,-0.9244220736,0.0158739406,0.0002115051,20.6793890845,1005.507438379,2.0
36131,0.0,1455.67688,576.394592,1676.630127,-0.3798045266,-0.9249025129,0.0174316751,0.0002259,21.3462168781,1004.3204151508,2.0
36132,0.0,1457.639893,576.741333,1676.626343,-0.3789621745,-0.9252366351,0.0180233011,0.0002316776,21.5801414494,1002.5877756093,2.0
36133,0.0,1461.203369,577.159424,1676.621582,-0.3783961013,-0.9254682875,0.0180233011,0.0002112319,20.5935587696,1001.981328205,2.0
36134,0.0,1463.44812,577.277405,1676.619873,-0.3783638799,-0.9254739072,0.0184071051,0.0002127548,20.646731115,1000.9669584614,2.0
36135,0.0,1465.649536,577.22229,1676.619751,-0.3783610251,-0.925467247,0.0187965254,0.0002145696,20.7118086609,999.8670186931,2.0
36136,0.0,1469.187622,577.057739,1676.619629,-0.3775598525,-0.9257541905,0.020681794,0.0002414272,21.9282472699,997.9805371605,2.0
36137,0.0,1471.484253,576.845276,1676.619751,-0.3725089973,-0.9276951397,0.0248751826,0.0003363304,25.853844238,996.9275286375,2.0
36138,0.0,1472.502441,576.734985,1676.619629,-0.3700950679,-0.9286054125,0.0268631449,0.0004019969,28.2413170856,996.0984363829,2.0
36139,0.0,1476.921753,576.121277,1676.619629,-0.3659652661,-0.93010354,0.0312542625,0.0005891561,34.0634395987,992.48120297,2.0
36140,0.0,1480.793579,575.49176,1676.619629,-0.3640596394,-0.9307501246,0.0341289394,0.0007466073,38.2468951217,989.9565715506,2.0
36141,0.0,1483.491821,574.970947,1676.632935,-0.363196336,-0.931019465,0.0359329555,0.0008588237,40.949577579,988.2701507144,2.0
36142,0.0,1486.283081,574.38446,1676.636353,-0.3630427528,-0.93103729,0.037007084,0.0009324216,42.5577281606,985.7312540049,2.0
36143,0.0,1488.920654,573.787476,1676.635864,-0.363011573,-0.9309573281,0.0392562232,0.0010551058,45.1692426777,983.5453540957,2.0
36144,0.0,1491.597656,573.143677,1676.635864,-0.3629816345,-0.9308809336,0.0412918927,0.0011828692,47.732929265,981.6647281212,2.0
36145,0.0,1495.126709,572.317261,1676.653442,-0.3629332608,-0.9307564935,0.0444049311,0.0013826652,51.4624334409,978.9645760663,2.0
36146,0.0,1497.169678,571.737915,1676.663818,-0.3626068795,-0.9308458851,0.045190587,0.00146588,52.8734764245,976.8612323819,2.0
36147,0.0,1501.086914,570.435425,1676.672974,-0.3620392965,-0.9310375383,0.0457891905,0.0016067555,55.1691604932,973.6009802434,2.0
36148,0.0,1503.13269,569.611023,1676.680054,-0.3620064982,-0.9310152488,0.0464962549,0.0016954642,56.5417352042,971.3907868825,2.0
36149,0.0,1508.221069,566.89325,1676.696411,-0.3631957628,-0.9304207727,0.0490512357,0.001933696,59.985227485,965.0398857778,2.0
36150,0.0,1509.4736325,566.064301,1676.6956785,-0.365329633,-0.9295203314,0.0501950245,0.0019504646,60.1148196772,962.9802967875,2.0
36151,0.0,1512.52771,563.936157,1676.694946,-0.372783984,-0.9263723854,0.0535378825,0.0685401768,234.6563640981,644.9363980933,3.0
36152,0.0,1514.673218,562.202759,1676.695068,-0.3828098757,-0.9220500802,0.057273456,0.0675159838,233.3804380303,646.1051388464,3.0
36153,0.0,1516.608398,560.50769,1676.694946,-0.390456079,-0.9186611695,0.0600475308,0.0669623651,232.6848061306,646.7441046991,3.0
36154,0.0,1519.073486,558.182251,1676.694946,-0.4034100798,-0.9127421478,0.0645141772,0.0653330052,230.1418688785,647.3307036024,3.0
36155,0.0,1520.503174,556.682068,1676.694946,-0.4128018062,-0.9083148687,0.0675186496,0.0638189861,227.5832104731,647.4292122295,3.0
36156,0.0,1521.310608,555.726471,1676.694946,-0.4185346503,-0.9055705144,0.0687665309,0.0628363477,225.8367009497,647.3207068152,3.0
36157,0.0,1523.592407,552.625488,1676.694946,-0.4350309243,-0.8975813135,0.0713854368,0.0601632991,220.8810430471,646.561792644,3.0
36158,0.0,1524.866577,550.305054,1676.694946,-0.4470156637,-0.8915897709,0.0724201404,0.0580192209,216.6341564453,645.3844875914,3.0
36159,0.0,1525.70166,548.362,1676.694946,-0.459737326,-0.8851663939,0.0715684713,0.0550439697,210.7497612015,644.1059690442,3.0
36160,0.0,1526.475098,545.947815,1676.694946,-0.4732851465,-0.8781231082,0.0700069778,0.0521608616,204.6438370295,642.0217601588,3.0
36161,0.0,1527.228394,542.962585,1676.694946,-0.483511418,-0.8726221108,0.0689010915,0.0506505633,200.8917403928,639.3300132497,3.0
36162,0.0,1527.546631,540.831726,1676.694946,-0.4917769327,-0.8680586213,0.0680417408,0.0492351637,197.4075375751,636.9767471289,3.0
36163,0.0,1527.701538,538.963562,1676.694946,-0.4991518368,-0.8638992515,0.0672720381,0.047929765,194.1447049288,634.7097662681,3.0
36164,0.0,1527.771851,536.003113,1676.694946,-0.5088622236,-0.8582393855,0.0669656225,0.0464816016,190.0865832006,630.815228802,3.0
36165,0.0,1527.718872,534.069763,1676.692017,-0.5124102181,-0.8561781378,0.066293022,0.0464253366,189.1582293553,628.1056534517,3.0
36166,0.0,1527.521729,531.546753,1676.68457,-0.5147036378,-0.8548548581,0.0655998234,0.0471143959,189.4052935273,624.4201322137,3.0
36167,0.0,1527.257935,529.20697,1676.675415,-0.5157153182,-0.8542746712,0.0652111697,0.0481368078,190.3248609498,620.9150559925,3.0
36168,0.0,1526.737183,525.799255,1676.662964,-0.5169693611,-0.8536000217,0.0641068072,0.0496631523,191.6066223381,615.6566303048,3.0
36169,0.0,1526.667664,525.3461605,1676.661316,-0.5175476402,-0.8532742704,0.0637723078,0.0286169932,149.6798862658,746.4970402217,2.5
36170,0.0,1526.598145,524.893066,1676.659668,-0.5327402152,-0.8443301877,0.0573968395,0.0443664371,180.9304066827,614.2434605812,3.0
36171,0.0,1526.09314,520.335144,1676.642822,-0.5248728222,-0.8490557287,0.0601073223,0.0500399022,189.6461504741,607.1177679755,3.0
36172,0.0,1525.842041,515.421936,1676.624878,-0.5292925965,-0.8464256039,0.0584212663,0.008321405,110.1270302856,855.4329430058,2.0
36173,0.0,1525.795898,513.021179,1676.616089,-0.5307331934,-0.8455779533,0.0576211962,0.0083464914,109.6673999823,850.5868773831,2.0
36174,0.0,1525.827271,509.766144,1676.604248,-0.5319145041,-0.8448506147,0.0573968569,0.0083528965,107.8782189155,836.3903698782,2.0
36175,0.0,1525.891846,507.541443,1676.675049,-0.532556941,-0.8444457978,0.0573968569,0.008242848,106.9388899892,834.6008727179,2.0
36176,0.0,1526.000122,505.013062,1676.708496,-0.533300307,-0.8440197688,0.0567574873,0.0080543953,105.6704246991,834.2538995106,2.0
36177,0.0,1526.199585,501.870056,1676.701294,-0.5335786304,-0.8438651606,0.056439667,0.0077942523,103.2268868294,828.3969749797,2.0
36178,0.0,1526.401123,499.187561,1676.701294,-0.5335786304,-0.8438651606,0.056439667,0.0075665018,101.1392170017,823.720925687,2.0
36179,0.0,1526.653564,496.392334,1676.701294,-0.5304988019,-0.8458952717,0.0550655109,0.0068315849,95.4085920387,817.6261156072,2.0
36180,0.0,1526.906738,494.029175,1676.701416,-0.5277513977,-0.8476906439,0.0538426829,0.0062225132,90.5634039328,813.0766355282,2.0
36181,0.0,1527.263794,490.779144,1676.701294,-0.5244026359,-0.8498592328,0.0523560872,0.0055002361,84.5940947443,807.6670923081,2.0
36182,0.0,1527.557983,488.093597,1676.701294,-0.5215769849,-0.8516723092,0.0511050545,0.0049138093,79.4517725607,802.4419215088,2.0
36183,0.0,1527.934448,484.974457,1676.701294,-0.5139341972,-0.8564746422,0.0481957285,0.003822792,69.6030411274,796.7798344451,2.0
36184,0.0,1528.202271,483.049377,1676.701294,-0.5089920031,-0.8595698709,0.0454618288,0.0031223452,62.5109799781,791.662590839,2.0
36185,0.0,1528.459229,480.954681,1676.701294,-0.5079717845,-0.860236672,0.0442440305,0.002852436,59.46197457,787.8187233285,2.0
36186,0.0,1528.70459,478.94519,1676.701294,-0.5076798898,-0.8604267912,0.0438960884,0.0026682458,57.1708141047,783.1344933129,2.0
36187,0.0,1529.042847,476.920776,1676.701294,-0.5049532903,-0.8622277756,0.039817553,0.0021540725,51.0234374865,777.7832078735,2.0
36188,0.0,1529.430542,475.154022,1676.701294,-0.5044769175,-0.8625391113,0.0391065366,0.0019597712,48.384341612,773.2145799436,2.0
36189,0.0,1529.744263,474.004333,1676.701294,-0.5045307946,-0.8626312286,0.0362772763,0.0017512305,45.549176526,769.9882430776,2.0
36190,0.0,1530.484375,471.859772,1675.856689,-0.507669492,-0.8610131269,0.030464441,0.0014572636,41.1667880498,762.8184802431,2.0
36191,0.0,1530.762451,471.2458495,1675.0601805,-0.5081490626,-0.8607580588,0.0296502366,0.0013616227,39.6667167491,760.7790555518,2.0
36192,0.0,1531.040527,470.631927,1674.263672,-0.5086286332,-0.8605029906,0.0288360322,0.0012659817,38.1666454484,758.7396308605,2.0
36193,0.0,1532.046997,468.884491,1671.533569,-0.5088225372,-0.8604773534,0.0260451511,0.0008974417,31.8685173118,752.386853743,2.0
36194,0.0,1532.397339,468.3743895,1670.6958615,-0.50843473,-0.8607117534,0.0258682514,0.0007884692,29.7340661924,750.5953917536,2.0
36195,0.0,1533.283691,467.168793,1668.660645,-0.5080019782,-0.8609726736,0.0256913517,0.000557714,24.9248206547,746.4003275628,2.0
36196,0.0,1533.833984,466.500305,1667.485107,-0.5080019782,-0.8609726736,0.0256913517,0.0004473374,22.255623238,744.1418232782,2.0
36197,0.0,1534.710083,465.519379,1665.699829,-0.5080019782,-0.8609726736,0.0256913517,0.0003041987,18.2813413692,741.2204580795,2.0
36198,0.0,1535.161865,465.049683,1664.606689,-0.5080019782,-0.8609726736,0.0256913517,0.0002219719,15.5729682734,739.1481104706,2.0
36199,0.0,1536.15271,464.065643,1663.03125,-0.5080019782,-0.8609726736,0.0256913517,0.0001173625,11.2798184931,736.2667342873,2.0
36200,0.0,1536.812866,463.440796,1663.03125,-0.5080019782,-0.8609726736,0.0256913517,7.50356e-05,8.9976907972,734.4980395482,2.0
36201,0.0,1537.708008,462.649506,1663.03125,-0.5080019782,-0.8609726736,0.0256913517,3.54268e-05,6.1613227341,731.9758318496,2.0
36202,0.0,1538.338989,462.111115,1663.03125,-0.5080019782,-0.8609726736,0.0256913517,2.53991e-05,5.2075530664,730.6544322728,2.0
36203,0.0,1539.360596,461.269958,1663.03125,-0.5071923649,-0.8614498589,0.0256913517,4.16121e-05,6.6411815837,727.9894937961,2.0
36204,0.0,1540.066772,460.709534,1663.03125,-0.5064793905,-0.8618692368,0.0256913517,8.38229e-05,9.4052949706,726.4155457037,2.0
36205,0.0,1540.721313,460.204315,1663.03125,-0.5063501551,-0.8619451693,0.0256913517,0.0001341093,11.8747690051,725.0956981698,2.0
36206,0.0,1541.644775,459.500488,1663.03125,-0.4976430028,-0.8671497282,0.0200696421,0.0004129799,20.8062498957,724.0344294205,2.0
36207,0.0,1542.7677,458.663849,1663.03125,-0.4858857679,-0.8739322705,0.0125461971,0.0010195021,32.6712022523,723.7136842325,2.0
36208,0.0,1543.470703,458.128418,1663.03125,-0.4845880328,-0.8746533266,0.0124898622,0.0011766668,35.0815057518,723.3762884157,2.0
36209,0.0,1544.512329,457.410522,1663.03125,-0.483920691,-0.8750107082,0.0133050901,0.0013454231,37.4914143,722.9920220692,2.0
36210,0.0,1545.273193,456.903931,1663.03125,-0.4862745988,-0.8737153755,0.0125879769,0.0013172068,37.082605412,722.7220756236,2.0
36211,0.0,1545.946167,456.462708,1663.03125,-0.4881314695,-0.8726882849,0.0119509797,0.0013085539,36.9485024798,722.4838847452,2.0
36212,0.0,1546.873657,455.868042,1663.03125,-0.4913747354,-0.8708797836,0.0109211632,0.001253215,36.1454925536,722.2082771576,2.0
36213,0.0,1547.694214,455.345978,1663.03125,-0.4937257031,-0.8695579112,0.0101965255,0.0012222861,35.6887764381,722.0428381642,2.0
36214,0.0,1548.722046,454.694153,1663.03125,-0.4950529793,-0.8687908351,0.0111817948,0.0012599952,36.2246835367,721.8417510293,2.0
36215,0.0,1548.817383,454.634201,1663.03125,-0.4952434963,-0.8686788717,0.0114360726,0.0012618891,36.2501171225,721.8068680829,2.0
36216,0.0,1548.91272,454.574249,1663.03125,-0.4954340133,-0.8685669083,0.0116903505,0.001263783,36.2755507082,721.7719851365,2.0
36217,0.0,1551.13623,453.20401,1663.03125,-0.500588748,-0.86556031,0.0147056142,0.0012228622,35.6636244507,721.3641164344,2.0
36218,0.0,1551.765747,452.827881,1663.03125,-0.5038888592,-0.8636482189,0.0144142798,0.0011192123,34.1139839268,721.2448993159,2.0
36219,0.0,1552.875488,452.158173,1663.03125,-0.5070511703,-0.8618128549,0.0133309361,0.0010819628,33.5337321253,721.0713374671,2.0
36220,0.0,1553.963501,451.507507,1663.03125,-0.511057203,-0.859488314,0.0100186506,0.0010207047,32.5635619592,720.9044392847,2.0
36221,0.0,1554.692871,451.072021,1663.03125,-0.5135753204,-0.858001999,0.0085416597,0.0009896904,32.0600361006,720.7867666554,2.0
36222,0.0,1555.369995,450.674225,1663.03125,-0.517523443,-0.8556142311,0.0096836684,0.0008587874,29.8612810579,720.6823380858,2.0
36223,0.0,1556.298828,450.12442,1663.03125,-0.5217682243,-0.8530102363,0.0114654624,0.0007451453,27.8103540435,720.5298237463,2.0
36224,0.0,1557.289429,449.51535,1663.03125,-0.5206430026,-0.8535608378,0.0190986923,0.0683211029,549.9396600188,1513.8057091092,6.0
36225,0.0,1558.2323,448.938721,1663.03125,-0.5202648451,-0.8535776204,0.0270136423,0.0679835514,549.0035766793,1514.8437518302,6.0
36226,0.0,1559.126343,448.388977,1663.03125,-0.5192303986,-0.8540584238,0.0313688046,0.0679717518,549.3192417956,1515.8416800708,6.0
36227,0.0,1560.036377,447.833466,1663.03125,-0.5189790725,-0.85410642,0.0341019898,0.0676018157,548.255564357,1516.8951309182,6.0
36228,0.0,1560.915527,447.300537,1663.03125,-0.5197737193,-0.8535752098,0.0352794825,0.0667844828,545.4264657162,1517.9528704492,6.0
36229,0.0,1561.752075,446.777161,1663.03125,-0.5164026293,-0.8552546508,0.043218131,0.0679220649,550.2436628562,1518.9283525852,6.0
36230,0.0,1562.678833,446.20462,1663.03125,-0.5140779679,-0.8562366068,0.05082043,0.0685954681,553.2734157768,1520.0415807843,6.0
36231,0.0,1563.36377,445.786407,1663.03125,-0.5133970825,-0.8564201648,0.0544787756,0.068460142,553.1247175883,1521.0809637489,6.0
36232,0.0,1563.778442,445.534058,1663.03125,-0.5131667216,-0.8564640819,0.0559391829,0.0683814122,553.0104595563,1521.6109498031,6.0
36233,0.0,1565.521851,444.482483,1663.03125,-0.5144339807,-0.8553902982,0.0605402119,,,,
36234,0.0,1566.687256,443.797272,1663.03125,-0.5190719719,-0.8514628467,0.0746679893,,,,
36235,0.0,1567.344055,443.4077915,1663.03125,-0.5211315112,-0.8498075247,0.0788940886,,,,
36236,0.0,1568.000854,443.018311,1663.03125,-0.5231910506,-0.8481522027,0.083120188,,,,
36237,0.0,1569.516968,442.120941,1663.03125,-0.5294811541,-0.8439677038,0.0858383502,,,,
36238,0.0,1570.247437,441.698547,1663.03125,-0.5351852962,-0.839679781,0.0922743961,,,,
36239,0.0,1570.821167,441.3631285,1663.03125,-0.5389989386,-0.836607806,0.097548579,,,,
36240,0.0,1571.924072,440.717255,1663.03125,-0.5467904819,-0.8307372546,0.1043828659,,,,
36241,0.0,1572.681763,440.262665,1663.03125,-0.551232497,-0.827623483,0.1057454706,,,,
36242,0.0,1573.326538,439.8746185,1663.03125,-0.5547826376,-0.8250946576,0.1068402266,,,,
36243,0.0,1573.971313,439.486572,1663.03125,-0.5583327782,-0.8225658322,0.1079349825,,,,
36244,0.0,1575.171875,438.762177,1663.03125,-0.5670436225,-0.815398341,0.1165636117,,,,
36245,0.0,1576.442017,437.986664,1663.03125,-0.57613645,-0.8076307114,0.1256957633,,,,
36246,0.0,1576.7363285,437.796402,1663.03125,-0.5762055096,-0.8075705608,0.1257656022,,,,
36247,0.0,1577.887573,437.035614,1663.03125,-0.5762745691,-0.8075104103,0.1258354411,,,,
36248,0.0,1578.758667,436.456757,1663.03125,-0.5765860268,-0.8072880526,0.1258354238,,,,
36249,0.0,1579.811401,435.752625,1663.03125,-0.5770061485,-0.8069878229,0.1258354411,,,,
36250,0.0,1580.68811,435.164337,1664.305664,-0.5777495124,-0.8064557882,0.1258354584,,,,
36251,0.0,1581.405884,434.60321,1665.585571,-0.5785100304,-0.8060312728,0.125058914,,,,
36252,0.0,1582.146606,433.931335,1666.997314,-0.5794124675,-0.8056503608,0.1233235119,,,,
36253,0.0,1582.865234,433.174347,1668.474976,-0.5795760533,-0.8055849622,0.1229815719,,,,
36254,0.0,1583.306641,432.618439,1669.721924,-0.5801872444,-0.8051998731,0.1226210659,,,,
36255,0.0,1583.892822,431.783234,1671.062256,-0.5809553583,-0.8047148208,0.122167626,,,,
36256,0.0,1584.365234,430.965363,1672.408081,-0.5811884624,-0.8045673609,0.1220300491,,,,
36257,0.0,1584.595459,430.310852,1673.677002,-0.5811884624,-0.8045673609,0.1220300491,,,,
36258,0.0,1584.852417,429.228058,1675.616089,-0.5811884624,-0.8045673609,0.1220300491,,,,
36259,0.0,1584.925171,428.553619,1676.701294,-0.5811884624,-0.8045673609,0.1220300491,,,,
36260,0.0,1584.941284,427.876129,1676.701294,-0.5811884624,-0.8045673609,0.1220300491,,,,
36261,0.0,1584.904297,427.205475,1676.701294,-0.5811884624,-0.8045673609,0.1220300491,,,,
36262,0.0,1584.644409,426.043793,1676.701294,-0.5834731058,-0.8029120787,0.1220300318,,,,
36263,0.0,1584.375122,425.451202,1676.701294,-0.5891971435,-0.7987775174,0.1216601977,,,,
36264,0.0,1583.911011,424.46582,1676.701294,-0.5954896848,-0.7941603188,0.1212494263,,,,
36265,0.0,1583.079834,423.000916,1676.701294,-0.6090331229,-0.7838486288,0.1210784142,,,,
36266,0.0,1582.461914,422.052094,1676.701294,-0.6175827858,-0.777130311,0.1210784142,,,,
36267,0.0,1581.367432,420.537598,1676.701294,-0.6361237682,-0.7621644762,0.120215901,,,,
36268,0.0,1580.853882,419.670898,1676.701294,-0.6418451816,-0.7574661119,0.1194983357,,,,
36269,0.0,1579.813721,417.614624,1676.701294,-0.6490637311,-0.7514646694,0.1183939339,,,,
36270,0.0,1579.134399,416.093475,1676.701294,-0.6553280314,-0.7462274877,0.1170030252,,,,
36271,0.0,1578.449951,414.112579,1676.701294,-0.6652117801,-0.7377460031,0.1149961849,,,,
36272,0.0,1577.907959,412.33786,1676.701294,-0.6712258033,-0.732457241,0.1138521456,,,,
36273,0.0,1577.279541,409.957733,1676.701294,-0.6776904998,-0.7266731601,0.1126130762,,,,
36274,0.0,1576.778809,407.565308,1676.701294,-0.6831636022,-0.7216943345,0.1115561747,,,,
36275,0.0,1576.039551,403.731384,1676.701294,-0.69649257,-0.7092405706,0.1089766622,,,,
36276,0.0,1575.831726,402.444824,1676.701294,-0.7006591746,-0.7051218872,0.1088370412,,,,
36277,0.0,1575.316284,399.032074,1676.701294,-0.7099524379,-0.6958106113,0.1086974202,,,,
36278,0.0,1574.847656,396.19696,1676.701294,-0.7239083325,-0.6812793769,0.1086974549,,,,
36279,0.0,1574.560425,394.189484,1676.701294,-0.7319227797,-0.6726618135,0.1086974202,,,,
36280,0.0,1574.192871,391.313751,1676.701294,-0.7412514092,-0.6623678853,0.1086974375,,,,
36281,0.0,1573.910645,388.897064,1676.701294,-0.7468711201,-0.6560246924,0.1086974375,,,,
36282,0.0,1573.716309,387.2213285,1676.701294,-0.7510769323,-0.6510182808,0.1096131754,,,,
36283,0.0,1573.277588,383.401794,1676.701294,-0.7606171311,-0.6395844229,0.1113254051,0.1451939399,1071.8987383642,2065.5240762271,0.0
36284,0.0,1572.933105,380.230072,1676.701294,-0.7671788573,-0.63150292,0.112430703,0.1403965896,1055.1543579719,2065.0356368552,0.0
36285,0.0,1572.653442,377.35437,1676.701294,-0.7704020272,-0.6273899772,0.1134131079,0.1382123121,1047.3483423357,2064.6797892334,0.0
36286,0.0,1572.510986,375.637299,1676.701294,-0.7707606953,-0.6269405436,0.1134614709,0.1379181785,1046.4059468943,2064.8573913847,0.0
36287,0.0,1572.187988,371.89682,1676.701294,-0.7711056947,-0.6265161628,0.1134614709,0.1380381281,1046.6718194519,2064.5509687012,0.0
36288,0.0,1571.957886,369.208588,1676.701294,-0.7711514109,-0.6264598918,0.1134614709,0.1384459338,1047.8333233417,2064.0217827547,0.0
36289,0.0,1571.667114,365.826172,1676.701294,-0.7717316938,-0.6258907829,0.1126539865,0.1382097169,1046.9193558105,2063.8520491393,0.0
36290,0.0,1571.34375,362.399261,1676.701294,-0.7741785563,-0.6230498851,0.1116082597,0.1367080628,1041.4672802863,2063.5172954435,0.0
36291,0.0,1571.056763,359.650421,1676.701294,-0.7773370006,-0.6193898861,0.1100152558,0.1345662049,1033.6812682341,2063.1401172821,0.0
36292,0.0,1570.775879,357.06546,1676.701294,-0.7798917772,-0.6163374025,0.109073471,0.1328863462,1027.3929739961,2062.5810995142,0.0
36293,0.0,1570.29187,352.711334,1676.701294,-0.7845031486,-0.6108356819,0.1069325936,0.1299111936,1016.469272459,2062.2430694532,0.0
36294,0.0,1569.954102,349.775177,1676.701294,-0.7881264299,-0.6063131512,0.1060240212,0.1274454471,1007.207348644,2061.7665232705,0.0
36295,0.0,1569.616821,346.900085,1676.701294,-0.7916471858,-0.6018514198,0.1052121749,0.1250708862,997.9104963439,2060.7297968305,0.0
36296,0.0,1569.165771,343.156219,1676.701294,-0.7959544953,-0.5963491723,0.104038964,0.1221882658,986.4739500676,2059.4196225924,0.0
36297,0.0,1568.768921,339.881897,1676.701294,-0.7986278353,-0.5929016763,0.1032530047,0.1205979602,979.7057975534,2057.8601159901,0.0
36298,0.0,1568.213867,335.39328,1676.701294,-0.8018407096,-0.5887591505,0.10204969,0.1187850898,971.7849041845,2055.7484767557,0.0
36299,0.0,1567.853149,332.514923,1676.701294,-0.8027851206,-0.5874752949,0.102023664,0.118507728,969.8266184938,2053.8538876155,0.0
36300,0.0,1567.300171,328.255127,1676.701294,-0.8052928899,-0.5841942936,0.101095939,0.1172655229,963.9655289936,2051.548526404,0.0
36301,0.0,1566.905762,325.323303,1676.701294,-0.8076216323,-0.5811056361,0.1003171905,0.1159468099,958.2798998066,2050.2952095385,0.0
36302,0.0,1566.574219,322.984192,1676.701294,-0.8108064247,-0.5768072024,0.0994303422,0.1138297072,949.45032828,2049.0567632255,0.0
36303,0.0,1566.067871,319.449188,1676.701294,-0.8140943783,-0.5723094241,0.0985508312,0.1118841059,941.0651017534,2047.4869694781,0.0
36304,0.0,1565.353516,314.445404,1676.701294,-0.8181951409,-0.5666227995,0.0974439041,0.1095934688,930.9479764054,2045.2927133693,0.0
36305,0.0,1564.873047,311.180328,1676.701294,-0.8214046545,-0.562030976,0.0970338889,0.1076474754,922.4328966954,2043.7691363063,0.0
36306,0.0,1564.377319,308.010376,1676.701294,-0.8245292179,-0.5574849279,0.0967580695,0.1057669974,914.1010907905,2042.2195998297,0.0
36307,0.0,1563.596436,303.089661,1676.701294,-0.8293212152,-0.5504059657,0.0963306547,0.1028907975,901.2032482636,2039.8034231059,0.0
36308,0.0,1563.007568,299.496216,1676.701294,-0.8332408305,-0.5444594629,0.0962995933,0.1004615028,890.2953729999,2038.0283978175,0.0
36309,0.0,1562.498047,296.57074,1676.701294,-0.8376148806,-0.537777575,0.0958988615,0.0975209409,877.1384879804,2036.3821610341,0.0
36310,0.0,1561.801025,292.565033,1676.701294,-0.8418963651,-0.5311330971,0.0954365943,0.0948842762,865.0263144936,2034.5647404569,0.0
36311,0.0,1561.204712,289.259308,1676.701294,-0.8465475735,-0.5237045831,0.0953452434,0.0918118846,850.8712929905,2032.8429463472,0.0
36312,0.0,1560.378906,284.93634,1676.701294,-0.8533200181,-0.5125955793,0.0953452607,0.087252622,829.4977087227,2030.4726297427,0.0
36313,0.0,1559.71814,281.559601,1676.701294,-0.8578927909,-0.5049051798,0.0953452607,0.0842909669,815.2439348418,2028.767528109,0.0
36314,0.0,1558.952759,277.779419,1676.701294,-0.8630071761,-0.4962782343,0.094480306,0.0809305787,798.6884917512,2026.6360382426,0.0
36315,0.0,1558.396362,275.036896,1676.701294,-0.8665461092,-0.4900900052,0.0943908232,0.0786108137,787.0175053582,2025.0491819464,0.0
36316,0.0,1557.206299,269.380249,1676.701294,-0.8717424288,-0.4804554318,0.096061001,0.075481991,770.5629980614,2021.7408552877,0.0
36317,0.0,1556.836609,267.6814575,1676.701294,-0.8723748684,-0.4792803401,0.0961802972,0.0752563225,769.063248746,2020.7115300794,0.0
36318,0.0,1555.937134,263.643524,1676.701294,-0.8746885728,-0.4750224089,0.0962995933,0.0740478271,762.1845374297,2018.279111074,0.0
36319,0.0,1555.510071,261.823166,1676.701294,-0.8763113492,-0.472009637,0.0962995933,0.0730699442,756.8805073002,2017.1297698037,0.0
36320,0.0,1555.083008,260.002808,1676.701294,-0.8779341257,-0.468996865,0.0962995933,0.0720920613,751.5764771706,2015.9804285335,0.0
36321,0.0,1553.851929,254.994308,1676.701294,-0.8828860306,-0.459271498,0.0978874259,0.0690251935,734.824055467,2012.7565329889,0.0
36322,0.0,1553.090088,251.982758,1676.701294,-0.8846236941,-0.4557604971,0.0986067397,0.0681534866,729.5585156399,2010.6190016468,0.0
36323,0.0,1552.336304,249.038971,1676.701294,-0.8855447654,-0.4538769837,0.0990260174,0.0678940233,727.5496466021,2008.7754390655,0.0
36324,0.0,1551.407959,245.473389,1676.701294,-0.8861577925,-0.4524597189,0.1000228451,0.0679814953,727.1403547775,2006.398758915,0.0
36325,0.0,1550.994629,243.9262775,1676.701294,-0.8863838992,-0.4520060124,0.1000694198,0.0680632925,727.2317194319,2005.4880912403,0.0
36326,0.0,1549.885498,239.831894,1676.701294,-0.8873477953,-0.4501007419,0.1001159946,0.0679867767,725.8880656431,2002.8682546743,0.0
36327,0.0,1548.962524,236.520584,1676.701294,-0.8887442842,-0.4473369926,0.1001159946,0.0674459257,722.312748911,2000.6982532733,0.0
36328,0.0,1548.743042,235.753464,1676.701294,-0.8893639905,-0.4460265926,0.100458803,0.0670793952,720.2725042528,2000.3005727654,0.0
36329,0.0,1547.623413,231.867554,1676.701294,-0.8913834852,-0.4417041318,0.101651081,0.0661555705,714.4791417932,1997.5404306968,0.0
36330,0.0,1546.623413,228.437744,1676.701294,-0.8931875776,-0.4379579052,0.1020236467,0.0653065184,709.2256667352,1995.2627481833,0.0
36331,0.0,1545.934814,226.167389,1676.701294,-0.8954520992,-0.4333090237,0.102023664,0.0639052186,701.2234090647,1993.539918592,0.0
36332,0.0,1544.900269,222.772751,1676.701294,-0.8980453269,-0.427908604,0.1020236119,0.0624319801,692.5929106958,1991.3427089017,0.0
36333,0.0,1543.985474,219.813736,1676.701294,-0.9003873571,-0.4229583783,0.1020236119,0.0610755647,684.5106459932,1989.1430633953,0.0
36334,0.0,1543.164429,217.243088,1676.701294,-0.9031988035,-0.4167636496,0.1026644129,0.0592814782,673.9872685699,1987.059654149,0.0
36335,0.0,1541.953857,213.535828,1676.701294,-0.908086774,-0.4059237387,0.1029773238,0.0560351576,654.9053782207,1984.2850248921,0.0
36336,0.0,1541.153442,211.124634,1676.701294,-0.910730569,-0.3999568744,0.1029773238,0.0543303611,644.5959246567,1982.5845092962,0.0
36337,0.0,1540.363525,208.801041,1676.701294,-0.9140287331,-0.3923609891,0.1029773238,0.0521012307,630.9536180307,1980.5702561416,0.0
36338,0.0,1540.186035,208.284607,1676.701294,-0.9147898601,-0.3905743736,0.1029922278,0.0515859054,627.7840535617,1980.2017286747,0.0
36339,0.0,1538.432129,203.2052,1676.701294,-0.9187282457,-0.3810118604,0.1037707702,0.0492490651,612.4871391247,1976.0460755762,0.0
36340,0.0,1537.28064,199.92276,1676.701294,-0.9206749182,-0.3760410889,0.1046460435,0.0482127493,605.3756088686,1973.4572898599,0.0
36341,0.0,1536.329834,197.277359,1676.701294,-0.9221483567,-0.3723461679,0.1048844105,0.0474442996,600.0182764559,1971.3818019341,0.0
36342,0.0,1535.030884,193.697327,1676.701294,-0.9232348831,-0.3696438975,0.1048844105,0.0471083722,597.0406703648,1968.4110549504,0.0
36343,0.0,1534.283081,191.695236,1676.701294,-0.9243894264,-0.3666323779,0.1052847939,0.0465069214,592.7388300993,1966.5212524803,0.0
36344,0.0,1533.266113,188.982513,1676.701294,-0.9255259658,-0.3636376505,0.1056851256,0.0460088127,589.021742922,1964.4886003459,0.0
36345,0.0,1532.024902,185.73851,1676.701294,-0.9278902228,-0.3574011119,0.1062270195,0.0446244359,579.3963560663,1961.4367040384,0.0
36346,0.0,1530.771606,182.552292,1676.701294,-0.9305535594,-0.3502423458,0.1067725261,0.042788394,566.9052176112,1958.9735390551,0.0
36347,0.0,1529.866821,180.302277,1676.701294,-0.9332838702,-0.3428948523,0.1067910943,0.0409583164,554.3450830595,1956.9841723536,0.0
36348,0.0,1528.671997,177.365738,1676.701294,-0.9359152395,-0.3356461275,0.1067911117,0.0392990169,542.4630569261,1954.220841714,0.0
36349,0.0,1527.598145,174.755905,1676.701294,-0.9375370049,-0.3310891409,0.106791129,0.0383803554,535.5055159144,1951.6505209019,0.0
36350,0.0,1525.328125,170.703903,1673.595825,-0.9389457265,-0.3270727402,0.106791129,0.0376617014,529.5558897997,1947.9369457638,0.0
36351,0.0,1524.316895,168.336288,1673.560669,-0.9409747689,-0.3209675047,0.1074539216,0.036375937,520.033021386,1945.7841194427,0.0
36352,0.0,1523.080078,165.558182,1673.525391,-0.942681054,-0.3155632354,0.1085001152,0.0353946156,512.4082619063,1943.1658010087,0.0
36353,0.0,1521.837036,162.740204,1673.576782,-0.9441074139,-0.3108809261,0.1096094921,0.0346440247,506.2391883577,1940.0859905271,0.0
36354,0.0,1520.64856,160.481461,1673.851074,-0.9450860075,-0.3076231087,0.1103651277,0.0341738359,502.228432132,1937.6791890418,0.0
36355,0.0,1521.666138,156.566956,1676.072021,-0.9466442592,-0.3023846324,0.1114817498,0.0335654102,497.6309053487,1936.964282678,0.0
36356,0.0,1520.263794,154.630371,1675.929321,-0.9476902078,-0.2988119576,0.1122260402,0.0329687748,492.6718588684,1934.6425049272,0.0
36357,0.0,1518.198364,151.312607,1675.619141,-0.9491618553,-0.2938137854,0.1129833258,0.0321992842,485.9552936422,1930.5571006579,0.0
36358,0.0,1516.960083,148.939102,1675.337646,-0.9499723757,-0.2910422013,0.1133442651,0.031828253,482.5957893704,1928.171374641,0.0
36359,0.0,1515.175903,145.925644,1675.304932,-0.9507301406,-0.288511155,0.1134615056,0.031586252,479.9542555392,1924.8309980867,0.0
36360,0.0,1513.551758,143.270096,1675.244873,-0.9507884407,-0.2883189824,0.1134614709,0.0318602961,481.236780876,1921.7900832823,0.0
36361,0.0,1510.357178,138.15593,1675.139404,-0.9508589929,-0.2883403768,0.1128140188,0.0324278814,483.9885262658,1916.0659278788,0.0
36362,0.0,1509.135559,136.370232,1675.0146485,-0.9509203418,-0.2883589804,0.1122464954,0.0325941892,484.6812477821,1913.9993597522,0.0
36363,0.0,1506.560669,132.217194,1674.889282,-0.9508644618,-0.2890849179,0.1108453227,0.0331592834,487.6110804447,1909.3537679024,0.0
36364,0.0,1504.87207,129.148849,1674.884521,-0.9509039632,-0.2893497927,0.1098105201,0.0335181622,489.4196649945,1906.3223791877,0.0
36365,0.0,1503.619263,127.171059,1674.87854,-0.950954802,-0.2893652624,0.109328448,0.03373649,490.3239481217,1903.7604395859,0.0
36366,0.0,1501.321899,123.128159,1674.822266,-0.9510126301,-0.2893828588,0.1087774721,0.0342093483,492.6517237307,1899.7610244204,0.0
36367,0.0,1499.878052,120.432869,1674.749878,-0.9510210056,-0.2893854074,0.1086974375,0.0345533784,494.4121536898,1897.2005991901,0.0
36368,0.0,1498.184937,117.111786,1674.391846,-0.9510210056,-0.2893854074,0.1086974375,0.0349788488,496.559348971,1894.0210086274,0.0
36369,0.0,1496.822388,114.279022,1674.023315,-0.9510210056,-0.2893854074,0.1086974375,0.0353441804,498.359013446,1891.2115883977,0.0
36370,0.0,1494.975098,110.483078,1673.655518,-0.9510210056,-0.2893854074,0.1086974375,0.035827588,500.7640272674,1887.7067751728,0.0
36371,0.0,1494.016846,108.497803,1673.442627,-0.9511163603,-0.2890718464,0.1086974549,0.0359903473,501.3668513971,1885.7789729755,0.0
36372,0.0,1492.463745,104.660995,1672.614624,-0.951254285,-0.288617651,0.1086974549,0.0363266058,502.8591890757,1882.7790282629,0.0
36373,0.0,1490.662476,100.801865,1672.22644,-0.9522730169,-0.285392049,0.1082934886,0.0359034119,499.1522884448,1879.6794135801,0.0
36374,0.0,1489.210815,98.079544,1672.210815,-0.9532245175,-0.2823502385,0.1078951438,0.0353982343,494.9773082617,1876.9695406113,0.0
36375,0.0,1487.153931,94.071342,1672.412476,-0.955059914,-0.2761371423,0.1077443241,0.0342636663,486.153707567,1873.2427211706,0.0
36376,0.0,1485.702881,91.363243,1672.762817,-0.9568622843,-0.2701156384,0.1070145351,0.0329989959,476.6006599547,1870.6906940213,0.0
36377,0.0,1483.599976,87.602432,1673.865845,-0.9598152297,-0.2598824588,0.1059048269,0.0308579853,460.2312471371,1867.0407549936,0.0
36378,0.0,1482.324463,85.038727,1674.083984,-0.9617226714,-0.2530292796,0.1051935688,0.0294669019,449.3937482489,1864.9531269692,0.0
36379,0.0,1480.248657,80.379623,1674.617432,-0.9651768147,-0.2396517825,0.1048844105,0.0269171251,428.8791233983,1861.0065705071,0.0
36380,0.0,1478.584351,77.448288,1674.647095,-0.9682329417,-0.2273782491,0.1040389466,0.0244970261,408.7464880493,1858.0547540354,0.0
36381,0.0,1477.414551,74.435921,1675.079224,-0.9707212109,-0.2165610543,0.103930941,0.0225912326,392.2174007345,1855.7038377939,0.0
36382,0.0,1475.588989,71.184219,1675.116943,-0.9730853097,-0.2056777568,0.103930941,0.0207822676,375.7827152642,1852.8640182992,0.0
36383,0.0,1473.306885,66.773132,1675.046631,-0.9768745472,-0.186854164,0.103930941,0.0177633863,346.9055276451,1848.7176749418,0.0
36384,0.0,1471.768311,63.93008,1674.936401,-0.9789799143,-0.1754898379,0.1039309583,0.0160987956,329.9067332092,1846.0117668724,0.0
36385,0.0,1469.788208,60.321827,1674.724121,-0.9810632571,-0.1634418709,0.103930941,0.0144956194,312.5817586162,1842.5098400745,0.0
36386,0.0,1468.045044,56.975887,1674.433105,-0.9823185548,-0.1557196723,0.103930941,0.0136000125,302.4055740315,1839.8685103684,0.0
36387,0.0,1466.241577,53.600945,1674.179443,-0.9833197976,-0.1488316339,0.1045529549,0.0129150657,294.2482610732,1836.7810089679,0.0
36388,0.0,1464.026855,49.626297,1673.779297,-0.9848653432,-0.1379837401,0.1048844279,0.0117462889,280.1123469749,1832.9305649222,0.0
36389,0.0,1461.871704,45.850967,1673.446899,-0.9862962939,-0.1273533563,0.1048844279,0.0106469542,266.2481005311,1829.4388312949,0.0
36390,0.0,1460.18689,43.276203,1673.384888,-0.9875625603,-0.1171300241,0.1048844453,0.0096092838,252.6484109195,1826.8458087263,0.0
36391,0.0,1458.184937,40.239681,1673.321655,-0.9888384291,-0.1058197426,0.1048844279,0.0085656698,238.2078280609,1823.8636570469,0.0
36392,0.0,1456.529785,37.907646,1673.472168,-0.989819112,-0.0962152533,0.1048844626,0.0077514416,226.3545336242,1821.4875035254,0.0
36393,0.0,1454.173706,34.727791,1673.845825,-0.9908540716,-0.0843974307,0.1052866684,0.0069030643,213.2750231431,1818.2551584768,0.0
36394,0.0,1451.603027,31.231127,1674.064575,-0.9914896858,-0.0758735967,0.1057894145,0.0064210786,205.3341280208,1814.8487180764,0.0
36395,0.0,1449.2146,28.158743,1674.421631,-0.9922062108,-0.0657661596,0.1058378358,0.0058259855,195.2921886591,1811.8350001314,0.0
36396,0.0,1446.998901,25.267071,1674.432007,-0.9926866296,-0.05635663,0.106757602,0.0053969038,187.7070147959,1809.1722532135,0.0
36397,0.0,1444.730103,22.456293,1675.137817,-0.993047828,-0.0495143765,0.1067910943,0.005123144,182.649696174,1806.7273762563,0.0
36398,0.0,1442.428467,19.471899,1675.184326,-0.9933211386,-0.0436895191,0.1067911117,0.0049002013,178.4039310393,1804.3265851805,0.0
36399,0.0,1440.371338,16.852709,1675.362793,-0.9933746966,-0.0402632538,0.1076363439,0.0048809708,177.8615582788,1802.3726229686,0.0
36400,0.0,1435.936401,11.908802,1675.092651,-0.9937293581,-0.0298851725,0.1077443241,0.0045286621,170.9343483432,1798.1322674236,0.0
36401,0.0,1433.113281,8.798891,1674.641724,-0.9939099708,-0.0231111852,0.1077443415,0.0043089793,166.4916860073,1795.3895713326,0.0
36402,0.0,1431.726196,7.174508,1674.612366,-0.9939977929,-0.0183554907,0.1077443241,0.0041813651,163.8698990806,1794.0119104027,0.0
36403,0.0,1430.339111,5.550125,1674.583008,-0.994085615,-0.0135997962,0.1077443068,0.0040537509,161.2481121539,1792.6342494729,0.0
36404,0.0,1425.609497,0.5162,1673.614624,-0.9941719123,-0.00365693,0.1077443068,0.0038256078,156.2348360602,1787.8390197373,0.0
36405,0.0,1423.566284,-1.846439,1673.317505,-0.9941786061,-0.0002443812,0.1077443241,0.0037670585,154.8655806925,1785.862887432,0.0
36406,0.0,1420.956909,-4.826258,1673.065674,-0.9942710934,0.0030845597,0.1068432414,0.0036463844,152.1510321279,1783.302182231,0.0
36407,0.0,1419.009521,-7.342955,1672.684082,-0.9943625464,0.0049915369,0.1059160556,0.0035414668,149.7858386634,1781.3490331131,0.0
36408,0.0,1417.262207,-9.424843,1672.64856,-0.9944084844,0.0059565656,0.1054337965,0.0035028193,148.8137366738,1779.5074118586,0.0
36409,0.0,1414.335571,-12.655853,1672.696411,-0.9944541101,0.0069399524,0.1049421746,0.0034779136,148.0347479746,1776.5081858973,0.0
36410,0.0,1411.645996,-15.527872,1672.810913,-0.9945415492,0.0089035853,0.1039607286,0.0033955235,146.0442126264,1773.7195789772,0.0
36411,0.0,1409.757446,-17.564226,1672.837891,-0.9945940635,0.0122122121,0.103118915,0.0032905573,143.6139156538,1771.7578099452,0.0
36412,0.0,1406.922852,-20.557003,1672.98291,-0.9946383167,0.0160279267,0.1021651825,0.0031870144,141.1043320211,1768.8036987607,0.0
36413,0.0,1404.011475,-23.428747,1673.705688,-0.9945557651,0.0212131679,0.1020236814,0.0031610428,140.2866202504,1765.7513490123,0.0
36414,0.0,1401.60144,-25.981796,1673.603394,-0.9945150631,0.0266383708,0.1011443841,0.0030501244,137.6105672513,1763.2318649872,0.0
36415,0.0,1398.760376,-28.756016,1674.19165,-0.9943090532,0.0336806618,0.1010698758,0.0030446435,137.2539903866,1760.2427901054,0.0
36416,0.0,1396.477051,-30.995964,1674.610718,-0.9941403362,0.0383389127,0.1010698758,0.0030612971,137.439752159,1757.8315455208,0.0
36417,0.0,1393.249878,-34.317528,1675.378174,-0.9939386573,0.043253084,0.1010698584,0.0031014929,138.0704728276,1754.4355499512,0.0
36418,0.0,1390.600586,-36.931595,1675.312988,-0.9936737847,0.0489622346,0.1010698237,0.0031235678,138.3393296053,1751.638985834,0.0
36419,0.0,1387.748047,-39.819927,1675.594849,-0.9932715694,0.0565373909,0.101069841,0.0032017304,139.8168011351,1748.6378966198,0.0
36420,0.0,1385.398315,-42.103065,1675.577881,-0.9929818311,0.0614163693,0.101069841,0.0032556917,140.7869308517,1746.1416755087,0.0
36421,0.0,1382.399292,-45.03923,1675.228149,-0.9926940749,0.0659041791,0.101069841,0.0032892877,141.2542793908,1742.9828439186,0.0
36422,0.0,1379.736694,-47.568657,1675.215576,-0.9921601111,0.0722978046,0.101937929,0.0034675496,144.7887844181,1740.1448361967,0.0
36423,0.0,1377.542969,-49.679871,1674.907715,-0.9916399553,0.0784824804,0.1024241154,0.0036278903,147.8944389494,1737.816941312,0.0
36424,0.0,1374.045288,-53.170177,1674.150757,-0.9909834781,0.0857550395,0.1029457103,0.0038014945,151.0629911979,1734.1195475026,0.0
36425,0.0,1371.458984,-55.600586,1673.83728,-0.990194586,0.0939456617,0.1033871098,0.0040822052,156.2810466406,1731.360760727,0.0
36426,0.0,1368.781372,-58.02227,1673.872559,-0.9892638644,0.1028146074,0.1038564542,0.004460105,163.0666442807,1728.4721363283,0.0
36427,0.0,1368.332275,-58.427254,1673.872559,-0.989101388,0.1042881965,0.1039346731,0.004527897,164.2525276811,1727.9889500591,0.0
36428,0.0,1363.231689,-62.520962,1673.552734,-0.9856341355,0.1320073968,0.1053536808,0.006237279,192.0748949271,1722.4089843934,0.0
36429,0.0,1360.467896,-64.943855,1673.581299,-0.9842586492,0.1415876339,0.1057726492,0.0069251084,202.0064646384,1719.4524498878,0.0
36430,0.0,1357.675049,-67.115692,1673.696411,-0.9829054861,0.150091391,0.1066272933,0.0076330708,211.6682056017,1716.4111204967,0.0
36431,0.0,1354.544556,-69.432358,1673.947998,-0.9807789097,0.163304566,0.1067911464,0.0088151093,226.949850021,1713.0114125691,0.0
36432,0.0,1351.845093,-71.427048,1674.157227,-0.9796939272,0.1696922839,0.1067910943,0.0093685256,233.5208694227,1709.9942168803,0.0
36433,0.0,1349.0802,-73.325142,1674.452148,-0.9775383493,0.1816987351,0.106791129,0.0106276074,248.1937192374,1706.9271719669,0.0
36434,0.0,1346.020508,-75.490555,1674.817139,-0.9755144861,0.1922683927,0.1067911637,0.0114351093,237.8869634538,1577.5407938833,1.0
36435,0.0,1343.24939,-77.316727,1675.387207,-0.97314878,0.2039046604,0.1067911117,0.0105565734,228.1792519847,1574.5224909008,1.0
36436,0.0,1340.258057,-79.424423,1675.452881,-0.9708619281,0.214529194,0.1067911117,0.0097636546,219.0410906405,1571.3287756308,1.0
36437,0.0,1337.317871,-81.419182,1675.341187,-0.9669963231,0.2313304259,0.106791129,0.0086159148,205.4110220026,1568.1786199973,1.0
36438,0.0,1334.220093,-83.842979,1675.43042,-0.9629123525,0.2477810725,0.1067911117,0.007762386,194.6062176986,1564.9069798541,1.0
36439,0.0,1328.629028,-87.506058,1675.224854,-0.9590390466,0.2623733254,0.106791129,0.007221051,187.002636449,1558.89893636,1.0
36440,0.0,1328.373718,-87.377228,1674.699097,-0.9588570526,0.2630367509,0.1067911377,0.0071564138,186.1219558897,1558.537606593,1.0
36441,0.0,1328.118408,-87.248398,1674.17334,-0.9586750586,0.2637001764,0.1067911464,0.0070917767,185.2412753304,1558.1762768261,1.0
36442,0.0,1322.7229,-90.575249,1673.35083,-0.9523237172,0.2857887134,0.1067911464,0.0065406112,177.2474056563,1552.2691405246,1.0
36443,0.0,1319.261963,-92.959625,1673.595825,-0.9479749711,0.2998984855,0.1067911637,0.0064702184,175.8824141461,1548.6439689263,1.0
36444,0.0,1315.721802,-96.942841,1676.701294,-0.9397274073,0.3248200343,0.106791129,0.0069820042,182.2235665236,1544.752403244,1.0
36445,0.0,1314.168518,-97.8959925,1676.701294,-0.9377876151,0.3303270434,0.1067911203,0.0071327979,183.9557459817,1543.0278721323,1.0
36446,0.0,1309.440552,-100.772713,1676.701294,-0.9326664218,0.344570748,0.106791129,0.0075849957,189.0744348782,1538.0315382367,1.0
36447,0.0,1305.967529,-102.81945,1676.701294,-0.9289342009,0.3545093867,0.106791129,0.0080124774,193.839646777,1534.3198191769,1.0
36448,0.0,1302.817871,-104.615768,1676.701294,-0.9255162612,0.3633390997,0.1067911464,0.0084608428,198.7445789816,1531.066497221,1.0
36449,0.0,1299.577881,-106.185623,1676.701294,-0.922484509,0.3709689817,0.106791129,0.0089078708,203.4081497712,1527.3399686026,1.0
36450,0.0,1296.605835,-107.380653,1676.701294,-0.919600828,0.3780607947,0.1067911637,0.0093785279,208.2219570678,1523.9293877725,1.0
36451,0.0,1294.160645,-108.141716,1676.701294,-0.9182928293,0.3812268758,0.1067911464,0.0095901936,210.1417559925,1520.9937075453,1.0
36452,0.0,1291.819214,-108.538231,1676.701294,-0.9169162841,0.3845259194,0.106791129,0.0098445342,212.4779888399,1518.003798968,1.0
36453,0.0,1289.022827,-108.803368,1676.701294,-0.9142381345,0.3910998604,0.1058750801,0.0103066589,216.8589564144,1514.3467803758,1.0
36454,0.0,1287.039307,-108.756821,1676.701294,-0.9129213242,0.3941738348,0.1058378184,0.0105952636,219.4654087909,1511.6408545657,1.0
36455,0.0,1285.00354,-108.493172,1676.701294,-0.912068021,0.395926481,0.106649645,0.0108831433,221.9679783131,1508.630914306,1.0
36456,0.0,1284.809021,-108.454304,1676.701294,-0.9120148374,0.3960283852,0.1067259835,0.0109042746,222.1418030029,1508.3576921252,1.0
36457,0.0,1284.614502,-108.415436,1676.701294,-0.9119616537,0.3961302895,0.106802322,0.0109254059,222.3156276927,1508.0844699445,1.0
36458,0.0,1278.177979,-106.326218,1676.701294,-0.909623739,0.4007134018,0.1096057623,0.0118613534,230.1178751277,1498.5108753274,1.0
36459,0.0,1276.275146,-105.311203,1676.701294,-0.9091377583,0.4015607893,0.1105326603,0.0121338588,232.256247657,1495.4585103276,1.0
36460,0.0,1274.445312,-104.094711,1676.701294,-0.908666325,0.4023698231,0.1114631565,0.0124208437,234.4907207184,1492.4091249227,1.0
36461,0.0,1272.453369,-102.625656,1676.701294,-0.9086191661,0.4024505371,0.1115561574,0.0125418291,235.0881973614,1489.0229399367,1.0
36462,0.0,1270.76355,-101.194748,1676.701294,-0.9086191661,0.4024505371,0.1115561574,0.0126414742,235.5451815569,1486.0631049383,1.0
36463,0.0,1269.339844,-99.834282,1676.701294,-0.9086191661,0.4024505371,0.1115561574,0.0127410623,236.0356257424,1483.3632287654,1.0
36464,0.0,1267.429932,-97.911278,1676.701294,-0.9086191661,0.4024505371,0.1115561574,0.012871642,236.6963013753,1479.999386963,1.0
36465,0.0,1265.780029,-96.080971,1676.701294,-0.9086191661,0.4024505371,0.1115561574,0.0130034137,237.4015349335,1476.9176205858,1.0
36466,0.0,1264.134521,-94.095314,1676.701294,-0.9086191661,0.4024505371,0.1115561574,0.0131461493,238.2011524585,1473.8782733512,1.0
36467,0.0,1262.607422,-92.126213,1676.701294,-0.9086191661,0.4024505371,0.1115561574,0.0133022503,239.0960722675,1470.767361259,1.0
36468,0.0,1261.248291,-90.271042,1676.701294,-0.9086191661,0.4024505371,0.1115561574,0.0134479904,239.9462077875,1468.030995536,1.0
36469,0.0,1259.882812,-88.294296,1676.701294,-0.9086191661,0.4024505371,0.1115561574,0.0136091415,240.8978627676,1465.1605892413,1.0
36470,0.0,1257.997925,-85.465439,1676.701294,-0.9086191661,0.4024505371,0.1115561574,0.0138300181,242.2135377743,1461.4327363893,1.0
36471,0.0,1256.630249,-83.306824,1676.701294,-0.9087968903,0.4020490418,0.1115561747,0.0138487891,241.9022107093,1458.5716958832,1.0
36472,0.0,1255.284424,-81.071365,1676.701294,-0.9089790305,0.4016370774,0.1115561747,0.0138725881,241.6317551748,1455.6994243389,1.0
36473,0.0,1253.778076,-78.689682,1676.701294,-0.9133299364,0.3916422438,0.1115561747,0.0127279774,231.0167362475,1452.563363438,1.0
36474,0.0,1252.254395,-76.655396,1676.701294,-0.9343895207,0.3394605517,0.1080868054,0.00784023,181.149797943,1449.4771403826,1.0
36475,0.0,1250.851685,-74.319763,1676.701294,-0.9362555034,0.3343901752,0.1077443415,0.007499534,176.8063246588,1446.3767772127,1.0
36476,0.0,1249.375122,-71.765755,1676.701294,-0.9362555034,0.3343901752,0.1077443415,0.0074893576,176.3125046097,1443.312939219,1.0
36477,0.0,1247.897095,-69.917686,1676.701294,-0.9641581757,0.2443093763,0.1034985067,0.0065936435,165.1235661775,1440.2849049773,1.0
36478,0.0,1246.809814,-68.921005,1676.702026,-0.9841262365,0.146521101,0.1001354962,0.0068428541,184.0958783855,1576.3572759293,0.0
36479,0.0,1245.257812,-67.324875,1676.701538,-0.9945028197,0.0401898513,0.0966897997,0.0027823867,117.3308991597,1573.9501074276,0.0
36480,0.0,1244.713867,-67.019859,1676.702026,-0.9696793749,-0.2306608287,0.080730985,0.0435209466,458.81300831,1572.3490219984,0.0
36481,0.0,1241.53418,-66.672676,1676.702148,-0.8579140047,-0.5094729704,0.0664894956,,,,
36482,0.0,1240.805664,-66.699829,1676.7026365,-0.8204546238,-0.564249747,0.0637595494,,,,
36483,0.0,1239.393066,-66.754913,1676.701782,-0.7122862094,-0.6995945151,0.0567086445,0.1121055814,352.2896881913,765.7684378535,6.0
36484,0.0,1238.600098,-66.726051,1676.701294,-0.6481608992,-0.7595687764,0.054246868,0.0752401051,289.9419416643,761.9001615372,6.0
36485,0.0,1237.696167,-67.057068,1676.701294,-0.6195917573,-0.7828557536,0.0569466712,0.0620527038,262.7996918133,757.833005374,6.0
36486,0.0,1236.696655,-67.622711,1676.701294,-0.6097173378,-0.7901943589,0.0619487138,0.0581890975,253.4579780209,754.0179547673,6.0
36487,0.0,1235.224731,-68.643646,1676.701294,-0.6066572575,-0.7923342129,0.0646023763,0.0571650744,249.5721392958,748.8809169996,6.0
36488,0.0,1233.793945,-69.754349,1676.701294,-0.6042326585,-0.7939432239,0.0675059378,0.0564384295,246.3953233309,743.9535985966,6.0
36489,0.0,1232.555054,-70.794052,1676.701294,-0.5994064749,-0.7973727253,0.0700615073,0.054712676,241.2870910489,739.6022620507,6.0
36490,0.0,1231.383423,-71.853798,1676.70105,-0.5888504937,-0.8049377705,0.0730087786,0.0507705538,231.1571767602,734.8013568897,6.0
36491,0.0,1229.947144,-73.188362,1676.701294,-0.5784786279,-0.8121764734,0.0757090028,0.0471785175,221.5617550206,729.9470869941,6.0
36492,0.0,1228.512207,-74.643883,1676.701294,-0.5617419175,-0.8235564934,0.0787446529,0.0415885981,206.792017194,724.5938851782,6.0
36493,0.0,1227.036865,-76.233231,1676.701294,-0.5460182044,-0.8337678931,0.0818243299,0.0367831763,193.2281104751,719.0540874646,6.0
36494,0.0,1225.715576,-77.710693,1676.701294,-0.5362425685,-0.8398194297,0.0845413113,0.0340727506,184.8426823198,714.1919383711,6.0
36495,0.0,1224.275391,-79.392517,1676.701294,-0.5250032103,-0.8466887538,0.0865435344,0.0310394944,175.2403137363,708.856294871,6.0
36496,0.0,1222.752197,-81.256966,1676.701294,-0.5113514841,-0.854798084,0.0885431827,0.027581426,164.0017734164,703.1381210567,6.0
36497,0.0,1221.37561,-82.998367,1676.701294,-0.5020400691,-0.8602875828,0.0886625284,0.0252459288,155.8581118253,698.0350425806,6.0
36498,0.0,1219.709229,-85.220169,1676.701294,-0.488855702,-0.8677546703,0.0895652545,0.0222372814,145.0954757646,691.8722813528,6.0
36499,0.0,1218.200073,-87.295502,1676.701294,-0.4788969921,-0.8732848215,0.0896174733,0.0200489636,136.7332253014,686.2792527407,6.0
36500,0.0,1216.75415,-89.330536,1676.701294,-0.4716295135,-0.8772310474,0.0896174733,0.0185238456,130.4429494149,680.8643716027,6.0
36501,0.0,1215.044067,-91.826355,1676.701294,-0.4615295009,-0.882586669,0.0896174733,0.016533232,122.1255972676,674.3965750603,6.0
36502,0.0,1213.588013,-94.048607,1676.701294,-0.450134355,-0.8884524567,0.0896174907,0.0144904167,113.4324771737,668.7456738013,6.0
36503,0.0,1212.022095,-96.489502,1676.701294,-0.4403059146,-0.893456043,0.0886961153,0.0127665101,105.5439108448,662.6323546978,6.0
36504,0.0,1210.644409,-98.66407,1676.701294,-0.4354924254,-0.8958154371,0.0886625631,0.011972222,101.394724405,657.2290548997,6.0
36505,0.0,1208.98645,-101.310646,1676.701294,-0.4340088883,-0.8965351292,0.0886625457,0.0116547359,99.058784648,650.7225814287,6.0
36506,0.0,1207.565552,-103.623886,1676.701294,-0.4339686419,-0.8965546095,0.0886625631,0.0115482748,97.7590962618,645.1208772485,6.0
36507,0.0,1205.904663,-106.390129,1676.701294,-0.4331357562,-0.8969572842,0.0886625457,0.0113072415,95.7445908829,638.4870127325,6.0
36508,0.0,1204.733398,-108.407021,1676.701294,-0.4308623322,-0.8981343952,0.0878194674,0.0107976633,92.8100471105,633.272491027,6.0
36509,0.0,1202.984253,-111.435745,1676.701294,-0.4282236903,-0.8994914553,0.0868308295,0.0102497493,89.4748644475,626.5347225387,6.0
36510,0.0,1201.397949,-114.274475,1676.701294,-0.4228873468,-0.9021111193,0.085801051,0.0093583953,84.6088258241,619.8954321552,6.0
36511,0.0,1200.103882,-116.597778,1676.701294,-0.4221505311,-0.902534527,0.0849726823,0.0090841391,82.6431965689,614.5238818732,6.0
36512,0.0,1198.424927,-119.644257,1676.701294,-0.4220369745,-0.9025999204,0.0848420641,0.0089067917,80.9043499758,607.5267832919,6.0
36513,0.0,1196.997437,-122.272499,1676.701294,-0.4220369745,-0.9025999204,0.0848420641,0.0087712467,79.4965316983,601.5295145423,6.0
36514,0.0,1195.648193,-124.796112,1676.701294,-0.4220369745,-0.9025999204,0.0848420641,0.0086119557,77.978160198,595.4484132527,6.0
36515,0.0,1194.182861,-127.548721,1676.701294,-0.4220369745,-0.9025999204,0.0848420641,0.0084941269,76.6928393266,589.6640451937,6.0
36516,0.0,1192.606567,-130.545944,1676.701294,-0.4220369745,-0.9025999204,0.0848420641,0.008336238,75.1258832716,583.0375535891,6.0
36517,0.0,1191.22168,-133.207993,1676.701294,-0.4220369745,-0.9025999204,0.0848420641,0.0081877587,73.702872086,577.1353780804,6.0
36518,0.0,1189.669556,-136.203506,1676.701294,-0.4220709607,-0.9026722773,0.0838979381,0.0079295775,71.6868237782,570.3769541407,6.0
36519,0.0,1188.484497,-138.498917,1676.701294,-0.4221343941,-0.9028079407,0.0820997903,0.007628972,69.6641425371,565.0555919633,6.0
36520,0.0,1187.281982,-140.833939,1676.701294,-0.4221703441,-0.9028848261,0.0810628849,0.0073746309,67.82475886,559.5066937979,6.0
36521,0.0,1186.053833,-143.223953,1676.701294,-0.422234009,-0.9030203684,0.0792001009,0.007036995,65.5665546655,553.6548672103,6.0
36522,0.0,1184.927856,-145.420746,1676.701294,-0.4223282641,-0.9032219493,0.0763475454,0.0066285744,63.0016679643,548.0849352963,6.0
36523,0.0,1184.049805,-147.143204,1676.701294,-0.4219730391,-0.9035168213,0.0748071381,0.0062828681,60.7864356253,543.1201754003,6.0
36524,0.0,1181.760132,-152.23468,1661.656006,-0.4217200189,-0.9037119105,0.0738715672,,,,
36525,0.0,1180.772583,-153.839386,1659.872681,-0.4212722592,-0.9040865573,0.0718135117,,,,
36526,0.0,1180.110107,-155.10141,1658.789429,-0.4208400844,-0.9044595676,0.0696169083,,,,
36527,0.0,1178.947021,-157.364929,1658.825195,-0.420043603,-0.9051121796,0.0658431013,,,,
36528,0.0,1178.712158,-157.8218305,1658.838806,-0.4196745617,-0.9053870234,0.0643836811,,,,
36529,0.0,1178.477295,-158.278732,1658.852417,-0.4193055204,-0.9056618673,0.0629242609,,,,
36530,0.0,1177.579956,-160.040268,1658.852173,-0.4184932649,-0.9063046992,0.0589506532,,,,
36531,0.0,1177.172607,-160.868301,1658.835449,-0.4172717647,-0.9070180148,0.056591477,,,,
36532,0.0,1176.772217,-161.691437,1658.813354,-0.4160516885,-0.9077210215,0.0542543968,,,,
36533,0.0,1176.32373,-162.501404,1658.557983,-0.4149106004,-0.9083955506,0.0516402676,,,,
36534,0.0,1175.779907,-163.392822,1658.332275,-0.4137120508,-0.9090946559,0.0488799105,,,,
36535,0.0,1175.08606,-164.449631,1657.998047,-0.4128213405,-0.9096071382,0.0468336953,,,,
36536,0.0,1174.42334,-165.32576,1657.730713,-0.4120509723,-0.910082468,0.0443158849,,,,
36537,0.0,1173.485718,-166.471512,1657.705933,-0.4110460412,-0.9106568904,0.0417753502,,,,
36538,0.0,1172.750977,-167.24942,1657.600708,-0.4110521484,-0.9107700396,0.0391671577,,,,
36539,0.0,1171.944214,-168.03508,1657.438965,-0.410341405,-0.9112426493,0.0354508887,,,,
36540,0.0,1171.277344,-168.641083,1657.422485,-0.4102636355,-0.9113532241,0.0334522082,,,,
36541,0.0,1170.147339,-169.578796,1657.416382,-0.4102936477,-0.9114198927,0.031191374,,,,
36542,0.0,1169.279175,-170.272217,1657.411011,-0.4111218221,-0.9111066057,0.0293870783,,,,
36543,0.0,1168.488647,-170.895691,1657.501953,-0.4119814259,-0.9107630832,0.0279626728,,,,
36544,0.0,1167.496216,-171.586243,1657.51123,-0.4128250764,-0.9104218786,0.0265981066,,,,
36545,0.0,1166.4021,-172.428864,1657.604736,-0.4138254412,-0.9100257656,0.0245277412,,,,
36546,0.0,1165.586548,-172.907867,1657.662964,-0.4169390951,-0.9086698486,0.0219293687,,,,
36547,0.0,1164.868774,-173.306717,1657.671387,-0.4180961869,-0.9081736332,0.0204017277,,,,
36548,0.0,1163.860718,-174.112579,1657.849609,-0.4191335907,-0.9077317476,0.0187111589,,,,
36549,0.0,1163.269775,-174.804337,1658.088745,-0.4191474295,-0.9077350358,0.0182356029,,,,
36550,0.0,1162.380005,-175.246979,1658.084839,-0.4191510173,-0.9077425143,0.0177750503,,,,
36551,0.0,1161.737793,-175.854965,1658.331177,-0.4198979508,-0.9074136013,0.0169194267,,,,
36552,0.0,1160.827271,-176.4048,1658.456299,-0.420863179,-0.9069854108,0.0158634525,,,,
36553,0.0,1160.24292,-176.618729,1658.41272,-0.4209043035,-0.9069671118,0.0158185159,,,,
36554,0.0,1159.163452,-177.249268,1658.55249,-0.4209043035,-0.9069671118,0.0158185159,,,,
36555,0.0,1158.348633,-177.684662,1658.578491,-0.4209043035,-0.9069671118,0.0158185159,,,,
36556,0.0,1157.445312,-178.225143,1658.619995,-0.4209043035,-0.9069671118,0.0158185159,,,,
36557,0.0,1156.4823,-178.703705,1658.699829,-0.4215813307,-0.9066652432,0.0150770838,,,,
36558,0.0,1155.607544,-179.185486,1658.746948,-0.4224435118,-0.9062899823,0.0134144426,,,,
36559,0.0,1154.687988,-179.753387,1658.778687,-0.4247032816,-0.905260262,0.0114446769,,,,
36560,0.0,1153.71106,-180.383347,1658.78833,-0.4268063861,-0.9042947926,0.0093400635,,,,
36561,0.0,1153.493408,-180.569717,1658.78833,-0.4274348934,-0.9040032953,0.0088007964,,,,
36562,0.0,1152.223389,-181.301895,1658.497925,-0.4312591539,-0.9022174059,0.0043925782,,,,
36563,0.0,1151.740234,-181.662292,1658.557617,-0.4330845673,-0.9013461757,0.0035817745,,,,
36564,0.0,1151.120361,-182.316299,1658.528198,-0.4353060044,-0.9002808334,0.0017616821,,,,
36565,0.0,1150.588745,-182.987656,1658.437012,-0.4370729712,-0.8994260406,-0.0001237089,,,,
36566,0.0,1150.185181,-183.563889,1658.339844,-0.438709134,-0.898628316,-0.0012022698,,,,
36567,0.0,1148.988647,-185.077606,1658.03186,-0.4426262057,-0.8966985225,-0.0037150644,,,,
36568,0.0,1148.468872,-185.862167,1657.971436,-0.4455208812,-0.8952522902,-0.0058720742,,,,
36569,0.0,1148.20874,-186.244888,1657.9202275,-0.4457615837,-0.8951312082,-0.0060519183,,,,
36570,0.0,1147.948608,-186.627609,1657.869019,-0.4460022862,-0.8950101261,-0.0062317625,,,,
36571,0.0,1147.448486,-187.302719,1657.771729,-0.4460022862,-0.8950101261,-0.0062317625,,,,
36572,0.0,1146.921875,-188.037384,1657.704224,-0.4460022862,-0.8950101261,-0.0062317625,,,,
36573,0.0,1146.356934,-189.103683,1657.818237,-0.4149735073,-0.9087365663,-0.0446636462,,,,
36574,0.0,1145.995728,-189.988403,1657.715332,-0.4184417116,-0.907071022,-0.0461377828,,,,
36575,0.0,1145.159424,-191.194748,1657.717773,-0.4258016021,-0.9035978438,-0.0469460581,,,,
36576,0.0,1144.7244265,-191.6073,1657.774292,-0.4287104682,-0.9022050826,-0.0471474456,,,,
36577,0.0,1144.04834,-192.625,1657.715942,-0.434428366,-0.8994545108,-0.0474718625,,,,
36578,0.0,1143.193726,-193.611099,1658.009033,-0.4375761433,-0.8982028746,-0.0419370354,,,,
36579,0.0,1142.417969,-194.419525,1658.261353,-0.4405397782,-0.8969636552,-0.0371605324,,,,
36580,0.0,1142.1396485,-194.9091185,1658.235596,-0.4426244367,-0.8959630572,-0.0364409577,,,,
36581,0.0,1141.861328,-195.398712,1658.209839,-0.4447090952,-0.8949624593,-0.035721383,,,,
36582,0.0,1141.468628,-195.686172,1658.442505,-0.4473776272,-0.8936198905,-0.0360104154,,,,
36583,0.0,1140.628052,-197.151566,1658.7323,-0.4535413954,-0.8905073404,-0.0360122119,,,,
36584,0.0,1139.900391,-198.529892,1658.650391,-0.4539827548,-0.8905858529,-0.0275044908,,,,
36585,0.0,1139.371216,-199.486786,1658.669556,-0.4566304348,-0.8893167264,-0.0245846741,,,,
36586,0.0,1138.886963,-200.345215,1658.732056,-0.4600803156,-0.8875703843,-0.0233434384,,,,
36587,0.0,1138.394287,-201.236725,1658.725464,-0.4626046407,-0.8862603533,-0.0232278417,,,,
36588,0.0,1137.911255,-202.118423,1658.619263,-0.4647385989,-0.8851354044,-0.0235234023,,,,
36782,0.0,469.8927,-812.348755,1663.646118,1.0,0.0,0.0,,,,
36783,0.0,468.072723,-809.5,1665.008301,1.0,0.0,0.0,,,,
36784,0.0,467.172211,-809.947144,1666.745117,1.0,0.0,0.0,,,,
36785,0.0,467.214203,-809.038879,1668.482056,0.987468174,0.1578125005,0.0013490518,,,,
36786,0.0,465.552002,-804.97168,1670.123779,0.4263602119,0.903969328,0.0325026724,0.0105009477,164.0271547009,1134.8269358356,1.0
36787,0.0,463.293671,-803.957031,1671.325439,-0.2668719391,0.9614008155,0.0669913431,,,,
36788,0.0,455.94635,-808.021667,1673.157471,-0.9729281569,0.2091291321,0.0983656831,,,,
36789,0.0,455.606354,-808.142761,1674.442383,-0.9777973123,0.1849629963,0.0984941929,,,,
36790,0.0,455.246338,-808.074646,1676.149536,-0.9777973123,0.1849629963,0.0984941929,,,,
36791,0.0,455.025452,-808.032959,1676.608643,-0.9777973123,0.1849629963,0.0984941929,,,,
36792,0.0,454.902283,-808.009583,1676.68689,-0.9777973123,0.1849629963,0.0984941929,,,,
36793,0.0,454.815552,-807.993225,1676.752075,-0.9777973123,0.1849629963,0.0984941929,,,,
36794,0.0,454.760223,-807.982666,1676.812378,-0.9777973123,0.1849629963,0.0984941929,,,,
36795,0.0,454.715271,-807.980286,1676.835815,-0.9779931189,0.1842943968,0.0978009951,,,,
36796,0.0,454.674286,-807.974731,1676.851074,-0.9780665477,0.1840428319,0.0975400653,,,,
36797,0.0,455.281952,-808.095947,1677.030518,-0.9783037951,0.1832265291,0.0966939688,,,,
36798,0.0,455.005615,-808.051636,1677.03186,-0.9784777263,0.1823527068,0.0965858654,,,,
36799,0.0,454.657654,-807.98822,1677.021484,-0.9785845648,0.1821981582,0.0957918615,,,,
36800,0.0,454.046539,-807.874451,1676.978149,-0.9785997179,0.1822009795,0.0956315593,,,,
36801,0.0,457.261841,-805.425598,1677.29541,-0.3098685184,0.9484177925,0.0669715781,0.0476437615,300.8174030942,986.3258254954,0.0
36802,0.0,468.397888,-807.457825,1677.389526,0.9518481951,0.3065478605,0.0036637172,,,,
36803,0.0,469.816711,-809.5,1677.271362,1.0,0.0,0.0,,,,
36804,0.0,469.766815,-809.5,1677.305908,1.0,0.0,0.0,,,,
36805,0.0,469.87561,-809.5,1677.220093,1.0,0.0,0.0,,,,
36806,0.0,470.031036,-809.5,1677.002197,1.0,0.0,0.0,,,,
36807,0.0,470.078491,-809.5,1676.881592,1.0,0.0,0.0,,,,
36808,0.0,470.126587,-809.5,1676.732544,1.0,0.0,0.0,,,,
36809,0.0,470.148376,-809.5,1676.553467,1.0,0.0,0.0,,,,
36810,0.0,471.427185,-809.593201,1673.657227,1.0,0.0,0.0,,,,
36811,0.0,471.427429,-809.544983,1673.648926,1.0,0.0,0.0,,,,
36812,0.0,471.530396,-809.5,1673.880127,1.0,0.0,0.0,,,,
36813,0.0,471.518829,-809.5,1673.89917,1.0,0.0,0.0,,,,
36814,0.0,471.228638,-809.5,1674.505859,1.0,0.0,0.0,,,,
36815,0.0,471.094864,-809.5,1674.7410885,1.0,0.0,0.0,,,,
36816,0.0,470.96109,-809.5,1674.976318,1.0,0.0,0.0,,,,
36817,0.0,470.202087,-809.5,1676.125732,1.0,0.0,0.0,,,,
36818,0.0,469.933167,-809.5,1676.508911,1.0,0.0,0.0,,,,
36819,0.0,469.4757695,-809.5,1677.174133,1.0,0.0,0.0,,,,
36820,0.0,469.018372,-809.5,1677.839355,1.0,0.0,0.0,,,,
36821,0.0,468.51886,-809.5,1678.626831,1.0,0.0,0.0,,,,
36822,0.0,468.152863,-809.5,1679.253296,1.0,0.0,0.0,,,,
36823,0.0,468.194275,-809.5,1679.196167,1.0,0.0,0.0,,,,
36824,0.0,468.11145,-809.5,1679.395447,1.0,0.0,0.0,,,,
36825,0.0,467.218262,-809.676147,1680.324951,1.0,0.0,0.0,,,,
36826,0.0,467.241547,-809.817322,1680.370483,1.0,0.0,0.0,,,,
36827,0.0,467.283264,-809.901367,1680.373413,1.0,0.0,0.0,,,,
36828,0.0,467.445435,-809.725342,1680.370239,1.0,0.0,0.0,,,,
36829,0.0,467.655457,-809.489502,1680.370361,1.0,0.0,0.0,,,,
36830,0.0,468.181671,-808.86554,1680.340942,1.0,0.0,0.0,,,,
36831,0.0,468.856079,-808.354553,1680.275391,1.0,0.0,0.0,,,,
36832,0.0,469.877167,-807.857117,1679.979614,1.0,0.0,0.0,,,,
36833,0.0,471.149567,-807.423828,1679.67041,1.0,0.0,0.0,,,,
36834,0.0,472.809753,-806.974915,1679.43396,1.0,0.0,0.0,,,,
36835,0.0,474.218109,-806.700317,1679.160156,0.9999997753,-0.0006703809,0.0,,,,
36836,0.0,476.322906,-806.372375,1678.851074,0.9999970191,-0.0024416957,0.0,,,,
36837,0.0,478.484436,-806.093323,1678.275024,0.9999823162,-0.0059470347,0.0,,,,
36838,0.0,481.424805,-805.748596,1677.791504,0.9999482706,-0.0101713417,0.0,,,,
36839,0.0,483.449341,-805.554077,1677.577393,0.9998617874,-0.0166254674,0.0,,,,
36840,0.0,486.643921,-805.358765,1677.083496,0.9996590844,-0.0261096714,0.0,,,,
36841,0.0,488.90094,-805.238342,1676.908569,0.9993530295,-0.035965572,0.0,,,,
36842,0.0,492.354004,-805.163879,1676.588501,0.9987329634,-0.0503236302,0.0,,,,
36843,0.0,494.929047,-805.142029,1676.44519,0.998185468,-0.0602143785,0.0,,,,
36844,0.0,497.78418,-805.294006,1676.360352,0.9968913929,-0.0787880114,0.0,,,,
36845,0.0,501.085449,-805.355774,1676.578491,0.9952446407,-0.0974069054,0.0,,,,
36846,0.0,503.681976,-805.503357,1676.662354,0.9927837207,-0.1199186558,0.0,,,,
36847,0.0,506.962189,-805.922302,1676.896362,0.9889374785,-0.1483305337,0.0008463973,,,,
36848,0.0,508.595245,-806.274963,1676.870117,0.9866839961,-0.1626383122,0.0018631379,,,,
36849,0.0,512.542297,-807.315002,1677.045166,0.9827340552,-0.184988603,0.0036046382,,,,
36850,0.0,515.765259,-808.47229,1677.075806,0.9785093002,-0.2061476568,0.0047637185,,,,
36851,0.0,518.098877,-809.495605,1677.122681,0.9753520459,-0.2205649462,0.0062841911,,,,
36852,0.0,521.465027,-811.110718,1676.999023,0.9715322153,-0.2367872651,0.0075462434,,,,
36853,0.0,524.316406,-812.861877,1677.068481,0.9666376708,-0.2559692789,0.0095572775,,,,
36854,0.0,526.403015,-814.255493,1676.993286,0.9632429012,-0.2684037327,0.0110702053,,,,
36855,0.0,529.440247,-816.492798,1676.861206,0.9569606373,-0.2899134203,0.0132871148,,,,
36856,0.0,531.740356,-818.471863,1676.780762,0.9501401858,-0.3114701349,0.0148318052,,,,
36857,0.0,536.139954,-822.585083,1676.322021,0.937789639,-0.3467613463,0.0175260306,,,,
36858,0.0,537.317688,-823.9151,1676.217285,0.9320566624,-0.3614861313,0.0186343837,,,,
36859,0.0,538.495422,-825.245117,1676.112549,0.9263236858,-0.3762109163,0.0197427369,,,,
36860,0.0,542.491943,-830.052246,1676.126221,0.9123268231,-0.4088495529,0.0224011374,,,,
36861,0.0,543.5305785,-831.4319765,1676.2336425,0.9095179398,-0.4149662991,0.023114385,,,,
36862,0.0,544.569214,-832.811707,1676.341064,0.9067090564,-0.4210830452,0.0238276326,,,,
36863,0.0,548.563477,-838.765808,1676.563721,0.8998869839,-0.4353686152,0.0256434233,,,,
36864,0.0,550.922607,-842.463562,1677.078491,0.8972827828,-0.4406968079,0.0258830298,,,,
36865,0.0,551.841309,-844.253052,1677.031372,0.89685564,-0.4415462185,0.0262087373,,,,
36866,0.0,554.253723,-848.311035,1677.31543,0.8963575059,-0.4425237548,0.0267572066,,,,
36867,0.0,556.19165,-851.843323,1677.452515,0.8962809753,-0.4426736386,0.0268414408,,,,
36868,0.0,557.207886,-853.759033,1677.51355,0.8962809753,-0.4426736386,0.0268414408,,,,
36869,0.0,559.19751,-857.505127,1677.540283,0.8962809753,-0.4426736386,0.0268414408,,,,
36870,0.0,561.159546,-861.077209,1677.440186,0.8962809753,-0.4426736386,0.0268414408,,,,
36871,0.0,562.97644,-864.528748,1677.319214,0.8962809753,-0.4426736386,0.0268414408,,,,
36872,0.0,564.380127,-867.035645,1676.993774,0.8962809753,-0.4426736386,0.0268414408,,,,
36873,0.0,566.168884,-870.729919,1676.770996,0.8962809753,-0.4426736386,0.0268414408,,,,
36874,0.0,567.73999,-874.163452,1676.76123,0.8962809753,-0.4426736386,0.0268414408,,,,
36875,0.0,568.880981,-876.493286,1676.465332,0.8962809753,-0.4426736386,0.0268414408,,,,
36876,0.0,570.15564,-879.529358,1676.449097,0.8970726238,-0.4409980958,0.0279533041,,,,
36877,0.0,571.895996,-883.597839,1676.480469,0.8981414703,-0.4387183407,0.0294638221,,,,
36878,0.0,573.606445,-887.502075,1676.47229,0.8994786289,-0.4358906904,0.0306186561,,,,
36879,0.0,574.454895,-889.306091,1676.61731,0.9014231603,-0.4317834371,0.0316124887,,,,
36880,0.0,576.898682,-893.776306,1676.687256,0.9049717634,-0.4241574697,0.0334147918,,,,
36881,0.0,578.482605,-896.392029,1676.775146,0.9074513014,-0.4187061731,0.0348894846,,,,
36882,0.0,580.924072,-899.710632,1677.116211,0.9119229205,-0.4087504862,0.0363266714,,,,
36883,0.0,582.72168,-901.683044,1677.535278,0.9158606162,-0.3997463608,0.0374456777,,,,
36884,0.0,586.637024,-912.132202,1677.701294,0.9216162973,-0.3861223981,0.0391521943,,,,
36885,0.0,589.251648,-914.836792,1677.701294,0.9274205555,-0.3717458556,0.0411841231,,,,
36886,0.0,591.304688,-916.845581,1677.701294,0.9297898746,-0.3657761474,0.041214065,,,,
36887,0.0,593.658142,-919.011292,1677.701294,0.9315112097,-0.3613225916,0.0416275274,,,,
36888,0.0,596.559204,-921.567261,1677.701294,0.9328237023,-0.35786646,0.0420896343,,,,
36889,0.0,599.570251,-924.043579,1677.701294,0.9343133705,-0.3539492199,0.0421719755,,,,
36890,0.0,602.456482,-926.214111,1677.701294,0.936943314,-0.3468153908,0.0430849294,,,,
36891,0.0,605.056885,-928.036255,1677.701294,0.9401538703,-0.3380096416,0.0431298299,,,,
36892,0.0,607.546143,-929.644653,1677.701294,0.9443859376,-0.3258905554,0.0439379882,,,,
36893,0.0,610.753357,-931.67218,1677.701294,0.9483903392,-0.3139190466,0.0448396781,,,,
36894,0.0,614.393311,-933.750244,1677.701294,0.9552853776,-0.2920930849,0.0459508122,,,,
36895,0.0,617.596497,-935.423279,1677.701294,0.9610843544,-0.2720897814,0.0477913659,,,,
36896,0.0,620.700989,-936.950012,1677.701294,0.9664639642,-0.2521313395,0.0487564711,,,,
36897,0.0,624.376709,-938.606201,1677.701294,0.9734489183,-0.222993803,0.0516814024,,,,
36898,0.0,627.622314,-939.952087,1677.701294,0.9792676524,-0.1951179167,0.0544413764,,,,
36899,0.0,631.063843,-941.294678,1677.701294,0.9843615438,-0.1665682651,0.0573355399,,,,
36900,0.0,636.96637,-943.350281,1677.701172,0.9914284969,-0.1145341056,0.0628607522,,,,
36901,0.0,639.2121585,-944.045685,1677.701233,0.9931008201,-0.0954588844,0.0653122646,,,,
36902,0.0,644.90155,-945.764954,1677.701294,0.9959627321,-0.0565248502,0.0697364862,,,,
36903,0.0,646.401825,-946.164185,1677.701294,0.9962758983,-0.0480474047,0.0710775473,,,,
36904,0.0,651.894287,-947.609985,1677.701294,0.9969057264,-0.022898147,0.0751973909,,,,
36905,0.0,653.534485,-947.918823,1677.701294,0.996876368,-0.0007172472,0.0789746321,,,,
36906,0.0,654.517944,-947.991211,1677.701294,0.9964413243,0.0182184753,0.082296867,,,,
36907,0.0,660.128784,-948.726013,1677.701172,0.9959986922,0.0296319384,0.0843122373,,,,
36908,0.0,660.155518,-948.579285,1677.701294,0.9949573833,0.0488817504,0.0875807049,,,,
36909,0.0,660.167847,-948.413208,1677.701294,0.9933365198,0.0708016225,0.0909378292,,,,
36910,0.0,660.189819,-948.295349,1677.701294,0.99193965,0.0861950454,0.0928770422,,,,
36911,0.0,660.169189,-948.136597,1677.701294,0.9896130977,0.107571571,0.0953639028,,,,
36912,0.0,660.167236,-948.119141,1677.701294,0.9893246345,0.1099225707,0.0956161488,,,,
36913,0.0,660.165283,-948.101685,1677.701294,0.9890361713,0.1122735705,0.0958683949,,,,
36914,0.0,660.16333,-948.084229,1677.701294,0.9508882974,0.2885483657,0.1120325245,,,,
36915,0.0,660.16333,-948.084229,1677.701294,0.9508882974,0.2885483657,0.1120325245,,,,
36916,0.0,660.358643,-947.38562,1677.701172,0.9737662743,0.2021972426,0.1043815988,,,,
36917,0.0,660.481018,-947.192566,1677.701294,0.9689297074,0.2233559629,0.1062418749,,,,
36918,0.0,660.513,-947.074097,1677.701294,0.9654401965,0.2372295164,0.1079230448,,,,
36919,0.0,659.965759,-946.329956,1677.700684,0.9287453278,0.3525819026,0.1145343533,,,,
36920,0.0,659.664246,-946.105408,1677.701294,0.9104023466,0.3968786813,0.1168540952,,,,
36921,0.0,657.996582,-945.65686,1677.71167,0.800758627,0.5854804053,0.1264844504,,,,
36922,0.0,659.472229,-946.005737,1677.701294,0.8994435533,0.4208764336,0.1177468559,,,,
36923,0.0,659.472229,-946.005737,1677.701294,0.8994435533,0.4208764336,0.1177468559,,,,
36924,0.0,659.472229,-946.005737,1677.701294,0.8994435533,0.4208764336,0.1177468559,,,,
36925,0.0,659.472229,-946.005737,1677.701294,0.8994435533,0.4208764336,0.1177468559,,,,
36926,0.0,659.472229,-946.005737,1677.701294,0.8994435533,0.4208764336,0.1177468559,,,,
36927,0.0,659.472229,-946.005737,1677.701294,0.8994435533,0.4208764336,0.1177468559,,,,
36928,0.0,659.472229,-946.005737,1677.701294,0.8994435533,0.4208764336,0.1177468559,,,,
36929,0.0,659.472229,-946.005737,1677.701294,0.8994435533,0.4208764336,0.1177468559,,,,
36930,0.0,659.472229,-946.005737,1677.701294,0.8994435533,0.4208764336,0.1177468559,,,,
36931,0.0,659.472229,-946.005737,1677.701294,0.8994435533,0.4208764336,0.1177468559,,,,
36932,0.0,659.472229,-946.005737,1677.701294,0.8994435533,0.4208764336,0.1177468559,,,,
36933,0.0,659.472229,-946.005737,1677.701294,0.8994435533,0.4208764336,0.1177468559,,,,
36934,0.0,659.472229,-946.005737,1677.701294,0.8994435533,0.4208764336,0.1177468559,,,,
36935,0.0,659.472229,-946.005737,1677.701294,0.8994435533,0.4208764336,0.1177468559,,,,
36936,0.0,659.472229,-946.005737,1677.701294,0.8994435533,0.4208764336,0.1177468559,,,,
36937,0.0,659.472229,-946.005737,1677.701294,0.8994435533,0.4208764336,0.1177468559,,,,
36938,0.0,659.472229,-946.005737,1677.701294,0.8994435533,0.4208764336,0.1177468559,,,,
36939,0.0,659.472229,-946.005737,1677.701294,0.8994435533,0.4208764336,0.1177468559,,,,
36940,0.0,659.472229,-946.005737,1677.701294,0.8994435533,0.4208764336,0.1177468559,,,,
36941,0.0,659.472229,-946.005737,1677.701294,0.8994435533,0.4208764336,0.1177468559,,,,
36942,0.0,659.472229,-946.005737,1677.701294,0.8994435533,0.4208764336,0.1177468559,,,,
36943,0.0,659.472229,-946.005737,1677.701294,0.8994435533,0.4208764336,0.1177468559,,,,
36944,0.0,659.472229,-946.005737,1677.701294,0.8994435533,0.4208764336,0.1177468559,,,,
36945,0.0,659.472229,-946.005737,1677.701294,0.8994435533,0.4208764336,0.1177468559,,,,
36946,0.0,659.472229,-946.005737,1677.701294,0.8994435533,0.4208764336,0.1177468559,,,,
36947,0.0,659.472229,-946.005737,1677.701294,0.8994435533,0.4208764336,0.1177468559,,,,
36948,0.0,659.472229,-946.005737,1677.701294,0.8994435533,0.4208764336,0.1177468559,,,,
36949,0.0,659.472229,-946.005737,1677.701294,0.8994435533,0.4208764336,0.1177468559,,,,
36950,0.0,659.472229,-946.005737,1677.701294,0.8994435533,0.4208764336,0.1177468559,,,,
36951,0.0,659.472229,-946.005737,1677.701294,0.8994435533,0.4208764336,0.1177468559,,,,
36952,0.0,659.472229,-946.005737,1677.701294,0.8994435533,0.4208764336,0.1177468559,,,,
36953,0.0,659.472229,-946.005737,1677.701294,0.8994435533,0.4208764336,0.1177468559,,,,
36954,0.0,659.472229,-946.005737,1677.701294,0.8994435533,0.4208764336,0.1177468559,,,,
36955,0.0,659.472229,-946.005737,1677.701294,0.8994435533,0.4208764336,0.1177468559,,,,
36956,0.0,659.472229,-946.005737,1677.701294,0.8994435533,0.4208764336,0.1177468559,,,,
36957,0.0,659.472229,-946.005737,1677.701294,0.8994435533,0.4208764336,0.1177468559,,,,
36958,0.0,659.472229,-946.005737,1677.701294,0.8994435533,0.4208764336,0.1177468559,,,,
36959,0.0,659.472229,-946.005737,1677.701294,0.8994435533,0.4208764336,0.1177468559,,,,
36960,0.0,659.472229,-946.005737,1677.701294,0.8994435533,0.4208764336,0.1177468559,,,,
36961,0.0,659.472229,-946.005737,1677.701294,0.8994435533,0.4208764336,0.1177468559,,,,
36962,0.0,659.472229,-946.005737,1677.701294,0.8994435533,0.4208764336,0.1177468559,,,,
36963,0.0,659.472229,-946.005737,1677.701294,0.8994435533,0.4208764336,0.1177468559,,,,
36964,0.0,659.472229,-946.005737,1677.701294,0.8994435533,0.4208764336,0.1177468559,,,,
36965,0.0,659.472229,-946.005737,1677.701294,0.8994435533,0.4208764336,0.1177468559,,,,
36966,0.0,659.472229,-946.005737,1677.701294,0.8994435533,0.4208764336,0.1177468559,,,,
36967,0.0,659.472229,-946.005737,1677.701294,0.8994435533,0.4208764336,0.1177468559,,,,
36968,0.0,659.472229,-946.005737,1677.701294,0.8994435533,0.4208764336,0.1177468559,,,,
36969,0.0,659.472229,-946.005737,1677.701294,0.8994435533,0.4208764336,0.1177468559,,,,
36970,0.0,659.472229,-946.005737,1677.701294,0.8994435533,0.4208764336,0.1177468559,,,,
36971,0.0,659.472229,-946.005737,1677.701294,0.8994435533,0.4208764336,0.1177468559,,,,
36972,0.0,659.472229,-946.005737,1677.701294,0.8994435533,0.4208764336,0.1177468559,,,,
36973,0.0,659.472229,-946.005737,1677.701294,0.8994435533,0.4208764336,0.1177468559,,,,
36974,0.0,659.472229,-946.005737,1677.701294,0.8994435533,0.4208764336,0.1177468559,,,,
36975,0.0,659.472229,-946.005737,1677.701294,0.8994435533,0.4208764336,0.1177468559,,,,
36976,0.0,659.472229,-946.005737,1677.701294,0.8994435533,0.4208764336,0.1177468559,,,,
36977,0.0,659.472229,-946.005737,1677.701294,0.8994435533,0.4208764336,0.1177468559,,,,
36978,0.0,659.472229,-946.005737,1677.701294,0.8994435533,0.4208764336,0.1177468559,,,,
36979,0.0,659.472229,-946.005737,1677.701294,0.8994435533,0.4208764336,0.1177468559,,,,
36980,0.0,659.472229,-946.005737,1677.701294,0.8994435533,0.4208764336,0.1177468559,,,,
36981,0.0,659.472229,-946.005737,1677.701294,0.8994435533,0.4208764336,0.1177468559,,,,
36982,0.0,659.472229,-946.005737,1677.701294,0.8994435533,0.4208764336,0.1177468559,,,,
36983,0.0,659.472229,-946.005737,1677.701294,0.8994435533,0.4208764336,0.1177468559,,,,
36984,0.0,659.472229,-946.005737,1677.701294,0.8994435533,0.4208764336,0.1177468559,,,,
36985,0.0,659.472229,-946.005737,1677.701294,0.8994435533,0.4208764336,0.1177468559,,,,
36986,0.0,659.472229,-946.005737,1677.701294,0.8994435533,0.4208764336,0.1177468559,,,,
36987,0.0,659.472229,-946.005737,1677.701294,0.8994435533,0.4208764336,0.1177468559,,,,
36988,0.0,659.472229,-946.005737,1677.701294,0.8994435533,0.4208764336,0.1177468559,,,,
36989,0.0,659.472229,-946.005737,1677.701294,0.8994435533,0.4208764336,0.1177468559,,,,
36990,0.0,659.472229,-946.005737,1677.701294,0.8994435533,0.4208764336,0.1177468559,,,,
36991,0.0,659.472229,-946.005737,1677.701294,0.8994435533,0.4208764336,0.1177468559,,,,
36992,0.0,659.472229,-946.005737,1677.701294,0.8994435533,0.4208764336,0.1177468559,,,,
36993,0.0,659.472229,-946.005737,1677.701294,0.8994435533,0.4208764336,0.1177468559,,,,
36994,0.0,659.472229,-946.005737,1677.701294,0.8994435533,0.4208764336,0.1177468559,,,,
36995,0.0,659.472229,-946.005737,1677.701294,0.8994435533,0.4208764336,0.1177468559,,,,
36996,0.0,659.472229,-946.005737,1677.701294,0.8994435533,0.4208764336,0.1177468559,,,,
36997,0.0,659.472229,-946.005737,1677.701294,0.8994435533,0.4208764336,0.1177468559,,,,
36998,0.0,659.472229,-946.005737,1677.701294,0.8994435533,0.4208764336,0.1177468559,,,,
36999,0.0,659.472229,-946.005737,1677.701294,0.8994435533,0.4208764336,0.1177468559,,,,
37000,0.0,659.472229,-946.005737,1677.701294,0.8994435533,0.4208764336,0.1177468559,,,,
37001,0.0,659.472229,-946.005737,1677.701294,0.8994435533,0.4208764336,0.1177468559,,,,
37002,0.0,659.472229,-946.005737,1677.701294,0.8994435533,0.4208764336,0.1177468559,,,,
37003,0.0,659.472229,-946.005737,1677.701294,0.8994435533,0.4208764336,0.1177468559,,,,
37004,0.0,659.472229,-946.005737,1677.701294,0.8994435533,0.4208764336,0.1177468559,,,,
37005,0.0,659.472229,-946.005737,1677.701294,0.8994435533,0.4208764336,0.1177468559,,,,
37006,0.0,659.472229,-946.005737,1677.701294,0.8994435533,0.4208764336,0.1177468559,,,,
37007,0.0,659.472229,-946.005737,1677.701294,0.8994435533,0.4208764336,0.1177468559,,,,
37008,0.0,659.472229,-946.005737,1677.701294,0.8994435533,0.4208764336,0.1177468559,,,,
37009,0.0,659.472229,-946.005737,1677.701294,0.8994435533,0.4208764336,0.1177468559,,,,
37010,0.0,659.472229,-946.005737,1677.701294,0.8994435533,0.4208764336,0.1177468559,,,,
37011,0.0,659.472229,-946.005737,1677.701294,0.8994435533,0.4208764336,0.1177468559,,,,
37012,0.0,659.472229,-946.005737,1677.701294,0.8994435533,0.4208764336,0.1177468559,,,,
37013,0.0,659.472229,-946.005737,1677.701294,0.8994435533,0.4208764336,0.1177468559,,,,
37014,0.0,659.472229,-946.005737,1677.701294,0.8994435533,0.4208764336,0.1177468559,,,,
37015,0.0,659.472229,-946.005737,1677.701294,0.8994435533,0.4208764336,0.1177468559,,,,
37016,0.0,659.472229,-946.005737,1677.701294,0.8994435533,0.4208764336,0.1177468559,,,,
37017,0.0,659.472229,-946.005737,1677.701294,0.8994435533,0.4208764336,0.1177468559,,,,
37018,0.0,659.472229,-946.005737,1677.701294,0.8994435533,0.4208764336,0.1177468559,,,,
37019,0.0,659.472229,-946.005737,1677.701294,0.8994435533,0.4208764336,0.1177468559,,,,
37020,0.0,659.472229,-946.005737,1677.701294,0.8994435533,0.4208764336,0.1177468559,,,,
37021,0.0,659.472229,-946.005737,1677.701294,0.8994435533,0.4208764336,0.1177468559,,,,
37022,0.0,659.472229,-946.005737,1677.701294,0.8994435533,0.4208764336,0.1177468559,,,,
37023,0.0,659.472229,-946.005737,1677.701294,0.8994435533,0.4208764336,0.1177468559,,,,
37024,0.0,659.472229,-946.005737,1677.701294,0.8994435533,0.4208764336,0.1177468559,,,,
37025,0.0,659.472229,-946.005737,1677.701294,0.8994435533,0.4208764336,0.1177468559,,,,
37026,0.0,659.472229,-946.005737,1677.701294,0.8994435533,0.4208764336,0.1177468559,,,,
37027,0.0,659.472229,-946.005737,1677.701294,0.8994435533,0.4208764336,0.1177468559,,,,
37028,0.0,659.472229,-946.005737,1677.701294,0.8994435533,0.4208764336,0.1177468559,,,,
37029,0.0,659.472229,-946.005737,1677.701294,0.8994435533,0.4208764336,0.1177468559,,,,
37030,0.0,659.472229,-946.005737,1677.701294,0.8994435533,0.4208764336,0.1177468559,,,,
37031,0.0,659.472229,-946.005737,1677.701294,0.8994435533,0.4208764336,0.1177468559,,,,
37032,0.0,659.472229,-946.005737,1677.701294,0.8994435533,0.4208764336,0.1177468559,,,,
37033,0.0,659.472229,-946.005737,1677.701294,0.8994435533,0.4208764336,0.1177468559,,,,
37034,0.0,659.472229,-946.005737,1677.701294,0.8994435533,0.4208764336,0.1177468559,,,,
37035,0.0,659.472229,-946.005737,1677.701294,0.8994435533,0.4208764336,0.1177468559,,,,
37036,0.0,659.472229,-946.005737,1677.701294,0.8994435533,0.4208764336,0.1177468559,,,,
37037,0.0,659.472229,-946.005737,1677.701294,0.8994435533,0.4208764336,0.1177468559,,,,
37038,0.0,659.472229,-946.005737,1677.701294,0.8994435533,0.4208764336,0.1177468559,,,,
37039,0.0,659.472229,-946.005737,1677.701294,0.8994435533,0.4208764336,0.1177468559,,,,
37040,0.0,659.472229,-946.005737,1677.701294,0.8994435533,0.4208764336,0.1177468559,,,,
37041,0.0,659.472229,-946.005737,1677.701294,0.8994435533,0.4208764336,0.1177468559,,,,
37042,0.0,659.472229,-946.005737,1677.701294,0.8994435533,0.4208764336,0.1177468559,,,,
37043,0.0,659.472229,-946.005737,1677.701294,0.8994435533,0.4208764336,0.1177468559,,,,
37044,0.0,659.472229,-946.005737,1677.701294,0.8994435533,0.4208764336,0.1177468559,,,,
37045,0.0,659.472229,-946.005737,1677.701294,0.8994435533,0.4208764336,0.1177468559,,,,
37046,0.0,659.472229,-946.005737,1677.701294,0.8994435533,0.4208764336,0.1177468559,,,,
37047,0.0,659.472229,-946.005737,1677.701294,0.8994435533,0.4208764336,0.1177468559,,,,
37048,0.0,659.472229,-946.005737,1677.701294,0.8994435533,0.4208764336,0.1177468559,,,,
37049,0.0,659.472229,-946.005737,1677.701294,0.8994435533,0.4208764336,0.1177468559,,,,
37050,0.0,659.472229,-946.005737,1677.701294,0.8994435533,0.4208764336,0.1177468559,,,,
37051,0.0,659.472229,-946.005737,1677.701294,0.8994435533,0.4208764336,0.1177468559,,,,
37052,0.0,659.472229,-946.005737,1677.701294,0.8994435533,0.4208764336,0.1177468559,,,,
37053,0.0,659.472229,-946.005737,1677.701294,0.8994435533,0.4208764336,0.1177468559,,,,
37054,0.0,659.472229,-946.005737,1677.701294,0.8994435533,0.4208764336,0.1177468559,,,,
37055,0.0,659.472229,-946.005737,1677.701294,0.8994435533,0.4208764336,0.1177468559,,,,
37056,0.0,659.472229,-946.005737,1677.701294,0.8994435533,0.4208764336,0.1177468559,,,,
37057,0.0,659.472229,-946.005737,1677.701294,0.8994435533,0.4208764336,0.1177468559,,,,
37058,0.0,659.472229,-946.005737,1677.701294,0.8994435533,0.4208764336,0.1177468559,,,,
37059,0.0,659.472229,-946.005737,1677.701294,0.8994435533,0.4208764336,0.1177468559,,,,
37060,0.0,659.472229,-946.005737,1677.701294,0.8994435533,0.4208764336,0.1177468559,,,,
37061,0.0,659.472229,-946.005737,1677.701294,0.8994435533,0.4208764336,0.1177468559,,,,
37062,0.0,659.472229,-946.005737,1677.701294,0.8994435533,0.4208764336,0.1177468559,,,,
37063,0.0,659.472229,-946.005737,1677.701294,0.8994435533,0.4208764336,0.1177468559,,,,
37064,0.0,659.472229,-946.005737,1677.701294,0.8994435533,0.4208764336,0.1177468559,,,,
37065,0.0,659.472229,-946.005737,1677.701294,0.8994435533,0.4208764336,0.1177468559,,,,
37066,0.0,659.472229,-946.005737,1677.701294,0.8994435533,0.4208764336,0.1177468559,,,,
37067,0.0,659.472229,-946.005737,1677.701294,0.8994435533,0.4208764336,0.1177468559,,,,
37068,0.0,659.472229,-946.005737,1677.701294,0.8994435533,0.4208764336,0.1177468559,,,,
37069,0.0,659.472229,-946.005737,1677.701294,0.8994435533,0.4208764336,0.1177468559,,,,
37070,0.0,659.472229,-946.005737,1677.701294,0.8994435533,0.4208764336,0.1177468559,,,,
37071,0.0,659.472229,-946.005737,1677.701294,0.8994435533,0.4208764336,0.1177468559,,,,
37072,0.0,659.472229,-946.005737,1677.701294,0.8994435533,0.4208764336,0.1177468559,,,,
37073,0.0,659.472229,-946.005737,1677.701294,0.8994435533,0.4208764336,0.1177468559,,,,
37074,0.0,659.472229,-946.005737,1677.701294,0.8994435533,0.4208764336,0.1177468559,,,,
37075,0.0,659.472229,-946.005737,1677.701294,0.8994435533,0.4208764336,0.1177468559,,,,
37076,0.0,659.472229,-946.005737,1677.701294,0.8994435533,0.4208764336,0.1177468559,,,,
37077,0.0,659.472229,-946.005737,1677.701294,0.8994435533,0.4208764336,0.1177468559,,,,
37078,0.0,659.472229,-946.005737,1677.701294,0.8994435533,0.4208764336,0.1177468559,,,,
37079,0.0,659.472229,-946.005737,1677.701294,0.8994435533,0.4208764336,0.1177468559,,,,
37080,0.0,659.472229,-946.005737,1677.701294,0.8994435533,0.4208764336,0.1177468559,,,,
37081,0.0,659.472229,-946.005737,1677.701294,0.8994435533,0.4208764336,0.1177468559,,,,
37082,0.0,659.472229,-946.005737,1677.701294,0.8994435533,0.4208764336,0.1177468559,,,,
37083,0.0,659.472229,-946.005737,1677.701294,0.8994435533,0.4208764336,0.1177468559,,,,
37084,0.0,659.472229,-946.005737,1677.701294,0.8994435533,0.4208764336,0.1177468559,,,,
37085,0.0,659.472229,-946.005737,1677.701294,0.8994435533,0.4208764336,0.1177468559,,,,
37086,0.0,659.472229,-946.005737,1677.701294,0.8994435533,0.4208764336,0.1177468559,,,,
37087,0.0,659.472229,-946.005737,1677.701294,0.8994435533,0.4208764336,0.1177468559,,,,
37088,0.0,659.472229,-946.005737,1677.701294,0.8994435533,0.4208764336,0.1177468559,,,,
37089,0.0,659.472229,-946.005737,1677.701294,0.8994435533,0.4208764336,0.1177468559,,,,
37090,0.0,659.472229,-946.005737,1677.701294,0.8994435533,0.4208764336,0.1177468559,,,,
37091,0.0,659.472229,-946.005737,1677.701294,0.8994435533,0.4208764336,0.1177468559,,,,
37092,0.0,659.472229,-946.005737,1677.701294,0.8994435533,0.4208764336,0.1177468559,,,,
37093,0.0,659.472229,-946.005737,1677.701294,0.8994435533,0.4208764336,0.1177468559,,,,
37094,0.0,659.472229,-946.005737,1677.701294,0.8994435533,0.4208764336,0.1177468559,,,,
37095,0.0,659.472229,-946.005737,1677.701294,0.8994435533,0.4208764336,0.1177468559,,,,
37096,0.0,659.472229,-946.005737,1677.701294,0.8994435533,0.4208764336,0.1177468559,,,,
37097,0.0,659.472229,-946.005737,1677.701294,0.8994435533,0.4208764336,0.1177468559,,,,
37098,0.0,659.472229,-946.005737,1677.701294,0.8994435533,0.4208764336,0.1177468559,,,,
37099,0.0,659.472229,-946.005737,1677.701294,0.8994435533,0.4208764336,0.1177468559,,,,
37100,0.0,659.472229,-946.005737,1677.701294,0.8994435533,0.4208764336,0.1177468559,,,,
37101,0.0,659.472229,-946.005737,1677.701294,0.8994435533,0.4208764336,0.1177468559,,,,
37102,0.0,659.472229,-946.005737,1677.701294,0.8994435533,0.4208764336,0.1177468559,,,,
37103,0.0,659.472229,-946.005737,1677.701294,0.8994435533,0.4208764336,0.1177468559,,,,
37104,0.0,659.472229,-946.005737,1677.701294,0.8994435533,0.4208764336,0.1177468559,,,,
37105,0.0,659.472229,-946.005737,1677.701294,0.8994435533,0.4208764336,0.1177468559,,,,
37106,0.0,659.472229,-946.005737,1677.701294,0.8994435533,0.4208764336,0.1177468559,,,,
37107,0.0,659.472229,-946.005737,1677.701294,0.8994435533,0.4208764336,0.1177468559,,,,
37108,0.0,659.472229,-946.005737,1677.701294,0.8994435533,0.4208764336,0.1177468559,,,,
37109,0.0,659.472229,-946.005737,1677.701294,0.8994435533,0.4208764336,0.1177468559,,,,
37110,0.0,659.472229,-946.005737,1677.701294,0.8994435533,0.4208764336,0.1177468559,,,,
37111,0.0,659.472229,-946.005737,1677.701294,0.8994435533,0.4208764336,0.1177468559,,,,
37112,0.0,659.472229,-946.005737,1677.701294,0.8994435533,0.4208764336,0.1177468559,,,,
37113,0.0,659.472229,-946.005737,1677.701294,0.8994435533,0.4208764336,0.1177468559,,,,
37114,0.0,659.472229,-946.005737,1677.701294,0.8994435533,0.4208764336,0.1177468559,,,,
37115,0.0,659.472229,-946.005737,1677.701294,0.8994435533,0.4208764336,0.1177468559,,,,
37116,0.0,659.472229,-946.005737,1677.701294,0.8994435533,0.4208764336,0.1177468559,,,,
37117,0.0,659.472229,-946.005737,1677.701294,0.8994435533,0.4208764336,0.1177468559,,,,
37118,0.0,659.472229,-946.005737,1677.701294,0.8994435533,0.4208764336,0.1177468559,,,,
37119,0.0,659.472229,-946.005737,1677.701294,0.8994435533,0.4208764336,0.1177468559,,,,
37120,0.0,659.472229,-946.005737,1677.701294,0.8994435533,0.4208764336,0.1177468559,,,,
37121,0.0,659.472229,-946.005737,1677.701294,0.8994435533,0.4208764336,0.1177468559,,,,
37122,0.0,659.472229,-946.005737,1677.701294,0.8994435533,0.4208764336,0.1177468559,,,,
37123,0.0,659.472229,-946.005737,1677.701294,0.8994435533,0.4208764336,0.1177468559,,,,
37124,0.0,659.472229,-946.005737,1677.701294,0.8994435533,0.4208764336,0.1177468559,,,,
37125,0.0,659.472229,-946.005737,1677.701294,0.8994435533,0.4208764336,0.1177468559,,,,
37126,0.0,659.472229,-946.005737,1677.701294,0.8994435533,0.4208764336,0.1177468559,,,,
37127,0.0,659.472229,-946.005737,1677.701294,0.8994435533,0.4208764336,0.1177468559,,,,
37128,0.0,659.472229,-946.005737,1677.701294,0.8994435533,0.4208764336,0.1177468559,,,,
37129,0.0,659.472229,-946.005737,1677.701294,0.8994435533,0.4208764336,0.1177468559,,,,
37130,0.0,659.472229,-946.005737,1677.701294,0.8994435533,0.4208764336,0.1177468559,,,,
37131,0.0,659.472229,-946.005737,1677.701294,0.8994435533,0.4208764336,0.1177468559,,,,
37132,0.0,659.472229,-946.005737,1677.701294,0.8994435533,0.4208764336,0.1177468559,,,,
37133,0.0,659.472229,-946.005737,1677.701294,0.8994435533,0.4208764336,0.1177468559,,,,
37134,0.0,659.472229,-946.005737,1677.701294,0.8994435533,0.4208764336,0.1177468559,,,,
37135,0.0,659.472229,-946.005737,1677.701294,0.8994435533,0.4208764336,0.1177468559,,,,
37136,0.0,659.472229,-946.005737,1677.701294,0.8994435533,0.4208764336,0.1177468559,,,,
37137,0.0,659.472229,-946.005737,1677.701294,0.8994435533,0.4208764336,0.1177468559,,,,
37138,0.0,659.472229,-946.005737,1677.701294,0.8994435533,0.4208764336,0.1177468559,,,,
37139,0.0,659.472229,-946.005737,1677.701294,0.8994435533,0.4208764336,0.1177468559,,,,
37140,0.0,659.472229,-946.005737,1677.701294,0.8994435533,0.4208764336,0.1177468559,,,,
37141,0.0,659.472229,-946.005737,1677.701294,0.8994435533,0.4208764336,0.1177468559,,,,
37142,0.0,659.472229,-946.005737,1677.701294,0.8994435533,0.4208764336,0.1177468559,,,,
37143,0.0,659.472229,-946.005737,1677.701294,0.8994435533,0.4208764336,0.1177468559,,,,
37144,0.0,659.472229,-946.005737,1677.701294,0.8994435533,0.4208764336,0.1177468559,,,,
37145,0.0,659.472229,-946.005737,1677.701294,0.8994435533,0.4208764336,0.1177468559,,,,
37146,0.0,659.472229,-946.005737,1677.701294,0.8994435533,0.4208764336,0.1177468559,,,,
37147,0.0,659.472229,-946.005737,1677.701294,0.8994435533,0.4208764336,0.1177468559,,,,
37148,0.0,659.472229,-946.005737,1677.701294,0.8994435533,0.4208764336,0.1177468559,,,,
37149,0.0,659.472229,-946.005737,1677.701294,0.8994435533,0.4208764336,0.1177468559,,,,
37150,0.0,659.472229,-946.005737,1677.701294,0.8994435533,0.4208764336,0.1177468559,,,,
37151,0.0,659.472229,-946.005737,1677.701294,0.8994435533,0.4208764336,0.1177468559,,,,
37152,0.0,659.472229,-946.005737,1677.701294,0.8994435533,0.4208764336,0.1177468559,,,,
37153,0.0,659.472229,-946.005737,1677.701294,0.8994435533,0.4208764336,0.1177468559,,,,
37154,0.0,659.472229,-946.005737,1677.701294,0.8994435533,0.4208764336,0.1177468559,,,,
37155,0.0,659.472229,-946.005737,1677.701294,0.8994435533,0.4208764336,0.1177468559,,,,
37156,0.0,659.472229,-946.005737,1677.701294,0.8994435533,0.4208764336,0.1177468559,,,,
37157,0.0,659.472229,-946.005737,1677.701294,0.8994435533,0.4208764336,0.1177468559,,,,
37158,0.0,659.472229,-946.005737,1677.701294,0.8994435533,0.4208764336,0.1177468559,,,,
37159,0.0,659.472229,-946.005737,1677.701294,0.8994435533,0.4208764336,0.1177468559,,,,
37160,0.0,659.472229,-946.005737,1677.701294,0.8994435533,0.4208764336,0.1177468559,,,,
37161,0.0,659.472229,-946.005737,1677.701294,0.8994435533,0.4208764336,0.1177468559,,,,
37162,0.0,659.472229,-946.005737,1677.701294,0.8994435533,0.4208764336,0.1177468559,,,,
37163,0.0,659.472229,-946.005737,1677.701294,0.8994435533,0.4208764336,0.1177468559,,,,
37164,0.0,659.472229,-946.005737,1677.701294,0.8994435533,0.4208764336,0.1177468559,,,,
37165,0.0,659.472229,-946.005737,1677.701294,0.8994435533,0.4208764336,0.1177468559,,,,
37166,0.0,659.472229,-946.005737,1677.701294,0.8994435533,0.4208764336,0.1177468559,,,,
37167,0.0,659.472229,-946.005737,1677.701294,0.8994435533,0.4208764336,0.1177468559,,,,
37168,0.0,659.472229,-946.005737,1677.701294,0.8994435533,0.4208764336,0.1177468559,,,,
37169,0.0,659.472229,-946.005737,1677.701294,0.8994435533,0.4208764336,0.1177468559,,,,
37170,0.0,659.472229,-946.005737,1677.701294,0.8994435533,0.4208764336,0.1177468559,,,,
37171,0.0,659.472229,-946.005737,1677.701294,0.8994435533,0.4208764336,0.1177468559,,,,
37172,0.0,659.472229,-946.005737,1677.701294,0.8994435533,0.4208764336,0.1177468559,,,,
37173,0.0,659.472229,-946.005737,1677.701294,0.8994435533,0.4208764336,0.1177468559,,,,
37174,0.0,659.472229,-946.005737,1677.701294,0.8994435533,0.4208764336,0.1177468559,,,,
37175,0.0,659.472229,-946.005737,1677.701294,0.8994435533,0.4208764336,0.1177468559,,,,
37176,0.0,659.472229,-946.005737,1677.701294,0.8994435533,0.4208764336,0.1177468559,,,,
37177,0.0,659.472229,-946.005737,1677.701294,0.8994435533,0.4208764336,0.1177468559,,,,
37178,0.0,659.472229,-946.005737,1677.701294,0.8994435533,0.4208764336,0.1177468559,,,,
37179,0.0,659.472229,-946.005737,1677.701294,0.8994435533,0.4208764336,0.1177468559,,,,
37180,0.0,659.472229,-946.005737,1677.701294,0.8994435533,0.4208764336,0.1177468559,,,,
37181,0.0,659.472229,-946.005737,1677.701294,0.8994435533,0.4208764336,0.1177468559,,,,
37182,0.0,659.472229,-946.005737,1677.701294,0.8994435533,0.4208764336,0.1177468559,,,,
37183,0.0,659.472229,-946.005737,1677.701294,0.8994435533,0.4208764336,0.1177468559,,,,
37184,0.0,659.472229,-946.005737,1677.701294,0.8994435533,0.4208764336,0.1177468559,,,,
37185,0.0,659.472229,-946.005737,1677.701294,0.8994435533,0.4208764336,0.1177468559,,,,
37186,0.0,659.472229,-946.005737,1677.701294,0.8994435533,0.4208764336,0.1177468559,,,,
37187,0.0,659.472229,-946.005737,1677.701294,0.8994435533,0.4208764336,0.1177468559,,,,
37188,0.0,659.472229,-946.005737,1677.701294,0.8994435533,0.4208764336,0.1177468559,,,,
37189,0.0,659.472229,-946.005737,1677.701294,0.8994435533,0.4208764336,0.1177468559,,,,
37190,0.0,659.472229,-946.005737,1677.701294,0.8994435533,0.4208764336,0.1177468559,,,,
37191,0.0,659.472229,-946.005737,1677.701294,0.8994435533,0.4208764336,0.1177468559,,,,
37192,0.0,659.472229,-946.005737,1677.701294,0.8994435533,0.4208764336,0.1177468559,,,,
37193,0.0,659.472229,-946.005737,1677.701294,0.8994435533,0.4208764336,0.1177468559,,,,
37194,0.0,659.472229,-946.005737,1677.701294,0.8994435533,0.4208764336,0.1177468559,,,,
37195,0.0,659.472229,-946.005737,1677.701294,0.8994435533,0.4208764336,0.1177468559,,,,
37196,0.0,659.472229,-946.005737,1677.701294,0.8994435533,0.4208764336,0.1177468559,,,,
37197,0.0,659.472229,-946.005737,1677.701294,0.8994435533,0.4208764336,0.1177468559,,,,
37198,0.0,659.472229,-946.005737,1677.701294,0.8994435533,0.4208764336,0.1177468559,,,,
37199,0.0,659.472229,-946.005737,1677.701294,0.8994435533,0.4208764336,0.1177468559,,,,
37200,0.0,659.472229,-946.005737,1677.701294,0.8994435533,0.4208764336,0.1177468559,,,,
37201,0.0,659.472229,-946.005737,1677.701294,0.8994435533,0.4208764336,0.1177468559,,,,
37202,0.0,659.472229,-946.005737,1677.701294,0.8994435533,0.4208764336,0.1177468559,,,,
37203,0.0,659.472229,-946.005737,1677.701294,0.8994435533,0.4208764336,0.1177468559,,,,
37204,0.0,659.472229,-946.005737,1677.701294,0.8994435533,0.4208764336,0.1177468559,,,,
37205,0.0,659.472229,-946.005737,1677.701294,0.8994435533,0.4208764336,0.1177468559,,,,
37206,0.0,659.472229,-946.005737,1677.701294,0.8994435533,0.4208764336,0.1177468559,,,,
37207,0.0,659.472229,-946.005737,1677.701294,0.8994435533,0.4208764336,0.1177468559,,,,
37208,0.0,659.472229,-946.005737,1677.701294,0.8994435533,0.4208764336,0.1177468559,,,,
37209,0.0,659.472229,-946.005737,1677.701294,0.8994435533,0.4208764336,0.1177468559,,,,
37210,0.0,659.472229,-946.005737,1677.701294,0.8994435533,0.4208764336,0.1177468559,,,,
37211,0.0,659.472229,-946.005737,1677.701294,0.8994435533,0.4208764336,0.1177468559,,,,
37212,0.0,659.472229,-946.005737,1677.701294,0.8994435533,0.4208764336,0.1177468559,,,,
37213,0.0,659.472229,-946.005737,1677.701294,0.8994435533,0.4208764336,0.1177468559,,,,
37214,0.0,659.472229,-946.005737,1677.701294,0.8994435533,0.4208764336,0.1177468559,,,,
37215,0.0,659.472229,-946.005737,1677.701294,0.8994435533,0.4208764336,0.1177468559,,,,
37216,0.0,659.472229,-946.005737,1677.701294,0.8994435533,0.4208764336,0.1177468559,,,,
37217,0.0,659.472229,-946.005737,1677.701294,0.8994435533,0.4208764336,0.1177468559,,,,
37218,0.0,659.472229,-946.005737,1677.701294,0.8994435533,0.4208764336,0.1177468559,,,,
37219,0.0,659.472229,-946.005737,1677.701294,0.8994435533,0.4208764336,0.1177468559,,,,
37220,0.0,659.472229,-946.005737,1677.701294,0.8994435533,0.4208764336,0.1177468559,,,,
37221,0.0,659.472229,-946.005737,1677.701294,0.8994435533,0.4208764336,0.1177468559,,,,
37222,0.0,659.472229,-946.005737,1677.701294,0.8994435533,0.4208764336,0.1177468559,,,,
37223,0.0,659.472229,-946.005737,1677.701294,0.8994435533,0.4208764336,0.1177468559,,,,
37224,0.0,659.472229,-946.005737,1677.701294,0.8994435533,0.4208764336,0.1177468559,,,,
37225,0.0,659.472229,-946.005737,1677.701294,0.8994435533,0.4208764336,0.1177468559,,,,
37226,0.0,659.472229,-946.005737,1677.701294,0.8994435533,0.4208764336,0.1177468559,,,,
37227,0.0,659.472229,-946.005737,1677.701294,0.8994435533,0.4208764336,0.1177468559,,,,
37228,0.0,659.472229,-946.005737,1677.701294,0.8994435533,0.4208764336,0.1177468559,,,,
37229,0.0,659.472229,-946.005737,1677.701294,0.8994435533,0.4208764336,0.1177468559,,,,
37230,0.0,659.472229,-946.005737,1677.701294,0.8994435533,0.4208764336,0.1177468559,,,,
37231,0.0,659.472229,-946.005737,1677.701294,0.8994435533,0.4208764336,0.1177468559,,,,
37232,0.0,659.472229,-946.005737,1677.701294,0.8994435533,0.4208764336,0.1177468559,,,,
37233,0.0,659.472229,-946.005737,1677.701294,0.8994435533,0.4208764336,0.1177468559,,,,
37234,0.0,659.472229,-946.005737,1677.701294,0.8994435533,0.4208764336,0.1177468559,,,,
37235,0.0,659.472229,-946.005737,1677.701294,0.8994435533,0.4208764336,0.1177468559,,,,
37236,0.0,659.472229,-946.005737,1677.701294,0.8994435533,0.4208764336,0.1177468559,,,,
37237,0.0,659.472229,-946.005737,1677.701294,0.8994435533,0.4208764336,0.1177468559,,,,
37238,0.0,659.472229,-946.005737,1677.701294,0.8994435533,0.4208764336,0.1177468559,,,,
37239,0.0,659.472229,-946.005737,1677.701294,0.8994435533,0.4208764336,0.1177468559,,,,
37240,0.0,659.472229,-946.005737,1677.701294,0.8994435533,0.4208764336,0.1177468559,,,,
37241,0.0,659.472229,-946.005737,1677.701294,0.8994435533,0.4208764336,0.1177468559,,,,
37242,0.0,659.472229,-946.005737,1677.701294,0.8994435533,0.4208764336,0.1177468559,,,,
37243,0.0,659.472229,-946.005737,1677.701294,0.8994435533,0.4208764336,0.1177468559,,,,
37244,0.0,659.472229,-946.005737,1677.701294,0.8994435533,0.4208764336,0.1177468559,,,,
37245,0.0,659.472229,-946.005737,1677.701294,0.8994435533,0.4208764336,0.1177468559,,,,
37246,0.0,659.472229,-946.005737,1677.701294,0.8994435533,0.4208764336,0.1177468559,,,,
37247,0.0,659.472229,-946.005737,1677.701294,0.8994435533,0.4208764336,0.1177468559,,,,
37248,0.0,659.472229,-946.005737,1677.701294,0.8994435533,0.4208764336,0.1177468559,,,,
37249,0.0,659.472229,-946.005737,1677.701294,0.8994435533,0.4208764336,0.1177468559,,,,
37250,0.0,659.472229,-946.005737,1677.701294,0.8994435533,0.4208764336,0.1177468559,,,,
37251,0.0,659.472229,-946.005737,1677.701294,0.8994435533,0.4208764336,0.1177468559,,,,
37252,0.0,659.472229,-946.005737,1677.701294,0.8994435533,0.4208764336,0.1177468559,,,,
37253,0.0,659.472229,-946.005737,1677.701294,0.8994435533,0.4208764336,0.1177468559,,,,
37254,0.0,659.472229,-946.005737,1677.701294,0.8994435533,0.4208764336,0.1177468559,,,,
37255,0.0,659.472229,-946.005737,1677.701294,0.8994435533,0.4208764336,0.1177468559,,,,
37256,0.0,659.472229,-946.005737,1677.701294,0.8994435533,0.4208764336,0.1177468559,,,,
37257,0.0,659.472229,-946.005737,1677.701294,0.8994435533,0.4208764336,0.1177468559,,,,
37258,0.0,659.472229,-946.005737,1677.701294,0.8994435533,0.4208764336,0.1177468559,,,,
37259,0.0,659.472229,-946.005737,1677.701294,0.8994435533,0.4208764336,0.1177468559,,,,
37260,0.0,659.472229,-946.005737,1677.701294,0.8994435533,0.4208764336,0.1177468559,,,,
37261,0.0,659.472229,-946.005737,1677.701294,0.8994435533,0.4208764336,0.1177468559,,,,
37262,0.0,659.472229,-946.005737,1677.701294,0.8994435533,0.4208764336,0.1177468559,,,,
37263,0.0,659.472229,-946.005737,1677.701294,0.8994435533,0.4208764336,0.1177468559,,,,
37264,0.0,659.472229,-946.005737,1677.701294,0.8994435533,0.4208764336,0.1177468559,,,,
37265,0.0,659.472229,-946.005737,1677.701294,0.8994435533,0.4208764336,0.1177468559,,,,
37266,0.0,659.472229,-946.005737,1677.701294,0.8994435533,0.4208764336,0.1177468559,,,,
37267,0.0,659.472229,-946.005737,1677.701294,0.8994435533,0.4208764336,0.1177468559,,,,
37268,0.0,659.472229,-946.005737,1677.701294,0.8994435533,0.4208764336,0.1177468559,,,,
37269,0.0,659.472229,-946.005737,1677.701294,0.8994435533,0.4208764336,0.1177468559,,,,
37270,0.0,659.472229,-946.005737,1677.701294,0.8994435533,0.4208764336,0.1177468559,,,,
37271,0.0,659.472229,-946.005737,1677.701294,0.8994435533,0.4208764336,0.1177468559,,,,
37272,0.0,659.472229,-946.005737,1677.701294,0.8994435533,0.4208764336,0.1177468559,,,,
37273,0.0,659.472229,-946.005737,1677.701294,0.8994435533,0.4208764336,0.1177468559,,,,
37274,0.0,659.472229,-946.005737,1677.701294,0.8994435533,0.4208764336,0.1177468559,,,,
37275,0.0,659.472229,-946.005737,1677.701294,0.8994435533,0.4208764336,0.1177468559,,,,
37276,0.0,659.472229,-946.005737,1677.701294,0.8994435533,0.4208764336,0.1177468559,,,,
37277,0.0,659.472229,-946.005737,1677.701294,0.8994435533,0.4208764336,0.1177468559,,,,
37278,0.0,659.472229,-946.005737,1677.701294,0.8994435533,0.4208764336,0.1177468559,,,,
37279,0.0,659.472229,-946.005737,1677.701294,0.8994435533,0.4208764336,0.1177468559,,,,
37280,0.0,659.472229,-946.005737,1677.701294,0.8994435533,0.4208764336,0.1177468559,,,,
37281,0.0,659.472229,-946.005737,1677.701294,0.8994435533,0.4208764336,0.1177468559,,,,
37282,0.0,659.472229,-946.005737,1677.701294,0.8994435533,0.4208764336,0.1177468559,,,,
37283,0.0,659.472229,-946.005737,1677.701294,0.8994435533,0.4208764336,0.1177468559,,,,
37284,0.0,659.472229,-946.005737,1677.701294,0.8994435533,0.4208764336,0.1177468559,,,,
37285,0.0,659.472229,-946.005737,1677.701294,0.8994435533,0.4208764336,0.1177468559,,,,
37286,0.0,659.472229,-946.005737,1677.701294,0.8994435533,0.4208764336,0.1177468559,,,,
37287,0.0,659.472229,-946.005737,1677.701294,0.8994435533,0.4208764336,0.1177468559,,,,
37288,0.0,659.472229,-946.005737,1677.701294,0.8994435533,0.4208764336,0.1177468559,,,,
37289,0.0,659.472229,-946.005737,1677.701294,0.8994435533,0.4208764336,0.1177468559,,,,
37290,0.0,659.472229,-946.005737,1677.701294,0.8994435533,0.4208764336,0.1177468559,,,,
37291,0.0,659.472229,-946.005737,1677.701294,0.8994435533,0.4208764336,0.1177468559,,,,
37292,0.0,659.472229,-946.005737,1677.701294,0.8994435533,0.4208764336,0.1177468559,,,,
37293,0.0,659.472229,-946.005737,1677.701294,0.8994435533,0.4208764336,0.1177468559,,,,
37294,0.0,659.472229,-946.005737,1677.701294,0.8994435533,0.4208764336,0.1177468559,,,,
37295,0.0,659.472229,-946.005737,1677.701294,0.8994435533,0.4208764336,0.1177468559,,,,
37296,0.0,659.472229,-946.005737,1677.701294,0.8994435533,0.4208764336,0.1177468559,,,,
37297,0.0,659.472229,-946.005737,1677.701294,0.8994435533,0.4208764336,0.1177468559,,,,
37298,0.0,659.472229,-946.005737,1677.701294,0.8994435533,0.4208764336,0.1177468559,,,,
37299,0.0,659.472229,-946.005737,1677.701294,0.8994435533,0.4208764336,0.1177468559,,,,
37300,0.0,659.472229,-946.005737,1677.701294,0.8994435533,0.4208764336,0.1177468559,,,,
37301,0.0,659.472229,-946.005737,1677.701294,0.8994435533,0.4208764336,0.1177468559,,,,
37302,0.0,659.472229,-946.005737,1677.701294,0.8994435533,0.4208764336,0.1177468559,,,,
37303,0.0,659.472229,-946.005737,1677.701294,0.8994435533,0.4208764336,0.1177468559,,,,
37304,0.0,659.472229,-946.005737,1677.701294,0.8994435533,0.4208764336,0.1177468559,,,,
37305,0.0,659.472229,-946.005737,1677.701294,0.8994435533,0.4208764336,0.1177468559,,,,
37306,0.0,659.472229,-946.005737,1677.701294,0.8994435533,0.4208764336,0.1177468559,,,,
37307,0.0,659.472229,-946.005737,1677.701294,0.8994435533,0.4208764336,0.1177468559,,,,
37308,0.0,659.472229,-946.005737,1677.701294,0.8994435533,0.4208764336,0.1177468559,,,,
37309,0.0,659.472229,-946.005737,1677.701294,0.8994435533,0.4208764336,0.1177468559,,,,
37310,0.0,659.472229,-946.005737,1677.701294,0.8994435533,0.4208764336,0.1177468559,,,,
37311,0.0,659.472229,-946.005737,1677.701294,0.8994435533,0.4208764336,0.1177468559,,,,
37312,0.0,659.472229,-946.005737,1677.701294,0.8994435533,0.4208764336,0.1177468559,,,,
37313,0.0,659.472229,-946.005737,1677.701294,0.8994435533,0.4208764336,0.1177468559,,,,
37314,0.0,659.472229,-946.005737,1677.701294,0.8994435533,0.4208764336,0.1177468559,,,,
37315,0.0,659.472229,-946.005737,1677.701294,0.8994435533,0.4208764336,0.1177468559,,,,
37316,0.0,659.472229,-946.005737,1677.701294,0.8994435533,0.4208764336,0.1177468559,,,,
37317,0.0,659.472229,-946.005737,1677.701294,0.8994435533,0.4208764336,0.1177468559,,,,
37318,0.0,659.472229,-946.005737,1677.701294,0.8994435533,0.4208764336,0.1177468559,,,,
37319,0.0,659.472229,-946.005737,1677.701294,0.8994435533,0.4208764336,0.1177468559,,,,
37320,0.0,659.472229,-946.005737,1677.701294,0.8994435533,0.4208764336,0.1177468559,,,,
37321,0.0,659.472229,-946.005737,1677.701294,0.8994435533,0.4208764336,0.1177468559,,,,
37322,0.0,659.472229,-946.005737,1677.701294,0.8994435533,0.4208764336,0.1177468559,,,,
37323,0.0,659.472229,-946.005737,1677.701294,0.8994435533,0.4208764336,0.1177468559,,,,
37324,0.0,659.472229,-946.005737,1677.701294,0.8994435533,0.4208764336,0.1177468559,,,,
37325,0.0,659.472229,-946.005737,1677.701294,0.8994435533,0.4208764336,0.1177468559,,,,
37326,0.0,659.472229,-946.005737,1677.701294,0.8994435533,0.4208764336,0.1177468559,,,,
37327,0.0,659.472229,-946.005737,1677.701294,0.8994435533,0.4208764336,0.1177468559,,,,
37328,0.0,659.472229,-946.005737,1677.701294,0.8994435533,0.4208764336,0.1177468559,,,,
37329,0.0,659.472229,-946.005737,1677.701294,0.8994435533,0.4208764336,0.1177468559,,,,
37330,0.0,659.472229,-946.005737,1677.701294,0.8994435533,0.4208764336,0.1177468559,,,,
37331,0.0,659.472229,-946.005737,1677.701294,0.8994435533,0.4208764336,0.1177468559,,,,
37332,0.0,659.472229,-946.005737,1677.701294,0.8994435533,0.4208764336,0.1177468559,,,,
37333,0.0,659.472229,-946.005737,1677.701294,0.8994435533,0.4208764336,0.1177468559,,,,
37334,0.0,659.472229,-946.005737,1677.701294,0.8994435533,0.4208764336,0.1177468559,,,,
37335,0.0,659.472229,-946.005737,1677.701294,0.8994435533,0.4208764336,0.1177468559,,,,
37336,0.0,659.472229,-946.005737,1677.701294,0.8994435533,0.4208764336,0.1177468559,,,,
37337,0.0,659.472229,-946.005737,1677.701294,0.8994435533,0.4208764336,0.1177468559,,,,
37338,0.0,659.472229,-946.005737,1677.701294,0.8994435533,0.4208764336,0.1177468559,,,,
37339,0.0,659.472229,-946.005737,1677.701294,0.8994435533,0.4208764336,0.1177468559,,,,
37340,0.0,659.472229,-946.005737,1677.701294,0.8994435533,0.4208764336,0.1177468559,,,,
37341,0.0,659.472229,-946.005737,1677.701294,0.8994435533,0.4208764336,0.1177468559,,,,
37342,0.0,659.472229,-946.005737,1677.701294,0.8994435533,0.4208764336,0.1177468559,,,,
37343,0.0,659.472229,-946.005737,1677.701294,0.8994435533,0.4208764336,0.1177468559,,,,
37344,0.0,659.472229,-946.005737,1677.701294,0.8994435533,0.4208764336,0.1177468559,,,,
37345,0.0,659.472229,-946.005737,1677.701294,0.8994435533,0.4208764336,0.1177468559,,,,
37346,0.0,659.472229,-946.005737,1677.701294,0.8994435533,0.4208764336,0.1177468559,,,,
37347,0.0,659.472229,-946.005737,1677.701294,0.8994435533,0.4208764336,0.1177468559,,,,
37348,0.0,659.472229,-946.005737,1677.701294,0.8994435533,0.4208764336,0.1177468559,,,,
37349,0.0,659.472229,-946.005737,1677.701294,0.8994435533,0.4208764336,0.1177468559,,,,
37350,0.0,659.472229,-946.005737,1677.701294,0.8994435533,0.4208764336,0.1177468559,,,,
37351,0.0,659.472229,-946.005737,1677.701294,0.8994435533,0.4208764336,0.1177468559,,,,
37352,0.0,659.472229,-946.005737,1677.701294,0.8994435533,0.4208764336,0.1177468559,,,,
37353,0.0,659.472229,-946.005737,1677.701294,0.8994435533,0.4208764336,0.1177468559,,,,
37354,0.0,659.472229,-946.005737,1677.701294,0.8994435533,0.4208764336,0.1177468559,,,,
37355,0.0,659.472229,-946.005737,1677.701294,0.8994435533,0.4208764336,0.1177468559,,,,
37356,0.0,659.472229,-946.005737,1677.701294,0.8994435533,0.4208764336,0.1177468559,,,,
37357,0.0,659.472229,-946.005737,1677.701294,0.8994435533,0.4208764336,0.1177468559,,,,
37358,0.0,659.472229,-946.005737,1677.701294,0.8994435533,0.4208764336,0.1177468559,,,,
37359,0.0,659.472229,-946.005737,1677.701294,0.8994435533,0.4208764336,0.1177468559,,,,
37360,0.0,659.472229,-946.005737,1677.701294,0.8994435533,0.4208764336,0.1177468559,,,,
37361,0.0,659.472229,-946.005737,1677.701294,0.8994435533,0.4208764336,0.1177468559,,,,
37362,0.0,659.472229,-946.005737,1677.701294,0.8994435533,0.4208764336,0.1177468559,,,,
37363,0.0,659.472229,-946.005737,1677.701294,0.8994435533,0.4208764336,0.1177468559,,,,
37364,0.0,659.472229,-946.005737,1677.701294,0.8994435533,0.4208764336,0.1177468559,,,,
37365,0.0,659.472229,-946.005737,1677.701294,0.8994435533,0.4208764336,0.1177468559,,,,
37366,0.0,659.472229,-946.005737,1677.701294,0.8994435533,0.4208764336,0.1177468559,,,,
37367,0.0,659.472229,-946.005737,1677.701294,0.8994435533,0.4208764336,0.1177468559,,,,
37368,0.0,659.472229,-946.005737,1677.701294,0.8994435533,0.4208764336,0.1177468559,,,,
37369,0.0,659.472229,-946.005737,1677.701294,0.8994435533,0.4208764336,0.1177468559,,,,
37370,0.0,659.472229,-946.005737,1677.701294,0.8994435533,0.4208764336,0.1177468559,,,,
37371,0.0,659.472229,-946.005737,1677.701294,0.8994435533,0.4208764336,0.1177468559,,,,
37372,0.0,659.472229,-946.005737,1677.701294,0.8994435533,0.4208764336,0.1177468559,,,,
37373,0.0,659.472229,-946.005737,1677.701294,0.8994435533,0.4208764336,0.1177468559,,,,
37374,0.0,659.472229,-946.005737,1677.701294,0.8994435533,0.4208764336,0.1177468559,,,,
37375,0.0,659.472229,-946.005737,1677.701294,0.8994435533,0.4208764336,0.1177468559,,,,
37376,0.0,659.472229,-946.005737,1677.701294,0.8994435533,0.4208764336,0.1177468559,,,,
37377,0.0,659.472229,-946.005737,1677.701294,0.8994435533,0.4208764336,0.1177468559,,,,
37378,0.0,659.472229,-946.005737,1677.701294,0.8994435533,0.4208764336,0.1177468559,,,,
37379,0.0,659.472229,-946.005737,1677.701294,0.8994435533,0.4208764336,0.1177468559,,,,
37380,0.0,659.472229,-946.005737,1677.701294,0.8994435533,0.4208764336,0.1177468559,,,,
37381,0.0,659.472229,-946.005737,1677.701294,0.8994435533,0.4208764336,0.1177468559,,,,
37382,0.0,659.472229,-946.005737,1677.701294,0.8994435533,0.4208764336,0.1177468559,,,,
37383,0.0,659.472229,-946.005737,1677.701294,0.8994435533,0.4208764336,0.1177468559,,,,
37384,0.0,659.472229,-946.005737,1677.701294,0.8994435533,0.4208764336,0.1177468559,,,,
37385,0.0,659.472229,-946.005737,1677.701294,0.8994435533,0.4208764336,0.1177468559,,,,
37386,0.0,659.472229,-946.005737,1677.701294,0.8994435533,0.4208764336,0.1177468559,,,,
37387,0.0,659.472229,-946.005737,1677.701294,0.8994435533,0.4208764336,0.1177468559,,,,
37388,0.0,659.472229,-946.005737,1677.701294,0.8994435533,0.4208764336,0.1177468559,,,,
37389,0.0,659.472229,-946.005737,1677.701294,0.8994435533,0.4208764336,0.1177468559,,,,
37390,0.0,659.472229,-946.005737,1677.701294,0.8994435533,0.4208764336,0.1177468559,,,,
37391,0.0,659.472229,-946.005737,1677.701294,0.8994435533,0.4208764336,0.1177468559,,,,
37392,0.0,659.472229,-946.005737,1677.701294,0.8994435533,0.4208764336,0.1177468559,,,,
37393,0.0,659.472229,-946.005737,1677.701294,0.8994435533,0.4208764336,0.1177468559,,,,
37394,0.0,659.472229,-946.005737,1677.701294,0.8994435533,0.4208764336,0.1177468559,,,,
37395,0.0,659.472229,-946.005737,1677.701294,0.8994435533,0.4208764336,0.1177468559,,,,
37396,0.0,659.472229,-946.005737,1677.701294,0.8994435533,0.4208764336,0.1177468559,,,,
37397,0.0,659.472229,-946.005737,1677.701294,0.8994435533,0.4208764336,0.1177468559,,,,
37398,0.0,659.472229,-946.005737,1677.701294,0.8994435533,0.4208764336,0.1177468559,,,,
37399,0.0,659.472229,-946.005737,1677.701294,0.8994435533,0.4208764336,0.1177468559,,,,
37400,0.0,659.472229,-946.005737,1677.701294,0.8994435533,0.4208764336,0.1177468559,,,,
37401,0.0,659.472229,-946.005737,1677.701294,0.8994435533,0.4208764336,0.1177468559,,,,
37402,0.0,659.472229,-946.005737,1677.701294,0.8994435533,0.4208764336,0.1177468559,,,,
37403,0.0,659.472229,-946.005737,1677.701294,0.8994435533,0.4208764336,0.1177468559,,,,
37404,0.0,659.472229,-946.005737,1677.701294,0.8994435533,0.4208764336,0.1177468559,,,,
37405,0.0,659.472229,-946.005737,1677.701294,0.8994435533,0.4208764336,0.1177468559,,,,
37406,0.0,659.472229,-946.005737,1677.701294,0.8994435533,0.4208764336,0.1177468559,,,,
37407,0.0,659.472229,-946.005737,1677.701294,0.8994435533,0.4208764336,0.1177468559,,,,
37408,0.0,659.472229,-946.005737,1677.701294,0.8994435533,0.4208764336,0.1177468559,,,,
37409,0.0,659.472229,-946.005737,1677.701294,0.8994435533,0.4208764336,0.1177468559,,,,
37410,0.0,659.472229,-946.005737,1677.701294,0.8994435533,0.4208764336,0.1177468559,,,,
37411,0.0,659.472229,-946.005737,1677.701294,0.8994435533,0.4208764336,0.1177468559,,,,
37412,0.0,659.472229,-946.005737,1677.701294,0.8994435533,0.4208764336,0.1177468559,,,,
37413,0.0,659.472229,-946.005737,1677.701294,0.8994435533,0.4208764336,0.1177468559,,,,
37414,0.0,659.472229,-946.005737,1677.701294,0.8994435533,0.4208764336,0.1177468559,,,,
37415,0.0,659.472229,-946.005737,1677.701294,0.8994435533,0.4208764336,0.1177468559,,,,
37416,0.0,659.472229,-946.005737,1677.701294,0.8994435533,0.4208764336,0.1177468559,,,,
37417,0.0,659.472229,-946.005737,1677.701294,0.8994435533,0.4208764336,0.1177468559,,,,
37418,0.0,659.472229,-946.005737,1677.701294,0.8994435533,0.4208764336,0.1177468559,,,,
37419,0.0,659.472229,-946.005737,1677.701294,0.8994435533,0.4208764336,0.1177468559,,,,
37420,0.0,659.472229,-946.005737,1677.701294,0.8994435533,0.4208764336,0.1177468559,,,,
37421,0.0,659.472229,-946.005737,1677.701294,0.8994435533,0.4208764336,0.1177468559,,,,
37422,0.0,659.472229,-946.005737,1677.701294,0.8994435533,0.4208764336,0.1177468559,,,,
37423,0.0,659.472229,-946.005737,1677.701294,0.8994435533,0.4208764336,0.1177468559,,,,
37424,0.0,659.472229,-946.005737,1677.701294,0.8994435533,0.4208764336,0.1177468559,,,,
37425,0.0,659.472229,-946.005737,1677.701294,0.8994435533,0.4208764336,0.1177468559,,,,
37426,0.0,659.472229,-946.005737,1677.701294,0.8994435533,0.4208764336,0.1177468559,,,,
37427,0.0,659.472229,-946.005737,1677.701294,0.8994435533,0.4208764336,0.1177468559,,,,
37428,0.0,659.472229,-946.005737,1677.701294,0.8994435533,0.4208764336,0.1177468559,,,,
37429,0.0,659.472229,-946.005737,1677.701294,0.8994435533,0.4208764336,0.1177468559,,,,
37430,0.0,659.472229,-946.005737,1677.701294,0.8994435533,0.4208764336,0.1177468559,,,,
37431,0.0,659.472229,-946.005737,1677.701294,0.8994435533,0.4208764336,0.1177468559,,,,
37432,0.0,659.472229,-946.005737,1677.701294,0.8994435533,0.4208764336,0.1177468559,,,,
37433,0.0,659.472229,-946.005737,1677.701294,0.8994435533,0.4208764336,0.1177468559,,,,
37434,0.0,659.472229,-946.005737,1677.701294,0.8994435533,0.4208764336,0.1177468559,,,,
37435,0.0,659.472229,-946.005737,1677.701294,0.8994435533,0.4208764336,0.1177468559,,,,
37436,0.0,659.472229,-946.005737,1677.701294,0.8994435533,0.4208764336,0.1177468559,,,,
37437,0.0,659.472229,-946.005737,1677.701294,0.8994435533,0.4208764336,0.1177468559,,,,
37438,0.0,659.472229,-946.005737,1677.701294,0.8994435533,0.4208764336,0.1177468559,,,,
37439,0.0,659.472229,-946.005737,1677.701294,0.8994435533,0.4208764336,0.1177468559,,,,
37440,0.0,659.472229,-946.005737,1677.701294,0.8994435533,0.4208764336,0.1177468559,,,,
37441,0.0,659.472229,-946.005737,1677.701294,0.8994435533,0.4208764336,0.1177468559,,,,
37442,0.0,659.472229,-946.005737,1677.701294,0.8994435533,0.4208764336,0.1177468559,,,,
37443,0.0,659.472229,-946.005737,1677.701294,0.8994435533,0.4208764336,0.1177468559,,,,
37444,0.0,659.472229,-946.005737,1677.701294,0.8994435533,0.4208764336,0.1177468559,,,,
37445,0.0,659.472229,-946.005737,1677.701294,0.8994435533,0.4208764336,0.1177468559,,,,
37446,0.0,659.472229,-946.005737,1677.701294,0.8994435533,0.4208764336,0.1177468559,,,,
37447,0.0,659.472229,-946.005737,1677.701294,0.8994435533,0.4208764336,0.1177468559,,,,
37448,0.0,659.472229,-946.005737,1677.701294,0.8994435533,0.4208764336,0.1177468559,,,,
37449,0.0,659.472229,-946.005737,1677.701294,0.8994435533,0.4208764336,0.1177468559,,,,
37450,0.0,659.472229,-946.005737,1677.701294,0.8994435533,0.4208764336,0.1177468559,,,,
37451,0.0,659.472229,-946.005737,1677.701294,0.8994435533,0.4208764336,0.1177468559,,,,
37452,0.0,659.472229,-946.005737,1677.701294,0.8994435533,0.4208764336,0.1177468559,,,,
37453,0.0,659.472229,-946.005737,1677.701294,0.8994435533,0.4208764336,0.1177468559,,,,
37454,0.0,659.472229,-946.005737,1677.701294,0.8994435533,0.4208764336,0.1177468559,,,,
37455,0.0,659.472229,-946.005737,1677.701294,0.8994435533,0.4208764336,0.1177468559,,,,
37456,0.0,659.472229,-946.005737,1677.701294,0.8994435533,0.4208764336,0.1177468559,,,,
37457,0.0,659.472229,-946.005737,1677.701294,0.8994435533,0.4208764336,0.1177468559,,,,
37458,0.0,659.472229,-946.005737,1677.701294,0.8994435533,0.4208764336,0.1177468559,,,,
37459,0.0,659.472229,-946.005737,1677.701294,0.8994435533,0.4208764336,0.1177468559,,,,
37460,0.0,659.472229,-946.005737,1677.701294,0.8994435533,0.4208764336,0.1177468559,,,,
37461,0.0,659.472229,-946.005737,1677.701294,0.8994435533,0.4208764336,0.1177468559,,,,
37462,0.0,659.472229,-946.005737,1677.701294,0.8994435533,0.4208764336,0.1177468559,,,,
37463,0.0,659.472229,-946.005737,1677.701294,0.8994435533,0.4208764336,0.1177468559,,,,
37464,0.0,659.472229,-946.005737,1677.701294,0.8994435533,0.4208764336,0.1177468559,,,,
37465,0.0,659.472229,-946.005737,1677.701294,0.8994435533,0.4208764336,0.1177468559,,,,
37466,0.0,659.472229,-946.005737,1677.701294,0.8994435533,0.4208764336,0.1177468559,,,,
37467,0.0,659.472229,-946.005737,1677.701294,0.8994435533,0.4208764336,0.1177468559,,,,
37468,0.0,659.472229,-946.005737,1677.701294,0.8994435533,0.4208764336,0.1177468559,,,,
37469,0.0,659.472229,-946.005737,1677.701294,0.8994435533,0.4208764336,0.1177468559,,,,
37470,0.0,659.472229,-946.005737,1677.701294,0.8994435533,0.4208764336,0.1177468559,,,,
37471,0.0,659.472229,-946.005737,1677.701294,0.8994435533,0.4208764336,0.1177468559,,,,
37472,0.0,659.472229,-946.005737,1677.701294,0.8994435533,0.4208764336,0.1177468559,,,,
37473,0.0,659.472229,-946.005737,1677.701294,0.8994435533,0.4208764336,0.1177468559,,,,
37474,0.0,659.472229,-946.005737,1677.701294,0.8994435533,0.4208764336,0.1177468559,,,,
37475,0.0,659.472229,-946.005737,1677.701294,0.8994435533,0.4208764336,0.1177468559,,,,
37476,0.0,659.472229,-946.005737,1677.701294,0.8994435533,0.4208764336,0.1177468559,,,,
37477,0.0,659.472229,-946.005737,1677.701294,0.8994435533,0.4208764336,0.1177468559,,,,
37478,0.0,659.472229,-946.005737,1677.701294,0.8994435533,0.4208764336,0.1177468559,,,,
37479,0.0,659.472229,-946.005737,1677.701294,0.8994435533,0.4208764336,0.1177468559,,,,
37480,0.0,659.472229,-946.005737,1677.701294,0.8994435533,0.4208764336,0.1177468559,,,,
37481,0.0,659.472229,-946.005737,1677.701294,0.8994435533,0.4208764336,0.1177468559,,,,
37482,0.0,659.472229,-946.005737,1677.701294,0.8994435533,0.4208764336,0.1177468559,,,,
37483,0.0,659.472229,-946.005737,1677.701294,0.8994435533,0.4208764336,0.1177468559,,,,
37484,0.0,659.472229,-946.005737,1677.701294,0.8994435533,0.4208764336,0.1177468559,,,,
37485,0.0,659.472229,-946.005737,1677.701294,0.8994435533,0.4208764336,0.1177468559,,,,
37486,0.0,659.472229,-946.005737,1677.701294,0.8994435533,0.4208764336,0.1177468559,,,,
37487,0.0,659.472229,-946.005737,1677.701294,0.8994435533,0.4208764336,0.1177468559,,,,
37488,0.0,659.472229,-946.005737,1677.701294,0.8994435533,0.4208764336,0.1177468559,,,,
37489,0.0,659.472229,-946.005737,1677.701294,0.8994435533,0.4208764336,0.1177468559,,,,
37490,0.0,659.472229,-946.005737,1677.701294,0.8994435533,0.4208764336,0.1177468559,,,,
37491,0.0,659.472229,-946.005737,1677.701294,0.8994435533,0.4208764336,0.1177468559,,,,
37492,0.0,659.472229,-946.005737,1677.701294,0.8994435533,0.4208764336,0.1177468559,,,,
37493,0.0,659.472229,-946.005737,1677.701294,0.8994435533,0.4208764336,0.1177468559,,,,
37494,0.0,659.472229,-946.005737,1677.701294,0.8994435533,0.4208764336,0.1177468559,,,,
37495,0.0,659.472229,-946.005737,1677.701294,0.8994435533,0.4208764336,0.1177468559,,,,
37496,0.0,659.472229,-946.005737,1677.701294,0.8994435533,0.4208764336,0.1177468559,,,,
37497,0.0,659.472229,-946.005737,1677.701294,0.8994435533,0.4208764336,0.1177468559,,,,
37498,0.0,659.472229,-946.005737,1677.701294,0.8994435533,0.4208764336,0.1177468559,,,,
37499,0.0,659.472229,-946.005737,1677.701294,0.8994435533,0.4208764336,0.1177468559,,,,
37500,0.0,659.472229,-946.005737,1677.701294,0.8994435533,0.4208764336,0.1177468559,,,,
37501,0.0,659.472229,-946.005737,1677.701294,0.8994435533,0.4208764336,0.1177468559,,,,
37502,0.0,659.472229,-946.005737,1677.701294,0.8994435533,0.4208764336,0.1177468559,,,,
37503,0.0,659.472229,-946.005737,1677.701294,0.8994435533,0.4208764336,0.1177468559,,,,
37504,0.0,659.472229,-946.005737,1677.701294,0.8994435533,0.4208764336,0.1177468559,,,,
37505,0.0,659.472229,-946.005737,1677.701294,0.8994435533,0.4208764336,0.1177468559,,,,
37506,0.0,659.472229,-946.005737,1677.701294,0.8994435533,0.4208764336,0.1177468559,,,,
37507,0.0,659.472229,-946.005737,1677.701294,0.8994435533,0.4208764336,0.1177468559,,,,
37508,0.0,659.472229,-946.005737,1677.701294,0.8994435533,0.4208764336,0.1177468559,,,,
37509,0.0,659.472229,-946.005737,1677.701294,0.8994435533,0.4208764336,0.1177468559,,,,
37510,0.0,659.472229,-946.005737,1677.701294,0.8994435533,0.4208764336,0.1177468559,,,,
37511,0.0,659.472229,-946.005737,1677.701294,0.8994435533,0.4208764336,0.1177468559,,,,
37512,0.0,659.472229,-946.005737,1677.701294,0.8994435533,0.4208764336,0.1177468559,,,,
37513,0.0,659.472229,-946.005737,1677.701294,0.8994435533,0.4208764336,0.1177468559,,,,
37514,0.0,659.472229,-946.005737,1677.701294,0.8994435533,0.4208764336,0.1177468559,,,,
37515,0.0,659.472229,-946.005737,1677.701294,0.8994435533,0.4208764336,0.1177468559,,,,
37516,0.0,659.472229,-946.005737,1677.701294,0.8994435533,0.4208764336,0.1177468559,,,,
37517,0.0,659.472229,-946.005737,1677.701294,0.8994435533,0.4208764336,0.1177468559,,,,
37518,0.0,659.472229,-946.005737,1677.701294,0.8994435533,0.4208764336,0.1177468559,,,,
37519,0.0,659.472229,-946.005737,1677.701294,0.8994435533,0.4208764336,0.1177468559,,,,
37520,0.0,659.472229,-946.005737,1677.701294,0.8994435533,0.4208764336,0.1177468559,,,,
37521,0.0,659.472229,-946.005737,1677.701294,0.8994435533,0.4208764336,0.1177468559,,,,
37522,0.0,659.472229,-946.005737,1677.701294,0.8994435533,0.4208764336,0.1177468559,,,,
37523,0.0,659.472229,-946.005737,1677.701294,0.8994435533,0.4208764336,0.1177468559,,,,
37524,0.0,659.472229,-946.005737,1677.701294,0.8994435533,0.4208764336,0.1177468559,,,,
37525,0.0,659.472229,-946.005737,1677.701294,0.8994435533,0.4208764336,0.1177468559,,,,
37526,0.0,659.472229,-946.005737,1677.701294,0.8994435533,0.4208764336,0.1177468559,,,,
37527,0.0,659.472229,-946.005737,1677.701294,0.8994435533,0.4208764336,0.1177468559,,,,
37528,0.0,659.472229,-946.005737,1677.701294,0.8994435533,0.4208764336,0.1177468559,,,,
37529,0.0,659.472229,-946.005737,1677.701294,0.8994435533,0.4208764336,0.1177468559,,,,
37530,0.0,659.472229,-946.005737,1677.701294,0.8994435533,0.4208764336,0.1177468559,,,,
37531,0.0,659.472229,-946.005737,1677.701294,0.8994435533,0.4208764336,0.1177468559,,,,
37532,0.0,659.472229,-946.005737,1677.701294,0.8994435533,0.4208764336,0.1177468559,,,,
37533,0.0,659.472229,-946.005737,1677.701294,0.8994435533,0.4208764336,0.1177468559,,,,
37534,0.0,659.472229,-946.005737,1677.701294,0.8994435533,0.4208764336,0.1177468559,,,,
37535,0.0,659.472229,-946.005737,1677.701294,0.8994435533,0.4208764336,0.1177468559,,,,
37536,0.0,659.472229,-946.005737,1677.701294,0.8994435533,0.4208764336,0.1177468559,,,,
37537,0.0,659.472229,-946.005737,1677.701294,0.8994435533,0.4208764336,0.1177468559,,,,
37538,0.0,659.472229,-946.005737,1677.701294,0.8994435533,0.4208764336,0.1177468559,,,,
37539,0.0,659.472229,-946.005737,1677.701294,0.8994435533,0.4208764336,0.1177468559,,,,
37540,0.0,659.472229,-946.005737,1677.701294,0.8994435533,0.4208764336,0.1177468559,,,,
37541,0.0,659.472229,-946.005737,1677.701294,0.8994435533,0.4208764336,0.1177468559,,,,
37542,0.0,659.472229,-946.005737,1677.701294,0.8994435533,0.4208764336,0.1177468559,,,,
37543,0.0,659.472229,-946.005737,1677.701294,0.8994435533,0.4208764336,0.1177468559,,,,
37544,0.0,659.472229,-946.005737,1677.701294,0.8994435533,0.4208764336,0.1177468559,,,,
37545,0.0,659.472229,-946.005737,1677.701294,0.8994435533,0.4208764336,0.1177468559,,,,
37546,0.0,659.472229,-946.005737,1677.701294,0.8994435533,0.4208764336,0.1177468559,,,,
37547,0.0,659.472229,-946.005737,1677.701294,0.8994435533,0.4208764336,0.1177468559,,,,
37548,0.0,659.472229,-946.005737,1677.701294,0.8994435533,0.4208764336,0.1177468559,,,,
37549,0.0,659.472229,-946.005737,1677.701294,0.8994435533,0.4208764336,0.1177468559,,,,
37550,0.0,659.472229,-946.005737,1677.701294,0.8994435533,0.4208764336,0.1177468559,,,,
37551,0.0,659.472229,-946.005737,1677.701294,0.8994435533,0.4208764336,0.1177468559,,,,
37552,0.0,659.472229,-946.005737,1677.701294,0.8994435533,0.4208764336,0.1177468559,,,,
37553,0.0,659.472229,-946.005737,1677.701294,0.8994435533,0.4208764336,0.1177468559,,,,
37554,0.0,659.472229,-946.005737,1677.701294,0.8994435533,0.4208764336,0.1177468559,,,,
37555,0.0,659.472229,-946.005737,1677.701294,0.8994435533,0.4208764336,0.1177468559,,,,
37556,0.0,659.472229,-946.005737,1677.701294,0.8994435533,0.4208764336,0.1177468559,,,,
37557,0.0,659.472229,-946.005737,1677.701294,0.8994435533,0.4208764336,0.1177468559,,,,
37558,0.0,659.472229,-946.005737,1677.701294,0.8994435533,0.4208764336,0.1177468559,,,,
37559,0.0,659.472229,-946.005737,1677.701294,0.8994435533,0.4208764336,0.1177468559,,,,
37560,0.0,659.472229,-946.005737,1677.701294,0.8994435533,0.4208764336,0.1177468559,,,,
37561,0.0,659.472229,-946.005737,1677.701294,0.8994435533,0.4208764336,0.1177468559,,,,
37562,0.0,659.472229,-946.005737,1677.701294,0.8994435533,0.4208764336,0.1177468559,,,,
37563,0.0,659.472229,-946.005737,1677.701294,0.8994435533,0.4208764336,0.1177468559,,,,
37564,0.0,659.472229,-946.005737,1677.701294,0.8994435533,0.4208764336,0.1177468559,,,,
37565,0.0,659.472229,-946.005737,1677.701294,0.8994435533,0.4208764336,0.1177468559,,,,
37566,0.0,659.472229,-946.005737,1677.701294,0.8994435533,0.4208764336,0.1177468559,,,,
37567,0.0,659.472229,-946.005737,1677.701294,0.8994435533,0.4208764336,0.1177468559,,,,
37568,0.0,659.472229,-946.005737,1677.701294,0.8994435533,0.4208764336,0.1177468559,,,,
37569,0.0,659.472229,-946.005737,1677.701294,0.8994435533,0.4208764336,0.1177468559,,,,
37570,0.0,659.472229,-946.005737,1677.701294,0.8994435533,0.4208764336,0.1177468559,,,,
37571,0.0,659.472229,-946.005737,1677.701294,0.8994435533,0.4208764336,0.1177468559,,,,
37572,0.0,659.472229,-946.005737,1677.701294,0.8994435533,0.4208764336,0.1177468559,,,,
37573,0.0,659.472229,-946.005737,1677.701294,0.8994435533,0.4208764336,0.1177468559,,,,
37574,0.0,659.472229,-946.005737,1677.701294,0.8994435533,0.4208764336,0.1177468559,,,,
37575,0.0,659.472229,-946.005737,1677.701294,0.8994435533,0.4208764336,0.1177468559,,,,
37576,0.0,659.472229,-946.005737,1677.701294,0.8994435533,0.4208764336,0.1177468559,,,,
