timestamp,is_bot,loc_x,loc_y,loc_z,s_x,s_y,s_z,d_a,d_p,d_e,tar
335,0.0,-376.039093,-9.503471,-152.205826,0.9998471176,0.0033550871,-0.0171605613,0.0025486391,47.1814723905,661.2705961127,6.0
336,0.0,-371.958359,-9.4897775,-152.826996,0.9998471176,0.0033550871,-0.0171605613,0.0028120373,49.3386469635,659.1901262687,6.0
337,0.0,-367.877625,-9.476084,-153.448166,0.9998471176,0.0033550871,-0.0171605613,0.0030754355,51.4958215364,657.1096564246,6.0
338,0.0,-367.959595,-9.4763595,-153.7386015,0.9998471176,0.0033550871,-0.0171605613,0.0026348264,47.3266564651,654.4738828525,6.0
339,0.0,-368.041565,-9.476635,-154.029037,0.9998471176,0.0033550871,-0.0171605613,0.0021942172,43.1574913937,651.8381092804,6.0
340,0.0,-367.915619,-9.476212,-154.110199,0.9998471176,0.0033550871,-0.0171605613,0.0014461296,34.816391335,647.6229367483,6.0
341,0.0,-367.694061,-9.475469,-154.109406,0.9998471176,0.0033550871,-0.0171605613,0.0009680561,28.3395009495,644.216836631,6.0
342,0.0,-367.71402,-9.475535,-154.147873,0.9998471176,0.0033550871,-0.0171605613,0.0007694723,25.1971823285,642.427365246,6.0
343,0.0,-367.698517,-9.475484,-154.136963,0.9998471176,0.0033550871,-0.0171605613,0.0006879141,23.7895307488,641.4731206789,6.0
344,0.0,-367.741302,-9.475627,-154.164215,0.9998471176,0.0033550871,-0.0171605613,0.0004015198,18.0665200312,637.6019558595,6.0
345,0.0,-367.7941585,-9.4758045,-154.176468,0.9998471176,0.0033550871,-0.0171605613,0.0003252871,16.1206663554,636.3803511169,6.0
346,0.0,-367.924652,-9.476242,-154.183517,0.9998471176,0.0033550871,-0.0171605613,0.0002084636,12.9519514597,634.3481788411,6.0
347,0.0,-368.058228,-9.47669,-154.171021,0.9998471176,0.0033550871,-0.0171605613,0.0001797609,12.0030884156,633.0673029085,6.0
348,0.0,-368.012207,-9.476536,-154.170074,0.9998471176,0.0033550871,-0.0171605613,0.0001648052,11.4759237769,632.1280996236,6.0
349,0.0,-368.136047,-9.476952,-154.149597,0.9998471176,0.0033550871,-0.0171605613,0.0001569906,11.1730530729,630.5755408203,6.0
350,0.0,-368.343536,-9.477648,-154.1138,0.9998471176,0.0033550871,-0.0171605613,0.0001849668,12.1025131155,629.265308317,6.0
351,0.0,-368.467926,-9.478065,-154.085144,0.9998471176,0.0033550871,-0.0171605613,0.0002505044,14.0591014898,628.1481157027,6.0
352,0.0,-368.5758055,-9.4784265,-154.053848,0.9998471176,0.0033550871,-0.0171605613,0.0003261709,15.9146265855,627.5213884776,6.0
353,0.0,-368.829926,-9.47928,-153.973114,0.9998471176,0.0033550871,-0.0171605613,0.0004687708,19.184058209,626.6082658139,6.0
354,0.0,-369.036346,-9.479972,-153.901505,0.9998471176,0.0033550871,-0.0171605613,0.0006153378,21.9582317658,626.0260105252,6.0
355,0.0,-369.016296,-9.479906,-153.901382,0.9998471176,0.0033550871,-0.0171605613,0.0007090208,23.5577637954,625.7006190611,6.0
356,0.0,-369.42276,-9.48127,-153.750137,0.9998471176,0.0033550871,-0.0171605613,0.0010531186,28.6761342932,625.0019022074,6.0
357,0.0,-369.368683,-9.481089,-153.764954,0.9998471176,0.0033550871,-0.0171605613,0.001173114,30.2559485482,624.8173433023,6.0
358,0.0,-369.698822,-9.482196,-153.652084,0.9998471176,0.0033550871,-0.0171605613,0.00147948,33.9571343136,624.4852301297,6.0
359,0.0,-369.895142,-9.482854,-153.594284,0.9998471176,0.0033550871,-0.0171605613,0.0017763019,37.1923638306,624.2712520375,6.0
360,0.0,-370.3172,-9.48427,-153.492325,0.9998471176,0.0033550871,-0.0171605613,0.0020552994,39.9963510088,624.1530442687,6.0
361,0.0,-370.418274,-9.48461,-153.469528,0.9998471176,0.0033550871,-0.0171605613,0.0022517226,41.8496925161,623.9710615839,6.0
362,0.0,-370.459778,-9.484749,-153.461182,0.9998471176,0.0033550871,-0.0171605613,0.0025081596,44.1542911639,623.8107034477,6.0
363,0.0,-370.727631,-9.485649,-153.408951,0.9998471176,0.0033550871,-0.0171605613,0.0030713562,48.8593105627,623.8798673701,6.0
364,0.0,-370.842712,-9.486034,-153.387863,0.9998471176,0.0033550871,-0.0171605613,0.00323831,50.1903937829,624.1633674063,6.0
365,0.0,-371.01828,-9.486624,-153.380219,0.9998471176,0.0033550871,-0.0171605613,0.0036936749,53.6633377739,624.9348693686,6.0
366,0.0,-371.118164,-9.486959,-153.372818,0.9998471176,0.0033550871,-0.0171605613,0.0042344995,57.5454850363,625.9727897012,6.0
367,0.0,-371.100952,-9.4869,-153.37352,0.9998471176,0.0033550871,-0.0171605613,0.0044469148,59.0114207419,626.4335740471,6.0
368,0.0,-371.274323,-9.487482,-153.41748,0.9998471176,0.0033550871,-0.0171605613,0.0049438143,62.3548941085,627.8586859641,6.0
369,0.0,-371.389923,-9.487871,-153.461929,0.9998471176,0.0033550871,-0.0171605613,0.0057548401,67.5052019664,630.1317130631,6.0
370,0.0,-371.446899,-9.488062,-153.514572,0.9998471176,0.0033550871,-0.0171605613,0.0063181919,70.918321912,631.8792916264,6.0
371,0.0,-371.458908,-9.488102,-153.5247955,0.9998471176,0.0033550871,-0.0171605613,0.0065847696,72.4781099271,632.7258391774,6.0
372,0.0,-371.470917,-9.488142,-153.535019,0.9998471176,0.0033550871,-0.0171605613,0.0068513474,74.0378979422,633.5723867283,6.0
373,0.0,-371.467346,-9.488131,-153.55899,0.9998471176,0.0033550871,-0.0171605613,0.007433038,77.336692729,635.4713211373,6.0
374,0.0,-371.406586,-9.487926,-153.597336,0.9998471176,0.0033550871,-0.0171605613,0.0083802979,82.5073521615,638.6452895145,6.0
375,0.0,-371.3943635,-9.487885,-153.6086655,0.9998471176,0.0033550871,-0.0171605613,0.0086855226,84.1166284053,639.6894756984,6.0
376,0.0,-371.382141,-9.487844,-153.619995,0.9998471176,0.0033550871,-0.0171605613,0.0089907473,85.7259046491,640.7336618822,6.0
377,0.0,-371.373657,-9.487816,-153.619827,0.9998471176,0.0033550871,-0.0171605613,0.0096349328,89.0216033361,642.8426692701,6.0
378,0.0,-371.291351,-9.660273,-153.630692,0.9998471176,0.0033550871,-0.0171605613,0.0105653642,93.6412077074,645.8920400509,6.0
379,0.0,-371.24263,-9.814561,-153.607468,0.9998471176,0.0033550871,-0.0171605613,0.0110067319,95.7592395975,647.298103767,6.0
380,0.0,-371.193909,-9.968849,-153.584244,0.9998471176,0.0033550871,-0.0171605613,0.0114480997,97.8772714876,648.7041674832,6.0
381,0.0,-371.133911,-10.266928,-153.483673,0.9998471176,0.0033550871,-0.0171605613,0.0123679079,102.2034062162,651.8523689903,6.0
382,0.0,-371.018921,-10.2645985,-153.4717485,0.9998471176,0.0033550871,-0.0171605613,0.0128419427,104.3112030484,653.0696505908,6.0
383,0.0,-370.903931,-10.262269,-153.459824,0.9998471176,0.0033550871,-0.0171605613,0.0133159776,106.4189998807,654.2869321914,6.0
384,0.0,-370.277496,-10.310585,-153.252533,0.9998471176,0.0033550871,-0.0171605613,0.0144323324,111.1250107002,656.4493287875,6.0
385,0.0,-370.007874,-10.172108,-153.272827,0.9998471176,0.0033550871,-0.0171605613,0.0155428945,115.6274199725,658.3760561035,6.0
386,0.0,-369.820435,-10.055433,-153.286255,0.9998471176,0.0033550871,-0.0171605613,0.0161440323,117.9695493998,659.2866785949,6.0
387,0.0,-369.632996,-9.938758,-153.299683,0.9998471176,0.0033550871,-0.0171605613,0.0167451701,120.3116788272,660.1973010863,6.0
388,0.0,-368.831207,-9.479284,-153.330811,0.9998471176,0.0033550871,-0.0171605613,0.0181483597,125.4860187912,661.6694468043,6.0
389,0.0,-368.434906,-9.477955,-153.34314,0.9998471176,0.0033550871,-0.0171605613,0.0191754857,129.2833415687,663.3555722389,6.0
390,0.0,-368.287537,-9.47746,-153.343079,0.9998471176,0.0033550871,-0.0171605613,0.0200579735,132.5670047392,665.2205854785,6.0
391,0.0,-368.096283,-9.479034,-153.348969,0.9998471176,0.0033550871,-0.0171605613,0.0210033628,136.0451128446,667.2921253519,6.0
392,0.0,-368.029526,-9.541672,-153.350861,0.9998471176,0.0033550871,-0.0171605613,0.0214269911,137.607093374,668.3426804022,6.0
393,0.0,-367.962769,-9.60431,-153.352753,0.9998471176,0.0033550871,-0.0171605613,0.0218506194,139.1690739034,669.3932354526,6.0
394,0.0,-367.814758,-10.039228,-153.390411,0.9998471176,0.0033550871,-0.0171605613,0.0231653138,144.0434335812,673.1148859569,6.0
395,0.0,-367.814148,-10.373233,-153.426056,0.9998471176,0.0033550871,-0.0171605613,0.0241448408,147.7201691731,676.3166367662,6.0
396,0.0,-367.831085,-10.522889,-153.442001,0.9998471176,0.0033550871,-0.0171605613,0.0245236985,149.151252459,677.638400072,6.0
397,0.0,-367.906555,-10.831114,-153.489273,0.9998471176,0.0033550871,-0.0171605613,0.0255773435,153.0504443701,681.0622579055,6.0
398,0.0,-367.878204,-10.926274,-153.499466,0.9998471176,0.0033550871,-0.0171605613,0.0264179698,156.1648976888,683.9212700903,6.0
399,0.0,-368.026154,-11.144342,-153.566315,0.9998471176,0.0033550871,-0.0171605613,0.0268319483,157.6590299873,685.1895146901,6.0
400,0.0,-368.098389,-11.298927,-153.6259,0.9998471176,0.0033550871,-0.0171605613,0.0277509783,161.0154326278,688.2519962249,6.0
401,0.0,-368.114227,-11.421852,-153.665466,0.9998471176,0.0033550871,-0.0171605613,0.028796422,164.8561800187,691.9428539636,6.0
402,0.0,-368.132385,-11.513628,-153.700592,0.9998471176,0.0033550871,-0.0171605613,0.0295781413,167.7125645306,694.7052037352,6.0
403,0.0,-368.245392,-11.608922,-153.769348,0.9998471176,0.0033550871,-0.0171605613,0.0299118147,168.9374783696,695.9239672335,6.0
404,0.0,-368.248413,-11.690519,-153.80719,0.9998471176,0.0033550871,-0.0171605613,0.0307980076,172.2016481915,699.2473996288,6.0
405,0.0,-368.226044,-11.752045,-153.823547,0.9998471176,0.0033550871,-0.0171605613,0.0315635418,175.0528637808,702.2886578624,6.0
406,0.0,-368.2099,-11.809325,-153.833344,0.9998471176,0.0033550871,-0.0171605613,0.0322931832,177.7609211288,705.1811077799,6.0
407,0.0,-368.20108,-11.817841,-153.827393,0.9998471176,0.0033550871,-0.0171605613,0.0326795896,179.182974991,706.6769033619,6.0
408,0.0,-368.182648,-11.904068,-153.773041,0.9998471176,0.0033550871,-0.0171605613,0.0335826488,182.5399008546,710.3338121628,6.0
409,0.0,-368.15564,-11.968006,-153.777206,0.9998471176,0.0033550871,-0.0171605613,0.0341582258,184.8415807143,713.3090619843,6.0
410,0.0,-368.144928,-12.043891,-153.735596,0.9998471176,0.0033550871,-0.0171605613,0.0347228181,187.1889638489,716.5736791376,6.0
411,0.0,-368.144577,-12.0881365,-153.7013245,0.9998471176,0.0033550871,-0.0171605613,0.0350240832,188.4729025969,718.4330913113,6.0
412,0.0,-368.144226,-12.132382,-153.667053,0.9998471176,0.0033550871,-0.0171605613,0.0353253484,189.7568413449,720.292503485,6.0
413,0.0,-368.133514,-12.183338,-153.632797,0.9998471176,0.0033550871,-0.0171605613,0.0357871729,191.8698989529,723.683847709,6.0
414,0.0,-368.091095,-12.277695,-153.628433,0.9998471176,0.0033550871,-0.0171605613,0.0362925806,194.652280587,729.1421099195,6.0
415,0.0,-368.040222,-12.324626,-153.644714,0.9998471176,0.0033550871,-0.0171605613,0.0364888769,196.1170749564,732.6869839108,6.0
416,0.0,-368.048584,-12.387424,-153.641403,0.9998471176,0.0033550871,-0.0171605613,0.0365564919,196.6784681788,734.1171262418,6.0
417,0.0,-367.979187,-12.439301,-153.669266,0.9998471176,0.0033550871,-0.0171605613,0.0366144307,197.9018964637,738.1098748216,6.0
418,0.0,-367.983276,-12.520557,-153.674271,0.9998471176,0.0033550871,-0.0171605613,0.036544873,198.7665985491,742.0269637108,6.0
419,0.0,-367.896179,-12.43984,-153.716629,0.9998471176,0.0033550871,-0.0171605613,0.0365869319,199.2202873934,743.3010178476,6.0
420,0.0,-367.678864,-12.224783,-153.776199,0.9998471176,0.0033550871,-0.0171605613,0.0361730569,199.8022272405,749.6458000388,6.0
421,0.0,-367.6023715,-12.149826,-153.78569,0.9998471176,0.0033550871,-0.0171605613,0.0359941176,199.6680448459,750.9736042974,6.0
422,0.0,-367.525879,-12.074869,-153.795181,0.9998471176,0.0033550871,-0.0171605613,0.0358151784,199.5338624513,752.301408556,6.0
423,0.0,-367.251953,-11.814008,-153.796753,0.9998471176,0.0033550871,-0.0171605613,0.0354306137,199.0184863952,754.3456593879,6.0
424,0.0,-367.170227,-11.724121,-153.796341,0.9998471176,0.0033550871,-0.0171605613,0.0354216525,199.2600901292,755.3553552626,6.0
425,0.0,-367.088501,-11.634234,-153.795929,0.9998471176,0.0033550871,-0.0171605613,0.0354126913,199.5016938632,756.3650511372,6.0
426,0.0,-367.046631,-11.588862,-153.795593,0.9998471176,0.0033550871,-0.0171605613,0.0352724607,199.7710885796,758.8633709111,6.0
427,0.0,-366.738342,-11.224835,-153.791107,0.9998471176,0.0033550871,-0.0171605613,0.0350762751,200.4589867684,763.5648872842,6.0
428,0.0,-366.615479,-11.062867,-153.786392,0.9998471176,0.0033550871,-0.0171605613,0.0348777002,200.8944734015,767.3602129278,6.0
429,0.0,-366.6015935,-11.042417,-153.7858045,0.9998471176,0.0033550871,-0.0171605613,0.0347663884,201.0346806846,769.1060551002,6.0
430,0.0,-366.587708,-11.021967,-153.785217,0.9998471176,0.0033550871,-0.0171605613,0.0346550766,201.1748879676,770.8518972727,6.0
431,0.0,-366.434692,-10.767075,-153.773438,0.9998471176,0.0033550871,-0.0171605613,0.0344037808,201.7465182337,775.810776731,6.0
432,0.0,-366.374298,-10.633646,-153.772934,0.9998471176,0.0033550871,-0.0171605613,0.0341159147,202.2580922785,780.9953414117,6.0
433,0.0,-366.3729705,-10.630094,-153.7730715,0.9998471176,0.0033550871,-0.0171605613,0.0340115046,202.4116689541,782.7699625297,6.0
434,0.0,-366.34256,-10.539093,-153.779816,0.9998471176,0.0033550871,-0.0171605613,0.0338383192,202.8020943947,786.2459668895,6.0
435,0.0,-366.353058,-10.488482,-153.823807,0.9998471176,0.0033550871,-0.0171605613,0.0336200391,203.3032917305,790.699717263,6.0
436,0.0,-366.356445,-10.47399,-153.837173,0.9998471176,0.0033550871,-0.0171605613,0.0334326665,203.7021418799,794.4300750608,6.0
437,0.0,-366.401276,-10.461483,-153.878387,0.9998471176,0.0033550871,-0.0171605613,0.0332370305,204.0898412688,798.2414369856,6.0
438,0.0,-366.495483,-10.469446,-153.939316,0.9998471176,0.0033550871,-0.0171605613,0.0331479478,204.2918717514,800.0864541893,6.0
439,0.0,-366.587128,-10.491287,-154.003067,0.9998471176,0.0033550871,-0.0171605613,0.0330156354,204.9891816175,804.3973992944,6.0
440,0.0,-366.621124,-10.512941,-154.008514,0.9998471176,0.0033550871,-0.0171605613,0.0330020844,205.7485118529,807.5400441035,6.0
441,0.0,-366.763153,-10.588807,-154.050201,0.9998471176,0.0033550871,-0.0171605613,0.0329260983,205.9145917991,809.1082880967,6.0
442,0.0,-366.874481,-10.64508,-154.086884,0.9998471176,0.0033550871,-0.0171605613,0.0327630769,205.8990654569,811.0239904243,6.0
443,0.0,-366.94455,-10.704216,-154.078644,0.9998471176,0.0033550871,-0.0171605613,0.0326731169,205.737294173,811.4830956847,6.0
444,0.0,-367.066956,-10.786426,-154.096527,0.9998471176,0.0033550871,-0.0171605613,0.0326745377,205.8761638266,812.0134723282,6.0
445,0.0,-367.091705,-10.809797,-154.088623,0.9998471176,0.0033550871,-0.0171605613,0.0330626767,206.9856849426,811.663552791,6.0
446,0.0,-367.167725,-10.871226,-154.076492,0.9998471176,0.0033550871,-0.0171605613,0.0335712153,208.4755576736,811.3953252118,6.0
447,0.0,-367.335693,-11.005456,-153.998795,0.9998471176,0.0033550871,-0.0171605613,0.0342420363,210.6890296561,812.0768114299,6.0
448,0.0,-367.364441,-11.029923,-153.975098,0.9998471176,0.0033550871,-0.0171605613,0.034497219,211.6247857211,812.713842663,6.0
449,0.0,-367.451385,-11.114113,-153.891556,0.9998471176,0.0033550871,-0.0171605613,0.034956947,213.3367502162,813.9784214414,6.0
450,0.0,-367.479492,-11.151468,-153.848221,0.9998471176,0.0033550871,-0.0171605613,0.0351101353,213.9526580842,814.5773470102,6.0
451,0.0,-367.511475,-11.202605,-153.784592,0.9998471176,0.0033550871,-0.0171605613,0.0354706586,215.1892165734,815.1858230176,6.0
452,0.0,-367.515167,-11.253313,-153.708633,0.9998471176,0.0033550871,-0.0171605613,0.0359623076,216.7065249839,815.4048744706,6.0
453,0.0,-367.512329,-11.278663,-153.670303,0.9998471176,0.0033550871,-0.0171605613,0.0366646408,218.7789550897,815.4260518429,6.0
454,0.0,-367.481018,-11.316563,-153.605438,0.9998471176,0.0033550871,-0.0171605613,0.0374481816,221.1345264039,815.7003009247,6.0
455,0.0,-367.438019,-11.343379,-153.555084,0.9998471176,0.0033550871,-0.0171605613,0.0378149209,222.2686617241,815.9746220349,6.0
456,0.0,-367.382233,-11.359818,-153.518372,0.9998471176,0.0033550871,-0.0171605613,0.0390066433,225.6975535357,816.0551334469,6.0
457,0.0,-367.360352,-11.36305,-153.508423,0.9998471176,0.0033550871,-0.0171605613,0.0393689553,226.7078708959,816.0029253121,6.0
458,0.0,-367.316467,-11.367212,-153.49437,0.9998471176,0.0033550871,-0.0171605613,0.0403131054,229.2139516237,815.5011489904,6.0
459,0.0,-367.311127,-11.38095,-153.484772,0.9998471176,0.0033550871,-0.0171605613,0.0413615917,231.886084548,814.7022816736,6.0
460,0.0,-367.301636,-11.409134,-153.463608,0.9998471176,0.0033550871,-0.0171605613,0.0418987808,233.1822632725,814.0990568545,6.0
461,0.0,-367.279388,-11.502495,-153.386017,0.9998471176,0.0033550871,-0.0171605613,0.0429737608,235.6080743392,812.437879849,6.0
462,0.0,-367.287659,-11.556416,-153.324036,0.9998592785,0.0033551279,-0.0164367358,0.0434842341,236.7130963331,811.5489082996,6.0
463,0.0,-367.32608,-11.672376,-153.179779,0.9998661987,0.0033551511,-0.0160102335,0.0443073931,238.2370363511,809.3211348102,6.0
464,0.0,-367.464722,-11.765678,-152.991592,0.9998833961,0.0033552088,-0.0148975445,0.0450324776,239.4673472653,807.0744689037,6.0
465,0.0,-367.636627,-11.84206,-152.802994,0.9999177151,0.0022407349,-0.0126309959,0.0453620779,239.7077984507,805.0123316932,6.0
466,0.0,-367.751099,-11.86969,-152.699371,0.9999261437,0.0016821129,-0.0120365122,0.0455362921,239.8783336626,804.0783817153,6.0
467,0.0,-368.400665,-11.921933,-152.230713,0.9999943657,-0.0026225055,-0.0020954757,0.0456187553,238.9182472773,800.1528587338,6.0
468,0.0,-368.88797,-11.898012,-151.939789,0.999908813,-0.0102830269,0.0087535696,0.0443155966,234.886451924,797.8665927615,6.0
469,0.0,-368.9866485,-11.9305935,-151.853325,0.9997368468,-0.0158526222,0.0145150566,0.0431040111,231.3687415238,796.7059987469,6.0
470,0.0,-369.085327,-11.963175,-151.766861,0.9995648805,-0.0214222175,0.0202765437,0.0418924255,227.8510311236,795.5454047322,6.0
471,0.0,-369.497314,-11.910686,-151.52565,0.9986861523,-0.0372866659,0.0351521525,0.0385316496,217.9627995318,792.8352009169,6.0
472,0.0,-369.943512,-11.83107,-151.258636,0.9949018046,-0.0715104766,0.0711101318,0.0325039625,199.4401906591,788.6559664175,6.0
473,0.0,-369.991302,-11.867416,-151.186234,0.9902935881,-0.0926822315,0.10357902,0.0309442666,193.7990197176,785.1135526937,6.0
474,0.0,-369.895203,-11.942879,-151.229095,0.9836551123,-0.1101774156,0.142420354,0.0323203758,197.144746624,781.7534628357,6.0
475,0.0,-369.747681,-12.008308,-151.26033,0.9764110597,-0.1231383384,0.1773651379,0.0356382286,206.0260831489,778.669948809,6.0
476,0.0,-369.598465,-12.0522935,-151.268524,0.9716663275,-0.1291806794,0.1968229445,0.0384919496,213.320589133,776.9595562813,6.0
477,0.0,-369.449249,-12.096279,-151.276718,0.9669215953,-0.1352230204,0.2162807511,0.0413456706,220.615095117,775.2491637536,6.0
478,0.0,-369.308899,-12.154238,-151.250168,0.9667935619,-0.1353677974,0.216762008,0.0416026073,220.0783199841,771.021656009,6.0
479,0.0,-369.177032,-12.2081,-151.227112,0.9667935619,-0.1353677974,0.216762008,0.0416239208,219.0671682421,767.2868466721,6.0
480,0.0,-369.126923,-12.229407,-151.220779,0.9667935619,-0.1353677974,0.216762008,0.0415662587,217.8838197644,763.6600489459,6.0
481,0.0,-369.002625,-12.282226,-151.205643,0.9667935619,-0.1353677974,0.216762008,0.0415669476,217.4807880792,762.241281869,6.0
482,0.0,-368.869171,-12.347977,-151.197418,0.9667935619,-0.1353677974,0.216762008,0.041470361,215.9873610669,757.8693717246,6.0
483,0.0,-368.8993375,-12.332897,-151.1990355,0.9667935619,-0.1353677974,0.216762008,0.0414487004,215.4329247563,756.1168227482,6.0
484,0.0,-368.866058,-12.34957,-151.19725,0.9667935619,-0.1353677974,0.216762008,0.0413122091,213.9959171418,752.2871952935,6.0
485,0.0,-368.746948,-12.40885,-151.192429,0.9667935619,-0.1353677974,0.216762008,0.0412124837,212.6434300025,748.4174608026,6.0
486,0.0,-368.351288,-12.630594,-151.253143,0.9667935619,-0.1353677974,0.216762008,0.0410679698,211.1286304612,744.3648037159,6.0
487,0.0,-368.195801,-12.718166,-151.315353,0.9667935619,-0.1353677974,0.216762008,0.0409781048,210.3960195057,742.5777624402,6.0
488,0.0,-368.036011,-12.823042,-151.407471,0.9667935619,-0.1353677974,0.216762008,0.0407882616,208.7442323769,738.4246738215,6.0
489,0.0,-368.060516,-12.797615,-151.390213,0.9667935619,-0.1353677974,0.216762008,0.0407582297,208.260630874,736.9796702944,6.0
490,0.0,-367.847473,-12.939009,-151.535904,0.9667935619,-0.1353677974,0.216762008,0.0405087603,206.3669213304,732.4769217274,6.0
491,0.0,-368.037231,-12.81328,-151.40596,0.9667935619,-0.1353677974,0.216762008,0.0404713273,205.7970805355,730.7850836186,6.0
492,0.0,-367.799805,-12.969641,-151.567902,0.9667935619,-0.1353677974,0.216762008,0.0401701423,203.6577648774,725.8386718688,6.0
493,0.0,-367.395386,-13.168021,-151.88559,0.9667935619,-0.1353677974,0.216762008,0.0390461762,201.234959933,727.244580007,6.0
494,0.0,-367.241821,-13.243904,-152.027451,0.9667935619,-0.1353677974,0.216762008,0.0397191787,205.0602456692,734.889763589,6.0
495,0.0,-367.290009,-13.220023,-151.982391,0.9667935619,-0.1353677974,0.216762008,0.0394713892,203.6366091783,732.0286162608,6.0
496,0.0,-367.167572,-13.279833,-152.098648,0.9667935619,-0.1353677974,0.216762008,0.0391965196,202.335523183,729.8461966903,6.0
497,0.0,-367.049957,-13.321028,-152.216675,0.9667935619,-0.1353677974,0.216762008,0.0390735676,201.724304998,728.7625456056,6.0
498,0.0,-366.899353,-13.365602,-152.386368,0.9667935619,-0.1353677974,0.216762008,0.0387217998,200.5721497502,727.8187861595,6.0
499,0.0,-366.831879,-13.382973,-152.454208,0.9667935619,-0.1353677974,0.216762008,0.0380886376,198.7301837216,726.9866298778,6.0
500,0.0,-366.70285,-13.414455,-152.578781,0.9667935619,-0.1353677974,0.216762008,0.0375644589,197.2358471565,726.4397177202,6.0
501,0.0,-366.730408,-13.40819,-152.551208,0.9667935619,-0.1353677974,0.216762008,0.0373680417,196.6985614696,726.3259842378,6.0
502,0.0,-366.675415,-13.421996,-152.60527,0.9667935619,-0.1353677974,0.216762008,0.0367994034,195.1685822704,726.1179612432,6.0
503,0.0,-366.6632155,-13.42638475,-152.6160695,0.9667935619,-0.1353677974,0.216762008,0.0366830464,194.8654835201,726.1205476716,6.0
504,0.0,-366.651016,-13.4307735,-152.626869,0.9667935619,-0.1353677974,0.216762008,0.0365666893,194.5623847697,726.1231341,6.0
505,0.0,-366.6388165,-13.43516225,-152.6376685,0.9667935619,-0.1353677974,0.216762008,0.0364503323,194.2592860193,726.1257205285,6.0
506,0.0,-366.626617,-13.439551,-152.648468,0.9667935619,-0.1353677974,0.216762008,0.0363339752,193.9561872689,726.1283069569,6.0
507,0.0,-366.483261,-13.5193925,-152.7738645,0.9667935619,-0.1353677974,0.216762008,0.0354302555,191.6643757606,726.5411819694,6.0
508,0.0,-366.317291,-13.622613,-152.918915,0.9667935619,-0.1353677974,0.216762008,0.0331843171,186.1012652213,728.4521884746,6.0
509,0.0,-366.3113095,-13.6310355,-152.9237365,0.9667935619,-0.1353677974,0.216762008,0.0327669898,185.0723079678,728.9643330663,6.0
510,0.0,-366.305328,-13.639458,-152.928558,0.9667935619,-0.1353677974,0.216762008,0.0323496625,184.0433507144,729.476477658,6.0
511,0.0,-366.340271,-13.606951,-152.8983,0.9667935619,-0.1353677974,0.216762008,0.03168664,182.5163189988,730.8302010676,6.0
512,0.0,-366.324234,-13.6244325,-152.9116515,0.9667935619,-0.1353677974,0.216762008,0.0313508358,181.7042023372,731.4160879032,6.0
513,0.0,-366.308197,-13.641914,-152.925003,0.9667935619,-0.1353677974,0.216762008,0.0310150315,180.8920856756,732.0019747388,6.0
514,0.0,-366.316803,-13.649555,-152.921799,0.9667935619,-0.1353677974,0.216762008,0.0300715853,178.7124126765,734.2624746937,6.0
515,0.0,-366.321991,-13.65509,-152.921539,0.9667935619,-0.1353677974,0.216762008,0.0296158958,177.7580047877,735.8533688311,6.0
516,0.0,-366.323608,-13.65757,-152.920883,0.9667935619,-0.1353677974,0.216762008,0.0292065822,176.9351073462,737.4848328749,6.0
517,0.0,-366.3253325,-13.6602965,-152.9201505,0.9667935619,-0.1353677974,0.216762008,0.0290339138,176.612137881,738.2977735795,6.0
518,0.0,-366.327057,-13.663023,-152.919418,0.9667935619,-0.1353677974,0.216762008,0.0288612453,176.2891684158,739.1107142841,6.0
519,0.0,-366.331665,-13.672457,-152.917023,0.9667935619,-0.1353677974,0.216762008,0.0285106754,175.8300112377,741.6381059158,6.0
520,0.0,-366.336212,-13.67864,-152.914886,0.9667935619,-0.1353677974,0.216762008,0.0284070262,175.9878867113,743.6374611733,6.0
521,0.0,-366.337372,-13.680124,-152.914368,0.9667935619,-0.1353677974,0.216762008,0.0283432821,176.1943708379,745.3346440511,6.0
522,0.0,-366.3396,-13.689426,-152.913803,0.9667935619,-0.1353677974,0.216762008,0.0283741128,176.4984817988,746.2211815177,6.0
523,0.0,-366.337738,-13.698824,-152.915573,0.9667935619,-0.1353677974,0.216762008,0.0282410551,176.6536906832,748.6095216196,6.0
524,0.0,-366.335876,-13.705208,-152.922195,0.9667935619,-0.1353677974,0.216762008,0.0279360344,176.3511684849,751.3381906636,6.0
525,0.0,-366.335876,-13.705208,-152.922195,0.9667935619,-0.1353677974,0.216762008,0.0278267068,176.2121302167,752.1983187881,6.0
526,0.0,-366.332764,-13.71067,-152.927902,0.9667935619,-0.1353677974,0.216762008,0.0274220438,175.5322620996,754.7271126045,6.0
527,0.0,-366.330719,-13.712685,-152.929855,0.9667935619,-0.1353677974,0.216762008,0.0270483081,174.9463029876,757.3148818407,6.0
528,0.0,-366.324554,-13.718204,-152.933762,0.9667935619,-0.1353677974,0.216762008,0.0269293713,174.9337880588,758.9082555251,6.0
529,0.0,-366.317047,-13.723709,-152.933426,0.9667935619,-0.1353677974,0.216762008,0.0268532666,175.5275236131,762.5476249026,6.0
530,0.0,-366.314758,-13.725394,-152.933319,0.9667935619,-0.1353677974,0.216762008,0.0268261994,176.2581439772,766.1026209211,6.0
531,0.0,-366.309723,-13.730926,-152.9416655,0.9667935619,-0.1353677974,0.216762008,0.0267655745,176.4695397253,767.8803170653,6.0
532,0.0,-366.300598,-13.739588,-152.953537,0.9667935619,-0.1353677974,0.216762008,0.0266501336,177.0370732894,771.991432385,6.0
533,0.0,-366.29007,-13.745606,-152.957153,0.9667935619,-0.1353677974,0.216762008,0.0265845709,177.551467151,775.1757502446,6.0
534,0.0,-366.284912,-13.748552,-152.958893,0.9667935619,-0.1353677974,0.216762008,0.0265340976,177.6109502669,776.1626919784,6.0
535,0.0,-366.27301,-13.749689,-152.963501,0.9667935619,-0.1353677974,0.216762008,0.0264447131,178.1237472624,779.7003773919,6.0
536,0.0,-366.271881,-13.749695,-152.963943,0.9667935619,-0.1353677974,0.216762008,0.0264057937,178.546746532,782.1200098908,6.0
537,0.0,-366.275665,-13.749675,-152.962433,0.9667935619,-0.1353677974,0.216762008,0.0263714677,178.6931069525,783.2635954755,6.0
538,0.0,-366.26651,-13.749706,-152.966125,0.9667935619,-0.1353677974,0.216762008,0.026353085,179.1395974404,785.4908530653,6.0
539,0.0,-366.256897,-13.748262,-152.977554,0.9667935619,-0.1353677974,0.216762008,0.0263259941,179.4976859539,787.460455253,6.0
540,0.0,-366.248596,-13.747125,-152.987152,0.9667935619,-0.1353677974,0.216762008,0.0264485437,180.2067824883,788.7620798554,6.0
541,0.0,-366.224609,-13.749189,-152.999542,0.9667935619,-0.1353677974,0.216762008,0.0265702147,180.7281071653,789.2549759224,6.0
542,0.0,-366.208801,-13.748692,-153.010071,0.9667935619,-0.1353677974,0.216762008,0.0267885628,181.7569508866,790.5503031087,6.0
543,0.0,-366.208801,-13.748692,-153.010071,0.9667935619,-0.1353677974,0.216762008,0.0268953973,182.1729713339,790.8059075193,6.0
544,0.0,-366.163971,-13.743011,-153.041504,0.9667935619,-0.1353677974,0.216762008,0.0270178857,182.6452450398,791.0812955829,6.0
545,0.0,-366.1684773333,-13.743881,-153.0372366667,0.9667935619,-0.1353677974,0.216762008,0.0270314689,182.7065975932,791.150919605,6.0
546,0.0,-366.1729836667,-13.744751,-153.0329693333,0.9667935619,-0.1353677974,0.216762008,0.0270450521,182.7679501466,791.2205436271,6.0
547,0.0,-366.17749,-13.745621,-153.028702,0.9667935619,-0.1353677974,0.216762008,0.0270586353,182.8293027,791.2901676493,6.0
548,0.0,-366.17749,-13.745621,-153.028702,0.9667935619,-0.1353677974,0.216762008,0.0270586353,182.8293027,791.2901676493,6.0
549,0.0,-366.090363,-13.734528,-153.087311,0.9667935619,-0.1353677974,0.216762008,0.0271852859,183.2565679438,791.3150895186,6.0
550,0.0,-366.09787,-13.735903,-153.082321,0.9667935619,-0.1353677974,0.216762008,0.0272210489,183.3791934116,791.3314346617,6.0
551,0.0,-366.07724,-13.732117,-153.096146,0.9667935619,-0.1353677974,0.216762008,0.0272417064,183.4348266398,791.2754671291,6.0
552,0.0,-366.058716,-13.732309,-153.106262,0.9667935619,-0.1353677974,0.216762008,0.0272389966,183.3603154561,790.9928499339,6.0
553,0.0,-366.05069,-13.733171,-153.110901,0.9667935619,-0.1353677974,0.216762008,0.027242872,183.3512081061,790.8980779965,6.0
554,0.0,-366.045044,-13.734683,-153.114647,0.9667935619,-0.1353677974,0.216762008,0.0272422819,183.3326062584,790.826284302,6.0
555,0.0,-366.022949,-13.74273,-153.130508,0.9667935619,-0.1353677974,0.216762008,0.0272118286,183.1565933349,790.5028971918,6.0
556,0.0,-366.015839,-13.744291,-153.134338,0.9667935619,-0.1353677974,0.216762008,0.0271906899,183.039889468,790.3019925404,6.0
557,0.0,-366.013733,-13.743984,-153.134872,0.9667935619,-0.1353677974,0.216762008,0.0271905588,183.0333207465,790.2755097815,6.0
558,0.0,-366.011627,-13.743677,-153.135406,0.9667935619,-0.1353677974,0.216762008,0.0271904277,183.026752025,790.2490270225,6.0
559,0.0,-366.006989,-13.743006,-153.136581,0.9667935619,-0.1353677974,0.216762008,0.0271618371,182.9130978126,790.1681222365,6.0
560,0.0,-365.998199,-13.744835,-153.141907,0.9667935619,-0.1353677974,0.216762008,0.0271533433,182.8987328595,790.2279314306,6.0
561,0.0,-365.995239,-13.747097,-153.14534,0.9667935619,-0.1353677974,0.216762008,0.0270029655,182.6458476075,791.2994355117,6.0
562,0.0,-365.986877,-13.752769,-153.153152,0.9667935619,-0.1353677974,0.216762008,0.0269506096,182.3576406122,790.8073358733,6.0
563,0.0,-365.981781,-13.7552455,-153.155548,0.9667935619,-0.1353677974,0.216762008,0.0269455546,182.3308476791,790.7642971561,6.0
564,0.0,-365.973938,-13.759051,-153.159225,0.9667935619,-0.1353677974,0.216762008,0.0268866833,182.0372995767,790.3432615398,6.0
565,0.0,-365.972473,-13.762509,-153.164032,0.9667935619,-0.1353677974,0.216762008,0.0268627421,181.9391956366,790.2644590179,6.0
566,0.0,-365.97464,-13.758735,-153.15889,0.9667935619,-0.1353677974,0.216762008,0.0268511927,181.8974542693,790.2507383289,6.0
567,0.0,-365.972656,-13.762072,-153.163406,0.9667935619,-0.1353677974,0.216762008,0.0268264322,181.8164573963,790.2583409484,6.0
568,0.0,-365.977478,-13.764755,-153.170105,0.9667935619,-0.1353677974,0.216762008,0.0268189654,181.799021762,790.2910535364,6.0
569,0.0,-365.975922,-13.764044,-153.169846,0.9667935619,-0.1353677974,0.216762008,0.0268086353,181.7990833055,790.4414985117,6.0
570,0.0,-365.978546,-13.766964,-153.169144,0.9667935619,-0.1353677974,0.216762008,0.0268045492,181.8140459838,790.5659863125,6.0
571,0.0,-365.980133,-13.770093,-153.167816,0.9667935619,-0.1353677974,0.216762008,0.0268047032,181.820016341,790.5897061345,6.0
572,0.0,-366.00296,-13.781348,-153.162277,0.9667935619,-0.1353677974,0.216762008,0.0268072997,181.8556624117,790.7069267628,6.0
573,0.0,-366.013397,-13.785627,-153.160568,0.9667935619,-0.1353677974,0.216762008,0.0268156493,181.8999142183,790.7778652411,6.0
574,0.0,-366.003662,-13.781778,-153.162186,0.9667935619,-0.1353677974,0.216762008,0.0271067837,183.2338189259,792.3459605928,6.0
575,0.0,-366.014038,-13.785733,-153.160446,0.9667935619,-0.1353677974,0.216762008,0.0271927336,183.5068987084,792.2890100136,6.0
576,0.0,-366.018188,-13.786412,-153.159683,0.9667935619,-0.1353677974,0.216762008,0.0271725185,183.4590208333,792.372820662,6.0
577,0.0,-366.019501,-13.78662,-153.159424,0.9667935619,-0.1353677974,0.216762008,0.0272987857,183.832400689,792.1724566201,6.0
578,0.0,-366.033844,-13.79212,-153.156845,0.9667935619,-0.1353677974,0.216762008,0.0273110347,183.853719449,792.0890975873,6.0
579,0.0,-366.027008,-13.787891,-153.15799,0.9667935619,-0.1353677974,0.216762008,0.0273368675,183.8983004886,791.9119154256,6.0
580,0.0,-366.037994,-13.794703,-153.156143,0.9667935619,-0.1353677974,0.216762008,0.0273454543,183.8984321524,791.7898606694,6.0
581,0.0,-366.082947,-13.823799,-153.149155,0.9667935619,-0.1353677974,0.216762008,0.0273390472,183.8479930765,791.6641556336,6.0
582,0.0,-366.0849,-13.825625,-153.148666,0.9667935619,-0.1353677974,0.216762008,0.0273366942,183.8353837485,791.6434545672,6.0
583,0.0,-366.089111,-13.837299,-153.149109,0.9667935619,-0.1353677974,0.216762008,0.0273213373,183.7584866007,791.5315962783,6.0
584,0.0,-366.090363,-13.842935,-153.149628,0.9667935619,-0.1353677974,0.216762008,0.0273118629,183.7178123997,791.4917405619,6.0
585,0.0,-366.09964,-13.865751,-153.150406,0.9667935619,-0.1353677974,0.216762008,0.0272894812,183.6217154427,791.3975840617,6.0
586,0.0,-366.095154,-13.875684,-153.152969,0.9667935619,-0.1353677974,0.216762008,0.0272615323,183.5049585982,791.2940789696,6.0
587,0.0,-366.098083,-13.870977,-153.15155,0.9667935619,-0.1353677974,0.216762008,,,,
588,0.0,-366.09137,-13.882051,-153.154968,0.9667935619,-0.1353677974,0.216762008,,,,
589,0.0,-366.090942,-13.883994,-153.156113,0.9667935619,-0.1353677974,0.216762008,,,,
590,0.0,-366.089966,-13.888256,-153.158539,0.9667935619,-0.1353677974,0.216762008,,,,
591,0.0,-366.092499,-13.8931055,-153.1623995,0.9667935619,-0.1353677974,0.216762008,,,,
592,0.0,-366.095032,-13.897955,-153.16626,0.9667935619,-0.1353677974,0.216762008,,,,
593,0.0,-366.099243,-13.902801,-153.170517,0.9667935619,-0.1353677974,0.216762008,,,,
594,0.0,-366.10141,-13.907507,-153.172623,0.9667935619,-0.1353677974,0.216762008,,,,
595,0.0,-366.099152,-13.911461,-153.174973,0.9667935619,-0.1353677974,0.216762008,,,,
596,0.0,-366.097916,-13.9116865,-153.175812,0.9667935619,-0.1353677974,0.216762008,,,,
597,0.0,-366.095398,-13.909096,-153.177917,0.9667935619,-0.1353677974,0.216762008,,,,
598,0.0,-366.095642,-13.909194,-153.1775055,0.9667935619,-0.1353677974,0.216762008,,,,
599,0.0,-366.095612,-13.908983,-153.17746,0.9667935619,-0.1353677974,0.216762008,,,,
600,0.0,-366.09671,-13.910183,-153.175995,0.9667935619,-0.1353677974,0.216762008,,,,
601,0.0,-366.097046,-13.912754,-153.1770555,0.9667935619,-0.1353677974,0.216762008,,,,
602,0.0,-366.097412,-13.916007,-153.178436,0.9667935619,-0.1353677974,0.216762008,,,,
603,0.0,-366.096832,-13.9187715,-153.178604,0.9667935619,-0.1353677974,0.216762008,,,,
604,0.0,-366.093109,-13.926833,-153.1772,0.9667935619,-0.1353677974,0.216762008,,,,
605,0.0,-366.091705,-13.927628,-153.179565,0.9667935619,-0.1353677974,0.216762008,,,,
606,0.0,-366.0915525,-13.927718,-153.179832,0.9667935619,-0.1353677974,0.216762008,,,,
607,0.0,-366.0914,-13.927808,-153.180099,0.9667935619,-0.1353677974,0.216762008,,,,
608,0.0,-366.087799,-13.923916,-153.178001,0.9667935619,-0.1353677974,0.216762008,,,,
609,0.0,-366.084717,-13.922405,-153.178314,0.9667935619,-0.1353677974,0.216762008,,,,
610,0.0,-366.083649,-13.916438,-153.172226,0.9667935619,-0.1353677974,0.216762008,,,,
611,0.0,-366.08252,-13.910141,-153.165588,0.9667935619,-0.1353677974,0.216762008,,,,
612,0.0,-366.082062,-13.908367,-153.16362,0.9667935619,-0.1353677974,0.216762008,,,,
613,0.0,-366.080536,-13.901852,-153.156311,0.9667935619,-0.1353677974,0.216762008,,,,
614,0.0,-366.078766,-13.896772,-153.155029,0.9667935619,-0.1353677974,0.216762008,,,,
615,0.0,-366.075348,-13.886637,-153.152939,0.9667935619,-0.1353677974,0.216762008,,,,
616,0.0,-366.076355,-13.889627,-153.153564,0.9667935619,-0.1353677974,0.216762008,,,,
617,0.0,-366.077789,-13.871352,-153.137772,0.9667935619,-0.1353677974,0.216762008,,,,
618,0.0,-366.078369,-13.866342,-153.134109,0.9667935619,-0.1353677974,0.216762008,,,,
619,0.0,-366.079468,-13.854204,-153.127289,0.9667935619,-0.1353677974,0.216762008,,,,
620,0.0,-366.081421,-13.839958,-153.116821,0.9667935619,-0.1353677974,0.216762008,,,,
621,0.0,-366.085052,-13.823081,-153.108521,0.9667935619,-0.1353677974,0.216762008,,,,
622,0.0,-366.083557,-13.828577,-153.109848,0.9667935619,-0.1353677974,0.216762008,,,,
623,0.0,-366.087738,-13.813718,-153.106232,0.9667935619,-0.1353677974,0.216762008,,,,
624,0.0,-366.092499,-13.797652,-153.098633,0.9667935619,-0.1353677974,0.216762008,,,,
625,0.0,-366.0934295,-13.7946425,-153.0968475,0.9667935619,-0.1353677974,0.216762008,,,,
626,0.0,-366.09436,-13.791633,-153.095062,0.9667935619,-0.1353677974,0.216762008,,,,
627,0.0,-366.094086,-13.771718,-153.086716,0.9667935619,-0.1353677974,0.216762008,,,,
628,0.0,-366.091492,-13.750113,-153.077118,0.9667935619,-0.1353677974,0.216762008,,,,
629,0.0,-366.090897,-13.742158,-153.07238,0.9667935619,-0.1353677974,0.216762008,,,,
630,0.0,-366.090302,-13.734203,-153.067642,0.9667935619,-0.1353677974,0.216762008,,,,
631,0.0,-366.090851,-13.741778,-153.072174,0.9667935619,-0.1353677974,0.216762008,,,,
632,0.0,-366.090515,-13.73695,-153.069275,0.9667935619,-0.1353677974,0.216762008,,,,
633,0.0,-366.105957,-13.702122,-153.050247,0.9667935619,-0.1353677974,0.216762008,,,,
634,0.0,-366.1121825,-13.6992235,-153.045448,0.9667935619,-0.1353677974,0.216762008,,,,
635,0.0,-366.124542,-13.694701,-153.03595,0.9667935619,-0.1353677974,0.216762008,,,,
636,0.0,-366.1303555,-13.693152,-153.0303575,0.9667935619,-0.1353677974,0.216762008,,,,
637,0.0,-366.136169,-13.691603,-153.024765,0.9667935619,-0.1353677974,0.216762008,,,,
638,0.0,-366.14917,-13.69024,-153.009048,0.9669049949,-0.1353832968,0.2162546965,,,,
639,0.0,-366.162628,-13.68973,-152.998627,0.9675308884,-0.1346069529,0.2139274369,,,,
640,0.0,-366.1636505,-13.689383,-152.997597,0.9676074124,-0.1344822336,0.2136593812,,,,
641,0.0,-366.170593,-13.688224,-152.989822,0.9679219699,-0.133968377,0.2125547794,,,,
642,0.0,-366.171997,-13.681316,-152.980881,0.9684211673,-0.1325864452,0.211142789,,,,
643,0.0,-366.1744385,-13.68122,-152.974663,0.968730433,-0.1319212134,0.2101346886,,,,
644,0.0,-366.17688,-13.681124,-152.968445,0.9690396986,-0.1312559816,0.2091265882,,,,
645,0.0,-366.166534,-13.662665,-152.955841,0.969744807,-0.1276983393,0.2080580288,,,,
646,0.0,-366.161774,-13.648305,-152.944489,0.9704208156,-0.1248293624,0.2066423743,,,,
647,0.0,-366.158386,-13.644507,-152.946564,0.9705040228,-0.1245208258,0.2064376556,,,,
648,0.0,-366.170227,-13.65062,-152.938049,0.9706963367,-0.1245453973,0.2055165832,,,,
649,0.0,-366.173737,-13.652667,-152.934906,0.9706963367,-0.1245453973,0.2055165832,,,,
650,0.0,-366.173737,-13.652667,-152.934906,0.9706963367,-0.1245453973,0.2055165832,,,,
651,0.0,-366.183807,-13.661161,-152.92392,0.9706963367,-0.1245453973,0.2055165832,,,,
652,0.0,-366.186554,-13.662579,-152.923065,0.9706963367,-0.1245453973,0.2055165832,,,,
653,0.0,-366.067627,-13.723166,-152.895309,0.9706963367,-0.1245453973,0.2055165832,,,,
654,0.0,-365.962402,-13.79562,-152.869553,0.9707695389,-0.1254772271,0.2046019743,,,,
655,0.0,-365.88324,-13.921347,-152.84697,0.9701448027,-0.1322547709,0.2032922462,,,,
656,0.0,-365.831909,-13.928667,-152.84697,0.9699452254,-0.1361317178,0.2016789901,,,,
657,0.0,-365.447937,-13.982519,-152.84848,0.9688027116,-0.1508379596,0.196644898,,,,
658,0.0,-364.894562,-14.085614,-152.849319,0.9664947326,-0.1718704461,0.1906527777,,,,
659,0.0,-364.664886,-14.115359,-152.858093,0.9655334441,-0.1799491511,0.1880517785,,,,
660,0.0,-364.311935,-16.01102,-152.5784605,0.9628548017,-0.1983962708,0.1821177264,,,,
661,0.0,-362.779572,-18.458443,-152.298813,0.9542761981,-0.249251592,0.1650169133,,,,
662,0.0,-361.525879,-19.000774,-152.29892,0.9489215085,-0.2758983302,0.1530623472,,,,
663,0.0,-359.460968,-19.761662,-152.298782,0.9429180669,-0.3022077323,0.1399142794,,,,
664,0.0,-358.556091,-20.016289,-152.298737,0.9422719505,-0.3054209539,0.1372647522,,,,
665,0.0,-356.606903,-20.554499,-152.298737,0.9423419126,-0.3071046058,0.1329604485,,,,
666,0.0,-354.379272,-21.173958,-152.298737,0.9424435749,-0.3078982445,0.1303793665,,,,
667,0.0,-352.026733,-21.843134,-152.298737,0.942523848,-0.3083640946,0.1286871443,,,,
668,0.0,-349.749268,-22.500605,-152.298737,0.9425589038,-0.3083753816,0.1284030254,,,,
669,0.0,-347.53595,-23.149834,-152.298737,0.9425589038,-0.3083753816,0.1284030254,,,,
670,0.0,-344.724152,-23.986286,-152.298737,0.9425589038,-0.3083753816,0.1284030254,,,,
671,0.0,-342.037872,-24.795277,-152.298737,0.9425589038,-0.3083753816,0.1284030254,,,,
672,0.0,-339.366272,-25.607803,-152.298737,0.9425589038,-0.3083753816,0.1284030254,,,,
673,0.0,-336.767487,-26.404696,-152.298737,0.9425589038,-0.3083753816,0.1284030254,,,,
674,0.0,-334.17804,-27.204027,-152.298737,0.9425589038,-0.3083753816,0.1284030254,,,,
675,0.0,-331.345703,-28.08345,-152.298737,0.9425589038,-0.3083753816,0.1284030254,,,,
676,0.0,-328.489197,-28.975199,-152.298737,0.9425589038,-0.3083753816,0.1284030254,,,,
677,0.0,-325.575531,-29.889048,-152.298737,0.9425589038,-0.3083753816,0.1284030254,,,,
678,0.0,-322.86676,-30.742128,-152.298737,0.9425589038,-0.3083753816,0.1284030254,,,,
679,0.0,-319.879547,-31.686167,-152.298737,0.9425589038,-0.3083753816,0.1284030254,,,,
680,0.0,-314.337402,-33.44558,-152.298737,0.9425589038,-0.3083753816,0.1284030254,,,,
681,0.0,-311.195496,-34.447342,-152.298737,0.9425589038,-0.3083753816,0.1284030254,,,,
682,0.0,-308.106842,-35.434563,-152.298737,0.9425589038,-0.3083753816,0.1284030254,,,,
683,0.0,-304.777832,-36.472664,-152.298721,0.9437943092,-0.305552912,0.1260544326,,,,
684,0.0,-301.483124,-37.485779,-152.298737,0.9455171771,-0.3012857275,0.1233862969,,,,
685,0.0,-299.4822235,-38.0997775,-152.298737,0.9465778869,-0.2987028288,0.1214720688,,,,
686,0.0,-295.989105,-39.178402,-152.298737,0.948133549,-0.2949881971,0.118426082,,,,
687,0.0,-290.875366,-40.752029,-152.298737,0.9504022343,-0.289834827,0.1128333549,,,,
688,0.0,-289.3979645,-41.204664,-152.298737,0.9510246603,-0.2883866277,0.1112668407,,,,
689,0.0,-287.920563,-41.657299,-152.298737,0.9516470862,-0.2869384284,0.1097003265,,,,
690,0.0,-284.319153,-42.756554,-152.298737,0.9543538873,-0.2798351167,0.1044076877,,,,
691,0.0,-277.729523,-44.789818,-152.298737,0.9539734951,-0.2811291614,0.1044076877,,,,
692,0.0,-275.867859,-45.365917,-152.298737,0.9540313093,-0.2809329022,0.1044076877,,,,
693,0.0,-271.62323,-46.677475,-152.298737,0.9540313093,-0.2809329022,0.1044076877,,,,
694,0.0,-268.261383,-47.705261,-152.298737,0.9542373153,-0.2802323694,0.1044076877,,,,
695,0.0,-264.547577,-48.839497,-152.298737,0.9543538873,-0.2798351167,0.1044076877,,,,
696,0.0,-260.919159,-49.947056,-152.298737,0.9543538873,-0.2798351167,0.1044076877,,,,
697,0.0,-257.230499,-51.069134,-152.298737,0.9543538873,-0.2798351167,0.1044076877,,,,
698,0.0,-253.766785,-52.119503,-152.298737,0.9543538873,-0.2798351167,0.1044076877,,,,
699,0.0,-252.43219,-52.516445,-152.298737,0.9544149954,-0.279035453,0.1059775099,,,,
700,0.0,-248.063583,-53.794312,-152.298752,0.9547820005,-0.2745581667,0.1140576372,,,,
701,0.0,-243.612793,-55.103989,-152.298737,0.9549652126,-0.2717398931,0.1191590246,,,,
702,0.0,-241.870941,-55.623756,-152.298737,0.9549676532,-0.2716826101,0.1192700331,,,,
703,0.0,-237.783173,-56.840149,-152.298737,0.9549676532,-0.2716826101,0.1192700331,,,,
704,0.0,-234.149139,-57.917229,-152.298737,0.9549676532,-0.2716826101,0.1192700331,,,,
705,0.0,-230.926544,-58.869213,-152.298737,0.9549676532,-0.2716826101,0.1192700331,,,,
706,0.0,-226.960449,-60.037121,-152.298737,0.9549676532,-0.2716826101,0.1192700331,,,,
707,0.0,-225.197372,-60.555225,-152.298737,0.9549676532,-0.2716826101,0.1192700331,,,,
708,0.0,-219.896118,-62.108326,-152.298737,0.9549676532,-0.2716826101,0.1192700331,,,,
709,0.0,-218.582153,-62.492496,-152.298737,0.9549676532,-0.2716826101,0.1192700331,,,,
710,0.0,-214.437637,-63.701687,-152.298737,0.9549676532,-0.2716826101,0.1192700331,,,,
711,0.0,-210.580032,-64.82457,-152.298737,0.9549676532,-0.2716826101,0.1192700331,,,,
712,0.0,-205.050079,-66.430382,-152.298737,0.9549676532,-0.2716826101,0.1192700331,,,,
713,0.0,-203.0393905,-66.9863395,-152.298729,0.9558660204,-0.2689155986,0.118301098,,,,
714,0.0,-197.53241,-68.340424,-152.298706,0.9630121766,-0.2439149624,0.1145121775,,,,
715,0.0,-195.178757,-68.7989085,-152.2987215,0.9684461008,-0.2215005008,0.111851065,,,,
716,0.0,-192.825104,-69.257393,-152.298737,0.9738800251,-0.1990860393,0.1091899525,,,,
717,0.0,-189.415344,-69.69973,-152.298706,0.9843699789,-0.1433123926,0.102358697,,,,
718,0.0,-187.664795,-69.815056,-152.298553,0.9898445495,-0.1011928461,0.0998387489,,,,
719,0.0,-183.053818,-69.933418,-152.298737,0.9944771634,0.0387440798,0.0975400826,,,,
720,0.0,-181.446304,-69.599579,-152.298737,0.9807856326,0.1689540725,0.0975400653,,,,
721,0.0,-177.807739,-68.932434,-152.299088,0.9131067276,0.3951998581,0.1002655287,,,,
722,0.0,-172.36142,-67.312347,-152.300522,0.7284915094,0.6762708728,0.1093518514,,,,
723,0.0,-170.253128,-66.6138915,-152.2998355,0.6049537379,0.7722855564,0.1144533471,,,,
724,0.0,-166.617462,-65.615501,-152.299149,0.3999451715,0.9084211137,0.121716638,,,,
725,0.0,-162.432877,-65.593857,-152.298737,0.2994958036,0.9461329604,0.1230231071,,,,
726,0.0,-158.308609,-66.027878,-152.298737,0.2978967272,0.9475880184,0.1154750508,,,,
727,0.0,-156.5494385,-66.266796,-152.298714,0.2920311826,0.9503948436,0.1065120222,,,,
728,0.0,-154.790268,-66.505714,-152.298691,0.286165638,0.9532016688,0.0975489935,,,,
729,0.0,-150.117737,-67.229774,-152.298691,0.2615082548,0.9615362578,0.08403248,,,,
730,0.0,-146.417175,-67.552017,-152.298782,0.2706620793,0.9596009748,0.0768635671,,,,
731,0.0,-145.310806,-67.564304,-152.298767,0.2836865641,0.9558133011,0.0758809432,,,,
732,0.0,-143.089203,-67.584137,-152.298737,0.3034417415,0.949923955,0.0746162802,,,,
733,0.0,-141.192474,-67.461197,-152.298737,0.3034417415,0.949923955,0.0746162802,,,,
734,0.0,-140.811447,-67.388016,-152.298737,0.3034417415,0.949923955,0.0746162802,,,,
735,0.0,-140.192642,-67.008698,-152.298737,0.3034417415,0.949923955,0.0746162802,,,,
736,0.0,-140.233948,-66.734825,-152.298737,0.3034417415,0.949923955,0.0746162802,,,,
737,0.0,-140.538864,-66.413094,-152.298737,0.3034417415,0.949923955,0.0746162802,,,,
738,0.0,-140.700989,-66.284492,-152.298737,0.3034417415,0.949923955,0.0746162802,,,,
739,0.0,-141.808807,-65.651131,-152.298737,0.3034417415,0.949923955,0.0746162802,,,,
740,0.0,-142.628448,-65.252907,-152.298737,0.3034417415,0.949923955,0.0746162802,,,,
741,0.0,-143.891159,-64.777657,-152.298737,0.2890042773,0.9544994537,0.073534486,,,,
742,0.0,-145.607178,-64.474754,-152.298889,0.2263817107,0.9707018525,0.0805557853,,,,
743,0.0,-148.144562,-64.583344,-152.299088,0.0807233899,0.9924719101,0.0921045166,,,,
744,0.0,-150.373596,-64.9739,-152.299057,-0.0635557665,0.9932730585,0.0967951226,0.0876284513,551.3617064328,1346.8768701729,0.0
745,0.0,-152.058411,-64.393379,-152.298843,-0.1523190287,0.9834451344,0.0981559023,0.0556355893,441.866595422,1343.4638740271,0.0
746,0.0,-154.788162,-63.785221,-152.298737,-0.2773322158,0.9556924781,0.0986850006,0.0230597088,285.7604967953,1338.3771300391,0.0
747,0.0,-157.706924,-63.265915,-152.298737,-0.3788993362,0.9201611599,0.098685018,0.008313265,171.5255963559,1333.0075526463,0.0
748,0.0,-160.227966,-62.703075,-152.298691,-0.4265432414,0.8992761494,0.0967639931,0.0052223666,135.5657140798,1328.2167269529,0.0
749,0.0,-162.80896,-62.007599,-152.298721,-0.4450017612,0.8906549581,0.0933122616,0.0044008284,124.0031985894,1323.2107265932,0.0
750,0.0,-165.249985,-61.309948,-152.298737,-0.4464274824,0.8900840729,0.0919393617,0.0042438606,121.3399270547,1318.4675186918,0.0
751,0.0,-167.80722,-60.547489,-152.298737,-0.4464326894,0.8900944547,0.0918134822,0.0042299855,120.6930170666,1313.5828107215,0.0
752,0.0,-170.592484,-59.698452,-152.298737,-0.4464326894,0.8900944547,0.0918134822,0.0042269299,120.1693663934,1308.3552148984,0.0
753,0.0,-171.913788,-59.29076,-152.298737,-0.4464326894,0.8900944547,0.0918134822,0.0042258253,119.9284547116,1305.9025478626,0.0
754,0.0,-175.045135,-58.303799,-152.298737,-0.4458392583,0.8903918447,0.0918134996,0.0042249383,119.388726308,1300.1616094543,0.0
755,0.0,-177.847595,-57.407772,-152.298737,-0.4454083529,0.8906074801,0.0918134822,0.0042241888,118.956687586,1295.5713187346,0.0
756,0.0,-181.123886,-56.337196,-152.298737,-0.4439616576,0.8913295282,0.0918134996,0.0042248307,118.398234194,1289.3913847226,0.0
757,0.0,-184.09053,-55.36203,-152.298737,-0.4433579125,0.8916299938,0.0918134822,0.0042245253,117.8959830362,1283.9680327833,0.0
758,0.0,-187.470673,-54.245964,-152.298737,-0.4433579125,0.8916299938,0.0918134822,0.0042237914,117.3674536327,1278.3227925806,0.0
759,0.0,-190.66127,-53.182205,-152.298737,-0.4433579125,0.8916299938,0.0918134822,0.0042240589,116.8733092425,1272.9005225127,0.0
760,0.0,-193.798569,-52.128094,-152.298737,-0.4433579125,0.8916299938,0.0918134822,0.004225239,116.4052798873,1267.6264061279,0.0
761,0.0,-198.86351,-50.320305,-152.298737,-0.4433579125,0.8916299938,0.0918134822,0.0042291454,115.6719350854,1259.0597886606,0.0
762,0.0,-200.9381485,-49.3414385,-152.298737,-0.4433579125,0.8916299938,0.0918134822,0.0042312133,115.348607276,1255.2352209405,0.0
763,0.0,-205.045212,-47.243881,-152.298737,-0.4433579125,0.8916299938,0.0918134822,0.0042354854,114.6902746356,1247.4419590411,0.0
764,0.0,-206.8864595,-46.0946995,-152.298737,-0.4433579125,0.8916299938,0.0918134822,0.0042374094,114.3688771236,1243.6652926291,0.0
765,0.0,-209.969528,-44.091732,-152.298737,-0.4433579125,0.8916299938,0.0918134822,0.0042405319,113.8195797175,1237.23645952,0.0
766,0.0,-211.9613725,-42.5735875,-152.298737,-0.4433579125,0.8916299938,0.0918134822,0.0042420508,113.4307729301,1232.7905956875,0.0
767,0.0,-214.946442,-40.239311,-152.298737,-0.4433579125,0.8916299938,0.0918134822,0.0042441767,112.8388196851,1226.0497828432,0.0
768,0.0,-216.5138325,-38.8497275,-152.298737,-0.4433579125,0.8916299938,0.0918134822,0.0042447663,112.5011556438,1222.2964338343,0.0
769,0.0,-219.666763,-35.971882,-152.298737,-0.4433727084,0.891660062,0.0914493045,0.0042121336,111.3667897752,1214.6396243106,0.0
770,0.0,-222.762787,-32.840973,-152.298737,-0.4434046496,0.8917239862,0.090667795,0.0041403341,109.6963166302,1206.7278861254,0.0
771,0.0,-225.107269,-30.311983,-152.298737,-0.4434046496,0.8917239862,0.090667795,0.0041393242,109.1144489287,1200.4731028864,0.0
772,0.0,-227.53653,-27.543743,-152.298737,-0.4434046496,0.8917239862,0.090667795,0.0041375927,108.4819615463,1193.7636830456,0.0
773,0.0,-228.8971865,-25.910021,-152.298737,-0.4434046496,0.8917239862,0.090667795,0.0041363662,108.1143852958,1189.8942196522,0.0
774,0.0,-231.580765,-22.618425,-152.298737,-0.4434046496,0.8917239862,0.090667795,0.004133733,107.3789693859,1182.1764460149,0.0
775,0.0,-234.067078,-19.394785,-152.298737,-0.4434046496,0.8917239862,0.090667795,0.0041309319,106.6725436135,1174.7964018405,0.0
776,0.0,-236.309265,-16.370928,-152.298737,-0.4434046496,0.8917239862,0.090667795,0.0041282827,106.0209322316,1167.9939466945,0.0
777,0.0,-238.209549,-13.722119,-152.298737,-0.4434046496,0.8917239862,0.090667795,0.0041260606,105.4590292457,1162.1158244717,0.0
778,0.0,-240.575119,-10.307408,-152.298737,-0.4424005375,0.8922225706,0.090667795,0.0041206553,104.7127779845,1154.647431067,0.0
779,0.0,-242.429611,-7.544414,-152.298737,-0.4413955928,0.8926129739,0.0917170078,0.0042149048,105.353490141,1148.6776048309,0.0
780,0.0,-243.378647,-6.116467,-152.298737,-0.4413051247,0.8926477869,0.0918134822,0.0042238111,105.1821037716,1145.6018147821,0.0
781,0.0,-246.450974,-1.313613,-152.298737,-0.4382563357,0.8941485719,0.0918134822,0.0042358658,104.3941527935,1135.4041330124,0.0
782,0.0,-247.198166,-0.085388,-152.298737,-0.4354348576,0.8955259718,0.0918134996,0.0042591424,104.443651684,1132.8408288146,0.0
783,0.0,-250.057892,4.72602,-152.298737,-0.425047901,0.9000566127,0.0960852531,0.0048510464,110.4676766212,1122.8709374509,0.0
784,0.0,-251.988388,7.984049,-152.298737,-0.4222920163,0.9005728029,0.1031410667,0.0056425446,118.3991775106,1116.1169009975,0.0
785,0.0,-252.614868,9.039615,-152.298737,-0.4222498152,0.9005785693,0.1032634207,0.0056643402,118.3941263448,1113.926061397,0.0
786,0.0,-255.413345,13.854507,-152.298737,-0.4222498152,0.9005785693,0.1032634207,0.0057041463,117.7480629401,1103.9862141047,0.0
787,0.0,-256.247101,15.308503,-152.298737,-0.4222498152,0.9005785693,0.1032634207,0.0057170075,117.5608755562,1100.994214361,0.0
788,0.0,-259.138824,20.446131,-152.298737,-0.4222498152,0.9005785693,0.1032634207,0.0057664944,116.9348623979,1090.4357132977,0.0
789,0.0,-259.845123,21.715067,-152.298737,-0.4222498152,0.9005785693,0.1032634207,0.0057797405,116.7877019956,1087.8183480455,0.0
790,0.0,-261.934814,25.5184,-152.298737,-0.4222498152,0.9005785693,0.1032634207,0.0058217036,116.367132517,1079.9988574724,0.0
791,0.0,-263.59079,28.572819,-152.298737,-0.4222498152,0.9005785693,0.1032634207,0.0058578071,116.0498453199,1073.7396041354,0.0
792,0.0,-265.353424,31.863201,-152.298737,-0.4222498152,0.9005785693,0.1032634207,0.0058993223,115.7305472221,1067.0220702357,0.0
793,0.0,-266.951721,34.878437,-152.298737,-0.4222498152,0.9005785693,0.1032634207,0.005939802,115.457854103,1060.8851398474,0.0
794,0.0,-268.473846,37.776611,-152.298737,-0.4222498152,0.9005785693,0.1032634207,0.0059810328,115.2144102431,1055.0039014883,0.0
795,0.0,-269.685516,40.10006,-152.298737,-0.4222498152,0.9005785693,0.1032634207,0.0060158174,115.0329771525,1050.3019780263,0.0
796,0.0,-271.902374,44.393822,-152.298737,-0.4222498152,0.9005785693,0.1032634207,0.0060845101,114.7323028529,1041.644508528,0.0
797,0.0,-273.521759,47.557693,-152.298737,-0.4222498152,0.9005785693,0.1032634207,0.0061390357,114.5410527905,1035.2938997875,0.0
798,0.0,-275.089569,50.641953,-152.298737,-0.4222498152,0.9005785693,0.1032634207,0.0061951989,114.3755177329,1029.1155145066,0.0
799,0.0,-276.584229,53.600616,-152.298737,-0.4225033037,0.9011188848,0.0973432779,0.0056556802,108.6682344603,1023.1990279524,0.0
800,0.0,-279.807739,59.864117,-152.298737,-0.43079506,0.8983658798,0.0857575786,0.0043606633,94.2795362258,1010.648495294,0.0
801,0.0,-280.8724975,61.9500755,-152.298737,-0.4331704081,0.8975619242,0.0820101076,0.0039992997,89.8483117826,1006.4740602035,0.0
802,0.0,-281.937256,64.036034,-152.298737,-0.4355457562,0.8967579685,0.0782626366,0.0036379361,85.4170873394,1002.2996251129,0.0
803,0.0,-284.689362,69.525757,-152.298737,-0.4376548621,0.8963607032,0.0706803466,0.0030930499,77.9106848149,991.3446020686,0.0
804,0.0,-285.39473,70.942379,-152.298737,-0.4378120252,0.8963096004,0.0703533685,0.0030891949,77.6407742849,988.5239199953,0.0
805,0.0,-287.649902,75.46891,-152.298737,-0.4385903778,0.8959546767,0.0700264079,0.0031175347,77.2846221407,979.5152114286,0.0
806,0.0,-289.245911,78.625145,-152.298737,-0.4414747415,0.8944822412,0.0707217989,0.003108617,76.6784660647,973.2234945623,0.0
807,0.0,-290.815338,81.727989,-152.298737,-0.4442770658,0.8930033237,0.0718536899,0.0031364828,76.5317524421,967.0435031406,0.0
808,0.0,-292.291473,84.672256,-152.298737,-0.4456218011,0.8922459498,0.072927193,0.0032151328,77.0151765706,961.1943755124,0.0
809,0.0,-293.36795,86.8339305,-152.298737,-0.44585531,0.8921070213,0.0731980725,0.0032658512,77.267869147,956.9050503721,0.0
810,0.0,-294.444427,88.995605,-152.298737,-0.446088819,0.8919680928,0.0734689521,0.0033165696,77.5205617234,952.6157252317,0.0
811,0.0,-295.905853,91.93541,-152.298737,-0.446088819,0.8919680928,0.0734689521,0.0033749097,77.719756221,946.7865716817,0.0
812,0.0,-297.660645,95.463623,-152.298737,-0.446088819,0.8919680928,0.0734689521,0.0034495797,77.9931739744,939.7954944808,0.0
813,0.0,-299.970306,100.104843,-152.298737,-0.446088819,0.8919680928,0.0734689521,0.0035558841,78.4095094833,930.6070951866,0.0
814,0.0,-301.1494595,102.4727935,-152.298737,-0.446088819,0.8919680928,0.0734689521,0.0036150901,78.6546435444,925.9237804833,0.0
815,0.0,-303.844574,107.883797,-152.298737,-0.446088819,0.8919680928,0.0734689521,0.0037559377,79.2491797715,915.2268760309,0.0
816,0.0,-305.198639,110.60096,-152.298737,-0.446088819,0.8919680928,0.0734689521,0.0038326519,79.5835024558,909.8606599644,0.0
817,0.0,-306.664001,113.540726,-152.298737,-0.446088819,0.8919680928,0.0734689521,0.0039198521,79.9687319869,904.0581837772,0.0
818,0.0,-308.269806,116.761475,-152.298737,-0.446088819,0.8919680928,0.0734689521,0.0040205745,80.4184880128,897.7053575322,0.0
819,0.0,-310.10968,120.450546,-152.298737,-0.446088819,0.8919680928,0.0734689521,0.004130133,80.8782300593,890.8067756462,0.0
820,0.0,-311.77713,123.793068,-152.298737,-0.446088819,0.8919680928,0.0734689521,0.0042609361,81.5061624997,883.8652401956,0.0
821,0.0,-313.281342,126.807495,-152.298737,-0.446088819,0.8919680928,0.0734689521,0.0043735556,82.0186614065,877.9215862793,0.0
822,0.0,-314.727356,129.705078,-152.298737,-0.446088819,0.8919680928,0.0734689521,0.0044860843,82.5283203908,872.2518698022,0.0
823,0.0,-316.219696,132.694702,-152.298737,-0.446088819,0.8919680928,0.0734689521,0.0046088733,83.0859556239,866.3955558304,0.0
824,0.0,-317.783447,135.827103,-152.298737,-0.446088819,0.8919680928,0.0734689521,0.0047440574,83.6964690643,860.2662094674,0.0
825,0.0,-319.288727,138.841904,-152.298737,-0.446088819,0.8919680928,0.0734689521,0.00488162,84.3182029213,854.3877723834,0.0
826,0.0,-321.120544,142.510071,-152.298737,-0.446088819,0.8919680928,0.0734689521,0.0050585618,85.1119247983,847.2504459134,0.0
827,0.0,-322.598969,145.470184,-152.298737,-0.446088819,0.8919680928,0.0734689521,0.0052110234,85.798285868,841.5280923329,0.0
828,0.0,-324.014221,148.303543,-152.298737,-0.446088819,0.8919680928,0.0734689521,0.0053672458,86.5086369654,836.0885096579,0.0
829,0.0,-325.443024,151.163727,-152.298737,-0.446088819,0.8919680928,0.0734689521,0.0055389549,87.3041758741,830.6313621795,0.0
830,0.0,-327.494934,155.270752,-152.298737,-0.446088819,0.8919680928,0.0734689521,0.0058074655,88.5524500447,822.8557739553,0.0
831,0.0,-328.932037,158.146896,-152.298737,-0.446088819,0.8919680928,0.0734689521,0.0060173159,89.5456365662,817.4897790926,0.0
832,0.0,-330.369659,161.023788,-152.298737,-0.446088819,0.8919680928,0.0734689521,0.0062350236,90.5501732545,812.1443985899,0.0
833,0.0,-331.905151,164.09639,-152.298737,-0.446088819,0.8919680928,0.0734689521,0.006482474,91.6808618726,806.4886637299,0.0
834,0.0,-333.273071,166.833511,-152.298737,-0.446088819,0.8919680928,0.0734689521,0.0067116699,92.7012828673,801.466526159,0.0
835,0.0,-334.730438,169.749435,-152.298737,-0.446088819,0.8919680928,0.0734689521,0.0069690854,93.8300664421,796.1540567709,0.0
836,0.0,-336.33139,172.952484,-152.298737,-0.446088819,0.8919680928,0.0734689521,0.0072676101,95.1136617228,790.3557226316,0.0
837,0.0,-338.30545,176.901718,-152.298737,-0.446088819,0.8919680928,0.0734689521,0.0076549968,96.7251280645,783.2213816376,0.0
838,0.0,-340.006775,180.305023,-152.298737,-0.446088819,0.8919680928,0.0734689521,0.0080067821,98.1383126923,777.0798625276,0.0
839,0.0,-340.670319,181.632416,-152.298737,-0.446088819,0.8919680928,0.0734689521,0.0081478366,98.6895909599,774.6787509281,0.0
840,0.0,-342.977356,186.247177,-152.298737,-0.446088819,0.8919680928,0.0734689521,0.0086640476,100.6635903893,766.3721860871,0.0
841,0.0,-344.787415,189.867691,-152.298737,-0.446088819,0.8919680928,0.0734689521,0.0090968141,102.2635774474,759.890914021,0.0
842,0.0,-345.743622,191.780014,-152.298737,-0.446088819,0.8919680928,0.0734689521,0.0093368512,103.1339398854,756.4888001282,0.0
843,0.0,-347.594391,195.481857,-152.298737,-0.446088819,0.8919680928,0.0734689521,0.0098241701,104.8626558682,749.941164345,0.0
844,0.0,-350.104767,200.502563,-152.298737,-0.446088819,0.8919680928,0.0734689521,0.0105346212,107.2942078603,741.1372187457,0.0
845,0.0,-351.392639,203.0781325,-152.298737,-0.446088819,0.8919680928,0.0734689521,0.0109308911,108.5939473869,736.6692921546,0.0
846,0.0,-352.680511,205.653702,-152.298737,-0.446088819,0.8919680928,0.0734689521,0.0113271611,109.8936869134,732.2013655635,0.0
847,0.0,-354.772675,209.837555,-153.221771,-0.446088819,0.8919680928,0.0734689521,0.0119270758,111.6415936732,725.0081399341,0.0
848,0.0,-355.8368075,211.965538,-153.960724,-0.446088819,0.8919680928,0.0734689521,0.0122294584,112.4580785228,721.3804475267,0.0
849,0.0,-356.90094,214.093521,-154.699677,-0.446088819,0.8919680928,0.0734689521,0.012531841,113.2745633724,717.7527551194,0.0
850,0.0,-358.573944,217.439041,-155.81485,-0.446088819,0.8919680928,0.0734689521,0.0130472657,114.6535811373,712.0887129273,0.0
851,0.0,-361.046997,222.384354,-156.329437,-0.446088819,0.8919680928,0.0734689521,0.0138866354,116.9283955008,704.0758630581,0.0
852,0.0,-362.2259675,224.7418445,-156.314087,-0.446088819,0.8919680928,0.0734689521,0.0143911326,118.3217690633,700.1330907366,0.0
853,0.0,-363.404938,227.099335,-156.298737,-0.446088819,0.8919680928,0.0734689521,0.0148956298,119.7151426257,696.190318415,0.0
854,0.0,-365.066071,230.421021,-156.298737,-0.446088819,0.8919680928,0.0734689521,0.0157673032,122.0975863651,690.2907737144,0.0
855,0.0,-366.785614,233.859375,-156.298737,-0.446088819,0.8919680928,0.0734689521,0.0166029035,124.2240938321,684.5559964286,0.0
856,0.0,-368.348938,236.985291,-156.298737,-0.446088819,0.8919680928,0.0734689521,0.017392915,126.1600412087,679.3871187577,0.0
857,0.0,-370.565308,241.416962,-156.298737,-0.446088819,0.8919680928,0.0734689521,0.0185769642,128.9450296627,672.0918515907,0.0
858,0.0,-372.788971,245.86322,-156.298737,-0.446088819,0.8919680928,0.0734689521,0.0198405256,131.7746251696,664.8215969902,0.0
859,0.0,-374.358521,249.001373,-156.09549,-0.446088819,0.8919680928,0.0734689521,0.020800524,133.8565750091,659.7171696968,0.0
860,0.0,-375.786316,251.856247,-155.359894,-0.446088819,0.8919680928,0.0734689521,0.0217672888,135.9385569659,655.091246183,0.0
861,0.0,-377.203766,254.690445,-154.362122,-0.446088819,0.8919680928,0.0734689521,0.0227925941,138.0962883058,650.5175442535,0.0
862,0.0,-378.468079,257.218323,-153.519501,-0.446088819,0.8919680928,0.0734689521,0.0237348634,140.008571767,646.4555267767,0.0
863,0.0,-380.829651,261.940094,-152.357574,-0.446088819,0.8919680928,0.0734689521,0.0255335549,143.4570379435,638.9124317382,0.0
864,0.0,-382.444153,265.168121,-152.295013,-0.446088819,0.8919680928,0.0734689521,0.0267423248,145.5909670088,633.7864514849,0.0
865,0.0,-383.897339,268.073639,-152.298737,-0.446088819,0.8919680928,0.0734689521,0.0278676026,147.5035267789,629.1939911446,0.0
866,0.0,-385.671173,271.620178,-152.298737,-0.446088819,0.8919680928,0.0734689521,0.0293003328,149.8523246701,623.6156227958,0.0
867,0.0,-387.262207,274.8013,-152.298737,-0.446088819,0.8919680928,0.0734689521,0.0306424183,151.9708865913,618.637993795,0.0
868,0.0,-388.123016,276.522369,-152.298737,-0.446088819,0.8919680928,0.0734689521,0.0313916333,153.1213559312,615.9552290827,0.0
869,0.0,-391.717102,278.090546,-152.871338,-0.446088819,0.8919680928,0.0734689521,0.0318586206,152.9402665781,610.7735380405,0.0
870,0.0,-393.653809,281.762756,-152.846024,-0.446088819,0.8919680928,0.0734689521,0.0335454915,155.3842328603,604.9896102628,0.0
871,0.0,-395.318268,284.937378,-152.746841,-0.446088819,0.8919680928,0.0734689521,0.0350882037,157.5483929559,600.0146849695,0.0
872,0.0,-396.22348,286.64621,-152.689087,-0.446088819,0.8919680928,0.0734689521,0.0359425836,158.7098250746,597.3406600221,0.0
873,0.0,-398.732605,291.421478,-152.452698,-0.446088819,0.8919680928,0.0734689521,0.0370160396,158.4119612042,587.6714866656,0.0
874,0.0,-399.727844,293.186951,-152.099503,-0.446088819,0.8919680928,0.0734689521,0.0380014874,159.725038775,584.9562260333,0.0
875,0.0,-401.743256,297.041779,-151.845718,-0.446088819,0.8919680928,0.0734689521,0.0402068666,162.6098456689,579.284098607,0.0
876,0.0,-402.533783,298.259033,-151.29953,-0.446088819,0.8919680928,0.0734689521,0.0409382798,163.48529463,577.2844240419,0.0
877,0.0,-405.568329,303.705231,-150.607727,-0.446088819,0.8919680928,0.0734689521,0.0442421744,167.3946038948,569.069990788,0.0
878,0.0,-406.321869,305.11264,-150.533066,-0.446088819,0.8919680928,0.0734689521,0.045116819,168.3768656645,566.9604704326,0.0
879,0.0,-408.719788,309.339203,-150.17572,-0.446088819,0.8919680928,0.0734689521,0.0480465131,171.6224347736,560.413242748,0.0
880,0.0,-410.676849,312.881073,-150.038376,-0.446088819,0.8919680928,0.0734689521,0.0502397714,173.7886226615,555.2734525431,0.0
881,0.0,-411.603912,314.596893,-149.988297,-0.446088819,0.8919680928,0.0734689521,0.0512035243,174.6548461071,552.9011210256,0.0
882,0.0,-413.391327,317.769287,-150.033829,-0.446088819,0.8919680928,0.0734689521,0.0536797965,177.0932914206,547.8851555236,0.0
883,0.0,-415.411499,321.591278,-150.077637,-0.446088819,0.8919680928,0.0734689521,0.0565133064,179.7048379052,542.2425888195,0.0
884,0.0,-417.228577,324.70108,-150.359756,-0.446088819,0.8919680928,0.0734689521,0.0588618876,181.6809296879,537.4821339856,0.0
885,0.0,-419.826691,329.615601,-150.762772,-0.446088819,0.8919680928,0.0734689521,0.0628258821,185.0079536722,530.3184946969,0.0
886,0.0,-420.945908,331.766495,-151.0193865,-0.4464837094,0.8917703826,0.0734689521,0.0645118651,186.2771948609,527.2494966776,0.0
887,0.0,-422.065125,333.917389,-151.276001,-0.4468785999,0.8915726723,0.0734689521,0.0661978482,187.5464360496,524.1804986583,0.0
888,0.0,-422.935944,335.644043,-151.466766,-0.4474373188,0.8912924093,0.0734689521,0.0674989859,188.4448777442,521.7660865549,0.0
889,0.0,-424.941223,339.596893,-151.888077,-0.4504176686,0.8897899974,0.0734689347,0.0698280388,189.5423373684,516.2895185342,0.0
890,0.0,-428.162994,345.77829,-152.02887,-0.4662989727,0.8818069676,0.0705814421,0.0689551255,185.2668994297,507.7131052665,0.0
891,0.0,-429.2147215,347.8030395,-152.0237735,-0.4748157632,0.877256382,0.0698386418,0.0673901923,182.2166654214,504.9194321513,0.0
892,0.0,-431.004456,351.27597,-151.986557,-0.490162819,0.8689297605,0.0685673554,0.0647205745,176.7473025408,499.4129190917,0.0
893,0.0,-432.408707,353.927841,-151.887596,-0.5052314982,0.8601115222,0.0681491107,0.061241602,170.7993107267,495.7929655761,0.0
894,0.0,-434.456329,357.854523,-151.593796,-0.5301565469,0.8451902527,0.0677308834,0.0552077038,160.7196958089,490.4928112473,0.0
895,0.0,-436.70282,362.147186,-151.199554,-0.5603557296,0.8254780335,0.0677308834,0.0474079706,147.5241061254,484.8769659638,0.0
896,0.0,-437.737976,363.850311,-151.1821895,-0.5765646525,0.8139970434,0.0677308834,0.0424775048,139.1464857013,483.3107970024,0.0
897,0.0,-439.53891,367.323059,-150.7742,-0.6088975845,0.7903519843,0.0677308834,0.0330814393,122.5285986519,480.3436781208,0.0
898,0.0,-441.752258,371.197388,-150.476166,-0.6474995013,0.7589787044,0.0685253397,0.0230257221,101.7628485343,476.9601729484,0.0
899,0.0,-442.96022,373.0446475,-150.4208225,-0.6661843638,0.7421395836,0.0692390245,0.0189449933,91.583605501,475.4268972196,0.0
900,0.0,-445.062714,376.577454,-150.277679,-0.6969030783,0.7137383285,0.0700264079,0.0126540808,74.983979345,472.8424386706,0.0
901,0.0,-446.361084,378.555023,-150.355484,-0.7107001339,0.7000154953,0.0698829451,0.0103047136,67.4456844791,471.0238724483,0.0
902,0.0,-449.064789,383.024689,-150.670975,-0.7316882407,0.6781504593,0.0688786825,0.0073336393,56.4396596268,466.8822035269,0.0
903,0.0,-451.029602,386.980591,-151.161194,-0.7435746139,0.6650958751,0.0688786651,0.0061682933,51.3718312156,463.2317210256,0.0
904,0.0,-451.905609,388.722015,-151.336655,-0.7490118465,0.6589666026,0.0688786651,0.0056438557,48.9768133098,461.6376438228,0.0
905,0.0,-453.699799,392.629486,-151.928726,-0.7614000813,0.6446127856,0.0688786825,0.0045325796,43.5620126894,458.0500096349,0.0
906,0.0,-454.5355685,394.454712,-151.913971,-0.7670110805,0.6378657569,0.0688786825,0.0041431014,41.4607502552,456.3708568007,0.0
907,0.0,-455.78186,397.767883,-152.683426,-0.776478001,0.6263686144,0.0688786825,0.0034338595,37.5496293478,453.4950437606,0.0
908,0.0,-457.507233,402.644684,-153.408401,-0.7893791973,0.6101515555,0.0677905758,0.0026693917,32.7989525945,449.1887203858,0.0
909,0.0,-457.779236,403.339508,-153.389969,-0.7924782208,0.6061878775,0.067190228,0.0024957202,31.6712312439,448.5626836606,0.0
910,0.0,-459.020264,407.138153,-153.661987,-0.801790999,0.5940293747,0.0652709418,0.0020748105,28.6745566949,445.3668492485,0.0
911,0.0,-460.257141,411.016205,-153.744705,-0.8090777575,0.5842347817,0.0637408983,0.0018500774,26.8818743169,442.1305891961,0.0
912,0.0,-461.536072,415.072388,-153.838684,-0.8186935619,0.5707489297,0.0631388231,0.0016996234,25.5718546942,438.7887559635,0.0
913,0.0,-462.489563,418.128387,-153.618134,-0.8288762712,0.5560765743,0.0611798217,0.0016453439,25.0179170755,436.3013160294,0.0
914,0.0,-462.960327,419.684296,-153.536743,-0.8324748865,0.5507120708,0.0608422418,0.0016817284,25.2187937235,435.024828944,0.0
915,0.0,-464.120758,423.646484,-153.253983,-0.8390611702,0.5406242431,0.0608422593,0.0018121489,25.984303997,431.8132783435,0.0
916,0.0,-465.306152,427.855743,-152.806473,-0.8434159253,0.5338050172,0.0608422593,0.0018965446,26.3729352906,428.4182396389,0.0
917,0.0,-465.856842,429.869812,-152.737289,-0.8447654557,0.5316667607,0.0608422593,0.0018894057,26.225648043,426.8289402126,0.0
918,0.0,-467.049591,434.263184,-152.450348,-0.8466890733,0.5285979877,0.0608422593,0.0018559412,25.7794664928,423.3293899119,0.0
919,0.0,-468.12616,437.823303,-152.350998,-0.8479756157,0.5265316444,0.0608422767,0.0018157523,25.3272650698,420.4769839464,0.0
920,0.0,-469.038055,440.006561,-152.178772,-0.8490341312,0.5248230763,0.0608422767,0.0018180868,25.2179050813,418.3927910258,0.0
921,0.0,-470.944153,444.098358,-152.028183,-0.8510205501,0.5215958615,0.0608422593,0.0018103223,24.9290338489,414.4853125899,0.0
922,0.0,-472.737061,447.360565,-151.913269,-0.8518526496,0.5202357954,0.0608422593,0.0017948514,24.6235460635,411.1651597782,0.0
923,0.0,-474.705841,450.453156,-151.911194,-0.8519293921,0.5201101136,0.0608422593,0.0017678546,24.2382657531,407.8075841144,0.0
924,0.0,-475.584717,451.74823,-151.909119,-0.8519293921,0.5201101136,0.0608422593,0.0017611983,24.1068111931,406.360928516,0.0
925,0.0,-478.195068,455.181335,-152.035202,-0.8524163056,0.519311719,0.0608422593,0.0017345821,23.6842843437,402.2872367598,0.0
926,0.0,-480.621765,458.097229,-152.290451,-0.8537142174,0.5171752648,0.0608422593,0.0016932226,23.1894029117,398.6588921711,0.0
927,0.0,-482.115051,459.873962,-152.456223,-0.8545599844,0.5157765529,0.0608422593,0.0016675411,22.8859167619,396.457073094,0.0
928,0.0,-484.827087,462.85788,-152.952164,-0.8554707213,0.514264586,0.0608422593,0.0015928529,22.1495512406,392.5862691652,0.0
929,0.0,-485.876923,463.994781,-153.009842,-0.855992767,0.5133951696,0.0608422767,0.0015832351,21.9991786755,391.1026213362,0.0
930,0.0,-490.423096,468.546844,-153.349899,-0.8616505715,0.503841753,0.0608422593,0.001523725,21.2380924289,384.8688015893,0.0
931,0.0,-493.563019,471.453674,-153.323425,-0.8716417657,0.4863526003,0.0608422593,0.0017431748,22.4676302728,380.680956451,0.0
932,0.0,-495.1042175,472.83139,-153.353973,-0.8775484436,0.4753884852,0.0613122806,0.0021356354,24.615930482,378.6566606297,0.0
933,0.0,-496.645416,474.209106,-153.384521,-0.8834551214,0.4644243702,0.0617823019,0.0025280961,26.7642306911,376.6323648084,0.0
934,0.0,-498.956879,476.166382,-153.834747,-0.8909571168,0.4496118164,0.0635974098,0.0033481328,30.5505907092,373.6518156926,0.0
935,0.0,-504.064331,480.263702,-154.836517,-0.9051282062,0.4192660113,0.0704197567,0.0059027846,39.8378148698,367.1925628485,0.0
936,0.0,-505.8414155,481.62146,-154.9988175,-0.9089662176,0.4103325962,0.0728500733,0.0069167866,42.7173691449,364.9786830302,0.0
937,0.0,-509.10257,484.017853,-155.249313,-0.9162147883,0.3932066342,0.0770649375,0.0089858329,48.2812597633,360.9626363025,0.0
938,0.0,-512.665283,486.296387,-156.115555,-0.922588976,0.3772612942,0.080644264,0.0111510313,53.1276453392,356.7484934196,0.0
939,0.0,-515.812927,487.836853,-156.94162,-0.9246589299,0.3717947739,0.0823074078,0.0119888986,54.5376802369,353.2625627588,0.0
940,0.0,-519.461365,489.680847,-157.052917,-0.9250100876,0.3708452334,0.0826447263,0.0122338599,54.4502211977,349.1686572136,0.0
941,0.0,-520.786743,490.155518,-157.178879,-0.9250100876,0.3708452334,0.0826447263,0.0123098833,54.4016039983,347.7846405577,0.0
942,0.0,-524.779419,491.549622,-157.512543,-0.9250100876,0.3708452334,0.0826447263,0.0125747786,54.3231785516,343.6288357057,0.0
943,0.0,-526.8124695,492.0971985,-157.651192,-0.9250100876,0.3708452334,0.0826447263,0.0127843654,54.439840209,341.5786891097,0.0
944,0.0,-530.496826,492.945984,-157.902588,-0.9250100876,0.3708452334,0.0826447263,0.0132214047,54.7726278956,337.948125653,0.0
945,0.0,-535.106995,493.541595,-158.206467,-0.9250100876,0.3708452334,0.0826447263,0.0139855852,55.6066557947,333.6531717563,0.0
946,0.0,-536.4823,493.666656,-158.224365,-0.9250100876,0.3708452334,0.0826447263,0.0142578467,55.9305384322,332.399683453,0.0
947,0.0,-540.643494,493.829742,-158.399719,-0.9250100876,0.3708452334,0.0826447263,0.0151786262,57.0587517804,328.7345260446,0.0
948,0.0,-544.686523,493.839325,-158.570419,-0.9250100876,0.3708452334,0.0826447263,0.0161968205,58.3038298332,325.2616854252,0.0
949,0.0,-546.78479,493.770691,-158.584869,-0.9250100876,0.3708452334,0.0826447263,0.0168003913,59.0510580164,323.5078102755,0.0
950,0.0,-550.830383,493.582062,-158.757339,-0.9250100876,0.3708452334,0.0826447263,0.0180232562,60.5122576111,320.1676517864,0.0
951,0.0,-553.468872,493.4617,-158.978333,-0.9250100876,0.3708452334,0.0826447263,0.0188428045,61.4434432993,318.0118522744,0.0
952,0.0,-557.55127,493.100159,-159.176346,-0.9250100876,0.3708452334,0.0826447263,0.0202946198,63.0978547064,314.7921199853,0.0
953,0.0,-561.239563,492.631226,-159.377655,-0.9250100876,0.3708452334,0.0826447263,0.0217571313,64.7274560188,311.9952034114,0.0
954,0.0,-564.936768,491.842346,-159.461349,-0.9250100876,0.3708452334,0.0826447263,0.0235091417,66.6912610181,309.3877663596,0.0
955,0.0,-566.475525,491.496796,-159.480667,-0.924811736,0.3713396048,0.0826447263,0.0241687288,67.3749470797,308.3163853034,0.0
956,0.0,-570.756104,490.457184,-159.24527,-0.9238587946,0.3735090459,0.0835219745,0.0260515189,69.2656526029,305.445336395,0.0
957,0.0,-574.504761,489.526459,-158.93309,-0.9224850238,0.3768294241,0.0837912044,0.0274450931,70.4815144244,302.9202611302,0.0
958,0.0,-575.989868,489.058228,-158.950073,-0.9216893594,0.3787713729,0.0837912392,0.0279097383,70.8700499846,302.0796453537,0.0
959,0.0,-579.710632,487.994965,-158.662582,-0.9192079068,0.3847542866,0.083791187,0.0287955706,71.4185874412,299.7661421208,0.0
960,0.0,-583.335083,487.033539,-158.397339,-0.9143520169,0.396305744,0.083079158,0.0281649742,70.096818677,297.4461422898,0.0
961,0.0,-587.15741,486.042755,-158.060226,-0.9040799799,0.4191132854,0.0835670031,0.025025481,65.597260747,295.0623107837,0.0
962,0.0,-589.054871,485.561432,-157.639359,-0.8976994804,0.4323026702,0.0851471914,0.0232523945,63.0226899167,293.9594889226,0.0
963,0.0,-593.529785,484.52063,-156.876099,-0.8811822185,0.4643317504,0.0889602349,0.0190788214,56.6042594658,291.1653859012,0.0
964,0.0,-595.268066,484.104828,-156.49382,-0.8748079131,0.4760032542,0.0901776979,0.017777083,54.4629747367,290.1314858944,0.0
965,0.0,-599.462891,483.10556,-155.610565,-0.8591532982,0.5031745895,0.0931178965,0.0150474876,49.7025293642,287.5884451952,0.0
966,0.0,-603.67511,481.86377,-154.738388,-0.8438698212,0.5278954222,0.0959695166,0.0131644469,46.1341537467,285.2596130183,0.0
967,0.0,-609.614563,479.96347,-153.863358,-0.8250511877,0.5565756672,0.0975400653,0.0115350866,42.7217382221,282.0846921822,0.0
968,0.0,-611.592346,479.330627,-153.719658,-0.8181569197,0.5665320192,0.097540074,0.0109038654,41.3781504211,281.054966086,0.0
969,0.0,-613.570129,478.697784,-153.575958,-0.8112626517,0.5764883713,0.0975400826,0.0102726443,40.0345626201,280.0252399898,0.0
970,0.0,-617.510986,477.525024,-153.702072,-0.7944484655,0.5994477192,0.0975400826,0.0085686409,36.3122214972,277.9804014663,0.0
971,0.0,-622.91687,476.078583,-153.945541,-0.7706181904,0.6297884886,0.0975400653,0.0066285238,31.6218776703,275.096537467,0.0
972,0.0,-627.345459,474.929962,-154.255463,-0.7532776315,0.6504296596,0.0975400826,0.0056289577,28.9018798793,272.7778611227,0.0
973,0.0,-629.0730895,474.5847625,-154.307373,-0.7469150514,0.6576557906,0.0975400826,0.0053585335,28.0934957502,271.800466228,0.0
974,0.0,-630.80072,474.239563,-154.359283,-0.7405524712,0.6648819217,0.0975400826,0.0050881093,27.285111621,270.8230713334,0.0
975,0.0,-637.145691,472.646881,-155.16391,-0.7157067747,0.6915560341,0.0975400653,0.0040870599,24.1723482264,267.6347758161,0.0
976,0.0,-639.269348,472.2669065,-155.335228,-0.7060935705,0.7012358316,0.097540074,0.0038103813,23.228551088,266.4749008072,0.0
977,0.0,-641.393005,471.886932,-155.506546,-0.6964803663,0.710915629,0.0975400826,0.0035337027,22.2847539496,265.3150257984,0.0
978,0.0,-647.508301,471.002106,-155.805267,-0.6721783689,0.7339360844,0.0975400653,0.0031788313,20.864698955,261.8838994881,0.0
979,0.0,-651.690002,470.496002,-155.854752,-0.6607458287,0.7440577022,0.0989600207,0.0032452768,20.8904574899,259.5133600143,0.0
980,0.0,-651.255188,472.91214,-152.298737,-0.6512151909,0.7522983352,0.0998298053,0.0052245798,26.4822445653,259.4072467043,0.0
981,0.0,-652.8776245,472.812378,-152.298737,-0.6453263586,0.7573163422,0.0998298053,0.0052932291,26.5504301796,258.3995894239,0.0
982,0.0,-658.769592,472.508179,-152.298721,-0.6254022745,0.773481062,0.1029516476,0.0058252889,27.4554921284,254.7351615569,0.0
983,0.0,-661.92041,472.400055,-152.298737,-0.6160000035,0.7804320999,0.1070968403,0.00632971,28.3951836484,252.770336561,0.0
984,0.0,-665.773621,472.309906,-152.298737,-0.6063298022,0.7875609267,0.1100543393,0.0066559345,28.838626651,250.3680584292,0.0
985,0.0,-667.426147,472.256439,-152.298737,-0.606066149,0.7877536954,0.11012692,0.0065088053,28.4043806266,249.3604212734,0.0
986,0.0,-671.289612,472.169891,-152.298737,-0.606066149,0.7877536954,0.11012692,0.0062253508,27.5181938376,247.0017183534,0.0
987,0.0,-675.100037,472.132233,-152.298737,-0.606066149,0.7877536954,0.11012692,0.006093352,26.9693546902,244.6752339363,0.0
988,0.0,-678.421875,472.133545,-152.298737,-0.606066149,0.7877536954,0.11012692,0.0061011289,26.7631881188,242.65049647,0.0
989,0.0,-681.979492,472.168762,-152.298737,-0.606066149,0.7877536954,0.11012692,0.0062402653,26.8243552799,240.4868627802,0.0
990,0.0,-686.514099,472.258667,-152.298737,-0.606066149,0.7877536954,0.11012692,0.00662089,27.3122481878,237.7411240069,0.0
991,0.0,-688.064636,472.298401,-152.298737,-0.606066149,0.7877536954,0.11012692,0.0068051836,27.5797518585,236.8075564753,0.0
992,0.0,-692.983643,472.464233,-152.298737,-0.606066149,0.7877536954,0.11012692,0.0075785992,28.7365380855,233.8564635868,0.0
993,0.0,-696.437439,472.60614,-152.298737,-0.606066149,0.7877536954,0.11012692,0.0083004804,29.8045788994,231.8032206688,0.0
994,0.0,-700.090881,472.777313,-152.298737,-0.606066149,0.7877536954,0.11012692,0.0092323144,31.133830539,229.6502764436,0.0
995,0.0,-703.69812,472.966492,-152.298737,-0.606066149,0.7877536954,0.11012692,0.0103292714,32.6206884033,227.5451970652,0.0
996,0.0,-705.664978,473.076294,-152.298737,-0.606066149,0.7877536954,0.11012692,0.0110044906,33.4960210476,226.4077802915,0.0
997,0.0,-711.02124,473.490875,-152.298737,-0.606066149,0.7877536954,0.11012692,0.0131064161,36.0295702765,223.2697068843,0.0
998,0.0,-712.764771,473.670929,-152.298782,-0.59978423,0.793108755,0.1060065101,0.0124318786,34.9323441127,222.2277754826,0.0
999,0.0,-716.632202,474.107849,-152.298798,-0.5837417662,0.8061496762,0.0967897201,0.010754033,32.1652669645,219.9162065874,0.0
1000,0.0,-720.276062,474.484955,-152.298752,-0.5746265015,0.8132771062,0.0915681841,0.0104936801,31.4712414887,217.809743846,0.0
1001,0.0,-724.008606,474.87738,-152.298737,-0.5702137279,0.8166846428,0.0887834373,0.0112527944,32.2663274445,215.6897734778,0.0
1002,0.0,-728.070435,475.33371,-152.298737,-0.5686354923,0.8178284347,0.088376062,0.0129791453,34.2716085186,213.4077701928,0.0
1003,0.0,-729.397522,475.489136,-152.298737,-0.5679474866,0.8183522494,0.0879502605,0.0135353357,34.8720602296,212.6682554521,0.0
1004,0.0,-734.907959,476.18573,-152.298737,-0.561352359,0.8230840254,0.0861174556,0.0153850379,36.6276319324,209.6145504529,0.0
1005,0.0,-738.243225,476.651062,-152.298737,-0.5530946794,0.8287717451,0.0849921767,0.015821362,36.8137061098,207.7768810433,0.0
1006,0.0,-741.398315,477.115387,-152.298737,-0.5442678844,0.8347031476,0.08392333,0.0160907243,36.8150640549,206.0520120469,0.0
1007,0.0,-744.631653,477.613403,-152.298737,-0.5350556444,0.8406512306,0.0837912044,0.0164711962,36.9276192144,204.3005254022,0.0
1008,0.0,-748.161743,478.182953,-152.298737,-0.524858561,0.8469540063,0.0848080311,0.0170226076,37.1876279545,202.4074775075,0.0
1009,0.0,-751.263428,478.715393,-152.298721,-0.5141359011,0.8533055036,0.0867985759,0.0173175974,37.1989591957,200.7522367953,0.0
1010,0.0,-754.426575,479.334412,-152.298706,-0.4973655147,0.8628736749,0.0898697161,0.0166611639,36.1801282433,199.030198024,0.0
1011,0.0,-757.967896,480.093109,-152.298721,-0.4749867242,0.8750028837,0.0935818645,0.0154483739,34.5085457833,197.0852268185,0.0
1012,0.0,-761.4151,480.836426,-152.298721,-0.4571671344,0.8841679976,0.0961517723,0.0149876237,33.6745656345,195.2333486042,0.0
1013,0.0,-766.686279,482.155701,-152.632294,-0.4182019142,0.9029116884,0.0992856583,0.0124821645,30.2915347607,192.3183881606,0.0
1014,0.0,-768.8693235,482.7825775,-152.8161165,-0.3977177508,0.911703453,0.1005922522,0.0111273867,28.383118583,191.0762983356,0.0
1015,0.0,-771.052368,483.409454,-152.999939,-0.3772335874,0.9204952176,0.1018988462,0.009772609,26.4747024053,189.8342085106,0.0
1016,0.0,-774.477295,484.436005,-153.31012,-0.3477274197,0.9318935208,0.1032477967,0.0082918382,24.146917263,187.8985522762,0.0
1017,0.0,-778.819763,485.785217,-153.734833,-0.3164257878,0.9429800564,0.1032634207,0.0070804726,22.0316940668,185.469237669,0.0
1018,0.0,-781.3668515,486.6262665,-154.0082855,-0.3014403016,0.9477463408,0.1032634293,0.0067020642,21.268769423,184.0483802194,0.0
1019,0.0,-785.177612,487.895386,-154.423431,-0.2802776894,0.9543485103,0.103263438,0.0062325848,20.2803604921,181.9300031824,0.0
1020,0.0,-787.7156675,488.7970275,-154.7259215,-0.270098736,0.9572207041,0.1032634293,0.0062090351,20.0860854128,180.5251994646,0.0
1021,0.0,-790.253723,489.698669,-155.028412,-0.2599197825,0.9600928979,0.1032634207,0.0061854854,19.8918103335,179.1203957468,0.0
1022,0.0,-796.631104,492.195251,-155.865204,-0.2320414015,0.9669672585,0.1055040707,0.0062177515,19.5445479331,175.537572154,0.0
1023,0.0,-799.426636,493.406128,-156.243225,-0.2149972169,0.97078568,0.1065427626,0.0059069982,18.87528073,173.9151017201,0.0
1024,0.0,-802.654663,494.876648,-156.300827,-0.1937427399,0.9749990893,0.1088141841,0.0057516827,18.4221511751,172.0098291506,0.0
1025,0.0,-804.145569,495.5812685,-156.299782,-0.1848209582,0.9766198548,0.1094179292,0.00573199,18.2964555912,171.1273003386,0.0
1026,0.0,-807.478455,497.184753,-156.298737,-0.1648890272,0.9800779806,0.1107192877,0.0056968589,18.0294855675,169.149226328,0.0
1027,0.0,-810.948242,498.951477,-156.298737,-0.1439063215,0.9831392964,0.1128188572,0.0057488239,17.8877075357,167.061067704,0.0
1028,0.0,-814.068115,500.628571,-156.298737,-0.1230287143,0.9856897187,0.115237641,0.0057570946,17.6958697079,165.1509981607,0.0
1029,0.0,-816.98938,502.274017,-156.298737,-0.1025188767,0.9879627489,0.1158425081,0.0055917125,17.2489929521,163.336894177,0.0
1030,0.0,-819.904785,503.980286,-156.298737,-0.0827001593,0.9898187677,0.1158425254,0.0054358976,16.8175559253,161.5114248594,0.0
1031,0.0,-822.612732,505.621246,-156.298737,-0.065199176,0.9911254112,0.1158425081,0.0053590195,16.5221105765,159.8050456119,0.0
1032,0.0,-825.464844,507.444641,-156.298737,-0.0434343329,0.9923174754,0.1158425081,0.0051407068,15.9962681771,157.9614547787,0.0
1033,0.0,-827.612793,508.918152,-156.298721,-0.0204247074,0.9931440562,0.1150987183,0.0046659023,15.101207462,156.507819106,0.0
1034,0.0,-830.566162,510.985199,-156.298737,0.0037864041,0.9934740056,0.1139958914,0.004355222,14.4054873614,154.5187498225,0.0
1035,0.0,-833.723938,513.219666,-156.298737,0.025626843,0.993374059,0.1120323337,0.0040882587,13.7702036387,152.4405512121,0.0
1036,0.0,-836.169067,515.02655,-156.298737,0.0390595682,0.9931042469,0.1105364418,0.0039492916,13.3925821567,150.8408369887,0.0
1037,0.0,-839.158203,517.281555,-156.298737,0.0516405276,0.9926689571,0.1092776163,0.0039269009,13.1910791101,148.9934358679,0.0
1038,0.0,-842.087891,519.583008,-156.298737,0.0641598598,0.9921795393,0.1070666809,0.0037732104,12.8067939903,147.5638472923,0.0
1039,0.0,-845.49231,523.382019,-161.274384,0.0838390799,0.9912209447,0.1022352551,0.00144734,7.7934987661,144.9070059311,0.0
1040,0.0,-846.533447,524.246948,-161.044235,0.0921781449,0.9906620859,0.1004580564,0.0013956513,7.6185582731,144.2516949681,0.0
1041,0.0,-849.349609,526.879761,-160.030533,0.1172702325,0.9886209288,0.0942143923,0.0027993213,10.7273114104,143.4675419786,0.0
1042,0.0,-850.9486385,528.4883425,-159.205063,0.137722494,0.9863141393,0.0880653527,0.0027128642,10.5028033015,142.6883489343,0.0
1043,0.0,-854.294861,531.879517,-156.979568,0.1740117767,0.9817335811,0.0769355402,0.0032126254,11.3126584237,141.2435802315,0.0
1044,0.0,-856.019104,533.614807,-155.822495,0.1844055779,0.9801809697,0.0723868051,0.0040629861,12.6330907297,140.2857403946,0.0
1045,0.0,-858.30719,536.082336,-154.909317,0.1909518052,0.979231566,0.0681391828,0.0051794877,14.0758778752,138.4778055563,0.0
1046,0.0,-860.547485,539.504944,-154.340652,0.1966294075,0.9784223714,0.0634550174,0.0063148306,15.2404753482,135.8280208742,0.0
1047,0.0,-861.555603,540.881104,-154.663467,0.1999387323,0.9778347102,0.0621593349,0.0067652082,15.6586879336,134.8452198368,0.0
1048,0.0,-863.79248,544.215454,-155.030167,0.2137467468,0.9751770832,0.0578099002,0.006888974,15.5324534243,132.5552826093,0.0
1049,0.0,-864.436401,544.996887,-155.511108,0.2236669761,0.973100808,0.0552078003,0.0046597235,12.7838957313,132.5789763575,0.0
1050,0.0,-866.208252,547.593811,-156.885925,0.2676520449,0.9624124,0.0460950678,0.002632148,9.4792323936,130.7341330333,0.0
1051,0.0,-867.326965,549.287781,-158.354721,0.2918293039,0.9556132288,0.0404847426,0.0017204406,7.608215285,129.7582043952,0.0
1052,0.0,-867.897583,549.948364,-159.352646,0.2972901461,0.9539883392,0.0390489149,0.0018131457,7.7895718104,129.4133822306,0.0
1053,0.0,-869.205994,552.463135,-163.047516,0.3055116296,0.9515240464,0.0355616822,0.0021400584,8.4601200398,129.3841846704,0.0
1054,0.0,-869.409363,553.0343935,-164.344841,0.3066141706,0.9511686366,0.0355616822,0.0029246185,9.7562756748,128.9130899267,0.0
1055,0.0,-869.612732,553.605652,-165.642166,0.3077167115,0.9508132268,0.0355616822,0.0037091787,11.0524313098,128.441995183,0.0
1056,0.0,-869.23291,553.731201,-169.051941,0.3281110216,0.9439255423,0.0367114168,0.0049411702,12.7089192135,128.0017355403,0.0
1057,0.0,-869.347931,554.0318295,-169.5915225,0.3376881192,0.9405039914,0.0362677756,0.0051704366,12.9613630038,127.6635722215,0.0
1058,0.0,-869.681824,554.877869,-169.997879,0.3510585393,0.9356917921,0.0351961948,0.0053629366,13.1020268793,126.6791704922,0.0
1059,0.0,-870.0229495,555.451691,-169.931328,0.3514304112,0.9355666928,0.0348040476,0.005494683,13.1693622003,125.8179938506,0.0
1060,0.0,-870.364075,556.025513,-169.864777,0.351802283,0.9354415935,0.0344119004,0.0056264293,13.2366975214,124.956817209,0.0
1061,0.0,-871.376038,557.913452,-169.534576,0.351802283,0.9354415935,0.0344119004,0.0062542397,13.5724477518,121.5447007413,0.0
1062,0.0,-871.594238,558.202087,-169.379471,0.351802283,0.9354415935,0.0344119004,0.0065036573,13.7419650891,120.6875006892,0.0
1063,0.0,-871.936768,558.694031,-169.151062,0.351802283,0.9354415935,0.0344119004,0.0069645893,13.9472812162,118.3816246378,0.0
1064,0.0,-871.933777,558.715942,-169.037628,0.351802283,0.9354415935,0.0344119004,0.0071905895,14.1424844811,118.1437035632,0.0
1065,0.0,-872.120361,558.861328,-168.774658,0.351802283,0.9354415935,0.0344119004,0.0077594245,14.7559225476,118.6808696092,0.0
1066,0.0,-872.360474,559.523743,-168.749359,0.351802283,0.9354415935,0.0344119004,,,,
1067,0.0,-872.437378,559.496887,-168.539124,0.351802283,0.9354415935,0.0344119004,,,,
1068,0.0,-872.428223,559.237427,-168.34613,0.351802283,0.9354415935,0.0344119004,,,,
1069,0.0,-872.389557,559.1096195,-168.2696835,0.351802283,0.9354415935,0.0344119004,,,,
1070,0.0,-872.321167,558.853333,-168.126556,0.351802283,0.9354415935,0.0344119004,,,,
1071,0.0,-872.29425,558.494568,-167.927399,0.351802283,0.9354415935,0.0344119004,,,,
1072,0.0,-872.183838,558.595764,-168.105148,0.351802283,0.9354415935,0.0344119004,,,,
1073,0.0,-872.415344,557.946106,-168.237106,0.3533548265,0.934856239,0.0344119004,,,,
1074,0.0,-872.508972,557.650269,-168.261612,0.3556542154,0.9339764076,0.0346142903,,,,
1075,0.0,-872.711243,556.690491,-168.406815,0.3793623343,0.9245645386,0.0355616822,,,,
1076,0.0,-872.740479,556.383972,-168.418182,0.3936931893,0.9185764615,0.0349708022,,,,
1077,0.0,-872.845581,555.85675,-168.468994,0.4129705575,0.910094028,0.0344119004,,,,
1078,0.0,-872.418762,556.772644,-168.556976,0.4144398887,0.9094258627,0.0344119004,,,,
1079,0.0,-872.42157,556.766296,-168.726929,0.4144398887,0.9094258627,0.0344119004,,,,
1080,0.0,-872.447937,556.708557,-168.709991,0.4144398887,0.9094258627,0.0344119004,,,,
1081,0.0,-872.480347,556.623718,-168.814819,0.4152806034,0.9090422661,0.0344119004,,,,
1082,0.0,-872.513733,556.531433,-168.81105,0.416472924,0.9084966289,0.0344119004,,,,
1083,0.0,-872.621826,556.249817,-168.792969,0.4194942257,0.9071055152,0.0344119004,,,,
1084,0.0,-872.303406,556.935303,-168.813019,0.4196644121,0.9070267925,0.0344119004,,,,
1085,0.0,-872.31958,556.900146,-168.833328,0.4196644121,0.9070267925,0.0344119004,,,,
1086,0.0,-872.640686,557.754211,-167.831711,0.4196644121,0.9070267925,0.0344119004,,,,
1087,0.0,-872.687866,557.266235,-167.595428,0.4196644121,0.9070267925,0.0344119004,,,,
1088,0.0,-872.74115,557.091492,-167.510452,0.4187612491,0.9074189977,0.0350682016,,,,
1089,0.0,-872.78772,556.805603,-167.396194,0.379604663,0.9238293716,0.0493922257,,,,
1090,0.0,-872.956726,556.971375,-167.435196,0.327956055,0.9425952958,0.062920063,,,,
1091,0.0,-873.292664,558.490662,-167.503342,0.2263124595,0.970302619,0.0854136887,,,,
1092,0.0,-874.928345,559.947144,-167.276321,-0.0204632164,0.991158204,0.1310979458,,,,
1093,0.0,-875.554321,560.709045,-167.720596,-0.0929470614,0.9854071003,0.1425962496,,,,
1094,0.0,-877.030273,560.601746,-167.177109,-0.2707563766,0.9481658308,0.1663506593,,,,
1095,0.0,-877.0067135,560.359894,-167.0834505,-0.2764237397,0.9465386669,0.1661916852,,,,
1096,0.0,-876.983154,560.118042,-166.989792,-0.2820911028,0.944911503,0.1660327111,,,,
1097,0.0,-877.094971,560.618469,-167.056015,-0.2778177921,0.9464661289,0.164375002,,,,
1098,0.0,-877.0767825,560.556488,-167.059845,-0.2778340462,0.9465212588,0.164029347,,,,
1099,0.0,-877.058594,560.494507,-167.063675,-0.2778503004,0.9465763886,0.163683692,,,,
1100,0.0,-876.972351,560.147644,-167.071106,-0.2798281727,0.946167171,0.1626772209,,,,
1295,0.0,-671.327576,-227.906952,79.701271,1.0,0.0,0.0,0.0075860908,323.319555754,2629.8632847315,7.0
1296,0.0,-665.596863,-233.365341,79.701271,1.0,0.0,0.0,0.0079804453,331.1062375949,2626.0742469158,7.0
1297,0.0,-665.636902,-233.27562,79.701271,0.980014175,0.1986280637,0.0109137111,0.0108669153,386.1319384915,2626.3382794888,7.0
1298,0.0,-665.789795,-232.951996,79.701271,0.5630708853,0.8236666397,0.0672639929,0.0231508975,432.696341585,2022.6118512981,0.0
1299,0.0,-665.908386,-232.719162,79.701271,0.0318206787,0.9935806102,0.1085588109,0.1299189476,996.8878184729,2022.4594701359,0.0
1300,0.0,-666.051392,-232.456467,79.701271,-0.2376014253,0.9634364297,0.1238378319,,,,
1301,0.0,-666.189636,-232.218735,79.701271,0.7516854043,0.657811664,0.0474643834,0.0522804859,703.443637801,2204.4298889241,6.0
1302,0.0,-665.628418,-233.294525,79.701271,1.0,0.0,0.0,0.0087292907,346.5836771716,2628.7753472864,7.0
1303,0.0,-665.621704,-233.309509,79.701271,1.0,0.0,0.0,0.0088628732,349.2805729618,2629.2784252754,7.0
1304,0.0,-665.614197,-233.325989,79.701271,1.0,0.0,0.0,0.0090028308,352.0909194826,2629.8438250904,7.0
1305,0.0,-665.615479,-234.492981,79.701271,0.9999997205,0.000747699,0.0,0.0092475097,356.9871944974,2631.0651685196,7.0
1306,0.0,-665.625214,-234.4915465,79.701271,0.9999995822,0.000901157,0.0,0.0093023765,358.0823074967,2631.3887163543,7.0
1307,0.0,-665.634949,-234.490112,79.701271,0.9999994439,0.001054615,0.0,0.0093572432,359.177420496,2631.712264189,7.0
1308,0.0,-665.639526,-234.490128,79.701271,0.9999994439,0.001054615,0.0,0.009509686,362.1742457705,2632.41551669,7.0
1309,0.0,-665.627502,-234.490112,79.701271,0.9999994439,0.001054615,0.0,0.0096505987,364.9289506386,2633.0950022059,7.0
1310,0.0,-665.638672,-234.490128,79.701271,0.9999994439,0.001054615,0.0,0.0098071842,367.9306708314,2633.5783786621,7.0
1311,0.0,-665.629028,-234.490112,79.701271,0.9999994439,0.001054615,0.0,0.0099502659,370.6279437635,2633.8367446845,7.0
1312,0.0,-665.627075,-234.490112,79.701271,0.9999994439,0.001054615,0.0,0.0102708347,376.6035446598,2634.4171814165,7.0
1313,0.0,-665.635254,-234.490112,79.701271,0.9999994439,0.001054615,0.0,0.0104669332,380.1789038895,2634.5273194807,7.0
1314,0.0,-665.621765,-234.490112,79.701271,0.9999994439,0.001054615,0.0,0.0106508062,383.4811558112,2634.4943683116,7.0
1315,0.0,-665.618042,-234.490097,79.701271,0.9999994439,0.001054615,0.0,0.0108246652,386.5594303446,2634.3441072304,7.0
1316,0.0,-665.621643,-234.490112,79.701271,0.9999994439,0.001054615,0.0,0.0110328913,390.1979468499,2634.0651318969,7.0
1317,0.0,-665.620117,-234.490097,79.701271,0.9999994439,0.001054615,0.0,0.0112090027,393.2180331022,2633.6336775393,7.0
1318,0.0,-665.619873,-234.490097,79.701271,0.9999994439,0.001054615,0.0,0.0113723599,395.9620024997,2633.003750669,7.0
1319,0.0,-665.623047,-234.490112,79.701271,0.9999994439,0.001054615,0.0,0.0115178418,398.3727042682,2632.347191194,7.0
1320,0.0,-665.646057,-234.490128,79.701271,0.9999994439,0.001054615,0.0,0.0117089873,401.5195471895,2631.5222753962,7.0
1321,0.0,-665.616211,-234.490097,79.701271,0.9999994439,0.001054615,0.0,0.0118527337,403.8745564068,2630.9521887755,7.0
1322,0.0,-665.6300355,-234.4901125,79.701271,0.9999994439,0.001054615,0.0,0.0119473055,405.4147029263,2630.5965009953,7.0
1323,0.0,-665.64447,-234.490128,79.701271,0.9999994439,0.001054615,0.0,0.0121681847,408.9905534993,2629.7263785115,7.0
1324,0.0,-665.597961,-234.490082,79.701271,0.9999994439,0.001054615,0.0,0.0124059384,412.7736842227,2628.6535180677,7.0
1325,0.0,-665.64447,-234.490128,79.701271,0.9999994439,0.001054615,0.0,0.0125901299,415.7009238867,2627.9806444919,7.0
1326,0.0,-665.61322,-234.490097,79.701271,0.9999989024,0.0010546144,0.0010407047,0.0128679059,420.0991291361,2627.1476024157,7.0
1327,0.0,-665.623535,-234.490112,79.701271,0.9999988878,0.0010546144,0.001054615,0.0130368736,422.7086661069,2626.3918443098,7.0
1328,0.0,-665.608826,-234.545273,79.701271,0.9999836506,-0.0048241533,0.0030702039,0.0142023232,440.9252001614,2625.5344776152,7.0
1329,0.0,-665.534973,-234.792786,79.701263,0.9994980529,-0.0310716673,0.0061801017,0.0187197559,505.4563902892,2624.5850223696,7.0
1330,0.0,-665.391663,-235.350845,79.701256,0.9959547159,-0.0894470847,0.0085687113,0.0306893213,644.9903487106,2623.6292042688,7.0
1331,0.0,-665.260681,-236.003448,79.701233,0.9876535165,-0.1562483118,0.0112692652,0.0486871691,808.4550335826,2622.9206819358,7.0
1332,0.0,-665.154236,-237.177658,79.701065,0.9618006928,-0.2731652302,0.0178936964,0.0916484923,1096.6930448402,2622.3656087868,7.0
1333,0.0,-665.23053,-238.740677,79.701057,0.9061673905,-0.4220466025,0.0271537408,,,,
1334,0.0,-665.750854,-240.949402,79.701134,0.7858237019,-0.6171643796,0.0398652499,,,,
1335,0.0,-666.779358,-242.927551,79.701241,0.6264903091,-0.7782229693,0.0433463099,,,,
1336,0.0,-668.149658,-244.580154,79.701271,0.443061494,-0.8954299467,0.043608751,,,,
1337,0.0,-669.448242,-245.637802,79.701302,0.2850098642,-0.9577172545,0.0393324003,,,,
1338,0.0,-670.767883,-246.40094,79.701424,0.1340708827,-0.9905362188,0.0293768202,,,,
1339,0.0,-671.437439,-246.686478,79.701286,0.0605143995,-0.9978906203,0.0235014346,,,,
1340,0.0,-671.499329,-246.719925,79.701271,0.05374516,-0.9982917939,0.0229118293,,,,
1341,0.0,-671.500732,-246.693848,79.701271,0.05374516,-0.9982917939,0.0229118293,,,,
1342,0.0,-671.500824,-246.692383,79.701271,0.05374516,-0.9982917939,0.0229118293,,,,
1343,0.0,-671.500916,-246.690918,79.701271,0.05374516,-0.9982917939,0.0229118293,,,,
1344,0.0,-671.500183,-246.703369,79.701271,0.05374516,-0.9982917939,0.0229118293,,,,
1345,0.0,-671.500244,-246.702621,79.701271,0.05374516,-0.9982917939,0.0229118293,,,,
1346,0.0,-671.499939,-246.708633,79.701271,0.05374516,-0.9982917939,0.0229118293,,,,
1347,0.0,-671.499939,-246.709229,79.701271,0.05374516,-0.9982917939,0.0229118293,,,,
1348,0.0,-671.500549,-246.696701,79.701271,0.05374516,-0.9982917939,0.0229118293,,,,
1349,0.0,-671.500244,-246.7025835,79.701271,0.05374516,-0.9982917939,0.0229118293,,,,
1350,0.0,-671.499939,-246.708466,79.701271,0.05374516,-0.9982917939,0.0229118293,,,,
1351,0.0,-671.509094,-246.70546,79.701271,0.0527880289,-0.998342863,0.0229118293,,,,
1352,0.0,-671.525421,-246.715065,79.701271,0.0510022492,-0.9984340846,0.0229118293,,,,
1353,0.0,-671.541748,-246.72467,79.701271,0.0492164696,-0.9985253062,0.0229118293,,,,
1354,0.0,-671.554016,-246.707352,79.701271,0.0479973665,-0.9984968729,0.0264621933,,,,
1355,0.0,-671.385193,-246.660049,79.701279,0.066201972,-0.997109338,0.0372862834,,,,
1356,0.0,-671.104431,-246.6113585,79.701332,0.096044443,-0.9937093704,0.047967924,,,,
1357,0.0,-670.823669,-246.562668,79.701385,0.125886914,-0.9903094029,0.0586495647,,,,
1358,0.0,-669.466919,-246.154419,79.701271,0.3599959793,-0.9268444679,0.1065937484,,,,
1359,0.0,-669.251892,-246.013092,79.701271,0.499559437,-0.8580515908,0.1191127043,,,,
1360,0.0,-669.041809,-245.867416,79.701271,0.6791133246,-0.7223373198,0.130513941,,,,
1361,0.0,-668.566223,-245.306198,79.701172,0.8281951223,-0.5430880998,0.1383768599,,,,
1362,0.0,-667.77594,-243.082779,79.701126,0.9385629455,-0.3142950192,0.1425420579,,,,
1363,0.0,-667.881409,-241.419403,79.701271,0.9819473753,-0.1235605721,0.1432205892,0.0742454242,990.1687078684,2618.6284476038,7.0
1364,0.0,-668.150818,-240.517838,79.701538,0.9902707989,-0.0025734823,0.1391298749,0.0439095469,767.5477233281,2618.9755461536,7.0
1365,0.0,-668.407959,-239.92009,79.701889,0.9878513429,0.0887224461,0.1275854692,0.0286454361,622.4694304933,2619.4368783958,7.0
1366,0.0,-668.450989,-239.648163,79.701492,0.9845982515,0.1321146502,0.1145076521,0.0227201521,555.2608630875,2619.7350850533,7.0
1367,0.0,-668.210754,-239.647781,79.701172,0.9862781858,0.1274228596,0.104970258,0.0211476308,535.8869366,2619.6038079713,7.0
1368,0.0,-667.896423,-239.696899,79.701263,0.9882493034,0.1145206436,0.1012340676,0.0214308279,539.4863006603,2619.903693904,7.0
1369,0.0,-667.676453,-239.68248,79.701271,0.9884535914,0.1129763357,0.1009744779,0.0216204613,541.8501497575,2619.9434317242,7.0
1370,0.0,-667.467224,-239.658539,79.701271,0.9884535914,0.1129763357,0.1009744779,0.0217471517,543.4207243606,2619.9566466922,7.0
1371,0.0,-667.287048,-239.63797,79.701271,0.9884535914,0.1129763357,0.1009744779,0.0218564956,544.7630371717,2619.9226575685,7.0
1372,0.0,-667.104065,-239.617035,79.701271,0.9884535914,0.1129763357,0.1009744779,0.0219661035,546.0791509178,2619.7642924224,7.0
1373,0.0,-666.936218,-239.597855,79.701271,0.9884535914,0.1129763357,0.1009744779,0.0220621252,547.1955071078,2619.464560098,7.0
1374,0.0,-666.762146,-239.577957,79.701271,0.9884535914,0.1129763357,0.1009744779,0.0222134355,548.9880022779,2619.1795829056,7.0
1375,0.0,-666.610901,-239.560669,79.701271,0.9884535914,0.1129763357,0.1009744779,0.0223211291,550.2467788751,2618.9158423411,7.0
1376,0.0,-666.445435,-239.541763,79.701271,0.9884535914,0.1129763357,0.1009744779,0.0224277981,551.4532967261,2618.4798962856,7.0
1377,0.0,-666.302917,-239.525482,79.701271,0.9884535914,0.1129763357,0.1009744779,0.0225278317,552.5828058785,2618.0773928943,7.0
1378,0.0,-666.160706,-239.509232,79.701271,0.9884535914,0.1129763357,0.1009744779,0.0226180321,553.5797273492,2617.62533319,7.0
1379,0.0,-666.005249,-239.35173,79.701279,0.9875004803,0.1288578203,0.0907659821,0.0195393635,514.7844186471,2616.8997149521,7.0
1380,0.0,-666.276672,-238.592316,79.701302,0.9711556226,0.2209138439,0.0897431348,0.0167199356,476.4806992664,2616.5918870101,7.0
1381,0.0,-666.803101,-237.693283,79.701248,0.9351662428,0.3424375241,0.0905573877,0.0220064066,454.8397728435,2180.0749642604,6.0
1382,0.0,-668.016052,-236.755661,79.701271,0.8503105347,0.5184123254,0.0906678297,0.0328593623,554.4764504297,2180.9004137596,6.0
1383,0.0,-669.1427,-236.380096,79.701393,0.7514226808,0.6538340048,0.0886851109,0.072079796,813.361635646,2181.8876408618,6.0
1384,0.0,-670.501648,-236.419861,79.701874,0.5867230122,0.8054679965,0.0835309141,0.0290805275,486.5129853855,2032.1644804577,0.0
1385,0.0,-670.7536315,-236.507782,79.7016755,0.5436570487,0.8337183469,0.0818233226,0.0247330685,447.413818566,2032.3609267779,0.0
1386,0.0,-671.005615,-236.595703,79.701477,0.5005910851,0.8619686973,0.0801157312,0.0203856094,408.3146517466,2032.557373098,0.0
1387,0.0,-671.242065,-236.679245,79.701317,0.4436546539,0.8927634413,0.0783835817,0.0204313778,408.8052886534,2032.7426417345,0.0
1388,0.0,-671.368652,-236.580368,79.701271,0.3827311546,0.9205562812,0.0780576483,0.025171504,453.2065048205,2032.7167183559,0.0
1389,0.0,-671.32135,-236.43322,79.701271,0.3780893807,0.9224588103,0.078057657,0.0257261311,458.0462733882,2032.566001271,0.0
1390,0.0,-671.186218,-236.068512,79.701271,0.3733769587,0.9243898785,0.0780576657,0.0262937628,462.946324912,2032.1839331451,0.0
1391,0.0,-671.097107,-235.847641,79.701271,0.3733769587,0.9243898785,0.0780576657,0.0262980805,462.9303228504,2031.9490884802,0.0
1392,0.0,-671.012451,-235.638153,79.701271,0.3733769587,0.9243898785,0.0780576657,0.0263021707,462.9150778507,2031.7262822491,0.0
1393,0.0,-670.907715,-235.378922,79.701271,0.3733769587,0.9243898785,0.0780576657,0.0263072349,462.8962238073,2031.4505818385,0.0
1394,0.0,-670.808777,-235.133789,79.701271,0.3733769587,0.9243898785,0.0780576657,0.0263120299,462.8784456911,2031.1899246455,0.0
1395,0.0,-670.709106,-234.887253,79.701271,0.3733769587,0.9243898785,0.0780576657,0.0263168467,462.8604838225,2030.9276972028,0.0
1396,0.0,-670.614258,-234.652313,79.701271,0.3733769587,0.9243898785,0.0780576657,0.0263214445,462.8434335616,2030.6778689225,0.0
1397,0.0,-670.550049,-234.5001905,79.701271,0.373889571,0.9241824948,0.0780576657,0.0262609753,462.2811532573,2030.514776416,0.0
1398,0.0,-670.48584,-234.348068,79.701271,0.3744021833,0.9239751111,0.0780576657,0.0262005061,461.718872953,2030.3516839095,0.0
1399,0.0,-670.400757,-234.138489,79.701271,0.3744402091,0.9239597018,0.0780576657,0.0261999002,461.6628741404,2030.1286000638,0.0
1400,0.0,-670.220581,-233.693878,79.701271,0.3744402091,0.9239597018,0.0780576657,0.0262085511,461.6304696624,2029.6554953504,0.0
1401,0.0,-670.13147,-233.473984,79.701271,0.3744402091,0.9239597018,0.0780576657,0.0262128316,461.6144433415,2029.4215100718,0.0
1402,0.0,-670.0891115,-233.369484,79.701271,0.3744402091,0.9239597018,0.0780576657,0.0262148661,461.6068221764,2029.3103089039,0.0
1403,0.0,-670.007935,-233.169189,79.701271,0.3744402091,0.9239597018,0.0780576657,0.0262187664,461.5922206222,2029.0971757158,0.0
1404,0.0,-669.889648,-232.877274,79.701271,0.3744402091,0.9239597018,0.0780576657,0.026224454,461.570950877,2028.7865615959,0.0
1405,0.0,-669.801392,-232.672501,79.701271,0.3751431041,0.9236745395,0.0780576483,0.0261420023,460.8043322866,2028.5661587363,0.0
1406,0.0,-669.708069,-232.449615,79.701271,0.3755029639,0.9235283022,0.0780576657,0.0261022798,460.4045808967,2028.327565256,0.0
1407,0.0,-669.615173,-232.239212,79.701271,0.3764057815,0.9231607071,0.0780576483,0.0259964391,459.4309762739,2028.1000500946,0.0
1408,0.0,-669.553162,-232.090469,79.701271,0.3765652216,0.9230956801,0.0780576657,0.0259799873,459.2514633212,2027.940953176,0.0
1409,0.0,-669.553162,-232.090469,79.701271,0.3765652216,0.9230956801,0.0780576657,0.0259799873,459.2514633212,2027.940953176,0.0
1410,0.0,-669.550964,-232.090057,79.701271,0.3768200203,0.9229916987,0.0780576483,0.0259491793,458.9823468946,2027.9395478215,0.0
1411,0.0,-669.529785,-232.08638,79.701271,0.3791699588,0.9219810692,0.0786196572,0.0257776472,457.4797022824,2027.926261613,0.0
1412,0.0,-669.328369,-232.05751,79.701279,0.4012887769,0.912222523,0.0825674638,0.0242177824,443.5708119125,2027.8052286151,0.0
1413,0.0,-668.901611,-232.031403,79.701324,0.4467024815,0.8908028675,0.083229467,0.0213364795,416.6057122457,2027.5793803301,0.0
1414,0.0,-668.231018,-232.1403735,79.701412,0.5128753114,0.8505445579,0.0867241716,0.025384158,452.3964235098,2027.3554286975,0.0
1415,0.0,-665.699585,-233.457443,79.701302,0.7536725828,0.6482654279,0.108303153,0.0784927078,847.2012466764,2181.4783743485,6.0
1416,0.0,-665.427856,-233.773346,79.701271,0.8848811505,0.4504442924,0.1186814599,0.0310048566,538.8899200856,2181.0362009928,6.0
1417,0.0,-665.422119,-234.413376,79.701263,0.991982323,0.0089580362,0.126058813,0.0525708944,824.3562643014,2576.3889712856,7.0
1418,0.0,-665.232544,-236.186127,79.701271,0.9767603471,-0.1732996759,0.1261207625,0.1130481364,1189.7393068898,2575.9634453729,7.0
1419,0.0,-665.971985,-241.487976,79.701302,0.7437679102,-0.6586948725,0.113711744,,,,
1420,0.0,-667.09613,-243.361786,79.702866,0.5806823016,-0.8086101256,0.0946452824,,,,
1421,0.0,-669.091431,-245.381104,79.701752,0.3269841846,-0.942866068,0.0639133859,,,,
1422,0.0,-670.468933,-246.223297,79.701477,0.1679823549,-0.984954152,0.0405862896,,,,
1423,0.0,-670.707397,-246.371994,79.701286,0.1407817152,-0.9893899981,0.0358878853,,,,
1424,0.0,-670.865295,-246.420181,79.701271,0.123583795,-0.9918144242,0.0321122019,,,,
1425,0.0,-670.863342,-246.435379,79.701271,0.123583795,-0.9918144242,0.0321122019,,,,
1426,0.0,-670.863403,-246.434921,79.701271,0.123583795,-0.9918144242,0.0321122019,,,,
1427,0.0,-670.864136,-246.429703,79.701271,0.123583795,-0.9918144242,0.0321122019,,,,
1428,0.0,-670.862244,-246.44487,79.701271,0.123583795,-0.9918144242,0.0321122019,,,,
1429,0.0,-670.8613285,-246.452179,79.701271,0.123583795,-0.9918144242,0.0321122019,,,,
1430,0.0,-670.860413,-246.459488,79.701271,0.123583795,-0.9918144242,0.0321122019,,,,
1431,0.0,-670.862793,-246.439941,79.701271,0.123583795,-0.9918144242,0.0321122019,,,,
1432,0.0,-670.862671,-246.441162,79.701271,0.123583795,-0.9918144242,0.0321122019,,,,
1433,0.0,-670.861572,-246.449783,79.701271,0.123583795,-0.9918144242,0.0321122019,,,,
1434,0.0,-670.861084,-246.4536895,79.701271,0.123583795,-0.9918144242,0.0321122019,,,,
1435,0.0,-670.6427,-246.360687,79.701271,0.1477120294,-0.98853894,0.0311756388,,,,
1436,0.0,-669.4198,-246.080048,79.701279,0.2753849858,-0.960743687,0.0336849737,,,,
1437,0.0,-669.102478,-245.910309,79.701271,0.4458380255,-0.8935922731,0.0521661237,,,,
1438,0.0,-668.966736,-245.811798,79.701271,0.5716130897,-0.8029978584,0.0652337199,,,,
1439,0.0,-667.939148,-244.12117,79.700821,0.9015699527,-0.4224258939,0.0934236833,,,,
1440,0.0,-667.718323,-243.088242,79.700432,0.9440352311,-0.3145551741,0.0992598855,,,,
1441,0.0,-668.217987,-241.473061,79.700428,0.9655401212,-0.1055497102,0.11094685,,,,
1442,0.0,-669.405579,-239.288284,79.698875,0.9663588259,0.2228881655,0.1283412846,0.0255402702,569.4049587705,2535.6211230465,7.0
1443,0.0,-671.054504,-238.759293,79.70108,0.8682001169,0.475604538,0.1415234271,0.0508645385,797.4867001228,2532.7649259458,7.0
1444,0.0,-670.9660645,-238.6923065,79.7011755,0.865615891,0.480180629,0.1418026654,0.0520858714,806.1579074682,2531.1038960066,7.0
1445,0.0,-670.751099,-238.554276,79.701271,0.8630316652,0.48475672,0.1420819037,0.0533112903,814.3025499073,2527.7140513753,7.0
1446,0.0,-670.49884,-238.412582,79.701271,0.8630316652,0.48475672,0.1420819037,0.0533359048,813.3700539785,2524.2527385883,7.0
1447,0.0,-670.249512,-238.272522,79.701271,0.8630316652,0.48475672,0.1420819037,0.0533593848,812.4075997114,2520.726228982,7.0
1448,0.0,-669.999084,-238.131866,79.701271,0.8630316652,0.48475672,0.1420819037,0.0534078056,811.6114870618,2517.1455535382,7.0
1449,0.0,-669.88269,-238.066483,79.701271,0.8630316652,0.48475672,0.1420819037,0.0534308833,811.2368898392,2515.4552748949,7.0
1450,0.0,-669.712402,-237.9708405,79.701271,0.8630316652,0.48475672,0.1420819037,0.053475073,810.712540605,2512.8203205289,7.0
1451,0.0,-669.443665,-237.819885,79.701271,0.8630316652,0.48475672,0.1420819037,0.0535455083,809.8961706929,2508.6824729776,7.0
1452,0.0,-669.100342,-237.627045,79.701271,0.8630316652,0.48475672,0.1420819037,0.0536695564,809.0498060699,2503.2427521926,7.0
1453,0.0,-669.01825,-237.580948,79.701271,0.8630316652,0.48475672,0.1420819037,0.0536954158,808.8260119387,2501.9642633596,7.0
1454,0.0,-668.705627,-237.40535,79.701271,0.8630316652,0.48475672,0.1420819037,0.053821533,808.0856905324,2496.8247051834,7.0
1455,0.0,-668.492493,-237.285614,79.701271,0.8630316652,0.48475672,0.1420819037,0.0539179388,807.6387188622,2493.2734685534,7.0
1456,0.0,-668.31842,-237.187866,79.701271,0.8630316652,0.48475672,0.1420819037,0.0539918343,807.2545617041,2490.4288440165,7.0
1457,0.0,-668.373779,-237.078033,79.701057,0.8526090786,0.5023239912,0.1439734936,0.0593426836,844.6228069897,2488.8847474305,7.0
1458,0.0,-669.987183,-236.761475,79.700668,0.7025310355,0.694854794,0.1537106355,0.0789104566,791.2455143855,2032.2174625923,0.0
1459,0.0,-671.304443,-237.289246,79.699211,0.5309561433,0.8304533688,0.1686202128,0.044015423,596.6056764231,2033.3035924592,0.0
1460,0.0,-672.128662,-238.35228,79.7005,0.3150692036,0.9319102328,0.1796516489,0.0596233154,692.0458263919,2034.6221554697,0.0
1461,0.0,-671.838745,-236.927887,79.701073,0.0887298872,0.9789465534,0.18382234,0.1178205537,375.6309248376,797.6645593894,3.0
1462,0.0,-671.797546,-236.270248,79.701149,0.0197611454,0.9826150066,0.1846002328,0.1269211796,388.2374768682,796.2553795176,3.0
1463,0.0,-671.839294,-234.331314,79.701271,-0.1038493329,0.9771967984,0.1852072713,,,,
1464,0.0,-671.894348,-233.515625,79.7015,-0.1297390381,0.9746546165,0.1822530126,,,,
1465,0.0,-672.047607,-231.650162,79.701279,-0.1544411059,0.9717099864,0.1786830914,,,,
1466,0.0,-672.207214,-229.89473,79.701271,-0.1557767885,0.9717135817,0.1775001613,,,,
1467,0.0,-672.397278,-228.015152,79.701271,-0.1557827265,0.9717514898,0.1772872931,,,,
1468,0.0,-672.640625,-225.817139,79.701271,-0.1557827265,0.9717514898,0.1772872931,,,,
1469,0.0,-672.756165,-223.076736,79.701271,-0.1557827265,0.9717514898,0.1772872931,,,,
1470,0.0,-672.594391,-221.269638,79.701271,-0.1557827265,0.9717514898,0.1772872931,,,,
1471,0.0,-672.432617,-219.46254,79.701271,-0.1557827265,0.9717514898,0.1772872931,,,,
1472,0.0,-671.807983,-216.118515,79.701271,-0.1557827265,0.9717514898,0.1772872931,,,,
1473,0.0,-671.4432065,-214.7204895,79.701271,-0.1557827265,0.9717514898,0.1772872931,,,,
1474,0.0,-671.07843,-213.322464,79.701271,-0.1557827265,0.9717514898,0.1772872931,,,,
1475,0.0,-670.239258,-210.622223,79.701271,-0.1557827265,0.9717514898,0.1772872931,,,,
1476,0.0,-669.290771,-207.929886,79.701271,-0.1557827265,0.9717514898,0.1772872931,,,,
1477,0.0,-668.203491,-205.131622,79.701271,-0.1557827265,0.9717514898,0.1772872931,,,,
1478,0.0,-667.030762,-202.340836,79.701271,-0.1557827265,0.9717514898,0.1772872931,,,,
1479,0.0,-665.110229,-198.110016,79.701271,-0.1557827265,0.9717514898,0.1772872931,,,,
1480,0.0,-663.515564,-194.827576,79.701271,-0.1557827265,0.9717514898,0.1772872931,,,,
1481,0.0,-662.7925415,-193.3996735,79.701271,-0.1557827265,0.9717514898,0.1772872931,,,,
1482,0.0,-662.069519,-191.971771,79.701271,-0.1557827265,0.9717514898,0.1772872931,,,,
1483,0.0,-660.282898,-188.567795,79.701271,-0.1557827265,0.9717514898,0.1772872931,,,,
1484,0.0,-657.975159,-184.333984,79.701271,-0.1557827265,0.9717514898,0.1772872931,,,,
1485,0.0,-656.078979,-180.96524,79.701271,-0.1557827265,0.9717514898,0.1772872931,,,,
1486,0.0,-654.216309,-177.729752,79.701271,-0.1557827265,0.9717514898,0.1772872931,,,,
1487,0.0,-652.76532,-174.962067,79.701271,-0.1557827265,0.9717514898,0.1772872931,,,,
1488,0.0,-651.385315,-171.907562,79.701271,-0.1557827265,0.9717514898,0.1772872931,,,,
1489,0.0,-650.144897,-168.718002,79.701271,-0.1557827265,0.9717514898,0.1772872931,,,,
1490,0.0,-649.175232,-165.837067,79.701271,-0.1557827265,0.9717514898,0.1772872931,,,,
1491,0.0,-648.661011,-164.169693,79.701271,-0.1557827265,0.9717514898,0.1772872931,,,,
1492,0.0,-647.356262,-158.982376,79.701271,-0.1557827265,0.9717514898,0.1772872931,,,,
1493,0.0,-646.638306,-155.443604,79.701271,-0.1557827265,0.9717514898,0.1772872931,,,,
1494,0.0,-646.07843,-152.105225,79.701271,-0.1557827265,0.9717514898,0.1772872931,,,,
1495,0.0,-645.575378,-148.435501,79.701271,-0.1557827265,0.9717514898,0.1772872931,,,,
1496,0.0,-645.428162,-147.199387,79.701271,-0.1557827265,0.9717514898,0.1772872931,,,,
1497,0.0,-645.013672,-142.811813,79.701271,-0.1557827265,0.9717514898,0.1772872931,,,,
1498,0.0,-644.763,-139.185349,79.701271,-0.1557827265,0.9717514898,0.1772872931,,,,
1499,0.0,-644.590149,-135.595169,79.701271,-0.1557827265,0.9717514898,0.1772872931,,,,
1500,0.0,-644.49585,-132.606094,79.701271,-0.1557827265,0.9717514898,0.1772872931,,,,
1501,0.0,-644.440491,-128.705551,79.701271,-0.1557827265,0.9717514898,0.1772872931,,,,
1502,0.0,-644.45575,-124.033455,79.701271,-0.1557827265,0.9717514898,0.1772872931,,,,
1503,0.0,-644.477417,-122.537247,79.701271,-0.1557827265,0.9717514898,0.1772872931,,,,
1504,0.0,-644.62207,-117.290939,79.701271,-0.1557827265,0.9717514898,0.1772872931,,,,
1505,0.0,-644.782776,-113.383545,79.701271,-0.1557827265,0.9717514898,0.1772872931,,,,
1506,0.0,-644.968079,-109.804756,79.701271,-0.1557827265,0.9717514898,0.1772872931,,,,
1507,0.0,-645.190979,-106.140877,79.701271,-0.1557827265,0.9717514898,0.1772872931,,,,
1508,0.0,-645.334229,-104.017349,79.701271,-0.1557827265,0.9717514898,0.1772872931,,,,
1509,0.0,-645.637024,-99.956306,79.701271,-0.1557827265,0.9717514898,0.1772872931,,,,
1510,0.0,-645.967529,-95.945648,79.701271,-0.1557827265,0.9717514898,0.1772872931,,,,
1511,0.0,-646.337219,-91.815147,79.701271,-0.1557827265,0.9717514898,0.1772872931,,,,
1512,0.0,-646.713074,-87.895088,79.701271,-0.1557827265,0.9717514898,0.1772872931,,,,
1513,0.0,-646.850952,-86.509674,79.701271,-0.1557827265,0.9717514898,0.1772872931,,,,
1514,0.0,-647.408936,-81.187988,79.701271,-0.1557827265,0.9717514898,0.1772872931,,,,
1515,0.0,-647.821472,-77.444527,79.701271,-0.1557827265,0.9717514898,0.1772872931,,,,
1516,0.0,-648.473572,-71.79306,79.701271,-0.1557827265,0.9717514898,0.1772872931,,,,
1517,0.0,-648.792908,-69.1545295,79.701271,-0.1557827265,0.9717514898,0.1772872931,,,,
1518,0.0,-649.112244,-66.515999,79.701271,-0.1557827265,0.9717514898,0.1772872931,,,,
1519,0.0,-649.509094,-63.335392,79.701271,-0.1557827265,0.9717514898,0.1772872931,,,,
1520,0.0,-650.010071,-59.406094,79.701271,-0.1557827265,0.9717514898,0.1772872931,,,,
1521,0.0,-650.721619,-53.970417,79.701271,-0.1557827265,0.9717514898,0.1772872931,,,,
1522,0.0,-651.310242,-49.586868,79.701271,-0.1557827265,0.9717514898,0.1772872931,,,,
1523,0.0,-651.815918,-45.884144,79.701271,-0.1557827265,0.9717514898,0.1772872931,,,,
1541,0.0,-664.536682,11.879503,80.729515,-0.1557827265,0.9717514898,0.1772872931,,,,
1542,0.0,-665.26239,18.994526,81.193893,-0.1557827265,0.9717514898,0.1772872931,,,,
1543,0.0,-665.589539,21.48637,81.272934,-0.1557827265,0.9717514898,0.1772872931,,,,
1544,0.0,-665.855164,24.3676825,81.426441,-0.1557827265,0.9717514898,0.1772872931,,,,
1545,0.0,-666.472473,31.147345,81.750847,-0.1557827265,0.9717514898,0.1772872931,,,,
1546,0.0,-667.896667,41.377628,81.833176,-0.1557827265,0.9717514898,0.1772872931,,,,
1547,0.0,-667.154968,38.171001,81.982239,-0.1557827265,0.9717514898,0.1772872931,,,,
1548,0.0,-667.373474,40.086536,81.989799,-0.1557827265,0.9717514898,0.1772872931,,,,
1549,0.0,-667.958984,44.869408,81.94976,-0.1557827265,0.9717514898,0.1772872931,,,,
1550,0.0,-668.201294,46.839947,81.887772,-0.1554016353,0.9718125126,0.1772872587,,,,
1551,0.0,-668.846008,51.513573,81.697929,-0.154664637,0.9719300725,0.1772872931,,,,
1552,0.0,-669.188843,53.57943,81.746185,-0.1543414601,0.9719814513,0.1772872587,,,,
1553,0.0,-670.342957,60.145004,80.70314,-0.1528797843,0.9721717646,0.1775100891,,,,
1554,0.0,-670.796509,62.798191,80.38982,-0.1507071577,0.9724252678,0.1779647716,,,,
1555,0.0,-671.594788,67.776894,79.993469,-0.1461504075,0.9730398536,0.1784194541,,,,
1556,0.0,-671.9238895,70.1178555,79.732105,-0.1414615166,0.9737210524,0.1784194541,,,,
1557,0.0,-672.516724,74.367401,79.252975,-0.131837947,0.9750821813,0.178419437,,,,
1558,0.0,-672.9373475,77.178211,79.062309,-0.125010379,0.9759567235,0.1784194456,,,,
1559,0.0,-673.357971,79.989021,78.871643,-0.118182811,0.9768312657,0.1784194541,,,,
1560,0.0,-673.615051,82.337181,78.81218,-0.1088370048,0.9777922838,0.1790998498,,,,
1561,0.0,-674.005859,87.681206,78.799858,-0.0675519853,0.9814561431,0.1793894324,,,,
1562,0.0,-674.214935,90.4921305,78.8583145,-0.0369316862,0.9827759261,0.1784581684,,,,
1563,0.0,-674.554138,95.330498,78.970978,0.0104605021,0.9841035544,0.1772872587,,,,
1564,0.0,-674.763794,98.0307125,79.2635765,0.0286762969,0.9836678212,0.1767568989,,,,
1565,0.0,-675.136597,102.737686,79.704758,0.0518754212,0.9829946016,0.1761549146,,,,
1566,0.0,-675.463806,105.826675,80.28125,0.0556312755,0.9827891947,0.1761549318,,,,
1567,0.0,-675.6645505,108.2490005,80.50906,0.055971068,0.9827698442,0.1761549232,,,,
1568,0.0,-676.028076,113.339897,80.85154,0.0563108605,0.9827504938,0.1761549146,,,,
1569,0.0,-676.190918,115.890194,80.9902345,0.0563108605,0.9827504938,0.1761549146,,,,
1570,0.0,-676.35376,118.440491,81.128929,0.0563108605,0.9827504938,0.1761549146,,,,
1571,0.0,-676.496948,121.85305,81.206802,0.0563108605,0.9827504938,0.1761549146,,,,
1572,0.0,-676.860291,127.343712,81.271622,0.0563108605,0.9827504938,0.1761549146,,,,
1573,0.0,-677.152832,130.474442,81.254807,0.0563108605,0.9827504938,0.1761549146,,,,
1574,0.0,-677.354187,133.353271,81.155075,0.0563108605,0.9827504938,0.1761549146,,,,
1575,0.0,-677.479767,136.0030745,81.0055925,0.0563108605,0.9827504938,0.1761549146,,,,
1576,0.0,-677.674805,142.088852,80.65995,0.0563108605,0.9827504938,0.1761549146,,,,
1577,0.0,-677.729736,144.528412,80.424911,0.0563108605,0.9827504938,0.1761549146,,,,
1578,0.0,-677.736572,147.232712,80.2276535,0.0563108605,0.9827504938,0.1761549146,,,,
1579,0.0,-677.711365,153.534897,79.9133,0.0563108605,0.9827504938,0.1761549146,,,,
1580,0.0,-677.658569,155.69072,79.896538,0.0563108605,0.9827504938,0.1761549146,,,,
1581,0.0,-677.572937,158.591156,79.866142,0.0563108605,0.9827504938,0.1761549146,,,,
1582,0.0,-677.313538,163.392914,79.996635,0.0563108605,0.9827504938,0.1761549146,,,,
1583,0.0,-677.204773,165.730728,80.059509,0.0563108605,0.9827504938,0.1761549146,,,,
1584,0.0,-676.827148,170.805939,80.442551,0.0563108605,0.9827504938,0.1761549146,,,,
1585,0.0,-676.676392,173.022522,80.589668,0.0563108605,0.9827504938,0.1761549146,,,,
1586,0.0,-676.233276,177.701263,80.975578,0.0563108605,0.9827504938,0.1761549146,,,,
1587,0.0,-675.958984,180.420654,81.199043,0.0563108605,0.9827504938,0.1761549146,,,,
1588,0.0,-675.478821,184.907349,81.48539,0.0563108605,0.9827504938,0.1761549146,,,,
1589,0.0,-675.284241,186.839783,81.581841,0.0563108605,0.9827504938,0.1761549146,,,,
1590,0.0,-674.785461,191.765076,81.775864,0.0563108605,0.9827504938,0.1761549146,,,,
1591,0.0,-674.595703,193.616196,81.832275,0.0563108605,0.9827504938,0.1761549146,,,,
1592,0.0,-674.16571,198.611099,81.881424,0.0563108605,0.9827504938,0.1761549146,,,,
1593,0.0,-674.006531,200.52565,81.869987,0.0563108605,0.9827504938,0.1761549146,,,,
1594,0.0,-673.608154,206.243103,81.734039,0.0563108605,0.9827504938,0.1761549146,,,,
1595,0.0,-673.461853,208.687302,81.666832,0.0563108605,0.9827504938,0.1761549146,,,,
1596,0.0,-673.212646,214.891739,81.111778,0.0563108605,0.9827504938,0.1761549146,,,,
1597,0.0,-673.1486815,217.195038,80.8950155,0.0563108605,0.9827504938,0.1761549146,,,,
1598,0.0,-673.034119,221.271255,80.529877,0.0563108605,0.9827504938,0.1761549146,,,,
1599,0.0,-672.84967,226.499878,79.966034,0.0563108605,0.9827504938,0.1761549146,,,,
1600,0.0,-672.750305,228.6200945,79.738331,0.0563108605,0.9827504938,0.1761549146,,,,
1601,0.0,-672.551025,232.794571,79.381813,0.0563108605,0.9827504938,0.1761549146,,,,
1602,0.0,-672.440155,235.024826,79.2404405,0.0563108605,0.9827504938,0.1761549146,,,,
1603,0.0,-672.228943,239.181,78.958382,0.0563108605,0.9827504938,0.1761549146,,,,
1604,0.0,-672.1374205,241.7215885,78.9754715,0.0563108605,0.9827504938,0.1761549146,,,,
1605,0.0,-671.977539,246.082962,79.004578,0.0563108605,0.9827504938,0.1761549146,,,,
1606,0.0,-671.840942,250.69577,79.143196,0.0563108605,0.9827504938,0.1761549146,,,,
1607,0.0,-671.799622,252.578781,79.211334,0.0563108605,0.9827504938,0.1761549146,,,,
1608,0.0,-671.69519,257.695953,79.744522,0.0555434698,0.9827941641,0.1761549146,,,,
1609,0.0,-671.666931,259.9225615,80.0043525,0.0548232117,0.9828343406,0.1761549146,,,,
1610,0.0,-671.588379,263.890289,80.378059,0.0535395258,0.9829053694,0.1761549146,,,,
1611,0.0,-671.568604,266.281036,80.702843,0.052458921,0.9829362243,0.1763078005,,,,
1612,0.0,-671.735962,272.116638,81.490776,0.0459112013,0.9829249013,0.1781875417,,,,
1613,0.0,-671.653503,274.352631,81.456802,0.0420566052,0.9830553151,0.1784194198,,,,
1614,0.0,-671.762207,279.404388,81.664711,0.0342890701,0.983179334,0.1793952531,,,,
1615,0.0,-671.714783,281.346497,81.655769,0.0317884201,0.9832348676,0.1795513618,,,,
1616,0.0,-671.829651,286.529999,81.528908,0.0251376786,0.983244349,0.1805509548,,,,
1617,0.0,-671.805115,288.302795,81.48613,0.0197767781,0.9832617214,0.1811222412,,,,
1618,0.0,-671.946106,293.085297,81.163574,-0.003825411,0.983168778,0.1826595749,,,,
1619,0.0,-672.015686,294.740143,81.026596,-0.0153588179,0.9829574394,0.183190554,,,,
1620,0.0,-672.161865,299.860413,80.51899,-0.0612060456,0.9808603464,0.1848426381,,,,
1621,0.0,-672.260071,303.947571,80.360725,-0.0934158221,0.9780678873,0.1861630792,,,,
1622,0.0,-672.346497,306.179901,79.84697,-0.1070788924,0.976633173,0.1863377477,,,,
1623,0.0,-672.514954,310.90387,79.39769,-0.1259372154,0.9743808639,0.1863377306,,,,
1624,0.0,-672.560608,312.50528,79.399292,-0.1292036552,0.9739531094,0.1863377477,,,,
1625,0.0,-672.769836,317.339905,79.39209,-0.1338962567,0.9733190857,0.1863377306,,,,
1626,0.0,-672.827759,319.390808,79.487946,-0.1342767688,0.9732666609,0.1863377477,,,,
1627,0.0,-673.046753,324.4375,79.710228,-0.1342767688,0.9732666609,0.1863377477,,,,
1628,0.0,-673.225159,328.648041,80.075745,-0.1342767688,0.9732666609,0.1863377477,,,,
1629,0.0,-673.296692,330.536621,80.186142,-0.1342767688,0.9732666609,0.1863377477,,,,
1630,0.0,-673.346069,335.149902,80.649315,-0.1342767688,0.9732666609,0.1863377477,,,,
1631,0.0,-673.366821,339.577881,81.066963,-0.1342767688,0.9732666609,0.1863377477,,,,
1632,0.0,-673.443054,341.887787,81.160652,-0.1342767688,0.9732666609,0.1863377477,,,,
1633,0.0,-673.397034,344.718506,81.401367,-0.1342767688,0.9732666609,0.1863377477,,,,
1634,0.0,-673.574585,351.208405,81.674561,-0.1342767688,0.9732666609,0.1863377477,,,,
1635,0.0,-673.686188,353.792847,81.711483,-0.1342767688,0.9732666609,0.1863377477,,,,
1636,0.0,-673.877441,357.974792,81.73732,-0.1342767688,0.9732666609,0.1863377477,,,,
1637,0.0,-674.0317685,360.457977,81.7109835,-0.1342767688,0.9732666609,0.1863377477,,,,
1638,0.0,-674.186096,362.941162,81.684647,-0.1342767688,0.9732666609,0.1863377477,,,,
1639,0.0,-674.772705,369.464142,81.338295,-0.1342767688,0.9732666609,0.1863377477,,,,
1640,0.0,-674.9205015,371.6669925,80.9885405,-0.1342767688,0.9732666609,0.1863377477,,,,
1641,0.0,-675.068298,373.869843,80.638786,-0.1342767688,0.9732666609,0.1863377477,,,,
1642,0.0,-674.953735,379.501495,79.681412,-0.1342767688,0.9732666609,0.1863377477,,,,
1643,0.0,-674.703064,381.695633,79.3681795,-0.1342767688,0.9732666609,0.1863377477,,,,
1644,0.0,-674.174805,385.67984,78.754272,-0.1342767688,0.9732666609,0.1863377477,,,,
1645,0.0,-673.23877,390.098328,78.347977,-0.1342767688,0.9732666609,0.1863377477,,,,
1646,0.0,-672.774048,391.9266055,78.253708,-0.1337762198,0.9733354552,0.1863377563,,,,
1647,0.0,-671.812927,395.588104,78.152504,-0.1315580526,0.9736378806,0.1863377477,,,,
1648,0.0,-671.2294615,397.54924,78.17136,-0.1298654825,0.9739427029,0.1859232054,,,,
1649,0.0,-670.147461,401.081116,78.2939,-0.1262446563,0.97455659,0.1852072884,,,,
1650,0.0,-668.545349,405.310089,78.549988,-0.1180211532,0.9755866275,0.1852072884,,,,
1651,0.0,-667.693573,407.3022615,78.764412,-0.1151804484,0.9754706222,0.187555149,,,,
1652,0.0,-666.033997,411.085541,79.054977,-0.1103617545,0.9748667889,0.1935330126,,,,
1653,0.0,-663.93512,415.462616,79.404984,-0.1082351062,0.9742833947,0.1976285117,,,,
1654,0.0,-663.118561,417.3154755,79.5474665,-0.1082351062,0.9742833947,0.1976285117,,,,
1655,0.0,-661.651306,420.784088,79.79319,-0.1082351062,0.9742833947,0.1976285117,,,,
1656,0.0,-660.736511,423.562012,80.003342,-0.1082351062,0.9742833947,0.1976285117,,,,
1657,0.0,-659.437317,428.167725,80.195091,-0.1082351062,0.9742833947,0.1976285117,,,,
1658,0.0,-658.54425,431.945557,80.248436,-0.1082351062,0.9742833947,0.1976285117,,,,
1659,0.0,-658.165527,433.715332,80.269653,-0.1082351062,0.9742833947,0.1976285117,,,,
1660,0.0,-657.472656,437.925507,80.182091,-0.1082351062,0.9742833947,0.1976285117,,,,
1661,0.0,-656.86499,441.407898,80.252586,-0.1082351062,0.9742833947,0.1976285117,,,,
1662,0.0,-656.450867,445.594147,79.692253,-0.1082351062,0.9742833947,0.1976285117,,,,
1663,0.0,-656.210693,447.50119,79.62558,-0.1082351062,0.9742833947,0.1976285117,,,,
1664,0.0,-655.752869,451.966797,79.315956,-0.1082351062,0.9742833947,0.1976285117,,,,
1665,0.0,-655.421997,455.510742,79.317154,-0.1082351062,0.9742833947,0.1976285117,,,,
1666,0.0,-655.309387,457.227325,79.122993,-0.1082351062,0.9742833947,0.1976285117,,,,
1667,0.0,-654.919128,463.201355,79.357124,-0.1118076342,0.9758776179,0.1875151401,,,,
1668,0.0,-654.888489,464.830139,79.426346,-0.1294845436,0.9740984414,0.1853806341,,,,
1669,0.0,-654.840759,469.086151,79.452759,-0.1821459959,0.9661023363,0.182945653,,,,
1670,0.0,-654.651489,473.286621,79.377296,-0.2351115863,0.9548044208,0.1818545025,,,,
1671,0.0,-654.543701,474.641418,79.364136,-0.2504636269,0.9512199429,0.1801349267,,,,
1672,0.0,-653.915405,479.33844,79.735596,-0.2923900863,0.9400492548,0.1755432596,,,,
1673,0.0,-653.143677,483.532013,80.081505,-0.31802707,0.9319956805,0.1739046704,,,,
1674,0.0,-652.879639,485.057404,80.099258,-0.3272717861,0.9288857028,0.1733912607,,,,
1675,0.0,-651.976257,489.456482,80.201019,-0.3516123686,0.9200673711,0.1727564032,,,,
1676,0.0,-651.032776,493.611847,80.190056,-0.3784035506,0.9093767041,0.1727563688,,,,
1677,0.0,-650.1604,497.309418,80.030853,-0.4050888712,0.897807458,0.1727564032,,,,
1678,0.0,-649.71582,499.216461,80.402214,-0.4262149722,0.8879729987,0.1727563344,,,,
1679,0.0,-648.5802,503.577911,82.52742,-0.4736441033,0.8636066815,0.1727563688,,,,
1680,0.0,-647.128479,508.954834,85.698021,-0.5281662795,0.8312841806,0.1732252647,,,,
1681,0.0,-646.065186,513.068604,88.117378,-0.5684695474,0.8039541814,0.174642629,,,,
1682,0.0,-645.5720825,514.9707035,89.2369955,-0.5833581594,0.7929591856,0.174832466,,,,
1683,0.0,-645.078979,516.872803,90.356613,-0.5982467714,0.7819641897,0.1750223029,,,,
1684,0.0,-643.977844,522.013123,93.318214,-0.6308660289,0.7556305311,0.1761549146,,,,
1685,0.0,-643.4939575,524.5499575,93.5014,-0.643266909,0.7449219226,0.1761549232,,,,
1686,0.0,-642.788025,528.342957,93.627022,-0.6614767736,0.7288997068,0.1765040944,,,,
1687,0.0,-642.3849185,531.0498355,93.6458625,-0.6742543277,0.7166492176,0.177428312,,,,
1688,0.0,-641.981812,533.756714,93.664703,-0.6870318819,0.7043987283,0.1783525296,,,,
1689,0.0,-641.420227,538.660461,93.873352,-0.7099666508,0.6804090787,0.1816338083,,,,
1690,0.0,-640.987244,543.851135,94.209793,-0.730848775,0.6566567807,0.186177175,,,,
1691,0.0,-640.909241,545.5552365,94.3277665,-0.7401206453,0.6455339047,0.1878692608,,,,
1692,0.0,-640.831238,547.259338,94.44574,-0.7493925156,0.6344110288,0.1895613466,,,,
1693,0.0,-640.741333,552.538574,94.705025,-0.7814954466,0.5921696903,0.196468636,,,,
1694,0.0,-640.80188,554.9424745,94.736618,-0.7956990307,0.5712601172,0.199688782,,,,
1695,0.0,-640.942993,559.313293,94.734512,-0.8193922559,0.535320809,0.2050072251,,,,
1696,0.0,-641.388977,563.931458,94.845924,-0.8387257666,0.5025346734,0.2097569794,,,,
1697,0.0,-641.994202,567.257202,95.046341,-0.848286668,0.4851397194,0.2122479249,,,,
1698,0.0,-642.200256,568.041687,95.08477,-0.8516220844,0.4787789713,0.2133319525,,,,
1699,0.0,-643.919373,572.998169,95.080124,-0.864986158,0.452035898,0.2178588839,,,,
1700,0.0,-644.501099,574.2604065,95.1832465,-0.8686799288,0.4445583278,0.2183878128,,,,
1701,0.0,-646.012512,577.298157,95.284714,-0.8758790456,0.4296205927,0.2196862394,,,,
1702,0.0,-647.691345,580.129761,95.251442,-0.8809067254,0.4181273315,0.2217495791,,,,
1703,0.0,-649.373718,582.816833,95.368118,-0.8846940433,0.409714815,0.2223740543,,,,
1704,0.0,-651.115967,585.170837,94.857384,-0.8879502687,0.4016454533,0.2241099066,,,,
1705,0.0,-653.099731,587.666443,94.720428,-0.8931781321,0.3885105708,0.2264781682,,,,
1706,0.0,-655.241272,590.077454,94.613327,-0.9003005431,0.3702371855,0.2288741106,,,,
1707,0.0,-657.489807,592.380493,94.626785,-0.9073221414,0.3504478136,0.2322775532,,,,
1708,0.0,-658.631592,593.462646,94.686302,-0.9107206181,0.3406946921,0.2334846517,,,,
1709,0.0,-661.984436,596.287476,94.861046,-0.9184896896,0.3175550031,0.2356597337,,,,
1710,0.0,-664.692932,598.695862,94.689522,-0.9241426829,0.2988608785,0.2379968003,,,,
1711,0.0,-667.181274,600.337341,94.472748,-0.9303061173,0.2781321515,0.2391088339,,,,
1712,0.0,-668.507324,601.061035,94.375443,-0.933758451,0.2658046286,0.2396728074,,,,
1713,0.0,-672.305664,602.772034,94.128304,-0.9421099641,0.2328343785,0.2412819257,,,,
1714,0.0,-674.941162,603.629089,93.913963,-0.9466022666,0.2126095479,0.2423661053,,,,
1715,0.0,-677.487183,604.325317,93.642746,-0.9492777096,0.2001454707,0.2425151968,,,,
1716,0.0,-680.445007,604.527161,93.300438,-0.9512938047,0.1903326063,0.2425151461,,,,
1717,0.0,-682.788208,604.553589,93.145966,-0.9524275379,0.1845757001,0.2425151461,,,,
1718,0.0,-687.52478,604.282043,92.860649,-0.9544459188,0.1738372337,0.242515163,,,,
1719,0.0,-689.3791195,604.0220335,92.8509865,-0.9548839692,0.1709132261,0.242850613,,,,
1720,0.0,-691.233459,603.762024,92.841324,-0.9553220196,0.1679892186,0.2431860631,,,,
1721,0.0,-694.443787,603.183411,92.727554,-0.9554978399,0.1663362125,0.2436311605,,,,
1722,0.0,-697.907471,602.426392,93.205727,-0.9555574139,0.165993683,0.2436311267,,,,
1723,0.0,-700.957581,601.784729,93.679504,-0.9555574139,0.165993683,0.2436311267,,,,
1724,0.0,-703.673401,601.316284,94.063354,-0.9555574139,0.165993683,0.2436311267,,,,
1725,0.0,-706.799561,600.877869,94.327759,-0.9555574139,0.165993683,0.2436311267,,,,
1726,0.0,-709.922974,600.536926,94.405525,-0.9553269886,0.1659536549,0.2445602776,,,,
1727,0.0,-713.339905,600.241516,94.390671,-0.9554579449,0.1649215277,0.2447468187,,,,
1728,0.0,-718.072021,599.943298,94.232452,-0.9552470874,0.1605960993,0.2484187894,,,,
1729,0.0,-721.951172,599.79248,93.940231,-0.9546059608,0.1557326114,0.253918911,,,,
1730,0.0,-725.11554,599.725464,93.919319,-0.953809178,0.1515942903,0.2593592548,,,,
1731,0.0,-728.286072,599.697388,93.670319,-0.9526605194,0.1470193714,0.2661263594,,,,
1732,0.0,-732.515686,599.720093,93.370544,-0.9507151995,0.1409010784,0.2762019107,,,,
1733,0.0,-735.710693,599.760193,93.235466,-0.9489803996,0.1352126586,0.2848749518,,,,
1734,0.0,-739.214661,599.771057,93.295494,-0.9465199872,0.1300313423,0.2952825154,,,,
1735,0.0,-740.676453,599.744629,93.336868,-0.9456567379,0.1284137775,0.2987360638,,,,
1736,0.0,-745.609802,599.688965,93.544792,-0.9429689589,0.1241807524,0.308850584,,,,
1737,0.0,-748.736145,599.521301,94.095901,-0.9411539009,0.122752389,0.3148986915,,,,
1738,0.0,-751.871033,599.424744,94.549164,-0.9397106886,0.1223101427,0.3193494178,,,,
1739,0.0,-756.341858,599.284302,95.204498,-0.9368635868,0.1240184611,0.3269648928,,,,
1740,0.0,-759.99585,599.213196,95.561058,-0.9348284348,0.1270927047,0.331576902,,,,
1741,0.0,-763.470093,599.118591,95.965942,-0.9334094187,0.1290699395,0.3347951729,,,,
1742,0.0,-766.777161,599.030334,96.280464,-0.9314911851,0.1298636438,0.3397934757,,,,
1743,0.0,-770.589355,598.93219,96.612122,-0.9278533543,0.1262561665,0.3509238285,,,,
1744,0.0,-774.059448,598.878601,96.725151,-0.9234621963,0.1161829013,0.3656762304,,,,
1745,0.0,-775.553284,598.862732,96.76297,-0.9224662573,0.1131965309,0.3691104842,,,,
1746,0.0,-780.829041,598.858521,96.799934,-0.9211355153,0.1091310374,0.3736305382,,,,
1747,0.0,-784.393982,598.90387,96.743828,-0.9211355153,0.1091310374,0.3736305382,,,,
1748,0.0,-787.605347,599.013,96.600662,-0.9211355153,0.1091310374,0.3736305382,,,,
1749,0.0,-791.081299,599.163208,96.354927,-0.9211355153,0.1091310374,0.3736305382,,,,
1750,0.0,-794.359924,599.485168,96.134781,-0.9211355153,0.1091310374,0.3736305382,,,,
1751,0.0,-797.984131,599.856018,95.862595,-0.9211355153,0.1091310374,0.3736305382,,,,
1752,0.0,-801.563599,600.254456,95.735138,-0.9211355153,0.1091310374,0.3736305382,,,,
1753,0.0,-805.249695,600.69342,95.729347,-0.9211355153,0.1091310374,0.3736305382,,,,
1754,0.0,-806.905151,600.888123,95.725677,-0.9211355153,0.1091310374,0.3736305382,,,,
1755,0.0,-811.988647,601.609985,95.873398,-0.9211355153,0.1091310374,0.3736305382,,,,
1756,0.0,-813.96759,601.904602,95.943497,-0.9211355153,0.1091310374,0.3736305382,,,,
1757,0.0,-818.401367,602.620056,96.272232,-0.9211355153,0.1091310374,0.3736305382,,,,
1758,0.0,-822.194092,603.296448,96.610802,-0.9211355153,0.1091310374,0.3736305382,,,,
1759,0.0,-825.50769,603.915222,96.831551,-0.9222537597,0.1133250391,0.3696017293,,,,
1760,0.0,-828.996704,604.62561,97.049362,-0.9219976125,0.1195157849,0.3682884463,,,,
1761,0.0,-834.765747,605.762573,97.301704,-0.920659877,0.1306409362,0.3678564077,,,,
1762,0.0,-837.4900205,606.264679,97.397396,-0.9205579704,0.1322365796,0.367537552,,,,
1763,0.0,-840.214294,606.766785,97.493088,-0.9204560637,0.1338322229,0.3672186962,,,,
1764,0.0,-842.370056,607.149292,97.550125,-0.9203657985,0.1344513978,0.3672187611,,,,
1765,0.0,-846.236023,607.829956,97.504082,-0.9185881116,0.1383943026,0.3701930554,,,,
1766,0.0,-849.983765,608.4198,97.429626,-0.915317977,0.1453389721,0.375592311,,,,
1767,0.0,-853.740112,609.142029,97.25872,-0.9113889309,0.1547115419,0.3813588277,,,,
1768,0.0,-857.343811,609.753113,97.091934,-0.90542029,0.168451043,0.3896643999,,,,
1769,0.0,-861.02771,610.327454,96.762367,-0.8980667448,0.185990114,0.3986023074,,,,
1770,0.0,-866.864441,611.200134,96.051903,-0.8827433785,0.2239217528,0.4130655835,,,,
1771,0.0,-870.746704,611.544495,95.469864,-0.870083199,0.2540780819,0.422373715,,,,
1772,0.0,-874.3172,611.813721,95.153107,-0.8570085713,0.2839606091,0.4300031177,,,,
1773,0.0,-878.085388,612.080322,94.55864,-0.838035451,0.3236226372,0.4392777841,,,,
1774,0.0,-881.61908,612.411621,93.757416,-0.8149184531,0.3662315232,0.4492019436,,,,
1775,0.0,-884.770996,612.561951,93.430374,-0.7890925776,0.4093170245,0.4580310878,,,,
1776,0.0,-888.298035,612.716614,93.057907,-0.7522822795,0.4653718196,0.4663694259,,,,
1777,0.0,-891.287659,612.68866,92.919601,-0.7174297364,0.5128174402,0.4715006325,,,,
1778,0.0,-894.940063,612.546631,92.808846,-0.673985396,0.5662086425,0.4745012741,,,,
1779,0.0,-898.070557,612.752319,92.742722,-0.6316541604,0.6108287662,0.4773900292,,,,
1780,0.0,-899.323975,612.820312,92.755867,-0.6175378614,0.6244282303,0.4782639176,,,,
1781,0.0,-903.37439,613.070007,92.809059,-0.5770602025,0.6601891675,0.4807824725,,,,
1782,0.0,-907.360107,613.341248,92.671692,-0.5398709742,0.6892150737,0.483241051,,,,
1783,0.0,-910.856445,613.610962,93.198418,-0.5094419035,0.7111313252,0.4845216046,,,,
1784,0.0,-914.780884,613.895569,93.059311,-0.4823171946,0.7296811428,0.4847015099,,,,
1785,0.0,-916.352783,613.997498,92.359589,-0.4713958357,0.7367838302,0.4847015099,,,,
1786,0.0,-920.398438,614.407837,89.639229,-0.4430275412,0.7541823679,0.4847015099,,,,
1787,0.0,-924.55365,614.98938,87.064804,-0.4027267703,0.7780197908,0.4821787569,,,,
1788,0.0,-928.116028,615.597229,84.551048,-0.3671001741,0.7974298673,0.4788977646,,,,
1789,0.0,-930.034058,615.9646,83.19873,-0.3471454341,0.8076736962,0.4766059674,,,,
1790,0.0,-934.894958,617.054443,79.587746,-0.2968116003,0.8309467495,0.4705638888,,,,
1791,0.0,-936.634888,617.591309,78.162514,-0.2740382281,0.8403319465,0.4677021159,,,,
1792,0.0,-940.513733,618.878967,74.898895,-0.2178588252,0.8600976526,0.4612695093,,,,
1793,0.0,-943.751831,620.098083,72.09494,-0.1682936053,0.8744980304,0.454896095,,,,
1794,0.0,-946.91626,621.189392,69.512672,-0.1308957331,0.8835759869,0.4496218215,,,,
1795,0.0,-948.487549,621.625671,68.417366,-0.1191269082,0.8863015088,0.447524765,,,,
1796,0.0,-952.401123,623.053833,65.708595,-0.0954546189,0.8915119656,0.4428259601,,,,
1797,0.0,-955.309753,624.428894,63.974945,-0.0845432397,0.8934709358,0.4410919717,,,,
1798,0.0,-958.105896,626.10907,62.122402,-0.0745371281,0.8949265618,0.4399439346,,,,
1799,0.0,-960.517639,628.015137,61.392193,-0.0683642262,0.8959834076,0.4387938763,,,,
1800,0.0,-961.601929,629.006348,61.459381,-0.066720155,0.8963778388,0.4382410192,,,,
1801,0.0,-963.632202,631.241455,62.005726,-0.062684407,0.8975521196,0.4364296709,,,,
1802,0.0,-965.541016,633.926453,62.577553,-0.0577167706,0.8991107998,0.4338992325,,,,
1803,0.0,-967.839783,637.760803,63.190056,-0.0481303683,0.9015424529,0.430005434,,,,
1804,0.0,-968.602997,639.415802,63.4388865,-0.0408128628,0.9027589983,0.4281378134,,,,
1805,0.0,-969.366211,641.070801,63.687717,-0.0334953573,0.9039755437,0.4262701929,,,,
1806,0.0,-971.118286,645.668884,64.147194,-0.0071333212,0.9076753261,0.4196124617,,,,
1807,0.0,-971.7450865,647.5761105,64.266014,0.000204911,0.9084513846,0.4179219184,,,,
1808,0.0,-972.764221,650.818054,64.445526,0.0114476618,0.9096341902,0.4152524426,,,,
1809,0.0,-973.811584,654.575195,64.496063,0.0202867623,0.9101358815,0.4138129101,,,,
1810,0.0,-974.287445,656.5269775,64.4015195,0.0253446467,0.909995005,0.413812926,,,,
1811,0.0,-975.116882,659.84668,64.216385,0.0345014602,0.9097079482,0.4138128783,,,,
1812,0.0,-975.6412045,661.968079,63.985533,0.0401648052,0.9091127149,0.4145694873,,,,
1813,0.0,-976.557068,665.734436,63.484222,0.0493954988,0.9077041176,0.4166933159,,,,
1814,0.0,-977.030762,668.1882935,63.196323,0.0545382141,0.9060882904,0.4195146895,,,,
1815,0.0,-977.817566,672.448792,62.689049,0.0629697896,0.9034991151,0.4239388572,,,,
1816,0.0,-978.410828,676.902588,62.209293,0.0663201722,0.9026190897,0.4253003805,,,,
1817,0.0,-978.653168,678.957886,62.043947,0.0663201722,0.9026190897,0.4253003805,,,,
1818,0.0,-979.072266,682.788147,61.844406,0.0663201722,0.9026190897,0.4253003805,,,,
1819,0.0,-979.447144,686.799377,61.699589,0.0663201722,0.9026190897,0.4253003805,,,,
1820,0.0,-979.548035,688.761658,61.751373,0.0663201722,0.9026190897,0.4253003805,,,,
1821,0.0,-979.750305,693.337646,61.88744,0.0663201722,0.9026190897,0.4253003805,,,,
1822,0.0,-979.844116,694.948669,61.97308,0.0663201722,0.9026190897,0.4253003805,,,,
1823,0.0,-980.089783,700.783081,60.052586,0.0663201722,0.9026190897,0.4253003805,,,,
1824,0.0,-980.089294,702.162292,59.339565,0.0663201722,0.9026190897,0.4253003805,,,,
1825,0.0,-980.262329,707.546326,57.460335,0.0663201722,0.9026190897,0.4253003805,,,,
1826,0.0,-980.317505,709.659912,56.740948,0.0663201722,0.9026190897,0.4253003805,,,,
1827,0.0,-976.253723,715.707703,54.27409,0.0663201722,0.9026190897,0.4253003805,,,,
1828,0.0,-976.254089,717.551941,53.334248,0.0663201722,0.9026190897,0.4253003805,,,,
1829,0.0,-976.313416,722.105469,51.00573,0.0575440802,0.9029028775,0.4259754366,,,,
1830,0.0,-976.349548,726.009583,49.005596,0.0495997578,0.9047407272,0.423065102,,,,
1831,0.0,-976.322693,727.883179,48.049099,0.0497753419,0.905307941,0.421829287,,,,
1832,0.0,-976.202087,732.679382,45.602951,0.05341145,0.9057761605,0.420376931,,,,
1833,0.0,-976.1026,736.953491,43.41914,0.0539975204,0.9058758621,0.4200871222,,,,
1834,0.0,-976.06073,738.652588,42.550388,0.0539975204,0.9058758621,0.4200871222,,,,
1835,0.0,-975.938782,743.103638,40.273754,0.0539975204,0.9058758621,0.4200871222,,,,
1836,0.0,-975.818542,747.269714,38.19252,0.0530181383,0.9059337099,0.4200871222,,,,
1837,0.0,-975.76239,749.297791,37.180683,0.0518522432,0.9055013253,0.4211635013,,,,
1838,0.0,-975.609009,753.977661,34.842766,0.0507932226,0.9046784512,0.4230566729,,,,
1839,0.0,-975.557312,755.57959,34.042908,0.0501530762,0.9044920923,0.423531255,,,,
1840,0.0,-975.418884,760.097046,31.790548,0.0468293662,0.9037575894,0.4254752991,,,,
1841,0.0,-975.302734,764.479065,29.609913,0.0411657005,0.9024055966,0.4289166869,,,,
1842,0.0,-975.157104,769.967407,26.878695,0.0340627665,0.9008838847,0.4327215667,,,,
1843,0.0,-975.108215,772.123596,25.8069955,0.0305661606,0.9002376505,0.4343071775,,,,
1844,0.0,-975.059326,774.279785,24.735296,0.0270695548,0.8995914163,0.4358927883,,,,
1845,0.0,-974.926086,780.417969,21.682993,0.0176287594,0.8980756715,0.4394875596,,,,
1846,0.0,-974.8703915,782.9004825,20.4466525,0.0147587583,0.8977876312,0.4401712858,,,,
1847,0.0,-978.763794,787.165833,20.226332,0.0097826749,0.8972018251,0.441512383,,,,
1848,0.0,-976.71463,789.751862,17.9851045,0.0076613376,0.8966899139,0.442586248,,,,
1849,0.0,-974.665466,792.337891,15.743877,0.0055400004,0.8961780027,0.4436601129,,,,
1850,0.0,-974.579407,796.838928,13.499352,0.001901892,0.8955401586,0.4449766367,,,,
1851,0.0,-974.494385,801.545532,11.150801,-0.0008125464,0.8948672428,0.4463316677,,,,
1852,0.0,-974.450989,804.033844,9.907889,-0.0015211556,0.8946891238,0.4466860178,,,,
1853,0.0,-974.407593,806.522156,8.664977,-0.0022297649,0.8945110047,0.447040368,,,,
1854,0.0,-974.305664,813.065552,5.394972,-0.0032570098,0.8939929452,0.4480691977,,,,
1855,0.0,-974.267273,815.805664,4.0249045,-0.0032570098,0.8939929452,0.4480691977,,,,
1856,0.0,-974.207092,820.248108,1.803656,-0.003256329,0.8938060891,0.4484418261,,,,
1857,0.0,-974.173065,823.3312685,0.2620945,-0.0032538791,0.8931336306,0.4497771613,,,,
1858,0.0,-974.130615,828.207214,-2.174588,-0.0041679028,0.8919723137,0.4520708133,,,,
1859,0.0,-974.115112,833.006531,-4.569957,-0.0067066492,0.8906615331,0.4546174812,,,,
1860,0.0,-974.092224,837.420715,-6.775805,-0.0073410759,0.89033118,0.4552543228,,,,
1861,0.0,-974.083435,839.616577,-7.873308,-0.0077389411,0.8903278106,0.4552543228,,,,
1862,0.0,-974.067383,844.925903,-10.526758,-0.0083653845,0.890322145,0.4552543228,,,,
1863,0.0,-974.054504,849.404358,-12.765978,-0.0083653845,0.890322145,0.4552543228,,,,
1864,0.0,-974.047058,853.613892,-14.870745,-0.0083653845,0.890322145,0.4552543228,,,,
1865,0.0,-974.0448,855.467896,-15.797709,-0.0083653845,0.890322145,0.4552543228,,,,
1866,0.0,-974.04364,860.398376,-18.262941,-0.0083653845,0.890322145,0.4552543228,,,,
1867,0.0,-974.046387,864.590698,-20.359133,-0.0083653845,0.890322145,0.4552543228,,,,
1868,0.0,-974.05304,869.237976,-22.682764,-0.0083653845,0.890322145,0.4552543228,,,,
1869,0.0,-974.056396,870.985046,-23.55633,-0.0083653845,0.890322145,0.4552543228,,,,
1870,0.0,-974.06897,875.920654,-26.024424,-0.0083619055,0.8899651034,0.4559519638,,,,
1871,0.0,-974.082581,880.243408,-28.18545,-0.0083604579,0.8897978152,0.4562783698,,,,
1872,0.0,-974.08905,882.088684,-29.108128,-0.008359175,0.8896612781,0.4565445592,,,,
1873,0.0,-974.115967,888.650879,-32.389233,-0.0083555203,0.8892723077,0.4573018129,,,,
1874,0.0,-974.122864,890.171082,-33.149296,-0.0083538929,0.8890991026,0.4576385016,,,,
1875,0.0,-974.153931,895.226318,-35.676006,-0.0089873801,0.8887394116,0.4583246506,,,,
1876,0.0,-974.181152,899.496277,-37.810307,-0.0093690731,0.8883578378,0.4590561757,,,,
1877,0.0,-974.205688,903.638977,-39.881664,-0.0093674884,0.8882075728,0.4593468817,,,,
1878,0.0,-974.233521,908.023865,-42.07412,-0.0093624749,0.8877322067,0.4602650033,,,,
1879,0.0,-974.252014,910.170105,-43.146496,-0.0098133877,0.8871988791,0.4612828269,,,,
1880,0.0,-974.298279,914.972961,-45.54586,-0.0110604436,0.8865972605,0.4624099526,,,,
1881,0.0,-974.358704,919.931335,-48.021523,-0.0133007883,0.885560015,0.4643345227,,,,
1882,0.0,-974.38562,921.94104,-49.02475,-0.0143421346,0.8852391473,0.4649149979,,,,
1883,0.0,-974.44165,926.882141,-51.493229,-0.0154427455,0.8849302638,0.465467453,,,,
1884,0.0,-974.483276,931.056152,-53.580257,-0.0154427455,0.8849302638,0.465467453,,,,
1885,0.0,-974.551086,937.34906,-56.726719,-0.0154427455,0.8849302638,0.465467453,,,,
1886,0.0,-976.677429,939.7781675,-57.0761185,-0.0154427455,0.8849302638,0.465467453,,,,
1887,0.0,-978.803772,942.207275,-57.425518,-0.0154427455,0.8849302638,0.465467453,,,,
1888,0.0,-978.624939,944.100098,-58.175232,-0.0154427455,0.8849302638,0.465467453,,,,
1889,0.0,-978.170959,949.969055,-60.767712,-0.0154427455,0.8849302638,0.465467453,,,,
1890,0.0,-977.773804,956.795349,-63.964687,-0.0154427455,0.8849302638,0.465467453,,,,
1891,0.0,-977.518677,961.792786,-66.407822,-0.0154427455,0.8849302638,0.465467453,,,,
1892,0.0,-977.4223025,963.8746035,-67.4727825,-0.0154427455,0.8849302638,0.465467453,,,,
1893,0.0,-977.325928,965.956421,-68.537743,-0.0154427455,0.8849302638,0.465467453,,,,
1894,0.0,-977.257019,970.055237,-70.73111,-0.0154427455,0.8849302638,0.465467453,,,,
1895,0.0,-977.245605,976.151245,-74.102013,-0.0154427455,0.8849302638,0.465467453,,,,
1896,0.0,-977.364685,980.796936,-76.847992,-0.0154427455,0.8849302638,0.465467453,,,,
1897,0.0,-977.453247,985.175659,-79.206787,-0.0154427455,0.8849302638,0.465467453,,,,
1898,0.0,-977.580688,989.367798,-81.69677,-0.0154427455,0.8849302638,0.465467453,,,,
1899,0.0,-977.704468,993.746094,-84.738373,-0.0154427455,0.8849302638,0.465467453,,,,
1900,0.0,-977.821045,997.825378,-87.107727,-0.0154427455,0.8849302638,0.465467453,,,,
1901,0.0,-977.908081,999.704773,-88.162811,-0.0154427455,0.8849302638,0.465467453,,,,
1902,0.0,-978.120605,1004.307007,-90.741905,-0.0154427455,0.8849302638,0.465467453,,,,
1903,0.0,-978.217834,1008.771912,-92.967613,-0.0154427455,0.8849302638,0.465467453,,,,
1904,0.0,-978.434387,1013.002441,-94.994774,-0.0154427455,0.8849302638,0.465467453,,,,
1905,0.0,-978.499817,1014.722839,-95.818718,-0.0154427455,0.8849302638,0.465467453,,,,
1906,0.0,-978.880493,1021.202393,-98.60537,-0.0154427455,0.8849302638,0.465467453,,,,
1907,0.0,-978.980286,1022.960022,-99.345253,-0.0154427455,0.8849302638,0.465467453,,,,
1908,0.0,-979.337036,1027.719849,-101.154251,-0.0154427455,0.8849302638,0.465467453,,,,
1909,0.0,-979.77771,1032.373291,-102.742531,-0.0154427455,0.8849302638,0.465467453,,,,
1910,0.0,-980.033386,1036.512573,-104.557671,-0.0154337434,0.8844214846,0.4664337436,,,,
1911,0.0,-979.864319,1038.347168,-105.692665,-0.0112181007,0.8842354039,0.4669067409,,,,
1912,0.0,-980.039246,1044.500122,-108.404541,0.0216033934,0.8837276036,0.4675027445,,,,
1913,0.0,-979.846252,1046.310669,-109.483963,0.0382871623,0.8831620899,0.4675027445,,,,
1914,0.0,-979.896179,1051.083984,-111.674767,0.0807205871,0.880653332,0.4668339059,,,,
1915,0.0,-980.159668,1055.449585,-113.776749,0.1295541053,0.8766131493,0.4634275783,,,,
1916,0.0,-980.057434,1058.946777,-115.840614,0.1962098746,0.8671577491,0.4577544357,,,,
1917,0.0,-979.699951,1060.786011,-116.866493,0.2231633434,0.8618565369,0.4554134736,,,,
1918,0.0,-978.69635,1066.426636,-120.313057,0.2962605696,0.8430061356,0.4489658453,,,,
1919,0.0,-977.848022,1070.908569,-122.775558,0.3532425639,0.8241006991,0.4428066494,,,,
1920,0.0,-977.293579,1072.75293,-124.306137,0.3912541298,0.8094975591,0.437760103,,,,
1921,0.0,-976.160767,1077.375854,-126.839592,0.4738599558,0.7713373479,0.4248475467,,,,
1922,0.0,-975.414917,1081.490356,-129.07077,0.5316250318,0.739154703,0.4135518717,,,,
1923,0.0,-974.576721,1086.064819,-131.395325,0.5762896651,0.7105803061,0.4036902903,,,,
1924,0.0,-973.92572,1090.290405,-133.488647,0.6098192123,0.6872516873,0.3947222398,,,,
1925,0.0,-973.209351,1096.352051,-136.380295,0.6417701978,0.662521225,0.3862598084,,,,
1926,0.0,-972.9786685,1098.8062745,-137.507019,0.6491920508,0.6566878456,0.3836860936,,,,
1927,0.0,-972.747986,1101.260498,-138.633743,0.6566139037,0.6508544662,0.3811123789,,,,
2125,0.0,-446.686981,1518.740479,-153.866913,0.9057091168,0.0919233238,0.4138128783,,,,
2126,0.0,-446.64563,1518.359985,-153.866913,0.9057091168,0.0919233238,0.4138128783,,,,
2127,0.0,-446.633667,1518.215942,-153.866913,0.9057091168,0.0919233238,0.4138128783,,,,
2128,0.0,-446.614258,1517.891113,-153.866913,0.9057091168,0.0919233238,0.4138128783,,,,
2129,0.0,-446.605377,1517.581543,-153.866913,0.9057091168,0.0919233238,0.4138128783,,,,
2130,0.0,-443.783081,1517.825439,-153.782898,0.9030849683,0.0901312831,0.4198974777,,,,
2131,0.0,-439.132172,1518.266479,-153.644135,0.8954483407,0.0868750126,0.4366062315,,,,
2132,0.0,-437.114563,1518.454834,-153.583832,0.8913440292,0.0858626082,0.4451218194,,,,
2133,0.0,-431.337158,1518.984741,-153.410767,0.8804240737,0.0842432604,0.4666438936,,,,
2134,0.0,-429.562042,1519.145386,-153.357483,0.8778616385,0.0839980741,0.4714904741,,,,
2135,0.0,-424.573975,1519.588013,-153.170837,0.8700700363,0.083252505,0.4858468405,,,,
2136,0.0,-419.557129,1520.023926,-153.055115,0.8624103678,0.0825196213,0.4994385543,,,,
2137,0.0,-417.619476,1520.189209,-153.006805,0.8598109173,0.0822708933,0.503941154,,,,
2138,0.0,-409.786072,1520.844971,-152.813599,0.8477589686,0.0830664591,0.5238365151,,,,
2139,0.0,-407.4082185,1521.039856,-152.78183,0.8431372647,0.0834595682,0.5311116743,,,,
2140,0.0,-405.030365,1521.234741,-152.750061,0.8385155609,0.0838526774,0.5383868336,,,,
2141,0.0,-398.478363,1521.765991,-152.656006,0.8238832664,0.0853547266,0.5602953988,,,,
2142,0.0,-395.7051085,1521.9887695,-152.6161805,0.8164958576,0.0855426534,0.5708338643,,,,
2143,0.0,-391.219452,1522.348633,-152.551758,0.8045380273,0.0856598239,0.5876912091,,,,
2144,0.0,-386.404022,1522.73291,-152.482605,0.791680005,0.0859186209,0.6048642494,,,,
2145,0.0,-381.779785,1523.104004,-152.41626,0.779827547,0.0874558806,0.6198551975,,,,
2146,0.0,-379.530655,1523.28479,-152.384079,0.7745552318,0.0884293288,0.6262387342,,,,
2147,0.0,-375.232941,1523.630737,-152.322632,0.7642019137,0.0902263237,0.6386349862,,,,
2148,0.0,-372.2215275,1523.882385,-152.2797545,0.7560974844,0.0913127516,0.6479391528,,,,
2149,0.0,-367.21817,1524.372192,-152.201324,0.7434705215,0.0931873674,0.6622444399,,,,
2150,0.0,-362.671173,1524.913818,-152.133728,0.732206095,0.0942388952,0.6745318859,,,,
2151,0.0,-360.378723,1525.193054,-152.1289675,0.7246340337,0.0946300324,0.6825169766,,,,
2152,0.0,-356.10318,1525.71814,-152.124786,0.7099339688,0.0953632559,0.697781921,,,,
2153,0.0,-350.100189,1526.485474,-152.127686,0.6893446843,0.0971703965,0.7178870526,,,,
2154,0.0,-348.121399,1526.744751,-152.130463,0.6850558532,0.0982267302,0.7218379233,,,,
2155,0.0,-343.272888,1527.390625,-152.139374,0.6744167935,0.100724757,0.7314482291,,,,
2156,0.0,-339.060608,1527.935547,-152.146881,0.6663851705,0.1010092446,0.7387340097,,,,
2157,0.0,-335.231598,1528.441406,-152.153854,0.6572567601,0.1010528234,0.7468613513,,,,
2158,0.0,-330.8815,1529.050049,-152.161957,0.637509932,0.1012152155,0.7637647326,,,,
2159,0.0,-329.325562,1529.272095,-152.164902,0.6298338958,0.1012029789,0.7701085773,,,,
2160,0.0,-324.660034,1529.942627,-152.17392,0.6031744483,0.0999741639,0.7913189947,,,,
2161,0.0,-320.143463,1530.582275,-152.182816,0.5790287118,0.097311055,0.8094790359,,,,
2162,0.0,-317.999573,1530.878296,-152.187057,0.5707432936,0.0957982674,0.8155211737,,,,
2163,0.0,-312.905212,1531.577637,-152.204437,0.5534978037,0.0915640732,0.8278020305,,,,
2164,0.0,-308.16214,1532.23291,-152.228516,0.5390687088,0.0875870069,0.8376953166,,,,
2165,0.0,-304.216827,1532.795044,-152.248138,0.5282202044,0.0851497109,0.8448271672,,,,
2166,0.0,-302.317566,1533.072754,-152.257599,0.5248379337,0.0846020039,0.8469873932,,,,
2167,0.0,-297.916565,1539.798096,-152.925644,0.5175487016,0.0834270056,0.851576935,,,,
2168,0.0,-293.088257,1540.540283,-152.668274,0.5121541291,0.0835944732,0.8548158352,,,,
2169,0.0,-291.074341,1540.846069,-152.57103,0.5105192213,0.0834995419,0.8558025188,,,,
2170,0.0,-284.834503,1541.684937,-152.071747,0.5068693989,0.0829025658,0.8580271423,,,,
2171,0.0,-282.789093,1541.933472,-151.924408,0.5067118724,0.0828768192,0.8581226667,,,,
2172,0.0,-277.259338,1542.578979,-151.544693,0.5067118724,0.0828768192,0.8581226667,,,,
2173,0.0,-274.398071,1542.890503,-151.360916,0.5099692126,0.0830781646,0.8561713735,,,,
2174,0.0,-269.595795,1543.474365,-151.136856,0.520050009,0.0839778348,0.8499974773,,,,
2175,0.0,-265.319427,1544.003662,-151.011856,0.5392836214,0.0858698779,0.8377347669,,,,
2176,0.0,-259.240112,1544.756714,-151.068314,0.5899612978,0.0868886589,0.8027428156,,,,
2177,0.0,-256.92514,1545.0302735,-151.1556245,0.6128856142,0.0856723272,0.7849769725,,,,
2178,0.0,-254.610168,1545.303833,-151.242935,0.6358099306,0.0844559954,0.7672111294,,,,
2179,0.0,-249.43927,1545.887939,-151.404358,0.6941273766,0.0790727552,0.7154961107,,,,
2180,0.0,-243.476318,1546.854614,-152.142044,0.7628379607,0.0713652303,0.6426392843,,,,
2181,0.0,-240.4475475,1547.304016,-152.467491,0.7944724366,0.066742653,0.6013591328,,,,
2182,0.0,-235.658142,1548.00647,-152.951126,0.8415124273,0.0604847007,0.5368411643,,,,
2183,0.0,-230.940109,1548.566162,-153.501038,0.876162053,0.0562503433,0.4787232559,,,,
2184,0.0,-228.8633955,1549.0515745,-153.5196915,0.8905216538,0.0536024536,0.4506632768,,,,
2185,0.0,-226.786682,1549.536987,-153.538345,0.9048812547,0.0509545639,0.4226032978,,,,
2186,0.0,-220.222305,1549.881348,-153.603714,0.9325867732,0.045024671,0.358126639,,,,
2187,0.0,-215.770187,1549.69165,-153.644318,0.9471945037,0.0409659787,0.3180320122,,,,
2188,0.0,-212.716965,1549.507935,-153.664673,0.9548527481,0.0388909534,0.2945228736,,,,
2189,0.0,-209.173004,1549.813599,-153.666397,0.9605446308,0.0371519944,0.2756333461,,,,
2190,0.0,-206.0056,1549.655151,-153.607437,0.964644716,0.0358383922,0.2611056902,,,,
2191,0.0,-202.482651,1549.356445,-153.113373,0.9686727343,0.0346762107,0.2459078977,,,,
2192,0.0,-200.04567,1549.067627,-152.495041,0.9709658084,0.0345510316,0.236710002,,,,
2193,0.0,-196.903473,1549.024658,-151.535675,0.9732078164,0.0335956398,0.2274596209,,,,
2194,0.0,-193.593735,1549.431274,-151.145966,0.9745518569,0.0325406512,0.221787701,,,,
2195,0.0,-189.995789,1549.942383,-150.738739,0.9756611636,0.0324704801,0.2168662303,,,,
2196,0.0,-186.587692,1550.398804,-150.449829,0.976171524,0.0324874651,0.2145547025,,,,
2197,0.0,-184.933105,1550.605347,-150.367798,0.9762947862,0.0324915674,0.2139924963,,,,
2198,0.0,-181.287216,1551.067749,-150.173584,0.9765577073,0.0325003175,0.2127880955,,,,
2199,0.0,-176.994568,1551.622559,-150.221436,0.976670938,0.0325040859,0.2122671977,,,,
2200,0.0,-173.505066,1551.97229,-150.270874,0.9770397477,0.032516343,0.2105611997,,,,
2201,0.0,-171.413666,1552.193359,-150.361496,0.9774145227,0.0325288327,0.2088126572,,,,
2202,0.0,-167.134476,1552.621094,-150.559525,0.9782870216,0.0325578699,0.2046814316,,,,
2203,0.0,-162.930664,1552.940063,-151.03978,0.978765482,0.0325737933,0.2023785545,,,,
2204,0.0,-159.307724,1553.174072,-151.344589,0.9788152213,0.0325754487,0.2021375834,,,,
2205,0.0,-155.666916,1553.370361,-151.63324,0.9788152213,0.0325754487,0.2021375834,,,,
2206,0.0,-152.158783,1553.567017,-151.903824,0.9788152213,0.0325754487,0.2021375834,,,,
2207,0.0,-148.384979,1553.709106,-151.93782,0.9788152213,0.0325754487,0.2021375834,,,,
2208,0.0,-144.8629,1553.829956,-151.960159,0.9790532125,0.0315848716,0.2011397599,,,,
2209,0.0,-141.208557,1553.878052,-151.88179,0.9792942365,0.0314635209,0.1999821121,,,,
2210,0.0,-137.611298,1553.922119,-151.797775,0.9793143326,0.0314641666,0.1998835767,,,,
2211,0.0,-134.197968,1553.907471,-151.595428,0.9793143326,0.0314641666,0.1998835767,,,,
2212,0.0,-130.422852,1553.867676,-151.336502,0.9793143326,0.0314641666,0.1998835767,,,,
2213,0.0,-126.815948,1553.798584,-151.099258,0.9793143326,0.0314641666,0.1998835767,,,,
2214,0.0,-125.302574,1553.762695,-151.003342,0.9793143326,0.0314641666,0.1998835767,,,,
2215,0.0,-120.124496,1553.602417,-150.692841,0.9793143326,0.0314641666,0.1998835767,,,,
2216,0.0,-118.411819,1553.505005,-150.613998,0.9793143326,0.0314641666,0.1998835767,,,,
2217,0.0,-113.740715,1553.335938,-150.470627,0.9793143326,0.0314641666,0.1998835767,,,,
2218,0.0,-109.726265,1553.408813,-150.466293,0.9793143326,0.0314641666,0.1998835767,,,,
2219,0.0,-105.999374,1553.139648,-150.452972,0.9793143326,0.0314641666,0.1998835767,,,,
2220,0.0,-101.974449,1553.094482,-150.561218,0.9793143326,0.0314641666,0.1998835767,,,,
2221,0.0,-96.687302,1553.110107,-150.792923,0.9789674862,0.0294576623,0.2018784464,,,,
2222,0.0,-91.944695,1553.125977,-151.111572,0.978641068,0.0248334191,0.2040709712,,,,
2223,0.0,-90.2525525,1553.1638795,-151.166885,0.9785143486,0.0219213786,0.2049872852,,,,
2224,0.0,-88.56041,1553.201782,-151.222198,0.9783876291,0.0190093382,0.2059035993,,,,
2225,0.0,-84.188934,1553.360962,-152.05629,0.977759789,0.0068742538,0.2096152181,,,,
2226,0.0,-79.025703,1553.462524,-152.635941,0.9752868314,-0.0077116732,0.2208078954,,,,
2227,0.0,-76.7238845,1553.5042725,-152.8872075,0.9733430163,-0.0117717013,0.2288659123,,,,
2228,0.0,-72.300774,1553.602417,-153.461929,0.9705601324,-0.0166578096,0.2402822233,,,,
2229,0.0,-69.2916605,1553.6712645,-153.6940995,0.9705601324,-0.0166578096,0.2402822233,,,,
2230,0.0,-66.282547,1553.740112,-153.92627,0.9705601324,-0.0166578096,0.2402822233,,,,
2231,0.0,-61.126965,1553.857422,-154.027115,0.9705601324,-0.0166578096,0.2402822233,,,,
2232,0.0,-56.429852,1554.030273,-153.982254,0.9705601324,-0.0166578096,0.2402822233,,,,
2233,0.0,-52.874569,1554.118408,-153.939606,0.9705601324,-0.0166578096,0.2402822233,,,,
2234,0.0,-49.246086,1554.233521,-153.827637,0.9705601324,-0.0166578096,0.2402822233,,,,
2235,0.0,-45.315411,1554.368652,-153.451813,0.9705601324,-0.0166578096,0.2402822233,,,,
2236,0.0,-43.986568,1554.402344,-153.364456,0.9705601324,-0.0166578096,0.2402822233,,,,
2237,0.0,-38.390514,1554.623291,-152.720886,0.9705601324,-0.0166578096,0.2402822233,,,,
2238,0.0,-36.913364,1554.621338,-152.73819,0.9705601324,-0.0166578096,0.2402822233,,,,
2239,0.0,-31.255341,1554.944092,-152.053802,0.9705601324,-0.0166578096,0.2402822233,,,,
2240,0.0,-27.661957,1555.109985,-151.827652,0.9705601324,-0.0166578096,0.2402822233,,,,
2241,0.0,-26.013042,1555.176514,-151.780457,0.9705601324,-0.0166578096,0.2402822233,,,,
2242,0.0,-20.67775,1555.326294,-151.719147,0.9705601324,-0.0166578096,0.2402822233,,,,
2243,0.0,-18.849445,1555.472046,-151.686493,0.9705601324,-0.0166578096,0.2402822233,,,,
2244,0.0,-14.831063,1555.614624,-151.825241,0.9705601324,-0.0166578096,0.2402822233,,,,
2245,0.0,-11.080864,1555.517578,-151.959991,0.971680755,-0.0250388466,0.2349671604,,,,
2246,0.0,-6.700821,1555.389404,-152.281235,0.9732210406,-0.0452309472,0.2253773894,,,,
2247,0.0,-2.961781,1555.32251,-152.847031,0.973483807,-0.0650413064,0.219314628,,,,
2248,0.0,0.625096,1555.154419,-153.281464,0.9733896856,-0.080024292,0.2147292076,,,,
2249,0.0,2.27807,1555.067139,-153.468048,0.973306781,-0.086351162,0.2126438028,,,,
2250,0.0,7.438714,1550.09436,-154.117905,0.9729010166,-0.1042272935,0.2063983605,,,,
2251,0.0,11.330686,1549.822876,-154.176178,0.9722771582,-0.1171425613,0.2023727945,,,,
2252,0.0,12.946761,1549.686279,-154.200943,0.9715479843,-0.1241602549,0.2016897255,,,,
2253,0.0,17.132744,1549.29126,-154.271835,0.9693580173,-0.1431390537,0.1996402906,,,,
2254,0.0,20.944487,1548.898926,-154.341492,0.9669680835,-0.159589207,0.1987561586,,,,
2255,0.0,24.575224,1548.420044,-154.404388,0.9631013614,-0.182408529,0.1978961756,,,,
2256,0.0,26.579763,1548.128662,-154.438202,0.9604464823,-0.1961772993,0.1976284946,,,,
2257,0.0,30.687572,1547.519165,-154.509949,0.9529735054,-0.2297487092,0.1976285117,,,,
2258,0.0,34.864784,1547.086182,-154.600067,0.9414923784,-0.2730111098,0.1976285288,,,,
2259,0.0,40.309605,1546.707642,-154.736313,0.9202689844,-0.3394014726,0.1947091081,,,,
2260,0.0,42.455088,1546.618103,-154.7970885,0.9083793716,-0.3697343504,0.1925547712,,,,
2261,0.0,46.217434,1546.47583,-154.905716,0.8857355467,-0.4239484545,0.1890509172,,,,
2262,0.0,48.532196,1546.4311525,-154.978081,0.8672615372,-0.4599229328,0.186238994,,,,
2263,0.0,50.846958,1546.386475,-155.050446,0.8487875278,-0.4958974111,0.1834270708,,,,
2264,0.0,53.588478,1546.353394,-155.139465,0.8222235819,-0.5399288804,0.1800699462,,,,
2265,0.0,57.954422,1546.739746,-155.273926,0.7750558921,-0.6069962061,0.175624514,,,,
2266,0.0,63.243622,1547.021973,-155.448578,0.7188609634,-0.6743542991,0.1687755744,,,,
2267,0.0,65.293869,1547.086487,-155.5453645,0.6977430187,-0.6959564367,0.1669834918,,,,
2268,0.0,67.344116,1547.151001,-155.642151,0.676625074,-0.7175585743,0.1651914093,0.1392967908,1269.4924095361,2493.5667575918,6.0
2269,0.0,72.346031,1547.442993,-155.842133,0.6532013877,-0.7390282753,0.1648185528,0.1258098642,1210.1199051738,2492.0929349949,6.0
2270,0.0,76.704048,1547.654663,-156.009033,0.6465188082,-0.7448813948,0.1648185012,0.1228538899,1196.0811637776,2490.6755424017,6.0
2271,0.0,78.801441,1547.727234,-156.0879515,0.6461479093,-0.745093634,0.1653116151,0.1232379604,1197.4862251796,2489.971908839,6.0
2292,0.0,149.599106,1546.795654,-158.780762,0.6457607088,-0.7452869541,0.1659531955,0.1375915218,1246.5567761877,2462.5142749262,6.0
2293,0.0,155.909485,1546.652954,-159.024017,0.6457607088,-0.7452869541,0.1659531955,0.1391752321,1252.2699556684,2460.7315925426,6.0
2294,0.0,158.210953,1546.602539,-159.112793,0.6457607088,-0.7452869541,0.1659531955,0.139850993,1254.8318336532,2460.2479760997,6.0
2295,0.0,160.688995,1546.549927,-159.208405,0.6457607088,-0.7452869541,0.1659531955,0.1406127689,1257.7275738708,2459.7404328405,6.0
2296,0.0,167.006775,1546.424927,-159.452362,0.6457607088,-0.7452869541,0.1659531955,0.1421464331,1263.1270694115,2457.9515552129,6.0
2297,0.0,171.353897,1546.263184,-159.661469,0.6457607088,-0.7452869541,0.1659531955,0.1434983499,1268.1693696545,2457.0055418744,6.0
2298,0.0,173.085846,1546.178833,-159.752014,0.6457607088,-0.7452869541,0.1659531955,0.1441107338,1270.4853743722,2456.6623783969,6.0
2299,0.0,177.413254,1545.91748,-159.96814,0.6457607088,-0.7452869541,0.1659531955,0.1452339663,1274.3776296083,2455.3842927239,6.0
2399,0.0,536.042358,1614.964478,-166.926483,0.990299476,-0.1062674058,0.0895219877,,,,
2400,0.0,536.275818,1614.939453,-166.824478,0.990299476,-0.1062674058,0.0895219877,,,,
2401,0.0,536.454529,1614.920166,-166.747528,0.990299476,-0.1062674058,0.0895219877,,,,
2402,0.0,536.601196,1614.904419,-166.585205,0.990299476,-0.1062674058,0.0895219877,,,,
2403,0.0,537.722351,1614.935669,-166.5570295,0.9901904252,-0.1069759656,0.0898800442,,,,
2404,0.0,542.499817,1615.0354,-166.543198,0.9897268145,-0.1099528278,0.0913849456,,,,
2405,0.0,546.642273,1615.051025,-166.555511,0.9891326667,-0.1134047102,0.0935731762,,,,
2406,0.0,550.335693,1615.018066,-167.089478,0.9887891915,-0.1159322339,0.0941044733,,,,
2407,0.0,553.973999,1614.956055,-167.124481,0.9884670964,-0.1172864847,0.0957949887,,,,
2408,0.0,557.339905,1614.874878,-167.087433,0.9882864708,-0.1183125333,0.0963950008,,,,
2409,0.0,560.867676,1614.771973,-166.986755,0.9882382531,-0.1187146115,0.0963950008,,,,
2410,0.0,564.459839,1614.649658,-166.814545,0.9882382531,-0.1187146115,0.0963950008,,,,
2411,0.0,567.99585,1614.507568,-166.605515,0.9882382531,-0.1187146115,0.0963950008,,,,
2412,0.0,571.70813,1614.334717,-166.371887,0.9882382531,-0.1187146115,0.0963950008,,,,
2413,0.0,575.937439,1614.109375,-166.12117,0.9882382531,-0.1187146115,0.0963950008,,,,
2414,0.0,579.610474,1613.88855,-166.036789,0.9882382531,-0.1187146115,0.0963950008,,,,
2415,0.0,583.033508,1613.665161,-165.978653,0.9882382531,-0.1187146115,0.0963950008,,,,
2416,0.0,585.041138,1613.528564,-165.912308,0.9882382531,-0.1187146115,0.0963950008,,,,
2417,0.0,590.147217,1613.156982,-165.782028,0.9882382531,-0.1187146115,0.0963950008,,,,
2418,0.0,593.824402,1612.872559,-165.685959,0.9882382531,-0.1187146115,0.0963950008,,,,
2419,0.0,595.499023,1612.738647,-165.64743,0.9882382531,-0.1187146115,0.0963950008,,,,
2420,0.0,599.94989,1612.372925,-165.483871,0.9882382531,-0.1187146115,0.0963950008,,,,
2421,0.0,599.519409,1612.561646,-164.298737,0.9882382531,-0.1187146115,0.0963950008,,,,
2422,0.0,601.075073,1612.422852,-164.298737,0.9882382531,-0.1187146115,0.0963950008,,,,
2423,0.0,607.102051,1611.872925,-164.298737,0.9883736429,-0.1175820811,0.0963950008,,,,
2424,0.0,608.450195,1611.74585,-164.298737,0.9883741785,-0.1175775788,0.0963950008,,,,
2425,0.0,613.343262,1611.274902,-164.298737,0.9883741785,-0.1175775788,0.0963950008,,,,
2426,0.0,617.062439,1610.908936,-164.298737,0.9883741785,-0.1175775788,0.0963950008,,,,
2427,0.0,621.09668,1610.504639,-164.298737,0.9883741785,-0.1175775788,0.0963950008,,,,
2428,0.0,624.566406,1610.151611,-164.298737,0.9883741785,-0.1175775788,0.0963950008,,,,
2429,0.0,628.449524,1609.750854,-164.298737,0.9883741785,-0.1175775788,0.0963950008,,,,
2430,0.0,634.03418,1609.165161,-164.298737,0.9883741785,-0.1175775788,0.0963950008,,,,
2431,0.0,636.720398,1608.878906,-164.298737,0.9883741785,-0.1175775788,0.0963950008,,,,
2432,0.0,639.406616,1608.592651,-164.298737,0.9883741785,-0.1175775788,0.0963950008,,,,
2433,0.0,641.343872,1608.384155,-164.298737,0.9883741785,-0.1175775788,0.0963950008,,,,
2434,0.0,645.634705,1607.918945,-164.298737,0.9883741785,-0.1175775788,0.0963950008,,,,
2435,0.0,649.915649,1607.450562,-164.298737,0.9883741785,-0.1175775788,0.0963950008,,,,
2436,0.0,655.061584,1606.88208,-164.298706,0.9883741785,-0.1175775788,0.0963950008,,,,
2437,0.0,658.072235,1606.5463865,-164.2987215,0.9883741785,-0.1175775788,0.0963950008,,,,
2438,0.0,662.285828,1606.075928,-164.298737,0.9883741785,-0.1175775788,0.0963950008,,,,
2439,0.0,667.122803,1605.531128,-164.298737,0.9883741785,-0.1175775788,0.0963950008,,,,
2440,0.0,670.880066,1605.105591,-164.298737,0.9883741785,-0.1175775788,0.0963950008,,,,
2441,0.0,674.849304,1604.654175,-164.298737,0.9883741785,-0.1175775788,0.0963950008,,,,
2649,0.0,1288.279907,1378.507202,-160.766174,0.0754668771,-0.9957493213,0.05280189,0.0110621074,333.0747219246,2245.4951858018,6.0
2650,0.0,1288.275635,1378.564331,-160.656128,0.0754668771,-0.9957493213,0.05280189,0.0109871822,331.7744250067,2244.3002194092,6.0
2651,0.0,1288.213257,1379.387817,-160.511459,0.0754668771,-0.9957493213,0.05280189,0.0108984255,330.3530144795,2243.7161482146,6.0
2652,0.0,1287.5753175,1379.75,-160.4664535,0.0754668771,-0.9957493213,0.05280189,0.0108102581,328.9433281869,2243.2010090736,6.0
2653,0.0,1286.875366,1377.121582,-160.427795,0.0754668771,-0.9957493213,0.05280189,0.0106383553,325.6044088098,2238.1859288026,6.0
2654,0.0,1288.908081,1372.609863,-160.784927,0.0754668771,-0.9957493213,0.05280189,0.010675174,325.3126479551,2232.3414184826,6.0
2655,0.0,1289.278198,1368.711182,-161.251846,0.0754668771,-0.9957493213,0.05280189,0.0106134515,323.6088799813,2227.0630960929,6.0
2656,0.0,1289.654297,1364.693481,-161.617065,0.0754668771,-0.9957493213,0.05280189,0.0105488962,321.8307241962,2221.5564792245,6.0
2657,0.0,1290.010742,1361.006958,-161.698151,0.0754668771,-0.9957493213,0.05280189,0.0104705181,319.8438400816,2216.0457122906,6.0
2658,0.0,1290.30603,1357.886108,-161.79837,0.0754668771,-0.9957493213,0.05280189,0.0104093904,318.257671975,2211.4869041831,6.0
2659,0.0,1290.625122,1354.441284,-161.912552,0.0754668771,-0.9957493213,0.05280189,0.0103515777,316.6787961361,2206.6199526975,6.0
2660,0.0,1291.064697,1349.648071,-161.860855,0.0754668771,-0.9957493213,0.05280189,0.0102844119,314.7034280951,2199.9673816498,6.0
2661,0.0,1291.388794,1346.044678,-162.051636,0.0754668771,-0.9957493213,0.05280189,0.0102360042,313.2743788858,2195.1230265749,6.0
2662,0.0,1291.64624,1343.16272,-162.036316,0.0754707107,-0.9957999035,0.0518336177,0.0101410722,311.2814902826,2191.291811473,6.0
2663,0.0,1291.937378,1339.875977,-162.069489,0.075471418,-0.9958092364,0.0516529741,0.0101054435,310.1495511621,2187.1493333963,6.0
2664,0.0,1292.212891,1336.731201,-162.087189,0.075471418,-0.9958092364,0.0516529741,0.0100979765,309.5090254971,2183.4351261207,6.0
2665,0.0,1292.494873,1333.480225,-162.098907,0.075471418,-0.9958092364,0.0516529741,0.0101050574,309.1068832342,2179.8379489651,6.0
2684,0.0,1285.746094,1268.184082,-160.991318,0.0754749862,-0.995857931,0.0507001749,,,,
2685,0.0,1285.014282,1263.473145,-161.350266,0.0754753752,-0.9958614496,0.050630434,,,,
2686,0.0,1284.50293,1260.25,-161.539185,0.0754755717,-0.9958640424,0.0505791173,,,,
2687,0.0,1283.857422,1256.21582,-161.926666,0.0754758388,-0.9958675662,0.0505092888,,,,
2688,0.0,1282.976807,1250.661011,-161.961258,0.075475859,-0.9958678335,0.0505039898,,,,
2689,0.0,1282.857788,1249.531006,-162.048691,0.075475859,-0.9958678335,0.0505039898,,,,
2725,0.0,1284.070923,1120.799194,-159.046768,0.0754679479,-0.99575976,0.0526031292,,,,
2726,0.0,1284.351562,1110.130493,-159.125732,0.0754668771,-0.9957493213,0.05280189,,,,
2727,0.0,1284.244263,1110.055054,-159.280151,0.0754668771,-0.9957493213,0.05280189,,,,
2728,0.0,1284.214722,1108.12085,-159.619797,0.0754668771,-0.9957493213,0.05280189,,,,
2729,0.0,1284.464844,1103.990234,-159.763245,0.0754668771,-0.9957493213,0.05280189,,,,
2730,0.0,1284.700439,1100.574097,-159.947357,0.0754668771,-0.9957493213,0.05280189,,,,
2731,0.0,1284.753906,1098.6693725,-159.991516,0.0754668771,-0.9957493213,0.05280189,,,,
2732,0.0,1285.044434,1094.694214,-160.316574,0.0754668771,-0.9957493213,0.05280189,,,,
2733,0.0,1285.53772,1089.667969,-160.5121,0.0754668771,-0.9957493213,0.05280189,,,,
2747,0.0,1290.115234,1042.739258,-158.166199,0.0724873129,-0.9954868296,0.0612499917,,,,
2748,0.0,1290.48645,1038.655396,-157.987854,0.0723289143,-0.9954837673,0.0614865607,,,,
2749,0.0,1290.924561,1034.69043,-158.038345,0.0721689035,-0.9954805689,0.061725896,,,,
2750,0.0,1291.326294,1031.203003,-158.099625,0.0720155754,-0.9954774546,0.0619547759,,,,
2751,0.0,1291.80896,1026.33374,-158.268127,0.07199156,-0.9954769631,0.0619905735,,,,
2752,0.0,1292.030396,1024.886841,-158.436264,0.07199156,-0.9954769631,0.0619905735,,,,
2753,0.0,1292.445923,1020.322693,-158.859741,0.07199156,-0.9954769631,0.0619905735,,,,
2754,0.0,1292.703857,1017.293335,-159.10582,0.07199156,-0.9954769631,0.0619905735,,,,
2755,0.0,1293.000366,1013.505249,-159.464249,0.07199156,-0.9954769631,0.0619905735,0.0182591227,359.6507368137,1890.6779815793,6.0
2756,0.0,1293.149658,1011.526306,-159.596924,0.07199156,-0.9954769631,0.0619905735,0.0182829251,359.5219580854,1888.7816516083,6.0
2757,0.0,1293.508667,1006.230225,-159.78923,0.07199156,-0.9954769631,0.0619905735,0.0183496308,359.2043943131,1883.711804622,6.0
2758,0.0,1293.623779,1004.403381,-159.790619,0.07199156,-0.9954769631,0.0619905735,0.0183744965,359.1122982843,1881.9659576653,6.0
2759,0.0,1293.928711,999.433472,-159.770279,0.07199156,-0.9954769631,0.0619905735,0.0186456834,360.5070304381,1875.6142064234,6.0
2760,0.0,1294.016846,995.871216,-159.613235,0.07199156,-0.9954769631,0.0619905735,0.0189154051,362.0647195944,1870.3671869222,6.0
2761,0.0,1294.190796,989.98053,-159.24614,0.07199156,-0.9954769631,0.0619905735,0.019382407,364.715833736,1861.4460254763,6.0
2762,0.0,1294.2301025,988.1726685,-159.1074755,0.07199156,-0.9954769631,0.0619905735,0.0195279313,365.5143895817,1858.64943636,6.0
2763,0.0,1294.269409,986.364807,-158.968811,0.07199156,-0.9954769631,0.0619905735,0.0196734556,366.3129454273,1855.8528472437,6.0
2764,0.0,1294.297241,978.797974,-158.350006,0.07199156,-0.9954769631,0.0619905735,0.0202809744,369.4754850129,1843.9088161579,6.0
2765,0.0,1294.30542,975.862854,-158.190369,0.07199156,-0.9954769631,0.0619905735,0.0205170487,370.647446743,1839.1946080362,6.0
2766,0.0,1294.4066775,973.508606,-158.135765,0.07199156,-0.9954769631,0.0619905735,0.0207161826,371.6415995536,1835.3751120112,6.0
2767,0.0,1294.507935,971.154358,-158.081161,0.07199156,-0.9954769631,0.0619905735,0.0209153166,372.6357523643,1831.5556159863,6.0
2768,0.0,1294.426514,967.627014,-157.903015,0.07199156,-0.9954769631,0.0619905735,0.0211938729,373.8995508898,1825.778788983,6.0
2769,0.0,1294.490356,964.60675,-157.842987,0.07199156,-0.9954769631,0.0619905735,0.02145197,375.1189806901,1820.7996059785,6.0
2770,0.0,1294.744019,957.644592,-157.92804,0.07199156,-0.9954769631,0.0619905735,0.0220547697,377.870613943,1809.192273489,6.0
2771,0.0,1294.915771,954.419495,-158.063095,0.07199156,-0.9954769631,0.0619905735,0.0223403034,379.1423769049,1803.7735470987,6.0
2772,0.0,1295.0585935,952.1408085,-158.185196,0.07199156,-0.9954769631,0.0619905735,0.0225459439,380.0423578083,1799.9208297666,6.0
2773,0.0,1295.452637,946.888367,-158.506027,0.07199156,-0.9954769631,0.0619905735,0.0230287499,382.1500772969,1791.0124014324,6.0
2774,0.0,1295.763184,943.477844,-158.864731,0.07199156,-0.9954769631,0.0619905735,0.0233475417,383.5044709479,1785.1910168868,6.0
2775,0.0,1296.055054,940.38269,-159.203506,0.07199156,-0.9954769631,0.0619905735,0.0236418229,384.7403717074,1779.8952860396,6.0
2776,0.0,1296.474976,935.828857,-159.693405,0.07199156,-0.9954769631,0.0619905735,0.0240810569,386.5527500504,1772.0926843077,6.0
2777,0.0,1296.70752,932.717285,-159.954224,0.07199156,-0.9954769631,0.0619905735,0.0243820627,387.7589748432,1766.750230235,6.0
2778,0.0,1296.944092,929.589294,-160.332031,0.07199156,-0.9954769631,0.0619905735,0.0246729034,388.8381714595,1761.3239982743,6.0
2779,0.0,1297.172119,926.51532,-160.561752,0.07199156,-0.9954769631,0.0619905735,0.0249533336,389.8128979587,1755.9139835154,6.0
2780,0.0,1297.494995,922.068359,-160.671082,0.07199156,-0.9954769631,0.0619905735,0.0253402865,391.016854925,1748.0086802615,6.0
2781,0.0,1297.739136,919.19043,-160.854294,0.07199156,-0.9954769631,0.0619905735,0.0255783447,391.6489843681,1742.7730429928,6.0
2782,0.0,1297.97937,916.491455,-160.838776,0.07199156,-0.9954769631,0.0619905735,0.0257987734,392.2084904512,1737.8878766969,6.0
2783,0.0,1298.294922,912.548828,-160.832657,0.07199156,-0.9954769631,0.0619905735,0.0260968144,392.8073756765,1730.7046526436,6.0
2784,0.0,1298.677734,909.336792,-160.641083,0.07199156,-0.9954769631,0.0619905735,0.0263567,393.3741614253,1724.7493134171,6.0
2785,0.0,1299.033691,905.880859,-160.342041,0.07199156,-0.9954769631,0.0619905735,0.0266233672,393.8666688876,1718.3544365173,6.0
2786,0.0,1299.410889,902.302795,-159.939453,0.07199156,-0.9954769631,0.0619905735,0.0268994387,394.3472375183,1711.7194427944,6.0
2787,0.0,1299.907593,897.820801,-159.363174,0.07199156,-0.9954769631,0.0619905735,0.0272374871,394.8446585021,1703.3556874986,6.0
2788,0.0,1300.190308,894.927673,-159.126801,0.07199156,-0.9954769631,0.0619905735,0.0274126985,394.8604127942,1698.0465186141,6.0
2789,0.0,1300.585083,891.789612,-158.697601,0.07199156,-0.9954769631,0.0619905735,0.0275895882,394.7598924096,1692.2392729219,6.0
2790,0.0,1301.051514,887.41156,-158.444962,0.07199156,-0.9954769631,0.0619905735,0.0277898727,394.2661390198,1684.1067209256,6.0
2791,0.0,1301.268066,885.945435,-158.266464,0.07199156,-0.9954769631,0.0619905735,0.0278688954,394.1806051062,1681.3862153808,6.0
2792,0.0,1301.916382,880.439697,-158.036942,0.07199156,-0.9954769631,0.0619905735,0.0281160582,393.4635763673,1671.0392214644,6.0
2793,0.0,1302.338501,876.8396,-157.976669,0.07199156,-0.9954769631,0.0619905735,0.0282684895,392.8885157479,1664.1564187929,6.0
2794,0.0,1302.722778,873.473267,-158.039581,0.07199156,-0.9954769631,0.0619905735,0.0284023055,392.2673090287,1657.6627104504,6.0
2795,0.0,1302.960815,871.467346,-158.081589,0.07199156,-0.9954769631,0.0619905735,0.0284832395,391.8976229191,1653.7798717179,6.0
2796,0.0,1303.467163,866.352539,-158.256119,0.07199156,-0.9954769631,0.0619905735,0.0286734458,390.8183851629,1643.8256643195,6.0
2797,0.0,1303.876099,862.820129,-158.538193,0.07199156,-0.9954769631,0.0619905735,0.0288072537,390.0795264802,1636.9585467039,6.0
2798,0.0,1304.149658,859.657043,-158.858322,0.07199156,-0.9954769631,0.0619905735,0.0289133994,389.3080894962,1630.7635568549,6.0
2799,0.0,1304.427002,856.586182,-159.221024,0.07199156,-0.9954769631,0.0619905735,0.0290179133,388.5632030591,1624.7526065518,6.0
2800,0.0,1304.749756,852.208313,-159.522018,0.07199156,-0.9954769631,0.0619905735,0.0291707582,387.536247464,1616.2702255872,6.0
2801,0.0,1304.953979,849.511658,-159.782196,0.07199156,-0.9954769631,0.0619905735,0.0292666688,386.9206154745,1611.095530331,6.0
2802,0.0,1305.216797,845.084473,-159.848068,0.07199156,-0.9954769631,0.0619905735,0.0294338715,385.9868541806,1602.7039693065,6.0
2803,0.0,1305.479736,841.660645,-160.030807,0.07199156,-0.9954769631,0.0619905735,0.0295704078,385.3317716717,1596.3411237171,6.0
2804,0.0,1305.848145,838.329285,-160.140335,0.07199156,-0.9954769631,0.0619905735,0.0297275743,384.8218818156,1590.0723379552,6.0
2805,0.0,1306.387695,835.134766,-160.290222,0.07199156,-0.9954769631,0.0619905735,0.0299110539,384.5388571746,1584.0958500959,6.0
2806,0.0,1307.275024,831.008179,-160.356644,0.07199156,-0.9954769631,0.0619905735,0.030191119,384.3881647648,1576.225527528,6.0
2807,0.0,1308.977051,824.900391,-159.392548,0.0691825895,-0.9956039677,0.0631388057,0.030245536,381.8951784454,1564.6149861988,6.0
2808,0.0,1309.888916,822.121643,-158.14241,0.0646619936,-0.9958079005,0.0646950684,0.0296643549,376.9892717196,1559.3421929008,6.0
2809,0.0,1310.660034,820.138031,-157.204353,0.0599551906,-0.9960312241,0.0656059612,0.0289552198,371.6170462316,1555.6251586967,6.0
2810,0.0,1311.431152,818.154419,-156.266296,0.0552483877,-0.9962545477,0.066516854,0.0282460848,366.2448207435,1551.9081244926,6.0
2811,0.0,1313.832886,812.066772,-153.408981,0.0334534617,-0.9970740807,0.0687324049,0.0246696277,340.1290916483,1540.7870184395,6.0
2812,0.0,1315.174927,809.264465,-152.076218,0.0254647339,-0.9972999922,0.0688786825,0.0235516215,331.3383504413,1535.7430612304,6.0
2813,0.0,1316.422729,806.715698,-151.581131,0.0157639558,-0.9975004886,0.0688786825,0.0220619374,319.8624676702,1531.211264487,6.0
2814,0.0,1318.572998,802.787354,-151.632935,0.0024404413,-0.9976220584,0.0688786825,0.0201963669,304.8187646334,1524.3827086264,6.0
2815,0.0,1319.91687,800.484619,-151.635727,-0.0064422496,-0.9976042424,0.0688786825,0.0189806043,294.8326100037,1520.463977988,6.0
2816,0.0,1320.8743895,798.7894285,-151.724167,-0.0158779314,-0.9974540409,0.0688786825,0.0176385326,283.5993962519,1517.6544041663,6.0
2817,0.0,1321.831909,797.094238,-151.812607,-0.0253136132,-0.9973038394,0.0688786825,0.016296461,272.3661825002,1514.8448303446,6.0
2818,0.0,1325.416992,791.128967,-152.129837,-0.0571226721,-0.9957529443,0.0722016228,0.0126535106,238.6910174583,1505.1984540059,6.0
2819,0.0,1327.029663,788.46698,-152.323013,-0.0679574995,-0.9948565416,0.0751148441,0.0117985934,229.8954818955,1501.0153409222,6.0
2820,0.0,1328.705566,785.667908,-152.715927,-0.0773312622,-0.9939828163,0.0775760062,0.0111761602,223.1368432823,1496.6726295176,6.0
2821,0.0,1330.208252,783.449097,-153.033401,-0.083476182,-0.9933355589,0.0794744891,0.0108962176,219.8392602466,1493.2710636736,6.0
2822,0.0,1332.707642,779.653442,-153.44249,-0.0905762202,-0.9925508092,0.0814790737,0.0107477704,217.5342364577,1487.727877152,6.0
2823,0.0,1334.365112,776.987122,-153.620651,-0.0927573144,-0.99226004,0.0825596366,0.0109565412,219.0667264538,1483.9441069709,6.0
2824,0.0,1335.931885,774.359558,-153.749695,-0.0929264431,-0.9922371316,0.0826447263,0.0113392189,222.2463146253,1480.003167025,6.0
2825,0.0,1337.154053,772.099121,-153.811523,-0.0929264431,-0.9922371316,0.0826447263,0.0116805097,225.0382801038,1476.6664821067,6.0
2826,0.0,1338.68396,769.121765,-153.745453,-0.0929264431,-0.9922371316,0.0826447263,0.0121427348,228.7511690759,1472.3547719408,6.0
2827,0.0,1339.794434,766.741699,-153.618134,-0.0929264431,-0.9922371316,0.0826447263,0.0125128449,231.6582847194,1468.9859429527,6.0
2828,0.0,1341.013306,763.950928,-153.476913,-0.0929264431,-0.9922371316,0.0826447263,0.0129389668,234.9298724103,1465.1525307219,6.0
2829,0.0,1342.209839,760.907166,-153.091965,-0.0929264431,-0.9922371316,0.0826447263,0.0134271775,238.6097351012,1460.97757333,6.0
2830,0.0,1343.619019,756.859253,-152.506195,-0.0929264431,-0.9922371316,0.0826447263,0.0140793804,243.3842726042,1455.5254266444,6.0
2831,0.0,1344.476562,754.412659,-151.86348,-0.0929264431,-0.9922371316,0.0826447263,0.014502439,246.438838295,1452.292014862,6.0
2832,0.0,1345.388062,750.411194,-152.359863,-0.0939429493,-0.992141407,0.0826447263,0.0148902086,248.7890286787,1447.0667583372,6.0
2833,0.0,1346.162109,747.203491,-152.400757,-0.0969215198,-0.9918548625,0.0826447263,0.014909963,248.2447777863,1442.9514998303,6.0
2834,0.0,1347.046265,743.903137,-152.315613,-0.1048696699,-0.9910460138,0.0826447263,0.0142334675,241.9160501574,1438.9484405719,6.0
2835,0.0,1347.970337,740.750854,-152.338242,-0.1168151397,-0.9894164667,0.0860771665,0.0133129754,233.4327415023,1435.355503335,6.0
2836,0.0,1349.291504,736.771973,-152.364532,-0.1342333019,-0.9867082404,0.0915874933,0.0121106992,222.0250543622,1430.9395212644,6.0
2837,0.0,1350.381958,733.669922,-152.493881,-0.1491466399,-0.9841512144,0.0959253203,0.0111706576,212.7764346465,1427.5305098054,6.0
2838,0.0,1351.596313,730.554077,-152.573715,-0.1690691323,-0.9804860928,0.1003127623,0.00991701,200.0679499249,1424.1362902839,6.0
2839,0.0,1352.722534,727.641296,-152.813477,-0.1925619986,-0.9757104942,0.1044457188,0.0086309942,186.2884117978,1420.9524846696,6.0
2840,0.0,1354.194336,723.938538,-153.100296,-0.2349656827,-0.9661400881,0.1066042127,0.006782998,164.7496750148,1416.8909681027,6.0
2841,0.0,1355.424072,721.039185,-153.376709,-0.2686618585,-0.9573070639,0.1066957885,0.0062429264,157.756060989,1414.0208874281,6.0
2842,0.0,1357.051514,717.418213,-153.650284,-0.315600111,-0.9428746357,0.1066957885,0.0071938441,168.9058729425,1410.6904065183,6.0
2843,0.0,1358.428345,714.436646,-154.110123,-0.3521540748,-0.9299623237,0.1056294662,0.0092113216,190.7029147,1408.2630279322,6.0
2844,0.0,1360.959473,708.960266,-154.757034,-0.4226645816,-0.9008582781,0.0990404672,0.0164059454,253.2506766652,1403.8593026142,6.0
2845,0.0,1361.784607,706.9686585,-154.7962415,-0.4477120913,-0.8884955982,0.0966622243,0.0206090355,281.6612305864,1402.2488979983,6.0
2846,0.0,1362.609741,704.977051,-154.835449,-0.472759601,-0.8761329183,0.0942839815,0.0248121256,310.0717845076,1400.6384933824,6.0
2847,0.0,1364.855103,699.491577,-155.348175,-0.5204497816,-0.8486909761,0.0941044733,0.0354992671,368.719056312,1396.2390899416,6.0
2848,0.0,1365.525818,697.621063,-155.401291,-0.5312946262,-0.8417265802,0.0951586027,0.0383301014,382.160904323,1394.7257060892,6.0
2849,0.0,1366.196533,695.750549,-155.454407,-0.5421394707,-0.8347621844,0.096212732,0.0411609357,395.602752334,1393.2123222368,6.0
2850,0.0,1367.95874,690.135803,-155.194946,-0.5684231986,-0.8162660532,0.102979598,0.0490175785,429.4287552545,1388.6363114943,6.0
2851,0.0,1368.493164,688.2194825,-155.0921935,-0.5785467332,-0.8086647427,0.1057223848,0.0524777137,443.1606972038,1387.0676416002,6.0
2852,0.0,1369.662964,683.47229,-154.581619,-0.6005937219,-0.791842125,0.1107846124,0.0599921554,471.8861608694,1383.2104622031,6.0
2853,0.0,1370.027954,681.9487915,-154.3936615,-0.6052264722,-0.7881910884,0.1114472701,0.0614421606,476.918478727,1382.0000645879,6.0
2854,0.0,1370.392944,680.425293,-154.205704,-0.6098592226,-0.7845400517,0.1121099278,0.0628921658,481.9507965846,1380.7896669728,6.0
2855,0.0,1372.02356,673.447449,-153.723877,-0.6200271764,-0.7764853369,0.1124136205,0.0646585239,486.4867861663,1375.2427163451,6.0
2856,0.0,1372.672119,670.505615,-153.628799,-0.6215873955,-0.7752369236,0.1124136205,0.0642455999,484.2035421177,1373.0335209376,6.0
2857,0.0,1373.397095,666.918518,-153.740143,-0.624822928,-0.772631536,0.1124136031,0.0643409581,483.6642964893,1370.5214513253,6.0
2858,0.0,1373.925049,664.082703,-153.857483,-0.6304632092,-0.7680360222,0.1124135684,0.0657767192,488.1815942725,1368.6487158645,6.0
2859,0.0,1374.538818,660.350891,-154.079712,-0.6411742539,-0.7592374203,0.1115980092,0.0691111273,499.1267044511,1366.3380974048,6.0
2860,0.0,1375.047974,656.998291,-154.364594,-0.6498056398,-0.7520316885,0.1104580013,0.0717388218,507.4485131523,1364.369290004,6.0
2861,0.0,1375.445557,654.007202,-154.644516,-0.6552460199,-0.7474463162,0.1094379175,0.0730999335,511.4374574905,1362.7131461278,6.0
2862,0.0,1375.859985,650.476135,-154.999619,-0.6590409125,-0.7441691361,0.108983359,0.0736135293,512.4395580817,1360.7931623716,6.0
2863,0.0,1376.373291,646.482361,-155.319763,-0.6649595819,-0.7385879714,0.1109800113,0.075374989,517.5189189788,1358.7499388763,6.0
2864,0.0,1376.67395,643.756836,-155.722076,-0.6710220954,-0.7327899406,0.11290815,0.0776926008,524.5837690386,1357.4179893077,6.0
2865,0.0,1376.962891,640.654602,-156.153732,-0.68099105,-0.723059312,0.1159155781,0.0821177497,538.1393903845,1356.0174948208,6.0
2866,0.0,1377.242432,637.549255,-156.461761,-0.6928593355,-0.7110240174,0.1199616102,0.0879305057,555.4962214523,1354.7510222006,6.0
2867,0.0,1377.567261,633.55188,-156.632523,-0.7097312161,-0.6931869404,0.1255924621,0.0969233918,581.1514800368,1353.1530189844,6.0
2868,0.0,1377.811523,630.519348,-156.610794,-0.7230838854,-0.6786042636,0.1290191771,0.1043954213,601.4430944709,1352.010120964,6.0
2869,0.0,1378.019409,627.534119,-156.567749,-0.7425551437,-0.6564103387,0.1331815525,0.1165363243,632.8894441558,1350.8855926246,6.0
2870,0.0,1378.216064,624.539978,-156.428619,-0.766433221,-0.6281685988,0.1341056647,0.1324964613,671.3761580577,1349.6869791146,6.0
2871,0.0,1378.329834,620.843384,-156.594193,-0.7916929726,-0.5960183633,0.1341057338,,,,
2872,0.0,1378.620239,617.957397,-156.668167,-0.8146609547,-0.5650501468,0.1305597965,,,,
2873,0.0,1379.710205,613.973877,-155.881821,-0.8445404746,-0.5206804565,0.1250729748,,,,
2874,0.0,1380.904297,610.947144,-155.174911,-0.8645612226,-0.4880415682,0.1197886477,,,,
2875,0.0,1382.029663,608.302063,-154.614716,-0.8811970087,-0.4582992604,0.1159897397,,,,
2876,0.0,1383.20105,605.621582,-154.162582,-0.8989783882,-0.4237103579,0.110938677,,,,
2877,0.0,1384.813599,601.547424,-153.83316,-0.9200031418,-0.3775859204,0.1049909127,,,,
2878,0.0,1386.175293,598.124146,-153.649002,-0.9340752648,-0.3425953503,0.1006569704,,,,
2879,0.0,1387.223389,595.170715,-153.756042,-0.9445075958,-0.3137253515,0.0973745619,,,,
2880,0.0,1388.887695,591.4375,-153.692307,-0.9530204723,-0.2875140314,0.0953292247,,,,
2881,0.0,1390.761108,588.289185,-154.106689,-0.9562279461,-0.2766868009,0.0952498261,,,,
2882,0.0,1392.378784,585.570496,-154.31102,-0.9571212848,-0.2735805491,0.0952498261,,,,
2883,0.0,1394.697632,581.996643,-154.5215,-0.9572772691,-0.2730342542,0.0952498088,,,,
2884,0.0,1396.459595,579.55426,-154.618744,-0.9583441231,-0.2692656971,0.0952498088,,,,
2885,0.0,1398.486938,576.877136,-154.610794,-0.9595678237,-0.264871791,0.0952498088,,,,
2886,0.0,1400.304565,574.268311,-154.529526,-0.9610768332,-0.2596873497,0.094306952,,,,
2887,0.0,1402.070068,571.731689,-154.421967,-0.9617552494,-0.2578893232,0.0923035056,,,,
2888,0.0,1404.981567,567.97052,-154.157806,-0.9628093466,-0.255171866,0.0888002306,,,,
2889,0.0,1408.053711,564.604919,-153.926468,-0.9647004606,-0.2493947544,0.084588875,,,,
2890,0.0,1409.0841065,563.529602,-153.873749,-0.9653644808,-0.2470726008,0.083785864,,,,
2891,0.0,1410.114502,562.454285,-153.82103,-0.966028501,-0.2447504473,0.0829828529,,,,
2892,0.0,1414.779419,558.657166,-153.018799,-0.9688405802,-0.2342895306,0.0803513913,,,,
2893,0.0,1416.284973,557.288147,-153.0191805,-0.9695610688,-0.2312689888,0.0803513913,,,,
2894,0.0,1419.80896,554.678955,-152.556946,-0.9709480189,-0.2253965238,0.0803514261,,,,
2895,0.0,1422.625244,552.72937,-152.325348,-0.9719821754,-0.2208943166,0.0803514261,,,,
2896,0.0,1423.9817505,551.7686155,-152.275894,-0.9725887928,-0.218190314,0.0803514,,,,
2897,0.0,1425.338257,550.807861,-152.22644,-0.9731954101,-0.2154863115,0.0803513739,,,,
2898,0.0,1428.192261,548.765747,-152.17601,-0.9740664247,-0.2115141937,0.0803513913,,,,
2899,0.0,1430.845459,546.775391,-152.339951,-0.9743645641,-0.2101365037,0.0803513913,,,,
2900,0.0,1433.623047,544.728149,-152.540665,-0.9743954991,-0.2099930056,0.0803514087,,,,
2901,0.0,1439.266968,540.515137,-153.00415,-0.9745736137,-0.2100313913,0.0780582225,,,,
2902,0.0,1440.501526,539.5569155,-153.081123,-0.9746547194,-0.2100488704,0.076983689,,,,
2903,0.0,1444.448853,536.542725,-153.339371,-0.9752939335,-0.2090635551,0.071373477,,,,
2904,0.0,1446.9646,534.685486,-153.484985,-0.9761638454,-0.2060693965,0.0681142477,,,,
2905,0.0,1449.792969,532.537537,-153.561157,-0.9768410353,-0.2036574137,0.0656144003,,,,
2906,0.0,1452.505005,530.481262,-153.601028,-0.9772312103,-0.2024958474,0.0633608199,,,,
2907,0.0,1455.20813,528.443604,-153.585648,-0.9774671185,-0.2014237359,0.0631388231,,,,
2908,0.0,1458.005859,526.346497,-153.556732,-0.9774996709,-0.2012657065,0.0631388057,,,,
2909,0.0,1460.899048,524.044312,-153.316147,-0.9774996709,-0.2012657065,0.0631388057,,,,
2910,0.0,1463.587891,521.939331,-153.62616,-0.9774996709,-0.2012657065,0.0631388057,,,,
2911,0.0,1466.263306,519.819458,-153.927399,-0.9774996709,-0.2012657065,0.0631388057,,,,
2912,0.0,1469.249756,517.479797,-154.235245,-0.9774996709,-0.2012657065,0.0631388057,,,,
3296,0.0,-646.272522,499.911743,80.205528,0.0258876738,0.9888517671,0.1466356405,,,,
3297,0.0,-643.469482,500.842773,80.033974,0.0258876738,0.9888517671,0.1466356405,,,,
3298,0.0,-643.467163,500.929657,80.033974,0.0258876738,0.9888517671,0.1466356405,,,,
3299,0.0,-643.428223,501.935303,80.756195,0.0230454939,0.9890622819,0.1456870198,,,,
3300,0.0,-643.400024,502.681915,81.249931,0.0211021149,0.9892009743,0.1450383853,,,,
3301,0.0,-643.288269,506.077362,83.495407,0.0107804849,0.9897410491,0.1424655635,,,,
3302,0.0,-643.2558595,508.8612825,85.3545075,-0.0023750586,0.9900019376,0.1404034682,,,,
3303,0.0,-643.22345,511.645203,87.213608,-0.0155306022,0.9902628262,0.1383413729,,,,
3304,0.0,-643.249023,514.097839,88.863678,-0.0319688934,0.9901070397,0.1366237158,,,,
3305,0.0,-643.654053,521.734619,94.096207,-0.1122038854,0.9844383639,0.1352456868,,,,
3306,0.0,-643.9502565,524.2405395,94.9410365,-0.1540914076,0.977775589,0.1356892839,,,,
3307,0.0,-644.518799,528.696594,95.709648,-0.2329049586,0.9626773955,0.1378677352,,,,
3308,0.0,-644.8869935,531.0082395,95.705322,-0.2773190488,0.9491442124,0.141597113,,,,
3309,0.0,-645.581299,535.251465,95.701027,-0.3593128516,0.9211866038,0.1493637025,,,,
3310,0.0,-646.528076,540.330933,95.70108,-0.4466523509,0.8803716214,0.1595226807,,,,
3311,0.0,-646.980835,542.589142,95.701168,-0.474115407,0.8648380059,0.1620733957,,,,
3312,0.0,-647.851685,546.706421,95.701149,-0.5228926591,0.8359951951,0.1664190518,,,,
3313,0.0,-648.448853,549.0842285,95.701206,-0.5423512208,0.8228946579,0.1677720034,,,,
3314,0.0,-649.544189,553.318054,95.701279,-0.5719576745,0.8026101332,0.1693558167,,,,
3315,0.0,-651.167175,558.52655,95.701279,-0.5981791385,0.7832626086,0.1693558511,,,,
3316,0.0,-651.912445,560.610046,95.701279,-0.6098661358,0.7740546025,0.1693558253,,,,
3317,0.0,-653.246948,564.234863,95.701256,-0.6303400377,0.7575304785,0.1697616297,,,,
3318,0.0,-655.226562,568.909973,95.701279,-0.6581279115,0.7333491459,0.1704895373,,,,
3319,0.0,-656.149078,570.8745115,95.701256,-0.6710961077,0.7209236066,0.1719720952,,,,
3320,0.0,-658.084839,574.871582,95.701225,-0.6960237054,0.6963737503,0.174970287,,,,
3321,0.0,-660.419678,579.096191,95.701202,-0.7220785406,0.6683482235,0.1786427533,,,,
3322,0.0,-661.6764225,581.124542,95.701225,-0.73367933,0.6546438158,0.1811829828,,,,
3323,0.0,-663.994873,584.726257,95.701096,-0.7584833492,0.6246282179,0.1858563919,,,,
3324,0.0,-667.649536,589.745911,95.701248,-0.794976094,0.5751798043,0.1928242794,,,,
3325,0.0,-668.810974,591.209045,95.700989,-0.8080239263,0.5556522233,0.1958263039,,,,
3326,0.0,-672.716553,595.711121,95.701202,-0.8469423621,0.4910539866,0.2038494972,,,,
3327,0.0,-674.24823,597.341492,95.7012405,-0.8583032322,0.468898993,0.2069296866,,,,
3328,0.0,-677.560486,600.754211,95.701134,-0.8802021659,0.424189336,0.2128557125,,,,
3329,0.0,-681.241455,604.211731,95.701241,-0.8986215262,0.3809838957,0.2175560247,,,,
3330,0.0,-682.706116,605.48291,95.701103,-0.9065195977,0.3605286754,0.2196390065,,,,
3331,0.0,-686.954102,608.85968,95.701195,-0.9258543741,0.3036509102,0.22492177,,,,
3332,0.0,-690.624573,611.568115,95.701271,-0.9373349795,0.2645417652,0.2267615281,,,,
3333,0.0,-692.296509,612.74823,95.701225,-0.9412079024,0.2494377443,0.2278343614,,,,
3334,0.0,-696.368225,615.414612,95.701256,-0.9486726595,0.2172260078,0.229854403,,,,
3335,0.0,-700.247559,617.764893,95.701248,-0.9541671978,0.188915621,0.2321117119,,,,
3336,0.0,-701.755676,618.652283,95.701241,-0.9560063476,0.1780297286,0.2331464756,,,,
3337,0.0,-706.260742,621.056763,95.701241,-0.9601903425,0.1492772682,0.2361160801,,,,
3338,0.0,-710.547607,623.15863,95.701271,-0.9625225474,0.128393338,0.2388838558,,,,
3339,0.0,-712.358154,624.004272,95.701248,-0.9633401404,0.1197903712,0.2400542456,,,,
3340,0.0,-716.720276,625.867981,95.701256,-0.9648419961,0.1006338308,0.2428018835,,,,
3341,0.0,-721.080017,627.587402,95.701271,-0.9654156504,0.0877647719,0.2454994232,,,,
3342,0.0,-723.773254,628.466003,95.701248,-0.9655704295,0.0790925267,0.2478267901,,,,
3343,0.0,-730.184326,629.83197,95.701263,-0.9656276715,0.0577576737,0.2534309594,,,,
3344,0.0,-732.403717,630.02655,95.7012595,-0.9654785228,0.0517656641,0.2552105889,,,,
3345,0.0,-734.623108,630.22113,95.701256,-0.965329374,0.0457736545,0.2569902183,,,,
3346,0.0,-740.587646,630.15387,95.701271,-0.9644371934,0.0325721202,0.2622974588,,,,
3347,0.0,-744.78717,629.705872,95.701271,-0.9638266218,0.0284931361,0.2650026119,,,,
3348,0.0,-746.632965,629.384827,95.701271,-0.9635453286,0.026685525,0.2662019862,,,,
3349,0.0,-750.46936,628.671753,95.701271,-0.9628756575,0.0226543293,0.2689930289,,,,
3350,0.0,-755.294922,627.877808,95.701271,-0.9616953333,0.0173060218,0.2735737333,,,,
3351,0.0,-757.3458255,627.574341,95.701267,-0.9610670313,0.0140577476,0.275927625,,,,
3352,0.0,-761.230591,627.021423,95.701271,-0.9599047395,0.0087967542,0.2801883443,,,,
3353,0.0,-765.928162,626.463501,95.701271,-0.9588719563,0.0059635785,0.2837763329,,,,
3703,0.0,-563.439392,1497.912964,-156.978546,0.9933649413,0.0181924228,0.1135567223,,,,
3704,0.0,-559.189453,1499.024536,-156.343964,0.9933649413,0.0181924228,0.1135567223,,,,
3716,0.0,-530.280334,1498.806152,-155.780792,0.9933649413,0.0181924228,0.1135567223,,,,
3717,0.0,-527.843811,1498.853271,-155.732513,0.9933649413,0.0181924228,0.1135567223,,,,
3718,0.0,-521.993225,1498.965088,-155.616547,0.9933649413,0.0181924228,0.1135567223,,,,
3719,0.0,-517.37616,1499.047119,-155.525024,0.9933649413,0.0181924228,0.1135567223,,,,
3720,0.0,-513.014465,1499.112549,-155.438599,0.9933649413,0.0181924228,0.1135567223,,,,
3721,0.0,-506.26825,1499.324951,-155.29306,0.9933649413,0.0181924228,0.1135567223,,,,
3722,0.0,-504.565582,1499.123291,-155.179626,0.9933649413,0.0181924228,0.1135567223,,,,
3723,0.0,-502.2248685,1499.1192625,-155.104309,0.9933649413,0.0181924228,0.1135567223,,,,
3724,0.0,-497.487305,1499.108154,-154.951813,0.9933649413,0.0181924228,0.1135567223,,,,
3725,0.0,-493.049133,1499.09021,-154.808685,0.9933649413,0.0181924228,0.1135567223,,,,
3726,0.0,-490.9391935,1499.078491,-154.74057,0.9933649413,0.0181924228,0.1135567223,,,,
3729,0.0,-480.459351,1499.003296,-154.401825,0.9933649413,0.0181924228,0.1135567223,,,,
3730,0.0,-475.308624,1498.95459,-154.234985,0.9933649413,0.0181924228,0.1135567223,,,,
3731,0.0,-473.6598815,1498.9187625,-154.1815185,0.9933649413,0.0181924228,0.1135567223,,,,
3732,0.0,-472.011139,1498.882935,-154.128052,0.9933649413,0.0181924228,0.1135567223,,,,
3733,0.0,-465.555847,1498.83606,-153.918518,0.9933649413,0.0181924228,0.1135567223,,,,
3734,0.0,-460.694366,1498.789917,-153.756531,0.9933649413,0.0181924228,0.1135567223,,,,
3735,0.0,-458.81044,1498.7562865,-153.69075,0.9933649413,0.0181924228,0.1135567223,,,,
3736,0.0,-455.21521,1498.697144,-153.565399,0.9933649413,0.0181924228,0.1135567223,,,,
3737,0.0,-449.768707,1498.612427,-153.375702,0.9933649413,0.0181924228,0.1135567223,,,,
3738,0.0,-448.088318,1498.584229,-153.317139,0.9933649413,0.0181924228,0.1135567223,,,,
3739,0.0,-443.466614,1498.504395,-153.155945,0.9933649413,0.0181924228,0.1135567223,,,,
3740,0.0,-441.644104,1498.47229,-153.092346,0.9933649413,0.0181924228,0.1135567223,,,,
3741,0.0,-436.955475,1498.385742,-152.928558,0.9933649413,0.0181924228,0.1135567223,,,,
3742,0.0,-432.936096,1498.30957,-152.788055,0.9933649413,0.0181924228,0.1135567223,,,,
3743,0.0,-430.770416,1498.26709,-152.712311,0.9933649413,0.0181924228,0.1135567223,,,,
3744,0.0,-426.21463,1498.177368,-152.552856,0.9933649413,0.0181924228,0.1135567223,,,,
3745,0.0,-422.243164,1498.098389,-152.20108,0.9933649413,0.0181924228,0.1135567223,,,,
3746,0.0,-418.182037,1498.018555,-150.388367,0.9933649413,0.0181924228,0.1135567223,,,,
3747,0.0,-416.193207,1497.979858,-149.386414,0.9933649413,0.0181924228,0.1135567223,,,,
3748,0.0,-411.797394,1497.893311,-147.170959,0.9933649413,0.0181924228,0.1135567223,,,,
3749,0.0,-410.249451,1497.862549,-146.390472,0.9933649413,0.0181924228,0.1135567223,,,,
3750,0.0,-405.471802,1497.768188,-144.509308,0.9933649413,0.0181924228,0.1135567223,,,,
3751,0.0,-401.241119,1497.685181,-144.284058,0.9933649413,0.0181924228,0.1135567223,,,,
3752,0.0,-399.616028,1497.652954,-144.298737,0.9933649413,0.0181924228,0.1135567223,,,,
3753,0.0,-394.610504,1497.652466,-144.298737,0.9933649413,0.0181924228,0.1135567223,,,,
3754,0.0,-390.408325,1497.732666,-144.298737,0.9933649413,0.0181924228,0.1135567223,,,,
3755,0.0,-388.914032,1497.76123,-144.298737,0.9933649413,0.0181924228,0.1135567223,,,,
3756,0.0,-383.938782,1497.856079,-144.298737,0.9933649413,0.0181924228,0.1135567223,,,,
3757,0.0,-381.941528,1497.893921,-144.298737,0.9933649413,0.0181924228,0.1135567223,,,,
3758,0.0,-377.44632,1497.978882,-144.298737,0.9933649413,0.0181924228,0.1135567223,,,,
3759,0.0,-371.533142,1498.090698,-144.298737,0.9933649413,0.0181924228,0.1135567223,,,,
3760,0.0,-369.306839,1498.132446,-144.298737,0.9933649413,0.0181924228,0.1135567223,,,,
3761,0.0,-367.080536,1498.174194,-144.298737,0.9933649413,0.0181924228,0.1135567223,,,,
3762,0.0,-362.632385,1498.257812,-144.298737,0.9933649413,0.0181924228,0.1135567223,,,,
3763,0.0,-358.416565,1498.336792,-144.298737,0.9933649413,0.0181924228,0.1135567223,,,,
3764,0.0,-353.593384,1498.427124,-144.298737,0.9933649413,0.0181924228,0.1135567223,,,,
3765,0.0,-351.510254,1498.4658815,-144.298737,0.9933649413,0.0181924228,0.1135567223,,,,
3766,0.0,-349.427124,1498.504639,-144.298737,0.9933649413,0.0181924228,0.1135567223,,,,
3767,0.0,-343.751678,1498.610596,-144.298737,0.9933649413,0.0181924228,0.1135567223,,,,
3768,0.0,-341.3686675,1498.6550295,-144.298737,0.9933649413,0.0181924228,0.1135567223,,,,
3769,0.0,-337.309235,1498.730591,-144.298737,0.9933649413,0.0181924228,0.1135567223,,,,
3770,0.0,-332.922455,1498.81189,-144.298737,0.9933649413,0.0181924228,0.1135567223,,,,
3771,0.0,-331.0057375,1498.8475345,-144.298737,0.9933649413,0.0181924228,0.1135567223,,,,
3772,0.0,-326.976715,1498.922241,-144.298737,0.9933649413,0.0181924228,0.1135567223,,,,
3773,0.0,-324.2352905,1498.9731445,-144.298737,0.9933649413,0.0181924228,0.1135567223,,,,
3774,0.0,-319.428711,1499.062256,-144.298737,0.9933649413,0.0181924228,0.1135567223,,,,
3775,0.0,-315.27356,1499.13916,-144.298737,0.9933649413,0.0181924228,0.1135567223,,,,
3776,0.0,-311.195587,1499.214722,-144.298737,0.9933649413,0.0181924228,0.1135567223,,,,
3777,0.0,-309.348831,1499.2488405,-144.298737,0.9933649413,0.0181924228,0.1135567223,,,,
3778,0.0,-305.732513,1499.315674,-144.298737,0.9933649413,0.0181924228,0.1135567223,,,,
3779,0.0,-301.474396,1499.394409,-144.298737,0.9933649413,0.0181924228,0.1135567223,,,,
3780,0.0,-297.629822,1499.465698,-144.298737,0.9933649413,0.0181924228,0.1135567223,,,,
3781,0.0,-293.927734,1499.533936,-144.298737,0.9933649413,0.0181924228,0.1135567223,,,,
3782,0.0,-290.275391,1499.601318,-144.298737,0.9933649413,0.0181924228,0.1135567223,,,,
3783,0.0,-286.669403,1499.667847,-144.298737,0.9933649413,0.0181924228,0.1135567223,,,,
3784,0.0,-283.01712,1499.735474,-144.298737,0.9933649413,0.0181924228,0.1135567223,,,,
3785,0.0,-279.508972,1499.800049,-144.298737,0.9933649413,0.0181924228,0.1135567223,,,,
3786,0.0,-275.798279,1499.868408,-144.298737,0.9933649413,0.0181924228,0.1135567223,,,,
3787,0.0,-272.132233,1499.936035,-144.298737,0.9933649413,0.0181924228,0.1135567223,,,,
3788,0.0,-270.474274,1499.966675,-144.298737,0.9933649413,0.0181924228,0.1135567223,,,,
3789,0.0,-265.325317,1500.061523,-144.298737,0.9933649413,0.0181924228,0.1135567223,,,,
3790,0.0,-263.464813,1500.096069,-144.298737,0.9933649413,0.0181924228,0.1135567223,,,,
3791,0.0,-259.203217,1500.174561,-144.298737,0.9933649413,0.0181924228,0.1135567223,,,,
3792,0.0,-254.943344,1500.25293,-144.298737,0.9933649413,0.0181924228,0.1135567223,,,,
3793,0.0,-251.232651,1500.321411,-144.298737,0.9933649413,0.0181924228,0.1135567223,,,,
3794,0.0,-249.55069,1500.352417,-144.298737,0.9933649413,0.0181924228,0.1135567223,,,,
3795,0.0,-244.120209,1500.452637,-144.298737,0.9933649413,0.0181924228,0.1135567223,,,,
3796,0.0,-241.696777,1500.49707,-144.298737,0.9933649413,0.0181924228,0.1135567223,,,,
3797,0.0,-237.59819,1500.57312,-144.298737,0.9933649413,0.0181924228,0.1135567223,,,,
3798,0.0,-233.860031,1500.641724,-144.298737,0.9933649413,0.0181924228,0.1135567223,,,,
3799,0.0,-229.982849,1500.713013,-144.298737,0.9933649413,0.0181924228,0.1135567223,,,,
3800,0.0,-228.434738,1500.741577,-144.298737,0.9933649413,0.0181924228,0.1135567223,,,,
3801,0.0,-224.092438,1500.821655,-144.298737,0.9933649413,0.0181924228,0.1135567223,,,,
3802,0.0,-218.222626,1500.929565,-144.298737,0.9933649413,0.0181924228,0.1135567223,,,,
3803,0.0,-215.4498905,1500.9805295,-144.298737,0.9933649413,0.0181924228,0.1135567223,,,,
3804,0.0,-212.677155,1501.031494,-144.298737,0.9933649413,0.0181924228,0.1135567223,,,,
3805,0.0,-209.005951,1501.099121,-144.298737,0.9933649413,0.0181924228,0.1135567223,,,,
3806,0.0,-207.002991,1501.135864,-144.298737,0.9933649413,0.0181924228,0.1135567223,,,,
3807,0.0,-202.775696,1501.213745,-144.298737,0.9933649413,0.0181924228,0.1135567223,,,,
3808,0.0,-198.932861,1501.284546,-144.298737,0.9933649413,0.0181924228,0.1135567223,,,,
3809,0.0,-193.408005,1501.38623,-144.298737,0.9933649413,0.0181924228,0.1135567223,,,,
3810,0.0,-190.6035385,1501.437927,-144.298737,0.9933649413,0.0181924228,0.1135567223,,,,
3811,0.0,-185.912811,1501.524048,-144.298737,0.9933649413,0.0181924228,0.1135567223,,,,
3812,0.0,-181.975571,1501.596802,-144.298737,0.9933649413,0.0181924228,0.1135567223,,,,
3813,0.0,-178.158463,1501.666992,-144.298737,0.9933649413,0.0181924228,0.1135567223,,,,
3814,0.0,-174.476974,1501.734619,-144.298737,0.9933649413,0.0181924228,0.1135567223,,,,
3815,0.0,-170.804047,1501.802246,-144.298737,0.9933649413,0.0181924228,0.1135567223,,,,
3816,0.0,-167.192886,1501.868774,-144.298737,0.9933649413,0.0181924228,0.1135567223,,,,
3817,0.0,-165.716858,1501.895874,-144.298737,0.9933649413,0.0181924228,0.1135567223,,,,
3818,0.0,-161.072495,1501.981567,-144.298737,0.9933649413,0.0181924228,0.1135567223,,,,
3819,0.0,-157.118088,1502.054077,-144.298737,0.9933649413,0.0181924228,0.1135567223,,,,
3820,0.0,-152.997192,1502.129883,-144.298737,0.9933649413,0.0181924228,0.1135567223,,,,
3821,0.0,-151.0774685,1502.1652835,-144.298737,0.9933649413,0.0181924228,0.1135567223,,,,
3822,0.0,-147.115326,1502.238281,-144.298737,0.9933649413,0.0181924228,0.1135567223,,,,
3823,0.0,-142.450363,1502.324097,-144.298737,0.9933649413,0.0181924228,0.1135567223,,,,
3824,0.0,-140.730621,1502.355835,-144.298737,0.9933649413,0.0181924228,0.1135567223,,,,
3825,0.0,-136.261307,1502.43811,-144.298737,0.9933649413,0.0181924228,0.1135567223,,,,
3826,0.0,-134.117615,1502.477417,-144.298706,0.9933649413,0.0181924228,0.1135567223,,,,
3827,0.0,-129.205505,1502.567993,-144.298737,0.9933649413,0.0181924228,0.1135567223,,,,
3828,0.0,-125.347206,1502.639038,-144.298737,0.9933649413,0.0181924228,0.1135567223,,,,
3829,0.0,-121.591881,1502.70813,-144.298737,0.9933649413,0.0181924228,0.1135567223,,,,
3830,0.0,-117.622025,1502.781128,-144.298737,0.9933649413,0.0181924228,0.1135567223,,,,
3831,0.0,-116.137421,1502.808594,-144.298737,0.9933649413,0.0181924228,0.1135567223,,,,
3832,0.0,-112.102341,1502.882812,-144.298737,0.9933649413,0.0181924228,0.1135567223,,,,
3833,0.0,-107.609001,1502.965332,-144.298737,0.9933649413,0.0181924228,0.1135567223,,,,
3834,0.0,-105.532257,1503.003662,-144.298737,0.9933649413,0.0181924228,0.1135567223,,,,
3835,0.0,-101.262054,1503.082275,-144.298737,0.9933649413,0.0181924228,0.1135567223,,,,
3836,0.0,-97.632011,1503.14917,-144.298737,0.9933649413,0.0181924228,0.1135567223,,,,
3837,0.0,-93.593513,1503.223511,-144.298737,0.9933649413,0.0181924228,0.1135567223,,,,
3838,0.0,-89.769547,1503.293823,-144.298737,0.9933649413,0.0181924228,0.1135567223,,,,
3839,0.0,-85.974747,1503.363647,-144.298737,0.9933649413,0.0181924228,0.1135567223,,,,
3840,0.0,-84.702423,1503.386963,-144.298737,0.9933649413,0.0181924228,0.1135567223,,,,
3841,0.0,-79.834175,1503.476685,-144.298737,0.9933649413,0.0181924228,0.1135567223,,,,
3842,0.0,-75.431519,1503.557739,-144.298737,0.9933649413,0.0181924228,0.1135567223,0.133372973,1101.1171664778,2206.8399763776,6.0
3843,0.0,-73.157249,1503.599609,-144.298737,0.9933649413,0.0181924228,0.1135567223,0.1335395441,1100.7649313958,2204.8560672436,6.0
3844,0.0,-68.94368,1503.677124,-144.298737,0.9933649413,0.0181924228,0.1135567223,0.1337371804,1097.124572323,2196.0562437341,6.0
3845,0.0,-63.375927,1503.779663,-144.298737,0.9933649413,0.0181924228,0.1135567223,0.1352225432,1098.902271453,2188.3713282876,6.0
3846,0.0,-61.224512,1503.819214,-144.298737,0.9933649413,0.0181924228,0.1135567223,0.1346838466,1095.0704473182,2184.7802007897,6.0
3847,0.0,-59.073097,1503.858765,-144.298737,0.9933649413,0.0181924228,0.1135567223,0.13414515,1091.2386231835,2181.1890732918,6.0
3848,0.0,-53.42001,1507.755249,-142.781036,0.9933649413,0.0181924228,0.1135567223,0.1358386287,1101.7185488256,2189.3604318117,6.0
3849,0.0,-51.0461445,1507.7925415,-142.7739635,0.9933649413,0.0181924228,0.1135567223,0.1360249659,1101.3691378013,2187.2776941454,6.0
3850,0.0,-46.397732,1507.848633,-142.745941,0.9933649413,0.0181924228,0.1135567223,0.1363885225,1100.674906138,2183.1946813902,6.0
3851,0.0,-44.046242,1507.8480225,-142.7100755,0.9933649413,0.0181924228,0.1135567223,0.1366293086,1100.5319707849,2181.1303852571,6.0
3852,0.0,-41.694752,1507.847412,-142.67421,0.9933649413,0.0181924228,0.1135567223,0.1368700946,1100.3890354319,2179.0660891241,6.0
3853,0.0,-39.819332,1507.82959,-142.636841,0.9933649413,0.0181924228,0.1135567223,0.1370706222,1100.3023974833,2177.417311544,6.0
3854,0.0,-34.533436,1507.609253,-142.518738,0.9933649413,0.0181924228,0.1135567223,0.1376065305,1099.893934923,2172.6789898512,6.0
3855,0.0,-31.509827,1507.348999,-142.464355,0.9933649413,0.0181924228,0.1135567223,0.1378922904,1099.5244271314,2169.8638791882,6.0
3856,0.0,-26.777508,1507.01709,-142.430176,0.9933649413,0.0181924228,0.1135567223,0.1383430362,1099.0137729243,2165.5821047978,6.0
3857,0.0,-21.43902,1507.356934,-142.768417,0.9933649413,0.0181924228,0.1135567223,0.138986189,1099.0578390954,2161.0256755712,6.0
3858,0.0,-16.953259,1508.34082,-143.374405,0.9933649413,0.0181924228,0.1135567223,0.1396447914,1099.7177850514,2157.6000357275,6.0
3859,0.0,-14.9814905,1508.8589475,-143.6269305,0.9933649413,0.0181924228,0.1135567223,0.1399559504,1100.0943519139,2156.1216118524,6.0
3860,0.0,-10.886421,1510.01062,-144.140305,0.9933649413,0.0181924228,0.1135567223,0.1406178959,1100.9536765204,2153.1011114673,6.0
3861,0.0,-6.559685,1511.437988,-144.744797,0.9933649413,0.0181924228,0.1135567223,0.1413619272,1102.0567571474,2150.009201401,6.0
3862,0.0,-5.153041,1511.898315,-144.993927,0.9933649413,0.0181924228,0.1135567223,0.1415983818,1102.4027192348,2149.024383631,6.0
3863,0.0,-0.016853,1513.858398,-145.68837,0.9933649413,0.0181924228,0.1135567223,0.1425494193,1103.9780132093,2145.4532915837,6.0
3864,0.0,1.357664,1514.421997,-145.853394,0.9933649413,0.0181924228,0.1135567223,0.1428074509,1104.4446681438,2144.5691931638,6.0
3865,0.0,4.698274,1513.775391,-144.298737,0.9933649413,0.0181924228,0.1135567223,0.143144991,1103.9797027112,2141.3320343803,6.0
3866,0.0,6.71022,1514.758484,-144.298737,0.9933649413,0.0181924228,0.1135567223,0.1435796727,1104.8614540744,2140.0510127375,6.0
3867,0.0,10.795634,1516.645386,-144.298737,0.9933649413,0.0181924228,0.1135567223,0.1444391564,1106.5458771109,2137.4174620045,6.0
3868,0.0,12.922692,1517.489136,-144.298737,0.9933649413,0.0181924228,0.1135567223,0.1448601565,1107.287550594,2135.9866705182,6.0
3869,0.0,16.94516,1519.015137,-144.298737,0.9933649413,0.0181924228,0.1135567223,0.1456442923,1108.6217835735,2133.2421217492,6.0
3870,0.0,19.771791,1519.970215,-144.298737,0.9933649413,0.0181924228,0.1135567223,0.1461780721,1109.4433441287,2131.2284582951,6.0
3871,0.0,23.939112,1521.237061,-144.298737,0.9933649413,0.0181924228,0.1135567223,0.1469309305,1110.5193376231,2128.2552205065,6.0
3872,0.0,25.540197,1521.695923,-144.298737,0.9933649413,0.0181924228,0.1135567223,0.147213697,1110.9061240599,2127.113115958,6.0
3873,0.0,30.364882,1522.937134,-144.298737,0.9933649413,0.0181924228,0.1135567223,0.1480499822,1111.9298456465,2123.5308615256,6.0
3874,0.0,34.203667,1523.823975,-144.398163,0.9933649413,0.0181924228,0.1135567223,0.1486924012,1112.6269683292,2120.6348930984,6.0
3875,0.0,37.702358,1524.560913,-144.645782,0.9933649413,0.0181924228,0.1135567223,0.1492540446,1113.163766674,2117.983647968,6.0
3876,0.0,41.478214,1525.289673,-144.914001,0.9933649413,0.0181924228,0.1135567223,0.1498523873,1113.6770730015,2115.0676181483,6.0
3877,0.0,43.03936,1525.573853,-145.015076,0.9933649413,0.0181924228,0.1135567223,,,,
3878,0.0,47.352581,1526.298096,-145.263733,0.9933649413,0.0181924228,0.1135567223,,,,
3879,0.0,51.521164,1526.934448,-145.472382,0.9933649413,0.0181924228,0.1135567223,,,,
3880,0.0,55.502808,1527.490723,-145.645996,0.9933649413,0.0181924228,0.1135567223,,,,
3881,0.0,57.192966,1527.711914,-145.71225,0.9933649413,0.0181924228,0.1135567223,,,,
3882,0.0,61.53817,1528.241455,-145.862946,0.9933649413,0.0181924228,0.1135567223,,,,
3883,0.0,63.393452,1528.456177,-145.921631,0.9933649413,0.0181924228,0.1135567223,,,,
3884,0.0,70.733788,1529.217407,-146.109558,0.9933649413,0.0181924228,0.1135567223,,,,
3885,0.0,73.1292805,1529.432312,-146.155899,0.9934195804,0.017778619,0.1131419983,,,,
3886,0.0,77.151764,1529.745239,-146.332947,0.9936617654,0.0122018749,0.1117470819,,,,
3887,0.0,79.7499125,1529.7008055,-147.6329195,0.9934691995,-0.0154345954,0.109600658,,,,
3909,0.0,154.167831,1532.940552,-158.000916,0.8669331212,-0.4736956889,0.1550463084,0.013205454,327.5782032257,2022.375748716,6.0
3910,0.0,160.497314,1533.558472,-158.349289,0.8600363101,-0.4863862859,0.154162013,0.0124204949,316.9613720314,2017.3192478494,6.0
3911,0.0,162.425827,1533.746094,-158.456451,0.8578152477,-0.4903806865,0.1538823676,0.0122036333,313.9764802554,2015.8889142324,6.0
3912,0.0,168.235596,1534.308105,-158.783569,0.8506554404,-0.502968419,0.1529970301,0.0117750743,307.1840240006,2007.6316821516,6.0
3913,0.0,170.592316,1534.53418,-158.918747,0.8474899824,-0.5083994161,0.1526131169,0.0115485842,304.0128406979,2006.1807662408,6.0
3914,0.0,184.695251,1536.264526,-159.725021,0.8538521259,-0.4974398418,0.1532649692,0.0121109634,309.5880379406,1995.2566058184,6.0
3915,0.0,178.786194,1536.639404,-159.403046,0.8835472846,-0.4400513783,0.1603090149,0.0177220568,374.9743117412,2000.6088236422,6.0
3916,0.0,180.97757,1537.385742,-159.537033,0.8965047378,-0.4104533349,0.1667552549,0.0227280557,423.8008187852,1999.1595071361,6.0
4252,0.0,-667.49823,512.987366,-173.698593,1.0,0.0,0.0,0.0396298154,522.4680601427,1874.4751044413,3.0
4253,0.0,-666.56543,509.5,-171.407135,1.0,0.0,0.0,0.0388932654,518.4850544592,1877.3637297673,3.0
4254,0.0,-666.56543,509.5,-169.218979,1.0,0.0,0.0,0.0386810763,518.1111019022,1881.0464232989,3.0
4255,0.0,-666.56543,509.5,-168.361801,1.0,0.0,0.0,0.0385881282,517.9225926531,1882.5806900769,3.0
4256,0.0,-666.544312,509.430878,-165.970459,0.9999504307,-0.0075535891,0.0064868721,0.0362429541,503.4172981172,1887.0024393181,3.0
4257,0.0,-666.373413,508.668304,-163.776306,0.992297807,-0.0938299017,0.0808765218,0.0193221142,369.8812890249,1890.7238993336,3.0
4258,0.0,-666.369141,508.63974,-162.738159,0.9917317,-0.0971970492,0.0837912218,0.0188891867,366.1180842764,1892.6058011027,3.0
4259,0.0,-666.418396,508.922211,-160.686584,0.996827437,-0.0640890012,0.0471981006,0.0230784111,405.146761294,1896.7701084896,3.0
4260,0.0,-666.545471,509.437439,-158.542816,0.9998553793,-0.0071213602,-0.015443665,0.0357437547,503.8398171167,1901.4868621833,3.0
4261,0.0,-666.556885,509.474487,-157.311722,0.9998277987,-0.0030146684,-0.0183107792,0.0367901844,511.6860071801,1903.9441293898,3.0
4262,0.0,-666.560669,509.485779,-156.130402,0.9998211812,-0.0016798772,-0.0188357011,0.0369826358,514.2188263714,1908.4771830753,3.0
4263,0.0,-666.562317,509.490845,-156.130402,0.9998105631,-0.001081917,-0.0194336635,0.037017025,515.4239337572,1912.0777978998,3.0
4264,0.0,-666.562439,509.491028,-156.130402,0.9997984255,-0.0010543681,-0.0200498541,0.0369617886,515.5657445044,1914.0055295766,3.0
4265,0.0,-666.562439,509.491028,-156.130402,0.9997870065,-0.001054391,-0.0206114024,0.0367129622,515.5856382726,1920.4331686539,3.0
4266,0.0,-666.562439,509.491028,-156.130402,0.9997870065,-0.001054391,-0.0206114024,0.0365259149,515.4273854283,1924.6614655044,3.0
4267,0.0,-666.562439,509.491028,-156.130402,0.9997870065,-0.001054391,-0.0206114024,0.0364434616,515.3664496586,1926.5726591398,3.0
4268,0.0,-666.562439,509.491028,-156.130402,0.9997870065,-0.001054391,-0.0206114024,0.0363610083,515.3055138888,1928.4838527752,3.0
4269,0.0,-666.556641,509.473694,-156.130402,0.9997919297,-0.0031066604,-0.020160503,0.0355214406,511.2129585443,1935.2314909014,3.0
4270,0.0,-666.546448,509.442627,-156.130402,0.9997876817,-0.0067715553,-0.0194611822,0.0343843396,504.3588530195,1940.0369559266,3.0
4271,0.0,-666.5424195,509.4300995,-156.130402,0.9997839116,-0.008249548,-0.0190182629,0.033932285,501.6245011997,1942.164617892,3.0
4272,0.0,-666.538391,509.417572,-156.130402,0.9997801416,-0.0097275407,-0.0185753435,0.0334802304,498.8901493798,1944.2922798574,3.0
4273,0.0,-666.536926,509.412994,-156.130402,0.9997797329,-0.0102566045,-0.0183108664,0.0332054989,498.4146559426,1950.321943174,3.0
4274,0.0,-666.536926,509.412994,-156.130402,0.9997797329,-0.0102566045,-0.0183108664,0.0331221639,499.0141836312,1955.0814078606,3.0
4275,0.0,-666.536926,509.412994,-156.130402,0.9997797329,-0.0102566045,-0.0183108664,0.0330611086,499.5611898405,1959.0005207549,3.0
4276,0.0,-666.536926,509.412994,-156.130402,0.9997797329,-0.0102566045,-0.0183108664,0.0330305488,499.8689702463,1961.0999820461,3.0
4277,0.0,-666.536926,509.412994,-156.130402,0.9997797329,-0.0102566045,-0.0183108664,0.0329758491,500.472311138,1965.0663339433,3.0
4278,0.0,-666.536926,509.412994,-156.130402,0.9997797329,-0.0102566045,-0.0183108664,0.0329247384,501.1368743819,1969.1767754092,3.0
4279,0.0,-666.536926,509.412994,-156.130402,0.9997797329,-0.0102566045,-0.0183108664,0.0328745211,501.8652175593,1973.5191642733,3.0
4280,0.0,-666.536926,509.412994,-156.130402,0.9997797329,-0.0102566045,-0.0183108664,0.0328586611,502.1380561334,1975.060589816,3.0
4281,0.0,-666.536926,509.412994,-156.130402,0.9997797329,-0.0102566045,-0.0183108664,0.0328107755,502.9203579436,1979.5564925376,3.0
4282,0.0,-666.536926,509.412994,-156.130402,0.9997797329,-0.0102566045,-0.0183108664,0.0327955328,503.8243141513,1983.5676911768,3.0
4283,0.0,-666.536926,509.412994,-156.130402,0.9997797329,-0.0102566045,-0.0183108664,0.0329574922,505.7257529072,1986.2372313256,3.0
4284,0.0,-666.536926,509.412994,-156.130402,0.9997797329,-0.0102566045,-0.0183108664,0.0331812032,508.1155961007,1988.9977201515,3.0
4285,0.0,-666.536926,509.412994,-156.130402,0.9997797329,-0.0102566045,-0.0183108664,0.0332552716,509.015596917,1990.3380379436,3.0
4286,0.0,-666.536926,509.412994,-156.130402,0.9997797329,-0.0102566045,-0.0183108664,0.0334179874,511.1180826819,1993.7700575768,3.0
4287,0.0,-666.536926,509.412994,-156.130402,0.9997797329,-0.0102566045,-0.0183108664,0.0335870308,513.3206066774,1997.4022181233,3.0
4288,0.0,-666.536926,509.412994,-156.130402,0.9997797329,-0.0102566045,-0.0183108664,0.0337275505,515.2428646165,2000.7726347312,3.0
4289,0.0,-666.536926,509.412994,-156.130402,0.9997797329,-0.0102566045,-0.0183108664,0.033788069,516.1212454914,2002.4186734436,3.0
4290,0.0,-666.536926,509.412994,-156.130402,0.9997797329,-0.0102566045,-0.0183108664,0.0339611737,518.4992707734,2006.5997753971,3.0
4291,0.0,-666.536926,509.412994,-156.130402,0.9997797329,-0.0102566045,-0.0183108664,0.0341306348,520.6617754734,2010.0468718607,3.0
4292,0.0,-666.536926,509.412994,-156.130402,0.9997797329,-0.0102566045,-0.0183108664,0.0343034067,522.828796392,2013.4118985055,3.0
4293,0.0,-666.536926,509.412994,-156.130402,0.9997797329,-0.0102566045,-0.0183108664,0.0344749568,524.9526723843,2016.6428691034,3.0
4294,0.0,-666.536926,509.412994,-156.130402,0.9997797329,-0.0102566045,-0.0183108664,0.0346533374,527.1307323823,2019.8830291625,3.0
4295,0.0,-666.536926,509.412994,-156.130402,0.9997797329,-0.0102566045,-0.0183108664,0.0347720404,528.5573182436,2021.9505755365,3.0
4296,0.0,-666.536926,509.412994,-156.130402,0.9997797329,-0.0102566045,-0.0183108664,0.0350197976,531.5353112153,2026.2648720012,3.0
4297,0.0,-666.536926,509.412994,-156.130402,0.9997797329,-0.0102566045,-0.0183108664,0.035108872,532.5571443357,2027.6291744617,3.0
4298,0.0,-666.536926,509.412994,-156.130402,0.9997797329,-0.0102566045,-0.0183108664,0.0352912671,534.9305393389,2031.4899534904,3.0
4299,0.0,-666.536926,509.412994,-156.130402,0.9997797329,-0.0102566045,-0.0183108664,0.0354440313,537.0266759673,2035.1297383105,3.0
4300,0.0,-666.536926,509.412994,-156.130402,0.9997797329,-0.0102566045,-0.0183108664,0.0355823349,539.0832507607,2039.0210145404,3.0
4301,0.0,-666.536926,509.412994,-156.130402,0.9997797329,-0.0102566045,-0.0183108664,0.0356852913,540.7742918907,2042.5179417293,3.0
4302,0.0,-666.536926,509.412994,-156.130402,0.9997797329,-0.0102566045,-0.0183108664,0.0357338345,541.6649460185,2044.5171224695,3.0
4303,0.0,-666.536926,509.412994,-156.130402,0.9997797329,-0.0102566045,-0.0183108664,0.0358312565,543.4920675035,2048.6737032184,3.0
4304,0.0,-666.536926,509.412994,-156.130402,0.9997797329,-0.0102566045,-0.0183108664,0.0358947783,545.0261747125,2052.6710000023,3.0
4305,0.0,-666.536926,509.412994,-156.130402,0.9997797329,-0.0102566045,-0.0183108664,0.0359161076,545.7062181539,2054.632972353,3.0
4306,0.0,-666.536926,509.412994,-156.130402,0.9997797329,-0.0102566045,-0.0183108664,0.0359544955,547.2045368491,2059.1942518023,3.0
4307,0.0,-666.536926,509.412994,-156.130402,0.9997797329,-0.0102566045,-0.0183108664,0.0359497703,548.1153725851,2062.7548998652,3.0
4308,0.0,-666.536926,509.412994,-156.130402,0.9997797329,-0.0102566045,-0.0183108664,0.0359851115,550.1304449964,2069.3400620762,3.0
4309,0.0,-666.536926,509.412994,-156.130402,0.9997797329,-0.0102566045,-0.0183108664,0.0359747759,550.6694973875,2071.6601634606,3.0
4310,0.0,-666.536926,509.412994,-156.130402,0.9997797329,-0.0102566045,-0.0183108664,0.0359644402,551.2085497785,2073.9802648451,3.0
4311,0.0,-666.536926,509.412994,-156.130402,0.9997797329,-0.0102566045,-0.0183108664,0.0359049252,552.2024815453,2079.4098056957,3.0
4312,0.0,-666.536926,509.412994,-156.130402,0.9997797329,-0.0102566045,-0.0183108664,0.0358447574,552.9244709275,2083.8434195904,3.0
4313,0.0,-666.536926,509.412994,-156.130402,0.9997797329,-0.0102566045,-0.0183108664,0.0357576783,553.2700441094,2087.636917182,3.0
4314,0.0,-666.536926,509.412994,-156.130402,0.9997797329,-0.0102566045,-0.0183108664,0.0356538365,553.5331991099,2091.6139399487,3.0
4315,0.0,-666.536926,509.412994,-156.130402,0.9997797329,-0.0102566045,-0.0183108664,0.0355409321,553.700622219,2095.506983622,3.0
4316,0.0,-666.536926,509.412994,-156.130402,0.9997797329,-0.0102566045,-0.0183108664,0.0355117799,554.0131562742,2097.5346493744,3.0
4317,0.0,-666.536926,509.412994,-156.130402,0.9997797329,-0.0102566045,-0.0183108664,0.0354132193,554.6188829906,2102.6952748248,3.0
4318,0.0,-666.536926,509.412994,-156.130402,0.9997797329,-0.0102566045,-0.0183108664,0.0353383238,555.2471668357,2107.2666372185,3.0
4319,0.0,-666.536926,509.412994,-156.130402,0.9997797329,-0.0102566045,-0.0183108664,0.0352776926,555.2574370472,2109.0855332872,3.0
4320,0.0,-666.536987,509.412994,-156.130402,0.9997797329,-0.0102566045,-0.0183108664,0.0351279206,555.1145266105,2112.9500510698,3.0
4321,0.0,-666.536926,509.412994,-156.130402,0.9997797329,-0.0102566045,-0.0183108664,0.0348848646,554.4636033965,2117.6809107578,3.0
4322,0.0,-666.536926,509.412994,-156.130402,0.9997797329,-0.0102566045,-0.0183108664,0.0347753565,554.1376695456,2119.7125899773,3.0
4323,0.0,-666.536926,509.412994,-156.130402,0.9997797329,-0.0102566045,-0.0183108664,0.0346084291,553.77650996,2123.3375592999,3.0
4324,0.0,-666.536926,509.412994,-156.130402,0.9997797329,-0.0102566045,-0.0183108664,0.0344115832,553.2379920384,2127.2247493397,3.0
4325,0.0,-666.536926,509.412994,-156.130402,0.9997797329,-0.0102566045,-0.0183108664,0.0343292563,552.8823671119,2128.3603267219,3.0
4326,0.0,-666.536926,509.412994,-156.130402,0.9997797329,-0.0102566045,-0.0183108664,0.0340570693,552.1428350064,2133.8424534556,3.0
4327,0.0,-666.536926,509.412994,-156.130402,0.9997797329,-0.0102566045,-0.0183108664,0.0338902806,551.658531406,2137.1198677204,3.0
4328,0.0,-666.536926,509.412994,-156.130402,0.9997797329,-0.0102566045,-0.0183108664,0.0338121484,551.4224159671,2138.629384089,3.0
4329,0.0,-666.536926,509.412994,-156.130402,0.9997797329,-0.0102566045,-0.0183108664,0.0335743352,550.6196500313,2142.9361355017,3.0
4330,0.0,-666.536926,509.412994,-156.130402,0.9997797329,-0.0102566045,-0.0183108664,0.0333727689,549.9092122841,2146.5146185437,3.0
4331,0.0,-666.536926,509.412994,-156.130402,0.9997797329,-0.0102566045,-0.0183108664,0.0332766726,549.5746183043,2148.2513115019,3.0
4332,0.0,-666.536926,509.412994,-156.130402,0.9997797329,-0.0102566045,-0.0183108664,0.0329962022,548.5152645999,2153.0501263035,3.0
4333,0.0,-666.536926,509.412994,-156.130402,0.9997797329,-0.0102566045,-0.0183108664,0.0328876703,548.1091852673,2154.9437829376,3.0
4334,0.0,-666.536926,509.412994,-156.130402,0.9997797329,-0.0102566045,-0.0183108664,0.0326676568,547.2736422627,2158.7714924999,3.0
4335,0.0,-666.536926,509.412994,-156.130402,0.9997797329,-0.0102566045,-0.0183108664,0.0324355249,546.3184399095,2162.5736547334,3.0
4336,0.0,-666.536926,509.412994,-156.130402,0.9997797329,-0.0102566045,-0.0183108664,0.0322487456,545.5741438758,2165.7696715195,3.0
4337,0.0,-666.536926,509.412994,-156.130402,0.9997797329,-0.0102566045,-0.0183108664,0.0321540555,545.1888763017,2167.3725038867,3.0
4338,0.0,-666.536926,509.412994,-156.130402,0.9997797329,-0.0102566045,-0.0183108664,0.031924749,544.2512478092,2171.2750273631,3.0
4339,0.0,-666.536926,509.412994,-156.130402,0.9997797329,-0.0102566045,-0.0183108664,0.0316870355,543.2997525476,2175.4626213148,3.0
4340,0.0,-666.536926,509.412994,-156.130402,0.9997797329,-0.0102566045,-0.0183108664,0.0314114464,542.1986660538,2180.4041493299,3.0
4341,0.0,-666.536926,509.412994,-156.130402,0.9997797329,-0.0102566045,-0.0183108664,0.0312786232,541.6806447875,2182.8777491788,3.0
4342,0.0,-666.536926,509.412994,-156.130402,0.9997797329,-0.0102566045,-0.0183108664,0.0311457999,541.1626235213,2185.3513490276,3.0
4343,0.0,-666.536926,509.412994,-156.130402,0.9997797329,-0.0102566045,-0.0183108664,0.0310783775,540.9048505326,2186.6410311979,3.0
4344,0.0,-666.536926,509.412994,-156.130402,0.9997797329,-0.0102566045,-0.0183108664,0.0308313154,540.0241773095,2191.6727946304,3.0
4345,0.0,-666.536926,509.412994,-156.130402,0.9997797329,-0.0102566045,-0.0183108664,0.0306618071,539.4024767423,2195.0979855337,3.0
4346,0.0,-666.536926,509.412994,-156.130402,0.9997797329,-0.0102566045,-0.0183108664,0.030509369,538.9647635305,2198.7041729316,3.0
4347,0.0,-666.536926,509.412994,-156.130402,0.9997797329,-0.0102566045,-0.0183108664,0.030298008,538.4030278518,2203.9421654777,3.0
4348,0.0,-666.536926,509.412994,-156.130402,0.9997797329,-0.0102566045,-0.0183108664,0.0301496036,538.0350028869,2207.7663278208,3.0
4349,0.0,-666.536926,509.412994,-156.130402,0.9997797329,-0.0102566045,-0.0183108664,0.0300740856,537.8111895806,2209.5786471891,3.0
4350,0.0,-666.536926,509.412994,-156.130402,0.9997797329,-0.0102566045,-0.0183108664,0.0299985677,537.5873762743,2211.3909665574,3.0
4351,0.0,-666.536926,509.412994,-156.130402,0.9997797329,-0.0102566045,-0.0183108664,0.0298815968,537.5502948421,2215.4963532528,3.0
4352,0.0,-666.536926,509.412994,-156.130402,0.9997797329,-0.0102566045,-0.0183108664,0.0297349128,537.2206677501,2219.5096963922,3.0
4353,0.0,-666.536926,509.412994,-156.130402,0.9997797329,-0.0102566045,-0.0183108664,0.0295359485,536.7278809871,2224.8177306651,3.0
4354,0.0,-666.536926,509.412994,-156.130402,0.9997797329,-0.0102566045,-0.0183108664,0.0293755785,536.3079535159,2229.04631855,3.0
4355,0.0,-666.536926,509.412994,-156.130402,0.9997797329,-0.0102566045,-0.0183108664,0.0292416529,535.959217436,2232.6163360811,3.0
4356,0.0,-666.536926,509.412994,-156.130402,0.9997797329,-0.0102566045,-0.0183108664,0.0291763925,535.7608107909,2234.2506786771,3.0
4357,0.0,-666.536926,509.412994,-156.130402,0.9997797329,-0.0102566045,-0.0183108664,0.0291111321,535.5624041459,2235.885021273,3.0
4358,0.0,-666.536926,509.412994,-156.130402,0.9997797329,-0.0102566045,-0.0183108664,0.028935484,535.0203051401,2240.2911820422,3.0
4359,0.0,-666.536926,509.412994,-156.130402,0.9997797329,-0.0102566045,-0.0183108664,0.0287189619,534.212622235,2245.2024317203,3.0
4360,0.0,-666.536926,509.412994,-156.130402,0.9997797329,-0.0102566045,-0.0183108664,0.0284976557,533.3767316753,2250.2504093762,3.0
4361,0.0,-666.536926,509.412994,-156.130402,0.9997797329,-0.0102566045,-0.0183108664,0.0283381593,532.7337330748,2253.7625780034,3.0
4362,0.0,-666.536926,509.412994,-156.130402,0.9997797329,-0.0102566045,-0.0183108664,0.0282671229,532.4833417583,2255.4954192865,3.0
4363,0.0,-666.536926,509.412994,-156.130402,0.9997797329,-0.0102566045,-0.0183108664,0.0281335361,532.0148556173,2258.7743521272,3.0
4364,0.0,-666.536926,509.412994,-156.130402,0.9997797329,-0.0102566045,-0.0183108664,0.0279214959,531.29722054,2264.1547323096,3.0
4365,0.0,-666.536926,509.412994,-156.130402,0.9997797329,-0.0102566045,-0.0183108664,0.0278645012,531.1075109517,2265.6271026088,3.0
4366,0.0,-666.536926,509.412994,-156.130402,0.9997797329,-0.0102566045,-0.0183108664,0.0277634856,530.766139001,2268.2365862176,3.0
4367,0.0,-666.536926,509.412994,-156.130402,0.9997797329,-0.0102566045,-0.0183108664,0.0275969227,530.1975995342,2272.5298304649,3.0
4368,0.0,-666.536926,509.412994,-156.130402,0.9997797329,-0.0102566045,-0.0183108664,0.0274005746,529.4864728198,2277.4853049127,3.0
4369,0.0,-666.536926,509.412994,-156.130402,0.9997797329,-0.0102566045,-0.0183108664,0.0273494097,529.3086489757,2278.8195091863,3.0
4370,0.0,-666.536926,509.412994,-156.130402,0.9997797329,-0.0102566045,-0.0183108664,0.0271850652,528.7881525424,2283.3545571146,3.0
4371,0.0,-666.536926,509.412994,-156.130402,0.9997797329,-0.0102566045,-0.0183108664,0.0270301367,528.2412757977,2287.430915556,3.0
4372,0.0,-666.536926,509.412994,-156.130402,0.9997797329,-0.0102566045,-0.0183108664,0.0269675585,528.040184064,2289.1752708432,3.0
4373,0.0,-666.536926,509.412994,-156.130402,0.9997797329,-0.0102566045,-0.0183108664,0.0268168526,527.5403427295,2293.3380472435,3.0
4374,0.0,-666.536926,509.412994,-156.130402,0.9997797329,-0.0102566045,-0.0183108664,0.026753881,527.3005434132,2294.9551094276,3.0
4375,0.0,-666.536926,509.412994,-156.130402,0.9997797329,-0.0102566045,-0.0183108664,0.0265842784,526.6870351282,2299.4866780072,3.0
4376,0.0,-666.536926,509.412994,-156.130402,0.9997797329,-0.0102566045,-0.0183108664,0.0264711813,526.3819501738,2302.9928579424,3.0
4377,0.0,-666.536926,509.412994,-156.130402,0.999795646,-0.0102567677,-0.0174202449,0.0262945071,525.5592049141,2307.001913481,3.0
4378,0.0,-666.536926,509.412994,-156.130402,0.9998001365,-0.0102568138,-0.0171605613,0.0262333082,525.3377972113,2308.6824945533,3.0
4379,0.0,-666.536926,509.412994,-156.130402,0.9998001365,-0.0102568138,-0.0171605613,0.0260506282,524.7039792187,2313.860930447,3.0
4380,0.0,-666.536926,509.412994,-156.130402,0.9998001365,-0.0102568138,-0.0171605613,0.02598568,524.4863122433,2315.751563035,3.0
4381,0.0,-666.536926,509.412994,-156.130402,0.9998001365,-0.0102568138,-0.0171605613,0.0258601784,524.0505237004,2319.3615121378,3.0
4382,0.0,-666.536926,509.412994,-156.130402,0.9998001365,-0.0102568138,-0.0171605613,0.025708355,523.6651481742,2324.4000351818,3.0
4383,0.0,-666.536926,509.412994,-156.130402,0.9998001365,-0.0102568138,-0.0171605613,0.02564828,523.5452371693,2326.5523463822,3.0
4384,0.0,-666.536926,509.412994,-156.130402,0.9998001365,-0.0102568138,-0.0171605613,0.0254946679,523.1919567331,2331.8855101812,3.0
4385,0.0,-666.536926,509.412994,-156.130402,0.9998001365,-0.0102568138,-0.0171605613,0.0254272371,523.0748323509,2334.4128626875,3.0
4386,0.0,-666.536926,509.412994,-156.130402,0.9998001365,-0.0102568138,-0.0171605613,0.0253314599,522.9396435472,2338.1606795123,3.0
4387,0.0,-666.536926,509.412994,-156.130402,0.9998001365,-0.0102568138,-0.0171605613,0.0252834344,522.8890799185,2340.1255286548,3.0
4388,0.0,-666.536926,509.412994,-156.130402,0.9998001365,-0.0102568138,-0.0171605613,0.0251756247,522.8548601704,2344.9132565741,3.0
4389,0.0,-666.536926,509.412994,-156.130402,0.9998001365,-0.0102568138,-0.0171605613,0.0251073308,522.8914818064,2348.2241271605,3.0
4390,0.0,-666.536926,509.412994,-156.130402,0.9998001365,-0.0102568138,-0.0171605613,0.0250232003,523.0588183688,2352.8709233791,3.0
4391,0.0,-666.534424,509.404968,-156.130402,0.9997899807,-0.0112027105,-0.0171608231,0.0247370583,521.2283067426,2357.9875571795,3.0
4392,0.0,-666.5279235,509.3838955,-156.130402,0.9997622948,-0.0136674805,-0.0168032818,0.0241626739,515.6396000662,2360.1207416162,3.0
4393,0.0,-666.598022,509.260956,-156.130341,0.9995046102,-0.0282465782,-0.0138803847,0.0209393469,481.6982515787,2366.2681176582,3.0
4394,0.0,-666.6291805,508.9436035,-156.1302875,0.9971328401,-0.0652204837,-0.0082363771,0.0146754942,394.3625345402,2369.1926658562,3.0
4395,0.0,-666.687683,508.12027,-156.130203,0.9872625126,-0.1590741275,0.0028553897,0.0025860996,170.6433211408,2374.2838423988,3.0
4396,0.0,-666.843811,507.3067935,-156.1302565,0.9650966233,-0.2459096698,0.0077966566,0.0042625296,214.7643520146,2376.6109080216,3.0
4397,0.0,-666.999939,506.493317,-156.13031,0.942930734,-0.332745212,0.0127379236,0.0059389596,258.8853828885,2378.9379736443,3.0
4398,0.0,-667.614197,505.361023,-156.130402,0.7527654788,-0.6579440646,0.0213012144,0.1169835808,1117.8979478064,2381.8403598383,3.0
4399,0.0,-667.870728,505.104919,-156.130402,0.5106633435,-0.8593036893,0.0286377226,,,,
4400,0.0,-668.5590515,504.7266235,-156.1304475,0.407421525,-0.9055819842,0.0332708736,,,,
4401,0.0,-670.182495,503.784363,-156.130753,0.1981457983,-0.9791374233,0.0450349749,0.0886763515,243.5470010319,591.577654981,6.0
4402,0.0,-672.801697,502.875732,-156.130875,-0.0831071663,-0.9942049477,0.0681888612,0.0596878642,201.6558313656,592.5595007432,6.0
4403,0.0,-673.576538,502.74527,-156.130539,-0.162898984,-0.9837326815,0.0757227339,0.0652916449,210.7869875679,593.0717513549,6.0
4404,0.0,-675.417542,502.673828,-156.130508,-0.3436346883,-0.9347895706,0.0899091747,0.1046052288,265.137483771,595.4490330816,6.0
4405,0.0,-676.033264,502.727295,-156.130402,-0.4019950505,-0.9110270379,0.0918134822,0.1275352954,291.9005975687,597.3281304603,6.0
4406,0.0,-676.052734,502.706482,-156.130402,-0.4029186263,-0.9106189461,0.0918134822,0.1290051947,294.4808800017,599.4006535982,6.0
4407,0.0,-676.054382,502.702728,-156.130402,-0.4029186263,-0.9106189461,0.0918134822,0.1295540102,295.5982228663,600.4872662335,6.0
4408,0.0,-676.051819,502.708527,-156.130402,-0.4029186263,-0.9106189461,0.0918134822,0.1310040299,298.3866116731,603.0215359712,6.0
4409,0.0,-676.0448,502.724335,-156.130402,-0.4029186263,-0.9106189461,0.0918134822,0.1323533022,300.9707698199,605.3542087943,6.0
4410,0.0,-676.047363,502.718628,-156.130402,-0.4029186263,-0.9106189461,0.0918134822,0.1337037953,303.7076809683,607.9860597622,6.0
4411,0.0,-676.046326,502.720978,-156.130402,-0.4029186263,-0.9106189461,0.0918134822,0.1349853143,306.3443304182,610.5559364125,6.0
4412,0.0,-676.055054,502.701263,-156.130402,-0.4029186263,-0.9106189461,0.0918134822,0.1355367792,307.4855728943,611.6729184508,6.0
4413,0.0,-676.059265,502.691589,-156.130402,-0.4029186263,-0.9106189461,0.0918134822,0.1371788476,311.0335810009,615.2875465654,6.0
4414,0.0,-676.053223,502.705414,-156.130402,-0.4029186263,-0.9106189461,0.0918134822,0.1377283303,312.2697602521,616.5904165214,6.0
4415,0.0,-676.044617,502.724792,-156.130402,-0.4029186263,-0.9106189461,0.0918134822,0.1391031897,315.4282135081,619.9702447242,6.0
4416,0.0,-676.046875,502.719696,-156.130402,-0.4029186263,-0.9106189461,0.0918134822,0.1401971544,317.991456602,622.7480821413,6.0
4417,0.0,-675.839539,502.662323,-156.130356,-0.3821246784,-0.9192850796,0.0943168734,0.1306845881,308.3965579706,623.9589840253,6.0
4418,0.0,-674.897766,502.388489,-156.130386,-0.2855910565,-0.9529961417,0.1011736246,0.0930404466,264.203702319,627.2378608598,6.0
4419,0.0,-674.13385,502.264618,-156.130402,-0.155582971,-0.9814291808,0.1122082983,0.0564649381,208.6024825507,629.7002339348,6.0
4420,0.0,-673.987183,502.278137,-156.130402,-0.0781678556,-0.9899791623,0.1176054612,0.0428063407,182.6540294563,631.0420586864,6.0
4421,0.0,-673.591431,502.325073,-156.130402,0.2044915743,-0.970852165,0.1250170777,0.0430183005,184.1406777182,634.6433451488,6.0
4422,0.0,-673.135742,502.452576,-156.130417,0.459053595,-0.8790353201,0.1287117046,0.1121389438,293.3659548144,637.5972978974,6.0
4423,0.0,-672.17688,503.064819,-156.130402,0.5601033687,-0.8182313815,0.1295439027,,,,
4424,0.0,-670.443115,505.904297,-156.130371,0.8280918627,-0.5456707446,0.1284807589,,,,
4425,0.0,-670.386292,506.723053,-156.129379,0.880714368,-0.4567864628,0.1252530616,,,,
4426,0.0,-670.672729,508.198914,-156.129852,0.9580400738,-0.2630691353,0.1138149689,,,,
4427,0.0,-670.739014,508.622162,-156.13031,0.976805754,-0.1884842567,0.1016080904,,,,
4428,0.0,-670.677063,508.661194,-156.130264,0.9791776105,-0.1786739527,0.0963681784,,,,
4429,0.0,-670.662476,508.717804,-156.130386,0.9820254826,-0.1673024249,0.0873833521,,,,
4430,0.0,-670.672852,508.729614,-156.130402,0.9826896,-0.165373558,0.0835029125,,,,
4431,0.0,-670.672852,508.729584,-156.130402,0.9827601394,-0.1653854818,0.0826447263,,,,
4432,0.0,-670.672852,508.729584,-156.130402,0.9827601394,-0.1653854818,0.0826447263,,,,
4433,0.0,-670.672852,508.729584,-156.130402,0.9827601394,-0.1653854818,0.0826447263,,,,
4434,0.0,-670.6698,508.726196,-156.130402,0.9826628834,-0.1659623745,0.0826447089,,,,
4435,0.0,-670.662842,508.718231,-156.130402,0.9824364258,-0.1672976943,0.0826447263,,,,
4436,0.0,-670.6619265,508.717209,-156.130402,0.9824067083,-0.16747202,0.0826447263,,,,
4437,0.0,-670.661011,508.716187,-156.130402,0.9823769908,-0.1676463458,0.0826447263,,,,
4438,0.0,-670.661011,508.716187,-156.130402,0.9823769908,-0.1676463458,0.0826447263,,,,
4439,0.0,-670.657227,508.711792,-156.130402,0.9823721405,-0.1683957885,0.0811654853,,,,
4440,0.0,-670.637146,508.688507,-156.130417,0.982036691,-0.1723520371,0.0768030788,,,,
4441,0.0,-670.611877,508.65863,-156.130417,0.9821190439,-0.1774508681,0.0628758543,,,,
4442,0.0,-670.600067,508.644241,-156.130417,0.9822245614,-0.1798984668,0.0525183,,,,
4443,0.0,-670.565552,508.602814,-156.130722,0.9822727598,-0.1870036593,0.0130329121,,,,
4444,0.0,-670.539368,508.568726,-156.130478,0.9804036488,-0.1921849414,-0.0432854899,,,,
4445,0.0,-670.53125,508.558075,-156.130417,0.9769153442,-0.193223548,-0.0911102123,,,,
4446,0.0,-670.530212,508.55661,-156.130402,0.971716974,-0.1924152233,-0.1369032665,,,,
4447,0.0,-670.5276485,508.5532685,-156.130402,0.9692695014,-0.1924771034,-0.1523919464,,,,
4448,0.0,-670.52478,508.5495,-156.130402,0.9647941351,-0.1921977756,-0.1795335397,,,,
4449,0.0,-670.52478,508.5495,-156.130402,0.9608557078,-0.1914131969,-0.2002930275,,,,
4450,0.0,-670.52478,508.5495,-156.130402,0.9603742484,-0.1913172848,-0.2026650736,,,,
4451,0.0,-670.52478,508.54953,-156.130402,0.9596565796,-0.1911743346,-0.2061834695,,,,
4452,0.0,-670.52478,508.54953,-156.130402,0.9595616031,-0.1911555883,-0.2066423743,,,,
4453,0.0,-670.52478,508.54953,-156.130402,0.9595616031,-0.1911555883,-0.2066423743,,,,
4454,0.0,-670.52478,508.54953,-156.130402,0.9595616031,-0.1911555883,-0.2066423743,,,,
4455,0.0,-670.52478,508.5495,-156.130402,0.9597266299,-0.1911882719,-0.2058442142,,,,
4456,0.0,-670.49176,508.505707,-156.130386,0.9586076554,-0.1979537999,-0.2046598548,,,,
4457,0.0,-670.399719,508.375488,-156.130417,0.9542657769,-0.2173441044,-0.2052763194,,,,
4458,0.0,-670.163513,507.966583,-156.130417,0.9391638246,-0.2735569516,-0.2076966653,,,,
4459,0.0,-670.12677,507.703613,-156.130127,0.9279198692,-0.3107033607,-0.2059809167,,,,
4460,0.0,-670.073547,506.410614,-156.127899,0.8638477464,-0.4676866752,-0.1871797126,,,,
4461,0.0,-670.468445,504.914398,-156.127594,0.7659961714,-0.6245902833,-0.152107999,,,,
4462,0.0,-671.977661,503.026794,-156.130402,0.5747795749,-0.8131363451,-0.0918570875,,,,
4463,0.0,-672.756958,502.359192,-156.166138,0.4706682609,-0.8796412242,-0.0685762705,,,,
4464,0.0,-672.701904,501.774139,-156.289246,0.1899993632,-0.9815638013,-0.0208025448,0.0795888211,271.0379045327,693.2771439394,6.0
4465,0.0,-672.71759,501.214783,-156.302063,-0.0676194097,-0.9977110213,-0.0005774596,0.0640906443,243.755888408,692.0146484588,6.0
4466,0.0,-673.357117,505.4534,-156.023315,-0.3342955602,-0.9424383245,0.007515509,0.1174090188,326.7867234664,695.0814327876,6.0
4467,0.0,-672.768311,499.990662,-156.31929,-0.5782488542,-0.8158098402,0.0090866524,,,,
4468,0.0,-673.049072,499.561493,-156.411423,-0.6645623053,-0.7472087587,0.0060011041,,,,
4469,0.0,-674.192871,498.482697,-156.405014,-0.8319119725,-0.5548869935,-0.0047848193,,,,
4470,0.0,-676.380005,497.242706,-156.555817,-0.9246388373,-0.3800136904,-0.0251518528,,,,
4471,0.0,-677.425293,496.814575,-156.6085895,-0.9368004484,-0.3462491148,-0.0339325539,,,,
4472,0.0,-680.027039,495.775513,-156.842575,-0.9526540426,-0.3003929858,-0.0470566594,,,,
4473,0.0,-681.3859865,495.2761385,-156.955597,-0.9526540426,-0.3003929858,-0.0470566594,,,,
4474,0.0,-684.109619,494.309357,-157.21254,-0.9526540426,-0.3003929858,-0.0470566594,,,,
4475,0.0,-687.651611,493.178864,-157.465179,-0.9526540426,-0.3003929858,-0.0470566594,,,,
4476,0.0,-689.1739195,492.7016145,-157.503212,-0.9526540426,-0.3003929858,-0.0470566594,,,,
4477,0.0,-690.696228,492.224365,-157.541245,-0.9526540426,-0.3003929858,-0.0470566594,,,,
4478,0.0,-695.638794,490.744904,-157.696091,-0.9526540426,-0.3003929858,-0.0470566594,,,,
4479,0.0,-697.999939,490.030426,-157.581604,-0.9526540426,-0.3003929858,-0.0470566594,,,,
4480,0.0,-699.9193115,489.4227295,-157.5387345,-0.9526540426,-0.3003929858,-0.0470566594,,,,
4481,0.0,-703.34375,488.304108,-157.456863,-0.9526540426,-0.3003929858,-0.0470566594,,,,
4482,0.0,-705.3926085,487.5345765,-157.4050365,-0.9526540426,-0.3003929858,-0.0470566594,,,,
4483,0.0,-707.441467,486.765045,-157.35321,-0.9526540426,-0.3003929858,-0.0470566594,,,,
4484,0.0,-711.295837,485.125397,-157.241379,-0.9526540426,-0.3003929858,-0.0470566594,,,,
4485,0.0,-714.683838,483.772583,-157.120865,-0.9537572878,-0.296871516,-0.047056764,,,,
4486,0.0,-716.04248,483.307281,-157.133331,-0.9565663479,-0.2875226554,-0.048078526,,,,
4487,0.0,-718.496521,482.6108855,-156.927574,-0.9643684434,-0.2574966824,-0.0520638942,,,,
4488,0.0,-722.683655,481.528503,-156.67691,-0.9786845688,-0.1968201146,-0.0586375078,,,,
4489,0.0,-724.8263245,481.085968,-156.6048505,-0.9845277453,-0.1589531126,-0.0628731543,,,,
4490,0.0,-729.085815,480.23761,-156.351303,-0.9938606123,-0.0858714764,-0.0697651269,,,,
4491,0.0,-733.333801,479.497925,-155.896072,-0.9974335673,-0.01486298,-0.0700383514,,,,
4492,0.0,-734.77063,479.329315,-155.69606,-0.9975920013,0.0134306772,-0.0680427507,,,,
4493,0.0,-739.08844,478.977814,-155.282852,-0.9922862941,0.1100403389,-0.0570879523,,,,
4494,0.0,-740.639648,478.833252,-155.184784,-0.9891389438,0.1372349271,-0.0526376737,,,,
4495,0.0,-745.212708,478.511108,-155.126831,-0.9782589992,0.2034825107,-0.0400524439,,,,
4496,0.0,-749.005676,478.303436,-155.116714,-0.969753099,0.2419361101,-0.0323395351,,,,
4497,0.0,-750.899048,478.192535,-155.120239,-0.9675113717,0.2511709453,-0.0288946683,,,,
4498,0.0,-754.539734,478.02298,-155.037277,-0.9653106782,0.2599300921,-0.0247313942,,,,
4499,0.0,-758.421021,477.908722,-154.901077,-0.9653678625,0.2598773836,-0.0229920758,,,,
4500,0.0,-760.219788,477.889038,-154.883194,-0.9656967768,0.2587091503,-0.022345266,,,,
4501,0.0,-764.449951,477.959778,-154.62236,-0.9660106064,0.2575848204,-0.0217616302,,,,
4502,0.0,-768.178955,478.115814,-154.414383,-0.9662908729,0.2565314177,-0.0217619094,,,,
4503,0.0,-769.852661,478.213226,-154.387054,-0.9663063148,0.2564732684,-0.0217616302,,,,
4504,0.0,-773.906006,478.531494,-154.15657,-0.9663063148,0.2564732684,-0.0217616302,,,,
4505,0.0,-777.817139,478.922333,-154.027969,-0.9663063148,0.2564732684,-0.0217616302,,,,
4506,0.0,-780.154175,479.213165,-154.049255,-0.964796439,0.2621914127,-0.0205789811,,,,
4507,0.0,-783.965698,479.909332,-154.095627,-0.9552647256,0.2953227207,-0.0159309358,,,,
4508,0.0,-788.161987,481.484314,-154.036652,-0.9280329671,0.3724238144,-0.0074373728,,,,
4509,0.0,-791.830933,483.406006,-154.050278,-0.8792381277,0.4763818621,-0.0007976852,,,,
4510,0.0,-795.191772,485.064606,-154.22374,-0.8349710978,0.5502929597,0.0009614319,,,,
4511,0.0,-796.722961,485.912323,-154.303116,-0.8091498683,0.5876003438,0.0015253299,,,,
4512,0.0,-800.575806,488.193634,-154.49086,-0.7389451139,0.6737587959,0.0030337441,,,,
4513,0.0,-804.087952,490.25235,-154.591965,-0.6766967619,0.7362541901,0.0033555812,,,,
4514,0.0,-805.930969,491.213928,-154.712631,-0.6512341363,0.7588722365,0.0026511171,,,,
4515,0.0,-809.007874,492.890869,-155.1492,-0.6084341492,0.7936031495,0.0013882693,,,,
4516,0.0,-812.048645,494.601715,-155.542877,-0.5783393099,0.8157962976,0.0002085494,,,,
4517,0.0,-816.301331,497.068176,-156.142365,-0.5513801033,0.8342519449,0.0019167892,,,,
4518,0.0,-818.374634,498.624878,-156.442879,-0.5288483076,0.8482392111,0.008188396,,,,
4519,0.0,-821.516357,501.132599,-156.873657,-0.4880118019,0.8726494298,0.0180956855,,,,
4520,0.0,-824.305359,503.602936,-157.127853,-0.4583874769,0.8884570717,0.0229118467,,,,
4521,0.0,-825.630127,504.7521515,-157.203926,-0.456889142,0.8892269238,0.022911838,,,,
4522,0.0,-826.954895,505.901367,-157.279999,-0.4553908071,0.8899967758,0.0229118293,,,,
4523,0.0,-831.101685,509.67688,-157.331482,-0.4553908071,0.8899967758,0.0229118293,,,,
4524,0.0,-832.5853885,511.172333,-157.258026,-0.4553908071,0.8899967758,0.0229118293,,,,
4525,0.0,-835.1745,513.784912,-157.085617,-0.4553908071,0.8899967758,0.0229118293,,,,
4526,0.0,-838.25354,517.278625,-156.337311,-0.4553908071,0.8899967758,0.0229118293,,,,
4527,0.0,-839.6690065,518.975372,-155.5381545,-0.4553908071,0.8899967758,0.0229118293,,,,
4528,0.0,-842.241638,522.144653,-154.148499,-0.4553908071,0.8899967758,0.0229118293,,,,
4529,0.0,-844.847656,525.414917,-152.445572,-0.4553908071,0.8899967758,0.0229118293,,,,
4530,0.0,-846.0128175,526.9378965,-151.806267,-0.4553908071,0.8899967758,0.0229118293,,,,
4531,0.0,-848.341675,530.02124,-150.863617,-0.4553908071,0.8899967758,0.0229118293,,,,
4532,0.0,-850.715271,533.241638,-150.742645,-0.4478147181,0.8938946345,0.0203558526,,,,
4533,0.0,-852.767456,536.122864,-150.660736,-0.4233667588,0.9058374514,0.0148019982,,,,
4534,0.0,-854.821838,539.231873,-150.798782,-0.3819482601,0.9241628117,0.0062148331,,,,
4535,0.0,-855.612854,540.567322,-150.845825,-0.3607585167,0.9326421051,0.0056565296,,,,
4536,0.0,-857.816772,544.450439,-151.17131,-0.2898979968,0.9570408325,0.0056565296,,,,
4537,0.0,-859.194885,548.384399,-151.26062,-0.1711379929,0.9852060683,0.0089883421,,,,
4538,0.0,-859.815796,550.228088,-151.252792,-0.123673043,0.9922754851,0.0097128838,,,,
4539,0.0,-860.999084,554.227112,-151.381241,-0.0180223391,0.9997551539,0.0128385162,,,,
4540,0.0,-862.086304,558.313416,-151.577652,0.0714573361,0.9972763931,0.0182659491,,,,
4541,0.0,-862.529724,559.88739,-151.657394,0.0937255893,0.9953975858,0.0199789905,,,,
4542,0.0,-863.636475,564.169983,-151.897491,0.137053327,0.990259359,0.0245517322,,,,
4543,0.0,-864.495972,568.040527,-151.973358,0.1655332203,0.9857883012,0.0286387519,,,,
4544,0.0,-864.768616,569.498474,-151.997742,0.178271805,0.9835178741,0.030195278,,,,
4545,0.0,-865.429321,574.275024,-151.90477,0.2198693015,0.9749665685,0.0331312631,,,,
4546,0.0,-865.630798,575.868103,-151.88089,0.2307401951,0.9724318622,0.0336932593,,,,
4547,0.0,-866.218994,582.444153,-151.529846,0.260263873,0.9648500828,0.0364284789,,,,
4548,0.0,-866.3061525,584.363739,-151.4253615,0.2655749496,0.963321184,0.0380659452,,,,
4549,0.0,-866.393311,586.283325,-151.320877,0.2708860261,0.9617922852,0.0397034116,,,,
4550,0.0,-866.123962,590.773132,-151.032211,0.293986754,0.9547792733,0.0443658394,,,,
4551,0.0,-866.024841,592.494629,-151.016953,0.3090810555,0.9498921822,0.0466234211,,,,
4552,0.0,-865.343872,597.284668,-150.815918,0.3463982823,0.9366871397,0.0512389724,,,,
4553,0.0,-864.669067,601.28125,-150.731201,0.3739288263,0.9258871606,0.053946257,,,,
4554,0.0,-864.380249,603.431335,-150.740265,0.3794322202,0.9236017811,0.0546894887,,,,
4555,0.0,-863.679382,607.378052,-150.899796,0.3841951938,0.9216062592,0.0550995106,,,,
4556,0.0,-863.010742,611.024902,-151.067917,0.3845770684,0.9214469721,0.0550995106,,,,
4557,0.0,-862.625,612.92749,-151.173843,0.3856403495,0.9210024781,0.0550995106,,,,
4558,0.0,-861.590698,617.533691,-151.647629,0.3924537075,0.9181198894,0.0550995106,,,,
4559,0.0,-860.421082,622.547668,-152.006943,0.4057841034,0.9123065852,0.0550995106,,,,
4560,0.0,-859.468811,626.336548,-152.403946,0.4117977606,0.9096079641,0.0550995106,,,,
4561,0.0,-858.559509,629.681885,-152.520859,0.413009945,0.90905821,0.0550995106,,,,
4562,0.0,-858.0510255,631.4740295,-152.8241425,0.413009945,0.90905821,0.0550995106,,,,
4563,0.0,-857.542542,633.266174,-153.127426,0.413009945,0.90905821,0.0550995106,,,,
4564,0.0,-855.799744,638.844666,-153.182816,0.4129834507,0.9089998944,0.0562482123,,,,
4565,0.0,-855.155121,640.9191285,-153.272667,0.4129834507,0.9089998944,0.0562482123,,,,
4566,0.0,-853.916687,644.711487,-153.329468,0.4129834507,0.9089998944,0.0562482123,,,,
4567,0.0,-852.611755,648.389282,-153.196686,0.4129834507,0.9089998944,0.0562482123,,,,
4568,0.0,-851.486206,651.658875,-152.88501,0.4110132451,0.9098390912,0.0571046453,,,,
4569,0.0,-850.133789,655.419983,-152.498367,0.4082560953,0.9110037883,0.0583014446,,,,
4570,0.0,-848.796021,659.058411,-152.116928,0.4057867503,0.9120907578,0.0585453908,,,,
4571,0.0,-847.731018,661.891235,-151.708145,0.4041089894,0.912800709,0.0590829102,,,,
4572,0.0,-847.065125,663.669373,-151.498901,0.4033361722,0.913124342,0.059362178,,,,
4573,0.0,-845.512512,667.882446,-150.966278,0.4011883534,0.9140484383,0.0596938645,,,,
4574,0.0,-844.346069,671.308716,-150.547333,0.3987053967,0.9151342247,0.0596938645,,,,
4575,0.0,-843.654419,673.135193,-150.456161,0.3967445148,0.9159860439,0.0596938645,,,,
4576,0.0,-842.022156,677.632751,-150.253937,0.3898512653,0.9188823912,0.0605899496,,,,
4577,0.0,-840.687683,681.339844,-150.16658,0.3825758337,0.9218454394,0.0619412407,,,,
4578,0.0,-840.054688,682.902832,-150.287415,0.380329698,0.9227353455,0.0625204205,,,,
4579,0.0,-838.296692,686.735474,-150.624207,0.3780269412,0.9236390653,0.0631388057,,,,
4580,0.0,-836.708679,689.737915,-151.040695,0.3780269412,0.9236390653,0.0631388057,,,,
4581,0.0,-834.890747,692.630188,-151.457855,0.3780269412,0.9236390653,0.0631388057,,,,
4582,0.0,-834.122498,693.743591,-151.647903,0.3772685842,0.9239490823,0.0631388057,,,,
4583,0.0,-831.878418,696.738403,-152.233093,0.3740723171,0.9252477467,0.0631388057,,,,
4584,0.0,-829.631897,699.337402,-152.469254,0.3684410377,0.9275045515,0.0631388057,,,,
4585,0.0,-827.401489,701.863159,-152.937592,0.3588662287,0.9312510504,0.0631388231,,,,
4586,0.0,-825.107727,704.132568,-152.989166,0.3489838542,0.9350607501,0.0622226896,,,,
4587,0.0,-822.670715,706.465271,-153.088379,0.3381946279,0.9391008415,0.0609426211,,,,
4588,0.0,-820.321472,708.609497,-153.137299,0.3248090807,0.9439612409,0.0586194224,,,,
4589,0.0,-819.277649,709.534729,-153.148392,0.3192807284,0.9458500154,0.0585454082,,,,
4590,0.0,-816.523071,711.916077,-152.986954,0.305300984,0.9504544936,0.0585454082,,,,
4591,0.0,-813.954651,713.994812,-152.97673,0.2906272284,0.9550435861,0.0585453908,,,,
4592,0.0,-810.8396,716.49939,-152.441483,0.2738775745,0.9599809943,0.0585454082,,,,
4593,0.0,-807.893372,718.803589,-152.317184,0.2589157512,0.9641239915,0.0585453908,,,,
4594,0.0,-806.468811,719.910278,-152.263046,0.2511402619,0.9661785581,0.0585453908,,,,
4595,0.0,-803.208984,722.447021,-152.112717,0.2359927307,0.9699896228,0.0585453908,,,,
4596,0.0,-800.301941,724.732788,-152.051529,0.2231097727,0.973033641,0.0585453908,,,,
4597,0.0,-797.189026,726.987549,-152.140747,0.2133752819,0.975214554,0.0585453908,,,,
4598,0.0,-795.160278,728.349365,-152.216522,0.2092816761,0.9761447201,0.0578157896,,,,
4599,0.0,-791.916748,730.445923,-152.391144,0.2022879978,0.9776918812,0.0565522003,,,,
4600,0.0,-788.291443,732.684631,-152.421234,0.1964705358,0.9789537792,0.0552161825,,,,
4601,0.0,-784.17511,735.751648,-152.393799,0.1906909867,0.980166448,0.053950736,,,,
4602,0.0,-782.6354675,737.1029055,-152.419037,0.1893361724,0.9804460268,0.0536225807,,,,
4603,0.0,-781.095825,738.454163,-152.444275,0.1879813581,0.9807256055,0.0532944255,,,,
4604,0.0,-776.980713,742.798462,-152.600571,0.1858896665,0.9811508509,0.05280189,,,,
4605,0.0,-775.566498,744.6056215,-152.762131,0.1858896665,0.9811508509,0.05280189,,,,
4606,0.0,-773.14032,747.856567,-152.890076,0.1858896665,0.9811508509,0.05280189,,,,
4607,0.0,-771.796448,749.9354855,-152.991318,0.1858896665,0.9811508509,0.05280189,,,,
4608,0.0,-769.545837,753.54248,-153.055695,0.1858896665,0.9811508509,0.05280189,,,,
4609,0.0,-767.703003,757.086975,-152.892303,0.1858896665,0.9811508509,0.05280189,,,,
4610,0.0,-766.8337405,758.9225465,-152.786926,0.1858896665,0.9811508509,0.05280189,,,,
4611,0.0,-765.306946,762.15802,-152.639862,0.1858896665,0.9811508509,0.05280189,,,,
4612,0.0,-763.7052,765.937073,-152.405472,0.1858896665,0.9811508509,0.05280189,,,,
4613,0.0,-762.158569,769.852539,-151.836487,0.1859004643,0.981207094,0.0517074079,,,,
4614,0.0,-761.534607,771.458557,-151.748993,0.1859008516,0.9812098877,0.0516529741,,,,
4615,0.0,-760.275146,775.068481,-151.269196,0.185193047,0.9813437236,0.0516529915,,,,
4616,0.0,-759.146545,778.753967,-150.711151,0.1847718605,0.9814231146,0.0516529741,,,,
4617,0.0,-758.198303,781.986938,-150.523468,0.182933606,0.9817674195,0.0516529741,,,,
4618,0.0,-757.254211,785.480591,-150.323364,0.182522712,0.9818977999,0.0506178837,,,,
4619,0.0,-756.865479,786.887268,-150.298767,0.1825239028,0.9819034433,0.0505039898,,,,
4620,0.0,-755.785645,791.063171,-150.093887,0.1825239028,0.9819034433,0.0505039898,,,,
4621,0.0,-754.91803,794.729492,-150.131073,0.1825239028,0.9819034433,0.0505039898,,,,
4622,0.0,-754.411438,796.741211,-150.152878,0.1825239028,0.9819034433,0.0505039898,,,,
4623,0.0,-753.184814,801.695801,-150.26149,0.1825239028,0.9819034433,0.0505039898,,,,
4624,0.0,-752.868774,803.116028,-150.323608,0.1825239028,0.9819034433,0.0505039898,,,,
4625,0.0,-751.89447,807.176025,-150.538544,0.1825239028,0.9819034433,0.0505039898,,,,
4626,0.0,-751.009155,810.652893,-150.613464,0.1825239028,0.9819034433,0.0505039898,,,,
4627,0.0,-750.035034,814.776733,-151.269333,0.1825239028,0.9819034433,0.0505039898,,,,
4628,0.0,-749.664429,816.282471,-151.309311,0.1825239028,0.9819034433,0.0505039898,,,,
4629,0.0,-748.714844,820.202148,-151.530334,0.1825239028,0.9819034433,0.0505039898,,,,
4630,0.0,-747.822388,823.876038,-151.463089,0.1825239028,0.9819034433,0.0505039898,,,,
4631,0.0,-746.761536,827.986816,-151.434341,0.1825239028,0.9819034433,0.0505039898,,,,
4632,0.0,-746.328552,829.741028,-151.41568,0.1825239028,0.9819034433,0.0505039898,,,,
4633,0.0,-744.953247,834.686951,-151.016022,0.1825239028,0.9819034433,0.0505039898,,,,
4634,0.0,-744.57135,836.377014,-150.989441,0.1825239028,0.9819034433,0.0505039898,,,,
4635,0.0,-742.862427,842.432129,-150.382385,0.1825239028,0.9819034433,0.0505039898,,,,
4636,0.0,-742.176575,844.852722,-150.177078,0.1825239028,0.9819034433,0.0505039898,,,,
4637,0.0,-741.490723,847.273315,-149.971771,0.1825239028,0.9819034433,0.0505039898,,,,
4638,0.0,-740.990967,849.022339,-149.866669,0.1825239028,0.9819034433,0.0505039898,,,,
4639,0.0,-739.08136,855.842529,-149.527985,0.1825239028,0.9819034433,0.0505039898,,,,
4640,0.0,-738.522766,857.8726805,-149.4557725,0.1825239028,0.9819034433,0.0505039898,,,,
4641,0.0,-737.964172,859.902832,-149.38356,0.1825239028,0.9819034433,0.0505039898,,,,
4642,0.0,-736.946899,863.725891,-149.354004,0.1825239028,0.9819034433,0.0505039898,,,,
4643,0.0,-736.092285,867.310425,-149.379257,0.1825239028,0.9819034433,0.0505039898,,,,
4644,0.0,-734.93811,872.323059,-149.503128,0.1825239028,0.9819034433,0.0505039898,,,,
4645,0.0,-734.030212,876.363403,-149.661041,0.1825239028,0.9819034433,0.0505039898,,,,
4646,0.0,-733.695343,878.2006835,-149.86322,0.1825239028,0.9819034433,0.0505039898,,,,
4647,0.0,-733.360474,880.037964,-150.065399,0.1825239028,0.9819034433,0.0505039898,,,,
4648,0.0,-732.401917,885.376404,-150.513397,0.1820306812,0.981994999,0.0505039898,,,,
4649,0.0,-731.659302,889.608643,-150.938232,0.1814014868,0.9821534596,0.0496797992,,,,
4650,0.0,-731.309296,891.518219,-151.1861725,0.181403018,0.982161366,0.049517369,,,,
4651,0.0,-730.632629,895.140747,-151.559326,0.1814045492,0.9821692724,0.0493549387,,,,
4652,0.0,-729.875061,899.157104,-151.910721,0.1814045492,0.9821692724,0.0493549387,,,,
4653,0.0,-729.169312,902.915833,-152.201721,0.1814045492,0.9821692724,0.0493549387,,,,
4654,0.0,-728.536865,906.443542,-152.247513,0.1814045492,0.9821692724,0.0493549387,,,,
4655,0.0,-728.25946,908.035522,-152.23671,0.1814045492,0.9821692724,0.0493549387,,,,
4656,0.0,-727.550171,912.243835,-152.183609,0.1814045492,0.9821692724,0.0493549387,,,,
4657,0.0,-726.945068,916.128296,-152.026382,0.1814045492,0.9821692724,0.0493549387,,,,
4658,0.0,-726.345825,919.80072,-151.839706,0.1814045492,0.9821692724,0.0493549387,,,,
4659,0.0,-726.085449,921.405212,-151.699127,0.1814045492,0.9821692724,0.0493549387,,,,
4660,0.0,-725.499451,925.282959,-151.259644,0.1814045492,0.9821692724,0.0493549387,,,,
4661,0.0,-724.876587,928.880676,-151.087738,0.1814045492,0.9821692724,0.0493549387,,,,
4662,0.0,-724.170593,932.672913,-151.057159,0.1814045492,0.9821692724,0.0493549387,,,,
4663,0.0,-724.06488,934.290649,-150.454941,0.1814045492,0.9821692724,0.0493549387,,,,
4664,0.0,-723.478027,938.541382,-150.001343,0.1814045492,0.9821692724,0.0493549387,,,,
4665,0.0,-723.218079,942.109924,-149.478271,0.1814045492,0.9821692724,0.0493549387,,,,
4666,0.0,-722.915161,944.011841,-149.449829,0.1814045492,0.9821692724,0.0493549387,,,,
4667,0.0,-722.263855,948.58429,-149.353256,0.1814045492,0.9821692724,0.0493549387,,,,
4668,0.0,-721.61731,952.242432,-149.358582,0.1814045492,0.9821692724,0.0493549387,,,,
4669,0.0,-721.162842,956.262939,-149.553253,0.1814045492,0.9821692724,0.0493549387,,,,
4670,0.0,-720.756897,958.823669,-149.655624,0.1814045492,0.9821692724,0.0493549387,,,,
4671,0.0,-720.118591,963.027222,-149.984406,0.1814045492,0.9821692724,0.0493549387,,,,
4672,0.0,-719.822876,964.677002,-150.066742,0.1814045492,0.9821692724,0.0493549387,,,,
4673,0.0,-718.966614,969.659302,-150.701859,0.1814045492,0.9821692724,0.0493549387,,,,
4674,0.0,-718.673279,971.237427,-150.693878,0.1814045492,0.9821692724,0.0493549387,,,,
4675,0.0,-717.85376,975.685669,-151.040085,0.1814045492,0.9821692724,0.0493549387,,,,
4676,0.0,-717.109924,979.460388,-151.136017,0.1814045492,0.9821692724,0.0493549387,,,,
4677,0.0,-716.763367,981.23053,-151.140518,0.1814045492,0.9821692724,0.0493549387,,,,
4678,0.0,-715.890625,985.446899,-151.095566,0.1814045492,0.9821692724,0.0493549387,,,,
4679,0.0,-714.952393,989.554749,-150.945999,0.1814045492,0.9821692724,0.0493549387,,,,
4680,0.0,-714.562012,991.432617,-150.904541,0.1814045492,0.9821692724,0.0493549387,,,,
4681,0.0,-713.556213,995.629395,-150.578064,0.1814045492,0.9821692724,0.0493549387,,,,
4682,0.0,-713.190308,997.056274,-150.433624,0.1814045492,0.9821692724,0.0493549387,,,,
4683,0.0,-711.575745,1002.88855,-149.811127,0.1814045492,0.9821692724,0.0493549387,,,,
4684,0.0,-711.296692,1004.704407,-149.875824,0.1814045492,0.9821692724,0.0493549387,,,,
4685,0.0,-709.712524,1010.595947,-149.502182,0.1814045492,0.9821692724,0.0493549387,,,,
4686,0.0,-708.625732,1014.887512,-149.348358,0.1814045492,0.9821692724,0.0493549387,,,,
4687,0.0,-708.0758055,1017.056732,-149.295433,0.1814045492,0.9821692724,0.0493549387,,,,
4688,0.0,-707.195679,1020.877319,-149.248566,0.1814045492,0.9821692724,0.0493549387,,,,
4689,0.0,-706.279297,1024.949097,-149.288635,0.1814045492,0.9821692724,0.0493549387,,,,
4690,0.0,-705.8276675,1026.9935305,-149.3583375,0.1814045492,0.9821692724,0.0493549387,,,,
4691,0.0,-705.126709,1030.331787,-149.448715,0.1814045492,0.9821692724,0.0493549387,,,,
4692,0.0,-704.30896,1034.314575,-149.62262,0.1814045492,0.9821692724,0.0493549387,,,,
4693,0.0,-703.575378,1038.468872,-149.81633,0.1814045492,0.9821692724,0.0493549387,,,,
4694,0.0,-703.2680965,1040.437988,-150.119232,0.1814045492,0.9821692724,0.0493549387,,,,
4695,0.0,-702.664062,1044.14209,-150.5401,0.1814045492,0.9821692724,0.0493549387,,,,
4696,0.0,-702.033081,1048.019897,-150.953064,0.1814045492,0.9821692724,0.0493549387,,,,
4697,0.0,-701.669281,1050.0916745,-151.229233,0.1814045492,0.9821692724,0.0493549387,,,,
4698,0.0,-701.032288,1053.657227,-151.572647,0.1814045492,0.9821692724,0.0493549387,,,,
4699,0.0,-700.300415,1058.012329,-151.931717,0.1814045492,0.9821692724,0.0493549387,,,,
4700,0.0,-699.79657,1061.342285,-152.176361,0.1814045492,0.9821692724,0.0493549387,,,,
4701,0.0,-699.051147,1065.435059,-152.206024,0.1814045492,0.9821692724,0.0493549387,,,,
4702,0.0,-698.731934,1067.14917,-152.201462,0.1814045492,0.9821692724,0.0493549387,,,,
4703,0.0,-698.014465,1071.13916,-152.150528,0.1814045492,0.9821692724,0.0493549387,,,,
4704,0.0,-697.482422,1074.693726,-152.004974,0.1814045492,0.9821692724,0.0493549387,,,,
4705,0.0,-696.903564,1078.429565,-151.752747,0.1814045492,0.9821692724,0.0493549387,,,,
4706,0.0,-696.682312,1079.803467,-151.649002,0.1814045492,0.9821692724,0.0493549387,,,,
4707,0.0,-695.929993,1084.96167,-151.052292,0.1814045492,0.9821692724,0.0493549387,,,,
4708,0.0,-695.741455,1086.323608,-150.857666,0.1814045492,0.9821692724,0.0493549387,,,,
4709,0.0,-695.019897,1091.568481,-150.156158,0.1814045492,0.9821692724,0.0493549387,,,,
4710,0.0,-694.785522,1093.307007,-150.013428,0.181399671,0.9821421892,0.0499087115,,,,
4711,0.0,-694.213562,1097.604858,-149.667419,0.1813858452,0.9820680044,0.0513965946,,,,
4712,0.0,-693.765503,1101.132202,-149.471909,0.1813364636,0.98180064,0.056432174,,,,
4713,0.0,-693.213684,1105.003906,-149.345062,0.1823946618,0.9812722323,0.0619434705,,,,
4714,0.0,-692.918701,1106.946167,-149.348892,0.1823827083,0.9811453995,0.0639550836,,,,
4715,0.0,-692.435913,1110.844116,-149.452438,0.1823554555,0.980997266,0.0662635037,,,,
4716,0.0,-691.861694,1114.598389,-149.590073,0.1823393758,0.9809122884,0.0675531979,,,,
4717,0.0,-691.58197,1116.346436,-149.661316,0.1827486744,0.9807945113,0.068154593,,,,
4718,0.0,-685.901367,1121.504395,-152.298737,0.1841957026,0.9804189893,0.0696458801,,,,
4719,0.0,-685.220764,1125.072021,-152.298737,0.1862598035,0.9800018318,0.0700263905,,,,
4720,0.0,-684.548889,1128.567139,-152.298737,0.1886529183,0.9795439671,0.0700263731,,,,
4721,0.0,-684.294434,1129.866455,-152.298737,0.1900106158,0.9792643682,0.0702656602,,,,
4722,0.0,-683.046143,1135.609741,-153.27066,0.2088175287,0.9751111157,0.0745221556,,,,
4723,0.0,-682.732849,1136.750732,-153.446716,0.2193627716,0.9726124089,0.0768444949,,,,
4724,0.0,-680.506531,1143.661743,-153.29866,0.3085205814,0.9469597161,0.089901874,,,,
4725,0.0,-679.8407595,1145.708801,-153.298683,0.3297649761,0.9391773296,0.0931585132,,,,
4726,0.0,-679.174988,1147.755859,-153.298706,0.3510093708,0.9313949431,0.0964151523,,,,
4727,0.0,-677.91626,1152.775269,-153.298706,0.3567541172,0.9290922643,0.0975400653,,,,
4728,0.0,-679.60788,1154.797913,-152.5598525,0.3567541172,0.9290922643,0.0975400653,,,,
4729,0.0,-681.2995,1156.820557,-151.820999,0.3567541172,0.9290922643,0.0975400653,,,,
4730,0.0,-678.963379,1163.02832,-151.419708,0.3567541172,0.9290922643,0.0975400653,,,,
4731,0.0,-678.0598755,1165.1122435,-151.3293225,0.3567541172,0.9290922643,0.0975400653,,,,
4732,0.0,-677.156372,1167.196167,-151.238937,0.3567541172,0.9290922643,0.0975400653,,,,
4733,0.0,-676.1521,1169.927246,-151.183258,0.3567541172,0.9290922643,0.0975400653,,,,
4734,0.0,-674.029541,1175.581055,-150.958099,0.3567541172,0.9290922643,0.0975400653,,,,
4735,0.0,-673.2037355,1177.8255005,-150.9126585,0.3567541172,0.9290922643,0.0975400653,,,,
4736,0.0,-671.950989,1181.446289,-150.839783,0.3567541172,0.9290922643,0.0975400653,,,,
4737,0.0,-670.453491,1185.797241,-150.867233,0.3567541172,0.9290922643,0.0975400653,,,,
4738,0.0,-669.905273,1187.306519,-150.946899,0.3567541172,0.9290922643,0.0975400653,,,,
4739,0.0,-667.8364255,1190.1271365,-152.113449,0.3567734268,0.9291421642,0.0969910113,,,,
4740,0.0,-665.31311,1194.29895,-153.275146,0.3563547376,0.929273651,0.0972716942,,,,
4741,0.0,-663.658264,1198.931274,-153.259109,0.3628673834,0.9263901999,0.1006402483,,,,
4742,0.0,-663.039856,1200.505493,-153.252182,0.3702986666,0.9234537645,0.1005586513,,,,
4743,0.0,-661.363281,1204.674438,-153.21196,0.3909097846,0.9149094385,0.1006491911,,,,
4744,0.0,-660.563049,1206.718628,-153.205353,0.3975739515,0.9119973179,0.1009744779,,,,
4745,0.0,-658.765869,1211.307861,-153.189148,0.4083675109,0.9069930963,0.1029538697,,,,
4746,0.0,-657.865662,1213.626587,-153.183716,0.4112445588,0.9056569854,0.103263438,,,,
4747,0.0,-656.922119,1216.061768,-153.180206,0.4128724261,0.9049160324,0.1032634207,,,,
4748,0.0,-655.091431,1220.7323,-153.162598,0.414428148,0.9042046096,0.1032634207,,,,
4749,0.0,-654.333862,1222.651611,-153.154144,0.4145501183,0.9041486965,0.1032634207,,,,
4750,0.0,-652.603149,1226.981689,-153.139099,0.4145501183,0.9041486965,0.1032634207,,,,
4751,0.0,-651.954834,1228.588135,-153.133209,0.4145501183,0.9041486965,0.1032634207,,,,
4752,0.0,-650.256836,1232.745972,-153.114136,0.4145501183,0.9041486965,0.1032634207,,,,
4753,0.0,-649.497864,1234.590454,-153.110901,0.4145501183,0.9041486965,0.1032634207,,,,
4754,0.0,-647.77887,1238.706787,-153.08905,0.4152367289,0.9038335715,0.1032634207,,,,
4755,0.0,-647.026794,1240.459961,-153.088562,0.4170358002,0.903034934,0.1030002396,,,,
4756,0.0,-644.768005,1245.202026,-153.065308,0.4409537279,0.8917014726,0.1021190169,,,,
4757,0.0,-643.956543,1246.86145,-153.066071,0.4547181712,0.8847139701,0.1025308533,,,,
4758,0.0,-642.176697,1251.005127,-153.073349,0.4951632984,0.8622287156,0.1066534107,,,,
4759,0.0,-641.360107,1252.839844,-153.07814,0.5221034762,0.8457185869,0.1103088028,,,,
4760,0.0,-640.382874,1255.101807,-153.075928,0.5594245626,0.8208237323,0.1152933619,,,,
4761,0.0,-638.576538,1260.625,-153.053864,0.6203371244,0.7748678834,0.1214973885,,,,
4762,0.0,-638.053589,1262.425659,-153.044907,0.6392585943,0.7592186139,0.1222110709,,,,
4763,0.0,-637.091919,1266.631348,-153.03479,0.6685470682,0.7334783431,0.12269612,,,,
4764,0.0,-636.64917,1269.275635,-153.034851,0.6773243213,0.7253808804,0.1226961373,,,,
4765,0.0,-636.296143,1271.73291,-153.034866,0.6828102099,0.7204287179,0.1214606095,,,,
4766,0.0,-635.57782,1277.894897,-153.064636,0.6916001696,0.7126931479,0.1172931469,,,,
4767,0.0,-635.346405,1280.064941,-153.0807265,0.6963173883,0.708618592,0.1138013132,,,,
4768,0.0,-634.959045,1283.735596,-153.107925,0.7046053966,0.7013839168,0.1076653909,,,,
4769,0.0,-634.534668,1288.235107,-153.141769,0.7145358636,0.6921443332,0.1018563776,,,,
4770,0.0,-634.342102,1290.323303,-153.1577225,0.7197873608,0.6868566234,0.1003813748,,,,
4771,0.0,-634.000427,1293.883545,-153.185806,0.7301487512,0.6761845499,0.0982713361,,,,
4772,0.0,-633.655151,1297.028687,-153.216949,0.7437253799,0.6613308488,0.0975400826,,,,
4773,0.0,-633.331848,1299.480408,-153.2469635,0.7583580976,0.6439376712,0.0985877015,,,,
4774,0.0,-632.735168,1303.897705,-153.297958,0.7849582595,0.6111426884,0.1017110869,,,,
4775,0.0,-632.380493,1306.37085,-153.324371,0.799928915,0.5910738616,0.1036601229,,,,
4776,0.0,-631.725525,1310.490601,-153.368439,0.8265044893,0.5531630537,0.1044076877,,,,
4777,0.0,-631.427643,1312.4054565,-153.388153,0.8358938149,0.5385908014,0.1044077051,,,,
4778,0.0,-630.830261,1316.196167,-153.426483,0.8533531753,0.5111427931,0.1025738919,,,,
4779,0.0,-630.480255,1318.362793,-153.450157,0.8604384198,0.4994106332,0.1002062634,,,,
4780,0.0,-629.854248,1322.305664,-153.50116,0.8708019424,0.4822887635,0.0954019165,,,,
4781,0.0,-629.175171,1326.513184,-153.578461,0.8759000188,0.4737953737,0.0911981409,,,,
4782,0.0,-628.549194,1330.123291,-153.640808,0.8796851259,0.4674141815,0.0876245528,,,,
4783,0.0,-628.285461,1331.48877,-153.664551,0.8824131782,0.4626548712,0.085425131,,,,
4784,0.0,-627.405334,1335.561035,-153.734741,0.8930438721,0.4431623157,0.0779731013,,,,
4785,0.0,-627.039062,1337.148438,-153.761932,0.8976128753,0.4343000421,0.0753299382,,,,
4786,0.0,-625.865662,1341.868774,-153.834412,0.9107508374,0.4067069518,0.071570717,,,,
4787,0.0,-624.9245,1345.413452,-153.888245,0.9194312156,0.3865853133,0.0720974022,,,,
4788,0.0,-624.020386,1348.543213,-153.959442,0.9277913669,0.3654436561,0.0751938405,,,,
4789,0.0,-623.512512,1350.164917,-153.997284,0.9332086385,0.350876082,0.0775087871,,,,
4790,0.0,-622.019104,1354.830444,-154.082642,0.9509792907,0.2974580716,0.0845995529,,,,
4791,0.0,-621.552673,1356.27063,-154.106842,0.957375593,0.275935418,0.085390978,,,,
4792,0.0,-619.875732,1361.026733,-154.183899,0.9734941409,0.2118932028,0.0860838437,,,,
4793,0.0,-619.328186,1362.47876,-154.206665,0.9768489341,0.1960668167,0.0855801573,,,,
4794,0.0,-617.43042,1367.137329,-154.276672,0.9848595956,0.1529985017,0.0815048186,,,,
4795,0.0,-616.594055,1369.044556,-154.305786,0.9863633851,0.1442256535,0.0792857706,,,,
4796,0.0,-614.791565,1372.936157,-154.369141,0.9886189835,0.1305770333,0.0747137458,,,,
4797,0.0,-613.574646,1375.409912,-154.408997,0.9890448285,0.1284597262,0.0727215647,,,,
4798,0.0,-611.852417,1378.763062,-154.461334,0.9895108788,0.1269673358,0.0689022233,,,,
4799,0.0,-610.325134,1381.599121,-154.489502,0.9898108943,0.1258507364,0.0666031955,,,,
4800,0.0,-609.026672,1383.924927,-154.50827,0.9901097785,0.1239889505,0.0656457659,,,,
4801,0.0,-606.871582,1387.663086,-154.536285,0.9905528968,0.1211286437,0.0642869368,,,,
4802,0.0,-605.540283,1389.8649905,-154.5512695,0.9906630805,0.1202206848,0.0642869455,,,,
4803,0.0,-604.208984,1392.066895,-154.566254,0.9907732642,0.1193127259,0.0642869542,,,,
4804,0.0,-603.421509,1393.343384,-154.575867,0.9908080729,0.1190233176,0.0642869542,,,,
4805,0.0,-599.617249,1399.336304,-154.660492,0.9909443519,0.1178833281,0.0642869542,,,,
4806,0.0,-598.463196,1401.1774905,-154.683792,0.9909443519,0.1178833281,0.0642869542,,,,
4807,0.0,-597.309143,1403.018677,-154.707092,0.9909443519,0.1178833281,0.0642869542,,,,
4808,0.0,-594.225647,1407.880615,-154.570007,0.9903452586,0.1225602686,0.064770744,,,,
4809,0.0,-593.072174,1409.745239,-154.502136,0.9892048293,0.1306205564,0.0659128416,,,,
4810,0.0,-591.918701,1411.609863,-154.434265,0.9880644,0.1386808441,0.0670549392,,,,
4811,0.0,-589.880554,1414.918213,-154.378433,0.9819364952,0.1747861313,0.0724605257,,,,
4812,0.0,-586.980652,1419.550293,-154.630493,0.9613781883,0.2621626174,0.083801796,,,,
4813,0.0,-585.521942,1421.459839,-154.697357,0.950724162,0.295509179,0.0869620832,,,,
4814,0.0,-584.063232,1423.369385,-154.764221,0.9400701358,0.3288557407,0.0901223703,,,,
4815,0.0,-580.390137,1427.096191,-154.821426,0.9268002327,0.3639179873,0.0927632862,,,,
4816,0.0,-577.435547,1429.742554,-154.857773,0.9208724582,0.3773852957,0.0978481187,,,,
4817,0.0,-575.388794,1431.738159,-154.894913,0.9177866818,0.3833803451,0.1033785167,,,,
4818,0.0,-574.266479,1435.739014,-155.156113,0.9163035528,0.3860802671,0.1064416579,,,,
4819,0.0,-573.318817,1436.949585,-155.4854435,0.9169769924,0.3844387314,0.1065687232,,,,
4820,0.0,-572.134888,1439.681519,-156.464005,0.9183465337,0.3811242009,0.1066957711,,,,
4821,0.0,-570.337891,1442.423706,-156.84819,0.9192027507,0.3792751507,0.1059087491,,,,
4822,0.0,-569.578369,1444.839844,-156.774475,0.9212647901,0.3746057508,0.1046026671,,,,
4823,0.0,-569.5341185,1445.355896,-156.7487335,0.9215649141,0.3739285806,0.1043787668,,,,
4824,0.0,-569.551819,1448.710205,-156.509369,0.9224620648,0.3719704301,0.1034492054,,,,
4825,0.0,-569.673767,1450.551147,-156.271622,0.9226188194,0.3716331255,0.1032634207,,,,
4826,0.0,-571.148621,1452.794556,-155.870071,0.9226188194,0.3716331255,0.1032634207,,,,
4827,0.0,-572.498169,1454.217163,-155.638748,0.9226188194,0.3716331255,0.1032634207,,,,
4828,0.0,-573.226379,1454.751343,-155.424347,0.9226188194,0.3716331255,0.1032634207,,,,
4829,0.0,-574.00592,1456.546021,-155.203156,0.9226188194,0.3716331255,0.1032634207,,,,
4830,0.0,-574.599548,1457.786621,-155.115967,0.9226188194,0.3716331255,0.1032634207,,,,
4831,0.0,-575.605835,1459.006226,-155.025848,0.9247063596,0.3653173748,0.1070577615,,,,
4832,0.0,-576.78479,1459.991333,-155.10054,0.9297498159,0.35068735,0.1121769246,,,,
4833,0.0,-577.816956,1460.41626,-155.245895,0.9346769381,0.3363167486,0.115195772,,,,
4834,0.0,-580.194763,1461.107666,-155.509491,0.9491528779,0.2912301463,0.1195567489,,,,
4835,0.0,-582.831482,1461.627075,-155.938629,0.9687801995,0.2167160001,0.1204122104,,,,
4836,0.0,-585.106567,1461.822998,-156.114716,0.9769223511,0.1764188514,0.120412245,,,,
4837,0.0,-586.326782,1461.931763,-156.191422,0.9779572747,0.1705885822,0.1204122277,,,,
4838,0.0,-589.959961,1462.07373,-156.335098,0.9784037885,0.1680087087,0.1204122104,,,,
4839,0.0,-592.759399,1462.23291,-156.366165,0.978384057,0.1681235629,0.1204122277,,,,
4840,0.0,-594.096924,1462.264038,-156.365768,0.9789577718,0.1655225313,0.1193481159,,,,
4841,0.0,-597.543701,1462.379272,-156.30603,0.9819227907,0.1504569016,0.1148492656,,,,
4842,0.0,-600.57373,1462.491455,-156.189133,0.9832916002,0.1429984219,0.1126458183,,,,
4843,0.0,-603.99707,1462.614868,-155.907318,0.9835790488,0.1411929055,0.1124136031,,,,
4844,0.0,-605.548157,1462.711792,-155.838379,0.9835807121,0.1411813179,0.1124136031,,,,
4845,0.0,-609.307251,1462.823975,-155.314041,0.9835807121,0.1411813179,0.1124136031,,,,
4846,0.0,-606.853333,1457.489258,-156.466858,0.9835807121,0.1411813179,0.1124136031,,,,
4847,0.0,-609.813477,1456.483765,-156.492157,0.9835807121,0.1411813179,0.1124136031,,,,
4848,0.0,-613.46582,1454.949707,-156.515503,0.9835382631,0.1411752074,0.1127920466,,,,
4849,0.0,-614.954956,1454.158081,-156.5209045,0.983495153,0.1411690282,0.1131743844,,,,
4850,0.0,-616.444092,1453.366455,-156.526306,0.983452043,0.141162849,0.1135567223,,,,
4851,0.0,-619.103577,1451.421265,-156.528107,0.983452043,0.141162849,0.1135567223,,,,
4852,0.0,-621.099182,1449.574829,-156.528015,0.9833343077,0.1411459845,0.1145925409,,,,
4853,0.0,-622.65686,1447.81665,-156.514191,0.9833220722,0.1411441932,0.1146996911,,,,
4854,0.0,-625.023438,1444.46167,-156.457825,0.983255448,0.1411346126,0.1152811568,,,,
4855,0.0,-626.480591,1441.776001,-156.383759,0.9831907998,0.1411253506,0.1158425081,,,,
4856,0.0,-626.9536135,1440.616089,-156.364838,0.9831907998,0.1411253506,0.1158425081,,,,
4857,0.0,-627.426636,1439.456177,-156.345917,0.9831907998,0.1411253506,0.1158425081,,,,
4858,0.0,-628.13092,1436.709961,-156.306671,0.9831907998,0.1411253506,0.1158425081,,,,
4859,0.0,-628.421936,1433.516357,-156.245911,0.9833525118,0.1399941101,0.1158425081,,,,
4860,0.0,-628.207581,1430.850586,-156.183685,0.9833721859,0.1391915874,0.116639813,,,,
4861,0.0,-627.658569,1428.780273,-156.125641,0.983158861,0.1388126592,0.1188684132,,,,
4862,0.0,-626.819458,1427.001831,-156.066223,0.9824291856,0.1408503974,0.1224502386,,,,
4863,0.0,-626.432495,1426.375244,-156.04277,0.9819376161,0.1429866046,0.1239086314,,,,
4864,0.0,-624.573181,1424.382324,-155.951538,0.9792511799,0.15507604,0.1304551591,,,,
4865,0.0,-623.23291,1423.353027,-155.894989,0.977776802,0.160545245,0.1348248857,,,,
4866,0.0,-621.529846,1422.343994,-155.829437,0.9761998398,0.1677041687,0.137510671,,,,
4867,0.0,-620.802673,1422.00415,-155.803116,0.9750951218,0.1724566717,0.1394568029,,,,
4868,0.0,-618.007263,1421.043091,-155.70845,0.9702711382,0.1935450078,0.1453074269,,,,
4869,0.0,-616.201843,1420.640259,-155.650101,0.9658722704,0.2115743732,0.1494223605,,,,
4870,0.0,-613.898071,1420.2948,-155.575287,0.9594399222,0.2358084782,0.1544972401,,,,
4871,0.0,-612.830078,1420.167603,-155.542404,0.9571983902,0.2440082494,0.1556637915,,,,
4872,0.0,-610.003357,1419.954346,-155.46019,0.9520956466,0.2620158248,0.1576755759,,,,
4888,0.0,-565.821289,1425.609985,-154.334824,0.9488483539,0.2691807924,0.165010613,,,,
4889,0.0,-561.340881,1426.383911,-166.266907,0.9489577566,0.2684392527,0.1655884772,,,,
4890,0.0,-557.721191,1427.008057,-164.892944,0.9490492984,0.2678139622,0.166075618,,,,
4891,0.0,-554.385986,1427.581543,-163.537201,0.9491381937,0.2672025162,0.1665518076,,,,
4892,0.0,-551.335876,1428.103638,-162.181854,0.949225748,0.2665959803,0.1670241381,,,,
4893,0.0,-545.293884,1429.512939,-159.514954,0.9492374722,0.2665144444,0.1670876185,,,,
4894,0.0,-542.347717,1430.226562,-158.221497,0.9492374722,0.2665144444,0.1670876185,,,,
4895,0.0,-539.07019,1431.03064,-156.779694,0.9492374722,0.2665144444,0.1670876185,,,,
4896,0.0,-536.049927,1431.779785,-155.445541,0.9492374722,0.2665144444,0.1670876185,,,,
4897,0.0,-532.269775,1432.728394,-153.771866,0.9492374722,0.2665144444,0.1670876185,,,,
4898,0.0,-530.6041565,1433.150574,-153.7475815,0.9492374722,0.2665144444,0.1670876185,,,,
4899,0.0,-527.091553,1434.043579,-153.707733,0.9492374722,0.2665144444,0.1670876185,,,,
4900,0.0,-522.365723,1435.268921,-153.668793,0.9489967946,0.2673701879,0.1670876013,,,,
4901,0.0,-519.310303,1436.102295,-153.644119,0.9480752932,0.2716251333,0.1654479539,,,,
4902,0.0,-517.270569,1436.614258,-153.627861,0.949086255,0.2692647362,0.1634663956,,,,
4903,0.0,-513.384705,1437.560547,-153.589096,0.9519395164,0.2614506709,0.1595453034,,,,
4904,0.0,-509.027863,1438.63916,-153.512939,0.954487821,0.2542102984,0.1559811645,,,,
4905,0.0,-506.034576,1439.424194,-153.45639,0.954620995,0.2538617145,0.1557337015,,,,
5605,0.0,1279.192871,981.083374,-160.298737,0.2364689374,-0.9704424963,0.0482058396,,,,
5606,0.0,1279.227051,980.94342,-160.298737,0.2364689374,-0.9704424963,0.0482058396,,,,
5607,0.0,1279.237061,980.901917,-160.298737,0.2364689374,-0.9704424963,0.0482058396,,,,
5608,0.0,1279.258789,980.812744,-160.298737,0.2364689374,-0.9704424963,0.0482058396,,,,
5609,0.0,1279.6032105,979.301666,-160.298737,0.2364689374,-0.9704424963,0.0482058396,,,,
5610,0.0,1280.155151,975.799255,-160.298737,0.2364689374,-0.9704424963,0.0482058396,,,,
5611,0.0,1280.392639,973.213806,-160.298737,0.2364689374,-0.9704424963,0.0482058396,,,,
5612,0.0,1281.021362,968.766113,-160.298737,0.2364689374,-0.9704424963,0.0482058396,,,,
5613,0.0,1282.016846,964.035522,-160.298737,0.2364689374,-0.9704424963,0.0482058396,,,,
5614,0.0,1282.421997,962.107544,-160.298737,0.2364689374,-0.9704424963,0.0482058396,,,,
5615,0.0,1283.404541,957.439636,-160.298737,0.2364689374,-0.9704424963,0.0482058396,,,,
5616,0.0,1283.811279,955.504089,-160.298737,0.2364689374,-0.9704424963,0.0482058396,,,,
5617,0.0,1284.765747,950.967834,-160.298737,0.2364689374,-0.9704424963,0.0482058396,,,,
5618,0.0,1285.128662,949.240967,-160.298737,0.2364689374,-0.9704424963,0.0482058396,,,,
5619,0.0,1286.11792,944.528442,-160.298737,0.2364689374,-0.9704424963,0.0482058396,,,,
5620,0.0,1286.405273,943.156433,-160.298737,0.2364689374,-0.9704424963,0.0482058396,,,,
5621,0.0,1287.466675,938.088989,-160.298737,0.2364689374,-0.9704424963,0.0482058396,,,,
5622,0.0,1287.830811,936.345093,-160.298737,0.2364689374,-0.9704424963,0.0482058396,,,,
5623,0.0,1288.841919,931.504822,-160.298737,0.2364689374,-0.9704424963,0.0482058396,,,,
5624,0.0,1289.22168,929.682861,-160.298737,0.2364689374,-0.9704424963,0.0482058396,,,,
5625,0.0,1290.132324,925.308105,-160.298737,0.2364689374,-0.9704424963,0.0482058396,,,,
5626,0.0,1290.945801,921.393555,-160.298737,0.2364689374,-0.9704424963,0.0482058396,,,,
5627,0.0,1291.33252,919.529236,-160.298737,0.2364689374,-0.9704424963,0.0482058396,,,,
5628,0.0,1292.278687,914.961304,-160.298737,0.2364689374,-0.9704424963,0.0482058396,,,,
5629,0.0,1292.591675,913.445312,-160.298737,0.2364689374,-0.9704424963,0.0482058396,,,,
5630,0.0,1293.547485,908.815063,-160.298737,0.2364689374,-0.9704424963,0.0482058396,,,,
5631,0.0,1293.90271,907.089417,-160.298737,0.2364689374,-0.9704424963,0.0482058396,,,,
5632,0.0,1295.286255,900.355774,-160.298737,0.2364689374,-0.9704424963,0.0482058396,,,,
5633,0.0,1295.727722,898.1984865,-160.298737,0.2364689374,-0.9704424963,0.0482058396,,,,
5634,0.0,1296.169189,896.041199,-160.298737,0.2364689374,-0.9704424963,0.0482058396,,,,
5635,0.0,1297.441772,889.804871,-160.298737,0.2364689374,-0.9704424963,0.0482058396,,,,
5636,0.0,1297.894592,887.576874,-160.298737,0.2364689374,-0.9704424963,0.0482058396,,,,
5637,0.0,1298.671753,883.747559,-160.298737,0.2364689374,-0.9704424963,0.0482058396,,,,
5638,0.0,1299.185608,881.206177,-160.298737,0.2364689374,-0.9704424963,0.0482058396,,,,
5639,0.0,1300.061523,876.872559,-160.298737,0.2364689374,-0.9704424963,0.0482058396,,,,
5640,0.0,1300.90686,872.674011,-160.298737,0.2364689374,-0.9704424963,0.0482058396,,,,
5641,0.0,1301.2913205,870.7593995,-160.298737,0.2364689374,-0.9704424963,0.0482058396,,,,
5642,0.0,1301.989014,867.282288,-160.298737,0.2364689374,-0.9704424963,0.0482058396,,,,
5643,0.0,1302.80896,863.184265,-160.298737,0.2364689374,-0.9704424963,0.0482058396,,,,
5644,0.0,1303.1815795,861.3171995,-160.298737,0.236067106,-0.970519762,0.0486145918,,,,
5645,0.0,1303.897461,857.731873,-160.298737,0.2345409992,-0.9708247541,0.0498980609,,,,
5646,0.0,1304.802979,853.187805,-160.298737,0.2262796577,-0.972284038,0.0588325252,,,,
5647,0.0,1305.551758,849.400696,-160.298737,0.2183895174,-0.9733887758,0.0694284509,,,,
5648,0.0,1306.287354,845.639893,-160.298737,0.2107187026,-0.9742014938,0.0808027098,,,,
5649,0.0,1306.617432,843.941101,-160.298737,0.210253622,-0.9742440509,0.0814981215,,,,
5650,0.0,1307.376587,840.000977,-160.298737,0.210253622,-0.9742440509,0.0814981215,,,,
5651,0.0,1308.179443,835.795349,-160.298737,0.210253622,-0.9742440509,0.0814981215,,,,
5652,0.0,1308.469116,834.269836,-160.298737,0.210253622,-0.9742440509,0.0814981215,,,,
5653,0.0,1309.313599,829.78894,-160.298737,0.210253622,-0.9742440509,0.0814981215,,,,
5654,0.0,1309.643799,828.034668,-160.298737,0.210253622,-0.9742440509,0.0814981215,,,,
5655,0.0,1310.391479,824.031311,-159.6698,0.210253622,-0.9742440509,0.0814981215,,,,
5656,0.0,1311.329346,819.647705,-157.355621,0.210253622,-0.9742440509,0.0814981215,,,,
5657,0.0,1311.692139,818.047729,-156.530518,0.210253622,-0.9742440509,0.0814981215,,,,
5658,0.0,1312.721558,813.48645,-154.182709,0.210253622,-0.9742440509,0.0814981215,,,,
5659,0.0,1313.084595,811.873596,-153.352051,0.210253622,-0.9742440509,0.0814981215,,,,
5660,0.0,1314.11438,807.280762,-151.649109,0.210253622,-0.9742440509,0.0814981215,,,,
5661,0.0,1314.922119,803.664978,-151.504547,0.210253622,-0.9742440509,0.0814981215,0.1496710367,927.1842656087,1761.8652751728,0.0
5662,0.0,1315.303711,801.95282,-151.518646,0.210253622,-0.9742440509,0.0814981215,0.1494358357,925.3720108641,1759.6930032786,0.0
5663,0.0,1316.212036,797.689514,-151.515839,0.2063878897,-0.9750703041,0.0814981041,0.1468405376,915.1222716074,1754.2833694699,0.0
5664,0.0,1316.942383,793.744446,-151.514099,0.1925249464,-0.9779019384,0.0814981215,0.1391860265,890.2276975651,1749.2496859755,0.0
5665,0.0,1317.218872,792.231384,-151.51416,0.1870695872,-0.9789254564,0.081914104,0.1362948954,880.6353120502,1747.3009108894,0.0
5666,0.0,1317.93457,788.157166,-151.511841,0.1708887114,-0.9815787401,0.0854413554,0.1282354962,853.4757233098,1742.0533078554,0.0
5667,0.0,1318.632202,783.930847,-151.509613,0.1518174305,-0.9841770882,0.091361517,0.1194299396,823.0059088538,1736.6071631248,0.0
5668,0.0,1318.87561,782.244019,-151.509628,0.1414089927,-0.9855056431,0.0937129883,0.1147707827,806.772950271,1734.4172174458,0.0
5669,0.0,1319.63916,776.369995,-151.509674,0.102121436,-0.9898648812,0.0986850006,0.0978336875,744.933960678,1726.8289430188,0.0
5670,0.0,1319.895752,774.059448,-151.509659,0.0858908416,-0.9912712154,0.0986850093,0.0912119959,718.8064028631,1723.8350610872,0.0
5671,0.0,1320.152344,771.748901,-151.509644,0.0696602471,-0.9926775495,0.098685018,0.0845903042,692.6788450481,1720.8411791557,0.0
5672,0.0,1320.584106,767.29425,-151.509644,0.0385453772,-0.9944799497,0.0975903862,0.0728041186,642.4186737714,1715.0518445866,0.0
5673,0.0,1320.780884,765.712463,-151.509644,0.0268773119,-0.9948686056,0.0975400826,0.0687116597,624.0037777086,1712.9648059275,0.0
5674,0.0,1321.44397,761.811646,-151.509644,-0.0040930887,-0.9952231822,0.0975400653,0.0585964633,576.0500429078,1707.9163775357,0.0
5675,0.0,1322.590576,756.58783,-151.509644,-0.0529848085,-0.9935856484,0.0999007977,0.0449317497,504.0336218927,1700.5988476304,0.0
5676,0.0,1323.230896,754.501282,-151.509644,-0.073513036,-0.991864635,0.1018441597,0.0405294794,477.557963237,1697.0430034818,0.0
5677,0.0,1323.871216,752.414734,-151.509644,-0.0940412634,-0.9901436215,0.1037875217,0.036127209,451.0823045813,1693.4871593332,0.0
5678,0.0,1325.102295,749.065491,-152.156799,-0.1344789718,-0.9850904311,0.1072951473,0.0290368232,404.0640683402,1689.0263567712,0.0
5679,0.0,1326.000732,746.760742,-152.371857,-0.1597013629,-0.9811029634,0.1092357536,0.0255400285,378.5834310396,1685.8803429578,0.0
5680,0.0,1327.546021,743.005005,-152.298737,-0.1934109439,-0.9746912667,0.1121121824,0.0207963335,341.5158339312,1683.3414351587,0.0
5681,0.0,1329.488159,738.508362,-152.298737,-0.2292909086,-0.9664734931,0.1155623918,0.0178091667,315.3089138656,1678.1922754389,0.0
5682,0.0,1331.127441,734.843323,-152.298737,-0.2545791009,-0.9598645292,0.1176841835,0.0164161532,302.0507285627,1673.8591402069,0.0
5683,0.0,1332.572021,731.665283,-152.298737,-0.2759915206,-0.9537760565,0.118911373,0.0156473236,294.2730753947,1670.017665296,0.0
5684,0.0,1334.148193,728.226746,-152.298737,-0.3004792842,-0.9463016744,0.1192700331,0.0151810272,289.1598673208,1665.8158377054,0.0
5685,0.0,1334.8779295,726.6398315,-152.298737,-0.3085570274,-0.943660423,0.1192700331,0.0151707641,288.721173801,1663.8462230549,0.0
5686,0.0,1336.263428,723.625732,-152.298737,-0.3238795224,-0.9385503259,0.1192700331,0.0152443127,288.7587738912,1660.0751056353,0.0
5687,0.0,1337.908325,720.035461,-152.298737,-0.3422107912,-0.9320227667,0.1192700158,0.0157201083,292.3832808923,1655.4775773627,0.0
5688,0.0,1339.370239,716.819824,-152.298737,-0.3562145526,-0.9267609508,0.1192699984,0.0163299087,297.203329424,1651.304136489,0.0
5689,0.0,1340.951416,713.304565,-152.298737,-0.373943989,-0.9197502663,0.1192700331,0.0174542315,306.3183425084,1646.6868857919,0.0
5690,0.0,1341.50061,712.075256,-152.298737,-0.3801848218,-0.9171881816,0.1192700331,0.0179412665,310.2177843144,1645.0605345232,0.0
5691,0.0,1343.574585,707.340759,-152.298737,-0.4055141879,-0.9062741873,0.1192700331,0.0204259919,329.5132660082,1638.684909901,0.0
5692,0.0,1344.811768,704.44751,-152.298737,-0.4216938873,-0.8989932491,0.1182598985,0.0222709422,343.0819030064,1634.7265564889,0.0
5693,0.0,1345.432007,702.978088,-152.298737,-0.4298282261,-0.8951500137,0.1181276806,0.023395199,351.1011034615,1632.7094256193,0.0
5694,0.0,1347.026001,699.099792,-152.298737,-0.4482942287,-0.8860463507,0.1181276806,0.0263264315,370.9500465601,1627.3530029829,0.0
5695,0.0,1348.312622,695.876282,-152.298737,-0.4628422586,-0.8785345154,0.1181276806,0.028336125,348.0918809906,1472.6760519263,3.0
5696,0.0,1349.602661,692.544556,-152.298737,-0.4732934998,-0.8729485175,0.1181276806,0.0264220063,335.8963888188,1470.9411299536,3.0
5697,0.0,1350.114502,691.200867,-152.298737,-0.4780078779,-0.8703759646,0.1181276806,0.0255587337,330.2820861433,1470.2569568837,3.0
5698,0.0,1351.565674,687.260803,-152.298737,-0.4923451836,-0.8623468393,0.1181276806,0.0230445678,313.3708428531,1468.1683656885,3.0
5699,0.0,1352.131958,685.687683,-152.298737,-0.4978508586,-0.8591800589,0.1181276806,0.0220558734,306.4890678203,1467.390992402,3.0
5700,0.0,1353.634766,681.350952,-152.298737,-0.517328571,-0.8475948304,0.1181276979,0.0189064424,283.5227372372,1464.9759403854,3.0
5701,0.0,1354.936401,677.403015,-152.298737,-0.5355050359,-0.8362297601,0.1181276633,0.0162837276,262.9020797982,1462.7743263338,3.0
5702,0.0,1355.480835,675.702454,-152.298737,-0.5451660528,-0.8300775266,0.1173255072,0.0148944771,251.3653221732,1461.8436790741,3.0
5703,0.0,1356.780518,671.41925,-152.298737,-0.5686339652,-0.8145116827,0.115004923,0.0119118094,224.5896693695,1459.4293792258,3.0
5704,0.0,1357.833008,667.737793,-152.298737,-0.5862220673,-0.8019898159,0.1146997084,0.0102697456,208.3201941384,1457.3183291632,3.0
5705,0.0,1358.26123,666.179443,-152.298737,-0.592805144,-0.7971361528,0.1146996738,0.0097678638,203.0654788926,1456.4126237123,3.0
5706,0.0,1359.321289,662.090271,-152.298737,-0.6087695353,-0.7850118736,0.1146996564,0.008768192,192.1248150054,1454.0104487483,3.0
5707,0.0,1360.167847,658.594727,-152.298737,-0.6217215317,-0.7747943713,0.1146996911,0.008183602,185.3715687741,1451.9318188026,3.0
5708,0.0,1360.558838,656.911011,-152.298737,-0.6282372682,-0.7695821838,0.1142855952,0.007917126,182.2149085723,1450.9298928793,3.0
5709,0.0,1361.442749,652.811523,-152.298737,-0.6454519811,-0.7555364732,0.1120552443,0.0073377102,175.150689729,1448.4874005013,3.0
5710,0.0,1362.240601,648.671143,-152.298737,-0.6653417338,-0.7385297615,0.1090603897,0.0071406611,172.4839372839,1445.9095374584,3.0
5711,0.0,1362.513428,647.185303,-152.298737,-0.6695278,-0.7347483625,0.1089833417,0.1056634845,699.0899479367,1562.5791601231,0.0
5712,0.0,1363.102051,643.675476,-152.298737,-0.6797885337,-0.725448813,0.1077569908,0.1119561393,716.8681622383,1559.2268196661,0.0
5713,0.0,1363.770996,639.271667,-152.298737,-0.694417192,-0.7119278671,0.1046110681,0.1211336122,741.8749196189,1555.0716593691,0.0
5714,0.0,1363.999268,637.635803,-152.298737,-0.7005951897,-0.7060209814,0.1034444489,0.1251964849,752.6431488728,1553.5139786481,0.0
5715,0.0,1364.54126,633.096802,-152.298737,-0.7166432,-0.6903438233,0.0992367352,0.1361487861,780.4037998124,1549.1977878237,0.0
5716,0.0,1364.720459,631.484192,-152.298737,-0.7227790779,-0.6842751092,0.0967366505,0.1403714826,790.7240521064,1547.6487706548,0.0
5717,0.0,1365.094727,626.864136,-152.298737,-0.7439585276,-0.6624761111,0.0874706321,,,,
5718,0.0,1365.206909,625.140503,-152.298737,-0.7530407805,-0.6527277025,0.0829224291,,,,
5719,0.0,1365.354492,620.631042,-152.298737,-0.7808691498,-0.6209120611,0.0686409741,,,,
5720,0.0,1365.399048,616.913635,-152.298737,-0.8013164084,-0.5953691719,0.0585453908,,,,
5721,0.0,1365.399048,612.687805,-152.298737,-0.8183087072,-0.5726242049,0.0497230299,,,,
5722,0.0,1365.441528,608.44397,-152.298737,-0.8328218194,-0.5519404677,0.0420658665,,,,
5723,0.0,1365.5654905,606.555725,-152.298737,-0.840711696,-0.5399399637,0.0380277699,,,,
5724,0.0,1365.880737,602.834229,-152.298737,-0.8565518976,-0.5151943747,0.0298931933,,,,
5725,0.0,1366.0049435,601.696625,-152.298737,-0.8654415523,-0.5000191478,0.0258014648,,,,
5726,0.0,1366.150269,600.372559,-152.298737,-0.8802608393,-0.4741038401,0.0191416719,,,,
5727,0.0,1366.218262,599.784485,-152.298737,-0.8985593821,-0.4387206733,0.0107334815,,,,
5728,0.0,1366.341614,599.33667,-152.298737,-0.9053821583,-0.4242200101,0.007114187,,,,
5729,0.0,1366.464966,598.888855,-152.298737,-0.9122049345,-0.4097193469,0.0034948925,,,,
5730,0.0,1366.843262,597.651611,-152.298737,-0.9246857146,-0.380726572,-0.0018991091,,,,
5731,0.0,1367.039429,597.049561,-152.298737,-0.9285019723,-0.3713089533,-0.0037079086,,,,
5732,0.0,1367.620117,595.81665,-152.298737,-0.93252299,-0.3610824974,-0.0045059187,,,,
5733,0.0,1367.966064,595.347351,-152.298737,-0.9328106977,-0.3603385876,-0.0045060584,,,,
5734,0.0,1368.479126,594.8406065,-152.298737,-0.9328106977,-0.3603385876,-0.0045060584,,,,
5735,0.0,1369.445923,593.951111,-152.298737,-0.9330376624,-0.3597504929,-0.0045059187,,,,
5736,0.0,1370.0350955,593.511444,-152.298737,-0.9337408762,-0.3579159294,-0.0045059187,,,,
5737,0.0,1371.242432,592.65387,-152.298737,-0.9355983444,-0.353037441,-0.0045059187,,,,
5738,0.0,1371.81189,592.29303,-152.298737,-0.9363031203,-0.3511640125,-0.0045059187,,,,
5739,0.0,1372.509888,591.931702,-152.298737,-0.9364917077,-0.3506607719,-0.0045060584,,,,
5740,0.0,1372.78064,591.799255,-152.298737,-0.9364917077,-0.3506607719,-0.0045060584,,,,
5741,0.0,1373.689453,591.389954,-152.298737,-0.9353204263,-0.3537998932,-0.0011557044,,,,
5742,0.0,1374.000977,591.256531,-152.298737,-0.9307476202,-0.3656259988,0.0051474768,,,,
5743,0.0,1374.939087,590.901123,-152.298737,-0.9130708472,-0.4069263187,0.0266945542,,,,
5744,0.0,1375.396973,590.721985,-152.298737,-0.9057195108,-0.4224455624,0.0348125624,,,,
5745,0.0,1376.694702,589.812866,-152.29895,-0.8823077941,-0.4668976091,0.0594943621,,,,
5746,0.0,1377.078857,589.553589,-152.29895,-0.8733952467,-0.4821930646,0.0683417262,,,,
5747,0.0,1377.789062,589.108704,-152.298859,-0.8581830432,-0.5063886774,0.0842162204,,,,
5748,0.0,1379.13562,588.455078,-152.298767,-0.8314279385,-0.5430142552,0.1177416736,,,,
5749,0.0,1379.624023,588.274109,-152.298782,-0.8260705959,-0.5491877415,0.1264918777,,,,
5750,0.0,1381.000854,587.850098,-152.298737,-0.8167546408,-0.5598158376,0.1397071389,,,,
5751,0.0,1381.490601,587.728455,-152.298737,-0.8162298996,-0.5604017645,0.1404229799,,,,
5752,0.0,1382.731934,587.443848,-152.298737,-0.8158744396,-0.5607887042,0.1409429956,,,,
5753,0.0,1383.009766,587.394226,-152.298737,-0.8161960175,-0.5603650665,0.140765952,,,,
5754,0.0,1384.33606,587.124878,-152.298737,-0.8171521388,-0.5591024047,0.1402386651,,,,
6053,0.0,1325.739868,1353.26123,-158.980026,-0.1434414794,-0.9892096677,0.0298123333,0.0003658117,23.9452916552,885.3521164949,6.0
6054,0.0,1325.744751,1353.241699,-158.9825285,-0.1434414794,-0.9892096677,0.0298123333,0.000407366,25.2255024995,885.018501399,6.0
6055,0.0,1326.63208,1358.115845,-158.985031,-0.1434414794,-0.9892096677,0.0298123333,0.0004988356,28.0955761767,889.6073701997,6.0
6056,0.0,1326.6679075,1358.348511,-158.9974515,-0.1434414794,-0.9892096677,0.0298123333,0.0005693102,29.9502157704,889.4359453211,6.0
6057,0.0,1326.703735,1358.581177,-159.009872,-0.1434414794,-0.9892096677,0.0298123333,0.0006397847,31.804855364,889.2645204425,6.0
6058,0.0,1326.09668,1355.336426,-159.229446,-0.1434414794,-0.9892096677,0.0298123333,0.0008002075,35.4027371626,885.130783731,6.0
6059,0.0,1325.5632325,1352.642456,-159.3352355,-0.1434414794,-0.9892096677,0.0298123333,0.000891533,37.1804189165,882.0199815864,6.0
6060,0.0,1324.611694,1347.69519,-159.527832,-0.1429641037,-0.9892787726,0.0298123333,0.0010882071,40.8742795062,876.3902187645,6.0
6061,0.0,1324.0702515,1344.7249145,-159.6401445,-0.1421179658,-0.9894003122,0.0298123333,0.0012544672,43.607356451,873.0196301297,6.0
6062,0.0,1323.113892,1339.355469,-159.854385,-0.1411649577,-0.9895371036,0.0298123333,0.0015406289,48.1063855514,866.9739353009,6.0
6063,0.0,1322.6014405,1336.4591675,-159.9778595,-0.1411649577,-0.9895371036,0.0298123333,0.0016897094,50.1358097199,863.785494555,6.0
6134,0.0,1309.54187,1039.320312,-161.711716,0.1120665068,-0.99229686,0.05280189,0.0207284525,397.691240578,1963.4050055903,0.0
6135,0.0,1308.060059,1041.276367,-160.298737,0.1120665068,-0.99229686,0.05280189,0.0209439537,399.5652443896,1962.5888330533,0.0
6136,0.0,1308.092773,1040.987061,-160.298737,0.1120665068,-0.99229686,0.05280189,0.0210542967,399.569770954,1957.515980457,0.0
6137,0.0,1308.118286,1040.760864,-160.298737,0.1120665068,-0.99229686,0.05280189,0.021135772,399.4870006307,1953.3748672741,0.0
6138,0.0,1308.365479,1038.371826,-160.298737,0.1120665068,-0.99229686,0.05280189,0.0212361373,399.3640026541,1948.2028257272,0.0
6139,0.0,1309.155396,1030.835815,-160.298737,0.1126517225,-0.9921988919,0.0533942731,0.0214560491,398.5645266383,1934.4206257767,0.0
6140,0.0,1309.380981,1028.744385,-160.298737,0.1133627284,-0.9920848422,0.0540051632,0.021456194,397.7752009491,1930.5832092107,0.0
6141,0.0,1310.8083495,1024.725159,-161.2578965,0.1174356638,-0.9915446934,0.0550456406,0.0208094667,390.2861340317,1923.255390787,0.0
6142,0.0,1312.51416,1018.76947,-162.099152,0.1254033282,-0.9904330787,0.057587515,0.0196765907,377.4693813842,1912.2239035819,0.0
6143,0.0,1313.304932,1013.393311,-161.999603,0.1416359044,-0.9879393832,0.0625703263,0.0175643365,354.9165014969,1902.0011117542,0.0
6144,0.0,1313.638062,1011.293884,-161.95929,0.1510801825,-0.9863632847,0.0652859022,0.0163947871,342.2920699466,1898.0879288328,0.0
6145,0.0,1314.209717,1005.33313,-162.104538,0.1817301907,-0.9806281806,0.0730924698,0.0130654915,304.0439306316,1887.0425239923,0.0
6146,0.0,1314.681641,1003.468872,-161.942886,0.1903978817,-0.9788524384,0.0748100968,0.0122307093,293.697125975,1883.6095595903,0.0
6147,0.0,1314.96167,999.896179,-162.006531,0.2077706124,-0.9750709947,0.0778969058,0.0107480512,274.504499617,1877.3260603752,0.0
6148,0.0,1315.498291,994.25531,-161.91539,0.2346210986,-0.9686257125,0.0819583385,0.0089395012,249.1632509861,1867.6053831324,0.0
6149,0.0,1316.161377,991.556152,-161.790939,0.2475898178,-0.9652558119,0.0835493847,0.008254801,238.8629993692,1862.8534342445,0.0
6150,0.0,1316.5844725,988.565918,-161.694267,0.2637775628,-0.9606536226,0.0853208848,0.0077304798,230.4383267145,1857.7585637968,0.0
6151,0.0,1317.62854,983.03241,-161.517883,0.2963780426,-0.9510177955,0.0878931658,0.0069462071,217.4802283188,1848.3593439343,0.0
6152,0.0,1318.30542,979.497559,-161.464691,0.3182396748,-0.9437789653,0.0894694034,0.0070686152,218.6810317676,1842.4587417175,0.0
6153,0.0,1319.748901,973.64447,-161.592712,0.3422987436,-0.9352063504,0.0906678124,0.0076202448,225.8287930554,1832.7734734983,0.0
6154,0.0,1320.265381,971.609985,-161.397888,0.3495259991,-0.9325293169,0.090667795,0.0078495533,228.7561116489,1829.3178372996,0.0
6155,0.0,1321.70459,966.516357,-161.617859,0.3610088729,-0.9281443538,0.0906678124,0.0082172561,232.9628255289,1820.9676504377,0.0
6156,0.0,1322.264404,964.567932,-161.55278,0.3643508747,-0.9268375214,0.090667795,0.0083289074,234.1172864505,1817.7353573942,0.0
6157,0.0,1323.807617,959.574707,-161.810287,0.3713475759,-0.9240564516,0.0906678124,0.008529016,235.8371143509,1809.5712880986,0.0
6158,0.0,1325.444702,954.72821,-161.890305,0.3769325507,-0.9217923845,0.0906678124,0.0086724514,236.7509263702,1801.5627727045,0.0
6159,0.0,1326.057007,952.768921,-161.858826,0.3801346081,-0.920476522,0.0906678124,0.0088064007,238.1416490123,1798.3714197644,0.0
6160,0.0,1327.767578,948.120422,-161.864517,0.3859488711,-0.9180538219,0.090667795,0.0090072742,239.7985434,1790.667754406,0.0
6161,0.0,1328.415039,946.229187,-161.860229,0.3875820826,-0.9173655107,0.090667795,0.0090365017,239.7709756526,1787.5771481157,0.0
6162,0.0,1330.507568,940.939453,-161.674454,0.3923045453,-0.9153559388,0.090667795,0.0091461438,240.027380485,1778.7793624229,0.0
6163,0.0,1332.248657,936.518982,-161.379807,0.398302639,-0.9127619398,0.090667795,0.0094311345,242.723668626,1771.5016212234,0.0
6164,0.0,1332.846802,934.870117,-161.392273,0.4006690686,-0.9116742572,0.0911830372,0.0096049524,244.5704047248,1768.8322725041,0.0
6165,0.0,1334.615479,930.90509,-160.804108,0.4065904855,-0.9089854023,0.0918134822,0.0100339895,249.01728749,1762.2594506121,0.0
6166,0.0,1336.628296,926.541077,-160.101807,0.4122657596,-0.9064255208,0.0918134996,0.0103733562,252.1334921099,1755.0322386875,0.0
6167,0.0,1338.394531,922.586243,-159.766678,0.4159533851,-0.9047392254,0.0918134822,0.0105256402,253.029297082,1748.547262943,0.0
6168,0.0,1339.097778,920.963257,-159.663208,0.4173939615,-0.9040755308,0.0918134822,0.0105787229,253.2794027249,1745.9020474162,0.0
6169,0.0,1341.490479,916.32782,-159.105072,0.4231932777,-0.9013754679,0.0918134822,0.0109011067,255.951653713,1738.1788331219,0.0
6170,0.0,1344.090576,910.691467,-158.848511,0.4338336323,-0.8963027729,0.0918134996,0.011746415,264.2220171947,1728.9420883518,0.0
6171,0.0,1345.1207885,908.649536,-158.8173905,0.4387327372,-0.8938982512,0.0918134996,0.0122230599,268.9080494911,1725.5602411452,0.0
6172,0.0,1346.151001,906.607605,-158.78627,0.4436318421,-0.8914937296,0.0918134996,0.0126997048,273.5940817876,1722.1783939386,0.0
6173,0.0,1348.006104,902.648682,-158.745514,0.4522214492,-0.887080427,0.0926502936,0.0136660578,282.6766093037,1715.7030133647,0.0
6174,0.0,1350.77478,897.591614,-159.371353,0.4634782908,-0.8810971676,0.0941044906,0.0150671641,295.2523402636,1707.2797215541,0.0
6175,0.0,1353.04834,893.060669,-159.85376,0.4714626866,-0.8768507741,0.0941044906,0.0159230258,302.1330085572,1699.8324588818,0.0
6176,0.0,1354.0073245,891.087433,-159.914383,0.4745690739,-0.8751662996,0.0941044906,0.0162625023,304.7096497371,1696.6138214362,0.0
6177,0.0,1354.966309,889.114197,-159.975006,0.4776754612,-0.873481825,0.0941044906,0.0166019788,307.286290917,1693.3951839906,0.0
6178,0.0,1356.704834,885.565674,-160.376648,0.4835777222,-0.8702280916,0.0941044906,0.0172716207,312.2946029897,1687.5875839069,0.0
6179,0.0,1360.609863,878.320984,-162.326584,0.4920987674,-0.8654381249,0.0941044906,0.0182290987,318.6014747259,1676.248724478,0.0
6180,0.0,1361.883667,873.686157,-162.109161,0.5013640786,-0.8600177562,0.0948868782,0.0195964839,328.7105987058,1668.5828887956,0.0
6181,0.0,1362.6698,870.045959,-162.121429,0.5074729923,-0.8562943252,0.0960790859,0.0205361427,335.1997259778,1662.5335946998,0.0
6182,0.0,1363.0718385,867.7508235,-161.7518385,0.5106637331,-0.854239142,0.0973753305,0.0211009475,338.9115029355,1658.7327856241,0.0
6183,0.0,1363.754883,863.405396,-161.308304,0.5160252766,-0.8507957074,0.0993205834,0.0219622784,344.2247823683,1651.5288078265,0.0
6184,0.0,1364.062561,860.8079225,-161.1327895,0.5177506211,-0.8496525106,0.1001000223,0.0221338145,344.6497571784,1647.2482289341,0.0
6185,0.0,1364.370239,858.210449,-160.957275,0.5194759656,-0.8485093137,0.1008794612,0.0223053507,345.0747319885,1642.9676500417,0.0
6186,0.0,1364.793579,852.3349,-160.905792,0.5206086065,-0.8478035348,0.1009744779,0.0218793268,339.7764455223,1633.2395952399,0.0
6187,0.0,1364.979858,847.222717,-160.976761,0.5206086065,-0.8478035348,0.1009744779,0.0212831565,333.4275734279,1624.7691619952,0.0
6188,0.0,1364.986267,844.822235,-161.126427,0.5206086065,-0.8478035348,0.1009744779,0.0209921642,330.3463339245,1620.7664053232,0.0
6189,0.0,1364.945801,840.431396,-161.367416,0.5206086065,-0.8478035348,0.1009744779,0.0204589563,324.6929893169,1613.4255077501,0.0
6190,0.0,1364.747192,835.863464,-161.729584,0.5213042435,-0.8473759735,0.1009744779,0.0200327838,319.7952871304,1605.7295799511,0.0
6191,0.0,1364.522339,832.171448,-161.841156,0.5215422295,-0.847136977,0.1017479481,0.0197160078,316.0523247704,1599.5055815819,0.0
6192,0.0,1364.038696,827.975403,-161.77272,0.5215223993,-0.8471045351,0.1021190169,0.019222661,310.7063820937,1592.3025531942,0.0
6193,0.0,1363.557373,823.611389,-159.893219,0.5224875054,-0.846509606,0.1021190169,0.019020955,307.6375849707,1584.8322263825,0.0
6194,0.0,1363.369995,821.966492,-159.090698,0.5224704187,-0.8464613632,0.1026051768,0.0189525998,306.5450401034,1582.0218005919,0.0
6195,0.0,1362.716919,817.269897,-156.808777,0.5231077772,-0.8459875409,0.1032634207,0.0188509349,304.1635188154,1573.9179921684,0.0
6196,0.0,1362.224976,813.541931,-154.9142,0.5233659096,-0.8457336557,0.1040322462,0.0187607261,302.2099377768,1567.5285363566,0.0
6197,0.0,1361.703735,809.219116,-154.169525,0.5210499404,-0.8471162815,0.1044076877,0.0180254276,294.8895035239,1560.1540651111,0.0
6198,0.0,1361.485962,807.624634,-154.222626,0.5198307341,-0.8478370255,0.1046345355,0.0176791963,291.5603651216,1557.4361721669,0.0
6199,0.0,1360.5177,801.729736,-154.160263,0.5130627433,-0.8517317048,0.1063941942,0.0161651443,277.1040688332,1547.3920157251,0.0
6200,0.0,1359.767212,797.851868,-154.069855,0.508466995,-0.8543367932,0.1075637433,0.0152129215,267.7355113731,1540.7873488885,0.0
6201,0.0,1358.914429,793.746948,-153.880798,0.5016815503,-0.8581635648,0.1089537437,0.0139879089,255.5744707741,1533.381178126,0.0
6202,0.0,1358.615479,792.462097,-153.828888,0.4993062012,-0.8594901903,0.109407176,0.013589097,251.5425098542,1531.0223996341,0.0
6203,0.0,1357.66272,788.462158,-153.532471,0.4937235565,-0.8625306457,0.1108058437,0.0126809656,241.8883806483,1523.7195833747,0.0
6204,0.0,1356.505737,784.527466,-153.184219,0.4924878847,-0.8631770363,0.1112703352,0.0122864118,236.9974271272,1516.5411364088,0.0
6205,0.0,1355.116211,781.470703,-152.516724,0.4924878847,-0.8631770363,0.1112703352,0.0120587878,233.9649016704,1511.1136070134,0.0
6206,0.0,1353.801636,778.057861,-151.977493,0.4924878847,-0.8631770363,0.1112703352,0.0118107788,230.6166822302,1504.9518140612,0.0
6207,0.0,1353.302979,775.228638,-152.034561,0.4924878847,-0.8631770363,0.1112703352,0.0116143648,227.9054193727,1499.707670377,0.0
6208,0.0,1352.733398,772.019592,-152.112671,0.4924878847,-0.8631770363,0.1112703352,0.0113910544,224.8226034542,1493.768566285,0.0
6209,0.0,1352.512268,770.130249,-152.084091,0.4924878847,-0.8631770363,0.1112703352,,,,
6210,0.0,1352.291138,768.240906,-152.055511,0.4924878847,-0.8631770363,0.1112703352,,,,
6211,0.0,1352.194946,763.879944,-152.155121,0.4924878847,-0.8631770363,0.1112703352,,,,
6212,0.0,1352.240845,759.0495,-152.293228,0.4924878847,-0.8631770363,0.1112703352,,,,
6213,0.0,1352.253052,757.260132,-152.29538,0.4924878847,-0.8631770363,0.1112703352,,,,
6214,0.0,1352.611328,753.097046,-153.026031,0.4924878847,-0.8631770363,0.1112703352,,,,
6215,0.0,1353.3125,747.820557,-153.137863,0.4924878847,-0.8631770363,0.1112703352,,,,
6216,0.0,1353.734253,745.4993595,-153.0787355,0.4924878847,-0.8631770363,0.1112703352,,,,
6217,0.0,1354.156006,743.178162,-153.019608,0.4924878847,-0.8631770363,0.1112703352,,,,
6218,0.0,1354.764893,740.307617,-152.911514,0.4924878847,-0.8631770363,0.1112703352,,,,
6219,0.0,1356.164673,734.216003,-152.588242,0.4924878847,-0.8631770363,0.1112703352,,,,
6220,0.0,1356.975586,731.021729,-152.175949,0.4924878847,-0.8631770363,0.1112703352,,,,
6221,0.0,1358.007324,727.645691,-151.61998,0.4917487673,-0.8635983223,0.1112703352,,,,
6222,0.0,1359.043579,724.800476,-151.131226,0.4907769482,-0.8640507016,0.1120462952,,,,
6223,0.0,1360.528931,721.976746,-151.161072,0.4883440077,-0.8652781345,0.1131984103,,,,
6224,0.0,1361.2161255,720.404877,-151.1464995,0.486371921,-0.866306441,0.1137989348,,,,
6225,0.0,1361.90332,718.833008,-151.131927,0.4843998344,-0.8673347475,0.1143994592,,,,
6226,0.0,1363.718872,715.852722,-151.414352,0.4799444464,-0.8696422424,0.1156533552,,,,
6227,0.0,1365.546509,713.189636,-151.661636,0.4731252161,-0.8730829988,0.1178074999,,,,
6228,0.0,1367.490234,710.537781,-151.821793,0.4533222969,-0.883056543,0.1212849415,,,,
6229,0.0,1370.496094,706.900879,-151.931625,0.4066864667,-0.9052186739,0.1232285281,,,,
6230,0.0,1372.952271,704.24353,-152.023987,0.3477456756,-0.9293745943,0.1238378319,,,,
6231,0.0,1375.28833,702.273743,-152.262238,0.2768921099,-0.9528876906,0.1238378319,,,,
6232,0.0,1377.475342,699.515442,-152.060303,0.1708044623,-0.9774916996,0.1238378492,,,,
6233,0.0,1379.553101,697.509888,-152.14032,0.0532719904,-0.9911034146,0.1219676866,,,,
6234,0.0,1381.216431,695.753052,-152.259781,-0.0683732152,-0.9905016988,0.1192958008,,,,
6235,0.0,1382.888428,692.929565,-152.55455,-0.1972018905,-0.9734375432,0.1163218119,,,,
6236,0.0,1383.892212,690.83606,-152.662598,-0.2902586762,-0.9503292634,0.1123574301,,,,
6255,0.0,1390.176392,641.425415,-152.995911,-0.8544409961,-0.5097063353,0.1006480797,0.0279140781,80.4927131297,343.0694173091,6.0
6256,0.0,1390.325928,639.05661,-153.0099565,-0.8624030054,-0.49581658,0.100849471,0.0264734277,78.5403078237,343.759519342,6.0
6257,0.0,1390.475464,636.687805,-153.024002,-0.8703650148,-0.4819268246,0.1010508623,0.0250327773,76.5879025178,344.4496213749,6.0
6258,0.0,1391.633179,632.693237,-152.686646,-0.8846597867,-0.4550700533,0.1014312991,0.0223847139,73.0255640392,347.0789227627,6.0
6259,0.0,1392.465454,629.422852,-152.685577,-0.8965836448,-0.4310240202,0.1017647378,0.0198321839,69.2497865693,349.4476870629,6.0
6260,0.0,1395.849243,617.189087,-152.824997,-0.9086169724,-0.4049529649,0.1021190169,0.0177697646,149.4621127647,796.3669558852,3.0
6261,0.0,1395.572021,622.815369,-153.078674,-0.9080469413,-0.40618682,0.102288903,0.0167207799,144.8484938907,795.4150210754,3.0
6262,0.0,1396.530273,620.5009155,-153.256706,-0.9031941051,-0.416505143,0.1031172647,0.0189421171,153.4144553527,793.4696800257,3.0
6263,0.0,1398.17334,616.598328,-153.533127,-0.8918185387,-0.4401562102,0.1045093524,0.0241661294,172.6768183519,790.2332085011,3.0
6264,0.0,1397.173706,613.804016,-152.298737,-0.8439805407,-0.5255838085,0.107044417,0.0480742291,240.0585002021,783.6628787902,3.0
6265,0.0,1398.205688,611.629395,-152.298782,-0.8133121425,-0.5715145459,0.1090618297,0.0663366189,280.2336166842,782.4437564562,3.0
6266,0.0,1399.9478755,608.8221135,-152.2988965,-0.7505129714,-0.643823421,0.1141217343,,,,
6267,0.0,1403.061523,604.188293,-152.299393,-0.6273149973,-0.7688368659,0.1239587345,,,,
6268,0.0,1407.295654,600.047119,-152.299362,-0.4158481689,-0.8990648806,0.136940282,,,,
6269,0.0,1408.932373,598.7481995,-152.299278,-0.3327437982,-0.9283894502,0.1399963824,,,,
6270,0.0,1412.074341,596.093933,-152.299026,-0.1688967005,-0.9748621613,0.1453192037,,,,
6271,0.0,1414.253418,593.5506285,-152.2988815,-0.0608338878,-0.981206357,0.1476818224,,,,
6272,0.0,1417.685791,589.615173,-152.298813,0.0953417797,-0.9839844782,0.1506137166,,,,
6273,0.0,1419.5289305,587.659393,-152.2987825,0.1495452106,-0.9754568357,0.1520115297,,,,
6274,0.0,1422.589111,584.399536,-152.298767,0.2198701795,-0.9632937273,0.1540204501,,,,
6275,0.0,1425.577637,581.371399,-152.298737,0.2543983057,-0.9546628847,0.1545971495,,,,
6276,0.0,1428.244263,578.78125,-152.298737,0.2749548838,-0.9489465415,0.1545971323,,,,
6277,0.0,1430.841187,576.37738,-152.298737,0.2882440565,-0.9448315195,0.1555916566,,,,
6278,0.0,1432.069092,575.271118,-152.298737,0.2940763098,-0.943009087,0.1557337015,,,,
6279,0.0,1436.160278,571.850464,-152.298737,0.3187786008,-0.9347689831,0.156802908,,,,
6280,0.0,1438.865479,569.457275,-152.298737,0.3490041674,-0.9237092177,0.1579790246,,,,
6281,0.0,1439.972168,568.463013,-152.298737,0.3628288024,-0.9183622953,0.1580061855,,,,
6282,0.0,1442.731201,565.821777,-152.298782,0.401477667,-0.9020348796,0.1585836024,,,,
6283,0.0,1445.460083,563.083679,-152.298737,0.4425400241,-0.882514654,0.1591421145,,,,
6284,0.0,1448.267212,560.132446,-152.298737,0.4804714073,-0.8624505865,0.1591421145,,,,
6285,0.0,1450.90271,557.200745,-152.298752,0.5053474141,-0.8479164872,0.1601924521,,,,
6286,0.0,1453.229736,554.477844,-152.298737,0.5189862731,-0.8394098133,0.1613828174,,,,
6287,0.0,1454.380249,553.100281,-152.298737,0.5246101027,-0.8359006996,0.161413322,,,,
6288,0.0,1456.912354,549.982666,-152.298737,0.5337406834,-0.8301003689,0.161413322,,,,
6933,0.0,1603.696899,-905.202881,-256.298737,-0.9736625356,0.2180549739,0.0665829946,0.093662438,686.8849157964,1625.5537993467,6.0
6934,0.0,1603.54895,-905.169739,-256.298737,-0.9736625356,0.2180549739,0.0665829946,0.09386767,687.4909389141,1625.2958851976,6.0
6935,0.0,1603.420532,-905.140991,-256.298737,-0.9736625356,0.2180549739,0.0665829946,0.0940746548,688.1027825557,1625.0399965894,6.0
6936,0.0,1603.3952025,-905.007782,-256.298737,-0.9736625356,0.2180549739,0.0665829946,0.0941303023,688.2196980237,1624.8594628133,6.0
6937,0.0,1602.756104,-903.420715,-256.298737,-0.9751210097,0.2114372694,0.0665830121,0.0969546056,697.2292968068,1623.1805548391,6.0
6938,0.0,1601.749573,-901.3085935,-256.298737,-0.9769291895,0.2027236205,0.0665829946,0.1006330173,708.5274406085,1620.9616504728,6.0
6944,0.0,1591.021729,-886.848694,-256.298737,-0.9846150595,0.1622056013,0.0649809788,0.1186810245,757.0028947164,1602.0485709278,6.0
6945,0.0,1586.822021,-883.466736,-256.298737,-0.985868198,0.1551483643,0.0631892495,0.1222493691,764.7956245919,1596.2581332832,6.0
6946,0.0,1585.256104,-882.220581,-256.298737,-0.9862689166,0.1528232079,0.062599451,0.1234240816,767.2037345347,1594.1445052563,6.0
6947,0.0,1582.848389,-880.298096,-256.298737,-0.9868885957,0.1491567251,0.0616698557,0.1252927134,771.0607485976,1590.9588783581,6.0
6948,0.0,1578.450317,-877.191223,-256.298737,-0.9881006945,0.1417138203,0.0597847035,0.1292353457,779.5720381358,1585.462670355,6.0
6949,0.0,1576.843872,-876.254395,-256.298737,-0.988489633,0.1395363499,0.0584624031,0.1304724703,782.1152449725,1583.5995742867,6.0
6950,0.0,1574.8537595,-875.170044,-256.298737,-0.9888918762,0.1370917853,0.0573704593,0.1318984141,784.9437874718,1581.3532563057,6.0
6951,0.0,1570.569092,-872.936829,-256.298737,-0.9899533051,0.130110975,0.0553496877,,,,
6952,0.0,1568.381592,-871.892212,-256.298737,-0.9905944495,0.1257879087,0.0538520068,,,,
6953,0.0,1564.198486,-870.04364,-256.298737,-0.9913837383,0.119875952,0.05280189,,,,
6954,0.0,1562.420166,-869.307861,-256.298737,-0.9918904897,0.1159025266,0.0521522846,,,,
6955,0.0,1559.7677,-868.258057,-256.298737,-0.9927112037,0.1093678676,0.0506274184,,,,
6956,0.0,1555.678833,-866.75531,-256.298737,-0.9939383721,0.0986844957,0.0484549557,,,,
6957,0.0,1553.891235,-866.128906,-256.298737,-0.9944786003,0.0936381305,0.0473731357,,,,
6958,0.0,1549.665405,-864.750671,-256.298737,-0.9956047961,0.0820868667,0.0450869852,,,,
6959,0.0,1547.992432,-864.227844,-256.298737,-0.9959521789,0.0781095938,0.0444763841,,,,
6960,0.0,1543.293213,-862.865723,-256.298737,-0.996805067,0.067968321,0.0419519448,,,,
6961,0.0,1539.409546,-861.821533,-256.298737,-0.9974700243,0.0586005036,0.0402434034,,,,
6962,0.0,1537.328125,-861.292725,-256.298737,-0.9979183025,0.0514763175,0.0388490694,,,,
6963,0.0,1534.607544,-860.631226,-256.298737,-0.998442128,0.0414125818,0.0373940521,,,,
6964,0.0,1528.2771,-859.229187,-256.298737,-0.9992536197,0.0150854759,0.0355616647,,,,
6965,0.0,1526.072388,-858.796051,-256.298737,-0.9993239378,0.0069549354,0.0351714849,,,,
6966,0.0,1521.899902,-857.998169,-256.298737,-0.9993772034,-0.00781194,0.0344119004,,,,
6967,0.0,1519.56488,-857.604309,-256.298737,-0.9993004631,-0.0134946724,0.0344119004,,,,
6968,0.0,1517.229858,-857.210449,-256.298737,-0.9992237228,-0.0191774049,0.0344119004,,,,
6969,0.0,1511.3125,-856.571655,-256.298737,-0.9990480456,-0.0275135734,0.0338527088,,,,
6970,0.0,1509.180847,-856.410858,-256.298737,-0.9989418166,-0.03122893,0.033557391,,,,
6971,0.0,1505.267822,-856.147583,-256.298737,-0.9986501956,-0.0398926218,0.0332620732,,,,
6972,0.0,1503.055969,-856.071472,-256.298737,-0.998250765,-0.048392671,0.0328785962,,,,
6973,0.0,1500.844116,-855.995361,-256.298737,-0.9978513344,-0.0568927203,0.0324951192,,,,
6974,0.0,1494.334351,-855.914124,-256.298737,-0.9958917116,-0.0846670261,0.0321122019,,,,
6975,0.0,1492.206482,-855.9138185,-256.298737,-0.9951815817,-0.0923218596,0.0321121931,,,,
6976,0.0,1488.304077,-855.929932,-256.298737,-0.9938263671,-0.106197733,0.0321122019,,,,
6977,0.0,1486.073242,-855.9855655,-256.298737,-0.9928026192,-0.1150332608,0.0321122019,,,,
6978,0.0,1482.058228,-856.101562,-256.298737,-0.990874134,-0.1309093467,0.0321122019,,,,
6979,0.0,1479.713135,-856.206512,-256.298737,-0.9896667876,-0.1394761895,0.0321122019,,,,
6980,0.0,1476.003296,-856.375793,-256.298737,-0.987833798,-0.1521617402,0.0321121844,,,,
6981,0.0,1473.6323245,-856.5063475,-256.298737,-0.9870607152,-0.1570214563,0.0321121844,,,,
6982,0.0,1469.294189,-856.754333,-256.298737,-0.9858482866,-0.1645355959,0.0321122019,,,,
6983,0.0,1464.331665,-857.138855,-256.298737,-0.9842400836,-0.1738972841,0.0321121844,,,,
6984,0.0,1462.314087,-857.3550415,-256.298737,-0.982832857,-0.181418958,0.0326781366,,,,
6985,0.0,1458.419678,-857.801697,-256.298767,-0.9797743517,-0.1971071543,0.0345107146,,,,
6986,0.0,1454.395508,-858.367249,-256.298737,-0.9752559099,-0.2180583619,0.0364206127,,,,
6987,0.0,1452.22229,-858.726624,-256.298767,-0.9716641326,-0.233274,0.0381058307,,,,
6988,0.0,1448.100586,-859.555969,-256.298767,-0.9612943556,-0.272349118,0.0417027555,,,,
6989,0.0,1444.170532,-860.561279,-256.298767,-0.9438655172,-0.3270151362,0.0466796118,,,,
6990,0.0,1442.657593,-861.046448,-256.29892,-0.9323753748,-0.3580891444,0.0494805534,,,,
6991,0.0,1438.706055,-862.301331,-256.298828,-0.9024548678,-0.4271064445,0.0561720271,,,,
6992,0.0,1435.366577,-863.252869,-256.298798,-0.8726297026,-0.4846408602,0.0603377057,,,,
6993,0.0,1433.771118,-863.625061,-256.298859,-0.8589143491,-0.5082793277,0.0625960543,,,,
6994,0.0,1429.875366,-864.303162,-256.298767,-0.8316268725,-0.5512913476,0.0668924134,,,,
6995,0.0,1425.894287,-864.773987,-256.298767,-0.8151381228,-0.575057601,0.0697036319,,,,
6996,0.0,1423.601929,-864.977234,-256.298737,-0.809893389,-0.5823821796,0.0700263905,,,,
6997,0.0,1420.744019,-865.17572,-256.298737,-0.8060227529,-0.5876739237,0.070474685,,,,
6998,0.0,1417.604492,-865.332397,-256.298737,-0.8045363438,-0.5896232122,0.0711740057,,,,
6999,0.0,1412.547485,-865.479065,-256.298737,-0.804066259,-0.5902641037,0.0711740057,,,,
7000,0.0,1410.14917,-865.516357,-256.298737,-0.804066259,-0.5902641037,0.0711740057,,,,
7001,0.0,1407.170044,-865.531433,-256.298737,-0.804066259,-0.5902641037,0.0711740057,,,,
7002,0.0,1404.020752,-865.513123,-256.298737,-0.804066259,-0.5902641037,0.0711740057,,,,
7003,0.0,1401.286499,-865.470154,-256.298737,-0.804066259,-0.5902641037,0.0711740057,,,,
7004,0.0,1394.907471,-865.286743,-256.298737,-0.804066259,-0.5902641037,0.0711740057,,,,
7005,0.0,1392.436401,-865.188049,-256.298737,-0.804066259,-0.5902641037,0.0711740057,,,,
7006,0.0,1388.584473,-865.004578,-256.298737,-0.804066259,-0.5902641037,0.0711740057,,,,
7007,0.0,1384.511719,-864.776428,-256.298737,-0.804066259,-0.5902641037,0.0711740057,,,,
7008,0.0,1384.511719,-864.776428,-256.298737,-0.8033201523,-0.5911398563,0.0723215268,,,,
7009,0.0,1377.546753,-864.313599,-256.298737,-0.804066259,-0.5902641037,0.0711740057,,,,
7010,0.0,1375.329834,-864.148438,-256.298737,-0.804066259,-0.5902641037,0.0711740057,,,,
7011,0.0,1372.554443,-863.934387,-256.298737,-0.803743026,-0.5906439981,0.0716715817,,,,
7012,0.0,1366.090942,-863.394531,-256.298737,-0.8030894574,-0.5914532274,0.0723215268,,,,
7013,0.0,1364.9509275,-863.2979125,-256.2987215,-0.8028275166,-0.591804939,0.072351224,,,,
7014,0.0,1363.810913,-863.201294,-256.298706,-0.8025655757,-0.5921566507,0.0723809213,,,,
7015,0.0,1357.477417,-862.671204,-256.298737,-0.7995453045,-0.5959245416,0.0748414769,,,,
7016,0.0,1355.278198,-862.4903565,-254.650696,-0.7980824916,-0.597758995,0.0757769114,,,,
7017,0.0,1353.078979,-862.309509,-253.002655,-0.7966196787,-0.5995934485,0.0767123458,,,,
7018,0.0,1351.524292,-862.179688,-252.112076,-0.7953561286,-0.6011241171,0.0778358829,,,,
7019,0.0,1346.691895,-861.691528,-247.07135,-0.7929421242,-0.6039419505,0.0806033997,,,,
7020,0.0,1344.452881,-861.4582825,-245.0015335,-0.7923704728,-0.6046311322,0.0810507606,,,,
7021,0.0,1342.213867,-861.225037,-242.931717,-0.7917988214,-0.605320314,0.0814981215,,,,
7022,0.0,1337.905151,-860.762207,-237.693329,-0.7917988214,-0.605320314,0.0814981215,,,,
7023,0.0,1335.749756,-860.530884,-234.670197,-0.7917988214,-0.605320314,0.0814981215,,,,
7024,0.0,1333.735962,-860.3145145,-231.556862,-0.7917988214,-0.605320314,0.0814981215,,,,
7025,0.0,1330.397583,-859.959412,-226.223907,-0.7915413765,-0.605605267,0.0818810715,,,,
7026,0.0,1326.026367,-859.496094,-220.94751,-0.7910269382,-0.6061734342,0.0826447263,,,,
7027,0.0,1324.716919,-859.355469,-219.702179,-0.7909916689,-0.6061464069,0.0831788019,,,,
7028,0.0,1322.439819,-859.113892,-217.649017,-0.7907274907,-0.6064066865,0.0837912044,,,,
7029,0.0,1320.333435,-858.890839,-215.950409,-0.7904556254,-0.6066891022,0.0843078695,,,,
7030,0.0,1316.514038,-858.483643,-212.999847,-0.7901761212,-0.6069656502,0.0849376063,,,,
7031,0.0,1313.861328,-858.198914,-211.227448,-0.7901761212,-0.6069656502,0.0849376063,,,,
7032,0.0,1310.130493,-857.798035,-209.065552,-0.7901761212,-0.6069656502,0.0849376063,,,,
7033,0.0,1308.446167,-857.617188,-208.211853,-0.7901761212,-0.6069656502,0.0849376063,,,,
7034,0.0,1306.248779,-857.381348,-207.209198,-0.7901761212,-0.6069656502,0.0849376063,,,,
7035,0.0,1302.216187,-856.94812,-205.740997,-0.7901761212,-0.6069656502,0.0849376063,,,,
7036,0.0,1300.269043,-856.739075,-201.935776,-0.7901266483,-0.6069273192,0.0856685987,,,,
7037,0.0,1298.254761,-856.526672,-200.848114,-0.7898234111,-0.6072631597,0.0860838784,,,,
7038,0.0,1295.885376,-856.277771,-199.53511,-0.7893993444,-0.6078143169,0.0860838611,,,,
7039,0.0,1291.863037,-855.845764,-199.873444,-0.7893993444,-0.6078143169,0.0860838611,,,,
7040,0.0,1290.282593,-855.675964,-200.809677,-0.7893690737,-0.6077910094,0.0865248772,,,,
7041,0.0,1286.237061,-855.241455,-199.602051,-0.78932035,-0.6077534935,0.0872300192,,,,
7042,0.0,1284.671509,-855.078125,-199.828522,-0.7889774165,-0.6081986164,0.0872300366,,,,
7043,0.0,1281.798584,-854.774231,-200.436554,-0.7885752908,-0.6086262112,0.0878814304,,,,
7044,0.0,1279.736694,-854.552734,-200.999725,-0.7885406475,-0.6085994733,0.088376062,,,,
7045,0.0,1276.914062,-854.252258,-202.199585,-0.7882323938,-0.6089328705,0.0888282193,,,,
7046,0.0,1272.775879,-853.807983,-203.571777,-0.7869924381,-0.6101324427,0.0915494659,,,,
7047,0.0,1270.784424,-853.596924,-203.548737,-0.7860183703,-0.6112458485,0.0924858596,,,,
7060,0.0,1240.220459,-850.880676,-176.79895,-0.7792654102,-0.6186455972,0.1001151611,,,,
7061,0.0,1234.905151,-850.220276,-170.095016,-0.7786587237,-0.6192898229,0.1008499245,,,,
7062,0.0,1228.222656,-849.404541,-161.724304,-0.7778397987,-0.6201563825,0.1018396227,,,,
7063,0.0,1221.259644,-848.591858,-153.838074,-0.7773494546,-0.6206161597,0.1027784398,,,,
7064,0.0,1221.3161625,-848.5995485,-154.535187,-0.7770289477,-0.6208813533,0.1035930637,,,,
7065,0.0,1219.837402,-848.430176,-154.161484,-0.7764927967,-0.6213647668,0.1047127653,,,,
7066,0.0,1217.4835815,-848.1471255,-152.5172195,-0.7761959327,-0.6216644766,0.105132291,,,,
7067,0.0,1213.688843,-847.688232,-149.998459,-0.7756649592,-0.6222561191,0.1055518514,,,,
7068,0.0,1209.040894,-847.095947,-147.837234,-0.775804803,-0.6220817645,0.1055518166,,,,
7069,0.0,1207.326294,-846.876831,-147.21843,-0.7755483178,-0.6223173566,0.1060467561,,,,
7070,0.0,1202.693848,-846.24707,-145.906143,-0.7749969961,-0.6227069871,0.1077759909,,,,
7071,0.0,1201.100342,-846.065857,-145.547501,-0.7746119351,-0.6230822748,0.1083735615,,,,
7072,0.0,1197.964111,-845.615967,-145.013123,-0.7741775524,-0.6235156332,0.108983359,,,,
7073,0.0,1195.851807,-845.355103,-144.759201,-0.7741602765,-0.6235017195,0.1091854939,,,,
7074,0.0,1192.648682,-844.960999,-144.563293,-0.774079389,-0.6234365734,0.11012692,,,,
7075,0.0,1190.1395875,-844.6729435,-144.6326445,-0.774079389,-0.6234365734,0.11012692,,,,
7076,0.0,1184.733887,-843.924622,-145.012878,-0.774079389,-0.6234365734,0.11012692,,,,
7077,0.0,1182.255615,-843.68866,-145.414642,-0.774079389,-0.6234365734,0.11012692,,,,
7078,0.0,1179.996582,-843.579468,-145.884247,-0.774079389,-0.6234365734,0.11012692,,,,
7079,0.0,1175.590698,-843.465393,-147.145432,-0.774079389,-0.6234365734,0.11012692,,,,
7080,0.0,1173.694336,-843.437317,-147.792694,-0.774079389,-0.6234365734,0.11012692,,,,
7081,0.0,1171.163574,-843.361938,-148.781204,-0.774079389,-0.6234365734,0.11012692,,,,
7082,0.0,1168.026611,-843.28717,-150.198959,-0.774079389,-0.6234365734,0.11012692,,,,
7083,0.0,1162.817871,-843.180969,-153.026459,-0.7738853201,-0.6232806283,0.1123510999,,,,
7084,0.0,1161.303345,-843.200317,-153.945068,-0.7741199769,-0.622784361,0.1134808404,,,,
7085,0.0,1158.420898,-843.098145,-155.836334,-0.7757309461,-0.6202910014,0.1161058693,,,,
7086,0.0,1154.089966,-842.910095,-158.984177,-0.7913490158,-0.5989125487,0.1227619411,,,,
7087,0.0,1151.910645,-842.726135,-160.692703,-0.8114113742,-0.5705608454,0.126775011,,,,
7088,0.0,1148.814087,-842.303162,-163.319977,-0.847172865,-0.5146789388,0.1319231853,,,,
7089,0.0,1144.720215,-841.694458,-167.081345,-0.8942065375,-0.426485693,0.1360316944,,,,
7090,0.0,1142.26355,-841.339355,-169.522812,-0.9190041141,-0.3696330627,0.137123438,,,,
7091,0.0,1138.551514,-841.429871,-172.315704,-0.9385921251,-0.3162405796,0.137973615,,,,
7092,0.0,1131.661621,-842.204102,-183.532471,-0.971250456,-0.1927557297,0.1397060502,,,,
7093,0.0,1126.29541,-842.599121,-192.348526,-0.9868907884,-0.0778186061,0.141388954,,,,
7094,0.0,1123.2679445,-842.5340575,-196.228195,-0.9879708874,-0.0189664835,0.1417354548,,,,
7095,0.0,1118.848267,-842.475342,-199.709244,-0.987905635,0.0620902079,0.1420818864,,,,
7096,0.0,1117.300781,-842.31665,-198.964737,-0.9862242329,0.0847023332,0.1420819382,,,,
7097,0.0,1115.305969,-842.1300045,-198.599617,-0.983522298,0.1090672586,0.142081921,,,,
7098,0.0,1111.996704,-841.827271,-197.91156,-0.9790263347,0.1455931225,0.1425134331,,,,
7099,0.0,1109.889099,-841.6921085,-197.5552595,-0.9768834664,0.1580063125,0.1434335132,,,,
7100,0.0,1107.781494,-841.556946,-197.198959,-0.974740598,0.1704195024,0.1443535932,,,,
7101,0.0,1103.953613,-841.387817,-196.875809,-0.9716762209,0.184413345,0.1477736105,,,,
7102,0.0,1101.8278805,-841.3840025,-196.6604385,-0.9703012702,0.190568814,0.1488557053,,,,
7103,0.0,1098.152222,-841.330994,-196.406998,-0.9670903009,0.2037921267,0.152332265,,,,
7104,0.0,1095.684448,-841.3396,-196.210648,-0.9636649044,0.2169713892,0.1557991282,,,,
7105,0.0,1093.56958,-841.304413,-196.007454,-0.9584669426,0.2358522488,0.1591234732,,,,
7106,0.0,1089.666748,-841.107849,-195.568573,-0.9452378824,0.281585482,0.1650301853,,,,
7107,0.0,1086.921143,-840.827942,-195.202042,-0.9307313895,0.3251205078,0.167438753,,,,
7108,0.0,1083.905029,-840.597046,-194.859924,-0.9159846372,0.3642438245,0.1682218203,,,,
7109,0.0,1081.074585,-840.528442,-194.636383,-0.9038339612,0.3933185137,0.1684776466,,,,
7110,0.0,1075.884155,-840.407837,-194.633148,-0.8753640406,0.4524759539,0.1703035748,0.1421226484,612.8106209289,1192.5761437967,6.0
7111,0.0,1073.69873,-840.45697,-194.699158,-0.86598158,0.4701161718,0.1704895545,0.1337182971,595.3832404509,1191.8252652674,6.0
7112,0.0,1071.151855,-840.50824,-194.800568,-0.8548253281,0.4899946429,0.1708183491,0.1245030288,575.5677285922,1191.1001893345,6.0
7113,0.0,1066.104492,-840.464905,-194.645706,-0.8231404816,0.5412811327,0.1716230838,0.1008696646,520.7748128027,1189.8502267047,6.0
7114,0.0,1064.114136,-840.404114,-194.517014,-0.8122570876,0.557480002,0.1716230494,0.0939722734,503.3215296316,1189.2715619957,6.0
7115,0.0,1061.582397,-840.162598,-194.245117,-0.7965936849,0.5796412892,0.1716230666,0.0846587099,478.5545560869,1188.4271007097,6.0
7116,0.0,1059.120728,-839.766113,-193.981979,-0.7767223385,0.6060558918,0.1714603887,0.0736858526,447.4448738787,1187.6375585021,6.0
7117,0.0,1054.103149,-832.928711,-192.298737,-0.7365956139,0.6544923281,0.1704895717,0.0545411022,384.6996599181,1180.9970629756,6.0
7118,0.0,1052.578491,-832.443054,-192.298737,-0.7198850978,0.6729152209,0.1701486158,0.0479584401,361.1801776021,1180.4479786911,6.0
7119,0.0,1048.740845,-830.710327,-192.298737,-0.6611915261,0.7314937435,0.1665613072,0.0289829497,281.7927630563,1178.9987736794,6.0
7120,0.0,1047.064331,-829.889343,-192.298737,-0.6358871234,0.7542162401,0.1637236374,0.0227667506,250.013645737,1178.3769410485,6.0
7121,0.0,1045.085815,-828.723694,-192.298737,-0.5991264494,0.7847536368,0.1587741384,0.0155473835,206.8551849946,1177.6531248989,6.0
7122,0.0,1041.69458,-826.237915,-192.298737,-0.5126295763,0.8460595172,0.1462676002,0.0066889809,135.8863159644,1176.8150441492,6.0
7123,0.0,1040.179443,-825.167847,-192.298737,-0.4857114372,0.8625759243,0.1415880451,0.0060507456,129.23056016,1176.5319600711,6.0
7124,0.0,1038.498779,-823.834229,-192.298737,-0.4533345851,0.8808667138,0.1362409132,0.006471885,133.5791411212,1176.0128491166,6.0
7125,0.0,1035.420044,-821.00946,-192.298737,-0.386709899,0.9135795825,0.1258085862,0.0110560876,174.2382797106,1174.9829648385,6.0
7126,0.0,1034.22644,-819.716187,-192.298737,-0.3495862978,0.9291722963,0.1201177099,0.0157747642,207.7856679963,1174.461178414,6.0
7127,0.0,1032.659302,-817.843933,-192.298737,-0.3030439149,0.9462753523,0.1128155275,0.0236463443,253.7070699484,1173.5949561,6.0
7128,0.0,1030.098999,-814.838501,-192.298737,-0.2539267906,0.9616019182,0.1041294191,0.0339514865,302.7926216568,1171.9761570536,6.0
7129,0.0,1028.747925,-813.249878,-192.298737,-0.2404964568,0.9653479395,0.1013153985,0.0370373237,315.7896765925,1171.1758509601,6.0
7130,0.0,1027.306763,-811.48175,-192.298737,-0.2315136123,0.9677364671,0.099436299,0.0390935197,323.9876713022,1170.1664903815,6.0
7131,0.0,1026.114746,-809.897095,-192.298737,-0.2271271601,0.9688521682,0.0986850006,0.040092044,327.8712771992,1169.6513737596,6.0
7132,0.0,1022.966309,-805.226257,-192.298737,-0.2260297807,0.9691087704,0.0986850006,0.0398768506,326.1627479128,1166.6276162902,6.0
7133,0.0,1021.29126,-802.43335,-192.298737,-0.2260297807,0.9691087704,0.0986850006,0.0396049809,324.6146312416,1164.9878383818,6.0
7134,0.0,1019.852051,-799.83429,-192.298737,-0.2260297807,0.9691087704,0.0986850006,0.0394583344,323.4629893852,1162.9664428344,6.0
7135,0.0,1017.27832,-794.719299,-192.298737,-0.2331275768,0.9676375432,0.0965873593,0.0370771649,312.6312656555,1158.8508295655,6.0
7136,0.0,1015.96228,-791.871094,-192.298737,-0.2376215444,0.9665629875,0.0963949834,0.0357444793,306.5003091931,1156.7178523736,6.0
7137,0.0,1015.2865295,-790.326294,-192.298737,-0.2415492726,0.9656325539,0.0958704956,0.0346254291,301.3740046458,1155.4109560616,6.0
7138,0.0,1014.610779,-788.781494,-192.298737,-0.2454770009,0.9647021203,0.0953460078,0.0335063789,296.2477000985,1154.1040597497,6.0
7139,0.0,1013.412903,-785.901855,-192.298737,-0.2531596705,0.9628257697,0.0942163383,0.0313448654,286.0960998819,1151.712050598,6.0
7140,0.0,1011.314697,-779.981506,-190.371826,-0.2881307826,0.9530625585,0.0930183406,0.0233142615,246.256918946,1147.1198505487,6.0
7141,0.0,1010.404724,-777.466431,-189.032959,-0.3197458594,0.9430274592,0.0919880239,0.0171702166,211.3307336386,1145.3337463211,6.0
7142,0.0,1009.64801,-774.883911,-187.651215,-0.3500737636,0.9322116934,0.0918134996,0.0123600797,179.2506013728,1143.6183923052,6.0
7143,0.0,1008.832886,-771.914429,-186.007324,-0.3984347823,0.9124899147,0.0928002144,0.0068850222,133.7647580329,1141.8862938092,6.0
7144,0.0,1008.338684,-769.136475,-184.48317,-0.4317765129,0.8969707315,0.0949344496,0.0048296622,111.9192666398,1140.1355537883,6.0
7145,0.0,1007.939209,-766.411499,-182.953568,-0.4700277184,0.87728186,0.0972135896,0.0041177868,103.2138300424,1138.5143582958,6.0
7146,0.0,1007.629456,-763.501099,-181.407883,-0.5011105976,0.8597572381,0.0985173102,0.0048970527,112.3651374148,1136.7934040572,6.0
7147,0.0,1007.467468,-760.58783,-179.906296,-0.5205378148,0.8480077811,0.0996151927,,,,
7148,0.0,1007.310669,-757.347473,-178.204361,-0.5487560817,0.829752969,0.1018664478,,,,
7149,0.0,1007.279907,-756.457947,-177.739822,-0.5556010059,0.8251281732,0.1023280016,,,,
7150,0.0,1007.2647703333,-755.5087283333,-177.2471973333,-0.5620335633,0.8206410042,0.1026807773,,,,
7151,0.0,1007.2496336667,-754.5595096667,-176.7545726667,-0.5684661207,0.8161538352,0.1030335529,,,,
7152,0.0,1007.234497,-753.610291,-176.261948,-0.7330996861,0.6695815929,0.1192700331,,,,
7153,0.0,1007.162537,-743.291016,-170.785873,-0.6619784292,0.7411436488,0.1117615815,,,,
7154,0.0,1007.181274,-739.414185,-168.742844,-0.6884283389,0.7160995274,0.1151863232,,,,
7155,0.0,1007.202881,-735.610535,-166.758606,-0.7095303174,0.6947399992,0.1179112471,,,,
7156,0.0,1007.188599,-732.184448,-164.940613,-0.7329108176,0.6697901059,0.1192599998,,,,
7157,0.0,1007.177185,-730.612305,-164.114777,-0.7419711831,0.6597373923,0.1192700158,,,,
7158,0.0,1007.109497,-726.312683,-161.851013,-0.7666049749,0.6309449038,0.1192700331,,,,
7159,0.0,1007.038696,-723.758972,-160.718399,-0.7833119199,0.6099356308,0.1200040099,,,,
7160,0.0,1006.888428,-719.792969,-160.282135,-0.8019111348,0.584767066,0.1224173615,,,,
7161,0.0,1006.702576,-716.169617,-160.298737,-0.8137911633,0.5678128536,0.1238244963,,,,
7162,0.0,1006.498779,-713.109619,-160.298737,-0.822799789,0.5546753053,0.1238378492,,,,
7163,0.0,1006.248657,-709.944214,-160.298737,-0.8290828019,0.5452393043,0.1238378319,,,,
7164,0.0,1005.931152,-706.553894,-160.298737,-0.838326377,0.5309171914,0.1238378839,,,,
7165,0.0,1005.583252,-703.36322,-160.298721,-0.8483892822,0.5149296466,0.1228132119,,,,
7166,0.0,1005.157654,-699.898804,-160.298737,-0.8549810072,0.5039376387,0.1226961026,,,,
7167,0.0,1004.945496,-698.304016,-160.298737,-0.8577704048,0.499174914,0.12269612,,,,
7168,0.0,1004.266174,-693.705688,-160.298737,-0.8633245516,0.4895062622,0.12269612,,,,
7169,0.0,1003.757507,-690.572571,-160.298737,-0.8663881803,0.4840631929,0.1226961546,,,,
7170,0.0,1003.049133,-686.53595,-160.298737,-0.8694597289,0.4788070625,0.1215877326,,,,
7171,0.0,1002.434937,-683.307861,-160.298737,-0.8739218012,0.4711785885,0.1193793245,,,,
7172,0.0,1001.743286,-679.911865,-160.298737,-0.8802461292,0.4598686083,0.1169940812,,,,
7173,0.0,1000.681396,-675.128174,-160.298721,-0.8924212454,0.436674509,0.1135768198,,,,
7174,0.0,1000.111969,-672.780945,-160.298729,-0.8982951349,0.4245465462,0.1124419978,,,,
7175,0.0,999.211426,-669.125427,-160.298721,-0.9064206184,0.4075730655,0.1108415934,,,,
7176,0.0,998.6476135,-667.0183715,-160.298721,-0.9098242574,0.4000388572,0.1100900518,,,,
7177,0.0,998.083801,-664.911316,-160.298721,-0.9132278964,0.392504649,0.1093385103,,,,
7178,0.0,996.943298,-661.448792,-160.298721,-0.918829365,0.3795736899,0.1080574474,,,,
7314,0.0,750.997864,-615.097656,-158.488373,-0.4227584495,-0.8804876688,0.2145151707,,,,
7315,0.0,750.874573,-615.354553,-158.488373,-0.4227584495,-0.8804876688,0.2145151707,,,,
7316,0.0,750.750488,-615.613037,-158.488373,-0.4227584495,-0.8804876688,0.2145151707,,,,
7317,0.0,750.62854,-615.867065,-158.488373,-0.4227584495,-0.8804876688,0.2145151707,,,,
7318,0.0,751.16626,-614.924255,-158.58287,-0.4036678912,-0.8887283607,0.2172881372,,,,
7319,0.0,753.44397,-611.102356,-159.069901,-0.3096229336,-0.9217398775,0.2335149616,,,,
7320,0.0,754.030579,-610.116882,-159.206467,-0.3006694467,-0.9241154053,0.235814761,,,,
7321,0.0,756.454712,-606.302063,-159.69574,-0.2948329986,-0.9254224112,0.2380480283,,,,
7322,0.0,757.258362,-605.245728,-159.8172,-0.2948329986,-0.9254224112,0.2380480283,,,,
7323,0.0,759.381653,-602.923462,-160.049347,-0.2948329986,-0.9254224112,0.2380480283,,,,
7324,0.0,761.762817,-600.867615,-159.708832,-0.2948329986,-0.9254224112,0.2380480283,,,,
7325,0.0,763.804993,-599.450073,-159.265228,-0.2948329986,-0.9254224112,0.2380480283,,,,
7326,0.0,765.078857,-598.676453,-159.035431,-0.2948329986,-0.9254224112,0.2380480283,,,,
7327,0.0,768.407959,-597.112183,-158.579071,-0.2948329986,-0.9254224112,0.2380480283,,,,
7328,0.0,770.845032,-596.237183,-158.734741,-0.2948329986,-0.9254224112,0.2380480283,,,,
7329,0.0,773.459473,-595.510864,-159.023163,-0.2948329986,-0.9254224112,0.2380480283,,,,
7330,0.0,776.062073,-594.972595,-159.321167,-0.2948329986,-0.9254224112,0.2380480283,,,,
7331,0.0,778.567993,-594.60376,-159.622498,-0.2948329986,-0.9254224112,0.2380480283,,,,
7332,0.0,781.008911,-594.498291,-159.830139,-0.2948329986,-0.9254224112,0.2380480283,,,,
7333,0.0,782.343811,-594.533936,-159.888672,-0.2948329986,-0.9254224112,0.2380480283,,,,
7334,0.0,786.087097,-595.115662,-159.922882,-0.2948329986,-0.9254224112,0.2380480283,,,,
7335,0.0,787.13385,-595.378479,-159.950165,-0.2948329986,-0.9254224112,0.2380480283,,,,
7336,0.0,790.568481,-596.636902,-160.076111,-0.2975267804,-0.9269438178,0.2285890933,,,,
7337,0.0,793.013428,-597.884094,-160.188721,-0.2233810277,-0.9479495676,0.2269196634,,,,
7338,0.0,795.630798,-599.560242,-160.195389,-0.09144976,-0.9683606484,0.2321951681,,,,
7339,0.0,797.245361,-600.610596,-160.152069,0.0172008087,-0.9724545495,0.2324570528,,,,
7340,0.0,800.914856,-602.782349,-160.003159,0.2246050991,-0.9469212989,0.2299839191,,,,
7341,0.0,804.643738,-604.690918,-159.875137,0.4061142669,-0.8864707022,0.2219028984,,,,
7342,0.0,807.513672,-606.036682,-159.772186,0.4817363186,-0.8489543912,0.2172707091,,,,
7343,0.0,810.704773,-607.431702,-159.661743,0.5446067409,-0.8121833374,0.209193031,,,,
7344,0.0,815.695312,-609.487732,-159.554321,0.580025285,-0.7896375118,0.2001081428,,,,
7345,0.0,817.51416,-610.189148,-159.595764,0.5824072877,-0.7881853829,0.1988876091,,,,
7346,0.0,821.717163,-611.756836,-159.70343,0.5864765732,-0.7859262168,0.1958703929,,,,
7347,0.0,824.690491,-612.775146,-159.786575,0.5898926121,-0.7839252546,0.1936179264,,,,
7348,0.0,826.472809,-613.3482055,-159.8368145,0.5925160154,-0.782132058,0.1928302284,,,,
7349,0.0,831.020386,-614.766846,-159.965607,0.5985116413,-0.778004133,0.191032417,,,,
7350,0.0,833.833313,-615.578491,-160.045425,0.6052062429,-0.7732606234,0.1891914686,,,,
7351,0.0,837.066467,-616.458313,-160.11911,0.6141987971,-0.7666977947,0.1869072743,,,,
7352,0.0,840.166748,-617.25946,-160.174606,0.6210415134,-0.7616963539,0.1847325177,,,,
7353,0.0,841.955536,-617.7078245,-160.2058945,0.6223256668,-0.760725325,0.184404568,,,,
7354,0.0,843.744324,-618.156189,-160.237183,0.6236098203,-0.7597542962,0.1840766183,,,,
7355,0.0,849.339966,-619.499634,-160.351715,0.6239051981,-0.7597849683,0.1829456359,,,,
7356,0.0,853.031067,-620.319092,-160.469208,0.6251027103,-0.7589733271,0.1822253833,,,,
7357,0.0,857.119202,-621.116028,-160.60817,0.6328541422,-0.7533203189,0.1788969867,,,,
7358,0.0,860.554443,-621.762085,-160.675629,0.6380350231,-0.7495225517,0.1764291751,,,,
7359,0.0,862.3652035,-622.1012575,-160.688141,0.6391274204,-0.7486222249,0.1762920362,,,,
7409,0.0,1006.661499,-700.166931,-161.999908,0.194282466,-0.9589333932,0.2066423743,,,,
7410,0.0,1006.412354,-700.220154,-162.133926,0.194282466,-0.9589333932,0.2066423743,,,,
7411,0.0,1006.232483,-700.134521,-162.141037,0.194282466,-0.9589333932,0.2066423743,,,,
7412,0.0,1006.04248,-699.974609,-162.063019,0.194282466,-0.9589333932,0.2066423743,,,,
7413,0.0,1005.896362,-699.745056,-161.894379,0.194282466,-0.9589333932,0.2066423743,,,,
7414,0.0,1006.364685,-700.198486,-159.833527,0.194282466,-0.9589333932,0.2066423743,,,,
7415,0.0,1007.915771,-704.504028,-160.137527,0.194282466,-0.9589333932,0.2066423743,,,,
7416,0.0,1009.400208,-708.707214,-160.58577,0.194282466,-0.9589333932,0.2066423743,,,,
7417,0.0,1009.837097,-710.554688,-160.886688,0.194282466,-0.9589333932,0.2066423743,,,,
7418,0.0,1011.082947,-715.465149,-161.072174,0.194282466,-0.9589333932,0.2066423743,,,,
7419,0.0,1011.530029,-716.63678,-161.130371,0.194282466,-0.9589333932,0.2066423743,,,,
7420,0.0,1012.905212,-721.058655,-161.233582,0.194282466,-0.9589333932,0.2066423743,,,,
7421,0.0,1013.645386,-724.12561,-161.093002,0.1935475583,-0.959081998,0.2066423573,,,,
7422,0.0,1014.574768,-727.527588,-161.048004,0.1923740175,-0.959318081,0.2066423402,,,,
7423,0.0,1015.381653,-730.685181,-160.935059,0.1913093112,-0.959706279,0.2058266393,,,,
7424,0.0,1016.156433,-733.707764,-160.833588,0.1902660427,-0.9599800868,0.2055165832,,,,
7425,0.0,1016.999817,-737.086792,-160.826874,0.1882417069,-0.9603790886,0.2055165832,,,,
7426,0.0,1017.69519,-740.23114,-162.048492,0.1860438991,-0.9609914993,0.20465338,,,,
7427,0.0,1018.168213,-744.036011,-164.12178,0.1855380759,-0.961145222,0.20439052,,,,
7428,0.0,1018.300354,-748.316162,-166.382874,0.1840217588,-0.961436693,0.2043905029,,,,
7429,0.0,1018.17807,-750.457611,-167.608994,0.1827749475,-0.9616736592,0.2043905114,,,,
7430,0.0,1018.055786,-752.59906,-168.835114,0.1815281362,-0.9619106253,0.20439052,,,,
7431,0.0,1017.707031,-755.553711,-170.407013,0.1793747683,-0.9625056358,0.2034885586,,,,
7432,0.0,1017.200073,-758.41803,-171.932495,0.1772081374,-0.9631435741,0.2023653423,,,,
7443,0.0,1011.079224,-794.71991,-185.081253,0.0942647076,-0.9766834406,0.1928824039,,,,
7444,0.0,1010.468262,-799.117188,-186.595764,0.0842046182,-0.9778070307,0.1918410619,,,,
7445,0.0,1009.824097,-803.482971,-188.138504,0.073917742,-0.9788462995,0.1907775912,,,,
7446,0.0,1009.203857,-807.474731,-189.614258,0.063904754,-0.9797517704,0.1897436451,,,,
7447,0.0,1008.6875,-811.202637,-191.058655,0.0535395774,-0.9805790976,0.1886747119,,,,
7448,0.0,1008.191406,-818.001526,-193.209686,0.0513763866,-0.9807095815,0.188597942,,,,
7449,0.0,1008.586548,-817.255615,-191.420593,0.0463630694,-0.9809593715,0.1885979249,,,,
7450,0.0,1008.663025,-820.50116,-191.504791,0.0420158878,-0.981155177,0.188597942,,,,
7451,0.0,1008.749512,-824.165833,-188.752716,0.0378831041,-0.981323433,0.1885979592,,,,
7452,0.0,1008.752319,-827.342529,-184.461227,0.0353708324,-0.9814172,0.188597942,,,,
7453,0.0,1008.657471,-830.532837,-180.501144,0.0339163738,-0.9813117326,0.189412151,,,,
7454,0.0,1008.404175,-833.370911,-176.833054,0.0328379796,-0.9812874621,0.1897276569,,,,
7455,0.0,1008.134583,-836.064636,-173.307236,0.0324654063,-0.9811678239,0.1904092925,,,,
7456,0.0,1008.122314,-839.389282,-170.144455,0.0324579874,-0.9809518986,0.1915198465,,,,
7457,0.0,1008.042603,-843.005615,-167.591202,0.032445767,-0.9805742845,0.193445974,,,,
7458,0.0,1008.101929,-845.064026,-165.728653,0.032073478,-0.9800745097,0.1960235888,,,,
7459,0.0,1008.034607,-848.880615,-162.006348,0.0312559632,-0.9786769872,0.2030133481,,,,
7460,0.0,1007.919678,-852.904663,-158.793854,0.0319155714,-0.976980533,0.2109275573,,,,
7461,0.0,1007.962524,-856.342834,-158.048584,0.0352823982,-0.9749883958,0.2194374179,,,,
7462,0.0,1008.044861,-860.023621,-156.540283,0.0401777648,-0.9724994026,0.2294137292,,,,
7463,0.0,1008.085938,-863.364624,-154.966187,0.0461557989,-0.9703407809,0.2372939339,,,,
7464,0.0,1008.115784,-867.050781,-153.019226,0.0504764529,-0.968740756,0.2428857249,,,,
7465,0.0,1008.108582,-870.649841,-150.948837,0.0510122755,-0.9682777498,0.2446138734,,,,
7466,0.0,1008.07843,-874.254761,-148.761169,0.0509965598,-0.9679820188,0.2457847881,,,,
7467,0.0,1008.021851,-879.424622,-146.066452,0.0520717908,-0.9672072098,0.2485935276,,,,
7468,0.0,1007.964294,-883.352722,-144.7957,0.0520538609,-0.966874171,0.2498894415,,,,
7469,0.0,1007.953247,-886.580688,-143.939285,0.0520211082,-0.9662683196,0.252228743,,,,
7470,0.0,1007.895935,-890.386658,-143.162811,0.0519899979,-0.9656879479,0.2544480839,,,,
7471,0.0,1007.868286,-893.690002,-139.966583,0.0519742728,-0.9653958617,0.2555572444,,,,
7472,0.0,1007.856689,-897.110168,-138.453537,0.0519575949,-0.9650860777,0.2567280097,,,,
7473,0.0,1007.817383,-900.218384,-137.063049,0.0519421734,-0.9647974357,0.2578137288,,,,
7474,0.0,1007.8468325,-902.0085145,-137.73587,0.0519262412,-0.9645026015,0.2589152307,,,,
7475,0.0,1007.876282,-903.798645,-138.408691,0.051910309,-0.9642077673,0.2600167326,,,,
7476,0.0,1008.029114,-908.672729,-138.172943,0.0518832229,-0.9637024621,0.2618887087,,,,
7477,0.0,1008.1248475,-911.149475,-138.0039825,0.0518782502,-0.9636124469,0.262220482,,,,
7478,0.0,1008.220581,-913.626221,-137.835022,0.0518732775,-0.9635224317,0.2625522553,,,,
7479,0.0,1007.920471,-919.313721,-138.121185,0.0489310277,-0.9635101318,0.26316151,,,,
7480,0.0,1007.582703,-925.695435,-143.189621,0.0456349634,-0.9632911149,0.2645518439,,,,
7481,0.0,1007.471222,-927.7891235,-145.7226485,0.0439169934,-0.9633392162,0.264661834,,,,
7482,0.0,1007.213501,-932.846619,-151.442001,0.0374954854,-0.9633815162,0.2654997983,,,,
7483,0.0,1007.3554075,-935.2565615,-153.154678,0.030612614,-0.9635476254,0.2656904284,,,,
7484,0.0,1007.527649,-939.043274,-155.24913,0.0140983559,-0.9639027482,0.2658810416,,,,
7485,0.0,1007.603394,-942.614502,-154.885941,-0.0202044643,-0.9642343702,0.2642798876,,,,
7486,0.0,1007.368652,-945.436951,-154.206635,-0.0585311043,-0.9636186591,0.260793385,,,,
7487,0.0,1007.243835,-946.573975,-154.013519,-0.0816974286,-0.9622917386,0.2594612494,,,,
7488,0.0,1007.011536,-950.243042,-153.080734,-0.1426624641,-0.9559787164,0.2564217524,,,,
7489,0.0,1006.785583,-951.755615,-153.11322,-0.1677098223,-0.9522477566,0.2551423632,,,,
7490,0.0,1006.492981,-953.080017,-153.003143,-0.2222837561,-0.9417308683,0.2524537651,,,,
7491,0.0,1006.086365,-952.623108,-152.599945,-0.2762362412,-0.9280630508,0.249784933,,,,
7492,0.0,1005.649414,-952.503601,-152.216248,-0.3040420859,-0.9197703478,0.2481550269,,,,
7493,0.0,1004.031494,-952.294739,-146.799622,-0.3744897983,-0.8946093172,0.2437858907,,,,
7494,0.0,1003.398926,-951.652039,-144.733154,-0.3946528025,-0.8861166664,0.2429946891,,,,
7495,0.0,1002.508057,-951.533875,-134.200821,-0.4305064441,-0.8696997564,0.2414260453,,,,
7496,0.0,1002.113586,-951.575256,-132.968964,-0.4419686117,-0.8641080245,0.2407925836,,,,
7497,0.0,1001.495117,-951.382324,-131.274231,-0.4591040512,-0.8552706583,0.2402822741,,,,
7498,0.0,1000.901611,-951.109863,-128.74472,-0.4637500636,-0.8527604235,0.2402822063,,,,
7499,0.0,1000.564819,-951.045593,-127.511024,-0.4643198741,-0.8524502915,0.2402822402,,,,
7500,0.0,999.629333,-950.757202,-123.67292,-0.4648742833,-0.8521480821,0.2402822233,,,,
7501,0.0,999.326111,-950.636108,-122.258606,-0.4648742833,-0.8521480821,0.2402822233,,,,
7502,0.0,997.930786,-950.579529,-116.831192,-0.4648742833,-0.8521480821,0.2402822233,,,,
7503,0.0,996.88092,-950.582153,-112.834457,-0.4648742833,-0.8521480821,0.2402822233,,,,
7504,0.0,996.414795,-950.594177,-111.713852,-0.4648742833,-0.8521480821,0.2402822233,,,,
7505,0.0,995.236328,-950.677063,-109.157211,-0.4646931066,-0.8518162551,0.2418044337,,,,
7506,0.0,994.466431,-950.760254,-107.688232,-0.4644232417,-0.8513205128,0.2440582657,,,,
7507,0.0,993.275452,-950.915833,-105.671143,-0.4639320614,-0.8504206744,0.2480961888,,,,
7508,0.0,992.691406,-950.988586,-104.769531,-0.4637247621,-0.8500412092,0.2497784772,,,,
7509,0.0,991.347229,-951.129333,-102.991226,-0.4633464275,-0.8493476943,0.2528212458,,,,
7510,0.0,989.734985,-951.317505,-101.254227,-0.462409684,-0.8483852272,0.2577203725,,,,
7511,0.0,989.005188,-951.437378,-100.641251,-0.4615419665,-0.8483593011,0.259355951,,,,
7512,0.0,988.3036805,-951.598511,-100.2266315,-0.4610901038,-0.8483368503,0.260229776,,,,
7513,0.0,986.914551,-951.926758,-99.565552,-0.4602971171,-0.8483953483,0.2614419573,,,,
7514,0.0,986.292084,-952.138214,-99.502701,-0.4602971171,-0.8483953483,0.2614419573,,,,
7515,0.0,985.313782,-952.487183,-99.46376,-0.4602971171,-0.8483953483,0.2614419573,,,,
7516,0.0,984.293335,-953.03418,-99.800659,-0.4602971171,-0.8483953483,0.2614419573,,,,
7517,0.0,983.880554,-953.405304,-100.081558,-0.4602971171,-0.8483953483,0.2614419573,,,,
7518,0.0,983.063965,-954.096619,-100.681885,-0.460547666,-0.848259365,0.2614419573,,,,
7519,0.0,982.4619445,-954.5981445,-101.3732375,-0.4655686041,-0.8457855498,0.260500408,,,,
7520,0.0,981.411011,-955.282043,-103.797447,-0.4824687736,-0.8366771918,0.2592202908,,,,
7521,0.0,980.1111145,-956.7100525,-102.872837,-0.5041500186,-0.8234022655,0.2592203076,,,,
7522,0.0,977.871399,-958.910095,-101.079643,-0.5597164202,-0.7872812724,0.2586614139,,,,
7523,0.0,976.413452,-960.288574,-110.165466,-0.6245141104,-0.7376990991,0.2564803405,,,,
7524,0.0,975.674622,-960.671021,-116.083488,-0.6666603723,-0.7007793748,0.253913796,,,,
7525,0.0,974.339722,-961.727966,-116.916161,-0.7480208201,-0.6158850676,0.2472861426,,,,
7526,0.0,972.77832,-962.439819,-116.595413,-0.8251223198,-0.5120269245,0.2387500492,,,,
7527,0.0,971.956604,-962.52655,-116.340408,-0.8493910928,-0.4724902229,0.2351334954,,,,
7528,0.0,969.813477,-963.138611,-114.929237,-0.88734933,-0.4008351593,0.2279086257,,,,
7529,0.0,968.852875,-963.555481,-114.4242855,-0.8956170196,-0.3824144902,0.2263163732,,,,
7820,0.0,-647.658386,-245.788345,80.59761,-0.1144009362,-0.9593185986,0.2581089928,,,,
7821,0.0,-651.391602,-247.138519,79.701271,-0.1144009362,-0.9593185986,0.2581089928,,,,
7822,0.0,-651.38797,-247.108177,79.701271,-0.1144009362,-0.9593185986,0.2581089928,,,,
7823,0.0,-650.946472,-247.177673,79.701271,-0.114773238,-0.9592228089,0.2582996453,,,,
7824,0.0,-649.917664,-247.380264,79.701271,-0.115645319,-0.9589977195,0.2587460804,,,,
7825,0.0,-648.993591,-247.531296,79.701271,-0.1164255217,-0.9587954653,0.2591454294,,,,
7826,0.0,-646.331787,-248.150742,79.701271,-0.1242816846,-0.9577885394,0.2592203245,,,,
7827,0.0,-645.183258,-248.515175,79.701271,-0.1289507322,-0.9571595146,0.2592203245,,,,
7828,0.0,-642.42804,-249.500977,79.701263,-0.1437895552,-0.955241721,0.2585301111,,,,
7829,0.0,-639.540283,-250.836975,79.701263,-0.1650066258,-0.95244356,0.2561719704,,,,
7830,0.0,-637.156738,-252.17012,79.701271,-0.1891325397,-0.9485914808,0.253777629,,,,
7831,0.0,-636.282654,-252.712387,79.701241,-0.2005147503,-0.9466005991,0.2524700788,,,,
7832,0.0,-633.885193,-254.371216,79.701241,-0.2325481476,-0.9402658601,0.2486392395,,,,
7833,0.0,-630.7771,-256.710449,79.701271,-0.2586801861,-0.9344223785,0.2448252029,,,,
7834,0.0,-629.374634,-257.805939,79.701271,-0.2617659929,-0.9337585819,0.2440767822,,,,
7835,0.0,-624.545105,-260.678375,77.756279,-0.2635119729,-0.9333837979,0.2436311267,,,,
7836,0.0,-626.359558,-261.69635,78.152229,-0.2635119729,-0.9333837979,0.2436311267,,,,
7837,0.0,-624.842957,-263.596863,77.955635,-0.2635119729,-0.9333837979,0.2436311267,,,,
7838,0.0,-622.407043,-267.255615,77.664856,-0.2635757341,-0.933609646,0.2426949965,,,,
7839,0.0,-621.641235,-268.298523,77.689972,-0.2635879541,-0.9336529304,0.2425151461,,,,
7840,0.0,-618.790649,-272.400238,78.05146,-0.2635879541,-0.9336529304,0.2425151461,,,,
7841,0.0,-617.979736,-274.111542,78.17453,-0.2635879541,-0.9336529304,0.2425151461,,,,
7842,0.0,-616.352295,-277.668243,78.650345,-0.2635879541,-0.9336529304,0.2425151461,,,,
7843,0.0,-616.021301,-278.932678,78.734406,-0.2635879541,-0.9336529304,0.2425151461,,,,
7844,0.0,-614.617249,-282.877411,79.180595,-0.2635879541,-0.9336529304,0.2425151461,,,,
7845,0.0,-613.775757,-286.852386,79.428932,-0.2635879541,-0.9336529304,0.2425151461,,,,
7846,0.0,-613.4751895,-288.8781125,79.4588585,-0.2635879541,-0.9336529304,0.2425151461,,,,
7847,0.0,-613.068481,-292.772095,79.627975,-0.2635879541,-0.9336529304,0.2425151461,,,,
7848,0.0,-612.974182,-294.746567,79.551136,-0.2635879541,-0.9336529304,0.2425151461,,,,
7849,0.0,-612.879883,-296.721039,79.474297,-0.2635879541,-0.9336529304,0.2425151461,,,,
7850,0.0,-612.87323,-298.704254,79.522659,-0.2635879541,-0.9336529304,0.2425151461,,,,
7851,0.0,-617.338684,-303.75293,79.701271,-0.2636262732,-0.9337891589,0.2419483308,,,,
7852,0.0,-617.697266,-307.367065,79.701271,-0.2636635864,-0.933920827,0.2413988444,,,,
7853,0.0,-617.9089665,-309.1663055,79.701271,-0.2636635864,-0.933920827,0.2413988444,,,,
7854,0.0,-618.311829,-312.713867,79.701271,-0.2636635864,-0.933920827,0.2413988444,,,,
7855,0.0,-618.582581,-317.007843,79.701271,-0.2637204461,-0.9341222293,0.2405559958,,,,
7856,0.0,-618.5867615,-318.710266,79.701271,-0.2637296579,-0.9341548584,0.2404191096,,,,
7857,0.0,-618.54834,-322.01413,79.701271,-0.2637388697,-0.9341874875,0.2402822233,,,,
7858,0.0,-618.269043,-325.863098,79.701271,-0.2637388697,-0.9341874875,0.2402822233,,,,
7859,0.0,-617.886963,-329.166168,79.701271,-0.2637388697,-0.9341874875,0.2402822233,,,,
7860,0.0,-617.361694,-332.579285,79.701271,-0.2637388697,-0.9341874875,0.2402822233,,,,
7861,0.0,-616.78949,-335.638092,79.701271,-0.2637388697,-0.9341874875,0.2402822233,,,,
7862,0.0,-616.001404,-339.234955,79.701271,-0.2637388697,-0.9341874875,0.2402822233,,,,
7863,0.0,-615.235718,-342.342346,79.701271,-0.2646435863,-0.933931587,0.2402822571,,,,
7864,0.0,-614.340271,-345.711121,79.701271,-0.2689398652,-0.9332349951,0.2382095565,,,,
7865,0.0,-613.443665,-348.98349,79.701271,-0.281327673,-0.9307475132,0.2335889704,,,,
7866,0.0,-612.978577,-350.704742,79.701241,-0.2916821421,-0.9281862125,0.2310668365,,,,
7867,0.0,-612.064636,-354.02652,79.701233,-0.314421759,-0.9219401773,0.2261974072,,,,
7868,0.0,-611.19043,-357.120972,79.701248,-0.3371627861,-0.9148004301,0.2223992554,,,,
7869,0.0,-610.292725,-360.219116,79.701248,-0.360404337,-0.9067251943,0.2189934609,,,,
7870,0.0,-609.389832,-363.213257,79.701256,-0.3809001262,-0.8989281874,0.2164329174,,,,
7871,0.0,-608.450806,-366.279785,79.701256,-0.4013485322,-0.8907028953,0.2134659412,,,,
7872,0.0,-607.561157,-369.352783,79.701218,-0.4275538725,-0.8795893505,0.2086151015,,,,
7873,0.0,-606.81958,-372.195984,79.701195,-0.4597998072,-0.8645860168,0.2026700691,,,,
7874,0.0,-606.112732,-375.089386,79.70121,-0.4959833066,-0.8457416303,0.1967781856,,,,
7875,0.0,-605.357056,-378.300049,79.701218,-0.5358695728,-0.8226420965,0.1900099522,,,,
7876,0.0,-604.581055,-381.560089,79.701256,-0.5703451594,-0.8004740922,0.1842488178,,,,
7877,0.0,-603.854065,-384.707062,79.701256,-0.6003130827,-0.779357579,0.1795159236,,,,
7878,0.0,-603.193237,-387.747986,79.701263,-0.6277157805,-0.7583283254,0.1758153857,,,,
7879,0.0,-602.64502,-390.736511,79.701263,-0.66003366,-0.7313932329,0.1715211549,,,,
7880,0.0,-602.222961,-393.409149,79.701271,-0.6907270688,-0.703103183,0.1689438681,,,,
7881,0.0,-601.735596,-396.565247,79.701271,-0.7199657897,-0.6735218606,0.1673844822,,,,
7882,0.0,-601.175842,-399.738647,79.701271,-0.7453787029,-0.6453621507,0.1670876529,,,,
7883,0.0,-600.644104,-403.349976,79.701271,-0.7822995072,-0.600074336,0.1670876185,,,,
7884,0.0,-600.292542,-406.398102,79.701271,-0.8159134466,-0.5535042738,0.1670876013,,,,
7885,0.0,-600.332031,-410.361725,79.701271,-0.9021978219,-0.3976440772,0.1670876357,,,,
7886,0.0,-600.395355,-411.9873505,79.701271,-0.9300955235,-0.3153667815,0.1670876271,,,,
7887,0.0,-600.458679,-413.612976,79.701271,-0.9579932251,-0.2330894858,0.1670876185,,,,
7888,0.0,-600.361816,-415.62561,79.701271,-0.9790528813,-0.1163494517,0.1670875841,,,,
7889,0.0,-600.006897,-417.729645,79.701271,-0.9837098562,0.0663071704,0.1670876357,,,,
7890,0.0,-599.45929,-420.599121,79.701271,-0.9562435658,0.2348317243,0.1745058857,,,,
7891,0.0,-598.951721,-424.099426,79.701271,-0.9074721112,0.3741728598,0.1910210414,,,,
7892,0.0,-598.9058835,-425.357681,79.701271,-0.8962625702,0.3975474137,0.1948908921,,,,
7893,0.0,-598.860046,-426.615936,79.701271,-0.8850530291,0.4209219676,0.1987607428,,,,
7894,0.0,-599.000061,-430.027679,79.701271,-0.8653547631,0.4569489962,0.205812412,,,,
7895,0.0,-599.268494,-436.36438,79.701271,-0.8586471338,0.4675655003,0.2100181008,,,,
7896,0.0,-599.259155,-439.337952,79.701271,-0.8584887054,0.4674792301,0.2108561409,,,,
7897,0.0,-599.048889,-441.960297,79.701271,-0.8588299231,0.4667224703,0.2111428402,,,,
7898,0.0,-598.564148,-445.257538,79.701271,-0.8593464583,0.4657707145,0.2111428572,,,,
7899,0.0,-597.922485,-448.335938,79.701271,-0.8595076793,0.4654731698,0.211142789,,,,
7900,0.0,-596.814758,-451.349304,79.701271,-0.8595076793,0.4654731698,0.211142789,,,,
7901,0.0,-595.597961,-453.874908,79.701271,-0.8595076793,0.4654731698,0.211142789,,,,
7902,0.0,-594.354797,-455.763672,79.701271,-0.8595076793,0.4654731698,0.211142789,,,,
7903,0.0,-593.032471,-457.245239,79.701271,-0.8564628892,0.4712776657,0.2106387458,,,,
7904,0.0,-591.63739,-458.574341,79.701271,-0.8535243927,0.4767910086,0.2101581432,,,,
7905,0.0,-590.188782,-459.676208,79.701271,-0.8461491649,0.4907599998,0.2078129288,,,,
7906,0.0,-588.847839,-460.182373,79.701271,-0.840413976,0.5015669066,0.2052680861,,,,
7907,0.0,-587.31958,-460.547333,79.701271,-0.8387655213,0.5049484578,0.2037141506,,,,
7908,0.0,-585.611938,-460.624725,79.701271,-0.8400791614,0.5035626961,0.201721624,,,,
7909,0.0,-584.183411,-460.468597,79.701271,-0.8416462213,0.5017437833,0.1997118275,,,,
7910,0.0,-581.996033,-459.866333,79.701271,-0.8433583495,0.4992420888,0.1987562099,,,,
7911,0.0,-580.571045,-459.319397,79.701271,-0.8439125311,0.4983047487,0.1987561757,,,,
7912,0.0,-579.002441,-458.574738,79.701271,-0.8441787915,0.4982021537,0.1978807269,,,,
7913,0.0,-577.518005,-457.591278,79.701271,-0.844682434,0.4984993843,0.1949614052,,,,
7914,0.0,-576.229309,-456.398529,79.701271,-0.8454179556,0.4989334611,0.1906144849,,,,
9806,0.0,1621.034424,-1195.621338,-256.217743,0.0203981724,0.9987374148,0.0459074168,0.0054844573,145.033831798,1386.7040335041,7.0
9807,0.0,1621.04541,-1195.624512,-256.217407,0.0203981724,0.9987374148,0.0459074168,0.0053710809,143.4544562671,1385.9646087622,7.0
9808,0.0,1621.1707155,-1193.772095,-257.174301,0.0207349004,0.9987148164,0.0462444804,0.0052906453,142.1466995246,1383.7254574551,7.0
9809,0.0,1621.296021,-1191.919678,-258.131195,0.0210716283,0.998692218,0.0465815439,0.0052102097,140.8389427821,1381.4863061479,7.0
9810,0.0,1621.296143,-1189.026978,-259.507965,0.022519053,0.9985919779,0.0480307593,0.0049170204,136.3912770489,1377.0671220632,7.0
9811,0.0,1621.506531,-1187.0666505,-259.856659,0.0237105758,0.9983878072,0.0514439832,0.0047368398,133.6169245027,1374.615688459,7.0
9812,0.0,1621.818481,-1182.205566,-260.01709,0.0259330321,0.997749858,0.0618279769,0.0044123592,128.4142466818,1368.4923541984,7.0
9813,0.0,1621.8306885,-1180.3864135,-259.7600405,0.026017966,0.9974090636,0.0668775298,0.0044302292,128.4717965232,1366.3548245638,7.0
9814,0.0,1621.88147,-1175.571777,-259.117554,0.0270933055,0.9963954252,0.0803872462,0.0044812022,128.6746576283,1360.7170877929,7.0
9815,0.0,1621.914185,-1172.902466,-258.846832,0.0304048694,0.9958067861,0.0862808711,0.0043092001,125.8955979252,1357.5804788255,7.0
9816,0.0,1621.980591,-1168.966309,-258.48941,0.0338918277,0.9953214276,0.0904798308,0.0041099626,122.5376986326,1352.9522854658,7.0
9817,0.0,1621.939697,-1166.07959,-258.353577,0.0349609765,0.9951863199,0.0915528202,0.0040950851,122.0895813293,1350.4459819952,7.0
9818,0.0,1621.998047,-1162.855835,-258.13443,0.0378367359,0.9950571169,0.0918134822,0.0039267359,119.2223119357,1346.6460300921,7.0
9819,0.0,1622.033569,-1160.025757,-257.968842,0.0393615425,0.9949322635,0.092522754,0.0038430005,117.6342238094,1343.0776536623,7.0
9820,0.0,1622.230957,-1156.015015,-257.818298,0.0407627101,0.9948351691,0.0929590653,0.0037625094,115.9630445283,1338.0572849766,7.0
9821,0.0,1622.2948,-1152.231201,-257.705872,0.0420422013,0.9947819202,0.092959048,0.0036895762,114.4381449362,1333.4248029561,7.0
9822,0.0,1622.40332,-1149.274048,-257.622345,0.0430470529,0.994738944,0.092959048,0.0036302105,113.2074981767,1329.8075508431,7.0
9823,0.0,1622.616211,-1145.903809,-257.532318,0.0432252724,0.9946412673,0.0939165866,0.0036695374,113.464835579,1325.6821626069,7.0
9824,0.0,1622.792969,-1142.684082,-257.435211,0.043224502,0.9946235405,0.0941044906,0.0036986326,113.5756144284,1321.7564775866,7.0
9825,0.0,1623.054443,-1138.726318,-257.308136,0.043224502,0.9946235405,0.0941044906,0.0037236457,113.5416318549,1316.9237308884,7.0
9826,0.0,1623.075562,-1137.014038,-257.237762,0.043224502,0.9946235405,0.0941044906,0.0037474473,113.7240776843,1314.8521242734,7.0
9827,0.0,1623.447632,-1132.338745,-257.096497,0.043224502,0.9946235405,0.0941044906,0.0037714956,113.5807201204,1309.009170816,7.0
9828,0.0,1623.547485,-1129.502075,-256.989807,0.043224502,0.9946235405,0.0941044906,0.0038078203,113.8186577281,1305.4915414921,7.0
9829,0.0,1623.782715,-1125.352905,-256.958405,0.043224502,0.9946235405,0.0941044906,0.0038354213,113.7803410452,1300.3567576063,7.0
9830,0.0,1623.863159,-1122.687012,-256.876099,0.0440292201,0.9945882428,0.0941044906,0.0038075198,113.0772987942,1297.0393003724,7.0
9831,0.0,1624.036133,-1119.367432,-256.963379,0.0578417438,0.9940295263,0.0925182878,0.0027655681,96.0879474572,1292.8919045015,7.0
9832,0.0,1624.313477,-1115.488647,-257.217133,0.1163380181,0.9891395767,0.0898240691,0.0004690744,39.4471214783,1288.0430881242,7.0
9833,0.0,1624.697388,-1111.997437,-257.270447,0.2076660607,0.974473943,0.0852956133,0.0038118523,111.969428092,1283.602906458,7.0
9834,0.0,1625.036255,-1109.2677,-257.433167,0.2969348453,0.9515548854,0.0798310578,0.0155987198,225.2313838913,1280.175990935,7.0
9835,0.0,1625.465942,-1106.172485,-257.750702,0.3742755589,0.9241575553,0.076489339,0.0331584759,325.9339708329,1276.2849951697,7.0
9836,0.0,1626.056641,-1102.989746,-258.135468,0.4548274537,0.8873510455,0.0757635095,0.0594686995,432.1864740925,1272.2329055824,7.0
9837,0.0,1627.301636,-1097.836182,-258.648376,0.5563636427,0.8272203775,0.0785235259,0.1060884699,567.2955440312,1265.5969961561,7.0
9838,0.0,1628.0177615,-1095.498108,-258.9563445,0.573873179,0.8144331252,0.0829377824,0.1163254868,590.2783059084,1262.5123785643,7.0
9839,0.0,1628.733887,-1093.160034,-259.264313,0.5913827153,0.8016458728,0.0873520389,0.1265625036,613.2610677856,1259.4277609725,7.0
9840,0.0,1629.586792,-1090.394653,-259.432617,0.5917724554,0.8008711096,0.0917105599,0.1270550432,612.6110883725,1255.8170992279,7.0
9841,0.0,1630.668213,-1087.178223,-259.609833,0.5881479824,0.8030760002,0.0956602773,0.1252078342,606.3832035023,1251.5691403604,7.0
9842,0.0,1631.868774,-1083.977051,-259.699066,0.5833731584,0.8063463166,0.0973723559,0.1226056804,598.3997306303,1247.2638744785,7.0
9843,0.0,1634.241211,-1078.274902,-259.550964,0.5810741022,0.8079844203,0.0975400653,0.1216296337,592.4749346332,1239.5374945927,7.0
9844,0.0,1634.786194,-1076.9365845,-259.418457,0.5792888735,0.8092623286,0.0975400653,0.1206970023,589.482204258,1237.7286108021,7.0
9845,0.0,1636.834473,-1071.980957,-258.788086,0.5677217783,0.8177221151,0.0949869725,0.1142950078,571.4713169296,1230.9599726451,7.0
9846,0.0,1637.94751,-1069.432983,-258.491852,0.559367584,0.8237059296,0.0928248216,0.1097663313,559.1203898366,1227.4759972027,7.0
9847,0.0,1638.987976,-1067.299072,-258.4599155,0.5557331322,0.8262681866,0.0917642111,0.1079377703,553.3595729417,1224.5090600191,7.0
9848,0.0,1641.119507,-1062.626465,-258.159027,0.5527558938,0.8283962052,0.090667795,0.1066673467,547.3834945249,1218.0426323464,7.0
9849,0.0,1642.388062,-1059.942505,-258.057312,0.5581159867,0.824961049,0.0891392897,0.1098058649,553.2191387415,1214.3146148017,7.0
9850,0.0,1644.284058,-1056.235962,-258.007904,0.5797150885,0.8103487892,0.0852364708,0.1224537374,579.7472681718,1209.0864805456,7.0
9851,0.0,1645.772583,-1053.575317,-258.131836,0.6145749231,0.7842724443,0.0849376063,0.1445439966,624.1830560911,1205.2762963276,7.0
9852,0.0,1647.4021,-1051.255859,-258.295685,0.6564708521,0.7499009477,0.0818204683,,,,
9853,0.0,1649.435303,-1048.638062,-258.590576,0.7023038969,0.7077726186,0.0763358163,,,,
9854,0.0,1651.546021,-1046.153809,-258.884094,0.7535890439,0.6538173936,0.068017415,,,,
9855,0.0,1652.944275,-1044.64856,-258.9221345,0.7843435959,0.6152401059,0.061735064,,,,
9856,0.0,1655.239014,-1042.093872,-258.967743,0.8254601485,0.5620147454,0.0524878003,,,,
9857,0.0,1658.535645,-1038.244019,-259.450287,0.8498484242,0.5251921987,0.0439409872,,,,
9858,0.0,1660.380981,-1036.046631,-259.754669,0.8511581953,0.5231700098,0.0426950504,,,,
9859,0.0,1662.720459,-1033.381104,-259.937073,0.8502999715,0.5246610682,0.0414815869,,,,
9860,0.0,1665.033325,-1030.89917,-259.985046,0.8501255535,0.5249571785,0.0413098542,,,,
9861,0.0,1666.906128,-1028.972656,-259.966736,0.8501255535,0.5249571785,0.0413098542,,,,
9862,0.0,1670.054932,-1025.869507,-260.057861,0.8501255535,0.5249571785,0.0413098542,,,,
9863,0.0,1672.195312,-1023.858337,-259.914795,0.8501255535,0.5249571785,0.0413098542,,,,
9864,0.0,1674.58667,-1021.67865,-259.742188,0.8501255535,0.5249571785,0.0413098542,,,,
9865,0.0,1676.882812,-1019.648682,-259.577637,0.8501255535,0.5249571785,0.0413098542,,,,
9866,0.0,1679.477539,-1017.42334,-259.368164,0.8501255535,0.5249571785,0.0413098542,,,,
9867,0.0,1682.554443,-1014.868164,-259.214325,0.8501255535,0.5249571785,0.0413098542,,,,
9868,0.0,1685.156616,-1012.985291,-259.124237,0.8501255535,0.5249571785,0.0413098542,,,,
9869,0.0,1688.457275,-1010.689392,-258.82666,0.8491362587,0.5266312618,0.0403376793,,,,
9870,0.0,1691.293823,-1008.718567,-258.538452,0.8424171485,0.5376009746,0.0363117064,,,,
9871,0.0,1694.603394,-1006.442444,-258.330078,0.8223473653,0.5682012716,0.029868473,,,,
9872,0.0,1695.683228,-1005.656555,-258.283234,0.8089456086,0.5872331393,0.0276449364,,,,
9873,0.0,1699.692139,-1002.653137,-258.213074,0.7118622852,0.7019975916,0.0212477845,,,,
9874,0.0,1702.187378,-1000.510559,-258.306763,0.6166217806,0.7869662978,0.021485479,,,,
9875,0.0,1704.895996,-997.59021,-258.761993,0.4143006833,0.9097109985,0.027943569,0.0629369285,395.8953423637,1133.8503525876,7.0
9876,0.0,1707.083252,-995.273987,-259.174072,0.2312309608,0.9721543924,0.0380536483,0.0137394536,186.9091675085,1131.4301932995,7.0
9877,0.0,1707.796631,-992.447876,-260.249817,0.0299270302,0.99840892,0.0477912264,0.0011987209,55.247657194,1128.6778915777,7.0
9878,0.0,1707.990845,-989.883057,-261.622864,-0.2307774023,0.9711292076,0.0604140117,0.0457170641,336.652159411,1126.2855652084,7.0
9879,0.0,1709.128296,-988.530273,-262.067444,-0.3892559792,0.918630724,0.0678039491,0.1079426215,508.4292700184,1125.0372776317,7.0
9880,0.0,1711.289307,-987.39447,-261.606628,-0.5485865447,0.832876154,0.0732810691,,,,
9881,0.0,1713.375854,-986.266663,-261.241333,-0.6487591043,0.7571228731,0.0766588524,,,,
9882,0.0,1717.47937,-983.393433,-260.93396,-0.726163288,0.6829447358,0.0792045897,0.1453049242,314.9310101499,606.6511157144,3.0
9883,0.0,1718.948181,-982.212311,-260.831482,-0.7350041144,0.6732349658,0.0796928758,0.1396738398,310.7510345553,609.8242607455,3.0
9884,0.0,1720.416992,-981.031189,-260.729004,-0.7438449408,0.6635251957,0.0801811619,0.1340427554,306.5710589606,612.9974057767,3.0
9885,0.0,1725.167358,-976.938782,-260.19278,-0.7534574395,0.6526767476,0.0794666599,0.1301920095,307.4570110602,623.1516224469,3.0
9886,0.0,1726.6157835,-975.591736,-259.9376985,-0.7568091309,0.6489156574,0.0782401752,0.1287722071,307.3952143688,626.2406278572,3.0
9887,0.0,1728.064209,-974.24469,-259.682617,-0.7601608223,0.6451545673,0.0770136904,0.1273524048,307.3334176773,629.3296332676,3.0
9888,0.0,1731.519409,-970.896729,-259.011597,-0.7674289721,0.6368279746,0.0741815574,0.1244642378,307.6338689651,636.721010083,3.0
9889,0.0,1734.781738,-967.676697,-258.202454,-0.7713837555,0.6323129607,0.0717455324,0.123881114,310.3752665074,643.8050468483,3.0
9890,0.0,1736.852661,-965.597412,-257.722778,-0.7726994116,0.6307692746,0.0711740231,0.1242987315,313.0548350865,648.3436048599,3.0
9891,0.0,1739.471924,-962.909607,-257.254425,-0.7738470185,0.6294619485,0.0702740867,0.1252279266,316.9595742394,654.1525549093,3.0
9892,0.0,1740.819031,-961.497925,-257.0253905,-0.7750358996,0.6280715535,0.0695819825,0.1253182437,318.5247183694,657.1606911433,3.0
9893,0.0,1744.088013,-958.075012,-256.528473,-0.7780786849,0.6243791233,0.0688786651,0.1252477165,321.9369221685,664.3759974179,3.0
9894,0.0,1746.012329,-955.962891,-256.534241,-0.7795191927,0.6226737809,0.0680234573,0.1257776185,324.7368299886,668.8354799865,3.0
9895,0.0,1747.865234,-953.931763,-256.651855,-0.7803413592,0.6216750683,0.0677308834,0.1267128775,327.9797014606,673.1849772442,3.0
9896,0.0,1750.592773,-951.009277,-256.675842,-0.7812228524,0.6205669845,0.0677308834,0.1282985608,332.9574780677,679.4532712696,3.0
9897,0.0,1752.134033,-948.899292,-257.132538,-0.781329439,0.6204327805,0.0677308834,0.1297241495,336.6600923408,683.4840577823,3.0
9898,0.0,1753.0115355,-947.5984495,-257.343689,-0.780752272,0.6211582388,0.0677308834,0.1310111687,339.3045887539,685.6963204775,3.0
9899,0.0,1754.871094,-944.736816,-257.751129,-0.7786188814,0.6237763124,0.0682330545,0.1345287565,345.9101470534,690.4964636818,3.0
9900,0.0,1756.73645,-941.397949,-258.096954,-0.7702749449,0.6339812586,0.0688786825,0.143389437,359.0415611694,695.866189025,3.0
9901,0.0,1758.455444,-938.127014,-258.197083,-0.7341913673,0.6761004805,0.0620578483,,,,
9902,0.0,1759.012085,-937.209106,-258.230377,-0.7050310269,0.7068053416,0.0579435949,,,,
9903,0.0,1761.206909,-932.996216,-258.202942,-0.5513127653,0.8330545539,0.0455449773,,,,
9904,0.0,1762.194702,-931.434631,-258.195435,-0.482762838,0.8746493972,0.0439143967,0.1340866321,533.186292419,1065.9589891998,7.0
9905,0.0,1765.4823,-926.310669,-257.91922,-0.2468428844,0.9682629194,0.0391855743,0.0357425415,281.1207926256,1060.9649781061,7.0
9906,0.0,1767.595581,-923.417786,-257.707001,-0.0786738828,0.9962560441,0.0358373382,0.0051861138,107.6294179019,1058.1781257937,7.0
9907,0.0,1769.329712,-920.722778,-257.670563,0.0465652082,0.9983702031,0.032994225,0.0015868371,59.4450233149,1055.6177605746,7.0
9908,0.0,1772.116821,-916.806335,-257.687286,0.230800889,0.972606868,0.0276916933,0.0259507711,238.0690553657,1051.8379258493,7.0
9909,0.0,1774.551392,-913.588562,-257.384979,0.3534840131,0.935147932,0.0233965343,0.0631357829,366.7200341782,1048.690329895,7.0
9910,0.0,1777.115967,-910.710938,-257.166473,0.4574965039,0.8890265426,0.0181316159,0.1097324009,476.3867493677,1045.9973572281,7.0
9911,0.0,1779.749878,-908.121765,-256.989685,0.5413596015,0.8407081481,0.0118148886,,,,
9912,0.0,1782.519897,-905.59137,-256.899902,0.5956705873,0.8031952963,0.007339445,,,,
9913,0.0,1784.61499,-903.770569,-257.036865,0.6169157167,0.7870121904,0.0051778975,,,,
9914,0.0,1786.994263,-901.7948,-257.282074,0.6266745966,0.779268019,0.0045060584,,,,
9915,0.0,1789.947876,-899.544434,-257.638794,0.6291503294,0.7772705825,0.0045060584,,,,
9916,0.0,1792.457764,-897.817505,-257.896484,0.6292593662,0.7771823116,0.0045060584,,,,
9917,0.0,1794.207397,-896.702393,-258.096344,0.6292593662,0.7771823116,0.0045060584,,,,
9918,0.0,1797.754028,-894.649719,-258.115631,0.6292593662,0.7771823116,0.0045060584,,,,
9919,0.0,1799.115967,-893.924866,-258.109833,0.6292593662,0.7771823116,0.0045060584,,,,
9920,0.0,1803.187378,-892.536743,-258.109314,0.6292593662,0.7771823116,0.0045060584,,,,
9921,0.0,1804.863037,-891.866333,-258.044067,0.6292593662,0.7771823116,0.0045060584,,,,
9922,0.0,1810.183105,-890.085449,-257.989075,0.6292593662,0.7771823116,0.0045060584,,,,
9923,0.0,1812.098999,-889.42865,-257.924408,0.6275681778,0.7785485712,0.0045060584,,,,
9924,0.0,1817.408325,-887.705505,-257.748962,0.6171148845,0.7868601622,0.0045060584,,,,
9925,0.0,1819.524719,-887.0212095,-257.5894925,0.6142535372,0.7890875357,0.0045060584,,,,
9926,0.0,1821.641113,-886.336914,-257.430023,0.6113921899,0.7913149092,0.0045060584,,,,
9927,0.0,1824.763184,-885.338684,-257.062347,0.6112116221,0.7914543881,0.0045060584,,,,
9928,0.0,1827.621582,-884.477966,-256.769684,0.6112116221,0.7914543881,0.0045060584,,,,
9929,0.0,1834.251343,-882.556274,-256.112549,0.6112116221,0.7914543881,0.0045060584,,,,
9930,0.0,1837.580688,-881.664307,-255.854797,0.610638838,0.7918963979,0.0045060584,,,,
9931,0.0,1839.807983,-881.087311,-255.756462,0.6104697492,0.7920267262,0.0045060584,,,,
9932,0.0,1842.035278,-880.510315,-255.658127,0.6103006605,0.7921570546,0.0045060584,,,,
9933,0.0,1845.358276,-879.701111,-255.606979,0.6103006605,0.7921570546,0.0045060584,,,,
9934,0.0,1848.342651,-878.96521,-255.596664,0.6072048161,0.7945375085,0.0035297291,,,,
9935,0.0,1854.444702,-877.483337,-255.864883,0.5932726537,0.8050004775,0.0013377421,,,,
9936,0.0,1858.104126,-876.594788,-256.267365,0.5773489035,0.816497542,8.6516e-05,,,,
9937,0.0,1861.049438,-875.889587,-256.590057,0.562286045,0.8269406291,-0.0018972416,,,,
9938,0.0,1863.689941,-875.243652,-256.918732,0.5447982159,0.8385616788,-0.0030355767,,,,
9939,0.0,1866.591187,-874.516357,-257.301331,0.5121068322,0.8588971536,-0.0065016896,,,,
9940,0.0,1870.202637,-873.648499,-257.700623,0.4627515359,0.886431569,-0.0100044793,,,,
9941,0.0,1873.375488,-872.746155,-257.96051,0.4039908859,0.9146629326,-0.0135308455,0.1275815854,501.4577880159,1025.9800865507,7.0
9942,0.0,1875.687988,-871.752686,-258.269318,0.3413426212,0.9398094897,-0.0155992947,0.0983576318,443.6142871967,1025.7394777303,7.0
9943,0.0,1878.590942,-870.360168,-258.248322,0.2503769207,0.9680160461,-0.0160103731,0.0632974094,358.9814242745,1025.2919362291,7.0
9944,0.0,1880.777466,-869.026428,-258.110107,0.1488677967,0.9887411036,-0.0151462607,0.0338768627,264.4605465742,1024.7170022274,7.0
9945,0.0,1883.315674,-867.049072,-257.818756,0.0015361757,0.9999581236,-0.0090217114,0.0086510252,134.3582639374,1023.6627690906,7.0
9946,0.0,1884.730835,-865.446472,-257.640106,-0.1097838613,0.9939529835,-0.0022294294,0.003289105,82.8832389641,1022.7518022927,7.0
9947,0.0,1887.44458,-864.333008,-257.641479,-0.2448792304,0.969527414,0.0071243214,0.0131259793,165.1315401606,1022.5369463054,7.0
9948,0.0,1888.581055,-862.610474,-257.721344,-0.4218450929,0.9063923092,0.0223539555,0.0562942134,337.9889131272,1021.7750957523,7.0
9949,0.0,1888.936401,-861.407654,-257.722748,-0.5678014767,0.8224548064,0.0341990433,0.1235065169,491.750936284,1021.4726155776,7.0
9950,0.0,1888.57605,-860.166687,-257.64856,-0.6942201942,0.718292829,0.0459753605,,,,
9951,0.0,1887.59021,-858.730835,-257.352875,-0.7937744968,0.6054756225,0.0576308841,,,,
9952,0.0,1886.724609,-857.79834,-257.005554,-0.8546341637,0.5150118402,0.0660549062,0.1034557198,365.4188754341,824.9587436205,3.0
9953,0.0,1886.112915,-857.268127,-256.607513,-0.898482795,0.4326996515,0.0741598183,0.0657482653,294.0765561967,824.6349873422,3.0
9954,0.0,1885.867188,-857.059937,-256.087494,-0.928054575,0.3634835426,0.0812060346,0.041096655,233.9938134094,824.6974159723,3.0
9955,0.0,1885.833984,-856.987061,-255.705658,-0.9438432678,0.3190021148,0.0860089338,0.0284303422,195.3147881517,824.9697432683,3.0
9956,0.0,1886.211426,-858.267456,-255.152496,-0.9605114639,0.2623126535,0.0927890056,0.0154420505,144.6383878152,826.2266435942,3.0
9957,0.0,1886.204224,-859.082947,-255.158997,-0.9688836901,0.2273336839,0.0978968402,0.0094663248,113.5120267392,826.9255539543,3.0
9958,0.0,1886.168457,-860.099976,-255.159821,-0.9740723167,0.2026100469,0.1006592799,0.006007752,90.6007779269,827.778603832,3.0
9959,0.0,1886.091553,-860.987854,-255.163803,-0.9768360839,0.1878094241,0.1025616175,0.0042619425,76.4111960261,828.5170187586,3.0
9960,0.0,1885.907227,-862.221558,-255.257172,-0.9790706868,0.1753774675,0.1032634207,0.0029059162,63.1936849255,829.5314814401,3.0
9961,0.0,1885.661133,-863.447754,-255.469498,-0.979545636,0.1727049883,0.1032634207,0.0024366132,57.9394864834,830.4836034409,3.0
9962,0.0,1885.414307,-864.771484,-255.648178,-0.9795834657,0.1724902888,0.1032634207,0.002163318,54.6657010295,831.5239178989,3.0
9963,0.0,1885.235718,-866.165222,-255.78299,-0.9795834657,0.1724902888,0.1032634207,0.0019200178,51.5665189049,832.5469821613,3.0
9964,0.0,1885.007812,-867.623779,-255.921844,-0.979725351,0.1716825527,0.103263438,0.001637538,47.6771715569,833.446362298,3.0
9965,0.0,1884.032349,-870.429565,-256.203735,-0.9800550961,0.1702492729,0.102504603,0.001128171,39.6303866185,834.542316297,3.0
9966,0.0,1883.479126,-871.2780455,-256.31842,-0.9800746326,0.1702526666,0.10231181,0.0010093157,37.422366531,834.5862261277,3.0
9967,0.0,1882.925903,-872.126526,-256.433105,-0.9800941691,0.1702560604,0.1021190169,0.0008904603,35.2143464435,834.6301359584,3.0
9968,0.0,1882.03186,-873.425842,-256.543152,-0.9800941691,0.1702560604,0.1021190169,0.000732498,31.9386185898,834.5981967972,3.0
9969,0.0,1880.508179,-875.240784,-256.675629,-0.98028809,0.1691359426,0.1021190169,0.0004994233,26.3626628864,834.2459132331,3.0
9970,0.0,1878.059814,-878.0224,-256.651398,-0.980426058,0.16707588,0.1041652295,0.0002407888,18.2901934896,833.5109833904,3.0
9971,0.0,1876.781128,-879.474854,-256.724976,-0.9801979206,0.166790955,0.1067371248,0.0001714188,15.4251360117,833.1119849532,3.0
9972,0.0,1875.708435,-880.429596,-256.7927095,-0.9789796006,0.1698663064,0.112685637,0.0002478093,18.3074665236,832.6683327932,3.0
9973,0.0,1874.635742,-881.384338,-256.860443,-0.9777612805,0.1729416579,0.1186341491,0.0003241999,21.1897970354,832.2246806331,3.0
9974,0.0,1871.645752,-884.682007,-257.122162,-0.9765392203,0.1777518281,0.1215542629,0.0002662442,19.1781096601,831.1504867528,3.0
9975,0.0,1869.839722,-886.53595,-257.196442,-0.9765392203,0.1777518281,0.1215542629,0.0001868,16.0507078376,830.4452431665,3.0
9976,0.0,1867.3927,-888.882324,-257.347198,-0.9765392203,0.1777518281,0.1215542629,0.0001255569,13.1433642771,829.4397116042,3.0
9977,0.0,1865.456909,-890.582214,-257.50705,-0.9765392203,0.1777518281,0.1215542629,0.0001091268,12.240798957,828.5924981881,3.0
9978,0.0,1863.458008,-892.282104,-257.604187,-0.9765392203,0.1777518281,0.1215542629,0.0001189158,12.7642976804,827.703940154,3.0
9979,0.0,1860.93396,-894.275146,-257.573669,-0.9765392203,0.1777518281,0.1215542629,0.0001648107,15.0051090074,826.5123388335,3.0
9980,0.0,1858.110107,-896.445679,-257.546417,-0.9765392203,0.1777518281,0.1215542629,0.0002312702,17.814315305,828.3604908505,3.0
9981,0.0,1856.92041,-897.345398,-257.536972,-0.9765392203,0.1777518281,0.1215542629,0.0002813143,19.5539495113,827.7900560446,3.0
9982,0.0,1854.033936,-899.487061,-257.507721,-0.9765392203,0.1777518281,0.1215542629,0.0004196587,23.938794896,826.3893720888,3.0
9983,0.0,1851.009766,-901.653442,-257.448975,-0.9765392203,0.1777518281,0.1215542629,0.0006118307,28.85354861,824.9641080094,3.0
9984,0.0,1848.293579,-903.731201,-257.43988,-0.9765392203,0.1777518281,0.1215542629,0.0008310206,33.580329723,823.8617003134,3.0
9985,0.0,1845.093994,-905.878906,-257.241425,-0.9765392203,0.1777518281,0.1215542629,0.0011182143,38.8817591885,822.4127323355,3.0
9986,0.0,1842.462036,-907.794861,-257.24588,-0.9765392203,0.1777518281,0.1215542629,0.0013884307,43.2822840114,821.6443416839,3.0
9987,0.0,1839.586182,-909.827454,-257.24765,-0.9756926257,0.182341606,0.1215542629,0.0014402271,44.0484544187,821.0254410115,3.0
9988,0.0,1837.058838,-911.721497,-257.344208,-0.974341294,0.1925787735,0.1165008959,0.0011628773,39.5661915921,820.6700804412,3.0
9989,0.0,1834.385986,-913.716309,-257.469269,-0.9742335776,0.195120413,0.1131236524,0.0013014848,41.8433007524,820.413391508,3.0
9990,0.0,1831.515259,-915.857178,-257.660645,-0.9751632446,0.190839787,0.1124136205,0.0018815138,50.1501902187,817.9151724141,3.0
9991,0.0,1828.543945,-918.064819,-257.852386,-0.9767230155,0.1816327747,0.1141126029,0.0028777177,62.0089458299,817.9522072398,3.0
9992,0.0,1825.831909,-920.097778,-258.013855,-0.9775605948,0.1766897518,0.1146996738,0.0036693159,70.0187553241,818.0984925781,3.0
9993,0.0,1822.324585,-922.697021,-258.200073,-0.977748213,0.1756485495,0.1146996911,0.0043185153,75.9722247408,818.3554830593,3.0
9994,0.0,1819.699707,-924.614563,-258.280487,-0.977748213,0.1756485495,0.1146996911,0.0047679847,79.8355488308,818.5254481602,3.0
9995,0.0,1817.120117,-926.473572,-258.362732,-0.977748213,0.1756485495,0.1146996911,0.0052385305,83.689503941,818.6924171922,3.0
9996,0.0,1813.877808,-928.769409,-258.377106,-0.977748213,0.1756485495,0.1146996911,0.0058697923,88.5979418714,818.9087477947,3.0
9997,0.0,1811.106812,-930.69751,-258.318542,-0.977748213,0.1756485495,0.1146996911,0.0064436916,92.835140746,819.08839379,3.0
9998,0.0,1808.680786,-932.362488,-258.235626,-0.977748213,0.1756485495,0.1146996911,0.0069738211,96.58509496,819.2533182278,3.0
9999,0.0,1805.442261,-934.530823,-257.99762,-0.9778763156,0.1756715626,0.1135667797,0.007723463,101.6504798109,819.4615609059,3.0
10000,0.0,1802.945435,-936.192932,-257.799591,-0.9778774471,0.1756717659,0.1135567223,0.008325123,105.5389005868,819.6114458688,3.0
10001,0.0,1800.688232,-937.658264,-257.535187,-0.9778774471,0.1756717659,0.1135567223,0.0088871125,109.0452887605,819.744716774,3.0
10002,0.0,1797.286377,-939.81366,-257.134003,-0.9778774471,0.1756717659,0.1135567223,0.0097624763,114.2895786339,819.9250978492,3.0
10003,0.0,1794.964966,-941.409058,-256.92218,-0.9778774471,0.1756717659,0.1135567223,0.0104101518,118.028750877,820.1201848771,3.0
10004,0.0,1792.581421,-942.973877,-256.586426,-0.9778774471,0.1756717659,0.1135567223,0.0110682238,121.7195392339,820.3730616008,3.0
10005,0.0,1789.270508,-945.214844,-256.161194,-0.9778774471,0.1756717659,0.1135567223,0.0119797964,126.67554762,820.8384179642,3.0
10006,0.0,1783.909302,-948.744934,-255.814972,-0.9778774471,0.1756717659,0.1135567223,0.0134245542,134.2056782484,821.8043278324,3.0
10007,0.0,1783.0976565,-949.8549195,-255.6847,-0.9778774471,0.1756717659,0.1135567223,0.0138135266,136.3076016349,822.9865118202,3.0
10008,0.0,1782.286011,-950.964905,-255.554428,-0.9778774471,0.1756717659,0.1135567223,0.014202499,138.4095250214,824.1686958081,3.0
10009,0.0,1779.904541,-952.564148,-255.452896,-0.9776158232,0.1771218715,0.1135567916,0.0145923107,140.4017912234,824.8704852276,3.0
10010,0.0,1776.565674,-954.806946,-255.310593,-0.9773018968,0.1788459266,0.1135567569,0.0151711302,143.3263521025,825.9534018427,3.0
10011,0.0,1773.888794,-956.60614,-255.196701,-0.9772051124,0.1799257963,0.112680416,0.0156790775,145.8528914,826.8920843292,3.0
10012,0.0,1770.446289,-958.917969,-255.050308,-0.9769823524,0.1812971729,0.1124136031,0.0163129725,148.982310499,828.1930414455,3.0
10013,0.0,1768.113281,-960.464111,-254.95134,-0.9766743856,0.1840655566,0.1105758352,0.0164006301,149.546047135,829.1205710339,3.0
10014,0.0,1762.648682,-963.999023,-254.723907,-0.9744964752,0.1965160726,0.1083422959,0.0154501265,145.6169617978,831.6008750163,3.0
10015,0.0,1759.660767,-965.561035,-254.621277,-0.972636367,0.2067878992,0.105911578,0.0142539259,140.1168617908,832.8394652031,3.0
10016,0.0,1757.207764,-966.661621,-254.727982,-0.9708801326,0.2154513634,0.1047495975,0.0132158986,135.1090249528,833.7976601925,3.0
10017,0.0,1755.5442505,-967.2849425,-254.9059985,-0.9693415382,0.2226823272,0.1036030634,0.0123099162,130.4282066881,834.4102388053,3.0
10018,0.0,1751.002319,-968.806213,-255.421722,-0.9652879503,0.24119847,0.1002121301,0.0100905201,118.4621961119,836.0001271626,3.0
10019,0.0,1747.778198,-969.618286,-255.810165,-0.9617936309,0.2553358522,0.0987755748,0.0084626312,108.6633645353,837.0207255378,3.0
10020,0.0,1744.908936,-970.192505,-256.165375,-0.9588051538,0.2671080411,0.0966745648,0.0072274159,100.5529563945,837.8657773607,3.0
10021,0.0,1742.369995,-970.60553,-256.485229,-0.9564789274,0.2757049331,0.0955764163,0.006398849,94.7118910179,838.5605718399,3.0
10022,0.0,1738.724243,-971.056274,-256.952881,-0.9537357106,0.2855021468,0.0942163383,0.0055479263,88.3055893063,839.4813460546,3.0
10023,0.0,1736.295898,-971.25769,-257.270782,-0.9516879669,0.2922915641,0.0941044906,0.0049583035,83.5508925528,840.0566109191,3.0
10024,0.0,1732.78125,-971.422852,-257.73877,-0.9487616116,0.3022341926,0.092227421,0.0041835751,76.8326852455,840.8372290462,3.0
10025,0.0,1729.334717,-971.463562,-258.20517,-0.94601731,0.3108400453,0.0918134822,0.0035456786,70.8041073625,841.5483682296,3.0
10026,0.0,1726.616943,-971.429749,-258.546509,-0.9447961344,0.3147911948,0.0909217691,0.0033185809,68.5447011894,842.0604925199,3.0
10027,0.0,1723.775024,-971.332275,-258.814148,-0.9437694902,0.3179284465,0.0906678124,0.003139979,66.7161748652,842.5466551126,3.0
10028,0.0,1719.900269,-971.075134,-259.100494,-0.941856969,0.3238329836,0.0896529347,0.0027881737,62.9174062058,843.1383352089,3.0
10029,0.0,1716.946533,-970.77356,-259.307587,-0.9392751889,0.3315330441,0.0885887133,0.0023342325,57.6057416036,843.5917117812,3.0
10030,0.0,1713.234253,-970.244934,-259.559723,-0.9335807522,0.3481461372,0.0849779168,0.0015619971,47.1631339971,844.1453040719,3.0
10031,0.0,1710.493408,-969.819763,-259.650421,-0.930560926,0.3566093229,0.0829828529,0.0012760202,42.6466231592,844.4607516743,3.0
10032,0.0,1707.174683,-969.201355,-259.746765,-0.925297975,0.3705808704,0.0805821063,0.00093205,36.4651459212,844.7818281663,3.0
10033,0.0,1704.506958,-968.642944,-259.828156,-0.9207014465,0.382260152,0.0786512716,0.000809657,33.9948375855,844.9584796437,3.0
10034,0.0,1701.04895,-967.89093,-259.938263,-0.916355125,0.3928712855,0.077106666,0.000825484,34.3338456616,845.1674438078,3.0
10035,0.0,1698.48645,-967.292725,-260.022644,-0.9135461508,0.3996732737,0.0754632673,0.0009357815,36.5604640535,845.3004264635,3.0
10036,0.0,1695.079834,-966.453064,-260.138672,-0.9106299584,0.4064301844,0.0746162454,0.0010716517,39.1303516658,845.4507335815,3.0
10037,0.0,1691.199585,-965.420227,-260.276123,-0.9073528839,0.4136945186,0.0746162802,0.001243158,42.1504833613,845.5891652625,3.0
10038,0.0,1688.578979,-964.688171,-260.371765,-0.9057548435,0.4173279596,0.0737938857,0.0013918357,44.6021733218,845.6646938555,3.0
10039,0.0,1685.005249,-963.628235,-260.389801,-0.9032772494,0.4228855852,0.0725120167,0.0016504005,48.5703003603,845.746824989,3.0
10040,0.0,1681.493286,-962.533142,-260.218353,-0.9010527686,0.4276371212,0.0723215094,0.0018584862,51.5416411836,845.7956596986,3.0
10041,0.0,1678.544678,-961.569641,-256.88858,-0.8992170053,0.431483924,0.0723215094,0.0018877186,51.9250896726,845.4709402206,3.0
10042,0.0,1675.647705,-960.593689,-256.149261,-0.8977833851,0.4344589655,0.0723215094,0.0020253724,53.7810490747,845.4381420897,3.0
10043,0.0,1672.375,-959.442566,-256.298737,-0.8958093318,0.4385148091,0.0723215268,0.002288136,57.1643513202,845.5084258519,3.0
10044,0.0,1669.590942,-958.427368,-256.298737,-0.8940124068,0.4421667256,0.0723215268,0.0025411541,60.2412730436,845.550821358,3.0
10045,0.0,1666.329102,-957.191345,-256.298737,-0.8914913796,0.4472278161,0.0723215094,0.0029248118,64.6268722809,845.6038743388,3.0
10046,0.0,1662.835571,-955.801392,-256.298737,-0.8876524497,0.454799654,0.0723215268,0.0035606498,71.3003412302,845.666094679,3.0
10047,0.0,1659.903198,-954.575806,-256.298737,-0.8832333714,0.4633232224,0.0723215268,0.0043703797,78.9823785859,845.7278924281,3.0
10048,0.0,1656.542725,-953.117065,-256.298737,-0.8773653659,0.4743412396,0.0723215268,0.0055696737,89.1433357114,845.7939453371,3.0
10049,0.0,1654.101196,-952.016968,-256.298737,-0.8724998489,0.4832324626,0.0723215094,0.0066601102,97.4594657739,845.8486115415,3.0
10050,0.0,1650.619385,-950.353027,-256.298737,-0.8626747734,0.5005615168,0.0723215268,0.0090853183,113.7143081815,845.5099339757,3.0
10051,0.0,1645.6427,-947.765015,-256.298737,-0.8423437945,0.5340660339,0.0723215268,0.0150810869,146.4533080125,846.4698220916,3.0
10052,0.0,1643.934448,-946.7187195,-256.298752,-0.8287205548,0.5545973255,0.070958179,0.0199866367,167.0492389729,846.3713893067,3.0
10053,0.0,1642.226196,-945.672424,-256.298767,-0.8150973152,0.5751286171,0.0695948312,0.0248921866,187.6451699334,846.2729565219,3.0
10054,0.0,1639.565552,-943.907593,-256.298767,-0.7887640167,0.6111091477,0.066309392,0.035971419,224.9648448395,846.3733295952,3.0
10055,0.0,1635.748291,-944.732422,-256.170654,-0.7500683266,0.6586267217,0.0600695171,0.0534334221,273.2079321548,847.1341286036,3.0
10056,0.0,1631.975098,-942.542236,-256.694641,-0.7119791784,0.7001916839,0.053077823,0.0737425299,318.961072686,846.2944614341,3.0
10057,0.0,1626.813721,-939.377991,-257.148285,-0.6733656082,0.7377045358,0.0486906109,0.0962579479,362.355687149,846.4722611644,3.0
10058,0.0,1625.47168,-937.234192,-256.177307,-0.65979797,0.7498952177,0.0482058222,0.1051451964,378.2252321049,847.3597115276,3.0
10059,0.0,1622.533081,-935.439087,-256.20874,-0.6501548528,0.7582709703,0.0482058396,0.1115875716,389.0005672893,847.4106084928,3.0
10060,0.0,1620.8202515,-934.2687075,-256.239761,-0.6479411385,0.7601578901,0.0482058309,0.1134718105,392.0367079807,847.3603111845,3.0
10061,0.0,1619.107422,-933.098328,-256.270782,-0.6457274242,0.7620448099,0.0482058222,0.1153560495,395.0728486722,847.3100138763,3.0
10062,0.0,1613.786377,-929.052979,-256.370331,-0.6474088675,0.7606168267,0.0482058222,0.1165571284,396.8715030072,847.0406843046,3.0
10063,0.0,1611.058472,-927.010742,-256.329346,-0.6489967808,0.7592623891,0.0482058396,0.1167370872,396.9204707799,846.532418961,3.0
10064,0.0,1608.020752,-924.772705,-256.030518,-0.65411016,0.7547400761,0.0500731077,0.1146941002,393.2577265519,845.6989893883,3.0
10065,0.0,1604.939819,-922.761597,-255.469803,-0.6612220416,0.7483781662,0.0521107674,0.111265865,387.2214325688,844.6815310921,3.0
10066,0.0,1602.403076,-920.590637,-255.086304,-0.6673407457,0.7427788453,0.0541840937,0.1086543069,382.6724133208,844.1472789584,3.0
10067,0.0,1598.635498,-917.103271,-254.896988,-0.6753970656,0.7353088499,0.0562112001,0.1056253933,377.2652688646,843.3924803559,3.0
10068,0.0,1597.30249,-916.127197,-254.581192,-0.6772301738,0.7335474629,0.0571612758,0.1049447836,375.9590602358,843.0419636922,3.0
10069,0.0,1593.501099,-912.690918,-254.403931,-0.6797140372,0.7311369673,0.0585453908,0.105203807,376.0171975133,842.1912570789,3.0
10070,0.0,1590.76709,-910.28772,-254.439194,-0.6802681807,0.7306214051,0.0585454082,0.1070363743,378.7431830215,841.4106321086,3.0
10071,0.0,1587.07373,-907.009644,-254.543427,-0.6828777649,0.7281829409,0.0585453908,0.107335933,378.890338025,840.6286635017,3.0
10072,0.0,1584.230469,-904.664734,-254.611557,-0.6889658303,0.7225063625,0.0575381692,0.1050790704,374.8462357351,840.0390916862,3.0
10073,0.0,1581.20874,-902.222778,-254.789093,-0.6977916104,0.7139975289,0.0573968395,0.1011237441,367.8475760137,839.4464487,3.0
10074,0.0,1578.173218,-899.665894,-255.133987,-0.711500584,0.7003374343,0.0573968395,0.0943805028,355.7538579983,838.861729496,3.0
10075,0.0,1575.601562,-897.450195,-255.413452,-0.7235107855,0.6879984396,0.0564826556,0.0885404958,344.9342952339,838.4609692666,3.0
10076,0.0,1572.243408,-894.467102,-255.861404,-0.7483572734,0.6609065956,0.0562482297,0.0757488605,319.893113082,837.8879836114,3.0
10077,0.0,1569.40625,-891.941772,-255.832458,-0.7764367341,0.6276799635,0.0562482123,0.0613149342,288.751327272,837.5046432562,3.0
10078,0.0,1566.754272,-889.57428,-256.003937,-0.8143393363,0.577656976,0.0562482297,0.042726953,242.0502796192,837.0066707766,3.0
10079,0.0,1564.270264,-887.389404,-255.948227,-0.8615552825,0.5044546907,0.0569908783,0.0222017054,175.2036059751,836.1012521011,3.0
10080,0.0,1560.204712,-884.017334,-255.871719,-0.9110055695,0.4083802801,0.0573968569,0.006636131,96.129822396,835.8096365876,3.0
10081,0.0,1557.873291,-881.947021,-255.537918,-0.9406416395,0.3342383594,0.0589747839,0.0018223802,50.4364354467,835.8105345001,3.0
10082,0.0,1554.823853,-879.527344,-255.25087,-0.9632516523,0.2616991568,0.0604963276,0.0027664966,62.057083762,834.8565707472,3.0
10083,0.0,1551.699097,-877.079285,-255.046524,-0.9757112989,0.2104416324,0.0608422593,0.0064941648,94.9101588123,834.1464202727,3.0
10084,0.0,1548.647949,-874.923828,-254.874832,-0.9808004548,0.1852800241,0.0608422593,0.0090725968,112.0104901127,833.4224231478,3.0
10085,0.0,1545.025757,-872.665955,-254.734985,-0.982691105,0.174975466,0.0608422418,0.0100291238,117.6353966477,832.6896484931,3.0
10086,0.0,1541.892456,-870.960938,-254.674255,-0.9833708249,0.1714469379,0.0598979814,0.0102525511,118.848326984,832.1049846403,3.0
10087,0.0,1538.673828,-869.359314,-254.606766,-0.984864586,0.1630420917,0.0588134644,0.011177382,123.9716528736,831.4848078486,3.0
10088,0.0,1534.729736,-867.650574,-254.629425,-0.9885435319,0.1403764354,0.0554629773,0.0146389105,141.5909908256,830.541790964,3.0
10089,0.0,1531.379883,-866.366089,-254.667313,-0.9919257745,0.1151315207,0.0531788569,0.0188611667,160.4323693477,829.946820634,3.0
10090,0.0,1524.699585,-864.136536,-254.991913,-0.9968828397,0.0627405092,0.0478354722,0.0296163483,200.1875415438,828.6972424686,3.0
10091,0.0,1522.3533935,-863.4919435,-255.0749515,-0.997833595,0.0425351447,0.0458904616,0.0346621653,215.5653207969,828.2298217929,3.0
10092,0.0,1516.859619,-862.062317,-255.709579,-0.9991517049,0.0010617078,0.0411672601,0.0456924941,247.1713144427,827.1403070088,3.0
10093,0.0,1512.318237,-861.057434,-256.229248,-0.9988824466,-0.0304632326,0.036136538,0.0554489396,271.3132591287,826.2561781755,3.0
10094,0.0,1511.7403565,-860.527527,-256.2639925,-0.9985342023,-0.0406793648,0.034149638,0.0586156968,278.980511845,827.3038949499,3.0
10095,0.0,1507.908936,-859.358643,-256.298706,-0.9973981756,-0.0662933259,0.0283209168,0.0672513162,298.4135998333,827.7144260036,3.0
10096,0.0,1503.981201,-858.644958,-256.298706,-0.9965820377,-0.0791503042,0.0236531488,0.0721178276,308.3556920286,826.9712434257,3.0
10097,0.0,1500.783325,-858.143982,-256.298676,-0.995606005,-0.0916753291,0.019087088,0.0771003292,318.1929744989,826.3882962462,3.0
10098,0.0,1498.3165895,-857.8381655,-256.298691,-0.9943969148,-0.1038974336,0.0143963209,0.0822862659,327.9215340387,825.9544956187,3.0
10099,0.0,1492.699341,-857.198792,-256.298706,-0.9917982236,-0.1276846343,0.0057374068,0.0926039772,346.7216026309,824.9842269251,3.0
10100,0.0,1488.332275,-856.827393,-256.298706,-0.9897308313,-0.1429419823,0.0006864728,0.0996381936,358.6777137352,824.2772687794,3.0
10101,0.0,1486.222351,-856.6984865,-256.298706,-0.9886113084,-0.1502787982,-0.001735916,0.1031680088,364.4380752012,823.9675503277,3.0
10102,0.0,1480.69873,-856.417236,-256.298737,-0.9862904777,-0.1648977613,-0.0063104578,0.1103607112,375.8942327326,823.1310077502,3.0
10103,0.0,1476.548218,-856.31366,-256.298737,-0.9845108269,-0.1751066276,-0.0087235686,0.1155403614,383.8031037343,822.523285383,3.0
10104,0.0,1472.929443,-856.276855,-256.298737,-0.9835951952,-0.1801597637,-0.0091077701,0.1182069386,387.6777955317,821.9842779519,3.0
10105,0.0,1468.734863,-856.294495,-256.298737,-0.9830491092,-0.1831160765,-0.0091077701,0.1200397198,389.9629972291,820.8930454479,3.0
10106,0.0,1464.80249,-856.372131,-256.298767,-0.9826733787,-0.1853408488,0.0013418785,0.1201786247,390.1258705023,820.7914881555,3.0
10107,0.0,1459.921875,-856.529907,-256.298737,-0.9827681756,-0.1847565507,0.0056329331,0.1200132978,389.5800110445,820.1713452964,3.0
10108,0.0,1456.894531,-856.671021,-256.298737,-0.9827724235,-0.1847332329,0.0056565296,0.1204318983,390.0263792913,819.7740797611,3.0
10109,0.0,1452.432617,-856.925964,-256.298737,-0.9827724235,-0.1847332329,0.0056565296,0.1211217299,390.8009843034,819.2100934829,3.0
10110,0.0,1447.95166,-857.235657,-256.298737,-0.9827724235,-0.1847332329,0.0056565296,0.1218825978,391.6854752662,818.6631601159,3.0
10111,0.0,1445.32312,-857.441406,-256.298737,-0.9827724235,-0.1847332329,0.0056565296,0.1223598068,392.2526215569,818.3522426483,3.0
10112,0.0,1440.255371,-857.883423,-256.298737,-0.9827724235,-0.1847332329,0.0056565296,0.123361333,393.457221149,817.7445594795,3.0
10113,0.0,1436.120483,-858.283569,-256.298737,-0.9827724235,-0.1847332329,0.0056565296,0.1242508062,394.5381119653,817.2444315087,3.0
10114,0.0,1433.067505,-858.600159,-256.298737,-0.9827724235,-0.1847332329,0.0056565296,0.1249354862,395.3830350489,816.8964669805,3.0
10115,0.0,1429.084229,-859.037537,-256.298737,-0.9827724235,-0.1847332329,0.0056565296,0.1258596167,396.5379486432,816.4704924777,3.0
10116,0.0,1424.0448,-859.627502,-256.298737,-0.9827724235,-0.1847332329,0.0056565296,0.1271071978,398.1320234032,815.9913944693,3.0
10117,0.0,1422.498901,-859.814636,-256.298737,-0.9827724235,-0.1847332329,0.0056565296,0.1275068267,398.644779528,815.8479769309,3.0
10118,0.0,1416.312134,-860.603455,-256.298737,-0.9827724235,-0.1847332329,0.0056565296,0.1291861129,400.8148535143,815.3059266842,3.0
10119,0.0,1411.998413,-861.179565,-256.298737,-0.9827724235,-0.1847332329,0.0056565296,0.1304059,402.4061115916,814.9712405863,3.0
10120,0.0,1408.741089,-861.629272,-256.298737,-0.9827724235,-0.1847332329,0.0056565296,0.1313802117,403.6659717192,814.6980752463,3.0
10121,0.0,1404.78186,-862.404053,-256.298676,-0.9763020814,-0.2163940335,0.0028050197,0.1491638824,428.0373570085,814.6402265468,3.0
10122,0.0,1400.495117,-863.397522,-256.298737,-0.9629243427,-0.269712492,0.0056464068,,,,
10123,0.0,1397.69751,-864.118958,-256.298767,-0.95010692,-0.3118555479,0.0065542229,,,,
10124,0.0,1394.042114,-865.207947,-256.298737,-0.9207650718,-0.3900581333,0.0068069933,,,,
10125,0.0,1390.474731,-866.205872,-256.298737,-0.8970486909,-0.4418792945,0.0068069933,,,,
10126,0.0,1386.845703,-867.3125,-256.298737,-0.8718918238,-0.489651215,0.0068069933,,,,
10127,0.0,1384.067505,-868.33136,-256.298737,-0.8459387883,-0.5332365622,0.0068069933,,,,
10128,0.0,1380.067261,-869.820679,-256.298676,-0.8149433491,-0.5795093537,0.0060205292,,,,
10129,0.0,1375.930786,-871.461731,-256.298737,-0.7874113084,-0.6164020077,0.0056565296,,,,
10130,0.0,1371.607666,-873.259827,-256.298737,-0.7672824285,-0.6412934345,0.0045172807,,,,
10131,0.0,1368.970215,-874.572571,-256.298737,-0.7585448657,-0.6516052349,0.0045060584,,,,
10132,0.0,1365.562622,-876.570923,-256.298706,-0.7475830156,-0.6641634701,0.002553379,,,,
10133,0.0,1362.364258,-878.786987,-256.298737,-0.7432268486,-0.6690385338,0.001136628,,,,
10134,0.0,1360.247681,-880.499329,-256.298737,-0.7397643521,-0.6728659625,0.0003161838,,,,
10135,0.0,1357.395264,-883.168762,-256.298737,-0.7332197604,-0.6799893115,-0.0018218784,,,,
10136,0.0,1355.446411,-885.241638,-256.298737,-0.7295753673,-0.6838940416,-0.0029535291,,,,
10137,0.0,1352.519775,-888.837097,-256.298737,-0.7234419038,-0.6903620903,-0.0056565121,,,,
10138,0.0,1348.889893,-893.853088,-256.298737,-0.7212314082,-0.692671105,-0.0056565121,,,,
10139,0.0,1346.530396,-896.94043,-256.298737,-0.721054662,-0.6928550917,-0.0056565296,,,,
10140,0.0,1344.091553,-900.029419,-256.298737,-0.721054662,-0.6928550917,-0.0056565296,,,,
10141,0.0,1342.9105835,-901.489441,-256.298737,-0.7206626754,-0.6932575347,-0.0062183314,,,,
10142,0.0,1339.934692,-905.147949,-256.298737,-0.7178647153,-0.6961404364,-0.0076644162,,,,
10143,0.0,1337.462891,-908.135132,-256.298737,-0.7138813954,-0.7002105552,-0.0088618107,,,,
10144,0.0,1334.772949,-911.332947,-256.298737,-0.7093694295,-0.7047312405,-0.0122020968,,,,
10145,0.0,1332.666626,-913.795166,-256.298706,-0.7064799816,-0.7075521093,-0.0160015079,,,,
10146,0.0,1329.852905,-917.02655,-256.298737,-0.7041542724,-0.7096707711,-0.0231118434,,,,
10147,0.0,1327.599487,-919.575317,-256.298737,-0.7032152068,-0.7103789684,-0.0291563748,,,,
10148,0.0,1324.685913,-922.877991,-256.298706,-0.6991211841,-0.7137712525,-0.0419543687,,,,
10149,0.0,1321.799438,-926.149048,-256.298737,-0.6932336119,-0.7185300634,-0.0560509353,,,,
10150,0.0,1319.622437,-928.624451,-256.298676,-0.687147986,-0.7232761345,-0.068551284,,,,
10151,0.0,1316.800659,-931.826782,-256.298706,-0.6788822959,-0.7289783764,-0.0878029334,,,,
10152,0.0,1314.657715,-934.217163,-256.298706,-0.6757272174,-0.730433848,-0.0992931087,,,,
10153,0.0,1311.651123,-937.541809,-256.298737,-0.6731068155,-0.7304562554,-0.1155892458,,,,
10154,0.0,1308.75769,-940.712036,-256.298737,-0.6717177447,-0.7277290582,-0.1385845926,,,,
10155,0.0,1305.73584,-943.978333,-256.298737,-0.6735262352,-0.7228182305,-0.15458401,,,,
10156,0.0,1303.562378,-946.280579,-256.298828,-0.6771000757,-0.7162804551,-0.1687536578,,,,
10157,0.0,1300.420654,-949.581787,-252.261261,-0.6838996357,-0.7057310329,-0.1849999932,,,,
10158,0.0,1298.324219,-951.77771,-248.949158,-0.6887726867,-0.6986292899,-0.1936731821,,,,
10159,0.0,1295.275513,-954.993042,-244.358582,-0.6944595485,-0.6903996668,-0.2026677959,,,,
10160,0.0,1292.437378,-958.034058,-240.2388,-0.6972091043,-0.6865883016,-0.2061455043,,,,
10161,0.0,1289.516479,-961.187073,-236.190521,-0.6988535234,-0.6844749868,-0.2075999645,,,,
10162,0.0,1286.458008,-964.517212,-232.157532,-0.6990635123,-0.6842095504,-0.207767892,,,,
10163,0.0,1284.457764,-966.668457,-229.687622,-0.7007448578,-0.6824874081,-0.2077680969,,,,
10164,0.0,1281.507935,-969.83905,-226.227478,-0.7032842257,-0.6798703617,-0.2077681139,,,,
10165,0.0,1278.624268,-972.937866,-223.061401,-0.7057591717,-0.677300837,-0.2077680627,,,,
10166,0.0,1275.79248,-975.96759,-220.170746,-0.7091661263,-0.674343841,-0.2057760663,,,,
10167,0.0,1273.484253,-978.434448,-217.971405,-0.7120685756,-0.6718578596,-0.203875845,,,,
10168,0.0,1270.481812,-981.60675,-215.335312,-0.7178248849,-0.6667293986,-0.2004977397,,,,
10169,0.0,1267.885254,-984.341614,-213.223923,-0.723392745,-0.6616519987,-0.1972804325,,,,
10170,0.0,1265.232422,-987.102966,-211.211563,-0.7315687321,-0.6538596516,-0.1930666886,,,,
10171,0.0,1262.172607,-990.249512,-209.136215,-0.7432816331,-0.6426312942,-0.185896298,,,,
10172,0.0,1260.217896,-992.282471,-207.934189,-0.749399087,-0.6365124808,-0.1823536951,,,,
10173,0.0,1256.776001,-995.792603,-206.096542,-0.7636320935,-0.6216122944,-0.1745399129,,,,
10174,0.0,1253.751587,-998.749939,-204.764893,-0.7821463321,-0.6008937036,-0.1648449944,,,,
10175,0.0,1251.655273,-1000.813965,-203.988022,-0.793763633,-0.5868995876,-0.1596501454,,,,
10176,0.0,1248.240967,-1004.007507,-202.967178,-0.8194593731,-0.5536711138,-0.1481034557,,,,
10177,0.0,1244.766846,-1007.210083,-202.216934,-0.8457556277,-0.5157722434,-0.1366616665,,,,
10178,0.0,1242.4906005,-1009.300415,-201.964813,-0.8619387097,-0.4894508212,-0.128358491,,,,
10179,0.0,1240.214355,-1011.390747,-201.712692,-0.8781217917,-0.463129399,-0.1200553154,,,,
10180,0.0,1237.447876,-1013.937378,-201.644669,-0.8963578483,-0.4304239068,-0.1061973084,,,,
10181,0.0,1236.803589,-1014.458191,-199.515411,-0.9097685318,-0.4047627284,-0.0921322537,,,,
10182,0.0,1236.789307,-1014.431213,-197.01503,-0.9190988076,-0.3865918363,-0.0761848673,,,,
10183,0.0,1236.763794,-1014.458435,-194.488663,-0.9267654416,-0.3711064446,-0.0581878249,,,,
10184,0.0,1236.707031,-1014.44635,-190.084305,-0.9406198182,-0.3389830658,-0.0180232836,,,,
10185,0.0,1236.69519,-1014.460876,-187.661865,-0.9459947099,-0.3241539665,0.004267893,,,,
10186,0.0,1236.670166,-1014.429016,-185.736618,-0.9509682202,-0.3078440874,0.0298573602,,,,
10187,0.0,1236.654419,-1014.406311,-183.585617,-0.9550163786,-0.2913466248,0.0553250466,,,,
10188,0.0,1236.636108,-1014.364807,-181.207947,-0.9588278704,-0.2718583244,0.0821106966,,,,
10189,0.0,1236.633789,-1014.349792,-179.303482,-0.9611221785,-0.258806101,0.0962473897,,,,
10190,0.0,1236.637573,-1014.343506,-177.56813,-0.9631309995,-0.2482301006,0.1037328059,,,,
10191,0.0,1236.663574,-1014.37915,-174.720428,-0.9657078659,-0.2366945924,0.1066957711,,,,
10192,0.0,1236.679932,-1014.395996,-172.884155,-0.9675455854,-0.2290666988,0.1066957711,,,,
10193,0.0,1236.711304,-1014.446899,-170.708923,-0.9688271401,-0.2235844025,0.1066957711,,,,
10194,0.0,1236.74585,-1014.511169,-168.852631,-0.9693608968,-0.2212587921,0.1066958232,,,,
10195,0.0,1236.78833,-1014.590637,-166.833435,-0.9696749242,-0.2198784724,0.1066958232,,,,
10196,0.0,1236.845947,-1014.69873,-164.171326,-0.9698800133,-0.2184396739,0.1077815781,,,,
10197,0.0,1236.884644,-1014.768799,-162.209961,-0.9701129286,-0.2163583602,0.1098633958,,,,
10198,0.0,1236.935181,-1014.86322,-160.059357,-0.9700284862,-0.2160694402,0.1111698382,,,,
10199,0.0,1236.982056,-1014.949158,-157.937134,-0.9702471276,-0.2150335504,0.1112703179,,,,
10200,0.0,1237.031006,-1015.040344,-155.881012,-0.9701512846,-0.2149255688,0.112309772,,,,
10201,0.0,1237.062134,-1015.096863,-154.488403,-0.9702817858,-0.2142812032,0.1124136205,,,,
10202,0.0,1237.128418,-1015.217468,-151.689301,-0.9702703365,-0.2137811725,0.1134596155,,,,
10203,0.0,1237.181763,-1015.315369,-149.491119,-0.9702595023,-0.2137787853,0.1135567223,,,,
10204,0.0,1237.203613,-1015.35614,-148.575531,-0.9702595023,-0.2137787853,0.1135567223,,,,
10205,0.0,1237.275513,-1015.486755,-145.440826,-0.9704820905,-0.2127660191,0.1135567396,,,,
10206,0.0,1237.313965,-1015.541748,-143.76944,-0.9709177597,-0.2107690081,0.1135567223,,,,
10207,0.0,1237.352783,-1015.624207,-141.501282,-0.9713777244,-0.2086389018,0.1135567049,,,,
10208,0.0,1237.394409,-1015.701965,-139.260406,-0.9717672652,-0.2062844986,0.1145211241,,,,
10209,0.0,1237.432007,-1015.765747,-137.095215,-0.9723401687,-0.2028822514,0.1157298074,,,,
10210,0.0,1237.474609,-1015.842651,-135.015167,-0.9726049675,-0.2015442543,0.1158425254,,,,
10211,0.0,1237.515259,-1015.915649,-133.075745,-0.9727115554,-0.2004815742,0.1167877068,,,,
10212,0.0,1237.565552,-1016.006775,-130.871948,-0.9727286592,-0.2002833624,0.1169851718,,,,
10213,0.0,1237.614014,-1016.094727,-128.78009,-0.9727286592,-0.2002833624,0.1169851718,,,,
10214,0.0,1237.653564,-1016.183899,-126.698433,-0.9727286592,-0.2002833624,0.1169851718,,,,
10215,0.0,1237.653564,-1016.269653,-124.865242,-0.9727286592,-0.2002833624,0.1169851718,,,,
10216,0.0,1237.653564,-1016.365112,-122.824348,-0.9727286592,-0.2002833624,0.1169851718,,,,
10217,0.0,1237.653564,-1016.4599,-120.79969,-0.9727286592,-0.2002833624,0.1169851718,,,,
10218,0.0,1237.653564,-1016.650024,-116.736183,-0.9727286592,-0.2002833624,0.1169851718,0.1287149639,19.376480704,39.4812058106,6.0
10219,0.0,1237.653564,-1016.741638,-114.778755,-0.9727286592,-0.2002833624,0.1169851718,0.1016073825,17.2309148993,39.2331056192,6.0
10220,0.0,1237.653564,-1016.841003,-112.650238,-0.9727286592,-0.2002833624,0.1169851718,0.0773033519,15.1034811282,39.1762182016,6.0
10221,0.0,1237.653564,-1016.933838,-110.668396,-0.9727286592,-0.2002833624,0.1169851718,0.0547038115,12.9461977944,39.686296849,6.0
10222,0.0,1237.653564,-1016.9865725,-109.543026,-0.9727286592,-0.2002833624,0.1169851718,0.0450285124,11.8219703743,40.1389157248,6.0
10223,0.0,1237.653564,-1017.103516,-107.044823,-0.9727286592,-0.2002833624,0.1169851718,0.0279039983,9.6592739357,41.1762922917,6.0
10224,0.0,1237.427612,-1017.276733,-104.383926,-0.9727286592,-0.2002833624,0.1169851718,0.0178788942,8.0399754233,42.7089900332,6.0
10225,0.0,1236.902832,-1017.492126,-102.333191,-0.9727286592,-0.2002833624,0.1169851718,0.0145407889,7.4821966645,44.0356741231,6.0
10226,0.0,1236.428101,-1017.695374,-100.556976,-0.9727286592,-0.2002833624,0.1169851718,0.0141376194,7.6476389981,45.6419994513,6.0
10227,0.0,1236.201172,-1017.7924195,-99.813301,-0.9727286592,-0.2002833624,0.1169851718,0.0147923175,7.9621414772,46.45681774,6.0
10228,0.0,1235.974243,-1017.889465,-99.069626,-0.9727286592,-0.2002833624,0.1169851718,0.0154470155,8.2766439563,47.2716360287,6.0
10229,0.0,1235.255981,-1018.196838,-97.130478,-0.9727286592,-0.2002833624,0.1169851718,0.0195689682,9.8320144102,49.9434662697,6.0
10230,0.0,1234.91687,-1018.341919,-96.4608535,-0.9727286592,-0.2002833624,0.1169851718,0.021972279,10.7064715967,51.3583454932,6.0
10231,0.0,1234.577759,-1018.487,-95.791229,-0.9727286592,-0.2002833624,0.1169851718,0.0243755898,11.5809287833,52.7732247167,6.0
10232,0.0,1233.900757,-1018.776611,-94.915512,-0.9727286592,-0.2002833624,0.1169851718,0.0288670339,13.3767976985,56.0780776175,6.0
10233,0.0,1233.380371,-1018.999268,-94.563065,-0.9727286592,-0.2002833624,0.1169851718,0.0318693412,14.7121518163,58.7438885652,6.0
10234,0.0,1232.903076,-1019.195557,-94.474747,-0.9729132251,-0.1993848892,0.1169851371,0.0341493629,15.8729527262,61.261998649,6.0
10235,0.0,1232.442871,-1019.39093,-94.606644,-0.9729584351,-0.1991641362,0.1169851718,0.0361205712,16.9778680026,63.7453393617,6.0
10236,0.0,1231.95874,-1019.588623,-94.972885,-0.9731762703,-0.1980969775,0.1169851891,0.0377555469,18.0777409123,66.4166888281,6.0
10237,0.0,1231.524536,-1019.755554,-95.510269,-0.9734900694,-0.1959022537,0.1180652018,0.0389373391,19.0317063846,68.8729775354,6.0
10238,0.0,1231.069458,-1019.939697,-96.274063,-0.9735965672,-0.1946514272,0.1192499318,0.040747405,20.1570305042,71.339713298,6.0
10239,0.0,1230.849487,-1020.02887,-96.717224,-0.9737062696,-0.1940895772,0.1192700158,0.0416986374,20.7173294614,72.4991771744,6.0
10240,0.0,1230.221313,-1020.28363,-98.26561,-0.9740241817,-0.1924877985,0.1192700331,0.045210328,22.5075129193,75.7109439987,6.0
10241,0.0,1229.996216,-1020.379028,-98.905579,-0.973985967,-0.1923791799,0.1197563663,0.0469940286,23.2814074958,76.8486262674,6.0
10242,0.0,1229.13501,-1020.674622,-101.08873,-0.9741215214,-0.1912803101,0.1204122277,0.0534765832,25.8234136573,80.0390657007,6.0
10243,0.0,1228.740234,-1020.784058,-101.320892,-0.9741695057,-0.1906838325,0.1209687989,0.0569940339,26.9596106185,81.0143309834,6.0
10244,0.0,1227.916504,-1020.990845,-101.136612,-0.9743335463,-0.1891696436,0.1220204349,0.064530403,29.1940942176,82.60753059,6.0
10245,0.0,1226.352783,-1021.336609,-101.136612,-0.9749138278,-0.1851017764,0.1236137562,0.0763858607,32.4708516539,84.7087378695,6.0
10246,0.0,1224.896729,-1021.638733,-101.136612,-0.9754491043,-0.1814114644,0.1248556183,0.0866376026,35.0730213631,86.143269154,6.0
10247,0.0,1223.210327,-1021.967346,-101.136612,-0.976037857,-0.1765095551,0.1272575292,0.0978593941,37.7265303622,87.4428484094,6.0
10248,0.0,1222.487793,-1022.104797,-101.136612,-0.9762650647,-0.1745174985,0.1282582012,0.1026161813,38.7950007356,87.9205191004,6.0
10249,0.0,1220.356323,-1022.495728,-101.136604,-0.9768880282,-0.1683521249,0.1317093103,0.1163757366,41.7246987092,89.11788065,6.0
10250,0.0,1218.563599,-1022.80658,-101.136604,-0.9773734958,-0.1623812448,0.1355484451,0.1282169813,44.0093977602,89.8348610027,6.0
10251,0.0,1216.392334,-1023.163269,-101.136589,-0.9776800989,-0.154371598,0.1425167844,0.1436826873,46.6242069785,90.2782495104,6.0
10252,0.0,1214.007935,-1023.56897,-101.136604,-0.977234928,-0.1488002033,0.1512296104,,,,
10253,0.0,1211.634277,-1023.97644,-101.136604,-0.9763428696,-0.1451007731,0.160313339,,,,
10254,0.0,1210.336182,-1024.201782,-101.136612,-0.975586593,-0.1437927939,0.1659952769,,,,
10255,0.0,1206.339478,-1024.908691,-101.136612,-0.972723886,-0.143618619,0.1821590897,,,,
10256,0.0,1203.673828,-1025.38855,-101.136612,-0.9712574908,-0.1456517978,0.1882669392,,,,
10257,0.0,1202.452515,-1025.614502,-101.136627,-0.9702041167,-0.1474684517,0.192242107,,,,
10258,0.0,1198.409302,-1026.367676,-101.13662,-0.9663351327,-0.1546478372,0.2056221238,,,,
10259,0.0,1194.192505,-1027.114258,-101.136627,-0.9643066755,-0.1582414926,0.2123022979,,,,
10260,0.0,1192.298279,-1027.440979,-101.1366195,-0.9638903494,-0.1590138382,0.2136060018,,,,
10261,0.0,1190.404053,-1027.7677,-101.136612,-0.9634740234,-0.1597861838,0.2149097058,,,,
10262,0.0,1187.185181,-1028.314575,-101.136612,-0.9632411937,-0.160366532,0.2155202498,,,,
10263,0.0,1182.459106,-1029.109985,-101.136612,-0.96319591,-0.160479208,0.2156387321,,,,
10264,0.0,1180.325195,-1029.4682005,-101.136612,-0.96319591,-0.160479208,0.2156387321,,,,
10265,0.0,1178.191284,-1029.826416,-101.136612,-0.96319591,-0.160479208,0.2156387321,,,,
10266,0.0,1173.38147,-1034.692871,-101.499672,-0.96319591,-0.160479208,0.2156387321,,,,
10267,0.0,1171.088562,-1035.1655885,-101.3746835,-0.96319591,-0.160479208,0.2156387321,,,,
10268,0.0,1166.881104,-1035.960449,-101.242935,-0.96319591,-0.160479208,0.2156387321,,,,
10269,0.0,1164.706482,-1036.333679,-101.227188,-0.96319591,-0.160479208,0.2156387321,,,,
10270,0.0,1160.30603,-1037.096802,-101.19429,-0.96319591,-0.160479208,0.2156387321,,,,
10271,0.0,1156.107544,-1037.853149,-101.169174,-0.96319591,-0.160479208,0.2156387321,,,,
10272,0.0,1153.9375,-1038.2476195,-101.1400525,-0.96319591,-0.160479208,0.2156387321,,,,
10273,0.0,1149.853516,-1038.997192,-101.064079,-0.96319591,-0.160479208,0.2156387321,,,,
10274,0.0,1145.341919,-1039.798462,-100.907578,-0.96319591,-0.160479208,0.2156387321,,,,
10275,0.0,1143.816162,-1040.074463,-100.838257,-0.96319591,-0.160479208,0.2156387321,,,,
10276,0.0,1140.383789,-1040.708008,-100.25322,-0.96319591,-0.160479208,0.2156387321,,,,
10277,0.0,1138.5686645,-1040.946106,-100.0010835,-0.96319591,-0.160479208,0.2156387321,,,,
10278,0.0,1134.310303,-1041.527954,-99.612862,-0.96319591,-0.160479208,0.2156387321,,,,
10279,0.0,1132.11145,-1041.713135,-99.37989,-0.96319591,-0.160479208,0.2156387321,,,,
10280,0.0,1127.469116,-1042.110352,-98.936134,-0.96319591,-0.160479208,0.2156387321,,,,
10281,0.0,1123.615723,-1042.465942,-98.69696,-0.96319591,-0.160479208,0.2156387321,,,,
10282,0.0,1122.050293,-1042.635986,-98.624084,-0.96319591,-0.160479208,0.2156387321,,,,
10283,0.0,1117.601807,-1043.036621,-98.389046,-0.96319591,-0.160479208,0.2156387321,,,,
10284,0.0,1115.419922,-1043.236938,-98.319458,-0.96319591,-0.160479208,0.2156387321,,,,
10285,0.0,1110.006592,-1043.878052,-98.257507,-0.96319591,-0.160479208,0.2156387321,,,,
10286,0.0,1107.061523,-1044.291504,-98.277245,-0.96319591,-0.160479208,0.2156387321,,,,
10287,0.0,1105.301392,-1044.505737,-98.29763,-0.96319591,-0.160479208,0.2156387321,,,,
10288,0.0,1100.077148,-1045.257935,-98.481415,-0.96319591,-0.160479208,0.2156387321,,,,
10289,0.0,1098.453247,-1045.503662,-98.534904,-0.96319591,-0.160479208,0.2156387321,,,,
10290,0.0,1093.42627,-1046.369019,-98.906837,-0.96319591,-0.160479208,0.2156387321,,,,
10291,0.0,1091.773926,-1046.674683,-99.056183,-0.96319591,-0.160479208,0.2156387321,,,,
10292,0.0,1087.606323,-1047.457642,-99.468246,-0.96319591,-0.160479208,0.2156387321,,,,
10293,0.0,1084.004395,-1048.166016,-99.944992,-0.96319591,-0.160479208,0.2156387321,,,,
10294,0.0,1082.519043,-1048.438354,-100.076195,-0.96319591,-0.160479208,0.2156387321,,,,
10295,0.0,1076.913452,-1049.414185,-100.715111,-0.96319591,-0.160479208,0.2156387321,,,,
10296,0.0,1075.371948,-1049.694336,-100.853073,-0.9629415757,-0.16199833,0.2156387321,,,,
10297,0.0,1070.591309,-1050.797974,-101.327637,-0.9605556477,-0.174273775,0.2167060197,,,,
10298,0.0,1069.165039,-1051.0979,-101.3396,-0.9586026513,-0.1836373037,0.2176196168,,,,
10299,0.0,1063.279297,-1052.404907,-101.428352,-0.9481410656,-0.2292841581,0.2201301765,,,,
10300,0.0,1061.0630495,-1053.012451,-101.385906,-0.93914598,-0.2615791631,0.220130168,,,,
10301,0.0,1058.846802,-1053.619995,-101.34346,-0.9301508943,-0.2938741681,0.2201301595,,,,
10302,0.0,1054.929565,-1054.84436,-101.18148,-0.902624465,-0.369880816,0.2201300914,,,,
10303,0.0,1053.18335,-1055.418213,-101.086578,-0.8834839609,-0.4135200432,0.2201301084,,,,
10304,0.0,1048.766479,-1057.158936,-100.42672,-0.8323610861,-0.5082617969,0.2210089775,,,,
10305,0.0,1045.143311,-1058.580811,-100.21122,-0.7892526522,-0.5724178323,0.2223017685,,,,
10306,0.0,1040.217896,-1060.763794,-100.009979,-0.7162686174,-0.6608737606,0.2240650357,,,,
10307,0.0,1038.2178345,-1061.7263185,-100.0252835,-0.6937404565,-0.6836440891,0.2243409378,,,,
10308,0.0,1034.745483,-1063.392944,-100.118042,-0.6569145806,-0.7198325617,0.2242862388,,,,
10309,0.0,1030.955811,-1065.948608,-100.252335,-0.621245081,-0.7515097712,0.2220081375,,,,
10310,0.0,1027.908936,-1067.817383,-100.538925,-0.6018860024,-0.7680300263,0.2187764128,,,,
10311,0.0,1026.270203,-1069.020691,-100.7548715,-0.5947316121,-0.7740838238,0.2167873454,,,,
10312,0.0,1023.352051,-1071.08313,-101.138435,-0.5844290509,-0.7828052236,0.2136788861,,,,
10313,0.0,1020.104187,-1073.442993,-101.621361,-0.5783173537,-0.7880515461,0.2110066326,,,,
10314,0.0,1016.901855,-1075.861694,-101.927277,-0.5744891004,-0.7913355858,0.2091656382,,,,
10315,0.0,1015.354004,-1077.164673,-102.536072,-0.5732700608,-0.792395219,0.2084976122,,,,
10316,0.0,1012.157471,-1079.844116,-103.315865,-0.5716433763,-0.7937608873,0.2077679091,,,,
10317,0.0,1010.548218,-1081.3452145,-103.67585,-0.5710588348,-0.7941812062,0.2077679006,,,,
10318,0.0,1007.404907,-1084.460205,-104.25946,-0.5703512322,-0.7946898609,0.207767892,,,,
10319,0.0,1004.579102,-1087.436646,-104.721077,-0.5703512322,-0.7946898609,0.207767892,,,,
10320,0.0,1003.1083985,-1088.9797365,-104.954815,-0.5703512322,-0.7946898609,0.207767892,,,,
10321,0.0,1000.409607,-1091.857178,-103.168198,-0.5703512322,-0.7946898609,0.207767892,,,,
10322,0.0,997.459351,-1094.913086,-96.706245,-0.5703512322,-0.7946898609,0.207767892,,,,
10323,0.0,996.656616,-1095.710327,-94.915695,-0.5703512322,-0.7946898609,0.207767892,,,,
10324,0.0,993.859863,-1098.49353,-89.425903,-0.5703512322,-0.7946898609,0.207767892,,,,
10325,0.0,991.710632,-1100.567017,-85.594521,-0.5703512322,-0.7946898609,0.207767892,,,,
10326,0.0,989.054138,-1103.628052,-80.731392,-0.5703512322,-0.7946898609,0.207767892,,,,
10327,0.0,988.047058,-1104.676392,-79.146667,-0.5703512322,-0.7946898609,0.207767892,,,,
10328,0.0,984.854919,-1108.125366,-74.012848,-0.5703512322,-0.7946898609,0.207767892,,,,
10329,0.0,982.452637,-1110.760498,-70.188179,-0.5703512322,-0.7946898609,0.207767892,,,,
10330,0.0,981.525513,-1111.744629,-68.851593,-0.5703512322,-0.7946898609,0.207767892,,,,
10331,0.0,978.85968,-1114.542969,-65.191093,-0.5703512322,-0.7946898609,0.207767892,,,,
10332,0.0,976.235779,-1117.31543,-61.586739,-0.5703512322,-0.7946898609,0.207767892,,,,
10333,0.0,973.61261,-1120.0177,-58.584511,-0.5703512322,-0.7946898609,0.207767892,,,,
10334,0.0,971.351257,-1122.336548,-56.213787,-0.5703512322,-0.7946898609,0.207767892,,,,
10335,0.0,969.086731,-1125.083008,-54.350037,-0.5703512322,-0.7946898609,0.207767892,,,,
10336,0.0,966.602417,-1127.469727,-52.742996,-0.5702184991,-0.7945051243,0.2088359898,,,,
10337,0.0,964.032471,-1129.911011,-51.288509,-0.5689026837,-0.7945584476,0.2121947451,,,,
10338,0.0,961.732788,-1132.071899,-50.14946,-0.5637717758,-0.7960165488,0.2202703765,,,,
10339,0.0,959.028809,-1134.605713,-48.972717,-0.5545477424,-0.7988563491,0.2330350508,,,,
10340,0.0,956.737305,-1136.766113,-48.139584,-0.5474444859,-0.8010328742,0.2421794154,,,,
10341,0.0,952.102539,-1141.149902,-46.820885,-0.5140520619,-0.8131579978,0.2729918464,,,,
10342,0.0,950.9528505,-1142.232727,-46.579321,-0.5013169952,-0.8176053734,0.2827123526,,,,
10343,0.0,946.971619,-1145.966919,-45.868534,-0.4490534964,-0.8353340618,0.3171245221,,,,
10344,0.0,945.209778,-1147.704712,-45.7669775,-0.407672558,-0.8468897615,0.3380767728,,,,
10345,0.0,943.447937,-1149.442505,-45.665421,-0.3662916195,-0.8584454612,0.3590290234,,,,
10346,0.0,940.206787,-1152.827637,-46.196236,-0.27314335,-0.8746329277,0.4005121124,,,,
10347,0.0,936.985229,-1156.241089,-47.138695,-0.1692630763,-0.880631371,0.4425363255,,,,
10348,0.0,934.958618,-1158.462646,-47.936737,-0.1041487317,-0.8781008703,0.4670031084,,,,
10349,0.0,933.91333,-1159.7891845,-48.511032,-0.0708113978,-0.8746382028,0.4782712834,,,,
10350,0.0,932.868042,-1161.115723,-49.085327,-0.0374740638,-0.8711755353,0.4895394583,,,,
10351,0.0,930.75824,-1163.590576,-50.389694,0.0093291515,-0.8643906058,0.5027343707,,,,
10352,0.0,928.26239,-1166.243896,-52.063446,0.0399464043,-0.8597969217,0.5090712507,,,,
10353,0.0,925.925842,-1168.573242,-53.763054,0.0549651821,-0.8566086197,0.5130307023,,,,
10354,0.0,922.006104,-1172.373779,-57.009651,0.0589354471,-0.8559977479,0.5136092567,,,,
10355,0.0,918.52887,-1175.713379,-60.333008,0.0589354471,-0.8559977479,0.5136092567,,,,
10356,0.0,917.377045,-1176.8146975,-61.5471955,0.0598740768,-0.855932089,0.5136092567,,,,
10357,0.0,914.869385,-1179.215576,-64.273804,0.0644711871,-0.8549764698,0.5146442481,,,,
10358,0.0,911.52948,-1182.387207,-68.245026,0.0783815162,-0.8516010348,0.5182972269,,,,
10359,0.0,909.076965,-1184.806519,-71.43869,0.0903697537,-0.8485411803,0.5213551314,,,,
10360,0.0,906.789734,-1187.028809,-74.583435,0.1032364128,-0.8458844012,0.5232798705,,,,
10361,0.0,904.486328,-1189.264648,-77.917297,0.1161705727,-0.8430340142,0.5251647826,,,,
10362,0.0,903.27832,-1190.440186,-79.718018,0.1225390336,-0.8415171956,0.5261492134,,,,
10363,0.0,899.656006,-1193.982544,-86.114662,0.1429578944,-0.8364269071,0.5291059151,,,,
10364,0.0,897.221375,-1196.406494,-90.887413,0.1568972883,-0.8332142485,0.5302237802,,,,
10365,0.0,896.032166,-1197.507812,-93.34613,0.1640402047,-0.8312461073,0.5311503746,,,,
10366,0.0,893.214172,-1200.309204,-99.445869,0.1818507196,-0.8259988362,0.5335318533,,,,
10367,0.0,890.16156,-1203.320435,-105.741684,0.2034692341,-0.8192569504,0.5361140924,,,,
10368,0.0,887.905029,-1205.37439,-111.70845,0.2213837631,-0.81335555,0.5379981214,,,,
10369,0.0,885.532349,-1207.541016,-117.538132,0.2367533291,-0.808324384,0.5390357608,,,,
10370,0.0,884.474365,-1207.855347,-120.198898,0.2403974051,-0.8072443463,0.5390414205,,,,
10371,0.0,882.078552,-1207.656372,-126.68235,0.2499320119,-0.8043434195,0.5390414205,,,,
10372,0.0,880.313721,-1207.708862,-132.272018,0.2563411716,-0.8023238441,0.5390414205,,,,
10373,0.0,878.657288,-1207.788208,-138.451859,0.2587640066,-0.8015457166,0.5390414205,,,,
10374,0.0,877.137512,-1207.930176,-145.489731,0.2598434758,-0.8011964273,0.5390414205,,,,
10375,0.0,876.613464,-1207.959473,-148.263519,0.2603341773,-0.8012854076,0.5386722674,,,,
10376,0.0,875.539001,-1208.040039,-155.48967,0.2615084859,-0.8013063077,0.5380720333,,,,
10377,0.0,874.727478,-1208.164307,-163.523102,0.261945282,-0.8011636263,0.5380720333,,,,
10378,0.0,874.446045,-1208.184692,-167.775299,0.261945282,-0.8011636263,0.5380720333,,,,
10379,0.0,874.242737,-1208.223755,-176.558136,0.262684268,-0.801353354,0.537428858,,,,
10380,0.0,874.345032,-1208.269409,-185.330032,0.2693544215,-0.8011012694,0.5344950437,,,,
10381,0.0,874.481873,-1208.279053,-189.786453,0.2783504788,-0.7992161873,0.5327048873,,,,
10382,0.0,874.855835,-1208.313599,-196.856613,0.2937579464,-0.7955401463,0.5299265464,,,,
10383,0.0,875.243408,-1208.359741,-202.048874,0.3046690215,-0.792760899,0.5279270255,,,,
10384,0.0,876.425903,-1208.435669,-215.50087,0.3255022557,-0.7883539877,0.5220596437,,,,
10385,0.0,876.939331,-1208.421997,-221.479874,0.3321188679,-0.7886759361,0.5173850842,,,,
10493,0.0,1133.493042,-1425.52124,-255.285126,0.4161679694,-0.8913840563,0.1795513447,,,,
10494,0.0,1133.422852,-1425.378418,-242.261475,0.4161679694,-0.8913840563,0.1795513447,,,,
10495,0.0,1130.436768,-1428.506226,-242.85434,0.4161679694,-0.8913840563,0.1795513447,,,,
10496,0.0,1130.429199,-1428.490356,-242.85434,0.4161679694,-0.8913840563,0.1795513447,,,,
10497,0.0,1130.429199,-1428.490356,-243.2677,0.4161679694,-0.8913840563,0.1795513447,,,,
10498,0.0,1132.023804,-1431.781006,-244.537125,0.4155003023,-0.8899548814,0.1879888501,,,,
10499,0.0,1132.932373,-1433.666504,-245.230453,0.4146676216,-0.8894211519,0.1923038693,,,,
10500,0.0,1135.493896,-1438.985352,-243.430313,0.4121020875,-0.887950528,0.2042442885,,,,
10501,0.0,1136.330322,-1440.712036,-242.691971,0.411882442,-0.8875261422,0.2065192505,,,,
10502,0.0,1138.700439,-1445.621704,-240.25528,0.4103391298,-0.8865212753,0.2137798562,,,,
10503,0.0,1139.6427,-1447.578857,-240.046616,0.4095262748,-0.8862544236,0.2164285723,,,,
10504,0.0,1142.055664,-1452.570679,-240.329178,0.4085205884,-0.8856136165,0.2209059779,,,,
10505,0.0,1143.077026,-1454.678467,-239.304672,0.40834454,-0.8852326189,0.2227508634,,,,
10506,0.0,1145.530273,-1459.760498,-236.937668,0.4071621312,-0.8850518725,0.225615119,,,,
10507,0.0,1146.525635,-1461.81665,-235.949188,0.406935554,-0.8848522809,0.2268036505,,,,
10508,0.0,1148.880615,-1466.695679,-234.405304,0.4059421031,-0.8850066069,0.2279787592,,,,
10509,0.0,1149.895508,-1468.792969,-234.103851,0.4058028052,-0.8850704924,0.2279787422,,,,
10510,0.0,1152.325928,-1473.808472,-233.69928,0.4058028052,-0.8850704924,0.2279787422,,,,
10511,0.0,1153.332275,-1475.885376,-233.635498,0.4058028052,-0.8850704924,0.2279787422,,,,
10512,0.0,1154.804565,-1478.923462,-233.671875,0.4058028052,-0.8850704924,0.2279787422,,,,
10513,0.0,1157.336548,-1484.148193,-234.101776,0.4058028052,-0.8850704924,0.2279787422,,,,
10514,0.0,1158.41626,-1486.376221,-234.398438,0.4058028052,-0.8850704924,0.2279787422,,,,
10515,0.0,1161.839844,-1493.44104,-235.893402,0.4058028052,-0.8850704924,0.2279787422,,,,
10516,0.0,1163.013489,-1495.862915,-236.638687,0.4058028052,-0.8850704924,0.2279787422,,,,
10517,0.0,1165.243408,-1500.464844,-238.161072,0.4058028052,-0.8850704924,0.2279787422,,,,
10518,0.0,1166.3447265,-1502.737366,-239.1079715,0.4058028052,-0.8850704924,0.2279787422,,,,
10519,0.0,1168.485718,-1507.155396,-241.042175,0.4058028052,-0.8850704924,0.2279787422,,,,
10520,0.0,1169.7368165,-1509.7369385,-242.4046475,0.4058028052,-0.8850704924,0.2279787422,,,,
10521,0.0,1171.878296,-1514.155762,-244.656738,0.4058028052,-0.8850704924,0.2279787422,,,,
10522,0.0,1172.947815,-1516.369385,-245.099289,0.4058028052,-0.8850704924,0.2279787422,,,,
10523,0.0,1174.837036,-1520.286865,-245.65921,0.4058028052,-0.8850704924,0.2279787422,,,,
10524,0.0,1176.138062,-1523.001343,-245.889374,0.4058028052,-0.8850704924,0.2279787422,,,,
10525,0.0,1177.4307865,-1525.7126465,-246.1174775,0.4058028052,-0.8850704924,0.2279787422,,,,
10526,0.0,1179.646362,-1530.366211,-246.508484,0.4058028052,-0.8850704924,0.2279787422,,,,
10527,0.0,1181.87439,-1535.07251,-246.901642,0.4058028052,-0.8850704924,0.2279787422,,,,
10528,0.0,1182.645874,-1536.704956,-247.037811,0.4058028052,-0.8850704924,0.2279787422,,,,
10529,0.0,1184.983276,-1541.668213,-247.450287,0.4058028052,-0.8850704924,0.2279787422,,,,
10530,0.0,1185.861694,-1543.536743,-247.605286,0.4058028052,-0.8850704924,0.2279787422,,,,
10531,0.0,1187.99292,-1548.081543,-247.981415,0.4058028052,-0.8850704924,0.2279787422,,,,
10532,0.0,1189.102722,-1550.4509275,-245.829346,0.4058028052,-0.8850704924,0.2279787422,,,,
10533,0.0,1191.284668,-1555.108643,-240.809052,0.4058028052,-0.8850704924,0.2279787422,,,,
10534,0.0,1192.40625,-1557.502808,-237.883972,0.4058028052,-0.8850704924,0.2279787422,,,,
10535,0.0,1194.755859,-1562.518188,-232.100311,0.4058028052,-0.8850704924,0.2279787422,,,,
10536,0.0,1195.584473,-1564.318359,-230.100739,0.4043552221,-0.8856524777,0.2282904795,,,,
10537,0.0,1197.759277,-1569.164307,-225.044922,0.3949201948,-0.8891112235,0.2313423265,,,,
10538,0.0,1199.58252,-1573.290039,-222.454895,0.3838772073,-0.89264684,0.2362623726,,,,
10539,0.0,1200.528687,-1575.445801,-220.813141,0.3773114758,-0.8944277979,0.2400728319,,,,
10540,0.0,1202.551147,-1580.05957,-219.626328,0.3629832904,-0.8984168856,0.2471643797,,,,
10541,0.0,1203.251953,-1581.670654,-218.872589,0.3574299744,-0.8999161705,0.2497893101,,,,
10542,0.0,1205.556885,-1587.099121,-215.90242,0.332956554,-0.9063499827,0.2601338925,,,,
10543,0.0,1206.177856,-1588.617065,-214.945557,0.3238707749,-0.9088876071,0.2627375856,,,,
10544,0.0,1208.342285,-1593.962891,-211.314316,0.2898143368,-0.9181227521,0.2702929194,,,,
10545,0.0,1209.540771,-1596.963623,-209.087219,0.2690892362,-0.9233035782,0.2740465024,,,,
10546,0.0,1210.635498,-1599.733276,-200.852173,0.2488652597,-0.9279311083,0.2775066501,,,,
10547,0.0,1212.442749,-1604.291504,-199.287842,0.2160258383,-0.9346341158,0.2824746127,,,,
10548,0.0,1213.612427,-1607.260254,-198.063919,0.1939236976,-0.9387966993,0.2847004687,,,,
10549,0.0,1215.294067,-1611.808838,-195.967728,0.1496257448,-0.9462768927,0.2866569009,,,,
10550,0.0,1216.080933,-1614.033569,-195.713608,0.1245405927,-0.9498340688,0.2868882754,,,,
10551,0.0,1217.684937,-1618.539917,-196.773331,0.0742243772,-0.9550842158,0.2868882754,,,,
10552,0.0,1219.265137,-1622.96875,-195.016647,0.0243772593,-0.9576538345,0.2868882754,,,,
10553,0.0,1219.924194,-1624.878784,-194.373199,0.0004000338,-0.9579639646,0.2868882754,,,,
10554,0.0,1222.352783,-1631.801514,-193.429657,-0.0848284302,-0.9542008462,0.2868882754,,,,
10555,0.0,1223.2060545,-1634.148743,-193.507065,-0.118532559,-0.9501460994,0.2863909314,,,,
10556,0.0,1224.739746,-1638.042847,-193.700806,-0.1752890887,-0.9424802364,0.2846133157,,,,
10557,0.0,1225.8622435,-1640.81604,-194.0946045,-0.2168715307,-0.9339348162,0.2809212404,,,,
10558,0.0,1227.656738,-1645.55603,-194.867889,-0.2846804993,-0.9185751478,0.274183718,,,,
10559,0.0,1228.4317015,-1648.275879,-195.535278,-0.3177125256,-0.908246572,0.2700594596,,,,
10560,0.0,1229.634766,-1653.109131,-196.83725,-0.3784642047,-0.8880997302,0.2608519022,,,,
10561,0.0,1229.922363,-1655.713257,-197.724518,-0.4119104046,-0.8751089898,0.2539962095,,,,
10562,0.0,1230.289551,-1660.536499,-199.631744,-0.466959281,-0.851092308,0.2399810683,,,,
10563,0.0,1230.3826295,-1662.9205935,-200.7177885,-0.4887358336,-0.8402886562,0.2332730692,,,,
10564,0.0,1230.482666,-1667.627319,-202.970032,-0.5329960117,-0.8174410433,0.218415641,,,,
10565,0.0,1230.241333,-1672.422241,-205.644745,-0.5811968717,-0.7890524591,0.1990136004,,,,
10566,0.0,1230.042847,-1674.592896,-206.952332,-0.6037319906,-0.7742853292,0.1897100751,,,,
10567,0.0,1229.308228,-1679.36499,-210.130127,-0.6546684247,-0.7369645477,0.1682037727,,,,
10568,0.0,1228.860596,-1681.72583,-211.80481,-0.6783419957,-0.7176352094,0.1576446735,,,,
10569,0.0,1227.559814,-1686.579346,-215.631012,-0.7319148619,-0.6685165773,0.1318568193,,,,
10570,0.0,1226.663086,-1689.376831,-218.001312,-0.7595296646,-0.6397228281,0.117768382,,,,
10571,0.0,1225.8424685,-1691.8397215,-220.184448,-0.7767325868,-0.6197099178,0.1089589027,,,,
10572,0.0,1224.272583,-1696.42981,-224.340179,-0.8060635647,-0.5843953574,0.0935071966,,,,
10573,0.0,1223.221069,-1699.113159,-226.980225,-0.821732014,-0.5635056782,0.0849579181,,,,
10574,0.0,1220.656006,-1704.979492,-233.194153,-0.8527759793,-0.5178205914,0.0680805714,,,,
10575,0.0,1220.057251,-1706.840088,-234.875488,-0.8599491337,-0.5064188884,0.0634617756,,,,
10576,0.0,1219.660156,-1710.09021,-236.675293,-0.873312915,-0.4841220366,0.0543176414,,,,
10577,0.0,1219.71582,-1712.1723635,-236.5531005,-0.8839753242,-0.464701759,0.0455145291,,,,
10578,0.0,1219.543945,-1715.459839,-236.319855,-0.902340612,-0.4299700042,0.0301200188,,,,
10579,0.0,1218.834229,-1717.290649,-235.957581,-0.9167593366,-0.3990730023,0.0171189239,,,,
10580,0.0,1218.309082,-1718.380981,-235.654083,-0.9243197228,-0.3814830691,0.0101842041,,,,
10581,0.0,1216.827759,-1720.308228,-234.760559,-0.9396102567,-0.3422313397,-0.0032055709,,,,
10582,0.0,1215.179199,-1721.612793,-233.756653,-0.9515579696,-0.3070898099,-0.0152734805,,,,
10583,0.0,1214.069702,-1722.196899,-233.077942,-0.9578576609,-0.2863992067,-0.0220044521,,,,
10584,0.0,1212.899536,-1722.658936,-232.360474,-0.9640944586,-0.2640580446,-0.0281997172,,,,
10585,0.0,1209.95459,-1722.968018,-230.600647,-0.9746684711,-0.2203051355,-0.0385618814,,,,
10586,0.0,1208.777222,-1723.178833,-229.881134,-0.9783556432,-0.2026484227,-0.0418790193,,,,
10587,0.0,1205.61499,-1723.759644,-227.934357,-0.9865505535,-0.1562609821,-0.0479636415,,,,
10588,0.0,1204.334839,-1723.891479,-227.147888,-0.9892240117,-0.1372692897,-0.0509214757,,,,
10589,0.0,1200.64624,-1724.087402,-224.86618,-0.9952018356,-0.0785785028,-0.0582985871,,,,
10590,0.0,1199.37793,-1724.174072,-224.074249,-0.9963675938,-0.0613626115,-0.059044458,,,,
10591,0.0,1197.095337,-1724.282593,-222.642395,-0.9976178369,-0.0339972866,-0.0600236281,,,,
10592,0.0,1192.461548,-1724.617554,-219.725311,-0.9980147507,-0.0003718358,-0.062979513,,,,
10593,0.0,1190.920288,-1724.794434,-218.757843,-0.9980045304,0.0006697749,-0.0631388057,,,,
10594,0.0,1188.434937,-1725.04895,-217.197205,-0.9980045304,0.0006697749,-0.0631388057,,,,
10595,0.0,1183.562134,-1725.455566,-214.135376,-0.9980045304,0.0006697749,-0.0631388057,,,,
10596,0.0,1181.297974,-1725.615723,-212.712219,-0.9980045304,0.0006697749,-0.0631388057,,,,
10597,0.0,1177.188477,-1725.860596,-210.12738,-0.9980045304,0.0006697749,-0.0631388057,,,,
10598,0.0,1174.313232,-1726.005005,-208.318512,-0.9980045304,0.0006697749,-0.0631388057,,,,
10599,0.0,1168.701172,-1726.231689,-204.785248,-0.9980045304,0.0006697749,-0.0631388057,,,,
10600,0.0,1166.1466065,-1726.306152,-203.1760255,-0.9980045304,0.0006697749,-0.0631388057,,,,
10601,0.0,1163.592041,-1726.380615,-201.566803,-0.9980045304,0.0006697749,-0.0631388057,,,,
10602,0.0,1157.801758,-1726.502197,-197.916565,-0.9980045304,0.0006697749,-0.0631388057,,,,
10603,0.0,1155.171265,-1726.542236,-196.257599,-0.9980045304,0.0006697749,-0.0631388057,,,,
10604,0.0,1151.9636845,-1726.573242,-194.233734,-0.9980045304,0.0006697749,-0.0631388057,,,,
10605,0.0,1147.02478,-1726.614868,-191.116852,-0.9980045304,0.0006697749,-0.0631388057,,,,
10606,0.0,1145.3154295,-1726.620361,-190.037506,-0.9979713614,0.0020792553,-0.0636130962,,,,
10607,0.0,1139.615356,-1726.621826,-186.437378,-0.9977254636,0.0105150833,-0.0665832733,,,,
10608,0.0,1135.290771,-1726.674683,-183.70462,-0.9977216656,0.0108692751,-0.0665833081,,,,
10609,0.0,1132.462769,-1726.736938,-181.917694,-0.9977048674,0.0123152477,-0.0665832733,,,,
10610,0.0,1125.96814,-1726.842407,-177.812012,-0.9975749513,0.0163840267,-0.0676445136,,,,
10611,0.0,1123.788086,-1726.87561,-176.433502,-0.9975552389,0.0172069713,-0.0677308312,,,,
10612,0.0,1121.067505,-1726.915283,-174.712265,-0.9975501178,0.0174988066,-0.0677308573,,,,
10613,0.0,1115.544434,-1726.990723,-171.217255,-0.9975449967,0.017790642,-0.0677308834,,,,
10862,0.0,330.421936,-1695.919922,-52.364502,-0.9987767133,-0.0110124481,0.0482058396,,,,
10863,0.0,330.456146,-1695.992798,-51.805573,-0.9987767133,-0.0110124481,0.0482058396,,,,
10864,0.0,330.504883,-1695.988525,-50.988464,-0.9987767133,-0.0110124481,0.0482058396,,,,
10865,0.0,330.469666,-1696.070435,-49.214172,-0.9987767133,-0.0110124481,0.0482058396,,,,
10866,0.0,328.000458,-1695.904907,-47.540131,-0.9987767133,-0.0110124481,0.0482058396,,,,
11851,0.0,-667.122681,-534.65863,79.701271,0.2481733248,0.9606196726,0.1249793799,0.1010781264,345.1245052456,787.7595139916,6.0
11852,0.0,-667.085571,-534.51532,79.701271,0.2481733248,0.9606196726,0.1249793799,0.1014400879,344.8864128712,785.8852241802,6.0
11853,0.0,-667.023132,-534.405151,79.701271,0.2481733248,0.9606196726,0.1249793799,0.1017708754,344.6579892892,784.1556549917,6.0
11854,0.0,-665.5446775,-534.142273,79.701271,0.2292809057,0.965171919,0.1244810764,0.1038105389,347.2787637689,782.7930809295,6.0
11855,0.0,-660.533875,-533.131592,79.701271,0.161989865,0.979125152,0.122773044,0.1127579915,359.0256027914,778.2837392816,6.0
11856,0.0,-658.916077,-532.724182,79.701271,0.1444269551,0.981713764,0.1227345993,0.1159936042,363.0990952181,776.8286337468,6.0
11857,0.0,-655.610718,-531.850159,79.701271,0.1106923913,0.9862519235,0.12269612,0.1225211584,371.1380601372,773.8244017382,6.0
11858,0.0,-651.481384,-530.541504,79.701271,0.0714528144,0.9898687555,0.1226961373,0.1313229318,381.3821273092,769.8797984831,6.0
11859,0.0,-647.662476,-529.156128,79.701271,0.038653,0.9916912844,0.1226961373,0.1395093196,390.2963298627,766.0887902606,6.0
11860,0.0,-644.324463,-527.798523,79.701271,0.0051249698,0.9924310518,0.1226961373,0.1487551823,400.2083761881,762.6375657977,6.0
11861,0.0,-643.036072,-527.241089,79.701271,-0.00459464,0.9924884162,0.1222523329,,,,
11862,0.0,-638.752136,-525.208374,79.701271,-0.0356408745,0.9920549833,0.120650894,,,,
11863,0.0,-635.788208,-523.672668,79.701271,-0.0490334709,0.9917263347,0.118636402,,,,
11864,0.0,-632.356567,-521.757263,79.701271,-0.0665528965,0.9908927651,0.117056568,,,,
11865,0.0,-629.2948,-519.920044,79.701271,-0.0890157144,0.9895319417,0.1135902238,,,,
11866,0.0,-627.672241,-518.894592,79.701271,-0.0987193309,0.9886876231,0.1129215551,,,,
11867,0.0,-624.576782,-516.837646,79.701271,-0.124012155,0.9859769469,0.1116711497,,,,
11868,0.0,-621.329346,-514.535767,79.701271,-0.1511712694,0.9822251065,0.1112703352,,,,
11869,0.0,-618.666199,-512.35321,79.701271,-0.1745598884,0.9783392876,0.1112703179,,,,
11870,0.0,-616.414062,-510.073395,79.701271,-0.1919226799,0.9750818414,0.1112703352,,,,
11871,0.0,-615.638062,-509.190033,79.701271,-0.1960946178,0.9742514118,0.1112703352,,,,
11872,0.0,-613.377625,-506.098694,79.701271,-0.2101754241,0.9713110766,0.1112703179,,,,
11873,0.0,-611.91687,-503.654297,79.701271,-0.2241346011,0.968185206,0.1112703352,,,,
11874,0.0,-610.544434,-500.756714,79.701271,-0.2476401214,0.9623300786,0.1122282948,,,,
11875,0.0,-609.460205,-498.004425,79.701271,-0.2654676575,0.9574192185,0.1134696557,,,,
11876,0.0,-609.023254,-496.729126,79.701263,-0.2735373968,0.9550200151,0.1145166508,,,,
11877,0.0,-607.911926,-492.614655,79.701271,-0.2958229417,0.9479162282,0.1180830703,,,,
11878,0.0,-607.622864,-491.288849,79.701271,-0.3017332695,0.9459782028,0.1186687571,,,,
11879,0.0,-606.986084,-487.170013,79.701271,-0.322902112,0.9385975163,0.1215274802,,,,
11880,0.0,-606.871094,-485.948395,79.701256,-0.3314867878,0.9354662835,0.1225534248,,,,
11881,0.0,-606.688293,-482.125641,79.701263,-0.3571933231,0.9255300383,0.1257262028,,,,
11882,0.0,-606.731384,-478.936584,79.701271,-0.3737980641,0.9186059295,0.1282113625,,,,
11883,0.0,-606.846802,-476.945831,79.701256,-0.3862582889,0.9132175492,0.1297622522,,,,
11884,0.0,-607.188843,-473.638641,79.701271,-0.4105076143,0.9024439217,0.1306846085,,,,
11885,0.0,-608.000122,-469.036865,79.701271,-0.458137441,0.8790518855,0.1318251413,,,,
11886,0.0,-608.452423,-467.070358,79.7012635,-0.476469801,0.8689398016,0.1322182506,,,,
11887,0.0,-609.37262,-463.318268,79.701271,-0.511860723,0.8487159573,0.1329654996,,,,
11888,0.0,-609.9236755,-461.2369995,79.701271,-0.5300614583,0.8371923108,0.1329654996,,,,
11889,0.0,-610.81958,-457.455505,79.701271,-0.5570768001,0.8197472871,0.1329654996,,,,
11890,0.0,-611.430359,-453.59082,79.701271,-0.5706171718,0.8103802929,0.1329654996,,,,
11891,0.0,-611.666321,-451.6950225,79.701271,-0.5764235613,0.8062289414,0.1329654996,,,,
11892,0.0,-611.902283,-449.799225,79.701271,-0.5822299508,0.8020775899,0.1329654996,,,,
11893,0.0,-612.426025,-444.578888,79.701263,-0.6017277439,0.787473904,0.1334487642,,,,
11894,0.0,-612.5925595,-442.4119415,79.701267,-0.6107964796,0.7803190184,0.1337772317,,,,
11895,0.0,-612.759094,-440.244995,79.701271,-0.6198652152,0.7731641329,0.1341056992,,,,
11896,0.0,-613.07782,-435.540466,79.701286,-0.6444120546,0.7528674124,0.1338796591,,,,
11897,0.0,-613.293396,-431.18985,79.701286,-0.6643066645,0.7355022025,0.1331659325,,,,
11898,0.0,-613.478088,-427.635498,79.701286,-0.685488937,0.715980221,0.1322015145,,,,
11899,0.0,-613.661682,-424.316315,79.701271,-0.7090595296,0.6927169088,0.1318251413,,,,
11900,0.0,-613.842896,-420.989746,79.701271,-0.7323086395,0.6680914523,0.1318251413,,,,
11901,0.0,-614.042664,-417.567444,79.701279,-0.7576416875,0.6394385617,0.1307570237,,,,
11902,0.0,-614.115234,-416.350769,79.701271,-0.7659279881,0.6295044481,0.1306846085,,,,
11903,0.0,-614.381409,-412.35257,79.701271,-0.7914710417,0.5970721181,0.1306846431,,,,
11904,0.0,-614.707886,-408.161469,79.701271,-0.8181921859,0.5598955934,0.1306846258,,,,
11905,0.0,-614.824341,-406.78952,79.701271,-0.8251187676,0.5496367459,0.1306846085,,,,
11906,0.0,-615.274109,-402.292603,79.701271,-0.8468946612,0.5154522001,0.1306845912,,,,
11907,0.0,-615.454651,-400.650177,79.701256,-0.8540299763,0.5034552379,0.1310176437,,,,
11908,0.0,-616.163208,-395.262543,79.701263,-0.8736870806,0.4673350731,0.1351621787,,,,
11909,0.0,-616.388123,-393.720032,79.701126,-0.8816106508,0.4513706427,0.1379391286,,,,
11910,0.0,-617.095886,-389.336273,79.701164,-0.9045921559,0.3989448238,0.1501867475,,,,
11911,0.0,-617.365845,-387.812897,79.701057,-0.9108859669,0.3825330799,0.1547746684,,,,
11912,0.0,-618.21875,-383.431793,79.700935,-0.931010396,0.3210230492,0.1736774146,,,,
11913,0.0,-618.428772,-382.406677,79.70018,-0.9366469004,0.3000009659,0.1808093038,,,,
11914,0.0,-619.585571,-377.786224,79.700256,-0.9499865759,0.2376729158,0.2025761355,,,,
11915,0.0,-620.675354,-374.459808,79.700951,-0.9553149588,0.2002090893,0.2174618358,,,,
11916,0.0,-621.113464,-373.265564,79.700851,-0.957091011,0.1829067373,0.2247708213,,,,
11917,0.0,-622.849548,-369.100739,79.700569,-0.9604842487,0.1198958065,0.2511871885,,,,
11918,0.0,-624.575439,-365.388,79.700958,-0.9597190083,0.0658909938,0.2731259819,,,,
11919,0.0,-626.151001,-362.180267,79.70118,-0.9572247978,0.024821947,0.2882786109,,,,
11920,0.0,-627.274475,-359.97467,79.701149,-0.9556446515,0.0081216552,0.294410154,,,,
11921,0.0,-629.267761,-356.186951,79.701271,-0.95391682,-0.0059530732,0.300012102,,,,
11922,0.0,-629.990234,-354.918396,79.701271,-0.9537552072,-0.0056818041,0.3005307337,,,,
11923,0.0,-632.175598,-351.327332,79.701248,-0.9539871968,0.0031430063,0.2998308688,,,,
11924,0.0,-634.41333,-347.898315,79.701157,-0.9553036102,0.0304864396,0.2940503176,,,,
11925,0.0,-637.711121,-342.992188,79.699089,-0.9529402234,0.119199482,0.2787407649,,,,
11926,0.0,-639.1947025,-340.5158695,79.699375,-0.9431205348,0.182096218,0.2706410789,,,,
11927,0.0,-640.678284,-338.039551,79.699661,-0.9333008462,0.2449929539,0.2625413929,,,,
11928,0.0,-642.882324,-333.496033,79.700623,-0.8957396445,0.3704647679,0.2457770228,,,,
11929,0.0,-644.222046,-328.894165,79.700981,-0.825495384,0.5180514656,0.22400904,,,,
11930,0.0,-645.973938,-322.833801,79.701271,-0.7211300935,0.6645682603,0.1957560105,,,,
11931,0.0,-648.015991,-319.300598,79.701271,-0.6645646743,0.7248271987,0.1816021082,,,,
11932,0.0,-648.961609,-317.709091,79.701271,-0.6458170902,0.7421641462,0.1773197274,,,,
11933,0.0,-649.907227,-316.117584,79.701271,-0.627069506,0.7595010937,0.1730373466,,,,
12260,0.0,-978.294373,504.518402,78.949226,0.0053362047,0.9764586331,0.2156387321,,,,
12261,0.0,-977.918945,504.699188,78.434937,0.0053362047,0.9764586331,0.2156387321,,,,
12262,0.0,-978.087463,505.807968,78.8643265,0.0053362047,0.9764586331,0.2156387321,,,,
12263,0.0,-978.255981,506.916748,79.293716,0.0053362047,0.9764586331,0.2156387321,,,,
12268,0.0,-971.943481,521.156128,78.241158,0.0061416722,0.9747163872,0.2233612421,,,,
12269,0.0,-970.126709,524.145752,78.546005,0.006793547,0.9739013451,0.226870046,,,,
12270,0.0,-967.926086,527.674255,78.722298,0.007437288,0.9730829476,0.2303351122,,,,
12271,0.0,-966.849121,529.424957,78.771538,0.0077429439,0.9726881528,0.231980276,,,,
12272,0.0,-964.797058,532.770081,78.829391,0.0083438727,0.9719073872,0.235215668,,,,
12273,0.0,-962.51709,537.484192,78.867271,0.0086607562,0.971318445,0.2376246402,,,,
12274,0.0,-962.266113,539.819214,78.978645,0.0086554465,0.9706925491,0.2401688121,,,,
12275,0.0,-961.996277,541.066528,78.991844,0.0086531729,0.9704242758,0.2412505909,,,,
12276,0.0,-961.408569,544.112732,79.149345,0.0086469648,0.9697280542,0.2440342822,,,,
12277,0.0,-961.242188,546.693054,79.211342,0.0086417032,0.9691512673,0.2463151276,,,,
12278,0.0,-961.36499,549.50592,79.304817,0.0086378434,0.9687487389,0.2478936639,,,,
12279,0.0,-961.717712,552.166443,79.387192,0.0086373911,0.9686980177,0.2480918098,,,,
12280,0.0,-961.956848,553.52832,79.414619,0.0086373911,0.9686980177,0.2480918098,,,,
12281,0.0,-962.817749,556.687866,79.67112,0.0086373911,0.9686980177,0.2480918098,,,,
12282,0.0,-963.82428,559.731445,79.873474,0.0086373911,0.9686980177,0.2480918098,,,,
12283,0.0,-964.294678,561.215393,79.808769,0.0086373911,0.9686980177,0.2480918098,,,,
12284,0.0,-965.680298,564.659729,79.964912,0.0086373911,0.9686980177,0.2480918098,,,,
12285,0.0,-966.255737,566.093933,79.929977,0.0086373911,0.9686980177,0.2480918098,,,,
12286,0.0,-967.942139,569.575623,80.019981,0.0086373911,0.9686980177,0.2480918098,,,,
12287,0.0,-969.580261,572.801025,79.279213,0.0086373911,0.9686980177,0.2480918098,,,,
12288,0.0,-970.283691,574.217102,78.528023,0.0086373911,0.9686980177,0.2480918098,,,,
12289,0.0,-972.253113,577.627258,76.249924,0.0086373911,0.9686980177,0.2480918098,,,,
12290,0.0,-974.163391,580.807739,74.239021,0.0086373911,0.9686980177,0.2480918098,,,,
12291,0.0,-975.017151,582.263428,73.302574,0.0086373911,0.9686980177,0.2480918098,,,,
12292,0.0,-977.244934,585.736145,71.06646,0.0086354618,0.9684816344,0.2489352378,,,,
12293,0.0,-979.192383,588.564148,69.241241,0.008632747,0.9681620041,0.2501755573,,,,
12294,0.0,-980.875793,591.395569,67.267067,0.0086298334,0.9678504054,0.2513784373,,,,
12295,0.0,-981.86145,593.242432,65.967522,0.0086281552,0.9676470353,0.2521602069,,,,
12296,0.0,-983.343811,596.371521,64.198166,0.0086232368,0.9670802946,0.2543252714,,,,
12297,0.0,-984.556946,599.202393,63.886681,0.008619812,0.96672649,0.2556669558,,,,
12298,0.0,-985.769897,602.287415,63.924095,0.0086170202,0.9663982438,0.2569050047,,,,
12299,0.0,-986.637085,605.163818,64.112595,0.0086166664,0.9663737015,0.2569973193,,,,
12300,0.0,-986.909241,606.404358,64.199181,0.0086166664,0.9663737015,0.2569973193,,,,
12301,0.0,-987.313904,609.756287,64.498306,0.0086166664,0.9663737015,0.2569973193,,,,
12302,0.0,-987.266296,612.869446,64.386269,0.0086166664,0.9663737015,0.2569973193,,,,
12303,0.0,-986.841736,617.218079,64.315598,0.0086166664,0.9663737015,0.2569973193,,,,
12304,0.0,-986.3993225,619.3514405,64.354664,0.0086166664,0.9663737015,0.2569973193,,,,
12305,0.0,-985.613403,622.739136,64.457214,0.0086166664,0.9663737015,0.2569973193,,,,
12306,0.0,-984.586365,625.904968,64.605896,0.0086166664,0.9663737015,0.2569973193,,,,
12307,0.0,-984.077881,627.416626,64.57605,0.0086166664,0.9663737015,0.2569973193,,,,
12308,0.0,-982.27832,631.801941,64.784843,0.0086147196,0.9661553697,0.2578169666,,,,
12309,0.0,-980.94989,634.761841,64.748459,0.0086099453,0.9655896733,0.2599277815,,,,
12310,0.0,-979.672668,637.387146,64.727608,0.0094554311,0.9645438387,0.2637532522,,,,
12311,0.0,-978.907806,638.799591,64.648323,0.0095764446,0.9639137336,0.2660319563,,,,
12312,0.0,-978.142944,640.212036,64.569038,0.0096974582,0.9632836284,0.2683106604,,,,
12313,0.0,-976.116882,643.501587,64.614906,0.0096797667,0.9615262728,0.2745423991,,,,
12314,0.0,-973.741699,647.851746,64.623215,0.0085637691,0.9584373892,0.2851743901,,,,
12315,0.0,-971.992126,651.79126,64.564957,0.0064917513,0.9552928431,0.295589988,,,,
12316,0.0,-970.772644,654.75769,64.27655,0.0044398229,0.952581867,0.3042500198,,,,
12317,0.0,-969.854675,657.5271,64.062187,0.0015719084,0.9491672815,0.31476817,,,,
12318,0.0,-968.96521,660.585205,63.766376,-0.0008629119,0.9445256182,0.3284366178,,,,
12319,0.0,-968.202026,663.610718,63.486015,-0.0037563932,0.9381727182,0.3461471369,,,,
12320,0.0,-967.887695,664.946228,63.351254,-0.0051204661,0.9348612762,0.3549763021,,,,
12321,0.0,-966.93634,669.744202,62.814606,-0.0091377835,0.9208809609,0.3897367787,,,,
12322,0.0,-966.274719,673.789124,62.638409,-0.0125617555,0.9063072088,0.4224327704,,,,
12323,0.0,-965.808044,676.997559,62.503815,-0.0144834289,0.8944527621,0.4469278317,,,,
12324,0.0,-965.592041,678.599854,62.491608,-0.0161551893,0.8871065925,0.4612818048,,,,
12325,0.0,-965.002686,683.665955,62.583122,-0.0199009679,0.8635767986,0.5038244381,,,,
12326,0.0,-964.859924,685.384338,62.66153,-0.0211887803,0.8561142044,0.5163521131,,,,
12327,0.0,-964.588257,689.586609,62.918339,-0.0224105131,0.8406328893,0.5411414919,,,,
12328,0.0,-964.351746,692.782227,63.134872,-0.0221957435,0.8325685574,0.5534771415,,,,
12329,0.0,-964.166626,696.464172,63.273369,-0.0213118752,0.8265868122,0.5624055884,,,,
12330,0.0,-964.044556,699.50354,62.499016,-0.0210018224,0.8233396945,0.567160181,,,,
12331,0.0,-963.97699,703.008728,61.18924,-0.0209620117,0.8217874237,0.5694084863,,,,
12332,0.0,-963.917358,706.457703,59.771023,-0.0202465531,0.8216184752,0.5696781181,,,,
12333,0.0,-963.895569,708.657227,58.852066,-0.0200121085,0.821624219,0.5696781181,,,,
12334,0.0,-963.893127,712.598511,57.150589,-0.0200121085,0.821624219,0.5696781181,,,,
12335,0.0,-963.925659,716.852844,55.236412,-0.0200121085,0.821624219,0.5696781181,,,,
12336,0.0,-963.934753,720.611694,53.291611,-0.0200277462,0.822275678,0.5687368449,,,,
12337,0.0,-963.947937,722.428467,52.334904,-0.0200280541,0.8222788876,0.5687321937,,,,
12338,0.0,-964.052368,727.033081,49.894272,-0.0200280541,0.8222788876,0.5687321937,,,,
12339,0.0,-964.022095,728.558472,49.14452,-0.0200280541,0.8222788876,0.5687321937,,,,
12340,0.0,-964.053528,735.225525,45.418015,-0.0200280541,0.8222788876,0.5687321937,,,,
12341,0.0,-964.049927,737.5181885,44.0415195,-0.0200280541,0.8222788876,0.5687321937,,,,
12342,0.0,-964.046326,739.810852,42.665024,-0.0200280541,0.8222788876,0.5687321937,,,,
12343,0.0,-964.003357,743.611755,40.473763,-0.0200280541,0.8222788876,0.5687321937,,,,
12344,0.0,-963.95166,748.895386,37.630188,-0.0200280541,0.8222788876,0.5687321937,,,,
12345,0.0,-963.888062,752.947876,35.682735,-0.0200280541,0.8222788876,0.5687321937,,,,
12346,0.0,-963.8792115,754.878937,34.743204,-0.0200280541,0.8222788876,0.5687321937,,,,
12347,0.0,-963.69397,758.998779,32.906532,-0.0200280541,0.8222788876,0.5687321937,,,,
12348,0.0,-963.6055605,761.264618,31.899248,-0.0200280541,0.8222788876,0.5687321937,,,,
12349,0.0,-963.517151,763.530457,30.891964,-0.0200280541,0.8222788876,0.5687321937,,,,
12350,0.0,-963.283386,769.390564,28.375805,-0.0200280541,0.8222788876,0.5687321937,,,,
12351,0.0,-963.02594,773.661804,26.600267,-0.0200280541,0.8222788876,0.5687321937,,,,
12352,0.0,-962.8731995,775.695282,25.7794015,-0.020035334,0.8225757061,0.5683023141,,,,
12353,0.0,-962.651978,779.582825,24.106199,-0.0200439732,0.8229324677,0.5677855165,,,,
12354,0.0,-962.494263,782.0982055,23.007081,-0.0200439732,0.8229324677,0.5677855165,,,,
12355,0.0,-962.251587,786.541443,21.008194,-0.0200439732,0.8229324677,0.5677855165,,,,
12356,0.0,-962.1555785,788.6961365,20.001919,-0.0200500656,0.8231825978,0.5674224275,,,,
12357,0.0,-961.982849,792.590027,18.135544,-0.0200598658,0.8235849586,0.5668380877,,,,
12358,0.0,-961.820984,797.851746,15.405134,-0.0200867261,0.8246924768,0.5652245944,,,,
12359,0.0,-961.854126,799.388733,14.653432,-0.0200964541,0.8250871414,0.5646479802,,,,
12360,0.0,-961.824097,803.825867,12.270239,-0.0201271583,0.8263572254,0.5627864902,,,,
12361,0.0,-961.864502,807.526489,10.376698,-0.0201736691,0.82826206,0.5599776629,,,,
12362,0.0,-961.953979,809.469177,9.000841,-0.0202061396,0.8295862668,0.5580128474,,,,
12363,0.0,-962.109741,813.831116,6.403917,-0.0197472745,0.8333336581,0.5524174685,,,,
12364,0.0,-962.30011,818.092346,3.7623,-0.0195261125,0.8379653632,0.5453739826,,,,
12365,0.0,-962.340759,819.689636,2.889845,-0.0191983149,0.8400160084,0.5422218461,,,,
12366,0.0,-962.489014,824.68457,-0.353849,-0.0187269767,0.8454490578,0.5337276374,,,,
12367,0.0,-962.572144,828.266785,-2.319896,-0.0187999589,0.8487332082,0.528486994,,,,
12368,0.0,-962.626404,830.23999,-3.429702,-0.0194112268,0.8512173571,0.524454207,,,,
12369,0.0,-962.693787,832.40448,-4.768494,-0.0198963675,0.8538644975,0.5201149436,,,,
12370,0.0,-962.857056,837.077881,-7.202012,-0.0200328938,0.8597236044,0.5103665419,,,,
12371,0.0,-962.997681,841.272522,-9.294588,-0.0182825883,0.864061237,0.5030545952,,,,
12372,0.0,-963.041565,843.059082,-10.168086,-0.017244379,0.8659124107,0.499898318,,,,
12373,0.0,-963.297852,847.633667,-12.315945,-0.0162248736,0.8677530861,0.4967306464,,,,
12374,0.0,-963.340332,849.240967,-13.089419,-0.0162248736,0.8677530861,0.4967306464,,,,
12375,0.0,-963.58783,853.5625,-14.776069,-0.0162248736,0.8677530861,0.4967306464,,,,
12376,0.0,-963.744873,855.674377,-15.516682,-0.0162248736,0.8677530861,0.4967306464,,,,
12377,0.0,-964.045471,860.266907,-17.213947,-0.0162248736,0.8677530861,0.4967306464,,,,
12378,0.0,-964.318359,864.267944,-18.777292,-0.0162248736,0.8677530861,0.4967306464,,,,
12379,0.0,-964.412659,866.080688,-19.591284,-0.0162248736,0.8677530861,0.4967306464,,,,
12380,0.0,-964.735901,870.539734,-21.463696,-0.0162248736,0.8677530861,0.4967306464,,,,
12381,0.0,-965.023071,874.641113,-23.33989,-0.0162248736,0.8677530861,0.4967306464,,,,
12382,0.0,-965.095154,876.269043,-24.121225,-0.0162248736,0.8677530861,0.4967306464,,,,
12383,0.0,-965.366699,880.438965,-26.166477,-0.0162248736,0.8677530861,0.4967306464,,,,
12384,0.0,-965.646362,884.341431,-28.204687,-0.0162248736,0.8677530861,0.4967306464,,,,
12385,0.0,-965.72998,886.201111,-29.189259,-0.0162248736,0.8677530861,0.4967306464,,,,
12386,0.0,-966.062866,892.497681,-32.6758,-0.0162248736,0.8677530861,0.4967306464,,,,
12387,0.0,-966.1363525,894.825409,-34.0925005,-0.0162248736,0.8677530861,0.4967306464,,,,
12388,0.0,-966.209839,897.153137,-35.509201,-0.0162248736,0.8677530861,0.4967306464,,,,
12389,0.0,-966.317566,901.53479,-38.170677,-0.0162248736,0.8677530861,0.4967306464,,,,
12390,0.0,-966.478333,906.738342,-41.194988,-0.0229519911,0.8684274321,0.4952847678,,,,
12391,0.0,-966.587616,908.9979245,-42.344072,-0.0340191496,0.8693693244,0.4928594362,,,,
12392,0.0,-966.776978,912.662659,-44.203209,-0.0493247025,0.8713125981,0.488243208,,,,
12393,0.0,-966.765381,917.242737,-46.290703,-0.0479258505,0.8771906262,0.4777444067,,,,
12394,0.0,-966.704102,920.890869,-48.010742,-0.0381367842,0.8838930777,0.4661315403,,,,
12395,0.0,-966.5354615,923.1190795,-48.8752535,-0.0335757624,0.8876233908,0.4592552478,,,,
12396,0.0,-966.32373,927.339111,-50.663044,-0.025426283,0.8936437778,0.4480561377,,,,
12397,0.0,-966.006165,931.774963,-52.44669,-0.0193005674,0.8998944712,0.4356804206,,,,
12398,0.0,-965.960663,933.5401,-53.2302495,-0.0181440387,0.901829071,0.4316874993,,,,
12399,0.0,-965.837341,937.287476,-54.871994,-0.0169261204,0.9052577925,0.424525424,,,,
12400,0.0,-965.6749265,939.525238,-55.8130835,-0.016959876,0.9070665344,0.420623546,,,,
12401,0.0,-965.499695,943.648193,-57.647404,-0.0170238276,0.910483457,0.4131949466,,,,
12402,0.0,-965.348999,947.932617,-59.64703,-0.0170911972,0.9140797464,0.4051741702,,,,
12403,0.0,-965.202576,951.919312,-61.559368,-0.0171525614,0.9173616558,0.3976850289,,,,
12404,0.0,-965.187317,953.6636965,-62.4416425,-0.0171791258,0.9187823898,0.3943739538,,,,
12405,0.0,-965.153503,957.289856,-64.271942,-0.0172298105,0.9214931322,0.3880122949,,,,
12406,0.0,-965.111267,961.741028,-66.69442,-0.0172982935,0.925162685,0.3791764435,,,,
12407,0.0,-965.146423,965.469971,-68.66687,-0.0184008359,0.9297419801,0.3677516277,,,,
12408,0.0,-965.207214,967.163513,-69.632935,-0.0189872095,0.9316831895,0.3627753026,,,,
12409,0.0,-965.368713,971.296082,-72.081375,-0.0196671575,0.9365621053,0.3499494617,,,,
12410,0.0,-965.559753,975.443665,-74.671219,-0.0197791919,0.9418792369,0.3353688816,,,,
12411,0.0,-965.612976,977.107544,-75.593292,-0.0198197566,0.9438109178,0.3298910862,,,,
12412,0.0,-965.801941,981.661133,-78.545761,-0.0199133916,0.9482934444,0.3167696326,,,,
12413,0.0,-965.890076,985.232239,-80.585678,-0.0199711339,0.9510249929,0.3084681778,,,,
12414,0.0,-965.930969,986.800354,-81.512566,-0.0199898876,0.9519180429,0.3056999247,,,,
12415,0.0,-966.037048,990.813171,-83.828842,-0.0200254951,0.9536263619,0.3003260585,,,,
12416,0.0,-966.125122,994.589661,-85.829834,-0.0200397109,0.9542969772,0.2981873392,,,,
12417,0.0,-966.322632,998.603027,-87.988785,-0.0211079758,0.9550212057,0.2957853106,,,,
12418,0.0,-966.378784,1000.247986,-88.82074,-0.0216560182,0.9553433781,0.29470332,,,,
12419,0.0,-966.589355,1004.360596,-90.824951,-0.0237582623,0.9566001148,0.2904337536,,,,
12420,0.0,-966.65033,1006.746521,-92.00872,-0.0248746302,0.9575197252,0.2872929317,,,,
12421,0.0,-967.114563,1011.922119,-93.968971,-0.0288900625,0.9598024117,0.279185771,,,,
12422,0.0,-967.161499,1013.721619,-94.899124,-0.0301101601,0.9606248972,0.2762122102,,,,
12423,0.0,-967.626648,1019.712463,-97.202232,-0.0357689872,0.9646003009,0.2612792356,,,,
12424,0.0,-967.8105165,1021.842041,-98.0298805,-0.0386871044,0.966091778,0.255190461,,,,
12425,0.0,-967.994385,1023.971619,-98.857529,-0.0416052217,0.967583255,0.2491016865,,,,
12426,0.0,-968.387451,1027.499878,-100.276329,-0.050042088,0.970164401,0.2372273688,,,,
12427,0.0,-968.864746,1032.908203,-102.763954,-0.0640426449,0.9723403841,0.2246168229,,,,
12428,0.0,-969.0443725,1035.1381225,-103.798031,-0.0640426449,0.9723403841,0.2246168229,,,,
12429,0.0,-969.223999,1037.368042,-104.832108,-0.0640426449,0.9723403841,0.2246168229,,,,
12430,0.0,-969.568298,1041.121948,-106.790977,-0.0640426449,0.9723403841,0.2246168229,,,,
12431,0.0,-970.02533,1046.878052,-109.885918,-0.0640426449,0.9723403841,0.2246168229,,,,
12432,0.0,-970.185425,1049.006836,-111.0281985,-0.0640426449,0.9723403841,0.2246168229,,,,
12433,0.0,-970.34552,1051.13562,-112.170479,-0.0640426449,0.9723403841,0.2246168229,,,,
12434,0.0,-970.69928,1056.665039,-115.511795,-0.0640426449,0.9723403841,0.2246168229,,,,
12435,0.0,-970.954956,1061.387817,-118.35759,-0.0640426449,0.9723403841,0.2246168229,,,,
12436,0.0,-971.0562135,1063.3302,-119.418671,-0.0640426449,0.9723403841,0.2246168229,,,,
12437,0.0,-971.157471,1065.272583,-120.479752,-0.0640426449,0.9723403841,0.2246168229,,,,
12438,0.0,-971.398315,1070.962036,-123.318092,-0.0640426449,0.9723403841,0.2246168229,,,,
12439,0.0,-971.50592,1075.397583,-125.356216,-0.0640426449,0.9723403841,0.2246168229,,,,
12440,0.0,-971.567139,1076.805664,-126.042206,-0.0640426449,0.9723403841,0.2246168229,,,,
12441,0.0,-971.647949,1080.905151,-127.941002,-0.0640426449,0.9723403841,0.2246168229,,,,
12442,0.0,-971.609436,1084.786255,-129.485184,-0.0640426449,0.9723403841,0.2246168229,,,,
12443,0.0,-971.497742,1088.725098,-131.170868,-0.0496906307,0.9760018976,0.2120168321,,,,
12444,0.0,-971.471252,1090.30188,-131.900909,-0.0463355186,0.9773902845,0.2063037844,,,,
12445,0.0,-971.451294,1094.823242,-133.819931,-0.0496780175,0.980190608,0.1917249766,,,,
12446,0.0,-971.724548,1098.340698,-135.56842,-0.0634864626,0.9820971282,0.1773547289,,,,
12447,0.0,-971.529785,1100.0271,-136.14682,-0.0718291522,0.9829280433,0.1693901845,,,,
12448,0.0,-971.622253,1105.797363,-138.754257,-0.1023145174,0.9845299653,0.1422409468,,,,
12449,0.0,-971.841858,1107.771118,-139.762985,-0.1147648761,0.9845927908,0.131932026,,,,
12450,0.0,-972.014648,1111.886108,-141.819412,-0.1344999331,0.9841515779,0.1155657377,,,,
12451,0.0,-972.205688,1114.334351,-143.086746,-0.1426808392,0.9837389882,0.1090861185,,,,
12452,0.0,-972.597595,1118.585938,-145.688126,-0.1550735107,0.982862089,0.0996710605,,,,
12453,0.0,-972.717896,1119.888672,-146.475922,-0.1587552522,0.9824924558,0.0974953546,,,,
12454,0.0,-972.821716,1124.254883,-149.344681,-0.1704889808,0.9810599939,0.0919499632,,,,
12455,0.0,-972.721497,1127.397827,-151.244614,-0.1783969497,0.9799034401,0.0892399936,,,,
12456,0.0,-972.317017,1131.039917,-154.038254,-0.1914532357,0.9776810638,0.0865181829,,,,
12457,0.0,-972.132385,1132.553833,-155.01149,-0.2000046791,0.9760981289,0.0850327652,,,,
12458,0.0,-971.358704,1137.111572,-158.033783,-0.2323463125,0.9691950652,0.0817075061,,,,
12459,0.0,-970.653809,1140.540405,-160.197922,-0.2608394042,0.9616508461,0.0847965534,,,,
12460,0.0,-970.274597,1142.210205,-160.86084,-0.2703174004,0.9588597855,0.086697259,,,,
12461,0.0,-969.318115,1145.857788,-161.429642,-0.2783469688,0.9564061044,0.088376062,,,,
12462,0.0,-968.356934,1149.599854,-161.223923,-0.2783469688,0.9564061044,0.088376062,,,,
12463,0.0,-967.965759,1151.37793,-161.160309,-0.2783469688,0.9564061044,0.088376062,,,,
12464,0.0,-967.209473,1155.439087,-160.851807,-0.2783469688,0.9564061044,0.088376062,,,,
12465,0.0,-966.728394,1159.110474,-160.510651,-0.2783469688,0.9564061044,0.088376062,,,,
12466,0.0,-966.519531,1160.972168,-160.342056,-0.2783469688,0.9564061044,0.088376062,,,,
12467,0.0,-966.224854,1165.847778,-159.612015,-0.2783469688,0.9564061044,0.088376062,,,,
12468,0.0,-966.110596,1171.221558,-159.128738,-0.2783469688,0.9564061044,0.088376062,,,,
12469,0.0,-966.18512,1173.2155155,-158.93235,-0.2783469688,0.9564061044,0.088376062,,,,
12470,0.0,-966.259644,1175.209473,-158.735962,-0.2783469688,0.9564061044,0.088376062,,,,
12471,0.0,-966.673279,1180.952881,-158.449081,-0.2783469688,0.9564061044,0.088376062,,,,
12472,0.0,-966.7035525,1183.0335085,-158.519844,-0.2783469688,0.9564061044,0.088376062,,,,
12473,0.0,-966.733826,1185.114136,-158.590607,-0.2783469688,0.9564061044,0.088376062,,,,
12474,0.0,-966.748657,1190.27063,-159.094986,-0.2992799341,0.9505613631,0.0828529779,,,,
12475,0.0,-966.6497495,1192.168457,-159.3243485,-0.3090125506,0.9475090934,0.0814353204,,,,
12476,0.0,-966.550842,1194.066284,-159.553711,-0.3187451671,0.9444568238,0.0800176629,,,,
12477,0.0,-966.227234,1197.692505,-160.121567,-0.3316473576,0.9403138859,0.0762877856,,,,
12478,0.0,-965.452026,1202.839111,-160.86232,-0.3513029796,0.933606849,0.0704589812,,,,
12479,0.0,-965.106384,1204.790222,-161.105942,-0.3663894181,0.9278123882,0.0682412787,,,,
12480,0.0,-964.431274,1208.5271,-161.577484,-0.3980020792,0.9150478682,0.0654350352,,,,
12481,0.0,-964.0032345,1210.494812,-161.6259995,-0.4191201066,0.905270694,0.0654350265,,,,
12482,0.0,-963.137939,1214.42041,-161.697861,-0.4593479991,0.8858429173,0.0654350178,,,,
12483,0.0,-962.16571,1218.820923,-161.65451,-0.5002302719,0.8633447181,0.0663744886,,,,
12484,0.0,-961.861084,1220.248047,-161.633972,-0.5158901752,0.8539882575,0.0675380134,,,,
12485,0.0,-961.054993,1224.695801,-161.328201,-0.5701544178,0.8183491395,0.072309237,,,,
12486,0.0,-960.428528,1227.918457,-161.319702,-0.611884659,0.7873823061,0.0750084531,,,,
12487,0.0,-959.980164,1231.852051,-160.651962,-0.6669685581,0.7409340732,0.0785470672,,,,
12488,0.0,-959.686462,1233.696777,-160.631912,-0.6870353103,0.7222140183,0.0799336857,,,,
12489,0.0,-958.949707,1238.959351,-160.312683,-0.741042358,0.6661041794,0.084625326,,,,
12490,0.0,-958.733093,1240.626831,-160.222931,-0.7540215356,0.6511596389,0.086270786,,,,
12491,0.0,-958.070251,1246.180542,-160.082123,-0.8021744508,0.5895202618,0.0947734739,,,,
12492,0.0,-957.735474,1249.800415,-160.111237,-0.8320034928,0.5457176578,0.099811953,,,,
12493,0.0,-957.557922,1251.847168,-160.137955,-0.8465260114,0.5222540467,0.1031718116,,,,
12494,0.0,-957.208008,1256.224854,-160.370163,-0.8784492028,0.4646826486,0.1113419694,,,,
12495,0.0,-957.309631,1257.846802,-160.485519,-0.8913973357,0.4383885832,0.1150053911,,,,
12496,0.0,-957.610413,1261.725342,-160.941727,-0.922604146,0.3648029803,0.1253809208,,,,
12497,0.0,-957.961182,1265.544556,-161.367645,-0.9445386662,0.2989920954,0.1358323777,,,,
12498,0.0,-958.209045,1267.469849,-161.557236,-0.9538076922,0.2645763849,0.1423032777,,,,
13063,0.0,1318.525269,760.543884,-151.2043,0.3821422546,-0.9156131562,0.1249793799,,,,
13064,0.0,1318.553589,760.617249,-151.214127,0.3821422546,-0.9156131562,0.1249793799,,,,
13065,0.0,1319.365479,759.795654,-152.047653,0.3824834758,-0.9154706711,0.1249793626,,,,
13066,0.0,1320.321289,756.329285,-154.539612,0.3840125768,-0.914830312,0.1249793626,,,,
13067,0.0,1320.013611,755.854645,-154.599869,0.3846224649,-0.9145738234,0.1249793712,,,,
13068,0.0,1319.043457,753.671692,-154.714783,0.4022686808,-0.9066272336,0.1273065895,,,,
13069,0.0,1320.467285,752.725098,-155.717117,0.4240900867,-0.8962755939,0.1297600024,,,,
13070,0.0,1320.097168,751.602722,-156.41301,0.4711010609,-0.8716870315,0.1350018869,,,,
13071,0.0,1319.583618,750.783875,-155.867706,0.4896087632,-0.8610114362,0.1376319936,,,,
13072,0.0,1318.998413,749.31012,-155.914093,0.5280714531,-0.836935575,0.1438032813,,,,
13073,0.0,1318.786011,748.754028,-155.992294,0.5358633836,-0.8316498277,0.1456330945,,,,
13074,0.0,1318.265991,746.966492,-156.104431,0.5506668654,-0.8209274065,0.1511429675,,,,
13075,0.0,1318.177124,746.522339,-156.097626,0.5520727386,-0.8198737016,0.1517326754,,,,
13076,0.0,1318.084106,745.882935,-156.067841,0.5537700039,-0.8186185679,0.152323416,,,,
13077,0.0,1317.891968,744.664795,-155.947891,0.5544328505,-0.8181697782,0.1523234332,,,,
13272,0.0,219.871216,509.5,-156.447342,1.0,0.0,0.0,,,,
13273,0.0,218.07106,509.5,-157.209015,1.0,0.0,0.0,,,,
13274,0.0,218.322006,508.4229735,-157.339119,0.9736141873,-0.157545421,0.0294795168,,,,
13275,0.0,216.966629,507.89328,-154.867706,0.8636530608,-0.4945241529,0.0977202781,,,,
13276,0.0,215.451706,507.323547,-155.080185,0.6833196756,-0.7139736623,0.1526952208,,,,
13277,0.0,215.459183,506.838226,-155.1559985,0.5936065505,-0.7780665952,0.1723407678,,,,
13278,0.0,216.896851,507.776917,-154.950394,0.9433521581,-0.3260971798,0.0612154816,,,,
13279,0.0,217.223022,509.5,-154.935837,1.0,0.0,0.0,,,,
13280,0.0,217.174805,509.5,-154.99025,1.0,0.0,0.0,,,,
13281,0.0,217.078903,509.5,-155.037674,1.0,0.0,0.0,,,,
13282,0.0,218.040314,509.5,-154.936462,1.0,0.0,0.0,,,,
13283,0.0,218.006012,509.5,-154.939301,1.0,0.0,0.0,,,,
13284,0.0,217.775757,509.5,-154.97049,1.0,0.0,0.0,,,,
13285,0.0,217.714966,509.5,-154.96965,1.0,0.0,0.0,,,,
13286,0.0,217.353302,509.5,-154.983047,1.0,0.0,0.0,,,,
13287,0.0,217.269897,509.5,-154.975113,1.0,0.0,0.0,,,,
13288,0.0,216.922073,509.5,-154.956573,1.0,0.0,0.0,,,,
13289,0.0,216.85936,509.5,-154.944855,1.0,0.0,0.0,,,,
13290,0.0,216.685608,509.5,-154.910873,1.0,0.0,0.0,,,,
13291,0.0,216.512115,509.5,-154.843323,1.0,0.0,0.0,,,,
13292,0.0,216.465714,509.5,-154.807724,1.0,0.0,0.0,,,,
13293,0.0,216.264557,509.5,-154.667328,1.0,0.0,0.0,,,,
13294,0.0,216.275787,509.5,-154.66951,1.0,0.0,0.0,,,,
13295,0.0,216.157959,509.5,-154.539001,1.0,0.0,0.0,,,,
13296,0.0,216.035995,509.5,-154.361633,1.0,0.0,0.0,,,,
13297,0.0,216.00853,509.5,-154.313049,1.0,0.0,0.0,,,,
13298,0.0,215.836929,509.5,-154.09169,1.0,0.0,0.0,,,,
13299,0.0,215.697769,509.5,-153.912216,1.0,0.0,0.0,,,,
13300,0.0,215.663086,509.496826,-153.861481,0.9999995029,-0.0009970715,0.0,,,,
13301,0.0,215.399536,509.447693,-153.606949,0.9998400344,-0.0178816891,0.0003882659,,,,
13302,0.0,215.3476865,509.399643,-153.566124,0.9992536814,-0.0347403356,0.0007214404,,,,
13303,0.0,215.295837,509.351593,-153.525299,0.9986673284,-0.051598982,0.001054615,,,,
13304,0.0,215.050629,509.326965,-153.46846,0.9743167101,-0.2251769888,-0.0015073356,,,,
13305,0.0,214.8567355,509.366333,-153.4523315,0.9262676683,-0.3516759638,-0.0052473327,,,,
13306,0.0,214.955399,509.587219,-153.29863,0.8104939434,-0.585622023,-0.0121001597,,,,
13307,0.0,214.32402,509.747833,-153.556198,0.5065832115,-0.8619540862,-0.0202139341,,,,
13308,0.0,214.203651,509.537857,-153.74456,0.2849512348,-0.9298043664,-0.023105788,,,,
13309,0.0,214.017929,509.22934,-154.029282,-0.0637822489,-0.9976025052,-0.0268526767,,,,
13310,0.0,213.747757,508.958649,-154.603943,-0.3541320202,-0.9347635994,-0.0284169934,,,,
13311,0.0,213.702576,508.883728,-154.670898,-0.4423021452,-0.8964079873,-0.0286623914,,,,
13312,0.0,213.2529375,508.72406,-154.8513565,-0.5398244583,-0.8332259282,-0.0286623914,,,,
13313,0.0,212.368515,508.191895,-155.22728,-0.7050004104,-0.7086001841,-0.0293291758,,,,
13314,0.0,211.118393,507.815582,-155.585251,-0.8118825561,-0.5827347069,-0.0355946131,,,,
13315,0.0,211.361069,508.071991,-155.425888,-0.8228935412,-0.5670083701,-0.0367114168,,,,
13316,0.0,210.904449,507.757355,-155.636276,-0.8228935412,-0.5670083701,-0.0367114168,,,,
13317,0.0,210.5688705,507.5261385,-155.749794,-0.8228935412,-0.5670083701,-0.0367114168,,,,
13318,0.0,210.117905,507.215393,-155.890808,-0.8228935412,-0.5670083701,-0.0367114168,,,,
13319,0.0,209.95842,507.1055145,-155.918266,-0.8228935412,-0.5670083701,-0.0367114168,,,,
13320,0.0,209.703552,506.929901,-155.959824,-0.8228935412,-0.5670083701,-0.0367114168,,,,
13321,0.0,209.595581,506.855499,-155.961655,-0.8228935412,-0.5670083701,-0.0367114168,,,,
13322,0.0,209.497833,506.788177,-155.948792,-0.8228935412,-0.5670083701,-0.0367114168,,,,
13323,0.0,209.429749,506.741272,-155.924911,-0.8228935412,-0.5670083701,-0.0367114168,,,,
13324,0.0,209.409607,506.727386,-155.90863,-0.8228935412,-0.5670083701,-0.0367114168,,,,
13325,0.0,209.449509,506.754852,-155.900665,-0.8228935412,-0.5670083701,-0.0367114168,,,,
13326,0.0,210.672409,507.597504,-155.663864,-0.8228935412,-0.5670083701,-0.0367114168,,,,
13327,0.0,210.820221,507.581177,-155.594254,-0.8093904452,-0.5857487531,-0.0422552407,,,,
13328,0.0,210.857407,507.593201,-155.579285,-0.80756968,-0.5879438044,-0.0464036082,,,,
13329,0.0,206.359741,504.830627,-156.130386,-0.8324051873,-0.5517645327,-0.0515509909,,,,
13330,0.0,205.973801,505.125946,-156.130356,-0.8581595587,-0.5106141132,-0.0532484665,,,,
13331,0.0,204.936539,506.001282,-156.130402,-0.9180008549,-0.3927320618,-0.055099528,,,,
13332,0.0,204.46492,506.610474,-156.130661,-0.9459597745,-0.3204384554,-0.0497925823,,,,
13333,0.0,203.332184,508.566589,-156.130417,-0.9946046962,-0.0996281003,-0.0289091659,,,,
13334,0.0,203.11348,509.172455,-156.13063,-0.9991700251,-0.0346562691,-0.0214057009,,,,
13335,0.0,202.525436,510.336548,-156.130463,-0.9964192046,0.0842679327,-0.0069053752,,,,
13336,0.0,201.837997,510.902588,-156.105469,-0.9909630498,0.1341293243,0.0012483115,,,,
13337,0.0,201.486206,510.935791,-156.100769,-0.9906346783,0.1364906669,0.0036375723,,,,
13338,0.0,200.575562,510.531403,-156.154022,-0.9938415779,0.1104424397,0.0090213973,,,,
13339,0.0,199.572525,510.18985,-156.27066,-0.9997579079,0.0176457879,0.0131435042,,,,
13340,0.0,197.995285,509.374023,-156.298737,-0.9884118075,-0.1503929869,0.0205924347,,,,
13341,0.0,196.677094,508.376801,-156.298737,-0.9493413843,-0.3123048619,0.034879926,,,,
13342,0.0,196.2041855,507.8934635,-156.298752,-0.924575528,-0.3728686992,0.0423336917,,,,
13343,0.0,195.731277,507.410126,-156.298767,-0.8998096718,-0.4334325365,0.0497874574,,,,
13344,0.0,196.204178,504.553131,-156.846786,-0.7966845621,-0.6001905452,0.0711689397,,,,
13345,0.0,195.724129,503.352295,-156.964485,-0.7565412854,-0.646611997,0.075829135,,,,
13346,0.0,195.24408,502.151459,-157.082184,-0.7163980086,-0.6930334487,0.0804893303,,,,
13347,0.0,193.874268,498.498322,-157.447906,-0.6574946737,-0.7487855402,0.0837912218,,,,
13348,0.0,193.021927,495.375458,-157.611115,-0.6532440185,-0.7524967019,0.0837912044,,,,
13349,0.0,192.579605,493.701279,-157.686188,-0.6526382836,-0.7530216868,0.0837912131,,,,
13350,0.0,191.968964,491.028564,-157.797226,-0.6520325487,-0.7535466718,0.0837912218,,,,
13351,0.0,191.3741,487.070923,-157.856308,-0.6520325487,-0.7535466718,0.0837912218,,,,
13352,0.0,191.0790865,485.3153685,-157.964386,-0.6520325487,-0.7535466718,0.0837912218,,,,
13353,0.0,190.597824,481.989014,-158.113174,-0.6520325487,-0.7535466718,0.0837912218,,,,
13354,0.0,190.454689,480.0384065,-158.011772,-0.6520325487,-0.7535466718,0.0837912218,,,,
13355,0.0,190.202805,476.827026,-157.688156,-0.6520325487,-0.7535466718,0.0837912218,,,,
13356,0.0,190.016525,473.045288,-156.384689,-0.6519952534,-0.75350357,0.0844663218,,,,
13357,0.0,189.932884,471.020828,-155.70549,-0.6519821462,-0.7534884222,0.084701964,,,,
13358,0.0,189.76506,467.452942,-154.602585,-0.6528557126,-0.7527051359,0.0849376063,,,,
13359,0.0,189.480942,463.599121,-154.301147,-0.6619415238,-0.7449493228,0.0829694254,,,,
13360,0.0,189.469254,462.528809,-154.279037,-0.6727094519,-0.7354045261,0.0814995479,,,,
13361,0.0,189.379471,458.245209,-154.160583,-0.708733846,-0.7012627293,0.0769864918,,,,
13362,0.0,189.358582,455.890442,-154.03508,-0.7272971251,-0.6822462239,0.0746925819,,,,
13363,0.0,189.353119,451.789337,-153.557724,-0.7885440775,-0.6113296768,0.0668899406,,,,
13364,0.0,189.013962,448.019135,-153.104523,-0.8501179826,-0.5232424599,0.0593021399,,,,
13365,0.0,188.736893,446.723663,-152.993881,-0.8743876915,-0.4817746223,0.0577873534,,,,
13366,0.0,187.806778,442.592682,-152.70784,-0.9275409253,-0.3694644347,0.0562482297,,,,
13367,0.0,186.574249,440.17453,-152.515747,-0.9477640162,-0.3139737382,0.0562482123,,,,
13368,0.0,185.986649,439.100647,-152.440079,-0.9534955127,-0.2961122184,0.0562482123,,,,
13369,0.0,184.334061,436.376892,-152.412979,-0.9630529907,-0.2629976512,0.0579756201,,,,
13370,0.0,183.698822,435.411316,-152.362488,-0.9647013997,-0.2567016729,0.0587831656,,,,
13371,0.0,181.600525,432.648926,-152.215225,-0.9662324828,-0.2505129412,0.0603162947,,,,
13372,0.0,179.58194,430.329987,-152.063507,-0.9655419728,-0.2528396289,0.0616507982,,,,
13373,0.0,177.148605,427.970245,-151.834991,-0.9641145724,-0.2578915332,0.0630479855,,,,
13374,0.0,176.100662,427.025482,-151.771835,-0.9637592441,-0.2591941479,0.0631388405,,,,
13375,0.0,173.059952,424.564331,-151.205444,-0.9631720615,-0.2613676893,0.0631388231,,,,
13376,0.0,171.933853,423.699524,-151.194778,-0.9630194584,-0.2619294021,0.0631388231,,,,
13377,0.0,168.600845,421.593414,-150.849762,-0.9625995539,-0.2634683811,0.0631388231,,,,
13378,0.0,165.537643,420.061768,-150.53801,-0.9614646027,-0.2678246544,0.062094865,,,,
13379,0.0,164.152237,419.172577,-150.677139,-0.9610611708,-0.2692927596,0.0619906083,,,,
13380,0.0,160.273239,417.785583,-150.174057,-0.9605419917,-0.271349674,0.0610609257,,,,
13381,0.0,158.667816,417.020752,-150.149811,-0.9604953438,-0.2715638305,0.0608422593,,,,
13382,0.0,154.827774,415.409424,-150.080292,-0.9604953438,-0.2715638305,0.0608422593,,,,
13383,0.0,153.15802,414.813354,-150.036499,-0.9601973803,-0.2726154954,0.0608422767,,,,
13384,0.0,148.163971,412.905487,-150.149933,-0.9589795678,-0.2768689364,0.0608422593,,,,
13385,0.0,143.920837,411.246918,-150.414444,-0.9565686369,-0.2850871098,0.0608422767,,,,
13386,0.0,141.6479645,410.3732455,-150.524925,-0.954391868,-0.2921970104,0.0608422592,,,,
13387,0.0,139.375092,409.499573,-150.635406,-0.952215099,-0.2993069109,0.0608422418,,,,
13388,0.0,137.504227,408.755951,-150.688812,-0.9503714681,-0.3051102949,0.0608422593,,,,
13389,0.0,134.518814,407.565308,-151.031097,-0.9475737753,-0.3136911887,0.0608422418,,,,
13390,0.0,128.558258,405.223083,-151.438828,-0.9419951434,-0.3300657046,0.0608422593,,,,
13391,0.0,124.348099,403.615051,-151.799881,-0.9377776952,-0.3418643207,0.0608422593,,,,
13392,0.0,122.496937,402.9187925,-151.9507905,-0.9354667926,-0.348074973,0.0608422593,,,,
13393,0.0,118.926651,401.566589,-152.17804,-0.929948153,-0.3626219136,0.0608422593,,,,
13394,0.0,116.979393,400.814819,-152.255112,-0.9265013833,-0.371158794,0.0612487759,,,,
13395,0.0,115.032135,400.063049,-152.332184,-0.9230546136,-0.3796956745,0.0616552925,,,,
13396,0.0,109.823242,397.727814,-152.401108,-0.9153929597,-0.3977598498,0.0619905735,,,,
13397,0.0,107.6496885,396.705475,-152.3142625,-0.9125541542,-0.404169448,0.0619905735,,,,
13398,0.0,103.936874,395.007812,-152.220062,-0.9079968791,-0.4143655804,0.0619905909,,,,
13399,0.0,99.732002,392.953918,-151.746277,-0.9032126628,-0.4246928919,0.0619905909,,,,
13400,0.0,97.969711,392.0984955,-151.598488,-0.8997018984,-0.4320044858,0.0619905909,,,,
13401,0.0,94.705292,390.518494,-151.383469,-0.8936092941,-0.4445442591,0.0619905735,,,,
13402,0.0,90.795219,388.878571,-150.81337,-0.8877982735,-0.4562782265,0.060203037,,,,
13403,0.0,89.01442,388.26416,-150.805984,-0.8841552379,-0.4636771031,0.0572106575,,,,
13404,0.0,85.120346,387.078003,-150.775345,-0.874203275,-0.4833584689,0.046186844,,,,
13405,0.0,81.482292,386.149902,-150.842926,-0.86105434,-0.507578216,0.0308184718,,,,
13406,0.0,77.978905,385.429108,-150.999634,-0.8369481528,-0.5472054359,0.0091651715,,,,
13407,0.0,76.433266,385.15152,-151.094437,-0.827968622,-0.5607638763,0.0034403513,,,,
13408,0.0,72.488014,384.390015,-151.550613,-0.8166825958,-0.5770652842,-0.0050195109,,,,
13409,0.0,68.889832,383.956482,-151.927551,-0.8161892862,-0.5777569149,-0.0056565296,,,,
13410,0.0,67.422394,383.813446,-152.062408,-0.8161892862,-0.5777569149,-0.0056565296,,,,
13411,0.0,63.669025,383.485474,-152.541534,-0.8161892862,-0.5777569149,-0.0056565296,,,,
13412,0.0,59.838223,383.28653,-153.162247,-0.8161892862,-0.5777569149,-0.0056565296,,,,
13413,0.0,58.14827,383.279388,-153.23703,-0.8161892862,-0.5777569149,-0.0056565296,,,,
13414,0.0,54.101871,383.276917,-153.566803,-0.8161892862,-0.5777569149,-0.0056565296,,,,
13415,0.0,50.849983,383.337311,-153.635956,-0.8161892862,-0.5777569149,-0.0056565296,,,,
13416,0.0,49.381115,383.38092,-153.647522,-0.8161892862,-0.5777569149,-0.0056565296,,,,
13417,0.0,45.195469,383.657867,-153.592529,-0.8161892862,-0.5777569149,-0.0056565296,,,,
13418,0.0,40.919174,383.990936,-153.430603,-0.8161892862,-0.5777569149,-0.0056565296,,,,
13419,0.0,38.938999,384.131775,-153.385559,-0.8161892862,-0.5777569149,-0.0056565296,,,,
13420,0.0,34.011131,384.492859,-152.935883,-0.8196448381,-0.5728440828,-0.0056565121,,,,
13421,0.0,30.207216,384.808197,-152.791,-0.8194829872,-0.57303151,-0.0090841742,,,,
13422,0.0,28.357569,384.916473,-152.718826,-0.8117418117,-0.583979675,-0.0065551828,,,,
13423,0.0,23.951189,385.075043,-152.353302,-0.7917788843,-0.610807761,0.0002781182,,,,
13424,0.0,18.490826,385.30545,-152.233948,-0.7652477613,-0.6436866252,0.0079619334,,,,
13425,0.0,16.5187835,385.420944,-152.185028,-0.7623445124,-0.6470993709,0.0085349128,,,,
13426,0.0,14.546741,385.536438,-152.136108,-0.7594412634,-0.6505121166,0.0091078922,,,,
13427,0.0,10.424465,385.838959,-152.304214,-0.7570040111,-0.6533323568,0.0100875527,,,,
13428,0.0,6.722553,386.27594,-152.423401,-0.7510953458,-0.6600572724,0.0134230638,,,,
13429,0.0,4.683727,386.54483,-152.527435,-0.7459304019,-0.6658307922,0.0160371953,,,,
13430,0.0,0.365237,387.002747,-152.678238,-0.7333994368,-0.6794449346,0.0219054111,,,,
13431,0.0,-4.929477,387.891541,-153.167496,-0.7121954675,-0.7012473645,0.0320897162,,,,
13432,0.0,-8.976807,388.386871,-153.46138,-0.6895012267,-0.7230739889,0.0418576752,,,,
13433,0.0,-12.078262,388.536774,-153.589462,-0.6584409896,-0.7507338284,0.0534245462,,,,
13434,0.0,-14.2404315,388.706421,-153.7645415,-0.6378557262,-0.7673068344,0.0602889458,,,,
13435,0.0,-16.402601,388.876068,-153.939621,-0.6172704627,-0.7838798404,0.0671533455,,,,
13436,0.0,-21.698896,388.84314,-154.144104,-0.5720058033,-0.8163806182,0.0795741623,,,,
13437,0.0,-25.855227,388.739014,-154.167786,-0.552404355,-0.8291708608,0.0855868695,,,,
13438,0.0,-29.25108,388.601532,-154.07869,-0.5499190064,-0.8307699154,0.0860838784,,,,
13439,0.0,-32.669331,388.427277,-153.830872,-0.5497695357,-0.8308688383,0.0860838611,,,,
13440,0.0,-34.208961,388.339417,-153.713638,-0.5497695357,-0.8308688383,0.0860838611,,,,
13441,0.0,-37.94323,388.046509,-153.47876,-0.5497392788,-0.8308228589,0.0867185239,,,,
13442,0.0,-41.526588,387.723053,-153.365341,-0.5497145208,-0.830785694,0.0872300192,,,,
13443,0.0,-45.979919,387.1633,-152.918167,-0.5497145208,-0.830785694,0.0872300192,,,,
13444,0.0,-47.579304,386.980957,-152.894943,-0.5497145208,-0.830785694,0.0872300192,,,,
13445,0.0,-52.033169,386.412415,-152.709885,-0.5497145208,-0.830785694,0.0872300192,,,,
13446,0.0,-55.748417,385.874573,-152.664673,-0.5497145208,-0.830785694,0.0872300192,,,,
13447,0.0,-57.957466,385.574768,-152.672623,-0.5497145208,-0.830785694,0.0872300192,,,,
13448,0.0,-61.81414,385.009705,-152.707947,-0.5497145208,-0.830785694,0.0872300192,,,,
13449,0.0,-66.086235,384.284271,-152.852753,-0.5497145208,-0.830785694,0.0872300192,,,,
13450,0.0,-67.57283,384.052277,-152.889908,-0.5497145208,-0.830785694,0.0872300192,,,,
13451,0.0,-71.534309,383.319336,-153.172729,-0.5497145208,-0.830785694,0.0872300192,,,,
13452,0.0,-75.187088,382.639832,-153.464401,-0.5497145208,-0.830785694,0.0872300192,,,,
13453,0.0,-76.889412,382.361877,-153.55986,-0.5497145208,-0.830785694,0.0872300192,,,,
13454,0.0,-81.309799,381.583832,-154.104767,-0.5497145208,-0.830785694,0.0872300192,,,,
13455,0.0,-82.910301,381.323853,-154.096893,-0.5497145208,-0.830785694,0.0872300192,,,,
13456,0.0,-87.03717,380.603302,-154.365326,-0.5497145208,-0.830785694,0.0872300192,,,,
13457,0.0,-90.472527,380.0513,-154.378113,-0.5497145208,-0.830785694,0.0872300192,,,,
13458,0.0,-92.247452,379.782349,-154.376938,-0.5497145208,-0.830785694,0.0872300192,,,,
13459,0.0,-96.712189,379.095581,-154.25,-0.5497145208,-0.830785694,0.0872300192,,,,
13460,0.0,-100.638489,378.375305,-153.909012,-0.5497145208,-0.830785694,0.0872300192,,,,
13461,0.0,-102.330276,377.964813,-153.610031,-0.5489805416,-0.8312259094,0.0876575865,,,,
13462,0.0,-106.470497,377.089081,-153.105698,-0.5449946231,-0.8337688723,0.088376062,,,,
13463,0.0,-110.429825,376.348267,-152.657883,-0.5382477993,-0.8380561475,0.0891695027,,,,
13464,0.0,-116.64225,375.499939,-145.954056,-0.523858149,-0.846842914,0.0918134996,,,,
13465,0.0,-118.677387,375.302643,-143.522652,-0.5182870922,-0.8501689886,0.0924589903,,,,
13466,0.0,-120.712524,375.105347,-141.091248,-0.5127160353,-0.8534950631,0.0931044811,,,,
13467,0.0,-124.686386,374.803436,-136.465881,-0.4946459796,-0.8638063511,0.0957284845,,,,
13468,0.0,-128.110321,374.571991,-132.483017,-0.4725670774,-0.8758191045,0.0980879893,,,,
13469,0.0,-131.342102,373.90094,-128.536774,-0.4486660129,-0.8881326677,0.0995950476,,,,
13470,0.0,-134.499908,373.295227,-124.810806,-0.4346942716,-0.8950278768,0.0998298053,,,,
13471,0.0,-139.701065,373.28775,-119.245186,-0.4277129314,-0.898385024,0.0998298401,,,,
13472,0.0,-143.575378,372.978333,-115.281769,-0.4245208679,-0.8998977957,0.0998298053,,,,
13473,0.0,-145.3861615,372.865143,-113.522499,-0.4219590918,-0.9010483324,0.1002713622,,,,
13474,0.0,-148.852066,372.556183,-110.31311,-0.417312797,-0.9030998286,0.1012952569,,,,
13475,0.0,-151.177231,372.21431,-108.3711165,-0.4161727836,-0.9035785378,0.1017071369,,,,
13476,0.0,-153.502396,371.872437,-106.429123,-0.4150327702,-0.9040572471,0.1021190169,,,,
13477,0.0,-159.045715,370.923889,-102.367523,-0.4150327702,-0.9040572471,0.1021190169,,,,
13478,0.0,-161.140213,370.5251615,-101.01078,-0.4150327702,-0.9040572471,0.1021190169,,,,
13479,0.0,-165.737061,369.647522,-98.32785,-0.4150327702,-0.9040572471,0.1021190169,,,,
13480,0.0,-168.553879,369.093872,-97.189819,-0.4150327702,-0.9040572471,0.1021190169,,,,
13481,0.0,-173.34874,368.197327,-95.624023,-0.4150327702,-0.9040572471,0.1021190169,,,,
13482,0.0,-175.278198,367.809601,-95.089859,-0.4150327702,-0.9040572471,0.1021190169,,,,
13483,0.0,-179.644775,367.006744,-94.17363,-0.4150327702,-0.9040572471,0.1021190169,,,,
13484,0.0,-183.721237,366.225037,-93.609116,-0.4150327702,-0.9040572471,0.1021190169,,,,
13485,0.0,-185.428757,365.889862,-93.449203,-0.4150327702,-0.9040572471,0.1021190169,,,,
13486,0.0,-189.676117,365.111084,-93.312103,-0.4150327702,-0.9040572471,0.1021190169,,,,
13487,0.0,-191.45813,364.735779,-93.326599,-0.4145356436,-0.9042550933,0.1023861631,,,,
13488,0.0,-196.968658,363.67804,-93.797699,-0.4091425945,-0.9064917309,0.1042836474,,,,
13489,0.0,-198.765854,363.314026,-94.054382,-0.4072934098,-0.9072520774,0.1049082764,,,,
13490,0.0,-203.340775,362.407745,-95.002884,-0.3977464229,-0.9112946012,0.1064891214,,,,
13491,0.0,-207.196045,361.640106,-96.082565,-0.3866324594,-0.916041129,0.1066957885,,,,
13492,0.0,-208.675919,361.323975,-96.571396,-0.3795008492,-0.9190185583,0.1066958058,,,,
13493,0.0,-212.732803,360.540283,-98.128357,-0.3642020745,-0.9252777317,0.1059149102,,,,
13494,0.0,-214.536987,360.155121,-98.887726,-0.3585329822,-0.9276190873,0.1047708428,,,,
13495,0.0,-219.153305,359.294373,-101.169662,-0.3455374573,-0.9329889737,0.1006749255,,,,
13496,0.0,-223.205872,358.551483,-103.537338,-0.3365346977,-0.9365801021,0.0977860398,,,,
13497,0.0,-225.063034,358.440369,-104.676651,-0.3294711271,-0.9393790749,0.0949511986,,,,
13498,0.0,-230.00177,358.187042,-107.927567,-0.2987588773,-0.9504755861,0.0856696769,,,,
13499,0.0,-231.832153,357.917603,-109.300568,-0.277442635,-0.9573445672,0.0807277145,,,,
13500,0.0,-236.313614,357.37149,-112.823273,-0.2351701076,-0.9692066449,0.0730308154,,,,
13501,0.0,-238.071259,357.223267,-114.275116,-0.2267258245,-0.9713235848,0.0715953501,,,,
13502,0.0,-243.457214,356.372284,-119.109039,-0.2188473293,-0.97324311,0.0700263905,,,,
13503,0.0,-245.361664,356.078583,-120.937531,-0.2187499968,-0.9732649914,0.0700263905,,,,
13504,0.0,-249.566223,355.358063,-125.196457,-0.219565739,-0.9730812869,0.0700263905,,,,
13505,0.0,-254.338745,352.942413,-131.457443,-0.2198695796,-0.9730126785,0.0700263905,,,,
13506,0.0,-256.794373,350.901184,-137.955002,-0.2198695796,-0.9730126785,0.0700263905,,,,
13507,0.0,-261.061493,349.518921,-145.872498,-0.2198695796,-0.9730126785,0.0700263905,,,,
13508,0.0,-262.714508,348.979492,-148.128159,-0.2198695796,-0.9730126785,0.0700263905,,,,
13509,0.0,-269.1427,346.754181,-149.286346,-0.2198695796,-0.9730126785,0.0700263905,,,,
13510,0.0,-271.072906,346.397369,-151.667908,-0.2201757422,-0.972943445,0.0700263905,,,,
13511,0.0,-275.7677,345.389496,-152.298737,-0.2209888715,-0.9727590777,0.0700263905,,,,
13512,0.0,-277.996185,344.741913,-152.298737,-0.2209888715,-0.9727590777,0.0700263905,,,,
13513,0.0,-281.537537,343.666779,-152.298737,-0.2209888715,-0.9727590777,0.0700263905,,,,
13514,0.0,-282.985138,343.153763,-152.298737,-0.2209888715,-0.9727590777,0.0700263905,,,,
13515,0.0,-284.432739,342.640747,-152.298737,-0.2209888715,-0.9727590777,0.0700263905,,,,
13516,0.0,-289.471802,340.717773,-152.298737,-0.2209888715,-0.9727590777,0.0700263905,,,,
13517,0.0,-290.973648,340.075195,-152.298737,-0.220994611,-0.9727846174,0.0696514814,,,,
13518,0.0,-293.974091,338.777466,-152.298721,-0.2205761236,-0.9731187363,0.0662276289,,,,
13519,0.0,-297.697083,337.034882,-152.298691,-0.215085041,-0.9755723255,0.0446885097,,,,
13520,0.0,-298.987823,336.406494,-152.298737,-0.2123326447,-0.9765406389,0.035822181,,,,
13521,0.0,-301.3532405,335.2456205,-152.298737,-0.2114184142,-0.976977904,0.0272327816,,,,
13522,0.0,-305.277374,333.30307,-152.298737,-0.2102697589,-0.9774996849,0.0167628929,,,,
13523,0.0,-308.939423,331.418579,-152.298737,-0.210272353,-0.9775117442,0.0160102335,,,,
13524,0.0,-310.384521,330.663208,-152.298706,-0.210272353,-0.9775117442,0.0160102335,,,,
13525,0.0,-314.496246,328.463104,-152.298737,-0.210272353,-0.9775117442,0.0160102335,,,,
13526,0.0,-316.1342925,327.567154,-152.298737,-0.210272353,-0.9775117442,0.0160102335,,,,
13527,0.0,-319.449921,325.7435,-152.298737,-0.210272353,-0.9775117442,0.0160102335,,,,
13528,0.0,-323.612366,323.402161,-152.298737,-0.2102692412,-0.9774966973,0.0169426363,,,,
13529,0.0,-325.286072,322.4465335,-152.298737,-0.2102687907,-0.9774948934,0.0170515988,,,,
13530,0.0,-328.664856,320.507538,-152.298737,-0.2102683402,-0.9774930896,0.0171605613,,,,
13531,0.0,-332.327759,318.392456,-152.298737,-0.2121164861,-0.9770585194,0.0190590108,,,,
13532,0.0,-335.608185,316.47876,-152.298737,-0.2135802196,-0.9767316692,0.0194611473,,,,
13533,0.0,-338.617554,314.697083,-152.298737,-0.2136318382,-0.9767203804,0.0194611473,,,,
13534,0.0,-339.877777,313.947174,-152.298737,-0.2136318382,-0.9767203804,0.0194611473,,,,
13535,0.0,-344.302032,311.297272,-152.298737,-0.2136269615,-0.9766986556,0.0205732227,,,,
13536,0.0,-347.170319,309.567352,-152.298737,-0.2136051569,-0.9765989655,0.0250459098,,,,
13537,0.0,-348.651855,308.648773,-152.298767,-0.2113898669,-0.9769166104,0.0307938395,,,,
13538,0.0,-351.934204,306.600281,-152.298752,-0.206083482,-0.977572847,0.0433696579,,,,
13539,0.0,-354.955231,304.693451,-152.298752,-0.2003625771,-0.9782534829,0.0536186623,,,,
13540,0.0,-356.552612,303.681549,-152.298752,-0.1974503462,-0.9786418746,0.0572140031,,,,
13541,0.0,-360.68396,301.058685,-152.298737,-0.191654022,-0.9795930894,0.0605484522,,,,
13542,0.0,-362.356171,299.986267,-152.298752,-0.1888662351,-0.9800675775,0.061620522,,,,
13543,0.0,-366.188629,297.502075,-152.298737,-0.1819279765,-0.9812826812,0.0631388231,,,,
13544,0.0,-369.271667,295.50882,-152.298737,-0.1787892506,-0.9818594059,0.0631388231,,,,
13545,0.0,-372.224884,293.562073,-152.298737,-0.1734675136,-0.9828135698,0.0631388057,,,,
13546,0.0,-373.630646,292.564728,-152.298721,-0.1700855465,-0.9834609667,0.0622529821,,,,
13547,0.0,-376.839264,289.851746,-152.298721,-0.1557207941,-0.9859743964,0.0600460151,,,,
13548,0.0,-379.769257,286.953735,-152.298737,-0.1410451837,-0.9882701573,0.0585521336,,,,
13549,0.0,-380.849884,285.831665,-152.298737,-0.1404370948,-0.9883900802,0.0579868237,,,,
13550,0.0,-383.462982,282.851501,-152.298737,-0.1407109443,-0.9884348334,0.056542111,,,,
13551,0.0,-386.571167,278.870087,-152.298737,-0.1459713353,-0.9878385414,0.0535479735,,,,
13552,0.0,-387.5861055,277.3576355,-152.298737,-0.1463432606,-0.987803522,0.0531749318,,,,
13553,0.0,-388.601044,275.845184,-152.298737,-0.1467151858,-0.9877685026,0.05280189,,,,
13554,0.0,-390.691406,272.370819,-152.298737,-0.1467151858,-0.9877685026,0.05280189,,,,
13555,0.0,-392.413208,269.230316,-152.298737,-0.1467151858,-0.9877685026,0.05280189,,,,
13556,0.0,-394.548126,264.960297,-152.298737,-0.1478515024,-0.9875990551,0.05280189,,,,
13557,0.0,-396.04892,261.647156,-152.298737,-0.1484797384,-0.9874703362,0.0534425148,,,,
13558,0.0,-396.8280795,259.568436,-152.298737,-0.1492798056,-0.9873355504,0.0536966254,,,,
13559,0.0,-397.996552,256.169159,-152.298737,-0.1505871327,-0.9870970305,0.0544331506,,,,
13560,0.0,-398.764435,252.58812,-152.298737,-0.1512340085,-0.9869197318,0.0558365263,,,,
13561,0.0,-399.185181,249.276077,-152.298737,-0.1512307666,-0.9868968507,0.0562482123,,,,
13562,0.0,-399.347443,246.294876,-152.298737,-0.1512228006,-0.9868456711,0.0571601781,,,,
13563,0.0,-399.3242645,244.7740325,-152.479065,-0.1502705772,-0.9869557005,0.057757452,,,,
13564,0.0,-399.050812,240.030365,-153.651001,-0.1467908315,-0.9873034581,0.0606987099,,,,
13565,0.0,-398.898224,238.673523,-154.104401,-0.1461854868,-0.9873557872,0.0613054063,,,,
13566,0.0,-398.315765,235.09819,-155.294159,-0.1447828093,-0.9875196742,0.0619905735,,,,
13567,0.0,-397.9029235,233.1985855,-155.7785185,-0.1445741848,-0.9875502162,0.0619905735,,,,
13568,0.0,-397.059113,229.611633,-156.375427,-0.1443655602,-0.9875807581,0.0619905735,,,,
13569,0.0,-395.949249,225.848862,-156.298737,-0.1443741753,-0.9876387296,0.0610396375,,,,
13570,0.0,-394.816071,222.482941,-156.298737,-0.1443757805,-0.9876506738,0.0608422593,,,,
13571,0.0,-394.37442,221.263321,-156.298737,-0.1443757805,-0.9876506738,0.0608422593,,,,
13572,0.0,-393.093781,217.973389,-156.298737,-0.1443757805,-0.9876506738,0.0608422593,,,,
13573,0.0,-391.551727,214.329987,-156.298737,-0.1443757805,-0.9876506738,0.0608422593,,,,
13574,0.0,-390.892883,212.838089,-156.298737,-0.1443757805,-0.9876506738,0.0608422593,,,,
13575,0.0,-388.911102,208.630402,-156.298737,-0.1443757805,-0.9876506738,0.0608422593,,,,
13576,0.0,-387.270844,205.334961,-156.298737,-0.1443757805,-0.9876506738,0.0608422593,,,,
13577,0.0,-386.457581,203.754013,-156.298737,-0.1443757805,-0.9876506738,0.0608422593,,,,
13578,0.0,-384.701508,200.442276,-155.78717,-0.1451190102,-0.9874947442,0.0616003495,,,,
13579,0.0,-382.704956,196.795883,-154.528778,-0.1476270051,-0.9870984936,0.0619905735,,,,
13580,0.0,-381.964233,195.473877,-154.087006,-0.1482246387,-0.9870089287,0.0619905735,,,,
13581,0.0,-379.358826,190.936554,-152.568695,-0.1522676785,-0.9863932891,0.0619905909,,,,
13582,0.0,-378.700806,189.808243,-152.355621,-0.1536098993,-0.9861575006,0.062429022,,,,
13583,0.0,-376.48996,186.088623,-152.281311,-0.1580307052,-0.9853627617,0.0639259265,,,,
13584,0.0,-374.540009,182.868973,-152.298737,-0.161858732,-0.9846561308,0.0652231172,,,,
13585,0.0,-373.625214,181.372101,-152.298737,-0.16364525,-0.9843467329,0.0654350178,,,,
13586,0.0,-371.128937,177.344742,-152.298737,-0.1684636887,-0.9834748309,0.0663117081,,,,
13587,0.0,-369.312195,174.447128,-152.298737,-0.1719432424,-0.9828541214,0.0665830121,,,,
13588,0.0,-367.37677,171.361038,-152.298737,-0.178694115,-0.9816491816,0.0665830121,,,,
13589,0.0,-366.480347,169.934448,-152.298737,-0.1821473933,-0.9810142862,0.0665830121,,,,
13590,0.0,-364.190765,166.324066,-152.298737,-0.189319779,-0.9796554119,0.0665829946,,,,
13591,0.0,-362.26001,163.285339,-152.298737,-0.1959745261,-0.9783458937,0.0665830121,,,,
13592,0.0,-359.455475,158.851898,-152.298737,-0.2091016657,-0.9756245158,0.0665830121,,,,
13593,0.0,-357.27298,155.388626,-152.298737,-0.2202879033,-0.9731597734,0.0665829946,,,,
13594,0.0,-356.2805635,153.823265,-152.298737,-0.2234197953,-0.9723814844,0.0674293202,,,,
13595,0.0,-354.294098,150.696228,-152.298737,-0.2283658452,-0.9711119057,0.0692149361,,,,
13596,0.0,-351.910278,146.951019,-152.298737,-0.23061317,-0.9704708614,0.0707380594,,,,
13597,0.0,-350.9096985,145.37545,-152.298737,-0.2312316258,-0.9703075389,0.0709560325,,,,
13598,0.0,-349.050568,142.447998,-152.298706,-0.2321465539,-0.970073316,0.0711740057,,,,
13599,0.0,-347.742554,140.2500765,-152.2987215,-0.2321393736,-0.9700433114,0.0716037692,,,,
13600,0.0,-346.43454,138.052155,-152.298737,-0.2321321932,-0.9700133067,0.0720335326,,,,
13601,0.0,-344.033295,132.921295,-152.298737,-0.2321273427,-0.9699930379,0.0723215268,,,,
13602,0.0,-342.720886,129.358429,-152.298737,-0.2321273427,-0.9699930379,0.0723215268,,,,
13603,0.0,-342.136261,127.42799,-152.298737,-0.2321273427,-0.9699930379,0.0723215268,,,,
13604,0.0,-341.113312,123.804924,-152.298737,-0.2321273427,-0.9699930379,0.0723215268,,,,
13605,0.0,-340.297607,120.016785,-152.298737,-0.2321273427,-0.9699930379,0.0723215268,,,,
13606,0.0,-339.981308,118.1393395,-152.298737,-0.2321273427,-0.9699930379,0.0723215268,,,,
13607,0.0,-339.464539,114.552216,-152.298737,-0.2321273427,-0.9699930379,0.0723215268,,,,
13608,0.0,-339.329376,110.46386,-152.298737,-0.2321273427,-0.9699930379,0.0723215268,,,,
13609,0.0,-339.446457,108.7712445,-152.298737,-0.2321273427,-0.9699930379,0.0723215268,,,,
13610,0.0,-339.768158,105.596413,-152.298737,-0.2321273427,-0.9699930379,0.0723215268,,,,
13611,0.0,-340.496094,102.212875,-152.298737,-0.2321273427,-0.9699930379,0.0723215268,,,,
13612,0.0,-341.501526,98.939964,-152.298737,-0.2321273427,-0.9699930379,0.0723215268,,,,
13613,0.0,-341.965057,97.666855,-152.298737,-0.2321273427,-0.9699930379,0.0723215268,,,,
13614,0.0,-343.479004,94.254623,-152.298737,-0.2321273427,-0.9699930379,0.0723215268,,,,
13615,0.0,-344.973663,91.418457,-152.298737,-0.2321273427,-0.9699930379,0.0723215268,,,,
13616,0.0,-345.730042,90.103439,-152.298737,-0.2321273427,-0.9699930379,0.0723215268,,,,
13617,0.0,-347.506989,87.332787,-152.298737,-0.2321273427,-0.9699930379,0.0723215268,,,,
13618,0.0,-349.503754,84.536629,-152.298737,-0.2321415041,-0.970051616,0.0714855542,,,,
13619,0.0,-350.423309,83.315453,-152.298737,-0.2321465539,-0.970073316,0.0711740057,,,,
13620,0.0,-352.905823,80.283455,-152.298737,-0.2321465539,-0.970073316,0.0711740057,,,,
13621,0.0,-355.274658,77.607216,-152.298737,-0.2321609995,-0.9701336802,0.0702987395,,,,
13622,0.0,-356.459106,76.321854,-152.298737,-0.2321654578,-0.9701523101,0.0700263905,,,,
13623,0.0,-359.973938,72.732933,-152.298737,-0.2311459584,-0.9707088673,0.065542665,,,,
13624,0.0,-361.075165,71.640701,-152.298721,-0.2295456896,-0.9712052199,0.0637902603,,,,
13625,0.0,-364.13736,68.732941,-152.298737,-0.2259806266,-0.9722175255,0.061039655,,,,
13626,0.0,-366.707001,66.395752,-152.298737,-0.2235397451,-0.972859998,0.0597779785,,,,
13627,0.0,-367.800262,65.427551,-152.298737,-0.2229450469,-0.973001618,0.0596938645,,,,
13628,0.0,-370.718719,62.926682,-152.298737,-0.2222662688,-0.9731977383,0.0590242998,,,,
13629,0.0,-374.075317,60.13773,-152.298737,-0.221231282,-0.973462458,0.0585453908,,,,
13630,0.0,-375.207916,59.211788,-152.298737,-0.2207283108,-0.9735766277,0.0585453908,,,,
13631,0.0,-378.849731,56.283676,-152.298737,-0.217327427,-0.9743414323,0.0585453908,,,,
13632,0.0,-381.512085,54.144592,-152.298737,-0.2110095056,-0.9757867741,0.0575774263,,,,
13633,0.0,-384.402771,51.813446,-152.298737,-0.2001520318,-0.9780821882,0.0573968395,,,,
13634,0.0,-388.24054,48.794563,-152.298737,-0.1888510876,-0.9803269197,0.0573968395,,,,
13635,0.0,-389.767487,47.6230925,-152.298737,-0.1859201386,-0.9808824628,0.0573968395,,,,
13636,0.0,-391.294434,46.451622,-152.298737,-0.1829891895,-0.9814380058,0.0573968395,,,,
13637,0.0,-396.423248,42.525921,-152.298737,-0.1709190903,-0.9836118479,0.0573968395,,,,
13638,0.0,-398.0144805,41.3137475,-152.298737,-0.1671144714,-0.9842578234,0.0573968482,,,,
13639,0.0,-399.605713,40.101574,-152.298737,-0.1633098524,-0.9849037988,0.0573968569,,,,
13640,0.0,-404.090088,36.700527,-152.298737,-0.1534294154,-0.9864637429,0.0578679398,,,,
13641,0.0,-407.322815,34.235352,-152.298737,-0.1450608796,-0.9876459635,0.0592688105,,,,
13642,0.0,-409.966522,32.225685,-152.298737,-0.1392700308,-0.9884535907,0.0596938645,,,,
13643,0.0,-411.565109,31.020458,-152.298737,-0.1370061853,-0.9887093813,0.0606381269,,,,
13644,0.0,-415.810883,27.806932,-152.298737,-0.1304154789,-0.9895195661,0.0619905735,,,,
13645,0.0,-418.624847,25.683859,-152.298737,-0.1275999875,-0.9898865652,0.0619905735,,,,
13646,0.0,-418.9948626667,25.4057426667,-152.298737,-0.1273930782,-0.9899131706,0.0619905735,,,,
13647,0.0,-419.3648783333,25.1276263333,-152.298737,-0.1271861689,-0.9899397761,0.0619905735,,,,
13648,0.0,-419.734894,24.84951,-152.298737,-0.1269792596,-0.9899663815,0.0619905735,,,,
13649,0.0,-419.734894,24.84951,-152.298737,-0.1192993603,-0.9906997129,0.0654350178,,,,
13650,0.0,-427.878998,18.705235,-152.298737,-0.1235030416,-0.9903097207,0.0635110688,,,,
13651,0.0,-430.944946,16.377308,-152.298737,-0.1181594953,-0.9908363094,0.0654350178,,,,
13652,0.0,-437.344269,11.494028,-152.298737,-0.1194474753,-0.990691629,0.0652870342,,,,
13653,0.0,-440.27832,9.25639,-152.298737,-0.1192993603,-0.9906997129,0.0654350178,,,,
13654,0.0,-441.756622,8.127335,-152.298737,-0.1192993603,-0.9906997129,0.0654350178,,,,
13655,0.0,-444.507904,6.022096,-152.298737,-0.1192993603,-0.9906997129,0.0654350178,,,,
13656,0.0,-447.329346,3.850766,-152.298737,-0.1185980431,-0.990783912,0.0654350352,,,,
13657,0.0,-449.95816,1.826227,-152.298737,-0.1181594953,-0.9908363094,0.0654350178,,,,
13658,0.0,-453.038177,-0.545859,-152.298737,-0.1181594953,-0.9908363094,0.0654350178,,,,
13659,0.0,-455.687439,-2.590009,-152.298737,-0.1181594953,-0.9908363094,0.0654350178,,,,
13660,0.0,-458.594727,-4.836894,-152.298737,-0.1181594953,-0.9908363094,0.0654350178,,,,
13661,0.0,-461.48468,-7.07393,-152.298737,-0.1181594953,-0.9908363094,0.0654350178,,,,
13662,0.0,-462.672424,-7.994163,-152.298737,-0.1181594953,-0.9908363094,0.0654350178,,,,
13663,0.0,-465.782471,-10.533479,-152.298737,-0.1181594953,-0.9908363094,0.0654350178,,,,
13664,0.0,-468.4133,-13.042399,-152.298737,-0.1181594953,-0.9908363094,0.0654350178,,,,
13665,0.0,-470.779755,-15.595182,-152.298737,-0.1181524479,-0.9907772128,0.0663363676,,,,
13666,0.0,-473.095123,-18.400848,-152.298737,-0.1181505027,-0.9907609013,0.0665829946,,,,
13667,0.0,-474.160431,-19.799404,-152.298737,-0.1181505027,-0.9907609013,0.0665829946,,,,
13668,0.0,-476.371002,-22.997309,-152.298737,-0.1181505027,-0.9907609013,0.0665829946,,,,
13669,0.0,-478.735565,-27.275166,-152.298737,-0.1181505027,-0.9907609013,0.0665829946,,,,
13670,0.0,-479.4121855,-29.0892535,-152.298737,-0.1181505027,-0.9907609013,0.0665829946,,,,
13671,0.0,-480.088806,-30.903341,-152.298737,-0.1181505027,-0.9907609013,0.0665829946,,,,
13672,0.0,-481.151642,-35.370792,-152.298737,-0.1181505027,-0.9907609013,0.0665829946,,,,
13673,0.0,-481.334259,-37.100153,-152.298737,-0.1181505027,-0.9907609013,0.0665829946,,,,
13674,0.0,-481.516876,-38.829514,-152.298737,-0.1181505027,-0.9907609013,0.0665829946,,,,
13675,0.0,-481.514008,-43.672997,-152.298737,-0.1181505027,-0.9907609013,0.0665829946,,,,
13676,0.0,-481.3298035,-45.434622,-152.298737,-0.1181505027,-0.9907609013,0.0665829946,,,,
13677,0.0,-481.145599,-47.196247,-152.298737,-0.1181505027,-0.9907609013,0.0665829946,,,,
13678,0.0,-480.587494,-50.448715,-152.298737,-0.1181505027,-0.9907609013,0.0665829946,,,,
13679,0.0,-480.172241,-52.351318,-152.298737,-0.1181505027,-0.9907609013,0.0665829946,,,,
13680,0.0,-479.614258,-54.555706,-152.298737,-0.1181505027,-0.9907609013,0.0665829946,,,,
13681,0.0,-477.96283,-59.812916,-152.298737,-0.1181505027,-0.9907609013,0.0665829946,,,,
13682,0.0,-477.077408,-62.1221945,-152.298737,-0.1181505027,-0.9907609013,0.0665829946,,,,
13683,0.0,-475.535278,-65.996399,-152.298737,-0.1181505027,-0.9907609013,0.0665829946,,,,
13684,0.0,-474.710861,-67.832287,-152.298737,-0.1181505027,-0.9907609013,0.0665829946,,,,
13685,0.0,-473.081207,-71.36837,-152.298737,-0.1181505027,-0.9907609013,0.0665829946,,,,
13686,0.0,-472.046875,-73.4264985,-152.298737,-0.1181505027,-0.9907609013,0.0665829946,,,,
13687,0.0,-470.205414,-77.01815,-152.298737,-0.1181505027,-0.9907609013,0.0665829946,,,,
13688,0.0,-469.1892245,-78.8757705,-152.298737,-0.1181505027,-0.9907609013,0.0665829946,,,,
13689,0.0,-467.470825,-81.985085,-152.298737,-0.1181505027,-0.9907609013,0.0665829946,,,,
13690,0.0,-465.301758,-85.713387,-152.298737,-0.1181505027,-0.9907609013,0.0665829946,,,,
13691,0.0,-463.45874,-89.143242,-152.298737,-0.1181505027,-0.9907609013,0.0665829946,,,,
13692,0.0,-462.7391355,-90.7095225,-152.298737,-0.1181505027,-0.9907609013,0.0665829946,,,,
13693,0.0,-461.284454,-94.076859,-152.298737,-0.1181505027,-0.9907609013,0.0665829946,,,,
13694,0.0,-460.5446015,-96.1363835,-152.298737,-0.1181505027,-0.9907609013,0.0665829946,,,,
13695,0.0,-459.188721,-100.17588,-152.298737,-0.1181505027,-0.9907609013,0.0665829946,,,,
13696,0.0,-458.508392,-102.530838,-152.298737,-0.1172103013,-0.9908089986,0.0675223935,,,,
13697,0.0,-457.915115,-104.868004,-152.298737,-0.1129060646,-0.9911792686,0.069240611,,,,
13698,0.0,-456.820404,-109.179024,-152.298767,-0.0975976195,-0.9924561155,0.0741994848,,,,
13699,0.0,-456.103668,-112.200737,-152.298767,-0.0792220055,-0.9937157906,0.0790746573,,,,
13700,0.0,-455.5718995,-114.659893,-152.298752,-0.0626764348,-0.9944188832,0.0831383506,,,,
13701,0.0,-454.542725,-119.085365,-152.298782,-0.0334082421,-0.9953147578,0.090732697,,,,
13702,0.0,-453.740265,-121.801315,-152.298782,-0.0134290081,-0.9953218417,0.0956770251,,,,
13703,0.0,-452.031647,-125.885651,-152.298767,0.0307275192,-0.994239025,0.1026868087,,,,
13704,0.0,-451.34491,-127.101921,-152.298767,0.0519782991,-0.9932551774,0.1036455932,,,,
13705,0.0,-448.747833,-130.514404,-152.298737,0.127464068,-0.9863325738,0.1044076877,,,,
13706,0.0,-448.03595,-131.346466,-152.298752,0.1491748973,-0.9832408998,0.1048054531,,,,
13707,0.0,-447.011353,-131.829803,-152.298737,0.2025719665,-0.9735622283,0.1055518166,,,,
13708,0.0,-446.52533,-132.053101,-152.298737,0.2158948279,-0.970694717,0.105551834,,,,
13709,0.0,-445.238373,-132.492325,-152.298737,0.2293561234,-0.9676024921,0.1055518166,,,,
13710,0.0,-444.70401,-132.615692,-152.298737,0.229860127,-0.9674828867,0.1055518166,,,,
13711,0.0,-443.378174,-132.487717,-152.298737,0.229071403,-0.9678546429,0.1038445112,,,,
13712,0.0,-442.819458,-132.340118,-152.298737,0.2276503394,-0.9682520257,0.103263438,,,,
13713,0.0,-441.724731,-131.932495,-152.298737,0.2215266561,-0.969671391,0.1032634207,,,,
13714,0.0,-441.406982,-131.796234,-152.298737,0.2194658006,-0.9701398996,0.103263438,,,,
13715,0.0,-439.367249,-126.248253,-152.128983,0.2169470984,-0.9706682608,0.1036199014,,,,
13716,0.0,-438.219666,-125.950226,-152.227341,0.215391149,-0.9709303207,0.1044076877,,,,
13717,0.0,-437.840424,-125.711372,-152.221497,0.2143503928,-0.9711606169,0.1044076877,,,,
13718,0.0,-437.257843,-124.828438,-152.15593,0.2068063184,-0.9727950357,0.1044076877,,,,
13719,0.0,-437.136047,-124.567169,-152.126343,0.2006726001,-0.9739637327,0.10547585,,,,
13720,0.0,-437.087524,-123.641441,-151.992599,0.1809748359,-0.9773439522,0.1097584073,,,,
13721,0.0,-436.629883,-123.754265,-151.949112,0.1761867567,-0.9780722365,0.111053712,,,,
13722,0.0,-437.785492,-122.211189,-152.004837,0.1636883003,-0.979956666,0.1135388616,,,,
13918,0.0,-666.56543,509.5,-156.130402,1.0,0.0,0.0,0.0002436297,48.454684209,2195.2406367546,0.0
13919,0.0,-672.722168,509.5,-156.100967,1.0,0.0,0.0,0.0002394384,48.0991915441,2198.1225058956,0.0
13920,0.0,-674.74353,509.426666,-156.111511,0.9884916885,-0.1512549221,0.002475939,0.0150107954,378.5390059222,2192.9549474076,0.0
13921,0.0,-672.945312,504.509674,-156.09729,0.583923934,-0.8115671003,0.0197909335,,,,
13922,0.0,-674.704132,503.421173,-156.113846,0.1913835796,-0.8952189963,0.0282511752,,,,
13923,0.0,-672.773987,506.204285,-155.171219,0.012170729,-0.9993778936,0.0331013471,0.0212432999,213.4806568039,1041.2411928465,6.0
13924,0.0,-674.411377,507.909119,-155.6424945,0.5017034396,-0.565731208,0.0176199312,0.0165194615,273.5926882054,1610.1561264111,3.0
13925,0.0,-675.641052,509.499756,-156.130402,0.999999924,0.0003897669,0.0,0.0002209341,45.7583456002,2176.9474532402,0.0
13926,0.0,-675.6748045,509.499115,-156.130402,0.999998844,0.0012522119,0.0,0.0002045025,43.9366820137,2174.2779933298,0.0
13927,0.0,-675.708557,509.498474,-156.130402,0.9999977641,0.0021146568,0.0,0.000188071,42.1150184271,2171.6085334194,0.0
13928,0.0,-675.714661,509.497345,-156.130402,0.9999925638,0.0037094773,0.001054615,0.0001596584,38.7169478947,2166.7437526704,0.0
13929,0.0,-675.704895,509.497101,-156.130402,0.9999909277,0.0041077666,0.001054615,0.0001546056,38.0503473048,2164.2007617794,0.0
13930,0.0,-675.623474,509.496979,-156.130402,0.9999879596,0.0047925484,0.001054615,0.0001464473,36.9640906514,2159.9326634343,0.0
13931,0.0,-675.664734,509.494415,-156.130402,0.999960526,0.0084034345,0.0028859503,9.82479e-05,30.2028418057,2154.6748863977,0.0
13932,0.0,-675.669037,509.4932705,-156.130402,0.9999450354,0.0098948174,0.0031207657,8.24482e-05,27.5168802745,2152.7131633227,0.0
13933,0.0,-675.651245,509.491852,-156.130402,0.9999175718,0.0121635822,0.0041105704,6.30116e-05,24.1195871154,2148.5793265154,0.0
13934,0.0,-675.650574,509.490875,-156.130402,0.9998924442,0.0135834989,0.0055306933,5.91608e-05,23.3283769015,2144.6620387137,0.0
13935,0.0,-675.578125,509.491791,-156.130402,0.9998900234,0.0137092964,0.0056565296,6.02224e-05,23.5215182225,2143.2755918077,0.0
13936,0.0,-675.612305,509.491302,-156.130402,0.9998900234,0.0137092964,0.0056565296,6.59114e-05,24.5624526679,2139.3589127687,0.0
13937,0.0,-675.669006,509.490509,-156.130402,0.9998900234,0.0137092964,0.0056565296,7.28307e-05,25.768995293,2135.1736355797,0.0
13938,0.0,-675.596436,509.491547,-156.130402,0.9998900234,0.0137092964,0.0056565296,7.57186e-05,26.2565280452,2133.6799710562,0.0
13939,0.0,-675.635376,509.490997,-156.130402,0.9998840247,0.0137092142,0.0066328483,8.8641e-05,28.3544821349,2129.6052812575,0.0
13940,0.0,-675.612305,509.491302,-156.130402,0.9998828545,0.0137091981,0.0068069933,9.25659e-05,28.9524465778,2127.918160793,0.0
13941,0.0,-675.704102,509.489624,-156.130402,0.9998720416,0.0143270261,0.007115944,0.0071148531,239.7135926163,2013.1148765617,7.0
13942,0.0,-675.764832,509.486633,-156.130402,0.9998217009,0.0169083238,0.0084068378,0.0068293655,234.8820465782,2013.2022420671,7.0
13943,0.0,-675.674377,509.48703,-156.130402,0.9997854161,0.0185471047,0.0092264126,0.0066492531,231.7707636042,2013.169570015,7.0
13944,0.0,-675.739563,509.484772,-156.130402,0.9997561449,0.0197702234,0.0098381401,0.0065485959,229.999171516,2013.0258452158,7.0
13945,0.0,-675.636536,509.486237,-156.130402,0.9997349557,0.0206103179,0.0102583244,0.0064478679,228.2510057447,2013.2181469901,7.0
13946,0.0,-675.614868,509.486725,-156.130402,0.9997349557,0.0206103179,0.0102583244,0.0064397547,228.1170587308,2013.2996565738,7.0
13947,0.0,-675.616394,509.485382,-156.130402,0.9996854099,0.0224521507,0.0111795434,0.0062326442,224.4661578811,2013.6197659807,7.0
13948,0.0,-675.552124,509.485687,-156.130417,0.9996326991,0.024314092,0.0119704562,0.0060338724,220.8719785084,2013.6485413954,7.0
13949,0.0,-675.58136,509.480896,-156.130417,0.9994310477,0.0304812554,0.0144386246,0.0054137287,209.2655038213,2013.8308439743,7.0
13950,0.0,-675.567505,509.480255,-156.130417,0.9993689475,0.032148376,0.0151059133,0.0052496851,206.0817813854,2013.8573415977,7.0
13951,0.0,-675.589661,509.477966,-156.130402,0.9992796391,0.0344074898,0.0160102335,0.0050230722,201.6058818652,2013.9540043201,7.0
13952,0.0,-675.551025,509.479248,-156.130402,0.9992796391,0.0344074898,0.0160102335,0.0050696471,202.5006526772,2013.6022765638,7.0
13953,0.0,-675.644043,509.476013,-156.130402,0.9992754161,0.0344073444,0.0162719813,0.0050621831,202.3706302257,2013.7886006094,7.0
13954,0.0,-675.529419,509.476868,-156.130417,0.9990389611,0.0393041793,0.0193993743,0.0046466426,193.9025726408,2013.7429209317,7.0
13955,0.0,-675.5304565,509.47287,-156.1304625,0.9986594871,0.0451794128,0.0241083522,0.0042677886,185.6641232469,2013.7539840277,7.0
13956,0.0,-675.531494,509.468872,-156.130508,0.9982800131,0.0510546463,0.0288173301,0.0038889345,177.4256738529,2013.7650471238,7.0
13957,0.0,-675.357788,509.446777,-156.134888,0.9935513443,0.1028102127,0.0478098975,0.0018583419,122.7005735388,2013.5881274821,7.0
13958,0.0,-675.239075,509.436707,-156.134628,0.9885180907,0.1388039336,0.0597114086,0.0021674009,132.4965363143,2013.5172418808,7.0
13959,0.0,-674.731995,509.438507,-156.131348,0.9493209322,0.2998303752,0.0942948239,0.0200141698,400.746523996,2013.1212465442,7.0
13960,0.0,-674.373962,509.492737,-156.135681,0.9071515048,0.406534624,0.1086542536,0.0476732119,613.9418791208,2012.39762575,7.0
13961,0.0,-673.478699,509.823975,-156.131546,0.7288490806,0.6691225581,0.1451000344,,,,
13962,0.0,-673.16748,510.036926,-156.143433,0.6501052997,0.7433805756,0.1573163026,,,,
13963,0.0,-672.514771,510.684174,-156.133301,0.3873860267,0.9016286477,0.1923482465,,,,
13964,0.0,-672.394897,510.87973,-156.131561,0.3321264435,0.9219240835,0.199369029,,,,
13965,0.0,-672.201843,511.217316,-156.130417,0.1977626974,0.9560012321,0.2166830858,,,,
13966,0.0,-672.137268,511.330688,-156.130707,0.1384308993,0.9626227307,0.2327968309,,,,
13967,0.0,-672.123108,511.3746185,-156.130562,0.1274293002,0.9620795546,0.2407893146,,,,
13968,0.0,-672.098389,511.500305,-156.130402,0.1152885148,0.9612743429,0.2503201869,,,,
13969,0.0,-672.098389,511.500305,-156.130402,0.1152885148,0.9612743429,0.2503201869,,,,
13970,0.0,-672.101807,511.472137,-156.130402,0.1152885148,0.9612743429,0.2503201869,,,,
13971,0.0,-672.101013,511.478058,-156.130402,0.1152885148,0.9612743429,0.2503201869,,,,
13972,0.0,-672.104248,511.450958,-156.130402,0.1152885148,0.9612743429,0.2503201869,,,,
13973,0.0,-672.09729,511.508972,-156.130402,0.1152885148,0.9612743429,0.2503201869,,,,
13974,0.0,-672.104736,511.446899,-156.130402,0.1152885148,0.9612743429,0.2503201869,,,,
13975,0.0,-672.105957,511.4370115,-156.130402,0.1152885148,0.9612743429,0.2503201869,,,,
13976,0.0,-672.101562,511.473755,-156.130402,0.1152885148,0.9612743429,0.2503201869,,,,
13977,0.0,-672.101746,511.472351,-156.130402,0.1152885148,0.9612743429,0.2503201869,,,,
13978,0.0,-672.094971,511.528473,-156.130371,0.1152885148,0.9612743429,0.2503201869,,,,
13979,0.0,-672.103394,511.458588,-156.130402,0.1152885148,0.9612743429,0.2503201869,,,,
13980,0.0,-672.107056,511.427704,-156.130402,0.1152885148,0.9612743429,0.2503201869,,,,
13981,0.0,-672.093933,511.532715,-156.130386,0.1144890932,0.9618147195,0.2486054966,,,,
13982,0.0,-672.052002,511.610138,-156.130051,0.0636026662,0.9684508488,0.24095156,,,,
13983,0.0,-671.958679,511.993317,-156.130386,-0.065851457,0.9690125435,0.2380719977,,,,
13984,0.0,-671.936951,512.393616,-156.128464,-0.1659477915,0.9579124929,0.2342327612,,,,
13985,0.0,-672.073914,513.420105,-156.129562,-0.4796791733,0.8482147896,0.2245875362,,,,
13986,0.0,-672.718445,514.478882,-156.129944,-0.7198763851,0.6581143661,0.2205979859,,,,
13987,0.0,-673.019836,514.779785,-156.130157,-0.8047148926,0.5515308542,0.2196534965,,,,
13988,0.0,-673.857239,515.297546,-156.130402,-0.9411101855,0.2575796225,0.2190076636,,,,
13989,0.0,-674.139771,515.395569,-156.13028,-0.9614600734,0.1667302404,0.2186219435,,,,
13990,0.0,-674.616089,515.493713,-156.130096,-0.9762897363,0.0170911416,0.2157921305,,,,
13991,0.0,-674.859192,515.510559,-156.130386,-0.9757352346,-0.0481038528,0.2136042398,,,,
13992,0.0,-675.099365,515.499329,-156.130402,-0.9754936637,-0.057621719,0.2123484155,,,,
13993,0.0,-675.237061,515.49115,-156.130402,-0.9754968846,-0.0578659213,0.2122671977,,,,
13994,0.0,-675.583984,515.469604,-156.130402,-0.9753462654,-0.0603514048,0.2122672147,,,,
13995,0.0,-675.763672,515.448914,-156.130402,-0.9741555236,-0.0772247829,0.2122671636,,,,
13996,0.0,-675.861938,515.425293,-156.130417,-0.9715221662,-0.103248881,0.2132706007,,,,
13997,0.0,-675.859741,515.399475,-156.130447,-0.9641650343,-0.1571067497,0.213783198,,,,
13998,0.0,-675.845337,515.394867,-156.1304245,-0.9597162255,-0.1803465435,0.2141491929,,,,
13999,0.0,-675.830933,515.390259,-156.130402,-0.9552674167,-0.2035863373,0.2145151878,,,,
14000,0.0,-675.719421,515.416809,-156.130402,-0.9345699472,-0.2838349344,0.2145151366,,,,
14001,0.0,-675.756165,515.426086,-156.130402,-0.9090458632,-0.3572378303,0.2145151537,,,,
14002,0.0,-675.9059145,515.3765255,-156.130402,-0.8909173248,-0.3978351146,0.2145151707,,,,
14003,0.0,-676.055664,515.326965,-156.130402,-0.8727887865,-0.438432399,0.2145151878,,,,
14004,0.0,-676.282532,515.230103,-156.130402,-0.8359861869,-0.5050844994,0.2145151366,,,,
14005,0.0,-676.641846,515.034973,-156.129944,-0.7545769682,-0.6234244994,0.2048303999,,,,
14006,0.0,-676.7189945,514.977905,-156.1301425,-0.7404950566,-0.64069707,0.2016622337,,,,
14007,0.0,-676.796143,514.920837,-156.130341,-0.726413145,-0.6579696406,0.1984940675,,,,
14008,0.0,-677.122375,514.624268,-156.130402,-0.7230463362,-0.6619267082,0.1976285117,,,,
14009,0.0,-677.388123,514.381104,-156.130402,-0.7230463362,-0.6619267082,0.1976285117,,,,
14010,0.0,-677.59259,514.193909,-156.130402,-0.7230463362,-0.6619267082,0.1976285117,,,,
14011,0.0,-677.823364,513.982544,-156.130402,-0.7230463362,-0.6619267082,0.1976285117,,,,
14012,0.0,-677.9346615,513.880707,-156.130402,-0.7230463362,-0.6619267082,0.1976285117,,,,
14013,0.0,-678.136902,513.695557,-156.130402,-0.7230463362,-0.6619267082,0.1976285117,,,,
14014,0.0,-678.389893,513.463928,-156.130402,-0.7230463362,-0.6619267082,0.1976285117,,,,
14015,0.0,-678.61438,513.258484,-156.130402,-0.7230463362,-0.6619267082,0.1976285117,,,,
14016,0.0,-678.743896,513.139893,-156.130402,-0.7230463362,-0.6619267082,0.1976285117,,,,
14017,0.0,-678.97467,512.928589,-156.130402,-0.7230463362,-0.6619267082,0.1976285117,,,,
14018,0.0,-679.104248,512.810059,-156.130402,-0.7230463362,-0.6619267082,0.1976285117,,,,
14019,0.0,-679.104248,512.810059,-156.130402,-0.7230463362,-0.6619267082,0.1976285117,,,,
14020,0.0,-679.104248,512.810059,-156.130402,-0.7230463362,-0.6619267082,0.1976285117,,,,
14021,0.0,-679.303711,512.627441,-156.130402,-0.7230463362,-0.6619267082,0.1976285117,,,,
14022,0.0,-679.514771,512.434204,-156.130402,-0.7230463362,-0.6619267082,0.1976285117,,,,
14023,0.0,-679.666504,512.264893,-156.130371,-0.7207992333,-0.6681706095,0.1843814032,,,,
14024,0.0,-679.582642,512.224365,-156.130127,-0.7045750201,-0.6862437292,0.1806753587,,,,
14025,0.0,-678.854187,512.814392,-156.075806,-0.589768202,-0.7888335609,0.1729597676,,,,
14026,0.0,-678.740906,513.033936,-156.059067,-0.5570981641,-0.8125441367,0.171504115,,,,
14027,0.0,-679.137695,513.733948,-156.035187,-0.3908789612,-0.9053572259,0.1659576188,,,,
14028,0.0,-679.464844,513.523987,-156.046661,-0.3549189397,-0.9200500469,0.1659531783,,,,
14029,0.0,-680.544678,512.758972,-156.124771,-0.26057699,-0.9511860139,0.1653626296,,,,
14030,0.0,-681.630188,512.031982,-156.240387,-0.2135724035,-0.9629235033,0.1648185528,,,,
14031,0.0,-682.885803,511.265259,-156.309845,-0.2011831926,-0.9655879936,0.1648185356,,,,
14032,0.0,-684.205505,510.466003,-156.298737,-0.2007620916,-0.9656756325,0.1648185528,,,,
14033,0.0,-685.752136,509.512726,-156.298737,-0.202280135,-0.9656134235,0.163320125,,,,
14034,0.0,-687.31366,508.556305,-156.298737,-0.2037717627,-0.9654299675,0.1625485974,,,,
14035,0.0,-689.269104,507.413635,-156.298737,-0.2041718125,-0.9653454402,0.1625486146,,,,
14036,0.0,-691.166321,506.282867,-156.298737,-0.2041718125,-0.9653454402,0.1625486146,,,,
14037,0.0,-693.101807,505.108582,-156.298737,-0.2041718125,-0.9653454402,0.1625486146,,,,
14038,0.0,-695.133972,503.856628,-156.298737,-0.2041718125,-0.9653454402,0.1625486146,,,,
14039,0.0,-698.455078,501.781342,-156.298737,-0.2041718125,-0.9653454402,0.1625486146,,,,
14040,0.0,-700.1480405,500.7066345,-156.298737,-0.2041718125,-0.9653454402,0.1625486146,,,,
14041,0.0,-701.841003,499.631927,-156.298737,-0.2041718125,-0.9653454402,0.1625486146,,,,
14042,0.0,-705.066711,497.562225,-156.298737,-0.2041718125,-0.9653454402,0.1625486146,,,,
14043,0.0,-706.486389,496.643875,-156.298737,-0.2041718125,-0.9653454402,0.1625486146,,,,
14044,0.0,-707.906067,495.725525,-156.298737,-0.2041718125,-0.9653454402,0.1625486146,,,,
14045,0.0,-710.837585,493.816559,-156.298737,-0.2041718125,-0.9653454402,0.1625486146,,,,
14046,0.0,-714.628113,491.333405,-156.298737,-0.2041718125,-0.9653454402,0.1625486146,,,,
14047,0.0,-717.898376,489.178345,-156.298737,-0.2041718125,-0.9653454402,0.1625486146,,,,
14048,0.0,-720.63269,487.365631,-156.298737,-0.2055292756,-0.9650573376,0.1625486146,,,,
14049,0.0,-723.555542,485.382721,-156.298752,-0.2224646569,-0.9614266854,0.1617658956,,,,
14050,0.0,-726.814514,483.132324,-156.298737,-0.2812774488,-0.9459538764,0.161413322,,,,
14051,0.0,-728.509857,482.041565,-156.298737,-0.3210339344,-0.9322633461,0.1614133134,,,,
14052,0.0,-730.2052,480.950806,-156.298737,-0.36079042,-0.9185728158,0.1614133047,,,,
14053,0.0,-736.659668,477.755157,-155.560867,-0.5511923192,-0.8191826796,0.1585142415,,,,
14054,0.0,-739.5023195,476.8232265,-155.2177885,-0.6158968271,-0.7679051172,0.1554587786,,,,
14055,0.0,-744.368835,475.341217,-154.637619,-0.7130581028,-0.6850390579,0.1492301281,,,,
14056,0.0,-747.912109,474.581451,-154.247208,-0.7649421169,-0.6280530943,0.1428736104,,,,
14057,0.0,-751.383911,473.88739,-153.90062,-0.7974037292,-0.5872281735,0.1389617386,,,,
14058,0.0,-754.852112,473.122467,-153.582993,-0.8119048247,-0.5672779209,0.1378633962,,,,
14059,0.0,-758.185791,472.377991,-153.302429,-0.8176090275,-0.5591084992,0.1375251406,,,,
14060,0.0,-761.243774,471.820129,-153.102417,-0.8182994093,-0.5583066792,0.1366738037,,,,
14061,0.0,-764.390137,471.321564,-152.9263,-0.8178433187,-0.5590449875,0.1363855126,,,,
14062,0.0,-767.999695,470.878723,-152.765411,-0.817689339,-0.5592701824,0.1363855126,,,,
14063,0.0,-771.309143,470.579193,-152.652405,-0.817689339,-0.5592701824,0.1363855126,,,,
14064,0.0,-772.9375,470.463684,-152.607239,-0.817689339,-0.5592701824,0.1363855126,,,,
14065,0.0,-776.837524,470.277863,-152.529022,-0.817689339,-0.5592701824,0.1363855126,,,,
14066,0.0,-780.541809,470.195038,-152.485413,-0.817689339,-0.5592701824,0.1363855126,,,,
14067,0.0,-782.960327,470.185028,-152.477539,-0.817689339,-0.5592701824,0.1363855126,,,,
14068,0.0,-781.099304,466.879944,-151.984589,-0.817689339,-0.5592701824,0.1363855126,,,,
14069,0.0,-783.814148,466.948761,-151.964844,-0.817689339,-0.5592701824,0.1363855126,,,,
14070,0.0,-788.84137,467.113678,-152.040817,-0.817689339,-0.5592701824,0.1363855126,,,,
14071,0.0,-791.539734,467.295502,-152.21196,-0.817689339,-0.5592701824,0.1363855126,,,,
14072,0.0,-796.136108,467.623291,-152.416031,-0.817689339,-0.5592701824,0.1363855126,,,,
14073,0.0,-800.41272,468.040955,-152.73732,-0.817689339,-0.5592701824,0.1363855126,,,,
14074,0.0,-802.317383,468.44577,-153.074295,-0.8239984024,-0.5496457185,0.1375362392,,,,
14075,0.0,-805.437439,468.99231,-153.402206,-0.8450093025,-0.5159647249,0.1404979762,,,,
14076,0.0,-810.355469,470.16272,-153.989029,-0.9328759892,-0.3288396805,0.1469926981,,,,
14077,0.0,-813.251587,470.937775,-154.518875,-0.9716207016,-0.1840894518,0.1485405196,,,,
14078,0.0,-816.081726,472.265259,-154.846924,-0.988850243,0.0007821469,0.1489113331,,,,
14079,0.0,-819.955811,474.815552,-154.875504,-0.9586693638,0.242961757,0.1480629444,,,,
14080,0.0,-825.49762,480.620422,-155.354858,-0.7706915769,0.6210725883,0.1424897661,,,,
14081,0.0,-826.6594545,482.718292,-155.615501,-0.6646574412,0.719285137,0.1413118802,,,,
14082,0.0,-828.541931,486.002594,-156.166229,-0.5008942111,0.8542571636,0.1391031545,,,,
14083,0.0,-830.019684,487.405258,-156.59301,-0.4755666532,0.8683438777,0.1377443335,,,,
14084,0.0,-832.500488,489.638611,-157.25679,-0.4502390952,0.8824305917,0.1363855126,,,,
14085,0.0,-834.1730955,491.105774,-157.22184,-0.4502390952,0.8824305917,0.1363855126,,,,
14086,0.0,-836.903381,493.540894,-157.136841,-0.4502390952,0.8824305917,0.1363855126,,,,
14087,0.0,-838.542572,495.2170105,-156.984001,-0.4502390952,0.8824305917,0.1363855126,,,,
14088,0.0,-841.100037,497.95108,-157.000534,-0.4502390952,0.8824305917,0.1363855126,,,,
14089,0.0,-842.590912,499.654663,-156.6275785,-0.4502390952,0.8824305917,0.1363855126,,,,
14090,0.0,-844.081787,501.358246,-156.254623,-0.4502390952,0.8824305917,0.1363855126,,,,
14091,0.0,-846.520569,504.391785,-155.936691,-0.4502390952,0.8824305917,0.1363855126,,,,
14092,0.0,-849.261414,507.764404,-155.228607,-0.4502390952,0.8824305917,0.1363855126,,,,
14093,0.0,-850.706299,509.689728,-155.110092,-0.4502390952,0.8824305917,0.1363855126,,,,
14094,0.0,-852.193512,511.6609955,-154.987152,-0.4502390952,0.8824305917,0.1363855126,,,,
14095,0.0,-854.934082,515.230469,-154.771774,-0.4502390952,0.8824305917,0.1363855126,,,,
14096,0.0,-854.01001,524.215698,-155.657684,-0.444353685,0.8858692919,0.1333619145,,,,
14097,0.0,-855.870056,527.331421,-154.568573,-0.4140080654,0.9014521757,0.126417154,,,,
14098,0.0,-856.8348695,529.0226745,-154.0089875,-0.380701882,0.9160597788,0.1205985861,,,,
14099,0.0,-858.772217,532.532532,-152.84729,-0.268282447,0.9577937753,0.1032260272,,,,
14100,0.0,-859.189789,534.504761,-152.5764005,-0.192584414,0.9736765514,0.0937731583,,,,
14101,0.0,-859.607361,536.47699,-152.305511,-0.1168863811,0.9895593275,0.0843202894,,,,
14102,0.0,-860.937866,541.106995,-152.298737,0.0105933494,0.9976008853,0.0684123859,,,,
14103,0.0,-862.0044555,543.031708,-152.298737,0.0261357593,0.997328787,0.0663810645,,,,
14104,0.0,-864.004272,546.486206,-152.298737,0.0599850816,0.9960856852,0.0649237832,,,,
14105,0.0,-865.937134,549.529602,-152.298737,0.1203034466,0.9897631356,0.0767855204,,,,
14106,0.0,-866.424438,550.421204,-152.298737,0.1517256328,0.9846844878,0.0858824309,,,,
14107,0.0,-866.568359,550.627258,-152.298737,0.161823835,0.9828027842,0.088947927,,,,
14108,0.0,-867.415039,551.308655,-152.298737,0.1772521652,0.9796653051,0.0940082975,,,,
14109,0.0,-867.61554,551.439026,-152.298737,0.1774398384,0.9796220948,0.0941044906,,,,
14110,0.0,-868.78717,551.911682,-152.298737,0.1774398384,0.9796220948,0.0941044906,,,,
14111,0.0,-869.599915,551.963379,-152.298737,0.1774398384,0.9796220948,0.0941044906,,,,
14112,0.0,-870.210388,551.961182,-152.298737,0.1774398384,0.9796220948,0.0941044906,,,,
14113,0.0,-870.709717,551.845947,-152.298737,0.1802784758,0.9791036816,0.0941044733,,,,
14114,0.0,-871.224792,551.65271,-152.298737,0.1851438575,0.9783618444,0.0923572059,,,,
14115,0.0,-871.936462,551.310608,-152.298737,0.1898703215,0.9776133176,0.0906722794,,,,
14116,0.0,-872.215088,551.1604,-152.298737,0.1904051291,0.9775097124,0.090667795,,,,
14117,0.0,-873.081116,550.646423,-152.298737,0.1919831203,0.9772010195,0.090667795,,,,
14118,0.0,-873.588745,550.150757,-152.298737,0.1921166688,0.9770918323,0.0915572869,,,,
14119,0.0,-874.040527,549.497681,-152.298737,0.1929076492,0.9768339857,0.092639102,,,,
14120,0.0,-874.423279,548.775452,-152.298737,0.1932155878,0.9767427256,0.092959048,,,,
14121,0.0,-874.82373,547.845642,-152.298737,0.1965257581,0.9756607422,0.0972817691,,,,
14122,0.0,-875.186218,546.865723,-152.298737,0.2080575218,0.9724018998,0.1055775205,,,,
14123,0.0,-875.462585,546.03064,-152.298737,0.216446397,0.9697533721,0.1128244412,,,,
14124,0.0,-875.663818,545.024597,-152.298737,0.2120908421,0.9692755017,0.1245892307,,,,
14125,0.0,-875.743896,543.913025,-152.298737,0.1995295821,0.9703923126,0.1361128409,,,,
14126,0.0,-875.793213,542.393433,-152.298706,0.1805778328,0.9714315567,0.1539882363,,,,
14127,0.0,-875.6423645,541.532013,-152.2987215,0.1749550718,0.9713917984,0.1603634509,,,,
14128,0.0,-875.328552,540.01001,-152.298737,0.1674988809,0.9714352871,0.1680999935,,,,
14129,0.0,-875.0830685,539.286896,-152.298737,0.1655012166,0.9715746727,0.1692532497,,,,
14130,0.0,-874.837585,538.563782,-152.298737,0.1635035524,0.9717140583,0.1704065059,,,,
14131,0.0,-874.600708,537.854187,-152.298737,0.1621701947,0.9715280549,0.172725408,,,,
14132,0.0,-874.341736,537.220947,-152.298737,0.1621229058,0.9713379789,0.1738352502,,,,
14133,0.0,-874.182068,536.871094,-152.298737,0.1626052792,0.9709568882,0.1755056818,,,,
14134,0.0,-873.476379,535.749451,-152.298782,0.144592944,0.9715974526,0.1873266416,,,,
14135,0.0,-872.99707,535.042847,-152.298859,0.084827308,0.9740891405,0.2096537007,,,,
14136,0.0,-872.68161,534.833435,-152.2988055,0.0754469612,0.9732899462,0.2165149654,,,,
14137,0.0,-872.008972,534.470764,-152.298721,0.0665355735,0.971468086,0.2276461626,,,,
14138,0.0,-871.2749635,534.2200925,-152.298729,0.069975841,0.9703823216,0.2311626094,,,,
14139,0.0,-870.210449,533.859619,-152.298737,0.0734615059,0.9692894082,0.2346943764,,,,
14140,0.0,-869.002197,533.623169,-152.298737,0.0734615059,0.9692894082,0.2346943764,,,,
14141,0.0,-867.960999,533.69281,-152.298737,0.0734458046,0.9690786457,0.2355680206,,,,
14142,0.0,-867.536987,533.757446,-152.298737,0.0734410518,0.9690195263,0.235812573,,,,
14143,0.0,-866.106262,534.172668,-152.298737,0.0734410518,0.9690195263,0.235812573,,,,
14144,0.0,-865.360413,534.647522,-152.298737,0.0734410518,0.9690195263,0.235812573,,,,
14145,0.0,-864.882385,535.354675,-152.298737,0.0734240401,0.968795065,0.2367383205,,,,
14146,0.0,-864.690369,536.137573,-152.298737,0.0734205005,0.9687483618,0.2369304574,,,,
14147,0.0,-864.702209,537.034424,-152.298737,0.0734205005,0.9687483618,0.2369304574,,,,
14148,0.0,-864.953979,537.880554,-152.298737,0.0734205005,0.9687483618,0.2369304574,,,,
14149,0.0,-865.448608,538.65686,-152.298737,0.0734205005,0.9687483618,0.2369304574,,,,
14150,0.0,-866.192993,539.401978,-152.298737,0.0734205005,0.9687483618,0.2369304574,,,,
14151,0.0,-867.153503,540.095703,-152.298737,0.0734205005,0.9687483618,0.2369304574,,,,
14152,0.0,-868.159607,540.66748,-152.298737,0.0734205005,0.9687483618,0.2369304574,,,,
14153,0.0,-869.1521,541.141235,-152.298737,0.0734205005,0.9687483618,0.2369304574,,,,
14154,0.0,-870.419128,541.649353,-152.298752,0.0660378886,0.9690986943,0.237669346,,,,
14155,0.0,-871.903076,542.084534,-152.298782,0.0416190901,0.9693405995,0.2421707115,,,,
14156,0.0,-873.413818,542.25708,-152.298874,0.0066111197,0.9682304444,0.2499721978,,,,
14157,0.0,-874.90448,542.196472,-152.298904,-0.0263497926,0.9651070299,0.2605265998,,,,
14158,0.0,-876.480896,541.947815,-152.298767,-0.0497685258,0.9619230452,0.2687510909,,,,
14159,0.0,-878.192383,541.466492,-152.298737,-0.0649499888,0.9596785557,0.27349327,,,,
14160,0.0,-879.491638,540.953369,-152.298737,-0.0665095792,0.9595310735,0.2736358799,,,,
14161,0.0,-880.66333,540.385742,-152.298737,-0.0665257906,0.9595299545,0.2736358631,,,,
14162,0.0,-881.990417,539.840149,-152.298737,-0.0665257906,0.9595299545,0.2736358631,,,,
14163,0.0,-882.610596,539.614441,-152.298737,-0.0644987256,0.9596683383,0.2736358799,,,,
14164,0.0,-884.133484,539.141357,-152.298737,-0.0527416838,0.9603862252,0.2736359135,,,,
14165,0.0,-885.367065,538.830322,-152.298737,-0.0298614007,0.9611571711,0.2743814664,,,,
14166,0.0,-886.635864,538.488647,-152.298721,-0.0018772296,0.9610529261,0.2763580092,,,,
14167,0.0,-887.704712,538.222107,-152.298706,0.0459792133,0.9590586698,0.2794501384,,,,
14168,0.0,-888.689941,537.982849,-152.298691,0.1209330135,0.9505414507,0.2860876731,,,,
14169,0.0,-889.753174,537.875916,-152.298721,0.1730592099,0.940990841,0.2908380081,,,,
14170,0.0,-890.325684,537.886658,-152.298691,0.196748963,0.9353237647,0.2940396246,,,,
14171,0.0,-892.052063,538.32428,-152.298737,0.300056206,0.9027746992,0.3081624826,,,,
14172,0.0,-893.452393,539.275574,-152.298737,0.3787331176,0.8701610469,0.315247487,,,,
14173,0.0,-893.9153445,539.7913515,-152.298737,0.4134372826,0.8531274811,0.3158294703,,,,
14174,0.0,-894.378296,540.307129,-152.298737,0.4481414475,0.8360939153,0.3164114536,,,,
14175,0.0,-895.039429,541.53418,-152.298737,0.5115537438,0.7999374204,0.3137082893,,,,
14176,0.0,-895.541016,543.486206,-152.298737,0.5574839997,0.7701954361,0.3098557411,,,,
14177,0.0,-895.562195,545.210205,-152.298737,0.5574839997,0.7701954361,0.3098557411,,,,
14178,0.0,-895.49585,545.913574,-152.298737,0.5574839997,0.7701954361,0.3098557411,,,,
14179,0.0,-895.093506,548.853821,-152.298737,0.5574839997,0.7701954361,0.3098557411,,,,
14180,0.0,-894.579773,550.625305,-152.298737,0.5574839997,0.7701954361,0.3098557411,,,,
14181,0.0,-893.965576,552.42511,-152.298737,0.5574839997,0.7701954361,0.3098557411,,,,
14182,0.0,-893.729675,553.066284,-152.298737,0.5574839997,0.7701954361,0.3098557411,,,,
14183,0.0,-892.781006,555.312988,-152.298737,0.5574839997,0.7701954361,0.3098557411,,,,
14184,0.0,-892.3076175,556.299408,-152.298737,0.5574839997,0.7701954361,0.3098557411,,,,
14185,0.0,-891.415283,558.132935,-152.298737,0.5574839997,0.7701954361,0.3098557411,,,,
14186,0.0,-889.897034,561.063538,-152.298737,0.5574839997,0.7701954361,0.3098557411,,,,
14187,0.0,-889.555237,561.68457,-152.298737,0.5574839997,0.7701954361,0.3098557411,,,,
14188,0.0,-888.231262,563.992065,-152.298737,0.5689160761,0.7630426034,0.3067580215,,,,
14189,0.0,-887.298767,565.814819,-152.298737,0.6328066609,0.7146145579,0.2981304472,,,,
14190,0.0,-886.828125,566.901855,-152.298737,0.6654300347,0.6861983143,0.2938277426,,,,
14191,0.0,-885.744507,569.414612,-152.298737,0.768739487,0.5775567684,0.2747139973,,,,
14192,0.0,-884.329468,570.999817,-152.298737,0.8598817943,0.4440638057,0.2518146865,,,,
14193,0.0,-883.471558,571.649658,-152.298737,0.8932399795,0.378448872,0.2426907297,,,,
14194,0.0,-882.019104,572.295044,-152.298737,0.9540825915,0.2037763166,0.2195486767,0.121228441,890.9857711621,1866.9449829391,3.0
14195,0.0,-881.098755,573.305542,-152.298737,0.9767273473,0.0669066545,0.2037822088,0.0668720666,670.9604270987,1866.1400602093,3.0
14196,0.0,-880.609253,574.561646,-152.298737,0.9805248124,0.003983984,0.1963548323,0.0483876238,573.2938672939,1865.5778055651,3.0
14197,0.0,-880.359558,575.481323,-152.298737,0.9809112382,-0.0218889459,0.1932201255,0.0419371221,534.5764361147,1865.5082864584,3.0
14198,0.0,-879.837646,578.012451,-152.298737,0.9805275823,-0.0565548935,0.1880617036,0.0342372844,483.9041093205,1865.2803196603,3.0
14199,0.0,-879.503906,580.22052,-152.298737,0.9805190655,-0.0586355352,0.1874679604,0.0338808208,481.3799547834,1865.1171721626,3.0
14200,0.0,-879.369873,581.143738,-152.298737,0.9805190655,-0.0586355352,0.1874679604,0.0340285647,482.5981956776,1865.8437681486,3.0
14201,0.0,-881.078735,585.749939,-153.741531,0.9804716429,-0.0594232923,0.1874679432,0.0340699056,483.6123855971,1868.6497814446,3.0
14202,0.0,-880.8295285,587.104309,-153.7442395,0.9804295986,-0.0601090704,0.1874679432,0.0340379167,483.3569701618,1868.5252348528,3.0
14203,0.0,-880.255859,590.083984,-154.017075,0.9803366144,-0.0616108163,0.1874679432,0.0339824762,482.9279774883,1868.3625918471,3.0
14204,0.0,-880.029358,592.052063,-154.037445,0.9803108476,-0.0620194,0.1874679604,0.0340581527,483.4748377629,1868.435020491,3.0
14205,0.0,-879.723999,594.798767,-154.02951,0.9803108476,-0.0620194,0.1874679604,0.034260322,484.820857392,1868.1965819654,3.0
14206,0.0,-879.650085,595.845276,-154.007614,0.9803108476,-0.0620194,0.1874679604,0.0343233123,485.2781827212,1868.2720943042,3.0
14207,0.0,-879.281189,599.387085,-154.001862,0.9803108476,-0.0620194,0.1874679604,0.0345824123,486.9813820413,1867.9158048485,3.0
14208,0.0,-878.957764,602.262329,-154.008377,0.9803108476,-0.0620194,0.1874679604,0.0347890911,488.3585074909,1867.7237150833,3.0
14209,0.0,-878.881958,603.508911,-154.004471,0.9803108476,-0.0620194,0.1874679604,0.0347717829,487.9060348607,1866.4493734999,3.0
14210,0.0,-878.579163,608.166016,-153.85434,0.9803108476,-0.0620194,0.1874679604,0.0351798118,490.8522099876,1866.9925673976,3.0
14211,0.0,-878.501862,610.097626,-153.69265,0.9803108476,-0.0620194,0.1874679604,0.0353583157,492.099633866,1867.0973126039,3.0
14212,0.0,-878.235962,612.849915,-153.699524,0.9803108476,-0.0620194,0.1874679604,0.035597467,493.7291148008,1867.0843857876,3.0
14213,0.0,-878.092346,616.613098,-153.331146,0.9803606863,-0.0612265356,0.1874679604,0.0360863123,497.0413178408,1867.0675968167,3.0
14214,0.0,-877.8549195,618.0447385,-153.2658765,0.980723403,-0.0547264869,0.1874679604,0.0375118797,506.451914435,1866.9482309834,3.0
14215,0.0,-877.617493,619.476379,-153.200607,0.9810861198,-0.0482264382,0.1874679604,0.0389374471,515.8625110291,1866.8288651501,3.0
14216,0.0,-876.33429,623.404175,-153.176102,0.9819058239,-0.0031208159,0.1893441667,0.050031327,582.7286600832,1865.6559178209,3.0
14217,0.0,-875.682343,625.290558,-153.085045,0.9810442549,0.0234738094,0.1905040381,0.0579336615,624.0095869628,1865.0148294908,3.0
14218,0.0,-874.584412,629.32019,-152.938904,0.9775414476,0.0833794749,0.1935473619,0.0772704647,718.5200506588,1864.1164155373,3.0
14219,0.0,-874.09137,631.068176,-152.881592,0.9717158627,0.1317242346,0.1960025719,0.0956625888,795.3559945666,1863.4534330642,3.0
14220,0.0,-873.313904,632.903137,-152.938995,0.9623323395,0.1861998536,0.1981062416,0.1191518621,881.7833872652,1862.6644668615,3.0
14221,0.0,-872.4141845,635.1007385,-153.167244,0.9394766292,0.2638964697,0.2028802064,,,,
14222,0.0,-870.61261,639.554321,-153.68573,0.8952562894,0.3920689621,0.211655629,,,,
14223,0.0,-870.14328,641.4088135,-153.744095,0.8769071174,0.4281777168,0.2145893963,,,,
14224,0.0,-869.67395,643.263306,-153.80246,0.8585579454,0.4642864716,0.2175231636,,,,
14225,0.0,-868.106201,647.485046,-153.675659,0.8273328949,0.5165471907,0.2206791353,,,,
14226,0.0,-867.368103,649.086365,-153.598328,0.8207757663,0.5266636504,0.2212522108,,,,
14569,0.0,-299.021729,1482.73584,-144.94339,0.9934288501,0.0962096077,0.0619905735,,,,
14570,0.0,-299.065704,1482.639038,-144.991684,0.9934288501,0.0962096077,0.0619905735,,,,
14571,0.0,-299.066711,1482.591675,-144.893417,0.9934288501,0.0962096077,0.0619905735,,,,
14572,0.0,-299.202881,1482.677734,-144.961182,0.9934288501,0.0962096077,0.0619905735,,,,
14573,0.0,-298.164246,1483.553589,-143.953384,0.9934288501,0.0962096077,0.0619905735,,,,
14574,0.0,-293.534485,1484.488037,-144.393906,0.9934288501,0.0962096077,0.0619905735,,,,
14575,0.0,-291.371613,1485.044556,-144.909164,0.9934288501,0.0962096077,0.0619905735,,,,
14576,0.0,-286.444092,1485.447998,-145.347824,0.9934288501,0.0962096077,0.0619905735,,,,
14577,0.0,-282.398682,1485.855469,-145.348251,0.9934288501,0.0962096077,0.0619905735,,,,
14578,0.0,-280.052124,1486.096802,-145.349213,0.9934288501,0.0962096077,0.0619905735,,,,
14579,0.0,-277.741974,1486.332153,-145.351791,0.9934288501,0.0962096077,0.0619905735,,,,
14580,0.0,-273.867584,1486.721802,-145.350647,0.9934288501,0.0962096077,0.0619905735,,,,
14581,0.0,-271.9935,1486.911621,-145.340683,0.9934288501,0.0962096077,0.0619905735,,,,
14582,0.0,-267.180359,1487.397705,-145.324249,0.9934288501,0.0962096077,0.0619905735,,,,
14583,0.0,-263.016083,1487.821045,-145.297958,0.9934288501,0.0962096077,0.0619905735,,,,
14584,0.0,-261.237518,1488.002441,-145.277267,0.9934288501,0.0962096077,0.0619905735,,,,
14585,0.0,-256.000885,1488.536621,-145.188568,0.9934288501,0.0962096077,0.0619905735,,,,
14586,0.0,-249.642075,1489.258057,-144.82692,0.9934288501,0.0962096077,0.0619905735,,,,
14587,0.0,-247.0988545,1489.5072025,-144.7376175,0.9934288501,0.0962096077,0.0619905735,,,,
14588,0.0,-242.687485,1489.939087,-144.691666,0.9934288501,0.0962096077,0.0619905735,,,,
14589,0.0,-240.103264,1490.1915895,-144.518219,0.9934288501,0.0962096077,0.0619905735,,,,
14590,0.0,-237.519043,1490.444092,-144.344772,0.9934288501,0.0962096077,0.0619905735,,,,
14591,0.0,-230.932877,1491.086792,-144.080795,0.9934288501,0.0962096077,0.0619905735,,,,
14592,0.0,-228.468506,1491.3270265,-143.8586045,0.9934288501,0.0962096077,0.0619905735,,,,
14593,0.0,-226.004135,1491.567261,-143.636414,0.9934288501,0.0962096077,0.0619905735,,,,
14594,0.0,-219.26355,1491.937134,-143.283646,0.9934288501,0.0962096077,0.0619905735,,,,
14595,0.0,-213.849731,1491.853271,-142.921967,0.9934288501,0.0962096077,0.0619905735,,,,
14596,0.0,-211.528816,1491.9218135,-142.814583,0.9934288501,0.0962096077,0.0619905735,,,,
14597,0.0,-206.72641,1492.126099,-142.604141,0.9934288501,0.0962096077,0.0619905735,,,,
14598,0.0,-201.820541,1492.145874,-142.570282,0.9934288501,0.0962096077,0.0619905735,,,,
14599,0.0,-199.766068,1492.270508,-142.512817,0.9934288501,0.0962096077,0.0619905735,,,,
14600,0.0,-194.456161,1492.436401,-142.667725,0.9934288501,0.0962096077,0.0619905735,,,,
14601,0.0,-189.940399,1492.69043,-142.539261,0.9934288501,0.0962096077,0.0619905735,,,,
14602,0.0,-187.92218,1492.824829,-142.828888,0.9934288501,0.0962096077,0.0619905735,,,,
14603,0.0,-182.60405,1493.177246,-143.286163,0.9934288501,0.0962096077,0.0619905735,,,,
14604,0.0,-177.754288,1493.427734,-143.665039,0.9934288501,0.0962096077,0.0619905735,,,,
14605,0.0,-175.984985,1493.499878,-143.686829,0.9934288501,0.0962096077,0.0619905735,,,,
14606,0.0,-170.273697,1493.762939,-144.180511,0.9934288501,0.0962096077,0.0619905735,,,,
14607,0.0,-168.1454085,1493.958435,-144.3028255,0.9934288501,0.0962096077,0.0619905735,,,,
14608,0.0,-163.905533,1494.39856,-144.491196,0.9934288501,0.0962096077,0.0619905735,,,,
14609,0.0,-160.955231,1494.744751,-144.457077,0.9934288501,0.0962096077,0.0619905735,,,,
14610,0.0,-155.913895,1495.338623,-144.337814,0.9934288501,0.0962096077,0.0619905735,,,,
14611,0.0,-151.46373,1495.883789,-144.201431,0.9934288501,0.0962096077,0.0619905735,,,,
14612,0.0,-149.414276,1496.154907,-144.027924,0.9934288501,0.0962096077,0.0619905735,,,,
14613,0.0,-144.429199,1496.912354,-143.430389,0.9934288501,0.0962096077,0.0619905735,,,,
14614,0.0,-139.43515,1497.735229,-142.646698,0.9934288501,0.0962096077,0.0619905735,,,,
14615,0.0,-137.706573,1497.932617,-142.579742,0.9934288501,0.0962096077,0.0619905735,,,,
14616,0.0,-132.35675,1498.779541,-142.037949,0.9934288501,0.0962096077,0.0619905735,,,,
14617,0.0,-127.828766,1499.526245,-141.687897,0.9934288501,0.0962096077,0.0619905735,,,,
14618,0.0,-125.765999,1499.800049,-141.63913,0.9934288501,0.0962096077,0.0619905735,,,,
14619,0.0,-120.761986,1500.556641,-141.504639,0.9934288501,0.0962096077,0.0619905735,,,,
14620,0.0,-118.886414,1500.872803,-141.559616,0.9934288501,0.0962096077,0.0619905735,,,,
14621,0.0,-113.667427,1501.637085,-141.716919,0.9934288501,0.0962096077,0.0619905735,,,,
14622,0.0,-109.026512,1502.146851,-141.801468,0.9934288501,0.0962096077,0.0619905735,,,,
14623,0.0,-106.885696,1502.564453,-142.127533,0.9934288501,0.0962096077,0.0619905735,,,,
14624,0.0,-99.19046,1503.44751,-142.948135,0.9934288501,0.0962096077,0.0619905735,,,,
14625,0.0,-95.9048345,1503.777283,-143.189468,0.9934288501,0.0962096077,0.0619905735,,,,
14626,0.0,-92.619209,1504.107056,-143.430801,0.9934288501,0.0962096077,0.0619905735,,,,
14627,0.0,-90.441925,1504.300903,-143.435211,0.9934288501,0.0962096077,0.0619905735,,,,
14628,0.0,-85.739578,1504.692505,-143.451233,0.9934288501,0.0962096077,0.0619905735,,,,
14629,0.0,-79.158737,1505.069458,-143.278458,0.9934288501,0.0962096077,0.0619905735,,,,
14630,0.0,-76.3663825,1505.177002,-143.1002885,0.9934288501,0.0962096077,0.0619905735,,,,
14631,0.0,-71.715935,1505.312988,-142.741669,0.9934288501,0.0962096077,0.0619905735,,,,
14632,0.0,-68.923912,1505.3571775,-142.5101855,0.9934288501,0.0962096077,0.0619905735,,,,
14633,0.0,-66.131889,1505.401367,-142.278702,0.9934288501,0.0962096077,0.0619905735,,,,
14634,0.0,-59.824516,1505.46582,-141.866684,0.9934288501,0.0962096077,0.0619905735,,,,
14635,0.0,-54.32869,1505.525024,-141.620972,0.9934288501,0.0962096077,0.0619905735,,,,
14636,0.0,-52.338772,1505.531372,-141.561691,0.9934288501,0.0962096077,0.0619905735,,,,
14637,0.0,-49.15156,1505.6377565,-141.5381925,0.9934288501,0.0962096077,0.0619905735,,,,
14638,0.0,-44.08559,1505.855103,-141.529831,0.9934288501,0.0962096077,0.0619905735,,,,
14639,0.0,-41.308197,1506.0021365,-141.614914,0.9934288501,0.0962096077,0.0619905735,,,,
14640,0.0,-36.277588,1506.275513,-141.827911,0.9935097871,0.0953701944,0.0619905561,,,,
14641,0.0,-30.446377,1506.78418,-142.315826,0.9939218098,0.0909758359,0.0619905909,,,,
14642,0.0,-28.2393535,1507.003357,-142.529785,0.9940727213,0.0884721879,0.0631230796,,,,
14643,0.0,-24.204382,1507.384521,-142.989105,0.9945441537,0.0807859126,0.0659966871,,,,
14644,0.0,-21.1537685,1507.6593625,-143.3294525,0.9948593164,0.0747645594,0.0680059413,,,,
14645,0.0,-15.392139,1508.153687,-143.908707,0.9953072414,0.0653375767,0.0713757401,,,,
14646,0.0,-10.674735,1508.564453,-144.415863,0.9954439333,0.0609244347,0.0733456814,,,,
14647,0.0,-8.550722,1508.806274,-144.575134,0.9955042831,0.0591455784,0.0739798818,,,,
14648,0.0,-3.439719,1509.331665,-144.780838,0.995568358,0.0572368355,0.0746162802,,,,
14649,0.0,-1.653666,1509.499146,-144.76416,0.9955843964,0.0569572022,0.0746162628,,,,
14650,0.0,3.789484,1510.010498,-144.675919,0.995618994,0.0553320524,0.0753736214,,,,
14651,0.0,8.530184,1510.404419,-144.594009,0.9956110492,0.0549411444,0.0757635095,,,,
14652,0.0,10.650007,1510.737915,-144.279373,0.9956395567,0.0544221126,0.0757634921,,,,
14653,0.0,15.927989,1511.405029,-143.665329,0.9956735993,0.0537956716,0.0757635095,,,,
14654,0.0,18.13806,1511.703125,-143.327103,0.9956735993,0.0537956716,0.0757635095,,,,
14655,0.0,23.141867,1512.368164,-142.616196,0.9956735993,0.0537956716,0.0757635095,,,,
14656,0.0,28.027945,1513.03186,-142.156525,0.9956735993,0.0537956716,0.0757635095,,,,
14657,0.0,30.138271,1513.244751,-142.063614,0.9956735993,0.0537956716,0.0757635095,,,,
14658,0.0,33.752308,1513.788696,-141.822083,0.9956735993,0.0537956716,0.0757635095,,,,
14659,0.0,38.537926,1514.372925,-141.763016,0.9956735993,0.0537956716,0.0757635095,,,,
14660,0.0,43.589203,1514.939697,-141.848465,0.9956735993,0.0537956716,0.0757635095,,,,
14661,0.0,45.491493,1515.101929,-141.867599,0.9956735993,0.0537956716,0.0757635095,,,,
14662,0.0,51.227684,1515.723877,-142.171036,0.9956735993,0.0537956716,0.0757635095,,,,
14663,0.0,53.226276,1515.928223,-142.327927,0.9956735993,0.0537956716,0.0757635095,,,,
14664,0.0,58.91898,1516.39624,-142.918182,0.9956735993,0.0537956716,0.0757635095,,,,
14665,0.0,60.829193,1516.536987,-143.098999,0.9956735993,0.0537956716,0.0757635095,,,,
14666,0.0,66.204918,1516.900024,-143.528259,0.9956100137,0.0537922361,0.076596971,,,,
14667,0.0,71.018944,1517.130493,-143.603424,0.9955859025,0.0537909334,0.0769106385,,,,
14668,0.0,73.336998,1517.249512,-143.608368,0.9955859025,0.0537909334,0.0769106385,,,,
14688,0.0,152.597076,1516.278687,-157.055878,0.9955859025,0.0537909334,0.0769106385,,,,
14689,0.0,156.721146,1516.508423,-157.256683,0.9955859025,0.0537909334,0.0769106385,,,,
14690,0.0,164.018723,1516.914795,-157.615112,0.9955859025,0.0537909334,0.0769106385,,,,
14691,0.0,166.58754,1517.057739,-157.742645,0.9955859025,0.0537909334,0.0769106385,,,,
14692,0.0,172.603378,1517.392822,-158.045807,0.9955859025,0.0537909334,0.0769106385,,,,
14693,0.0,185.679306,1518.120483,-158.719513,0.9955859025,0.0537909334,0.0769106385,,,,
14694,0.0,180.304138,1517.814697,-158.468445,0.9955859025,0.0537909334,0.0769106385,,,,
14695,0.0,182.132477,1517.914673,-158.569489,0.9955859025,0.0537909334,0.0769106385,,,,
14696,0.0,187.442245,1518.204468,-158.869812,0.9955859025,0.0537909334,0.0769106385,,,,
14791,0.0,578.906006,1540.254761,-164.298737,0.9891781352,0.096946781,0.11012692,,,,
14792,0.0,579.118896,1540.275635,-164.298737,0.9891781352,0.096946781,0.11012692,,,,
14793,0.0,579.171692,1540.280762,-164.298737,0.9891781352,0.096946781,0.11012692,,,,
14794,0.0,579.178223,1540.281372,-164.298737,0.9891781352,0.096946781,0.11012692,,,,
14795,0.0,582.049438,1540.535645,-164.298752,0.9884649674,0.1020998812,0.1118598344,,,,
14796,0.0,584.591309,1540.760986,-164.298737,0.987930358,0.1060714684,0.1128824669,,,,
14797,0.0,592.888916,1541.487183,-164.298737,0.9868339275,0.1134089876,0.1153134901,,,,
14798,0.0,595.311615,1541.6986695,-164.298737,0.986721685,0.1141116472,0.1155779904,,,,
14799,0.0,600.106567,1542.118042,-164.298737,0.9865805133,0.1150626093,0.1158425081,,,,
14800,0.0,602.6484375,1542.345459,-164.298737,0.9865805133,0.1150626093,0.1158425081,,,,
14801,0.0,607.264648,1542.763916,-164.298737,0.9865499738,0.1153241805,0.1158424908,,,,
14802,0.0,612.500549,1543.261963,-164.298737,0.9864474825,0.1161975801,0.1158425081,,,,
14803,0.0,615.25354,1543.5266115,-164.298737,0.9864474825,0.1161975801,0.1158425081,,,,
14804,0.0,619.828857,1543.969482,-164.298737,0.9864474825,0.1161975801,0.1158425081,,,,
14805,0.0,622.3645935,1544.2215575,-164.298737,0.9864474825,0.1161975801,0.1158425081,,,,
14806,0.0,627.078979,1544.692505,-164.298737,0.9864474825,0.1161975801,0.1158425081,,,,
14807,0.0,630.0314025,1544.994324,-164.298737,0.9864474825,0.1161975801,0.1158425081,,,,
14808,0.0,635.032898,1545.50769,-164.298737,0.9864474825,0.1161975801,0.1158425081,,,,
14809,0.0,640.556946,1546.08606,-164.298737,0.9864474825,0.1161975801,0.1158425081,,,,
14810,0.0,645.025696,1546.559204,-164.298737,0.9864474825,0.1161975801,0.1158425081,,,,
14811,0.0,647.058838,1546.776245,-164.298737,0.9864474825,0.1161975801,0.1158425081,,,,
14812,0.0,652.133484,1547.32251,-164.298737,0.9864474825,0.1161975801,0.1158425081,,,,
14813,0.0,653.999512,1547.524414,-164.298737,0.9864474825,0.1161975801,0.1158425081,,,,
14814,0.0,659.604309,1548.13623,-164.298737,0.9864474825,0.1161975801,0.1158425081,,,,
14815,0.0,664.055908,1548.625977,-164.298737,0.9864474825,0.1161975801,0.1158425081,,,,
14816,0.0,666.073059,1548.848877,-164.298737,0.9864474825,0.1161975801,0.1158425081,,,,
14817,0.0,671.009399,1549.397217,-164.298737,0.9864474825,0.1161975801,0.1158425081,,,,
14818,0.0,675.69519,1549.921021,-164.298737,0.9864474825,0.1161975801,0.1158425081,,,,
14819,0.0,677.68927,1550.144531,-164.298737,0.9864474825,0.1161975801,0.1158425081,,,,
14820,0.0,682.541382,1550.690674,-164.298737,0.9864474825,0.1161975801,0.1158425081,,,,
14821,0.0,686.976318,1551.192261,-164.298737,0.9863478442,0.1161858433,0.116699529,,,,
14822,0.0,689.265808,1551.452026,-164.298737,0.9863144696,0.116181912,0.1169851718,,,,
14823,0.0,694.412903,1552.03772,-164.298737,0.9863144696,0.116181912,0.1169851718,,,,
14824,0.0,698.809448,1552.539795,-164.298737,0.9863144696,0.116181912,0.1169851718,,,,
14825,0.0,700.545227,1552.738281,-164.298737,0.9863144696,0.116181912,0.1169851718,,,,
14826,0.0,705.729736,1553.332764,-164.298737,0.9863144696,0.116181912,0.1169851718,,,,
14827,0.0,710.726318,1553.916382,-164.298737,0.9859635195,0.1171402162,0.1189710382,,,,
14828,0.0,713.4953,1554.248779,-164.011383,0.9854316049,0.1185659598,0.121928935,,,,
14829,0.0,718.430664,1554.864014,-162.881485,0.9841175665,0.1232833785,0.1277255804,,,,
14830,0.0,722.759949,1555.416504,-161.794708,0.9828112464,0.1282374141,0.1328051944,,,,
14831,0.0,724.512451,1555.637573,-161.620087,0.9825729984,0.1288664777,0.1339542225,,,,
14832,0.0,729.155396,1556.242188,-161.815918,0.9820998529,0.1302683645,0.1360515791,,,,
14833,0.0,733.736389,1556.809204,-161.969788,0.9821439086,0.1284466333,0.1374583761,,,,
14834,0.0,736.113403,1557.081909,-162.045502,0.9822068279,0.1249998389,0.1401598642,,,,
14835,0.0,740.9505,1557.648315,-162.19899,0.9812963537,0.1194963105,0.1509241467,,,,
14836,0.0,747.342041,1558.449829,-162.40033,0.9811395831,0.1190071012,0.1523234332,,,,
14837,0.0,749.5116575,1558.7218625,-162.4683685,0.9811395831,0.1190071012,0.1523234332,,,,
14838,0.0,751.681274,1558.993896,-162.536407,0.9811395831,0.1190071012,0.1523234332,,,,
14839,0.0,755.986084,1559.532104,-162.670929,0.9811395831,0.1190071012,0.1523234332,,,,
14840,0.0,762.284973,1560.317261,-162.867188,0.9811395831,0.1190071012,0.1523234332,,,,
14841,0.0,767.350159,1560.946533,-163.024445,0.9811395831,0.1190071012,0.1523234332,,,,
14842,0.0,769.651886,1561.2318115,-163.095795,0.9811395831,0.1190071012,0.1523234332,,,,
15330,0.0,-849.2901,-879.57959,-99.192657,0.9067544333,0.0468991692,0.4190427969,,,,
15331,0.0,-848.770935,-879.401428,-99.405807,0.9067544333,0.0468991692,0.4190427969,,,,
15332,0.0,-848.770935,-879.401428,-99.405807,0.9067544333,0.0468991692,0.4190427969,,,,
15333,0.0,-855.603149,-879.740356,-99.968483,0.9067544333,0.0468991692,0.4190427969,,,,
15334,0.0,-854.877441,-879.712158,-100.318047,0.9067544333,0.0468991692,0.4190427969,,,,
15335,0.0,-851.607971,-879.663208,-101.868095,0.9067544333,0.0468991692,0.4190427969,,,,
15336,0.0,-848.472351,-879.6653135,-103.3862075,0.9067544333,0.0468991692,0.4190427969,,,,
15337,0.0,-843.699219,-879.636841,-105.626709,0.9067544333,0.0468991692,0.4190427969,,,,
15338,0.0,-841.033234,-879.590393,-106.8224525,0.9067544333,0.0468991692,0.4190427969,,,,
15339,0.0,-838.367249,-879.543945,-108.018196,0.9067544333,0.0468991692,0.4190427969,,,,
15340,0.0,-833.765808,-879.450256,-110.1007,0.9067544333,0.0468991692,0.4190427969,,,,
15341,0.0,-827.478027,-879.235352,-112.890739,0.9067544333,0.0468991692,0.4190427969,,,,
15342,0.0,-822.418457,-878.934631,-115.212509,0.9067544333,0.0468991692,0.4190427969,,,,
15343,0.0,-820.031433,-878.787445,-116.3165815,0.9067544333,0.0468991692,0.4190427969,,,,
15344,0.0,-815.702698,-878.548401,-118.284889,0.9067544333,0.0468991692,0.4190427969,,,,
15345,0.0,-808.361206,-878.259216,-121.174431,0.9067544333,0.0468991692,0.4190427969,,,,
15346,0.0,-804.568604,-877.98645,-123.032143,0.9067544333,0.0468991692,0.4190427969,,,,
15347,0.0,-800.946533,-877.597595,-124.710129,0.9067544333,0.0468991692,0.4190427969,,,,
15348,0.0,-797.473572,-877.128967,-126.235764,0.9067544333,0.0468991692,0.4190427969,,,,
15349,0.0,-795.6733095,-876.9253235,-127.0530625,0.9067544333,0.0468991692,0.4190427969,,,,
15350,0.0,-792.217896,-876.595764,-128.641678,0.9067544333,0.0468991692,0.4190427969,,,,
15351,0.0,-788.52887,-876.083618,-130.287399,0.9067544333,0.0468991692,0.4190427969,,,,
15352,0.0,-785.151855,-875.852417,-131.85965,0.9067544333,0.0468991692,0.4190427969,,,,
15353,0.0,-781.64502,-875.486938,-133.473572,0.9067544333,0.0468991692,0.4190427969,,,,
15354,0.0,-778.119995,-875.151794,-135.16011,0.9067544333,0.0468991692,0.4190427969,,,,
15355,0.0,-774.242859,-874.711243,-137.149918,0.9067033068,0.0478771469,0.4190428286,,,,
15356,0.0,-772.501404,-874.593018,-137.979691,0.9066481237,0.0489121025,0.4190427018,,,,
15357,0.0,-768.621155,-874.23175,-140.134949,0.90576416,0.0533924676,0.4204051984,,,,
15358,0.0,-764.77356,-873.952759,-142.040924,0.9047626442,0.0577214622,0.4219867183,,,,
15359,0.0,-762.603027,-873.791199,-143.417969,0.9043344154,0.0592857476,0.4226871956,,,,
15360,0.0,-758.782227,-873.58551,-145.59317,0.9030733719,0.0602630757,0.4252374003,,,,
15361,0.0,-755.265564,-873.372437,-147.323242,0.9025054683,0.0609666623,0.4263413489,,,,
15362,0.0,-751.315247,-873.240967,-149.374985,0.9024851425,0.0612668074,0.4263413489,,,,
15363,0.0,-747.94635,-873.096436,-151.034744,0.9024851425,0.0612668074,0.4263413489,,,,
15364,0.0,-744.200134,-873.027527,-152.784973,0.9024851425,0.0612668074,0.4263413489,,,,
15365,0.0,-742.593445,-872.975159,-153.558777,0.9024851425,0.0612668074,0.4263413489,,,,
15366,0.0,-737.498291,-872.878174,-155.894028,0.9024851425,0.0612668074,0.4263413489,,,,
15367,0.0,-735.960266,-872.953308,-156.465714,0.9024851425,0.0612668074,0.4263413489,,,,
15368,0.0,-730.833496,-873.021362,-158.577148,0.9024851425,0.0612668074,0.4263413489,,,,
15369,0.0,-729.473145,-873.022034,-159.147186,0.9024851425,0.0612668074,0.4263413489,,,,
15370,0.0,-725.138,-873.045593,-160.93895,0.9024851425,0.0612668074,0.4263413489,,,,
15371,0.0,-719.382935,-873.191833,-163.392258,0.9024851425,0.0612668074,0.4263413489,,,,
15372,0.0,-716.63382,-873.181213,-164.6701965,0.9024851425,0.0612668074,0.4263413489,,,,
15373,0.0,-713.884705,-873.170593,-165.948135,0.9024851425,0.0612668074,0.4263413489,,,,
15374,0.0,-712.492737,-873.178528,-166.616287,0.9045499404,0.0571784199,0.4225163117,,,,
15375,0.0,-704.883179,-873.217957,-170.457397,0.9190239307,0.0361018817,0.3925451171,,,,
15376,0.0,-703.1097415,-873.2154545,-171.351692,0.9218819474,0.0335541577,0.385939767,,,,
15377,0.0,-701.336304,-873.212952,-172.245987,0.9247399642,0.0310064337,0.3793344168,,,,
15378,0.0,-698.026001,-873.176697,-174.033112,0.9317624429,0.0246493623,0.362230809,,,,
15379,0.0,-694.494141,-873.163757,-176.250931,0.9399191524,0.0132028329,0.3411417186,,,,
15380,0.0,-691.239685,-873.108582,-178.185532,0.9480073958,-0.0002115056,0.3182482252,,,,
15381,0.0,-687.619324,-873.118835,-179.998062,0.9554335728,-0.0148568825,0.2948320895,,,,
15382,0.0,-682.714111,-872.962524,-183.272324,0.9630616364,-0.0280000816,0.2678213581,,,,
15383,0.0,-680.147949,-872.931976,-184.8544315,0.9660936058,-0.0317552878,0.2559092696,,,,
15384,0.0,-677.581787,-872.901428,-186.436539,0.9691255752,-0.0355104941,0.2439971811,,,,
15385,0.0,-673.000488,-872.782227,-189.127304,0.9738421811,-0.0388924686,0.2238722453,,,,
15386,0.0,-670.444763,-872.7414555,-190.558029,0.9760354262,-0.0418403125,0.2132557752,,,,
15387,0.0,-664.665161,-872.713928,-193.593704,0.9804960537,-0.0482328563,0.1905284237,,,,
15388,0.0,-662.950073,-872.7363585,-194.453369,0.9814606182,-0.0495163672,0.185069742,,,,
15389,0.0,-659.782471,-872.729736,-196.006271,0.9831526054,-0.0508507573,0.1755709402,,,,
15390,0.0,-655.434082,-872.633362,-198.06665,0.9852253409,-0.0509579636,0.1635063106,,,,
15391,0.0,-651.971313,-872.6297,-199.741501,0.9866031569,-0.0510292445,0.1549523376,,,,
15392,0.0,-650.252563,-872.5360415,-200.230614,0.9870821987,-0.0510540216,0.1518296364,,,,
15393,0.0,-646.370972,-872.382324,-201.517166,0.988022235,-0.0511026249,0.1456042064,,,,
15394,0.0,-643.8531495,-872.307617,-202.4226075,0.9885079759,-0.0511277571,0.1422189781,,,,
15395,0.0,-639.279114,-872.191223,-204.190445,0.9891988762,-0.0511634833,0.1373604065,,,,
15396,0.0,-635.235474,-872.066223,-205.853378,0.9898107287,-0.051195147,0.1328675213,,,,
15397,0.0,-631.5224,-871.935669,-207.427643,0.9903410569,-0.0512225594,0.128844249,,,,
15398,0.0,-627.739868,-871.866211,-209.163391,0.9908323679,-0.0512479884,0.1249994497,,,,
15399,0.0,-626.39209,-871.858154,-209.796097,0.9909477922,-0.051253941,0.1240786309,,,,
15400,0.0,-622.0849,-871.78479,-211.96611,0.9915856305,-0.0512869487,0.1188595231,,,,
15401,0.0,-619.191101,-871.835144,-213.415436,0.9921251884,-0.050699994,0.1145300014,,,,
15402,0.0,-615.262878,-871.772827,-215.486969,0.9929295751,-0.0502109814,0.1075626154,,,,
15403,0.0,-611.311157,-871.786743,-217.628952,0.9935685102,-0.0502433088,0.1014752455,,,,
15404,0.0,-608.123962,-871.764893,-219.721375,0.9940104476,-0.0502656569,0.0970391349,,,,
15405,0.0,-607.6868486667,-871.775696,-219.990545,0.9940922127,-0.0503683785,0.0961354849,,,,
15406,0.0,-607.2497353333,-871.786499,-220.259715,0.9941739777,-0.0504711,0.0952318348,,,,
15407,0.0,-606.812622,-871.797302,-220.528885,0.9956706089,-0.058392082,0.0723215268,,,,
15408,0.0,-596.091187,-872.417114,-226.588974,0.9955432651,-0.055889011,0.0759606854,,,,
15409,0.0,-592.520813,-872.42688,-228.471802,0.995649434,-0.0572417407,0.0735227021,,,,
15410,0.0,-587.694885,-872.767822,-230.979355,0.9956748105,-0.0583204162,0.0723215094,,,,
15411,0.0,-584.433777,-873.204834,-232.838379,0.9956706089,-0.058392082,0.0723215268,,,,
15412,0.0,-582.860535,-873.491394,-233.825119,0.9956706089,-0.058392082,0.0723215268,,,,
15413,0.0,-579.147583,-874.613708,-236.05455,0.9956706089,-0.058392082,0.0723215268,,,,
15414,0.0,-575.957764,-875.961243,-238.083679,0.9956706089,-0.058392082,0.0723215268,,,,
15415,0.0,-573.320007,-877.599731,-239.698853,0.9956706089,-0.058392082,0.0723215268,,,,
15416,0.0,-571.704956,-879.169983,-240.8927,0.9956706089,-0.058392082,0.0723215268,,,,
15417,0.0,-570.87912,-880.070648,-241.372589,0.9956706089,-0.058392082,0.0723215268,,,,
15418,0.0,-570.053284,-880.971313,-241.852478,0.9956706089,-0.058392082,0.0723215268,,,,
15419,0.0,-568.258911,-883.084229,-242.548599,0.9956706089,-0.058392082,0.0723215268,,,,
15420,0.0,-566.180664,-885.748108,-243.009399,0.9956706089,-0.058392082,0.0723215268,,,,
15421,0.0,-564.810913,-888.289856,-243.506058,0.9956706089,-0.058392082,0.0723215268,,,,
15422,0.0,-563.942444,-890.2323,-243.798874,0.9956706089,-0.058392082,0.0723215268,,,,
15423,0.0,-562.840881,-893.489197,-244.260162,0.9956706089,-0.058392082,0.0723215268,,,,
15424,0.0,-562.087463,-897.872559,-244.483383,0.9956706089,-0.058392082,0.0723215268,,,,
15425,0.0,-562.170898,-901.455017,-244.399353,0.9956706089,-0.058392082,0.0723215268,,,,
15426,0.0,-562.2619015,-902.9476625,-244.2839585,0.9956706089,-0.058392082,0.0723215268,,,,
15427,0.0,-562.352905,-904.440308,-244.168564,0.9956706089,-0.058392082,0.0723215268,,,,
15428,0.0,-562.798645,-907.586548,-243.921539,0.9956706089,-0.058392082,0.0723215268,,,,
15429,0.0,-562.85791,-909.511658,-243.89856,0.9956706089,-0.058392082,0.0723215268,,,,
15430,0.0,-563.67981,-913.707825,-243.677048,0.9956706089,-0.058392082,0.0723215268,,,,
15431,0.0,-564.569641,-915.415405,-243.478912,0.9955893655,-0.0583872302,0.0734353234,,,,
15432,0.0,-565.728088,-916.944885,-243.200241,0.9955868878,-0.0583871721,0.0734689521,,,,
15433,0.0,-567.343262,-918.444885,-242.841782,0.9954427508,-0.0594629086,0.0745512737,,,,
15434,0.0,-569.306458,-919.898743,-242.285782,0.9947421664,-0.0663266105,0.0780307827,,,,
15435,0.0,-569.97052,-920.438599,-241.950455,0.9937490808,-0.0762752145,0.0815159864,,,,
15436,0.0,-573.28772,-922.347778,-240.590683,0.9861246932,-0.1331872811,0.0990920658,,,,
15437,0.0,-575.132568,-923.253601,-239.886032,0.9790206026,-0.1724975147,0.1084585959,,,,
15438,0.0,-577.428101,-924.447083,-238.941071,0.9537172285,-0.2717339133,0.128779379,,,,
15439,0.0,-580.099854,-925.827026,-237.898499,0.9109816279,-0.3853747124,0.1469653178,,,,
15440,0.0,-582.875793,-927.501648,-236.765549,0.8297143799,-0.5317602223,0.1697206937,,,,
15441,0.0,-584.269409,-928.320923,-236.0439685,0.7668537645,-0.6078736357,0.1804576306,,,,
15442,0.0,-587.853577,-930.088623,-234.208755,0.5823891036,-0.7875619806,0.2014176227,,,,
15443,0.0,-591.433655,-931.107361,-232.705154,0.3771637027,-0.9023743586,0.2084899479,,,,
15444,0.0,-594.778198,-931.81311,-231.093857,0.197221285,-0.9578451978,0.2088931346,,,,
15445,0.0,-596.621216,-932.293335,-230.067383,0.1026738225,-0.972849661,0.2074165451,,,,
15446,0.0,-601.818054,-933.077637,-227.410721,-0.0651150979,-0.9767038242,0.2044741153,,,,
15447,0.0,-604.85199,-933.23645,-225.603195,-0.0699523061,-0.9763868036,0.20439052,,,,
15448,0.0,-606.064148,-933.345154,-224.900681,-0.0699523061,-0.9763868036,0.20439052,,,,
15449,0.0,-609.233887,-933.446777,-223.18895,-0.0699523061,-0.9763868036,0.20439052,,,,
15450,0.0,-612.307007,-933.526001,-221.565109,-0.0699523061,-0.9763868036,0.20439052,,,,
15451,0.0,-615.519775,-933.607239,-219.888321,-0.0699523061,-0.9763868036,0.20439052,,,,
15452,0.0,-618.896973,-933.856445,-218.151031,-0.0699523061,-0.9763868036,0.20439052,,,,
15453,0.0,-620.393799,-933.934937,-217.433075,-0.0699523061,-0.9763868036,0.20439052,,,,
15454,0.0,-626.331848,-934.496643,-214.576294,-0.0699523061,-0.9763868036,0.20439052,,,,
15455,0.0,-628.5905455,-934.538849,-213.577858,-0.0699523061,-0.9763868036,0.20439052,,,,
15456,0.0,-630.849243,-934.581055,-212.579422,-0.0699523061,-0.9763868036,0.20439052,,,,
15457,0.0,-633.683838,-934.614197,-211.335617,-0.0699523061,-0.9763868036,0.20439052,,,,
15458,0.0,-635.167847,-934.580017,-210.685196,-0.0699523061,-0.9763868036,0.20439052,,,,
15459,0.0,-640.920654,-934.49115,-208.202332,-0.0748464367,-0.9762507754,0.2033037982,,,,
15460,0.0,-644.573242,-934.365173,-206.766144,-0.1565792302,-0.9702177282,0.1848256057,,,,
15461,0.0,-646.798462,-934.144653,-205.815636,-0.2507783062,-0.9494437461,0.1605359914,,,,
15462,0.0,-649.023682,-933.924133,-204.865128,-0.3449773822,-0.928669764,0.136246377,,,,
15463,0.0,-662.947754,-935.032959,-200.551086,-0.6430212118,-0.7628617125,0.067570176,,,,
15464,0.0,-667.071472,-933.688416,-199.020294,-0.7643870979,-0.6438666039,0.0338845254,,,,
15465,0.0,-670.839111,-932.193359,-197.534515,-0.8561972339,-0.5166144868,0.0059807015,,,,
15466,0.0,-672.824371,-931.449493,-196.66452,-0.8865397382,-0.4577265979,-0.0049883364,,,,
15467,0.0,-674.809631,-930.705627,-195.794525,-0.9168822424,-0.398838709,-0.0159573742,,,,
15468,0.0,-680.216064,-929.012329,-193.23233,-0.955973017,-0.2920027665,-0.0291543337,,,,
15469,0.0,-682.6145015,-928.3560485,-192.053833,-0.9629080734,-0.2670178442,-0.028933075,,,,
15470,0.0,-686.696594,-927.262817,-190.039734,-0.9714080888,-0.2358164579,-0.0275122371,,,,
15471,0.0,-688.917236,-926.6314695,-188.9354095,-0.9725469741,-0.2312108404,-0.0258590129,,,,
15472,0.0,-692.607422,-925.544434,-187.099854,-0.9740124943,-0.2254079092,-0.0221570614,,,,
15473,0.0,-694.86673,-924.771027,-185.974976,-0.9743658772,-0.2242766216,-0.0167469507,,,,
15474,0.0,-698.205933,-923.609558,-184.312073,-0.9748234647,-0.2227542126,-0.0099886674,,,,
15475,0.0,-703.365356,-921.586426,-181.740356,-0.9750274692,-0.2218974553,-0.0091078922,,,,
15476,0.0,-704.446899,-921.14386,-181.200867,-0.9750274692,-0.2218974553,-0.0091078922,,,,
15477,0.0,-701.952148,-922.230286,-179.701904,-0.9750274692,-0.2218974553,-0.0091078922,,,,
15478,0.0,-706.027649,-921.226685,-178.020721,-0.9750274692,-0.2218974553,-0.0091078922,,,,
15479,0.0,-709.18042,-920.559448,-176.741302,-0.9750274692,-0.2218974553,-0.0091078922,,,,
15480,0.0,-712.81781,-919.957581,-175.241898,-0.9750274692,-0.2218974553,-0.0091078922,,,,
15481,0.0,-716.48999,-919.146362,-173.493835,-0.9750274692,-0.2218974553,-0.0091078922,,,,
15482,0.0,-717.751648,-918.95752,-172.87088,-0.9750274692,-0.2218974553,-0.0091078922,,,,
15483,0.0,-722.935364,-918.367371,-170.100906,-0.9750274692,-0.2218974553,-0.0091078922,,,,
15484,0.0,-724.595215,-918.270081,-169.170898,-0.9750274692,-0.2218974553,-0.0091078922,,,,
15485,0.0,-729.017883,-918.094849,-166.667816,-0.9750274692,-0.2218974553,-0.0091078922,,,,
15486,0.0,-732.541382,-918.051636,-164.601715,-0.9750274692,-0.2218974553,-0.0091078922,,,,
15487,0.0,-741.74469,-914.188965,-162.511139,-0.9784757735,-0.205574736,-0.0180052398,,,,
15488,0.0,-743.460083,-914.198792,-161.644226,-0.9787868648,-0.2039023455,-0.0200026698,,,,
15489,0.0,-747.333679,-914.304871,-159.682983,-0.9789726493,-0.202743312,-0.0225322309,,,,
15490,0.0,-751.616394,-914.298462,-157.511597,-0.9789642011,-0.2027415624,-0.0229118293,,,,
15491,0.0,-753.170593,-914.222839,-156.723083,-0.9789642011,-0.2027415624,-0.0229118293,,,,
15492,0.0,-756.976257,-913.876831,-154.79126,-0.9789642011,-0.2027415624,-0.0229118293,,,,
15493,0.0,-760.568237,-913.37439,-152.966705,-0.9789642011,-0.2027415624,-0.0229118293,,,,
15494,0.0,-763.719116,-912.801086,-151.364746,-0.9789642011,-0.2027415624,-0.0229118293,,,,
15495,0.0,-767.02655,-912.073242,-149.682495,-0.9789642011,-0.2027415624,-0.0229118293,,,,
15496,0.0,-771.676086,-910.855286,-147.315369,-0.9789642011,-0.2027415624,-0.0229118293,,,,
15497,0.0,-774.091156,-910.0997925,-146.084671,-0.9789642011,-0.2027415624,-0.0229118293,,,,
15498,0.0,-777.94574,-908.860901,-144.120087,-0.9789642011,-0.2027415624,-0.0229118293,,,,
15499,0.0,-779.774872,-908.196625,-143.186905,-0.9789642011,-0.2027415624,-0.0229118293,,,,
15500,0.0,-781.604004,-907.532349,-142.253723,-0.9789642011,-0.2027415624,-0.0229118293,,,,
15501,0.0,-785.189453,-906.115051,-140.426239,-0.9793054452,-0.201086788,-0.0229117595,,,,
15502,0.0,-788.782166,-904.806396,-138.596405,-0.9798440521,-0.1984456721,-0.0229117595,,,,
15503,0.0,-791.977661,-903.828491,-136.968567,-0.9803358869,-0.196124539,-0.0218337824,,,,
15504,0.0,-796.647522,-902.66449,-134.585632,-0.9807109663,-0.1943737744,-0.0206115594,,,,
15505,0.0,-799.106964,-902.198517,-133.32991,-0.9808954209,-0.1934976028,-0.0200431065,,,,
15506,0.0,-803.355591,-901.456055,-131.160431,-0.9812045826,-0.1919865347,-0.0194611822,,,,
15507,0.0,-805.3831485,-901.2031555,-130.1234895,-0.981262908,-0.1917347674,-0.018989339,,,,
15508,0.0,-807.410706,-900.950256,-129.086548,-0.9813212334,-0.191483,-0.0185174958,,,,
15509,0.0,-812.262024,-900.499451,-126.609261,-0.9818405838,-0.1888580912,-0.0179356997,,,,
15510,0.0,-816.336365,-900.286133,-124.551094,-0.9820000606,-0.1880994314,-0.0171605613,,,,
15511,0.0,-819.564453,-900.209106,-122.937019,-0.9820000606,-0.1880994314,-0.0171605613,,,,
15512,0.0,-821.9895325,-900.1936645,-121.724495,-0.9820000606,-0.1880994314,-0.0171605613,,,,
15513,0.0,-826.478455,-900.187805,-119.48011,-0.9820000606,-0.1880994314,-0.0171605613,,,,
15514,0.0,-830.160706,-900.299683,-117.638924,-0.9820132982,-0.188101967,-0.0163564091,,,,
15515,0.0,-831.53125,-900.344482,-116.953651,-0.982042035,-0.1879816718,-0.0160103905,,,,
15516,0.0,-836.700317,-900.590576,-114.368355,-0.9822345611,-0.1869730979,-0.0160102335,,,,
15517,0.0,-839.987427,-900.799744,-112.724762,-0.9822345611,-0.1869730979,-0.0160102335,,,,
15518,0.0,-843.579529,-901.068115,-110.928711,-0.9822345611,-0.1869730979,-0.0160102335,,,,
15519,0.0,-847.678467,-901.419189,-108.879272,-0.9822345611,-0.1869730979,-0.0160102335,,,,
15520,0.0,-849.272583,-901.566223,-108.082191,-0.9822345611,-0.1869730979,-0.0160102335,,,,
15521,0.0,-853.470337,-901.98938,-105.983376,-0.9822345611,-0.1869730979,-0.0160102335,,,,
15522,0.0,-857.129456,-902.389099,-104.153839,-0.9822345611,-0.1869730979,-0.0160102335,,,,
15523,0.0,-860.564026,-902.788513,-102.436493,-0.9822345611,-0.1869730979,-0.0160102335,,,,
15524,0.0,-864.002625,-903.210022,-100.717209,-0.9822345611,-0.1869730979,-0.0160102335,,,,
15525,0.0,-865.83136,-903.4448855,-99.8028565,-0.9822345611,-0.1869730979,-0.0160102335,,,,
15526,0.0,-869.266785,-903.891663,-98.085129,-0.9822345611,-0.1869730979,-0.0160102335,,,,
15527,0.0,-872.939575,-904.387695,-96.248581,-0.9823415542,-0.1864101346,-0.0160103905,,,,
15528,0.0,-877.627625,-905.037964,-93.903366,-0.9826426427,-0.1848164078,-0.0160103731,,,,
15529,0.0,-878.93158,-905.219116,-93.250702,-0.9827951297,-0.1840335869,-0.0156643526,,,,
15530,0.0,-882.90564,-905.736084,-91.257904,-0.9842606545,-0.1762340823,-0.0131343943,,,,
15531,0.0,-886.624268,-906.143188,-89.392067,-0.9871761504,-0.1594060421,-0.0085417644,,,,
15532,0.0,-890.271545,-906.401062,-88.363029,-0.9918732648,-0.127214188,-0.0019942119,,,,
15533,0.0,-894.352661,-906.58313,-88.295547,-0.9966256199,-0.0819780991,0.0041188607,,,,
15534,0.0,-896.066101,-906.576843,-88.29863,-0.9984444741,-0.0553266226,0.0068990573,,,,
15535,0.0,-900.985352,-906.065247,-88.298622,-0.9977399496,0.0641169293,0.0201000571,,,,
15536,0.0,-904.410645,-905.102783,-88.298714,-0.9798478102,0.1972899995,0.0312237864,,,,
15537,0.0,-906.087646,-905.01062,-88.298721,-0.9641081138,0.2632408052,0.0346384661,,,,
15538,0.0,-910.100525,-905.284729,-88.298721,-0.9028676901,0.4279559507,0.0410321637,,,,
15539,0.0,-912.783081,-904.594482,-88.298721,-0.8344096755,0.549230918,0.0458899994,,,,
15540,0.0,-916.755859,-903.870117,-88.298721,-0.7097574769,0.7023036403,0.0548991887,,,,
15541,0.0,-918.1842345,-903.6389465,-88.298721,-0.6436244036,0.7582992746,0.0567222984,,,,
15542,0.0,-919.61261,-903.407776,-88.298721,-0.5774913302,0.8142949089,0.0585454082,,,,
15543,0.0,-922.063049,-903.395569,-88.298721,-0.4413552583,0.896123657,0.0465610062,,,,
15544,0.0,-923.016968,-903.502991,-88.298721,-0.399441417,0.9159604622,0.0382490004,,,,
15545,0.0,-928.769043,-904.590149,-88.298721,-0.3189034185,0.9476103217,0.0183108664,,,,
15546,0.0,-931.1877135,-905.12381,-88.298721,-0.3189034185,0.9476103217,0.0183108664,,,,
15547,0.0,-935.156067,-906.013,-88.298721,-0.3189034185,0.9476103217,0.0183108664,,,,
15548,0.0,-937.5938415,-906.6021115,-88.298721,-0.3189034185,0.9476103217,0.0183108664,,,,
15549,0.0,-941.733032,-907.617004,-88.298721,-0.3189034185,0.9476103217,0.0183108664,,,,
15550,0.0,-943.6036375,-908.1644285,-88.298721,-0.3189034185,0.9476103217,0.0183108664,,,,
15551,0.0,-948.667053,-909.950562,-88.298721,-0.3189034185,0.9476103217,0.0183108664,,,,
15552,0.0,-950.081665,-910.614655,-88.298721,-0.3189034185,0.9476103217,0.0183108664,,,,
15553,0.0,-952.613464,-911.845276,-88.298721,-0.3189034185,0.9476103217,0.0183108664,,,,
15554,0.0,-954.850586,-913.2095645,-88.298721,-0.3189034185,0.9476103217,0.0183108664,,,,
15555,0.0,-958.0979,-915.261597,-88.298721,-0.321729852,0.9466544325,0.0183108664,,,,
15556,0.0,-960.846924,-917.325928,-88.298721,-0.3309282792,0.9434664956,0.0189062347,,,,
15557,0.0,-963.633301,-919.657959,-88.298721,-0.327331386,0.9447091762,0.0194611473,,,,
15558,0.0,-966.112732,-921.947327,-88.298721,-0.3097704796,0.9506121784,0.0194611473,,,,
15559,0.0,-968.499146,-924.312988,-88.298721,-0.2925531633,0.9561113578,0.0162394003,,,,
15560,0.0,-969.396851,-925.238159,-88.298721,-0.2884201046,0.9573768181,0.0156035702,,,,
15561,0.0,-971.905029,-927.920715,-88.298721,-0.282146092,0.9592655001,0.0142577399,,,,
15562,0.0,-974.146606,-930.530579,-88.298721,-0.281622466,0.9594273479,0.0137095158,,,,
15563,0.0,-976.175293,-933.40564,-88.298721,-0.281622466,0.9594273479,0.0137095158,,,,
15564,0.0,-977.903503,-936.361023,-88.298721,-0.281622466,0.9594273479,0.0137095158,,,,
15565,0.0,-978.533691,-937.567139,-88.298721,-0.281622466,0.9594273479,0.0137095158,,,,
15566,0.0,-980.154175,-941.319702,-88.298721,-0.2840533755,0.9587104509,0.0137095332,,,,
15567,0.0,-981.206421,-944.278381,-88.298721,-0.2892798665,0.957146388,0.0137095158,,,,
15568,0.0,-982.286743,-947.709595,-88.298729,-0.3084636633,0.9510833835,0.0170459972,,,,
15569,0.0,-982.788208,-949.453491,-88.298744,-0.3244778547,0.9457016235,0.0190410371,,,,
15570,0.0,-983.983093,-953.426453,-88.298935,-0.4017979811,0.9152867129,0.0284361668,,,,
16867,0.0,1620.532959,-1045.186523,-262.066315,-0.2115818929,0.9727078578,0.0952498088,0.0754434977,349.2614921856,916.5886278495,6.0
16868,0.0,1620.533325,-1045.18811,-262.219055,-0.2115818929,0.9727078578,0.0952498088,0.0751799598,349.1524978435,917.8443584424,6.0
16869,0.0,1620.514282,-1045.10083,-262.141724,-0.2115818929,0.9727078578,0.0952498088,0.0740600065,348.3481604364,922.3596007586,6.0
16870,0.0,1620.505005,-1045.058472,-262.061066,-0.2115818929,0.9727078578,0.0952498088,0.0731896118,347.5007629252,925.3617650895,6.0
16871,0.0,1620.344238,-1042.236938,-262.050201,-0.2264738226,0.9693487908,0.0952498261,0.0784216171,359.3078360195,925.5923141257,6.0
16872,0.0,1620.235962,-1039.018921,-261.988983,-0.2464004674,0.9644761688,0.0952498261,0.0859184894,375.2341686478,925.2920861857,6.0
16873,0.0,1620.13855,-1035.703369,-261.987732,-0.2625756902,0.9601986657,0.0952498261,0.0921221829,387.7183035315,924.823622544,6.0
16874,0.0,1619.941284,-1032.51123,-261.992767,-0.2741493037,0.9569585327,0.0952498088,0.0966146087,396.353563862,924.2681808955,6.0
16875,0.0,1619.717529,-1029.140259,-261.963379,-0.2832858818,0.9542937597,0.0952498261,0.1001382509,402.858612513,923.6164354068,6.0
16876,0.0,1619.491821,-1026.085449,-261.925507,-0.29021189,0.9522103389,0.0952498261,0.1028489277,407.7508836812,923.0900485127,6.0
16877,0.0,1618.953003,-1022.886292,-261.860992,-0.2996885115,0.9492703865,0.0952498261,0.1069905645,415.2777285209,922.7615962153,6.0
16878,0.0,1617.824585,-1018.689331,-261.73642,-0.3164790119,0.9438053342,0.0952498088,0.1149386532,429.338966423,922.3686009853,6.0
16912,0.0,1610.355713,-911.712646,-256.324951,-0.8773445624,0.4662256788,0.1135787619,0.0216783873,236.7397645502,1143.1659451825,0.0
16913,0.0,1609.848755,-906.829712,-256.127899,-0.8937810494,0.433673117,0.1143812189,0.0153394278,198.3024762788,1136.5287788186,0.0
16914,0.0,1609.061279,-897.847534,-255.737808,-0.9210835121,0.3717333414,0.1158425081,0.0067547897,131.2833360375,1131.4186242706,0.0
16915,0.0,1608.941406,-897.799194,-255.765594,-0.9210835121,0.3717333414,0.1158425081,0.0066552352,129.8970398751,1127.7850693482,0.0
16916,0.0,1607.790405,-896.843201,-255.644058,-0.9232850983,0.366083121,0.1163089667,0.0059359216,121.9988863985,1121.3527006072,0.0
16917,0.0,1606.1054685,-895.249817,-255.6989975,-0.9265943052,0.357202746,0.1172116252,0.0050858418,112.1337481375,1116.8263797967,0.0
16918,0.0,1604.420532,-893.656433,-255.753937,-0.9299035121,0.348322371,0.1181142837,0.004235762,102.2686098764,1112.3000589862,0.0
16927,0.0,1580.717896,-878.520691,-256.549408,-0.947224202,0.296007733,0.1230680022,0.0009238996,45.5891158616,1060.8015061697,0.0
16928,0.0,1578.0452275,-877.0410155,-256.6293335,-0.9480132844,0.2933688175,0.1232798364,0.0008402634,43.2125106098,1055.3754652338,0.0
16929,0.0,1573.739136,-874.649353,-256.708008,-0.9493252239,0.2889572555,0.1236338294,0.0007130944,39.5124791871,1046.4613817698,0.0
16930,0.0,1568.140137,-871.694275,-256.952423,-0.9507642472,0.2834261521,0.1253673107,0.0006259657,36.6356537976,1035.5752670274,0.0
16931,0.0,1567.020325,-871.2991945,-256.9882505,-0.9516367918,0.2802947465,0.1257440366,0.0005833558,35.2362218963,1032.3123124295,0.0
16932,0.0,1564.379028,-870.254944,-257.037903,-0.9533064907,0.2740201656,0.1269633165,0.0005352117,33.5556338563,1025.7600382139,0.0
16933,0.0,1559.981079,-868.427612,-256.831848,-0.9553590396,0.2651571458,0.1303103739,0.0006186476,35.7287457373,1015.8937070104,0.0
16934,0.0,1558.1885375,-867.728973,-256.7510375,-0.9565094485,0.2602576278,0.131637954,0.0007091645,38.0169209056,1011.9617046679,0.0
16935,0.0,1554.884277,-866.457764,-256.655457,-0.958573173,0.2516168937,0.1335155829,0.0008814199,42.177086663,1004.7682004815,0.0
16936,0.0,1550.733887,-864.931152,-256.288086,-0.961303622,0.2401085142,0.1350675674,0.0012482401,49.7277707653,995.5670273222,0.0
16937,0.0,1548.971863,-864.3220825,-256.138771,-0.9627076455,0.2339545892,0.135716529,0.0015279621,54.5512294634,991.7430995117,0.0
16938,0.0,1545.559082,-863.187378,-256.036743,-0.9658402777,0.2199987246,0.1369420282,0.0022364162,65.8078763539,984.5312785364,0.0
16939,0.0,1541.314819,-861.887939,-255.592163,-0.9707392224,0.1968557549,0.1375251752,0.0039036447,86.1021537566,975.4120658438,0.0
16940,0.0,1537.742188,-860.852295,-255.541748,-0.9741409894,0.1792656099,0.1375251752,0.0055601716,101.939820348,968.0310695023,0.0
16941,0.0,1535.951538,-860.374695,-255.350616,-0.9764992741,0.1669104119,0.1363454511,0.0068881473,112.9853446688,964.2842343837,0.0
16942,0.0,1532.033081,-859.34552,-255.258453,-0.9800642194,0.1463061522,0.1344196256,0.0095065252,131.5457444666,956.2809868981,0.0
16943,0.0,1528.119873,-858.362427,-255.315155,-0.9829276484,0.1292200606,0.1309786776,0.0120600551,146.8388965621,948.3416742479,0.0
16944,0.0,1526.951416,-858.119751,-255.537567,-0.984262841,0.12034092,0.1294014019,0.0135264528,155.0118896288,945.6526792748,0.0
16945,0.0,1521.846924,-857.03241,-255.821396,-0.9880040459,0.0913295898,0.1245267496,0.0190119001,181.6296502014,935.9077673862,0.0
16946,0.0,1517.915771,-856.254639,-256.186432,-0.9901795538,0.0708145736,0.1205394018,0.0235951197,200.4991796241,928.4607492735,0.0
16947,0.0,1516.895142,-856.076111,-256.269775,-0.9908323885,0.0642893671,0.1188194224,0.025165569,206.4872251683,926.2419913666,0.0
16948,0.0,1511.76416,-855.156799,-256.746735,-0.9926495183,0.0430907727,0.1130934092,0.030931357,226.627318588,918.2952663377,0.0
16949,0.0,1508.05481,-854.526123,-257.073364,-0.9937850302,0.0308614426,0.1069527233,0.0347996265,238.8325598257,913.277636181,0.0
16950,0.0,1506.497559,-854.271851,-257.147491,-0.9941363364,0.0269546439,0.1047205414,0.0361773067,242.9330306249,911.4173985422,0.0
16951,0.0,1502.419434,-853.650574,-257.319122,-0.9949284189,0.0177497959,0.099007,0.0395556436,252.6277903448,907.1928855037,0.0
16952,0.0,1498.2771,-853.09375,-257.424835,-0.9957268756,0.0068435666,0.0920931855,0.0435638884,263.7996686251,903.6038906641,0.0
16953,0.0,1495.815308,-852.790649,-257.436188,-0.9960653351,0.0015234328,0.0886088447,0.0455546205,268.9943286832,901.4987691761,0.0
16954,0.0,1491.626465,-852.355042,-257.328888,-0.9966755574,-0.0130644568,0.0804186126,0.0507054134,282.3642475158,898.1395140668,0.0
16955,0.0,1490.117676,-852.211609,-257.297211,-0.9967790844,-0.0172575715,0.0783175153,0.0523500108,286.410650986,896.9646349578,0.0
16956,0.0,1485.880859,-851.861633,-257.00473,-0.9969005569,-0.0307976888,0.0723932458,0.0573014816,298.207630211,893.7851222896,0.0
16957,0.0,1482.170776,-851.732849,-256.63092,-0.9959786364,-0.0602833028,0.0662757812,0.0681862355,323.433755245,891.1572776169,0.0
16958,0.0,1479.699829,-851.70752,-256.481964,-0.9945067032,-0.0838031734,0.062717186,0.0771409873,342.4569688697,889.1800104171,0.0
16959,0.0,1473.895752,-851.886414,-255.878738,-0.9871918959,-0.1490630093,0.0568540224,0.1053943113,395.6839862752,885.4834950343,0.0
16960,0.0,1471.2927245,-852.159668,-255.632118,-0.9794709788,-0.1892767218,0.0559767752,0.1257197877,427.5058566754,884.1082445089,0.0
16961,0.0,1468.689697,-852.432922,-255.385498,-0.9717500618,-0.2294904344,0.055099528,0.1460452642,459.3277270756,882.7329939835,0.0
16962,0.0,1464.78064,-853.049133,-255.185379,-0.9591503046,-0.2774792554,0.0550995106,,,,
16963,0.0,1459.312622,-854.048645,-255.178345,-0.9435130316,-0.3269135596,0.0539507534,,,,
16964,0.0,1457.144287,-854.3776855,-255.2377395,-0.9432829825,-0.3275760056,0.0539507534,,,,
16965,0.0,1454.975952,-854.706726,-255.297134,-0.9430529334,-0.3282384515,0.0539507534,,,,
16966,0.0,1449.041992,-855.669312,-255.561447,-0.9496054656,-0.3089683157,0.05280189,,,,
16967,0.0,1446.9734495,-856.045868,-255.710869,-0.9496054656,-0.3089683157,0.05280189,,,,
16968,0.0,1444.904907,-856.422424,-255.860291,-0.9496054656,-0.3089683157,0.05280189,,,,
16969,0.0,1439.185059,-857.580261,-256.248199,-0.9496054656,-0.3089683157,0.05280189,,,,
16970,0.0,1436.78418,-858.137146,-256.328033,-0.9496054656,-0.3089683157,0.05280189,,,,
16971,0.0,1434.383301,-858.694031,-256.407867,-0.9496054656,-0.3089683157,0.05280189,,,,
16972,0.0,1429.256348,-859.918274,-256.295319,-0.9496054656,-0.3089683157,0.05280189,,,,
16973,0.0,1424.926392,-860.711853,-256.045929,-0.9496054656,-0.3089683157,0.05280189,,,,
16974,0.0,1421.266113,-861.130798,-255.324219,-0.9496054656,-0.3089683157,0.05280189,,,,
16975,0.0,1419.945557,-861.20813,-255.147659,-0.9496054656,-0.3089683157,0.05280189,,,,
16976,0.0,1415.897949,-861.153198,-254.61055,-0.9525130404,-0.3005680145,0.0487624504,,,,
16977,0.0,1412.478271,-861.138123,-254.650726,-0.9509849732,-0.3056358179,0.0470566419,,,,
16978,0.0,1410.816162,-860.839844,-254.316742,-0.9476810019,-0.3156304284,0.047729983,,,,
16979,0.0,1406.457764,-860.466064,-254.244232,-0.9310424988,-0.3613605946,0.0507778118,,,,
16980,0.0,1402.048218,-859.901611,-254.199493,-0.9141785088,-0.4020069953,0.0516529741,,,,
16981,0.0,1400.462891,-859.71814,-254.21904,-0.9113533425,-0.4083712202,0.0516529915,,,,
16982,0.0,1396.332886,-859.047668,-254.318558,-0.9067491955,-0.418494761,0.0516529915,,,,
16983,0.0,1394.1756595,-858.6133115,-254.45031,-0.9063699077,-0.419314612,0.0516529828,,,,
16984,0.0,1392.018433,-858.178955,-254.582062,-0.9059906199,-0.420134463,0.0516529741,,,,
16985,0.0,1389.277954,-857.6521,-254.75177,-0.9059906199,-0.420134463,0.0516529741,,,,
16986,0.0,1383.369263,-856.356201,-255.357803,-0.9059906199,-0.420134463,0.0516529741,,,,
16987,0.0,1380.718872,-855.739624,-255.765442,-0.9059906199,-0.420134463,0.0516529741,,,,
16988,0.0,1375.855347,-854.868958,-257.19339,-0.9059906199,-0.420134463,0.0516529741,,,,
16989,0.0,1373.896118,-854.423828,-258.156433,-0.905525617,-0.4211357545,0.0516530089,,,,
16990,0.0,1369.383301,-853.308044,-261.162476,-0.9039627201,-0.4244801163,0.0516529915,,,,
16991,0.0,1367.584229,-852.753845,-262.166565,-0.9028483827,-0.4268451336,0.0516529741,,,,
17872,0.0,1313.691406,896.848694,-158.997162,0.058292454,-0.9972434502,0.0459074168,0.0720367458,487.2836644155,1307.5413540809,0.0
17873,0.0,1308.127441,893.02179,-160.298737,0.058292454,-0.9972434502,0.0459074168,0.0740533696,495.1506711241,1311.1211876833,0.0
17874,0.0,1308.146484,892.696472,-160.298737,0.058292454,-0.9972434502,0.0459074168,0.0742036736,497.5598187271,1316.216772824,0.0
17875,0.0,1308.199768,891.7838135,-160.298737,0.058292454,-0.9972434502,0.0459074168,0.074344136,498.7611856672,1318.1947216894,0.0
17876,0.0,1308.282593,890.366821,-160.298737,0.058292454,-0.9972434502,0.0459074168,0.0745499901,500.5739908207,1321.2298031737,0.0
17877,0.0,1308.361145,889.0218505,-160.298737,0.058292454,-0.9972434502,0.0459074168,0.0747124007,501.4153510021,1322.0669932356,0.0
17878,0.0,1308.439697,887.67688,-160.298737,0.058292454,-0.9972434502,0.0459074168,0.0748748113,502.2567111836,1322.9041832975,0.0
17879,0.0,1311.541992,883.658508,-190.086792,0.058292454,-0.9972434502,0.0459074168,0.0748219764,502.4860030079,1323.9571616165,0.0
17880,0.0,1311.748779,880.114929,-182.815918,0.058292454,-0.9972434502,0.0459074168,0.0750899015,503.2614239023,1323.7246286513,0.0
17881,0.0,1312.05249,874.920776,-172.158234,0.058292454,-0.9972434502,0.0459074168,0.0754876189,504.4738908991,1323.5503769077,0.0
17882,0.0,1312.2027585,872.3465575,-166.876419,0.058292454,-0.9972434502,0.0459074168,0.0757003444,505.1815244139,1323.6178442355,0.0
17883,0.0,1312.439331,868.298584,-160.298737,0.058292454,-0.9972434502,0.0459074168,0.0760345899,506.3219474441,1323.8004341055,0.0
17884,0.0,1312.5909425,865.7047425,-160.298737,0.058292454,-0.9972434502,0.0459074168,0.0762752868,507.252249093,1324.2225191316,0.0
17885,0.0,1312.825806,861.682983,-160.298737,0.058292454,-0.9972434502,0.0459074168,0.0766268432,508.6755794681,1325.0084446457,0.0
17886,0.0,1312.981934,859.0105895,-160.298737,0.058292454,-0.9972434502,0.0459074168,0.0769224393,509.8063464896,1325.5035083423,0.0
17887,0.0,1313.304443,853.488831,-160.298737,0.058292454,-0.9972434502,0.0459074168,0.0775098384,512.0902833879,1326.5879768053,0.0
17888,0.0,1313.406677,851.73996,-160.298737,0.058292454,-0.9972434502,0.0459074168,0.0777163895,512.8775881928,1326.9328725471,0.0
17889,0.0,1313.606567,848.320862,-160.298737,0.058292454,-0.9972434502,0.0459074168,0.0781021322,514.3646134712,1327.6221369204,0.0
17890,0.0,1313.870117,843.8078,-160.298737,0.058292454,-0.9972434502,0.0459074168,0.0787308111,516.7062649255,1328.5480164853,0.0
17891,0.0,1314.104614,839.792664,-160.298737,0.058292454,-0.9972434502,0.0459074168,0.079324033,518.9015633472,1329.3995726055,0.0
17892,0.0,1314.208435,838.0175785,-160.298737,0.058292454,-0.9972434502,0.0459074168,0.0795961464,519.8891606295,1329.7468176335,0.0
17893,0.0,1314.397705,834.77533,-160.298737,0.058292454,-0.9972434502,0.0459074168,,,,
17894,0.0,1314.548645,832.19455,-160.298737,0.058292454,-0.9972434502,0.0459074168,,,,
17895,0.0,1314.808472,827.74707,-160.112762,0.058292454,-0.9972434502,0.0459074168,,,,
17896,0.0,1315.022705,824.079041,-158.90506,0.058292454,-0.9972434502,0.0459074168,,,,
17897,0.0,1315.245483,820.266846,-156.853851,0.058292454,-0.9972434502,0.0459074168,,,,
17898,0.0,1315.474609,816.343384,-154.861176,0.058292454,-0.9972434502,0.0459074168,,,,
17899,0.0,1315.541138,815.203674,-154.282349,0.058292454,-0.9972434502,0.0459074168,,,,
17900,0.0,1315.848389,809.628235,-151.640442,0.0561859853,-0.9973643487,0.0459074168,,,,
17901,0.0,1315.956055,806.812927,-151.315994,0.0498100292,-0.9976792086,0.0464236753,,,,
17902,0.0,1316.109619,803.110779,-151.513885,0.0430820581,-0.9979661126,0.0469848314,,,,
17903,0.0,1316.178711,799.486938,-151.514954,0.0278988039,-0.9983412557,0.0503626237,0.0967749096,570.3843717293,1329.049489844,0.0
17904,0.0,1316.242065,796.106934,-151.514771,0.0149189748,-0.9984961666,0.0527525311,,,,
17905,0.0,1316.256592,794.788696,-151.514755,0.0090828458,-0.9984945188,0.0540943411,,,,
17906,0.0,1316.517334,789.644348,-151.510468,-0.0099627223,-0.9982423929,0.0584197679,0.1443297623,845.6296901824,1633.9993271681,7.0
17907,0.0,1316.72998,787.727173,-151.509659,-0.018007918,-0.9980108263,0.0604161022,0.1407111379,835.0092431736,1632.5015847674,7.0
17908,0.0,1317.343506,783.627869,-151.510178,-0.041600562,-0.9969627218,0.0658386256,0.1292409873,800.3541108993,1627.6953521721,7.0
17909,0.0,1317.859375,780.308289,-151.510178,-0.0776475139,-0.9944722563,0.0706809385,0.1131061545,750.7276318575,1625.0455867237,7.0
17910,0.0,1318.55127,777.022766,-151.510178,-0.1088254791,-0.9912681155,0.0744616565,0.1000786709,707.4580124281,1622.4155339019,7.0
17911,0.0,1319.183716,774.170349,-151.510178,-0.1432837619,-0.9865494686,0.0786759785,0.0864642583,658.9238304032,1619.938827651,7.0
17912,0.0,1319.598267,772.57251,-151.510178,-0.1592001588,-0.9839878219,0.0801453412,0.0805355188,636.3756301284,1618.5636018276,7.0
17913,0.0,1320.844238,768.175537,-151.510178,-0.2060521576,-0.9748874226,0.0844808954,0.0642722374,569.5561908754,1614.7404632954,7.0
17914,0.0,1321.769287,765.079773,-151.510178,-0.2417973565,-0.966510863,0.085969705,0.0529490955,517.6110172101,1612.0762721732,7.0
17915,0.0,1322.600464,762.103394,-151.510178,-0.2870579871,-0.9539434709,0.0871181175,0.0399917461,450.5712254512,1609.3456109741,7.0
17916,0.0,1323.351318,759.471191,-151.510178,-0.3284354139,-0.9403903922,0.0882954648,0.0297972543,389.3060562188,1606.7472892647,7.0
17917,0.0,1324.356445,756.364136,-151.510178,-0.3644349336,-0.92693247,0.0893497361,0.0223130311,336.9806321301,1604.1570327854,7.0
17918,0.0,1325.344727,753.338074,-152.16687,-0.3990343224,-0.9124591879,0.090497734,0.0162656802,287.708175581,1601.6747719227,7.0
17919,0.0,1326.240356,750.687683,-152.405716,-0.4251408624,-0.9004167825,0.092221825,0.0126092599,253.2164124604,1599.5779999377,7.0
17920,0.0,1328.118286,745.461914,-152.298737,-0.4582021965,-0.8838524152,0.0941044906,0.0090900983,214.6728628357,1595.758089753,7.0
17921,0.0,1328.7037965,743.7409975,-152.298737,-0.4702981196,-0.8773686069,0.0941044906,0.0080836079,201.9487995505,1594.5417019352,7.0
17922,0.0,1329.289307,742.020081,-152.298737,-0.4823940427,-0.8708847986,0.0941044906,0.0070771176,189.2247362654,1593.3253141174,7.0
17923,0.0,1330.924072,737.216675,-152.298737,-0.5086403677,-0.8558208484,0.0941044733,0.0056458843,168.6915994363,1589.7408402879,7.0
17924,0.0,1332.263916,733.331909,-152.298737,-0.5178410948,-0.8502852142,0.0941044906,0.0053589077,164.0689729099,1586.92330971,7.0
17925,0.0,1332.926941,731.394409,-152.298737,-0.5212841046,-0.848169142,0.0941044993,0.0052824204,162.7436861688,1585.4608037389,7.0
17926,0.0,1333.589966,729.456909,-152.298737,-0.5247271145,-0.8460530698,0.094104508,0.0052059331,161.4183994278,1583.9982977678,7.0
17927,0.0,1335.258789,724.224121,-152.298737,-0.5377525572,-0.8377049965,0.0952498088,0.0051081605,159.5260697918,1580.3006545283,7.0
17928,0.0,1335.8760985,722.1165465,-152.298737,-0.5455009239,-0.8325757089,0.0957072358,0.0051370966,159.8281237797,1578.849233176,7.0
17929,0.0,1337.035156,718.077515,-152.298737,-0.5610871288,-0.8220680426,0.0968781052,0.0053325207,162.5435644782,1576.0436881871,7.0
17930,0.0,1337.63031,715.9060365,-152.298737,-0.5679102336,-0.8172874906,0.0972090852,0.005539903,165.466135215,1574.4544023291,7.0
17931,0.0,1338.950806,711.069397,-152.298737,-0.5798283906,-0.8088788371,0.0975400653,0.005932171,170.8333784105,1570.7097410575,7.0
17932,0.0,1339.650879,708.480164,-152.298737,-0.58444697,-0.8055032943,0.0979090509,0.0061596421,173.8358777417,1568.6154324965,7.0
17933,0.0,1340.1691285,706.356232,-152.298737,-0.5903090102,-0.8011363071,0.0982970258,0.0065256582,178.6269949758,1566.8078179082,7.0
17934,0.0,1341.122681,702.443909,-152.298737,-0.5997637411,-0.794068464,0.0986850006,0.0071268603,186.3145872174,1563.3560851471,7.0
17935,0.0,1341.7050175,699.964661,-152.298737,-0.6035428707,-0.7911186336,0.0992171568,0.0074526126,190.1702909904,1561.0000498517,7.0
17936,0.0,1342.287354,697.485413,-152.298737,-0.6073220003,-0.7881688033,0.0997493131,0.0077783649,194.0259947634,1558.6440145563,7.0
17937,0.0,1342.694214,695.742493,-152.298737,-0.6084885913,-0.787258304,0.0998298401,0.0078638762,194.8585700272,1556.8317166318,7.0
17938,0.0,1344.061646,689.417725,-152.298721,-0.6166538673,-0.7807503041,0.1008313968,0.008641456,203.3278087845,1549.9889003124,7.0
17939,0.0,1344.5124515,687.0682375,-152.298729,-0.622006171,-0.7763780829,0.1014752068,0.0092531167,209.8590087258,1547.1817846822,7.0
17940,0.0,1345.303223,682.825806,-152.298737,-0.6324784022,-0.7677411655,0.102686774,0.0105144103,223.0159155741,1541.9596113415,7.0
17941,0.0,1346.07312,678.177002,-152.298737,-0.6467840485,-0.7555005561,0.1043518299,0.0125754163,242.7586814801,1535.5651823117,7.0
17942,0.0,1346.3396,676.336914,-152.298737,-0.6546001617,-0.7486456916,0.1050155073,0.0138420617,254.1553053095,1532.8226149842,7.0
17943,0.0,1346.91626,671.770325,-152.298737,-0.6775559484,-0.7278576395,0.1055518514,0.0180860562,288.7253945051,1525.0028264846,7.0
17944,0.0,1347.032959,670.272705,-152.298737,-0.6909771145,-0.7151289682,0.1055518166,0.0211224413,311.1553277181,1521.9336643966,7.0
17945,0.0,1347.242798,667.941223,-152.298737,-0.7050582365,-0.7012500908,0.1055518514,0.0247020096,335.3215016001,1518.0250862888,7.0
17946,0.0,1347.592651,662.473877,-152.298737,-0.7471144109,-0.6562612826,0.1055518166,0.0385178058,414.7991834762,1509.089294995,7.0
17947,0.0,1347.640137,660.873291,-152.298737,-0.7613723084,-0.6396647731,0.1055518166,0.0383113564,457.011970387,1667.0505636719,6.0
17948,0.0,1347.733948,658.793091,-152.298737,-0.7826905864,-0.6125193833,0.1049942807,0.0310882709,409.5309136434,1667.1060630647,6.0
17949,0.0,1347.932495,654.310364,-152.298737,-0.8228736649,-0.5586814553,0.1037013163,0.0184530843,318.7720047098,1667.0303687379,6.0
17950,0.0,1348.10083,651.253357,-152.298737,-0.8464213814,-0.5229208172,0.1006213902,0.0125085157,262.8162641403,1666.8507337436,6.0
17951,0.0,1348.313599,648.893921,-152.298737,-0.8728463689,-0.478694815,0.0948181964,0.0072004314,199.7121370939,1667.2218401824,6.0
17952,0.0,1348.815552,644.861023,-152.298737,-0.9018675731,-0.4233890119,0.0858872823,0.0038224559,145.7231616704,1668.2370502518,6.0
17953,0.0,1349.271606,641.719299,-152.298737,-0.9159891187,-0.3932386206,0.079544464,0.0033276114,136.0779739569,1669.429658668,6.0
17954,0.0,1349.683716,638.94574,-152.298737,-0.9307940792,-0.3584658062,0.0715866458,0.003969448,148.6928758948,1670.4808899127,6.0
17955,0.0,1350.27063,635.775452,-152.298737,-0.9569136993,-0.2849940558,0.0556287715,0.009824573,233.9057568075,1672.7783108564,6.0
17956,0.0,1350.648804,633.871338,-152.298737,-0.9688742256,-0.2434736691,0.0447583228,0.0155132788,293.7161385034,1673.9863497841,6.0
17957,0.0,1351.483276,629.737183,-152.298737,-0.9792970292,-0.1998057668,0.0324805185,0.0229314915,356.9654931755,1676.4832746061,6.0
17958,0.0,1351.893311,627.663208,-152.298737,-0.9796386421,-0.1981840997,0.0321122019,0.0229127049,357.0569713178,1677.592259338,6.0
17959,0.0,1353.02063,622.023804,-152.298737,-0.9796386421,-0.1981840997,0.0321122019,0.0219288661,350.1124646819,1681.0418770781,6.0
17960,0.0,1353.4832155,619.723999,-152.298737,-0.9796386421,-0.1981840997,0.0321122019,0.0215501586,347.3256720497,1682.1657372615,6.0
17961,0.0,1354.333618,615.489136,-152.298737,-0.9796386421,-0.1981840997,0.0321122019,0.0209124381,342.6076641163,1684.0781276716,6.0
17962,0.0,1354.826599,613.082825,-152.298737,-0.9796386421,-0.1981840997,0.0321122019,0.0205090485,339.6042169213,1685.5776350764,6.0
17963,0.0,1355.31958,610.676514,-152.298737,-0.9796386421,-0.1981840997,0.0321122019,0.020105659,336.6007697264,1687.0771424812,6.0
17964,0.0,1356.221191,606.307556,-152.298737,-0.9796386421,-0.1981840997,0.0321122019,0.0193639751,330.8890126603,1689.5955311137,6.0
17965,0.0,1356.746826,603.7634275,-152.298737,-0.9796386421,-0.1981840997,0.0321122019,0.0189178223,327.2775555118,1690.6879762532,6.0
17966,0.0,1357.59668,599.665955,-152.298737,-0.9796386421,-0.1981840997,0.0321122019,0.0182010867,321.4592633267,1692.5733286208,6.0
17967,0.0,1358.1121215,597.203217,-152.298737,-0.9796386421,-0.1981840997,0.0321122019,0.0177633255,317.7836584554,1693.6695292287,6.0
17968,0.0,1358.627563,594.740479,-152.298737,-0.9796386421,-0.1981840997,0.0321122019,0.0173255643,314.108053584,1694.7657298365,6.0
17969,0.0,1359.051392,592.724731,-152.298737,-0.9796386421,-0.1981840997,0.0321122019,0.0170075037,311.4110417416,1695.7162587987,6.0
17970,0.0,1359.769775,589.322266,-152.298737,-0.9796386421,-0.1981840997,0.0321122019,0.0164123837,306.2266839598,1697.1940735683,6.0
17971,0.0,1360.437378,586.172607,-152.298737,-0.9796386421,-0.1981840997,0.0321122019,0.0158689887,301.3925488823,1698.5280124442,6.0
17972,0.0,1361.157471,582.771973,-152.298737,-0.9816034189,-0.1888466366,0.0281367358,0.0168399091,310.6595371972,1699.9491549773,6.0
17973,0.0,1361.790649,580.281311,-152.298737,-0.9826070202,-0.1839682923,0.0252806521,0.0171662175,313.9061679243,1701.4507750074,6.0
17974,0.0,1362.774536,577.181641,-152.298737,-0.9828324918,-0.1829663069,0.0237407572,0.0167437881,310.3403488846,1703.0287217017,6.0
17975,0.0,1364.982178,571.43396,-152.298767,-0.978728858,-0.2032137085,0.0281782058,0.0123476087,267.358445891,1706.6020419745,6.0
17976,0.0,1366.086792,569.197998,-152.298782,-0.9758311254,-0.2163125548,0.031024078,0.0101095678,242.2843311257,1708.2225557164,6.0
17977,0.0,1367.6106565,566.3938295,-152.298767,-0.9703395496,-0.2378866614,0.0364195586,0.0074826921,205.3606292048,1709.7472649518,6.0
17978,0.0,1369.134521,563.589661,-152.298752,-0.9648479737,-0.2594607681,0.0418150392,0.0048558164,168.436927284,1711.2719741872,6.0
17979,0.0,1370.461304,561.521484,-152.298798,-0.9571318215,-0.2857412675,0.0474405342,0.0029748721,131.9509863907,1711.9328580621,6.0
17980,0.0,1372.919434,558.096191,-152.298782,-0.942212442,-0.3302846857,0.0561047288,0.001680204,99.319786999,1714.0452418191,6.0
17981,0.0,1374.704224,555.921265,-152.299011,-0.9303976935,-0.3613190534,0.0617144511,0.0022709705,115.5514220183,1715.5416141643,6.0
17982,0.0,1377.598022,552.365662,-152.298752,-0.9141531024,-0.3995168697,0.068632181,0.004825764,168.5500019718,1717.7316186377,6.0
17983,0.0,1381.591797,548.110229,-152.298859,-0.8922219454,-0.4450368287,0.07669564,0.0106661658,250.6956424901,1721.0313655995,6.0
17984,0.0,1383.151611,546.604126,-152.298889,-0.8812176354,-0.4656228279,0.081552812,0.014422376,291.4928435127,1722.5270683321,6.0
17985,0.0,1386.301636,543.854675,-152.298874,-0.8680326986,-0.4887293034,0.0875380042,0.0196198409,340.110243092,1725.4313639526,6.0
17986,0.0,1387.5875855,542.772064,-152.2988055,-0.8655354493,-0.4927211702,0.0897070698,0.0208636108,350.6833979363,1726.5207306899,6.0
17987,0.0,1388.873535,541.689453,-152.298737,-0.8630382,-0.496713037,0.0918761354,0.0221073807,361.2565527806,1727.6100974273,6.0
17988,0.0,1394.213135,537.826538,-152.298737,-0.8589164392,-0.5008396729,0.1068745642,0.0251035107,383.8839340589,1724.0923991645,6.0
17989,0.0,1396.229248,536.485229,-152.298737,-0.8585021588,-0.5013428492,0.1078396538,0.0255636728,387.8308616751,1726.2717915576,6.0
17990,0.0,1398.638794,534.995056,-152.298737,-0.8585021588,-0.5013428492,0.1078396538,0.0258190872,390.298257997,1728.7520030529,6.0
17991,0.0,1400.795654,533.663818,-152.298737,-0.8593082382,-0.5000474825,0.1074330816,0.0256769361,389.7707632472,1731.125485977,6.0
17992,0.0,1405.458374,531.223328,-152.298737,-0.8667170741,-0.4879134812,0.1036433712,0.0228899675,369.4146768808,1736.5053983588,6.0
17993,0.0,1407.604858,530.138489,-152.298752,-0.8683144153,-0.4852859758,0.102604083,0.0223323704,365.3901209415,1738.6522921761,6.0
17994,0.0,1409.960083,529.0224,-152.298752,-0.8695031848,-0.4833450885,0.1016943318,0.0219084694,362.3804903565,1740.7467684886,6.0
17995,0.0,1412.94043,527.601074,-152.298737,-0.8704401997,-0.4818070293,0.1009744779,0.021663606,360.9710828348,1743.6405806299,6.0
17996,0.0,1413.56152375,527.31962575,-152.298737,-0.870412862,-0.481856404,0.1009744822,0.0216986852,361.3975610922,1744.3046018515,6.0
17997,0.0,1414.1826175,527.0381775,-152.298737,-0.8703855242,-0.4819057786,0.1009744866,0.0217337643,361.8240393496,1744.9686230731,6.0
17998,0.0,1414.80371125,526.75672925,-152.298737,-0.8703581865,-0.4819551532,0.100974491,0.0217688435,362.250517607,1745.6326442947,6.0
17999,0.0,1415.424805,526.475281,-152.298737,-0.8699863092,-0.4828641959,0.0998298053,0.0218573937,363.116523053,1746.2966655163,6.0
18000,0.0,1415.424805,526.475281,-152.298737,-0.8699863092,-0.4828641959,0.0998298053,0.0218573937,363.116523053,1746.2966655163,6.0
18001,0.0,1425.945312,522.032471,-152.459106,-0.8698853115,-0.4828081396,0.1009744779,0.0223209148,369.2976525102,1757.6914546106,6.0
18002,0.0,1434.506958,519.418518,-153.334198,-0.8698853115,-0.4828081396,0.1009744779,0.0225049171,372.6823009241,1766.6167885208,6.0
18003,0.0,1437.125244,518.961975,-153.486359,-0.869906442,-0.4828195697,0.1007375074,0.0225374851,373.5391420678,1769.4131920125,6.0
18004,0.0,1442.46814,518.419128,-153.657867,-0.8684422196,-0.4856357835,0.0998298401,0.0231183704,379.400539008,1774.7165603827,6.0
18005,0.0,1444.089233,518.366028,-153.674805,-0.8683441507,-0.4858806013,0.0994910911,0.0232161684,380.4499291947,1775.9169190547,6.0
18006,0.0,1447.947876,518.396423,-153.664734,-0.868399577,-0.485911615,0.0988538171,0.0232729897,381.6270825618,1779.2613724889,6.0
18007,0.0,1450.832275,518.475647,-153.638306,-0.8684141994,-0.4859197969,0.0986850006,0.0233562832,382.9036441619,1782.0645655788,6.0
18008,0.0,1454.00769,518.810974,-153.52655,-0.8684141994,-0.4859197969,0.0986850006,0.0234619608,384.378645811,1784.9436539602,6.0
18009,0.0,1459.201294,519.543762,-153.282288,-0.8684141994,-0.4859197969,0.0986850006,0.0234353559,385.2950702781,1790.2025221555,6.0
18010,0.0,1461.398865,519.982605,-153.1359865,-0.8684141994,-0.4859197969,0.0986850006,0.0233692019,385.216132384,1792.3421482036,6.0
18011,0.0,1463.596436,520.421448,-152.989685,-0.8684141994,-0.4859197969,0.0986850006,0.023303048,385.1371944898,1794.4817742518,6.0
18012,0.0,1465.339233,520.819275,-152.857056,-0.8684141994,-0.4859197969,0.0986850006,0.0232468461,385.0213537946,1796.0837214488,6.0
18013,0.0,1471.979858,522.507996,-152.34494,-0.868314545,-0.4858640354,0.0998298053,0.023000811,384.2131005106,1801.7616922552,6.0
18014,0.0,1474.209229,523.160767,-152.285034,-0.868314545,-0.4858640354,0.0998298053,0.0228370832,383.1953542487,1803.3444595356,6.0
18015,0.0,1474.812378,523.348755,-152.286285,-0.868314545,-0.4858640354,0.0998298053,0.0226722083,381.8083884686,1803.2636102055,6.0
18016,0.0,1475.385437,523.569641,-152.2925185,-0.869618657,-0.48366224,0.0991322035,0.021970057,375.8297615811,1803.0806730137,6.0
18017,0.0,1476.508057,524.049683,-152.298752,-0.8730365203,-0.4778504948,0.0972940847,0.0202865318,361.2992384309,1802.8598795625,6.0
18018,0.0,1477.1008915,524.3067325,-152.2987445,-0.873863865,-0.476424348,0.0968445428,0.019854268,357.4478434623,1802.8659500281,6.0
18019,0.0,1477.693726,524.563782,-152.298737,-0.8746912098,-0.4749982013,0.0963950008,0.0194220041,353.5964484937,1802.8720204937,6.0
18020,0.0,1478.987915,525.140564,-152.298737,-0.8753122052,-0.4738528716,0.0963950182,0.0189591175,349.2716387914,1802.2189143764,6.0
18021,0.0,1479.770874,525.5180665,-152.298737,-0.8763567165,-0.4719131868,0.0963950008,0.0184918005,344.9680396428,1802.2992247047,6.0
18022,0.0,1481.26001,526.274231,-152.298737,-0.8799823173,-0.4652801126,0.0956323064,0.0170211951,331.1647077797,1802.5610684732,6.0
18023,0.0,1481.939575,526.634827,-152.298737,-0.8820561085,-0.4616242343,0.0942342179,0.0161221051,322.3300864934,1802.3224860833,6.0
18024,0.0,1482.553223,526.945374,-152.298737,-0.8831220196,-0.4598414008,0.092959048,0.0155953938,317.0297681456,1802.1326579097,6.0
18025,0.0,1484.184082,527.793213,-152.298737,-0.8863220791,-0.4536428009,0.0929590306,0.0143718047,304.4284213908,1802.1070121827,6.0
18026,0.0,1484.63501,528.05072,-152.298737,-0.8873767754,-0.4515762104,0.092959048,0.013962796,300.0758862284,1801.9851671601,6.0
18027,0.0,1485.6698,528.919434,-152.298737,-0.8879644605,-0.4504195034,0.0929590653,0.013620663,296.413298235,1802.052606631,6.0
18028,0.0,1486.300293,529.463379,-152.298737,-0.8882810449,-0.4497948428,0.092959048,0.0134273917,294.320618506,1802.0740657947,6.0
18029,0.0,1487.473755,530.868164,-152.298737,-0.8882810449,-0.4497948428,0.092959048,0.0131822922,291.5809677402,1801.7091937045,6.0
18030,0.0,1488.062012,531.57605,-152.298706,-0.8882810449,-0.4497948428,0.092959048,0.013112059,290.8541573517,1801.9931727618,6.0
18031,0.0,1489.39502,532.442627,-152.298737,-0.8882810449,-0.4497948428,0.092959048,0.0129499714,289.1653267914,1802.6333865235,6.0
18032,0.0,1490.083008,532.776489,-152.298737,-0.888260451,-0.4497841226,0.0932073727,0.0128888611,288.5494135191,1803.0254012452,6.0
18033,0.0,1491.995483,533.313171,-152.298737,-0.888185044,-0.4497462312,0.0941044906,0.0128010366,287.7878476422,1804.3849917514,6.0
18034,0.0,1492.77063,533.452087,-152.298737,-0.8883769616,-0.4493670166,0.094104508,0.0126944437,286.7223647518,1805.1878811104,6.0
18035,0.0,1494.018677,533.572205,-152.298737,-0.8888672141,-0.448396503,0.0941044733,0.0124897235,284.5756201497,1806.2031207968,6.0
18036,0.0,1495.06604,533.612,-152.298737,-0.8892175454,-0.4477013533,0.0941044906,0.0123048495,282.6305451307,1807.1993165466,6.0
18037,0.0,1497.127686,533.554199,-152.298737,-0.8891807241,-0.4476828146,0.0945396074,0.0121634124,281.3159328372,1809.1570709478,6.0
18038,0.0,1498.329102,533.468079,-152.298737,-0.8891436606,-0.4476638622,0.0949769301,0.0121290156,281.1149490519,1810.4105286595,6.0
18039,0.0,1499.589478,533.376099,-152.298737,-0.8891202559,-0.4476523702,0.0952498088,0.0120976223,280.9455982003,1811.6516559657,6.0
18040,0.0,1501.699951,533.106995,-152.298737,-0.8895684244,-0.4467611131,0.0952498088,0.0117814629,277.570378362,1813.5997517448,6.0
18041,0.0,1502.532959,533.004944,-152.298721,-0.8904746374,-0.4447286929,0.0962876412,0.011532943,274.7721406599,1814.4433926373,6.0
18042,0.0,1503.703369,532.859497,-152.298721,-0.8925725981,-0.4399781019,0.0986581321,0.0110892024,269.6316387369,1815.5701877411,6.0
18043,0.0,1506.005005,532.519287,-152.298737,-0.8965615718,-0.4308202997,0.1028164253,0.0103150534,260.4290418805,1817.8645279038,6.0
18044,0.0,1507.044678,532.389465,-152.298691,-0.9007773685,-0.4213414968,0.1052210788,0.0095365727,250.6081328274,1818.9547641907,6.0
18045,0.0,1508.203857,532.263062,-152.298721,-0.9086935468,-0.4029339767,0.1091798901,0.0083212432,234.3095768138,1820.0624314419,6.0
18046,0.0,1510.071167,531.89856,-152.298752,-0.9116587847,-0.3951032294,0.1130119393,0.0081509866,232.1626100234,1822.0445014186,6.0
18047,0.0,1511.622559,531.50708,-152.298737,-0.9098866072,-0.3986073175,0.1149720337,0.008569367,238.1910374616,1823.3433286076,6.0
18048,0.0,1513.504761,530.950867,-152.298752,-0.9064696842,-0.405576314,0.1175609,0.009323362,248.6606635525,1825.2420068001,6.0
18049,0.0,1514.489624,530.659241,-152.298737,-0.9054897645,-0.4073110496,0.1191049755,0.0096130431,252.6005339501,1826.1441735835,6.0
18050,0.0,1515.66394,530.346497,-152.298706,-0.9061934279,-0.4048318646,0.1221664135,0.0097843001,255.0045874879,1827.397545968,6.0
18051,0.0,1517.401611,529.908997,-152.29866,-0.9093514747,-0.3955648862,0.1288732569,0.0100085952,258.1176138643,1828.9653519673,6.0
18052,0.0,1520.372437,529.122864,-152.298737,-0.9145334723,-0.3816335741,0.1341057165,0.0099444505,257.6834923212,1831.7390469917,6.0
18053,0.0,1521.6738285,528.750519,-152.298737,-0.9168058872,-0.3762426833,0.1336937286,0.009671481,254.274491222,1832.9115231035,6.0
18054,0.0,1523.890015,528.111877,-152.298752,-0.9209680623,-0.3664791782,0.1323285308,0.0091241213,247.3290546322,1835.0906391097,6.0
18055,0.0,1525.1325685,527.71759,-152.2987445,-0.9226796933,-0.3625134438,0.1312492474,0.0088892374,244.2620816763,1836.190622581,6.0
18056,0.0,1527.352051,526.983826,-152.298737,-0.9248432676,-0.3574852984,0.1298814531,0.0085876548,240.4015027046,1838.3122955546,6.0
18057,0.0,1528.678711,526.507599,-152.298737,-0.9251068322,-0.356863399,0.1297126779,0.0085538886,240.0805364347,1839.4681315136,6.0
18058,0.0,1530.722534,525.77124,-152.298737,-0.925686561,-0.3555561608,0.1291673618,0.0084508532,238.8860582722,1841.3867409357,6.0
18059,0.0,1533.511597,524.744629,-152.298737,-0.9270912659,-0.3521568448,0.1284030427,0.0083075384,237.1776689762,1843.8537818455,6.0
18060,0.0,1535.177734,524.099854,-152.298737,-0.9271387151,-0.3520319105,0.1284030254,0.008291373,237.1706599891,1845.5883204459,6.0
18061,0.0,1536.518799,523.571838,-152.398926,-0.9271387151,-0.3520319105,0.1284030254,0.008278613,237.1522623428,1846.860899615,6.0
18062,0.0,1538.462646,522.799622,-152.641052,-0.9271387151,-0.3520319105,0.1284030254,0.0082509853,237.0216859658,1848.9189422358,6.0
18063,0.0,1540.529053,521.960388,-152.909821,-0.9267815118,-0.3529712346,0.1284030254,0.008209099,236.8364286917,1852.1616334611,6.0
18064,0.0,1542.178101,521.288391,-153.134399,-0.9267330938,-0.3530983375,0.1284030254,0.0081945396,236.804916492,1853.5528629097,6.0
18065,0.0,1544.337524,520.391907,-153.42981,-0.9261994038,-0.3540895101,0.1295194316,0.0084144325,239.9371348532,1853.4700323449,6.0
18495,0.0,1931.34021,-625.970581,-153.948715,-0.1314541979,-0.9528080648,0.2736358631,,,,
18496,0.0,1931.329102,-626.050964,-153.737213,-0.1314541979,-0.9528080648,0.2736358631,,,,
18497,0.0,1931.310669,-626.184509,-153.937195,-0.1314541979,-0.9528080648,0.2736358631,,,,
18498,0.0,1931.30603,-626.218079,-153.639389,-0.1314541979,-0.9528080648,0.2736358631,,,,
18499,0.0,1931.31958,-626.119263,-153.425079,-0.1314541979,-0.9528080648,0.2736358631,,,,
18500,0.0,1931.16748,-627.35376,-150.611343,-0.1314541979,-0.9528080648,0.2736358631,,,,
18501,0.0,1930.60144,-631.745667,-150.857513,-0.1314929478,-0.9530870897,0.272643731,,,,
18502,0.0,1930.332153,-633.821838,-151.770569,-0.1314971367,-0.9531192943,0.2725291063,,,,
18503,0.0,1929.567017,-639.690613,-153.412415,-0.1314971367,-0.9531192943,0.2725291063,,,,
18504,0.0,1929.255066,-642.060791,-153.3911745,-0.1314971367,-0.9531192943,0.2725291063,,,,
18505,0.0,1928.721802,-646.107849,-153.367188,-0.1314971367,-0.9531192943,0.2725291063,,,,
18506,0.0,1928.3615725,-648.82077,-153.3724445,-0.1314971367,-0.9531192943,0.2725291063,,,,
18507,0.0,1927.775635,-653.234314,-153.312607,-0.1314971367,-0.9531192943,0.2725291063,,,,
18508,0.0,1927.4243165,-655.8628845,-153.269974,-0.1314971367,-0.9531192943,0.2725291063,,,,
18509,0.0,1926.848511,-660.174133,-153.169174,-0.1314971367,-0.9531192943,0.2725291063,,,,
18510,0.0,1926.506348,-662.720886,-153.425888,-0.1314971367,-0.9531192943,0.2725291063,,,,
18511,0.0,1925.907349,-667.181213,-154.461563,-0.1314971367,-0.9531192943,0.2725291063,,,,
18512,0.0,1925.569214,-669.689941,-155.550537,-0.1314971367,-0.9531192943,0.2725291063,,,,
18513,0.0,1924.975708,-674.091064,-157.575287,-0.1314971367,-0.9531192943,0.2725291063,,,,
18514,0.0,1924.625183,-676.682037,-158.7334595,-0.1314971367,-0.9531192943,0.2725291063,,,,
18515,0.0,1924.274658,-679.27301,-159.891632,-0.1314971367,-0.9531192943,0.2725291063,,,,
18516,0.0,1923.552246,-684.600952,-162.414886,-0.1314971367,-0.9531192943,0.2725291063,,,,
18517,0.0,1923.2250365,-687.0069275,-163.611015,-0.1314786064,-0.9529840618,0.2730100802,,,,
18518,0.0,1922.587158,-691.69928,-165.864197,-0.1314541979,-0.9528080648,0.2736358631,,,,
18519,0.0,1922.25,-694.1720885,-167.132088,-0.1314541979,-0.9528080648,0.2736358631,,,,
18520,0.0,1921.610107,-698.767151,-169.418671,-0.1328539697,-0.9526138827,0.2736359135,,,,
18521,0.0,1921.183716,-701.495117,-170.847336,-0.1383500544,-0.9521016553,0.2726934184,,,,
18522,0.0,1920.747681,-703.999817,-172.157288,-0.1476574174,-0.9512162925,0.2708963861,,,,
18523,0.0,1919.687866,-708.946838,-174.704605,-0.1840595918,-0.9462761555,0.2658636949,,,,
18524,0.0,1919.215332,-710.864258,-175.652496,-0.2031860609,-0.9429042614,0.2639071401,,,,
18525,0.0,1917.843994,-715.648071,-178.089432,-0.2654169039,-0.9290073425,0.2578744361,,,,
18526,0.0,1917.466431,-717.588196,-179.048935,-0.2876558396,-0.922733635,0.2565477672,,,,
18527,0.0,1916.451416,-721.992249,-181.065414,-0.3376120715,-0.9063530921,0.2540514941,,,,
18528,0.0,1916.116333,-723.944641,-182.01062,-0.363198895,-0.8970636109,0.2517209578,,,,
18529,0.0,1914.877319,-728.196716,-183.738647,-0.4176093372,-0.8748606344,0.2454003095,,,,
18530,0.0,1914.514771,-729.834656,-184.483337,-0.4428610084,-0.8632618911,0.2421838859,,,,
18531,0.0,1912.873657,-734.471497,-186.32251,-0.521084951,-0.8214518927,0.2317051184,,,,
18532,0.0,1912.47876,-736.042419,-187.109665,-0.5398785113,-0.8101525645,0.2284382089,,,,
18533,0.0,1910.865356,-740.458191,-189.351135,-0.5784723835,-0.7849925678,0.2217123589,,,,
18534,0.0,1910.388672,-741.829346,-190.105499,-0.5871263349,-0.7789627327,0.2202265379,,,,
18535,0.0,1908.873413,-746.49469,-193.44545,-0.6127430702,-0.76041762,0.2151998445,,,,
18536,0.0,1908.439697,-748.18866,-194.796982,-0.6202470297,-0.7547012358,0.2138215769,,,,
18537,0.0,1907.306519,-753.000732,-197.397629,-0.6395247828,-0.7396200803,0.2096906984,,,,
18538,0.0,1906.963257,-754.484253,-198.284775,-0.6457225272,-0.7345850184,0.208392103,,,,
18539,0.0,1905.961426,-759.053467,-201.034744,-0.6659579002,-0.7174236685,0.204458688,,,,
18540,0.0,1905.450439,-761.233032,-202.486176,-0.6730118802,-0.7112598715,0.2028901288,,,,
18541,0.0,1904.200562,-767.289795,-206.354828,-0.6824675249,-0.7028053467,0.2007553789,,,,
18542,0.0,1903.791687,-769.4947815,-207.7726515,-0.6847718434,-0.70067796,0.2003194778,,,,
18543,0.0,1903.216797,-773.672852,-210.41655,-0.6893985395,-0.6963963386,0.1994035939,,,,
18544,0.0,1903.0231325,-776.1131595,-211.901413,-0.6931226138,-0.6930373166,0.1981250452,,,,
18545,0.0,1902.695435,-780.641357,-214.608521,-0.7000468618,-0.6867441155,0.1957470591,,,,
18546,0.0,1902.551025,-783.0354,-216.033997,-0.7036906572,-0.6834608372,0.1941667917,,,,
18547,0.0,1902.408264,-785.7905575,-217.5046465,-0.7065306722,-0.6807827814,0.193217689,,,,
18548,0.0,1902.265503,-788.545715,-218.975296,-0.7093706871,-0.6781047257,0.1922685864,,,,
18561,0.0,1900.307007,-830.636475,-238.188904,-0.776771069,-0.6085578543,0.1621235465,,,,
18562,0.0,1900.140564,-833.9570315,-240.109627,-0.7809553758,-0.6036596732,0.1601824948,,,,
18563,0.0,1899.888062,-839.850037,-243.461716,-0.7884819962,-0.5947688014,0.1566723161,,,,
18564,0.0,1899.835815,-843.497559,-245.679016,-0.7932196345,-0.5890281987,0.1544292477,,,,
18565,0.0,1899.625366,-849.159546,-248.965286,-0.801484971,-0.5787773809,0.1504612395,,,,
18566,0.0,1898.96814,-857.646667,-253.327438,-0.8084436026,-0.5695087299,0.1485891916,,,,
18567,0.0,1899.034912,-853.613953,-251.643051,-0.8198496384,-0.5536848631,0.1458754355,,,,
18568,0.0,1898.333008,-858.495972,-254.443695,-0.8489477806,-0.5094566814,0.1405046464,,,,
18569,0.0,1898.05896,-860.189087,-255.386627,-0.8593912033,-0.4921579845,0.1386624606,,,,
18570,0.0,1897.152954,-864.409973,-256.835907,-0.8877569993,-0.4398962275,0.1355685041,,,,
18571,0.0,1896.735718,-866.096375,-256.987518,-0.9008436392,-0.4125401152,0.1352456695,,,,
18572,0.0,1895.403809,-870.472107,-257.20343,-0.9349134274,-0.3284576305,0.1343594737,,,,
18573,0.0,1895.016113,-872.257874,-257.534546,-0.9487990242,-0.2863642552,0.1333263856,,,,
18574,0.0,1893.565552,-876.416321,-257.50531,-0.9769471205,-0.1715379049,0.1270789947,,,,
18575,0.0,1892.910767,-877.783752,-257.144562,-0.9819871119,-0.1421557274,0.1244711258,,,,
18576,0.0,1891.381958,-882.032227,-257.277069,-0.9894156623,-0.0846255304,0.1178777625,,,,
18577,0.0,1890.70752,-883.646362,-257.330719,-0.9911885765,-0.0652750529,0.1152578559,,,,
18578,0.0,1889.728638,-885.80304,-257.473236,-0.9924636981,-0.0476375426,0.1129002768,,,,
18579,0.0,1887.213989,-891.305298,-257.742706,-0.9939195269,-0.0155945623,0.1089990081,,,,
18580,0.0,1886.407104,-892.980469,-257.723083,-0.9940600472,-0.0103467159,0.1083400577,,,,
18581,0.0,1885.239868,-895.064941,-257.961182,-0.9941922501,-0.0053272144,0.1074866999,,,,
18582,0.0,1882.883423,-896.561401,-256.298737,-0.9942873188,-0.0029551164,0.1066958058,,,,
18671,0.0,1628.125732,-940.313538,-257.902802,-0.873637637,0.4835768784,0.053950736,,,,
18672,0.0,1628.096802,-940.181641,-257.883148,-0.873637637,0.4835768784,0.053950736,,,,
18673,0.0,1628.182739,-940.09021,-257.718048,-0.873637637,0.4835768784,0.053950736,,,,
18674,0.0,1628.286743,-940.085999,-257.542084,-0.873637637,0.4835768784,0.053950736,,,,
18675,0.0,1628.4664915,-939.869812,-256.3891605,-0.8738343692,0.4831703006,0.0544017322,,,,
18676,0.0,1628.64624,-939.653625,-255.236237,-0.8740311014,0.4827637227,0.0548527283,,,,
18677,0.0,1623.899292,-936.729492,-255.627884,-0.8745912393,0.4815995781,0.0561427693,,,,
18678,0.0,1617.973999,-933.483459,-256.67627,-0.8764123644,0.478146365,0.0572487653,,,,
18679,0.0,1615.597656,-930.938721,-256.745483,-0.8784937247,0.474071538,0.0592026393,,,,
18680,0.0,1614.399841,-929.517029,-256.7465515,-0.8801899436,0.4708121159,0.0598968432,,,,
18681,0.0,1612.058594,-926.722717,-256.794617,-0.8841975602,0.4630287779,0.061636235,,,,
18682,0.0,1609.398071,-923.393677,-256.88736,-0.8917023421,0.447976162,0.0646860988,,,,
18683,0.0,1607.348145,-920.605591,-256.94339,-0.8996505907,0.4315431478,0.0663274164,,,,
18684,0.0,1605.558594,-917.603821,-257.026398,-0.9077363298,0.4139064322,0.0685289789,,,,
18685,0.0,1603.916626,-914.75708,-257.112885,-0.9163936654,0.3939537683,0.0708736793,,,,
18686,0.0,1602.414917,-912.08728,-257.159515,-0.9257426467,0.3710256152,0.0730790319,,,,
18687,0.0,1600.791992,-909.099548,-257.205963,-0.9347965411,0.3472792446,0.0745154547,,,,
18688,0.0,1599.331177,-906.365967,-257.201752,-0.9449794743,0.3182640487,0.075642505,,,,
18689,0.0,1597.803467,-903.634216,-257.225708,-0.9533301062,0.2920059317,0.0767739831,,,,
18690,0.0,1596.452148,-901.244873,-257.266876,-0.9625466908,0.2597126684,0.0778023002,,,,
18691,0.0,1594.915283,-898.544861,-257.324799,-0.9707740562,0.2269465472,0.0780576483,,,,
18692,0.0,1593.342529,-896.088867,-257.246185,-0.977743463,0.1947427055,0.0780576657,,,,
18693,0.0,1591.490112,-893.635681,-257.059723,-0.9831891682,0.1650637988,0.0780576831,,,,
18694,0.0,1589.542603,-891.414307,-256.943878,-0.9868726575,0.1413837283,0.0780576657,,,,
18695,0.0,1588.46582,-890.305786,-256.809906,-0.9888324214,0.1274468402,0.0772511833,,,,
18696,0.0,1584.809082,-887.074402,-256.498962,-0.992611456,0.0956795332,0.0746185254,,,,
18697,0.0,1584.020264,-886.42395,-256.468231,-0.9931387843,0.090999791,0.073446533,,,,
18698,0.0,1580.383667,-883.867676,-255.971512,-0.994960024,0.0727570307,0.0689997465,,,,
18699,0.0,1579.287964,-883.183167,-256.004669,-0.9952808037,0.0690928804,0.0681343942,,,,
18700,0.0,1575.054565,-880.479858,-255.425446,-0.9965646921,0.0529290229,0.063697197,,,,
18701,0.0,1572.521973,-879.120239,-255.242355,-0.997152496,0.0438729261,0.061335683,,,,
18702,0.0,1569.845215,-877.765808,-255.023315,-0.9975661625,0.0374089503,0.0588414981,,,,
18703,0.0,1567.849976,-876.878723,-254.938522,-0.9977606907,0.0342644757,0.0574417076,,,,
18704,0.0,1563.390137,-874.89093,-254.698166,-0.9979171575,0.0315829923,0.0562482123,,,,
18705,0.0,1560.504028,-873.708313,-254.511307,-0.9979171575,0.0315829923,0.0562482123,,,,
18706,0.0,1558.734131,-873.062195,-254.474106,-0.9979171575,0.0315829923,0.0562482123,,,,
18707,0.0,1554.421631,-871.651917,-254.445587,-0.9979501529,0.0305225965,0.0562482297,,,,
18708,0.0,1551.425171,-870.681213,-254.438568,-0.9980424809,0.0293915815,0.0552027291,,,,
18709,0.0,1547.260742,-869.512634,-254.468033,-0.9981786694,0.026993742,0.053950736,,,,
18710,0.0,1544.8707275,-869.078796,-254.437424,-0.9982164124,0.0265233431,0.053479544,,,,
18711,0.0,1542.480713,-868.644958,-254.406815,-0.9982541554,0.0260529442,0.0530083521,,,,
18712,0.0,1539.295776,-868.331421,-254.088409,-0.9982958605,0.0248462316,0.05280189,,,,
18713,0.0,1536.373169,-868.316406,-254.813675,-0.9982995287,0.02469841,0.05280189,,,,
18714,0.0,1530.160889,-868.786133,-255.69104,-0.998427069,0.0238081558,0.0507598232,,,,
18715,0.0,1528.090332,-868.998413,-255.948761,-0.9985072283,0.0232015718,0.0494469621,,,,
18716,0.0,1525.892334,-869.2001955,-255.947853,-0.998569628,0.0228314328,0.0483326081,,,,
18717,0.0,1523.694336,-869.401978,-255.946945,-0.9986320277,0.0224612939,0.0472182541,,,,
18718,0.0,1517.845093,-869.913025,-256.667114,-0.9988973139,0.0191642165,0.0428589437,,,,
18719,0.0,1514.990967,-870.157227,-256.694153,-0.9989698991,0.0181125156,0.0416062179,,,,
18720,0.0,1511.834473,-870.402405,-256.723145,-0.9990566029,0.0178176007,0.0396035003,,,,
18721,0.0,1509.855957,-870.5522155,-256.669739,-0.9991116467,0.0178185824,0.0381619498,,,,
18722,0.0,1504.798462,-870.910217,-256.472992,-0.9992072293,0.017820287,0.0355998632,,,,
18723,0.0,1501.846924,-871.123413,-256.195038,-0.9992439532,0.0178209419,0.0345533799,,,,
18724,0.0,1498.685913,-871.366821,-255.787048,-0.9992985918,0.0168515705,0.0334417246,,,,
18725,0.0,1495.605591,-871.590759,-255.334564,-0.999337306,0.0166725405,0.0323569967,,,,
18726,0.0,1492.433105,-871.687927,-255.243134,-0.9993451999,0.0166726722,0.0321122019,,,,
18727,0.0,1488.410278,-871.917297,-254.787003,-0.9994325851,0.0155556657,0.0298752244,,,,
18728,0.0,1486.738159,-872.1379395,-254.397171,-0.99943377,0.0155398504,0.0298437788,,,,
18729,0.0,1483.421753,-872.466064,-253.856049,-0.9994516082,0.0155242938,0.0292485761,,,,
18730,0.0,1479.064697,-872.683044,-253.667725,-0.9994837401,0.0155247929,0.0281288849,,,,
18731,0.0,1477.150146,-872.70282,-253.654434,-0.9994918195,0.0155249184,0.0278402508,,,,
18732,0.0,1472.886353,-872.949158,-253.466888,-0.9995008982,0.0155250594,0.0275123069,,,,
18733,0.0,1470.6239625,-873.0844425,-253.4788895,-0.9995008982,0.0155250594,0.0275123069,,,,
18734,0.0,1468.361572,-873.219727,-253.490891,-0.9995008982,0.0155250594,0.0275123069,,,,
20252,0.0,1324.030518,1414.26123,-160.14859,-0.0561622633,-0.9918113636,0.1146996911,0.0117877321,354.5690564308,2316.0841151281,3.0
20253,0.0,1322.048279,1413.361328,-160.2236635,-0.0561622633,-0.9918113636,0.1146996911,0.0118612374,355.5037285618,2315.040145827,3.0
20254,0.0,1320.043213,1412.134033,-160.298737,-0.0561622633,-0.9918113636,0.1146996911,0.0121146741,359.0586150272,2313.7360847595,3.0
20255,0.0,1319.9837035,1411.2756955,-160.298737,-0.0561622633,-0.9918113636,0.1146996911,0.012360778,362.5561621288,2313.16419783,3.0
20256,0.0,1319.924194,1410.417358,-160.298737,-0.0561622633,-0.9918113636,0.1146996911,0.012606882,366.0537092303,2312.5923109005,3.0
20257,0.0,1319.883179,1409.825562,-160.298737,-0.0561622633,-0.9918113636,0.1146996911,0.0126069115,365.9408447148,2311.8765833312,3.0
20258,0.0,1319.470825,1403.775024,-160.298737,-0.0561622633,-0.9918113636,0.1146996911,0.0126451291,365.5084610884,2305.6749931453,3.0
20259,0.0,1319.162598,1399.151245,-160.298737,-0.0561622633,-0.9918113636,0.1146996911,0.0126708654,365.1523898482,2301.1032692252,3.0
20260,0.0,1318.889893,1394.997437,-160.298737,-0.0561622633,-0.9918113636,0.1146996911,0.0126818271,364.6791563712,2297.1339791029,3.0
20261,0.0,1318.735596,1393.371216,-160.298798,-0.061745977,-0.9916927699,0.1128400836,0.0125104618,361.9793649842,2295.5920749384,3.0
20262,0.0,1318.051758,1387.281738,-160.298767,-0.0931217824,-0.9906470274,0.0997336488,0.0098097692,321.3770046313,2300.0544037616,0.0
20263,0.0,1317.8882445,1385.298767,-160.298752,-0.0957255162,-0.9906580234,0.0970532964,0.0092186042,311.1368409867,2297.8376753774,0.0
20264,0.0,1317.614624,1381.59729,-160.298721,-0.0966834214,-0.9909887478,0.0927017677,0.0084917209,298.278261838,2293.6792749821,0.0
20265,0.0,1317.381958,1378.13916,-160.298737,-0.0940054402,-0.9914704194,0.0902739426,0.0082840097,294.132860611,2289.8632197213,0.0
20266,0.0,1317.002197,1373.400513,-160.298737,-0.096122622,-0.9914615152,0.0881164314,0.0077113534,283.1598347002,2284.4950188898,0.0
20267,0.0,1316.765564,1370.9846805,-160.2987445,-0.1015020339,-0.9910859078,0.0860982473,0.0070693935,270.5679839705,2281.7485147334,0.0
20268,0.0,1316.346802,1366.52832,-160.298737,-0.108804671,-0.9905254019,0.0837912392,0.0062291224,253.7152129034,2276.6457233945,0.0
20269,0.0,1315.975098,1362.232422,-160.298737,-0.1100288135,-0.9904270153,0.0833545897,0.0060313808,249.1135263888,2271.589101134,0.0
20270,0.0,1315.780151,1359.969971,-160.298737,-0.1100317833,-0.9904526453,0.0830455548,0.0059746961,247.6619011861,2269.0076470208,0.0
20271,0.0,1315.292725,1354.373169,-160.298737,-0.1100350648,-0.9904858069,0.0826447263,0.005868687,244.777251081,2262.6829374773,0.0
20272,0.0,1314.914185,1350.196045,-160.298737,-0.1100350648,-0.9904858069,0.0826447263,0.005810771,243.0533990127,2257.8840569642,0.0
20273,0.0,1314.714966,1348.0336305,-160.298737,-0.1100350648,-0.9904858069,0.0826447263,0.0057819941,242.188983188,2255.4303681808,0.0
20274,0.0,1314.305054,1343.617676,-160.298737,-0.1100350648,-0.9904858069,0.0826447263,0.0057226015,240.4109534167,2250.4258965278,0.0
20275,0.0,1313.86853,1339.016724,-160.298737,-0.1100350648,-0.9904858069,0.0826447263,0.0056582538,238.5064363177,2245.2210264693,0.0
20276,0.0,1313.451782,1334.693481,-160.298737,-0.1100350648,-0.9904858069,0.0826447263,0.0055987763,236.7347035263,2240.3150866626,0.0
20277,0.0,1313.26062,1332.732544,-160.298737,-0.1100350648,-0.9904858069,0.0826447263,0.005568743,235.8658734022,2238.0870980958,0.0
20278,0.0,1312.84021,1328.461182,-160.298737,-0.1100350648,-0.9904858069,0.0826447263,0.0055041991,233.9883070188,2233.2149456667,0.0
20309,0.0,1303.972046,1211.398804,-160.297638,-0.0201381152,-0.9990827161,0.0377913048,0.0034770379,179.1738850042,2150.4673131774,3.0
20310,0.0,1303.746094,1208.308838,-160.297798,-0.0179635031,-0.999160549,0.0367377854,0.0034078553,177.1933863237,2148.22673645,3.0
20311,0.0,1303.375977,1203.237549,-160.29808,-0.014349156,-0.9992847516,0.0349869541,0.0032911175,173.8295391051,2144.3442647043,3.0
20312,0.0,1302.904663,1196.743286,-160.298462,-0.0094301632,-0.9994238293,0.0326049294,0.0031429563,169.384134442,2138.1101333689,3.0
20313,0.0,1302.602295,1192.588989,-160.298737,-0.0060371109,-0.9995023212,0.0309622881,0.0030536528,166.6392450581,2133.9501276129,3.0
20314,0.0,1302.518921,1189.969604,-160.298737,-0.0029376513,-0.9995162364,0.0309622881,0.0030705325,166.8854872369,2131.2302038417,3.0
20315,0.0,1302.358521,1185.160278,-160.298737,0.0007096827,-0.9995529813,0.0298886923,0.0030240006,165.2272569891,2126.201073037,3.0
20316,0.0,1302.303101,1183.104004,-160.298737,0.003036422,-0.9995669656,0.0292687784,0.0030134484,164.7591040304,2123.8799916388,3.0
20317,0.0,1302.202759,1178.331421,-160.298737,0.0096284181,-0.9995427774,0.0286623391,0.0030965805,166.5806154789,2118.3842779484,3.0
20318,0.0,1302.163452,1176.438354,-160.298737,0.0117202257,-0.9995276843,0.028408532,0.0031288799,167.2701327616,2116.1621375906,3.0
20319,0.0,1302.047241,1170.872192,-160.298737,0.0151211114,-0.999507091,0.0275123069,0.0031318116,166.8246124032,2109.5392521702,3.0
20320,0.0,1302.001343,1168.496826,-160.298737,0.01619423,-0.99949028,0.0275123069,0.0031482169,167.0246231899,2106.5669274732,3.0
20321,0.0,1301.904907,1163.119751,-160.298737,0.016962424,-0.9994775381,0.0275123069,0.0031368063,166.2052469327,2100.0359078055,3.0
20322,0.0,1301.877441,1161.390381,-160.298737,0.0172230045,-0.9994730817,0.0275123069,0.003128121,165.8048476799,2097.8785859636,3.0
20323,0.0,1301.810425,1155.924927,-160.298737,0.0181122976,-0.9994573616,0.0275123069,0.0031087123,164.7582157645,2091.1231277226,3.0
20324,0.0,1301.761108,1151.142334,-160.298737,0.0181122976,-0.9994573616,0.0275123069,0.0030717946,163.3174301881,2085.2360564373,3.0
20325,0.0,1301.745972,1149.340576,-160.298737,0.0181122976,-0.9994573616,0.0275123069,0.003059732,162.8141097921,2082.8970703576,3.0
20326,0.0,1301.72229,1145.773804,-160.298737,0.0181122976,-0.9994573616,0.0275123069,0.0030362814,161.8221780694,2078.1741980823,3.0
20327,0.0,1301.699341,1140.22937,-160.298737,0.0181122976,-0.9994573616,0.0275123069,0.0030052229,160.3882058863,2070.3588269053,3.0
20328,0.0,1301.69397,1138.310425,-160.298737,0.0181122976,-0.9994573616,0.0275123069,0.0029956277,159.9131148841,2067.5244550025,3.0
20329,0.0,1301.689697,1134.531128,-160.298737,0.0181122976,-0.9994573616,0.0275123069,0.0029808469,159.0771945046,2061.8020705835,3.0
20330,0.0,1301.69043,1131.828491,-160.298737,0.0181122976,-0.9994573616,0.0275123069,0.0029722984,158.5242782377,2057.5838213809,3.0
20331,0.0,1301.701294,1126.115601,-160.298737,0.0181122976,-0.9994573616,0.0275123069,0.0029601692,157.5073382159,2048.5622238439,3.0
20332,0.0,1301.718628,1121.398804,-160.298737,0.0181122976,-0.9994573616,0.0275123069,0.0029438671,156.5485124783,2041.7130643165,3.0
20333,0.0,1301.728516,1119.230835,-160.298737,0.0181122976,-0.9994573616,0.0275123069,0.0029393224,156.1955258586,2038.6813346319,3.0
20334,0.0,1301.758789,1114.060059,-160.298737,0.0181122976,-0.9994573616,0.0275123069,0.0029294792,155.386030228,2031.5151215318,3.0
20335,0.0,1301.774414,1111.745605,-160.298737,0.0181122976,-0.9994573616,0.0275123069,0.0029253806,155.0346516206,2028.3385523519,3.0
20336,0.0,1301.829712,1104.743896,-160.298737,0.0181122976,-0.9994573616,0.0275123069,0.002915698,154.0660713332,2019.0056636468,3.0
20337,0.0,1301.8548585,1102.0413205,-160.298737,0.0181122976,-0.9994573616,0.0275123069,0.0029155242,153.7930415241,2015.487569319,3.0
20338,0.0,1301.898071,1097.493164,-160.298737,0.0181122976,-0.9994573616,0.0275123069,0.0029173915,153.3919341434,2009.5885684598,3.0
20339,0.0,1301.9260865,1094.8640135,-160.298737,0.0181122976,-0.9994573616,0.0275123069,0.0029248213,153.3310948284,2006.2480474581,3.0
20340,0.0,1301.954102,1092.234863,-160.298737,0.0181122976,-0.9994573616,0.0275123069,0.0029322512,153.2702555135,2002.9075264563,3.0
20341,0.0,1302.028687,1085.738647,-160.298737,0.0181122976,-0.9994573616,0.0275123069,0.002974082,153.7781468466,1995.3831733082,3.0
20342,0.0,1302.0595705,1083.244934,-160.298737,0.0181122976,-0.9994573616,0.0275123069,0.0029964881,154.1273238891,1992.4588978241,3.0
20343,0.0,1302.116577,1078.693237,-160.298737,0.0181122976,-0.9994573616,0.0275123069,0.0030304437,154.574198976,1987.0014017221,3.0
20344,0.0,1302.147705,1076.3240355,-160.298737,0.0181122976,-0.9994573616,0.0275123069,0.0029627689,152.6287633857,1984.3404683827,3.0
20345,0.0,1302.207642,1071.845825,-160.298737,0.0181122976,-0.9994573616,0.0275123069,0.0029053769,150.7510112222,1979.06323043,3.0
20346,0.0,1302.281128,1066.550903,-160.298737,0.0181122976,-0.9994573616,0.0275123069,0.0026244798,142.914376657,1973.8968022027,0.0
20347,0.0,1302.31781,1063.994995,-160.298737,0.0181122976,-0.9994573616,0.0275123069,0.0025712499,141.2328005159,1970.8068815167,0.0
20348,0.0,1302.387939,1059.168701,-160.298737,0.0181122976,-0.9994573616,0.0275123069,0.0024612151,137.7699294992,1964.8619584562,0.0
20349,0.0,1302.427856,1056.4992675,-160.298737,0.0181122976,-0.9994573616,0.0275123069,0.0023972581,135.7232449988,1961.4212111492,0.0
20350,0.0,1302.500488,1051.684204,-160.298737,0.0181122976,-0.9994573616,0.0275123069,0.0022840407,132.0696442103,1955.1686383849,0.0
20351,0.0,1302.580444,1046.484619,-160.298737,0.0181122976,-0.9994573616,0.0275123069,0.0021695125,128.2627013372,1948.2289271937,0.0
20352,0.0,1302.613281,1044.39386,-160.298737,0.0181122976,-0.9994573616,0.0275123069,0.002125555,126.7686129134,1945.3968683862,0.0
20353,0.0,1302.646118,1042.303101,-160.298737,0.0181122976,-0.9994573616,0.0275123069,0.0020815974,125.2745244896,1942.5648095787,0.0
20354,0.0,1302.765015,1036.260986,-160.298737,0.0206284732,-0.9994271592,0.0268294547,0.0020667431,124.2849743068,1934.1265576661,0.0
20355,0.0,1302.818726,1033.985596,-160.298737,0.0224788219,-0.9993996873,0.0263622383,0.0021012846,125.1116869262,1930.9396969327,0.0
20356,0.0,1303.008667,1027.262329,-160.298737,0.030697905,-0.9992102851,0.0252278552,0.0027581256,142.6380457304,1921.8214308305,0.0
20357,0.0,1303.046021,1025.874756,-160.298737,0.0319867762,-0.999170253,0.0252121348,0.0028658972,145.2512164469,1919.9320418327,0.0
20358,0.0,1303.191772,1020.444946,-160.298737,0.0360501793,-0.9990318978,0.0252121348,0.0028634683,144.597924506,1912.1061269986,0.0
20359,0.0,1303.254395,1017.742249,-160.298737,0.0365081947,-0.9990152651,0.0252121348,0.002800985,142.720667717,1908.1864444586,0.0
20360,0.0,1303.371216,1012.689758,-160.298737,0.0365081947,-0.9990152651,0.0252121348,0.0026751623,138.9912676396,1901.4639491149,0.0
20361,0.0,1303.413696,1010.925049,-160.298737,0.0365081947,-0.9990152651,0.0252121348,0.0026513864,138.2114856584,1899.2436768204,0.0
20362,0.0,1303.537964,1005.946167,-160.298737,0.0365081947,-0.9990152651,0.0252121348,0.0026368431,137.3735467135,1892.9208311521,0.0
20363,0.0,1303.645264,1002.182129,-160.298737,0.0374445497,-0.9989806074,0.0252121348,0.002679323,138.1253966783,1888.1526542957,0.0
20364,0.0,1303.706421,1000.10199,-160.298737,0.0380078848,-0.998959333,0.0252121348,0.0026969882,138.3965171566,1885.6611656642,0.0
20365,0.0,1303.873901,994.499023,-160.298737,0.0395363775,-0.9989000066,0.0252121348,0.002628774,136.1489211366,1878.9195330647,0.0
20366,0.0,1304.015991,990.105286,-160.298737,0.0409792337,-0.9988418547,0.0252121348,0.0026116241,135.3067439402,1873.4100798598,0.0
20367,0.0,1304.105713,987.176758,-160.298737,0.0411057149,-0.9988558638,0.0244393842,0.0025183568,132.6125984705,1869.7552389226,0.0
20368,0.0,1304.190552,984.424194,-160.298737,0.0411063528,-0.9988649999,0.024061998,0.0024426399,130.3670455749,1866.3301282374,0.0
20369,0.0,1304.373169,978.967468,-160.298737,0.0420960487,-0.9988237797,0.024061998,0.0023712223,127.9846383625,1859.5776417276,0.0
20370,0.0,1304.431152,977.225098,-160.298737,0.0422555057,-0.9988170466,0.024061998,0.0023396413,126.9843856218,1857.4402543598,0.0
20371,0.0,1304.630005,971.549011,-160.298737,0.0432206791,-0.9987757472,0.024061998,0.0022453445,123.8955933714,1849.8788799133,0.0
20372,0.0,1304.688965,969.865356,-160.298737,0.0434046026,-0.9987677712,0.024061998,0.0022109836,122.7923364231,1847.5818891701,0.0
20373,0.0,1304.894775,964.226562,-160.298737,0.0443158659,-0.9987277528,0.024061998,0.0021237113,119.8899077884,1840.5625764892,0.0
20374,0.0,1304.956787,962.549988,-160.298737,0.0445536421,-0.9987171738,0.024061998,0.0020970123,118.9991061974,1838.467719627,0.0
20375,0.0,1305.148193,957.309326,-160.298737,0.0445536421,-0.9987171738,0.024061998,0.0019926105,115.6261452431,1832.5097655711,0.0
20376,0.0,1305.220825,955.355164,-160.298737,0.0445536421,-0.9987171738,0.024061998,0.0019566008,114.4448202928,1830.3855002535,0.0
20377,0.0,1305.433228,949.734192,-160.298737,0.0445536421,-0.9987171738,0.024061998,0.0018778715,111.7866554822,1824.9291560602,0.0
20378,0.0,1305.625366,944.742737,-160.298737,0.0445536421,-0.9987171738,0.024061998,0.001821832,109.8173424758,1820.1184903393,0.0
20379,0.0,1305.713013,942.503296,-160.298737,0.0445536421,-0.9987171738,0.024061998,0.0017966138,108.9140917722,1817.7613677246,0.0
20380,0.0,1305.913818,937.402283,-160.298737,0.0445536421,-0.9987171738,0.024061998,0.0017530476,107.275162146,1812.498861069,0.0
20381,0.0,1306.131104,931.97937,-160.298737,0.0445536421,-0.9987171738,0.024061998,0.0017223164,105.9984060339,1806.8202447498,0.0
20382,0.0,1306.2397465,929.3009035,-160.298737,0.0445536421,-0.9987171738,0.024061998,0.0017163587,105.6506370576,1804.0102790055,0.0
20383,0.0,1306.435791,924.485657,-160.298737,0.0445536421,-0.9987171738,0.024061998,0.0017099855,105.1585654982,1798.9503730164,0.0
20384,0.0,1306.5409545,921.93161,-160.298737,0.0445536421,-0.9987171738,0.024061998,0.0017167112,105.2074082606,1796.268583962,0.0
20385,0.0,1306.717896,917.643188,-160.298737,0.0445536421,-0.9987171738,0.024061998,0.0017314011,105.3909627727,1791.7507746917,0.0
20386,0.0,1306.8457645,914.577026,-160.298737,0.0445536421,-0.9987171738,0.024061998,0.0017561079,105.9458470723,1788.5468858558,0.0
20387,0.0,1307.046021,909.783875,-160.298737,0.0445536421,-0.9987171738,0.024061998,0.0017998174,106.9591628513,1783.5458156019,0.0
20388,0.0,1307.1652225,906.9592595,-160.298737,0.0445536421,-0.9987171738,0.024061998,0.0018406262,107.9787138525,1780.6349348967,0.0
20389,0.0,1307.37561,901.975891,-160.298737,0.0445536421,-0.9987171738,0.024061998,0.0019199392,109.9702295915,1775.5174706162,0.0
20390,0.0,1307.502075,898.99762,-160.298737,0.0445536421,-0.9987171738,0.024061998,0.0019803457,111.4950595234,1772.4959097274,0.0
20391,0.0,1307.748657,893.22406,-160.298737,0.0445536421,-0.9987171738,0.024061998,0.0021248116,115.1083069844,1766.6978422509,0.0
20392,0.0,1307.838257,891.131287,-160.298737,0.0445536421,-0.9987171738,0.024061998,0.0021988606,116.9622474317,1764.6993724058,0.0
20393,0.0,1308.064819,885.862793,-160.298737,0.0445536421,-0.9987171738,0.024061998,0.0024354062,122.7239001041,1759.5152395096,0.0
20394,0.0,1308.169067,883.4480285,-160.298737,0.0445536421,-0.9987171738,0.024061998,0.0025539177,125.4535402049,1757.0074330695,0.0
20395,0.0,1308.369141,878.816101,-160.298737,0.0445536421,-0.9987171738,0.024061998,0.0027616562,130.1395903177,1752.3049189874,0.0
20396,0.0,1308.584473,873.847717,-160.298737,0.0445536421,-0.9987171738,0.024061998,0.0030000459,135.2702698712,1747.629548165,0.0
20397,0.0,1308.679077,871.674377,-160.298737,0.0445536421,-0.9987171738,0.024061998,0.0030749155,136.7978071794,1745.7484190518,0.0
20398,0.0,1308.889038,866.859619,-160.298737,0.0445536421,-0.9987171738,0.024061998,0.0031409693,137.9015747578,1741.2602021659,0.0
20399,0.0,1308.990356,864.532715,-160.298737,0.0445536421,-0.9987171738,0.024061998,0.0031125219,137.1295913323,1739.3948272809,0.0
20400,0.0,1309.200439,859.725281,-160.298737,0.0445536421,-0.9987171738,0.024061998,0.0031411682,137.3715711449,1734.5131271686,0.0
20401,0.0,1309.400024,855.174011,-160.298737,0.0445536421,-0.9987171738,0.024061998,0.0031853856,137.9720625113,1729.9807794552,0.0
20402,0.0,1309.473633,853.491089,-160.298737,0.0445536421,-0.9987171738,0.024061998,0.0031910937,137.9800929888,1728.5358894483,0.0
20403,0.0,1309.683838,848.705627,-160.298737,0.0445536421,-0.9987171738,0.024061998,0.0032468464,138.7856675081,1723.6598256462,0.0
20404,0.0,1309.889404,844.037292,-160.298737,0.0445536421,-0.9987171738,0.024061998,0.0033098059,139.7626176526,1719.2317479922,0.0
20405,0.0,1309.970337,842.193298,-160.298737,0.0445536421,-0.9987171738,0.024061998,0.0033258558,139.9714206189,1717.6476003277,0.0
20406,0.0,1310.221191,836.50061,-160.298737,0.0445536421,-0.9987171738,0.024061998,0.0034013409,141.1033497172,1712.2487325382,0.0
20407,0.0,1310.299927,834.71521,-160.298737,0.0445536421,-0.9987171738,0.024061998,0.0034166107,141.2899356656,1710.6838389418,0.0
20408,0.0,1310.524658,829.622559,-160.298737,0.0445536421,-0.9987171738,0.024061998,0.0034704281,141.9933515544,1705.8412464429,0.0
20409,0.0,1310.62085,827.449341,-160.124176,0.0445536421,-0.9987171738,0.024061998,0.003497581,142.3787181702,1703.8300390383,0.0
20410,0.0,1310.842896,822.422607,-157.993103,0.0445536421,-0.9987171738,0.024061998,0.0036640166,145.3281268407,1699.2377361964,0.0
20411,0.0,1311.039185,817.988464,-155.678741,0.0445536421,-0.9987171738,0.024061998,0.0038175812,147.9960601286,1695.3364506527,0.0
20412,0.0,1311.227661,813.729919,-153.515869,0.0445536421,-0.9987171738,0.024061998,0.0039649099,150.499435546,1691.7419789665,0.0
20413,0.0,1311.325684,811.512817,-152.389862,0.0445536421,-0.9987171738,0.024061998,0.0040403887,151.7538847339,1689.8663973948,0.0
20414,0.0,1311.540649,806.668945,-151.483215,0.0445536421,-0.9987171738,0.024061998,0.0041224726,152.8972215319,1685.5970437804,0.0
20415,0.0,1311.725342,802.505554,-151.517822,0.0445536421,-0.9987171738,0.024061998,0.0041871321,153.7416284053,1681.7956866069,0.0
20416,0.0,1311.807983,800.639648,-151.516754,0.0445536421,-0.9987171738,0.024061998,0.0042193866,154.1758578793,1680.1007148905,0.0
20417,0.0,1312.020386,795.854248,-151.514252,0.0445536421,-0.9987171738,0.024061998,0.0043046131,155.3177063848,1675.740551669,0.0
20418,0.0,1312.218994,791.383545,-151.511292,0.0445536421,-0.9987171738,0.024061998,0.0043940662,156.5402400187,1671.6883083154,0.0
20419,0.0,1312.299561,789.569031,-151.510529,0.0445536421,-0.9987171738,0.024061998,0.0044351747,157.1197916538,1670.1005190399,0.0
20420,0.0,1312.625366,782.237427,-151.511017,0.0445536421,-0.9987171738,0.024061998,0.0046219803,159.7686157148,1663.6609894733,0.0
20421,0.0,1312.7389525,779.683777,-151.511017,0.0445536421,-0.9987171738,0.024061998,0.0046963822,160.8275108935,1661.4693926015,0.0
20422,0.0,1312.852539,777.130127,-151.511017,0.0445536421,-0.9987171738,0.024061998,0.0047707841,161.8864060723,1659.2777957297,0.0
20423,0.0,1312.97998,774.463928,-151.511017,0.0455683241,-0.9986713914,0.024061998,0.0048061182,162.2614875686,1657.0120927597,0.0
20424,0.0,1313.4021,767.134583,-151.511032,0.0561793355,-0.9980484628,0.0272607423,0.0048497251,162.3997424863,1650.9691843497,0.0
20425,0.0,1313.5749515,764.4982605,-151.5110245,0.0616989398,-0.9976741998,0.0284163726,0.0048251585,161.7800855569,1648.8409971092,0.0
20426,0.0,1313.870239,759.879395,-151.511017,0.0701167823,-0.9970821924,0.0301784433,0.0048078326,161.1227024632,1645.0901481233,0.0
20427,0.0,1314.026184,757.1901245,-151.511017,0.0721097908,-0.9969123983,0.0310027061,0.0048811104,162.1256955264,1642.9512406909,0.0
20428,0.0,1314.277954,752.809998,-151.569427,0.074852647,-0.9966774241,0.0321122019,0.004989944,163.5780083722,1639.4740120841,0.0
20429,0.0,1314.602051,747.240601,-152.351105,0.0766798793,-0.9965385103,0.0321122019,0.0049988282,163.285488421,1635.0909189319,0.0
20430,0.0,1314.699829,745.543579,-152.298737,0.0768432262,-0.9965206316,0.0322761429,0.0050457146,163.9173051997,1633.7928551324,0.0
20431,0.0,1315.038574,740.026489,-152.298737,0.0785285934,-0.9963568108,0.0332620732,0.0051900258,165.8086237122,1629.5646346904,0.0
20432,0.0,1315.191528,737.547821,-152.298737,0.0787491519,-0.9963393782,0.0332620732,0.005229253,166.2390198399,1627.6896023668,0.0
20433,0.0,1315.458008,733.24884,-152.298737,0.0789697104,-0.9963219456,0.0332620732,0.0053253139,167.3998378453,1624.2257376808,0.0
20434,0.0,1315.6326905,730.507843,-152.298737,0.0789697104,-0.9963219456,0.0332620732,0.0053829899,168.0851466663,1622.1723670888,0.0
20435,0.0,1315.933838,725.815369,-152.298737,0.0789697104,-0.9963219456,0.0332620732,0.0055009347,169.5289010027,1618.4846437431,0.0
20436,0.0,1316.150635,722.519287,-152.298737,0.0789697104,-0.9963219456,0.0332620732,0.0055415307,169.9205603699,1616.2873036622,0.0
20437,0.0,1316.518799,717.031189,-152.298737,0.0789697104,-0.9963219456,0.0332620732,0.0056885684,171.738965795,1612.3928386623,0.0
20438,0.0,1316.667114,714.846191,-152.298737,0.0789697104,-0.9963219456,0.0332620732,0.0057592557,172.6571711807,1611.0634553151,0.0
20439,0.0,1317.034302,709.63446,-152.298737,0.0798139922,-0.9962546668,0.0332620732,0.005851134,173.588785332,1607.0258223661,0.0
20440,0.0,1317.362427,705.130249,-152.298737,0.0811895315,-0.9961068554,0.0343422855,0.0060512839,176.1709098194,1603.8119348812,0.0
20441,0.0,1317.633911,702.88269,-152.298737,0.082521239,-0.9959950132,0.0344119004,0.0060649653,176.1856224062,1602.1412508723,0.0
20442,0.0,1318.605347,697.771362,-152.298737,0.0880217403,-0.9954845332,0.0355347339,0.0060743435,175.9043341115,1598.3518390434,0.0
20443,0.0,1319.164795,695.533813,-152.298737,0.0895407494,-0.9953224841,0.0362712938,0.0061494128,176.8025948447,1596.7080222076,0.0
20444,0.0,1320.580566,690.876465,-152.298737,0.0915382601,-0.9951246248,0.0367114168,0.006254827,177.8951818549,1593.0217658676,0.0
20445,0.0,1321.262695,688.957153,-152.298737,0.0915586214,-0.9950990204,0.0373491413,0.0063768392,179.4530520848,1591.5730630238,0.0
20446,0.0,1322.310181,686.26947,-152.298737,0.0915568562,-0.9950798355,0.0378611029,0.0065334664,181.3987436081,1589.490620388,0.0
20447,0.0,1324.255859,681.952026,-152.298737,0.0915540042,-0.9950488385,0.0386739352,0.0067691108,184.2531111637,1586.2448115286,0.0
20448,0.0,1326.320679,677.904541,-152.298737,0.0915485426,-0.994991002,0.04014686,0.0070587289,187.7925770965,1583.3171688412,0.0
20449,0.0,1327.080933,676.511658,-152.298737,0.0910482188,-0.9950160326,0.0406609978,0.0071808598,189.2859096629,1582.326569599,0.0
20450,0.0,1328.511719,674.004028,-152.298721,0.088679094,-0.9951670936,0.0421719581,0.0075689153,194.0978773419,1580.5648085567,0.0
20451,0.0,1330.990601,669.832214,-152.298706,0.0719413873,-0.9962696088,0.0476581921,0.0094539804,216.4368832609,1577.7486251357,0.0
20452,0.0,1333.26062,665.754883,-152.298721,0.0227281565,-0.9981053143,0.0571770278,0.0157887659,278.7900850123,1575.1041654306,0.0
20453,0.0,1334.190796,664.115295,-152.298676,0.0008586346,-0.9981764361,0.0603578101,0.0193068965,307.8207352594,1574.1026234867,0.0
20454,0.0,1335.634766,661.413025,-152.298599,-0.0475885785,-0.9966563201,0.066419175,0.0287217159,374.1581861615,1572.4472728367,0.0
20455,0.0,1337.492065,657.682495,-152.298645,-0.1332887457,-0.9881856793,0.0756516591,0.0511379573,495.7472389049,1570.355816454,0.0
20456,0.0,1338.952515,654.149658,-152.298721,-0.25120141,-0.9644513858,0.0820449631,0.0936904205,662.941814071,1568.6682382884,0.0
20457,0.0,1339.649536,652.520874,-152.298737,-0.3055219116,-0.9485916986,0.0826447263,0.1181053583,739.2815431049,1568.1131983086,0.0
20458,0.0,1342.549072,647.860046,-152.298737,-0.4644460676,-0.8817367518,0.0826447263,,,,
20459,0.0,1344.535156,644.447998,-152.298737,-0.5848648559,-0.8070261188,0.0814981215,,,,
20460,0.0,1345.545166,642.9221495,-152.298737,-0.6349066645,-0.7656055396,0.0807544736,,,,
20461,0.0,1346.555176,641.396301,-152.298737,-0.6849484731,-0.7241849605,0.0800108257,,,,
20462,0.0,1349.563599,637.395508,-152.298737,-0.7812066258,-0.6192816211,0.0787812258,,,,
20463,0.0,1350.9607545,635.584259,-152.298737,-0.8010722922,-0.5924693227,0.0784194458,,,,
20464,0.0,1352.35791,633.77301,-152.298737,-0.8209379585,-0.5656570243,0.0780576657,,,,
20465,0.0,1355.70874,629.38916,-152.298737,-0.8613097383,-0.5020483426,0.0780576483,,,,
20466,0.0,1357.1605225,627.427948,-152.298737,-0.8746553058,-0.4776082922,0.0780576396,,,,
20467,0.0,1359.541748,624.149353,-152.298737,-0.8934599798,-0.4423078882,0.0780576483,,,,
20468,0.0,1360.74353,622.5081785,-152.298737,-0.9011611458,-0.4260174958,0.078057657,,,,
20469,0.0,1363.448608,618.97052,-152.298737,-0.9160805652,-0.3933235331,0.0780576483,,,,
20470,0.0,1366.629883,615.238342,-152.298737,-0.9362192757,-0.3427275971,0.0776611997,,,,
20471,0.0,1368.095093,613.8629455,-152.298737,-0.9460243217,-0.3131985878,0.0773071838,,,,
20472,0.0,1371.263916,610.796631,-152.298737,-0.9625273103,-0.2603837732,0.0757724721,,,,
20473,0.0,1374.053955,608.309326,-152.298737,-0.9720975696,-0.2229309622,0.0729938436,,,,
20474,0.0,1375.53479,606.960449,-152.298737,-0.9741853074,-0.2137125582,0.0721097074,,,,
20475,0.0,1378.564331,604.191895,-152.298737,-0.9775254602,-0.1986252465,0.0706539884,,,,
20476,0.0,1382.332642,600.805542,-152.298737,-0.9801328887,-0.1855689161,0.0700264079,,,,
20477,0.0,1383.695862,599.6556395,-152.298737,-0.9810022186,-0.1810575248,0.069508585,,,,
20478,0.0,1386.368652,597.394653,-152.298737,-0.9824403763,-0.1735393828,0.0685199941,,,,
20479,0.0,1390.327881,594.075195,-152.298737,-0.9834352346,-0.1681299107,0.0677308834,,,,
20480,0.0,1393.661621,591.389709,-152.298737,-0.9835482052,-0.1674677817,0.067730866,,,,
20481,0.0,1395.316284,590.033569,-152.298737,-0.9835658614,-0.1673640455,0.0677308834,,,,
20482,0.0,1398.743774,587.370728,-152.298737,-0.9835658614,-0.1673640455,0.0677308834,,,,
20483,0.0,1402.101318,584.799133,-152.298737,-0.9843526527,-0.1628822028,0.0672253169,,,,
20484,0.0,1403.951904,583.372437,-152.298737,-0.9848374625,-0.1600582072,0.0669069716,,,,
20485,0.0,1408.387207,579.994934,-152.298737,-0.9857581998,-0.1546471241,0.0660684378,,,,
20486,0.0,1409.799805,578.938782,-152.298737,-0.9859889731,-0.1532875402,0.0657926662,,,,
20487,0.0,1413.610474,576.093384,-152.298737,-0.9862852913,-0.1515241983,0.0654350178,,,,
20488,0.0,1417.053223,573.554382,-152.298737,-0.9862852913,-0.1515241983,0.0654350178,,,,
20489,0.0,1420.493286,571.030212,-152.298737,-0.9862852913,-0.1515241983,0.0654350178,,,,
20490,0.0,1421.990723,569.9375,-152.298737,-0.9862852913,-0.1515241983,0.0654350178,,,,
20491,0.0,1425.813843,567.163452,-152.298737,-0.9862852913,-0.1515241983,0.0654350178,,,,
20492,0.0,1429.282471,564.609863,-152.298737,-0.9862852913,-0.1515241983,0.0654350178,,,,
20493,0.0,1430.494507,563.69165,-152.298737,-0.9862852913,-0.1515241983,0.0654350178,,,,
20494,0.0,1434.42041,560.731018,-152.298737,-0.9862852913,-0.1515241983,0.0654350178,,,,
20495,0.0,1438.201904,557.894287,-152.298737,-0.9862852913,-0.1515241983,0.0654350178,,,,
20496,0.0,1441.339722,555.550903,-152.298737,-0.9862852913,-0.1515241983,0.0654350178,,,,
20497,0.0,1442.643921,554.579346,-152.298737,-0.9862852913,-0.1515241983,0.0654350178,,,,
20498,0.0,1446.234863,551.912537,-152.298737,-0.9862852913,-0.1515241983,0.0654350178,,,,
20499,0.0,1451.038208,548.364502,-152.298737,-0.9862852913,-0.1515241983,0.0654350178,,,,
20500,0.0,1453.8826295,546.270111,-152.298737,-0.9862852913,-0.1515241983,0.0654350178,,,,
20501,0.0,1456.727051,544.17572,-152.298737,-0.9862852913,-0.1515241983,0.0654350178,,,,
20502,0.0,1458.665894,542.746338,-152.298737,-0.9862852913,-0.1515241983,0.0654350178,,,,
20503,0.0,1461.824097,540.443481,-152.298737,-0.9862852913,-0.1515241983,0.0654350178,,,,
20504,0.0,1465.27063,537.927673,-152.298737,-0.9862852913,-0.1515241983,0.0654350178,,,,
20505,0.0,1468.709351,535.423462,-152.298737,-0.9862852913,-0.1515241983,0.0654350178,,,,
20506,0.0,1473.599243,531.872864,-152.298737,-0.9862852913,-0.1515241983,0.0654350178,,,,
20507,0.0,1475.5427855,530.4653625,-152.298737,-0.9862852913,-0.1515241983,0.0654350178,,,,
20508,0.0,1477.486328,529.057861,-152.298737,-0.9862852913,-0.1515241983,0.0654350178,,,,
20509,0.0,1482.509399,525.429077,-152.422089,-0.9862852913,-0.1515241983,0.0654350178,,,,
20510,0.0,1486.795898,522.304138,-153.380936,-0.9853104813,-0.1584529943,0.0636859799,,,,
20511,0.0,1488.6526485,520.9117125,-153.816971,-0.9831027281,-0.1715878744,0.0623493512,,,,
20512,0.0,1491.81604,518.42804,-154.550629,-0.9759765642,-0.2093178018,0.0604632445,,,,
20513,0.0,1496.238403,514.675659,-155.478546,-0.936659544,-0.3451167067,0.0596938645,,,,
20514,0.0,1498.3969725,513.054718,-155.7540435,-0.8884124761,-0.4417181571,0.0627638243,,,,
20515,0.0,1502.693115,510.068909,-156.128998,-0.7856598914,-0.614709092,0.069794464,,,,
20516,0.0,1506.022766,506.9137115,-156.21389,-0.6334513098,-0.7434184506,0.0790518489,,,,
20517,0.0,1509.352417,503.758514,-156.298782,-0.4812427283,-0.8721278093,0.0883092338,,,,
20518,0.0,1515.711548,498.561249,-156.307098,-0.047955785,-0.9926433515,0.1111729257,0.0511027484,454.1681935678,1439.1302958142,3.0
20519,0.0,1521.427856,495.273407,-156.299469,0.268604502,-0.955107805,0.1249828086,0.0207027919,290.1144152856,1433.1753973836,3.0
20520,0.0,1523.681763,494.324799,-156.300995,0.3910822752,-0.9110589282,0.130484801,0.0378311805,389.9224958566,1431.1500169615,3.0
20521,0.0,1528.9646,492.631653,-156.299103,0.6045268187,-0.7842543949,0.1396150764,0.1166661529,668.8427655396,1426.8816064441,3.0
20522,0.0,1533.164062,491.461426,-156.298874,0.696425579,-0.7033331347,0.1425268904,,,,
20523,0.0,1536.946167,490.501923,-156.298737,0.7493855369,-0.6464589469,0.1432206238,,,,
20524,0.0,1540.116089,489.735565,-156.298737,0.7691668734,-0.6227922396,0.1432206238,,,,
20525,0.0,1544.65564,488.695038,-156.298737,0.7802450617,-0.6088558915,0.1432206238,,,,
20526,0.0,1546.771484,488.220428,-156.298737,0.7828973716,-0.6054416309,0.1432205892,,,,
20527,0.0,1551.094849,487.507538,-156.298737,0.7899356588,-0.5962294087,0.1432206238,,,,
20528,0.0,1555.202637,486.932037,-156.298737,0.7960921142,-0.5879840123,0.1432206238,,,,
20529,0.0,1559.017456,486.523621,-156.298737,0.8029340641,-0.5786058603,0.1432206238,,,,
20530,0.0,1560.473389,486.38623,-156.298737,0.8053751558,-0.5752031871,0.143220641,,,,
20531,0.0,1565.623657,486.026855,-156.298737,0.8126950899,-0.564813716,0.1432206583,,,,
20532,0.0,1567.65332,485.910645,-156.298737,0.8148518173,-0.5616977558,0.1432206238,,,,
20533,0.0,1573.653687,485.713226,-156.298737,0.8199981768,-0.554157778,0.1432206238,,,,
20534,0.0,1575.429688,485.682617,-156.298737,0.8215018368,-0.5519262451,0.143220641,,,,
20535,0.0,1580.910645,485.691681,-156.298737,0.8251006398,-0.5465315975,0.1432206238,,,,
20536,0.0,1585.356445,485.762146,-156.298737,0.8261161018,-0.5449954489,0.1432206238,,,,
20537,0.0,1587.47522,485.819702,-156.298737,0.8264638335,-0.5444679832,0.1432206238,,,,
20538,0.0,1592.540527,486.036377,-156.298737,0.8278033793,-0.5424291872,0.1432206065,,,,
20539,0.0,1594.271973,486.121521,-156.298737,0.8280275365,-0.5420869412,0.1432206238,,,,
20540,0.0,1602.048462,486.619415,-156.298737,0.8280275365,-0.5420869412,0.1432206238,,,,
20541,0.0,1604.635498,486.830841,-156.298737,0.8280275365,-0.5420869412,0.1432206238,,,,
20542,0.0,1607.222534,487.042267,-156.298737,0.8280275365,-0.5420869412,0.1432206238,,,,
20543,0.0,1611.545532,487.441803,-156.298737,0.8280275365,-0.5420869412,0.1432206238,,,,
20544,0.0,1617.405273,488.042755,-156.298737,0.8280275365,-0.5420869412,0.1432206238,,,,
20545,0.0,1619.8800045,488.323288,-156.298737,0.8280275365,-0.5420869412,0.1432206238,,,,
20546,0.0,1622.354736,488.603821,-156.298737,0.8280275365,-0.5420869412,0.1432206238,,,,
20547,0.0,1629.146606,489.434723,-156.298737,0.8280275365,-0.5420869412,0.1432206238,,,,
20548,0.0,1631.998962,489.8058015,-156.298737,0.8277459089,-0.5425166351,0.1432206238,,,,
20549,0.0,1634.851318,490.17688,-156.298737,0.8274642812,-0.542946329,0.1432206238,,,,
20550,0.0,1640.836792,490.989685,-156.298737,0.826339137,-0.5443565699,0.1443591197,,,,
20551,0.0,1645.283081,491.624939,-156.298737,0.8260135252,-0.5448505215,0.1443591543,,,,
20552,0.0,1649.362305,492.221344,-156.298737,0.8255541281,-0.5455463511,0.144359137,,,,
20553,0.0,1651.4259035,492.52829,-156.298737,0.8251539038,-0.546026737,0.1448282656,,,,
20554,0.0,1657.345947,493.394806,-156.298737,0.8224847346,-0.5498630199,0.1454974937,,,,
20555,0.0,1659.418274,493.6876375,-156.298737,0.8204848019,-0.5528312235,0.145497485,,,,
20556,0.0,1661.490601,493.980469,-156.298737,0.8184848692,-0.5557994271,0.1454974764,,,,
20557,0.0,1666.862549,494.646027,-156.298737,0.806512767,-0.5727435296,0.1466356232,,,,
20558,0.0,1672.828613,495.314636,-156.298737,0.788628931,-0.5971284646,0.1466356232,,,,
20559,0.0,1674.400879,495.472961,-156.298737,0.7828389466,-0.6048095594,0.1461799595,,,,
20560,0.0,1678.946411,495.95697,-156.298737,0.7642916027,-0.6282426525,0.1454974764,,,,
20561,0.0,1682.802368,496.358673,-156.298737,0.7433968111,-0.6528335703,0.1454974591,,,,
20562,0.0,1686.578247,496.68869,-156.298737,0.719820786,-0.6787403888,0.1454974937,,,,
20563,0.0,1690.247803,496.848175,-156.298737,0.6846782416,-0.714175178,0.1454974937,,,,
20564,0.0,1693.857666,497.024445,-156.298737,0.6555799511,-0.7409759794,0.1454975109,,,,
20565,0.0,1697.078247,497.057343,-156.298737,0.6203831125,-0.7706849408,0.1454974764,,,,
20566,0.0,1699.833984,496.980042,-156.298737,0.5821111712,-0.7999856647,0.1454974937,0.1301239566,626.9784052418,1271.0643674238,3.0
20567,0.0,1703.498779,496.930634,-156.298737,0.5436646711,-0.826594946,0.1454974937,0.1102202279,578.3665576801,1267.2634895484,3.0
20568,0.0,1706.84082,496.788635,-156.298737,0.5001837871,-0.8536080239,0.1454974937,0.0903419047,524.7997649041,1263.4882320364,3.0
20569,0.0,1710.737793,496.466156,-156.298737,0.4431785273,-0.884725079,0.1444102747,0.0680530711,456.2614881328,1258.3236295775,3.0
20570,0.0,1712.640381,496.326202,-156.298737,0.4149114413,-0.8986169544,0.1426045761,0.0583803256,422.8677261302,1255.9987354776,3.0
20571,0.0,1717.040649,496.006104,-156.298737,0.3548252157,-0.9245021451,0.1392653939,0.0412519493,355.5660013604,1250.8599907117,3.0
20572,0.0,1721.236084,495.532471,-156.298737,0.2992595695,-0.9444931548,0.1355595467,0.0289780049,297.7335796019,1245.7986127591,3.0
20573,0.0,1724.777344,494.991974,-156.298737,0.2584149968,-0.9568091651,0.1331837493,0.0221535261,259.8477182926,1241.3698360946,3.0
20574,0.0,1728.092529,494.328461,-156.298737,0.2248228034,-0.9655896798,0.1307336121,0.0177029433,231.6466513214,1236.5706073508,3.0
20575,0.0,1729.5177,494.018982,-156.298737,0.2140921881,-0.9681334356,0.1299314657,0.0165402756,223.6688825884,1234.8735930862,3.0
20576,0.0,1735.561646,492.541565,-156.298737,0.1680942258,-0.9775199814,0.1272753599,0.0127921711,195.6173448071,1226.9124822387,3.0
20577,0.0,1738.794922,491.506134,-156.298737,0.139149551,-0.9823468334,0.1250284026,0.0113226194,183.3803088315,1222.0727988048,3.0
20578,0.0,1740.697266,490.842957,-156.298737,0.1219407977,-0.9848807375,0.1230462302,0.0107089985,177.943745141,1219.1556016042,3.0
20579,0.0,1744.186646,489.525269,-156.298737,0.0923467595,-0.988459055,0.1200865214,0.0103377014,174.0651011167,1213.6963057337,3.0
20580,0.0,1748.401489,487.723267,-156.298737,0.051669433,-0.9917839185,0.1170253333,0.0112992132,180.8937646602,1206.7429584295,3.0
20581,0.0,1749.89209,487.049377,-156.298737,0.0423566616,-0.9922906508,0.1164696418,0.0117100179,183.8297578415,1204.7506593233,3.0
20582,0.0,1754.574463,484.782135,-156.298737,0.0191507902,-0.9932045129,0.114795657,0.0128228355,190.9867798862,1196.4456562965,3.0
20583,0.0,1757.678589,483.156494,-156.298737,0.0098404615,-0.9934687386,0.1136795087,0.0132208694,193.0411062793,1191.0911433251,3.0
20584,0.0,1760.840332,481.390717,-156.298737,0.0037125008,-0.9935245785,0.1135567223,0.0134531507,193.8137515819,1185.5590205506,3.0
20585,0.0,1763.940063,479.555267,-156.298737,-0.0020025716,-0.9935294946,0.1135567396,0.0136700084,194.4360690422,1179.9585246347,3.0
20586,0.0,1767.128052,477.563354,-156.298737,-0.0079520127,-0.9934996912,0.1135567223,0.0139012031,195.0763128093,1174.0265548508,3.0
20587,0.0,1770.060425,475.638794,-156.298737,-0.0103675133,-0.9934774187,0.1135567396,0.0137674957,193.2247348254,1168.4770948336,3.0
20588,0.0,1772.859009,473.724731,-156.16745,-0.0133921199,-0.9934412524,0.1135567223,0.0137415114,192.1270871733,1162.9297058559,3.0
20589,0.0,1778.493042,469.641724,-154.875427,-0.016953264,-0.993386862,0.1135567223,0.0135146791,188.7716865821,1152.102998577,3.0
20590,0.0,1781.2948,467.547302,-154.16333,-0.0180776938,-0.9934514893,0.1128154928,0.0132178499,185.7732990303,1146.3777816273,3.0
20591,0.0,1784.342529,465.140045,-153.349518,-0.0212331936,-0.9934346165,0.1124135858,0.0131355668,184.0976440927,1139.566582608,3.0
20592,0.0,1786.983154,463.013062,-152.630676,-0.0235965181,-0.9933812894,0.1124136031,0.013093822,182.9297087035,1134.1287154349,3.0
20593,0.0,1789.793335,460.69101,-152.300568,-0.026746425,-0.9933014701,0.1124136031,0.0130662682,181.7720314674,1128.1311368804,3.0
20594,0.0,1792.420166,458.46933,-152.290283,-0.027623618,-0.9932774625,0.1124136031,0.0127875121,178.9250912078,1122.4217271873,3.0
20595,0.0,1795.438477,455.8573,-152.298737,-0.0285322535,-0.9932517789,0.1124135858,0.0124536976,175.5399934833,1115.7535890168,3.0
20596,0.0,1797.446045,454.071503,-152.298737,-0.0287663514,-0.9932450246,0.1124136031,0.0121708286,172.7657192742,1110.7286372249,3.0
20597,0.0,1800.801147,451.070587,-152.298737,-0.0287663514,-0.9932450246,0.1124136031,0.0117332187,168.5729303701,1103.6768278761,3.0
20598,0.0,1803.514771,448.605774,-152.298737,-0.0287663514,-0.9932450246,0.1124136031,0.0114846123,165.8919159041,1097.7478016478,3.0
20599,0.0,1804.929993,447.3153075,-152.298737,-0.0287663514,-0.9932450246,0.1124136031,0.011385042,164.6498112287,1094.2504476725,3.0
20600,0.0,1806.345215,446.024841,-152.298737,-0.0287663514,-0.9932450246,0.1124136031,0.0112854717,163.4077065533,1090.7530936972,3.0
20601,0.0,1812.064697,440.863831,-152.298737,-0.0287663514,-0.9932450246,0.1124136031,0.010859896,158.5232618726,1078.5678730123,3.0
20602,0.0,1814.365479,438.751831,-152.298737,-0.0287663514,-0.9932450246,0.1124136031,0.0106966989,156.578184237,1073.3858492826,3.0
20603,0.0,1816.987793,436.324341,-152.298737,-0.0287663514,-0.9932450246,0.1124136031,0.0105151944,154.3988844682,1067.4933852674,3.0
20604,0.0,1820.482422,433.057037,-152.298737,-0.0287663514,-0.9932450246,0.1124136031,0.0102423991,151.263923557,1059.5816505867,3.0
20605,0.0,1822.878906,430.795898,-152.298737,-0.0287663514,-0.9932450246,0.1124136031,0.0101179337,149.5735309731,1054.1324033284,3.0
20606,0.0,1825.67688,428.137939,-152.298737,-0.0287663514,-0.9932450246,0.1124136031,0.0099410882,147.368466844,1047.7426777194,3.0
20607,0.0,1827.76355,426.143799,-152.298737,-0.0287663514,-0.9932450246,0.1124136031,0.0098090338,145.794853444,1043.4741697011,3.0
20608,0.0,1830.056274,423.882599,-152.298737,-0.0287663514,-0.9932450246,0.1124136031,0.0114237186,165.7414649334,1099.6546051643,0.0
20609,0.0,1832.795654,421.041229,-152.298737,-0.0287663514,-0.9932450246,0.1124136031,0.0110246537,161.9042583786,1093.3547453384,0.0
20610,0.0,1835.556519,417.844727,-152.298737,-0.0287663514,-0.9932450246,0.1124136031,0.010593931,157.6794432621,1086.1374527231,0.0
20611,0.0,1837.925903,414.548889,-152.298737,-0.0287663514,-0.9932450246,0.1124136031,0.0101947687,153.6189323006,1078.576041042,0.0
20612,0.0,1839.605835,411.918762,-152.298737,-0.0287696836,-0.9933558825,0.1114288836,0.0097921204,149.7574377424,1072.7556455722,0.0
20613,0.0,1841.101685,409.337402,-152.298737,-0.0287700765,-0.9933736433,0.1112703352,0.0095116483,146.8295385918,1067.1014797943,0.0
20614,0.0,1843.082397,405.495178,-152.298737,-0.0287700765,-0.9933736433,0.1112703352,0.0091491445,142.8975385783,1058.8029470083,0.0
20615,0.0,1844.284424,402.858368,-152.298737,-0.0287700765,-0.9933736433,0.1112703352,0.0089373771,140.4968078142,1053.2196543905,0.0
20616,0.0,1845.380615,400.192413,-152.298737,-0.0287700765,-0.9933736433,0.1112703352,0.0088314607,138.8558800744,1047.1140653795,0.0
20617,0.0,1847.026489,395.809326,-152.298737,-0.0287700765,-0.9933736433,0.1112703352,0.0087285297,136.9162268539,1038.5302228045,0.0
20618,0.0,1848.006714,392.831024,-152.298737,-0.0287700765,-0.9933736433,0.1112703352,0.0086739885,135.6959607824,1032.4910958409,0.0
20619,0.0,1848.890869,389.851929,-151.728516,-0.0287700765,-0.9933736433,0.1112703352,0.0086896734,135.0139141155,1026.3779830337,0.0
20620,0.0,1849.752563,386.669617,-151.458405,-0.0287700765,-0.9933736433,0.1112703352,0.0086790945,134.0868716425,1019.9489240703,0.0
20621,0.0,1850.752075,382.529266,-151.507904,-0.0287700765,-0.9933736433,0.1112703352,0.0085941964,132.344692926,1011.6353788919,0.0
20622,0.0,1851.463745,379.167938,-151.507904,-0.0287700765,-0.9933736433,0.1112703352,0.0086093592,131.5892114498,1004.9781955586,0.0
20623,0.0,1852.084351,375.891296,-151.507904,-0.0287700765,-0.9933736433,0.1112703352,0.0085941309,130.6316284747,998.5446002017,0.0
20624,0.0,1852.689209,372.355103,-151.507904,-0.0287700765,-0.9933736433,0.1112703352,0.0085857478,129.6678945953,991.6595325691,0.0
20625,0.0,1853.249146,368.705872,-151.507904,-0.0287700765,-0.9933736433,0.1112703352,,,,
20626,0.0,1853.764404,364.951233,-151.507904,-0.0287700765,-0.9933736433,0.1112703352,,,,
20627,0.0,1854.182251,361.562286,-151.507904,-0.0287700765,-0.9933736433,0.1112703352,,,,
20628,0.0,1854.688843,356.917755,-151.50885,-0.0287700765,-0.9933736433,0.1112703352,,,,
20629,0.0,1855.292725,350.302734,-151.511841,-0.0287700765,-0.9933736433,0.1112703352,,,,
20630,0.0,1855.4621585,348.0862885,-151.512848,-0.0287700765,-0.9933736433,0.1112703352,,,,
20631,0.0,1855.841675,342.742126,-151.51532,-0.0287700765,-0.9933736433,0.1112703352,,,,
20632,0.0,1855.9766845,340.4536435,-151.5163575,-0.0287700765,-0.9933736433,0.1112703352,,,,
20633,0.0,1856.238403,335.6203,-151.883545,-0.0287700765,-0.9933736433,0.1112703352,0.0087613327,113.9736026039,862.8941633977,3.0
20634,0.0,1856.44812,331.039673,-152.885773,-0.0287700765,-0.9933736433,0.1112703352,0.0086689028,112.2470074985,854.3207718163,3.0
20635,0.0,1856.588867,327.492645,-154.438721,-0.0287700765,-0.9933736433,0.1112703352,0.0085016245,110.2878390202,847.5916895268,3.0
20636,0.0,1856.680786,324.730225,-155.93576,-0.0287700765,-0.9933736433,0.1112703352,0.008335006,108.5050544951,842.1488607294,3.0
20637,0.0,1856.787476,321.091644,-157.783752,-0.0287700765,-0.9933736433,0.1112703352,0.0082666449,105.846783643,824.8926327401,3.0
20638,0.0,1856.880371,317.276855,-159.592957,-0.0287700765,-0.9933736433,0.1112703352,0.0078336417,103.3929812831,827.6493996508,3.0
20639,0.0,1856.9312135,314.629623,-159.9478,-0.0287700765,-0.9933736433,0.1112703352,0.0077757637,102.3807396492,822.5659103562,3.0
20640,0.0,1857.000854,310.76474,-160.298737,-0.0287700765,-0.9933736433,0.1112703352,0.0077131772,100.9855130903,814.641426606,3.0
20641,0.0,1857.072998,304.759583,-160.298737,-0.0287700765,-0.9933736433,0.1112703352,0.0076872965,99.4356885074,803.4830436222,3.0
20645,0.0,1857.127319,289.783447,-160.298737,-0.0287700765,-0.9933736433,0.1112703352,0.0076386995,95.5810322471,774.7792014557,3.0
20646,0.0,1857.119263,287.617645,-160.298737,-0.0287700765,-0.9933736433,0.1112703352,0.0076318697,94.8661889821,769.3273768889,3.0
20647,0.0,1857.099487,284.370361,-160.298737,-0.0287700765,-0.9933736433,0.1112703352,0.0075860219,93.8126016235,763.0699373785,3.0
20648,0.0,1857.063965,278.842072,-160.298737,-0.0287700765,-0.9933736433,0.1112703352,0.0075702289,92.535713203,753.465479359,3.0
20649,0.0,1857.036377,274.477814,-160.298737,-0.0287700765,-0.9933736433,0.1112703352,0.006820015,93.9751128723,806.022070249,0.0
20650,0.0,1856.995605,269.849152,-160.298737,-0.0287700765,-0.9933736433,0.1112703352,0.0068068952,92.8667054132,797.2799074443,0.0
20651,0.0,1856.956665,267.324615,-160.298737,-0.0287700765,-0.9933736433,0.1112703352,0.0068005004,92.0804701255,790.9002387202,0.0
20652,0.0,1856.910767,263.790405,-160.298737,-0.0287700765,-0.9933736433,0.1112703352,0.0067843399,91.1464297636,783.8062424781,0.0
20653,0.0,1856.864746,260.627136,-160.298737,-0.0287700765,-0.9933736433,0.1112703352,0.0067528897,90.1938422701,777.4124443234,0.0
20654,0.0,1856.815308,256.483948,-160.298737,-0.0270599712,-0.9934217001,0.1112703179,0.0065792519,87.6647482841,765.4859892602,0.0
20655,0.0,1856.776245,252.946884,-160.298737,-0.0249080654,-0.993477984,0.1112703179,0.0064590079,86.5586420296,762.8074750421,0.0
20656,0.0,1856.772217,249.628815,-160.298691,-0.0189082163,-0.9937017214,0.1104507504,0.0060254184,82.8602325833,755.9494156698,0.0
20657,0.0,1856.765015,245.318619,-160.298721,-0.0114393841,-0.9939436592,0.1092938374,0.0055331509,78.5918373668,748.131210419,0.0
20658,0.0,1856.86377,241.59433,-160.298721,0.0065589137,-0.9940656903,0.1085835348,0.0047939864,72.4729568037,741.0264465475,0.0
20659,0.0,1857.025757,237.61441,-160.298737,0.0307696228,-0.9936769842,0.1079781525,0.0043500514,68.3282615859,733.3494895934,0.0
20660,0.0,1857.170044,233.693893,-160.298737,0.0509514431,-0.9928618028,0.1078396538,0.0044623518,68.5057580135,725.9642059225,0.0
20661,0.0,1857.377441,229.796494,-160.298737,0.074855444,-0.9913461935,0.1078396364,0.0051569314,72.8579816452,718.3351056069,0.0
20662,0.0,1857.620239,225.788635,-160.298737,0.0992450038,-0.989202225,0.1078396364,0.0064734927,80.729494933,710.6436789792,0.0
20688,0.0,1873.440308,129.108704,-160.298737,-0.2665597578,-0.9544615747,0.1339738707,0.0276068869,107.6786399777,461.4494203756,3.0
20689,0.0,1874.203735,125.165359,-160.298737,-0.2843470375,-0.9491524168,0.1351164383,0.0297220709,109.9150074579,454.2068865062,3.0
20690,0.0,1879.188354,122.278511,-161.017105,-0.3017259108,-0.943610941,0.1362346021,0.0312083002,111.4795800692,449.7388259752,3.0
20691,0.0,1881.963379,107.1745,-161.487762,-0.3952440301,-0.9087968123,0.1336806293,0.0544348703,140.320938623,431.1823725694,3.0
20692,0.0,1880.470215,111.650589,-161.972137,-0.444675951,-0.8858871034,0.1321640597,0.0736829265,163.3494657888,433.5811553681,3.0
20693,0.0,1879.574707,111.48455,-162.772217,-0.5536228454,-0.8228148051,0.1283648767,0.1264231582,209.0957527827,429.6315228499,3.0
20694,0.0,1879.96875,108.160271,-163.189056,-0.6483414977,-0.7511742792,0.1240584722,,,,
20695,0.0,1880.387817,105.743835,-163.345978,-0.6950907059,-0.7088330175,0.120019431,,,,
20696,0.0,1881.17395,102.870224,-163.473663,-0.7292734546,-0.6743661535,0.1157174121,,,,
20697,0.0,1881.973877,99.678719,-163.097641,-0.7536385544,-0.6475249045,0.1128735012,,,,
20698,0.0,1883.023682,95.905006,-162.612442,-0.7683766619,-0.6304048482,0.1103948945,,,,
20699,0.0,1883.957153,92.393738,-162.162476,-0.7721987343,-0.6257644766,0.1101269026,,,,
20700,0.0,1884.724854,88.962944,-162.101761,-0.7753778903,-0.6218208686,0.1101269026,,,,
20701,0.0,1885.872192,84.822083,-161.42662,-0.778164567,-0.6183299894,0.1101268853,,,,
20702,0.0,1886.42688,82.663292,-161.258194,-0.7791553792,-0.6170809936,0.1101269373,,,,
20703,0.0,1887.331665,78.585411,-161.011765,-0.7809893726,-0.6148838296,0.1094233795,,,,
20704,0.0,1887.988525,75.068588,-161.052017,-0.7812996091,-0.6145677736,0.108983359,,,,
20705,0.0,1888.47937,71.08683,-161.260788,-0.7812996091,-0.6145677736,0.108983359,,,,
20706,0.0,1889.063965,66.577621,-160.89711,-0.7850837484,-0.6097262792,0.108983359,,,,
20707,0.0,1889.371582,62.744854,-159.365341,-0.7971556123,-0.5938565123,0.108983359,,,,
20708,0.0,1889.618408,58.406422,-157.450287,-0.8171397245,-0.5662600059,0.1078530318,,,,
20709,0.0,1889.48877,53.135597,-154.727325,-0.8548377555,-0.5082791682,0.1044255664,,,,
20710,0.0,1889.044373,50.72739,-154.3510205,-0.8753302934,-0.4702634611,0.1038444936,,,,
20711,0.0,1888.599976,48.319183,-153.974716,-0.8958228313,-0.432247754,0.1032634207,,,,
20712,0.0,1887.739746,45.161339,-154.277557,-0.9238454607,-0.3688579147,0.1022418873,,,,
20713,0.0,1886.686768,42.032837,-154.967041,-0.9504686403,-0.2955666418,0.0961754857,,,,
20714,0.0,1886.123535,37.813366,-155.078705,-0.9698539934,-0.2271627018,0.0882062266,,,,
20715,0.0,1886.054688,33.592594,-154.596573,-0.9788415951,-0.1869275199,0.0832300062,,,,
20716,0.0,1886.0355835,31.5517165,-154.2382205,-0.9802832888,-0.1794493868,0.0823640726,,,,
20717,0.0,1886.088623,28.233311,-153.671082,-0.9821317804,-0.1696326176,0.0814981041,,,,
20718,0.0,1886.270752,25.2787985,-153.286385,-0.9830480026,-0.1641454704,0.0814981041,,,,
20719,0.0,1886.648315,20.098026,-152.743729,-0.9854194227,-0.1493540009,0.0814981215,,,,
20720,0.0,1887.124878,16.118845,-152.328125,-0.9897042602,-0.1187744041,0.0798631215,,,,
20721,0.0,1887.340332,14.212307,-152.272209,-0.991262078,-0.1054100508,0.0781292182,,,,
20722,0.0,1887.555786,12.305769,-152.216293,-0.9928198958,-0.0920456975,0.0763953148,,,,
20723,0.0,1888.098022,6.588434,-152.302917,-0.9939339331,-0.0807944758,0.0746162802,,,,
20724,0.0,1888.501831,2.226734,-152.58316,-0.9939339331,-0.0807944758,0.0746162802,,,,
20725,0.0,1888.814453,-1.473086,-153.580048,-0.9939339331,-0.0807944758,0.0746162802,,,,
20726,0.0,1889.197754,-5.362082,-154.187836,-0.9940899892,-0.0788511514,0.0746162802,,,,
20727,0.0,1889.380981,-7.030848,-154.263763,-0.9942044618,-0.0773944535,0.0746162628,,,,
20728,0.0,1889.862305,-11.150686,-154.53508,-0.9945118366,-0.0733390943,0.0746162454,,,,
20729,0.0,1890.45105,-15.905326,-154.703812,-0.9946354475,-0.0716431252,0.0746162802,,,,
20730,0.0,1890.929199,-19.892529,-154.657425,-0.9946354475,-0.0716431252,0.0746162802,,,,
20731,0.0,1891.099609,-21.335703,-154.633728,-0.9946354475,-0.0716431252,0.0746162802,,,,
20732,0.0,1891.615601,-25.683512,-154.498871,-0.9946354475,-0.0716431252,0.0746162802,,,,
20733,0.0,1892.057373,-29.700602,-154.385422,-0.9946354475,-0.0716431252,0.0746162802,,,,
20734,0.0,1892.614746,-34.928333,-154.040604,-0.9946354475,-0.0716431252,0.0746162802,,,,
20735,0.0,1892.789795,-36.658009,-153.996552,-0.9946354475,-0.0716431252,0.0746162802,,,,
20736,0.0,1893.339966,-42.685162,-153.615021,-0.9943055008,-0.0760853585,0.0746162802,,,,
20739,0.0,1894.428955,-52.689152,-152.990173,-0.9863018038,-0.148805293,0.0711739883,,,,
20740,0.0,1895.054077,-57.834538,-153.008438,-0.9747740117,-0.2115416969,0.0711739883,,,,
20741,0.0,1895.552246,-63.316856,-153.567413,-0.951502231,-0.2988339218,0.0730875611,0.1225810476,41.896538189,87.3345077244,3.0
20742,0.0,1896.073364,-67.729706,-153.872513,-0.9210295843,-0.3820944932,0.0755533128,0.0569604675,27.1339904872,81.5616639677,3.0
20743,0.0,1896.335205,-69.741966,-153.872513,-0.8974284397,-0.4343096039,0.0774426465,0.0313846893,19.7370311745,79.4040183033,3.0
20744,0.0,1896.352661,-74.616356,-154.124832,-0.7920310308,-0.6046290247,0.0843243067,0.0058557605,7.9083252211,73.1837370117,3.0
20745,0.0,1896.727905,-80.227791,-154.140808,-0.6876180733,-0.7204964813,0.0898120576,0.0638030629,23.9575092608,68.1625982061,3.0
20746,0.0,1897.302124,-85.796944,-154.422379,-0.5670854783,-0.8181454295,0.095142611,0.1295255614,55.0845602963,111.9118967805,0.0
20747,0.0,1897.683838,-87.979614,-154.468018,-0.519722648,-0.8488364885,0.0967728526,0.1017206837,47.5320617736,108.1687870639,0.0
20748,0.0,1899.009277,-94.020554,-154.684753,-0.3923208107,-0.9142377203,0.1012609118,0.0449412862,28.9668482503,97.7234055399,0.0
20749,0.0,1900.553955,-99.077148,-154.853775,-0.278978805,-0.9546680529,0.1038255032,0.014554678,15.0531796705,88.5519194367,0.0
20750,0.0,1901.327148,-101.470154,-154.912643,-0.2337265471,-0.9666522313,0.1046678791,0.0075317753,10.3660295824,84.6190340067,0.0
20751,0.0,1903.152832,-106.723885,-154.818497,-0.1518574036,-0.9826645327,0.1063472857,0.00513128,7.6457510635,75.5701242011,0.0
20752,0.0,1904.907715,-111.095825,-154.456802,-0.0914092229,-0.9900809861,0.1066958058,0.0155477751,11.8506624195,67.4664996582,0.0
20753,0.0,1905.541138,-112.805771,-154.353958,-0.0771977484,-0.9912903271,0.1066958058,0.0213299365,13.2133525825,64.3178547637,0.0
20754,0.0,1908.097412,-119.104095,-153.5513,-0.0428599494,-0.9933675218,0.1066957885,0.0516357009,16.7482628194,52.8031276472,0.0
20755,0.0,1909.196655,-121.485294,-153.308014,-0.0391396152,-0.993514084,0.1066957971,0.07005419,17.4900440646,48.5684816446,0.0
20756,0.0,1910.295898,-123.866493,-153.064728,-0.0354192811,-0.9936606461,0.1066958058,0.0884726791,18.2318253099,44.333835642,0.0
20757,0.0,1912.147461,-127.582939,-152.860916,-0.0315537451,-0.9937909085,0.1066957885,0.1394356491,19.4065997557,38.1013347457,0.0
20758,0.0,1913.142944,-129.862183,-152.910873,-0.0283819288,-0.9939442044,0.1061573581,,,,
20759,0.0,1915.758911,-136.955627,-153.225739,-0.0165400826,-0.9944312378,0.1040814056,,,,
20760,0.0,1916.57666,-139.4664535,-153.4563675,-0.0123401029,-0.9945627548,0.1033170237,,,,
20761,0.0,1917.990112,-144.239075,-154.272034,-0.0047391242,-0.9948258661,0.1014841701,,,,
20762,0.0,1918.828308,-147.021912,-155.586876,-0.0014719868,-0.9949143872,0.1006569877,,,,
20763,0.0,1920.07666,-151.330338,-157.48111,0.0024415538,-0.9950454024,0.0993915794,,,,
20764,0.0,1920.7038575,-153.762238,-158.206276,0.0032993588,-0.9950777196,0.0990382987,,,,
20765,0.0,1921.857544,-158.566559,-158.92485,0.0055639317,-0.9951659426,0.0980499334,,,,
20766,0.0,1922.585205,-161.26413,-158.938751,0.0070332037,-0.9952067472,0.0975400653,,,,
20767,0.0,1923.1464845,-163.689644,-158.754959,0.0087568046,-0.9952363036,0.0970815964,,,,
20768,0.0,1924.172485,-168.333115,-158.445465,0.0121139558,-0.9953152473,0.0959208555,,,,
20769,0.0,1925.124878,-173.097015,-157.830841,0.0143106815,-0.9953505287,0.0952498261,,,,
20770,0.0,1925.420044,-174.610504,-157.607605,0.0146014732,-0.995346307,0.0952498088,,,,
20771,0.0,1926.404297,-180.02356,-156.838318,0.0146014732,-0.995346307,0.0952498088,,,,
20772,0.0,1927.230957,-184.694748,-155.447876,0.0146014732,-0.995346307,0.0952498088,,,,
20773,0.0,1927.498779,-186.36058,-154.869614,0.0146014732,-0.995346307,0.0952498088,,,,
20774,0.0,1928.435425,-191.748947,-152.602814,0.0146014732,-0.995346307,0.0952498088,,,,
20775,0.0,1929.265015,-196.340454,-151.500671,0.0146014732,-0.995346307,0.0952498088,,,,
20776,0.0,1929.530884,-198.176239,-151.384216,0.0146014732,-0.995346307,0.0952498088,,,,
20777,0.0,1930.30481,-203.118118,-151.47406,0.0146014732,-0.995346307,0.0952498088,,,,
20778,0.0,1930.609619,-205.190979,-151.634521,0.0146018419,-0.9953809125,0.0948874342,,,,
20779,0.0,1931.257935,-210.140411,-151.992188,0.0146030709,-0.9954552201,0.0941044906,,,,
20780,0.0,1931.698242,-214.121658,-151.981354,0.0146030709,-0.9954552201,0.0941044906,,,,
20781,0.0,1932.020874,-216.703476,-152.390274,0.0146030709,-0.9954552201,0.0941044906,,,,
20782,0.0,1932.455444,-221.282104,-152.477463,0.0146030709,-0.9954552201,0.0941044906,,,,
20783,0.0,1932.809082,-226.083252,-152.442749,0.0146030709,-0.9954552201,0.0941044906,,,,
20784,0.0,1932.955933,-228.02121,-152.412369,0.0146030709,-0.9954552201,0.0941044906,,,,
20785,0.0,1933.111938,-233.466721,-152.047821,0.0146042814,-0.9955555047,0.093037369,,,,
20786,0.0,1933.256226,-235.367325,-152.010178,0.0146052161,-0.9956109296,0.0924422221,,,,
20787,0.0,1933.322754,-240.689224,-151.536835,0.0146062084,-0.9956690932,0.0918134822,,,,
20788,0.0,1933.337646,-242.528244,-151.371231,0.0146062084,-0.9956690932,0.0918134822,,,,
20789,0.0,1933.296265,-247.508438,-150.952911,0.0146062084,-0.9956690932,0.0918134822,,,,
20790,0.0,1933.224609,-251.707962,-150.616043,0.0146062084,-0.9956690932,0.0918134822,,,,
20791,0.0,1933.251953,-253.46788,-150.54393,0.0146062084,-0.9956690932,0.0918134822,,,,
20792,0.0,1933.166016,-259.24881,-150.253571,0.0146062084,-0.9956690932,0.0918134822,,,,
20793,0.0,1933.286133,-260.911163,-150.196396,0.0146062084,-0.9956690932,0.0918134822,,,,
20794,0.0,1933.355225,-263.874481,-150.117905,0.0146062084,-0.9956690932,0.0918134822,,,,
20795,0.0,1933.440308,-269.29126,-150.144806,0.0146062084,-0.9956690932,0.0918134822,,,,
20796,0.0,1933.479248,-273.938599,-150.490356,0.0146062084,-0.9956690932,0.0918134822,,,,
20797,0.0,1933.565308,-276.256439,-150.616974,0.0146052163,-0.9956192356,0.0923527222,,,,
20798,0.0,1933.834106,-281.715424,-151.274155,0.0135398665,-0.9955778661,0.092959048,,,,
20799,0.0,1933.876465,-283.629456,-151.296936,0.012452463,-0.995544931,0.0934624338,,,,
20800,0.0,1934.12915,-291.012054,-152.111145,0.0074595261,-0.9953801786,0.0957217611,,,,
20801,0.0,1934.226318,-295.710754,-152.57991,0.0038960483,-0.9952605047,0.0971666019,,,,
20802,0.0,1934.324768,-297.9337615,-152.7329405,0.003013512,-0.9952449112,0.0973533336,,,,
20803,0.0,1934.497437,-302.450592,-152.992508,0.0014221044,-0.995230583,0.0975400653,,,,
20804,0.0,1934.5260625,-305.03775,-152.991478,0.0011404228,-0.9952309058,0.0975400653,,,,
20805,0.0,1934.567261,-309.433014,-152.969833,0.0004069807,-0.9952315141,0.0975400826,,,,
20806,0.0,1934.712402,-312.724213,-152.792191,-0.0002862414,-0.9952315578,0.0975400653,,,,
20807,0.0,1934.919312,-317.793884,-152.378677,-0.0002862414,-0.9952315578,0.0975400653,,,,
20808,0.0,1934.983032,-320.009125,-152.249039,-0.0002862414,-0.9952315578,0.0975400653,,,,
20809,0.0,1935.1000365,-322.530899,-151.942551,-0.0002862414,-0.9952315578,0.0975400653,,,,
20810,0.0,1935.358276,-327.716034,-151.250931,-0.0002862414,-0.9952315578,0.0975400653,,,,
20811,0.0,1935.656128,-333.166595,-150.6577,-0.0002862414,-0.9952315578,0.0975400653,,,,
20812,0.0,1935.736694,-335.155304,-150.547318,-0.0002862414,-0.9952315578,0.0975400653,,,,
20813,0.0,1935.896301,-338.081543,-150.3680195,-0.0002862414,-0.9952315578,0.0975400653,,,,
20814,0.0,1936.055908,-341.007782,-150.188721,-0.0002862414,-0.9952315578,0.0975400653,,,,
20815,0.0,1936.395508,-347.53363,-150.08902,-0.0017930989,-0.9951171064,0.0986850006,,,,
20816,0.0,1936.503296,-350.505066,-150.151886,-0.0040917579,-0.9950600648,0.0991903474,,,,
20817,0.0,1936.637207,-355.235962,-150.345886,-0.0106661269,-0.9949473555,0.0998298227,,,,
20818,0.0,1936.77771,-360.098694,-150.608017,-0.0150119626,-0.9947787016,0.1009454104,,,,
20819,0.0,1936.774902,-361.948608,-150.691055,-0.0161372197,-0.9947037562,0.1015087564,,,,
20820,0.0,1936.853638,-367.526794,-151.266083,-0.0173569328,-0.9946207535,0.1021190169,,,,
20821,0.0,1936.865112,-368.688324,-151.400635,-0.0175782475,-0.9946168667,0.1021190169,,,,
20822,0.0,1936.876343,-374.619019,-151.81842,-0.0184050666,-0.9946019103,0.1021190169,,,,
20838,0.0,1933.55835,-434.207092,-150.816956,-0.0214202146,-0.994541543,0.1021190169,,,,
20839,0.0,1933.5615235,-437.511459,-151.1036835,-0.0215167598,-0.9945394542,0.1021190169,,,,
20840,0.0,1933.552734,-443.311951,-151.462784,-0.0216891937,-0.9945357116,0.1021190342,,,,
20841,0.0,1933.568481,-449.190582,-151.994141,-0.0218814671,-0.9945315017,0.1021190169,,,,
20842,0.0,1933.583923,-451.729004,-152.228577,-0.0219076947,-0.994530924,0.1021190169,,,,
20843,0.0,1933.558716,-456.157074,-152.512878,-0.0219339224,-0.9945303462,0.1021190169,,,,
20844,0.0,1933.5042725,-458.699646,-152.710022,-0.0219339224,-0.9945303462,0.1021190169,,,,
20845,0.0,1933.414429,-463.679474,-152.89621,-0.0219339224,-0.9945303462,0.1021190169,,,,
20846,0.0,1933.4087525,-466.2188265,-152.8802415,-0.0214022112,-0.9945417884,0.1021190169,,,,
20847,0.0,1933.403076,-468.758179,-152.864273,-0.0208705001,-0.9945532307,0.1021190169,,,,
20848,0.0,1933.45166,-474.430878,-152.671921,-0.0207897148,-0.9945549226,0.1021190169,,,,
20849,0.0,1933.473511,-476.823578,-152.471085,-0.0207897148,-0.9945549226,0.1021190169,,,,
20850,0.0,1933.548218,-482.71698,-151.80394,-0.0207897148,-0.9945549226,0.1021190169,,,,
20851,0.0,1933.579285,-485.034256,-151.5485,-0.0207897148,-0.9945549226,0.1021190169,,,,
20852,0.0,1933.463501,-489.362762,-151.652161,-0.0207897148,-0.9945549226,0.1021190169,,,,
20853,0.0,1933.836548,-494.813751,-150.454636,-0.0207897148,-0.9945549226,0.1021190169,,,,
20854,0.0,1933.804443,-496.661407,-150.450012,-0.0207897148,-0.9945549226,0.1021190169,,,,
20855,0.0,1933.925293,-501.503235,-150.175995,-0.0207897148,-0.9945549226,0.1021190169,,,,
20856,0.0,1934.012207,-503.085144,-150.079849,-0.0207897148,-0.9945549226,0.1021190169,,,,
20857,0.0,1934.145996,-508.565826,-150.064941,-0.0207897148,-0.9945549226,0.1021190169,,,,
20858,0.0,1934.2194825,-511.0829315,-150.1328655,-0.0207897148,-0.9945549226,0.1021190169,,,,
20859,0.0,1934.306763,-516.681824,-150.297409,-0.0207897148,-0.9945549226,0.1021190169,,,,
20860,0.0,1934.385864,-519.383667,-150.462891,-0.0207886775,-0.9944994847,0.1026577116,,,,
20864,0.0,1934.197144,-536.183533,-151.819214,-0.0207851908,-0.9943260388,0.1043249943,,,,
20865,0.0,1934.131592,-537.13623,-151.833191,-0.0240503389,-0.9940640633,0.1061047559,,,,
20866,0.0,1933.810913,-542.385559,-151.874237,-0.035464585,-0.9930708151,0.1120384733,,,,
20867,0.0,1933.647339,-544.611694,-151.834366,-0.039146452,-0.9927145908,0.1139530453,,,,
20868,0.0,1933.171753,-551.36261,-151.701965,-0.0504971925,-0.9915059817,0.1198579232,,,,
20869,0.0,1932.922119,-554.810242,-151.581757,-0.0564099491,-0.9908442535,0.1226604378,,,,
20870,0.0,1932.317139,-558.416138,-151.311768,-0.0793866496,-0.9879293006,0.1330167544,,,,
20871,0.0,1931.901733,-561.051758,-151.124161,-0.0924868407,-0.985886043,0.1395524795,,,,
20872,0.0,1931.080322,-566.47821,-150.911621,-0.120770923,-0.980472163,0.1552054178,,,,
20873,0.0,1930.790161,-568.461548,-150.871872,-0.1316767353,-0.9780354129,0.1615796043,,,,
20874,0.0,1929.953857,-573.602661,-150.758148,-0.1585312136,-0.9709252314,0.179365686,,,,
20875,0.0,1929.214355,-578.312561,-150.651108,-0.1686059617,-0.9668407299,0.1918098868,,,,
20876,0.0,1928.937012,-580.643677,-150.652679,-0.1687085675,-0.9667878124,0.1919863147,,,,
20877,0.0,1928.19104,-585.712036,-150.709167,-0.1687085675,-0.9667878124,0.1919863147,,,,
20878,0.0,1927.964233,-587.921448,-150.695618,-0.1687085675,-0.9667878124,0.1919863147,,,,
20879,0.0,1927.386353,-593.000671,-150.922714,-0.1687085675,-0.9667878124,0.1919863147,,,,
20880,0.0,1927.221558,-594.581055,-150.915222,-0.1687085675,-0.9667878124,0.1919863147,,,,
20881,0.0,1926.546875,-601.694336,-151.515671,-0.1687085675,-0.9667878124,0.1919863147,,,,
20882,0.0,1926.004639,-607.072693,-152.063599,-0.1687085675,-0.9667878124,0.1919863147,,,,
20883,0.0,1925.7404175,-609.2290955,-151.8974765,-0.1687085675,-0.9667878124,0.1919863147,,,,
20884,0.0,1925.244629,-613.226318,-151.572815,-0.1687085675,-0.9667878124,0.1919863147,,,,
20885,0.0,1924.62146,-618.014465,-152.095734,-0.1687085675,-0.9667878124,0.1919863147,,,,
20886,0.0,1924.347534,-620.04657,-152.252533,-0.1687085675,-0.9667878124,0.1919863147,,,,
20887,0.0,1923.9711305,-622.974518,-152.225319,-0.1687085675,-0.9667878124,0.1919863147,,,,
20888,0.0,1923.594727,-625.902466,-152.198105,-0.1687085675,-0.9667878124,0.1919863147,,,,
20889,0.0,1923.057251,-630.059937,-152.094391,-0.1687085675,-0.9667878124,0.1919863147,,,,
20890,0.0,1922.430054,-635.37915,-151.779694,-0.1693526519,-0.9677679863,0.1863995816,,,,
20891,0.0,1921.862427,-640.013,-151.248413,-0.1703343174,-0.9695163261,0.1761372016,,,,
20892,0.0,1921.572876,-642.318054,-150.9943465,-0.1714053341,-0.9696141557,0.1745419694,,,,
20893,0.0,1920.942993,-646.784241,-150.58989,-0.1777223237,-0.9690986693,0.1710629851,,,,
20894,0.0,1920.6276855,-649.0316775,-150.3383565,-0.183450797,-0.9684398428,0.1686144454,,,,
20895,0.0,1920.056396,-653.507507,-149.834625,-0.1935180754,-0.9672103204,0.1644838915,,,,
20896,0.0,1919.364136,-658.976685,-149.517883,-0.198332371,-0.966515043,0.1628279527,,,,
20897,0.0,1918.800293,-663.568481,-149.341919,-0.1986153824,-0.9665039461,0.1625486146,,,,
20898,0.0,1918.57312,-665.098999,-149.772018,-0.1986153824,-0.9665039461,0.1625486146,,,,
20899,0.0,1918.01001,-669.700562,-152.240982,-0.1986153824,-0.9665039461,0.1625486146,,,,
20900,0.0,1917.410522,-673.659851,-154.218491,-0.1986153824,-0.9665039461,0.1625486146,,,,
20901,0.0,1916.838989,-677.684387,-156.379959,-0.1986153824,-0.9665039461,0.1625486146,,,,
20902,0.0,1916.28064,-681.944336,-159.913361,-0.1986478992,-0.9666615806,0.1615685637,,,,
20903,0.0,1915.97583,-683.718689,-161.238388,-0.1986528946,-0.9666864885,0.161413322,,,,
20904,0.0,1914.921387,-689.660889,-164.564926,-0.1986528946,-0.9666864885,0.161413322,,,,
20905,0.0,1914.619019,-691.336304,-165.503281,-0.1986528946,-0.9666864885,0.161413322,,,,
20906,0.0,1913.664185,-696.253479,-168.056366,-0.1986528946,-0.9666864885,0.161413322,,,,
20907,0.0,1912.86731,-700.121399,-169.938889,-0.1986528946,-0.9666864885,0.161413322,,,,
20908,0.0,1911.924316,-704.293457,-171.890457,-0.1986528946,-0.9666864885,0.161413322,,,,
20909,0.0,1911.022827,-708.208008,-173.695526,-0.1986528946,-0.9666864885,0.161413322,,,,
20910,0.0,1910.53479,-710.206177,-174.575912,-0.1986528946,-0.9666864885,0.161413322,,,,
20911,0.0,1909.083252,-715.888977,-176.997498,-0.1986528946,-0.9666864885,0.161413322,,,,
20912,0.0,1908.651245,-717.615479,-177.751617,-0.1986702524,-0.9667716396,0.1608810982,,,,
20913,0.0,1907.35083,-722.409912,-179.790573,-0.1986901439,-0.9668677513,0.1602778157,,,,
20914,0.0,1906.072266,-726.782471,-181.709167,-0.1986901439,-0.9668677513,0.1602778157,,,,
20915,0.0,1905.151123,-730.399048,-183.403549,-0.1986901439,-0.9668677513,0.1602778157,,,,
20916,0.0,1904.745483,-731.922241,-184.128159,-0.1986901439,-0.9668677513,0.1602778157,,,,
20917,0.0,1903.578979,-736.376038,-186.260025,-0.1987127224,-0.9669783076,0.1595813479,,,,
20918,0.0,1902.531738,-740.491821,-188.382019,-0.1987271302,-0.9670477344,0.1591420973,,,,
20919,0.0,1901.151611,-746.705505,-191.684647,-0.1987271302,-0.9670477344,0.1591420973,,,,
20920,0.0,1900.758789,-748.5519405,-192.713585,-0.1987271302,-0.9670477344,0.1591420973,,,,
20921,0.0,1900.365967,-750.398376,-193.742523,-0.1987271302,-0.9670477344,0.1591420973,,,,
20922,0.0,1898.937378,-758.21698,-198.2742,-0.1987271302,-0.9670477344,0.1591420973,,,,
20923,0.0,1898.289673,-762.003113,-200.613312,-0.1987271302,-0.9670477344,0.1591420973,,,,
20924,0.0,1897.9053345,-764.1269835,-201.974335,-0.1987271302,-0.9670477344,0.1591420973,,,,
20925,0.0,1897.520996,-766.250854,-203.335358,-0.1987271302,-0.9670477344,0.1591420973,,,,
20926,0.0,1896.444702,-771.790649,-206.612305,-0.1987271302,-0.9670477344,0.1591420973,,,,
20927,0.0,1895.575928,-776.732849,-209.419861,-0.1987271302,-0.9670477344,0.1591420973,,,,
20928,0.0,1893.685669,-778.6618345,-210.090622,-0.1987271302,-0.9670477344,0.1591420973,,,,
20929,0.0,1891.79541,-780.59082,-210.761383,-0.1987271302,-0.9670477344,0.1591420973,,,,
20930,0.0,1890.624756,-786.347046,-213.639465,-0.1987271302,-0.9670477344,0.1591420973,,,,
20931,0.0,1889.690796,-790.933167,-215.932495,-0.1987271302,-0.9670477344,0.1591420973,,,,
20932,0.0,1889.2249145,-793.2189335,-217.075409,-0.1987271302,-0.9670477344,0.1591420973,,,,
20933,0.0,1888.376343,-797.361572,-219.147644,-0.1991638994,-0.9669578732,0.1591421145,,,,
20934,0.0,1887.438232,-801.7771,-221.365005,-0.2032183629,-0.9663373177,0.1577798638,,,,
20943,0.0,1878.978394,-832.021545,-236.612152,-0.3591597977,-0.9247274077,0.1260296042,,,,
20944,0.0,1878.194092,-834.663757,-237.96257,-0.3718736277,-0.9199051066,0.123669452,,,,
20945,0.0,1876.829468,-839.26062,-240.312912,-0.3939599208,-0.9113186681,0.1195569569,,,,
20946,0.0,1875.036255,-845.262817,-243.390335,-0.4237384288,-0.898589226,0.1139436126,,,,
20947,0.0,1873.753174,-849.477783,-245.56189,-0.4469849375,-0.8878128587,0.1095116135,,,,
20948,0.0,1872.177979,-853.247864,-247.541077,-0.4831664777,-0.8692625802,0.104559655,,,,
20949,0.0,1871.591675,-854.609863,-248.256119,-0.4945616759,-0.8630050392,0.1031069885,,,,
20950,0.0,1869.560059,-859.414978,-250.755127,-0.5221635856,-0.8469547041,0.1000645749,,,,
20951,0.0,1868.892944,-861.056152,-251.598969,-0.5271113819,-0.8439120793,0.0998298227,,,,
20952,0.0,1867.002075,-865.627502,-253.509506,-0.5345111675,-0.8392447905,0.0998298227,,,,
20953,0.0,1866.093384,-867.796814,-253.89946,-0.5360955455,-0.8381992017,0.1001182521,,,,
20954,0.0,1864.074097,-872.441956,-253.565109,-0.5386940241,-0.8364286558,0.1009745127,,,,
20955,0.0,1862.479492,-875.907776,-253.796219,-0.5438525011,-0.8330837943,0.1009744953,,,,
20956,0.0,1860.343628,-879.969238,-254.387375,-0.5641879318,-0.819575288,0.0999416077,,,,
20957,0.0,1859.501099,-881.400024,-254.615631,-0.5767362948,-0.8110043728,0.0982199243,,,,
20958,0.0,1856.811035,-885.7677,-255.161346,-0.6144717359,-0.7835739901,0.0918492667,,,,
20959,0.0,1853.793823,-890.56897,-255.120468,-0.6470300281,-0.7576066894,0.0859316411,,,,
20960,0.0,1851.341919,-894.404846,-255.150391,-0.6648908978,-0.7425511049,0.0808575948,,,,
20961,0.0,1850.0841675,-896.349548,-255.282799,-0.670593234,-0.7375505612,0.0791417596,,,,
20962,0.0,1848.826416,-898.29425,-255.415207,-0.6762955701,-0.7325500175,0.0774259243,,,,
20963,0.0,1846.556274,-901.73938,-255.620956,-0.6825694589,-0.726870096,0.0758867405,,,,
20964,0.0,1845.673706,-903.067932,-255.700211,-0.6842361123,-0.7253916153,0.075019644,,,,
20965,0.0,1843.097168,-906.84198,-255.925339,-0.6875004537,-0.7224579134,0.0734689695,,,,
20966,0.0,1840.369873,-910.713379,-256.157745,-0.6896273586,-0.7204279418,0.0734689521,,,,
20967,0.0,1836.818359,-915.544312,-256.31366,-0.6932236903,-0.7171383267,0.0717881305,,,,
20968,0.0,1835.277771,-917.5667725,-256.3061985,-0.6943732772,-0.7160541994,0.0714810768,,,,
20969,0.0,1832.566772,-921.099792,-256.298737,-0.6963736846,-0.7141414074,0.0711740231,,,,
20970,0.0,1830.910156,-923.1989135,-256.298737,-0.6968998406,-0.7136275857,0.0711740144,,,,
20971,0.0,1829.25354,-925.298035,-256.298737,-0.6974259965,-0.713113764,0.0711740057,,,,
20972,0.0,1825.333252,-930.157166,-256.29126,-0.6974259965,-0.713113764,0.0711740057,,,,
20973,0.0,1822.508301,-933.573792,-256.277771,-0.6974259965,-0.713113764,0.0711740057,,,,
20974,0.0,1819.736816,-936.872314,-256.254486,-0.6974259965,-0.713113764,0.0711740057,,,,
20975,0.0,1818.50592,-938.3168945,-256.252411,-0.6974259965,-0.713113764,0.0711740057,,,,
20976,0.0,1816.15625,-941.065125,-256.244019,-0.6974259965,-0.713113764,0.0711740057,,,,
20977,0.0,1812.925049,-944.786072,-256.220001,-0.6974259965,-0.713113764,0.0711740057,,,,
20978,0.0,1809.962646,-948.156982,-256.19455,-0.6974259965,-0.713113764,0.0711740057,,,,
20979,0.0,1808.816284,-949.45282,-256.188324,-0.6974259965,-0.713113764,0.0711740057,,,,
20980,0.0,1805.797974,-952.836609,-256.176117,-0.6974259965,-0.713113764,0.0711740057,,,,
20981,0.0,1802.894531,-956.062622,-256.162231,-0.6974259965,-0.713113764,0.0711740057,,,,
20982,0.0,1801.581787,-957.512024,-256.157288,-0.6974259965,-0.713113764,0.0711740057,,,,
20983,0.0,1798.40332,-960.997192,-255.986679,-0.6974259965,-0.713113764,0.0711740057,,,,
20984,0.0,1795.361816,-964.309692,-255.58284,-0.6974259965,-0.713113764,0.0711740057,,,,
20985,0.0,1793.738403,-966.070557,-255.368179,-0.6974259965,-0.713113764,0.0711740057,,,,
20986,0.0,1790.661865,-969.390625,-254.972641,-0.6974259965,-0.713113764,0.0711740057,,,,
20987,0.0,1787.506714,-972.777649,-254.707108,-0.6974259965,-0.713113764,0.0711740057,,,,
20988,0.0,1786.296631,-974.072815,-254.628067,-0.6974259965,-0.713113764,0.0711740057,,,,
20989,0.0,1783.095337,-977.503479,-254.414291,-0.6964379717,-0.7140787141,0.0711740231,,,,
20990,0.0,1780.197632,-980.669678,-254.219894,-0.6915101848,-0.7188518104,0.0711740057,,,,
20991,0.0,1777.329346,-983.977722,-254.021988,-0.676484654,-0.7330093954,0.0711740057,,,,
20992,0.0,1776.292603,-985.316223,-253.951447,-0.6626203643,-0.7456045186,0.0707683172,,,,
20993,0.0,1772.762695,-989.980957,-253.814606,-0.6094603472,-0.7898125884,0.0689504191,,,,
20994,0.0,1771.851196,-991.28009,-253.789536,-0.5895399443,-0.8047971056,0.0688786825,,,,
20995,0.0,1770.363281,-993.472412,-253.746414,-0.5521815818,-0.8308737737,0.0688786825,,,,
20996,0.0,1767.664307,-997.885681,-253.657364,-0.4507696135,-0.88992469,0.0695758706,,,,
21004,0.0,1753.231079,-1018.375916,-254.147369,-0.1234551124,-0.9887588545,0.0843490543,,,,
21005,0.0,1747.80542,-1024.682983,-254.482071,-0.104413927,-0.9908771306,0.0852070647,,,,
21006,0.0,1745.590271,-1027.2670895,-254.6197205,-0.0960705616,-0.9916530568,0.0855821684,,,,
21007,0.0,1743.375122,-1029.851196,-254.75737,-0.0877271962,-0.9924289831,0.0859572721,,,,
21019,0.0,1703.21106,-1042.406982,-257.124207,-0.9934232821,-0.0098138102,0.1140783577,0.0107914843,169.5412238345,1157.1630766084,6.0
21020,0.0,1698.490601,-1042.684326,-257.474487,-0.9767476218,0.1792515624,0.1176136073,0.0241976822,251.5421468547,1150.4086371684,6.0
21021,0.0,1696.7749025,-1042.812317,-257.6121975,-0.9565347143,0.2545916879,0.1189035438,0.0428053867,323.366755899,1147.8741884401,6.0
21022,0.0,1693.807617,-1043.067993,-257.855255,-0.9136154335,0.3881171949,0.1211275474,0.0826956265,455.3038342749,1143.4429610259,6.0
21023,0.0,1690.993652,-1043.308105,-258.114166,-0.8371145366,0.5329557659,0.1232777522,,,,
21024,0.0,1688.166626,-1042.336548,-258.298065,-0.7968171287,0.5913938202,0.1238378492,,,,
21025,0.0,1687.493408,-1041.719238,-258.332062,-0.7884808301,0.6024634196,0.1238378319,,,,
21026,0.0,1684.572021,-1039.054443,-258.53653,-0.7577913344,0.6406375579,0.1238378492,,,,
21027,0.0,1683.808472,-1038.217407,-258.598938,-0.748879202,0.6510331202,0.1238378665,,,,
21028,0.0,1682.049561,-1035.850708,-258.772827,-0.7234362755,0.6791937475,0.1238378319,,,,
21029,0.0,1680.441772,-1033.455688,-258.95166,-0.698019705,0.7052890775,0.1238378319,,,,
21030,0.0,1679.279297,-1031.194092,-259.107697,-0.6511291944,0.7487186557,0.1243026415,,,,
21031,0.0,1677.618896,-1028.186279,-259.322998,-0.5924702717,0.7958463232,0.1249304089,,,,
21032,0.0,1676.665649,-1026.668335,-259.436737,-0.5693086205,0.8125686736,0.1249793799,0.139623378,819.2285037318,1607.4058597962,0.0
21033,0.0,1675.153564,-1023.73999,-259.645691,-0.5118066924,0.8503021886,0.1226380757,0.1065537473,720.9431312153,1605.0558683574,0.0
21034,0.0,1673.597412,-1021.116333,-259.737183,-0.4761205044,0.8711635759,0.1199303518,0.0887216433,660.0862567432,1602.9645991307,0.0
21055,0.0,1635.052246,-967.437317,-257.0354,-0.650996588,0.75166668,0.1058330978,,,,
21056,0.0,1633.5985105,-962.6863405,-256.8443295,-0.6596037649,0.7441225556,0.1052289566,,,,
21057,0.0,1632.144775,-957.935364,-256.653259,-0.6682109419,0.7365784311,0.1046248153,,,,
21058,0.0,1631.9258115,-957.61323575,-256.634445,-0.6691749141,0.735709063,0.1045563954,,,,
21059,0.0,1631.706848,-957.2911075,-256.615631,-0.6701388862,0.7348396949,0.1044879754,,,,
21060,0.0,1631.4878845,-956.96897925,-256.596817,-0.6711028584,0.7339703268,0.1044195554,,,,
21061,0.0,1631.268921,-956.646851,-256.578003,-0.8308208866,0.5501960429,0.0837912218,,,,
21062,0.0,1621.511841,-943.989746,-256.298737,-0.728402749,0.6780195823,0.0985843867,,,,
21063,0.0,1618.163818,-939.708008,-256.298737,-0.7618772003,0.6409152215,0.0936526048,,,,
21064,0.0,1615.91626,-936.472351,-256.298706,-0.7862428751,0.6113599666,0.0897838106,,,,
21065,0.0,1614.093506,-933.748474,-256.298737,-0.81306244,0.5755948693,0.0872926984,,,,
21066,0.0,1613.340698,-932.505798,-256.298676,-0.8211441159,0.5642408133,0.0857592305,,,,
21067,0.0,1611.10376,-928.595642,-256.298553,-0.8469350042,0.5254889898,0.0810087663,,,,
21068,0.0,1610.227051,-926.944153,-256.298584,-0.8550072264,0.5124765589,0.0795639323,,,,
21069,0.0,1608.486084,-923.624451,-256.298645,-0.8702738269,0.4865578026,0.0767135639,,,,
21070,0.0,1606.87439,-920.329651,-256.298676,-0.8833700726,0.4627768312,0.074127723,,,,
21071,0.0,1605.303101,-917.064148,-256.298706,-0.8949432133,0.4405356553,0.0707458937,,,,
21072,0.0,1603.736694,-913.753357,-256.298737,-0.9065849728,0.4165352632,0.0678384967,,,,
21073,0.0,1603.049927,-912.288025,-256.298676,-0.9114323657,0.4061771858,0.0656592456,,,,
21074,0.0,1600.971924,-907.786377,-256.298737,-0.9222684223,0.3815393609,0.0620376764,,,,
21075,0.0,1600.247925,-906.219788,-256.298706,-0.9259601627,0.3727721085,0.0603219044,,,,
21076,0.0,1598.42041,-902.314941,-256.298645,-0.9353740334,0.3490461527,0.0569403285,,,,
21077,0.0,1597.629517,-900.599365,-256.298676,-0.9383850893,0.3410105766,0.0560821798,,,,
21078,0.0,1595.609619,-896.277039,-256.298706,-0.946548439,0.3181290889,0.0532910444,,,,
21079,0.0,1594.70752,-894.39209,-256.298706,-0.9499783989,0.3079980547,0.0517517147,,,,
21080,0.0,1592.831543,-890.792236,-256.298737,-0.9551377909,0.2919609722,0.0497050404,,,,
21081,0.0,1590.870728,-887.699219,-256.298737,-0.9598721902,0.2762318153,0.0483876302,,,,
21082,0.0,1589.063965,-885.255981,-256.298706,-0.9648792611,0.258576902,0.0463249087,,,,
21083,0.0,1586.949951,-882.82074,-256.298676,-0.9697119624,0.2403219435,0.0436356907,,,,
21084,0.0,1585.718628,-881.479309,-256.298676,-0.9716333006,0.2326490023,0.0424637599,,,,
21085,0.0,1582.366943,-878.158203,-256.298615,-0.9770281381,0.2096083844,0.0384752204,,,,
21086,0.0,1579.983521,-876.16571,-256.298737,-0.9804257244,0.1936511441,0.0355616822,,,,
21087,0.0,1578.375244,-874.874023,-256.298706,-0.9823228677,0.1840336893,0.0342547041,,,,
21088,0.0,1573.993164,-871.964783,-256.298706,-0.9886055518,0.1475968317,0.0295675192,,,,
21089,0.0,1571.9661255,-870.808319,-256.2987215,-0.9908582846,0.1309989081,0.0274617116,,,,
21090,0.0,1568.637085,-868.960144,-256.298706,-0.9941021556,0.1059155174,0.0232982292,,,,
21091,0.0,1566.677307,-868.0276185,-256.2986755,-0.9951107368,0.0960967823,0.0203439852,,,,
21092,0.0,1563.373535,-866.490906,-256.298676,-0.9964967517,0.0820890709,0.0159877565,,,,
21093,0.0,1560.941406,-865.4586185,-256.2987065,-0.996993076,0.0760575063,0.0132679648,,,,
21094,0.0,1558.509277,-864.426331,-256.298737,-0.9974894002,0.0700259417,0.010548173,,,,
21095,0.0,1553.79895,-864.107788,-255.389648,-0.9982950999,0.0582456198,0.0037869889,,,,
21096,0.0,1549.85144,-862.83551,-255.757645,-0.9987251715,0.050465138,-0.0011409215,,,,
21097,0.0,1546.369873,-861.846558,-256.419189,-0.998965758,0.045194401,-0.0049880256,,,,
21098,0.0,1544.7319335,-861.410492,-256.4859615,-0.9990362696,0.0432880869,-0.006771527,,,,
21099,0.0,1541.797607,-860.675415,-256.675781,-0.999134324,0.0401211707,-0.0109951957,,,,
21100,0.0,1537.982422,-859.888062,-256.727173,-0.9991400375,0.038175443,-0.0161808871,,,,
21101,0.0,1534.112793,-859.009277,-256.681915,-0.9990745349,0.0366811247,-0.0224626099,,,,
21102,0.0,1530.912231,-858.69751,-256.497284,-0.99891672,0.0353807668,-0.0302256155,,,,
21103,0.0,1527.302246,-858.197266,-256.404022,-0.9986260446,0.0350559871,-0.0389499777,,,,
21104,0.0,1523.809692,-857.802307,-256.080139,-0.9981318585,0.033976486,-0.0507778641,,,,
21105,0.0,1522.669067,-857.558655,-256.299011,-0.9979277828,0.0343417782,-0.0544130742,,,,
21106,0.0,1518.282104,-857.151611,-255.80426,-0.9973821488,0.035732264,-0.0628653682,,,,
21107,0.0,1513.949829,-857.05072,-254.69133,-0.996881992,0.0371841639,-0.0695962066,,,,
21108,0.0,1511.985962,-856.883789,-254.550247,-0.9968066891,0.0372887606,-0.0706114216,,,,
21109,0.0,1507.773926,-856.658752,-254.198532,-0.9967667333,0.037287266,-0.0711740057,,,,
21110,0.0,1506.404785,-856.6427,-254.024063,-0.9967667333,0.037287266,-0.0711740057,0.0043091092,70.8830114568,764.3667271682,6.0
21111,0.0,1501.620361,-856.394348,-253.832748,-0.9967667333,0.037287266,-0.0711740057,0.0039343886,67.0112908684,756.1743652422,6.0
21112,0.0,1497.51123,-856.221558,-253.735703,-0.9967667333,0.037287266,-0.0711740057,0.004187528,68.9387249343,754.0923202211,6.0
21113,0.0,1494.525391,-855.961243,-253.726257,-0.9967474287,0.037800121,-0.0711738316,0.0040550715,67.2482051242,747.4930514553,6.0
21114,0.0,1491.978882,-855.990234,-253.858215,-0.9967329215,0.0381807716,-0.0711738142,0.003918068,65.5609827177,741.3448757164,6.0
21115,0.0,1487.869507,-855.669434,-253.856369,-0.9967231752,0.0384340073,-0.0711740057,0.0037495969,63.3317366457,732.0177279483,6.0
21116,0.0,1483.961792,-855.460876,-253.999023,-0.9967231752,0.0384340073,-0.0711740057,0.0035997729,61.3296818196,723.4513915811,6.0
21117,0.0,1482.278198,-855.416077,-254.233459,-0.9967231752,0.0384340073,-0.0711740057,0.003523629,60.3879722933,719.9847096986,6.0
21118,0.0,1477.939819,-855.131531,-254.650681,-0.9967231752,0.0384340073,-0.0711740057,0.0033941828,58.5340409095,711.0411390498,6.0
21119,0.0,1474.083618,-854.86853,-255.068832,-0.9967231752,0.0384340073,-0.0711740057,0.0034122686,58.0430705602,703.2092533445,6.0
21120,0.0,1472.313843,-854.738708,-255.13707,-0.9967231752,0.0384340073,-0.0711740057,0.0034275741,57.8705816016,699.555038156,6.0
21121,0.0,1467.680542,-854.396301,-255.335403,-0.9967231752,0.0384340073,-0.0711740057,0.0034606124,57.3843665766,690.3640521344,6.0
21122,0.0,1464.283691,-854.115173,-255.275497,-0.9967231752,0.0384340073,-0.0711740057,0.0035056915,57.1288316765,682.8643724504,6.0
21123,0.0,1462.203491,-853.966187,-255.251221,-0.9967231752,0.0384340073,-0.0711740057,0.0035515092,57.1766806699,679.0213214284,6.0
21124,0.0,1457.584839,-853.525635,-255.070221,-0.9967231752,0.0384340073,-0.0711740057,0.0036331827,57.0821819037,670.2499250363,6.0
21125,0.0,1453.728638,-853.232056,-254.989563,-0.9967231752,0.0384340073,-0.0711740057,0.0037385734,57.2174240356,662.3181185565,6.0
21126,0.0,1450.004639,-852.727478,-254.587051,-0.9967231752,0.0384340073,-0.0711740057,0.0039433478,58.1108844087,654.9957963457,6.0
21127,0.0,1447.983398,-852.697693,-254.725098,-0.9967231752,0.0384340073,-0.0711740057,0.0041034789,58.9206164624,651.0617333994,6.0
21128,0.0,1444.222656,-852.299133,-254.439102,-0.9967231752,0.0384340073,-0.0711740057,0.0044055461,60.3464371385,643.5993771655,6.0
21129,0.0,1440.825317,-851.600586,-253.822968,-0.9967231752,0.0384340073,-0.0711740057,0.004744903,61.9333416861,636.5193765412,6.0
21130,0.0,1434.50647,-850.901978,-253.535156,-0.9967231752,0.0384340073,-0.0711740057,0.0053291747,64.4683227674,625.2889784716,6.0
21131,0.0,1431.523193,-850.480469,-253.367081,-0.9967231752,0.0384340073,-0.0711740057,0.0057799867,66.4299625915,618.7483485761,6.0
21132,0.0,1429.4299315,-850.4372255,-253.398125,-0.9967231752,0.0384340073,-0.0711740057,0.0060143394,67.3259039908,614.9812540861,6.0
21133,0.0,1427.33667,-850.393982,-253.429169,-0.9967231752,0.0384340073,-0.0711740057,0.0062486921,68.2218453901,611.2141595961,6.0
21134,0.0,1421.772461,-849.661194,-253.24913,-0.9967231752,0.0384340073,-0.0711740057,0.0070309446,71.1395751286,600.9718815255,6.0
21135,0.0,1417.498291,-849.263062,-253.259354,-0.9967371163,0.0380711401,-0.0711737968,0.0076638134,73.3467595648,593.577131013,6.0
21136,0.0,1415.435669,-849.097504,-253.321251,-0.9967504404,0.0377190246,-0.0711738055,0.0079853103,74.4071980705,590.1496274516,6.0
21137,0.0,1411.126465,-848.739807,-253.57048,-0.9967831533,0.0368460784,-0.0711738142,0.0086304122,76.4906092682,583.4671583826,6.0
21138,0.0,1407.988403,-848.678162,-253.929916,-0.996955308,0.0326244482,-0.0708220255,0.0090127188,77.423544928,577.9774568279,6.0
21139,0.0,1405.6990965,-848.652924,-254.1862255,-0.9970824744,0.0291187095,-0.0704713466,0.0090955843,77.3028820888,574.4757881362,6.0
21140,0.0,1400.384888,-848.580261,-254.676727,-0.9974289704,0.020943073,-0.0685334712,0.0091688361,76.5183507587,566.3583148527,6.0
21141,0.0,1396.514038,-848.501404,-254.835175,-0.9976605454,0.0148955868,-0.0667199944,0.0093150968,76.2637137488,560.045101344,6.0
21142,0.0,1394.684021,-848.469971,-255.1489335,-0.997727336,0.0129479387,-0.0660932936,0.0095116483,76.6464478593,557.0976901562,6.0
21143,0.0,1390.594604,-848.371155,-255.667221,-0.9979073363,0.0094931916,-0.0639595773,0.0099326554,77.4049990102,550.5571893825,6.0
21144,0.0,1386.609131,-848.770752,-255.900223,-0.9980374862,0.0069043557,-0.0622374962,0.0103422159,78.072696508,544.255952342,6.0
21145,0.0,1384.802734,-848.881165,-256.047058,-0.9981439511,0.0051048904,-0.0606843724,0.0105088371,78.2422861295,541.1195126332,6.0
21146,0.0,1380.467041,-849.089172,-256.103394,-0.9983580066,0.0016793007,-0.0572579307,0.0107329595,78.095683319,534.4668087929,6.0
21147,0.0,1378.175537,-849.153564,-255.808395,-0.9984413927,0.0004318185,-0.0558085923,0.0108741627,78.1446448563,531.3371476649,6.0
21148,0.0,1374.349854,-849.209045,-249.27829,-0.998608397,-0.0005744426,-0.0527346141,0.0103035617,75.1286760562,524.709148395,6.0
21149,0.0,1370.663452,-848.935425,-244.078857,-0.9987521346,-0.0005745253,-0.0499383974,0.0102057791,73.9493446684,518.9280712087,6.0
21150,0.0,1367.321899,-848.756287,-239.529495,-0.9989318742,-0.0005746287,-0.0462036859,0.0100800218,72.758205801,513.7282385586,6.0
21151,0.0,1365.974609,-848.62854,-237.393143,-0.9990422402,-0.0005746922,-0.043752394,0.0099826837,72.0823743272,511.4191678934,6.0
21152,0.0,1361.30249,-848.736328,-231.877823,-0.9993858167,-0.0016259283,-0.0350049374,0.0093975042,68.9365421777,504.0237015433,6.0
21153,0.0,1359.625977,-848.700867,-230.153229,-0.9994991638,-0.0021986799,-0.0315687726,,,,
21154,0.0,1356.105713,-848.742432,-226.360825,-0.9997097975,-0.0036144684,-0.0238171461,,,,
21155,0.0,1352.436768,-848.673584,-222.969223,-0.9998233181,-0.0047401579,-0.018189656,,,,
21156,0.0,1348.538696,-848.703979,-219.098831,-0.9999079716,-0.006911449,-0.0116739106,,,,
21157,0.0,1345.323853,-848.699585,-216.224548,-0.9999483472,-0.0083788621,-0.0057530447,,,,
21158,0.0,1341.654053,-848.730469,-212.632095,-0.9999300666,-0.0118100521,0.0006202027,,,,
21159,0.0,1338.181885,-848.718262,-209.973267,-0.9998679989,-0.014299198,0.0077147675,,,,
21160,0.0,1336.581055,-848.720459,-208.810654,-0.9997984045,-0.0164285386,0.0115435433,,,,
21161,0.0,1333.276001,-848.732605,-206.473297,-0.9995779271,-0.0210060324,0.0200677401,,,,
21162,0.0,1328.842773,-848.699219,-203.615158,-0.9992815494,-0.0251450521,0.0283568561,,,,
21163,0.0,1324.825439,-848.642212,-201.663513,-0.9987503188,-0.0314855612,0.0388131428,,,,
21164,0.0,1323.282227,-848.614441,-201.232834,-0.9984990105,-0.0340382377,0.042908326,,,,
21165,0.0,1319.406372,-848.559326,-199.82309,-0.9977073785,-0.0413501679,0.0535737847,,,,
21166,0.0,1315.796143,-848.469299,-198.869476,-0.9967414128,-0.0487565653,0.0642600447,,,,
21167,0.0,1312.122437,-848.311096,-198.132721,-0.995615603,-0.0562664982,0.0747238404,,,,
21168,0.0,1304.494995,-847.462952,-200.794418,-0.9941422011,-0.0644153289,0.0867868046,,,,
21169,0.0,1301.8690185,-847.4604495,-201.6535415,-0.9937035264,-0.0668133142,0.0898550272,,,,
21170,0.0,1299.243042,-847.457947,-202.512665,-0.9932648517,-0.0692112996,0.0929232498,,,,
21171,0.0,1294.967896,-847.135193,-205.15712,-0.9924971676,-0.0732128529,0.0979247181,,,,
21172,0.0,1292.685303,-847.182739,-205.890717,-0.9921084375,-0.0753163796,0.1002411651,,,,
21173,0.0,1288.034546,-846.779236,-208.800308,-0.9913079243,-0.0796995881,0.1046736592,,,,
21174,0.0,1284.878418,-846.992676,-208.20845,-0.9907460378,-0.0821846457,0.10801839,,,,
21175,0.0,1279.125977,-846.561523,-207.006378,-0.9896097454,-0.0877017559,0.1139339891,0.0066897019,43.6591970424,378.081046926,6.0
21176,0.0,1274.641724,-846.576599,-206.292038,-0.9889522029,-0.0913558907,0.1167374904,0.0066973544,42.7524413518,370.0178362807,6.0
21177,0.0,1273.0279545,-846.6582335,-206.128937,-0.988758742,-0.0926153282,0.117373434,0.0066709315,42.376930948,367.4867743837,6.0
21178,0.0,1269.544312,-846.863525,-205.949768,-0.9883875174,-0.0950141484,0.1185851049,0.0066851468,41.8953789511,362.9298567208,6.0
21179,0.0,1265.186523,-847.144775,-205.876846,-0.9880298258,-0.0970217997,0.1199326216,0.0070811846,42.451788786,357.3536587009,6.0
21180,0.0,1262.102539,-847.490967,-202.913025,-0.9878507304,-0.0982437267,0.1204122277,0.0083534315,45.548572809,353.1312730828,6.0
21181,0.0,1258.633301,-847.808167,-197.085312,-0.987498539,-0.0995174227,0.1222412293,0.010954508,51.4163768844,348.3234189131,6.0
21182,0.0,1257.2003785,-847.959717,-194.721779,-0.9872484698,-0.1006956092,0.1232814689,0.0124078193,54.2387969025,346.1135785649,6.0
21183,0.0,1255.767456,-848.111267,-192.358246,-0.9869984005,-0.1018737956,0.1243217085,0.0138611306,57.0612169207,343.9037382167,6.0
21184,0.0,1250.597656,-848.210449,-184.596313,-0.9863263398,-0.1047666828,0.1272175051,0.0189158448,65.1971204489,336.7937950209,6.0
21185,0.0,1248.894653,-848.3996275,-182.4073255,-0.9860475465,-0.1057640732,0.1285355482,0.02070902,67.5699386021,334.1807779216,6.0
21186,0.0,1245.032837,-848.703796,-177.863144,-0.9855340422,-0.1077244943,0.1308361001,0.0243470683,72.0664460948,328.5900755611,6.0
21187,0.0,1240.568237,-848.978149,-172.904236,-0.985019499,-0.1102359948,0.1326069833,0.0284623684,76.3329298564,322.235867212,6.0
21188,0.0,1237.341797,-849.198303,-169.406479,-0.9847719886,-0.1109298381,0.1338607543,0.0312289747,78.6768739184,317.3004064322,6.0
21189,0.0,1233.4823,-849.328674,-166.163879,-0.9847390819,-0.1109261314,0.134105682,0.033427229,79.80082307,311.2448481647,6.0
21190,0.0,1232.233521,-849.392883,-165.036255,-0.984697618,-0.1112935452,0.1341057338,0.0343455263,80.3358582156,309.1866688219,6.0
21191,0.0,1228.628662,-849.582153,-161.820526,-0.9844825019,-0.1123816883,0.134775961,0.036696595,81.3083529503,302.9204331406,6.0
21192,0.0,1224.785156,-849.768005,-158.557053,-0.9842483739,-0.1129665364,0.1359915445,0.0399195131,83.1040449512,297.0931186682,6.0
21193,0.0,1220.601074,-849.969482,-155.425049,-0.9840318041,-0.113140019,0.1374072219,0.0431318604,84.4698570346,290.7514454934,6.0
21194,0.0,1219.543701,-850.017639,-154.743134,-0.9839661224,-0.1133294798,0.1377210912,0.0439354387,84.6964332319,288.9123093113,6.0
21195,0.0,1216.836304,-850.209778,-152.293655,-0.9838450559,-0.113797153,0.1381995442,0.0466184773,85.9704751754,284.8896998487,6.0
21196,0.0,1210.523926,-850.42804,-148.903351,-0.9835699768,-0.1142336147,0.1397883472,0.0521143587,87.8921670732,275.8606438533,6.0
21197,0.0,1209.192871,-850.4729,-148.393265,-0.9835171377,-0.1146686925,0.1398039009,0.053187527,88.1959399284,274.0827065061,6.0
21198,0.0,1205.428955,-850.569885,-147.165131,-0.9833287174,-0.1153523143,0.1405648502,0.0561606465,88.7419274535,268.5855370169,6.0
21199,0.0,1201.399414,-850.686646,-146.110748,-0.9831563787,-0.1153320976,0.1417816709,0.0591090032,89.2441060845,263.4827291605,6.0
21200,0.0,1197.35791,-850.758606,-145.284058,-0.9831136235,-0.1153270821,0.1420819037,0.0615705844,89.253001922,258.3516255616,6.0
21201,0.0,1194.115967,-850.760376,-144.859863,-0.9831136235,-0.1153270821,0.1420819037,0.0632457922,89.0180610356,254.3460855028,6.0
21202,0.0,1192.203735,-850.786316,-144.688141,-0.9831136235,-0.1153270821,0.1420819037,0.0641490325,88.8126169765,252.0250165953,6.0
21203,0.0,1187.2771,-850.891174,-144.566025,-0.9831136235,-0.1153270821,0.1420819037,0.0661609237,88.0783100329,246.2396739863,6.0
21204,0.0,1184.517456,-850.889282,-144.733337,-0.9831136235,-0.1153270821,0.1420819037,0.0674715003,87.7109983434,242.9019028323,6.0
21205,0.0,1180.907104,-851.00769,-145.05278,-0.9831136235,-0.1153270821,0.1420819037,0.0687909704,86.9718203164,238.6152523391,6.0
21206,0.0,1177.468994,-850.991516,-145.58902,-0.9831136235,-0.1153270821,0.1420819037,0.0698403617,86.0003143885,234.2341343354,6.0
21207,0.0,1175.117065,-851.019043,-146.124451,-0.9831136235,-0.1153270821,0.1420819037,0.0705364984,85.1895717393,230.9198160556,6.0
21208,0.0,1171.06665,-851.138184,-147.189255,-0.9831136235,-0.1153270821,0.1420819037,0.0713642261,83.6537821621,225.4863163147,6.0
21209,0.0,1169.558716,-851.10553,-147.610245,-0.9831136235,-0.1153270821,0.1420819037,0.0716768538,83.0338073973,223.3446625382,6.0
21210,0.0,1164.619507,-851.144653,-149.521194,-0.9831136235,-0.1153270821,0.1420819037,0.0724927503,80.7525741605,216.0285133091,6.0
21211,0.0,1161.023682,-851.227478,-151.09201,-0.9831136235,-0.1153270821,0.1420819037,0.0727779214,78.8288172532,210.4841052222,6.0
21212,0.0,1157.91272,-851.325806,-152.713501,-0.9831136235,-0.1153270821,0.1420819037,0.0730664292,77.0057446678,205.2252586912,6.0
21213,0.0,1154.270264,-851.336609,-154.767593,-0.9831136235,-0.1153270821,0.1420819037,0.0725006961,74.4831369416,199.2460663343,6.0
21214,0.0,1150.898804,-851.389221,-156.879974,-0.9831136235,-0.1153270821,0.1420819037,0.0719121483,72.0075333401,193.3808182891,6.0
21215,0.0,1147.661377,-851.436707,-159.124756,-0.9831136235,-0.1153270821,0.1420819037,0.0711351777,69.4791866136,187.5692400978,6.0
21216,0.0,1144.965332,-851.459106,-161.176865,-0.9831136235,-0.1153270821,0.1420819037,0.0705223954,67.2501020924,182.3096046793,6.0
21217,0.0,1141.147827,-851.579895,-164.18045,-0.9831136235,-0.1153270821,0.1420819037,0.068980252,64.0827731622,175.5842478052,6.0
21218,0.0,1137.522217,-851.55127,-167.332077,-0.9831136235,-0.1153270821,0.1420819037,0.0672037505,60.8175862163,168.7482924487,6.0
21219,0.0,1131.958496,-851.362732,-171.763153,-0.9831136235,-0.1153270821,0.1420819037,0.0641895244,55.9102700452,158.6090971651,6.0
21220,0.0,1124.913452,-851.376709,-180.763077,-0.9830611841,-0.1157732099,0.142081921,0.053935845,47.5289225714,146.7035588186,6.0
21221,0.0,1120.968506,-851.414307,-187.849823,-0.9829937739,-0.1163441799,0.142081921,0.0466760052,42.1133831076,139.47171748,6.0
21222,0.0,1116.97229,-851.55896,-193.112625,-0.9829802907,-0.1164580641,0.1420819037,0.0440628637,39.0642218462,133.065469864,6.0
21223,0.0,1115.0247805,-851.634613,-195.016075,-0.9829802907,-0.1164580641,0.1420819037,0.0444471427,38.3392578622,130.0569866167,6.0
21224,0.0,1110.943726,-851.997192,-198.736267,-0.9829241579,-0.1169308243,0.1420819555,0.0465064546,37.4049372533,124.0984404786,6.0
21225,0.0,1108.436768,-852.354736,-197.082855,-0.9826197393,-0.1211247163,0.1406671643,0.0558734691,39.3485676746,119.3888712381,6.0
21226,0.0,1107.077271,-852.413513,-196.107941,-0.9823102546,-0.1255643666,0.1389249928,0.0614507027,40.4485749797,117.1929196846,6.0
21227,0.0,1103.611206,-852.996765,-196.25943,-0.9795429498,-0.1559814723,0.1271431866,0.0852891575,45.0803863334,111.5550201045,6.0
21228,0.0,1101.7699585,-853.322937,-196.5983125,-0.977267392,-0.1735535994,0.120276708,0.1010900356,47.4452645337,108.861025285,6.0
21229,0.0,1098.042603,-853.978882,-196.820343,-0.9695031386,-0.2246807301,0.097888885,0.1417883128,53.3247620872,103.8869785833,6.0
21230,0.0,1095.903198,-854.621643,-196.687439,-0.9621708685,-0.2602626041,0.0805642401,,,,
21231,0.0,1094.631836,-855.038391,-196.722275,-0.9613205913,-0.264024752,0.0784452109,,,,
21232,0.0,1089.568359,-856.770935,-196.567169,-0.9583036883,-0.2767205332,0.0712726275,,,,
21233,0.0,1087.518555,-857.409973,-196.593948,-0.9555485198,-0.2874093004,0.0657489185,,,,
21234,0.0,1084.984741,-858.735901,-196.52565,-0.9478796455,-0.3142501805,0.0526403055,,,,
21235,0.0,1083.632568,-859.521057,-196.432999,-0.9448084477,-0.3240660678,0.0481474913,,,,
21236,0.0,1081.067383,-861.233643,-196.211334,-0.939688272,-0.3395074655,0.0414805058,,,,
21237,0.0,1078.383057,-863.330627,-195.954102,-0.936345072,-0.349052297,0.0376881944,,,,
21238,0.0,1076.03064,-865.27356,-195.77121,-0.9351643665,-0.3523531374,0.0362611949,,,,
21239,0.0,1073.577515,-867.46582,-195.90387,-0.9347270462,-0.3535777128,0.035611096,,,,
21240,0.0,1071.446533,-869.759705,-195.586502,-0.9346937528,-0.3536706877,0.0355616822,,,,
21241,0.0,1070.473755,-870.901855,-195.492661,-0.9345021319,-0.3541766964,0.0355616822,,,,
21242,0.0,1068.224609,-873.736755,-195.14502,-0.9340473588,-0.3554476837,0.0348206209,,,,
21243,0.0,1066.389771,-876.480286,-194.651749,-0.9335804582,-0.3567118558,0.0344119179,,,,
21244,0.0,1065.275757,-877.988525,-194.566895,-0.933363024,-0.3572804034,0.0344119004,,,,
21245,0.0,1062.693848,-881.611816,-194.271591,-0.9330938692,-0.3579827543,0.0344119004,,,,
21246,0.0,1060.721069,-884.783813,-193.906601,-0.9330938692,-0.3579827543,0.0344119004,,,,
21247,0.0,1058.762817,-887.631897,-193.787552,-0.9330938692,-0.3579827543,0.0344119004,,,,
21248,0.0,1056.950195,-890.563782,-193.268738,-0.9330938692,-0.3579827543,0.0344119004,,,,
21249,0.0,1055.957642,-891.670166,-193.269653,-0.9330758937,-0.357975858,0.0349665811,,,,
21250,0.0,1052.803833,-895.196594,-193.042908,-0.934193866,-0.3547539936,0.0378341743,,,,
21251,0.0,1052.32959,-895.796204,-192.934341,-0.9351867669,-0.3519537907,0.0394238543,,,,
21252,0.0,1046.535522,-900.836609,-192.689072,-0.9489422378,-0.3109285731,0.0532170254,,,,
21253,0.0,1045.2637325,-901.693878,-192.6682665,-0.9552319792,-0.2891860472,0.058032801,,,,
21254,0.0,1043.991943,-902.551147,-192.647461,-0.9615217207,-0.2674435213,0.0628485765,,,,
21255,0.0,1041.017822,-904.3349,-192.422623,-0.9831569044,-0.1672015165,0.0737980631,,,,
21256,0.0,1038.071899,-905.629761,-192.166595,-0.9956013422,-0.0401341322,0.084659429,,,,
21257,0.0,1035.29895,-906.460571,-191.864883,-0.9905124644,0.1050406132,0.0886088447,,,,
21258,0.0,1032.349854,-906.822937,-191.619095,-0.9618107259,0.2583267928,0.0904842284,,,,
21259,0.0,1029.535645,-906.770081,-191.872635,-0.9154613785,0.3920584378,0.0906677776,,,,
21260,0.0,1026.431885,-907.853271,-191.877182,-0.8370061614,0.5396295424,0.0906677602,,,,
21261,0.0,1023.483887,-908.615723,-191.89917,-0.7625763014,0.6407830201,0.0887384117,,,,
21262,0.0,1020.44751,-908.925476,-191.936295,-0.6864513455,0.7222862519,0.0841850377,,,,
21263,0.0,1016.447876,-908.635254,-191.910034,-0.6554753471,0.750729657,0.0822012861,,,,
21264,0.0,1012.389832,-907.865234,-191.696655,-0.6455608971,0.759347866,0.0814981389,,,,
21265,0.0,1009.481323,-906.824585,-191.470444,-0.6532156858,0.7528738547,0.0805619437,,,,
21266,0.0,1008.129883,-906.182617,-191.330597,-0.659673591,0.7472851474,0.0799728821,,,,
21267,0.0,1005.9665225,-904.8515625,-191.119011,-0.6683526514,0.7394822575,0.0795887272,,,,
21268,0.0,1002.76123,-902.664612,-190.849121,-0.6798703668,0.7290939036,0.0787296897,,,,
21269,0.0,998.900635,-899.661438,-190.621277,-0.690780088,0.7188392524,0.0780576657,,,,
21270,0.0,998.305298,-899.135437,-190.575836,-0.6969705669,0.7128387142,0.0780576483,,,,
21271,0.0,993.492737,-894.908691,-190.825165,-0.7337524022,0.6749180808,0.0780576483,,,,
21272,0.0,992.151794,-894.225037,-190.858978,-0.7455326286,0.6619259874,0.0776858215,,,,
21273,0.0,988.100037,-892.107544,-191.488037,-0.8185170187,0.5695853661,0.074849187,,,,
21274,0.0,986.740356,-891.490906,-192.080872,-0.8409769279,0.535960725,0.0741883281,,,,
21275,0.0,982.084595,-889.20166,-192.67804,-0.9105921006,0.4067239074,0.0734689695,,,,
21276,0.0,978.944519,-887.705994,-192.920181,-0.9515276059,0.2986595568,0.0734689347,,,,
21277,0.0,976.677124,-886.700195,-193.102783,-0.9686948595,0.2371341018,0.0734689521,,,,
21278,0.0,973.157654,-885.128601,-193.132751,-0.9820454679,0.1737498546,0.0734689521,,,,
21279,0.0,969.397644,-883.719421,-193.217712,-0.9899288152,0.1210093133,0.0734689521,,,,
21280,0.0,966.191284,-882.52179,-193.235962,-0.9938278513,0.0831174773,0.0734689521,,,,
21285,0.0,952.195374,-879.065674,-191.919846,-0.9973914517,-0.0305565436,0.0653956404,,,,
21286,0.0,946.255371,-878.479614,-190.756546,-0.9969143168,-0.0454365238,0.0640106803,,,,
21287,0.0,942.024841,-877.802124,-190.698959,-0.9964839489,-0.0551077655,0.0631100129,,,,
21288,0.0,937.747253,-877.209839,-190.576874,-0.9959234342,-0.0653713584,0.0621538303,,,,
21289,0.0,932.412964,-876.444458,-190.669418,-0.995504048,-0.0724433798,0.0610216942,,,,
21290,0.0,930.175659,-876.525024,-190.822632,-0.9951184753,-0.0784020529,0.059936118,,,,
21291,0.0,926.500366,-876.322693,-191.604111,-0.9948227021,-0.082246179,0.0596938645,,,,
21292,0.0,922.609314,-876.095398,-193.238754,-0.9946657004,-0.0841236415,0.0596938645,,,,
21293,0.0,919.09668,-876.097046,-195.172806,-0.9946499773,-0.084309342,0.0596938645,,,,
21294,0.0,914.849426,-876.002686,-197.389771,-0.9946499773,-0.084309342,0.0596938645,,,,
21295,0.0,911.335083,-875.943726,-199.125305,-0.9946499773,-0.084309342,0.0596938645,,,,
21296,0.0,905.701721,-875.940247,-201.794342,-0.9946499773,-0.084309342,0.0596938645,,,,
21297,0.0,902.5472105,-875.923462,-203.106224,-0.9946499773,-0.084309342,0.0596938645,,,,
21298,0.0,899.3927,-875.906677,-204.418106,-0.9946499773,-0.084309342,0.0596938645,,,,
21325,0.0,797.343079,-882.073181,-247.154739,-0.9955143645,-0.0915599356,0.0238312444,,,,
21326,0.0,793.185913,-882.510437,-248.042892,-0.9955201683,-0.0918492409,0.0224346044,,,,
21327,0.0,789.397888,-882.659973,-249.577164,-0.9955237906,-0.0921206989,0.0211224806,,,,
21328,0.0,787.045898,-883.092896,-250.159317,-0.9955252181,-0.0922981239,0.0202631772,,,,
21329,0.0,768.769409,-884.441833,-257.598358,-0.9954846768,-0.0930211799,0.0189028668,,,,
21330,0.0,777.483093,-884.178589,-253.958679,-0.995447101,-0.0935228484,0.0183996189,,,,
21331,0.0,774.091064,-884.504028,-254.442352,-0.9954404011,-0.0936115377,0.0183108664,,,,
21332,0.0,770.554871,-884.941711,-254.135208,-0.9954404011,-0.0936115377,0.0183108664,,,,
21333,0.0,766.678223,-885.418762,-254.310669,-0.9954404011,-0.0936115377,0.0183108664,,,,
21334,0.0,763.372314,-885.896301,-254.879089,-0.9953730788,-0.0944918069,0.0174279232,,,,
21335,0.0,759.572205,-886.309875,-255.350662,-0.9951056979,-0.0974704756,0.0162528899,,,,
21336,0.0,755.726074,-886.706665,-255.714676,-0.9944986588,-0.1037910366,0.0141364168,,,,
21337,0.0,752.645813,-887.104858,-256.039185,-0.9924387236,-0.1221177355,0.0123546969,,,,
21338,0.0,748.515503,-887.58197,-256.131775,-0.9896556224,-0.1430648518,0.010686308,,,,
21369,0.0,641.409668,-937.078796,-255.164932,-0.8200785016,-0.5713659414,0.0318152812,,,,
21370,0.0,639.776367,-938.096375,-254.985565,-0.8180204996,-0.5742996668,0.031974287,,,,
21371,0.0,634.473022,-941.153015,-254.746567,-0.8111826731,-0.5838892521,0.0324963402,,,,
21372,0.0,631.337341,-943.085266,-254.686386,-0.8067608045,-0.5899654689,0.0328291016,,,,
21373,0.0,627.663818,-945.168701,-254.747925,-0.8014152067,-0.5971847846,0.0332264881,,,,
21374,0.0,624.378418,-946.909851,-255.15416,-0.8009327442,-0.5978297197,0.0332620732,,,,
21375,0.0,620.922546,-949.42157,-255.540741,-0.8009327442,-0.5978297197,0.0332620732,,,,
21376,0.0,618.221313,-951.501953,-255.684357,-0.8009327442,-0.5978297197,0.0332620732,,,,
21377,0.0,615.191956,-953.846497,-255.925568,-0.8009327442,-0.5978297197,0.0332620732,,,,
21378,0.0,612.410095,-955.99823,-256.10849,-0.8009327442,-0.5978297197,0.0332620732,,,,
21379,0.0,609.189453,-958.489075,-256.190979,-0.8009327442,-0.5978297197,0.0332620732,,,,
21380,0.0,606.063477,-960.890137,-256.376465,-0.8009327442,-0.5978297197,0.0332620732,,,,
21381,0.0,601.334412,-964.218933,-256.489166,-0.8009327442,-0.5978297197,0.0332620732,,,,
21382,0.0,599.4775395,-965.438263,-256.4470365,-0.8009327442,-0.5978297197,0.0332620732,,,,
21383,0.0,594.400146,-968.657593,-256.377197,-0.8009327442,-0.5978297197,0.0332620732,,,,
21384,0.0,591.496399,-970.404236,-256.705688,-0.8009327442,-0.5978297197,0.0332620732,,,,
21385,0.0,588.814697,-971.972778,-257.220398,-0.8009327442,-0.5978297197,0.0332620732,,,,
21386,0.0,587.0254515,-973.122009,-257.656067,-0.8009327442,-0.5978297197,0.0332620732,,,,
21387,0.0,584.134399,-975.079529,-258.401245,-0.8009327442,-0.5978297197,0.0332620732,,,,
21388,0.0,579.700195,-978.16333,-259.782623,-0.8009327442,-0.5978297197,0.0332620732,,,,
21389,0.0,576.902161,-980.181274,-261.00351,-0.8009327442,-0.5978297197,0.0332620732,,,,
21390,0.0,575.951721,-980.787109,-261.243408,-0.8009327442,-0.5978297197,0.0332620732,,,,
21391,0.0,571.264282,-984.121338,-263.604095,-0.8009327442,-0.5978297197,0.0332620732,,,,
21392,0.0,567.994812,-986.468262,-265.534729,-0.8009327442,-0.5978297197,0.0332620732,,,,
21393,0.0,565.009705,-988.625366,-267.567139,-0.8009327442,-0.5978297197,0.0332620732,,,,
21394,0.0,563.3468935,-989.8308105,-268.779877,-0.8009327442,-0.5978297197,0.0332620732,,,,
21395,0.0,559.855347,-992.364746,-271.392853,-0.8009327442,-0.5978297197,0.0332620732,,,,
21396,0.0,556.077515,-995.12207,-274.705109,-0.8009327442,-0.5978297197,0.0332620732,,,,
21397,0.0,551.772095,-998.542053,-279.667389,-0.8009327442,-0.5978297197,0.0332620732,,,,
21398,0.0,549.721313,-1000.171204,-282.446198,-0.8009327442,-0.5978297197,0.0332620732,,,,
21399,0.0,544.583557,-1004.673279,-288.230652,-0.8009327442,-0.5978297197,0.0332620732,,,,
21400,0.0,541.506775,-1007.135193,-291.436249,-0.8009327442,-0.5978297197,0.0332620732,,,,
21401,0.0,540.37146,-1008.170593,-292.016174,-0.8009327442,-0.5978297197,0.0332620732,,,,
21402,0.0,537.821533,-1010.616699,-292.574158,-0.8000128251,-0.5990601914,0.0332620906,,,,
21403,0.0,535.43335,-1012.866394,-293.127899,-0.7978420134,-0.6019483002,0.0332620732,,,,
21404,0.0,533.113037,-1014.833313,-293.446747,-0.7943429084,-0.6065583059,0.0332620732,,,,
21405,0.0,532.197021,-1015.725647,-293.640472,-0.7914580038,-0.6103178374,0.0332620732,,,,
21406,0.0,529.321777,-1018.581543,-292.97937,-0.7790260953,-0.6261085986,0.0332620732,,,,
21407,0.0,526.667175,-1021.417419,-292.334229,-0.76087433,-0.6479992394,0.0341648897,,,,
21408,0.0,524.042664,-1024.194702,-291.94342,-0.7382361419,-0.6736097546,0.0354583889,,,,
21409,0.0,521.599487,-1026.840698,-291.637512,-0.7174470995,-0.6956475809,0.0366620049,,,,
21410,0.0,520.498291,-1028.052612,-291.483337,-0.7078828996,-0.7053751288,0.0367114168,,,,
21411,0.0,517.826477,-1030.999023,-291.219666,-0.6880913252,-0.724660856,0.0373760878,,,,
21412,0.0,514.914734,-1034.293335,-291.065491,-0.6736224882,-0.7381051959,0.0378611029,,,,
21413,0.0,512.195557,-1037.265137,-291.178253,-0.6588220487,-0.7513454898,0.0378611029,,,,
21414,0.0,510.82309,-1038.794189,-291.237885,-0.6513818163,-0.7578048999,0.0378611029,,,,
21415,0.0,507.777313,-1042.313477,-291.54007,-0.6373036816,-0.7696821125,0.0378611029,,,,
21416,0.0,506.503601,-1043.723145,-291.593079,-0.6313089978,-0.7746066655,0.0378611029,,,,
21419,0.0,497.116364,-1054.28833,-289.633179,-0.6012411247,-0.7981701867,0.0378611029,,,,
21420,0.0,495.5958255,-1056.038391,-289.239487,-0.5982813983,-0.8003825652,0.0378611029,,,,
21421,0.0,494.075287,-1057.788452,-288.845795,-0.595321672,-0.8025949437,0.0378611029,,,,
21422,0.0,490.621338,-1061.742188,-288.675171,-0.5898194912,-0.8066470757,0.0378611029,,,,
21423,0.0,489.345428,-1063.234131,-288.641846,-0.5879259256,-0.8080282439,0.0378611029,,,,
21424,0.0,485.613831,-1067.481689,-288.319916,-0.5830673397,-0.8115411353,0.0378611029,,,,
21425,0.0,484.882202,-1068.290039,-288.166412,-0.5822491114,-0.8121283822,0.0378611029,0.0346752152,224.2668527508,859.089360137,3.0
21426,0.0,481.529724,-1072.041504,-287.721436,-0.5804630475,-0.813405918,0.0378611029,0.03510936,224.3442173756,854.1501697874,3.0
21427,0.0,476.838745,-1077.256836,-287.282898,-0.5772624062,-0.8156804835,0.0378611029,0.0355688041,223.5911956246,845.8661690935,3.0
21428,0.0,475.1694335,-1079.107361,-287.128372,-0.5760313634,-0.8165489176,0.0378611116,0.0358941016,223.7917488542,842.8718759652,3.0
21429,0.0,473.500122,-1080.957886,-286.973846,-0.5748003205,-0.8174173518,0.0378611203,0.0362193992,223.9923020838,839.8775828368,3.0
21430,0.0,469.187775,-1086.033813,-286.777252,-0.5719167129,-0.8194374964,0.0378611029,0.0370564579,223.9162871699,830.2326863797,3.0
21431,0.0,467.467194,-1088.0322265,-286.7530515,-0.5708699716,-0.8201660722,0.0378611029,0.037210513,223.2151965812,825.9611028052,3.0
21432,0.0,464.585419,-1091.515747,-286.726379,-0.5691902666,-0.8213336577,0.0378611029,0.0375459067,222.238703367,818.726114793,3.0
21433,0.0,462.7049105,-1093.854248,-286.780136,-0.5684330763,-0.8218573642,0.0378611029,0.0379321324,222.0919639182,814.1235346678,3.0
21434,0.0,459.463593,-1097.914185,-286.865082,-0.5671194526,-0.8227648895,0.0378611029,0.0381313865,220.3666735101,805.6931249411,3.0
21435,0.0,456.521759,-1101.887329,-287.341705,-0.5666684361,-0.8230755861,0.0378611029,0.0389452618,220.6151947808,798.2947053649,3.0
21436,0.0,455.468872,-1103.236572,-287.085632,-0.5657916545,-0.823678542,0.0378611029,0.0391073349,220.313226858,795.5812701987,3.0
21437,0.0,452.21402,-1107.83313,-287.939209,-0.5614414846,-0.8266498631,0.0378611029,0.0405041613,221.7985262689,787.2934923628,3.0
21438,0.0,451.217072,-1109.162842,-287.847321,-0.560164825,-0.8275155018,0.0378611029,0.0407338198,221.6771674237,784.6873895801,3.0
21439,0.0,447.779358,-1113.84729,-288.301849,-0.5539644828,-0.8316789577,0.0378611029,0.0421486911,222.9126172746,775.9839738064,3.0
21440,0.0,447.123901,-1114.751587,-288.169342,-0.5518119677,-0.8331086899,0.0378611029,0.0423918135,222.9751909649,774.0208516776,3.0
21441,0.0,444.071747,-1119.227417,-287.804749,-0.5436761388,-0.8384406914,0.0378611029,0.0436582983,223.8175522436,765.8405951788,3.0
21442,0.0,442.685028,-1121.244629,-287.618958,-0.540654409,-0.8403923768,0.0378611029,0.0441516428,224.029175218,762.3660647156,3.0
21443,0.0,439.796356,-1125.427979,-287.050812,-0.5312052102,-0.8463968109,0.0378611029,0.0453389294,224.5090916074,754.1583962449,3.0
21444,0.0,438.5223235,-1127.386963,-286.8593905,-0.5278028922,-0.8485131638,0.0378611029,0.0458562695,224.757207716,750.8510491353,3.0
21445,0.0,435.436951,-1132.140625,-286.458038,-0.5208501713,-0.8528080886,0.0378611029,0.047022965,224.9087476403,742.1689384805,3.0
21446,0.0,434.103851,-1134.105713,-286.387756,-0.5173810978,-0.8549171518,0.0378611029,0.0475827867,225.0308797153,738.2965986901,3.0
21447,0.0,431.7099,-1138.36731,-285.197144,-0.5103190242,-0.8591513431,0.0378611029,0.0483753314,224.396399379,730.3074956185,3.0
21448,0.0,430.771515,-1139.855713,-285.054108,-0.5073723323,-0.8608947981,0.0378611029,0.048828566,224.6197404872,727.7181748015,3.0
21449,0.0,428.43515,-1143.88562,-284.279236,-0.4986802412,-0.8659587484,0.0378611029,0.0499026556,224.7870285643,720.5784544888,3.0
21450,0.0,426.760559,-1147.009888,-283.923706,-0.4926311638,-0.8694142135,0.0378610854,0.0507575589,224.9520128566,715.1655573162,3.0
21451,0.0,424.629181,-1150.70459,-283.763245,-0.4880442622,-0.8719973251,0.0378611029,0.0516646849,225.0273932526,709.2619233549,3.0
21452,0.0,422.965057,-1153.53418,-283.686401,-0.4858143484,-0.8732416365,0.0378611029,0.0522702248,224.8939488961,704.8330085254,3.0
21453,0.0,421.944824,-1155.493652,-283.550446,-0.4843302778,-0.8740656262,0.0378611029,0.0526227393,224.5258435661,701.3819152404,3.0
21454,0.0,420.144775,-1158.775024,-283.652588,-0.4825932526,-0.8750258793,0.0378611029,0.053377215,224.3721756526,696.0655547204,3.0
21455,0.0,417.595154,-1163.306885,-283.89328,-0.4825932526,-0.8750258793,0.0378611029,0.0543492519,223.9562183578,688.7060489953,3.0
21456,0.0,415.266327,-1167.318726,-284.043549,-0.4825932526,-0.8750258793,0.0378611029,0.0550313286,223.1098144158,681.9575953067,3.0
21457,0.0,413.029572,-1171.156006,-284.347412,-0.4825932526,-0.8750258793,0.0378611029,0.0561675772,223.2070098679,675.5158959649,3.0
21458,0.0,412.161469,-1172.619751,-284.495331,-0.4825932526,-0.8750258793,0.0378611029,0.0565498782,223.1398193134,673.0921731979,3.0
21459,0.0,409.933167,-1176.463135,-285.314423,-0.4825932526,-0.8750258793,0.0378611029,0.0578996121,223.5980653263,666.7981354969,3.0
21460,0.0,407.753448,-1180.172363,-286.216644,-0.4825932526,-0.8750258793,0.0378611029,0.059237358,224.2585788636,661.4012533235,3.0
21461,0.0,404.459015,-1185.690186,-286.824188,-0.4825932526,-0.8750258793,0.0378611029,0.0609796776,224.2114241385,652.0396335834,3.0
21462,0.0,403.2153475,-1187.737244,-286.976181,-0.4825932526,-0.8750258793,0.0378611029,0.0616362962,224.1456978068,648.5049178886,3.0
21463,0.0,401.97168,-1189.784302,-287.128174,-0.4825932526,-0.8750258793,0.0378611029,0.0622929148,224.079971475,644.9702021938,3.0
21464,0.0,399.312958,-1194.036133,-287.615326,-0.4825932526,-0.8750258793,0.0378611029,0.0637832799,224.4580314024,638.711510162,3.0
21465,0.0,396.526093,-1199.216675,-288.316315,-0.48410733,-0.874213738,0.0372885159,0.0659271043,225.1361803874,630.4880709045,3.0
21466,0.0,394.723297,-1203.062256,-288.336151,-0.4895372638,-0.8712402427,0.035968136,0.0674976985,225.6910641284,624.8990609137,3.0
21467,0.0,394.018448,-1204.90625,-288.4135285,-0.4935283268,-0.8690315292,0.0345117943,0.0685307366,226.3045635559,622.0629476841,3.0
21468,0.0,393.313599,-1206.750244,-288.490906,-0.4975193899,-0.8668228157,0.0330554526,0.0695637747,226.9180629834,619.2268344546,3.0
21469,0.0,391.965942,-1210.448853,-288.658295,-0.5087033002,-0.8604111608,0.030225598,0.0716501164,228.2617785072,614.0897221102,3.0
21470,0.0,390.19101,-1215.458374,-288.632324,-0.5238122294,-0.8514007422,0.0271574047,0.0757753257,231.5895294174,606.4948601519,3.0
21471,0.0,389.049805,-1219.889648,-288.720154,-0.5425517336,-0.8396299285,0.0256748812,0.0796538871,235.0047354266,600.8739429779,3.0
21472,0.0,388.650879,-1221.5919185,-288.663269,-0.5536653299,-0.8322687474,0.0245876694,0.0821687933,237.5444358965,598.5035660979,3.0
21473,0.0,387.963776,-1225.415405,-288.639648,-0.5761265095,-0.8170569894,0.0222737776,0.0877452741,243.1036544771,593.4809024907,3.0
21474,0.0,387.142487,-1231.2948,-288.719299,-0.6090876304,-0.7928586355,0.0196835643,0.0982448451,253.5186570433,586.5131293354,3.0
21475,0.0,386.893372,-1233.3756715,-288.8109585,-0.6252552256,-0.779926624,0.0184445306,0.1039407452,259.0876797871,583.9280216701,3.0
21476,0.0,386.457214,-1237.428467,-288.964294,-0.6515877214,-0.7583925005,0.0165606897,0.1139918663,268.3965697303,578.852946491,3.0
21477,0.0,385.931152,-1242.088745,-289.240326,-0.6741578711,-0.7384516355,0.0141543919,0.1255274066,277.9206453086,572.9437467286,3.0
21478,0.0,385.774902,-1243.938965,-289.301208,-0.6833483359,-0.7299705531,0.0133432919,0.1303423875,281.6496937105,570.5390916897,3.0
21479,0.0,385.282318,-1248.529297,-289.730316,-0.7021602587,-0.711919815,0.0118805781,0.1418603003,289.9119765514,564.6723705988,3.0
21480,0.0,385.038483,-1252.213989,-289.820007,-0.714799986,-0.6992468324,0.0107166924,,,,
21481,0.0,384.44043,-1256.589844,-290.674164,-0.7291734355,-0.6842662792,0.0092606719,,,,
21482,0.0,384.478699,-1258.255981,-290.440826,-0.7337484675,-0.6793645992,0.0087708477,,,,
21483,0.0,384.050842,-1263.019287,-292.007355,-0.7475669911,-0.6641474594,0.0071934696,,,,
21484,0.0,383.595642,-1267.279053,-294.4487,-0.7601347438,-0.6497298178,0.0068069933,,,,
21485,0.0,383.520416,-1268.69751,-294.965485,-0.7631598895,-0.6461738527,0.0068069933,,,,
21486,0.0,383.230072,-1272.268921,-296.003937,-0.7724041191,-0.6351045697,0.0058362955,,,,
21487,0.0,382.983551,-1276.93396,-295.972504,-0.7816834612,-0.623663625,0.0038274453,,,,
21488,0.0,382.843628,-1281.357178,-295.890411,-0.792072858,-0.6104173389,0.0033555812,,,,
21489,0.0,382.72113,-1283.016724,-295.850281,-0.7956281519,-0.6057785441,0.0028634705,,,,
21490,0.0,382.401001,-1287.966431,-295.515533,-0.8052643835,-0.5929144331,0.0013220167,,,,
21491,0.0,382.291595,-1291.981567,-294.985596,-0.8121141884,-0.5834975859,0.001054615,,,,
21492,0.0,382.131805,-1294.396484,-294.826691,-0.8152409368,-0.5791209741,0.001054615,,,,
21493,0.0,382.037109,-1300.087646,-293.522186,-0.8229876181,-0.5680583317,0.001054615,,,,
21494,0.0,381.791718,-1303.294556,-292.433228,-0.8296998301,-0.5582094657,0.0006199933,,,,
21495,0.0,381.647278,-1305.828735,-291.43396,-0.833564905,-0.5524214417,0.0003161664,,,,
21496,0.0,381.142151,-1311.771973,-289.706909,-0.8442567685,-0.535938904,0.0,,,,
21563,0.0,179.596405,-1462.247314,-290.116486,-0.9454015243,-0.3257464115,-0.0102583244,,,,
21564,0.0,179.548248,-1462.079712,-290.092896,-0.9454015243,-0.3257464115,-0.0102583244,,,,
21565,0.0,179.599144,-1462.02063,-290.028946,-0.9454015243,-0.3257464115,-0.0102583244,,,,
21566,0.0,179.713028,-1461.955688,-289.869202,-0.9454015243,-0.3257464115,-0.0102583244,,,,
21567,0.0,178.643936,-1462.743286,-289.367615,-0.9459358593,-0.3241872922,-0.0102583244,,,,
21568,0.0,174.828506,-1464.405518,-288.87561,-0.9471833316,-0.3205284746,-0.0102583244,,,,
21569,0.0,170.843567,-1465.626709,-288.786987,-0.9487651231,-0.3158379578,-0.0095459683,,,,
21570,0.0,166.280701,-1467.462036,-289.044678,-0.9535547664,-0.3011134364,-0.0080003643,,,,
21571,0.0,164.346542,-1468.700195,-289.167328,-0.9574331725,-0.2885629437,-0.0072902455,,,,
21572,0.0,160.18338,-1471.671387,-289.487,-0.9686232604,-0.2484677364,-0.0057239331,,,,
21573,0.0,158.59137,-1472.48645,-289.514221,-0.9738363578,-0.2271799994,-0.0056565121,,,,
21574,0.0,154.527817,-1475.470947,-289.749298,-0.9884654291,-0.1513410033,-0.0056565121,,,,
21575,0.0,153.166855,-1476.486938,-289.742157,-0.9923103209,-0.1236455856,-0.0056565121,,,,
21576,0.0,148.81131,-1479.643799,-289.611877,-0.9996971813,-0.0234785678,-0.0073690276,,,,
21577,0.0,147.415634,-1480.452515,-289.561127,-0.9999204558,0.0097855776,-0.0079576749,,,,
21578,0.0,142.794449,-1483.633179,-289.447845,-0.9975338571,0.0697343477,-0.0079576749,,,,
21579,0.0,140.815811,-1485.020996,-289.423523,-0.995704424,0.0922462759,-0.0079576749,,,,
21580,0.0,137.244141,-1487.49646,-289.31958,-0.9904935932,0.1373285013,-0.0079576749,,,,
21581,0.0,135.757965,-1488.561157,-289.325104,-0.9888404059,0.1487660145,-0.0079576749,,,,
21582,0.0,131.701447,-1491.544556,-289.297241,-0.9855387417,0.1692632981,-0.0079576749,0.1485949534,497.4470243986,948.4055477016,0.0
21617,0.0,19.106421,-1524.911743,-292.936981,0.4205469057,0.9071445956,-0.0151321775,0.0095066117,151.439808083,1100.8972906788,6.0
21618,0.0,14.6745,-1526.98938,-293.003601,0.489169755,0.8720522683,-0.0154205072,0.0113908391,165.7883799733,1101.5431407527,6.0
21619,0.0,4.443176,-1530.967163,-293.461517,0.6407366987,0.7675937437,-0.0160102335,0.0381272712,303.2866165806,1108.9193692166,6.0
21620,0.0,4.357963,-1531.069336,-293.302551,0.6407366987,0.7675937437,-0.0160102335,0.0386726537,304.4603490744,1105.487183265,6.0
21621,0.0,4.356244,-1531.071411,-293.216278,0.6407366987,0.7675937437,-0.0160102335,0.0389147423,304.4786495598,1102.1774667213,6.0
21622,0.0,2.565241,-1530.976807,-293.214233,0.6407366987,0.7675937437,-0.0160102335,0.0385996939,303.1567697533,1101.7732423587,6.0
21623,0.0,-2.698455,-1530.739258,-293.148682,0.6407366987,0.7675937437,-0.0160102335,0.0375088258,298.7759922858,1101.2225779366,6.0
21624,0.0,-4.230101,-1530.640015,-293.1091,0.6407366987,0.7675937437,-0.0160102335,0.037185965,297.4836082962,1101.1181844234,6.0
21625,0.0,-9.664099,-1530.522217,-292.831238,0.6407366987,0.7675937437,-0.0160102335,0.0358139418,292.467314672,1102.7065745898,6.0
22470,0.0,-616.543152,-398.588318,77.706375,-0.3472735348,0.9093485805,0.2290987804,,,,
22471,0.0,-616.5435485,-398.5873415,77.717346,-0.3472735348,0.9093485805,0.2290987804,,,,
22472,0.0,-616.542725,-398.589508,77.88707,-0.3472735348,0.9093485805,0.2290987804,,,,
22473,0.0,-616.506531,-398.68425,78.0594445,-0.3472735348,0.9093485805,0.2290987804,,,,
22474,0.0,-616.478149,-398.758667,78.339684,-0.3472735348,0.9093485805,0.2290987804,,,,
22475,0.0,-615.701599,-396.241455,80.607285,-0.3620093927,0.9064486248,0.2174858389,,,,
22476,0.0,-615.484436,-394.8052675,80.316517,-0.3820808866,0.8985115254,0.2149863364,,,,
22477,0.0,-614.846741,-391.89267,79.051491,-0.4213027758,0.8821841245,0.2103690604,,,,
22478,0.0,-614.233887,-389.6910705,78.7814715,-0.4513462621,0.8674357634,0.2066587932,,,,
22479,0.0,-613.341736,-385.694672,78.602173,-0.502188516,0.8412709426,0.2001746624,,,,
22480,0.0,-612.861755,-380.448059,78.999321,-0.5515146264,0.8109472161,0.1954385569,,,,
22481,0.0,-612.512085,-376.903839,79.387375,-0.5748296659,0.7946071191,0.1953724175,,,,
22482,0.0,-612.035583,-373.818207,79.492516,-0.5899800177,0.7834240256,0.1953724004,,,,
22483,0.0,-611.801941,-372.375122,79.519783,-0.5947487744,0.7796811079,0.1958858479,,,,
22484,0.0,-610.980408,-367.919189,79.555717,-0.6027966351,0.7731241653,0.1972694648,,,,
22485,0.0,-610.267639,-364.321594,79.554916,-0.6060863174,0.7704559259,0.1976285459,,,,
22486,0.0,-610.128418,-360.55423,79.131088,-0.6066473442,0.7700142669,0.1976285117,,,,
22487,0.0,-609.399841,-356.852356,79.225304,-0.60738941,0.7694290628,0.1976284946,,,,
22488,0.0,-609.129456,-355.408722,79.242798,-0.6079062652,0.769020774,0.1976284946,,,,
22489,0.0,-609.067932,-355.107391,79.229538,-0.6081548573,0.7688241894,0.1976285288,,,,
22490,0.0,-608.882629,-354.173157,79.328865,-0.609559856,0.7677107136,0.1976285459,,,,
22491,0.0,-608.799255,-353.192535,79.287827,-0.6108635943,0.766673751,0.1976285117,,,,
22492,0.0,-608.696838,-352.104462,79.471748,-0.6110667363,0.7665118493,0.1976285117,,,,
22493,0.0,-608.38855,-351.990082,79.557808,-0.6110667363,0.7665118493,0.1976285117,,,,
22494,0.0,-608.185303,-350.348816,79.300293,-0.6110667363,0.7665118493,0.1976285117,,,,
22495,0.0,-608.187195,-349.979858,79.386238,-0.6112363585,0.7663765994,0.1976284946,,,,
22496,0.0,-607.976562,-348.140137,79.060753,-0.6119437042,0.7658119097,0.1976284946,,,,
22497,0.0,-607.912415,-347.650574,78.914429,-0.611948193,0.7658083184,0.1976285117,,,,
22498,0.0,-607.893311,-347.017517,78.765671,-0.6125382306,0.7653364449,0.1976285459,,,,
22499,0.0,-607.847961,-346.234741,78.76017,-0.6128288396,0.7651037738,0.1976285117,,,,
22500,0.0,-608.056763,-345.812927,78.625748,-0.6128288396,0.7651037738,0.1976285117,,,,
22501,0.0,-609.814514,-346.177917,79.571609,-0.6128288396,0.7651037738,0.1976285117,,,,
22502,0.0,-610.2042235,-346.0066525,79.4514845,-0.6128288396,0.7651037738,0.1976285117,,,,
22503,0.0,-610.593933,-345.835388,79.33136,-0.6128288396,0.7651037738,0.1976285117,,,,
22504,0.0,-610.632874,-345.335571,79.387054,-0.6128288396,0.7651037738,0.1976285117,,,,
22505,0.0,-611.082642,-344.844574,79.128006,-0.6128288396,0.7651037738,0.1976285117,,,,
22506,0.0,-611.069977,-344.335785,79.1213835,-0.6128288396,0.7651037738,0.1976285117,,,,
22507,0.0,-611.057312,-343.826996,79.114761,-0.6128288396,0.7651037738,0.1976285117,,,,
23838,0.0,1869.859863,-74.714996,-153.463135,1.0,0.0,0.0,,,,
23839,0.0,1871.016602,-78.0,-152.298737,1.0,0.0,0.0,,,,
23840,0.0,1871.114624,-78.0,-152.298737,1.0,0.0,0.0,,,,
23841,0.0,1867.012329,-75.574753,-151.053238,1.0,0.0,0.0,,,,
23842,0.0,1866.327942,-74.819523,-152.142792,0.2798264558,0.4242237038,0.14682595,,,,
23843,0.0,1865.643555,-74.064293,-153.232346,-0.4403470883,0.8484474076,0.2936519001,,,,
23844,0.0,1863.39624,-65.365692,-152.5401,-0.188612528,0.9502584936,0.247859052,,,,
23845,0.0,1871.881226,-72.0,-152.298737,1.0,0.0,0.0,,,,
23846,0.0,1871.871521,-72.0,-152.298737,1.0,0.0,0.0,,,,
23847,0.0,1871.878296,-72.0,-152.298737,1.0,0.0,0.0,,,,
23848,0.0,1871.856934,-72.0,-152.298737,1.0,0.0,0.0,,,,
23849,0.0,1871.873535,-72.0,-152.298737,1.0,0.0,0.0,,,,
23850,0.0,1871.870178,-72.0,-152.298737,1.0,0.0,0.0,,,,
23851,0.0,1871.869263,-72.0,-152.298737,1.0,0.0,0.0,,,,
23852,0.0,1871.828125,-72.0,-152.298737,1.0,0.0,0.0,,,,
23853,0.0,1871.868164,-72.0,-152.298737,1.0,0.0,0.0,,,,
23854,0.0,1871.869751,-72.0,-152.298737,1.0,0.0,0.0,,,,
23855,0.0,1871.869019,-72.0,-152.298737,0.9999998442,0.0,-0.0005581912,,,,
23856,0.0,1871.866699,-72.0,-152.298737,0.9999979215,0.0,-0.0020388922,,,,
23857,0.0,1871.87915,-72.0,-152.298737,0.9999970176,0.0,-0.0024422892,,,,
23858,0.0,1871.874512,-72.0,-152.298737,0.9999949992,0.0,-0.0031625313,,,,
23859,0.0,1871.893799,-72.0,-152.298737,0.99999437,0.0,-0.0033555812,,,,
23860,0.0,1871.870239,-72.0,-152.298737,0.99999437,0.0,-0.0033555812,,,,
23861,0.0,1871.861694,-72.0,-152.298737,0.99999437,0.0,-0.0033555812,,,,
23862,0.0,1871.883301,-72.0,-152.298737,0.99999437,0.0,-0.0033555812,,,,
23863,0.0,1871.870728,-72.0,-152.298737,0.99999437,0.0,-0.0033555812,,,,
23864,0.0,1871.861328,-72.0,-152.298737,0.99999437,0.0,-0.0033555812,,,,
23865,0.0,1871.890503,-72.0,-152.298737,0.99999437,0.0,-0.0033555812,,,,
23866,0.0,1871.870728,-72.0,-152.298737,0.99999437,0.0,-0.0033555812,,,,
23867,0.0,1871.869019,-72.0,-152.298737,0.99999437,0.0,-0.0033555812,,,,
23868,0.0,1871.873413,-72.0056,-152.298737,0.9999941909,-0.0005973181,-0.0033557906,,,,
23869,0.0,1871.897461,-72.079575,-152.298737,0.9999584243,-0.0084786951,-0.0033557906,,,,
23870,0.0,1872.057739,-72.687874,-152.298737,0.9973548982,-0.0726081661,-0.0033557906,,,,
23871,0.0,1872.187744,-73.236237,-152.298737,0.991622129,-0.1291289744,-0.0033557906,,,,
23872,0.0,1872.33252,-74.940643,-152.29866,0.9541190058,-0.2993431449,-0.0071136751,,,,
23873,0.0,1872.336304,-75.67276,-152.29866,0.9295659371,-0.3685494087,-0.0088601353,,,,
23874,0.0,1871.909546,-77.860596,-152.298706,0.8223687517,-0.5688057129,-0.0130267865,,,,
23875,0.0,1871.245483,-79.502708,-152.298904,0.7070595794,-0.7070479053,-0.0122478909,,,,
23876,0.0,1870.854736,-80.222229,-152.298889,0.6462861612,-0.7630104609,-0.0113681317,,,,
23877,0.0,1869.402466,-82.009323,-152.298813,0.4509432829,-0.8925200623,-0.0076219361,,,,
23878,0.0,1867.716919,-83.515366,-152.298752,0.2421057953,-0.9702390789,-0.0045731481,,,,
23879,0.0,1866.963013,-83.907745,-152.298767,0.1579528989,-0.9874389216,-0.0039061242,,,,
23880,0.0,1865.104004,-84.633781,-152.298737,-0.0413495993,-0.9991215971,-0.0068003612,,,,
23881,0.0,1863.760986,-84.910583,-152.298676,-0.1774472748,-0.983890073,-0.0217437099,,,,
23882,0.0,1863.601318,-84.951595,-152.2987065,-0.1927055175,-0.980803284,-0.0252030245,,,,
23883,0.0,1863.44165,-84.992607,-152.298737,-0.2079637602,-0.9777164951,-0.0286623391,,,,
23884,0.0,1863.415771,-85.114403,-152.298737,-0.2079637602,-0.9777164951,-0.0286623391,,,,
23885,0.0,1863.405884,-85.160835,-152.298737,-0.2079637602,-0.9777164951,-0.0286623391,,,,
23886,0.0,1863.125244,-85.252953,-152.298737,-0.2079637602,-0.9777164951,-0.0286623391,,,,
23887,0.0,1862.9089965,-85.2615665,-152.298737,-0.2079637602,-0.9777164951,-0.0286623391,,,,
23888,0.0,1862.575439,-85.271706,-152.298737,-0.2079637602,-0.9777164951,-0.0286623391,,,,
23889,0.0,1862.375244,-85.2692795,-152.298737,-0.2079637602,-0.9777164951,-0.0286623391,,,,
23890,0.0,1862.046997,-85.262001,-152.298737,-0.2079637602,-0.9777164951,-0.0286623391,,,,
23891,0.0,1861.570312,-85.22982,-152.298737,-0.2079637602,-0.9777164951,-0.0286623391,,,,
23892,0.0,1861.4183345,-85.2137335,-152.298737,-0.2079637602,-0.9777164951,-0.0286623391,,,,
23893,0.0,1861.128174,-85.179962,-152.298737,-0.2079637602,-0.9777164951,-0.0286623391,,,,
23894,0.0,1860.94458,-85.151848,-152.298737,-0.1991609566,-0.9796218861,-0.0239225442,,,,
23895,0.0,1860.580322,-85.091026,-152.298737,-0.1876897588,-0.9821147183,-0.0149410332,,,,
23896,0.0,1860.236816,-85.019585,-152.298737,-0.2013373039,-0.9794934355,-0.0074766242,,,,
23897,0.0,1860.106201,-84.989189,-152.298737,-0.2101864775,-0.9776456637,-0.0055318103,,,,
23898,0.0,1859.8880615,-84.93182,-152.298737,-0.2264565516,-0.973864735,-0.005067742,,,,
23899,0.0,1859.472412,-84.815704,-152.298737,-0.2499391235,-0.9682510683,-0.0045059187,,,,
23900,0.0,1859.246704,-84.743271,-152.298737,-0.2565081183,-0.9665315732,-0.0045059187,,,,
23901,0.0,1859.025879,-84.666588,-152.298737,-0.263954425,-0.9645246281,-0.0045059187,,,,
23902,0.0,1858.8080445,-84.5826835,-152.298737,-0.2723583076,-0.9621457086,-0.0045059187,,,,
23903,0.0,1858.429443,-84.431099,-152.298737,-0.2870362693,-0.9579091172,-0.0045059187,,,,
23904,0.0,1858.181641,-84.32016,-152.298737,-0.299730796,-0.9540232863,-0.0010094983,,,,
23905,0.0,1857.98645,-84.227295,-152.298737,-0.3119462162,-0.9500902916,0.0042421671,,,,
23906,0.0,1857.646729,-84.053108,-152.298737,-0.3274243306,-0.9447317518,0.0165899025,,,,
23907,0.0,1857.487732,-83.964199,-152.298737,-0.3269457,-0.9446967891,0.0243673364,,,,
23908,0.0,1861.127686,-80.41954,-151.400894,-0.3236851119,-0.945232209,0.0420002304,,,,
23909,0.0,1861.094727,-80.35849,-151.388504,-0.3166637529,-0.947276233,0.048906094,,,,
23910,0.0,1861.06543,-80.230804,-151.377029,-0.2927660368,-0.9542967293,0.0600483148,,,,
23911,0.0,1861.058411,-80.1677435,-151.3827665,-0.2763153415,-0.9586816862,0.0652839325,,,,
23912,0.0,1861.051392,-80.104683,-151.388504,-0.2598646461,-0.963066643,0.0705195502,,,,
23913,0.0,1861.073853,-79.763794,-151.426666,-0.1613196426,-0.9825987013,0.092063919,,,,
23914,0.0,1861.456299,-79.949013,-151.337402,-0.0794459566,-0.9913640738,0.104334142,,,,
23915,0.0,1861.748291,-80.143494,-151.323532,-0.0362236401,-0.9932874122,0.1098542883,,,,
23916,0.0,1862.217285,-80.389511,-151.316589,0.0401885369,-0.9920113506,0.1195757578,,,,
23917,0.0,1862.434082,-80.478752,-151.320877,0.055116288,-0.9910653953,0.1214560706,,,,
23918,0.0,1863.727905,-80.952286,-151.511993,0.0844203741,-0.9885177916,0.1253226883,,,,
23919,0.0,1864.2699585,-81.113819,-151.576408,0.0853758394,-0.9883113462,0.1262923332,,,,
23920,0.0,1864.812012,-81.275352,-151.640823,0.0863313046,-0.9881049007,0.1272619782,,,,
23921,0.0,1865.668335,-82.315392,-152.099106,0.0863313046,-0.9881049007,0.1272619782,,,,
23922,0.0,1867.485352,-84.572502,-153.800873,0.0867819424,-0.9880654224,0.1272619955,,,,
23923,0.0,1868.6809085,-85.282356,-153.846657,0.0871191084,-0.987968677,0.1277801336,,,,
23924,0.0,1870.729614,-86.689369,-154.198837,0.0880677864,-0.987803995,0.1284030081,,,,
23925,0.0,1871.6626585,-87.448303,-154.33831,0.0883296623,-0.9877805763,0.1284030167,,,,
23926,0.0,1873.5448,-89.076508,-154.407928,0.0891375034,-0.9877080404,0.1284030081,,,,
23927,0.0,1874.4088135,-90.0060885,-154.186531,0.0894326918,-0.9876813105,0.1284030167,,,,
23928,0.0,1875.721558,-91.549599,-153.890076,0.0897278802,-0.9876545806,0.1284030254,,,,
23929,0.0,1876.110657,-92.168789,-153.8001025,0.0897278802,-0.9876545806,0.1284030254,,,,
23930,0.0,1876.499756,-92.787979,-153.710129,0.0897278802,-0.9876545806,0.1284030254,,,,
23931,0.0,1878.585205,-96.727219,-153.646194,0.0897278802,-0.9876545806,0.1284030254,,,,
23932,0.0,1879.109619,-98.255966,-153.729919,0.0897278802,-0.9876545806,0.1284030254,,,,
23933,0.0,1880.247314,-101.489143,-153.769043,0.0897278802,-0.9876545806,0.1284030254,,,,
23934,0.0,1880.78833,-103.143311,-153.769043,0.0897278802,-0.9876545806,0.1284030254,,,,
23935,0.0,1881.5044555,-104.8274995,-153.770073,0.0897278802,-0.9876545806,0.1284030254,,,,
23936,0.0,1882.721069,-107.794579,-153.769836,0.0897278802,-0.9876545806,0.1284030254,,,,
23937,0.0,1883.53418,-110.071327,-153.766525,0.0897278802,-0.9876545806,0.1284030254,,,,
23938,0.0,1884.295654,-112.377235,-153.765625,0.0897278802,-0.9876545806,0.1284030254,,,,
23939,0.0,1885.415283,-116.205185,-153.775711,0.0897278802,-0.9876545806,0.1284030254,,,,
23940,0.0,1886.077515,-118.554138,-153.777359,0.0897278802,-0.9876545806,0.1284030254,,,,
23941,0.0,1886.968506,-121.754158,-153.771637,0.0897278802,-0.9876545806,0.1284030254,,,,
23942,0.0,1887.656006,-124.371742,-153.75325,0.0897278802,-0.9876545806,0.1284030254,,,,
23943,0.0,1889.048096,-130.368393,-153.681488,0.0897278802,-0.9876545806,0.1284030254,,,,
23944,0.0,1889.320435,-132.618637,-153.675293,0.0897278802,-0.9876545806,0.1284030254,,,,
23945,0.0,1890.476929,-137.842117,-153.295502,0.0897278802,-0.9876545806,0.1284030254,,,,
23946,0.0,1891.140259,-140.030975,-152.915436,0.0897278802,-0.9876545806,0.1284030254,,,,
23947,0.0,1891.624023,-142.548401,-153.040375,0.0897278802,-0.9876545806,0.1284030254,,,,
23948,0.0,1892.932129,-146.353027,-153.950409,0.0897278802,-0.9876545806,0.1284030254,,,,
23949,0.0,1894.140381,-151.474075,-155.107208,0.0897278802,-0.9876545806,0.1284030254,,,,
23950,0.0,1894.408203,-153.585205,-155.407516,0.0897278802,-0.9876545806,0.1284030254,,,,
23951,0.0,1895.152466,-156.596634,-155.901642,0.0897278802,-0.9876545806,0.1284030254,,,,
23952,0.0,1895.907593,-160.341415,-155.904358,0.0897278802,-0.9876545806,0.1284030254,,,,
23953,0.0,1896.798218,-165.889374,-156.117676,0.0897278802,-0.9876545806,0.1284030254,,,,
23954,0.0,1897.099487,-168.192657,-156.003677,0.0897278802,-0.9876545806,0.1284030254,,,,
23955,0.0,1897.519043,-171.321777,-156.229309,0.0897278802,-0.9876545806,0.1284030254,,,,
23956,0.0,1898.15271,-176.9617,-156.270447,0.0897278802,-0.9876545806,0.1284030254,,,,
23957,0.0,1898.414551,-179.144653,-156.220123,0.0897278802,-0.9876545806,0.1284030254,,,,
23958,0.0,1898.866821,-184.848602,-155.205231,0.0897278802,-0.9876545806,0.1284030254,,,,
23959,0.0,1899.094727,-187.499313,-154.260666,0.0897278802,-0.9876545806,0.1284030254,,,,
23960,0.0,1899.209717,-191.252609,-152.600235,0.0897278802,-0.9876545806,0.1284030254,,,,
23961,0.0,1899.350098,-196.516235,-151.062149,0.0897278802,-0.9876545806,0.1284030254,,,,
23962,0.0,1899.794312,-198.816544,-151.174026,0.0897278802,-0.9876545806,0.1284030254,,,,
23963,0.0,1899.445435,-202.166809,-150.462479,0.0897278802,-0.9876545806,0.1284030254,,,,
23964,0.0,1899.519165,-208.075745,-150.029831,0.0897278802,-0.9876545806,0.1284030254,,,,
23965,0.0,1899.690796,-210.517532,-149.944168,0.0897278802,-0.9876545806,0.1284030254,,,,
23966,0.0,1899.989868,-217.077835,-149.690933,0.0897278802,-0.9876545806,0.1284030254,,,,
23967,0.0,1900.118286,-220.287491,-149.6228635,0.0897278802,-0.9876545806,0.1284030254,,,,
23968,0.0,1900.228271,-225.709503,-149.56662,0.0902402454,-0.9876079008,0.1284030081,,,,
23969,0.0,1900.4182125,-228.4792935,-149.671158,0.0910515214,-0.9875330992,0.1284030167,,,,
23970,0.0,1900.753174,-233.153564,-149.906311,0.092572213,-0.9873162362,0.1289846314,,,,
23971,0.0,1901.157593,-236.707108,-150.326447,0.0935162499,-0.9871013207,0.1299449638,,,,
23972,0.0,1901.513428,-239.855095,-150.6699525,0.0938799804,-0.9870178974,0.1303147862,,,,
23973,0.0,1901.869263,-243.003082,-151.013458,0.0942437108,-0.9869344741,0.1306846085,,,,
23974,0.0,1902.163574,-245.531464,-151.488831,0.0964996677,-0.9865647197,0.1318251413,,,,
23975,0.0,1902.703003,-250.2243275,-151.9528735,0.0959324347,-0.9866231462,0.131800643,,,,
23976,0.0,1903.421021,-257.618469,-152.241592,0.0960917633,-0.9866045333,0.1318251413,,,,
23977,0.0,1903.730591,-259.938385,-152.386459,0.0962957155,-0.9865846265,0.1318251413,,,,
23978,0.0,1904.271484,-264.452362,-152.520767,0.0964996677,-0.9865647197,0.1318251413,,,,
23979,0.0,1904.716675,-268.168854,-152.472656,0.0964996677,-0.9865647197,0.1318251413,,,,
23980,0.0,1905.40332,-273.652679,-152.278717,0.0964874597,-0.9864386666,0.1327739701,,,,
23981,0.0,1905.582886,-275.443359,-152.273453,0.0964848396,-0.9864131242,0.1329654996,,,,
23982,0.0,1906.557983,-281.179047,-151.404236,0.0964848396,-0.9864131242,0.1329654996,,,,
23983,0.0,1906.780396,-283.364532,-151.386826,0.0964848396,-0.9864131242,0.1329654996,,,,
23984,0.0,1907.360229,-286.337128,-150.720535,0.0964848396,-0.9864131242,0.1329654996,,,,
23985,0.0,1908.297607,-292.17868,-150.101593,0.0964848396,-0.9864131242,0.1329654996,,,,
23986,0.0,1908.559814,-294.283234,-150.028351,0.0964848396,-0.9864131242,0.1329654996,,,,
23987,0.0,1909.640747,-300.470612,-149.622482,0.0974357635,-0.9863196479,0.1329654996,,,,
23988,0.0,1909.884644,-302.910004,-149.622803,0.0976127327,-0.9862305493,0.1334955357,,,,
23989,0.0,1910.846924,-308.752228,-149.671844,0.0975899265,-0.9860001268,0.1352033881,,,,
23990,0.0,1911.086426,-310.995087,-149.683395,0.0982007867,-0.9859336741,0.1352456868,,,,
23991,0.0,1911.42395,-314.008453,-149.700699,0.0987235455,-0.9858814664,0.1352456868,,,,
23992,0.0,1911.942566,-317.141876,-150.061432,0.0987235455,-0.9858814664,0.1352456868,,,,
23993,0.0,1912.461182,-320.275299,-150.422165,0.0987235455,-0.9858814664,0.1352456868,,,,
23994,0.0,1913.054565,-325.27301,-151.069901,0.0987235455,-0.9858814664,0.1352456868,,,,
23995,0.0,1913.649658,-331.161041,-151.49765,0.0987235455,-0.9858814664,0.1352456868,,,,
23996,0.0,1913.908813,-333.892578,-151.183517,0.0987235455,-0.9858814664,0.1352456868,,,,
23997,0.0,1914.265991,-337.927826,-151.510239,0.0987235455,-0.9858814664,0.1352456868,,,,
23998,0.0,1914.629639,-343.342468,-151.42366,0.0987235455,-0.9858814664,0.1352456868,,,,
23999,0.0,1914.818848,-345.820068,-151.383987,0.0987235455,-0.9858814664,0.1352456868,,,,
24000,0.0,1915.206909,-351.513916,-151.226761,0.0987235455,-0.9858814664,0.1352456868,,,,
24001,0.0,1915.210327,-354.000824,-150.930283,0.0987235455,-0.9858814664,0.1352456868,,,,
24002,0.0,1915.231323,-358.194458,-150.51001,0.0982542049,-0.9858644118,0.1357109901,,,,
24003,0.0,1915.187256,-361.241211,-150.179993,0.0971923544,-0.9858241591,0.1367639334,,,,
24008,0.0,1915.508667,-380.842438,-149.640671,0.0878336731,-0.9853338195,0.1462959675,,,,
24009,0.0,1915.7146,-386.760956,-149.888779,0.0819886966,-0.9852356312,0.1502950583,,,,
24010,0.0,1916.0177615,-390.643463,-150.187004,0.07906598,-0.9851612864,0.1522933662,,,,
24011,0.0,1916.320923,-394.52597,-150.485229,0.0761432633,-0.9850869417,0.1542916742,,,,
24012,0.0,1916.539307,-397.139801,-150.502716,0.0740707027,-0.9850221123,0.1557079616,,,,
24013,0.0,1917.253906,-404.154053,-151.414185,0.0661880954,-0.9847454313,0.1609210106,,,,
24014,0.0,1917.477844,-407.0401765,-151.72197,0.0624282004,-0.9846365894,0.1630182798,,,,
24015,0.0,1917.933472,-413.043152,-152.23555,0.0556556559,-0.9842440563,0.167827547,,,,
24016,0.0,1918.243164,-416.066864,-152.549515,0.0533479441,-0.9839138887,0.1704918074,,,,
24017,0.0,1918.520752,-418.76416,-152.706314,0.0517472465,-0.9836540963,0.1724539405,,,,
24018,0.0,1918.94458,-423.484833,-152.841766,0.0484586546,-0.9831423966,0.1763031104,,,,
24019,0.0,1919.1801145,-426.478241,-152.805954,0.0464088029,-0.9827958939,0.1787405682,,,,
24020,0.0,1919.692261,-432.606171,-152.678925,0.043254314,-0.9822762177,0.1823800881,,,,
24021,0.0,1920.047119,-435.643829,-152.416626,0.0421951905,-0.9821264659,0.1834316518,,,,
24022,0.0,1920.383789,-438.399536,-152.068695,0.041544104,-0.9820012464,0.1842488521,,,,
24023,0.0,1921.099731,-444.29129,-151.291901,0.0407456986,-0.9815590894,0.1867660087,,,,
24024,0.0,1921.294922,-446.346436,-151.130951,0.0401380976,-0.9814026247,0.1877173975,,,,
24025,0.0,1921.981201,-452.09314,-150.461594,0.0376344579,-0.9810229482,0.1902041604,,,,
24578,0.0,1221.322876,-1709.630249,-234.349075,-0.9903296786,0.1069429726,-0.088376062,0.0016913316,68.2414419264,1173.8227717265,3.0
24579,0.0,1221.220215,-1709.619141,-234.384537,-0.9903296786,0.1069429726,-0.088376062,0.001885781,71.769526752,1169.1878615407,3.0
24580,0.0,1222.514771,-1709.758911,-233.518158,-0.9903296786,0.1069429726,-0.088376062,0.0019800274,73.4284091865,1167.4239671942,3.0
24581,0.0,1222.795288,-1709.789185,-233.352814,-0.9903296786,0.1069429726,-0.088376062,0.0020804855,75.1010987172,1164.8632677947,3.0
24582,0.0,1219.27771,-1710.191528,-232.558243,-0.9906891713,0.1035596182,-0.0883763054,0.0023884804,80.0324722093,1158.6436181134,3.0
24583,0.0,1215.073608,-1710.888184,-231.539078,-0.9910723615,0.0998258626,-0.0883763054,0.0027597203,85.518541166,1151.8941911499,3.0
24584,0.0,1210.783813,-1711.800171,-230.444061,-0.9912534991,0.0980108623,-0.0883763054,0.0030554622,89.4253813941,1144.8256318044,3.0
24585,0.0,1207.174561,-1712.819092,-228.895813,-0.99127201,0.0978236871,-0.088376062,0.0032415281,91.5994465242,1138.5580738027,3.0
24586,0.0,1205.6513065,-1713.4017945,-227.835785,-0.99127201,0.0978236871,-0.088376062,0.0033254059,92.532895634,1135.7128376763,3.0
24587,0.0,1204.128052,-1713.984497,-226.775757,-0.99127201,0.0978236871,-0.088376062,0.0034092838,93.4663447438,1132.8676015498,3.0
24588,0.0,1199.874634,-1715.822144,-223.748123,-0.9913506796,0.0970229646,-0.0883763227,0.0037425559,97.2108631688,1124.6629193833,3.0
24589,0.0,1195.93042,-1717.593262,-221.021088,-0.9914468769,0.0960349881,-0.0883763054,0.0040720579,100.7606384086,1117.6646299692,3.0
24590,0.0,1193.35083,-1719.012451,-219.264816,-0.9915578497,0.0955486477,-0.0876555002,0.0043226857,103.2868553998,1112.046800908,3.0
24591,0.0,1190.289429,-1720.621704,-217.185623,-0.9916704836,0.0947657872,-0.087230141,0.0046096766,106.0857423482,1106.134302698,3.0
24592,0.0,1187.051636,-1722.413452,-214.962906,-0.9918740668,0.0934853705,-0.0862920691,0.004985761,109.5941603601,1098.8759970919,3.0
24593,0.0,1184.073242,-1724.248413,-212.85701,-0.992002255,0.0932882133,-0.0850225572,0.0052317641,111.58305244,1092.2647980062,3.0
24594,0.0,1183.02832,-1724.815186,-212.311722,-0.9920858404,0.0932960737,-0.0840328974,0.0052887092,111.9053405233,1089.5218525792,3.0
24595,0.0,1178.529907,-1727.687622,-209.309418,-0.9923737408,0.0933231479,-0.0805304211,0.0055618379,113.7518143164,1080.0376160016,3.0
24596,0.0,1177.135193,-1728.6343385,-208.354126,-0.9924693906,0.0933321428,-0.0793230927,0.0056951943,114.7929054014,1077.2293245014,3.0
24597,0.0,1174.584351,-1730.32019,-206.686646,-0.992636961,0.0933479012,-0.0771882954,0.0059221283,116.5126055489,1072.1682753546,3.0
24598,0.0,1171.779663,-1732.369629,-204.522675,-0.9928084795,0.0933640309,-0.0749298384,0.0060953426,117.5615455045,1066.3850162142,3.0
24599,0.0,1168.349365,-1734.722656,-202.216507,-0.9929670899,0.0933789467,-0.0727786424,0.0063530629,119.2742043295,1059.8168634567,3.0
24600,0.0,1165.370361,-1736.779785,-200.187714,-0.9932000751,0.0934008567,-0.0694974164,0.0066361013,121.2495629903,1054.2178963229,3.0
24601,0.0,1162.355469,-1738.918823,-198.065109,-0.9934577194,0.0934250856,-0.0656773405,0.0069913976,123.7780233396,1048.5930052966,3.0
24602,0.0,1159.645752,-1740.806396,-195.700607,-0.9938652083,0.0923233395,-0.0608962119,0.0075190062,127.7169233933,1043.4487724241,3.0
24603,0.0,1158.303345,-1741.549072,-194.918777,-0.9941302216,0.0908071111,-0.0588147189,0.0078785328,130.422665571,1041.0521642732,3.0
24604,0.0,1154.192993,-1743.736206,-191.977493,-0.9951908206,0.0848145996,-0.0490072889,0.0093926249,141.3328764965,1033.6104810962,3.0
24605,0.0,1151.076294,-1745.18335,-189.850998,-0.9958572398,0.0809777779,-0.0413637214,0.0105507273,148.9309438718,1027.9625839443,3.0
24606,0.0,1149.590454,-1745.789307,-188.906586,-0.9962378929,0.0781765778,-0.037396302,0.0112808994,153.5755723128,1025.3297450508,3.0
24607,0.0,1146.254883,-1747.04895,-186.813675,-0.9971422774,0.0704886285,-0.0271777826,0.0132912869,165.5809938807,1018.9664161308,3.0
24608,0.0,1142.246216,-1748.379028,-184.364182,-0.9978490495,0.0631068184,-0.0177427144,0.0154793257,177.4263558167,1012.3117994958,3.0
24609,0.0,1140.348511,-1748.962158,-183.1987,-0.998042256,0.0608507993,-0.0144511373,0.0162961612,181.4890353539,1009.4139905036,3.0
24610,0.0,1136.360229,-1749.999268,-181.181412,-0.9984677471,0.0551588117,-0.0044343435,0.0183899139,191.2662851967,1001.9348268515,3.0
24611,0.0,1132.942383,-1750.752563,-178.95755,-0.9986188443,0.0525386039,-0.000314613,0.0195350952,195.9241936115,996.085749169,3.0
24612,0.0,1131.533936,-1751.062866,-178.336319,-0.9986521151,0.051896853,0.0008182975,0.0198482862,196.9749777873,993.5742334229,3.0
24613,0.0,1127.402954,-1751.829712,-176.048676,-0.9987221599,0.0503975132,0.0037600412,0.0207192672,199.7560733748,986.4137065612,3.0
24614,0.0,1123.746826,-1752.404907,-173.80365,-0.9987214631,0.0500239142,0.0072833517,0.0214944219,202.1317748837,980.1737442075,3.0
24615,0.0,1122.469849,-1752.59021,-173.015091,-0.9987119585,0.0500234381,0.0084899649,0.0217207397,202.6682689807,977.6978355955,3.0
24616,0.0,1117.478638,-1753.215576,-169.854019,-0.9986879611,0.0500222361,0.0109604831,0.0224614633,204.327198551,969.49300559,3.0
24617,0.0,1112.3125,-1753.767334,-166.470352,-0.9986445054,0.0500200595,0.0143925527,0.0233582338,206.4525145965,960.8070757976,3.0
24618,0.0,1110.1465455,-1753.9431765,-165.0260315,-0.9986154584,0.0500186046,0.0161888274,0.0237369138,207.2939615436,957.1486249462,3.0
24619,0.0,1107.980591,-1754.119019,-163.581711,-0.9985864113,0.0500171497,0.017985102,0.0241155939,208.1354084906,953.4901740948,3.0
24620,0.0,1104.498901,-1754.346191,-161.103592,-0.9984944838,0.0504342803,0.021567316,0.024747309,209.4298407908,947.2470055909,3.0
24621,0.0,1098.150879,-1754.474731,-156.835815,-0.9982811173,0.0521609466,0.0267216495,0.0257177221,211.1319124055,936.9857978093,3.0
24622,0.0,1096.001953,-1754.4054565,-155.3703535,-0.9981432061,0.0535796567,0.0288576866,0.0260436717,211.6346148123,933.4385823689,3.0
24623,0.0,1092.314575,-1754.072144,-152.745987,-0.9979180212,0.0556391961,0.032617524,0.0267355064,213.0228876573,927.4476591806,3.0
24624,0.0,1089.2754515,-1753.9272465,-150.843422,-0.9977857639,0.0546368926,0.0375855784,0.02812452,217.1504172092,922.5105139708,3.0
24625,0.0,1086.236328,-1753.782349,-148.940857,-0.9976535066,0.0536345891,0.0425536328,0.0295135335,221.2779467612,917.573368761,3.0
24626,0.0,1080.232178,-1753.558838,-145.266129,-0.9975974858,0.047198559,0.0507104766,0.0328003561,230.6058772513,907.8348990036,3.0
24627,0.0,1075.761108,-1753.323975,-142.599106,-0.9974547664,0.0435181409,0.0564815055,0.0351379285,236.660945384,900.6840730408,3.0
24628,0.0,1074.453857,-1753.241943,-141.852676,-0.9974083779,0.0430581203,0.0576413561,0.0356141059,237.6402344399,898.4533779393,3.0
24629,0.0,1069.764282,-1752.936279,-139.139893,-0.9972992998,0.042633515,0.0598037632,0.0367711147,239.1871260278,890.2232554459,3.0
24630,0.0,1065.317871,-1752.810669,-136.63623,-0.9972049337,0.0419561098,0.0618223677,0.0380761474,241.3580792293,883.0682446485,3.0
24631,0.0,1063.36145,-1752.769409,-135.455566,-0.997173132,0.0418986494,0.0623718519,0.038615442,242.3175121806,880.4869436197,3.0
24632,0.0,1059.672363,-1752.644531,-133.750275,-0.9970830572,0.0418948647,0.0637980983,0.0395295359,243.1359174763,873.3897897493,3.0
24633,0.0,1055.842651,-1752.516968,-133.132629,-0.9969989899,0.0418913324,0.0651009251,0.0401963783,243.1143840568,866.185510489,3.0
24634,0.0,1053.8099975,-1752.4517215,-133.477684,-0.9969880734,0.0418908737,0.0652679714,0.0402777496,242.2944656163,862.4138923513,3.0
24635,0.0,1050.254761,-1752.322754,-133.883316,-0.9969487093,0.0418892197,0.065867779,0.0405549779,241.2398996932,855.7768094893,3.0
24636,0.0,1046.028076,-1752.167969,-134.237793,-0.9969012815,0.0418872269,0.0665829946,0.0409679052,240.1537233491,847.7087580323,3.0
24637,0.0,1044.0429075,-1752.0653075,-134.1416015,-0.9969012815,0.0418872269,0.0665829946,0.0411679589,239.6624762129,843.9713147883,3.0
24638,0.0,1039.801758,-1751.880615,-134.121704,-0.9969012815,0.0418872269,0.0665829946,0.0415626479,238.4858517536,835.9035581463,3.0
24639,0.0,1037.445862,-1751.830139,-134.265152,-0.9969012815,0.0418872269,0.0665829946,0.0417742228,237.7608273649,831.3083345284,3.0
24640,0.0,1033.638794,-1751.702881,-134.375549,-0.9969012815,0.0418872269,0.0665829946,0.0421534872,236.6896895731,823.8976516291,3.0
24641,0.0,1028.839966,-1751.604492,-134.625076,-0.9969012815,0.0418872269,0.0665829946,0.0426622298,235.3853311972,814.5630971822,3.0
24642,0.0,1026.805054,-1751.499634,-135.122375,-0.9969012815,0.0418872269,0.0665829946,0.0427532755,234.4897917914,810.6183993133,3.0
24643,0.0,1022.289917,-1751.416138,-135.324402,-0.9969386143,0.0409890454,0.0665830121,0.0433812481,233.7100759313,802.1827329487,3.0
24644,0.0,1018.650513,-1751.386841,-134.6194,-0.996989055,0.0397432881,0.0665829946,0.0442266604,234.1518531584,796.1525032284,3.0
24645,0.0,1016.610107,-1751.348022,-134.436371,-0.9969950237,0.0395932759,0.0665829946,0.0445422207,234.0664653411,793.1019948593,3.0
24646,0.0,1010.422485,-1748.014526,-135.751984,-0.9970046132,0.0377404666,0.0675089503,0.0448036336,231.760232088,783.0456975854,3.0
24647,0.0,1009.041809,-1747.982666,-135.751984,-0.9970284974,0.036343588,0.0679214176,0.0452886941,232.2645132795,780.6325377223,3.0
24648,0.0,1004.173706,-1747.86145,-135.751984,-0.9971091635,0.032465722,0.0686971107,0.0466380974,233.4378787441,773.4096009478,3.0
24649,0.0,1001.740173,-1747.796997,-135.751984,-0.9971043518,0.0309919059,0.0694435987,0.0473373059,234.1250139456,770.0739513437,3.0
24650,0.0,998.09729,-1747.710083,-135.751999,-0.996973398,0.0278446451,0.0725859455,0.0491170266,236.6191794772,764.3958154797,3.0
24651,0.0,993.721313,-1747.598145,-135.751984,-0.9968464766,0.0251687877,0.0752571209,0.0507835732,238.6463071967,758.513054272,3.0
24652,0.0,991.162964,-1747.5354,-135.751984,-0.9966488689,0.0233400389,0.07839818,0.0522460721,240.9221946763,755.2364527751,3.0
24653,0.0,987.527222,-1747.463013,-135.751984,-0.996207129,0.0194778007,0.0848054921,0.0551506779,245.6533201742,750.0742057808,3.0
24658,0.0,970.435608,-1747.057007,-135.705078,-0.9958563383,0.0143561477,0.0898000809,0.0597204794,248.143550263,728.9692330418,3.0
24659,0.0,968.64325,-1747.020752,-135.64624,-0.9958510398,0.0137292617,0.0899567334,0.060142635,248.2930501455,726.9230478227,3.0
24660,0.0,963.869812,-1746.924683,-135.466949,-0.9958372557,0.0122879532,0.0903170326,0.0612256214,248.6544431797,721.7154247065,3.0
24661,0.0,959.381836,-1746.833862,-135.300964,-0.9958219758,0.0109066544,0.0906622155,0.0622652044,249.032983162,716.9469027224,3.0
24662,0.0,956.669922,-1746.791504,-135.234848,-0.9957890148,0.0088635655,0.0912451379,0.0632052516,249.8805214807,714.1904227661,3.0
24663,0.0,954.096741,-1746.775879,-135.27269,-0.9957170555,0.0051351611,0.0923102138,0.0645623842,251.5066830408,711.492229033,3.0
24664,0.0,949.4422,-1746.741089,-135.298737,-0.9954700018,-0.0003987212,0.0950753208,0.0670932544,254.5518298589,706.8566424341,3.0
24665,0.0,947.348145,-1746.72583,-135.298737,-0.9953895485,-0.0025599609,0.09588062,0.0680521249,255.5666003696,704.8318945452,3.0
24666,0.0,943.359863,-1746.704224,-135.298752,-0.995223936,-0.0066018183,0.0973947289,0.0698849782,257.4634168394,701.0225948117,3.0
24667,0.0,937.191772,-1746.673584,-135.298737,-0.9949518863,-0.0117751011,0.0996598766,0.0725628648,259.9520655069,695.0978597909,3.0
24668,0.0,935.2802425,-1746.683838,-135.298737,-0.9947607202,-0.0146877078,0.1011174398,0.0739306762,261.5899289568,693.2708572984,3.0
24669,0.0,931.630066,-1746.701294,-135.298737,-0.9943993547,-0.0197296272,0.1038299818,0.0764318679,264.4866228542,689.783319487,3.0
24670,0.0,928.884735,-1746.706238,-135.298737,-0.9942237838,-0.0214670336,0.1051355335,0.0776813386,265.5238025895,687.1639991043,3.0
24671,0.0,926.139404,-1746.711182,-135.298737,-0.9940482128,-0.02320444,0.1064410853,0.0789308093,266.5609823247,684.5446787217,3.0
24672,0.0,921.104797,-1746.744019,-135.298752,-0.9937064038,-0.0271980206,0.1086639348,0.081389663,268.6429766715,679.825539139,3.0
24673,0.0,916.490295,-1746.79126,-135.298737,-0.9933661278,-0.0307578798,0.1108047336,0.0837187912,270.535577006,675.4345787966,3.0
24674,0.0,914.37854,-1746.819153,-135.2987445,-0.9931887528,-0.0325225567,0.1118664913,0.0848733839,271.4651471391,673.3629512837,3.0
24675,0.0,910.675354,-1746.874268,-135.298752,-0.992871472,-0.0356336663,0.1137386558,0.0869179555,273.0999668524,669.7305323502,3.0
24676,0.0,906.030334,-1746.945068,-135.298737,-0.9925581269,-0.0381630093,0.1156371459,0.0890719099,274.3887638564,665.0798168115,3.0
24677,0.0,902.201843,-1747.010498,-135.298737,-0.9923550492,-0.0394574438,0.116938302,0.0906185288,275.0019379661,661.1209187054,3.0
24678,0.0,900.436646,-1747.039307,-135.298737,-0.99228708,-0.0398856594,0.1173690123,0.0912391723,275.1465128697,659.3220311508,3.0
24679,0.0,896.506836,-1747.129761,-135.298737,-0.9920180912,-0.042063426,0.1188729362,0.093180762,276.1242926516,655.0685133964,3.0
24697,0.0,818.114014,-1749.866211,-89.745529,-0.9792650632,-0.0535682859,0.1953724004,,,,
24698,0.0,836.094421,-1749.255249,-101.704102,-0.9827902836,-0.0577362398,0.1754701829,,,,
24699,0.0,830.916626,-1749.444946,-98.124588,-0.9819875823,-0.0584223207,0.179686451,,,,
24700,0.0,824.845825,-1749.66748,-93.949829,-0.9809188764,-0.0593101844,0.1851498311,,,,
24701,0.0,815.475708,-1749.986816,-87.566521,-0.9805206187,-0.0577842283,0.1877239975,,,,
24702,0.0,818.086975,-1749.867554,-89.745529,-0.9792650598,-0.0535682857,0.1953724175,,,,
24703,0.0,816.673218,-1749.900513,-88.987839,-0.978545489,-0.0513118762,0.1995390118,,,,
24704,0.0,809.866272,-1750.088013,-85.638672,-0.9761869976,-0.0438762624,0.2124472155,,,,
24705,0.0,808.10553,-1750.105774,-84.5186235,-0.974809842,-0.0383332746,0.2195302734,,,,
24706,0.0,806.344788,-1750.123535,-83.398575,-0.9734326865,-0.0327902867,0.2266133313,,,,
24707,0.0,805.513184,-1750.126099,-82.344429,-0.9725814279,-0.0294469748,0.2306907927,,,,
24708,0.0,803.858826,-1750.134155,-80.224579,-0.970854103,-0.0234243711,0.2385238133,,,,
24709,0.0,803.097473,-1750.031494,-76.761826,-0.9665780031,-0.0125000108,0.2560677912,,,,
24710,0.0,801.707275,-1749.93042,-72.39782,-0.9595365407,-0.0007058055,0.281583254,,,,
24711,0.0,801.1928405,-1749.9003905,-70.7910805,-0.9564924556,0.0025519619,0.2915417943,,,,
24712,0.0,800.411499,-1749.854126,-68.351471,-0.9519493567,0.0074835423,0.3061640392,,,,
24713,0.0,799.468567,-1749.81311,-65.425812,-0.9485832186,0.0112816562,0.3163267323,,,,
24714,0.0,798.562317,-1749.779175,-62.623329,-0.9460008631,0.0141835022,0.3238536635,,,,
24715,0.0,798.1634825,-1749.7683715,-61.3951855,-0.9452697236,0.0149103837,0.3259408091,,,,
24716,0.0,797.470032,-1749.74939,-59.259014,-0.9440850508,0.0162066953,0.3293034466,,,,
24717,0.0,796.455322,-1749.725342,-56.139866,-0.9430960709,0.0175655179,0.3320561001,,,,
24718,0.0,795.979187,-1749.718262,-54.6813395,-0.942605986,0.0177259281,0.333433029,,,,
24719,0.0,795.205566,-1749.7052,-52.308086,-0.9418824919,0.0181559294,0.3354515369,,,,
24720,0.0,794.105774,-1749.685303,-48.934601,-0.9413415697,0.0188828319,0.3369265317,,,,
24721,0.0,793.6474,-1749.678833,-47.53212,-0.9412886406,0.0189539865,0.3370703806,,,,
24722,0.0,792.810486,-1749.668213,-44.970818,-0.941046085,0.0189491023,0.3377472391,,,,
24723,0.0,792.140503,-1749.65979,-42.92009,-0.9409003015,0.0189461668,0.3381533164,,,,
24724,0.0,791.138428,-1749.647095,-39.852856,-0.9409003015,0.0189461668,0.3381533164,,,,
24725,0.0,790.69281,-1749.641479,-38.489422,-0.9409003015,0.0189461668,0.3381533164,,,,
24726,0.0,789.824341,-1749.630615,-35.831112,-0.9409003015,0.0189461668,0.3381533164,,,,
24727,0.0,788.873352,-1749.61853,-33.016865,-0.9409003015,0.0189461668,0.3381533164,,,,
24728,0.0,788.516174,-1749.614014,-32.037914,-0.9409003015,0.0189461668,0.3381533164,,,,
24729,0.0,787.902344,-1749.606323,-30.461033,-0.9409003015,0.0189461668,0.3381533164,,,,
24730,0.0,786.873962,-1749.593262,-28.15275,-0.9409003015,0.0189461668,0.3381533164,,,,
24731,0.0,785.953064,-1749.581543,-26.391077,-0.9409003015,0.0189461668,0.3381533164,,,,
24732,0.0,785.601746,-1749.577026,-25.795671,-0.9409003015,0.0189461668,0.3381533164,,,,
24733,0.0,784.607666,-1749.564453,-24.383005,-0.9409003015,0.0189461668,0.3381533164,,,,
24734,0.0,784.344849,-1749.561279,-24.056314,-0.9409003015,0.0189461668,0.3381533164,,,,
24735,0.0,783.226501,-1749.547363,-23.035082,-0.9409003015,0.0189461668,0.3381533164,,,,
24736,0.0,782.300964,-1749.535522,-22.448946,-0.9409003015,0.0189461668,0.3381533164,,,,
24737,0.0,781.903992,-1749.530273,-22.307062,-0.9409003015,0.0189461668,0.3381533164,,,,
24738,0.0,780.968811,-1749.518555,-22.219156,-0.9409003015,0.0189461668,0.3381533164,,,,
24739,0.0,780.142639,-1749.508179,-22.446268,-0.9409003015,0.0189461668,0.3381533164,,,,
24740,0.0,779.698242,-1749.502563,-22.646563,-0.9409003015,0.0189461668,0.3381533164,,,,
24741,0.0,778.679565,-1749.489746,-23.306009,-0.9409003015,0.0189461668,0.3381533164,,,,
24742,0.0,778.366943,-1749.48584,-23.594873,-0.9409003015,0.0189461668,0.3381533164,,,,
24743,0.0,776.853699,-1749.466675,-25.534571,-0.9409003015,0.0189461668,0.3381533164,,,,
24744,0.0,776.3918765,-1749.4607545,-26.335688,-0.9409003015,0.0189461668,0.3381533164,,,,
24745,0.0,775.930054,-1749.454834,-27.136805,-0.9409003015,0.0189461668,0.3381533164,,,,
24746,0.0,774.721008,-1749.439819,-29.687557,-0.9409003015,0.0189461668,0.3381533164,,,,
24747,0.0,774.159973,-1749.432739,-31.120712,-0.9409003015,0.0189461668,0.3381533164,,,,
24748,0.0,773.132996,-1749.419678,-33.771244,-0.9409003015,0.0189461668,0.3381533164,,,,
24749,0.0,772.485718,-1749.4104615,-34.532341,-0.9409003015,0.0189461668,0.3381533164,,,,
24750,0.0,771.290771,-1749.392578,-35.324856,-0.9409003015,0.0189461668,0.3381533164,,,,
24751,0.0,770.5116575,-1749.3792725,-35.3117905,-0.9409003015,0.0189461668,0.3381533164,,,,
24752,0.0,768.94635,-1749.352173,-35.298725,-0.9409003015,0.0189461668,0.3381533164,,,,
24753,0.0,767.727081,-1749.3303835,-35.298725,-0.9409003015,0.0189461668,0.3381533164,,,,
24754,0.0,765.665344,-1749.293213,-35.298725,-0.9409003015,0.0189461668,0.3381533164,,,,
24755,0.0,764.11145,-1749.2594605,-35.298725,-0.9406991338,0.0194707098,0.3386819101,,,,
24756,0.0,761.973511,-1749.165649,-35.298702,-0.9401303752,0.0253209704,0.3398731028,,,,
24757,0.0,759.072083,-1748.945679,-35.298706,-0.9387817017,0.0422619093,0.3419105841,,,,
25390,0.0,-705.297668,134.5,79.627441,1.0,0.0,0.0,0.0653085767,351.8594692914,989.8702694399,6.0
25391,0.0,-706.705444,134.5,78.921089,1.0,0.0,0.0,0.0657678337,354.0510396622,992.6697895931,6.0
25392,0.0,-706.669525,133.263962,78.7723695,0.9550610048,-0.2039227333,0.0365376622,0.0617320785,343.4902456985,993.601831921,6.0
25393,0.0,-709.589233,133.306366,80.880295,0.6938218149,-0.706653995,0.1387494885,,,,
25394,0.0,-709.490906,132.955673,80.765427,0.5925489795,-0.7894281023,0.1602778157,,,,
25395,0.0,-709.557007,132.920151,80.742615,0.5925489795,-0.7894281023,0.1602778157,,,,
25396,0.0,-709.601837,133.000481,80.752621,0.6670439715,-0.7240877487,0.1437231732,,,,
25397,0.0,-708.693237,133.640488,80.837318,0.9788894733,-0.2015044038,0.0342253474,,,,
25398,0.0,-708.473633,134.5,80.859352,1.0,0.0,0.0,,,,
25399,0.0,-707.501099,134.5,80.911469,0.9999999661,0.0,-0.0002605602,,,,
25400,0.0,-707.518921,134.5,80.911552,0.9999994665,0.0,-0.0010329555,,,,
25401,0.0,-707.549133,134.5,80.920914,0.9999994439,0.0,-0.001054615,0.099879258,794.1798597104,1823.01656981,3.0
25402,0.0,-707.608398,134.5,80.939415,0.9999994439,0.0,-0.001054615,0.0996996765,792.1707524387,1819.9556637402,3.0
25403,0.0,-707.699036,134.5,80.996902,0.9999994439,0.0,-0.001054615,0.0993813762,788.5945234468,1814.4865911163,3.0
25404,0.0,-707.654053,134.5,80.96273,0.9999994439,0.0,-0.001054615,0.0990410451,784.7819530239,1808.652072317,3.0
25405,0.0,-707.795044,134.5,81.070374,0.9999994439,0.0,-0.001054615,0.0990380199,784.80440121,1808.7299923272,3.0
25406,0.0,-707.892456,134.5,81.16465,0.9999994439,0.0,-0.001054615,0.0991573821,784.1829178576,1806.2662670746,3.0
25407,0.0,-707.956604,134.5,81.228226,0.9999994439,0.0,-0.001054615,0.0992697835,783.5997153409,1803.9541403053,3.0
25408,0.0,-708.067505,134.5,81.372833,0.9999994439,0.0,-0.001054615,0.0995199218,782.4225177803,1799.0973625449,3.0
25409,0.0,-708.121582,134.5,81.437019,0.9999994439,0.0,-0.001054615,0.0996324201,781.9505938079,1797.0500284371,3.0
25410,0.0,-708.231445,134.5,81.587631,0.9999994439,0.0,-0.001054615,0.0998000378,781.3136731553,1794.1568976919,3.0
25411,0.0,-708.364319,134.503464,81.771294,0.9999994439,0.0,-0.001054615,0.1000939228,780.321315585,1789.3839987189,3.0
25412,0.0,-708.292969,134.5,81.683037,0.9999994439,0.0,-0.001054615,0.1002266559,779.8467964703,1787.1737524259,3.0
25413,0.0,-708.446655,134.535599,81.867027,0.9999994439,0.0,-0.001054615,0.1005770495,779.1053526412,1782.5261177012,3.0
25414,0.0,-708.604919,134.593124,82.050835,0.9999994439,0.0,-0.001054615,0.1007440823,779.0122825735,1780.9133460272,3.0
25415,0.0,-708.917542,134.648682,82.344223,0.9999994439,0.0,-0.001054615,0.1013713605,778.9365072683,1775.515252785,3.0
25416,0.0,-709.0107425,134.6767045,82.4272995,0.9999994439,0.0,-0.001054615,0.101678794,779.1282579019,1773.4142758717,3.0
25417,0.0,-709.065552,134.659851,82.456253,0.9999994439,0.0,-0.001054615,0.1022045639,779.4223929145,1769.7545409387,3.0
25418,0.0,-709.159546,134.679535,82.531433,0.9999994439,0.0,-0.001054615,0.1025878833,779.8160154784,1767.5157031064,3.0
25419,0.0,-709.189392,134.6728285,82.5426825,0.9999994439,0.0,-0.001054615,0.1029841937,780.2634802929,1765.3157565968,3.0
25420,0.0,-709.255127,134.649872,82.564705,0.9999994439,0.0,-0.001054615,0.103684656,781.0924021294,1761.5293683945,3.0
25421,0.0,-709.282043,134.630524,82.552101,0.9999997143,0.0,-0.0007559195,0.1041319368,781.7647076307,1759.4625689825,3.0
25422,0.0,-709.3065795,134.592766,82.5021055,0.9999836436,-0.003913496,0.000569544,0.1030733035,777.0914407499,1757.4285538549,3.0
25423,0.0,-709.371155,134.571213,82.494652,0.9981674782,-0.0600631885,0.0073551875,,,,
25424,0.0,-709.4670105,134.526604,82.431038,0.9888936107,-0.1298785606,0.0144883766,,,,
25425,0.0,-709.716919,134.367493,82.055199,0.9570949646,-0.2883835329,0.0283578331,,,,
25426,0.0,-709.872406,134.3165665,81.8928605,0.9157985895,-0.3857438446,0.0357210326,,,,
25427,0.0,-710.222046,134.21701,81.529594,0.8041647818,-0.5921566386,0.0516673887,,,,
25428,0.0,-710.432434,134.184021,81.323044,0.7127915793,-0.698722992,0.0609454259,,,,
25429,0.0,-710.620636,134.155449,81.2736205,0.6073372414,-0.7802593916,0.0672883532,,,,
25430,0.0,-710.929626,133.845505,80.656013,0.3920607264,-0.9171042515,0.0721677125,,,,
25431,0.0,-711.010101,133.720024,80.5132635,0.2822470941,-0.9499650009,0.0689481448,,,,
25432,0.0,-711.130432,133.548737,80.318726,0.1251932123,-0.9902315746,0.0613847563,,,,
25433,0.0,-711.251465,133.383194,80.124123,0.0018082116,-0.998850555,0.0478988422,,,,
25434,0.0,-711.263672,133.294739,80.097458,-0.0059375528,-0.9988745748,0.0470566594,,,,
25435,0.0,-711.279724,133.06781,80.022491,-0.0059375528,-0.9988745748,0.0470566594,,,,
25436,0.0,-711.275208,132.930161,79.983025,-0.0059375528,-0.9988745748,0.0470566594,,,,
25437,0.0,-711.197754,132.670258,79.951836,-0.0059375528,-0.9988745748,0.0470566594,,,,
25438,0.0,-712.125366,127.23484,79.701271,-0.0059375528,-0.9988745748,0.0470566594,,,,
25439,0.0,-712.125366,127.23484,79.701271,-0.0059375528,-0.9988745748,0.0470566594,,,,
25440,0.0,-712.125366,127.23484,79.701271,-0.0059375528,-0.9988745748,0.0470566594,,,,
25441,0.0,-712.125366,127.23484,79.701271,-0.0059375528,-0.9988745748,0.0470566594,,,,
25442,0.0,-712.125366,127.23484,79.701271,-0.0059375528,-0.9988745748,0.0470566594,,,,
25443,0.0,-712.125366,127.23484,79.701271,-0.0059375528,-0.9988745748,0.0470566594,,,,
25444,0.0,-712.125366,127.23484,79.701271,-0.0059375528,-0.9988745748,0.0470566594,,,,
25445,0.0,-712.125366,127.23484,79.701271,-0.0059375528,-0.9988745748,0.0470566594,,,,
25446,0.0,-712.125366,127.23484,79.701271,-0.0059375528,-0.9988745748,0.0470566594,,,,
25447,0.0,-712.125366,127.23484,79.701271,-0.0069977802,-0.9989652825,0.0449376841,,,,
25448,0.0,-712.125366,127.23484,79.701271,0.0047064737,-0.9990592789,0.0431092367,,,,
25449,0.0,-712.125366,127.23484,79.701271,0.0231944546,-0.9985423094,0.0450492743,,,,
25450,0.0,-712.125366,127.23484,79.701271,0.0416824354,-0.9980253399,0.0469893119,,,,
25451,0.0,-712.125366,127.23484,79.701271,0.0513449712,-0.9975148018,0.0482484633,,,,
25452,0.0,-712.125366,127.23484,79.701271,0.0927405465,-0.994239257,0.0537353785,,,,
25453,0.0,-712.125366,127.23484,79.701271,0.1460525955,-0.9873746748,0.061317949,,,,
25454,0.0,-712.125366,127.23484,79.701271,0.2952308551,-0.9520076244,0.0807479116,,,,
25455,0.0,-711.4148865,127.62598,79.7001305,0.3875507732,-0.9119675185,0.0890224573,,,,
25456,0.0,-710.704407,128.01712,79.69899,0.4798706913,-0.8719274126,0.097297003,,,,
25457,0.0,-709.157471,130.745102,79.698921,0.7579269604,-0.6409009833,0.121625048,0.0598592366,564.3375235449,1655.9862284567,3.0
25458,0.0,-709.6330875,132.1696475,79.697773,0.8505245864,-0.4700439301,0.133282699,0.0580569628,555.7202765229,1655.2494091587,3.0
25459,0.0,-710.108704,133.594193,79.696625,0.9431222125,-0.2991868769,0.1449403499,0.056254689,547.103029501,1654.5125898608,3.0
25460,0.0,-712.446289,134.475327,79.689949,0.9751825497,0.1425481709,0.1694078328,0.0337605797,674.2884702192,2617.1136747442,0.0
25461,0.0,-711.940979,134.5764775,79.6943475,0.9271493616,0.2915557598,0.1756141598,0.0634564609,887.8082393801,2615.1241844512,0.0
25462,0.0,-711.435669,134.677628,79.698746,0.8791161734,0.4405633488,0.1818204868,0.0931523421,1101.328008541,2613.1346941583,0.0
25463,0.0,-710.912292,134.924911,79.701271,0.7628367876,0.6191593223,0.186337782,,,,
25464,0.0,-710.687561,135.090118,79.701271,0.7215962296,0.6667661651,0.1863377649,,,,
25465,0.0,-710.534058,135.229507,79.701271,0.7114949513,0.6775346277,0.1863377649,,,,
25466,0.0,-710.286621,135.463898,79.701256,0.7145026727,0.6748452418,0.1845801462,,,,
25467,0.0,-710.136627,135.6015705,79.7012635,0.7177922374,0.6717035303,0.1832105452,,,,
25468,0.0,-709.876282,135.839661,79.701263,0.7223201719,0.6673775862,0.1812752788,,,,
25469,0.0,-709.715973,135.9857865,79.701267,0.7231850813,0.6665938237,0.180705077,,,,
25470,0.0,-709.450684,136.227921,79.701271,0.7242805222,0.6656360815,0.1798508609,,,,
25471,0.0,-709.209229,136.449081,79.701271,0.7245233602,0.6654526393,0.1795513447,,,,
25472,0.0,-708.976074,136.663269,79.701271,0.7245233602,0.6654526393,0.1795513447,,,,
25473,0.0,-708.765381,136.856705,79.701271,0.7245233602,0.6654526393,0.1795513447,,,,
25474,0.0,-708.731873,136.887482,79.701271,0.7245233602,0.6654526393,0.1795513447,,,,
25475,0.0,-708.396729,137.195297,79.701271,0.7245233602,0.6654526393,0.1795513447,,,,
25476,0.0,-708.324463,137.263138,79.701271,0.7242810951,0.6657163133,0.1795513447,,,,
25477,0.0,-708.085571,137.489136,79.701271,0.7233080616,0.6667733967,0.1795513447,,,,
25478,0.0,-707.936951,137.69989,79.70121,0.7126518437,0.6778679447,0.1806167191,,,,
25479,0.0,-707.90509,137.764297,79.701218,0.7077916872,0.6828099647,0.1811117879,,,,
25480,0.0,-707.853638,137.94191,79.701271,0.6900728848,0.7005304613,0.1818144285,,,,
25481,0.0,-707.851562,138.107559,79.701271,0.6676874697,0.7218981534,0.1818144628,,,,
25482,0.0,-707.863708,138.233047,79.701271,0.6488585655,0.7388680916,0.18181448,,,,
25483,0.0,-707.8349,138.301392,79.701271,0.6441169745,0.7430052737,0.1818144285,,,,
25484,0.0,-707.627808,138.597214,79.701271,0.6371806005,0.7489622126,0.1818144285,,,,
25485,0.0,-707.547546,138.692612,79.701271,0.637059414,0.7490652912,0.1818144456,,,,
25486,0.0,-707.289185,138.988846,79.701271,0.6378736937,0.7483720011,0.1818144628,,,,
25487,0.0,-707.111023,139.18898,79.701271,0.6389051177,0.7477627321,0.1806962841,,,,
25488,0.0,-707.041626,139.269974,79.701271,0.6389167635,0.7477559879,0.1806830147,,,,
25489,0.0,-706.829895,139.517807,79.701271,0.6389167635,0.7477559879,0.1806830147,,,,
25490,0.0,-706.643982,139.735413,79.701271,0.6389167635,0.7477559879,0.1806830147,,,,
25491,0.0,-706.581055,139.822723,79.701271,0.6377365722,0.7487627962,0.1806829804,,,,
25492,0.0,-706.440979,140.022629,79.701271,0.6347836819,0.751267812,0.1806830147,,,,
25493,0.0,-706.368103,140.255783,79.701271,0.622782993,0.7609878637,0.1817658243,,,,
25494,0.0,-706.418945,140.325897,79.701164,0.6119236988,0.7693223238,0.1835553019,,,,
25495,0.0,-706.572327,140.51532,79.700943,0.5803076746,0.7921788292,0.1889330711,,,,
25496,0.0,-706.723328,140.77417,79.701271,0.5426729059,0.8169062017,0.1953724004,,,,
25497,0.0,-706.590088,140.974686,79.701271,0.5426729059,0.8169062017,0.1953724004,,,,
25498,0.0,-706.590088,140.974686,79.701271,0.5426729059,0.8169062017,0.1953724004,,,,
25499,0.0,-706.590088,140.974686,79.701271,0.5426729059,0.8169062017,0.1953724004,,,,
25500,0.0,-706.590088,140.974686,79.701271,0.5426729059,0.8169062017,0.1953724004,,,,
25501,0.0,-706.590088,140.974686,79.701271,0.5426729059,0.8169062017,0.1953724004,,,,
25502,0.0,-706.590088,140.974686,79.701271,0.5426729059,0.8169062017,0.1953724004,,,,
25503,0.0,-706.590088,140.974686,79.701271,0.5426729059,0.8169062017,0.1953724004,,,,
25504,0.0,-706.590088,140.974686,79.701271,0.5426729059,0.8169062017,0.1953724004,,,,
25505,0.0,-706.590088,140.974686,79.701271,0.5426729059,0.8169062017,0.1953724004,,,,
25506,0.0,-706.590088,140.974686,79.701271,0.5426729059,0.8169062017,0.1953724004,,,,
25507,0.0,-706.461609,140.987335,79.700821,0.5563151026,0.8091100387,0.1893527183,,,,
25508,0.0,-706.402222,140.991638,79.701355,0.5637052032,0.8071409533,0.1753850773,,,,
25509,0.0,-707.221558,140.84227,79.701653,0.4768924035,0.8617593192,0.1730448243,,,,
25510,0.0,-707.720398,140.645035,79.701668,0.4167649356,0.8925116763,0.1724235952,,,,
25511,0.0,-708.771301,139.832397,79.701523,0.2543826015,0.9518043108,0.1713418979,,,,
25512,0.0,-709.478882,138.275955,79.70137,0.0255810925,0.9850121615,0.1705774,,,,
25513,0.0,-709.50647,137.701859,79.701134,-0.0523250089,0.9838935539,0.1709256216,,,,
25514,0.0,-709.427368,137.411453,79.701271,-0.1869952792,0.96725296,0.1716230666,,,,
25515,0.0,-709.425293,137.594788,79.701271,-0.2473519313,0.9536050257,0.1716230666,,,,
25516,0.0,-709.41748,137.61293,79.701271,-0.2640480867,0.9491175507,0.1716230838,,,,
25517,0.0,-709.438171,137.689011,79.701271,-0.2646345769,0.9489541885,0.171623101,,,,
25518,0.0,-709.430237,137.661926,79.701271,-0.2652943753,0.9487699466,0.1716230838,,,,
25519,0.0,-709.425964,137.647217,79.701271,-0.2654852639,0.9487165497,0.1716230838,,,,
25520,0.0,-709.4198,137.625092,79.701271,-0.2654852639,0.9487165497,0.1716230838,,,,
25521,0.0,-709.423035,137.636688,79.701271,-0.2654852639,0.9487165497,0.1716230838,,,,
25522,0.0,-709.448181,137.726593,79.701271,-0.2654852639,0.9487165497,0.1716230838,,,,
25523,0.0,-709.422485,137.635101,79.701271,-0.2654852639,0.9487165497,0.1716230838,,,,
25524,0.0,-709.423767,137.639313,79.701271,-0.2654852639,0.9487165497,0.1716230838,,,,
25525,0.0,-709.430054,137.661911,79.701271,-0.2654852639,0.9487165497,0.1716230838,,,,
25526,0.0,-709.510742,137.950272,79.701271,-0.2654852639,0.9487165497,0.1716230838,,,,
25527,0.0,-709.596375,138.25618,79.701271,-0.2654852639,0.9487165497,0.1716230838,,,,
25528,0.0,-709.675598,138.539246,79.701271,-0.2654852639,0.9487165497,0.1716230838,,,,
25529,0.0,-709.766296,138.863388,79.701271,-0.2654852639,0.9487165497,0.1716230838,,,,
25530,0.0,-709.676819,139.148788,79.701271,-0.2654852639,0.9487165497,0.1716230838,,,,
25531,0.0,-709.462219,139.6595,79.701271,-0.2654852639,0.9487165497,0.1716230838,,,,
25532,0.0,-708.962952,140.731125,79.701271,-0.2654852639,0.9487165497,0.1716230838,,,,
25533,0.0,-708.6191105,141.43235,79.701271,-0.2654852639,0.9487165497,0.1716230838,,,,
25534,0.0,-708.0495,142.584946,79.701271,-0.2654852639,0.9487165497,0.1716230838,,,,
25535,0.0,-707.540833,143.6100465,79.701271,-0.2654852639,0.9487165497,0.1716230838,,,,
25536,0.0,-707.032166,144.635147,79.701271,-0.2654852639,0.9487165497,0.1716230838,,,,
25537,0.0,-706.112915,146.632294,79.701271,-0.2654852639,0.9487165497,0.1716230838,,,,
25538,0.0,-705.033325,148.784119,79.701271,-0.2654852639,0.9487165497,0.1716230838,,,,
25539,0.0,-703.866455,150.994324,79.701271,-0.2654852639,0.9487165497,0.1716230838,,,,
25540,0.0,-702.950684,152.735901,79.701271,-0.2654852639,0.9487165497,0.1716230838,,,,
25541,0.0,-701.885986,154.745758,79.701271,-0.2654852639,0.9487165497,0.1716230838,,,,
25542,0.0,-701.214691,156.010246,79.701271,-0.2654852639,0.9487165497,0.1716230838,,,,
25543,0.0,-700.543396,157.274734,79.701271,-0.2654852639,0.9487165497,0.1716230838,,,,
25544,0.0,-699.364929,159.508163,79.701271,-0.2654852639,0.9487165497,0.1716230838,,,,
25545,0.0,-698.059448,161.94664,79.701271,-0.2654852639,0.9487165497,0.1716230838,,,,
25546,0.0,-696.80542,164.300934,79.701271,-0.2654852639,0.9487165497,0.1716230838,,,,
25676,0.0,-626.165955,-36.070915,79.701271,-0.3221128908,-0.9322436003,0.1648185528,,,,
25677,0.0,-626.287598,-36.423244,79.701271,-0.3221128908,-0.9322436003,0.1648185528,,,,
25678,0.0,-626.388306,-36.714352,79.701271,-0.3221128908,-0.9322436003,0.1648185528,,,,
25679,0.0,-626.426819,-36.825912,79.701271,-0.3221128908,-0.9322436003,0.1648185528,,,,
25680,0.0,-626.58667,-38.792427,79.701271,-0.3221128908,-0.9322436003,0.1648185528,,,,
25681,0.0,-626.97699,-42.967422,79.701271,-0.3221128908,-0.9322436003,0.1648185528,,,,
25682,0.0,-627.570557,-47.345352,79.701271,-0.3231644909,-0.9318795856,0.1648185356,,,,
25683,0.0,-627.731873,-48.617863,79.701271,-0.3231852107,-0.931872397,0.1648185528,,,,
25684,0.0,-628.54248,-54.106087,79.701271,-0.3231854709,-0.9318723067,0.1648185528,,,,
25685,0.0,-628.762024,-55.450832,79.701271,-0.3231605602,-0.9318004792,0.1652728631,,,,
25686,0.0,-629.489563,-59.551258,79.701271,-0.3231228643,-0.9316926272,0.1659531955,,,,
25687,0.0,-630.269775,-63.575886,79.701271,-0.3231228643,-0.9316926272,0.1659531955,,,,
25688,0.0,-631.019592,-67.182335,79.701271,-0.3231228643,-0.9316926272,0.1659531955,,,,
25689,0.0,-631.842834,-70.921158,79.701271,-0.3231228643,-0.9316926272,0.1659531955,,,,
25690,0.0,-632.226379,-72.59774,79.701271,-0.3231228643,-0.9316926272,0.1659531955,,,,
25691,0.0,-633.233093,-76.824265,79.701271,-0.3230763286,-0.9315576058,0.1667996194,,,,
25692,0.0,-634.209961,-80.754143,79.701271,-0.3230600901,-0.9315116241,0.1670876185,,,,
25693,0.0,-634.565796,-82.150253,79.701271,-0.3233967043,-0.9313267697,0.1674664732,,,,
25694,0.0,-635.852722,-87.033966,79.701271,-0.3240681559,-0.9309571685,0.1682218203,,,,
25695,0.0,-636.879761,-90.816589,79.701271,-0.3240681559,-0.9309571685,0.1682218203,,,,
25696,0.0,-637.269409,-92.23069,79.701271,-0.3240681559,-0.9309571685,0.1682218203,,,,
25697,0.0,-638.405884,-96.26622,79.701271,-0.3240681559,-0.9309571685,0.1682218203,,,,
25698,0.0,-639.52356,-100.147331,79.701271,-0.3240214385,-0.9308241659,0.1690457915,,,,
25699,0.0,-640.028687,-101.882385,79.701271,-0.3239879243,-0.9307282551,0.1696370835,,,,
25700,0.0,-641.38385,-106.451591,79.701271,-0.3239400464,-0.9305891457,0.1704895545,,,,
25701,0.0,-642.504517,-110.166954,79.701271,-0.3239400464,-0.9305891457,0.1704895545,,,,
25702,0.0,-643.11615,-112.176498,79.701271,-0.323917114,-0.9305248365,0.1708836793,,,,
25703,0.0,-644.381653,-116.282471,79.701271,-0.3238753485,-0.9304032866,0.1716230838,,,,
25704,0.0,-645.656311,-120.366402,79.701271,-0.3238219713,-0.9302503149,0.1725505215,,,,
25705,0.0,-647.28717,-125.527908,79.701271,-0.3237851865,-0.9301454792,0.1731835458,,,,
25706,0.0,-648.603638,-129.644943,79.701271,-0.3237446666,-0.9300278742,0.1738894595,,,,
25707,0.0,-649.184784,-131.4477385,79.701271,-0.3237446666,-0.9300278742,0.1738894595,,,,
25708,0.0,-649.76593,-133.250534,79.701271,-0.3237446666,-0.9300278742,0.1738894595,,,,
25709,0.0,-651.114319,-137.402634,79.701271,-0.3236165812,-0.9296602864,0.1760796984,,,,
25710,0.0,-651.526855,-138.668213,79.701271,-0.3236122707,-0.9296475377,0.1761549146,,,,
25711,0.0,-653.21283,-143.806061,79.701271,-0.323490696,-0.9292994892,0.178202775,,,,
25712,0.0,-654.354858,-147.265289,79.701271,-0.323413536,-0.929077412,0.1794960925,,,,
25713,0.0,-655.976074,-152.133759,79.701279,-0.3241604627,-0.9283058434,0.1821215407,,,,
25714,0.0,-657.334473,-156.165619,79.701279,-0.3258199342,-0.9269034785,0.1862560387,,,,
25715,0.0,-657.9597475,-158.001625,79.701279,-0.327058679,-0.9260840122,0.1881363368,,,,
25716,0.0,-658.585022,-159.837631,79.701279,-0.3282974238,-0.9252645459,0.190016635,,,,
25717,0.0,-660.540222,-165.400467,79.701286,-0.3386106353,-0.9201112445,0.1968200586,,,,
25718,0.0,-662.006348,-169.445129,79.701294,-0.3492933533,-0.9152137821,0.2009424954,,,,
25719,0.0,-663.331726,-172.959946,79.701302,-0.3627224122,-0.909177592,0.2045203117,,,,
25720,0.0,-664.790527,-176.744247,79.701286,-0.3773413556,-0.9023242173,0.2083854798,,,,
25721,0.0,-665.5130615,-178.436836,79.701286,-0.3902948615,-0.8963957036,0.209619181,,,,
25722,0.0,-666.781189,-181.182083,79.701309,-0.4210506213,-0.8820807599,0.2113052467,,,,
25723,0.0,-669.763123,-186.866608,79.701279,-0.5004627769,-0.8393408927,0.2122354231,,,,
25724,0.0,-670.75116,-188.641983,79.701309,-0.52597513,-0.8234799666,0.2126755916,,,,
25725,0.0,-673.250732,-191.989227,79.701271,-0.6105057781,-0.7627233175,0.2133912743,,,,
25726,0.0,-675.536926,-194.814865,79.701271,-0.6807677413,-0.7007277613,0.2133913936,,,,
25727,0.0,-677.929321,-197.851913,79.701271,-0.7349647882,-0.6436543401,0.2133913084,,,,
25728,0.0,-678.816406,-198.866394,79.701271,-0.7526939873,-0.6228289639,0.2133912913,,,,
25729,0.0,-681.52417,-201.287872,79.701263,-0.804812288,-0.5543565133,0.2120519684,,,,
25730,0.0,-683.751221,-203.072037,79.701271,-0.8429720587,-0.4956538263,0.2091061755,,,,
25731,0.0,-686.077576,-205.073105,79.701271,-0.885387657,-0.417813762,0.2037654464,,,,
25732,0.0,-688.194702,-206.464752,79.701271,-0.914987404,-0.3518014993,0.197569622,,,,
25733,0.0,-691.165649,-207.965607,79.701271,-0.9378872531,-0.2895878829,0.1910663723,,,,
25734,0.0,-692.739563,-208.60408,79.701271,-0.9434943934,-0.272127341,0.1891164718,,,,
25735,0.0,-695.526367,-209.294098,79.701271,-0.9496975568,-0.2515166074,0.1865849589,,,,
25736,0.0,-698.170959,-209.853256,79.701271,-0.9501844856,-0.2498553324,0.1863377477,,,,
25737,0.0,-700.90155,-210.187454,79.701271,-0.9501844856,-0.2498553324,0.1863377477,,,,
25738,0.0,-702.173218,-210.273849,79.701271,-0.9501844856,-0.2498553324,0.1863377477,,,,
25739,0.0,-705.471619,-210.271927,79.701271,-0.9501844856,-0.2498553324,0.1863377477,,,,
25740,0.0,-707.812805,-210.085556,79.701271,-0.9501844856,-0.2498553324,0.1863377477,,,,
25741,0.0,-711.147034,-209.718781,79.701271,-0.9501844856,-0.2498553324,0.1863377477,,,,
25742,0.0,-712.682495,-209.546814,79.701271,-0.9501844856,-0.2498553324,0.1863377477,,,,
25743,0.0,-716.4646,-208.707581,79.701271,-0.9501844856,-0.2498553324,0.1863377477,,,,
25744,0.0,-720.726318,-207.60878,79.701271,-0.949976526,-0.2498006485,0.1874679604,,,,
25745,0.0,-722.499542,-207.0637055,79.701271,-0.949976526,-0.2498006485,0.1874679604,,,,
26006,0.0,-976.333679,-56.599247,78.898514,-0.0530244172,0.9973727995,0.0493549387,,,,
26007,0.0,-976.1538695,-57.3043635,78.7538875,-0.0530244172,0.9973727995,0.0493549387,,,,
26008,0.0,-976.310913,-57.026264,78.907036,-0.0530244172,0.9973727995,0.0493549387,,,,
26009,0.0,-976.0461425,-57.5410595,78.7516635,-0.0530244172,0.9973727995,0.0493549387,,,,
26010,0.0,-976.405273,-56.132439,78.691483,-0.0530244172,0.9973727995,0.0493549387,,,,
26011,0.0,-976.831604,-50.746643,78.858086,-0.0530244172,0.9973727995,0.0493549387,,,,
26012,0.0,-977.102966,-47.375195,78.814178,-0.0534616174,0.9973494601,0.0493549387,,,,
26013,0.0,-977.498535,-41.998196,78.65802,-0.0541718455,0.9973111356,0.0493549387,,,,
26014,0.0,-977.870911,-36.986332,78.29248,-0.0541718455,0.9973111356,0.0493549387,,,,
26015,0.0,-978.015259,-35.043941,78.254326,-0.0541718455,0.9973111356,0.0493549387,,,,
26016,0.0,-978.380554,-29.935898,78.151138,-0.0531948005,0.9973637266,0.0493549387,,,,
26017,0.0,-978.492249,-28.190548,78.245209,-0.0515624003,0.9974312831,0.0497207638,,,,
26018,0.0,-978.801331,-22.898434,78.078018,-0.0439323133,0.9976644075,0.0523037467,,,,
26019,0.0,-978.9133,-20.7950605,78.073593,-0.0399364208,0.9977191501,0.0542389586,,,,
26020,0.0,-979.123352,-16.533237,78.103203,-0.0305511624,0.9978365729,0.0582134029,,,,
26021,0.0,-979.228638,-13.803097,78.191048,-0.0210403642,0.9978339121,0.0623280597,,,,
26022,0.0,-979.340912,-10.9277965,78.3105625,-0.0129537769,0.9976850042,0.066157055,,,,
26023,0.0,-979.528564,-5.195146,78.414986,0.0054725932,0.9971865617,0.0747596936,,,,
26024,0.0,-979.599854,-2.222778,78.458138,0.0152701996,0.9966126819,0.0808083114,,,,
26025,0.0,-979.72937,2.646759,78.808495,0.0266297524,0.9955702131,0.0901709884,,,,
26026,0.0,-979.783081,4.749713,78.766861,0.0294636167,0.9951833866,0.0934982475,,,,
26027,0.0,-979.915405,10.31608,79.127983,0.0328972914,0.9946892765,0.0975244148,,,,
26028,0.0,-979.955383,12.021599,78.95401,0.0332660116,0.9946406554,0.09789453,,,,
26029,0.0,-980.004456,15.204655,79.25563,0.0336892102,0.994584503,0.0983193955,,,,
26030,0.0,-980.079102,20.826317,79.476952,0.0340532328,0.9945358958,0.0986850006,,,,
26031,0.0,-980.042908,23.067585,79.476952,0.0340532328,0.9945358958,0.0986850006,,,,
26032,0.0,-980.038818,28.366585,79.492485,0.0340532328,0.9945358958,0.0986850006,,,,
26033,0.0,-979.97229,30.265471,79.507668,0.0340532328,0.9945358958,0.0986850006,,,,
26034,0.0,-979.851624,35.690914,79.550774,0.0340532328,0.9945358958,0.0986850006,,,,
26035,0.0,-979.576843,39.385193,79.631836,0.0340532328,0.9945358958,0.0986850006,,,,
26036,0.0,-979.481018,41.099442,79.651482,0.0340532328,0.9945358958,0.0986850006,,,,
26037,0.0,-979.734558,45.994701,79.663254,0.0340532328,0.9945358958,0.0986850006,,,,
26038,0.0,-979.752075,47.584045,79.785629,0.0340532328,0.9945358958,0.0986850006,,,,
26039,0.0,-979.845398,54.032246,79.743103,0.0340532328,0.9945358958,0.0986850006,,,,
26040,0.0,-979.9192505,56.100321,79.6288375,0.0340532328,0.9945358958,0.0986850006,,,,
26041,0.0,-979.993103,58.168396,79.514572,0.0340532328,0.9945358958,0.0986850006,,,,
26042,0.0,-979.928101,62.437119,79.324356,0.0340532328,0.9945358958,0.0986850006,,,,
26043,0.0,-979.903687,63.867653,79.308853,0.0340532328,0.9945358958,0.0986850006,,,,
26044,0.0,-979.539856,71.214661,79.024475,0.0340532328,0.9945358958,0.0986850006,,,,
26045,0.0,-979.4383545,73.242405,79.0205725,0.0340532328,0.9945358958,0.0986850006,,,,
26046,0.0,-979.336853,75.270149,79.01667,0.0340532328,0.9945358958,0.0986850006,,,,
26047,0.0,-979.121643,80.213806,79.229523,0.0336912831,0.9945482231,0.0986850006,,,,
26048,0.0,-979.0483705,82.602276,79.384861,0.0311533088,0.9945849372,0.0991143129,,,,
26049,0.0,-978.873413,87.320953,79.601593,0.0261909533,0.9946098217,0.1003261509,,,,
26050,0.0,-978.730286,90.532455,79.714134,0.0248925743,0.9945775558,0.1009744779,,,,
26051,0.0,-978.556763,95.314461,80.231171,0.0248925743,0.9945775558,0.1009744779,,,,
26052,0.0,-978.463562,97.257553,80.253502,0.0248925743,0.9945775558,0.1009744779,,,,
26053,0.0,-978.311829,101.785156,80.76046,0.0248925743,0.9945775558,0.1009744779,,,,
26054,0.0,-978.249939,103.533623,80.960251,0.0248925743,0.9945775558,0.1009744779,,,,
26055,0.0,-978.17865,108.663803,81.36602,0.0248925743,0.9945775558,0.1009744779,,,,
26056,0.0,-978.17804,111.009476,81.504677,0.0247080861,0.9945821561,0.1009744779,,,,
26057,0.0,-978.112854,115.832611,81.64016,0.0238934672,0.9946020579,0.1009744953,,,,
26058,0.0,-978.048157,118.583328,81.643639,0.0237483104,0.9946055362,0.1009744779,,,,
26059,0.0,-978.046509,122.673607,81.572174,0.0237483104,0.9946055362,0.1009744779,,,,
26060,0.0,-978.003357,125.087883,81.535324,0.0237483104,0.9946055362,0.1009744779,,,,
26061,0.0,-977.97168,129.338165,81.350952,0.0237483104,0.9946055362,0.1009744779,,,,
26091,0.0,-972.932495,233.954742,79.700737,-0.0038607566,0.9830367889,0.1833678439,,,,
26092,0.0,-972.969604,237.84549,79.700859,-0.0047999007,0.9824834754,0.1862878994,,,,
26093,0.0,-972.9929195,240.254311,79.7009315,-0.0054142344,0.9821139868,0.1881984036,,,,
26094,0.0,-973.016235,242.663132,79.701004,-0.0060285681,0.9817444981,0.1901089078,,,,
26095,0.0,-973.07019,248.19838,79.701195,-0.0075332378,0.9808166334,0.1947870172,,,,
26096,0.0,-973.187012,258.142517,79.701271,-0.0080843035,0.9804703788,0.1965005861,,,,
26097,0.0,-973.185547,254.024384,79.701271,-0.0080843035,0.9804703788,0.1965005861,,,,
26098,0.0,-973.294067,258.773529,79.701271,-0.0080843035,0.9804703788,0.1965005861,,,,
26099,0.0,-973.367981,262.217407,79.701271,-0.0080843035,0.9804703788,0.1965005861,,,,
26100,0.0,-973.448792,266.199341,79.701271,-0.0080843035,0.9804703788,0.1965005861,,,,
26101,0.0,-973.48175,267.885254,79.701271,-0.0080843035,0.9804703788,0.1965005861,,,,
26102,0.0,-973.582336,273.33017,79.701271,-0.0080843035,0.9804703788,0.1965005861,,,,
26103,0.0,-973.610779,274.930908,79.701271,-0.0080843035,0.9804703788,0.1965005861,,,,
26104,0.0,-973.659607,278.519226,79.701279,-0.0067177327,0.9803435648,0.1971835873,,,,
26105,0.0,-973.699036,282.238373,79.701279,-0.0044742531,0.9801302092,0.1983047003,,,,
26106,0.0,-973.741272,286.347656,79.701279,-0.0022290781,0.9798647008,0.1996501926,,,,
26107,0.0,-973.773254,289.976868,79.701271,-0.0003991596,0.97961786,0.2008698313,,,,
26108,0.0,-973.80011,292.165527,79.701271,-0.0001875549,0.9795008482,0.2014399495,,,,
26109,0.0,-973.844666,297.045441,79.701271,0.0009166889,0.9791280666,0.2032421927,,,,
26110,0.0,-973.857971,298.841034,79.701271,0.0015195652,0.9788808973,0.2044257317,,,,
26111,0.0,-973.882751,302.714447,79.701271,0.0028169573,0.9781717636,0.2077788866,,,,
26112,0.0,-973.894287,306.258057,79.701279,0.0048203562,0.9773996738,0.2113448409,,,,
26113,0.0,-973.907837,310.42572,79.701271,0.0065198809,0.9767143149,0.2144449536,,,,
26114,0.0,-973.914917,311.659332,79.701271,0.0065526435,0.9763658737,0.2160248681,,,,
26115,0.0,-973.930054,315.777618,79.701271,0.0071764645,0.9752697038,0.2209015692,,,,
26116,0.0,-973.93335,320.332458,79.701271,0.0086857803,0.9737322814,0.2275302208,,,,
26117,0.0,-973.938538,322.661438,79.701271,0.0087689889,0.9729792933,0.2307258105,,,,
26118,0.0,-973.940247,325.055634,79.701279,0.0091259795,0.9721259523,0.2342815602,,,,
26119,0.0,-973.931274,329.315582,79.701279,0.0105267749,0.9703748571,0.2413748614,,,,
26120,0.0,-973.917114,333.556305,79.701271,0.0119157372,0.9685784369,0.2484226778,,,,
26121,0.0,-973.89032,335.916138,79.701286,0.0145620377,0.9668677694,0.2548620479,,,,
26122,0.0,-973.822754,340.016602,79.701279,0.0207598053,0.9636818238,0.2662449491,,,,
27162,0.0,-834.762695,609.078003,95.68853,0.9480881922,-0.283930683,0.1432206238,0.0889680243,537.01350651,1302.3696253181,0.0
27163,0.0,-834.564148,609.018555,95.920296,0.9480881922,-0.283930683,0.1432206238,0.090235623,541.1305409869,1303.5363350877,0.0
27164,0.0,-834.968872,609.1397705,96.039139,0.9480881922,-0.283930683,0.1432206238,0.0957558618,499.967312479,1174.9020929703,3.0
27165,0.0,-834.540344,609.048462,96.198601,0.9475018104,-0.2852226147,0.1445281265,0.1014946474,459.1793274772,1046.05578376,6.0
27166,0.0,-830.838501,608.083618,95.989643,0.9450022278,-0.2905558814,0.1499467127,0.105146185,465.4485769474,1042.9920399011,6.0
27167,0.0,-827.136658,607.118774,95.780685,0.9425026451,-0.295889148,0.1553652989,0.1087977226,471.7178264175,1039.9282960422,6.0
27168,0.0,-820.308472,605.231934,95.010658,0.9355570305,-0.3113277442,0.1667575437,0.1178668758,487.0683364374,1034.1150117023,6.0
27169,0.0,-817.7024235,604.500702,94.984188,0.9317580548,-0.3199302892,0.171353377,0.1223197656,494.5744786123,1032.2095473148,6.0
27170,0.0,-812.797791,603.136108,94.957352,0.9239302243,-0.3376833531,0.1797856882,0.1313012624,509.5322040314,1028.6497882255,6.0
27171,0.0,-809.875397,602.489166,94.9814685,0.918933474,-0.3485466096,0.1841587088,0.1367654287,518.0887048607,1026.5927820518,6.0
27172,0.0,-806.953003,601.842224,95.005585,0.9139367238,-0.3594098661,0.1885317295,0.142229595,526.64520569,1024.5357758781,6.0
27173,0.0,-804.53363,601.436401,95.102478,0.9097246844,-0.368468245,0.191395274,0.146580505,533.068682879,1022.7234144306,6.0
27174,0.0,-798.293335,600.674805,94.922379,0.8941573668,-0.4010378384,0.19912623,,,,
27175,0.0,-795.2654725,600.4475405,95.007954,0.8839451752,-0.4210388364,0.2021235094,,,,
27176,0.0,-792.23761,600.220276,95.093529,0.8737329835,-0.4410398344,0.2051207888,,,,
27177,0.0,-790.513,600.101196,95.243286,0.8657453591,-0.455610714,0.2071324465,,,,
27178,0.0,-782.567383,600.03009,95.426414,0.839139098,-0.5000630111,0.2139685936,,,,
27179,0.0,-779.884796,600.0136715,95.574394,0.8234480144,-0.5232620959,0.217561101,,,,
27180,0.0,-774.251831,600.098633,95.864441,0.795736088,-0.5629271671,0.2234213123,0.1405088878,1063.7539594364,2081.0965921614,7.0
27181,0.0,-770.799316,600.070679,95.983238,0.7804548955,-0.5831572874,0.2254278917,0.1333298444,1036.4717257184,2077.5906457874,7.0
27182,0.0,-767.398376,600.09375,95.979965,0.7643114693,-0.6036184728,0.2268759953,0.1263041375,1008.9909149197,2074.0963068968,7.0
27183,0.0,-764.2767635,600.0720825,96.019657,0.7491972995,-0.621632486,0.2274273772,0.1205001021,985.2473011577,2070.8945283685,7.0
27184,0.0,-759.006042,600.039734,96.097832,0.7247222621,-0.6501166073,0.2283112782,0.1116225711,948.1628210716,2065.2018750308,7.0
27185,0.0,-755.202209,600.070251,96.199188,0.7139376503,-0.6617756395,0.2287925577,0.1082924496,932.9512563536,2061.2604310971,7.0
27186,0.0,-752.0647275,600.0350035,96.2590485,0.7035106279,-0.6725391653,0.2292141217,0.1049892751,917.6028172674,2057.4262718759,7.0
27187,0.0,-745.734985,600.059082,96.133186,0.6808264402,-0.6953626011,0.2301004376,0.098337186,886.351945301,2049.6540111947,7.0
27188,0.0,-742.294373,599.870728,96.263138,0.6670327625,-0.7085666667,0.2302185324,0.0950581306,870.538332551,2045.7492507894,7.0
27189,0.0,-740.070374,599.657959,96.288124,0.6533153889,-0.7212967592,0.2300217116,0.0920028375,855.8128024007,2042.6281174803,7.0
27190,0.0,-733.904236,599.218872,96.352364,0.6256727434,-0.7459299907,0.2283025781,0.0864654525,827.762111681,2035.0078127485,7.0
27191,0.0,-732.358398,599.158691,96.273376,0.6175032551,-0.752837821,0.2278704571,0.0851006054,820.6429104228,2032.8948530424,7.0
27192,0.0,-725.588806,598.663086,96.269806,0.5917354395,-0.7735255305,0.2269524694,0.0819028362,802.5184071214,2024.7445115876,7.0
27193,0.0,-722.933533,598.589294,96.188858,0.5831311671,-0.7801812544,0.2264403944,0.0810180795,797.2326218925,2021.8952293736,7.0
27194,0.0,-719.817505,598.180664,96.103973,0.567837339,-0.7915827305,0.2257377619,0.0798378,789.9724278536,2017.6168438345,7.0
27195,0.0,-713.677917,597.392456,95.558891,0.537357999,-0.8133970671,0.2227814899,0.0781117857,778.7174955885,2009.8219603163,7.0
27196,0.0,-711.729004,597.229309,95.826157,0.5269613414,-0.82052556,0.2214713302,0.0778299211,776.4513462487,2007.4514275656,7.0
27197,0.0,-707.307007,596.480469,95.371346,0.5041681455,-0.8353834116,0.2189726847,0.0777320491,773.648018418,2001.4115273855,7.0
27198,0.0,-704.392151,595.84082,94.759361,0.4931484321,-0.8422325099,0.2178279669,0.0779096972,773.0412220805,1997.652766476,7.0
27199,0.0,-698.946106,594.626648,94.036057,0.4676840671,-0.8571141488,0.2159327425,0.0794562543,777.5733792766,1990.5140066025,7.0
27200,0.0,-696.792358,594.123657,94.130592,0.4541118151,-0.8645654109,0.2151955152,0.0808527026,782.9073919488,1987.5083802637,7.0
27201,0.0,-692.494629,593.066956,93.503128,0.4306421858,-0.8769575409,0.2132903636,0.0834687984,792.460525433,1981.3336259181,7.0
27202,0.0,-690.177063,592.441528,93.037033,0.4217281396,-0.8815206713,0.2122891481,0.0844998068,795.8712661591,1978.216716239,7.0
27203,0.0,-684.580811,591.226013,92.732201,0.3984969296,-0.8929346089,0.2094468462,0.0877603209,807.4861807263,1971.1280331547,7.0
27204,0.0,-683.257568,590.981445,92.800713,0.390781413,-0.8964966849,0.2087668108,0.0891367956,812.7283322569,1969.2556138318,7.0
27205,0.0,-677.127136,589.362732,92.573326,0.3653193439,-0.907382376,0.207843693,0.0945855851,832.6055823692,1961.2462125068,7.0
27206,0.0,-674.428223,588.874084,92.838486,0.3556709114,-0.9112248422,0.2077678749,0.0969739113,841.2103288303,1958.1897333603,7.0
27207,0.0,-670.022278,587.643738,93.751457,0.3282049946,-0.921473815,0.2077678749,0.1046332607,869.3140620659,1952.0691472789,7.0
27208,0.0,-665.836975,585.840271,94.573624,0.302022316,-0.9303843419,0.207767892,0.112801559,897.766861594,1945.7956813877,7.0
27209,0.0,-663.6316225,584.9003295,95.0123295,0.2907645426,-0.9338894264,0.207767892,0.1166433286,910.385321413,1942.7017485095,7.0
27210,0.0,-661.42627,583.960388,95.451035,0.2795067691,-0.9373945109,0.207767892,0.1204850982,923.0037812319,1939.6078156313,7.0
27211,0.0,-656.153564,580.508789,96.794067,0.2494164932,-0.9458456127,0.2077678749,0.1319520258,958.6255953259,1930.8430654445,7.0
27212,0.0,-654.849426,579.35907,97.135201,0.2384896113,-0.9486596942,0.2077678749,0.1365176472,972.3792341615,1927.8739543639,7.0
27213,0.0,-651.640015,576.197876,97.35569,0.2264757283,-0.9515993104,0.207767892,0.1420476805,987.0890258532,1921.4185008034,7.0
27214,0.0,-650.173279,574.6302185,97.4325945,0.2209853283,-0.9528726158,0.207767892,0.1447353634,993.9914064973,1918.3159565022,7.0
27215,0.0,-647.598694,571.690613,97.358154,0.2109902116,-0.9551521558,0.2077678749,0.1496923434,1006.5751659,1912.6012919553,7.0
27216,0.0,-644.905334,568.057983,96.877914,0.1999499776,-0.9575241524,0.2077679091,,,,
27217,0.0,-643.907928,566.4147335,96.7448345,0.1953383286,-0.9584640245,0.2077679006,,,,
27218,0.0,-641.901794,562.999756,96.27877,0.1861477995,-0.9603028167,0.207767892,,,,
27219,0.0,-641.2129515,561.1915895,95.9377365,0.1816693874,-0.9611492933,0.207767892,,,,
27220,0.0,-639.841614,557.721619,95.193947,0.1747151608,-0.9624485039,0.2077678749,,,,
27221,0.0,-639.108337,554.295654,94.822136,0.1714984529,-0.96302689,0.2077678749,,,,
27222,0.0,-638.690979,550.996277,94.582794,0.168832017,-0.9635942731,0.2073205897,,,,
27223,0.0,-638.596313,549.21521,94.821289,0.1673381827,-0.9639204912,0.2070150218,,,,
27224,0.0,-638.552429,544.650085,94.832275,0.1604297322,-0.9651741968,0.2066423743,,,,
27225,0.0,-638.655701,543.357178,94.908058,0.1575406238,-0.9657073388,0.2063741446,,,,
27226,0.0,-639.131165,539.419861,95.085121,0.1515828926,-0.9669189794,0.2051592406,,,,
27227,0.0,-639.516846,537.113403,95.255135,0.1498068855,-0.9672724038,0.2047974462,,,,
27228,0.0,-640.348999,532.459167,95.344536,0.1464825411,-0.9678674395,0.20439052,,,,
27229,0.0,-641.558655,528.062622,95.281479,0.1434676097,-0.9683189316,0.204390537,,,,
27230,0.0,-642.178833,525.620239,95.323967,0.1410821502,-0.9687912531,0.2038120086,,,,
27231,0.0,-643.665588,521.179871,95.328735,0.1317729525,-0.9706500561,0.2011823986,,,,
27232,0.0,-644.229187,519.437866,95.183769,0.127662522,-0.9714193157,0.2001169495,,,,
27233,0.0,-645.843323,515.358032,94.930428,0.1146011795,-0.9735756631,0.1975272079,,,,
27234,0.0,-647.773132,511.025665,94.821114,0.1022690049,-0.9753445628,0.1955608202,,,,
27235,0.0,-648.626526,509.052246,94.050423,0.092788766,-0.9766328768,0.1938516673,,,,
27236,0.0,-650.840149,504.41687,90.284882,0.0672967019,-0.9796322857,0.189187047,,,,
27237,0.0,-651.940369,501.990662,88.721954,0.0548873832,-0.9809601912,0.1862913804,,,,
27238,0.0,-653.274719,498.143463,86.122681,0.0324255793,-0.9832043712,0.1796044158,,,,
27239,0.0,-653.963684,496.340851,84.921623,0.0266249017,-0.983763841,0.1774818858,,,,
27240,0.0,-656.037781,490.187103,80.845505,0.0111034197,-0.9853673291,0.1700821592,,,,
27241,0.0,-656.491943,488.415527,79.681442,0.0084318095,-0.9857901123,0.1677699591,,,,
27242,0.0,-658.291443,483.102661,77.812973,0.0043914122,-0.9866776109,0.1626284342,,,,
27243,0.0,-658.199585,481.860992,77.698753,0.0041236552,-0.9868045442,0.1618634827,,,,
27244,0.0,-664.959778,473.340729,79.699554,0.0033123878,-0.987204491,0.1594249698,,,,
27245,0.0,-665.383789,471.306885,79.701271,0.0032187894,-0.9873617645,0.1584499462,,,,
27246,0.0,-666.305847,465.621124,79.701271,0.0090879177,-0.9886017138,0.1502799429,,,,
27247,0.0,-666.371643,465.3010405,79.701275,0.0134276677,-0.989129718,0.1463121424,,,,
27248,0.0,-666.573181,464.604248,79.701279,0.0197688084,-0.9900392676,0.1393967105,,,,
27249,0.0,-666.8568115,464.048111,79.701275,0.0214700547,-0.9904118831,0.136423853,,,,
27250,0.0,-667.140442,463.491974,79.701271,0.023171301,-0.9907844986,0.1334509956,,,,
27251,0.0,-668.296997,462.403046,79.701271,0.02366762,-0.9912261312,0.1300407654,,,,
27252,0.0,-668.689148,462.18837,79.701275,0.02391378,-0.991469492,0.1281114182,,,,
27253,0.0,-669.335632,461.852234,79.701279,0.0244057668,-0.99191982,0.1244967038,,,,
27254,0.0,-669.8033445,461.6706085,79.701275,0.0250359079,-0.9923328258,0.1209785987,,,,
27255,0.0,-670.271057,461.488983,79.701271,0.0256660491,-0.9927458317,0.1174604936,,,,
27256,0.0,-671.396057,461.309662,79.701271,0.0298921857,-0.993786492,0.1072141106,,,,
27257,0.0,-671.918518,461.377838,79.701271,0.030250737,-0.9940339404,0.1047626791,,,,
27258,0.0,-672.721619,461.5289,79.701271,0.0306112277,-0.9943443906,0.1016965369,,,,
27259,0.0,-673.457703,461.899628,79.701271,0.0306160915,-0.994497868,0.1001830604,,,,
27455,0.0,881.205322,-103.0,-153.499924,1.0,0.0,0.0,0.089973838,430.0310642259,1037.3422044978,0.0
27456,0.0,881.2868955,-104.165127,-153.548218,0.9690183694,-0.172689125,0.014150453,,,,
27457,0.0,881.368469,-105.330254,-153.596512,0.9380367387,-0.34537825,0.0283009059,,,,
27458,0.0,877.375549,-105.093628,-151.232635,0.4744529252,-0.875361663,0.0929321298,0.0944194657,329.1757466264,776.0387476161,7.0
27459,0.0,877.162201,-105.53146,-151.366783,0.3442412442,-0.9227157084,0.1038159104,0.0582272676,245.5266581096,775.7143504721,7.0
27460,0.0,876.948853,-105.969292,-151.500931,0.2140295631,-0.9700697537,0.1146996911,0.0220350695,161.8775695928,775.3899533281,7.0
27461,0.0,878.274536,-106.279419,-151.197067,0.690416371,-0.7200771117,0.0693843484,,,,
27462,0.0,880.374878,-103.372604,-151.098999,0.997721993,-0.067277988,0.0049494368,0.1103219903,470.956992788,1031.4692872085,0.0
27463,0.0,874.368958,-103.0,-152.298737,1.0,0.0,0.0,0.0786548906,402.4835258007,1035.3389519887,0.0
27464,0.0,874.33075,-103.0,-152.298737,1.0,0.0,0.0,0.0770371077,398.0327661843,1034.1496477973,0.0
27465,0.0,874.296814,-103.0,-152.298737,0.999999921,0.0,-0.0003975336,,,,
27466,0.0,874.327393,-103.0,-152.298737,0.9999995511,0.0,-0.0009474867,0.074338311,390.5330931466,1032.1944063632,0.0
27467,0.0,874.358582,-103.0,-152.298737,0.9999994439,0.0,-0.001054615,0.0735753462,388.3919312352,1031.6396557687,0.0
27468,0.0,874.296814,-103.0,-152.298737,0.9999994439,0.0,-0.001054615,0.0721539949,384.4745028496,1030.8635492495,0.0
27469,0.0,874.354736,-103.0,-152.298737,0.9999994439,0.0,-0.001054615,0.0708711948,380.8661437395,1030.0466133074,0.0
27470,0.0,874.375,-103.0,-152.298737,0.9999994439,0.0,-0.001054615,0.0691150468,376.0058757123,1029.2719308923,0.0
27471,0.0,874.34491,-103.0,-152.298737,0.9999987881,0.0,-0.0015568505,0.0679717474,372.9339498575,1029.1080302582,0.0
27472,0.0,874.336121,-103.0,-152.298737,0.9999978147,0.0,-0.0020905888,0.0668162951,369.8042956169,1028.9498146284,0.0
27473,0.0,874.367859,-103.0,-152.298737,0.9999975688,0.0,-0.0022050995,0.0657824794,367.0058299298,1028.8810948807,0.0
27474,0.0,874.395142,-103.0,-152.298737,0.9999975688,0.0,-0.0022050995,0.0642179412,362.8246267567,1029.0591485121,0.0
27475,0.0,874.353638,-103.0,-152.298737,0.9999975688,0.0,-0.0022050995,0.0632589432,360.2119683078,1029.1090387746,0.0
27476,0.0,874.320374,-103.0,-152.298737,0.9999975688,0.0,-0.0022050995,0.0621167278,357.1343836348,1029.3511938598,0.0
27477,0.0,874.346558,-103.0,-152.298737,0.9999975688,0.0,-0.0022050995,0.0611191885,354.4383187636,1029.6184635621,0.0
27478,0.0,874.360229,-103.0,-152.298737,0.9999975688,0.0,-0.0022050995,0.0601991081,351.9505112522,1029.9306786451,0.0
27479,0.0,874.329651,-103.0,-152.298737,0.9999975688,0.0,-0.0022050995,0.0590958862,348.9740967271,1030.4158414761,0.0
27480,0.0,874.34375,-103.0,-152.298737,0.9999975688,0.0,-0.0022050995,0.0581518732,346.4124832488,1030.8703511455,0.0
27481,0.0,874.393005,-103.0,-152.298737,0.9999975688,0.0,-0.0022050995,0.0568304336,342.8222573764,1031.6281297007,0.0
27482,0.0,874.333984,-103.0,-152.298737,0.9999975688,0.0,-0.0022050995,0.0559073486,340.3003399177,1032.2133111464,0.0
27483,0.0,874.407715,-103.0,-152.298737,0.9999975688,0.0,-0.0022050995,0.0547046892,336.9491253719,1032.9023982236,0.0
27484,0.0,874.348694,-103.0,-152.298737,0.9999975688,0.0,-0.0022050995,0.0538181272,334.4862621521,1033.5280872353,0.0
27485,0.0,874.399536,-103.0,-152.298737,0.9999975688,0.0,-0.0022050995,0.0525956213,331.0132128837,1034.2903287732,0.0
27486,0.0,874.333984,-103.0,-152.298737,0.9999975688,0.0,-0.0022050995,0.051661448,328.3457872685,1034.9418508655,0.0
27487,0.0,874.320801,-103.0,-152.298737,0.9999975688,0.0,-0.0022050995,0.0506113551,325.300727379,1035.6472006583,0.0
27488,0.0,874.355774,-103.0,-152.298737,0.9999975688,0.0,-0.0022050995,0.0496645048,322.546429527,1036.3692576104,0.0
27489,0.0,874.342773,-103.0,-152.298737,0.9999975688,0.0,-0.0022050995,,,,
27490,0.0,874.358582,-103.0,-152.298737,0.9999975688,0.0,-0.0022050995,,,,
27491,0.0,874.408447,-103.000648,-152.298737,0.9999969796,0.0010853127,-0.0022051868,,,,
27492,0.0,874.330139,-103.001457,-152.298737,0.99999525,0.0021534152,-0.0022051868,,,,
27493,0.0,874.40094,-103.011749,-152.29892,0.9998248283,0.0187130073,0.000368823,,,,
27494,0.0,874.462341,-103.020737,-152.298798,0.9993791246,0.0351112564,0.0029266163,,,,
27495,0.0,874.606689,-103.048767,-152.298828,0.9957851704,0.0915005744,0.0062880308,,,,
27496,0.0,874.953979,-103.072372,-152.299011,0.979377206,0.2016227995,0.0129821099,,,,
27497,0.0,875.645325,-102.952736,-152.299179,0.9435601985,0.3304758033,0.0219065104,,,,
27498,0.0,876.23407,-102.753082,-152.299118,0.8634844496,0.5032396799,0.033829422,0.0305547396,254.8397192709,1038.8572321434,0.0
27499,0.0,876.602905,-102.558159,-152.299271,0.7820063074,0.6218188175,0.0425146251,0.0771722536,400.173135827,1038.8363767842,0.0
27500,0.0,877.002991,-102.259644,-152.299454,0.6673096342,0.7430775183,0.0503354137,,,,
27501,0.0,878.016907,-100.731873,-152.301346,0.4477539142,0.8920255705,0.0616993827,,,,
27502,0.0,878.440674,-99.76973,-152.299896,0.3544434903,0.9326520513,0.0673050023,,,,
27503,0.0,878.778687,-98.838669,-152.300125,0.2898103094,0.9542904865,0.0730729222,,,,
27504,0.0,879.288513,-97.064888,-152.299042,0.2085822873,0.9745633584,0.0819737153,,,,
27505,0.0,879.608704,-95.908272,-152.298813,0.1951918233,0.9771298779,0.0843644106,,,,
27506,0.0,879.968994,-94.478119,-152.298782,0.1866223607,0.9786241776,0.0864107255,,,,
27507,0.0,880.252411,-93.3228645,-152.2987595,0.1849047568,0.9789122805,0.0868203724,,,,
27508,0.0,880.898254,-90.644455,-152.298737,0.1831871528,0.9792003834,0.0872300192,,,,
27509,0.0,881.146729,-89.58268,-152.298737,0.1831871528,0.9792003834,0.0872300192,,,,
27510,0.0,881.790344,-86.80101,-152.298737,0.1831871528,0.9792003834,0.0872300192,,,,
27511,0.0,882.089783,-85.446281,-152.298737,0.1831871528,0.9792003834,0.0872300192,,,,
27512,0.0,882.837769,-82.018692,-152.298737,0.1831871528,0.9792003834,0.0872300192,,,,
27513,0.0,883.313721,-79.793457,-152.298737,0.1831871528,0.9792003834,0.0872300192,,,,
27514,0.0,883.831177,-77.331802,-152.298737,0.1831871528,0.9792003834,0.0872300192,,,,
27515,0.0,884.445679,-74.372482,-152.298737,0.1831871528,0.9792003834,0.0872300192,,,,
27516,0.0,884.687195,-73.198631,-152.298737,0.1831871528,0.9792003834,0.0872300192,,,,
27517,0.0,885.488159,-69.268684,-152.298737,0.1831871528,0.9792003834,0.0872300192,,,,
27518,0.0,886.017822,-66.706215,-152.298828,0.1884159901,0.9785291462,0.0835471411,,,,
27519,0.0,886.675964,-63.510784,-152.298752,0.1939938124,0.9777669922,0.0796122464,,,,
27520,0.0,887.371704,-60.224953,-152.298737,0.2048373373,0.9764482354,0.0677532942,,,,
27521,0.0,887.871887,-57.437492,-152.298737,0.1839957768,0.9807429668,0.0654888327,,,,
27522,0.0,888.311951,-54.844532,-152.298737,0.1579925342,0.9852698197,0.0654350178,,,,
27523,0.0,888.49054,-53.738914,-152.29863,0.1461237369,0.9871492039,0.0646861859,,,,
27524,0.0,889.375732,-48.268539,-152.298721,0.1067950181,0.9924084166,0.0609947442,,,,
27525,0.0,889.705811,-46.380169,-152.298737,0.104269513,0.992686299,0.0608422593,,,,
27526,0.0,890.454346,-41.826794,-152.298737,0.1028817488,0.992831086,0.0608422593,,,,
27527,0.0,890.905457,-38.974949,-152.298737,0.1023374382,0.9928873391,0.0608422593,,,,
27528,0.0,891.460388,-35.419209,-152.298737,0.1017873085,0.9929438873,0.0608422593,,,,
27529,0.0,892.000061,-31.833672,-152.298737,0.1017394426,0.9929487929,0.0608422593,,,,
27530,0.0,892.387451,-29.14292,-152.298737,0.1012072341,0.9930031799,0.0608422593,,,,
27531,0.0,892.912842,-25.461498,-152.298737,0.100652534,0.9930595586,0.0608422593,,,,
27532,0.0,893.321411,-22.414026,-152.298737,0.0961997552,0.9935007934,0.0608422593,,,,
27533,0.0,893.702393,-19.123455,-152.298752,0.0807586654,0.994820421,0.061728178,,,,
27534,0.0,893.92627,-16.61171,-152.299088,0.0570515793,0.9962838794,0.0645255679,,,,
27535,0.0,894.444275,-5.340177,-153.295944,-0.0009582034,0.9973656837,0.0725311996,,,,
27536,0.0,894.369232,-2.608815,-153.136566,-0.0384265054,0.9954435371,0.0785598808,,,,
27537,0.0,894.283569,1.923681,-153.007156,-0.0939576919,0.9917201772,0.087538804,,,,
27538,0.0,894.1033935,4.3840005,-152.7825695,-0.1297509249,0.9865014757,0.0929609886,,,,
27539,0.0,893.923218,6.84432,-152.557983,-0.1655441579,0.9812827742,0.0983831733,,,,
27540,0.0,893.904968,11.527055,-151.975708,-0.1920659871,0.9760801801,0.1018731498,,,,
27541,0.0,894.071411,13.61101,-151.5246505,-0.2045741174,0.9733781063,0.1025682939,,,,
27542,0.0,894.237854,15.694965,-151.073593,-0.2170822477,0.9706760325,0.103263438,,,,
27543,0.0,894.627075,19.084866,-150.690628,-0.2350276291,0.9664878043,0.103263438,,,,
27544,0.0,895.189636,22.38378,-149.937454,-0.2557941569,0.9612002974,0.103263438,,,,
27545,0.0,896.081116,26.973558,-149.662979,-0.2781315,0.9550249086,0.1028119288,,,,
27546,0.0,896.598511,29.1789425,-149.778015,-0.284247023,0.9533201692,0.1016992687,,,,
27547,0.0,897.539856,32.943722,-150.182404,-0.2936907323,0.950671678,0.0998454522,,,,
27548,0.0,898.909119,38.202412,-150.805954,-0.3070809881,0.9467505965,0.0967707332,,,,
27549,0.0,899.3885195,39.804331,-150.859741,-0.3114102979,0.945457863,0.0954510348,,,,
27550,0.0,899.86792,41.40625,-150.913528,-0.3157396078,0.9441651294,0.0941313363,,,,
27551,0.0,901.527405,46.682858,-151.221619,-0.3245472533,0.9414438024,0.0913928188,,,,
27552,0.0,902.530823,50.235298,-152.220398,-0.330955908,0.939426407,0.0891415322,,,,
27553,0.0,903.522278,53.347385,-152.394897,-0.3371282502,0.9374438279,0.0868539721,,,,
27554,0.0,904.511963,56.396156,-152.857224,-0.3502610421,0.9329074418,0.0836714257,,,,
27555,0.0,905.838135,60.312885,-152.855927,-0.3646273529,0.9276685482,0.0804857639,,,,
27556,0.0,906.391602,62.174797,-152.887131,-0.3712407108,0.9251389655,0.0793613836,,,,
27557,0.0,907.359253,65.44825,-152.82933,-0.3878245303,0.918602905,0.0759001755,,,,
27558,0.0,908.492859,68.882011,-152.780441,-0.4015099231,0.9129458814,0.0729355831,,,,
27559,0.0,909.805542,71.751091,-152.222733,-0.416431153,0.9065556443,0.0688618801,,,,
27560,0.0,910.417419,73.305061,-152.101395,-0.4225911664,0.903836877,0.0670492797,,,,
27561,0.0,912.253418,78.17466,-151.602081,-0.43755103,0.8970777072,0.0616496833,,,,
27562,0.0,913.347961,81.608276,-151.951797,-0.4495323404,0.8913959614,0.0577400643,,,,
27563,0.0,913.786987,82.895569,-151.951797,-0.4557685745,0.8882916139,0.0566834651,,,,
27564,0.0,915.246338,86.887085,-151.128372,-0.4771779124,0.8770348663,0.0557770859,,,,
27565,0.0,916.475037,91.121742,-150.908249,-0.4860262531,0.8720625488,0.0573183419,,,,
27566,0.0,916.924805,92.511024,-150.902191,-0.4861613082,0.8719821014,0.0573968395,,,,
27567,0.0,918.169739,97.157555,-150.922226,-0.4861613082,0.8719821014,0.0573968395,,,,
27568,0.0,918.569641,98.423729,-150.922226,-0.4861613082,0.8719821014,0.0573968395,,,,
27569,0.0,919.605347,103.537712,-151.509903,-0.4861613082,0.8719821014,0.0573968395,,,,
27570,0.0,919.882385,104.766647,-151.65181,-0.4861613082,0.8719821014,0.0573968395,,,,
27571,0.0,921.066833,109.294861,-152.20816,-0.4861613082,0.8719821014,0.0573968395,,,,
27572,0.0,921.98877,112.595322,-152.529099,-0.4861613082,0.8719821014,0.0573968395,,,,
27573,0.0,922.905823,116.019592,-152.920059,-0.4861294341,0.8719254686,0.0585162415,,,,
27574,0.0,923.2724,117.265724,-152.920059,-0.4861164498,0.8719021798,0.0589693654,,,,
27575,0.0,924.555908,122.094193,-153.094879,-0.4860957087,0.8718644416,0.0596938645,,,,
27576,0.0,925.359924,125.121895,-153.079758,-0.4850870029,0.8722754336,0.061856023,,,,
27577,0.0,925.8349,126.87352,-153.050766,-0.4850242868,0.8723007567,0.0619905735,,,,
27578,0.0,927.032227,131.216171,-152.913437,-0.4849927511,0.8722440407,0.0630267,,,,
27579,0.0,928.242493,135.510269,-152.918823,-0.4869186004,0.8709325089,0.0662332365,,,,
27580,0.0,928.9236755,138.064087,-152.716011,-0.4873477658,0.8705494114,0.0680603281,,,,
27581,0.0,929.975403,141.871994,-152.535431,-0.4877276747,0.8700784429,0.0713107182,,,,
27582,0.0,930.705353,143.7340165,-152.5250395,-0.4876718344,0.869979094,0.0728705142,,,,
27583,0.0,932.619141,147.61998,-152.929962,-0.4875854844,0.8698253173,0.0752616285,,,,
27584,0.0,934.115234,150.280548,-152.320206,-0.4873011841,0.8699410593,0.0757635095,,,,
27585,0.0,935.8979795,152.3056335,-152.131531,-0.486953449,0.8701821402,0.0752257483,,,,
27586,0.0,937.680725,154.330719,-151.942856,-0.486605714,0.870423221,0.0746879871,,,,
27587,0.0,938.882202,155.679367,-151.923233,-0.4866083334,0.8704279066,0.0746162802,,,,
27588,0.0,943.754089,160.226685,-151.915436,-0.4905312387,0.8682506735,0.0742958395,,,,
27589,0.0,947.205566,162.560669,-151.838654,-0.5073252687,0.8586171352,0.0734689521,,,,
27590,0.0,948.435913,163.175247,-151.862885,-0.5097791507,0.8571624879,0.0734689521,,,,
27591,0.0,952.585876,165.19223,-151.884735,-0.511180309,0.856327627,0.0734689521,,,,
27592,0.0,954.327271,165.990311,-151.742615,-0.5114826892,0.8561470503,0.0734689521,,,,
27593,0.0,956.3162845,166.4715885,-151.7410585,-0.5114642462,0.8561164509,0.0739507538,,,,
27594,0.0,960.003296,167.450623,-151.686844,-0.511420801,0.8560442392,0.0750801231,,,,
27595,0.0,961.8063355,168.2997285,-151.7671205,-0.5114077179,0.8560219497,0.0754218163,,,,
27596,0.0,964.467896,170.026093,-154.522675,-0.5111425489,0.8561024564,0.0763012377,,,,
27597,0.0,966.312317,170.560593,-154.612778,-0.5106656282,0.856295792,0.0773183863,,,,
27598,0.0,967.7450255,171.0596165,-154.794838,-0.510492261,0.8563656057,0.077688026,,,,
27599,0.0,970.143188,171.753098,-155.144379,-0.5097145192,0.8567143881,0.0789402695,,,,
27600,0.0,971.264587,171.559677,-155.319107,-0.5081844838,0.8574145885,0.0811711389,,,,
27601,0.0,971.417664,171.005966,-154.983185,-0.5071055544,0.85776091,0.0842031943,,,,
27602,0.0,971.204407,170.51329,-154.787262,-0.5070577905,0.8576806309,0.0853014215,,,,
27603,0.0,971.138306,169.817169,-154.508102,-0.507015313,0.8576087808,0.0862708033,,,,
27604,0.0,970.336304,168.259033,-153.90773,-0.5069748491,0.8575403366,0.0871841355,,,,
27605,0.0,969.844177,168.087662,-153.877335,-0.5072050418,0.8573995389,0.0872300192,,,,
27606,0.0,969.405212,167.68808,-153.684189,-0.5076202157,0.857153802,0.0872300192,,,,
27607,0.0,968.685181,166.920685,-153.375153,-0.5090136505,0.8563678903,0.0868282214,,,,
27608,0.0,968.412659,166.539856,-153.519989,-0.5099761522,0.8558322281,0.0864610985,,,,
27609,0.0,967.19989,164.419205,-152.913589,-0.5118655778,0.8548415684,0.0850853875,,,,
27610,0.0,966.856873,165.19751,-153.137512,-0.5122409341,0.8546313992,0.0849376063,,,,
27611,0.0,964.239929,165.808624,-153.071518,-0.5129726062,0.8541924305,0.0849376063,,,,
27612,0.0,963.042908,166.291626,-153.182266,-0.514186859,0.8534620536,0.0849376063,,,,
27613,0.0,961.838684,166.694687,-153.235306,-0.5160368697,0.8522657261,0.0857267826,,,,
27614,0.0,960.415405,166.621429,-152.983704,-0.5176630785,0.8511594321,0.0869054559,,,,
27615,0.0,956.940796,166.873215,-153.08371,-0.5227327617,0.8477760589,0.0895891389,,,,
27616,0.0,955.59729,167.031006,-153.016235,-0.526736724,0.8451372764,0.0910571663,,,,
27617,0.0,953.424866,167.842529,-153.010071,-0.5304298872,0.8427040999,0.0921625453,,,,
27618,0.0,950.837036,168.886993,-153.132462,-0.5330842287,0.8409398436,0.092959048,,,,
27619,0.0,947.726807,169.301117,-151.917084,-0.5330842287,0.8409398436,0.092959048,,,,
27620,0.0,946.169617,169.730957,-151.185181,-0.5330842287,0.8409398436,0.092959048,,,,
27621,0.0,942.736755,171.007431,-148.263489,-0.5311478399,0.8421642284,0.092959048,,,,
27622,0.0,940.840118,172.042343,-147.2569505,-0.5311478399,0.8421642284,0.092959048,,,,
27623,0.0,938.943481,173.077255,-146.250412,-0.5311478399,0.8421642284,0.092959048,,,,
27624,0.0,935.278381,175.298798,-144.778595,-0.5304623733,0.8425961563,0.0929590653,,,,
27625,0.0,933.6091,176.652962,-144.0487745,-0.5289441238,0.8435481706,0.0929590567,,,,
27626,0.0,931.939819,178.007126,-143.318954,-0.5274258744,0.844500185,0.092959048,,,,
27627,0.0,930.354248,179.424545,-142.665405,-0.5259728094,0.8453241925,0.093699591,,,,
27628,0.0,927.016846,182.746689,-141.086029,-0.524823574,0.8458650524,0.0952498261,,,,
27629,0.0,925.515137,184.487755,-140.1993635,-0.524111354,0.8463061251,0.0952498261,,,,
27630,0.0,924.013428,186.228821,-139.312698,-0.523399134,0.8467471979,0.0952498261,,,,
27631,0.0,921.169067,189.665558,-137.390442,-0.5228069997,0.8469333732,0.0968333742,,,,
27632,0.0,919.789795,191.580292,-136.425858,-0.5214947153,0.8476166674,0.0979247008,,,,
27633,0.0,918.369446,193.775429,-135.4127045,-0.5158211145,0.8506444916,0.1013863221,,,,
27634,0.0,915.875854,197.095779,-134.05365,-0.5037031942,0.8570669048,0.1082562367,,,,
27635,0.0,914.380371,199.900787,-132.870102,-0.4946214698,0.8617509464,0.1128490493,,,,
27636,0.0,913.0283205,202.0646515,-132.033348,-0.4867742267,0.8656695362,0.1165191076,,,,
27637,0.0,910.46637,205.631577,-130.41893,-0.4764286224,0.870450039,0.1238244617,,,,
27638,0.0,909.6618045,207.092537,-129.700638,-0.4771266888,0.8694913723,0.127742396,,,,
27639,0.0,908.857239,208.553497,-128.982346,-0.4778247552,0.8685327056,0.1316603304,,,,
27640,0.0,906.081177,213.816711,-128.30835,-0.482959471,0.864124864,0.1415569456,,,,
27641,0.0,905.365967,215.435669,-128.312424,-0.4847503938,0.8625442223,0.1450328247,,,,
27642,0.0,904.139038,219.290985,-128.237991,-0.487727105,0.859300329,0.1540299176,,,,
27643,0.0,903.681763,221.012863,-128.234009,-0.4885123946,0.858256454,0.1573260926,,,,
27644,0.0,902.585754,225.331467,-128.419495,-0.4907760526,0.854306264,0.1711714739,,,,
27645,0.0,902.359314,226.803452,-128.913376,-0.4907789055,0.8530444852,0.1773447836,,,,
27646,0.0,901.865417,231.503113,-129.383057,-0.4830520718,0.8551870923,0.1879248068,,,,
27647,0.0,901.772156,233.111191,-129.360748,-0.4767825817,0.8579500516,0.1913114703,,,,
27648,0.0,901.801086,237.493454,-129.685974,-0.4447474732,0.873227657,0.1991811841,,,,
27649,0.0,901.864807,239.408783,-129.793381,-0.4312348729,0.8794950546,0.2013080558,,,,
27650,0.0,902.198853,243.994644,-130.075516,-0.3606522636,0.9095481901,0.2065236905,,,,
27651,0.0,902.315125,245.385788,-130.029984,-0.3316213135,0.9203900925,0.207145799,,,,
27652,0.0,903.025391,249.299377,-130.114471,-0.2246965366,0.9519144002,0.2082557108,,,,
27653,0.0,903.545105,251.428543,-130.389816,-0.1743702629,0.9623341376,0.2085857594,,,,
27654,0.0,904.118958,254.303131,-129.991791,-0.1055326851,0.9724728675,0.207748344,,,,
27655,0.0,905.310791,259.468658,-129.850113,0.0074927021,0.9794117257,0.2017338124,,,,
27656,0.0,905.751099,261.462982,-130.251099,0.039332974,0.9792360781,0.1988708639,,,,
27657,0.0,906.549866,265.322937,-129.976791,0.1040987557,0.9755779446,0.1934195522,,,,
27658,0.0,906.770081,267.026001,-129.710373,0.1193196762,0.9739314777,0.1929256115,,,,
27659,0.0,907.823242,273.500122,-129.78537,0.1851918788,0.9637830761,0.1919014074,,,,
27660,0.0,908.2380065,275.7789,-129.8878325,0.1970202344,0.9614392412,0.1914994711,,,,
27661,0.0,908.652771,278.057678,-129.990295,0.20884859,0.9590954064,0.1910975348,,,,
27662,0.0,909.336182,282.099518,-130.368958,0.2195992418,0.9567391141,0.1908571207,,,,
27663,0.0,909.62384,283.816376,-130.520462,0.22030445,0.9565769783,0.1908571036,,,,
27664,0.0,910.319885,287.976257,-131.073624,0.2188211493,0.9569173826,0.1908570864,,,,
27665,0.0,910.629456,289.768677,-131.285385,0.2175960745,0.9571966924,0.1908571207,,,,
27666,0.0,911.162598,292.859924,-133.913025,0.2159730868,0.9575641972,0.1908571036,,,,
27667,0.0,912.518311,300.301025,-140.439926,0.2148207944,0.9579291385,0.1903254895,,,,
27668,0.0,912.8995975,302.309372,-142.393089,0.2148334549,0.9579855942,0.1900265646,,,,
27669,0.0,913.280884,304.317719,-144.346252,0.2148461154,0.9580420499,0.1897276398,,,,
27670,0.0,914.356018,309.890106,-149.432617,0.2148461154,0.9580420499,0.1897276398,,,,
27671,0.0,914.8304445,312.281128,-150.681923,0.2148645497,0.9581248787,0.1892874562,,,,
27672,0.0,915.591003,316.104309,-152.089859,0.2149010188,0.9582875018,0.188421379,,,,
27673,0.0,916.640564,321.299866,-151.685486,0.2149352185,0.9584393787,0.1876081266,,,,
27674,0.0,917.0624085,323.3686065,-151.503479,0.2149719436,0.9586031433,0.1867251166,,,,
27675,0.0,917.786072,326.894257,-150.989441,0.2150372878,0.9588963288,0.1851399347,,,,
27676,0.0,918.973816,331.263794,-150.619675,0.2154764265,0.9591454583,0.183330029,,,,
27677,0.0,919.687073,333.527069,-150.4523165,0.215870953,0.959198812,0.1825832813,,,,
27678,0.0,920.815063,337.337646,-150.254013,0.2162772265,0.959253704,0.1818144456,,,,
27679,0.0,922.247925,342.01651,-150.090973,0.2162772265,0.959253704,0.1818144456,,,,
27680,0.0,922.907898,344.299225,-150.027786,0.2162772265,0.959253704,0.1818144456,,,,
27681,0.0,924.047363,347.934326,-150.048691,0.2162772265,0.959253704,0.1818144456,,,,
27682,0.0,924.6112975,349.995514,-150.030342,0.2162964589,0.9593395906,0.1813371338,,,,
27683,0.0,926.372131,355.775574,-150.247177,0.21632309,0.959457122,0.1806830147,,,,
27684,0.0,927.134521,358.505219,-150.39325,0.2172779026,0.9595801623,0.1788748867,,,,
27685,0.0,928.110107,362.281769,-150.387405,0.218659004,0.9597509246,0.1762566386,,,,
27686,0.0,928.620667,364.228271,-150.804581,0.2191457244,0.9598758798,0.1749669877,,,,
27687,0.0,929.731323,368.793762,-151.100372,0.219919501,0.9600837505,0.1728427179,,,,
27688,0.0,930.063843,370.03421,-150.892563,0.2201822569,0.9600800655,0.1725283788,,,,
27689,0.0,931.270996,374.885559,-151.659012,0.2221905421,0.9599713769,0.1705471151,,,,
27690,0.0,931.674805,376.51059,-151.854187,0.2226886767,0.9599431497,0.1700555867,,,,
27691,0.0,932.600586,380.211365,-151.958221,0.2234110713,0.9599598944,0.1690103378,,,,
27692,0.0,933.692017,384.391968,-152.235046,0.2242869884,0.9598941431,0.1682218203,,,,
27693,0.0,933.921936,385.613892,-152.310623,0.2275150018,0.9592922338,0.1673180626,,,,
27694,0.0,935.068909,390.489441,-152.200409,0.2433544829,0.9562308561,0.1624842932,,,,
27695,0.0,935.450745,392.142944,-152.165985,0.2546374452,0.9536512373,0.1603405413,,,,
27696,0.0,936.70636,397.264343,-151.998383,0.3256448817,0.9334492352,0.1504258502,,,,
27697,0.0,937.248291,399.554474,-151.816956,0.3716702613,0.9167525264,0.1463763034,,,,
27698,0.0,938.001831,402.937744,-151.448395,0.5277673742,0.8383968305,0.1362070236,,,,
27699,0.0,938.794922,406.632965,-151.50676,0.6456561122,0.7526818792,0.1288338989,,,,
27700,0.0,941.040527,410.379639,-151.729492,0.8009348747,0.5884337238,0.1106755583,,,,
27701,0.0,943.588074,413.282623,-152.897461,0.9104910256,0.4043149157,0.0868074957,,,,
27702,0.0,944.723022,414.688263,-152.843674,0.945458481,0.3172286591,0.0739880972,,,,
27703,0.0,947.369629,418.050232,-153.381393,0.9900842949,0.1320084364,0.0480298004,,,,
27704,0.0,948.152039,421.537476,-152.837143,0.9991999063,0.0184651184,0.0354765638,,,,
27705,0.0,948.412842,423.720032,-152.597336,0.9991862432,-0.0034355741,0.0336460533,,,,
27706,0.0,948.673645,425.902588,-152.357529,0.9991725801,-0.0253362666,0.0318155429,,,,
27707,0.0,949.084534,429.608795,-152.161285,0.9987583134,-0.0390277875,0.0309622881,,,,
27708,0.0,949.508118,433.423584,-152.179199,0.998714189,-0.0401410684,0.0309622881,,,,
27709,0.0,950.008728,437.856628,-152.410706,0.9987276642,-0.0398043892,0.0309622881,,,,
27710,0.0,950.2927855,440.4914245,-152.619881,0.9988816124,-0.0364027608,0.0299628032,,,,
27711,0.0,950.726257,444.596771,-152.902756,0.999118182,-0.0310149646,0.028300714,,,,
27712,0.0,950.9416195,447.157974,-153.0505145,0.9991917696,-0.0288474484,0.0279065104,,,,
27713,0.0,951.284729,451.168976,-153.396652,0.9992990411,-0.025723619,0.027197829,,,,
27714,0.0,951.66803,455.795319,-153.642303,0.9994189274,-0.0225137573,0.025591761,,,,
27715,0.0,951.778137,457.347961,-153.59877,0.9994616829,-0.0212092924,0.0250301893,,,,
27716,0.0,952.068359,461.605133,-153.695404,0.9995712846,-0.017200597,0.0236935942,,,,
27717,0.0,952.304504,465.74765,-153.684814,0.9996186111,-0.0152299456,0.0230365176,,,,
27718,0.0,952.486084,467.743683,-153.567169,0.9996271044,-0.0148559836,0.0229118293,,,,
27719,0.0,952.704712,471.106598,-153.320541,0.9996271044,-0.0148559836,0.0229118293,,,,
27720,0.0,952.816406,472.689636,-153.270691,0.9996271044,-0.0148559836,0.0229118293,,,,
27721,0.0,952.9315185,474.9835355,-153.987686,0.9996271044,-0.0148559836,0.0229118293,,,,
27722,0.0,953.387695,480.057831,-155.607986,0.999682838,-0.0104532973,0.0229118293,,,,
27723,0.0,953.8457945,481.883072,-156.054222,0.9995736624,0.0064544005,0.0229118293,,,,
27724,0.0,954.793457,485.655518,-156.835602,0.9978609825,0.0610361101,0.023410528,,,,
27725,0.0,956.08197,490.404694,-156.327103,0.9760585141,0.2160440471,0.0251941811,,,,
27726,0.0,956.548828,492.443115,-156.317795,0.9503247398,0.3101337325,0.0264566975,,,,
27727,0.0,956.670349,496.521057,-156.182709,0.873992459,0.4850688738,0.029075234,,,,
27728,0.0,956.644775,502.561768,-156.209671,0.6661643054,0.7450126492,0.0343696187,,,,
27729,0.0,957.097656,507.271759,-156.2742,0.4994508094,0.8655192682,0.0377529524,,,,
27730,0.0,955.234985,513.248779,-155.875702,0.1288346459,0.9905918923,0.0461447393,,,,
27731,0.0,954.414917,515.357849,-155.697418,-0.0052397267,0.9986875484,0.0509482666,,,,
27732,0.0,953.354065,517.7899475,-155.5326535,-0.1459338216,0.9773442561,0.056725512,,,,
27733,0.0,951.12146,522.513123,-155.060104,-0.4136361597,0.9077547778,0.0699027235,,,,
27734,0.0,949.910889,524.674683,-154.501114,-0.5032011092,0.8607056826,0.0772940596,,,,
27735,0.0,949.07074,526.433716,-153.951416,-0.5416224828,0.8365155259,0.0829871142,,,,
27736,0.0,947.532166,530.478088,-152.956192,-0.5678153045,0.8180208396,0.0918024288,,,,
27737,0.0,946.910583,532.37085,-152.671158,-0.57080812,0.8158043304,0.092959048,,,,
27738,0.0,945.555237,535.746277,-152.967316,-0.570267132,0.8161825859,0.092959048,,,,
27739,0.0,945.069641,536.885071,-152.997391,-0.570267132,0.8161825859,0.092959048,,,,
27740,0.0,943.271057,540.971802,-153.001648,-0.570267132,0.8161825859,0.092959048,,,,
27741,0.0,941.589172,544.594055,-152.489105,-0.570267132,0.8161825859,0.092959048,,,,
27742,0.0,940.708679,546.389832,-152.371948,-0.570267132,0.8161825859,0.092959048,,,,
27743,0.0,939.161194,549.432312,-151.994415,-0.570267132,0.8161825859,0.092959048,,,,
27744,0.0,937.401794,552.80542,-151.888611,-0.570267132,0.8161825859,0.092959048,,,,
27745,0.0,934.97644,557.27417,-151.569061,-0.570267132,0.8161825859,0.092959048,,,,
27746,0.0,933.6311645,559.643799,-151.2682035,-0.570267132,0.8161825859,0.092959048,,,,
27747,0.0,931.604431,563.19043,-150.827423,-0.570267132,0.8161825859,0.092959048,,,,
27748,0.0,930.6803895,564.777405,-150.763031,-0.5709992867,0.8157992516,0.0918117442,,,,
27749,0.0,929.756348,566.36438,-150.698639,-0.5717314414,0.8154159173,0.0906644404,,,,
27750,0.0,927.405518,569.980652,-150.579575,-0.5747070535,0.8138300095,0.0859797556,,,,
27751,0.0,924.964233,572.679749,-150.438797,-0.6193324271,0.7813032093,0.0774121428,,,,
27752,0.0,923.230835,575.437317,-150.229828,-0.6892402212,0.7205607613,0.0757634921,0.1225305023,831.3430032336,1733.2918463337,3.0
27753,0.0,920.328796,578.82782,-150.754364,-0.8059831362,0.5873787848,0.0733303986,0.0537997321,559.0784160883,1727.7818414967,3.0
27754,0.0,918.893524,580.827942,-151.230995,-0.8512716664,0.5124363256,0.071230105,0.0337167805,421.251137764,1725.0191696243,3.0
27755,0.0,916.410645,584.270813,-152.604904,-0.9169757937,0.3929518049,0.0688786825,0.0076020475,211.7211120226,1720.3263163908,3.0
27756,0.0,914.61499,587.014526,-152.9608,-0.9521484927,0.2975944581,0.0696475863,0.0024111477,119.1226724778,1716.4433330974,3.0
27757,0.0,913.779541,588.720825,-152.9367445,-0.9578705258,0.2778182423,0.0698369797,0.0026886233,125.464403788,1714.5101279802,3.0
27758,0.0,912.480652,591.437012,-152.885223,-0.9649854826,0.2527831543,0.0700263905,0.0031070597,134.8018441411,1711.3689337944,3.0
27759,0.0,911.4093935,593.736847,-152.802635,-0.9665099534,0.2468133938,0.0700263992,0.0032563733,137.7641981973,1708.9786314757,3.0
27760,0.0,910.338135,596.036682,-152.720047,-0.9680344243,0.2408436332,0.0700264079,0.0034056869,140.7265522535,1706.5883291569,3.0
27761,0.0,908.105469,600.617004,-152.358139,-0.9708354766,0.2295253203,0.0692575244,0.0036669001,145.5952000271,1701.6922243716,3.0
27762,0.0,906.046814,604.787109,-151.027237,-0.9721476365,0.2240194188,0.0688786825,0.0037460797,146.7808703174,1697.3564794613,3.0
27763,0.0,904.624207,607.550415,-149.240631,-0.9722402057,0.2236173285,0.0688786825,0.0036599979,144.8192970874,1694.21593516,3.0
27764,0.0,902.477478,611.934631,-147.393509,-0.9722402057,0.2236173285,0.0688786825,0.0035266089,141.7993053381,1689.9104380305,3.0
27765,0.0,901.815918,613.168945,-147.068375,-0.9723435469,0.2231675467,0.0688786825,0.0034974951,141.1025333967,1688.5787699023,3.0
27766,0.0,899.792786,617.088684,-147.276016,-0.9726620024,0.2217754579,0.0688786999,0.0033645962,138.06934533,1684.54030008,3.0
27767,0.0,898.102783,620.668579,-147.413284,-0.9730814361,0.2200684326,0.0684280919,0.0032362205,135.132866529,1681.0421057723,3.0
27768,0.0,897.055908,622.693176,-147.45993,-0.9733617497,0.218945487,0.0680424721,0.0031622981,133.4183058275,1678.9688371443,3.0
27769,0.0,895.069824,626.672791,-147.645966,-0.9739366605,0.2164714908,0.0677309008,0.0030627769,130.999850777,1675.0621121934,3.0
27770,0.0,893.36084,629.582947,-147.707504,-0.9750486547,0.211406364,0.067730866,0.0031134905,131.8249357047,1671.8492108217,3.0
27771,0.0,892.322449,631.505066,-147.846313,-0.9761677676,0.206338523,0.0672376633,0.0031800315,133.0673810726,1669.8845479986,3.0
27772,0.0,890.247925,635.337646,-148.240128,-0.9796103356,0.1898422423,0.0657534291,0.0036066101,141.3664798005,1665.9953521009,3.0
27773,0.0,889.150085,637.309204,-148.313416,-0.9819362567,0.1780248435,0.0640963568,0.0040286236,149.2119848475,1663.9803944303,3.0
27774,0.0,886.569641,641.164429,-148.447418,-0.9865868701,0.151752079,0.0601469393,0.0053258453,171.0518924855,1659.5778429187,3.0
27775,0.0,884.495422,643.764832,-148.768433,-0.9899618705,0.12899522,0.0577557635,0.0069698716,195.2072276406,1656.2525938467,3.0
27776,0.0,883.475586,644.800476,-148.541519,-0.9910026896,0.121070401,0.0570581035,0.0076276972,203.9892135108,1654.7227385124,3.0
27777,0.0,880.412415,647.731201,-148.774475,-0.9928791419,0.1054081795,0.0554988757,0.008854518,219.1131094896,1650.1917226061,3.0
27778,0.0,878.401245,649.335938,-148.73851,-0.9933221313,0.1015609058,0.0547405328,0.0503869952,415.9736965103,1327.1879589406,6.0
27779,0.0,875.177979,651.665588,-149.056717,-0.9935635293,0.0995425142,0.0540629363,0.0507913179,416.4297471696,1323.4813807937,6.0
27780,0.0,872.318542,653.580078,-148.913528,-0.9936030733,0.0992081189,0.053950736,0.0516147485,418.6975820121,1320.3106559327,6.0
27781,0.0,871.343628,654.010254,-148.839783,-0.9936030733,0.0992081189,0.053950736,0.0519714879,419.6893197059,1319.0087839056,6.0
27782,0.0,867.754639,655.785522,-148.639145,-0.9936030733,0.0992081189,0.053950736,0.0528908838,422.0822312265,1315.2596970714,6.0
27783,0.0,864.45752,657.556641,-148.68782,-0.9936030733,0.0992081189,0.053950736,0.0537787463,424.4032773069,1311.8291783767,6.0
27784,0.0,861.582886,658.345154,-148.006592,-0.9936030733,0.0992081189,0.053950736,0.0544900771,426.0445516071,1308.5176330065,6.0
27785,0.0,859.741516,659.191345,-148.248383,-0.9936030733,0.0992081189,0.053950736,0.0549369499,427.1100009609,1306.5939022469,6.0
27786,0.0,855.958984,660.474731,-147.800537,-0.9936030733,0.0992081189,0.053950736,0.0558212128,429.0865717,1302.4983731372,6.0
27787,0.0,851.948853,661.35498,-146.687378,-0.9936030733,0.0992081189,0.053950736,0.0566595087,430.7483764931,1298.1138902511,6.0
27788,0.0,850.017456,661.951599,-146.615356,-0.9936030733,0.0992081189,0.053950736,0.0570788177,431.602217335,1296.0405542288,6.0
27789,0.0,846.587402,662.705994,-146.407028,-0.9936030733,0.0992081189,0.053950736,0.0578857886,433.2091781608,1292.0350317409,6.0
27790,0.0,840.326172,664.171631,-146.098511,-0.9936030733,0.0992081189,0.053950736,0.0590501704,435.0842358139,1285.1553117164,6.0
27791,0.0,838.0385745,664.6078185,-146.0360565,-0.9936030733,0.0992081189,0.053950736,0.0594566306,435.6562682378,1282.589608803,6.0
27792,0.0,834.694824,665.282837,-145.973602,-0.9936030733,0.0992081189,0.053950736,0.0600628079,436.5301577128,1278.8440937351,6.0
27793,0.0,832.537384,665.650055,-145.9255295,-0.9936030733,0.0992081189,0.053950736,0.0604616587,437.074698169,1276.3555497478,6.0
27794,0.0,830.379944,666.017273,-145.877457,-0.9936030733,0.0992081189,0.053950736,0.0608605094,437.6192386252,1273.8670057604,6.0
27795,0.0,826.694214,666.695435,-145.979813,-0.9936030733,0.0992081189,0.053950736,0.0614621018,438.3314261791,1269.8772909793,6.0
27796,0.0,822.988464,667.671021,-146.555893,-0.9936030733,0.0992081189,0.053950736,0.0622228046,439.4874534519,1265.6679119785,6.0
27797,0.0,818.216064,669.368042,-147.617538,-0.9936030733,0.0992081189,0.053950736,0.0633124135,441.3297071312,1260.3435495954,6.0
27798,0.0,816.192047,670.234375,-147.8779525,-0.9936030733,0.0992081189,0.053950736,0.0638239932,442.2709049857,1258.1448079999,6.0
27799,0.0,812.816528,671.71167,-148.489777,-0.9936030733,0.0992081189,0.053950736,0.064688249,443.8586119014,1254.4590415295,6.0
27800,0.0,809.815552,673.262878,-148.624954,-0.9936030733,0.0992081189,0.053950736,0.0655922608,445.6600189519,1251.1326669995,6.0
27801,0.0,808.389099,674.093201,-148.685989,-0.9936030733,0.0992081189,0.053950736,0.0660092981,446.5117746465,1249.6925122309,6.0
27802,0.0,804.246399,676.489319,-148.731918,-0.9936030733,0.0992081189,0.053950736,0.0672946997,449.1239259225,1245.3543524072,6.0
27803,0.0,802.751831,677.406769,-148.589401,-0.9936030733,0.0992081189,0.053950736,0.0678023087,450.175480232,1243.7671381269,6.0
27804,0.0,799.029663,679.668335,-148.294403,-0.9937025354,0.0979801857,0.0543613321,0.068572253,451.2745138076,1240.016215909,6.0
27805,0.0,796.260925,681.082886,-147.886093,-0.9945294703,0.0881116008,0.0561023937,0.0660554077,442.1138666518,1236.9664890742,6.0
27806,0.0,792.760986,682.711182,-148.005905,-0.9955810251,0.073882868,0.0579633014,0.0621343572,428.0022765554,1233.440892353,6.0
27807,0.0,788.956482,684.534729,-147.309097,-0.997123427,0.0456142397,0.0605327382,0.0540807167,398.8259852154,1229.4187049971,6.0
27808,0.0,785.595154,685.926331,-147.064346,-0.997868629,-0.0010332275,0.0652466986,0.0414212811,349.1598594859,1225.863265336,6.0
27809,0.0,782.281738,687.203186,-146.832932,-0.9942770192,-0.0796710112,0.0711740057,0.0238356922,265.2922533081,1222.3600822254,6.0
27810,0.0,780.541016,687.082642,-146.810028,-0.9915437226,-0.107917785,0.0720749461,0.0187294775,235.1045602226,1220.4678218667,6.0
27811,0.0,776.773132,688.37677,-146.544647,-0.9801543221,-0.1833318497,0.0754117876,0.0090708955,163.459208084,1216.3439833244,6.0
27812,0.0,772.7146,689.850586,-146.242889,-0.9702439733,-0.2285472236,0.0799549802,0.0061780037,134.5029019946,1211.8932955028,6.0
27813,0.0,771.243896,690.178772,-146.207382,-0.9690979294,-0.2332227568,0.0803514087,0.0060112904,132.5001325935,1210.2389059467,6.0
27814,0.0,767.152832,691.13092,-146.118149,-0.968226565,-0.2368142097,0.0803514087,0.0059664265,131.5035605541,1205.6302372813,6.0
27815,0.0,762.93158,691.972717,-146.309143,-0.968226565,-0.2368142097,0.0803514087,0.0060888278,132.316059158,1200.8611853815,6.0
27816,0.0,761.226685,692.094849,-146.306396,-0.9682726945,-0.2368254924,0.0797601102,0.0060751817,131.9592752587,1198.9633160434,6.0
27817,0.0,757.446899,692.18927,-146.630753,-0.9683157205,-0.2368360159,0.0792045897,0.0061083368,131.8018378678,1194.2883628189,6.0
27818,0.0,755.996826,692.126038,-146.53894,-0.9683157205,-0.2368360159,0.0792045897,0.006156167,132.1130762906,1192.4633491831,6.0
27819,0.0,751.249146,691.776062,-146.669495,-0.9683157205,-0.2368360159,0.0792045897,0.0062483672,132.4756146562,1186.9082328098,6.0
27820,0.0,747.637207,690.719727,-147.296066,-0.9683157205,-0.2368360159,0.0792045897,0.0062550633,132.0185872658,1182.1822305798,6.0
27821,0.0,744.423828,689.664062,-147.413162,-0.9683157205,-0.2368360159,0.0792045897,0.006289673,131.9121369061,1177.9848161608,6.0
27822,0.0,742.950867,689.046448,-147.598038,-0.9682739141,-0.2368257906,0.0797444175,0.0063409216,132.2239375092,1176.0030482213,6.0
27823,0.0,738.940369,687.021973,-148.486755,-0.968226565,-0.2368142097,0.0803514087,0.0063550763,131.7412487406,1170.4085481956,6.0
27824,0.0,738.117004,686.439697,-148.486755,-0.968226565,-0.2368142097,0.0803514087,0.0063560807,131.6100477841,1169.1508454973,6.0
27825,0.0,735.121826,684.244446,-149.160614,-0.968356135,-0.2360042565,0.0811688774,0.0064178921,131.7460315971,1164.7273526996,6.0
27826,0.0,733.069885,682.407349,-149.724457,-0.9687557733,-0.2339328944,0.0823872115,0.0066101941,133.3068556205,1161.3129317196,6.0
27827,0.0,732.351807,681.752808,-150.144455,-0.9689182186,-0.2331680401,0.0826447263,0.0066536812,133.589306275,1159.9768442973,6.0
27828,0.0,730.142944,678.580505,-150.804993,-0.9693784357,-0.2312472588,0.0826447437,0.0066598076,133.16894867,1155.7966121736,6.0
27829,0.0,729.776001,677.639038,-150.524918,-0.969792642,-0.2293316751,0.0831216837,0.0068360186,134.7935568567,1154.7713492738,6.0
27830,0.0,729.565918,675.940918,-150.460403,-0.9710116802,-0.2237208867,0.084174116,0.0073096534,139.1571621795,1153.02112256,6.0
27831,0.0,729.619141,673.485168,-150.214432,-0.9721784569,-0.2183281884,0.084863715,0.0077093286,142.7064685683,1151.4869767344,6.0
27832,0.0,729.742249,672.381653,-149.990585,-0.9728702909,-0.2151952605,0.0849376063,0.0079332068,144.6864467365,1150.9369001726,6.0
27833,0.0,731.093628,670.231201,-149.327087,-0.9749066954,-0.2060947508,0.0841539594,0.0085776797,150.3765402428,1150.5711787665,6.0
27834,0.0,731.712463,668.693726,-148.968475,-0.9753100939,-0.2043263366,0.0837912218,0.0086400092,150.8781731878,1150.2557850093,6.0
27835,0.0,733.0849,665.001648,-148.447189,-0.9754317336,-0.20435182,0.0822998587,0.0083681003,148.3151046096,1148.8607868455,6.0
27836,0.0,733.5069275,663.4262695,-148.3408505,-0.9763934554,-0.19981672,0.0818989988,0.0086634743,150.7999530858,1148.286346665,6.0
27837,0.0,733.928955,661.850891,-148.234512,-0.9773551771,-0.1952816199,0.0814981389,0.0089588483,153.284801562,1147.7119064845,6.0
27838,0.0,735.050415,658.335022,-147.780792,-0.978810931,-0.1879904305,0.0811711737,0.0094521924,157.2943493691,1146.7283204339,6.0
27839,0.0,736.586731,655.111572,-147.521515,-0.9793274716,-0.185637697,0.0803514087,0.0094238812,156.9825203617,1146.164627557,6.0
27840,0.0,737.023193,654.047241,-147.377289,-0.9795817802,-0.1843817157,0.0801431144,0.0094803162,157.406851868,1145.8532012253,6.0
27841,0.0,738.4470825,651.835022,-147.187073,-0.9809445364,-0.1775628634,0.07853864,0.0098963359,160.7797348575,1145.9157871713,6.0
27842,0.0,740.660095,648.407898,-146.928207,-0.9832955494,-0.1653813465,0.0760188979,0.0107338555,167.4720599371,1146.088210952,6.0
27843,0.0,742.572998,645.801208,-146.657684,-0.9857777049,-0.1513008404,0.0731462387,0.011984392,176.9265802837,1146.239009588,6.0
27844,0.0,743.701782,644.298706,-146.656601,-0.9862791749,-0.1481651696,0.0727338828,0.0122092257,178.5904266327,1146.4279384737,6.0
27845,0.0,745.434265,642.370483,-146.574585,-0.9868373072,-0.1446434439,0.0723215268,0.0124503269,180.4074143232,1146.8457499356,6.0
27846,0.0,748.079956,639.244019,-146.618454,-0.9868373072,-0.1446434439,0.0723215268,0.0121375214,178.2428087257,1147.5030406741,6.0
27847,0.0,750.731934,636.021729,-146.787186,-0.9868373072,-0.1446434439,0.0723215268,0.0118107414,175.940275082,1148.1478701552,6.0
28104,0.0,-866.412109,1340.46521,-158.972031,0.5900941374,-0.8072367542,0.0125591289,0.0316406107,271.0846475421,1086.2512660196,3.0
28105,0.0,-866.580688,1340.105469,-159.162079,0.5900941374,-0.8072367542,0.0125591289,0.0314503975,270.6570213813,1087.7599077789,3.0
28106,0.0,-870.543396,1342.778809,-159.162079,0.5900941374,-0.8072367542,0.0125591289,0.0307800887,269.13683262,1093.1785321445,3.0
28107,0.0,-869.245789,1341.861694,-159.199097,0.5900941374,-0.8072367542,0.0125591289,0.0309324122,270.0826028555,1094.3579680696,3.0
28108,0.0,-868.149231,1341.103394,-159.255463,0.5900941374,-0.8072367542,0.0125591289,0.031092236,270.8095389121,1094.5240139206,3.0
28109,0.0,-865.961975,1339.566162,-159.384949,0.5900941374,-0.8072367542,0.0125591289,0.0314040095,272.0317347728,1094.0791025826,3.0
28110,0.0,-863.819397,1338.262451,-159.527893,0.5900941374,-0.8072367542,0.0125591289,0.0317543761,273.5210109794,1094.080439862,3.0
28111,0.0,-859.953247,1335.757935,-159.567352,0.5900941374,-0.8072367542,0.0125591289,0.0323990201,276.1368207236,1093.6789854816,3.0
28112,0.0,-857.887695,1334.296997,-159.298843,0.5900941374,-0.8072367542,0.0125591289,0.0327662673,277.5110753435,1093.0470443697,3.0
28113,0.0,-853.245544,1330.881714,-159.246216,0.5900941374,-0.8072367542,0.0125591289,0.0336637103,280.9039346723,1091.8121804355,3.0
28114,0.0,-851.528137,1329.494507,-159.380981,0.5900941374,-0.8072367542,0.0125591289,0.0340229671,282.3630029071,1091.7733252107,3.0
28115,0.0,-848.832336,1327.294312,-159.532089,0.5900941374,-0.8072367542,0.0125591289,0.0345574901,284.2993069904,1090.8738530989,3.0
28116,0.0,-844.557129,1323.724121,-159.754974,0.5900941374,-0.8072367542,0.0125591289,0.0354564015,287.6102011263,1089.7481039454,3.0
28117,0.0,-841.739197,1321.262085,-159.892151,0.5900941374,-0.8072367542,0.0125591289,0.0360603744,289.8635817406,1089.2171533857,3.0
28118,0.0,-838.770325,1319.247803,-160.757294,0.5900941374,-0.8072367542,0.0125591289,0.0367162318,292.2551559237,1088.5329807911,3.0
28119,0.0,-836.754089,1317.538574,-160.919449,0.5900941374,-0.8072367542,0.0125591289,0.0371981204,294.1306900951,1088.5330299799,3.0
28120,0.0,-834.268555,1315.347534,-161.071472,0.5900941374,-0.8072367542,0.0125591289,0.0377453243,296.1211096573,1088.0781796161,3.0
28121,0.0,-830.240662,1311.833984,-161.546524,0.5900941374,-0.8072367542,0.0125591289,0.0385573886,298.7768966331,1086.4391398453,3.0
28122,0.0,-827.887451,1309.796387,-161.593735,0.5899298373,-0.8073600046,0.0123535451,0.0391287903,301.1714182523,1087.2790203335,3.0
28123,0.0,-824.059204,1305.78894,-161.591339,0.5892127421,-0.8078966858,0.0114581674,0.0398068576,303.6183673879,1086.9252059703,3.0
28124,0.0,-822.425354,1304.046509,-161.588608,0.5882396596,-0.8086061735,0.0114087255,0.0398786322,303.8656067623,1086.8508229721,3.0
28125,0.0,-819.39624,1300.728149,-161.534332,0.5855546226,-0.8105526661,0.0114087429,0.0398071768,303.8293069233,1087.67607781,3.0
28126,0.0,-815.963501,1296.911133,-161.40715,0.5787511254,-0.8154396984,0.0102583244,0.0384259112,298.6923230943,1087.9517001438,3.0
28127,0.0,-814.316223,1295.083496,-161.289505,0.574249089,-0.818603651,0.009774106,0.0373826431,294.6768404486,1088.0215226129,3.0
28128,0.0,-812.668945,1293.255859,-161.17186,0.5697470525,-0.8217676035,0.0092898875,0.0363393749,290.6613578028,1088.091345082,3.0
28129,0.0,-808.923462,1288.925415,-161.275772,0.5519047634,-0.8338574089,0.0091078922,0.0317034779,271.8062509919,1088.0797408846,3.0
28130,0.0,-807.2306215,1287.130127,-161.166565,0.5320993796,-0.8462975088,0.0101347474,0.0267577754,248.938339116,1088.2060108484,3.0
28131,0.0,-804.205811,1283.639038,-160.605026,0.4796684962,-0.8773591307,0.0126130728,0.0149336,187.3894239748,1088.3668373413,3.0
28132,0.0,-802.110168,1281.169556,-160.501114,0.4306376539,-0.9024068226,0.0145992303,0.0072458508,130.7714730024,1088.2820380467,3.0
28133,0.0,-800.6336055,1278.673584,-160.372734,0.3782064779,-0.9238494325,0.0158641814,0.0036838268,73.8742629064,1088.0193424671,3.0
28134,0.0,-797.995544,1273.617676,-159.973206,0.2724332653,-0.9620216375,0.0171605613,0.0011166125,51.3553267499,1087.0275030027,3.0
28135,0.0,-797.246948,1271.788696,-160.3125,0.228475552,-0.9734203935,0.015863784,0.0041189282,98.6118426931,1087.6010951074,3.0
28136,0.0,-796.168762,1269.252808,-160.327133,0.1838475541,-0.9828585827,0.013750754,0.0091120608,146.4595858902,1087.3918889038,3.0
28137,0.0,-794.905243,1266.153809,-160.0960615,0.1331069336,-0.9897037105,0.0120281261,0.0183432528,199.9022574568,1086.85687321,3.0
28138,0.0,-793.212708,1261.977173,-159.784439,0.0694595635,-0.9975344996,0.0100145493,0.0305260795,266.5640787548,1087.1538097283,3.0
28139,0.0,-791.214844,1256.712524,-159.441147,0.0341646438,-0.9993737691,0.0092112288,0.0394680056,301.9394495754,1085.451196169,3.0
28140,0.0,-790.244629,1254.193115,-159.282043,0.0236329589,-0.9996703957,0.0100291221,0.0422732589,312.0440303536,1084.6933491627,3.0
28141,0.0,-788.753418,1249.558838,-158.981201,0.0067338463,-0.9999122441,0.0114087429,0.0468908459,328.1083660771,1084.2015221448,3.0
28142,0.0,-788.021118,1247.223511,-158.509705,0.0055601952,-0.9999260271,0.0108177935,0.0471407957,328.8325292651,1083.7793004314,3.0
28143,0.0,-787.242401,1244.560547,-158.1879885,0.0055602814,-0.9999289746,0.010538059,0.047057024,328.4240998376,1083.3730980401,3.0
28144,0.0,-785.796082,1239.261597,-157.304886,0.0055603676,-0.9999319222,0.0102583244,0.046918746,327.6899636207,1082.5046895831,3.0
28145,0.0,-785.048889,1236.170898,-157.017532,0.0055603676,-0.9999319222,0.0102583244,0.0467903176,327.2596636686,1082.5302693355,3.0
28146,0.0,-784.406189,1233.064575,-156.453934,0.0055603676,-0.9999319222,0.0102583244,0.0467848418,326.8474780142,1081.2285689886,3.0
28147,0.0,-783.239197,1227.464233,-155.887207,0.0055603676,-0.9999319222,0.0102583244,0.0466894196,326.4134906452,1080.8693722307,3.0
28148,0.0,-782.948181,1225.559082,-155.72554,0.0055603676,-0.9999319222,0.0102583244,0.0466928978,326.4071790389,1080.8091777408,3.0
28149,0.0,-782.547668,1221.601562,-155.483765,0.0055603676,-0.9999319222,0.0102583244,0.0468075556,326.7256115909,1080.5694392741,3.0
28150,0.0,-781.983826,1215.971558,-155.224472,0.0055603676,-0.9999319222,0.0102583244,0.046972813,327.1506765229,1080.1159863104,3.0
28151,0.0,-781.598877,1213.94165,-154.886337,0.0055603676,-0.9999319222,0.0102583244,0.0469392161,326.9840538113,1079.9428603596,3.0
28152,0.0,-781.206543,1208.572266,-154.887695,0.0055603676,-0.9999319222,0.0102583244,0.0470352493,327.1813254594,1079.5172336683,3.0
28153,0.0,-780.941162,1206.093994,-154.941849,0.0055603676,-0.9999319222,0.0102583244,0.0470759446,327.11474392,1078.8421864127,3.0
28154,0.0,-780.599304,1201.669312,-155.189606,0.0055603676,-0.9999319222,0.0102583244,0.0470886221,327.2486591089,1079.1420524222,3.0
28155,0.0,-780.467712,1199.873047,-155.360687,0.0038972843,-0.9999633299,0.0076256187,0.0475628722,328.9347971548,1079.4120290512,3.0
28156,0.0,-780.09613,1194.414185,-155.669388,-0.0041127867,-0.9999787501,-0.0050580997,0.050100222,337.2338568027,1078.9596394387,3.0
28157,0.0,-779.882385,1189.65271,-155.950607,-0.0222817622,-0.9995188277,-0.0215786056,0.0562657278,356.7761080431,1078.8357934797,3.0
28158,0.0,-779.848328,1187.354614,-156.187759,-0.0333899136,-0.9989663262,-0.0308446567,0.0603120021,369.036598101,1078.9507626248,3.0
28159,0.0,-779.6521,1182.443848,-156.175186,-0.0398761313,-0.9983841832,-0.0404835393,0.0630016607,376.9401843455,1079.0257670957,3.0
28160,0.0,-779.543518,1179.993896,-156.100342,-0.0394912449,-0.9982879111,-0.0431472844,0.0630384189,377.0507394393,1079.0377468631,3.0
28161,0.0,-779.2854,1174.906738,-155.81958,-0.0364425168,-0.998307522,-0.0453214571,0.0622407744,374.8308012023,1079.3141505412,3.0
28173,0.0,-777.212524,1133.64917,-152.238937,0.0434706094,-0.9987290209,-0.0255078206,0.0395029243,301.1353617992,1082.0916218723,3.0
28174,0.0,-777.075928,1130.819458,-152.192444,0.0491311892,-0.9985037954,-0.024006181,0.038101149,295.6625460106,1081.4064845848,3.0
28175,0.0,-776.715637,1123.652466,-152.681213,0.0640283702,-0.9977465791,-0.0200532219,0.0344238265,280.8663431731,1079.7549109146,3.0
28176,0.0,-776.500488,1118.005127,-152.544418,0.0766482099,-0.9969182771,-0.0167033157,0.031390598,267.8889323367,1077.6437119447,3.0
28177,0.0,-776.26532,1108.3927,-152.69313,0.084173221,-0.9963403295,-0.0148599019,0.0300327284,260.4251323811,1070.6708874222,3.0
28178,0.0,-776.1981505,1108.269043,-152.811035,0.0869490395,-0.9961049882,-0.0143779092,0.0292715219,257.5173704552,1072.301123402,3.0
28179,0.0,-776.130981,1108.145386,-152.92894,0.089724858,-0.9958696468,-0.0138959166,0.0285103153,254.6096085293,1073.9313593818,3.0
28180,0.0,-775.813354,1102.530884,-152.917633,0.0970168089,-0.9952204565,-0.0111347087,0.0268258827,246.586960418,1071.7917044183,3.0
28181,0.0,-775.852112,1098.974121,-152.577408,0.0984829171,-0.995081819,-0.0106437069,0.0265756261,245.1761265502,1070.5973977386,3.0
28182,0.0,-775.783539,1095.959839,-152.3514025,0.100026982,-0.994935597,-0.0097213441,0.0262528469,243.3567457083,1069.0896846852,3.0
28183,0.0,-775.608093,1090.60022,-152.041595,0.1029979658,-0.9946515778,-0.0077238429,0.0255869879,239.7244250333,1066.5560938418,3.0
28184,0.0,-775.493713,1084.881348,-151.573868,0.1092228529,-0.9940092013,-0.0040095167,0.0241208784,232.3070945235,1064.1080468261,3.0
28185,0.0,-775.421326,1082.912476,-151.48381,0.1118966827,-0.9937166629,-0.0025151913,0.0234961467,229.1283746587,1063.2410091806,3.0
28186,0.0,-775.346802,1078.011841,-151.201828,0.1162766367,-0.9932162619,0.0010958222,0.0224600711,223.6240806773,1061.0854859516,3.0
28187,0.0,-775.110352,1075.708984,-151.240677,0.1176912559,-0.9930462383,0.0028172369,0.0220807328,221.5353169553,1060.0636652069,3.0
28188,0.0,-774.986572,1070.644653,-151.037354,0.1202995976,-0.9927233443,0.0053262135,0.0214673769,218.0050685486,1057.8047013556,3.0
28189,0.0,-774.964539,1065.711304,-150.952805,0.1224829047,-0.9924473721,0.0067935022,0.0210100434,215.248129131,1055.6115075321,3.0
28190,0.0,-774.618042,1062.810913,-150.930283,0.1241247591,-0.9922307007,0.0084427903,0.0205734506,212.7246579844,1054.1309626714,3.0
28191,0.0,-774.696472,1060.812866,-151.069412,0.1247839632,-0.9921421314,0.0091078922,0.0204069172,211.7766840246,1053.6623917982,3.0
28192,0.0,-774.342468,1055.716797,-151.257095,0.1247839632,-0.9921421314,0.0091078922,0.0203890871,211.1716240093,1051.1065665038,3.0
28193,0.0,-773.869324,1050.746826,-151.351898,0.1247839632,-0.9921421314,0.0091078922,0.0203104682,210.2856475159,1048.6996447964,3.0
28194,0.0,-773.641724,1048.853271,-151.813004,0.1251602943,-0.992091168,0.0094876245,0.0201545758,209.3581660263,1048.0631028463,3.0
28195,0.0,-773.468994,1044.050781,-151.65538,0.1258991276,-0.9919902637,0.0102335943,0.0199188241,207.7123641405,1045.8972077905,3.0
28196,0.0,-773.243469,1041.5979,-151.343262,0.1264692365,-0.9919116402,0.0108088056,0.0197530192,206.5696862002,1044.4560426333,3.0
28197,0.0,-772.654541,1037.445679,-151.923325,0.1359984558,-0.9906041729,0.0144150128,0.0176292483,194.9823366075,1043.0038992046,3.0
28198,0.0,-772.396423,1035.380981,-152.429443,0.141141717,-0.989857707,0.0161473114,0.0166046298,189.089125461,1041.9510260496,3.0
28199,0.0,-771.638367,1030.426636,-152.82692,0.1649111021,-0.9860796983,0.0212404558,0.0123285614,162.7159413988,1039.4452124654,3.0
28200,0.0,-771.382446,1028.834106,-152.775558,0.1904627406,-0.9813807076,0.0248163482,0.0085029578,135.1999232117,1038.966631913,3.0
28201,0.0,-770.442932,1024.851196,-153.054504,0.3123035708,-0.9492463739,0.0373871803,4.5336e-06,3.1241628977,1037.5249412669,3.0
28202,0.0,-769.358276,1020.213867,-153.108017,0.4454934405,-0.8939363586,0.0491261769,0.010263998,147.9460577778,1035.2551249471,3.0
28203,0.0,-768.782654,1017.731506,-153.070099,0.5186461967,-0.8532348041,0.0547402191,0.0258336963,233.4799366396,1033.866408009,3.0
28238,0.0,-697.960266,1011.85376,-152.277542,0.7883570793,0.6151282618,-0.0105041407,,,,
28239,0.0,-693.7854,1013.124878,-152.286285,0.7584741538,0.6515768625,-0.0128277135,,,,
28240,0.0,-689.881897,1013.295959,-152.298737,0.7134262514,0.7005473976,-0.0160102335,,,,
28241,0.0,-689.820435,1013.356323,-152.298737,0.7134262514,0.7005473976,-0.0160102335,,,,
28242,0.0,-689.639404,1013.864746,-152.298737,0.7134908412,0.700481611,-0.0160103731,,,,
28243,0.0,-688.276733,1018.690186,-152.298737,0.7141712196,0.6997879229,-0.0160103731,,,,
28244,0.0,-687.594482,1020.680786,-152.298721,0.7134210877,0.700497938,-0.0182480276,,,,
28245,0.0,-686.580383,1024.985718,-152.298599,0.6951988371,0.7181250213,-0.0315441059,,,,
28246,0.0,-686.29425,1026.903931,-152.29837,0.6758479559,0.7360854586,-0.0375198369,,,,
28247,0.0,-685.639648,1031.210205,-152.299393,0.5996156424,0.7992637125,-0.0404796156,,,,
28248,0.0,-685.319397,1033.591553,-152.299255,0.5571272731,0.8295071898,-0.0390771503,,,,
28249,0.0,-684.58905,1038.860107,-152.299026,0.438417316,0.8983573488,-0.0272824286,,,,
28250,0.0,-684.233032,1041.005249,-152.299301,0.3978366486,0.9172236015,-0.0206607323,,,,
28251,0.0,-683.698425,1044.074097,-152.299438,0.3443196863,0.9388009396,-0.0098361331,,,,
28252,0.0,-682.832153,1048.604248,-152.299408,0.2856907166,0.9583132878,0.00405671,,,,
28253,0.0,-682.383484,1050.737549,-152.299255,0.2695205594,0.9629623449,0.0078860838,,,,
28254,0.0,-680.825378,1057.640381,-152.298737,0.2445378861,0.9695428157,0.0137095158,,,,
28255,0.0,-680.256073,1059.993225,-152.298737,0.2445378861,0.9695428157,0.0137095158,,,,
28256,0.0,-679.415588,1063.461914,-152.298737,0.2445378861,0.9695428157,0.0137095158,,,,
28257,0.0,-678.722534,1066.3081055,-152.298737,0.2445378861,0.9695428157,0.0137095158,,,,
28258,0.0,-677.643616,1070.736328,-152.298737,0.2445378861,0.9695428157,0.0137095158,,,,
28259,0.0,-676.548462,1075.203247,-152.298737,0.2445378861,0.9695428157,0.0137095158,,,,
28260,0.0,-675.98584,1077.499512,-152.298737,0.2445378861,0.9695428157,0.0137095158,,,,
28261,0.0,-675.065247,1081.237915,-152.298737,0.2445378861,0.9695428157,0.0137095158,,,,
28262,0.0,-674.553833,1083.3114625,-152.298737,0.2445378861,0.9695428157,0.0137095158,,,,
28263,0.0,-673.461975,1087.735229,-152.298737,0.2445378861,0.9695428157,0.0137095158,,,,
28264,0.0,-672.363159,1092.175781,-152.298737,0.2445378861,0.9695428157,0.0137095158,,,,
28265,0.0,-671.8890075,1094.088562,-152.298737,0.2445378861,0.9695428157,0.0137095158,,,,
28266,0.0,-670.933838,1097.939209,-152.298737,0.2445378861,0.9695428157,0.0137095158,,,,
28267,0.0,-669.853516,1102.243652,-152.298737,0.2462618456,0.9691185165,0.0128220242,,,,
28268,0.0,-669.28656,1104.494507,-152.298737,0.2472598077,0.9688678216,0.0125591289,,,,
28269,0.0,-668.226379,1108.724121,-152.298737,0.2478890223,0.9687170109,0.0117637365,,,,
28270,0.0,-667.293457,1112.44873,-152.298737,0.2478899237,0.9687210261,0.0114087429,,,,
28271,0.0,-666.741394,1114.650513,-152.298737,0.2478899237,0.9687210261,0.0114087429,,,,
28272,0.0,-666.1655885,1116.944458,-152.298737,0.2478899237,0.9687210261,0.0114087429,,,,
28273,0.0,-665.085266,1121.243164,-152.298737,0.2478899237,0.9687210261,0.0114087429,,,,
28274,0.0,-664.208923,1124.725708,-152.298737,0.2478899237,0.9687210261,0.0114087429,,,,
28275,0.0,-663.335632,1128.18689,-152.298737,0.2478899237,0.9687210261,0.0114087429,,,,
28276,0.0,-662.776489,1130.401001,-152.298737,0.2478899237,0.9687210261,0.0114087429,,,,
28277,0.0,-661.506653,1135.429199,-152.464447,0.2478899237,0.9687210261,0.0114087429,,,,
28278,0.0,-660.482239,1139.47644,-153.208282,0.2478899237,0.9687210261,0.0114087429,,,,
28279,0.0,-659.727783,1142.456177,-153.382111,0.2478899237,0.9687210261,0.0114087429,,,,
28280,0.0,-658.724976,1146.412354,-153.298737,0.2478899237,0.9687210261,0.0114087429,,,,
28281,0.0,-658.252991,1148.273315,-153.298737,0.2478899237,0.9687210261,0.0114087429,,,,
28282,0.0,-657.189148,1152.464355,-153.298737,0.2478899237,0.9687210261,0.0114087429,,,,
28283,0.0,-656.116638,1156.68689,-153.298737,0.2478899237,0.9687210261,0.0114087429,,,,
28284,0.0,-655.692627,1158.355347,-153.298737,0.2478899237,0.9687210261,0.0114087429,,,,
28285,0.0,-654.600098,1162.652222,-153.298737,0.2478899237,0.9687210261,0.0114087429,,,,
28286,0.0,-653.2229,1168.065552,-153.298737,0.2478899237,0.9687210261,0.0114087429,,,,
28287,0.0,-652.707733,1170.0889895,-153.293747,0.2478899237,0.9687210261,0.0114087429,,,,
28288,0.0,-652.192566,1172.112427,-153.288757,0.2478899237,0.9687210261,0.0114087429,,,,
28289,0.0,-651.104675,1176.383667,-153.254913,0.2478899237,0.9687210261,0.0114087429,,,,
28290,0.0,-649.800232,1181.502441,-153.180817,0.2478899237,0.9687210261,0.0114087429,,,,
28291,0.0,-648.761108,1185.578369,-153.151642,0.2478899237,0.9687210261,0.0114087429,,,,
28292,0.0,-648.2822875,1187.4558715,-153.1536715,0.2478899237,0.9687210261,0.0114087429,,,,
28293,0.0,-647.31311,1191.255615,-153.151642,0.2478899237,0.9687210261,0.0114087429,,,,
28294,0.0,-646.7498165,1193.463501,-153.130173,0.2478899237,0.9687210261,0.0114087429,,,,
28295,0.0,-646.186523,1195.671387,-153.108704,0.2478899237,0.9687210261,0.0114087429,,,,
28296,0.0,-645.678223,1197.663208,-153.087402,0.2478899237,0.9687210261,0.0114087429,,,,
28297,0.0,-644.114136,1203.791626,-153.034637,0.2478899237,0.9687210261,0.0114087429,,,,
28298,0.0,-643.42099,1206.5062255,-153.029846,0.2478899237,0.9687210261,0.0114087429,,,,
28299,0.0,-642.727844,1209.220825,-153.025055,0.2478899237,0.9687210261,0.0114087429,,,,
28300,0.0,-641.445251,1214.242798,-153.018127,0.2478899237,0.9687210261,0.0114087429,,,,
28301,0.0,-640.8525085,1216.5634155,-153.0079955,0.2478899237,0.9687210261,0.0114087429,,,,
28302,0.0,-640.259766,1218.884033,-152.997864,0.2478899237,0.9687210261,0.0114087429,,,,
28303,0.0,-638.866394,1224.338257,-152.985657,0.2478899237,0.9687210261,0.0114087429,,,,
28304,0.0,-638.18103,1227.020752,-152.979095,0.2478899237,0.9687210261,0.0114087429,,,,
28305,0.0,-637.272278,1230.576904,-152.970947,0.2478899237,0.9687210261,0.0114087429,,,,
28306,0.0,-636.657654,1232.9816285,-152.9626005,0.2478899237,0.9687210261,0.0114087429,,,,
28307,0.0,-635.51825,1237.439819,-152.940704,0.2478899237,0.9687210261,0.0114087429,,,,
28308,0.0,-634.882111,1239.9285275,-152.9291075,0.2478899237,0.9687210261,0.0114087429,,,,
28309,0.0,-633.886292,1243.823975,-152.910645,0.2478899237,0.9687210261,0.0114087429,,,,
28310,0.0,-633.2375795,1246.3619385,-152.8982395,0.2478899237,0.9687210261,0.0114087429,,,,
28311,0.0,-631.988281,1251.248901,-152.874329,0.2478899237,0.9687210261,0.0114087429,,,,
28312,0.0,-631.371277,1253.662476,-152.862579,0.2478899237,0.9687210261,0.0114087429,,,,
28313,0.0,-630.838013,1255.747681,-152.852356,0.2478899237,0.9687210261,0.0114087429,,,,
28314,0.0,-629.44519,1261.195312,-152.825745,0.2478899237,0.9687210261,0.0114087429,,,,
28315,0.0,-629.043762,1262.765625,-152.818054,0.2478899237,0.9687210261,0.0114087429,,,,
28316,0.0,-627.803345,1267.615601,-152.794373,0.2478899237,0.9687210261,0.0114087429,,,,
28317,0.0,-627.315735,1269.522705,-152.785034,0.2478899237,0.9687210261,0.0114087429,,,,
28318,0.0,-626.147095,1274.09314,-152.777527,0.2478899237,0.9687210261,0.0114087429,,,,
28319,0.0,-625.072571,1278.294312,-152.793762,0.247886666,0.9687078029,0.012545656,,,,
28320,0.0,-624.667603,1279.877808,-152.799866,0.2478865057,0.9687076693,0.0125591289,,,,
28321,0.0,-624.037231,1282.34314,-152.809448,0.2478865057,0.9687076693,0.0125591289,,,,
28322,0.0,-622.844727,1287.005615,-152.827423,0.2478865057,0.9687076693,0.0125591289,,,,
28323,0.0,-622.145264,1289.740479,-152.83786,0.2478865057,0.9687076693,0.0125591289,,,,
28324,0.0,-621.09436,1293.849854,-152.852844,0.2478865057,0.9687076693,0.0125591289,,,,
28325,0.0,-620.561096,1295.934814,-152.860474,0.2478865057,0.9687076693,0.0125591289,,,,
28326,0.0,-619.258789,1301.026367,-152.867584,0.2478865057,0.9687076693,0.0125591289,,,,
28327,0.0,-618.686584,1303.263428,-152.867584,0.2478818792,0.9686879702,0.0140780065,,,,
28328,0.0,-618.057678,1305.73938,-152.867584,0.2474090118,0.9687896442,0.0153429539,,,,
28329,0.0,-616.426575,1312.143433,-152.867584,0.2467563297,0.968930186,0.0168999516,,,,
28330,0.0,-615.814209,1314.5403445,-152.8740845,0.2467458251,0.968889751,0.0190881678,,,,
28331,0.0,-615.201843,1316.937256,-152.880585,0.2467353205,0.968849316,0.021276384,,,,
28332,0.0,-614.06366,1321.385742,-152.907013,0.2469606257,0.9686768134,0.0259938558,,,,
28333,0.0,-613.422882,1323.848999,-152.932495,0.248201707,0.9682813298,0.0286116995,,,,
28334,0.0,-612.344238,1327.884644,-152.982254,0.2533335012,0.9667833879,0.0339413904,,,,
28335,0.0,-611.954498,1329.259705,-152.9999315,0.2572603208,0.965656393,0.0361038982,,,,
28336,0.0,-610.53241,1334.194946,-153.062683,0.2737948723,0.9608025325,0.0435300068,,,,
28337,0.0,-609.7687685,1336.4680175,-153.0844955,0.291021852,0.9553718942,0.0472319814,,,,
28338,0.0,-608.258545,1340.987305,-153.127838,0.3238147043,0.944604667,0.0535355994,,,,
28339,0.0,-606.544006,1345.148071,-153.167068,0.3782296302,0.9238065304,0.0593619515,,,,
28340,0.0,-605.703888,1347.019348,-153.1848905,0.4051574192,0.9116852318,0.0616462033,,,,
28341,0.0,-603.941284,1350.838989,-153.237503,0.4604569528,0.8851672054,0.0667713494,,,,
28342,0.0,-603.0148925,1352.8380735,-153.2830735,0.4829429776,0.8724761516,0.0698243533,,,,
28343,0.0,-601.477783,1356.156616,-153.356232,0.517624231,0.8522448814,0.0757879783,,,,
28344,0.0,-599.585999,1360.397461,-153.43924,0.5417281014,0.8365021177,0.0824310094,,,,
28345,0.0,-598.957703,1361.827515,-153.460831,0.5488139169,0.8316552038,0.0845748581,,,,
28346,0.0,-597.777283,1364.3354495,-153.345627,0.5582235673,0.8249281905,0.0879474876,,,,
28347,0.0,-595.77356,1368.670776,-153.153412,0.5705455471,0.8160745433,0.0921960868,,,,
28348,0.0,-594.7483525,1370.79895,-153.099335,0.572486547,0.8146068946,0.0931021922,,,,
28349,0.0,-592.980652,1374.436035,-153.03775,0.5756682485,0.8121935666,0.094592167,,,,
28350,0.0,-590.573181,1378.908203,-153.042847,0.5878011604,0.8029787542,0.0985642742,,,,
28351,0.0,-589.805664,1380.164917,-153.032974,0.5963684078,0.7964458474,0.1000936277,,,,
28352,0.0,-587.185547,1384.22876,-152.917999,0.6266262574,0.7721982502,0.1051161067,,,,
28353,0.0,-586.320923,1385.496582,-152.868591,0.6376171343,0.7630343732,0.1059383569,,,,
28354,0.0,-583.703369,1389.046143,-152.719543,0.6737783321,0.7310767473,0.1074688272,,,,
28355,0.0,-582.529846,1390.529907,-152.652435,0.6913360537,0.7143968328,0.1081278231,,,,
28356,0.0,-579.637451,1393.745239,-152.484955,0.7400465529,0.6636668795,0.108983359,,,,
28357,0.0,-578.356567,1395.150024,-152.406036,0.7576280941,0.6435233443,0.1089833764,,,,
28358,0.0,-574.827209,1399.534424,-152.176575,0.8096147724,0.5769413023,0.1079937686,0.1133307305,407.5129690882,881.2917464825,6.0
28359,0.0,-573.700378,1400.867798,-152.105896,0.8260635266,0.5531633238,0.1078396364,0.1012663258,385.8651341806,879.9763204672,6.0
28360,0.0,-571.621277,1403.213989,-151.993927,0.8507494807,0.51438889,0.1078396538,0.0836289108,351.3174846427,877.5699411398,6.0
28361,0.0,-568.43103,1406.53479,-152.094421,0.8762581262,0.4696193235,0.1078396364,0.0661663454,312.6098102927,873.9256211474,6.0
28362,0.0,-567.032532,1407.876587,-152.208252,0.8845271112,0.4539204218,0.1075548243,0.0606831599,299.2595260065,872.3474700506,6.0
28363,0.0,-563.469727,1411.168579,-152.449158,0.8965060158,0.4299685347,0.1067896193,0.0532169556,279.4983366635,868.3512566858,6.0
28364,0.0,-562.331543,1412.200806,-152.526611,0.9002115587,0.4222647314,0.1063562231,0.0509205578,273.1619540577,867.0793914598,6.0
28365,0.0,-558.151062,1415.582642,-152.805847,0.9122909218,0.3959886889,0.1044903457,0.0434416145,251.4436543543,862.4646329651,6.0
28366,0.0,-556.573364,1416.858887,-152.908417,0.9144652748,0.3910841613,0.1039540281,0.0422549616,247.5601641293,860.7238561662,6.0
28367,0.0,-554.442261,1418.377197,-153.033539,0.9175854433,0.3839953345,0.1028811808,0.0404545932,241.6865156791,858.402227338,6.0
28368,0.0,-550.297485,1421.254272,-153.2612,0.919206981,0.3803028215,0.1021189995,0.0399954234,239.0808118431,853.9078967941,6.0
28369,0.0,-549.237,1421.941772,-153.310394,0.9199856499,0.3784152619,0.1021190169,0.039629581,237.6886399059,852.7654859966,6.0
28370,0.0,-545.225525,1424.503418,-153.433075,0.9225771052,0.3720526682,0.1021190342,0.0384780932,233.0940508565,848.4530922302,6.0
28371,0.0,-542.594666,1426.160278,-153.497131,0.9248182303,0.3664463772,0.1021190169,0.0373533196,228.9635682026,845.6306597635,6.0
28372,0.0,-539.416626,1427.964233,-153.523224,0.9281035521,0.358278862,0.1012919231,0.0355197949,222.4845073906,842.249420949,6.0
28373,0.0,-536.740173,1429.45874,-153.552338,0.9289699861,0.3561164414,0.1009744779,0.0352529315,220.9140444699,839.406607249,6.0
28374,0.0,-531.353638,1432.319214,-153.602936,0.9295146604,0.3546923425,0.1009744432,0.0355098083,220.1978773225,833.7081207645,6.0
28375,0.0,-529.3302615,1433.3344115,-153.6222995,0.9307606376,0.351392019,0.1009744519,0.0348905191,217.7415538998,831.5765610562,6.0
28376,0.0,-525.793823,1435.064575,-153.655609,0.9334552162,0.3441881908,0.1009744953,0.0334673,212.3829303403,827.8634026959,6.0
28377,0.0,-523.6071775,1436.1051635,-153.6736295,0.934882916,0.3402655718,0.1009744953,0.0327633161,209.5881562206,825.5772312987,6.0
28378,0.0,-521.420532,1437.145752,-153.69165,0.9363106158,0.3363429529,0.1009744953,0.0320593323,206.7933821009,823.2910599016,6.0
28379,0.0,-517.347473,1438.977661,-153.720215,0.9402296361,0.3252266635,0.1009744953,0.0300549976,199.2358891366,818.8081794703,6.0
28380,0.0,-514.697998,1440.123352,-153.73259,0.9427779736,0.3176635818,0.1009744866,0.0288225976,194.392857954,815.6765782625,6.0
28381,0.0,-512.048523,1441.269043,-153.744965,0.9453263112,0.3101005,0.1009744779,0.0275901976,189.5498267714,812.5449770547,6.0
28382,0.0,-507.874207,1442.957764,-153.719391,0.9521590328,0.288521541,0.1007397474,0.0235533964,174.3024045442,807.8562042777,6.0
28383,0.0,-509.146149,1447.831909,-154.481201,0.9568397479,0.2727701843,0.1002702521,0.0215791309,167.0384922012,808.4259474268,6.0
28384,0.0,-500.578461,1445.764404,-153.657532,0.9636187929,0.2483772539,0.0987297407,0.0169509185,146.6337870492,799.7802986032,6.0
28385,0.0,-498.479126,1446.500488,-153.635437,0.9662686596,0.2383355439,0.0975758475,0.0155228634,139.8090011507,796.5740700258,6.0
28386,0.0,-496.153839,1447.2981565,-153.6046295,0.9683519422,0.2299038818,0.0967606514,0.0144765878,134.4377561616,793.3702867258,6.0
28387,0.0,-491.61853,1448.797485,-153.527771,0.9717502085,0.2158015842,0.0955573577,0.0127939399,125.5826207481,787.6004155726,6.0
28388,0.0,-489.184204,1449.550354,-153.4758605,0.9740566772,0.2051703287,0.094867839,0.011648421,119.3467001115,785.0442040974,6.0
28389,0.0,-484.221222,1451.002197,-153.366364,0.9808104529,0.1710094544,0.0936302412,0.008480213,101.3533607011,779.9063566302,6.0
28390,0.0,-481.395386,1451.794312,-153.300995,0.9840656007,0.1514120564,0.093216322,0.0072316668,93.2780797521,777.0196210149,6.0
28391,0.0,-478.935822,1452.474976,-153.244263,0.9864073087,0.1354055941,0.0930910657,0.0065111484,88.2392362117,774.50822857,6.0
28392,0.0,-476.027695,1453.17334,-153.177521,0.9880400008,0.1217979454,0.0935636693,0.0062461107,86.0638470059,771.3308736556,6.0
28393,0.0,-470.834198,1454.401123,-153.057281,0.9902297477,0.1026287985,0.0944053838,0.0059846043,83.6402461381,765.6553594922,6.0
28394,0.0,-467.258118,1455.140015,-152.970337,0.9908532531,0.0958659281,0.0949713355,0.0060428177,83.6171781231,761.7594462159,6.0
28395,0.0,-464.786926,1455.651733,-152.910797,0.9915865852,0.0882654036,0.0946850709,0.0060454644,83.3396993592,759.0658810438,6.0
28396,0.0,-458.393585,1456.801514,-152.777527,0.9946815644,0.0505994847,0.0897121932,0.0064644593,85.3817704735,752.1198702109,6.0
28397,0.0,-455.927185,1457.237915,-152.727203,0.9958092069,0.0331331697,0.0852421051,0.0069117246,87.9660883121,749.4778464717,6.0
28398,0.0,-454.500183,1457.4351805,-152.6994015,0.9963044616,0.0223156489,0.0821751882,0.0073841731,90.6697185378,747.9157986002,6.0
28399,0.0,-448.592224,1458.231812,-152.578461,0.9970220392,0.0056397749,0.0769106385,0.008144723,94.4459001998,741.5083745214,6.0
28400,0.0,-445.790741,1458.550293,-152.518494,0.9970220392,0.0056397749,0.0769106385,0.0081489189,94.0802578139,738.4482542841,6.0
28401,0.0,-439.95694,1459.182495,-152.390106,0.9970220392,0.0056397749,0.0769106385,0.0082417124,93.9989836257,733.6621493412,6.0
28402,0.0,-437.1427,1459.46167,-152.327332,0.9970220392,0.0056397749,0.0769106385,0.0082885787,93.9634876249,731.3173689812,6.0
28403,0.0,-431.832336,1459.887817,-152.20459,0.9970220392,0.0056397749,0.0769106385,0.0083974509,93.98773966,726.7685620008,6.0
28404,0.0,-428.688629,1460.131348,-152.131134,0.9970220392,0.0056397749,0.0769106385,0.0084654617,94.0043477092,723.9835421382,6.0
28405,0.0,-426.639771,1460.233887,-152.081512,0.9970220392,0.0056397749,0.0769106385,0.0085241459,94.0977598567,722.2147005415,6.0
28406,0.0,-420.203613,1460.681519,-151.919769,0.9970220392,0.0056397749,0.0769106385,0.0086428707,93.9629435563,716.2308590492,6.0
28407,0.0,-417.313446,1460.929443,-151.003632,0.9970220392,0.0056397749,0.0769106385,0.0087872473,94.391794607,713.5903795445,6.0
28408,0.0,-414.508972,1461.146118,-149.372772,0.9970220392,0.0056397749,0.0769106385,0.0090304742,95.3561216911,711.1496414059,6.0
28409,0.0,-409.462677,1461.511597,-146.782684,0.9970220392,0.0056397749,0.0769106385,0.0094234145,96.8039160367,706.8045461272,6.0
28410,0.0,-407.477539,1461.647583,-145.775726,0.9970220392,0.0056397749,0.0769106385,0.0095794679,97.366384822,705.1247054465,6.0
28411,0.0,-401.319946,1462.029053,-144.269073,0.9970220392,0.0056397749,0.0769106385,0.0098364865,97.9492539073,700.0624005213,6.0
28412,0.0,-398.2005,1462.205811,-144.296692,0.9970220392,0.0056397749,0.0769106385,0.0098515486,97.6693748001,697.5308473838,6.0
28413,0.0,-393.72937,1462.367065,-144.298737,0.9974597275,-0.0018025427,0.0712098509,0.0100151032,97.9635290671,693.923853631,6.0
28414,0.0,-388.005463,1462.452271,-144.298752,0.997884839,-0.0191831219,0.0621116401,0.0110686984,102.2946158512,689.4370316785,6.0
28415,0.0,-384.9167785,1462.4729005,-144.2987445,0.9977679452,-0.0289805835,0.0592898553,0.0120536037,106.2205507903,686.8806599851,6.0
28416,0.0,-381.828094,1462.49353,-144.298737,0.9976510513,-0.0387780451,0.0564680705,0.013038509,110.1464857295,684.3242882917,6.0
28417,0.0,-379.587891,1462.53479,-144.298737,0.9975968982,-0.0412322911,0.0556805797,0.0132347329,110.5743349817,681.904357445,6.0
28418,0.0,-373.086426,1462.678955,-144.298737,0.9976285485,-0.0412470991,0.0550995106,0.0131937557,109.726296452,677.7175683922,6.0
28419,0.0,-369.919617,1462.7210085,-144.298737,0.9976285485,-0.0412470991,0.0550995106,0.0131823101,109.1877585354,674.6808411318,6.0
28420,0.0,-366.752808,1462.763062,-144.298737,0.9976285485,-0.0412470991,0.0550995106,0.0131708646,108.6492206188,671.6441138713,6.0
28421,0.0,-360.849823,1462.805664,-144.298737,0.9976912253,-0.0412496905,0.053950736,0.0131468921,107.3472574267,664.1964107489,6.0
28422,0.0,-357.8598785,1462.807251,-144.298737,0.9976912253,-0.0412496905,0.053950736,0.0132255346,107.1215354029,660.8521733704,6.0
28423,0.0,-352.724854,1462.803467,-144.298737,0.9976912253,-0.0412496905,0.053950736,0.0133305909,106.6636801065,655.4341441764,6.0
28424,0.0,-349.8162845,1462.7854615,-144.298737,0.9976912253,-0.0412496905,0.053950736,0.0133391149,106.2512053233,652.6932008365,6.0
28425,0.0,-345.108643,1462.750244,-144.298737,0.9976912253,-0.0412496905,0.053950736,0.0132759138,105.3142588893,648.4644694465,6.0
28426,0.0,-342.196777,1462.716919,-144.298737,0.9976912253,-0.0412496905,0.053950736,0.0132268377,104.6981979119,645.8580132352,6.0
28427,0.0,-338.869354,1462.6730345,-144.298737,0.9976912253,-0.0412496905,0.053950736,0.0130688194,103.6152960109,642.9996371837,6.0
28428,0.0,-334.111969,1462.605957,-144.298737,0.9976912253,-0.0412496905,0.053950736,0.0127601469,101.7559555884,639.0088249268,6.0
28429,0.0,-330.509369,1462.540405,-144.298737,0.9976912253,-0.0412496905,0.053950736,0.0126668796,100.8430172876,635.5879798127,6.0
28430,0.0,-326.234314,1462.462158,-144.298737,0.9976912253,-0.0412496905,0.053950736,0.0124836249,99.4800811147,631.5538956887,6.0
28431,0.0,-321.15686,1462.350098,-144.298737,0.9976912253,-0.0412496905,0.053950736,0.0121186939,97.2832265643,626.779571824,6.0
28432,0.0,-318.998322,1462.299561,-144.298737,0.9976912253,-0.0412496905,0.053950736,0.011993568,96.4495708189,624.6218986445,6.0
28433,0.0,-313.828125,1462.1698,-144.298737,0.9977140903,-0.041250601,0.0535255258,0.0116066587,94.0830111769,619.3076608757,6.0
28434,0.0,-311.020386,1462.095215,-144.298737,0.9977336701,-0.0412514105,0.0531586745,0.0114713847,93.0836384932,616.3104152027,6.0
28435,0.0,-304.919952,1461.928467,-144.298737,0.9977525816,-0.0412522273,0.05280189,0.0111642561,90.8233667982,609.5133801409,6.0
28436,0.0,-302.166321,1461.848633,-144.298737,0.9977525816,-0.0412522273,0.05280189,0.0110287549,89.8002818624,606.3176410502,6.0
28437,0.0,-299.146423,1461.759399,-144.298737,0.9977525816,-0.0412522273,0.05280189,0.010924911,88.8653702113,602.834378041,6.0
28438,0.0,-293.312683,1461.57959,-144.298737,0.9977525816,-0.0412522273,0.05280189,0.0106338881,86.6345512095,595.6453130398,6.0
28439,0.0,-290.338715,1461.485352,-144.298737,0.9977525816,-0.0412522273,0.05280189,0.0104781705,85.4570596541,591.8761795378,6.0
28440,0.0,-287.448669,1461.392212,-144.298737,0.9977525816,-0.0412522273,0.05280189,0.0103846052,84.5616024725,588.2929482017,6.0
28441,0.0,-281.112091,1461.181763,-144.298737,0.9977525816,-0.0412522273,0.05280189,0.0101670045,82.5272786966,580.2200103787,6.0
28442,0.0,-279.127075,1461.114136,-144.298737,0.9977525816,-0.0412522273,0.05280189,0.0100272872,81.5485855705,577.2994509594,6.0
28443,0.0,-276.095184,1461.009644,-144.298737,0.9977525816,-0.0412522273,0.05280189,0.0098839747,80.38854646,573.1775399456,6.0
28444,0.0,-269.685272,1460.786133,-144.298737,0.9977525816,-0.0412522273,0.05280189,0.0097162035,78.538269392,564.7750762928,6.0
28445,0.0,-267.608612,1460.71228,-144.298737,0.9977525816,-0.0412522273,0.05280189,,,,
28446,0.0,-264.169983,1460.588867,-144.298737,0.9977525816,-0.0412522273,0.05280189,,,,
28447,0.0,-258.634735,1460.387451,-144.298737,0.9977525816,-0.0412522273,0.05280189,,,,
28448,0.0,-256.551453,1460.310547,-144.298737,0.9977525816,-0.0412522273,0.05280189,,,,
28449,0.0,-253.028488,1460.179688,-144.298737,0.9977525816,-0.0412522273,0.05280189,,,,
28450,0.0,-246.632751,1459.940308,-144.298737,0.9977059667,-0.0412502651,0.0536769944,,,,
28451,0.0,-244.23288,1459.849121,-144.298737,0.9976912253,-0.0412496905,0.053950736,,,,
28452,0.0,-238.095703,1459.614746,-144.298737,0.9976912253,-0.0412496905,0.053950736,,,,
28453,0.0,-235.607666,1459.525146,-144.298737,0.9977208151,-0.0405276847,0.053950736,,,,
28454,0.0,-233.067062,1459.453125,-144.298752,0.9977869747,-0.03753512,0.0548841318,,,,
28455,0.0,-227.209198,1459.305786,-144.298737,0.9978972146,-0.0288473129,0.0580429286,,,,
28456,0.0,-224.119675,1459.252075,-144.298752,0.9979342079,-0.0217580991,0.060447513,,,,
28457,0.0,-218.670349,1459.296265,-144.298737,0.9976389447,0.0044732119,0.0685312076,,,,
28458,0.0,-217.286438,1459.330444,-144.298828,0.9973856303,0.013143738,0.0710573473,,,,
28459,0.0,-208.685364,1459.398926,-144.298752,0.995762894,0.0446801007,0.0803737985,,,,
28460,0.0,-205.956772,1459.435791,-144.298737,0.9951733086,0.0522795279,0.0830477985,,,,
28461,0.0,-201.922272,1459.442261,-144.298737,0.9947840312,0.0564830713,0.0849375889,,,,
28462,0.0,-196.976974,1459.466309,-144.298737,0.9945384497,0.0596891288,0.0856182223,,,,
28463,0.0,-194.167282,1459.4934695,-144.298737,0.9943833522,0.0611644103,0.0863592156,,,,
28464,0.0,-188.406174,1459.562378,-144.298737,0.9940346028,0.06467065,0.0878232054,,,,
28465,0.0,-186.3189395,1459.6117555,-144.298737,0.9938852472,0.066220293,0.0883419232,,,,
28466,0.0,-181.572601,1459.722168,-144.298737,0.9936352577,0.0687894043,0.0892019755,,,,
28467,0.0,-176.165466,1459.849731,-144.298737,0.9935398419,0.0697452237,0.0895219877,,,,
28468,0.0,-174.0704115,1459.9111325,-144.298737,0.9935398419,0.0697452237,0.0895219877,,,,
28469,0.0,-169.308838,1460.055908,-144.298737,0.9935398419,0.0697452237,0.0895219877,,,,
28470,0.0,-166.4635775,1460.1522825,-144.298737,0.9935398419,0.0697452237,0.0895219877,,,,
28471,0.0,-161.621994,1460.32312,-144.298737,0.9935398419,0.0697452237,0.0895219877,,,,
28472,0.0,-158.503937,1460.445068,-144.298737,0.9935398419,0.0697452237,0.0895219877,,,,
28473,0.0,-153.099472,1460.672485,-144.298737,0.9935398419,0.0697452237,0.0895219877,,,,
28474,0.0,-151.256149,1460.754761,-144.298737,0.9935300379,0.069884745,0.0895219877,,,,
28475,0.0,-145.550156,1461.027222,-144.298737,0.9934736562,0.0706817379,0.0895219877,,,,
28476,0.0,-142.574112,1461.173218,-144.298737,0.9933959395,0.0714266558,0.0897927628,,,,
28477,0.0,-138.040756,1461.473022,-144.298752,0.9926011483,0.0789777184,0.0922251617,,,,
28478,0.0,-135.499161,1461.653809,-144.298767,0.9920643643,0.0839845324,0.0935675983,,,,
28479,0.0,-129.634888,1462.102661,-144.298782,0.9904356825,0.0979404734,0.0971844764,,,,
28480,0.0,-127.183098,1462.319702,-144.298782,0.9895305187,0.105040974,0.0989734632,,,,
28481,0.0,-121.468254,1462.811768,-144.298752,0.9876438335,0.118489905,0.1025660793,,,,
28482,0.0,-117.537659,1463.183716,-144.298752,0.9863354674,0.1275349769,0.1042936977,,,,
28483,0.0,-114.391266,1463.473267,-144.298737,0.9855694605,0.1326939283,0.1050959556,,,,
28484,0.0,-109.036758,1463.985107,-144.298737,0.9842628421,0.1409181125,0.1066243085,,,,
28485,0.0,-106.437706,1464.249023,-144.298737,0.9836309043,0.1446979569,0.1073906204,,,,
28486,0.0,-103.259026,1464.584351,-144.298752,0.9828448432,0.149150924,0.108489705,,,,
28487,0.0,-100.415161,1464.887695,-144.298752,0.98235313,0.1518041721,0.1092603369,,,,
28488,0.0,-94.790421,1465.495728,-144.298737,0.9813991705,0.1568769405,0.1106584551,,,,
28489,0.0,-92.305428,1465.790283,-144.298737,0.9809423998,0.1592825186,0.1112703352,,,,
28490,0.0,-88.669769,1466.199219,-144.298737,0.9809423998,0.1592825186,0.1112703352,,,,
28491,0.0,-84.075241,1466.719482,-144.298737,0.9809423998,0.1592825186,0.1112703352,,,,
28492,0.0,-80.681023,1467.12915,-144.298737,0.9809423998,0.1592825186,0.1112703352,,,,
28493,0.0,-76.00898,1467.70459,-144.298737,0.9809423998,0.1592825186,0.1112703352,,,,
28494,0.0,-72.224457,1468.18335,-144.298737,0.9809423998,0.1592825186,0.1112703352,,,,
28495,0.0,-66.822662,1468.886719,-144.298737,0.9809423998,0.1592825186,0.1112703352,,,,
28496,0.0,-63.888161,1469.275879,-144.298737,0.9809423998,0.1592825186,0.1112703352,,,,
28497,0.0,-57.416653,1470.153809,-144.298737,0.9809423998,0.1592825186,0.1112703352,,,,
28498,0.0,-54.443993,1470.5685425,-144.298737,0.9809423998,0.1592825186,0.1112703352,,,,
28499,0.0,-51.471333,1470.983276,-144.298737,0.9809423998,0.1592825186,0.1112703352,,,,
28500,0.0,-48.319996,1471.428589,-144.298737,0.9809423998,0.1592825186,0.1112703352,,,,
28501,0.0,-42.393162,1472.276245,-144.298737,0.9809423998,0.1592825186,0.1112703352,,,,
28502,0.0,-38.7872695,1472.802185,-144.298737,0.9809423998,0.1592825186,0.1112703352,,,,
28503,0.0,-35.181377,1473.328125,-144.298737,0.9809423998,0.1592825186,0.1112703352,,,,
28504,0.0,-32.325386,1473.748901,-144.298737,0.9809423998,0.1592825186,0.1112703352,,,,
28505,0.0,-26.641397,1474.597656,-144.298737,0.9809423998,0.1592825186,0.1112703352,,,,
28506,0.0,-23.278997,1475.1034545,-144.298737,0.9809423998,0.1592825186,0.1112703352,,,,
28507,0.0,-19.916597,1475.609253,-144.298737,0.9809423998,0.1592825186,0.1112703352,,,,
28508,0.0,-14.5412,1476.427002,-144.298737,0.9808153907,0.1592618952,0.1124136031,,,,
28509,0.0,-11.605159,1476.877075,-144.298737,0.9808153907,0.1592618952,0.1124136031,,,,
28510,0.0,-5.30071,1477.846313,-144.298737,0.9808153907,0.1592618952,0.1124136031,,,,
28511,0.0,-3.642206,1478.102905,-144.298737,0.9808153907,0.1592618952,0.1124136031,,,,
28512,0.0,0.687417,1478.775391,-144.298737,0.9808153907,0.1592618952,0.1124136031,,,,
28513,0.0,3.814808,1479.2626345,-144.298737,0.9808153907,0.1592618952,0.1124136031,,,,
28514,0.0,6.942199,1479.749878,-144.298737,0.9808153907,0.1592618952,0.1124136031,,,,
28515,0.0,13.433808,1480.767944,-144.298737,0.9808153907,0.1592618952,0.1124136031,,,,
28516,0.0,17.238119,1481.365845,-144.298737,0.9808153907,0.1592618952,0.1124136031,,,,
28517,0.0,19.7964335,1481.7698975,-144.298737,0.9808153907,0.1592618952,0.1124136031,,,,
28518,0.0,24.386408,1482.495361,-144.298737,0.9808153907,0.1592618952,0.1124136031,,,,
28519,0.0,27.787491,1483.034668,-144.298737,0.9808153907,0.1592618952,0.1124136031,,,,
28520,0.0,31.402105,1483.607788,-144.298737,0.9808153907,0.1592618952,0.1124136031,,,,
28521,0.0,35.541225,1484.266235,-144.298737,0.9808153907,0.1592618952,0.1124136031,,,,
28522,0.0,38.6227415,1484.757507,-144.298737,0.9808153907,0.1592618952,0.1124136031,,,,
28523,0.0,41.704258,1485.248779,-144.298737,0.9808153907,0.1592618952,0.1124136031,,,,
28524,0.0,48.977043,1486.410889,-144.298737,0.9806999201,0.1592431454,0.1134428818,,,,
28525,0.0,52.453762,1486.967407,-144.298737,0.9806870833,0.159241061,0.1135567223,,,,
28526,0.0,55.234615,1487.412964,-144.298737,0.9806870833,0.159241061,0.1135567223,,,,
28527,0.0,61.193264,1488.369019,-144.298737,0.9805628199,0.1592208835,0.1146528087,,,,
28528,0.0,63.361465,1488.707275,-144.298737,0.9806971735,0.1580793037,0.1150825253,,,,
28529,0.0,67.211388,1489.312622,-144.298737,0.9808802321,0.1565658076,0.1155903033,,,,
28530,0.0,70.750534,1489.856689,-144.298721,0.9812059058,0.1538177966,0.1165120419,,,,
28531,0.0,76.638268,1490.55542,-144.298737,0.9844312154,0.1270723733,0.1214404963,,,,
28532,0.0,78.594955,1490.773804,-145.026291,0.9869601637,0.104691008,0.1222678537,,,,
28533,0.0,82.439026,1491.464233,-147.532715,0.9896952281,0.0727731494,0.1233183851,,,,
28534,0.0,87.91951,1492.428833,-150.521606,0.9923020702,0.0008904188,0.1238378319,,,,
28535,0.0,89.843498,1492.791382,-151.225861,0.9917005634,-0.0345569671,0.1238378319,,,,
28536,0.0,92.663857,1493.530151,-152.033966,0.9897232675,-0.0714985372,0.1238378492,,,,
28537,0.0,96.169243,1494.414429,-153.011276,0.9848841989,-0.1223559652,0.1226055977,,,,
28538,0.0,102.201508,1496.09729,-153.525848,0.9670903374,-0.2266187482,0.1156729104,,,,
28539,0.0,105.128441,1497.1447145,-153.8341215,0.9525985397,-0.2776048484,0.1125715654,,,,
28540,0.0,108.055374,1498.192139,-154.142395,0.938106742,-0.3285909487,0.1094702203,,,,
28541,0.0,112.978645,1500.245117,-154.486176,0.9169864536,-0.3845325189,0.1061630157,,,,
28542,0.0,115.7826345,1501.401306,-154.6934815,0.9089593894,-0.4029727886,0.104879142,,,,
28543,0.0,118.586624,1502.557495,-154.900787,0.9009323252,-0.4214130584,0.1035952684,,,,
28544,0.0,121.684189,1503.822388,-155.132782,0.8939061734,-0.4361976834,0.1032634207,,,,
28545,0.0,126.335861,1505.633911,-155.488586,0.8799047233,-0.4640467479,0.1021190169,,,,
28546,0.0,128.708786,1506.5177,-155.667572,0.8728735423,-0.4772406993,0.1016518276,,,,
28547,0.0,135.01593,1508.880249,-156.136749,0.8608298658,-0.498843263,0.1006346916,,,,
28548,0.0,137.562065,1509.7577515,-156.323898,0.8575110747,-0.5045635279,0.1002322572,,,,
28549,0.0,140.1082,1510.635254,-156.511047,0.8541922836,-0.5102837928,0.0998298227,,,,
28550,0.0,146.422714,1512.728027,-156.883972,0.8493297106,-0.5183368139,0.0998298053,,,,
28552,0.0,152.471466,1514.658813,-157.225281,0.8484007584,-0.5198559061,0.0998298053,,,,
28553,0.0,155.3523865,1515.5343625,-157.3864135,0.8484007584,-0.5198559061,0.0998298053,,,,
28554,0.0,158.233307,1516.409912,-157.547546,0.8484007584,-0.5198559061,0.0998298053,,,,
28555,0.0,159.472672,1516.761841,-157.621002,0.8485875404,-0.5195509598,0.099829788,,,,
28556,0.0,167.461151,1519.080688,-158.117432,0.8493913683,-0.5182357735,0.099829788,,,,
28557,0.0,171.747101,1520.339111,-158.38443,0.8507167936,-0.5160571128,0.0998298227,,,,
28558,0.0,176.405487,1521.818481,-158.692841,0.861106283,-0.4985278155,0.099829788,,,,
28559,0.0,178.442001,1522.508667,-158.823273,0.8656427007,-0.490608525,0.0998298053,,,,
28560,0.0,181.800537,1523.600464,-159.039398,0.8704618152,-0.4820064675,0.0998298227,,,,
28561,0.0,187.365326,1525.423828,-159.398438,0.8783707047,-0.4674386714,0.0998298227,,,,
28698,0.0,642.40509,1436.701416,-162.306717,0.6570002894,0.6896716799,0.3044726485,,,,
28699,0.0,639.841675,1434.010742,-160.298737,0.6570002894,0.6896716799,0.3044726485,,,,
28700,0.0,639.948242,1434.122559,-160.298737,0.6570002894,0.6896716799,0.3044726485,,,,
28701,0.0,640.155212,1434.339722,-160.298737,0.6570002894,0.6896716799,0.3044726485,,,,
28702,0.0,640.46344,1434.66333,-160.298737,0.6570002894,0.6896716799,0.3044726485,,,,
28703,0.0,641.552307,1434.492554,-160.299393,0.6267522112,0.7166649124,0.3058971544,,,,
28704,0.0,643.286316,1434.444946,-160.2995,0.5824587379,0.7522907647,0.3078967749,,,,
28705,0.0,647.782837,1435.479614,-160.298767,0.4995897958,0.8086086544,0.3107443965,,,,
28706,0.0,648.84375,1435.826294,-160.298676,0.4747596275,0.8234248746,0.3107648178,,,,
28707,0.0,652.048401,1436.23938,-160.298706,0.4013043865,0.8619106366,0.3099432914,,,,
28708,0.0,652.91925,1436.292603,-160.29866,0.3828609462,0.8704777014,0.309331646,,,,
28709,0.0,652.004517,1435.702759,-160.298309,0.2770218782,0.9112566247,0.3047461942,,,,
28710,0.0,651.911438,1435.431885,-160.298691,0.232435018,0.9241220122,0.3032696308,,,,
28711,0.0,651.8953245,1435.3371585,-160.2986835,0.1936875818,0.9323031992,0.302865327,,,,
28712,0.0,651.913086,1435.389771,-160.298737,0.1140874309,0.9463671578,0.3022801032,,,,
28713,0.0,651.942505,1435.502075,-160.298798,0.0567519228,0.9510247241,0.3038604835,,,,
28714,0.0,651.953888,1435.5914305,-160.2987825,0.0332741279,0.9512654073,0.3056671856,,,,
28715,0.0,651.969849,1435.729614,-160.298813,-0.003515027,0.9509781171,0.3092382018,,,,
28716,0.0,651.972595,1435.917114,-160.298767,-0.024018445,0.9493568263,0.3132805942,,,,
28717,0.0,651.969177,1436.043274,-160.298767,-0.0285720451,0.948906777,0.3142256131,,,,
28718,0.0,651.961548,1436.275635,-160.298752,-0.0361627354,0.9481769895,0.3156780848,,,,
28719,0.0,651.944458,1436.662354,-160.298737,-0.0405372006,0.9474512,0.3173215388,,,,
28720,0.0,651.932434,1436.963135,-160.298737,-0.039568129,0.94743149,0.3175026535,,,,
28721,0.0,651.9273375,1437.1148685,-160.298737,-0.0385036873,0.9474747526,0.317502637,,,,
28722,0.0,651.923462,1437.315186,-160.298737,-0.0357314771,0.9475839528,0.3175026204,,,,
28723,0.0,651.933777,1437.409607,-160.298737,-0.0321624262,0.9477050762,0.3175026204,,,,
28724,0.0,651.930908,1437.560303,-160.298767,-0.0254157906,0.9481263577,0.3168760759,,,,
28725,0.0,651.745911,1437.730591,-160.298767,-0.015582626,0.9489948899,0.3149061459,,,,
28726,0.0,651.434265,1437.904663,-160.298782,-0.0030877114,0.949986629,0.3122753123,,,,
28727,0.0,650.684753,1438.293213,-160.298859,0.0324718588,0.9502275227,0.3098600225,,,,
28728,0.0,650.270203,1438.450806,-160.298828,0.0472105617,0.9497876852,0.309312974,,,,
28729,0.0,649.176392,1438.887451,-160.298752,0.087970055,0.9473126426,0.3079935496,,,,
28730,0.0,648.331909,1439.23938,-160.298782,0.118519427,0.9441887445,0.3073446929,,,,
28731,0.0,646.781616,1439.689331,-160.298752,0.1526549569,0.9394788395,0.3067180698,,,,
28732,0.0,645.329346,1440.160645,-160.298752,0.1882266277,0.9337187289,0.3045325465,,,,
28733,0.0,644.412415,1440.490845,-160.298843,0.2142492767,0.9287721879,0.3024557329,,,,
28734,0.0,642.626648,1441.151489,-160.298843,0.2656898921,0.9169448281,0.2976929013,,,,
28773,0.0,650.781372,1548.914429,-151.691849,0.9829271394,0.0633203731,0.172756386,,,,
28774,0.0,650.807861,1548.916138,-151.748459,0.9829271394,0.0633203731,0.172756386,,,,
28775,0.0,650.506836,1548.896851,-151.784668,0.9829271394,0.0633203731,0.172756386,,,,
28776,0.0,650.53772,1548.898804,-151.698074,0.9829271394,0.0633203731,0.172756386,,,,
28777,0.0,650.049011,1548.86731,-151.88559,0.9829271394,0.0633203731,0.172756386,,,,
28778,0.0,650.529541,1549.904907,-150.451996,0.9829271394,0.0633203731,0.172756386,,,,
28779,0.0,652.812073,1553.563477,-145.392105,0.9829760723,0.0625561534,0.172756386,,,,
28780,0.0,654.413086,1556.366577,-141.513885,0.9831722798,0.0593928555,0.1727563516,,,,
28781,0.0,656.070435,1558.820801,-138.603073,0.9833257914,0.0567945855,0.1727563688,,,,
28782,0.0,658.008301,1562.223633,-134.31102,0.9836275852,0.0513029508,0.1727564204,,,,
28783,0.0,659.546692,1565.220215,-130.068924,0.9842032594,0.0432664894,0.1716739788,,,,
28784,0.0,660.293213,1566.373535,-128.739914,0.9845095151,0.0398711277,0.1707375409,,,,
28785,0.0,662.22699,1569.365967,-125.091339,0.9859779912,0.0284978423,0.1644240671,,,,
28786,0.0,664.4375,1572.815186,-121.125046,0.9875740331,0.0175352272,0.1561731252,,,,
28787,0.0,665.458313,1574.396973,-119.622505,0.9882975229,0.0139753493,0.1518969911,,,,
28788,0.0,667.374084,1577.46582,-116.643501,0.9903969752,0.0041457891,0.1381906074,,,,
28789,0.0,670.347961,1582.101074,-113.253304,0.992062486,-0.0074019708,0.1255278246,,,,
28790,0.0,671.343933,1583.680969,-112.106186,0.992363278,-0.0104113708,0.1228428751,,,,
28791,0.0,673.608398,1587.258667,-109.537743,0.9927833415,-0.0160261993,0.11884611,,,,
28792,0.0,674.779968,1589.0652465,-108.6234325,0.9927922345,-0.0179098234,0.118486878,,,,
28793,0.0,676.744141,1592.088623,-107.419609,0.9927804363,-0.0208051985,0.1181276806,,,,
28794,0.0,682.2905275,1594.3374025,-108.8881645,0.9927465982,-0.022310907,0.118127672,,,,
28795,0.0,689.164612,1598.563843,-109.975647,0.9926423942,-0.0265881241,0.1181276806,,,,
28796,0.0,690.1581115,1599.9989015,-109.8687895,0.9924436442,-0.0309435216,0.1186542265,,,,
28797,0.0,692.155701,1602.917969,-109.711365,0.9920439992,-0.0388903238,0.1197340655,,,,
28798,0.0,693.444977,1604.7973635,-109.722931,0.9916836838,-0.0452911031,0.1202945274,,,,
29097,0.0,1291.501587,1059.159058,-159.943985,0.0650266522,-0.9945499438,0.0814981215,,,,
29098,0.0,1291.891235,1053.199951,-160.298737,0.0650266522,-0.9945499438,0.0814981215,,,,
29099,0.0,1291.898438,1053.09021,-160.298737,0.0650266522,-0.9945499438,0.0814981215,,,,
29100,0.0,1291.905273,1052.996582,-160.298737,0.0650266522,-0.9945499438,0.0814981215,,,,
29101,0.0,1291.969238,1051.322998,-160.298737,0.0659988041,-0.9944457754,0.0819863263,,,,
29102,0.0,1291.130005,1046.262573,-160.298737,0.0699773899,-0.9940445331,0.0835382015,,,,
29103,0.0,1290.098267,1041.047607,-160.298737,0.0738554699,-0.993653903,0.0848368469,,,,
29104,0.0,1289.9919435,1038.9435425,-160.298737,0.0762387563,-0.9934184289,0.0854480429,,,,
29105,0.0,1289.908203,1034.061279,-160.298737,0.0842216197,-0.9925833414,0.0876642975,,,,
29106,0.0,1290.124146,1029.352295,-160.298737,0.0958878509,-0.9912758591,0.0904305884,,,,
29107,0.0,1290.325317,1025.254883,-160.298737,0.1077112643,-0.989735671,0.0939232938,,,,
29108,0.0,1290.399536,1023.592834,-160.298737,0.1132884613,-0.9890109011,0.0949903257,,,,
29109,0.0,1290.697021,1018.392883,-160.298737,0.1249481597,-0.987403635,0.0970670847,,,,
29110,0.0,1290.966431,1013.891235,-160.298737,0.1333350011,-0.9861634369,0.0985061076,,,,
29111,0.0,1291.21106,1010.095764,-160.298737,0.1410486935,-0.984975049,0.0996464697,,,,
29112,0.0,1291.347046,1008.075134,-160.298737,0.1447529813,-0.9843771006,0.1002411998,0.0364711226,401.0171864366,1498.5449471731,3.0
29113,0.0,1291.764893,1002.262817,-160.298737,0.1546497047,-0.9827958181,0.1009744953,0.0343679268,388.0578708903,1493.0306196822,3.0
29114,0.0,1291.919067,1000.381531,-160.298737,0.1570233156,-0.9824193774,0.1009744779,0.0338824262,384.8922342069,1491.2386653374,3.0
29115,0.0,1292.383667,994.772949,-160.298737,0.1636942429,-0.9812432706,0.1018127628,0.0330676254,378.5878960741,1484.4668580507,3.0
29116,0.0,1292.689575,991.151001,-160.298737,0.1678064326,-0.9805165514,0.1021190169,0.0324837229,374.2528356708,1480.3794039384,3.0
29117,0.0,1292.988037,988.030701,-160.298737,0.1701853272,-0.9801064538,0.1021190169,0.0320893975,371.1192966356,1476.8285248765,3.0
29118,0.0,1293.690674,980.850281,-160.298737,0.1739854848,-0.979356296,0.1029091662,0.0316734574,366.4322461828,1467.5650958662,3.0
29119,0.0,1293.9520875,978.361206,-160.298737,0.1745054725,-0.9792449856,0.1030862934,0.0317660967,365.7561113806,1462.7625486618,3.0
29120,0.0,1294.213501,975.872131,-160.298737,0.1750254603,-0.9791336753,0.1032634207,0.0318587361,365.0799765784,1457.9600014574,3.0
29121,0.0,1294.594727,972.133789,-160.298737,0.1754666488,-0.9790547061,0.103263438,0.0319061401,363.5115948325,1450.6352655981,3.0
29122,0.0,1300.595581,970.750732,-161.654449,0.1760992852,-0.9789411137,0.103263438,0.0309403516,356.2655701621,1443.3836968263,3.0
29123,0.0,1300.93396,968.336731,-161.448593,0.176151824,-0.978931663,0.1032634207,0.0310682209,355.9949282161,1439.3628317896,3.0
29124,0.0,1301.980591,961.212463,-160.379532,0.176151824,-0.978931663,0.1032634207,0.0312645141,354.5592389334,1429.1219193161,3.0
29125,0.0,1302.3493655,958.6453855,-160.0552675,0.176151824,-0.978931663,0.1032634207,0.0314874047,354.5203569488,1424.0062241504,3.0
29126,0.0,1303.078125,953.981689,-159.553619,0.176151824,-0.978931663,0.1032634207,0.0318611857,354.2361920573,1414.6014563713,3.0
29127,0.0,1303.2974855,950.9321895,-159.348564,0.176151824,-0.978931663,0.1032634207,0.0321486226,354.3037338514,1408.675345206,3.0
29128,0.0,1303.516846,947.88269,-159.143509,0.176151824,-0.978931663,0.1032634207,0.0324360595,354.3712756456,1402.7492340408,3.0
29129,0.0,1304.337524,941.061646,-158.787766,0.176151824,-0.978931663,0.1032634207,0.0330388191,354.0112076119,1388.6949597137,3.0
29130,0.0,1304.582336,938.492432,-158.77948,0.176151824,-0.978931663,0.1032634207,0.0332343923,353.8233440724,1383.9568652027,3.0
29131,0.0,1304.958008,933.986877,-158.890381,0.176151824,-0.978931663,0.1032634207,0.0335779812,353.5147381569,1375.7574383665,3.0
29132,0.0,1305.258362,931.3196105,-159.080559,0.176151824,-0.978931663,0.1032634207,0.033764125,353.2227453805,1370.9100867215,3.0
29133,0.0,1305.872314,926.311035,-159.049683,0.176151824,-0.978931663,0.1032634207,0.0341368005,352.7596656288,1361.7295712043,3.0
29134,0.0,1306.419556,921.419922,-159.495819,0.176151824,-0.978931663,0.1032634207,0.0344905796,352.0961327148,1352.3012319607,3.0
29135,0.0,1306.757996,918.654419,-159.6583025,0.176151824,-0.978931663,0.1032634207,0.0346723141,351.7923341021,1347.6678260944,3.0
29136,0.0,1307.371338,913.557922,-160.228699,0.176151824,-0.978931663,0.1032634207,0.0349924052,351.1205635122,1339.0205765922,3.0
29137,0.0,1308.03186,909.230469,-160.576233,0.176151824,-0.978931663,0.1032634207,0.0352698516,350.1841624343,1330.2805153019,3.0
29138,0.0,1308.4574585,906.650574,-160.613968,0.176151824,-0.978931663,0.1032634207,0.035420156,349.6785962917,1325.6020892083,3.0
29139,0.0,1309.218262,901.86499,-160.618881,0.176151824,-0.978931663,0.1032634207,0.0356821178,348.5867269932,1316.6782159914,3.0
29140,0.0,1309.684204,899.151947,-160.506546,0.176151824,-0.978931663,0.1032634207,0.0358063739,347.8407925236,1311.6311335632,3.0
29141,0.0,1310.540405,893.848694,-160.367111,0.176151824,-0.978931663,0.1032634207,0.0360852705,346.6482286077,1302.155018381,3.0
29142,0.0,1310.957031,891.514984,-160.17498,0.176151824,-0.978931663,0.1032634207,0.0362183884,346.0585007046,1297.6031017527,3.0
29143,0.0,1311.871338,886.674866,-159.638321,0.1767679631,-0.9788205911,0.103263438,0.0363448999,344.1700740458,1288.3052057512,3.0
29144,0.0,1312.734863,882.755554,-158.946335,0.1772779544,-0.978728355,0.1032634207,0.0364084004,342.4679343028,1280.8360193259,3.0
29145,0.0,1313.208618,880.430359,-158.631729,0.1772779544,-0.978728355,0.1032634207,0.036527932,341.8356189631,1276.4164923425,3.0
29146,0.0,1314.233521,875.641663,-158.05899,0.1772779544,-0.978728355,0.1032634207,0.0367159656,340.2514082756,1267.3042371841,3.0
29147,0.0,1314.796753,873.423767,-157.836899,0.1772779544,-0.978728355,0.1032634207,0.0367865747,339.4248857075,1263.0345975965,3.0
29148,0.0,1316.387329,866.706238,-157.516922,0.1782014838,-0.9785606252,0.1032634207,0.0366914378,335.550620522,1250.2054867393,3.0
29149,0.0,1316.915771,864.123291,-157.473038,0.1784038503,-0.9785237515,0.1032634207,0.0366775779,334.2145128736,1245.4582311816,3.0
29150,0.0,1317.950073,859.881104,-157.550125,0.1792461618,-0.9783698053,0.103263438,0.0365549793,331.3922950094,1236.9716985402,3.0
29151,0.0,1319.138062,854.535767,-157.690735,0.1806460721,-0.9781122955,0.1032634207,0.0364471507,328.3641344237,1227.4466545482,3.0
29152,0.0,1319.565552,852.275696,-157.69548,0.1811584243,-0.9780175293,0.103263438,0.0364556045,327.401886423,1223.7104339676,3.0
29153,0.0,1320.614868,847.713684,-157.938705,0.181780115,-0.9779021708,0.1032634207,0.0365740793,325.5158319727,1214.7255180182,3.0
29154,0.0,1320.966431,846.10083,-158.18779,0.1821275148,-0.9778375296,0.1032634207,0.0365805118,324.6478104513,1211.3817902551,3.0
29155,0.0,1321.94458,841.288391,-158.749863,0.1835841922,-0.9775650908,0.103263438,0.0365624665,322.1841988351,1202.4802448505,3.0
29156,0.0,1322.825684,836.671448,-159.218857,0.1849764477,-0.977302604,0.1032634207,0.0366073451,320.123126917,1194.0688055167,3.0
29157,0.0,1323.171387,834.861816,-159.351669,0.185966946,-0.9771146081,0.103263438,0.0365276584,318.8663772681,1190.6535670069,3.0
29158,0.0,1324.0802,829.820374,-159.572525,0.1890091995,-0.9765306881,0.103263438,0.0362629075,315.2843794242,1181.4884252372,3.0
29159,0.0,1324.806519,825.433655,-158.217239,0.1916017764,-0.9760253181,0.103263438,0.0361859789,312.8485229115,1173.5828861043,3.0
29160,0.0,1325.244751,823.496948,-157.333618,0.1927946026,-0.9757413302,0.1037260705,0.0361852909,311.874501411,1169.9399739478,3.0
29161,0.0,1326.275391,816.459229,-153.570862,0.1958139593,-0.9750671403,0.1044076877,0.0365679889,310.0889716629,1157.2517566083,3.0
29162,0.0,1326.620911,813.848633,-152.1744005,0.1977180332,-0.9746414778,0.1047741769,0.0365326301,308.6677753149,1152.4926889278,3.0
29163,0.0,1326.966431,811.238037,-150.777939,0.1996221071,-0.9742158152,0.1051406662,0.0364972712,307.2465789669,1147.7336212472,3.0
29164,0.0,1327.423462,807.129517,-149.7621,0.2031793867,-0.9733830676,0.1060355622,0.0362356476,304.1122559651,1140.042975965,3.0
29165,0.0,1327.87915,804.03418,-149.72612,0.2051602267,-0.9729230887,0.1064422133,0.036032879,301.8427515728,1134.655866374,3.0
29166,0.0,1328.327026,797.12738,-149.096863,0.2078145781,-0.9722509745,0.1074297152,0.0362852113,299.6335463397,1122.5001318306,3.0
29167,0.0,1328.68811,794.245361,-148.981636,0.2090210114,-0.971968835,0.1076346758,0.0363006251,298.2806819176,1117.2002234008,3.0
29168,0.0,1329.049194,791.363342,-148.866409,0.2102274447,-0.9716866955,0.1078396364,0.0363160389,296.9278174956,1111.900314971,3.0
29169,0.0,1329.864136,785.711304,-148.837158,0.2139001486,-0.9707076049,0.1094233621,0.0361496162,293.2563258299,1100.6299959551,3.0
29170,0.0,1330.3220215,782.969452,-148.9034805,0.2153580704,-0.9702981731,0.110179363,0.0361184193,291.807837436,1095.6557996618,3.0
29171,0.0,1331.406616,777.270203,-148.929779,0.2181724071,-0.9695461398,0.1112703179,0.0360510114,288.8704275903,1085.6235503114,3.0
29172,0.0,1331.8834225,774.680817,-149.087555,0.2198267024,-0.9691173434,0.1117347728,0.0359376855,287.0756756872,1080.5406504627,3.0
29173,0.0,1332.863159,769.792419,-149.429565,0.2227998434,-0.9683063944,0.112884704,0.0357567114,283.8723733203,1071.1411527266,3.0
29174,0.0,1333.523132,766.9089355,-149.7387005,0.2249616275,-0.9677028188,0.1137442054,0.0355480899,281.6334160508,1065.7392064854,3.0
29175,0.0,1334.494141,762.38031,-150.935181,0.2300159553,-0.9662962526,0.1156036869,0.0348685265,276.6021828848,1056.678813445,3.0
29176,0.0,1335.225464,759.081787,-151.02388,0.2340111439,-0.9651699304,0.1169862811,0.0344497324,273.4280241396,1050.7708588904,3.0
29177,0.0,1335.760742,755.279114,-152.323563,0.2378155104,-0.9640566189,0.1184846761,0.0340592526,270.1331829059,1043.9391069258,3.0
29178,0.0,1336.528076,752.3797915,-153.0038455,0.2391302135,-0.963616189,0.1194060716,0.0340485954,268.6500208122,1038.3661831343,3.0
29179,0.0,1337.29541,749.480469,-153.684128,0.2404449166,-0.963175759,0.120327467,0.0340379382,267.1668587186,1032.7932593428,3.0
29180,0.0,1337.57019,747.795288,-153.702209,0.2405659315,-0.963134948,0.1204122277,0.034209325,266.024457613,1025.8424781912,3.0
29181,0.0,1337.761475,747.223694,-153.880325,0.2405659315,-0.963134948,0.1204122277,0.0342213362,265.3163498195,1022.9354368572,3.0
29182,0.0,1338.24353,745.771484,-154.045532,0.2398039319,-0.9633249554,0.1204122277,0.0343930575,264.3707447791,1016.786245868,3.0
29183,0.0,1338.891724,744.904114,-153.937225,0.2394576991,-0.9634110783,0.1204122277,0.0344370921,263.7300480924,1013.684729024,3.0
29184,0.0,1339.514771,743.365723,-153.817551,0.2390129086,-0.963521525,0.1204122104,0.0345414833,262.4529107239,1007.2771013733,3.0
29185,0.0,1340.107422,742.37085,-153.836792,0.2386980377,-0.9635995757,0.1204122277,0.0346113593,261.9474753592,1004.3397892938,3.0
29186,0.0,1341.073853,740.457031,-153.998047,0.2383491498,-0.9636859334,0.1204122277,0.0347765263,260.7202593778,997.2997458798,3.0
29187,0.0,1341.435181,739.828979,-154.152832,0.2383491498,-0.9636859334,0.1204122277,0.0348118438,260.2009238548,994.8171238916,3.0
29188,0.0,1342.493652,738.306152,-154.396866,0.2420741639,-0.9625111601,0.122361619,0.0341919026,256.2434008224,988.3721423495,3.0
29189,0.0,1342.6799315,738.1538695,-154.422333,0.2463558781,-0.9611778028,0.1241876298,0.0334026495,252.9881496378,987.1360955728,3.0
29190,0.0,1344.364624,736.737976,-154.376648,0.2724965867,-0.9526089574,0.1352101497,0.0288983297,233.8713273213,979.9097901088,3.0
29191,0.0,1345.155884,735.951965,-154.456116,0.292692763,-0.9455515644,0.1423488162,0.0258207048,220.5217241976,976.7288971459,3.0
29192,0.0,1346.551758,734.886292,-154.502396,0.3417456162,-0.9264255797,0.1579416953,0.0202083543,194.1999138927,970.8984665877,3.0
29193,0.0,1347.548218,734.21991,-154.387726,0.3680325257,-0.9148614888,0.1660738281,0.0183684686,184.5971318441,967.5580311552,3.0
29194,0.0,1348.661011,733.366699,-154.465591,0.4005961368,-0.8993723262,0.175077566,0.0170666626,177.3433815445,964.0212938338,3.0
29195,0.0,1350.400024,732.290771,-154.423737,0.4637993384,-0.8647473313,0.1926193827,0.0185565852,183.7172542619,958.0983194704,3.0
29196,0.0,1351.111328,731.843689,-154.453552,0.4910395289,-0.8480243458,0.1993361229,0.0207353188,193.5433448671,955.3685632528,3.0
29197,0.0,1352.278931,731.208679,-154.415588,0.5190739299,-0.8295206352,0.2060528359,0.0241359266,207.9399223986,952.1982021657,3.0
29198,0.0,1354.765747,729.868774,-154.281281,0.5743714518,-0.7888920556,0.2185103203,0.0343428861,245.717480616,945.7226228871,3.0
29199,0.0,1356.7677,728.994812,-154.343475,0.6179079502,-0.7525847426,0.2276092492,0.0460577683,282.2432194976,940.8409506249,3.0
29200,0.0,1357.587524,728.678284,-154.363113,0.6343915181,-0.7377095865,0.2309371508,0.0514152324,297.1662164425,938.8449648272,3.0
29201,0.0,1360.030884,728.087036,-154.130386,0.6742056947,-0.6987295093,0.23921487,0.0671221283,336.4245361631,934.0123013082,3.0
29202,0.0,1361.290405,727.825928,-154.039978,0.6899991258,-0.6821467937,0.2420267717,0.074375582,352.6806221381,931.924260066,3.0
29203,0.0,1364.50354,727.316345,-153.83725,0.7223665831,-0.6450990402,0.2490657503,0.0914789897,386.837941198,925.8058289045,3.0
29204,0.0,1366.946167,726.90509,-153.834702,0.7297628178,-0.6353865397,0.2524483609,0.0963859242,394.9165461202,921.9536084035,3.0
29205,0.0,1368.0980835,726.7703855,-153.877213,0.7342600158,-0.6295489884,0.2539169977,0.0992688279,399.6528508812,920.1916233217,3.0
29206,0.0,1369.25,726.635681,-153.919724,0.7387572138,-0.6237114371,0.2553856345,0.1021517317,404.3891556422,918.42963824,3.0
29207,0.0,1371.58374,726.13385,-153.967438,0.7486905946,-0.6098526599,0.2598886814,,,,
29208,0.0,1372.447266,726.081177,-154.087143,0.752906684,-0.6042689499,0.2607499977,,,,
29209,0.0,1376.494141,724.985718,-154.075394,0.7614548183,-0.5924514657,0.2630357777,,,,
29210,0.0,1377.8184815,724.556824,-154.0466465,0.7620596702,-0.5915328051,0.2633489918,,,,
29211,0.0,1380.146973,723.713318,-153.994583,0.7625616418,-0.5907469634,0.2636622227,,,,
29212,0.0,1382.234253,722.890869,-153.840637,0.7621087121,-0.5913311546,0.2636622395,,,,
29213,0.0,1383.855835,722.222351,-153.797165,0.7617504589,-0.591792591,0.2636622227,,,,
29214,0.0,1384.407104,722.00708,-153.563522,0.7615642562,-0.5920321917,0.2636622227,0.1145057863,416.2681674372,895.8738962928,3.0
29215,0.0,1386.27771,721.158264,-153.368134,0.7613035177,-0.5923674495,0.2636622058,0.112644447,411.4200109919,892.2851314974,3.0
29216,0.0,1387.594116,720.373108,-153.295609,0.7613035177,-0.5923674495,0.2636622058,0.1107780605,406.7497709191,889.1170700305,3.0
29217,0.0,1388.309631,719.937012,-153.2938005,0.7613035177,-0.5923674495,0.2636622058,0.1100343603,404.7776485262,887.6174859986,3.0
29218,0.0,1390.019775,719.019409,-153.270294,0.7613035177,-0.5923674495,0.2636622058,0.1087076992,401.0581316119,884.5000196425,3.0
29219,0.0,1391.5,718.062073,-153.282059,0.7625118049,-0.5908112819,0.2636622395,0.1073709976,397.1389826219,880.9804671004,3.0
29220,0.0,1393.080566,717.095459,-153.300476,0.7671247385,-0.5834916103,0.2665655196,0.1111684978,402.8374355971,879.1082292051,3.0
29221,0.0,1394.672119,716.250366,-153.450684,0.7759583771,-0.5693525597,0.2715257995,0.1177294108,412.505476174,876.2866692103,3.0
29222,0.0,1396.425293,715.329346,-153.570084,0.7865506871,-0.5520930062,0.2766429632,0.1259290976,424.1496209029,873.0980710848,3.0
29223,0.0,1397.086548,715.004883,-153.578873,0.7887291957,-0.5481967915,0.2781843519,0.1275132158,426.0084668976,871.8288792537,3.0
29224,0.0,1399.552002,714.013733,-153.63559,0.7930601617,-0.5400957061,0.2816952398,0.1307052418,428.7569578011,867.4127155463,3.0
29225,0.0,1401.656982,713.241638,-153.675735,0.7930291562,-0.5392582042,0.2833819801,0.129952018,425.812803144,863.7753905603,3.0
29226,0.0,1402.957886,712.924194,-153.733871,0.792229057,-0.5400470091,0.284116788,0.1287895259,423.0968650511,861.8629573543,3.0
29227,0.0,1405.462402,712.316162,-153.894913,0.7876955309,-0.5467625513,0.2838775494,0.1238954293,413.9580245848,858.6183040796,3.0
29228,0.0,1407.422607,711.79071,-154.197525,0.7721970622,-0.5711793869,0.2783267957,0.1098288024,390.059306756,856.0949791105,3.0
29229,0.0,1408.476929,711.461975,-154.244064,0.7585702224,-0.5912777527,0.273791594,0.0992580021,371.2825664322,854.7915243764,3.0
29230,0.0,1410.88208,710.459961,-154.440308,0.7002361279,-0.6648520912,0.2600789532,0.0659269434,304.0994529503,851.6236843182,3.0
29231,0.0,1412.814575,709.948975,-154.656479,0.6209067701,-0.743801715,0.2474546255,0.0399401639,237.5989962634,849.190282233,3.0
29232,0.0,1413.904175,709.865662,-154.667389,0.5832964783,-0.7753380211,0.2421077681,0.0329336627,215.8713828497,848.1361095994,3.0
29233,0.0,1416.719604,709.543518,-154.776642,0.4683291151,-0.8538212231,0.227282113,0.0272047191,195.7667918413,845.0373225227,3.0
29234,0.0,1418.812988,709.190796,-154.713257,0.3548871114,-0.9101461872,0.2137499849,0.040068482,236.0615603833,842.3709483403,3.0
29235,0.0,1419.838745,708.989502,-154.575104,0.3072690104,-0.9285952492,0.2080783949,0.0500691195,262.8046134229,841.0821169376,3.0
29236,0.0,1422.318726,708.316833,-154.250732,0.2024490997,-0.9593329043,0.1967097882,0.080857478,329.9917189434,837.7015748592,3.0
29237,0.0,1424.422974,707.596741,-154.09137,0.1127049859,-0.9753516027,0.1897019696,0.1165615543,390.9716434239,834.4337841949,3.0
29238,0.0,1426.946289,706.639343,-154.03006,0.0355866628,-0.9821731136,0.1845794258,,,,
29239,0.0,1428.352295,706.107178,-154.120911,-0.001567122,-0.9831961043,0.1825457879,,,,
29240,0.0,1430.463013,705.297974,-154.281921,-0.0681304163,-0.9814996022,0.178932326,,,,
29241,0.0,1432.755859,704.51886,-154.335464,-0.1104748492,-0.9781379482,0.1761858735,,,,
29242,0.0,1434.031494,704.132019,-154.378799,-0.1308388188,-0.9759477965,0.1743763228,,,,
29243,0.0,1435.706787,703.750488,-154.377319,-0.1489663985,-0.9736353585,0.1727518476,,,,
29244,0.0,1438.244629,703.227783,-154.182358,-0.1852913484,-0.9678310782,0.170206111,,,,
29245,0.0,1441.50769,702.56134,-153.754486,-0.2400146179,-0.9564114868,0.1663431729,,,,
29246,0.0,1443.134277,702.1472775,-153.6565705,-0.2591849172,-0.951419568,0.165014543,,,,
29247,0.0,1445.786621,701.456116,-153.55864,-0.2870740434,-0.9439002141,0.1632203404,,,,
29248,0.0,1448.323486,700.860535,-153.441467,-0.3134403036,-0.9357973187,0.1613646628,,,,
29249,0.0,1450.826416,700.17627,-153.460617,-0.3441698167,-0.925396004,0.1587116035,,,,
29250,0.0,1452.0255125,699.8370975,-153.5111005,-0.3569564926,-0.9207152508,0.1570905886,,,,
29251,0.0,1453.224609,699.497925,-153.561584,-0.3697431685,-0.9160344977,0.1554695738,,,,
29252,0.0,1455.704834,698.823303,-153.858307,-0.4023121591,-0.9028959538,0.1514061534,,,,
29253,0.0,1459.153198,697.726379,-153.925201,-0.4517998917,-0.8802937453,0.1447749282,,,,
29254,0.0,1461.143311,697.103821,-153.943451,-0.4858871164,-0.8625593161,0.1410855637,0.1429746548,1240.3768809461,2407.2168741212,0.0
29255,0.0,1463.895264,696.136414,-153.982925,-0.5171556661,-0.8448068913,0.1373001581,0.1250432461,1168.0071966775,2412.2358721347,0.0
29256,0.0,1466.342773,695.037964,-154.031128,-0.5421963128,-0.8295669289,0.1335734586,0.1112374358,1107.8066327425,2416.8505358143,0.0
29257,0.0,1468.060669,693.790283,-154.094025,-0.5534467308,-0.8223617788,0.1319765925,0.1051953434,1080.6995267275,2420.6080975138,0.0
29258,0.0,1469.149597,692.925995,-154.165085,-0.5580071397,-0.8193533104,0.1313695853,0.1028344006,1069.952326127,2422.5806434922,0.0
29259,0.0,1471.29541,691.131958,-154.377396,-0.5634643196,-0.8157386184,0.1306846085,0.1001106272,1058.0768243169,2426.1237758401,0.0
29260,0.0,1472.55481,689.053223,-154.55072,-0.5644020775,-0.8151458925,0.1303359845,0.0996469152,1057.3000915972,2429.6806246357,0.0
29261,0.0,1474.066284,686.906006,-154.951096,-0.564896586,-0.8148912932,0.1297845419,0.099545781,1058.059931319,2432.5968095175,0.0
29262,0.0,1475.532227,685.050232,-153.948013,-0.5651122109,-0.8147800724,0.1295439027,0.0995124827,1059.4344253483,2436.1430664966,0.0
29263,0.0,1476.359131,683.682129,-152.859283,-0.5651122109,-0.8147800724,0.1295439027,0.0995363811,1060.8618706261,2439.1479105904,0.0
29264,0.0,1476.72998,683.094971,-152.664597,-0.5651122109,-0.8147800724,0.1295439027,0.0995428426,1061.5499795745,2440.6549511884,0.0
29265,0.0,1477.447876,680.728271,-151.895309,-0.5651122109,-0.8147800724,0.1295439027,0.0997382138,1063.82810009,2443.621553439,0.0
29266,0.0,1477.89209,678.944397,-151.042068,-0.5651122109,-0.8147800724,0.1295439027,0.0998823271,1065.7211617241,2446.2960539016,0.0
29267,0.0,1477.997314,677.377136,-150.315536,-0.5651122109,-0.8147800724,0.1295439027,0.0999941571,1067.4267070226,2448.9125931961,0.0
29268,0.0,1477.77124,675.58905,-150.352219,-0.5651122109,-0.8147800724,0.1295439027,0.1001148001,1069.1037419059,2451.3596178283,0.0
29269,0.0,1477.474854,674.675232,-150.697449,-0.5651122109,-0.8147800724,0.1295439027,0.1001742972,1069.8222033561,2452.3168118412,0.0
29270,0.0,1476.804932,672.600769,-151.544525,-0.5644712549,-0.8152242484,0.12954392,0.1006721682,1073.2888648844,2454.4938395316,0.0
29271,0.0,1476.220703,671.654419,-151.903763,-0.5634982191,-0.8158971347,0.1295439027,0.0714755987,1034.2260106835,2785.6335606357,7.0
29272,0.0,1474.07605,669.39386,-152.376312,-0.5614890055,-0.8172811502,0.1295438854,0.0723802175,1039.4273412299,2782.7456162394,7.0
29273,0.0,1472.889404,668.259399,-152.376312,-0.5598846806,-0.818381037,0.1295439027,0.0731037098,1043.8298271041,2781.1910554354,7.0
29274,0.0,1471.982788,667.295044,-152.383102,-0.5579242746,-0.819718779,0.12954392,0.0739849855,1049.407716515,2779.9860882636,7.0
29275,0.0,1470.046021,665.581421,-152.435242,-0.5548575749,-0.8217976906,0.12954392,0.0753518856,1057.7634810026,2777.5752751165,7.0
29276,0.0,1468.160278,664.172485,-152.540924,-0.5517245482,-0.8239043635,0.1295439027,0.0764292356,1063.2490689024,2773.0082984725,7.0
29277,0.0,1467.053955,663.472595,-152.587845,-0.5505436129,-0.8246939478,0.1295439027,0.0767635309,1064.4919018763,2770.4387152321,7.0
29278,0.0,1463.917114,661.677612,-152.769897,-0.5466461112,-0.827282546,0.1295438854,0.0779274926,1069.3690174224,2763.1048335667,7.0
29279,0.0,1461.685913,660.626282,-152.853134,-0.5382258348,-0.8326115838,0.1306556595,0.0813516468,1089.5442200392,2757.8077910577,7.0
29280,0.0,1460.338379,660.116333,-152.90451,-0.5347517155,-0.8347716616,0.1311368594,0.0827707063,1097.6141665095,2755.3345952137,7.0
29281,0.0,1456.86145,658.722046,-153.05246,-0.5168666658,-0.8455181438,0.1339698408,0.0907790201,1144.4282159337,2748.9555192125,7.0
29282,0.0,1454.222412,657.881653,-152.877716,-0.4925628573,-0.8593754691,0.137315821,0.1025247414,1211.0800777444,2745.8098456639,7.0
29283,0.0,1450.179688,656.609741,-152.827652,-0.4668239871,-0.8731201332,0.1404870033,0.1155243932,1279.4813503704,2742.2172081871,7.0
29284,0.0,1446.473145,655.370117,-152.783325,-0.4240988446,-0.8937129322,0.1463467279,0.1385013037,1390.6514365439,2738.7979233691,7.0
29285,0.0,1445.447876,654.928162,-152.934616,-0.4001510318,-0.9042042559,0.149311136,,,,
29286,0.0,1438.116577,650.71582,-152.417023,-0.2716974905,-0.9483614806,0.1636794909,,,,
29287,0.0,1436.8919065,649.7275085,-152.3041535,-0.2276282188,-0.9582097982,0.1672352916,,,,
29288,0.0,1435.667236,648.739197,-152.191284,-0.1835589472,-0.9680581159,0.1707910922,,,,
29289,0.0,1433.700684,646.455994,-151.955215,-0.0882761182,-0.9803199774,0.1765787894,,,,
29290,0.0,1430.579224,642.434937,-151.813126,0.0310753536,-0.9826265605,0.1829736732,,,,
29291,0.0,1428.581299,638.844055,-151.663666,0.112245402,-0.9759611894,0.1868173613,,,,
29292,0.0,1427.8900145,637.44989,-151.5824205,0.1389693681,-0.9719149414,0.187981287,,,,
29293,0.0,1427.19873,636.055725,-151.501175,0.1656933342,-0.9678686933,0.1891452127,,,,
29294,0.0,1425.978271,632.850769,-151.435608,0.216728046,-0.9574133912,0.1907578371,,,,
29295,0.0,1424.719727,628.065979,-151.557785,0.2889248379,-0.9380044157,0.191494528,,,,
29296,0.0,1424.201294,624.471558,-151.607666,0.3350460086,-0.922434511,0.1919863147,,,,
29297,0.0,1423.980713,621.158203,-151.969284,0.3725503512,-0.9079358371,0.1919863318,,,,
29298,0.0,1423.953247,619.726135,-151.9935455,0.3885651677,-0.9009757037,0.1922366027,,,,
29299,0.0,1423.936035,616.25647,-152.003662,0.4215478708,-0.8860709439,0.1928099452,,,,
29300,0.0,1424.07959,612.185364,-151.941772,0.4637190389,-0.8642455828,0.1950492902,,,,
29301,0.0,1424.528687,608.90033,-151.810898,0.5020427725,-0.8418886624,0.1979306312,,,,
29302,0.0,1424.926392,604.872742,-151.461838,0.5464630537,-0.8125298556,0.2029122094,,,,
29303,0.0,1425.101562,603.895386,-151.423874,0.5587361102,-0.8038512999,0.2040515786,,,,
29304,0.0,1426.016968,599.683472,-151.167892,0.5914104512,-0.7793959197,0.2068228191,,,,
29305,0.0,1426.914795,595.338806,-150.725266,0.6234805975,-0.7535878227,0.2082722693,,,,
29306,0.0,1427.4798585,593.5850525,-150.6663135,0.6359686372,-0.7428102154,0.2085777436,,,,
29307,0.0,1428.60437,590.003845,-150.63092,0.6589851463,-0.7225664277,0.2088931176,,,,
29308,0.0,1430.366943,586.526489,-150.498306,0.6932750677,-0.6897342471,0.2088931517,,,,
29309,0.0,1432.019165,583.453979,-150.498596,0.7167439979,-0.6653132236,0.2088931688,,,,
29310,0.0,1432.883789,581.792908,-150.348297,0.7278189475,-0.6531793142,0.2088931858,,,,
29311,0.0,1435.093384,578.006165,-150.454102,0.7447476269,-0.6338096057,0.2088931688,,,,
29312,0.0,1437.456665,574.202576,-150.651474,0.7552021736,-0.6219144605,0.207104034,,,,
29313,0.0,1439.821167,570.741638,-150.730133,0.76410772,-0.6110960002,0.2066423743,,,,
29314,0.0,1441.087524,569.016174,-150.792526,0.770652452,-0.6030291448,0.2060355522,,,,
29315,0.0,1443.87439,565.486816,-151.041794,0.7851681539,-0.5841865139,0.2055166344,,,,
29316,0.0,1446.615967,562.480896,-151.531418,0.798188026,-0.5666129512,0.2045620657,,,,
29317,0.0,1447.969604,561.128479,-151.767136,0.8033731234,-0.5595932488,0.2035854131,,,,
29318,0.0,1451.69458,557.996277,-152.47905,0.8138533023,-0.5453359813,0.2006276895,,,,
29319,0.0,1454.927856,555.703674,-153.120667,0.8205886905,-0.5357561733,0.1989962909,,,,
29320,0.0,1456.191895,554.894836,-153.632065,0.8237202896,-0.5311175246,0.1984919634,,,,
29321,0.0,1459.778809,553.068848,-154.239807,0.8348696403,-0.5142565571,0.1962979295,,,,
29322,0.0,1464.192993,551.244934,-154.782013,0.8459220637,-0.4970540529,0.1932695805,,,,
29323,0.0,1465.491699,550.724487,-154.864639,0.8486485855,-0.4927469286,0.1923435536,,,,
29324,0.0,1469.369263,549.700256,-155.393738,0.8564712573,-0.4801448385,0.1895202351,,,,
29325,0.0,1473.461182,548.827881,-156.045212,0.8632855397,-0.4689782425,0.18654084,,,,
29521,0.0,-668.630188,-240.5,79.720406,1.0,0.0,0.0,0.0854240483,860.9374146947,2128.8507132577,6.0
29522,0.0,-675.710815,-240.5,79.701271,1.0,0.0,0.0,0.0848481048,860.6758163656,2135.0935799158,6.0
29523,0.0,-675.461975,-240.478546,79.736588,0.9985970225,-0.052188096,0.0089660028,0.1072997185,961.9631986743,2134.6085423745,6.0
29524,0.0,-670.832275,-242.17189,80.876266,0.9200978772,-0.3848453161,0.0728970444,,,,
29525,0.0,-672.768494,-245.409439,79.742386,0.5962896134,-0.7841243476,0.1720107683,,,,
29526,0.0,-673.365051,-246.301666,79.701271,0.4921079532,-0.8488440695,0.1931152717,,,,
29527,0.0,-672.376282,-243.7948,79.81781,0.7462033085,-0.6518810599,0.1350248354,,,,
29528,0.0,-675.065613,-240.507828,79.769836,0.9941345155,-0.1065398677,0.0185962838,0.1331710882,1063.367205311,2132.6816343242,6.0
29529,0.0,-675.677979,-240.5,79.701271,1.0,0.0,0.0,0.0844927659,858.115952677,2133.0169858885,6.0
29530,0.0,-675.668091,-240.5,79.701271,1.0,0.0,0.0,0.0844394096,857.7386570927,2132.7229519064,6.0
29531,0.0,-675.688354,-240.5,79.701271,1.0,0.0,0.0,0.0843714914,857.2603851694,2132.3537097932,6.0
29532,0.0,-675.651306,-240.5,79.701271,1.0,0.0,0.0,0.0843468543,857.0604559414,2132.1540216157,6.0
29533,0.0,-675.741272,-240.5,79.701271,1.0,0.0,0.0,0.0842863663,856.6571490622,2131.8816081399,6.0
29534,0.0,-675.648621,-240.5,79.701271,1.0,0.0,0.0,0.0842540152,856.3947277725,2131.6196722848,6.0
29535,0.0,-675.710815,-240.5,79.701271,1.0,0.0,0.0,0.0842169481,856.1699654462,2131.5085325629,6.0
29536,0.0,-675.622864,-240.5,79.701271,1.0,0.0,0.0,0.0841539381,855.6081012857,2130.8719895194,6.0
29537,0.0,-675.639252,-240.5,79.701271,1.0,0.0,0.0,0.0841361758,855.4716092332,2130.747063136,6.0
29538,0.0,-675.65564,-240.5,79.701271,1.0,0.0,0.0,0.0841184134,855.3351171806,2130.6221367527,6.0
29539,0.0,-675.7146,-240.5,79.701271,1.0,0.0,0.0,0.0840526664,854.8457292865,2130.1991909439,6.0
29540,0.0,-675.632141,-240.5,79.701271,1.0,0.0,0.0,0.0839468532,854.0053321929,2129.3869899808,6.0
29541,0.0,-675.646881,-240.5,79.701271,1.0,0.0,0.0,0.0839010601,853.6674352373,2129.0998419189,6.0
29542,0.0,-675.660034,-240.5,79.701271,1.0,0.0,0.0,0.0838033402,852.9935791979,2128.6049038191,6.0
29543,0.0,-675.640381,-240.5,79.701271,1.0,0.0,0.0,0.0837137385,852.3659088182,2128.1268431002,6.0
29544,0.0,-675.6662905,-240.5,79.701271,1.0,0.0,0.0,0.0836552748,852.0244867849,2127.9852473173,6.0
29545,0.0,-675.6922,-240.5,79.701271,1.0,0.0,0.0,0.083596811,851.6830647516,2127.8436515344,6.0
29546,0.0,-675.669861,-240.5,79.701271,1.0,0.0,0.0,0.0834828284,851.0001237731,2127.525080295,6.0
29547,0.0,-675.691101,-240.5,79.701271,1.0,0.0,0.0,0.0833800155,850.4536641586,2127.4122950665,6.0
29548,0.0,-675.683716,-240.5,79.701271,1.0,0.0,0.0,0.0833347052,850.1953209842,2127.3190622133,6.0
29549,0.0,-675.651855,-240.5,79.701271,1.0,0.0,0.0,0.0832422978,849.666111354,2127.1232686404,6.0
29550,0.0,-675.670654,-240.5,79.701271,1.0,0.0,0.0,0.0832099975,849.500634777,2127.1038501443,6.0
29551,0.0,-675.645813,-240.5,79.701271,1.0,0.0,0.0,0.0831662621,849.2719312451,2127.0659579339,6.0
29552,0.0,-675.684021,-240.5,79.701271,1.0,0.0,0.0,0.0830521511,848.7121057883,2127.060315818,6.0
29553,0.0,-675.653259,-240.494354,79.701118,0.9999608334,-0.0088095544,-0.0008505512,0.0862935898,864.3165010314,2126.8941690024,6.0
29554,0.0,-675.452759,-240.480042,79.701172,0.998553481,-0.0535183271,-0.0051705149,0.1040613069,944.6117915408,2126.6527379928,6.0
29555,0.0,-675.193176,-240.49469,79.701096,0.9959947729,-0.0891842072,-0.0063709846,0.1198659708,1009.4770726643,2126.4447400194,6.0
29556,0.0,-673.82666,-240.980515,79.700943,0.9582528281,-0.2857622749,-0.0095624085,,,,
29557,0.0,-673.138611,-241.597305,79.699936,0.9151812789,-0.4028847983,-0.0112723542,,,,
29558,0.0,-672.381775,-243.603683,79.699768,0.7667527144,-0.6417534511,-0.0155814945,,,,
29559,0.0,-672.957947,-245.750198,79.700325,0.5673120105,-0.8232100914,-0.0219596952,,,,
29560,0.0,-674.876953,-247.418091,79.700966,0.31408065,-0.9487743729,-0.0343589087,0.1085276039,308.4272282469,680.7420839232,0.0
29561,0.0,-675.841675,-247.737457,79.701271,0.0915236171,-0.9942976531,-0.0547321155,0.0718611167,253.6937247145,681.5435114118,0.0
29562,0.0,-675.841675,-247.737457,79.701271,-0.0176221916,-0.997652265,-0.0661771602,0.0715583644,253.3792239543,682.0835083329,0.0
29563,0.0,-675.841675,-247.737457,79.701271,-0.213453415,-0.9727128507,-0.0909249672,0.0992697313,296.8153589544,683.3098819674,0.0
29564,0.0,-675.841675,-247.737457,79.701271,-0.2996315167,-0.9481622485,-0.1058740041,0.1245575552,330.8689749706,684.5720096057,0.0
29565,0.0,-675.841675,-247.737457,79.701271,-0.3081289209,-0.9451196362,-0.1086528482,0.1281604116,335.560783465,685.1094197853,0.0
29566,0.0,-675.841675,-247.737457,79.701271,-0.3069501088,-0.9450952345,-0.1121455682,0.1301699747,338.7020636511,686.5329213928,0.0
29567,0.0,-675.841675,-247.737427,79.701271,-0.302978034,-0.9463442822,-0.1124135684,0.1298879298,338.6220019747,687.0636287715,0.0
29568,0.0,-675.841675,-247.737457,79.701271,-0.2917113625,-0.9498777156,-0.1124135511,0.1295814767,339.0582869817,688.7054245057,0.0
29569,0.0,-675.841675,-247.737457,79.701271,-0.2887357888,-0.9507864312,-0.1124135511,0.131496297,342.0270099164,690.0120273004,0.0
29570,0.0,-675.841675,-247.737457,79.701271,-0.2884100662,-0.9508852262,-0.1124135424,0.1321511497,342.9869592499,690.3547261363,0.0
29571,0.0,-675.841675,-247.737457,79.701271,-0.2843637457,-0.952103178,-0.1124135164,0.1352418733,347.7252341761,692.4196197003,0.0
29572,0.0,-675.841675,-247.737457,79.701271,-0.2812279954,-0.9531838816,-0.1111364141,0.1360380219,349.0302012252,693.1294134759,0.0
29573,0.0,-675.841675,-247.737457,79.701271,-0.2756972315,-0.9551053917,-0.1084653279,0.1369603009,350.6174687054,694.1049547825,0.0
29574,0.0,-675.841675,-247.737457,79.701271,-0.2633477583,-0.959395362,-0.10103711,0.1386336014,353.4921694089,695.8723974456,0.0
29575,0.0,-675.841675,-247.737457,79.701271,-0.258481883,-0.9610317851,-0.098005225,0.1394884471,354.8896468357,696.6393861656,0.0
29576,0.0,-675.841675,-247.737457,79.701271,-0.2489655633,-0.9640684225,-0.0926726767,0.1409253762,357.3384109773,698.130623907,0.0
29577,0.0,-675.841675,-247.737457,79.701271,-0.2397823244,-0.9668408773,-0.0878814826,0.1425544762,360.0832805982,699.7686542573,0.0
29578,0.0,-675.841675,-247.737457,79.701271,-0.2179286853,-0.9729583235,-0.0765453391,0.1432178336,361.976578117,701.9423447361,0.0
29579,0.0,-675.841675,-247.737457,79.701271,-0.2047338039,-0.9761930138,-0.0700303986,0.143202338,362.4987212717,702.9900325352,0.0
29580,0.0,-675.841675,-247.737457,79.701271,-0.1708095593,-0.9837682628,-0.0549918128,0.1411608833,360.9863080016,704.713586595,0.0
29581,0.0,-675.841675,-247.737457,79.701271,-0.134879144,-0.9892288526,-0.0416562601,0.1383363078,358.1440577959,705.7833219682,0.0
29582,0.0,-675.841675,-247.737457,79.701271,-0.0669529367,-0.9975641869,-0.0195703143,0.1324055627,351.7523712113,707.3634769697,0.0
29583,0.0,-675.841675,-247.737457,79.701271,0.0721247852,-0.9972398062,0.0176290764,0.1284681504,347.8766283802,709.4616185171,0.0
29584,0.0,-675.6256105,-247.679924,79.7010955,0.1645014196,-0.9810665232,0.0361764658,0.1352807727,356.5915885677,710.221782516,0.0
29585,0.0,-674.623291,-247.293274,79.6996,0.341584388,-0.9372235053,0.0702296734,,,,
29586,0.0,-672.497253,-244.673721,79.695938,0.6694471797,-0.7310040897,0.1321873457,,,,
29587,0.0,-672.530762,-242.728989,79.695328,0.8224086359,-0.5438580662,0.1669204582,,,,
29588,0.0,-672.960815,-241.833313,79.696251,0.8834737364,-0.4312349812,0.1830588651,,,,
29589,0.0,-675.113525,-240.504486,79.685349,0.9712261733,-0.0982585965,0.2169446211,,,,
29590,0.0,-675.066406,-240.574417,79.687622,0.9517483548,0.1914394572,0.2398457909,,,,
29591,0.0,-673.885376,-240.305847,79.698563,0.8526734129,0.4552151691,0.2563731672,,,,
29592,0.0,-673.233887,-239.949585,79.699707,0.7122688237,0.6492862282,0.2666468015,,,,
29593,0.0,-672.876587,-239.648529,79.699593,0.6008907875,0.751594137,0.2720965171,,,,
29594,0.0,-672.607239,-239.33757,79.700546,0.5015904389,0.8198750254,0.2760651634,,,,
29595,0.0,-672.483643,-239.159271,79.701271,0.448777785,0.8496440362,0.2769539881,,,,
29596,0.0,-672.457947,-239.121872,79.701271,0.4315954262,0.8582843338,0.2769539713,,,,
29597,0.0,-672.400513,-239.021072,79.701279,0.4100344617,0.869110077,0.2766214277,,,,
29598,0.0,-672.3096315,-238.8274765,79.701275,0.407848334,0.87025731,0.276234875,,,,
29599,0.0,-672.171448,-238.532028,79.701271,0.4050739968,0.8717454354,0.2756355439,,,,
29600,0.0,-672.036072,-238.237762,79.701271,0.4033262502,0.8727673638,0.2749637515,,,,
29601,0.0,-671.925781,-237.997665,79.701271,0.4027497514,0.8731032754,0.2747422577,,,,
29602,0.0,-671.788452,-237.69986,79.701271,0.4027497514,0.8731032754,0.2747422577,,,,
29603,0.0,-671.656494,-237.41394,79.701271,0.4027497514,0.8731032754,0.2747422577,,,,
29604,0.0,-671.549438,-237.181824,79.701271,0.4027497514,0.8731032754,0.2747422577,,,,
29605,0.0,-671.489929,-237.052719,79.701271,0.4027497514,0.8731032754,0.2747422577,,,,
29606,0.0,-671.315247,-236.674072,79.701271,0.4027497514,0.8731032754,0.2747422577,,,,
29607,0.0,-671.203674,-236.43222,79.701271,0.4027497514,0.8731032754,0.2747422577,,,,
29608,0.0,-671.07666,-236.157059,79.701271,0.403002423,0.8736504297,0.2726242353,,,,
29609,0.0,-671.010193,-236.025955,79.701241,0.4048098889,0.8733186694,0.2710045304,,,,
29610,0.0,-670.848328,-235.715439,79.701248,0.4094800415,0.8723648876,0.2670310816,,,,
29611,0.0,-670.701782,-235.423843,79.701271,0.4116708634,0.8716847893,0.2658810416,,,,
29612,0.0,-670.573792,-235.154419,79.701271,0.4118313749,0.8716089613,0.2658810585,,,,
29613,0.0,-670.524536,-235.050369,79.701271,0.4118313749,0.8716089613,0.2658810585,,,,
29614,0.0,-670.379211,-234.742767,79.701271,0.4118313749,0.8716089613,0.2658810585,,,,
29615,0.0,-670.281982,-234.53688,79.701271,0.4118313749,0.8716089613,0.2658810585,,,,
29616,0.0,-670.169556,-234.29892,79.701271,0.4118313749,0.8716089613,0.2658810585,,,,
29617,0.0,-670.007446,-233.955933,79.701271,0.4118313749,0.8716089613,0.2658810585,,,,
29618,0.0,-669.886658,-233.700272,79.701271,0.4118313749,0.8716089613,0.2658810585,,,,
29619,0.0,-669.8374635,-233.5961155,79.701271,0.4118313749,0.8716089613,0.2658810585,,,,
29620,0.0,-669.788269,-233.491959,79.701271,0.4118313749,0.8716089613,0.2658810585,,,,
29621,0.0,-669.684509,-233.272491,79.701271,0.4118313749,0.8716089613,0.2658810585,,,,
29622,0.0,-669.582886,-233.057465,79.701271,0.4118313749,0.8716089613,0.2658810585,,,,
29623,0.0,-669.458923,-232.795029,79.701271,0.4118313749,0.8716089613,0.2658810585,,,,
29624,0.0,-669.412476,-232.696747,79.701271,0.4118313749,0.8716089613,0.2658810585,,,,
29625,0.0,-669.217102,-232.283127,79.701271,0.4118313749,0.8716089613,0.2658810585,,,,
29626,0.0,-669.128967,-232.096603,79.701271,0.4118313749,0.8716089613,0.2658810585,,,,
29627,0.0,-669.086853,-232.0074765,79.701271,0.4118313749,0.8716089613,0.2658810585,,,,
29628,0.0,-669.044739,-231.91835,79.701271,0.4118313749,0.8716089613,0.2658810585,,,,
29629,0.0,-668.957764,-231.734344,79.701271,0.4118313749,0.8716089613,0.2658810585,,,,
29630,0.0,-668.894226,-231.599823,79.701271,0.4118313749,0.8716089613,0.2658810585,,,,
29631,0.0,-668.894165,-231.599854,79.701271,0.4118313749,0.8716089613,0.2658810585,,,,
29632,0.0,-668.8941955,-231.5998385,79.701271,0.4118313749,0.8716089613,0.2658810585,,,,
29633,0.0,-668.894226,-231.599823,79.701271,0.4118313749,0.8716089613,0.2658810585,,,,
29634,0.0,-668.980286,-231.598572,79.701256,0.4028864019,0.8750502032,0.2682716701,,,,
29635,0.0,-669.397217,-231.618835,79.700256,0.3590209406,0.8912782825,0.276996367,,,,
29636,0.0,-672.885132,-229.751541,80.151016,0.3335618654,0.8996125173,0.2818400268,,,,
29637,0.0,-673.157593,-229.457199,80.13694,0.2460469924,0.9232024535,0.2952255196,,,,
29638,0.0,-673.594666,-228.864334,80.096054,0.1142951208,0.9448530211,0.3069029063,,,,
29639,0.0,-673.950378,-228.462799,80.084724,0.028974483,0.9507687055,0.3085439159,,,,
29640,0.0,-674.265747,-228.130676,80.099823,-0.0286811662,0.9513335026,0.3068256143,,,,
29641,0.0,-674.271118,-228.181091,80.104828,-0.0380451719,0.9524500715,0.3023101491,,,,
29642,0.0,-674.416809,-228.084564,80.132072,-0.0632087659,0.9540465072,0.2929162237,,,,
29643,0.0,-674.482361,-228.051559,80.137085,-0.0779606244,0.953862507,0.2899456133,,,,
29644,0.0,-674.557068,-228.0138775,80.1114085,-0.0824929048,0.9537642816,0.2889759926,,,,
29645,0.0,-674.631775,-227.976196,80.085732,-0.0871008108,0.953664033,0.2879902097,,,,
29646,0.0,-674.698914,-228.087036,79.999039,-0.0871008108,0.953664033,0.2879902097,,,,
29647,0.0,-674.706543,-228.1065825,79.985371,-0.0871008108,0.953664033,0.2879902097,,,,
29648,0.0,-674.713684,-228.167587,79.958435,-0.0871008108,0.953664033,0.2879902097,,,,
29649,0.0,-674.723877,-228.214905,79.930206,-0.0871008108,0.953664033,0.2879902097,,,,
29650,0.0,-674.720459,-228.281464,79.912239,-0.0871008108,0.953664033,0.2879902097,,,,
29651,0.0,-674.729675,-228.398056,79.868294,-0.0871008108,0.953664033,0.2879902097,,,,
29652,0.0,-674.667908,-228.684372,79.848824,-0.0871008108,0.953664033,0.2879902097,,,,
29653,0.0,-674.639954,-228.79245,79.844574,-0.0871008108,0.953664033,0.2879902097,,,,
29654,0.0,-674.654541,-228.727509,79.849373,-0.0871008108,0.953664033,0.2879902097,,,,
29655,0.0,-674.561218,-229.050797,79.872055,-0.0871008108,0.953664033,0.2879902097,,,,
29656,0.0,-674.585938,-228.970169,79.858574,-0.0871008108,0.953664033,0.2879902097,,,,
29657,0.0,-674.311951,-229.495071,80.421539,-0.1733273916,0.9459379583,0.2741514078,,,,
29658,0.0,-674.6099245,-229.4096145,80.417923,-0.2416699052,0.9295594006,0.2693567006,,,,
29659,0.0,-674.907898,-229.324158,80.414307,-0.3100124189,0.9131808429,0.2645619933,,,,
29660,0.0,-676.189392,-229.453384,80.398819,-0.4840725426,0.8366938825,0.2561583893,,,,
29661,0.0,-676.739746,-229.564911,80.396629,-0.5411138321,0.8010733618,0.2558853058,,,,
29662,0.0,-678.880981,-230.263611,80.395592,-0.7366428894,0.6261832064,0.255444408,,,,
29663,0.0,-679.463684,-230.5482485,80.3947795,-0.7790114813,0.568251125,0.2551086723,,,,
29664,0.0,-680.046387,-230.832886,80.393967,-0.8213800732,0.5103190435,0.2547729366,,,,
29665,0.0,-680.513306,-231.150787,80.392273,-0.8528820536,0.4559578856,0.25435135,,,,
29666,0.0,-680.543854,-231.185669,80.3977015,-0.8555544717,0.4510837624,0.2540058408,,,,
29667,0.0,-680.566284,-231.228027,80.407959,-0.8583942754,0.4458875849,0.253660264,,,,
29668,0.0,-680.518127,-231.253036,80.41748,-0.8585407666,0.4459636788,0.2530299375,,,,
29669,0.0,-680.587036,-231.212112,80.4174155,-0.8585967258,0.4459927464,0.2527885882,,,,
29670,0.0,-680.881348,-231.052841,80.416908,-0.858652685,0.4460218141,0.2525472388,,,,
29671,0.0,-681.2297365,-230.867775,80.410385,-0.858652685,0.4460218141,0.2525472388,,,,
29672,0.0,-681.858398,-230.52948,80.351082,-0.858652685,0.4460218141,0.2525472388,,,,
29673,0.0,-682.53302,-230.1685485,80.290741,-0.858652685,0.4460218141,0.2525472388,,,,
29674,0.0,-683.865479,-229.454193,80.001762,-0.858652685,0.4460218141,0.2525472388,,,,
29675,0.0,-685.295715,-228.690842,79.815956,-0.8590782445,0.4452015876,0.2525472556,,,,
29676,0.0,-685.589783,-228.535706,79.68483,-0.8594999412,0.4443869104,0.2525472725,,,,
29677,0.0,-686.871857,-227.872879,79.5401345,-0.8605548559,0.4423346054,0.2525472472,,,,
29678,0.0,-689.019165,-226.774033,79.254929,-0.8634080264,0.4369726609,0.2521536707,,,,
29679,0.0,-690.171265,-226.226608,79.06871,-0.8679942644,0.4278683841,0.2520210365,,,,
29680,0.0,-693.30365,-225.088501,78.669647,-0.8830382593,0.3900058114,0.2610342884,,,,
29681,0.0,-694.115234,-224.764053,78.54628,-0.8866609029,0.3802452351,0.2631463557,,,,
29682,0.0,-696.359253,-223.495758,78.309906,-0.8912959694,0.3680861107,0.2647718074,,,,
29683,0.0,-699.21228,-221.35318,78.112801,-0.8912959694,0.3680861107,0.2647718074,,,,
29684,0.0,-700.560547,-220.249191,78.096298,-0.8912959694,0.3680861107,0.2647718074,,,,
29685,0.0,-702.885559,-218.039124,77.901955,-0.8912959694,0.3680861107,0.2647718074,,,,
29686,0.0,-703.827515,-217.045593,77.980255,-0.8912959694,0.3680861107,0.2647718074,,,,
29687,0.0,-706.573608,-214.094482,78.122017,-0.8912959694,0.3680861107,0.2647718074,,,,
29688,0.0,-708.556152,-211.598953,78.366364,-0.8912959694,0.3680861107,0.2647718074,,,,
29689,0.0,-709.592407,-210.250549,78.407845,-0.8912959694,0.3680861107,0.2647718074,,,,
29690,0.0,-711.657227,-207.423386,78.537903,-0.8912959694,0.3680861107,0.2647718074,,,,
29691,0.0,-713.503967,-204.795166,78.71756,-0.8912959694,0.3680861107,0.2647718074,,,,
29692,0.0,-714.315613,-203.532715,78.727402,-0.8912959694,0.3680861107,0.2647718074,,,,
29693,0.0,-716.910645,-200.356384,79.291115,-0.9158067302,0.3044510436,0.2619305156,,,,
29694,0.0,-717.612061,-199.461105,79.667122,-0.9266999874,0.2709033138,0.2604583038,,,,
29695,0.0,-720.186768,-197.113754,79.616432,-0.9589845522,0.099590993,0.2653870057,,,,
29696,0.0,-721.104492,-197.039978,79.420578,-0.9615236835,-0.0378322203,0.272104629,,,,
29697,0.0,-722.721069,-195.9599,79.138657,-0.8881450713,-0.3622802428,0.2827567117,,,,
29698,0.0,-723.832092,-195.386932,79.0466,-0.8275045518,-0.4824803723,0.287139177,,,,
29699,0.0,-724.35437,-194.058762,79.153069,-0.6585478262,-0.6912017896,0.2975816639,,,,
29700,0.0,-725.24469,-192.014557,79.263954,-0.520574261,-0.7970440356,0.3061425225,,,,
29701,0.0,-725.738403,-191.353897,79.263039,-0.4768891918,-0.8227720107,0.3092295543,,,,
29702,0.0,-727.798157,-190.522552,79.11264,-0.3994922638,-0.8607383025,0.3154924814,,,,
29703,0.0,-728.486328,-189.88121,79.057266,-0.380719481,-0.8685489872,0.3172937656,,,,
29704,0.0,-731.602661,-191.476044,78.251938,-0.3364842386,-0.8845977653,0.3229011469,,,,
29705,0.0,-732.8512265,-191.6308595,78.3639985,-0.3261716419,-0.8880223208,0.3238971267,,,,
29706,0.0,-734.994629,-191.67363,78.518951,-0.3090162922,-0.8936726406,0.3253584833,,,,
29707,0.0,-736.7910155,-191.762596,78.513374,-0.2950484918,-0.8982877799,0.3252830264,,,,
29708,0.0,-739.733459,-191.766998,78.553963,-0.2749860064,-0.9053749637,0.3235411432,,,,
29709,0.0,-741.311157,-191.83461,78.64687,-0.2691390469,-0.9079414921,0.3211854558,,,,
29710,0.0,-742.888855,-191.902222,78.739777,-0.2632920874,-0.9105080205,0.3188297684,,,,
29711,0.0,-745.929138,-191.950958,78.667206,-0.2498170917,-0.9161564826,0.3134465188,,,,
29712,0.0,-747.7408445,-192.0573425,78.7488825,-0.2390559837,-0.9200950244,0.3100557563,,,,
29713,0.0,-751.493347,-192.141571,78.841965,-0.2174414562,-0.9275415751,0.3039503899,,,,
29714,0.0,-754.522156,-192.251541,79.06218,-0.1931286495,-0.9344899128,0.2990483701,,,,
29715,0.0,-756.229889,-192.2350465,79.163197,-0.1809341636,-0.9371746821,0.2980091446,,,,
29716,0.0,-759.776855,-192.231491,79.327972,-0.1542952424,-0.942561368,0.2962617858,,,,
29717,0.0,-761.8909605,-192.2290955,79.4061085,-0.1330958154,-0.944367216,0.2999825734,,,,
29718,0.0,-766.539062,-192.138718,79.440033,-0.0905954549,-0.9466538608,0.3092554469,,,,
29719,0.0,-769.22052,-192.136093,79.420319,-0.0644739558,-0.9454779013,0.3192407354,,,,
29720,0.0,-771.240265,-192.0494995,79.3898395,-0.0535021052,-0.9443414838,0.3243590852,,,,
29721,0.0,-774.746704,-191.694824,79.167091,-0.0425302545,-0.9432050664,0.329477435,,,,
29722,0.0,-777.2651365,-191.5301055,79.06575,-0.0425302545,-0.9432050664,0.329477435,,,,
29723,0.0,-782.300049,-191.192062,78.863724,-0.0425302545,-0.9432050664,0.329477435,,,,
29724,0.0,-786.033997,-190.860672,78.686546,-0.0425302545,-0.9432050664,0.329477435,,,,
29725,0.0,-787.633301,-190.935013,78.81543,-0.0425302545,-0.9432050664,0.329477435,,,,
29726,0.0,-793.275024,-190.420898,78.39727,-0.0425302545,-0.9432050664,0.329477435,,,,
29727,0.0,-794.97998,-190.399612,78.435005,-0.0425302545,-0.9432050664,0.329477435,,,,
29728,0.0,-799.284058,-190.254364,78.377243,-0.0425302545,-0.9432050664,0.329477435,,,,
29729,0.0,-801.373901,-190.244934,78.402138,-0.0425302545,-0.9432050664,0.329477435,,,,
29730,0.0,-805.666748,-190.250641,78.54554,-0.0425302545,-0.9432050664,0.329477435,,,,
29731,0.0,-807.610962,-190.234528,78.602905,-0.0425302545,-0.9432050664,0.329477435,,,,
29732,0.0,-811.98761,-190.26889,78.861084,-0.0425302545,-0.9432050664,0.329477435,,,,
29733,0.0,-816.0177,-190.242538,78.950882,-0.0425302545,-0.9432050664,0.329477435,,,,
29734,0.0,-817.774963,-190.256561,79.025856,-0.0425302545,-0.9432050664,0.329477435,,,,
29735,0.0,-821.953735,-190.363876,79.302414,-0.0425302545,-0.9432050664,0.329477435,,,,
29736,0.0,-823.415283,-190.589401,79.642998,-0.0425302545,-0.9432050664,0.329477435,,,,
29737,0.0,-828.555847,-190.745377,79.768784,-0.0783263042,-0.9411938667,0.328662586,,,,
29738,0.0,-829.757507,-190.814575,79.756035,-0.106188938,-0.9389843836,0.3271578163,,,,
29739,0.0,-834.778809,-191.37088,79.582451,-0.2299930166,-0.9199603612,0.3174525887,,,,
29740,0.0,-839.263245,-191.925842,79.188271,-0.3490045354,-0.8832564663,0.3131355122,,,,
29741,0.0,-841.1651,-192.104568,79.104462,-0.3923886292,-0.8650721978,0.3125400076,,,,
29742,0.0,-843.658569,-192.486237,78.787979,-0.4454008419,-0.8391945408,0.3120426456,,,,
29743,0.0,-849.05835,-193.257706,78.187263,-0.532917837,-0.7873494386,0.3099668379,,,,
29744,0.0,-850.772156,-193.479782,78.182312,-0.5543161506,-0.7730171498,0.3085094671,,,,
29745,0.0,-854.881958,-194.098495,77.630577,-0.602482549,-0.7371545507,0.3059704995,,,,
29746,0.0,-859.046936,-194.981873,77.094856,-0.6397838553,-0.7051983036,0.3055682758,,,,
29747,0.0,-860.765442,-195.471085,76.973526,-0.6516327689,-0.6937829562,0.306659329,,,,
29748,0.0,-864.53595,-196.673325,76.730591,-0.6687832344,-0.6740143701,0.3137413175,,,,
29749,0.0,-867.953735,-198.180756,76.921707,-0.6707587936,-0.6703502051,0.3173534991,,,,
29750,0.0,-869.897766,-199.133865,77.065193,-0.6707763217,-0.6702620318,0.3175026535,,,,
29751,0.0,-875.487122,-202.133774,77.659081,-0.6707763217,-0.6702620318,0.3175026535,,,,
29752,0.0,-878.944397,-204.182861,78.206993,-0.6707763217,-0.6702620318,0.3175026535,,,,
29753,0.0,-880.915283,-205.430748,78.5860635,-0.6707763217,-0.6702620318,0.3175026535,,,,
29754,0.0,-884.080322,-207.451111,79.057571,-0.6707763217,-0.6702620318,0.3175026535,,,,
29755,0.0,-888.054749,-209.948578,79.46067,-0.6707763217,-0.6702620318,0.3175026535,,,,
29756,0.0,-889.59613,-210.837799,79.598763,-0.6707763217,-0.6702620318,0.3175026535,,,,
29757,0.0,-891.5646055,-211.8509825,79.658932,-0.6707763217,-0.6702620318,0.3175026535,,,,
29758,0.0,-895.735718,-213.924866,79.798431,-0.6707763217,-0.6702620318,0.3175026535,,,,
29759,0.0,-899.738098,-215.646439,79.68248,-0.6707763217,-0.6702620318,0.3175026535,,,,
29760,0.0,-903.750854,-217.105392,79.626709,-0.6729600996,-0.6698199834,0.3137927567,,,,
29761,0.0,-905.438232,-217.69603,79.606705,-0.6735182449,-0.6716954507,0.308542372,,,,
29762,0.0,-909.678711,-219.238297,79.426895,-0.6568804163,-0.6936863396,0.2954782243,,,,
29763,0.0,-911.567688,-219.7324295,79.3337325,-0.6368853958,-0.7140690276,0.2891842801,,,,
29764,0.0,-915.595642,-220.755295,79.143044,-0.5900552499,-0.7596866243,0.2733331939,,,,
29765,0.0,-918.923767,-221.500671,78.880676,-0.5467270147,-0.7961961819,0.2591548019,,,,
29766,0.0,-923.232666,-222.313522,78.273972,-0.5064408596,-0.8259926565,0.2474950244,,,,
29767,0.0,-925.148804,-222.836288,78.202423,-0.4917780588,-0.8357812505,0.2441803475,,,,
29768,0.0,-929.308777,-223.960587,78.018723,-0.4423395481,-0.8654821379,0.2351093217,,,,
29769,0.0,-930.263367,-224.204483,77.935837,-0.4295028679,-0.8723765976,0.2334231317,,,,
29770,0.0,-934.909851,-225.561981,77.850975,-0.3905668106,-0.8917189274,0.2286808277,,,,
29771,0.0,-937.006042,-226.203156,77.91497,-0.3754647846,-0.8986364888,0.2268890839,,,,
29772,0.0,-943.834534,-226.422623,79.70137,-0.3452937515,-0.9116514564,0.2228538696,,,,
29773,0.0,-948.47052,-228.044708,79.701279,-0.3220470371,-0.9210318792,0.2190570321,,,,
29774,0.0,-949.818848,-228.528793,79.701317,-0.3165321205,-0.9231745906,0.2180735931,,,,
29775,0.0,-954.136719,-230.181824,79.701294,-0.2989272152,-0.9297562564,0.2149321376,,,,
29776,0.0,-956.196838,-230.996597,79.701286,-0.293011182,-0.9319082223,0.2137557307,,,,
29777,0.0,-959.023743,-232.56517,79.701317,-0.2805288725,-0.9364917221,0.2104443064,,,,
29778,0.0,-962.41626,-234.644608,79.701294,-0.2710059505,-0.9399951192,0.2072798849,,,,
29779,0.0,-965.513062,-236.843842,79.701271,-0.2639397399,-0.9426214273,0.2044520933,,,,
29780,0.0,-966.744995,-237.827835,79.701271,-0.262243759,-0.9431080178,0.2043905029,,,,
29781,0.0,-969.641968,-240.52655,79.701271,-0.2605883444,-0.9437569335,0.2035106022,,,,
29782,0.0,-971.731934,-242.994858,79.701271,-0.2606019685,-0.943806275,0.2032641862,,,,
29783,0.0,-972.732849,-244.408539,79.701271,-0.2606019685,-0.943806275,0.2032641862,,,,
29784,0.0,-974.2547,-247.054764,79.701271,-0.2606019685,-0.943806275,0.2032641862,,,,
29785,0.0,-975.489868,-249.807007,79.701271,-0.2633495156,-0.9430433236,0.2032641691,,,,
29786,0.0,-977.057068,-253.396866,79.701271,-0.3109944875,-0.9286672274,0.2021376005,,,,
29787,0.0,-978.342529,-255.735611,79.701851,-0.4119165882,-0.8878006633,0.2052674028,,,,
29788,0.0,-978.90744,-256.856682,79.7016525,-0.4697848817,-0.8552565195,0.2083768732,,,,
29789,0.0,-979.472351,-257.977753,79.701454,-0.5276531752,-0.8227123758,0.2114863435,,,,
29790,0.0,-980.009216,-261.125397,79.701271,-0.7591742965,-0.6126216986,0.2198841558,,,,
29791,0.0,-980.764343,-261.029053,79.701271,-0.9157949915,-0.3361800686,0.219778286,,,,
29792,0.0,-980.644287,-260.690018,79.701271,-0.946621899,-0.1728060959,0.2153700248,,,,
29793,0.0,-980.01416,-260.28064,79.701271,-0.9680982894,0.1468790705,0.2030079819,,,,
29794,0.0,-979.318756,-260.613312,79.701271,-0.9319917684,0.2742544055,0.1964818502,,,,
29795,0.0,-978.623352,-260.945984,79.701271,-0.8958852474,0.4016297405,0.1899557186,,,,
29796,0.0,-976.031555,-263.54599,79.701271,-0.7233761389,0.665150521,0.1852073056,,,,
29797,0.0,-974.712463,-266.34845,79.701271,-0.6312909398,0.7517709901,0.1905574136,,,,
29798,0.0,-974.532104,-267.233459,79.701271,-0.6188022152,0.7617250642,0.1919863147,,,,
29799,0.0,-974.349121,-269.4411465,79.701271,-0.6188022152,0.7617250642,0.1919863147,,,,
29800,0.0,-974.039062,-273.133423,79.701271,-0.6188022152,0.7617250642,0.1919863147,,,,
29801,0.0,-973.481628,-277.820038,79.701271,-0.6188022152,0.7617250642,0.1919863147,,,,
29802,0.0,-973.209106,-279.592804,79.701271,-0.6188022152,0.7617250642,0.1919863147,,,,
29803,0.0,-972.5656125,-281.1394195,79.701271,-0.6188022152,0.7617250642,0.1919863147,,,,
29804,0.0,-971.117615,-284.269104,79.701271,-0.6188022152,0.7617250642,0.1919863147,,,,
29805,0.0,-970.272888,-285.597046,79.701271,-0.6188022152,0.7617250642,0.1919863147,,,,
29806,0.0,-968.479187,-287.555176,79.701271,-0.6188022152,0.7617250642,0.1919863147,,,,
29807,0.0,-967.576782,-288.31427,79.701271,-0.6188022152,0.7617250642,0.1919863147,,,,
29808,0.0,-965.417236,-289.523315,79.701271,-0.6188022152,0.7617250642,0.1919863147,,,,
29809,0.0,-963.638123,-290.07959,79.701271,-0.6215079306,0.7600814372,0.1897474664,,,,
29810,0.0,-962.247253,-290.354126,79.701271,-0.6238464036,0.7586466343,0.1878056147,,,,
29811,0.0,-959.650513,-290.641327,79.701271,-0.6133995538,0.7685689043,0.1817768598,,,,
29812,0.0,-958.430359,-290.575623,79.701271,-0.5986162206,0.7812500344,0.1769378539,,,,
29813,0.0,-955.707642,-289.994751,79.701271,-0.5602920395,0.81144293,0.166232373,,,,
29814,0.0,-954.558411,-289.558411,79.701271,-0.5385793051,0.8269059593,0.1617370291,,,,
29815,0.0,-953.526855,-289.075317,79.701271,-0.5120185321,0.8443864764,0.157634074,,,,
29816,0.0,-950.940369,-287.424347,79.701271,-0.4499303706,0.8802117084,0.1509636051,,,,
29817,0.0,-950.125488,-286.865814,79.701271,-0.4260567093,0.8923383895,0.1490230823,,,,
29818,0.0,-948.300232,-284.774536,79.701271,-0.3509978843,0.9252291373,0.144053909,,,,
29819,0.0,-947.482788,-283.792816,79.701271,-0.3245716749,0.935105843,0.1422332245,,,,
29820,0.0,-946.770386,-281.845123,79.701271,-0.2713214174,0.9525066636,0.1382596986,,,,
29821,0.0,-946.815735,-279.125671,79.701271,-0.2331582465,0.9629842204,0.1352724043,,,,
29822,0.0,-946.817139,-277.79657,79.701271,-0.2205852354,0.9661211415,0.1339854244,,,,
29823,0.0,-946.891724,-275.072418,79.701271,-0.2034647923,0.9700114664,0.1329655342,,,,
29824,0.0,-946.936768,-273.979523,79.701271,-0.2028547182,0.970139237,0.1329654996,,,,
29825,0.0,-947.1297,-270.714996,79.701271,-0.2028547182,0.970139237,0.1329654996,,,,
29826,0.0,-947.224731,-269.345245,79.701271,-0.2028547182,0.970139237,0.1329654996,,,,
29827,0.0,-947.619324,-264.663422,79.701271,-0.200691831,0.970588976,0.1329655169,,,,
29828,0.0,-947.8234255,-262.5998995,79.701271,-0.1963476852,0.9714669914,0.1329655169,,,,
29829,0.0,-948.027527,-260.536377,79.701271,-0.1920035395,0.9723450067,0.1329655169,,,,
29830,0.0,-948.355896,-257.414093,79.701271,-0.1833352845,0.974016604,0.1329655169,,,,
29831,0.0,-948.528137,-255.819077,79.701271,-0.1772033207,0.9751508391,0.1329654996,,,,
29832,0.0,-948.58667,-250.975021,79.701271,-0.1172367436,0.984007732,0.1341056647,,,,
29833,0.0,-948.204315,-248.7712325,79.701271,-0.0588888842,0.98748731,0.1341056734,,,,
29834,0.0,-947.354492,-244.967575,79.701271,0.0593354122,0.9893771104,0.1327111235,,,,
29835,0.0,-945.8442075,-242.892006,79.701271,0.1924867436,0.9635573492,0.1267874658,,,,
29836,0.0,-944.333923,-240.816437,79.701271,0.3256380751,0.937737588,0.120863808,,,,
29837,0.0,-943.023438,-239.493286,79.701271,0.4348835262,0.8935142351,0.1118419877,,,,
29838,0.0,-939.791565,-237.845627,79.701271,0.6464234279,0.7579041813,0.0878521702,,,,
29839,0.0,-936.751831,-235.647415,79.701271,0.7812393442,0.6201161806,0.0715612294,,,,
29840,0.0,-935.845764,-235.334732,79.701271,0.8159510184,0.5739999032,0.0689060713,,,,
29841,0.0,-933.41449,-234.492554,79.701271,0.8845920931,0.4618061899,0.0650528387,,,,
29842,0.0,-932.194794,-233.707756,79.701271,0.9016972506,0.4256221079,0.0646984519,,,,
29843,0.0,-929.921204,-232.076614,79.701271,0.9270225176,0.3695046497,0.063996607,,,,
29844,0.0,-927.418701,-230.373627,79.701271,0.9405243643,0.3337840968,0.0632621279,,,,
29845,0.0,-926.243408,-229.423508,79.701271,0.9426572917,0.3277357498,0.0631388057,,,,
29846,0.0,-923.86853,-227.889206,79.701271,0.9426572917,0.3277357498,0.0631388057,,,,
29847,0.0,-922.302887,-226.887657,79.701271,0.9426572917,0.3277357498,0.0631388057,,,,
29848,0.0,-919.241882,-224.953049,79.701271,0.9426572917,0.3277357498,0.0631388057,,,,
29849,0.0,-916.026489,-223.207199,79.701271,0.9426572917,0.3277357498,0.0631388057,,,,
29850,0.0,-914.878967,-222.59256,79.701271,0.9426572917,0.3277357498,0.0631388057,,,,
29851,0.0,-911.37323,-220.810074,79.701271,0.9426572917,0.3277357498,0.0631388057,,,,
29852,0.0,-909.963013,-220.115677,79.701271,0.9426572917,0.3277357498,0.0631388057,,,,
29853,0.0,-906.213745,-218.354996,79.701271,0.9426572917,0.3277357498,0.0631388057,,,,
29854,0.0,-904.574341,-217.606903,79.701271,0.9426572917,0.3277357498,0.0631388057,,,,
29855,0.0,-900.7724,-215.938507,79.701271,0.9426572917,0.3277357498,0.0631388057,,,,
29856,0.0,-897.212097,-214.431213,79.701271,0.9426572917,0.3277357498,0.0631388057,,,,
29857,0.0,-895.702332,-213.807098,79.701271,0.9426572917,0.3277357498,0.0631388057,,,,
29858,0.0,-891.692444,-212.194138,79.701271,0.947809467,0.3136735303,0.0571500717,,,,
29859,0.0,-890.575134,-211.774216,79.701271,0.9507524899,0.304844052,0.0560339799,0.1478134826,791.6917267765,1513.0619939968,6.0
29860,0.0,-885.788086,-209.943436,79.701271,0.9590205952,0.2779116448,0.0551780355,0.1357721363,759.4637361219,1509.5663915562,6.0
29861,0.0,-884.095215,-209.288147,79.701271,0.9627129964,0.2648541684,0.0550995106,0.1299757939,743.4838076068,1508.0531941696,6.0
29862,0.0,-880.306091,-208.030136,79.701271,0.9735684205,0.2218785081,0.0541706396,0.1118658761,691.8803002178,1505.4479006345,6.0
29863,0.0,-878.676636,-207.482788,79.701271,0.975647423,0.212686868,0.0536320994,0.1083407785,681.0805494714,1504.4614043263,6.0
29864,0.0,-873.602478,-205.83548,79.701271,0.9797613849,0.1930792302,0.05280189,0.101395497,658.528978793,1500.8880631555,6.0
29865,0.0,-872.274048,-205.457947,79.701271,0.9801953323,0.190864007,0.0528019074,0.100869374,656.5821493954,1500.1406858227,6.0
29866,0.0,-867.117554,-203.953552,79.701271,0.9808516252,0.1874621237,0.0528019074,0.1004017007,653.300626606,1495.9313163736,6.0
29867,0.0,-864.507751,-203.214325,79.701271,0.9819382564,0.1816843997,0.05280189,0.0986537782,647.04535115,1493.9885090657,6.0
29868,0.0,-862.011658,-202.576492,79.701271,0.9843128341,0.1683454932,0.05280189,0.0939798488,631.3398376227,1491.7020254056,6.0
29869,0.0,-857.65741,-201.526215,79.701271,0.9894927539,0.1341548471,0.0539125863,0.0826951012,592.328100335,1487.5680901842,6.0
29870,0.0,-855.35437,-200.976578,79.701271,0.9913928252,0.1189810683,0.0546239101,0.0781611791,575.7261045458,1485.4631739425,6.0
29871,0.0,-852.694641,-200.359695,79.701271,0.9930953048,0.1032170679,0.0557490124,0.0736540014,558.4806428825,1482.6642110573,6.0
29872,0.0,-845.282593,-198.880173,79.701271,0.9953656563,0.0753059556,0.0598015332,0.0670962204,531.4009753099,1475.5984865309,6.0
29873,0.0,-843.3635255,-198.563385,79.701271,0.9958007796,0.0670364346,0.061761697,0.0654394308,524.3014948225,1473.6706152673,6.0
29874,0.0,-839.216797,-197.89119,79.701271,0.9967401171,0.045443245,0.0666637109,0.0611131905,505.6548384843,1468.9616591692,6.0
29875,0.0,-836.919525,-197.562508,79.701271,0.9969394284,0.0357093148,0.0688269728,0.0594172872,497.9642201592,1466.6043886158,6.0
29876,0.0,-832.539062,-196.964203,79.701271,0.9971015321,0.0232370772,0.0724470349,0.0575586037,488.8914155952,1462.1210313228,6.0
29877,0.0,-830.472412,-196.728149,79.701271,0.9969672551,0.0220346539,0.074637566,0.0578987826,489.5603018136,1459.9418148107,6.0
29878,0.0,-827.59198,-196.4133985,79.701271,0.9966875348,0.0229716038,0.0779385088,0.059001218,492.9642370746,1456.8032303815,6.0
29879,0.0,-822.590576,-195.866257,79.701271,0.9961543309,0.0264959405,0.0835135566,0.0614981394,501.3344155338,1451.9893120147,6.0
29880,0.0,-820.658447,-195.666756,79.701271,0.995917506,0.0286068894,0.0855642996,0.0626170591,505.0042336049,1449.9886618241,6.0
29881,0.0,-816.906128,-195.244232,79.701271,0.9955902278,0.0312681679,0.0884443327,0.0641962899,509.8029819685,1446.1613408708,6.0
29882,0.0,-814.376343,-194.949806,79.701271,0.9954886698,0.0316243666,0.0894486544,0.064731525,510.9781800698,1443.7125523169,6.0
29883,0.0,-810.616333,-194.524597,79.701271,0.9953675876,0.0319799379,0.090667795,0.0654091015,512.3081389236,1440.182712516,6.0
29884,0.0,-808.07373,-194.268799,79.701271,0.9953675876,0.0319799379,0.090667795,0.0657626635,512.7946637724,1437.8014547649,6.0
29885,0.0,-803.820801,-193.851624,79.701271,0.9953684057,0.0314224905,0.0908535311,0.0660483931,512.5030915974,1433.9782365956,6.0
29886,0.0,-799.179565,-193.585434,79.701271,0.9954887567,0.0168287565,0.0933752014,0.0636470698,501.9230869176,1429.7355194019,6.0
29887,0.0,-797.280945,-193.635025,79.701279,0.9954916243,-0.0042267807,0.0947552652,0.0595708964,485.4400864037,1427.8075658425,6.0
29888,0.0,-792.406494,-193.846497,79.701279,0.9934543758,-0.0601759906,0.0970940442,0.0504180365,446.2120874145,1423.2382833815,6.0
29889,0.0,-789.735107,-194.034454,79.701271,0.9905114091,-0.0963597344,0.0979895406,0.0458731529,425.3585011257,1420.6904004888,6.0
29890,0.0,-785.351135,-194.106674,79.701271,0.9794247395,-0.1749075118,0.1006704628,0.0405860805,399.4822783484,1416.5955311435,6.0
29891,0.0,-783.403748,-194.157333,79.701271,0.9733265365,-0.2054926891,0.1020206256,0.0402652345,397.4118160146,1414.7412312307,6.0
29892,0.0,-781.3734745,-194.276207,79.701271,0.9667389896,-0.2322154672,0.1035940364,0.041268238,401.6331869048,1412.7807089923,6.0
29893,0.0,-779.487488,-188.972183,80.185257,0.9553200213,-0.2757252461,0.1064858935,0.0434129188,411.548613085,1412.0889640579,6.0
29894,0.0,-775.657776,-192.00943,79.943264,0.9476046895,-0.2994916626,0.1082706888,0.0462921236,423.109128966,1407.7643630632,6.0
29895,0.0,-770.209167,-195.249359,79.701271,0.9358052843,-0.3346993805,0.1106562001,0.0508091887,441.1751324196,1401.8860583463,6.0
29896,0.0,-766.578796,-195.785248,79.701271,0.9260168752,-0.3607099379,0.1112703352,0.0548264417,456.546381959,1398.0113470029,6.0
29897,0.0,-763.989136,-196.227783,79.701271,0.9195319933,-0.3768172121,0.1116678196,0.0577368805,467.1770967099,1395.0855932037,6.0
29898,0.0,-761.419128,-196.724167,79.701271,0.914608616,-0.3883601672,0.1125498114,0.0602702974,476.1126553997,1392.4751388302,6.0
29899,0.0,-758.235901,-197.407913,79.701271,0.9103195545,-0.3980011552,0.1136370946,0.0626715944,484.0921323699,1389.2839854085,6.0
29900,0.0,-752.754578,-198.754959,79.701271,0.901859884,-0.4160812069,0.1162978031,0.0677014568,500.4624169702,1383.6789966284,6.0
29901,0.0,-750.784119,-199.281174,79.701271,0.8958271103,-0.4286402297,0.1173087465,0.0711297993,511.7555528839,1381.6093714698,6.0
29902,0.0,-745.323547,-201.204956,79.701271,0.8725496498,-0.4737574619,0.1192097983,0.0846313808,553.9355799753,1375.838201901,6.0
29903,0.0,-743.871826,-201.827942,79.701271,0.8624576339,-0.4918754854,0.1192700158,0.0906487928,571.7046633137,1374.1932542934,6.0
29904,0.0,-740.907471,-203.080933,79.701271,0.8475896675,-0.5170748597,0.1192700504,0.0998876208,597.3177805821,1371.0710615702,6.0
29905,0.0,-735.986755,-205.521439,79.701271,0.8038546279,-0.5825345847,0.1202962793,0.1289077797,670.7589963852,1365.7755873357,6.0
29906,0.0,-734.143677,-206.669159,79.701271,0.7755014558,-0.6197567164,0.1204122277,0.1486731698,715.4396941982,1363.6885184982,6.0
29907,0.0,-730.990723,-209.084579,79.701271,0.7052619862,-0.6987312967,0.119917079,,,,
29908,0.0,-729.417236,-210.223923,79.701271,0.6751848305,-0.7278836577,0.1196278632,,,,
29909,0.0,-725.701477,-213.242401,79.701271,0.5929405129,-0.7967617938,0.1165855569,,,,
29910,0.0,-724.529297,-214.20166,79.701271,0.5617845463,-0.8191694185,0.1155836808,,,,
29911,0.0,-720.570435,-217.464966,79.701271,0.4963877599,-0.8604881425,0.1147142031,,,,
29912,0.0,-718.975464,-218.619843,79.701271,0.4886238298,-0.864922386,0.1146996911,,,,
29913,0.0,-716.956055,-220.305145,79.701271,0.4792532055,-0.8701496112,0.1146996911,,,,
29914,0.0,-712.035095,-224.623108,79.701271,0.4713066483,-0.8744792874,0.1146996911,,,,
29915,0.0,-710.674408,-225.987526,79.701271,0.4713066483,-0.8744792874,0.1146996911,,,,
29916,0.0,-707.706787,-229.024811,79.701271,0.4713066483,-0.8744792874,0.1146996911,,,,
29917,0.0,-706.1148375,-230.7340545,79.701271,0.4713066483,-0.8744792874,0.1146996911,,,,
29918,0.0,-703.309326,-233.867294,79.701271,0.4713066483,-0.8744792874,0.1146996911,,,,
29919,0.0,-701.9499815,-235.509361,79.701271,0.4713066483,-0.8744792874,0.1146996911,,,,
29920,0.0,-699.583923,-238.424591,79.701271,0.4711964796,-0.8745386547,0.1146996911,,,,
29921,0.0,-697.9050595,-240.6137315,79.701271,0.4707959332,-0.8747542302,0.1146996911,,,,
29922,0.0,-694.864929,-244.571838,79.701271,0.4703002604,-0.8750209403,0.1146996911,,,,
29923,0.0,-692.90509,-247.42067,79.701271,0.4699609271,-0.8752032381,0.1146996911,,,,
29924,0.0,-691.7443235,-249.0853885,79.701271,0.4696866075,-0.8753504297,0.1146996911,,,,
29925,0.0,-689.113342,-252.859451,79.701271,0.4673266071,-0.8764983587,0.1155701932,,,,
29926,0.0,-687.830841,-254.8570325,79.701271,0.4627665464,-0.8787324813,0.1168288501,,,,
29927,0.0,-685.581787,-258.374756,79.701271,0.4553728101,-0.8823511405,0.1187100196,,,,
29928,0.0,-684.395935,-260.230881,79.701271,0.4531100459,-0.8834364783,0.119267207,,,,
29929,0.0,-683.210083,-262.087006,79.701271,0.4508472817,-0.8845218161,0.1198243945,,,,
29930,0.0,-679.995422,-267.013489,79.701271,0.4487187266,-0.8855237997,0.1204122277,,,,
29931,0.0,-674.820374,-263.495331,79.600861,0.4484381748,-0.885665907,0.1204122277,,,,
29932,0.0,-676.317078,-272.977692,79.701271,0.4439270894,-0.8878220712,0.1212464812,,,,
29933,0.0,-675.2700195,-274.7954715,79.701271,0.4391402036,-0.8901625792,0.1214003634,,,,
29934,0.0,-673.510681,-277.933929,79.701271,0.4284978704,-0.8953290659,0.1215542629,,,,
29935,0.0,-671.110901,-282.30603,79.701271,0.4153027324,-0.9015254882,0.1215542456,,,,
29936,0.0,-670.306152,-283.801941,79.701271,0.4103506386,-0.9037903068,0.1215542456,,,,
29937,0.0,-668.169128,-287.93573,79.701271,0.3970720778,-0.9097023307,0.1215542456,,,,
29938,0.0,-667.088928,-289.983063,79.701271,0.3923928808,-0.9117304362,0.1215542629,,,,
29939,0.0,-664.826904,-294.479736,79.701271,0.3819832345,-0.9161404772,0.1215542456,,,,
29940,0.0,-664.237305,-295.640198,79.701271,0.3803458586,-0.9168214597,0.1215542629,,,,
29941,0.0,-661.494019,-301.093811,79.701271,0.3762166297,-0.9185236027,0.1215542629,,,,
29942,0.0,-660.527283,-303.011719,79.701271,0.3756087863,-0.9187723335,0.1215542629,,,,
29943,0.0,-658.842407,-306.237122,79.701271,0.3841894454,-0.9151697146,0.1219133442,,,,
29944,0.0,-656.369995,-310.868195,79.701263,0.4027570234,-0.9070539858,0.1226370537,,,,
29945,0.0,-655.205261,-313.081085,79.701279,0.4105180599,-0.9037559157,0.1212442463,,,,
29946,0.0,-653.208313,-317.021851,79.701271,0.4189879787,-0.9001242875,0.1192700331,,,,
29947,0.0,-652.520813,-318.44577,79.701271,0.4189879787,-0.9001242875,0.1192700331,,,,
29948,0.0,-650.048035,-323.581787,79.701271,0.4189879787,-0.9001242875,0.1192700331,,,,
29949,0.0,-648.330872,-327.15509,79.701271,0.4189879787,-0.9001242875,0.1192700331,,,,
29950,0.0,-647.48114,-328.92749,79.701271,0.4189879787,-0.9001242875,0.1192700331,,,,
29951,0.0,-645.704407,-332.642242,79.701271,0.4189879787,-0.9001242875,0.1192700331,,,,
29952,0.0,-644.956299,-334.209259,79.701271,0.4189879787,-0.9001242875,0.1192700331,,,,
29953,0.0,-641.97113,-340.477875,79.701271,0.4189879787,-0.9001242875,0.1192700331,,,,
29954,0.0,-640.296448,-344.009064,79.701271,0.4189879787,-0.9001242875,0.1192700331,,,,
29955,0.0,-639.5491945,-345.586914,79.701271,0.4189879787,-0.9001242875,0.1192700331,,,,
29956,0.0,-637.929565,-349.009094,79.701271,0.4189879787,-0.9001242875,0.1192700331,,,,
29957,0.0,-636.883789,-351.221344,79.701271,0.4189879787,-0.9001242875,0.1192700331,,,,
29958,0.0,-635.235596,-354.774506,79.701233,0.4161568039,-0.901608456,0.1179648534,,,,
29959,0.0,-634.2901,-356.9591675,79.7012215,0.4085004384,-0.9055062331,0.1144539854,,,,
29960,0.0,-632.388489,-361.466797,79.701225,0.388019103,-0.9152984548,0.1080273779,,,,
29961,0.0,-631.22644,-365.701996,79.70118,0.314488409,-0.9438094268,0.1015913698,,,,
29962,0.0,-630.895813,-367.4590605,79.7010575,0.2734828271,-0.9558681598,0.0984188432,,,,
29963,0.0,-630.13562,-371.231689,79.701019,0.193968568,-0.9766716405,0.092134148,,,,
29964,0.0,-629.721985,-373.7361755,79.701141,0.1382004049,-0.9847495536,0.0893641491,,,,
29965,0.0,-629.30835,-376.240662,79.701263,0.0824322418,-0.9928274667,0.0865941502,,,,
29966,0.0,-628.360168,-381.420807,79.701271,-0.0985351965,-0.9911767374,0.0886537665,,,,
29967,0.0,-627.822754,-385.465149,79.701271,-0.2374832586,-0.9670290532,0.0919592959,,,,
29968,0.0,-628.338501,-386.956299,79.701271,-0.3248160392,-0.9365252594,0.094090079,,,,
29969,0.0,-629.386597,-389.494598,79.701271,-0.4928280459,-0.864770791,0.0963950008,,,,
29970,0.0,-631.208984,-391.410614,79.701271,-0.7099222679,-0.6976520412,0.0963950355,,,,
29971,0.0,-631.73291,-392.186218,79.701271,-0.7682195492,-0.6328876056,0.0963950355,,,,
29972,0.0,-633.340149,-394.064636,79.701271,-0.9261595814,-0.3652280428,0.0940048223,,,,
29973,0.0,-634.320801,-394.416473,79.701271,-0.9909368732,-0.1014991655,0.0879888218,,,,
29974,0.0,-634.537292,-394.622833,79.701271,-0.9963046875,0.0041269938,0.0857900785,,,,
29975,0.0,-634.845398,-395.207642,79.701271,-0.9558531581,0.2828993179,0.0794526023,,,,
29976,0.0,-634.859253,-395.885773,79.701271,-0.8632986123,0.4994911996,0.0722775725,,,,
29977,0.0,-635.160034,-397.451691,79.701271,-0.7489357517,0.6593707451,0.0657682323,,,,
29978,0.0,-635.206848,-397.937164,79.701271,-0.7007187306,0.7106134294,0.0634177774,,,,
29979,0.0,-635.994995,-399.355347,79.701271,-0.5798098728,0.8126810033,0.0580525466,,,,
29980,0.0,-636.828125,-400.919983,79.701271,-0.4553625329,0.888719551,0.053127425,,,,
29981,0.0,-637.978882,-402.049347,79.701271,-0.4466736618,0.8931375036,0.05280189,,,,
29982,0.0,-640.015808,-403.128479,79.701271,-0.4466736618,0.8931375036,0.05280189,,,,
29983,0.0,-642.400757,-404.309479,79.701271,-0.4466736618,0.8931375036,0.05280189,,,,
29984,0.0,-644.652161,-405.135162,79.701271,-0.4466736618,0.8931375036,0.05280189,,,,
29985,0.0,-645.77948,-405.484833,79.701271,-0.4466736618,0.8931375036,0.05280189,,,,
29986,0.0,-648.288452,-406.054504,79.701271,-0.4466736618,0.8931375036,0.05280189,,,,
29987,0.0,-651.13147,-406.516388,79.701271,-0.4466736618,0.8931375036,0.05280189,,,,
29988,0.0,-654.028809,-406.822815,79.701271,-0.4466736618,0.8931375036,0.05280189,,,,
29989,0.0,-655.052917,-406.852356,79.701271,-0.4466736618,0.8931375036,0.05280189,,,,
29990,0.0,-657.753418,-406.576782,79.701271,-0.4466736618,0.8931375036,0.05280189,,,,
29991,0.0,-658.168335,-406.062408,79.701271,-0.4466736618,0.8931375036,0.05280189,,,,
29992,0.0,-658.062805,-405.771118,79.701271,-0.4466736618,0.8931375036,0.05280189,,,,
29993,0.0,-657.808594,-404.762512,79.701271,-0.4466736618,0.8931375036,0.05280189,,,,
29994,0.0,-657.45459,-403.62558,79.701271,-0.4466736618,0.8931375036,0.05280189,,,,
29995,0.0,-657.249023,-403.011719,79.701271,-0.4302309089,0.901136138,0.0534324412,,,,
29996,0.0,-656.738953,-401.644958,79.701271,-0.3851281232,0.9213108175,0.0535042633,,,,
29997,0.0,-655.675049,-398.821533,79.701271,-0.3044605621,0.951209543,0.0500416963,,,,
29998,0.0,-655.2612915,-397.921341,79.701271,-0.2724092446,0.9604481804,0.0470182462,,,,
29999,0.0,-654.847534,-397.021149,79.701271,-0.2403579271,0.9696868179,0.043994796,,,,
30000,0.0,-653.978333,-395.254944,79.701271,-0.2175565204,0.9751632231,0.0415433358,,,,
30001,0.0,-652.530029,-392.356537,79.701271,-0.206756852,0.9775677739,0.0401603231,,,,
30002,0.0,-651.004089,-389.561249,79.701271,-0.206756852,0.9775677739,0.0401603231,,,,
30003,0.0,-649.525635,-386.921417,79.701271,-0.206756852,0.9775677739,0.0401603231,,,,
30004,0.0,-648.179199,-384.615875,79.701271,-0.206756852,0.9775677739,0.0401603231,,,,
30005,0.0,-647.5067445,-383.503189,79.701271,-0.2059295324,0.9777420218,0.0401603231,,,,
30006,0.0,-646.043762,-381.068146,79.701271,-0.2042650958,0.9780914677,0.0401603231,,,,
30007,0.0,-644.305359,-378.181396,79.701271,-0.2033815927,0.9782755625,0.0401603231,,,,
30008,0.0,-642.896362,-375.989044,79.701271,-0.2033815927,0.9782755625,0.0401603231,,,,
30009,0.0,-640.946594,-372.878326,79.701271,-0.2033815927,0.9782755625,0.0401603231,,,,
30010,0.0,-639.256958,-370.238739,79.701271,-0.2023857413,0.9784820694,0.0401603231,,,,
30011,0.0,-638.353058,-368.8485105,79.701271,-0.2023208536,0.978495486,0.0401603231,,,,
30012,0.0,-636.650146,-366.236908,79.701271,-0.2022559658,0.9785089027,0.0401603231,,,,
30013,0.0,-634.63147,-363.176117,79.701271,-0.2022559658,0.9785089027,0.0401603231,,,,
30014,0.0,-632.768005,-360.409241,79.701271,-0.2022559658,0.9785089027,0.0401603231,,,,
30015,0.0,-631.7369385,-358.769043,79.701271,-0.2022559658,0.9785089027,0.0401603231,,,,
30016,0.0,-629.644287,-355.441315,79.701271,-0.2017391854,0.978615578,0.0401603231,,,,
30017,0.0,-627.812256,-352.576752,79.701271,-0.2011300713,0.9787409478,0.0401603231,,,,
30018,0.0,-625.882385,-349.55777,79.701271,-0.2011300713,0.9787409478,0.0401603231,,,,
30019,0.0,-624.186462,-346.930542,79.701271,-0.2011300713,0.9787409478,0.0401603231,,,,
30020,0.0,-623.389282,-345.692139,79.701271,-0.2011300713,0.9787409478,0.0401603231,,,,
30021,0.0,-620.702087,-341.530823,79.701271,-0.2011300713,0.9787409478,0.0401603231,,,,
30022,0.0,-619.769287,-340.051086,79.701271,-0.2011300713,0.9787409478,0.0401603231,,,,
30023,0.0,-617.620789,-335.921234,79.701271,-0.2011300713,0.9787409478,0.0401603231,,,,
30024,0.0,-617.064514,-334.735626,79.701271,-0.2011300713,0.9787409478,0.0401603231,,,,
30025,0.0,-615.30603,-330.19519,79.701271,-0.2011300713,0.9787409478,0.0401603231,,,,
30026,0.0,-614.133179,-326.625397,79.701271,-0.2011300713,0.9787409478,0.0401603231,,,,
30027,0.0,-613.685486,-325.022034,79.701271,-0.2011300713,0.9787409478,0.0401603231,,,,
30028,0.0,-612.761963,-321.045471,79.701271,-0.202016216,0.978558428,0.0401603231,,,,
30029,0.0,-612.443115,-319.488556,79.701271,-0.2022559658,0.9785089027,0.0401603231,,,,
30030,0.0,-611.698669,-314.658539,79.701271,-0.2028154146,0.9783930989,0.0401603231,,,,
30031,0.0,-611.463379,-312.739349,79.701271,-0.2031154507,0.9783308552,0.0401603231,,,,
30032,0.0,-611.037476,-308.754761,79.701271,-0.2033815927,0.9782755625,0.0401603231,,,,
30033,0.0,-610.831055,-305.360748,79.701271,-0.2043244851,0.9780790629,0.0401603231,,,,
30034,0.0,-610.718689,-302.210907,79.701271,-0.2050485511,0.977927523,0.0401603231,,,,
30035,0.0,-610.686523,-300.68811,79.701271,-0.2052813877,0.9778786736,0.0401603231,,,,
30036,0.0,-610.624695,-296.304443,79.701271,-0.2056320372,0.9778049978,0.0401603231,,,,
30037,0.0,-610.693909,-292.971893,79.701271,-0.2056384373,0.9778367867,0.0393452883,,,,
30038,0.0,-610.846252,-289.201019,79.701271,-0.2056414098,0.9778495655,0.0390107388,,,,
30039,0.0,-610.940308,-287.357635,79.701271,-0.2056414098,0.9778495655,0.0390107388,,,,
30040,0.0,-611.262451,-282.103729,79.701271,-0.2056414098,0.9778495655,0.0390107388,,,,
30041,0.0,-611.316711,-281.308411,79.701271,-0.2056414098,0.9778495655,0.0390107388,,,,
30042,0.0,-611.802979,-280.16507,79.701271,-0.2072798422,0.9775365033,0.0381765872,,,,
30043,0.0,-612.427368,-279.124542,79.701271,-0.2079000681,0.9774170546,0.0378611029,,,,
30044,0.0,-612.762024,-278.7242125,79.701271,-0.2079041008,0.9774360138,0.0373423953,,,,
30045,0.0,-613.391113,-278.000946,79.701271,-0.2084621261,0.9773411962,0.0367114168,,,,
30046,0.0,-613.947296,-277.4376525,79.701271,-0.2092680768,0.9771685958,0.0367114168,,,,
30047,0.0,-614.914368,-276.473114,79.701271,-0.2107038944,0.9768603487,0.0367114168,,,,
30048,0.0,-615.477356,-275.973587,79.701271,-0.2114940398,0.9766892492,0.0367114168,,,,
30049,0.0,-616.563599,-275.010498,79.701271,-0.2128568088,0.9763934918,0.0367114168,,,,
30050,0.0,-617.470947,-274.258392,79.701271,-0.2135282701,0.9762468693,0.0367114168,,,,
30051,0.0,-617.84906,-273.946564,79.701271,-0.213583575,0.9762368808,0.0366552725,,,,
30052,0.0,-619.279053,-272.811218,79.701271,-0.2144777626,0.9760745084,0.0357469357,,,,
30053,0.0,-619.91333,-272.349365,79.701271,-0.2148530847,0.9759987289,0.0355616822,,,,
30054,0.0,-620.956116,-271.91684,79.701271,-0.2153881196,0.9758807943,0.0355616822,,,,
30055,0.0,-621.846863,-271.6346285,79.7012825,-0.2127941594,0.9763972737,0.0368556618,,,,
30056,0.0,-623.432678,-271.259827,79.701286,-0.2065270459,0.9776290292,0.0398504787,,,,
30057,0.0,-624.960815,-271.049469,79.701271,-0.2025075686,0.9784090048,0.0413098542,,,,
30058,0.0,-625.73938,-271.004608,79.701271,-0.2018129839,0.9785525103,0.0413098542,,,,
30059,0.0,-627.61499,-271.082336,79.701271,-0.2011206377,0.9786950419,0.0413098542,,,,
30060,0.0,-628.299622,-271.234161,79.701271,-0.2006695636,0.9787876288,0.0413098542,,,,
30061,0.0,-629.130585,-271.6023865,79.701271,-0.1995450461,0.97901683,0.0413098542,,,,
30062,0.0,-630.861267,-272.530701,79.701271,-0.1972354943,0.9794854043,0.0413098368,,,,
30063,0.0,-632.090454,-273.610992,79.701271,-0.1966146236,0.9796102213,0.0413098542,,,,
30064,0.0,-632.443542,-274.063751,79.701271,-0.1966146236,0.9796102213,0.0413098542,,,,
30065,0.0,-633.386475,-275.960541,79.701271,-0.1966146236,0.9796102213,0.0413098542,,,,
30066,0.0,-633.51123,-276.377899,79.701271,-0.1966146236,0.9796102213,0.0413098542,,,,
30067,0.0,-633.574036,-278.378143,79.701271,-0.1966146236,0.9796102213,0.0413098542,,,,
30068,0.0,-633.578247,-279.119843,79.701271,-0.1966146236,0.9796102213,0.0413098542,,,,
30069,0.0,-632.957764,-281.097656,79.701271,-0.1966146236,0.9796102213,0.0413098542,,,,
30070,0.0,-632.470215,-282.424042,79.701271,-0.1966100075,0.9795872222,0.0418733694,,,,
30071,0.0,-632.333984,-282.615295,79.701271,-0.1966073496,0.9795739794,0.0421944179,,,,
30072,0.0,-631.843567,-283.313721,79.701271,-0.195622577,0.9795842962,0.0463294068,,,,
30073,0.0,-631.35907,-283.839966,79.701286,-0.1933023352,0.9798230464,0.0508035919,,,,
30074,0.0,-631.01825,-284.191406,79.701286,-0.1920513772,0.9799529647,0.0529948623,,,,
30075,0.0,-630.275452,-284.926727,79.701271,-0.1893527912,0.980276057,0.0566071772,,,,
30076,0.0,-629.984985,-285.184906,79.701271,-0.1882030591,0.9804515344,0.0573968395,,,,
30077,0.0,-629.139893,-285.951477,79.701271,-0.1863480619,0.9808057925,0.0573968395,,,,
30078,0.0,-628.818115,-286.229492,79.701271,-0.1856467754,0.9808992968,0.0580675834,,,,
30079,0.0,-627.635925,-287.177094,79.701271,-0.1834681966,0.9812115284,0.0596938645,,,,
30080,0.0,-627.2741395,-287.454651,79.701271,-0.1831849191,0.9812644114,0.0596938645,,,,
30081,0.0,-626.912354,-287.732208,79.701271,-0.1829016416,0.9813172943,0.0596938645,,,,
30082,0.0,-626.112244,-288.114105,79.701271,-0.1829016416,0.9813172943,0.0596938645,,,,
30083,0.0,-624.817017,-288.510559,79.701271,-0.1829016416,0.9813172943,0.0596938645,,,,
30084,0.0,-624.238617,-288.5738985,79.701271,-0.1829016416,0.9813172943,0.0596938645,,,,
30085,0.0,-623.158142,-288.695282,79.701271,-0.1829016416,0.9813172943,0.0596938645,,,,
30086,0.0,-621.839844,-288.743835,79.701271,-0.1829016416,0.9813172943,0.0596938645,,,,
30087,0.0,-621.249756,-288.7508695,79.701271,-0.1824870618,0.981394384,0.0596938645,,,,
30088,0.0,-620.659668,-288.757904,79.701271,-0.1820724821,0.9814714738,0.0596938645,,,,
30089,0.0,-619.643188,-288.660553,79.701271,-0.1817666648,0.9814954061,0.0602299534,,,,
30090,0.0,-618.95459,-288.554535,79.701271,-0.181762896,0.9814750552,0.0605719883,,,,
30091,0.0,-617.080627,-287.826111,79.701271,-0.1825465325,0.981155589,0.0633283,,,,
30092,0.0,-615.946777,-287.093903,79.701248,-0.1869053503,0.9801619683,0.0659462351,,,,
30093,0.0,-615.464691,-286.676346,79.7012555,-0.1902112714,0.9794268876,0.0673003779,,,,
30094,0.0,-614.583374,-285.904053,79.701241,-0.1992199873,0.977445898,0.0700779079,,,,
30095,0.0,-613.562683,-284.823029,79.701248,-0.2163520354,0.9735014139,0.0740728963,,,,
30096,0.0,-612.688416,-283.872192,79.701271,-0.2228638838,0.9719897647,0.0746162628,,,,
30097,0.0,-612.252258,-283.461029,79.701271,-0.2231520992,0.9719236345,0.0746162802,,,,
30098,0.0,-611.10144,-282.61853,79.701271,-0.2231520992,0.9719236345,0.0746162802,,,,
30099,0.0,-609.856384,-281.847015,79.701271,-0.2231520992,0.9719236345,0.0746162802,,,,
30100,0.0,-609.430176,-281.601044,79.701271,-0.2231520992,0.9719236345,0.0746162802,,,,
30101,0.0,-607.973877,-280.84552,79.701271,-0.2231520992,0.9719236345,0.0746162802,,,,
30102,0.0,-606.452515,-280.101562,79.701271,-0.2231520992,0.9719236345,0.0746162802,,,,
30103,0.0,-604.94458,-279.660553,79.701271,-0.2231522349,0.9719236034,0.0746162802,,,,
30104,0.0,-604.363647,-279.590576,79.701271,-0.2238115799,0.9717719846,0.0746162628,,,,
30105,0.0,-602.276062,-279.525909,79.701271,-0.2253812809,0.9714091268,0.0746162628,,,,
30106,0.0,-601.492798,-279.595947,79.701263,-0.236228698,0.9687829772,0.0752033605,,,,
30107,0.0,-600.775879,-279.817413,79.701248,-0.2526367182,0.9645224068,0.076623857,,,,
30108,0.0,-599.367615,-280.856445,79.700935,-0.3025884942,0.949452434,0.0835480629,,,,
30109,0.0,-598.918274,-281.396362,79.700958,-0.3209136485,0.9431887843,0.0860775664,,,,
30110,0.0,-597.92865,-283.276855,79.701103,-0.3905893647,0.9154399221,0.0970035939,,,,
30111,0.0,-597.864929,-283.840149,79.700783,-0.4160310839,0.9037100627,0.1011249713,,,,
30112,0.0,-597.812561,-285.933929,79.700653,-0.4823838766,0.8687907142,0.1118413633,,,,
30113,0.0,-598.084839,-288.136444,79.701233,-0.5556235715,0.822865809,0.1190558995,,,,
30114,0.0,-598.254272,-288.914032,79.70121,-0.5845218892,0.8025018037,0.1196871592,,,,
30115,0.0,-599.015442,-291.587494,79.701172,-0.667161534,0.735032912,0.1209218996,,,,
30116,0.0,-599.374695,-292.630676,79.701187,-0.6883210472,0.7152075124,0.1212120053,,,,
30117,0.0,-600.47467,-295.409515,79.701271,-0.7505873356,0.6494945826,0.1215542629,,,,
30118,0.0,-601.005432,-296.437317,79.701324,-0.7756501768,0.6194536579,0.1210122675,,,,
30119,0.0,-602.195801,-298.148285,79.701195,-0.8153656925,0.566193684,0.1208449406,,,,
30120,0.0,-602.709534,-298.67395,79.701187,-0.8247884344,0.5523288023,0.121065819,,,,
30121,0.0,-604.696106,-300.469513,79.701271,-0.8571785897,0.5004692106,0.1215542456,,,,
30122,0.0,-607.62616,-301.685211,79.701271,-0.8855145558,0.4484289605,0.1215542629,,,,
30123,0.0,-608.487854,-301.783081,79.7012865,-0.8891160511,0.4412768366,0.1211739774,,,,
30124,0.0,-609.349548,-301.880951,79.701302,-0.8927175464,0.4341247128,0.120793692,,,,
30125,0.0,-613.009705,-302.004364,79.701279,-0.8980610012,0.4235203207,0.1188148821,,,,
30126,0.0,-615.032349,-301.799286,79.701271,-0.90170589,0.4158994387,0.1181276633,,,,
30127,0.0,-616.244446,-301.6308595,79.701271,-0.9031131382,0.412820853,0.1181276633,,,,
30128,0.0,-618.33783,-301.309753,79.701271,-0.9048413615,0.4090329641,0.1181276633,,,,
30129,0.0,-620.834167,-300.793701,79.701271,-0.9054551436,0.4076724541,0.1181276979,,,,
30130,0.0,-621.9861755,-300.519516,79.701271,-0.9055256898,0.4075156986,0.1181276892,,,,
30131,0.0,-624.107117,-299.999023,79.701271,-0.905596236,0.407358943,0.1181276806,,,,
30132,0.0,-626.161743,-299.436646,79.701271,-0.9058733118,0.4067424122,0.1181276979,,,,
30133,0.0,-627.579956,-299.025742,79.701271,-0.9061794025,0.4060593271,0.1181276979,,,,
30134,0.0,-630.227844,-298.252106,79.701271,-0.9067113134,0.4048708996,0.1181276806,,,,
30135,0.0,-632.511047,-297.514923,79.701271,-0.9069968217,0.4042308951,0.1181276806,,,,
30136,0.0,-634.428528,-296.875122,79.701271,-0.9069968217,0.4042308951,0.1181276806,,,,
30137,0.0,-635.664124,-296.453186,79.701271,-0.9069968217,0.4042308951,0.1181276806,,,,
30138,0.0,-637.436493,-295.83519,79.701271,-0.9069968217,0.4042308951,0.1181276806,,,,
30139,0.0,-640.306091,-294.821472,79.701271,-0.9069968217,0.4042308951,0.1181276806,,,,
30140,0.0,-642.47876,-294.023163,79.701271,-0.9071218043,0.4038274394,0.1185471691,,,,
30141,0.0,-645.094971,-293.047119,79.701271,-0.9073129623,0.4032080505,0.1191908405,,,,
30142,0.0,-647.307068,-292.204254,79.701271,-0.9072221027,0.403080872,0.1203073856,,,,
30143,0.0,-648.35321,-291.798584,79.701271,-0.9069669345,0.4034827132,0.1208829178,,,,
30144,0.0,-650.772095,-290.84259,79.701271,-0.9061362873,0.405143923,0.1215542283,,,,
30145,0.0,-653.592041,-289.714294,79.701271,-0.9053122517,0.4069819364,0.1215542283,,,,
30146,0.0,-655.248962,-289.050812,79.701271,-0.9052190162,0.4071892605,0.1215542629,,,,
30147,0.0,-657.3172,-288.206024,79.701271,-0.9052190162,0.4071892605,0.1215542629,,,,
30148,0.0,-658.464417,-287.735901,79.701271,-0.9052190162,0.4071892605,0.1215542629,,,,
30149,0.0,-661.977417,-286.290527,79.701271,-0.9052190162,0.4071892605,0.1215542629,,,,
30150,0.0,-664.53833,-285.220154,79.701271,-0.9052190162,0.4071892605,0.1215542629,,,,
30151,0.0,-665.380493,-284.866882,79.701271,-0.9052190162,0.4071892605,0.1215542629,,,,
30152,0.0,-669.363831,-283.185028,79.701271,-0.9052190162,0.4071892605,0.1215542629,,,,
30153,0.0,-670.717651,-282.611237,79.701271,-0.9052190162,0.4071892605,0.1215542629,,,,
30154,0.0,-673.60968,-281.373718,79.701271,-0.9052190162,0.4071892605,0.1215542629,,,,
30155,0.0,-676.236755,-280.2453,79.701271,-0.9052190162,0.4071892605,0.1215542629,,,,
30156,0.0,-677.456482,-279.719727,79.701271,-0.9052190162,0.4071892605,0.1215542629,,,,
30157,0.0,-680.572144,-278.371613,79.701271,-0.9052190162,0.4071892605,0.1215542629,,,,
30158,0.0,-683.363708,-277.158966,79.701271,-0.9052190162,0.4071892605,0.1215542629,,,,
30159,0.0,-684.359375,-276.725464,79.701271,-0.9052190162,0.4071892605,0.1215542629,,,,
30160,0.0,-687.348877,-275.419952,79.701271,-0.9052190162,0.4071892605,0.1215542629,,,,
30161,0.0,-691.441956,-273.626282,79.701271,-0.9052190162,0.4071892605,0.1215542629,,,,
30162,0.0,-692.8226625,-273.018967,79.701271,-0.9052190162,0.4071892605,0.1215542629,,,,
30163,0.0,-694.203369,-272.411652,79.701271,-0.9052190162,0.4071892605,0.1215542629,,,,
30164,0.0,-697.944824,-270.762573,79.701271,-0.9052190162,0.4071892605,0.1215542629,,,,
30165,0.0,-699.690674,-269.992157,79.701271,-0.9052190162,0.4071892605,0.1215542629,,,,
30166,0.0,-704.198792,-267.996582,79.701271,-0.9052190162,0.4071892605,0.1215542629,,,,
30167,0.0,-706.890808,-266.779938,79.701271,-0.9052190162,0.4071892605,0.1215542629,,,,
30168,0.0,-708.5070495,-266.012833,79.701271,-0.9052190162,0.4071892605,0.1215542629,,,,
30169,0.0,-710.123291,-265.245728,79.701271,-0.9052190162,0.4071892605,0.1215542629,,,,
30170,0.0,-713.996033,-262.988312,79.701271,-0.9052190162,0.4071892605,0.1215542629,,,,
30171,0.0,-717.105652,-260.707336,79.701271,-0.9052190162,0.4071892605,0.1215542629,,,,
30172,0.0,-718.4496765,-259.623474,79.701271,-0.9058263706,0.4058336371,0.1215542629,,,,
30173,0.0,-719.793701,-258.539612,79.701271,-0.9064337249,0.4044780137,0.1215542629,,,,
30174,0.0,-722.985291,-255.58461,79.701263,-0.9094919969,0.3969260533,0.1235880888,,,,
30175,0.0,-725.384094,-253.136887,79.701248,-0.9138749101,0.3856368763,0.1269521502,,,,
30176,0.0,-727.293152,-251.098755,79.701035,-0.9207607958,0.3671135327,0.1320121625,,,,
30177,0.0,-728.493866,-249.723862,79.701115,-0.9245823358,0.3560860451,0.1349278395,,,,
30178,0.0,-730.906616,-246.922241,79.701202,-0.9310974535,0.3364336221,0.1409608103,,,,
30179,0.0,-732.279083,-245.1869505,79.7012365,-0.9342082374,0.324938578,0.1466154882,,,,
30180,0.0,-734.599609,-242.200668,79.701233,-0.9380261222,0.3092536925,0.1564261734,,,,
30181,0.0,-736.808228,-239.191483,79.701263,-0.9390246255,0.3028611283,0.1628124371,,,,
30182,0.0,-739.190674,-236.202942,79.701271,-0.9398272697,0.2986422401,0.1659443145,,,,
30183,0.0,-740.10022,-235.174072,79.701263,-0.940360864,0.2966686671,0.1664606481,,,,
30184,0.0,-742.578003,-232.615799,79.701263,-0.9417273676,0.2915434856,0.1677854616,,,,
30185,0.0,-744.90625,-230.504913,79.701241,-0.9437626348,0.2838311917,0.1695639816,,,,
30186,0.0,-747.908875,-227.960907,79.701263,-0.9460041639,0.2750622369,0.1715135205,,,,
30187,0.0,-749.418762,-226.728333,79.701263,-0.9469981922,0.2712397816,0.1721145109,,,,
30188,0.0,-752.122375,-224.844131,79.701263,-0.9492217346,0.2619843777,0.1741903683,,,,
30189,0.0,-755.421753,-222.687195,79.701263,-0.9519569872,0.2491237407,0.1780877771,,,,
30190,0.0,-756.292847,-222.170654,79.701195,-0.953211297,0.243025456,0.1797966934,,,,
30191,0.0,-759.811829,-220.180344,79.70118,-0.9566017437,0.2254627777,0.1846067168,,,,
30192,0.0,-763.049744,-218.418396,79.701241,-0.9593109408,0.2103010916,0.1884037412,,,,
30193,0.0,-765.535583,-217.227509,79.701256,-0.9609451196,0.2007113567,0.1905240889,,,,
30194,0.0,-768.978577,-215.582031,79.701271,-0.9619091397,0.1948856224,0.1917039415,,,,
30195,0.0,-772.475525,-213.993286,79.701271,-0.9623371656,0.1914625995,0.1930006544,,,,
30196,0.0,-775.291199,-212.968872,79.701271,-0.9624654278,0.1901510772,0.1936565729,,,,
30197,0.0,-777.059143,-212.391083,79.701271,-0.9625203989,0.1895821709,0.1939409246,,,,
30198,0.0,-781.115967,-211.242508,79.701271,-0.9625766805,0.1882027903,0.1950021639,,,,
30199,0.0,-784.426392,-210.728287,79.701271,-0.9625753654,0.1878251611,0.1953724004,,,,
30200,0.0,-787.942932,-210.387375,79.701271,-0.9625753654,0.1878251611,0.1953724004,,,,
30201,0.0,-789.144226,-210.322754,79.701271,-0.9625753654,0.1878251611,0.1953724004,,,,
30202,0.0,-792.761597,-210.343094,79.701271,-0.9625753654,0.1878251611,0.1953724004,,,,
30203,0.0,-796.342041,-210.562531,79.701271,-0.9625753654,0.1878251611,0.1953724004,,,,
30204,0.0,-799.784424,-210.926636,79.701271,-0.9625753654,0.1878251611,0.1953724004,,,,
30205,0.0,-802.481201,-211.375732,79.701271,-0.9623793853,0.1883020552,0.1958781632,,,,
30206,0.0,-806.101929,-212.072479,79.701271,-0.9621468846,0.1888661471,0.1964763369,,,,
30207,0.0,-810.379517,-213.098984,79.701271,-0.9610845767,0.192604322,0.1980404291,,,,
30208,0.0,-814.473877,-214.252655,79.701271,-0.9601526849,0.1957335453,0.1994873455,,,,
30209,0.0,-815.9941405,-214.7675705,79.701271,-0.9598608334,0.1969549964,0.1996854868,,,,
30210,0.0,-817.514404,-215.282486,79.701271,-0.9595689819,0.1981764474,0.199883628,,,,
30211,0.0,-822.624573,-217.154129,79.701279,-0.9581990539,0.2030352129,0.2015720105,,,,
30212,0.0,-824.250275,-217.7887955,79.7012905,-0.9569601948,0.2076354232,0.2027084813,,,,
30213,0.0,-825.875977,-218.423462,79.701302,-0.9557213356,0.2122356336,0.2038449521,,,,
30214,0.0,-831.724609,-220.799286,79.701286,-0.95024473,0.2321251457,0.2077326885,,,,
30215,0.0,-834.366821,-221.795959,79.701332,-0.9424984195,0.2599720858,0.2100267693,,,,
30216,0.0,-838.39801,-223.377838,79.701279,-0.9318824105,0.2942918494,0.2121025232,,,,
30217,0.0,-839.8923645,-223.87912,79.701275,-0.9242126954,0.3166242435,0.2121848605,,,,
30218,0.0,-844.411194,-225.128616,79.701271,-0.8860841005,0.412065039,0.2122672147,,,,
30219,0.0,-846.805847,-225.684937,79.701363,-0.8554558288,0.4713862088,0.2144536477,,,,
30220,0.0,-848.289124,-226.109528,79.701324,-0.840032916,0.4979099896,0.2154770112,,,,
30221,0.0,-852.636719,-227.274567,79.701271,-0.7830499378,0.5813680136,0.2210068498,,,,
30222,0.0,-853.782043,-227.619873,79.701271,-0.764125208,0.6055065114,0.2224287103,,,,
30223,0.0,-857.992981,-228.963089,79.701271,-0.6832334894,0.694479446,0.2255887808,,,,
30224,0.0,-861.729309,-230.022568,79.701271,-0.6185083711,0.7523372866,0.2267950663,,,,
30225,0.0,-864.449951,-230.463531,79.701271,-0.559964404,0.7971677285,0.2257509221,,,,
30226,0.0,-865.633362,-230.609756,79.701271,-0.5342383664,0.8147706168,0.225251437,,,,
30227,0.0,-869.826233,-231.148315,79.701271,-0.4663605479,0.8562964057,0.2219556374,,,,
30237,0.0,-896.700867,-228.68364,79.701271,-0.3222967973,0.9213326989,0.2174185651,,,,
30238,0.0,-903.02179,-227.721268,79.701271,-0.3162190631,0.9235316107,0.2170135207,,,,
30239,0.0,-904.219727,-227.5401,79.701271,-0.3149591078,0.9239817462,0.2169296961,,,,
30240,0.0,-912.31897,-226.086151,79.701271,-0.3124377758,0.9248766773,0.216762008,,,,
30241,0.0,-912.530273,-225.430435,79.701271,-0.3124377758,0.9248766773,0.216762008,,,,
30242,0.0,-914.658081,-224.779251,79.701271,-0.3124377758,0.9248766773,0.216762008,,,,
30243,0.0,-917.155884,-223.942261,79.701271,-0.3124377758,0.9248766773,0.216762008,,,,
30244,0.0,-920.592773,-222.764404,79.701271,-0.3124377758,0.9248766773,0.216762008,,,,
30245,0.0,-923.543884,-221.696228,79.701271,-0.3124377758,0.9248766773,0.216762008,,,,
30246,0.0,-927.451477,-220.256714,79.701271,-0.3124377758,0.9248766773,0.216762008,,,,
30247,0.0,-932.086304,-218.56134,79.701271,-0.3124377758,0.9248766773,0.216762008,,,,
30248,0.0,-934.4830935,-217.5552365,79.701271,-0.2974021797,0.931195026,0.2100394823,,,,
30249,0.0,-937.823181,-216.117813,79.701271,-0.2709913596,0.9414424467,0.2006235346,,,,
30250,0.0,-941.346008,-214.595428,79.701271,-0.2447317136,0.9498822916,0.1944994099,,,,
30251,0.0,-944.92804,-212.872162,79.701271,-0.2078879154,0.9602198798,0.186441404,,,,
30252,0.0,-947.478455,-211.28598,79.701271,-0.180297208,0.9668713366,0.1807006786,,,,
30253,0.0,-948.775452,-210.3544235,79.701271,-0.1720955647,0.9685201789,0.1796683844,,,,
30254,0.0,-950.072449,-209.422867,79.701271,-0.1638939215,0.9701690212,0.1786360903,,,,
30255,0.0,-953.668457,-206.310379,79.701271,-0.148990524,0.9730217211,0.1761549146,,,,
30256,0.0,-956.147156,-203.695297,79.701271,-0.1420778631,0.9740550944,0.1761549146,,,,
30257,0.0,-958.379822,-200.981369,79.701271,-0.1305241989,0.9760207491,0.174203705,,,,
30258,0.0,-959.748352,-199.039154,79.701271,-0.1109338951,0.9788269745,0.1720215828,,,,
30259,0.0,-960.686249,-197.6327515,79.701271,-0.0997670779,0.980164688,0.170868068,,,,
30260,0.0,-963.247437,-193.450134,79.701271,-0.0662401747,0.9838659878,0.1661925306,,,,
30261,0.0,-964.556763,-190.892853,79.701271,-0.0514280147,0.9851375551,0.1638876345,,,,
30262,0.0,-965.618408,-188.499619,79.701271,-0.0469446145,0.98539528,0.1636836748,,,,
30263,0.0,-966.953491,-185.38829,79.701271,-0.043536479,0.9855517358,0.163683692,,,,
30264,0.0,-967.675232,-183.64711,79.701271,-0.0433040563,0.9855619756,0.163683692,,,,
30265,0.0,-968.974243,-179.681198,79.701271,-0.0422408876,0.985608115,0.163683692,,,,
30266,0.0,-969.397034,-178.33696,79.701271,-0.0403539638,0.9856871719,0.1636837093,,,,
30267,0.0,-970.385864,-174.90213,79.701271,-0.0344363083,0.9860178044,0.1630430312,,,,
30268,0.0,-971.313171,-171.600037,79.701271,-0.028190272,0.9862977524,0.1625486146,,,,
30269,0.0,-972.265259,-167.903122,79.701271,-0.0232967217,0.9864254743,0.1625485974,,,,
30270,0.0,-972.611877,-166.501511,79.701271,-0.0221555191,0.9864517631,0.1625486146,,,,
30271,0.0,-973.591797,-162.193985,79.701271,-0.0207156007,0.986483052,0.1625486146,,,,
30272,0.0,-974.004944,-160.204895,79.701271,-0.0207156007,0.986483052,0.1625486146,,,,
30273,0.0,-974.799927,-156.215363,79.701271,-0.0207156007,0.986483052,0.1625486146,,,,
30274,0.0,-975.504333,-152.113785,79.701271,-0.0186629533,0.98652402,0.1625486146,,,,
30275,0.0,-975.864075,-149.430084,79.701271,-0.0119901017,0.9866276861,0.1625485974,,,,
30276,0.0,-976.390869,-145.380737,79.701271,-0.0038188889,0.9866931486,0.1625485974,,,,
30277,0.0,-976.621338,-143.440063,79.701271,0.0007805668,0.9867002273,0.1625486146,,,,
30278,0.0,-976.979065,-139.077621,79.701271,0.0177971376,0.9867082631,0.1615241946,,,,
30279,0.0,-977.094238,-137.630341,79.701271,0.0228964757,0.9866212472,0.1614133392,,,,
30280,0.0,-977.347351,-133.243011,79.701271,0.04181342,0.986249278,0.159887459,,,,
30281,0.0,-977.478271,-129.664047,79.701263,0.0594212925,0.9857416146,0.1574248365,,,,
30282,0.0,-977.545654,-126.529327,79.701271,0.0752994934,0.9848718228,0.1560688276,,,,
30283,0.0,-977.616882,-122.73011,79.701271,0.0900007814,0.9836904386,0.1557336842,,,,
30284,0.0,-977.700073,-120.166832,79.701271,0.0925182985,0.9834568515,0.1557337015,,,,
30285,0.0,-977.818054,-116.19725,79.701271,0.093717912,0.9833432601,0.1557337015,,,,
30286,0.0,-977.893677,-112.53067,79.701271,0.09389913,0.9833259722,0.1557337015,,,,
30287,0.0,-977.914124,-110.917374,79.701271,0.09389913,0.9833259722,0.1557337015,,,,
30288,0.0,-977.921448,-106.825653,79.701271,0.0946614154,0.9832528796,0.1557337187,,,,
30289,0.0,-977.897156,-103.607208,79.701271,0.0950303705,0.9832172918,0.1557337015,,,,
30290,0.0,-977.84375,-99.597008,79.701271,0.0950303705,0.9832172918,0.1557337015,,,,
30291,0.0,-977.754761,-95.878937,79.701271,0.0961570238,0.9831077437,0.1557337187,,,,
30292,0.0,-977.570862,-91.177513,79.701279,0.100811405,0.9825649253,0.1562153265,,,,
30293,0.0,-977.329041,-87.604477,79.701271,0.111862438,0.9812637712,0.15687003,,,,
30294,0.0,-977.029358,-83.666336,79.701271,0.1244244107,0.9797501489,0.1568700473,,,,
30295,0.0,-976.729614,-79.89241,79.701279,0.1351219199,0.9781822816,0.1578020621,,,,
30296,0.0,-976.489807,-76.822723,79.701271,0.1402499709,0.9774272333,0.1580061682,,,,
30297,0.0,-976.25293,-73.753708,79.701271,0.1426719462,0.9769975801,0.1584943033,,,,
30298,0.0,-976.1029665,-71.8610305,79.701271,0.1435213448,0.9768258988,0.1587827218,,,,
30299,0.0,-975.799683,-67.995323,79.701271,0.1445796154,0.9766117589,0.1591420973,,,,
30300,0.0,-975.433716,-63.848045,79.701271,0.1445796154,0.9766117589,0.1591420973,,,,
30301,0.0,-975.273621,-62.100952,79.701271,0.1445796154,0.9766117589,0.1591420973,,,,
30302,0.0,-974.823547,-57.313828,79.701271,0.1445796154,0.9766117589,0.1591420973,,,,
30303,0.0,-974.643341,-55.555975,79.701271,0.1445796154,0.9766117589,0.1591420973,,,,
30304,0.0,-974.244141,-51.703377,79.701271,0.144568496,0.9765366494,0.1596124128,,,,
30305,0.0,-973.78064,-47.411694,79.701271,0.1440808333,0.9764997364,0.1602778157,,,,
30306,0.0,-973.304504,-43.103661,79.701271,0.1434358722,0.9765946789,0.1602778329,,,,
30307,0.0,-973.083862,-41.157661,79.701271,0.1434292422,0.9765956555,0.1602778157,,,,
30308,0.0,-972.641113,-37.407497,79.701271,0.1434106846,0.9764684686,0.1610673939,,,,
30309,0.0,-972.244934,-33.9799,79.701271,0.1417638925,0.9765162179,0.1622315472,,,,
30310,0.0,-971.9933775,-31.8530655,79.701271,0.1408877698,0.9766162491,0.1623900723,,,,
30311,0.0,-971.546936,-28.025381,79.701271,0.1383127453,0.9769583092,0.1625485974,,,,
30312,0.0,-971.007751,-23.508638,79.701271,0.1356513627,0.9771697715,0.1635174165,,,,
30313,0.0,-970.588379,-20.092655,79.701271,0.1344970078,0.9773014908,0.163683692,,,,
30314,0.0,-970.151794,-16.635347,79.701271,0.1343586731,0.9773205185,0.163683692,,,,
30315,0.0,-969.771667,-13.65857,79.701271,0.1343586731,0.9773205185,0.163683692,,,,
30316,0.0,-969.296326,-9.949794,79.701271,0.1343586731,0.9773205185,0.163683692,,,,
30317,0.0,-969.064026,-8.142264,79.701271,0.1343586731,0.9773205185,0.163683692,,,,
30318,0.0,-968.482971,-3.665644,79.701271,0.1343586731,0.9773205185,0.163683692,,,,
30319,0.0,-968.041443,-0.206772,79.701271,0.1333996601,0.977371579,0.1641625025,,,,
30320,0.0,-967.596558,3.271991,79.701271,0.1322133374,0.9774331954,0.1647543076,,,,
30321,0.0,-967.16571,6.605768,79.701271,0.1315858486,0.9775070379,0.1648185528,,,,
30322,0.0,-966.697632,10.212078,79.701271,0.1309773011,0.977588761,0.1648185701,,,,
30323,0.0,-966.532837,11.495725,79.701271,0.130557865,0.9776110346,0.1650191167,,,,
30324,0.0,-965.937012,16.133686,79.701271,0.1289764405,0.9776874564,0.1658080682,,,,
30325,0.0,-965.422119,20.220333,79.701271,0.1265097672,0.9779850795,0.1659531955,,,,
30326,0.0,-964.993652,23.64805,79.701271,0.1241735276,0.9780924713,0.1670809762,,,,
30327,0.0,-964.764709,25.578297,79.701271,0.1215794657,0.9783064816,0.1677344976,,,,
30328,0.0,-964.217346,30.230509,79.701271,0.1152933829,0.9787960948,0.1693093045,,,,
30329,0.0,-964.022095,31.94696,79.701263,0.112446465,0.9790267345,0.16988951,,,,
30330,0.0,-963.333435,38.030739,79.701271,0.1033384158,0.9799257541,0.1704895545,,,,
30331,0.0,-962.911743,41.969814,79.701263,0.0962288396,0.9805897126,0.1708327428,,,,
30332,0.0,-962.6862485,44.054449,79.701263,0.093397146,0.9808043113,0.1711482164,,,,
30333,0.0,-962.460754,46.139084,79.701263,0.0905654524,0.98101891,0.1714636901,,,,
30334,0.0,-961.822327,51.968437,79.701271,0.0858632041,0.9812704082,0.1724409934,,,,
30335,0.0,-961.554108,54.3938025,79.701271,0.0852322995,0.9812974696,0.1725986897,,,,
30336,0.0,-961.116333,58.350349,79.701271,0.0846013949,0.981324531,0.172756386,,,,
30337,0.0,-960.8236085,61.050901,79.701271,0.0846013949,0.981324531,0.172756386,,,,
30338,0.0,-960.42749,64.72084,79.701271,0.0846013949,0.981324531,0.172756386,,,,
30339,0.0,-960.126831,67.5833165,79.701271,0.0846013949,0.981324531,0.172756386,,,,
30340,0.0,-959.643127,72.19973,79.701271,0.0846013949,0.981324531,0.172756386,,,,
30341,0.0,-959.28302,75.684906,79.701271,0.0852144864,0.9812714886,0.1727563516,,,,
30342,0.0,-958.838318,80.050591,79.701271,0.085730339,0.9812265488,0.172756386,,,,
30343,0.0,-958.679138,81.609436,79.701271,0.0860875571,0.9811952759,0.1727563688,,,,
30344,0.0,-958.398407,84.3645095,79.701271,0.0870189128,0.9811126732,0.1727563516,,,,
30345,0.0,-957.973633,88.582336,79.701271,0.0879878851,0.9810266883,0.172756386,,,,
30346,0.0,-957.436829,93.882759,79.701271,0.090227333,0.980823253,0.1727564032,,,,
30347,0.0,-957.340576,94.754494,79.701271,0.0915311818,0.9807402356,0.1725416851,,,,
30348,0.0,-957.0371705,97.632645,79.701271,0.0942521431,0.9805584278,0.1720873622,,,,
30349,0.0,-956.49823,102.509346,79.701271,0.1016010509,0.9799986045,0.1711138852,,,,
30350,0.0,-955.987366,105.855263,79.701233,0.127111521,0.9772747389,0.1696371007,,,,
30351,0.0,-955.484619,109.693192,79.701256,0.1543361248,0.9735496963,0.1684676512,,,,
30352,0.0,-955.003845,112.557159,79.701248,0.1963984298,0.9660896378,0.1676259782,,,,
30353,0.0,-954.213013,115.684769,79.701248,0.2960831916,0.9405614616,0.1663697108,,,,
30354,0.0,-953.078125,119.033409,79.701263,0.4355326807,0.8852455661,0.1632530913,,,,
30355,0.0,-952.955505,122.429893,79.701271,0.5972001509,0.7858665989,0.1605168792,,,,
30356,0.0,-952.743103,123.557709,79.701271,0.6625606694,0.732071255,0.1583825656,,,,
30357,0.0,-951.419617,124.827087,79.701271,0.8352972452,0.5285232484,0.1514651381,,,,
30358,0.0,-950.924072,126.402084,79.701271,0.9618854556,0.2324813771,0.1439749271,,,,
30359,0.0,-951.322937,126.411758,79.701271,0.9883697007,-0.0905432377,0.1221771535,0.1377062914,989.1812944098,1953.3268328836,3.0
30360,0.0,-952.737915,126.709183,79.701271,0.9037084626,-0.4180052703,0.0926423691,0.0398100833,547.0309001423,1958.2414570778,3.0
30361,0.0,-954.044006,127.612823,79.701271,0.7882881457,-0.6111931835,0.0710259934,0.0275833222,462.2957768417,1981.9710521137,7.0
30362,0.0,-954.807556,128.756744,79.701271,0.7093593047,-0.7023507607,0.0592687582,0.0360573895,528.1182646899,1984.5847539756,7.0
30363,0.0,-956.449585,131.517502,79.701271,0.5235440811,-0.8511148329,0.0387960863,0.0954759599,848.7394119051,1990.3714035368,7.0
30364,0.0,-957.377136,134.077026,79.701271,0.3763137427,-0.9262232391,0.0223266305,,,,
30365,0.0,-957.034058,137.174332,79.701271,0.3476413583,-0.937448771,0.0183108664,,,,
30366,0.0,-956.344116,140.666962,79.701271,0.3476413583,-0.937448771,0.0183108664,,,,
30367,0.0,-956.137085,141.720673,79.701271,0.3476413583,-0.937448771,0.0183108664,,,,
30368,0.0,-955.173767,145.865143,79.701271,0.3476413583,-0.937448771,0.0183108664,,,,
30369,0.0,-954.189636,149.87973,79.701271,0.3476413583,-0.937448771,0.0183108664,,,,
30370,0.0,-953.373657,152.977371,79.701271,0.3476413583,-0.937448771,0.0183108664,,,,
30371,0.0,-952.551208,155.988541,79.701271,0.3476413583,-0.937448771,0.0183108664,,,,
30372,0.0,-951.03125,161.349106,79.701271,0.3476413583,-0.937448771,0.0183108664,,,,
30373,0.0,-950.56488,164.04837,79.701271,0.3476413583,-0.937448771,0.0183108664,,,,
30374,0.0,-950.281311,166.0000685,79.701271,0.3476413583,-0.937448771,0.0183108664,,,,
30375,0.0,-949.997742,167.951767,79.701271,0.3476413583,-0.937448771,0.0183108664,,,,
30376,0.0,-949.750854,172.985382,79.701271,0.3476413583,-0.937448771,0.0183108664,,,,
30377,0.0,-950.049591,175.3294525,79.701271,0.3476413583,-0.937448771,0.0183108664,,,,
30378,0.0,-950.637512,178.949356,79.701271,0.3234612892,-0.9460991737,0.0164057255,,,,
30379,0.0,-951.3096005,180.718086,79.701271,0.2737979327,-0.9603193975,0.0112119406,,,,
30380,0.0,-952.641113,183.605316,79.701271,0.1795214082,-0.9837521646,0.0019345741,,,,
30381,0.0,-954.354736,185.963058,79.701271,0.1080591384,-0.9941346893,-0.0044093157,,,,
30382,0.0,-955.390472,186.9245755,79.701271,0.0810877614,-0.996315931,-0.0065293814,,,,
30383,0.0,-956.426208,187.886093,79.701271,0.0541163844,-0.9984971728,-0.0086494472,,,,
30384,0.0,-959.339661,190.243301,79.701271,0.0143314472,-0.9998322096,-0.0114088651,,,,
30385,0.0,-961.421265,191.637024,79.701271,0.0074992959,-0.9999067948,-0.0114088651,,,,
30386,0.0,-963.803711,193.014725,79.701271,0.0069183811,-0.9999109829,-0.0114088651,,,,
30387,0.0,-966.418823,194.244431,79.701271,0.0076139359,-0.9999059285,-0.0114088651,,,,
30388,0.0,-968.519775,194.854309,79.701271,0.0096045466,-0.9998983573,-0.0105369686,,,,
30389,0.0,-970.948914,195.241699,79.701271,0.0090678675,-0.9999062659,-0.0102583244,,,,
30390,0.0,-970.678101,197.956871,78.903702,0.0084758257,-0.9999112844,-0.0102583244,,,,
30391,0.0,-971.812683,201.005875,78.223396,0.0067424468,-0.9999246503,-0.0102583244,,,,
30392,0.0,-973.809326,201.022491,78.546509,0.0051615898,-0.9999380727,-0.0098594495,,,,
30393,0.0,-976.563782,200.744003,78.796173,0.0045438074,-0.9999469731,-0.0092414741,,,,
30394,0.0,-979.361267,200.605255,79.083946,0.0044100055,-0.9999487978,-0.0091078922,,,,
30395,0.0,-980.400146,200.144669,79.031723,0.0047785649,-0.9999471055,-0.0091077701,,,,
30423,0.0,-985.530518,123.708862,79.882111,0.0830335018,-0.9957532684,0.0397601074,,,,
30424,0.0,-985.393738,117.854004,80.321663,0.0881858505,-0.995171532,0.0430915032,,,,
30425,0.0,-985.308594,113.875694,80.571152,0.0919918385,-0.9947172522,0.0455531544,,,,
30426,0.0,-985.3338015,112.102886,80.6662255,0.0938031536,-0.9944913476,0.0467249698,,,,
30427,0.0,-985.118469,97.393593,80.804932,0.0908382302,-0.9947194748,0.0477659132,,,,
30428,0.0,-985.051147,104.474655,81.016586,0.0823622811,-0.9954908967,0.0470566594,,,,
30429,0.0,-985.110168,100.305161,81.643974,0.0823622811,-0.9954908967,0.0470566594,,,,
30430,0.0,-984.949402,98.407936,81.653725,0.0823622811,-0.9954908967,0.0470566594,,,,
30431,0.0,-984.895447,93.79229,82.034218,0.0823622811,-0.9954908967,0.0470566594,,,,
30432,0.0,-984.936462,90.521225,82.335747,0.0823622811,-0.9954908967,0.0470566594,,,,
30433,0.0,-984.787476,88.908348,82.335747,0.0823622811,-0.9954908967,0.0470566594,,,,
30434,0.0,-984.458679,84.304123,82.441399,0.0823622811,-0.9954908967,0.0470566594,,,,
30435,0.0,-984.672607,80.343254,82.699959,0.0823622811,-0.9954908967,0.0470566594,,,,
30436,0.0,-984.471313,76.915352,82.688843,0.0823622811,-0.9954908967,0.0470566594,,,,
30437,0.0,-984.125977,73.043777,82.701836,0.0823622811,-0.9954908967,0.0470566594,,,,
30438,0.0,-984.068604,72.023529,82.694099,0.0823622811,-0.9954908967,0.0470566594,,,,
30439,0.0,-983.827026,67.680115,82.654045,0.0823622811,-0.9954908967,0.0470566594,,,,
30440,0.0,-983.570007,63.602425,82.451263,0.0823622811,-0.9954908967,0.0470566594,,,,
30441,0.0,-983.200256,59.926193,81.94529,0.0823622811,-0.9954908967,0.0470566594,,,,
30442,0.0,-982.94928,58.086399,81.815758,0.0920908466,-0.9946380984,0.0470566594,,,,
30443,0.0,-982.15625,52.927338,81.051041,0.1109553416,-0.9928168121,0.0447625945,,,,
30444,0.0,-982.060669,51.753735,81.080299,0.1101344667,-0.9929335493,0.0441969004,,,,
30445,0.0,-981.587402,46.889816,80.643616,0.1078691869,-0.9932488545,0.0426726085,,,,
30446,0.0,-983.579773,41.325085,79.701271,0.1075519498,-0.9932923957,0.0424593307,,,,
30447,0.0,-983.418884,39.64275,79.701271,0.1075519498,-0.9932923957,0.0424593307,,,,
30448,0.0,-983.004517,35.351948,79.701271,0.1075519498,-0.9932923957,0.0424593307,,,,
30449,0.0,-982.635742,31.577496,79.701271,0.1075519498,-0.9932923957,0.0424593307,,,,
30450,0.0,-982.457275,29.762215,79.701271,0.1075519498,-0.9932923957,0.0424593307,,,,
30451,0.0,-981.833984,23.665884,79.701271,0.1095580501,-0.9930731287,0.0424593307,,,,
30452,0.0,-981.594116,21.4844925,79.701271,0.1117901527,-0.9928217975,0.0424593307,,,,
30453,0.0,-981.354248,19.303101,79.701271,0.1140222553,-0.9925704663,0.0424593307,,,,
30454,0.0,-980.908447,15.243011,79.701271,0.1173006078,-0.9921883756,0.0424593307,,,,
30455,0.0,-980.236145,9.491582,79.701263,0.1251484536,-0.9911545162,0.0441654802,,,,
30456,0.0,-979.900757,6.973607,79.701267,0.132218726,-0.990171216,0.0450274696,,,,
30457,0.0,-979.565369,4.455632,79.701271,0.1392889984,-0.9891879157,0.0458894589,,,,
30458,0.0,-979.269226,2.325376,79.701271,0.1458052068,-0.9882476161,0.0459074168,,,,
30459,0.0,-978.470093,-3.080083,79.701271,0.1657263412,-0.9850484517,0.0470566419,,,,
30460,0.0,-978.1280825,-5.728081,79.701271,0.1732070339,-0.9837313146,0.0470566507,,,,
30461,0.0,-977.602173,-9.774498,79.701263,0.1866464926,-0.9812870061,0.0473169991,,,,
30462,0.0,-977.385376,-14.146252,79.701248,0.21056264,-0.9763594163,0.0488432675,,,,
30463,0.0,-977.29834,-17.765833,79.701225,0.2318817549,-0.9714324447,0.050496111,,,,
30464,0.0,-977.400238,-19.9114895,79.701248,0.2451996972,-0.967997782,0.0516422729,,,,
30465,0.0,-977.636658,-23.732679,79.701256,0.2636943811,-0.9631281137,0.0533808009,,,,
30466,0.0,-978.201843,-27.895699,79.701263,0.2764069588,-0.9594741362,0.0548504802,,,,
30467,0.0,-978.4930725,-29.7007755,79.701267,0.280863454,-0.9581313336,0.0554798002,,,,
30468,0.0,-979.141663,-33.397877,79.701271,0.2893698675,-0.955563299,0.0562482123,,,,
30469,0.0,-979.917114,-37.092979,79.701263,0.298199999,-0.9528029233,0.0569504176,,,,
30470,0.0,-980.799866,-40.801521,79.701271,0.3074615347,-0.949827882,0.0573968569,,,,
30471,0.0,-981.722168,-44.370167,79.701271,0.3169039224,-0.9466575971,0.058406317,,,,
30472,0.0,-982.70697,-47.86742,79.701271,0.3242898088,-0.9441443518,0.0585453908,,,,
30473,0.0,-983.164856,-49.412708,79.701271,0.3269402349,-0.9432298341,0.0585453908,,,,
30474,0.0,-984.188599,-52.821663,79.701271,0.3360233757,-0.9400323017,0.0585453908,,,,
30475,0.0,-985.410522,-56.727894,79.701271,0.3459915142,-0.9364092638,0.0585453908,,,,
30486,0.0,-987.052185,-87.269432,79.700417,0.5044736677,-0.8608490686,0.0666723311,,,,
30487,0.0,-986.523499,-93.451286,79.700676,0.5278880014,-0.8465767227,0.0681330361,0.1493467474,1074.7429142771,2044.2978825061,7.0
30488,0.0,-986.371887,-95.227768,79.70079,0.5348694649,-0.8421474956,0.0685729622,0.1458819656,1063.3525069796,2044.5972253095,7.0
30489,0.0,-986.019958,-99.366264,79.701141,0.5522460861,-0.8307643242,0.0696770978,0.1372807521,1034.3835545589,2045.5169428083,7.0
30490,0.0,-985.188416,-104.369499,79.701233,0.5729522197,-0.8163697887,0.0725680508,0.1272242342,998.4221363527,2045.4383211788,7.0
30491,0.0,-984.661926,-104.671265,79.701164,0.5866275596,-0.8063582266,0.0751965207,0.120246273,973.1327335684,2046.8489371599,7.0
30492,0.0,-983.643555,-108.943657,79.701202,0.6070203633,-0.7907005746,0.0794913826,0.1109029655,937.0974917145,2047.3215732759,7.0
30493,0.0,-982.856812,-112.571388,79.701256,0.6277709379,-0.7739142953,0.0834284904,0.1014876587,898.9594341833,2047.9849714276,7.0
30494,0.0,-982.329285,-115.539749,79.701195,0.6411017161,-0.7626218119,0.0860032651,0.0958612092,875.4124153377,2048.9999603394,7.0
30495,0.0,-981.429688,-121.404625,79.701218,0.6619992829,-0.7439718006,0.0909005469,0.0875762189,838.8661011106,2049.7810869639,7.0
30496,0.0,-981.2399295,-122.681885,79.7011645,0.6710916658,-0.7354104158,0.0929901144,0.0838351382,821.5952192625,2050.4505825078,7.0
30497,0.0,-981.050171,-123.959145,79.701111,0.6801840487,-0.7268490311,0.0950796818,0.0800940575,804.3243374143,2051.1200780517,7.0
30498,0.0,-980.551697,-127.94548,79.70118,0.6996107915,-0.7076477522,0.0988908452,0.0725057978,767.0510924119,2051.8300440645,7.0
30499,0.0,-980.092346,-131.748749,79.701256,0.7189329784,-0.6875780764,0.1018418452,0.0651782407,728.9841099138,2052.7982257016,7.0
30500,0.0,-979.765869,-134.580338,79.701187,0.7305646351,-0.6748516067,0.104166323,0.0612125211,707.5929613666,2053.9897292752,7.0
30501,0.0,-979.15863,-140.508881,79.701256,0.7465839347,-0.6565252472,0.1076430591,0.0562905486,679.7336062524,2054.9692533863,7.0
30502,0.0,-978.903442,-142.7979205,79.7012595,0.7554561648,-0.6456533545,0.1105105954,0.053724128,664.5696438476,2055.8375896631,7.0
30503,0.0,-978.478577,-146.633606,79.701248,0.7694329597,-0.6283722626,0.1145478946,0.0496990592,640.4625011674,2057.163490318,7.0
30504,0.0,-978.1898805,-149.2001725,79.7012595,0.7772692836,-0.6181824471,0.116337779,0.0475833917,627.0844084496,2057.9187005635,7.0
30505,0.0,-977.703735,-153.33844,79.701233,0.7897874066,-0.6016872487,0.1191986039,0.0442901494,606.1337988497,2059.5043681735,7.0
30506,0.0,-977.4213255,-155.7518995,79.701252,0.7946202782,-0.5950056727,0.1203228937,0.0431871083,598.7949883438,2059.9881415743,7.0
30507,0.0,-977.138916,-158.165359,79.701271,0.7994531499,-0.5883240968,0.1214471834,0.0420840672,591.456177838,2060.4719149751,7.0
30508,0.0,-976.52478,-162.677872,79.701195,0.811357602,-0.5710025238,0.1251197804,0.0395229971,574.000305885,2062.0838107392,7.0
30509,0.0,-975.870056,-166.471481,79.701187,0.8215948249,-0.5554630505,0.1282292602,0.0374168614,558.9995267816,2062.8313874399,7.0
30510,0.0,-975.013733,-170.368179,79.701256,0.8315226492,-0.5398067381,0.1310678045,0.0355296372,545.1527574528,2063.4791545175,7.0
30511,0.0,-974.029175,-173.209564,79.701248,0.8397143885,-0.5263805879,0.1334287168,0.0340779306,534.2814069164,2064.1930172905,7.0
30512,0.0,-972.68396,-176.417221,79.701241,0.8474964665,-0.513297181,0.1351878071,0.0327046399,523.7813548367,2064.954873751,7.0
30513,0.0,-971.223572,-179.590149,79.701263,0.8531673853,-0.5035102923,0.1363187375,0.0318432137,516.9703072975,2065.0344815417,7.0
30514,0.0,-969.661133,-182.384674,79.701271,0.8615419171,-0.488069246,0.1397638586,0.0309448167,509.8362258092,2065.4172012261,7.0
30515,0.0,-969.015747,-183.449539,79.701256,0.8643881248,-0.4827379388,0.1407027087,0.0306510864,507.4690301844,2065.5003511213,7.0
30516,0.0,-966.395569,-187.269974,79.701263,0.8756363259,-0.4609560458,0.1441545997,0.029620438,499.0366151924,2065.6737309704,7.0
30517,0.0,-964.587891,-189.600113,79.701256,0.8827699277,-0.4461010527,0.1473468881,0.0294218435,497.3927631186,2065.7020930934,7.0
30518,0.0,-962.366821,-192.229111,79.701271,0.8898610202,-0.4308573112,0.1500311371,0.0293400964,496.7128479092,2065.7073056825,7.0
30519,0.0,-961.601624,-193.054108,79.70121,0.8921404285,-0.425615857,0.1514483347,0.0294901479,498.0506549019,2066.0733455657,7.0
30520,0.0,-958.80365,-195.973419,79.701233,0.8973458848,-0.4132920497,0.154790325,0.0299744137,501.9598180394,2065.6544423571,7.0
30521,0.0,-956.092957,-198.590195,79.701256,0.9037584462,-0.3975934235,0.1585564268,0.0492626554,649.7638957448,2096.0289070677,3.0
30522,0.0,-955.154907,-199.430893,79.701248,0.906020203,-0.3918227768,0.1600071977,0.0488625238,646.6447227976,2094.2757064651,3.0
30523,0.0,-951.351257,-202.627075,79.701263,0.9129071242,-0.3735902633,0.1644107593,0.0478033189,637.6517168852,2087.3377290742,3.0
30524,0.0,-948.642944,-204.759674,79.701263,0.9159411271,-0.36498826,0.1668395092,0.0475174395,634.3218851037,2082.5220029302,3.0
30525,0.0,-945.953186,-206.771164,79.701271,0.9178094848,-0.3591717452,0.1691786246,0.0475941128,633.3824561858,2077.8029458462,3.0
30526,0.0,-943.117615,-208.795258,79.701271,0.9191511889,-0.3556398449,0.1693558167,0.0473230535,630.1350465382,2072.9176780326,3.0
30527,0.0,-941.079102,-210.043396,79.701271,0.9196360255,-0.3539894221,0.1701795219,0.0474448666,629.9072145993,2069.5709273072,3.0
30528,0.0,-938.571655,-211.337173,79.701271,0.9202770126,-0.3521697486,0.1704895545,0.047414324,628.4889237807,2065.559916291,3.0
30529,0.0,-934.979248,-212.926346,79.701271,0.9209660315,-0.3503639094,0.1704895889,0.0472753672,626.088892749,2060.6206196348,3.0
30530,0.0,-932.065918,-213.947556,79.701271,0.9208546434,-0.3501509214,0.1715256771,0.0475762874,626.8621715776,2056.7890492334,3.0
30531,0.0,-930.819763,-214.32222,79.701271,0.9208387503,-0.3501449885,0.1716230838,0.0476537385,626.884362081,2055.230447619,3.0
30532,0.0,-926.203735,-215.35173,79.701271,0.9208387503,-0.3501449885,0.1716230838,0.0480306658,627.6561460339,2049.8684313322,3.0
30533,0.0,-924.585022,-215.616837,79.701271,0.9210290686,-0.3496440814,0.1716230494,0.0480969831,627.5220244722,2048.0518035898,3.0
30534,0.0,-918.65802,-216.182816,79.701271,0.9212409778,-0.3490853448,0.1716230838,0.0484444991,627.7255526744,2041.5363619341,3.0
30535,0.0,-915.096069,-216.262695,79.701271,0.9212409778,-0.3490853448,0.1716230838,0.0486562086,627.8627020181,2037.6456277046,3.0
30536,0.0,-913.558685,-216.227905,79.701271,0.9211640891,-0.3492881203,0.1716230838,0.0487729895,628.077017453,2035.9638385232,3.0
30537,0.0,-912.021301,-216.193115,79.701271,0.9210872004,-0.3494908958,0.1716230838,0.0488897704,628.2913328879,2034.2820493418,3.0
30538,0.0,-908.523804,-215.992065,79.701271,0.9208851961,-0.3500228257,0.1716230666,0.0491185449,628.5848779574,2030.6063617935,3.0
30539,0.0,-905.283142,-215.730774,79.701271,0.920223638,-0.3517584353,0.1716230151,0.0495370123,630.1580478816,2027.2892879591,3.0
30540,0.0,-902.12146,-215.356461,79.701271,0.9193673122,-0.3539905083,0.1716230323,0.0499749733,631.7688088124,2023.7730233524,3.0
30541,0.0,-899.342407,-214.987274,79.701271,0.9174948539,-0.3588157133,0.1716230666,0.0508179814,635.9869687996,2020.7533815168,3.0
30542,0.0,-895.690979,-214.416916,79.701271,0.9153583216,-0.3642316185,0.1716230494,0.0517842409,640.6391233275,2016.9546055642,3.0
30543,0.0,-892.530212,-213.843765,79.701263,0.9106269216,-0.376369684,0.1706003242,0.0535581501,650.148544089,2013.6273136647,3.0
30544,0.0,-889.979492,-213.409546,79.701271,0.9023758405,-0.3957918215,0.1704895201,0.0571687194,670.1652450646,2010.8752367387,3.0
30545,0.0,-884.399597,-212.390045,79.701271,0.8848956568,-0.4334662482,0.1704895545,0.0656322944,714.4462218585,2005.1239948769,3.0
30546,0.0,-882.703064,-212.155594,79.701271,0.8728535566,-0.456491833,0.1704895459,0.072167151,746.3564484708,2003.2718342193,3.0
30547,0.0,-881.006531,-211.921143,79.701271,0.8608114565,-0.4795174179,0.1704895373,0.0787020077,778.266675083,2001.4196735617,3.0
30548,0.0,-877.480042,-211.311172,79.701271,0.8419107735,-0.5119761392,0.1704895373,0.0898228289,827.5232075,1997.790725097,3.0
30549,0.0,-872.502869,-210.644318,79.701271,0.7993743295,-0.5761371356,0.1704895373,0.1169363596,935.0186910456,1992.5673458909,3.0
30550,0.0,-869.484436,-210.323547,79.701271,0.7657847453,-0.6200863131,0.1704895545,0.1400343443,1015.2583228045,1989.3299212948,3.0
30551,0.0,-865.950928,-209.837158,79.701271,0.7379435771,-0.652972115,0.1704895717,,,,
30552,0.0,-862.482605,-209.43573,79.701263,0.7048499219,-0.688799801,0.1695329517,,,,
30553,0.0,-860.8864135,-209.271103,79.701267,0.6901467986,-0.7033732452,0.1689216788,,,,
30554,0.0,-857.022949,-208.880157,79.701271,0.6572913715,-0.7347940537,0.1674686585,,,,
30555,0.0,-853.839417,-208.603912,79.701271,0.6340181833,-0.7553662688,0.1656585138,,,,
30556,0.0,-850.287842,-208.274994,79.701271,0.6161247907,-0.770388001,0.1639895429,,,,
30557,0.0,-846.986816,-208.010208,79.701271,0.6007488919,-0.7828831328,0.1618479819,,,,
30558,0.0,-843.285828,-207.814529,79.701271,0.5845028456,-0.7954012709,0.1602911154,,,,
30559,0.0,-842.349365,-207.785767,79.701271,0.5804010121,-0.7984962086,0.1598076031,,,,
30560,0.0,-838.507141,-207.70369,79.701271,0.569840822,-0.8063133988,0.1585564268,,,,
30561,0.0,-834.409302,-207.662277,79.701271,0.5590658996,-0.8140735951,0.157256166,,,,
30562,0.0,-830.921204,-207.743668,79.701271,0.5482669285,-0.8216366314,0.1559378756,,,,
30563,0.0,-827.684082,-207.864075,79.701271,0.5403275092,-0.8269178869,0.1557337187,,,,
30564,0.0,-824.045959,-208.052719,79.701271,0.5336449702,-0.8314474875,0.1546548459,,,,
30565,0.0,-822.945435,-208.111389,79.701271,0.5313573552,-0.8329220178,0.1545971323,,,,
30566,0.0,-818.597412,-208.402634,79.701271,0.5255049862,-0.8366267006,0.1545971323,,,,
30567,0.0,-814.770203,-208.694107,79.701271,0.5209969107,-0.8394414455,0.1545971495,,,,
30568,0.0,-811.309998,-209.02594,79.701271,0.5166893149,-0.8420996813,0.1545971495,,,,
30569,0.0,-807.844055,-209.390579,79.701271,0.513453586,-0.8440764991,0.1545971495,,,,
30570,0.0,-806.391052,-209.549973,79.701271,0.512482372,-0.8446665321,0.154597115,,,,
30571,0.0,-802.430603,-210.020889,79.701271,0.5108392815,-0.84566125,0.1545971495,,,,
30572,0.0,-798.427551,-210.541061,79.701271,0.5103146576,-0.845977938,0.1545971495,,,,
30573,0.0,-794.759888,-211.047516,79.701271,0.5093849458,-0.8465380667,0.1545971495,,,,
30574,0.0,-791.71814,-211.518448,79.701271,0.5060716496,-0.8483590663,0.1554939871,,,,
30575,0.0,-788.14032,-212.119659,79.701271,0.4998960196,-0.8517824521,0.1567501958,,,,
30576,0.0,-784.655884,-212.747559,79.701271,0.492460912,-0.8558765767,0.1579795416,,,,
30577,0.0,-783.039795,-213.053802,79.701271,0.4884640898,-0.8580583359,0.1585519636,,,,
30578,0.0,-779.000061,-213.897461,79.701279,0.4731243327,-0.866315627,0.1601580479,,,,
30579,0.0,-773.155273,-215.188538,79.701279,0.451498891,-0.8773521943,0.1624865491,,,,
30580,0.0,-769.957764,-215.99585,79.701271,0.4338078531,-0.8860126416,0.1636836748,,,,
30581,0.0,-768.158966,-216.4205935,79.701271,0.4300372585,-0.887838982,0.1636836748,,,,
30582,0.0,-766.360168,-216.845337,79.701271,0.4262666639,-0.8896653224,0.1636836748,,,,
30583,0.0,-762.879639,-217.645844,79.701271,0.4264067951,-0.8895981675,0.1636836748,,,,
30584,0.0,-759.247681,-218.457047,79.701271,0.4334853347,-0.8865642065,0.161537526,,,,
30780,0.0,-667.804077,1050.310181,-153.529572,1.0,0.0,0.0,,,,
30781,0.0,-666.807495,1047.0,-152.298737,1.0,0.0,0.0,,,,
30782,0.0,-667.620911,1047.065308,-152.109131,1.0,0.0,0.0,,,,
30783,0.0,-671.896729,1046.606445,-152.206421,0.9919160718,-0.1192283534,0.0434408351,,,,
30784,0.0,-670.881104,1045.483887,-152.154175,0.943889283,-0.3087260023,0.1173084691,0.0995766459,1028.6135472309,2364.5489751241,3.0
30785,0.0,-670.741272,1042.180908,-152.295258,0.7194871501,-0.6414562214,0.2662182503,0.0377348316,642.8531117413,2362.4449358101,3.0
30786,0.0,-670.771851,1042.109131,-152.298737,0.7129381686,-0.6472910474,0.2696914305,0.0384485808,648.8232905734,2362.5794693326,3.0
30787,0.0,-670.562927,1044.703857,-152.169617,0.9013164479,-0.4035225189,0.1574745612,0.0659345971,844.4732158767,2364.7956782613,3.0
30788,0.0,-671.130432,1045.868652,-152.156769,0.9624529942,-0.2540037392,0.0957409758,0.1229523494,1136.7351065299,2366.209578484,3.0
30789,0.0,-672.704163,1047.002686,-152.298737,0.9999993223,0.0011602248,9.68134e-05,,,,
30790,0.0,-672.707062,1047.0036015,-152.298737,0.9999984882,0.0015748007,0.0004768414,,,,
30791,0.0,-672.709961,1047.004517,-152.298737,0.9999976541,0.0019893766,0.0008568693,,,,
30792,0.0,-672.717041,1047.006958,-152.298737,0.9999949624,0.0029938095,0.001054615,,,,
30793,0.0,-672.7183225,1047.007324,-152.298737,0.9999943882,0.0031746944,0.001054615,,,,
30794,0.0,-672.719604,1047.00769,-152.298737,0.9999938139,0.0033555793,0.001054615,,,,
30795,0.0,-672.721802,1047.008301,-152.298737,0.9999927088,0.0036701553,0.001054615,,,,
30796,0.0,-672.724182,1047.0090335,-152.298737,0.9999913435,0.0040105788,0.001054615,,,,
30797,0.0,-672.726562,1047.009766,-152.298737,0.9999899782,0.0043510024,0.001054615,,,,
30798,0.0,-672.727722,1047.010132,-152.298737,0.9999892916,0.0045060559,0.001054615,,,,
30799,0.0,-672.727722,1047.010132,-152.298737,0.9999892916,0.0045060559,0.001054615,,,,
30800,0.0,-672.727722,1047.010132,-152.298737,0.9999892916,0.0045060559,0.001054615,,,,
30801,0.0,-672.727722,1047.010132,-152.298737,0.9999892916,0.0045060559,0.001054615,,,,
30802,0.0,-672.727722,1047.010132,-152.298737,0.9999892916,0.0045060559,0.001054615,,,,
30803,0.0,-672.727722,1047.010132,-152.298737,0.9999892916,0.0045060559,0.001054615,,,,
30804,0.0,-672.727722,1047.010132,-152.298737,0.9999892916,0.0045060559,0.001054615,,,,
30805,0.0,-672.727722,1047.010132,-152.298737,0.9999892916,0.0045060559,0.001054615,,,,
30806,0.0,-672.727722,1047.010132,-152.298737,0.9999892916,0.0045060559,0.001054615,,,,
30807,0.0,-672.727722,1047.010132,-152.298737,0.9999892916,0.0045060559,0.001054615,,,,
30808,0.0,-672.727722,1047.010132,-152.298737,0.9999892916,0.0045060559,0.001054615,,,,
30809,0.0,-672.54895,1046.947388,-152.298386,0.9997687559,-0.0211352792,0.0039666867,,,,
30810,0.0,-672.42688,1046.897583,-152.298431,0.9992238233,-0.0389342984,0.005989271,,,,
30811,0.0,-671.679504,1046.439697,-152.297943,0.9876817432,-0.1556635106,0.0159262589,,,,
30812,0.0,-671.22348,1045.847351,-152.2956465,0.9631363152,-0.2497084748,0.0228015898,,,,
30813,0.0,-670.517029,1044.506714,-152.295532,0.9000872541,-0.4341798131,0.0364804726,0.0490460201,739.9655859789,2392.1374152713,3.0
30814,0.0,-670.742249,1042.178589,-152.295456,0.7450890855,-0.664987039,0.0513273093,0.0019554385,149.6177701214,2393.6381992263,3.0
30815,0.0,-671.200012,1041.347046,-152.296951,0.6708898004,-0.7394085999,0.0564074298,0.0042752079,221.1751063059,2394.4584283916,3.0
30816,0.0,-672.696045,1039.989746,-152.298737,0.3945394516,-0.9167855747,0.0619905735,0.0817422721,949.4001359704,2397.5764205997,3.0
30817,0.0,-672.696045,1039.989746,-152.298737,0.1616218766,-0.9854639137,0.0523377863,,,,
30818,0.0,-672.696045,1039.989746,-152.298737,0.0991025319,-0.9940249296,0.0457507115,,,,
30819,0.0,-673.103516,1040.035645,-152.298615,-0.1119130138,-0.993504895,0.0205791381,,,,
30820,0.0,-673.369446,1040.084839,-152.298721,-0.1397122743,-0.9900426509,0.0172055143,,,,
30821,0.0,-673.544678,1040.125854,-152.298737,-0.1582727013,-0.9872836147,0.0148598844,,,,
30822,0.0,-673.544678,1040.125854,-152.298737,-0.1582727013,-0.9872836147,0.0148598844,,,,
30823,0.0,-673.544678,1040.125854,-152.298737,-0.1582727013,-0.9872836147,0.0148598844,,,,
30824,0.0,-673.544678,1040.125854,-152.298737,-0.1582727013,-0.9872836147,0.0148598844,,,,
30825,0.0,-673.544678,1040.125854,-152.298737,-0.1582727013,-0.9872836147,0.0148598844,,,,
30826,0.0,-673.544678,1040.125854,-152.298737,-0.1582727013,-0.9872836147,0.0148598844,,,,
30827,0.0,-673.544678,1040.125854,-152.298737,-0.1582727013,-0.9872836147,0.0148598844,,,,
30828,0.0,-673.544678,1040.125854,-152.298737,-0.1582727013,-0.9872836147,0.0148598844,,,,
30829,0.0,-673.544678,1040.125854,-152.298737,-0.1582727013,-0.9872836147,0.0148598844,,,,
30830,0.0,-673.544678,1040.125854,-152.298737,-0.1582727013,-0.9872836147,0.0148598844,,,,
30831,0.0,-673.544678,1040.125854,-152.298737,-0.1582727013,-0.9872836147,0.0148598844,,,,
30832,0.0,-673.544678,1040.125854,-152.298737,-0.1582727013,-0.9872836147,0.0148598844,,,,
30833,0.0,-673.544678,1040.125854,-152.298737,-0.1582727013,-0.9872836147,0.0148598844,,,,
30834,0.0,-673.637146,1040.150391,-152.298737,-0.1681868989,-0.9857550456,-0.0003962421,,,,
30835,0.0,-673.653229,1040.1548465,-152.298737,-0.1699137904,-0.985456239,-0.0012361113,,,,
30836,0.0,-673.67865,1040.161987,-152.298737,-0.1726493117,-0.9849799717,-0.0025827354,,,,
30837,0.0,-673.72113,1040.174438,-152.298737,-0.1772239009,-0.9841625283,-0.0039757797,,,,
30838,0.0,-674.004089,1040.205933,-152.298843,-0.2068249699,-0.9783770274,-0.0013505528,,,,
30839,0.0,-674.267944,1040.186279,-152.298859,-0.2331536725,-0.9724383342,0.0017467421,,,,
30840,0.0,-675.398926,1040.1698,-152.299576,-0.34327551,-0.9391289083,0.0141002746,,,,
30841,0.0,-676.731873,1040.307983,-152.299088,-0.4673140209,-0.8836382367,0.0283032263,,,,
30842,0.0,-677.61731,1040.5549925,-152.2990265,-0.5452281772,-0.8321987186,0.0371119207,,,,
30843,0.0,-678.502747,1040.802002,-152.298965,-0.6231423335,-0.7807592006,0.0459206151,,,,
30844,0.0,-682.082336,1043.15271,-152.299103,-0.894300124,-0.4420547228,0.0693895543,,,,
30845,0.0,-683.989075,1046.004395,-152.298935,-0.9911440719,-0.1078417136,0.0774828599,,,,
30846,0.0,-684.395691,1047.7103885,-152.2988665,-0.9782163642,0.0698323074,0.0804500226,,,,
30847,0.0,-684.84729,1050.487061,-152.298737,-0.9330921259,0.3497400687,0.0837912218,,,,
30848,0.0,-684.344299,1053.105591,-152.298706,-0.8049686267,0.5874752129,0.0830565124,,,,
30849,0.0,-683.837219,1054.304321,-152.298737,-0.7200190646,0.6890155266,0.0826447263,,,,
30850,0.0,-683.881165,1054.633423,-152.298737,-0.7049580175,0.7044175202,0.0826447263,,,,
30851,0.0,-683.956421,1054.708496,-152.298737,-0.7049580175,0.7044175202,0.0826447263,,,,
30852,0.0,-684.019043,1054.771118,-152.298737,-0.7049580175,0.7044175202,0.0826447263,,,,
30853,0.0,-684.04657,1054.798584,-152.298737,-0.7049580175,0.7044175202,0.0826447263,,,,
30854,0.0,-683.953674,1055.034546,-152.298737,-0.7049580175,0.7044175202,0.0826447263,,,,
30855,0.0,-683.80426,1055.291382,-152.298737,-0.7049580175,0.7044175202,0.0826447263,,,,
30856,0.0,-683.640381,1055.555176,-152.298737,-0.7049580175,0.7044175202,0.0826447263,,,,
31237,0.0,-974.567688,503.120331,78.591537,0.0123530239,-0.9987610324,0.0482058396,,,,
31238,0.0,-974.566895,503.052368,78.590668,0.0123530239,-0.9987610324,0.0482058396,,,,
31239,0.0,-974.564087,502.825043,78.58712,0.0123530239,-0.9987610324,0.0482058396,,,,
31240,0.0,-974.562134,502.672272,78.584122,0.0123530239,-0.9987610324,0.0482058396,,,,
31241,0.0,-974.56134,502.608246,78.582718,0.0123530239,-0.9987610324,0.0482058396,,,,
31242,0.0,-974.516296,497.500397,77.973526,0.0123530239,-0.9987610324,0.0482058396,,,,
31243,0.0,-974.511902,496.458954,77.939674,0.0123530239,-0.9987610324,0.0482058396,,,,
31244,0.0,-974.46759,490.879211,77.554665,0.0123530239,-0.9987610324,0.0482058396,,,,
31245,0.0,-974.429443,486.265015,77.228348,0.0123523665,-0.9987177472,0.0490946072,,,,
31246,0.0,-974.397217,482.466492,77.217323,0.0123519919,-0.9986775958,0.0499047894,,,,
31247,0.0,-974.374878,479.969635,77.164078,0.0123518027,-0.9986622999,0.050209996,,,,
31248,0.0,-974.328247,474.72403,77.255295,0.0123516194,-0.9986474776,0.0505039898,,,,
31249,0.0,-974.266418,469.344452,77.45031,0.0134998572,-0.9985626781,0.0518684076,,,,
31250,0.0,-974.216125,464.288727,77.637764,0.0134990865,-0.9985250121,0.0525887328,,,,
31251,0.0,-974.192352,461.9472505,77.681484,0.0134990104,-0.9985193886,0.0526953114,,,,
31252,0.0,-974.150513,457.88446,77.755928,0.0134989344,-0.9985137651,0.05280189,,,,
31253,0.0,-974.094666,452.667389,77.738304,0.0134989344,-0.9985137651,0.05280189,,,,
31254,0.0,-974.0734255,450.74704,77.7532155,0.0134989344,-0.9985137651,0.05280189,,,,
31255,0.0,-974.030884,446.939911,77.749222,0.0134989344,-0.9985137651,0.05280189,,,,
31256,0.0,-973.96875,441.43515,77.635826,0.0134989344,-0.9985137651,0.05280189,,,,
31257,0.0,-973.9245,437.624542,77.635254,0.0134989344,-0.9985137651,0.05280189,,,,
31285,0.0,-972.613525,335.434052,80.119354,0.0134989344,-0.9985137651,0.05280189,,,,
31286,0.0,-972.551819,330.689728,80.294495,0.0134989344,-0.9985137651,0.05280189,,,,
31287,0.0,-972.525024,328.614288,80.676712,0.0134989344,-0.9985137651,0.05280189,,,,
31288,0.0,-971.773376,306.378143,81.031181,0.0134989344,-0.9985137651,0.05280189,,,,
31289,0.0,-971.490509,311.304657,81.187927,0.0134989344,-0.9985137651,0.05280189,,,,
31290,0.0,-971.207642,316.231171,81.344673,0.0134989344,-0.9985137651,0.05280189,,,,
31291,0.0,-970.825317,314.197357,81.414291,0.0134989344,-0.9985137651,0.05280189,,,,
31292,0.0,-970.253662,308.25943,81.479538,0.0134989344,-0.9985137651,0.05280189,,,,
31293,0.0,-970.0023805,305.806488,81.395397,0.0134989344,-0.9985137651,0.05280189,,,,
31294,0.0,-969.751099,303.353546,81.311256,0.0134989344,-0.9985137651,0.05280189,,,,
31295,0.0,-969.176697,297.44458,80.755333,0.0134989344,-0.9985137651,0.05280189,,,,
31296,0.0,-969.0259095,295.5553895,80.6627085,0.0134989344,-0.9985137651,0.05280189,,,,
31297,0.0,-968.774048,291.845062,80.566002,0.0134989344,-0.9985137651,0.05280189,,,,
31298,0.0,-968.515015,286.910339,80.578773,0.0134989344,-0.9985137651,0.05280189,,,,
31299,0.0,-968.4515385,284.8050535,80.6550365,0.0134989344,-0.9985137651,0.05280189,,,,
31300,0.0,-968.239136,281.05191,80.70546,0.0134989344,-0.9985137651,0.05280189,,,,
31301,0.0,-968.122314,276.707123,80.861488,0.0134989344,-0.9985137651,0.05280189,,,,
31302,0.0,-968.280823,274.679596,81.271141,0.0134989344,-0.9985137651,0.05280189,,,,
31303,0.0,-968.348938,270.249023,81.695763,0.0134989344,-0.9985137651,0.05280189,,,,
31304,0.0,-968.163879,268.949585,81.595955,0.0134989344,-0.9985137651,0.05280189,,,,
31305,0.0,-968.273132,264.248352,82.049133,0.0134989344,-0.9985137651,0.05280189,,,,
31306,0.0,-968.452515,259.938141,82.412239,0.0134989344,-0.9985137651,0.05280189,,,,
31307,0.0,-968.715393,258.441925,82.638206,0.0134989344,-0.9985137651,0.05280189,,,,
31308,0.0,-968.860291,254.014175,82.836464,0.0134989344,-0.9985137651,0.05280189,,,,
31309,0.0,-968.865662,250.409409,82.853424,0.0134989344,-0.9985137651,0.05280189,,,,
31310,0.0,-969.036438,246.801666,82.849716,0.0129943586,-0.998520459,0.05280189,,,,
31311,0.0,-969.124939,242.6129,82.797455,0.0123634468,-0.9985284701,0.05280189,,,,
31312,0.0,-969.303711,240.26236,82.620987,0.0117217771,-0.9985362088,0.05280189,,,,
31313,0.0,-969.384644,236.758331,82.433456,0.0096218664,-0.9985586513,0.05280189,,,,
31314,0.0,-969.331604,232.335846,81.971039,0.0077684209,-0.9985747904,0.05280189,,,,
31315,0.0,-969.315186,231.34845,81.932098,0.0077548616,-0.9985748958,0.05280189,,,,
31316,0.0,-969.219788,226.567963,81.489334,0.0077548616,-0.9985748958,0.05280189,,,,
31317,0.0,-969.114807,222.43782,80.93737,0.0077548616,-0.9985748958,0.05280189,,,,
31318,0.0,-969.099487,221.072021,80.93737,0.0077548616,-0.9985748958,0.05280189,,,,
31319,0.0,-969.043396,217.048416,80.775208,0.0077548616,-0.9985748958,0.05280189,,,,
31320,0.0,-968.99707,213.196976,80.582367,0.0077548616,-0.9985748958,0.05280189,,,,
31321,0.0,-968.944946,208.815536,79.909668,0.0077548616,-0.9985748958,0.05280189,,,,
31322,0.0,-968.908386,207.152313,79.650528,0.0077548616,-0.9985748958,0.05280189,,,,
31323,0.0,-968.769531,202.690857,79.657173,0.0077548616,-0.9985748958,0.05280189,,,,
31324,0.0,-968.61731,198.899094,79.71814,0.0077548616,-0.9985748958,0.05280189,,,,
31325,0.0,-968.547119,197.311478,79.775696,0.0077548616,-0.9985748958,0.05280189,,,,
31326,0.0,-968.369751,192.916687,79.90921,0.0077548616,-0.9985748958,0.05280189,,,,
31327,0.0,-968.137634,188.715332,80.412247,0.0077548616,-0.9985748958,0.05280189,,,,
31328,0.0,-968.092896,187.199738,80.486923,0.0077548616,-0.9985748958,0.05280189,,,,
31329,0.0,-967.848694,182.829315,81.03289,0.0077548616,-0.9985748958,0.05280189,,,,
31330,0.0,-967.669312,177.398407,81.361809,0.0077548616,-0.9985748958,0.05280189,,,,
31331,0.0,-967.417847,173.389008,81.844246,0.0077548616,-0.9985748958,0.05280189,,,,
31332,0.0,-967.2341005,171.268013,82.0820315,0.0077548616,-0.9985748958,0.05280189,,,,
31333,0.0,-966.852661,167.454376,82.47274,0.0077548616,-0.9985748958,0.05280189,,,,
31334,0.0,-966.7134095,165.0522155,82.550762,0.0077548616,-0.9985748958,0.05280189,,,,
31335,0.0,-966.415527,160.76947,82.584297,0.0077548616,-0.9985748958,0.05280189,,,,
31336,0.0,-966.28244,158.635887,82.533394,0.0077548616,-0.9985748958,0.05280189,,,,
31337,0.0,-966.149353,156.502304,82.482491,0.0077548616,-0.9985748958,0.05280189,,,,
31338,0.0,-965.963867,152.285934,82.298904,0.0077548616,-0.9985748958,0.05280189,,,,
31339,0.0,-965.9394733333,151.549316,82.2762066667,0.0077548616,-0.9985748958,0.05280189,,,,
31340,0.0,-965.9150796667,150.812698,82.2535093333,0.0077548616,-0.9985748958,0.05280189,,,,
31341,0.0,-965.890686,150.07608,82.230812,0.0077553282,-0.9986349809,0.0516529741,,,,
31342,0.0,-965.580139,140.270859,80.92849,0.0077550859,-0.9986195002,0.051951443,,,,
31343,0.0,-965.539795,135.862167,80.906876,0.0077553282,-0.9986349809,0.0516529741,,,,
31344,0.0,-965.642822,128.080536,80.936981,0.0077553282,-0.9986349809,0.0516529741,,,,
31345,0.0,-965.53833,127.066704,80.854462,0.0077553282,-0.9986349809,0.0516529741,,,,
31346,0.0,-965.63269,122.618294,80.969711,0.0077553282,-0.9986349809,0.0516529741,,,,
31347,0.0,-965.666077,118.239532,81.032669,0.0077553282,-0.9986349809,0.0516529741,,,,
31348,0.0,-965.7921755,116.442108,81.2262305,0.0077553282,-0.9986349809,0.0516529741,,,,
31349,0.0,-965.969116,112.619438,81.518768,0.0077553282,-0.9986349809,0.0516529741,,,,
31350,0.0,-966.109009,108.609764,81.74472,0.0077553282,-0.9986349809,0.0516529741,,,,
31351,0.0,-965.932129,106.063385,81.692299,0.0077553282,-0.9986349809,0.0516529741,,,,
31352,0.0,-966.282227,101.397072,81.905762,0.0077553282,-0.9986349809,0.0516529741,,,,
31353,0.0,-966.671875,97.462105,82.084221,0.0077553282,-0.9986349809,0.0516529741,,,,
31354,0.0,-966.83551,95.90358,82.109444,0.0077553282,-0.9986349809,0.0516529741,,,,
31355,0.0,-967.121887,91.391617,82.134438,0.0077553282,-0.9986349809,0.0516529741,,,,
31356,0.0,-969.977661,86.818565,79.701271,0.0077553282,-0.9986349809,0.0516529741,,,,
31357,0.0,-969.946045,82.799919,79.701271,0.0077553282,-0.9986349809,0.0516529741,,,,
31358,0.0,-969.926208,80.278694,79.701271,0.0077553282,-0.9986349809,0.0516529741,,,,
31359,0.0,-969.893311,76.085808,79.701271,0.0077553282,-0.9986349809,0.0516529741,,,,
31360,0.0,-969.862,72.089485,79.701271,0.0077553282,-0.9986349809,0.0516529741,,,,
31361,0.0,-969.846375,70.104828,79.701271,0.0077553282,-0.9986349809,0.0516529741,,,,
31362,0.0,-969.807922,65.193298,79.701271,0.0077553282,-0.9986349809,0.0516529741,,,,
31363,0.0,-969.774109,60.880199,79.701271,0.0077553282,-0.9986349809,0.0516529741,,,,
31364,0.0,-969.74115,56.652325,79.701271,0.0077553282,-0.9986349809,0.0516529741,,,,
31365,0.0,-969.730164,55.246918,79.701271,0.0077553282,-0.9986349809,0.0516529741,,,,
31366,0.0,-969.684875,49.45409,79.701271,0.0077553282,-0.9986349809,0.0516529741,,,,
31367,0.0,-969.666443,47.074001,79.701271,0.0077553282,-0.9986349809,0.0516529741,,,,
31368,0.0,-969.638062,43.454868,79.701271,0.0077553282,-0.9986349809,0.0516529741,,,,
31369,0.0,-969.586243,36.809486,79.701271,0.0077553282,-0.9986349809,0.0516529741,,,,
31370,0.0,-969.5578005,33.1626635,79.701271,0.0077553282,-0.9986349809,0.0516529741,,,,
31371,0.0,-969.510498,27.103424,79.701271,0.0077553282,-0.9986349809,0.0516529741,,,,
31372,0.0,-969.4934385,24.9144715,79.701271,0.0077553282,-0.9986349809,0.0516529741,,,,
31373,0.0,-969.476379,22.725519,79.701271,0.0077553282,-0.9986349809,0.0516529741,,,,
31374,0.0,-969.427246,16.423826,79.701271,0.0077553282,-0.9986349809,0.0516529741,,,,
31375,0.0,-969.394836,12.256565,79.701271,0.0077553282,-0.9986349809,0.0516529741,,,,
31376,0.0,-969.375305,9.74594,79.701271,0.0077553282,-0.9986349809,0.0516529741,,,,
31377,0.0,-969.355774,7.235315,79.701271,0.0077553282,-0.9986349809,0.0516529741,,,,
31378,0.0,-969.305115,1.308308,79.701271,0.0082935415,-0.9986213541,0.0518325022,,,,
31379,0.0,-969.241455,-4.251765,79.701271,0.0105955453,-0.9985594528,0.0525999397,,,,
31380,0.0,-969.175873,-6.727001,79.7012445,0.0157133375,-0.9983908034,0.0542221626,,,,
31381,0.0,-969.04071,-11.232183,79.701225,0.0264534639,-0.9979879819,0.0576211962,,,,
31382,0.0,-968.984131,-16.348402,79.701256,0.0407971385,-0.9972531594,0.061820138,,,,
31383,0.0,-969.184937,-20.008034,79.701164,0.061445442,-0.9958991018,0.0664035888,,,,
31384,0.0,-969.4276735,-22.46869,79.7012175,0.0727989132,-0.9949062379,0.0687495833,,,,
31385,0.0,-969.963196,-27.254562,79.701241,0.0959567112,-0.992718665,0.0728145705,,,,
31386,0.0,-970.562012,-30.985855,79.701202,0.1341451627,-0.9879207351,0.0775738137,,,,
31387,0.0,-971.338135,-35.073299,79.701225,0.1760167761,-0.9808951641,0.0828418462,,,,
31388,0.0,-971.731079,-36.8713835,79.701168,0.1977236886,-0.9763641934,0.0844046366,,,,
31389,0.0,-972.740662,-41.059605,79.701157,0.2417656378,-0.9663977604,0.0873197868,,,,
31390,0.0,-973.967773,-45.642879,79.701233,0.2887552187,-0.9531501777,0.090139683,,,,
31391,0.0,-974.298584,-46.816311,79.701271,0.3024260018,-0.9488508125,0.090667795,,,,
31392,0.0,-975.795654,-51.73024,79.701248,0.3471703624,-0.9333477805,0.0912943593,,,,
31393,0.0,-977.149902,-55.967472,79.701271,0.3809484805,-0.9200263781,0.0918134996,,,,
31394,0.0,-978.493469,-60.067581,79.701271,0.4082455063,-0.9082432977,0.0918134996,,,,
31395,0.0,-978.990784,-61.593773,79.701271,0.4200716506,-0.9028344752,0.0918134996,,,,
31396,0.0,-980.616638,-66.599823,79.701286,0.4584568218,-0.8840473895,0.0909810729,,,,
31397,0.0,-981.2976075,-68.734421,79.7012785,0.4765189074,-0.8742183824,0.090824434,,,,
31398,0.0,-982.803467,-73.589027,79.701271,0.5204140564,-0.8490868965,0.0906678124,,,,
31409,0.0,-988.576965,-110.301041,79.703262,0.7711527069,-0.6304753266,0.0884554416,0.1220977018,1008.2465194569,2105.6029967399,3.0
31410,0.0,-988.722351,-112.391724,79.703087,0.779145442,-0.6206477841,0.0879130725,0.1168998301,987.9062006771,2105.5815185357,3.0
31411,0.0,-989.093384,-117.624763,79.7024,0.7992967852,-0.5946772749,0.0865077328,0.1039519376,934.7578046244,2105.5140057669,3.0
31412,0.0,-989.33728,-122.330544,79.701416,0.8183985693,-0.5683118376,0.0851201327,0.0916762237,880.5022887277,2105.1163328416,3.0
31413,0.0,-989.069824,-126.094872,79.701279,0.8331441766,-0.5468284664,0.0827611584,0.0822230839,835.6457053531,2104.3901543902,3.0
31414,0.0,-988.863647,-127.912674,79.701309,0.8394185444,-0.5373484177,0.0814443701,0.0782267736,815.765100528,2103.9544975016,3.0
31415,0.0,-988.148987,-133.643112,79.701286,0.8590170714,-0.5058178881,0.0789805999,0.0662571069,752.5417610691,2102.398343819,3.0
31416,0.0,-987.536438,-137.957642,79.701286,0.8684255739,-0.4896001453,0.0782861436,0.060895694,721.9408911951,2100.91152564,3.0
31417,0.0,-986.959106,-141.759796,79.701286,0.8768046596,-0.474589048,0.0773228583,0.0561701081,693.705072288,2099.3899406845,3.0
31418,0.0,-986.652313,-143.384102,79.7012785,0.8812471544,-0.4662260634,0.0771167484,0.0537101879,678.3269665816,2098.5704433674,3.0
31419,0.0,-986.0224,-146.784348,79.701271,0.8889306106,-0.4515386207,0.0769106211,0.049584168,652.0922867004,2096.881756143,3.0
31420,0.0,-985.025208,-151.867401,79.701271,0.8984323805,-0.4323239658,0.0769106385,0.0449460393,620.8052074098,2094.2583857704,3.0
31421,0.0,-984.6763615,-153.397232,79.701271,0.90134076,-0.426172844,0.0769106385,0.0435709834,611.1332375443,2093.4329553723,3.0
31422,0.0,-983.928772,-156.661911,79.701271,0.9064824388,-0.4151798909,0.0769106385,0.0412195166,594.351770314,2091.6991945121,3.0
31423,0.0,-982.864441,-161.185287,79.701271,0.9121603282,-0.4025522195,0.0769106385,0.0387535064,576.0573309691,2089.508375895,3.0
31424,0.0,-981.991455,-164.427322,79.701271,0.9169230909,-0.3915824295,0.0769106385,0.0366266711,559.9172831765,2087.9673616701,3.0
31425,0.0,-980.866516,-168.468887,79.701271,0.9227329609,-0.3776885443,0.0769106385,0.0340833802,539.9373740508,2085.880930051,3.0
31426,0.0,-980.45813,-169.879089,79.701271,0.924501573,-0.373338446,0.0769106385,0.033328827,533.831473725,2085.1067050065,3.0
31427,0.0,-979.179932,-174.004501,79.701241,0.929697883,-0.3600091121,0.0778157159,0.0313223213,517.151721691,2082.589604013,3.0
31428,0.0,-978.526001,-176.0613935,79.701252,0.931628637,-0.3547946192,0.0784698317,0.0306712848,511.487007315,2081.2866834748,3.0
31429,0.0,-977.022705,-180.685791,79.701263,0.9360864465,-0.3425624213,0.0799571896,0.0291791296,498.380210642,2078.2655883819,3.0
31430,0.0,-976.216125,-182.80867,79.701271,0.9382358082,-0.3365371037,0.0803513913,0.0284121202,491.4961101672,2076.6351137807,3.0
31431,0.0,-974.482178,-186.491074,79.701271,0.9405958821,-0.3298833739,0.0803513913,0.0275601391,483.4350882136,2073.4596131003,3.0
31432,0.0,-972.488037,-189.864731,79.701263,0.9417758017,-0.3262152594,0.0814981215,0.0272635133,480.2037633719,2070.6186001584,3.0
31433,0.0,-971.551147,-191.316193,79.701263,0.942085444,-0.3251848375,0.0820355875,0.0272298859,479.6565153254,2069.5179484245,3.0
31434,0.0,-969.202454,-194.728638,79.701271,0.9436294452,-0.3205203883,0.0826447263,0.0267299179,474.7064323296,2066.9646002534,3.0
31435,0.0,-966.977722,-197.330002,79.701263,0.9462171704,-0.3122955093,0.0845256247,0.026070183,468.4155362617,2064.8732477283,3.0
31436,0.0,-964.685669,-199.792892,79.701271,0.9481958723,-0.3061212029,0.0849376063,0.0254584514,462.5757366846,2063.163849296,3.0
31437,0.0,-963.5660705,-200.852722,79.701256,0.9491736372,-0.3028127986,0.0857972891,0.0252791599,460.7750646453,2062.3243895296,3.0
31438,0.0,-960.857605,-203.359833,79.701248,0.9511847134,-0.2959058272,0.0876777196,0.0249574534,457.3538905288,2059.9847994535,3.0
31439,0.0,-958.338501,-205.581161,79.701256,0.952984305,-0.2894856108,0.0895488448,0.0247481587,454.917941737,2057.5499256466,3.0
31440,0.0,-956.028748,-207.272644,79.701187,0.9560739173,-0.2781026372,0.0926368602,0.024398289,451.2807090554,2055.499553149,3.0
31441,0.0,-954.527588,-208.343536,79.70118,0.957618491,-0.2722150972,0.0941581992,0.0242816302,449.896580117,2054.0511446483,3.0
31442,0.0,-950.517822,-211.127823,79.701248,0.9614058249,-0.2572029118,0.0977010845,0.0241107008,447.4830193456,2050.1721894349,3.0
31443,0.0,-947.928711,-212.651978,79.701202,0.964354211,-0.2448198665,0.1004200617,0.0241301834,447.1313897149,2047.7441059975,3.0
31444,0.0,-944.228821,-214.792664,79.701263,0.967021335,-0.232878154,0.1031382717,0.024399882,448.7809708445,2044.0478058059,3.0
31445,0.0,-942.471924,-215.720932,79.701256,0.9680812635,-0.2279200484,0.1042646575,0.0245704777,449.9349750643,2042.2654186858,3.0
31446,0.0,-938.759583,-217.07576,79.701263,0.9709180257,-0.2133872299,0.1085544907,0.0254508263,457.004576244,2038.6169414366,3.0
31447,0.0,-935.63678,-217.948685,79.701271,0.9732110301,-0.2012339662,0.1111988392,0.0261886884,462.7869216479,2035.5013098614,3.0
31448,0.0,-934.327881,-218.235764,79.701248,0.9740863563,-0.1960805185,0.112730656,0.0266573241,466.5544081476,2034.1958639947,3.0
31449,0.0,-931.36908,-218.663422,79.70121,0.9760353184,-0.1838598286,0.1164071334,0.0279368303,476.7735801562,2031.2491921497,3.0
31450,0.0,-927.133118,-218.978928,79.701263,0.9778907418,-0.1711264734,0.1201891312,0.0295258153,488.9287375099,2027.0256305203,3.0
31451,0.0,-925.856812,-219.052063,79.701248,0.9782113716,-0.1685379917,0.121233072,0.0299690379,492.2184951615,2025.7460539548,3.0
31452,0.0,-921.623108,-218.831039,79.701263,0.9790440473,-0.1611271016,0.1245424046,0.0314518616,503.0189512256,2021.5670484658,3.0
31453,0.0,-918.499878,-218.507263,79.701263,0.9798387894,-0.1542713729,0.1269499515,0.032737094,512.2491476745,2018.5056998148,3.0
31454,0.0,-917.259766,-218.292404,79.701202,0.9806190767,-0.1478898665,0.1285099758,0.0337347709,519.5491376125,2017.2823827598,3.0
31455,0.0,-911.187073,-216.96434,79.701233,0.983347237,-0.1228916772,0.1338874423,0.0379858707,549.1148305637,2011.4121310749,3.0
31456,0.0,-907.683167,-215.763885,79.701233,0.9857332648,-0.0955145254,0.138588983,0.0430597597,582.9001037114,2008.0270079144,3.0
31457,0.0,-906.245514,-215.2297665,79.7011035,0.9863914258,-0.0831962608,0.141248336,0.0458783317,600.5166570176,2006.6396856476,3.0
31458,0.0,-902.582581,-213.865692,79.701027,0.9875077328,-0.055615503,0.1474292829,0.0526588119,641.4600603974,2003.1481381503,3.0
31459,0.0,-900.800995,-213.1573105,79.700741,0.9869841158,-0.0318978258,0.1556120922,0.060183143,682.3970302417,2001.4684797633,3.0
31460,0.0,-899.019409,-212.448929,79.700455,0.9864604987,-0.0081801486,0.1637949014,0.0677074741,723.3340000861,1999.7888213762,3.0
31461,0.0,-894.101685,-210.638733,79.70121,0.9773146107,0.0807268045,0.1958043277,0.1033954152,883.4871656175,1995.0840937344,3.0
31462,0.0,-890.527588,-209.782349,79.701271,0.9761139221,0.0877359318,0.1987561757,0.1077175659,899.1608920931,1991.5956319732,3.0
31463,0.0,-888.6547545,-209.3765795,79.701271,0.9761139221,0.0877359318,0.1987561757,0.1081968195,900.2278496766,1989.799101543,3.0
31464,0.0,-884.423462,-208.466812,79.701271,0.9761139221,0.0877359318,0.1987561757,0.109242428,902.4843431138,1985.7568983955,3.0
31465,0.0,-880.688904,-207.752792,79.701271,0.9761139221,0.0877359318,0.1987561757,0.1103397167,905.1341101753,1982.2349623496,3.0
31466,0.0,-876.92627,-207.05899,79.701271,0.9761139221,0.0877359318,0.1987561757,0.1113488158,907.52509244,1978.9734275427,3.0
31467,0.0,-875.2171635,-206.759071,79.701271,0.9761139221,0.0877359318,0.1987561757,0.1118019092,908.616189151,1977.5782092352,3.0
31468,0.0,-869.695679,-205.820404,79.701271,0.9761139221,0.0877359318,0.1987561757,0.1132619524,912.1514459738,1973.1909973833,3.0
31469,0.0,-868.110657,-205.562683,79.701271,0.9761139221,0.0877359318,0.1987561757,0.1136801017,913.1686449047,1971.9735761607,3.0
31470,0.0,-863.963745,-204.914368,79.701271,0.9761139221,0.0877359318,0.1987561757,0.1147654075,915.8265185757,1968.9061391621,3.0
31471,0.0,-860.762329,-204.436234,79.701271,0.9761139221,0.0877359318,0.1987561757,0.1157277689,918.3679802561,1966.6456642285,3.0
31472,0.0,-856.55719,-203.825974,79.701271,0.9761139221,0.0877359318,0.1987561757,0.1169733855,921.5520442332,1963.57777466,3.0
31473,0.0,-852.716736,-203.285675,79.701271,0.9761139221,0.0877359318,0.1987561757,0.1182537953,924.9254342289,1960.7338825276,3.0
31474,0.0,-851.050598,-203.061905,79.701271,0.9761139221,0.0877359318,0.1987561757,0.1187974711,926.3630848895,1959.5658646184,3.0
31475,0.0,-845.659546,-202.544357,79.701271,0.9761139221,0.0877359318,0.1987561757,0.1205291776,930.7812624151,1955.6167185007,3.0
31476,0.0,-843.996338,-202.494385,79.701271,0.9761139221,0.0877359318,0.1987561757,0.1210497277,932.0815649925,1954.4041079643,3.0
31477,0.0,-839.545959,-202.618347,79.701271,0.9761139221,0.0877359318,0.1987561757,0.1224063867,935.3534877234,1951.0703594877,3.0
31478,0.0,-835.971985,-203.026306,79.701256,0.9781985251,0.0748020896,0.1937325295,0.1171620363,915.2189763917,1948.6107206192,3.0
31479,0.0,-834.147705,-203.286423,79.701248,0.9793781826,0.0712451469,0.1890568814,0.1149663734,906.593037831,1947.4549169782,3.0
31480,0.0,-829.242676,-204.202072,79.701271,0.9806734386,0.0722044169,0.1818409443,0.1145383231,903.5066047793,1944.2274327002,3.0
31481,0.0,-827.912842,-204.486603,79.701294,0.9809430823,0.0755549929,0.179003107,0.1152789173,905.8249619454,1943.3266015576,3.0
31482,0.0,-823.09491,-205.738739,79.701271,0.9812103491,0.0879763051,0.1717161044,0.1191283134,918.262526596,1939.9019536978,3.0
31483,0.0,-821.500122,-206.201004,79.701286,0.9808283738,0.0943715372,0.1704984285,,,,
31484,0.0,-818.245667,-207.222122,79.701309,0.9792106848,0.1128800773,0.1685364145,,,,
31485,0.0,-814.451416,-208.557129,79.701286,0.9770421441,0.1319624208,0.1672559957,,,,
31486,0.0,-811.346436,-209.662567,79.701271,0.9723880065,0.162921106,0.1670876357,,,,
31487,0.0,-809.985474,-210.14827,79.701271,0.9688863871,0.1825949292,0.1670875841,0.1481391731,668.4217922678,1276.1786362322,6.0
31488,0.0,-807.11676,-211.191895,79.701271,0.9579193277,0.2333930303,0.1670875669,0.1291155212,626.3816812241,1274.460370954,6.0
31489,0.0,-803.513428,-212.667038,79.701271,0.944048404,0.2843489733,0.1670876185,0.1123596685,585.9887911402,1272.4023432861,6.0
31490,0.0,-800.184326,-214.017639,79.701263,0.9223000999,0.3479766897,0.1681509715,0.094594636,539.3930665907,1270.5109513224,6.0
31491,0.0,-798.779114,-214.600876,79.701271,0.9116245546,0.3750227714,0.1682218547,0.0880223844,520.889208456,1269.718343559,6.0
31492,0.0,-796.90741,-215.379532,79.701302,0.8956220003,0.4118341008,0.1680889823,0.0801188298,497.5692961516,1268.6712549502,6.0
31493,0.0,-790.104858,-218.206879,79.701309,0.8543458077,0.4922494618,0.166684457,0.0675971625,457.1578572656,1264.8910574401,6.0
31494,0.0,-788.483795,-218.8363495,79.7013435,0.8399015866,0.5162147143,0.1652350563,0.065138162,448.6484575633,1263.9807114186,6.0
31495,0.0,-786.862732,-219.46582,79.701378,0.8254573656,0.5401799668,0.1637856556,0.0626791615,440.139057861,1263.0703653971,6.0
31496,0.0,-785.296997,-220.018982,79.701332,0.8130020675,0.5592696901,0.1620032469,0.0612991745,435.0825999383,1262.086160837,6.0
31497,0.0,-780.165588,-221.508362,79.701469,0.7810123883,0.6045766983,0.1565460483,0.0595680247,427.9954727843,1258.8771895565,6.0
31498,0.0,-778.317383,-222.081726,79.701439,0.7742007515,0.6136445473,0.1550921209,0.0594390954,427.1628996803,1257.7484519214,6.0
31499,0.0,-774.665161,-223.095688,79.701393,0.7586528831,0.6335529082,0.1518437205,0.0542488975,748.3071024995,2303.2483389346,0.0
31500,0.0,-769.094116,-224.420258,79.701271,0.7439936232,0.6513823021,0.1489113331,0.0500861137,717.7598863942,2296.7451060852,0.0
31501,0.0,-766.6271665,-224.9687805,79.701271,0.743473551,0.6519753592,0.1489113417,0.0503413577,718.7625274253,2294.2793527785,0.0
31502,0.0,-762.089417,-225.961624,79.701263,0.7455617648,0.6496245125,0.1487469247,0.0516257716,726.095855881,2289.4148312136,0.0
31503,0.0,-759.5401005,-226.432228,79.701263,0.7526172912,0.641442213,0.1483313763,0.0541361512,741.9151148991,2286.5978495851,0.0
31504,0.0,-754.105286,-227.445023,79.70121,0.7802626881,0.6078510954,0.1473335785,0.0570490231,413.4502789392,1241.8474836229,6.0
31505,0.0,-751.253296,-228.1651615,79.701229,0.8218502681,0.5454180516,0.1464688579,0.0617640805,428.6958443388,1240.049026103,6.0
31506,0.0,-746.306641,-229.714569,79.701431,0.8964714187,0.4182099675,0.1464220563,0.0799031538,484.5688039325,1237.1202715114,6.0
31507,0.0,-743.331299,-231.995125,79.701351,0.9401808556,0.2577119136,0.1482266226,0.1081338035,706.3071390124,1539.0270465911,4.5
31508,0.0,-738.783936,-236.240463,79.701271,0.9877757884,-0.0422413519,0.1500488587,0.0869573999,749.4637950308,1837.5326501654,3.0
31509,0.0,-737.812073,-238.1980435,79.701271,0.9473180054,-0.2186320988,0.1484435828,0.0665632877,649.7406955782,1834.4111603309,3.0
31510,0.0,-736.456177,-242.293762,79.701271,0.843912073,-0.5164756005,0.1451391303,0.064891915,648.1520420511,1829.0643475771,3.0
31511,0.0,-736.533295,-244.9037475,79.701271,0.7174601758,-0.6558717093,0.1401312256,,,,
31512,0.0,-737.024658,-248.934341,79.701271,0.4893969431,-0.8622914073,0.1301697392,,,,
31513,0.0,-737.234985,-252.660416,79.701271,0.2828173109,-0.951633896,0.1200303991,,,,
31514,0.0,-737.046234,-254.062828,79.701271,0.237391336,-0.9632145692,0.1168560637,,,,
31515,0.0,-736.518677,-256.540985,79.701271,0.1905574757,-0.9750860061,0.1135567223,,,,
31516,0.0,-735.936523,-259.753723,79.701271,0.1905574757,-0.9750860061,0.1135567223,,,,
31517,0.0,-735.793762,-260.986603,79.701271,0.1905574757,-0.9750860061,0.1135567223,,,,
31518,0.0,-735.434937,-264.308197,79.701271,0.1905574757,-0.9750860061,0.1135567223,,,,
31519,0.0,-735.371521,-265.335876,79.701271,0.1905574757,-0.9750860061,0.1135567223,,,,
31520,0.0,-734.960388,-269.248108,79.701271,0.1905574757,-0.9750860061,0.1135567223,,,,
31521,0.0,-734.726685,-271.284302,79.701271,0.1905574757,-0.9750860061,0.1135567223,,,,
31522,0.0,-734.414368,-274.365967,79.701271,0.1905574757,-0.9750860061,0.1135567223,,,,
31523,0.0,-734.218384,-275.96051,79.701271,0.1905574757,-0.9750860061,0.1135567223,,,,
31524,0.0,-733.680969,-280.276306,79.701271,0.1905574757,-0.9750860061,0.1135567223,,,,
31525,0.0,-733.236938,-283.890167,79.701271,0.1905574757,-0.9750860061,0.1135567223,,,,
31526,0.0,-733.013428,-285.302551,79.701271,0.1905574757,-0.9750860061,0.1135567223,,,,
31527,0.0,-732.263916,-288.733276,79.701271,0.1910890824,-0.9753586712,0.1102743174,,,,
31528,0.0,-731.179443,-292.25296,79.701271,0.191819164,-0.9757174605,0.1057395177,,,,
31529,0.0,-730.550964,-293.955109,79.701271,0.1903521354,-0.9759702979,0.1060567872,,,,
31530,0.0,-728.991394,-297.134521,79.701271,0.187608515,-0.976729639,0.1039339093,,,,
31531,0.0,-728.47644,-298.119751,79.701271,0.1874023738,-0.9768403228,0.1032634207,,,,
31532,0.0,-726.326416,-301.723938,79.701271,0.1874023738,-0.9768403228,0.1032634207,,,,
31533,0.0,-725.321899,-303.386139,79.701271,0.1879608667,-0.9766922951,0.1036478325,,,,
31534,0.0,-723.05365,-306.463989,79.701271,0.1932429058,-0.9753157133,0.1068477359,,,,
31535,0.0,-719.601929,-310.665375,79.701263,0.2057165385,-0.9719522095,0.1139719628,,,,
31536,0.0,-718.3155825,-312.0662385,79.7012555,0.2111481934,-0.9703947235,0.1170850173,,,,
31537,0.0,-717.029236,-313.467102,79.701248,0.2165798484,-0.9688372375,0.1201980718,,,,
31538,0.0,-714.420715,-316.12854,79.701256,0.2265256172,-0.9651305637,0.1311836108,,,,
31539,0.0,-711.781616,-318.664093,79.701263,0.2362780192,-0.960942301,0.1440923029,,,,
31540,0.0,-710.609985,-319.698395,79.701172,0.2423971639,-0.9583426253,0.1510729208,,,,
31541,0.0,-705.537781,-324.142761,79.701241,0.2603825883,-0.950384541,0.1702061454,,,,
31542,0.0,-704.123688,-325.2437895,79.701241,0.2669004191,-0.9474191396,0.1762754327,,,,
31543,0.0,-702.709595,-326.344818,79.701241,0.27341825,-0.9444537382,0.18234472,,,,
31544,0.0,-698.341675,-329.803528,79.701271,0.2821980041,-0.9395477364,0.1939441606,,,,
31545,0.0,-696.6632995,-331.1039125,79.701267,0.2829122556,-0.9388628664,0.1961915988,,,,
31546,0.0,-693.683594,-333.387238,79.701271,0.2838030069,-0.9379172677,0.1994167801,,,,
31547,0.0,-691.414215,-335.070969,79.701271,0.2839465368,-0.937703641,0.2002137466,,,,
31548,0.0,-688.204224,-337.429688,79.701271,0.2840900668,-0.9374900144,0.2010107131,,,,
31549,0.0,-684.319092,-340.153717,79.701271,0.2840900668,-0.9374900144,0.2010107131,,,,
31550,0.0,-682.459595,-341.454315,79.701271,0.2840900668,-0.9374900144,0.2010107131,,,,
31551,0.0,-678.873352,-343.857483,79.701271,0.2840900668,-0.9374900144,0.2010107131,,,,
31552,0.0,-677.1219785,-345.1273345,79.701271,0.2840900668,-0.9374900144,0.2010107131,,,,
31553,0.0,-674.539856,-347.063599,79.701271,0.2840900668,-0.9374900144,0.2010107131,,,,
31554,0.0,-672.4233705,-348.940979,79.701271,0.2840900668,-0.9374900144,0.2010107131,,,,
31555,0.0,-668.741516,-352.321808,79.701271,0.2840900668,-0.9374900144,0.2010107131,,,,
31556,0.0,-665.985535,-355.348755,79.701271,0.2840900668,-0.9374900144,0.2010107131,,,,
31557,0.0,-665.19043,-356.268127,79.701271,0.2838582372,-0.9375602351,0.2010107131,,,,
31558,0.0,-661.875305,-360.384857,79.701271,0.283049136,-0.9378048197,0.2010107131,,,,
31559,0.0,-660.746338,-361.831726,79.701271,0.2822610737,-0.9380423085,0.2010107302,,,,
31560,0.0,-658.784241,-364.74234,79.701271,0.2781057634,-0.9392826399,0.2010107131,,,,
31561,0.0,-656.652466,-368.021515,79.701271,0.2740700967,-0.9404681113,0.2010107302,,,,
31562,0.0,-654.707581,-371.230804,79.701271,0.2682889469,-0.9423575055,0.1999584275,,,,
31563,0.0,-653.950195,-372.554535,79.701271,0.2652890501,-0.9432222797,0.1998835938,,,,
31564,0.0,-652.188171,-375.859924,79.701271,0.2541305449,-0.9462897027,0.199883628,,,,
31565,0.0,-650.526978,-379.272491,79.701271,0.2380453702,-0.9504635487,0.1998835767,,,,
31566,0.0,-648.991333,-382.737885,79.701271,0.2176217452,-0.9553467076,0.1998835767,,,,
31567,0.0,-648.303711,-384.436859,79.701271,0.2047177847,-0.9581947457,0.1998836109,,,,
31568,0.0,-647.060364,-387.821838,79.701271,0.1759339754,-0.9638951111,0.1998835938,,,,
31569,0.0,-645.612488,-391.828003,79.701271,0.1504041162,-0.9682071873,0.1998835767,,,,
31570,0.0,-644.762085,-394.402161,79.701271,0.1307243171,-0.9710600953,0.1998835767,,,,
31571,0.0,-643.640381,-398.287811,79.701271,0.100615387,-0.9746399846,0.1998835767,,,,
31572,0.0,-642.700134,-401.813965,79.701271,0.0733094243,-0.9770733258,0.1998835767,,,,
33362,0.0,-807.809753,-561.066284,35.365826,0.9166433116,0.3989812773,0.024061998,0.0630717498,1007.7369276669,2883.1880311758,7.0
33363,0.0,-807.426636,-560.899536,35.365826,0.9166433116,0.3989812773,0.024061998,0.0625023617,1002.7741392559,2881.6041480289,7.0
33364,0.0,-807.299011,-560.843994,35.365826,0.9166433116,0.3989812773,0.024061998,0.0623132684,1001.1050492248,2881.0288251928,7.0
33365,0.0,-806.927124,-560.682129,35.365826,0.9166433116,0.3989812773,0.024061998,0.061764051,996.1766615174,2879.1557185844,7.0
33366,0.0,-804.119141,-560.874268,36.752789,0.9130616526,0.4069911588,0.0260118266,0.0588664013,972.165462849,2875.9327844639,7.0
33367,0.0,-800.955139,-561.063049,38.237335,0.9091286065,0.415507284,0.0289633183,0.0561086132,948.7372073709,2872.7323689733,7.0
33368,0.0,-798.954224,-561.092896,39.07412,0.9066944513,0.4206520867,0.0309353182,0.0544680772,934.440993394,2870.5272872943,7.0
33369,0.0,-791.872314,-561.722717,42.387863,0.8993108888,0.4357813187,0.0365317336,0.0499729714,893.8434456377,2863.3442037528,7.0
33370,0.0,-789.533142,-561.805145,43.5225865,0.8949742526,0.4443071768,0.0389230609,0.0475116491,870.9486164967,2860.4891982317,7.0
33371,0.0,-787.19397,-561.887573,44.65731,0.8906376164,0.452833035,0.0413143882,0.0450503269,848.0537873557,2857.6341927105,7.0
33372,0.0,-781.650818,-561.749634,47.329124,0.8783302574,0.4755797533,0.0485783621,0.0390561556,788.8254915554,2850.3855778263,7.0
33373,0.0,-779.159851,-561.5159915,48.537754,0.8734657154,0.4841088063,0.0509347294,0.0369947987,766.9893803798,2847.2147214762,7.0
33374,0.0,-776.668884,-561.282349,49.746384,0.8686011735,0.4926378593,0.0532910967,0.0349334418,745.1532692042,2844.0438651262,7.0
33375,0.0,-772.677734,-560.725159,51.679474,0.8600713769,0.5068033779,0.0585453908,0.0319283517,711.5597246329,2838.5899238949,7.0
33376,0.0,-771.092285,-560.446045,52.441353,0.8565388706,0.5125861133,0.0599719897,0.0306565161,696.846179537,2836.0559120676,7.0
33377,0.0,-764.107971,-559.225098,55.84494,0.8457401455,0.5296596218,0.0646860988,0.0273992633,657.1326486138,2826.5977353865,7.0
33378,0.0,-760.323608,-558.756897,57.678402,0.8387167714,0.5403814796,0.067394613,0.0254859349,632.8164500025,2820.9628019514,7.0
33379,0.0,-758.588562,-558.566833,58.522552,0.8359551363,0.5445383702,0.068242022,0.0247754745,623.5055856425,2818.5200147837,7.0
33380,0.0,-753.656921,-558.028687,60.922188,0.8278914999,0.5563998941,0.0708154099,0.0228848272,598.2950183809,2812.7140580535,7.0
33381,0.0,-751.999481,-557.738434,61.7263015,0.8250789527,0.5604873352,0.071231162,0.0222244646,589.2368159793,2810.8030115475,7.0
33382,0.0,-748.523865,-557.081299,63.419254,0.8198771145,0.5680035338,0.0719270652,0.0210586293,573.0112589319,2806.9303821902,7.0
33383,0.0,-743.654236,-556.008667,65.797897,0.8130743861,0.5775581618,0.0730521212,0.0197952256,554.7186968709,2801.8025422491,7.0
33384,0.0,-741.7435305,-555.4452515,66.726795,0.8093154544,0.5826216559,0.0742913004,0.0192736557,546.9556305036,2799.5855625937,7.0
33385,0.0,-738.324219,-554.414795,68.392143,0.802930144,0.5912385935,0.0757635095,0.0183376453,532.9230565276,2795.6184375135,7.0
33386,0.0,-734.580139,-553.144348,70.210869,0.795682145,0.6008586047,0.0765431986,0.017321231,517.246102318,2791.1403312791,7.0
33387,0.0,-732.3581235,-552.38974,71.2977905,0.7921665718,0.6053677745,0.0772578628,0.0169888815,511.8142835698,2788.5903363927,7.0
33388,0.0,-728.093933,-550.997925,73.388168,0.7851970351,0.6141828757,0.0790253842,0.0164464974,502.8029370414,2783.8070877805,7.0
33389,0.0,-724.429504,-550.036133,75.167274,0.7733031244,0.6287434196,0.0817556726,0.0156991468,490.6060199127,2779.6562252722,7.0
33390,0.0,-720.402832,-549.074341,77.141808,0.7628706691,0.6411204923,0.0836233016,,,,
33391,0.0,-718.150574,-548.562134,78.249603,0.756486862,0.6484175933,0.0853361138,,,,
33392,0.0,-714.431702,-547.814026,79.521294,0.7417209007,0.6648010626,0.0888237168,,,,
33393,0.0,-712.909241,-547.514099,79.773415,0.7356959786,0.6712768075,0.0902157127,,,,
33394,0.0,-708.002014,-546.689636,79.722427,0.7213092003,0.6861775873,0.0941984935,,,,
33395,0.0,-704.019348,-546.054016,79.701233,0.7091158114,0.6982821093,0.0977592037,,,,
33396,0.0,-700.361633,-545.52356,79.701172,0.6982289515,0.7086421296,0.1015020368,,,,
33397,0.0,-698.702576,-545.314087,79.701187,0.6948361226,0.7117944248,0.1027202981,,,,
33398,0.0,-695.401611,-544.884827,79.701263,0.6886279663,0.7174935759,0.1048546258,,,,
33399,0.0,-691.162292,-544.353394,79.701241,0.6775883097,0.7273710607,0.1086527615,,,,
33400,0.0,-686.639526,-543.798523,79.701263,0.6660984356,0.7373779246,0.1121903308,,,,
33401,0.0,-685.563965,-543.665344,79.701248,0.6629241128,0.7401114526,0.1129896382,,,,
33402,0.0,-679.679565,-543.043335,79.701263,0.6515153992,0.7497470279,0.1157889403,,,,
33403,0.0,-677.759155,-542.851868,79.701248,0.6477817042,0.7528263939,0.116753091,,,,
33404,0.0,-673.494751,-542.162781,79.70118,0.6333042594,0.7644864322,0.1203586719,,,,
33405,0.0,-671.595581,-541.762756,79.701202,0.6284388585,0.7683055978,0.121536454,,,,
33406,0.0,-667.243774,-540.653137,79.701256,0.6133242199,0.7799489529,0.124551323,,,,
33407,0.0,-664.418396,-539.611206,79.701187,0.6016449567,0.7885893019,0.1270836689,,,,
33408,0.0,-662.642883,-538.908936,79.701202,0.5963350083,0.7924198668,0.1282782624,,,,
33409,0.0,-658.658142,-537.203491,79.701263,0.584934806,0.8005409688,0.1303281629,,,,
33410,0.0,-654.601074,-534.959229,79.701241,0.572640983,0.8090843077,0.1321547868,,,,
33411,0.0,-652.546997,-533.7430115,79.7012485,0.5673001662,0.8126308742,0.1332638408,,,,
33412,0.0,-650.49292,-532.526794,79.701256,0.5619593495,0.8161774407,0.1343728947,,,,
33413,0.0,-648.067078,-530.797302,79.701256,0.5531176825,0.8219789542,0.1356887182,,,,
33414,0.0,-644.905945,-528.483093,79.701263,0.5454004318,0.8270186321,0.1363031589,,,,
33415,0.0,-641.089722,-525.275818,79.701263,0.5395596355,0.8305636126,0.1379836411,,,,
33416,0.0,-638.16333,-522.449707,79.701271,0.5369355693,0.8321492157,0.1386646212,,,,
33417,0.0,-636.667725,-520.487671,79.701271,0.5356127971,0.833001236,0.1386646039,,,,
33418,0.0,-635.6175845,-518.9731445,79.701271,0.5348176718,0.8335114206,0.1386646212,,,,
33419,0.0,-634.567444,-517.458618,79.701271,0.5340225466,0.8340216051,0.1386646385,,,,
33420,0.0,-632.117676,-513.032043,79.701271,0.5308592666,0.8360386127,0.1386646212,,,,
33421,0.0,-630.615173,-509.696136,79.701271,0.5286182257,0.8374574071,0.1386645693,,,,
33422,0.0,-630.102264,-508.199417,79.701271,0.5278819392,0.8379212558,0.1386645953,,,,
33423,0.0,-629.589355,-506.702698,79.701271,0.5271456528,0.8383851046,0.1386646212,,,,
33424,0.0,-628.25592,-501.990875,79.701271,0.5259732148,0.8391211475,0.1386646212,,,,
33425,0.0,-627.600159,-498.938599,79.701271,0.5259473783,0.8390795381,0.1390139705,,,,
33426,0.0,-627.272797,-496.9907535,79.701271,0.5259224282,0.8390399288,0.139346634,,,,
33427,0.0,-626.680786,-493.416504,79.701271,0.5258881388,0.8389854199,0.1398039009,,,,
33428,0.0,-626.259888,-489.112427,79.701271,0.5258881388,0.8389854199,0.1398039009,,,,
33429,0.0,-626.09436,-487.376984,79.701271,0.5258881388,0.8389854199,0.1398039009,,,,
33430,0.0,-625.881897,-482.891754,79.701271,0.5258881388,0.8389854199,0.1398039009,,,,
33431,0.0,-625.812256,-479.169708,79.701271,0.5258881388,0.8389854199,0.1398039009,,,,
33432,0.0,-625.813232,-477.50885,79.701271,0.5258881388,0.8389854199,0.1398039009,,,,
33433,0.0,-625.858765,-473.002716,79.701271,0.5258881388,0.8389854199,0.1398039009,,,,
33434,0.0,-625.980713,-469.691071,79.701271,0.5258881388,0.8389854199,0.1398039009,,,,
33435,0.0,-626.165161,-466.163971,79.701271,0.5258881388,0.8389854199,0.1398039009,,,,
33436,0.0,-626.298035,-464.15683,79.701271,0.5258881388,0.8389854199,0.1398039009,,,,
33437,0.0,-626.596558,-459.952515,79.701271,0.5258881388,0.8389854199,0.1398039009,,,,
33438,0.0,-626.92041,-456.447418,79.701271,0.5258881388,0.8389854199,0.1398039009,,,,
33439,0.0,-627.3125,-452.50293,79.701271,0.5258881388,0.8389854199,0.1398039009,,,,
33440,0.0,-627.422668,-451.416321,79.701271,0.5258881388,0.8389854199,0.1398039009,,,,
33441,0.0,-627.951355,-446.942993,79.701271,0.5258881388,0.8389854199,0.1398039009,,,,
33442,0.0,-628.417847,-443.179565,79.701271,0.5258881388,0.8389854199,0.1398039009,,,,
33443,0.0,-628.987488,-438.929535,79.701271,0.5258881388,0.8389854199,0.1398039009,,,,
33444,0.0,-629.124023,-437.897552,79.701271,0.5258881388,0.8389854199,0.1398039009,,,,
33445,0.0,-629.769226,-433.49115,79.701271,0.5258881388,0.8389854199,0.1398039009,,,,
33446,0.0,-630.423523,-429.156342,79.701271,0.5258881388,0.8389854199,0.1398039009,,,,
33447,0.0,-630.972961,-425.663452,79.701271,0.5258881388,0.8389854199,0.1398039009,,,,
33448,0.0,-631.241699,-423.987946,79.701271,0.5258881388,0.8389854199,0.1398039009,,,,
33449,0.0,-632.095215,-418.885376,79.701271,0.5258881388,0.8389854199,0.1398039009,,,,
33450,0.0,-632.420532,-417.130615,79.701271,0.5258881388,0.8389854199,0.1398039009,,,,
33451,0.0,-633.356628,-412.192566,79.701271,0.5258881388,0.8389854199,0.1398039009,,,,
33452,0.0,-634.017151,-408.778381,79.701271,0.5258881388,0.8389854199,0.1398039009,,,,
33453,0.0,-634.659729,-405.507751,79.701271,0.5258881388,0.8389854199,0.1398039009,,,,
33454,0.0,-635.297791,-402.303162,79.701271,0.5258881388,0.8389854199,0.1398039009,,,,
33455,0.0,-635.940674,-399.112915,79.701271,0.5258881388,0.8389854199,0.1398039009,,,,
33456,0.0,-636.574829,-396.006958,79.701271,0.5258881388,0.8389854199,0.1398039009,,,,
33457,0.0,-637.698914,-390.539642,79.701271,0.5258881388,0.8389854199,0.1398039009,,,,
33458,0.0,-638.452576,-386.942383,79.701271,0.5258881388,0.8389854199,0.1398039009,,,,
33459,0.0,-638.7852175,-385.362961,79.701271,0.5258881388,0.8389854199,0.1398039009,,,,
33460,0.0,-639.117859,-383.783539,79.701271,0.5258881388,0.8389854199,0.1398039009,,,,
33461,0.0,-640.069397,-379.30368,79.701271,0.5258881388,0.8389854199,0.1398039009,,,,
33462,0.0,-640.802612,-375.877563,79.701271,0.5258881388,0.8389854199,0.1398039009,,,,
33463,0.0,-641.451721,-372.862823,79.701271,0.5258881388,0.8389854199,0.1398039009,,,,
33464,0.0,-642.758545,-366.847992,79.701271,0.5254847217,0.8392381554,0.1398038836,,,,
33465,0.0,-643.557678,-363.200867,79.701271,0.5250131062,0.8395332678,0.1398039009,,,,
33466,0.0,-644.338379,-359.642273,79.701271,0.5249225499,0.8395898915,0.1398039009,,,,
33467,0.0,-645.037903,-356.489594,79.701271,0.5241034861,0.8401014255,0.1398039009,,,,
33468,0.0,-645.4171755,-354.7785035,79.701271,0.5240298762,0.8401473386,0.1398039009,,,,
33469,0.0,-646.206177,-351.222717,79.701271,0.5239562662,0.8401932518,0.1398039009,,,,
33470,0.0,-647.315186,-346.271362,79.701271,0.5230270757,0.8407719949,0.1398039009,,,,
33471,0.0,-647.649811,-344.8170165,79.701271,0.5213661712,0.8418006672,0.1398039182,,,,
33472,0.0,-648.355957,-341.742554,79.701271,0.5182596008,0.8437190591,0.1398039182,,,,
33473,0.0,-649.481873,-337.144012,79.701271,0.5047547389,0.8518670805,0.1398039009,,,,
33474,0.0,-650.380615,-334.113403,79.701225,0.4787963187,0.8665863204,0.1406493316,,,,
33475,0.0,-651.5896,-329.950592,79.701256,0.4505643641,0.881394501,0.141899568,,,,
33476,0.0,-652.911255,-326.185547,79.701256,0.4050647488,0.9026624885,0.1453374732,,,,
33477,0.0,-653.430298,-324.749054,79.70121,0.3876020832,0.9100599619,0.1468178835,,,,
33478,0.0,-654.731567,-321.378143,79.700943,0.3391312186,0.9284734818,0.1514166772,,,,
33479,0.0,-656.260437,-317.129028,79.701065,0.2875867484,0.944838022,0.156764072,,,,
33480,0.0,-657.485107,-313.378601,79.701187,0.2352978029,0.9581883168,0.1628192048,,,,
33481,0.0,-658.471863,-309.7724,79.701263,0.1843699628,0.968369213,0.1681332333,,,,
33482,0.0,-658.775085,-308.532684,79.701065,0.1667141978,0.9712531793,0.1699224471,,,,
33483,0.0,-659.612305,-304.077942,79.701134,0.1252321949,0.9767311815,0.1741065665,,,,
33484,0.0,-660.18573,-300.579285,79.701248,0.0959785331,0.9797301848,0.1758319829,,,,
33485,0.0,-660.537109,-298.063446,79.701187,0.0738928627,0.9813796085,0.1772961048,,,,
33486,0.0,-660.972534,-294.120667,79.701225,0.0520731216,0.9824577919,0.1790672418,,,,
33487,0.0,-661.273376,-290.614746,79.701241,0.0308106428,0.982985476,0.1810808056,,,,
33488,0.0,-661.330383,-287.681671,79.701256,0.0112876269,0.9831346121,0.1825347197,,,,
33489,0.0,-661.175964,-284.261017,79.701263,-0.0073929265,0.9829493944,0.1837276044,,,,
33490,0.0,-660.802673,-280.936646,79.701271,-0.0208387583,0.9825367349,0.1848981092,,,,
33491,0.0,-659.920898,-276.09729,79.701271,-0.0343815073,0.9820978458,0.1852072713,,,,
33492,0.0,-659.4405515,-274.243759,79.701271,-0.0376350289,0.98197315,0.1852072799,,,,
33493,0.0,-658.960205,-272.390228,79.701271,-0.0408885506,0.9818484541,0.1852072884,,,,
33494,0.0,-657.664734,-268.281738,79.701271,-0.0456138223,0.9816402769,0.1852073056,,,,
33495,0.0,-656.530457,-265.041809,79.701271,-0.0491451323,0.9814698277,0.1852072713,,,,
33496,0.0,-655.17804,-261.685547,79.701271,-0.0509445254,0.9813780729,0.1852072713,,,,
33497,0.0,-653.817566,-258.562347,79.701271,-0.0531847523,0.9812592127,0.1852072884,,,,
33498,0.0,-653.113098,-257.033997,79.701271,-0.0532996002,0.9812529811,0.1852072884,,,,
33499,0.0,-655.628784,-253.331161,79.391014,-0.0540974019,0.9812093241,0.1852072713,,,,
33500,0.0,-653.771118,-249.717224,79.361275,-0.0554029888,0.9811364682,0.1852072884,,,,
33501,0.0,-651.379089,-245.332367,79.365479,-0.0566860299,0.9810631755,0.1852072884,,,,
33502,0.0,-650.2508545,-243.431595,79.509472,-0.0569571564,0.9810474378,0.1852072712,,,,
33503,0.0,-648.431274,-240.411453,79.723465,-0.0574265912,0.9810201053,0.1852072884,,,,
33504,0.0,-646.281799,-236.942993,79.981041,-0.0578146917,0.9809973098,0.1852072884,,,,
33505,0.0,-644.050476,-233.433609,80.077469,-0.0578146917,0.9809973098,0.1852072884,,,,
33506,0.0,-641.964844,-230.324097,80.492416,-0.0582577764,0.9809710931,0.1852073056,,,,
33507,0.0,-640.210205,-227.194916,80.602654,-0.0588705151,0.9809345183,0.1852072713,,,,
33508,0.0,-638.291992,-224.155869,80.965942,-0.058943277,0.9809301455,0.1852072884,,,,
33509,0.0,-637.217773,-221.741882,81.064941,-0.058943277,0.9809301455,0.1852072884,,,,
33510,0.0,-635.508057,-217.945419,81.103477,-0.058943277,0.9809301455,0.1852072884,,,,
33511,0.0,-634.862305,-216.464127,81.12291,-0.058943277,0.9809301455,0.1852072884,,,,
33512,0.0,-633.062988,-211.631561,81.091698,-0.058943277,0.9809301455,0.1852072884,,,,
33513,0.0,-632.4425045,-209.914215,80.9546205,-0.058943277,0.9809301455,0.1852072884,,,,
33514,0.0,-631.362488,-206.345459,80.713669,-0.0595868226,0.9808912668,0.1852072713,,,,
33515,0.0,-630.557129,-202.620621,80.631851,-0.0600717843,0.9808616829,0.1852072884,,,,
33516,0.0,-630.014282,-199.501953,80.369644,-0.0600717843,0.9808616829,0.1852072884,,,,
33517,0.0,-629.757751,-197.975174,80.369644,-0.0600717843,0.9808616829,0.1852072884,,,,
33518,0.0,-628.81543,-192.929459,79.614403,-0.0600717843,0.9808616829,0.1852072884,,,,
33519,0.0,-628.318115,-189.382782,79.554634,-0.0609709999,0.980806201,0.1852072713,,,,
33520,0.0,-628.16803,-188.23999,79.485542,-0.0613324998,0.9807836585,0.1852072884,,,,
33521,0.0,-627.63678,-183.41658,79.227577,-0.0621236523,0.9807338673,0.1852072713,,,,
33522,0.0,-627.4852905,-181.19931,79.2331235,-0.0627726086,0.9806923254,0.1852072884,,,,
33523,0.0,-627.113342,-176.8853,79.204796,-0.0641176745,0.9806055256,0.1852072541,,,,
33524,0.0,-627.148621,-174.413605,79.435944,-0.0648668898,0.9805562469,0.1852072713,,,,
33525,0.0,-627.268372,-171.779938,79.576439,-0.0653009102,0.9805274418,0.1852072541,,,,
33526,0.0,-627.482544,-167.0401,79.939857,-0.0657130981,0.9804998975,0.1852072884,,,,
33527,0.0,-627.753662,-163.92276,79.982582,-0.066131658,0.9804717591,0.1852072713,,,,
33528,0.0,-628.359131,-159.791016,79.740395,-0.0667839188,0.9804275437,0.1852072884,,,,
33529,0.0,-628.816406,-157.626923,80.057701,-0.0668410888,0.9804236478,0.1852072884,,,,
33530,0.0,-629.940125,-153.966385,80.176216,-0.0673542913,0.9803885249,0.1852072884,,,,
33531,0.0,-630.573486,-152.091354,80.09082,-0.0676629021,0.980367274,0.1852072884,,,,
33532,0.0,-632.613831,-146.768097,79.892876,-0.0679690081,0.9803460992,0.1852072884,,,,
33533,0.0,-633.6869815,-144.5552215,79.874306,-0.0679690081,0.9803460992,0.1852072884,,,,
33534,0.0,-634.760132,-142.342346,79.855736,-0.0679690081,0.9803460992,0.1852072884,,,,
33535,0.0,-636.979004,-138.744095,79.900322,-0.0679690081,0.9803460992,0.1852072884,,,,
33536,0.0,-637.773865,-137.391525,79.862122,-0.0679690081,0.9803460992,0.1852072884,,,,
33537,0.0,-640.713013,-133.548386,79.920036,-0.0679690081,0.9803460992,0.1852072884,,,,
33538,0.0,-641.590088,-132.187347,79.885086,-0.0679690081,0.9803460992,0.1852072884,,,,
33539,0.0,-644.814514,-127.942558,79.591286,-0.0679690081,0.9803460992,0.1852072884,,,,
33540,0.0,-648.12677,-123.949326,79.113815,-0.0679690081,0.9803460992,0.1852072884,,,,
33541,0.0,-649.690277,-122.2170755,78.8492695,-0.0679690081,0.9803460992,0.1852072884,,,,
33542,0.0,-652.519897,-118.990639,78.481094,-0.0679690081,0.9803460992,0.1852072884,,,,
33543,0.0,-653.9459835,-117.4698795,78.3152845,-0.0679690081,0.9803460992,0.1852072884,,,,
33544,0.0,-655.37207,-115.94912,78.149475,-0.0679690081,0.9803460992,0.1852072884,,,,
33545,0.0,-660.302063,-110.702408,77.828903,-0.0679690081,0.9803460992,0.1852072884,,,,
33546,0.0,-661.694153,-109.295952,77.7485425,-0.0679690081,0.9803460992,0.1852072884,,,,
33547,0.0,-663.086243,-107.889496,77.668182,-0.0679690081,0.9803460992,0.1852072884,,,,
33548,0.0,-666.8927,-103.877678,77.624748,-0.0679690081,0.9803460992,0.1852072884,,,,
33549,0.0,-670.141602,-100.583939,77.879723,-0.0679690081,0.9803460992,0.1852072884,,,,
33550,0.0,-671.015442,-99.563835,78.309006,-0.0679690081,0.9803460992,0.1852072884,,,,
33551,0.0,-673.661621,-95.879532,79.141609,-0.0679690081,0.9803460992,0.1852072884,,,,
33552,0.0,-675.437134,-93.059235,79.465424,-0.0679690081,0.9803460992,0.1852072884,,,,
33553,0.0,-676.139038,-91.645088,79.827682,-0.0679690081,0.9803460992,0.1852072884,,,,
33554,0.0,-677.631287,-88.908188,80.29837,-0.0679690081,0.9803460992,0.1852072884,,,,
33555,0.0,-679.28772,-85.332733,80.71563,-0.0679690081,0.9803460992,0.1852072884,,,,
33556,0.0,-680.073303,-83.546722,80.826073,-0.0679690081,0.9803460992,0.1852072884,,,,
33557,0.0,-681.724365,-79.512184,80.758057,-0.0679690081,0.9803460992,0.1852072884,,,,
33558,0.0,-683.181946,-75.621307,80.87838,-0.0679690081,0.9803460992,0.1852072884,,,,
33559,0.0,-683.808655,-73.809898,80.84687,-0.0679690081,0.9803460992,0.1852072884,,,,
33560,0.0,-685.128601,-69.799217,80.425201,-0.0679690081,0.9803460992,0.1852072884,,,,
33561,0.0,-686.188599,-66.282364,80.202789,-0.0679690081,0.9803460992,0.1852072884,,,,
33562,0.0,-686.625427,-64.552193,79.713097,-0.0679690081,0.9803460992,0.1852072884,,,,
33563,0.0,-687.674683,-60.455681,79.478897,-0.0679690081,0.9803460992,0.1852072884,,,,
33564,0.0,-688.042969,-58.971893,79.44355,-0.0679690081,0.9803460992,0.1852072884,,,,
33565,0.0,-688.968201,-54.819889,79.091812,-0.0679690081,0.9803460992,0.1852072884,,,,
33566,0.0,-689.89624,-50.655334,78.995674,-0.0679690081,0.9803460992,0.1852072884,,,,
33567,0.0,-690.340637,-48.637249,78.996208,-0.0679690081,0.9803460992,0.1852072884,,,,
33568,0.0,-691.10376,-45.02179,79.031029,-0.0679690081,0.9803460992,0.1852072884,,,,
33569,0.0,-692.040405,-40.813946,79.411156,-0.0679690081,0.9803460992,0.1852072884,,,,
33570,0.0,-692.444214,-38.696247,79.540749,-0.0679690081,0.9803460992,0.1852072884,,,,
33571,0.0,-693.133362,-34.921894,79.959,-0.0679690081,0.9803460992,0.1852072884,,,,
33572,0.0,-693.432434,-33.069492,80.012161,-0.0679690081,0.9803460992,0.1852072884,,,,
33573,0.0,-694.24115,-28.707352,80.616112,-0.0679690081,0.9803460992,0.1852072884,,,,
33574,0.0,-695.063049,-25.332355,81.562576,-0.0679690081,0.9803460992,0.1852072884,,,,
33575,0.0,-692.113281,-20.043587,79.701271,-0.0679690081,0.9803460992,0.1852072884,,,,
33576,0.0,-692.456726,-17.358677,79.701271,-0.0679690081,0.9803460992,0.1852072884,,,,
33577,0.0,-692.918884,-13.645011,79.701271,-0.0679690081,0.9803460992,0.1852072884,,,,
33578,0.0,-693.31897,-10.330354,79.701271,-0.0679690081,0.9803460992,0.1852072884,,,,
33579,0.0,-693.643066,-7.512874,79.701271,-0.0679690081,0.9803460992,0.1852072884,,,,
33580,0.0,-694.071167,-3.661411,79.701271,-0.0679690081,0.9803460992,0.1852072884,,,,
33581,0.0,-694.783752,2.991535,79.701271,-0.0679690081,0.9803460992,0.1852072884,,,,
33582,0.0,-695.132019,6.422593,79.701271,-0.0679690081,0.9803460992,0.1852072884,,,,
33583,0.0,-695.309662,8.2231375,79.701271,-0.0679690081,0.9803460992,0.1852072884,,,,
33584,0.0,-695.487305,10.023682,79.701271,-0.0679690081,0.9803460992,0.1852072884,,,,
33585,0.0,-695.829529,13.548524,79.701271,-0.0679690081,0.9803460992,0.1852072884,,,,
33586,0.0,-696.455627,20.256165,79.701271,-0.0679690081,0.9803460992,0.1852072884,,,,
33587,0.0,-696.704102,23.000677,79.701271,-0.0679690081,0.9803460992,0.1852072884,,,,
33588,0.0,-696.928711,25.524609,79.701271,-0.0679690081,0.9803460992,0.1852072884,,,,
33589,0.0,-697.1413575,27.954587,79.701271,-0.0679690081,0.9803460992,0.1852072884,,,,
33590,0.0,-697.616028,33.432686,79.701271,-0.0679690081,0.9803460992,0.1852072884,,,,
33617,0.0,-695.127197,121.837463,79.700798,0.1680406416,0.9726465967,0.1603774941,,,,
33618,0.0,-694.960388,125.665222,79.700874,0.177878008,0.9710676853,0.1593328744,,,,
33619,0.0,-694.770569,129.9552,79.700989,0.1893405391,0.9690974806,0.1581146211,,,,
33620,0.0,-694.626831,133.144836,79.701088,0.1982614016,0.967466457,0.1571657445,,,,
33621,0.0,-694.430237,137.407227,79.701263,0.2109159671,0.9650051895,0.1558186096,,,,
33622,0.0,-693.628601,142.733246,79.701271,0.2117128902,0.9648443742,0.1557337015,,,,
33623,0.0,-693.2537535,145.0398105,79.701271,0.2117128902,0.9648443742,0.1557337015,,,,
33624,0.0,-692.878906,147.346375,79.701271,0.2117128902,0.9648443742,0.1557337015,,,,
33625,0.0,-692.356323,150.460892,79.701271,0.2117128902,0.9648443742,0.1557337015,,,,
33626,0.0,-691.824707,153.532074,79.701271,0.2117128902,0.9648443742,0.1557337015,,,,
33627,0.0,-690.711609,159.804565,79.701271,0.2117128902,0.9648443742,0.1557337015,,,,
33628,0.0,-690.233643,162.421768,79.701271,0.2117128902,0.9648443742,0.1557337015,,,,
33629,0.0,-689.612671,165.774841,79.701271,0.2117128902,0.9648443742,0.1557337015,,,,
33630,0.0,-688.946411,169.337601,79.701271,0.2117128902,0.9648443742,0.1557337015,,,,
33631,0.0,-688.398132,172.210464,79.701271,0.2117128902,0.9648443742,0.1557337015,,,,
33632,0.0,-687.850891,175.049286,79.701271,0.2117128902,0.9648443742,0.1557337015,,,,
33633,0.0,-687.111572,178.842224,79.701271,0.2117128902,0.9648443742,0.1557337015,,,,
33634,0.0,-686.455078,182.187454,79.701271,0.2117128902,0.9648443742,0.1557337015,,,,
33635,0.0,-685.832825,185.3134,79.701271,0.2117128902,0.9648443742,0.1557337015,,,,
33636,0.0,-685.188416,188.526413,79.701271,0.2117128902,0.9648443742,0.1557337015,,,,
33637,0.0,-684.383667,192.500641,79.701271,0.2117128902,0.9648443742,0.1557337015,,,,
33638,0.0,-684.051392,194.133728,79.701271,0.2117128902,0.9648443742,0.1557337015,,,,
33639,0.0,-683.095032,198.800217,79.701271,0.2117128902,0.9648443742,0.1557337015,,,,
33640,0.0,-682.414001,202.097549,79.701271,0.2117128902,0.9648443742,0.1557337015,,,,
33641,0.0,-682.049072,203.858658,79.701271,0.2117128902,0.9648443742,0.1557337015,,,,
33642,0.0,-681.490112,206.54628,79.701271,0.2117128902,0.9648443742,0.1557337015,,,,
33643,0.0,-680.603516,210.800751,79.701271,0.2117128902,0.9648443742,0.1557337015,,,,
33644,0.0,-679.777588,214.734055,79.701271,0.2117128902,0.9648443742,0.1557337015,,,,
33645,0.0,-678.894287,218.926727,79.701271,0.2117128902,0.9648443742,0.1557337015,,,,
33646,0.0,-678.431641,221.117645,79.701271,0.2117128902,0.9648443742,0.1557337015,,,,
33647,0.0,-677.61554,224.963165,79.701271,0.2117128902,0.9648443742,0.1557337015,,,,
33648,0.0,-677.318359,226.362305,79.701271,0.2117128902,0.9648443742,0.1557337015,,,,
33649,0.0,-676.36676,230.828705,79.701271,0.2117128902,0.9648443742,0.1557337015,,,,
33650,0.0,-675.705688,233.922531,79.701271,0.2117003503,0.9647872258,0.1561043579,,,,
33651,0.0,-675.328979,235.68187,79.701271,0.2116907344,0.9647440464,0.156384008,,,,
33652,0.0,-673.974792,241.997009,79.701271,0.2116743491,0.9646687298,0.1568700473,,,,
33653,0.0,-673.647766,243.518921,79.701271,0.2116743491,0.9646687298,0.1568700473,,,,
33654,0.0,-672.700256,247.919083,79.701271,0.2116743491,0.9646687298,0.1568700473,,,,
33655,0.0,-671.903564,251.613449,79.701271,0.2116743491,0.9646687298,0.1568700473,,,,
33656,0.0,-671.540771,253.293777,79.701271,0.2116743491,0.9646687298,0.1568700473,,,,
33657,0.0,-670.78302,256.79834,79.701271,0.2116743491,0.9646687298,0.1568700473,,,,
33658,0.0,-669.89502,260.900574,79.701271,0.2116743491,0.9646687298,0.1568700473,,,,
33659,0.0,-669.128235,264.439178,79.701271,0.2116743491,0.9646687298,0.1568700473,,,,
33660,0.0,-668.396484,267.811981,79.701271,0.2116743491,0.9646687298,0.1568700473,,,,
33661,0.0,-667.335327,272.697723,79.701271,0.2116743491,0.9646687298,0.1568700473,,,,
33662,0.0,-666.786926,275.2191315,79.701271,0.2116743491,0.9646687298,0.1568700473,,,,
33663,0.0,-665.913635,279.232819,79.701271,0.2116743491,0.9646687298,0.1568700473,,,,
33664,0.0,-664.986023,283.494293,79.701271,0.2116743491,0.9646687298,0.1568700473,,,,
33665,0.0,-664.586487,285.327789,79.701271,0.2116743491,0.9646687298,0.1568700473,,,,
33666,0.0,-664.186951,287.161285,79.701271,0.2116743491,0.9646687298,0.1568700473,,,,
33667,0.0,-663.009949,292.559052,79.701271,0.2116743491,0.9646687298,0.1568700473,,,,
33668,0.0,-662.429291,295.219788,79.701271,0.2116743491,0.9646687298,0.1568700473,,,,
33669,0.0,-661.563354,299.187378,79.701271,0.2116743491,0.9646687298,0.1568700473,,,,
33670,0.0,-660.577759,303.700134,79.701271,0.2116743491,0.9646687298,0.1568700473,,,,
33671,0.0,-659.885864,306.86673,79.701271,0.2116743491,0.9646687298,0.1568700473,,,,
33672,0.0,-659.225281,309.907227,79.701271,0.2112343687,0.9647651682,0.1568700473,,,,
33673,0.0,-658.923645,311.296387,79.701271,0.2110241883,0.9648111658,0.15687003,,,,
33674,0.0,-657.720764,316.852234,79.701271,0.2097882422,0.9650806635,0.15687003,,,,
33675,0.0,-656.958984,320.394714,79.701271,0.20848939,0.965206552,0.1578242257,,,,
33676,0.0,-656.652405,321.819977,79.701271,0.2080019101,0.9652819568,0.1580061682,,,,
33677,0.0,-655.656921,326.456512,79.701271,0.2064354401,0.965618175,0.1580061682,,,,
33678,0.0,-655.222412,328.507736,79.701271,0.2052091402,0.9657920572,0.1585342172,,,,
33679,0.0,-654.467285,332.120239,79.701271,0.2020347046,0.9663621268,0.1591421318,,,,
33680,0.0,-653.597107,336.389679,79.701271,0.1965554021,0.9673348313,0.1600915302,,,,
33681,0.0,-653.217163,338.232788,79.701271,0.1948935941,0.9675783811,0.1606504385,,,,
33682,0.0,-652.216919,343.138947,79.701271,0.1896658232,0.9684898603,0.1614133392,,,,
33683,0.0,-651.456177,346.989502,79.701271,0.184112993,0.9693896944,0.1624377609,,,,
33684,0.0,-651.112427,348.734344,79.701263,0.1817416226,0.9697366269,0.1630363672,,,,
33685,0.0,-650.418884,352.420227,79.701271,0.1741749587,0.9709494631,0.1640738368,,,,
33686,0.0,-649.5849,356.898376,79.701271,0.1654130937,0.9723650581,0.1647564939,,,,
33687,0.0,-649.153809,359.225891,79.701263,0.1610522287,0.9729991099,0.1653327305,,,,
33688,0.0,-648.638184,362.257019,79.701271,0.1524060422,0.9742230001,0.1663188033,,,,
33689,0.0,-647.853027,366.703674,79.701271,0.1443453351,0.9753340427,0.1669967943,,,,
33690,0.0,-647.551392,368.410706,79.701271,0.1415091967,0.9757340156,0.1670876357,,,,
33691,0.0,-646.834412,372.619812,79.701271,0.1351127517,0.9766402953,0.1670876357,,,,
33692,0.0,-646.105591,376.93045,79.701263,0.1295645482,0.97730343,0.1676037992,,,,
33693,0.0,-645.859131,378.4375,79.701263,0.1277752718,0.9774948805,0.1678607712,,,,
33694,0.0,-645.121033,383.026001,80.085182,0.121502929,0.9782323126,0.1682218203,,,,
33695,0.0,-644.935486,384.276703,80.386879,0.1188621862,0.9785376449,0.1683325823,,,,
33696,0.0,-644.229675,388.881042,79.902946,0.1135512203,0.9790368632,0.1690944732,,,,
33697,0.0,-643.575378,393.158661,79.666992,0.1100827066,0.9793877765,0.1693557823,,,,
33698,0.0,-643.275696,395.208008,79.701271,0.1081279787,0.9796055091,0.1693557995,,,,
33699,0.0,-642.680664,399.445251,79.701271,0.103081449,0.9801493877,0.1693558167,,,,
33700,0.0,-641.879333,405.435486,79.701271,0.0954832326,0.98063134,0.1710120675,,,,
33701,0.0,-641.577606,407.806137,79.701271,0.0925821864,0.9808518078,0.1713175756,,,,
33702,0.0,-641.275879,410.176788,79.701271,0.0896811401,0.9810722757,0.1716230838,,,,
33703,0.0,-641.076904,411.833679,79.701263,0.0870928357,0.9812542869,0.1719152768,,,,
33704,0.0,-640.31897,418.15036,79.701271,0.0800293358,0.9816818627,0.1729046725,,,,
33705,0.0,-640.052399,420.5856325,79.701271,0.076740774,0.9818662293,0.1733163099,,,,
33706,0.0,-639.785828,423.020905,79.701271,0.0734522121,0.9820505959,0.1737279472,,,,
33707,0.0,-639.375,427.047638,79.701256,0.0664678932,0.9823356245,0.1749249553,,,,
33708,0.0,-639.229614,428.583832,79.701263,0.0636206898,0.9824318206,0.1754426565,,,,
33709,0.0,-638.658142,434.765564,79.701271,0.0527643685,0.9829143678,0.1763385009,,,,
33710,0.0,-638.4521485,437.068924,79.701267,0.0502099415,0.9829792445,0.1767034356,,,,
33711,0.0,-638.246155,439.372284,79.701263,0.0476555145,0.9830441212,0.1770683702,,,,
33712,0.0,-637.696045,445.70929,79.701271,0.0427875374,0.9831319428,0.1778224106,,,,
33713,0.0,-637.5162355,447.90271,79.701271,0.0417466617,0.9831220576,0.1781209238,,,,
33714,0.0,-637.164917,452.297394,79.701271,0.0394691894,0.9831625947,0.178419437,,,,
33715,0.0,-637.017456,454.322922,79.701271,0.038161779,0.9831727675,0.1786427401,,,,
33716,0.0,-636.714722,458.528259,79.701271,0.0358778961,0.9831598844,0.1791910103,,,,
33717,0.0,-636.556549,460.8004455,79.701271,0.0348017787,0.9831651048,0.1793711861,,,,
33718,0.0,-636.257874,465.288635,79.701271,0.032636678,0.9832070767,0.1795513618,,,,
33719,0.0,-636.0986025,467.832306,79.701271,0.0316200992,0.9832397674,0.1795513704,,,,
33720,0.0,-635.857666,471.739563,79.701271,0.0301029555,0.9832402515,0.1798121797,,,,
33721,0.0,-635.565186,476.854279,79.701271,0.0283747978,0.9831319979,0.1806829976,,,,
33722,0.0,-635.37323,480.382751,79.701271,0.0275662613,0.9831549977,0.1806830147,,,,
33723,0.0,-635.28302,482.069885,79.701271,0.0273188406,0.9831619038,0.1806830147,,,,
33724,0.0,-635.045654,486.662292,79.701271,0.0262011965,0.9831923301,0.1806829804,,,,
33725,0.0,-634.960815,488.472748,79.701271,0.0255913614,0.9832083892,0.1806829976,,,,
33726,0.0,-634.739563,493.19516,79.701271,0.0243500354,0.9831752767,0.1810343919,,,,
33727,0.0,-634.641968,495.398697,79.701271,0.0239771735,0.9831158684,0.1814056345,,,,
33728,0.0,-634.435181,500.037659,79.941994,0.0235667073,0.9830504146,0.1818144456,,,,
33729,0.0,-634.327026,502.584442,80.952019,0.0235667073,0.9830504146,0.1818144456,,,,
33730,0.0,-634.155273,506.913544,84.074905,0.0227671617,0.9830692568,0.1818144456,,,,
33731,0.0,-633.996765,511.005951,86.802292,0.0224357061,0.9830768772,0.1818144456,,,,
33732,0.0,-633.931274,512.710693,87.938736,0.0224357061,0.9830768772,0.1818144456,,,,
33733,0.0,-633.740173,517.87738,91.38324,0.0224310502,0.9828728643,0.1829146814,,,,
33734,0.0,-633.687073,519.369873,92.348366,0.0224309187,0.9828671061,0.1829456359,,,,
33735,0.0,-633.511902,524.402954,95.523422,0.0224309187,0.9828671061,0.1829456359,,,,
33736,0.0,-633.441956,526.43457,96.324844,0.0224309187,0.9828671061,0.1829456359,,,,
33737,0.0,-633.317017,530.483093,95.701279,0.0216092731,0.9828855172,0.1829456187,,,,
33738,0.0,-633.192871,534.47168,95.701279,0.021295692,0.9826993845,0.1839793826,,,,
33739,0.0,-633.138916,536.203003,95.701279,0.0212935809,0.9825900914,0.1845624439,,,,
33740,0.0,-632.998169,541.027893,95.701279,0.0207281359,0.9823749595,0.1857680899,,,,
33741,0.0,-632.948547,542.786804,95.701279,0.0204710034,0.9823318778,0.1860242456,,,,
33742,0.0,-632.804871,547.832153,95.701279,0.0201562372,0.9822789674,0.1863377477,,,,
33743,0.0,-632.750122,549.967957,95.701279,0.0195560664,0.9820642313,0.1875297465,,,,
33744,0.0,-632.644104,554.712036,95.701279,0.016892641,0.9814999097,0.1907159301,,,,
33745,0.0,-632.591431,556.997253,95.701279,0.0160501117,0.9812145406,0.1922509278,,,,
33746,0.0,-632.535156,559.651306,95.701279,0.0146952921,0.9808850631,0.1940323205,,,,
33747,0.0,-632.447937,563.87085,95.701279,0.012896489,0.9805537819,0.1958263552,,,,
33748,0.0,-632.394775,566.273743,95.701279,0.0125406906,0.9804874859,0.1961810927,,,,
33749,0.0,-632.26416,572.502197,100.239288,0.0108922401,0.9800977154,0.1982166172,,,,
33750,0.0,-632.205078,575.212555,102.029831,0.0104667502,0.979844052,0.1994849038,,,,
33751,0.0,-632.10791,579.990417,105.639992,0.0089233088,0.979336464,0.2020407506,,,,
33752,0.0,-632.06662,582.370056,106.8910865,0.0073279114,0.979017113,0.2036335188,,,,
33753,0.0,-631.9953,586.299561,109.352264,0.005067323,0.9784437952,0.2064511126,,,,
33754,0.0,-631.906494,590.686035,113.195694,0.0035958497,0.9776687034,0.2101213371,,,,
33755,0.0,-631.8623655,592.8673095,115.4651335,0.0028680769,0.9774475961,0.2111547408,,,,
33756,0.0,-631.798523,596.082275,119.064827,0.001652867,0.9770769992,0.2128797917,,,,
33757,0.0,-631.707153,600.562195,124.239471,0.0002561898,0.9766197721,0.2149738475,,,,
33758,0.0,-631.65744,602.7931825,127.026115,3.44653e-05,0.976265014,0.2165730565,,,,
33759,0.0,-631.566956,606.781982,131.046722,-0.0001870597,0.9755806871,0.2196412711,,,,
33760,0.0,-631.467834,611.230469,134.096466,-0.0006075037,0.9748331551,0.2229348573,,,,
33761,0.0,-631.4270015,613.1140445,135.207779,-0.000921463,0.9745436957,0.2241918234,,,,
33762,0.0,-631.327209,617.568359,137.794159,-0.0013068308,0.9739187178,0.2268934184,,,,
33763,0.0,-631.237427,621.451965,139.643753,-0.0013064829,0.9734568425,0.2288669238,,,,
33764,0.0,-631.208313,622.713623,140.215942,-0.0013062188,0.9732600315,0.2297024267,,,,
33765,0.0,-631.098389,627.464661,142.035004,-0.0013055139,0.9725451591,0.2327105693,,,,
33766,0.0,-630.989563,631.804688,143.461472,-0.0003435371,0.9721071045,0.2345371173,,,,
33767,0.0,-630.954529,633.255615,143.855606,-0.0001858455,0.9719023023,0.2353845372,,,,
33768,0.0,-630.846924,637.912903,144.83017,-0.0001861273,0.9713367501,0.2377075584,,,,
33769,0.0,-630.8007205,639.9072265,145.105225,-0.0001861786,0.9712950582,0.2378777934,,,,
33770,0.0,-630.721313,643.338318,145.506775,-0.0001860996,0.9711923514,0.2382968356,,,,
33771,0.0,-630.591248,648.958862,145.682922,-0.0001860591,0.9709809982,0.2391565734,,,,
33772,0.0,-630.54895,650.787415,145.683594,-0.0001861773,0.9709788526,0.2391652841,,,,
33773,0.0,-630.453186,654.928284,145.255386,-0.0001860184,0.970768888,0.2400161068,,,,
33774,0.0,-630.40979,656.804688,145.012482,-0.0001861244,0.9707030537,0.2402822233,,,,
33775,0.0,-630.309937,661.120911,144.170731,-0.0001861244,0.9707030537,0.2402822233,,,,
33776,0.0,-630.215332,665.213928,143.082123,-0.0001861244,0.9707030537,0.2402822233,,,,
33777,0.0,-630.176697,666.882385,142.553253,-0.0001861244,0.9707030537,0.2402822233,,,,
33778,0.0,-630.07135,671.431946,140.841629,-0.0001861244,0.9707030537,0.2402822233,,,,
33779,0.0,-629.976074,675.548157,139.060242,-0.0001861244,0.9707030537,0.2402822233,,,,
33780,0.0,-629.947693,676.777771,138.452209,-0.0001861244,0.9707030537,0.2402822233,,,,
33781,0.0,-629.839294,681.463257,135.876007,-0.0001861244,0.9707030537,0.2402822233,,,,
33782,0.0,-629.751465,685.263855,133.60083,-0.0001861244,0.9707030537,0.2402822233,,,,
33783,0.0,-629.677795,688.442627,131.391754,-0.0001859825,0.9705814503,0.2407729504,,,,
33784,0.0,-629.541748,694.323669,127.073685,-0.0001860713,0.97042597,0.2413988444,,,,
33785,0.0,-629.5006105,696.1019285,125.5560305,-0.0001860713,0.97042597,0.2413988444,,,,
33786,0.0,-629.459473,697.880188,124.038376,-0.0001860713,0.97042597,0.2413988444,,,,
34426,0.0,-967.661926,1211.086182,-176.340088,-0.0694554072,-0.985354231,-0.1557337015,,,,
34427,0.0,-967.66626,1211.025269,-175.477386,-0.0694554072,-0.985354231,-0.1557337015,,,,
34428,0.0,-967.6487125,1211.273743,-174.102745,-0.0694554072,-0.985354231,-0.1557337015,,,,
34429,0.0,-967.627563,1211.573486,-171.597153,-0.0694554072,-0.985354231,-0.1557337015,,,,
34430,0.0,-967.798035,1210.355713,-171.597153,-0.0694554072,-0.985354231,-0.1557337015,,,,
34431,0.0,-968.309509,1206.445923,-171.524414,-0.0694554072,-0.985354231,-0.1557337015,,,,
34432,0.0,-968.584656,1204.552979,-171.437592,-0.0694554072,-0.985354231,-0.1557337015,,,,
34433,0.0,-969.298096,1199.140625,-170.953003,-0.0694554072,-0.985354231,-0.1557337015,,,,
34434,0.0,-969.54248,1197.592041,-170.675812,-0.0694554072,-0.985354231,-0.1557337015,,,,
34435,0.0,-969.993652,1191.614014,-169.552582,-0.0694554072,-0.985354231,-0.1557337015,,,,
34436,0.0,-969.991089,1190.353271,-169.237366,-0.0694554072,-0.985354231,-0.1557337015,,,,
34437,0.0,-970.204956,1187.562561,-168.64682,-0.0694554072,-0.985354231,-0.1557337015,,,,
34438,0.0,-970.732544,1182.100464,-166.868607,-0.0694554072,-0.985354231,-0.1557337015,,,,
34439,0.0,-970.918152,1179.531372,-164.891785,-0.0662755497,-0.9844831923,-0.1624819855,,,,
34440,0.0,-970.885742,1174.765137,-161.031433,-0.0509423654,-0.9831975776,-0.175292324,,,,
34441,0.0,-970.902588,1173.25354,-161.04274,-0.0380818015,-0.9829256252,-0.1800194206,,,,
34442,0.0,-970.966553,1167.76001,-160.956863,0.0103883131,-0.9802725094,-0.1973775324,,,,
34443,0.0,-971.009583,1165.44165,-160.99176,0.0240559285,-0.9782256096,-0.2061455043,,,,
34444,0.0,-971.015442,1163.412231,-160.889023,0.0421198158,-0.9744477392,-0.2206298364,,,,
34445,0.0,-971.064819,1160.457031,-160.825394,0.055076513,-0.9698232063,-0.2375068973,,,,
34446,0.0,-971.146179,1157.424561,-160.626328,0.0629809711,-0.9643669644,-0.2569625561,,,,
34447,0.0,-971.249939,1151.788086,-160.301102,0.0695958397,-0.954768199,-0.289091863,,,,
34448,0.0,-971.275757,1148.699097,-160.430832,0.0705943359,-0.9513652782,-0.2998675492,,,,
34449,0.0,-971.266724,1143.550659,-160.177612,0.0768966097,-0.9453994184,-0.3167125687,,,,
34450,0.0,-971.2369385,1141.169983,-160.1555555,0.0794401866,-0.9433908817,-0.3219701156,,,,
34451,0.0,-971.207153,1138.789307,-160.133499,0.0819837636,-0.941382345,-0.3272276625,,,,
34452,0.0,-971.159668,1136.592285,-160.119751,0.0835684008,-0.9399632999,-0.3308856558,,,,
34453,0.0,-971.03894,1131.26709,-160.292587,0.0841771903,-0.9385363356,-0.334759238,,,,
34454,0.0,-971.002319,1129.784912,-159.859604,0.0841647724,-0.9383991698,-0.3351466681,,,,
34455,0.0,-970.828735,1124.463989,-158.245575,0.0841403912,-0.9381288032,-0.3359088317,,,,
34456,0.0,-970.744568,1121.967407,-157.108398,0.0841379006,-0.9381010342,-0.3359869987,,,,
34457,0.0,-970.55603,1117.497803,-155.010422,0.0841379006,-0.9381010342,-0.3359869987,,,,
34458,0.0,-970.499023,1116.235107,-154.297653,0.0841379006,-0.9381010342,-0.3359869987,,,,
34459,0.0,-970.234497,1110.645996,-151.970688,0.0841379006,-0.9381010342,-0.3359869987,,,,
34460,0.0,-970.019409,1106.522339,-150.017212,0.0841379006,-0.9381010342,-0.3359869987,,,,
34461,0.0,-969.8768005,1103.935364,-148.7607575,0.0841379006,-0.9381010342,-0.3359869987,,,,
34462,0.0,-969.734192,1101.348389,-147.504303,0.0841379006,-0.9381010342,-0.3359869987,,,,
34463,0.0,-969.455933,1096.746948,-145.031387,0.0843985865,-0.9378773193,-0.3365457065,,,,
34464,0.0,-969.2797855,1094.4038085,-143.7531585,0.0880726163,-0.936161412,-0.3403151092,,,,
34465,0.0,-968.949463,1090.174561,-141.323135,0.0957075116,-0.9327277833,-0.3476477448,,,,
34466,0.0,-968.7297365,1087.594971,-139.858444,0.1012612004,-0.930676808,-0.3514784828,,,,
34467,0.0,-968.338806,1083.175049,-137.462891,0.1107827409,-0.9273762378,-0.3573520642,,,,
34468,0.0,-967.951904,1078.746338,-134.846222,0.1157266362,-0.9258572498,-0.3597161361,,,,
34469,0.0,-967.778839,1076.7801515,-133.694275,0.1160293513,-0.9258193117,-0.3597161361,,,,
34470,0.0,-967.338562,1071.815674,-130.708862,0.1164089216,-0.9255531931,-0.3602780174,,,,
34471,0.0,-967.129883,1069.588684,-129.4687345,0.116396589,-0.9254551387,-0.360533695,,,,
34472,0.0,-966.921204,1067.361694,-128.228607,0.1163842565,-0.9253570843,-0.3607893725,,,,
34473,0.0,-966.166138,1062.17395,-125.509003,0.1163842565,-0.9253570843,-0.3607893725,,,,
34474,0.0,-965.981506,1060.088013,-124.407585,0.1163842565,-0.9253570843,-0.3607893725,,,,
34475,0.0,-964.663635,1053.816895,-121.301041,0.1163842565,-0.9253570843,-0.3607893725,,,,
34476,0.0,-964.413208,1052.741333,-120.88176,0.1163842565,-0.9253570843,-0.3607893725,,,,
34477,0.0,-963.543579,1048.058105,-118.82119,0.1163842565,-0.9253570843,-0.3607893725,,,,
34478,0.0,-962.876648,1043.840088,-116.74144,0.1163842565,-0.9253570843,-0.3607893725,,,,
34479,0.0,-962.627991,1042.506104,-116.104958,0.1163945988,-0.9254382711,-0.360577736,,,,
34480,0.0,-961.552368,1037.082153,-113.8564,0.1164326497,-0.9257418527,-0.3597852975,,,,
34481,0.0,-961.29187,1034.721436,-112.514931,0.1154616282,-0.9260857428,-0.3592127633,,,,
34482,0.0,-960.536438,1030.458984,-110.479584,0.1061136903,-0.9281425174,-0.3567791363,,,,
34483,0.0,-960.320068,1028.991699,-109.734482,0.0976288917,-0.9301803824,-0.3538828277,,,,
34484,0.0,-959.786499,1024.225952,-107.091316,0.0756879109,-0.9351900393,-0.3459637705,,,,
34485,0.0,-959.396606,1021.751587,-105.941498,0.0642543172,-0.937539343,-0.341893789,,,,
34486,0.0,-959.325317,1018.505676,-103.654701,0.0398128809,-0.9421041594,-0.3329484757,,,,
34487,0.0,-958.80719,1013.872681,-101.220413,0.0199847375,-0.9453700903,-0.3253859288,,,,
34488,0.0,-958.624146,1011.577271,-99.920555,0.0121762237,-0.9462077131,-0.3233306407,,,,
34489,0.0,-958.67749,1010.109558,-98.865242,0.0039850583,-0.9469693421,-0.3212992132,,,,
34490,0.0,-958.676514,1004.646851,-95.65889,-0.0141337295,-0.9483246193,-0.3169868357,,,,
34491,0.0,-958.497253,1002.51532,-94.556053,-0.0183718515,-0.9486459182,-0.3158059482,,,,
34492,0.0,-958.586487,997.45343,-91.780396,-0.027168904,-0.9492930288,-0.3132165323,,,,
34493,0.0,-958.572449,995.665894,-90.824158,-0.0285071755,-0.9497735128,-0.3116369928,,,,
34494,0.0,-958.592407,991.136719,-88.503929,-0.0314892942,-0.9505499963,-0.308971081,,,,
34495,0.0,-958.686401,986.095032,-86.152153,-0.0365928535,-0.9513347093,-0.3059791399,,,,
34496,0.0,-958.661438,983.7113345,-85.0717775,-0.0393136544,-0.951463945,-0.305225836,,,,
34497,0.0,-958.636475,981.327637,-83.991402,-0.0420344554,-0.9515931808,-0.3044725321,,,,
34498,0.0,-958.552063,979.609863,-83.433792,-0.0435158513,-0.9516552427,-0.3040701723,,,,
34499,0.0,-958.458679,974.023987,-80.947144,-0.0460754759,-0.9520735987,-0.3023787579,,,,
34500,0.0,-958.367065,972.044373,-80.303474,-0.0465042814,-0.9522566355,-0.3017360635,,,,
34501,0.0,-958.300659,967.275085,-78.13546,-0.0473079968,-0.9527100117,-0.3001759268,,,,
34502,0.0,-958.294739,964.798218,-77.283081,-0.0485725791,-0.9530520406,-0.2988854505,,,,
34503,0.0,-958.356628,959.353882,-74.983994,-0.0534096539,-0.9545020788,-0.293382328,,,,
34504,0.0,-958.399414,956.363647,-73.534576,-0.0554046842,-0.9551589729,-0.2908636407,,,,
34505,0.0,-958.4646,951.311401,-71.101791,-0.0571528217,-0.9560792634,-0.2874821683,,,,
34506,0.0,-958.488312,949.228729,-70.045017,-0.0575956156,-0.9564647888,-0.286104193,,,,
34507,0.0,-958.547607,945.068665,-67.939713,-0.0584049637,-0.9572347015,-0.2833559359,,,,
34508,0.0,-958.457214,942.133179,-66.172913,-0.0590588846,-0.9576932,-0.281666084,,,,
34509,0.0,-958.450928,938.152344,-63.671955,-0.0598100592,-0.9585195835,-0.278680758,,,,
34510,0.0,-958.459229,935.969299,-62.353912,-0.0598289941,-0.9588189962,-0.2776447803,,,,
34511,0.0,-958.382263,931.650635,-59.396023,-0.059857199,-0.9592772042,-0.2760513743,,,,
34512,0.0,-958.44574,929.5224,-58.280125,-0.0598684866,-0.9594540594,-0.2754336075,,,,
34513,0.0,-958.429626,924.893433,-55.484196,-0.0602738016,-0.9598443198,-0.2739816609,,,,
34514,0.0,-958.522217,920.706604,-53.254341,-0.0609871447,-0.9601918156,-0.2726027245,,,,
34515,0.0,-958.561951,918.39447,-52.002296,-0.0610250345,-0.9602103058,-0.2725291063,,,,
34516,0.0,-958.521606,914.406006,-49.71117,-0.0610250345,-0.9602103058,-0.2725291063,,,,
34517,0.0,-958.501587,912.845947,-48.851933,-0.0610250345,-0.9602103058,-0.2725291063,,,,
34518,0.0,-958.509155,908.171143,-46.394508,-0.0610250345,-0.9602103058,-0.2725291063,,,,
34519,0.0,-958.358154,904.63739,-44.855713,-0.061033069,-0.960340962,-0.2720665383,,,,
34520,0.0,-958.541992,902.741272,-43.80595,-0.0610383374,-0.9604196224,-0.2717875463,,,,
34521,0.0,-958.546875,897.269226,-41.410645,-0.0611125503,-0.9615815069,-0.267630831,,,,
34522,0.0,-958.601501,896.178345,-40.848713,-0.061156777,-0.962277396,-0.265107642,,,,
34523,0.0,-958.783203,890.476013,-38.46323,-0.0613221811,-0.9648839546,-0.2554183709,,,,
34524,0.0,-958.857605,888.027161,-37.723812,-0.0614226712,-0.9664669974,-0.2493367171,,,,
34525,0.0,-959.069641,883.628906,-35.760731,-0.0596771163,-0.9712762668,-0.2303498543,,,,
34526,0.0,-959.142273,882.144531,-35.023853,-0.0587699048,-0.9726500139,-0.224717709,,,,
34527,0.0,-959.422363,877.932495,-33.252018,-0.056014424,-0.9769733193,-0.2058774337,,,,
34528,0.0,-959.783264,873.007629,-30.730858,-0.053307718,-0.981240842,-0.1852692558,0.1435711322,139.2967000351,269.8162542552,6.0
34529,0.0,-959.814514,870.797058,-29.699451,-0.0528117175,-0.9836277011,-0.1723005171,0.1379170205,134.4597184372,265.3284067126,6.0
34530,0.0,-960.125488,867.667236,-28.063238,-0.0525234996,-0.9879532974,-0.1455663564,0.1255961232,127.156735324,262.0714219631,6.0
34531,0.0,-965.076477,861.499512,-27.176821,-0.0527144674,-0.9915476358,-0.1185515537,0.1192654377,119.4511993896,252.2141561758,6.0
34532,0.0,-965.210144,859.156128,-26.003769,-0.0533210666,-0.9921027179,-0.1135300007,0.1180926598,116.7594739599,247.6746507977,6.0
34533,0.0,-965.422119,855.382141,-24.115816,-0.0539080446,-0.992454525,-0.11012692,0.1187135293,113.4532581944,240.0708323186,6.0
34534,0.0,-965.556641,852.929932,-22.889681,-0.0539080446,-0.992454525,-0.11012692,0.1196597582,111.8507356585,235.8015003553,6.0
34535,0.0,-965.813599,848.241272,-20.545343,-0.0539080446,-0.992454525,-0.11012692,0.1233364327,108.6392957639,225.812531078,6.0
34536,0.0,-966.016052,844.545105,-18.697268,-0.0539080446,-0.992454525,-0.11012692,0.1263687506,106.1307634378,218.11191046,6.0
34537,0.0,-966.097778,843.051331,-17.950403,-0.0539080446,-0.992454525,-0.11012692,0.1276766981,105.1169477833,214.9940790064,6.0
34538,0.0,-966.342896,838.570068,-15.709818,-0.0539080446,-0.992454525,-0.11012692,0.1319168059,102.0639039444,205.6004239294,6.0
34539,0.0,-966.60907,833.703064,-13.276316,-0.0539080446,-0.992454525,-0.11012692,0.1375955703,98.6998939714,194.9743412979,6.0
34540,0.0,-966.841492,829.449341,-11.149431,-0.0539080446,-0.992454525,-0.11012692,0.1426164456,95.865699527,186.2634502948,6.0
34541,0.0,-966.9600525,827.279816,-10.0646645,-0.0539080446,-0.992454525,-0.11012692,0.1453688587,94.5313357185,182.104435032,6.0
34542,0.0,-967.078613,825.110291,-8.979898,-0.0539080446,-0.992454525,-0.11012692,0.1481212719,93.19697191,177.9454197692,6.0
34543,0.0,-967.276611,821.483765,-7.166643,-0.0539080446,-0.992454525,-0.11012692,,,,
34544,0.0,-967.540161,816.762878,-4.805108,-0.0545739139,-0.9922416411,-0.1117059246,,,,
34545,0.0,-967.820557,811.988403,-2.414055,-0.056792775,-0.9915100406,-0.116971877,,,,
34546,0.0,-967.9193115,809.9943235,-1.419186,-0.0555562813,-0.9914518042,-0.1180429578,,,,
34547,0.0,-968.088318,806.195801,0.472401,-0.0510113087,-0.9914363088,-0.1202160223,,,,
34548,0.0,-968.256287,801.938721,2.588627,-0.0439050942,-0.9915183788,-0.1223259873,,,,
34549,0.0,-968.346344,799.9410705,3.584564,-0.0421744624,-0.9914461864,-0.1234965728,,,,
34550,0.0,-968.49823,796.539307,5.280485,-0.0391948932,-0.9913848623,-0.1249792587,,,,
34551,0.0,-968.6173705,793.892914,6.6009145,-0.0375418817,-0.9914474559,-0.12497925,,,,
34552,0.0,-968.832031,789.063293,9.01034,-0.0344196878,-0.9915983346,-0.1246917312,,,,
34553,0.0,-968.933807,786.6066585,10.235909,-0.032754633,-0.9917055623,-0.1242749131,,,,
34554,0.0,-969.035583,784.150024,11.461478,0.0101105009,-0.9948376413,-0.1009744779,,,,
34555,0.0,-969.285583,777.551514,14.751964,-0.0256524132,-0.9923719189,-0.1205816252,,,,
34556,0.0,-969.329712,775.875916,15.584479,-0.0224276702,-0.9926449375,-0.1189664979,,,,
34557,0.0,-969.365509,773.227997,16.895693,-0.0142659902,-0.9932659114,-0.1146003894,,,,
34558,0.0,-969.394043,768.804749,19.085495,0.0022243164,-0.9944188874,-0.1054804667,,,,
34559,0.0,-969.3863525,766.349823,20.2987395,0.0121299762,-0.994904878,-0.099407807,,,,
34560,0.0,-969.449768,762.069946,22.412121,0.0283109425,-0.9955286698,-0.0901174685,,,,
34561,0.0,-969.795593,758.232666,24.307734,0.0451732824,-0.9956330889,-0.0816953296,,,,
34562,0.0,-970.131348,755.886353,25.469685,0.0539415829,-0.9955465167,-0.0773138968,,,,
34563,0.0,-970.75946,751.494629,27.664408,0.0839025294,-0.9941953138,-0.067350156,,,,
34564,0.0,-971.273682,749.006287,28.92045,0.1073898573,-0.9923511224,-0.0608824145,0.1437272529,45.323581067,87.7472995658,6.0
34565,0.0,-972.069641,745.034485,30.955805,0.1562479648,-0.9863799038,-0.0513931783,0.1215447908,41.1404720762,86.0995087612,6.0
34566,0.0,-972.492126,743.322205,31.843792,0.1800184762,-0.9825189236,-0.047433247,0.1114838183,39.2780585022,85.6019661756,6.0
34567,0.0,-973.539673,739.302734,33.93602,0.2332020541,-0.9715986513,-0.0401604626,0.0934561929,35.4239024989,83.9206747103,6.0
34568,0.0,-973.899658,738.066101,34.576164,0.2482031787,-0.9679512205,-0.0382833756,0.089104561,34.4644976847,83.522507421,6.0
34569,0.0,-975.276428,733.440918,36.923,0.2826220293,-0.9586023966,-0.034730878,0.0942444947,35.6316922236,84.0765459762,6.0
34570,0.0,-975.605408,732.104858,37.593296,0.2910401112,-0.9560968466,-0.0342705947,0.0963730554,36.327547403,84.8139602596,6.0
34571,0.0,-976.503235,727.661804,39.79343,0.3035139095,-0.9522378336,-0.0335024629,0.087126008,33.8232459705,82.8510839915,6.0
34572,0.0,-977.167603,723.664246,41.770916,0.3139109646,-0.9489012905,-0.0323457452,0.0804698242,32.4050492958,82.4515241634,6.0
34573,0.0,-977.336914,721.77124,42.706741,0.3186845992,-0.9473315242,-0.0316719049,0.0774996044,31.7003769895,82.1261502439,6.0
34574,0.0,-977.664246,717.554199,44.79797,0.3312281861,-0.9430809421,-0.0297695394,0.0716314342,30.355484048,81.6752208632,6.0
34575,0.0,-977.685303,715.444824,45.846992,0.3383080405,-0.940599371,-0.0286442474,0.0804533914,30.3385178583,77.2009867752,6.0
34576,0.0,-977.661865,710.348389,48.375027,0.352813043,-0.9353343303,-0.0259354419,0.0611521791,27.8126396385,80.7726587884,6.0
34577,0.0,-977.522705,707.899658,49.587357,0.3588704984,-0.9330620335,-0.0246415721,0.0561142789,26.4611349553,80.1191641144,6.0
34578,0.0,-977.373413,705.008789,51.023357,0.3655376505,-0.9304975692,-0.0235902473,0.0506937465,24.819945682,78.9557192957,6.0
34579,0.0,-976.921509,699.018921,54.040592,0.396671103,-0.9177603482,-0.0191827843,0.0356433237,20.5636064124,77.7141339833,6.0
34580,0.0,-976.874359,696.838257,55.158817,0.4123208509,-0.9107113621,-0.0172640209,0.0309574223,19.0125375204,77.198157475,6.0
34581,0.0,-976.809265,693.208435,57.025318,0.4408093242,-0.8974914851,-0.0140062107,0.0231361761,16.3965708454,76.6688347021,6.0
34582,0.0,-976.878052,690.615295,58.357784,0.4587434142,-0.8884852773,-0.0121816256,0.0192959239,14.8973889676,76.2022106122,6.0
34583,0.0,-976.972931,687.9145505,59.757759,0.479300711,-0.8772796382,-0.0098921382,0.0162029254,13.5166451227,75.6982603738,6.0
34584,0.0,-977.163574,683.542847,62.035603,0.5151360469,-0.8570890115,-0.0057688397,0.0114547649,11.3213079484,75.0128691415,6.0
34585,0.0,-977.342285,680.458923,63.600906,0.5419972335,-0.8403756318,-0.0027921916,0.0090842436,10.018798338,74.4980333925,6.0
34586,0.0,-977.204437,678.4404905,63.6876905,0.5717012187,-0.8196582941,-0.0002637534,0.0099194845,10.4924593611,74.7358869955,6.0
34587,0.0,-976.88324,674.48822,63.735966,0.6189330293,-0.7854342439,0.0038670117,0.0120332874,11.5594927069,74.7381041845,6.0
34588,0.0,-976.6026615,672.3746335,63.718544,0.6441814697,-0.7641284434,0.006352683,0.0142580959,12.5183908297,74.6371905958,6.0
34589,0.0,-975.970642,668.894165,63.701099,0.6936048569,-0.7202657589,0.0113815176,0.0197160287,14.8582076161,75.1956929647,6.0
34590,0.0,-975.388733,666.669434,63.700989,0.7137129588,-0.700307006,0.0135613336,0.0229726224,16.0535378554,75.3284666798,6.0
34591,0.0,-974.653534,664.16272,63.701113,0.7332261547,-0.6791927552,0.0156710015,0.0267029485,17.2987620414,75.5358120399,6.0
34592,0.0,-973.258057,659.922913,63.701237,0.7641675618,-0.6447289905,0.0192993856,0.0332234832,19.4951543381,76.2652308929,6.0
34593,0.0,-972.3973695,657.9514775,63.7012465,0.7754532084,-0.6308007694,0.020943866,0.0362852237,20.415391833,76.5404191527,6.0
34594,0.0,-970.66687,654.19696,63.70126,0.7951170034,-0.6060005626,0.0235004052,0.0424913154,22.3898989418,77.6336842068,6.0
34595,0.0,-969.593689,652.171387,63.701256,0.8048410492,-0.5929899752,0.0243674981,0.0466419841,23.8077894071,78.8750485695,6.0
34596,0.0,-968.4654845,650.334015,63.7012045,0.8145702311,-0.5792473688,0.0257377292,0.0507098385,24.9825778844,79.5036666769,6.0
34597,0.0,-966.101624,646.625732,63.701176,0.830836893,-0.5557820319,0.0285725438,0.0584884963,27.1127852785,80.4579425073,6.0
34598,0.0,-964.7945865,644.7608945,63.7012255,0.8372403518,-0.545928488,0.0291924386,0.0629645356,28.3056435722,81.0837538908,6.0
34599,0.0,-962.464722,641.624878,63.701275,0.8479419191,-0.529250155,0.0298123333,0.0700920334,30.0356376912,81.664673108,6.0
34600,0.0,-960.64209,639.373413,63.701275,0.8553026264,-0.5172703761,0.0298123333,0.0706916769,30.3866575493,82.2806986483,6.0
34601,0.0,-957.251709,636.26593,63.701275,0.8666810153,-0.4979711262,0.0298123333,0.0700073891,30.6101797313,83.2752827684,6.0
34602,0.0,-956.185242,635.345032,63.726894,0.8714078723,-0.4896394367,0.0300256915,0.070349731,30.5955624147,83.0401104628,6.0
34603,0.0,-953.105408,633.462341,64.036163,0.8846467177,-0.4652451285,0.0307758885,0.0678867941,30.3949505675,83.9252236228,6.0
34604,0.0,-951.713806,632.617615,64.260246,0.890473334,-0.4539598788,0.0312677124,0.0657037325,30.1902334331,84.68567497,6.0
34605,0.0,-948.198425,631.166748,66.768684,0.9039217201,-0.4264321854,0.0328803168,0.0574148219,28.1414812956,84.2645502853,6.0
34606,0.0,-946.277527,630.37146,68.089355,0.9086273854,-0.4162810457,0.0332620732,0.0540048001,27.0821975236,83.5404552659,6.0
34607,0.0,-943.140015,629.560181,70.12323,0.9157443548,-0.400324141,0.0339537751,0.046190328,25.3899431944,84.51719568,6.0
34608,0.0,-939.487915,628.812195,72.489716,0.921082354,-0.3877470437,0.03548982,0.0386271605,23.4205265561,85.0883660983,6.0
34609,0.0,-937.728333,628.538574,73.624237,0.9225379813,-0.3842034604,0.0362128985,0.0358946121,22.5313888926,84.8576377292,6.0
34610,0.0,-934.15448,627.979736,75.920006,0.9253158609,-0.3773627379,0.0372548196,0.0284775664,20.4508202177,86.309466536,6.0
34611,0.0,-932.262573,627.634949,77.145279,0.9264146752,-0.3746243345,0.0375826768,0.0253297789,19.3870387448,86.685905626,6.0
34612,0.0,-928.180725,626.851074,79.787354,0.9298491951,-0.3658846435,0.0388445873,0.0209764428,17.5502426091,86.1373925588,6.0
34613,0.0,-926.611694,626.516846,80.800217,0.9310761858,-0.3626324155,0.0399357922,0.0186508631,16.6592477507,86.6613428727,6.0
34614,0.0,-922.495239,625.573059,83.460213,0.9338204524,-0.3552444449,0.0421988994,0.0138585893,14.517375965,87.5031181413,6.0
34615,0.0,-920.942932,625.198975,84.454102,0.9348368903,-0.3524726056,0.0429307677,0.0122132489,13.711648457,88.0013166964,6.0
34616,0.0,-915.991638,623.934143,87.657684,0.9368620846,-0.3468379759,0.0446413805,0.00866649,11.5771033103,88.1264523575,6.0
34617,0.0,-913.895935,623.388977,89.019714,0.9376575795,-0.3445331924,0.0457727319,0.0080767017,11.0873221463,87.4124594571,6.0
34618,0.0,-911.020874,622.605286,90.869453,0.9392058593,-0.3399562937,0.0481878836,0.0065215343,10.0935997333,88.5248937523,6.0
34619,0.0,-906.302673,621.321838,93.930115,0.9427078301,-0.3290454863,0.055054654,0.0064731758,10.1453762043,89.3096550949,6.0
34620,0.0,-904.888916,620.925659,94.754036,0.9434472872,-0.3265665301,0.0571096985,0.0066824051,10.3302764899,89.5070609191,6.0
34621,0.0,-900.574951,619.716003,95.936935,0.9463761608,-0.3163591045,0.065491062,0.0072743754,10.9127132315,90.6381713669,6.0
34622,0.0,-898.634399,619.164612,95.798729,0.9474984322,-0.3122666656,0.0688204224,0.0075042484,11.0242080673,90.1560964722,6.0
34623,0.0,-892.028198,617.28186,95.701256,0.9511798369,-0.2977658964,0.0811935271,0.0069926768,10.8182437204,91.6390518994,6.0
34624,0.0,-890.0207215,616.6987915,95.7012405,0.9518525638,-0.2946300656,0.0845475364,0.0069152417,10.7296474929,91.3943302164,6.0
34625,0.0,-885.708252,615.438965,95.701233,0.9529731618,-0.2890429973,0.0910840196,0.0064640486,10.3337829492,91.0321902237,6.0
34626,0.0,-883.192871,614.701233,95.701252,0.953419435,-0.2864089354,0.0945624952,0.0062057458,10.1077882315,90.8864663424,6.0
34627,0.0,-879.290771,613.562378,95.701248,0.9542129891,-0.2816117717,0.1008582247,0.0058832073,9.8603919794,91.0357148606,6.0
34628,0.0,-876.7539365,612.823517,95.7012555,0.9546384355,-0.2787943672,0.1044885647,0.0059439487,9.8636148207,90.6037446037,6.0
34629,0.0,-872.040771,611.493958,95.701256,0.9554475335,-0.2733660288,0.1113149809,0.0062559299,9.9960274295,89.5048973832,6.0
34630,0.0,-869.8797605,611.1251225,95.7012635,0.9559443884,-0.2696541925,0.1158546899,0.0067968452,10.4207291904,89.597879895,6.0
34631,0.0,-866.19043,610.537231,95.701271,0.9567298585,-0.2638190642,0.1227496603,0.0077205751,11.1141537311,89.6141209731,6.0
34632,0.0,-861.507141,610.195862,95.701263,0.9573553007,-0.2585367709,0.1289556759,0.0091573266,12.1395871073,89.9085704027,6.0
34633,0.0,-859.4088135,610.143738,95.701271,0.9574443308,-0.2572087066,0.1309138215,0.0097724561,12.4975236818,89.6654605642,6.0
34634,0.0,-855.298828,610.094177,95.701279,0.9574678641,-0.255259286,0.1345287556,0.0109537732,13.1373233557,89.002576532,6.0
34635,0.0,-853.4282225,610.238281,95.701279,0.9572917897,-0.2548921742,0.1364498174,0.0117930973,13.6572309639,89.2392490886,6.0
34636,0.0,-849.501099,610.588135,95.701279,0.9569442727,-0.2544794349,0.1396347956,0.0134347513,14.6280488416,89.5406347359,6.0
34637,0.0,-844.661682,611.007019,95.701279,0.9563719208,-0.254327212,0.1437721054,0.01573299,15.8423787388,89.663296559,6.0
34638,0.0,-843.247437,611.072021,95.701294,0.9556488019,-0.256048181,0.1455152792,0.0170726419,16.5741631541,90.079888899,6.0
34639,0.0,-838.541138,611.165588,95.701294,0.9535482731,-0.2616685195,0.1492490426,0.0204940344,18.0743369778,89.7367293849,6.0
34640,0.0,-836.5466005,611.120422,95.7013245,0.9515366739,-0.267869274,0.1509261466,0.0231075186,19.1409785064,89.7054073998,6.0
34641,0.0,-832.362305,610.92511,95.701332,0.9468479509,-0.2821735081,0.154457338,0.0294253533,21.5896633101,89.6579038865,6.0
34642,0.0,-827.815857,610.527161,95.70137,0.939813457,-0.302802363,0.1583079118,0.0393173351,24.8933981658,89.6578858692,6.0
34643,0.0,-825.990601,610.290649,95.701347,0.9366097381,-0.3117855867,0.1598497623,0.0435929059,26.0485142599,89.1960110544,6.0
34644,0.0,-821.595032,609.642334,95.701309,0.9268048484,-0.3379410032,0.1637945398,0.0583677183,30.1255170635,89.4879706475,6.0
34645,0.0,-820.494873,609.410461,95.701302,0.922644925,-0.3484306242,0.1652950165,0.0652513466,32.1510793876,90.4874900396,6.0
34646,0.0,-815.770264,608.520691,95.701332,0.9111940819,-0.3755461871,0.1693824268,0.0812409233,35.4491678268,89.7859528139,6.0
34647,0.0,-811.765686,607.618835,95.701302,0.8983639666,-0.403646472,0.1732388787,0.0991798019,39.2567683031,90.4133180344,6.0
34648,0.0,-810.427246,607.273926,95.701302,0.8934044509,-0.4138608649,0.1747789221,0.1064352415,40.9340501709,91.1804878486,6.0
34649,0.0,-807.046448,606.368835,95.701302,0.8821908981,-0.4357835528,0.1784150063,0.1211978611,43.4013950982,90.9527194875,6.0
34650,0.0,-803.87915,605.412354,95.701431,0.8662024483,-0.465170651,0.182509134,0.1404200464,46.809456611,91.6034046719,6.0
34651,0.0,-801.957642,604.964539,95.7015,0.8569943638,-0.4811926256,0.1844297088,,,,
34652,0.0,-796.966797,603.922119,95.701385,0.8368777951,-0.5139384465,0.1884219446,,,,
34653,0.0,-792.795959,603.147339,95.701317,0.8204644204,-0.53888142,0.1909056053,,,,
34654,0.0,-789.182739,602.716003,95.701286,0.8021544261,-0.5650376558,0.1930821695,,,,
34655,0.0,-787.19165,602.47467,95.701317,0.7927647982,-0.577783284,0.1941402881,,,,
34656,0.0,-783.079163,602.093811,95.701286,0.7728024625,-0.6035201485,0.1963155224,,,,
34657,0.0,-781.350647,601.950745,95.701309,0.7653426622,-0.6125816451,0.1974698397,,,,
34658,0.0,-777.008911,601.694519,95.701294,0.746933865,-0.6339419971,0.2005176941,,,,
34659,0.0,-773.323425,601.512878,95.701279,0.7319642338,-0.6503718498,0.2030882011,,,,
34660,0.0,-771.763733,601.478516,95.701279,0.7284305266,-0.6541302628,0.2037217886,,,,
34661,0.0,-765.325867,601.389343,95.701286,0.7149669946,-0.6677908931,0.2070688767,,,,
34662,0.0,-763.3858035,601.381683,95.701286,0.7114798818,-0.671254246,0.2078205841,,,,
34663,0.0,-761.44574,601.374023,95.701286,0.7079927689,-0.674717599,0.2085722916,,,,
34664,0.0,-757.315613,601.365112,95.701279,0.7017003633,-0.6808732109,0.2098291468,,,,
34665,0.0,-753.773621,601.358093,95.701279,0.6956432826,-0.6866930647,0.2110285721,,,,
34666,0.0,-748.811951,601.320129,95.701279,0.6846435082,-0.6972846594,0.2122672147,,,,
34667,0.0,-745.46283,601.262207,95.701279,0.6743022702,-0.7072899583,0.2122671977,0.140465015,44.2694902801,86.6200160413,6.0
34668,0.0,-743.3290405,601.218567,95.701279,0.66827464,-0.7129399606,0.2122671977,0.1331632262,42.7514103783,85.7593758487,6.0
34669,0.0,-739.125061,601.111084,95.701286,0.6542381532,-0.7258197764,0.212504332,0.1190539651,39.8430832207,84.1962673674,6.0
34670,0.0,-736.869995,601.0134275,95.7012825,0.6443788294,-0.7343565022,0.212899539,0.111689974,38.3151266931,83.4588750216,6.0
34671,0.0,-732.637085,600.821716,95.701279,0.6256945801,-0.7503135575,0.2133913254,0.0994833034,35.5835452639,81.8348464651,6.0
34672,0.0,-730.740326,600.622131,95.701279,0.6072724188,-0.7649386164,0.2133913169,0.0960037825,34.8861606253,81.6082235408,6.0
34673,0.0,-728.843567,600.422546,95.701279,0.5888502574,-0.7795636753,0.2133913084,0.0925242616,34.1887759867,81.3816006165,6.0
34674,0.0,-723.051758,599.841003,95.701294,0.5420104635,-0.8126660653,0.2140058968,0.0821762542,31.6444026723,79.7112070813,6.0
34675,0.0,-720.941925,599.5590515,95.7012865,0.5222835348,-0.8249536039,0.2147806447,0.0781641465,30.7813838742,79.4410287787,6.0
34676,0.0,-716.926758,599.030823,95.701286,0.4867383742,-0.8461706918,0.2169813711,0.0711390666,29.128060851,78.6333961806,6.0
34677,0.0,-714.7955325,598.658356,95.701286,0.4632499166,-0.8583129342,0.2190773535,0.0675637698,28.4259207107,78.7004978526,6.0
34678,0.0,-712.664307,598.285889,95.701286,0.439761459,-0.8704551767,0.2211733359,0.063988473,27.7237805703,78.7675995246,6.0
34679,0.0,-708.068298,597.396423,95.701279,0.3812913257,-0.8975880843,0.2212522448,0.0589883294,26.6962809033,78.8957559307,6.0
34680,0.0,-705.552917,596.980225,95.701279,0.35447873,-0.9085483589,0.2210988682,0.0549790917,25.8814036228,79.1456241509,6.0
34681,0.0,-702.9294125,596.409882,95.701279,0.3277360367,-0.9182058287,0.2206320242,0.0506972637,24.9786327415,79.5492895299,6.0
34682,0.0,-698.721252,595.476685,95.701279,0.2899901915,-0.9313691168,0.2201300914,0.0424291091,23.2677163305,80.7352240492,6.0
34683,0.0,-696.031433,594.747925,95.701279,0.272364201,-0.9366752211,0.2201301254,0.0383744639,22.1348665148,80.6766196896,6.0
34684,0.0,-693.6815185,594.069275,95.701279,0.2542046084,-0.9415778999,0.2201301169,0.0350904423,21.3812240461,81.5601156705,6.0
34685,0.0,-689.458862,592.785339,95.701279,0.2218715153,-0.9499030219,0.2201301425,0.0294770909,20.198490082,83.8080722286,6.0
34686,0.0,-685.23938,591.280518,95.701279,0.1908966797,-0.9568547653,0.2190603017,0.0261391324,19.4707270474,85.7192407036,6.0
34687,0.0,-683.131714,590.487122,95.701279,0.177994771,-0.9594925015,0.2183849835,0.0264637093,19.7662750749,86.4921948071,6.0
34688,0.0,-679.180725,588.917908,95.701279,0.1560691454,-0.9634150494,0.21788498,0.0326626908,22.4530635376,88.5748063761,6.0
34689,0.0,-678.185303,588.481079,95.701279,0.1495798825,-0.9644438705,0.2178850141,0.0361615597,23.9130470583,89.7342966554,6.0
34690,0.0,-673.031494,586.133301,95.701279,0.1294288273,-0.9673542781,0.2178850141,0.0505184503,29.2269209592,93.1319058455,6.0
34691,0.0,-670.861633,585.103943,95.701279,0.117507641,-0.9688746512,0.21788498,0.056718136,31.3647551124,94.4741574362,6.0
34692,0.0,-669.1160275,584.188904,95.701279,0.1021101799,-0.9704946866,0.2178849885,0.062022649,33.2646060478,95.9786577166,6.0
34693,0.0,-665.846497,582.454895,95.701279,0.0749414022,-0.973092959,0.2178850141,0.0725561649,37.1082053359,99.2297564994,6.0
34694,0.0,-663.133423,580.876099,95.701279,0.0576434816,-0.9742706758,0.2178850141,0.080888039,40.465316849,102.7047750941,6.0
34695,0.0,-661.139343,579.47229,95.701279,0.0470193597,-0.9748034111,0.2180538685,0.0795814239,40.8029839776,104.3729895337,6.0
34696,0.0,-657.504578,576.375977,95.701279,0.031109319,-0.9752531646,0.2188914692,0.0822371252,42.7277903685,107.5917621908,6.0
34697,0.0,-656.212158,575.216492,95.701279,0.0221189171,-0.9753333927,0.2196258786,0.0826782922,43.3528086506,108.8864892789,6.0
34698,0.0,-653.410156,571.881104,95.701279,-0.0056585109,-0.9749944463,0.2221571762,0.082152155,44.4316068543,111.9374643912,6.0
34699,0.0,-652.201782,570.423462,95.701279,-0.0172891711,-0.9747120764,0.2227946422,0.0819912207,44.6851376921,112.6818916447,6.0
34700,0.0,-650.356262,567.420044,95.701279,-0.0488326876,-0.9734809109,0.2234956035,0.0785681769,44.6224780274,114.8465244056,6.0
34701,0.0,-649.647034,566.161133,95.701279,-0.0570805437,-0.9730829137,0.2232743932,0.0770999155,44.8525008892,116.4880440658,6.0
34702,0.0,-647.012695,560.770508,95.701279,-0.0700735509,-0.9724399608,0.2223740543,0.0762736955,45.7611124709,119.4641336039,6.0
34703,0.0,-646.324951,558.8521425,95.701279,-0.0708602718,-0.9723826322,0.2223740458,0.0762812725,46.1449907943,120.4604945491,6.0
34704,0.0,-644.889648,554.850098,95.701279,-0.0719090448,-0.9723059545,0.2223740543,0.0769503327,46.8245869336,121.7232258969,6.0
34705,0.0,-644.5236815,553.224396,95.701279,-0.0719090448,-0.9723059545,0.2223740543,0.0765933847,47.0670457015,122.629288944,6.0
34706,0.0,-644.157715,551.598694,95.701279,-0.0719090448,-0.9723059545,0.2223740543,0.0762364368,47.3095044694,123.5353519912,6.0
34707,0.0,-643.779968,548.637512,95.701279,-0.0719090448,-0.9723059545,0.2223740543,0.0759284276,47.4620824256,124.174944543,6.0
34708,0.0,-643.765991,544.587524,95.701279,-0.0730276215,-0.9722225807,0.2223740543,0.0728793205,47.6984462835,127.2763227928,6.0
34709,0.0,-643.9950865,542.757019,95.701279,-0.0730276215,-0.9722225807,0.2223740543,0.0721960532,47.5682576257,127.5081407987,6.0
34710,0.0,-644.224182,540.926514,95.701279,-0.0730276215,-0.9722225807,0.2223740543,0.0715127859,47.4380689679,127.7399588045,6.0
34711,0.0,-645.143738,536.87146,95.701279,-0.0745612432,-0.9721061637,0.2223740713,0.0684539337,47.1458273751,129.6556723259,6.0
34712,0.0,-646.261963,533.656128,95.701279,-0.0758804689,-0.9720040815,0.2223740543,0.0662567871,46.73954809,130.5779727254,6.0
34713,0.0,-646.888092,532.065796,95.701279,-0.0761316173,-0.97198441,0.2223740543,0.065285706,46.5609835578,131.0170963799,6.0
34714,0.0,-648.146484,529.246765,95.701279,-0.0763827657,-0.9719647386,0.2223740543,0.0631050101,46.3700699868,132.6333665923,6.0
34715,0.0,-649.827698,525.983459,95.701279,-0.0763827657,-0.9719647386,0.2223740543,0.0613071501,46.0639491162,133.6137335049,6.0
34716,0.0,-651.440613,522.912292,95.701279,-0.0763827657,-0.9719647386,0.2223740543,0.0600853533,45.798823496,134.146300835,6.0
34717,0.0,-652.1958315,521.6529235,95.701279,-0.0763827657,-0.9719647386,0.2223740543,0.0594104771,45.847108467,135.0320046939,6.0
34718,0.0,-653.821899,518.869019,95.701279,-0.0763827657,-0.9719647386,0.2223740543,0.0582411963,45.9336715064,136.5898333518,6.0
34719,0.0,-655.471619,515.641541,95.701279,-0.0763827657,-0.9719647386,0.2223740543,0.0575593771,46.0980359713,137.8638821775,6.0
34720,0.0,-656.968567,512.369324,95.701279,-0.0763827657,-0.9719647386,0.2223740543,0.0571006882,46.3301389542,139.0970066614,6.0
34721,0.0,-657.37384,511.414246,95.696564,-0.0763827657,-0.9719647386,0.2223740543,0.0568514625,46.5083581859,139.9288252008,6.0
34722,0.0,-658.977722,507.29837,95.653564,-0.0763827657,-0.9719647386,0.2223740543,0.0566845071,46.5366638472,140.2140075482,6.0
34723,0.0,-659.670105,505.486145,95.356079,-0.0763827657,-0.9719647386,0.2223740543,0.055952023,46.3001369911,140.3850593001,6.0
34724,0.0,-660.911072,501.719849,92.248772,-0.0780424101,-0.9718328919,0.2223740373,0.0486027856,43.6987023194,141.8943553653,6.0
34725,0.0,-661.89032,498.530151,90.07621,-0.080244108,-0.9718986587,0.2213004303,0.0435369634,41.7170370411,142.9382839703,6.0
34726,0.0,-662.380432,496.836121,88.927933,-0.0810797753,-0.9719548837,0.2207482141,0.0410024031,40.6548089416,143.4466192717,6.0
34727,0.0,-663.670227,492.107361,85.714203,-0.0820154345,-0.9720165656,0.2201301084,0.0347114611,37.4842622722,143.5156822233,6.0
34728,0.0,-664.024963,490.693756,84.75235,-0.0820154345,-0.9720165656,0.2201301084,0.0329961208,36.497308278,143.2606064012,6.0
34729,0.0,-664.970337,486.684113,82.02356,-0.0820154345,-0.9720165656,0.2201301084,0.0282389177,34.0500093024,144.2999118606,6.0
34730,0.0,-665.674988,483.458282,80.615723,-0.0820154345,-0.9720165656,0.2201301084,0.0259461467,32.8870816877,145.3146512577,6.0
34731,0.0,-666.129456,481.280334,80.119911,-0.0820154345,-0.9720165656,0.2201301084,0.025181909,32.2567612235,144.6481507952,6.0
34732,0.0,-666.979736,477.07019,79.612602,-0.0820154345,-0.9720165656,0.2201301084,0.0243950725,31.8537175653,145.0971953637,6.0
34733,0.0,-667.649231,473.4646,79.701271,-0.0820154345,-0.9720165656,0.2201301084,0.0245324404,31.9717332029,145.2315098864,6.0
34734,0.0,-667.960327,471.734222,79.701271,-0.0820154345,-0.9720165656,0.2201301084,0.024535147,31.9299051396,145.0336051359,6.0
34735,0.0,-668.698303,467.418243,79.701271,-0.0820154345,-0.9720165656,0.2201301084,0.0245524553,31.7480579095,144.1574025833,6.0
34736,0.0,-669.208862,464.259277,79.701271,-0.0820154345,-0.9720165656,0.2201301084,0.0246187112,31.9724745211,144.9833482707,6.0
34737,0.0,-669.533264,462.186401,79.701271,-0.0820154345,-0.9720165656,0.2201301084,0.0246705426,32.0372051774,145.1260924074,6.0
34738,0.0,-670.200317,457.833984,79.701271,-0.0820154345,-0.9720165656,0.2201301084,0.0246600523,31.9250340658,144.6483383611,6.0
34739,0.0,-670.659668,454.589539,79.701271,-0.0820154345,-0.9720165656,0.2201301084,0.0246752177,32.1872774486,145.7922677192,6.0
34740,0.0,-670.906189,452.814148,79.701271,-0.0820154345,-0.9720165656,0.2201301084,0.0246859309,32.1845362128,145.7486101766,6.0
34741,0.0,-671.569397,448.105286,79.701263,-0.0839516421,-0.9724199179,0.2176042853,0.0240859738,31.7933695336,145.7372032386,6.0
34742,0.0,-671.974182,445.292572,79.701256,-0.0884463124,-0.973356716,0.2115513018,0.022688468,30.9417117074,146.0845205893,6.0
34743,0.0,-672.332825,442.74115,79.701271,-0.0918907164,-0.9741981102,0.2061410639,0.0214955373,30.2671346867,146.767075077,6.0
34744,0.0,-672.90625,438.255707,79.701271,-0.0931343566,-0.9750098169,0.2016974181,0.0205548489,29.9681059546,148.5697575849,6.0
34745,0.0,-673.182739,435.984344,79.701271,-0.0928035253,-0.9751114114,0.2013584887,0.0204832728,29.8055084825,148.0189343431,6.0
34746,0.0,-673.912842,429.920227,79.701271,-0.0923417263,-0.9752528496,0.2008852533,0.020393659,30.1734378104,150.1715971774,6.0
34747,0.0,-674.203888,427.3989565,79.701271,-0.0919440052,-0.9753740461,0.2004780074,0.0203248441,30.1340401441,150.2268938868,6.0
34748,0.0,-674.494934,424.877686,79.701271,-0.0915462842,-0.9754952426,0.2000707615,0.0202560292,30.0946424779,150.2821905961,6.0
34749,0.0,-675.206909,418.633972,79.701271,-0.091363704,-0.9755507313,0.1998835767,0.0203179391,30.3046306997,151.1024286895,6.0
34750,0.0,-675.437927,416.525833,79.701271,-0.0909274735,-0.975591389,0.1998835767,0.0203694747,30.4472471646,151.6228080962,6.0
34751,0.0,-675.82251,413.008514,79.701271,-0.0902412861,-0.9756551983,0.1998835767,0.0204606751,30.6356319532,152.224584514,6.0
34752,0.0,-676.1128845,410.334091,79.701271,-0.0902412861,-0.9756551983,0.1998835767,0.0205688918,30.7306119353,152.2988236558,6.0
34753,0.0,-676.5578,406.224487,79.701271,-0.0902412861,-0.9756551983,0.1998835767,0.0207607177,30.9595777319,152.7301212727,6.0
34754,0.0,-677.061951,401.474609,79.701271,-0.0902412861,-0.9756551983,0.1998835767,0.0210648306,31.3367283527,153.4825068194,6.0
34755,0.0,-677.2434085,399.74086,79.701271,-0.0902412861,-0.9756551983,0.1998835767,0.0212152177,31.5187512208,153.8315112744,6.0
34756,0.0,-677.604553,396.278046,79.701271,-0.0902412861,-0.9756551983,0.1998835767,0.0214960997,31.7709764405,154.0572970275,6.0
34757,0.0,-677.8923645,393.492203,79.701271,-0.0902412861,-0.9756551983,0.1998835767,0.0218015,31.9918430414,154.0536875973,6.0
34758,0.0,-678.347534,389.061371,79.701271,-0.0902412861,-0.9756551983,0.1998835767,0.0224053312,32.5747213929,154.7520406182,6.0
34759,0.0,-678.776123,384.844513,79.701271,-0.0902412861,-0.9756551983,0.1998835767,0.0231753283,33.0859141308,154.577441351,6.0
34760,0.0,-678.980835,382.807678,79.701271,-0.0902412861,-0.9756551983,0.1998835767,0.0235773373,33.3352566888,154.424609919,6.0
34761,0.0,-679.457825,378.04895,79.701271,-0.0902412861,-0.9756551983,0.1998835767,0.0247767669,34.2169069264,154.6715145023,6.0
34762,0.0,-679.837891,374.215668,79.701271,-0.0902412861,-0.9756551983,0.1998835767,0.0261203055,35.3546406789,155.7029933078,6.0
34763,0.0,-680.039368,372.178497,79.701271,-0.0902412861,-0.9756551983,0.1998835767,0.0267842083,35.8140284852,155.7853004912,6.0
34764,0.0,-680.458618,367.911224,79.701271,-0.0902412861,-0.9756551983,0.1998835767,0.0283108576,37.0296909792,156.7308007906,6.0
34765,0.0,-680.662384,365.8278805,79.701271,-0.0902412861,-0.9756551983,0.1998835767,0.0289301838,37.4139976606,156.6875171048,6.0
34766,0.0,-681.078003,361.57373,79.701271,-0.0902412861,-0.9756551983,0.1998835767,0.0302669989,38.2981839414,156.8519129672,6.0
34767,0.0,-681.3044435,359.235733,79.701271,-0.0902412861,-0.9756551983,0.1998835767,0.0309674604,38.7345311624,156.872596454,6.0
34768,0.0,-681.711609,355.029938,79.701271,-0.0902412861,-0.9756551983,0.1998835767,0.0322810753,39.6849540719,157.4600388264,6.0
34769,0.0,-682.115112,350.836945,79.701271,-0.0902412861,-0.9756551983,0.1998835767,0.0336176047,40.6882448471,158.252866093,6.0
34770,0.0,-682.298889,348.927612,79.701271,-0.0902412861,-0.9756551983,0.1998835767,0.0340960554,40.8722574329,157.8684732357,6.0
34771,0.0,-682.728577,344.436218,79.701271,-0.0902565146,-0.9758185428,0.1990777064,0.0353302565,41.9004691897,159.037929285,6.0
34772,0.0,-682.878357,342.868652,79.701271,-0.090262406,-0.9758835385,0.1987561757,0.035712818,42.1848615459,159.2729692285,6.0
34773,0.0,-683.343994,337.98291,79.701271,-0.090262406,-0.9758835385,0.1987561757,0.037181954,43.0830460939,159.4778146641,6.0
34774,0.0,-683.517212,336.161285,79.701271,-0.090262406,-0.9758835385,0.1987561757,0.0377852554,43.6913642492,160.4579195956,6.0
34775,0.0,-683.954895,331.54425,79.701271,-0.090262406,-0.9758835385,0.1987561757,0.0392526761,44.8397570656,161.6284470616,6.0
34776,0.0,-684.370728,327.152924,79.701271,-0.090262406,-0.9758835385,0.1987561757,0.0406613404,45.5443283855,161.3573314904,6.0
34777,0.0,-684.561829,325.127899,79.701271,-0.090262406,-0.9758835385,0.1987561757,0.0413644954,46.1280718192,162.0595484681,6.0
34778,0.0,-684.976379,320.733276,79.701271,-0.090262406,-0.9758835385,0.1987561757,0.0428812947,47.2256844651,163.0180645903,6.0
34779,0.0,-685.102173,319.398773,79.701271,-0.0902658139,-0.9759190831,0.1985800244,0.0433419182,47.6649267768,163.6769017293,6.0
34780,0.0,-685.578125,314.336731,79.701271,-0.090280702,-0.9760800477,0.1977805233,0.0449968783,48.7011987233,164.2005966063,6.0
34781,0.0,-685.970764,310.155609,79.701271,-0.0902834064,-0.9761105869,0.1976285117,0.0465671139,49.7348650541,164.900523932,6.0
34782,0.0,-686.149658,308.248077,79.701271,-0.0902834064,-0.9761105869,0.1976285117,0.0473268364,50.0683923027,164.7005805971,6.0
34783,0.0,-686.562317,303.845093,79.701271,-0.0902834064,-0.9761105869,0.1976285117,0.0491615824,51.4336265231,166.0823841573,6.0
34784,0.0,-686.711426,302.251099,79.701271,-0.0902834064,-0.9761105869,0.1976285117,0.0498350478,51.8782775176,166.4111549978,6.0
34785,0.0,-687.300171,295.955261,79.701271,-0.0902834064,-0.9761105869,0.1976285117,0.0526449559,54.0140896341,168.6965137745,6.0
34786,0.0,-687.5498355,293.2821805,79.701271,-0.0902834064,-0.9761105869,0.1976285117,0.0539423301,54.6922788542,168.8157269816,6.0
34787,0.0,-687.7995,290.6091,79.701271,-0.0902834064,-0.9761105869,0.1976285117,0.0552397044,55.3704680743,168.9349401887,6.0
34788,0.0,-688.161438,286.729095,79.701271,-0.0902834064,-0.9761105869,0.1976285117,0.0573754639,56.7831543979,170.0834179766,6.0
34789,0.0,-688.31012,285.13504,79.701271,-0.0902834064,-0.9761105869,0.1976285117,0.0582436501,57.3821133591,170.6297992633,6.0
34790,0.0,-688.918884,278.602081,79.701271,-0.0902834064,-0.9761105869,0.1976285117,0.0613261551,59.7159702405,173.1869838267,6.0
34791,0.0,-689.127777,276.182266,79.701267,-0.088441879,-0.976091088,0.1985446826,0.0615223881,60.0542492941,173.898005597,6.0
34792,0.0,-689.445801,272.168579,79.701263,-0.0822235811,-0.9761466502,0.2009402898,0.060728594,60.2927809127,175.6909557028,6.0
34793,0.0,-689.575714,269.8904875,79.7012555,-0.0735257504,-0.9761730386,0.2039496352,0.0586521523,59.7033610952,176.9831111036,6.0
34794,0.0,-689.705627,267.612396,79.701248,-0.0648279196,-0.976199427,0.2069589806,0.0565757105,59.1139412778,178.2752665044,6.0
34795,0.0,-689.855774,263.702545,79.701241,-0.0432986352,-0.9757913204,0.2143747354,0.0519443745,56.9823538866,179.1308753769,6.0
34796,0.0,-690.024841,260.518799,79.701202,-0.0335089645,-0.9745650821,0.2215853108,0.0506492351,56.5815694204,180.0709051044,6.0
34797,0.0,-690.425232,254.415054,79.701271,-0.0259409684,-0.9730574572,0.2290987804,0.0500640813,56.0914904717,179.5244831246,6.0
34798,0.0,-690.580292,252.1329955,79.701271,-0.0259409684,-0.9730574572,0.2290987804,0.0493333125,55.8654494155,180.0960125748,6.0
34799,0.0,-690.857971,247.991547,79.701271,-0.0259409684,-0.9730574572,0.2290987804,0.0479882641,55.3251089521,180.7646669626,6.0
34800,0.0,-691.015503,245.4637985,79.701271,-0.0259409684,-0.9730574572,0.2290987804,0.0470864161,54.8481073437,180.8822042422,6.0
34801,0.0,-691.227112,242.028091,79.701271,-0.0259409684,-0.9730574572,0.2290987804,0.0455846517,54.1526634418,181.4270626267,6.0
34802,0.0,-691.499756,237.250702,79.701271,-0.0259409684,-0.9730574572,0.2290987804,0.0438535311,53.0363860697,181.0801952337,6.0
34803,0.0,-691.712524,233.384933,79.701271,-0.0259409684,-0.9730574572,0.2290987804,0.0422282406,52.0215173817,180.9257961525,6.0
34804,0.0,-691.783142,232.008881,79.701271,-0.0259409684,-0.9730574572,0.2290987804,0.0416459232,51.6605284945,180.8951776757,6.0
34805,0.0,-692.074402,226.224228,79.701271,-0.0259409684,-0.9730574572,0.2290987804,0.0394785413,50.3517412488,180.9873183148,6.0
34806,0.0,-692.231018,222.939117,79.701271,-0.0259409684,-0.9730574572,0.2290987804,0.0383157288,49.6724790214,181.1810343259,6.0
34807,0.0,-692.304016,222.026718,79.701271,-0.0259409684,-0.9730574572,0.2290987804,0.0378811072,49.5214542977,181.6433062902,6.0
34808,0.0,-693.093872,216.532043,79.701271,-0.0259409684,-0.9730574572,0.2290987804,0.0367358257,48.8624934354,181.9455136475,6.0
34809,0.0,-693.778687,213.261688,79.701271,-0.0254436819,-0.974302419,0.2238021793,0.0349021842,47.7952027382,182.5012814884,6.0
34810,0.0,-694.275391,211.514221,79.701279,-0.0251451388,-0.9750344316,0.2206254274,,,,
34811,0.0,-695.287109,207.563126,79.701286,-0.0066533739,-0.9763205032,0.2162267504,,,,
34812,0.0,-695.973694,204.89093,79.701401,0.0300265205,-0.9764207446,0.2137777762,,,,
34813,0.0,-696.969299,201.65477,79.701324,0.0652059596,-0.9751769761,0.211608242,,,,
34814,0.0,-698.187439,198.124481,79.701279,0.1027068128,-0.9727627537,0.2078074486,,,,
34815,0.0,-698.610107,197.04097,79.701279,0.1106270789,-0.9719877767,0.2073678164,,,,
34816,0.0,-700.28186,193.117432,79.701271,0.1319363059,-0.9696429162,0.2058772117,,,,
34817,0.0,-701.658081,190.142899,79.701279,0.1408378922,-0.9687883669,0.2039945791,,,,
34818,0.0,-703.132812,187.072861,79.701271,0.1504757573,-0.9674919726,0.2032641862,,,,
34819,0.0,-704.346863,184.577789,79.701294,0.161554891,-0.9658682632,0.2024809011,,,,
34820,0.0,-706.313171,180.713806,79.701279,0.1751677153,-0.963767208,0.2011691831,,,,
34821,0.0,-707.810303,177.77446,79.701279,0.1907011793,-0.9612379158,0.1991349529,,,,
34822,0.0,-709.56311,174.438049,79.701271,0.2033300832,-0.9589540532,0.1976461511,,,,
34823,0.0,-709.967773,173.665634,79.701271,0.2054893374,-0.9584973083,0.1976285459,,,,
34824,0.0,-711.927429,170.073181,79.701271,0.2117521123,-0.957133227,0.1976285117,,,,
34825,0.0,-714.101013,166.125717,79.701279,0.2162432347,-0.9562195227,0.1971879505,,,,
34826,0.0,-715.917419,162.876389,79.701271,0.218676687,-0.9557930282,0.1965710912,,,,
34827,0.0,-717.167542,160.664551,79.701271,0.2195005447,-0.9556186638,0.1965005861,,,,
34828,0.0,-719.901123,155.834747,79.701271,0.2214084593,-0.9554098175,0.1953724004,0.0192713565,38.8445087701,198.8204259343,6.0
34829,0.0,-722.111633,152.108231,79.701271,0.2220699553,-0.9552562798,0.1953724004,0.0193130161,39.3765244925,201.3281052622,6.0
34830,0.0,-723.178772,150.3036805,79.701271,0.2229981124,-0.9550395586,0.1953724004,0.0193694714,39.6502550111,202.43351411,6.0
34831,0.0,-724.245911,148.49913,79.701271,0.2239262695,-0.9548228375,0.1953724004,0.0194259267,39.9239855297,203.5389229578,6.0
34832,0.0,-726.684021,144.312714,79.701271,0.2286310214,-0.9539376997,0.1942439732,0.0193365062,40.3734992665,206.301336092,6.0
34833,0.0,-728.30658,140.899475,79.701271,0.2323352653,-0.9531042373,0.1939397774,0.0192751981,42.1842941937,215.8933636171,6.0
34834,0.0,-729.1080935,138.882492,79.701271,0.2336830962,-0.9528433346,0.193596973,0.019478834,41.7877398661,212.7730782375,6.0
34835,0.0,-729.909607,136.865509,79.701271,0.235030927,-0.952582432,0.1932541687,0.0196824699,41.3911855384,209.652792858,6.0
34836,0.0,-731.545959,131.694122,79.701271,0.237977423,-0.9520430529,0.1923038521,0.0200697457,42.1560801642,211.4775843284,6.0
34837,0.0,-732.51416,127.960167,79.701271,0.2389164944,-0.9518719261,0.1919863147,0.0205287038,42.9620873607,213.1228451933,6.0
34838,0.0,-733.036316,125.069008,79.701271,0.2401656598,-0.9515575253,0.1919862805,0.0208498166,43.3772282303,213.5360977389,6.0
34839,0.0,-733.558899,121.58297,79.701271,0.2425852356,-0.9509435656,0.1919862976,0.0211761717,44.0436315159,215.157173531,6.0
34840,0.0,-733.891846,118.441544,79.701279,0.2469612745,-0.949967758,0.1912364706,0.0211203288,44.2594745356,216.4941783604,6.0
34841,0.0,-734.145691,114.764732,79.701271,0.2523637169,-0.9486232763,0.1908571036,0.0210703947,44.3627127177,217.2534020768,6.0
34842,0.0,-734.239624,111.642685,79.701279,0.2591897598,-0.9469584294,0.189974739,0.0207102277,44.0396759737,217.5188945168,6.0
34843,0.0,-734.226501,108.060898,79.701271,0.2686394576,-0.944571529,0.1887259083,0.0201061429,43.6883610095,218.9678811415,6.0
34844,0.0,-734.151886,106.3759845,79.701271,0.2751330489,-0.9426891141,0.1886619338,0.0197897862,43.4250446371,219.3737126282,6.0
34845,0.0,-733.979858,103.376076,79.701271,0.2878738986,-0.9389139656,0.188597942,0.0191859237,42.8951412838,220.0365814516,6.0
34846,0.0,-733.7605285,100.7001075,79.701271,0.2963565568,-0.9362288442,0.1885979249,0.0188983257,42.6838803931,220.6074280853,6.0
34847,0.0,-733.387329,96.224098,79.701271,0.309145623,-0.9321264971,0.1885979249,0.0185049931,42.4267436713,221.5637693732,6.0
34848,0.0,-732.914185,92.690056,79.701279,0.3203348676,-0.9284749236,0.1879358636,0.0180959715,41.9756771046,221.6488324859,6.0
34849,0.0,-732.486877,89.488892,79.701271,0.3246150237,-0.9271625988,0.1870684416,0.0178588518,42.0153554394,223.3129900041,6.0
34850,0.0,-731.838074,84.952766,79.701271,0.3266270327,-0.9265958448,0.1863730717,0.0177257003,41.9229357771,223.6495925485,6.0
34851,0.0,-731.535828,82.932701,79.701271,0.3271622287,-0.9264141225,0.1863377306,0.0177260534,41.8832953093,223.4359139724,6.0
34852,0.0,-730.927307,79.560471,79.701271,0.3284024329,-0.9259752046,0.1863377649,0.0176986352,42.0543258167,224.5204720234,6.0
34853,0.0,-730.371887,76.653946,79.701271,0.3294967467,-0.9255863785,0.1863377306,0.0176536126,42.1740381112,225.4439670568,6.0
34854,0.0,-729.520264,72.491348,79.701271,0.3307027091,-0.9251561859,0.1863377306,0.0175988589,42.0889176615,225.3355602332,6.0
34855,0.0,-728.770386,68.970047,79.701271,0.3310425312,-0.9252014873,0.1855075483,0.0174113234,41.8820576958,225.4217458786,6.0
34856,0.0,-728.028809,65.737984,79.701271,0.3310614824,-0.9252548596,0.1852072884,0.0173266418,41.8681405548,225.8920199865,6.0
34857,0.0,-727.333435,62.838715,79.701271,0.3310614824,-0.9252548596,0.1852072884,0.0173070801,41.989389595,226.6730728553,6.0
34858,0.0,-726.353088,58.878319,79.701271,0.3310614824,-0.9252548596,0.1852072884,0.017300525,41.9525810916,226.5168943777,6.0
34859,0.0,-725.487854,55.520336,79.701271,0.3310614824,-0.9252548596,0.1852072884,0.0173093077,42.0073918189,226.7557898142,6.0
34860,0.0,-724.697998,52.580509,79.701271,0.3310614824,-0.9252548596,0.1852072884,0.0173397541,42.1902772257,227.5447200348,6.0
34861,0.0,-724.14856,50.567364,79.701271,0.3310614824,-0.9252548596,0.1852072884,0.0173641371,42.1970610002,227.4228626694,6.0
34862,0.0,-723.054443,46.607727,79.701271,0.3310614824,-0.9252548596,0.1852072884,0.0174331053,42.1978606884,226.9808050182,6.0
34863,0.0,-722.056702,43.169018,79.701271,0.3310614824,-0.9252548596,0.1852072884,0.0175582919,42.4586012616,227.5748878983,6.0
34864,0.0,-720.990845,39.531151,79.701271,0.3310614824,-0.9252548596,0.1852072884,0.0177142528,42.6279724427,227.4836184482,6.0
34889,0.0,-688.821228,-42.205933,81.355171,0.3310614824,-0.9252548596,0.1852072884,0.0681501011,73.1560743975,201.6185331925,6.0
34890,0.0,-687.317688,-47.003403,81.57093,0.3310614824,-0.9252548596,0.1852072884,0.073195175,75.4899405956,201.0152443925,6.0
34891,0.0,-686.365112,-51.032566,82.033882,0.3310614824,-0.9252548596,0.1852072884,0.0778700801,77.3130747358,199.8371674031,6.0
34892,0.0,-682.50415,-61.878075,81.841873,0.3310614824,-0.9252548596,0.1852072884,0.0868239109,77.6097005788,190.4227635168,6.0
34893,0.0,-684.063599,-58.117439,82.194099,0.3310614824,-0.9252548596,0.1852072884,0.0891649667,81.3419573648,197.063365461,6.0
34894,0.0,-683.787476,-59.866955,82.441208,0.3310369114,-0.9251857809,0.185595889,0.0948237168,83.7802496654,197.1131416454,6.0
34895,0.0,-682.940308,-63.858284,82.702415,0.3309946575,-0.9250673329,0.18626048,0.1039497536,87.0019324684,195.97119732,6.0
34896,0.0,-681.873108,-67.508354,82.768707,0.3309542645,-0.9249544422,0.186891826,0.1128642992,90.3627086358,195.7985091027,6.0
34897,0.0,-681.421631,-68.782349,82.768707,0.3309396821,-0.9249136872,0.1871192082,,,,
34898,0.0,-680.109497,-73.401047,82.714233,0.3304665296,-0.9249213252,0.1879159784,,,,
34899,0.0,-679.672363,-74.964302,82.678314,0.330195467,-0.9249633907,0.1881852265,,,,
34900,0.0,-678.295837,-79.264908,82.494392,0.3297801463,-0.9250275011,0.1885979249,,,,
34901,0.0,-677.213135,-82.616447,82.16481,0.3297801463,-0.9250275011,0.1885979249,,,,
34902,0.0,-676.057678,-85.902199,82.16626,0.3288819222,-0.9252531226,0.1890590923,,,,
34903,0.0,-675.444519,-87.628204,82.072182,0.3283529559,-0.9253854881,0.1893304909,,,,
34904,0.0,-673.867188,-92.027145,81.652199,0.3272384401,-0.9256296403,0.1900651791,,,,
34905,0.0,-672.650818,-95.434853,81.542603,0.3266272115,-0.925720763,0.1906717954,,,,
34906,0.0,-671.223145,-99.274933,80.742729,0.3264403156,-0.9257485006,0.1908571036,,,,
34907,0.0,-670.460632,-101.495377,80.166519,0.3264403156,-0.9257485006,0.1908571036,,,,
34908,0.0,-669.040588,-105.529938,79.967209,0.3255621133,-0.9260577068,0.1908571036,,,,
34909,0.0,-667.750671,-109.232697,79.757965,0.3232515898,-0.9268667483,0.1908571207,,,,
34910,0.0,-667.415894,-110.230446,79.674599,0.3211411989,-0.9276517802,0.190605627,,,,
34911,0.0,-666.039124,-114.201683,79.457741,0.3156564371,-0.9296665159,0.1899504751,,,,
34912,0.0,-664.702271,-117.964996,79.417374,0.3047420937,-0.9333464946,0.1897276398,,,,
34913,0.0,-663.381042,-121.586716,79.534805,0.2857552359,-0.9393334665,0.1897276569,,,,
34914,0.0,-662.894409,-123.095398,79.569756,0.272584097,-0.9430511835,0.190662989,,,,
34915,0.0,-661.352417,-127.59549,80.323578,0.2212266363,-0.9559418657,0.1929609411,,,,
34916,0.0,-660.941406,-129.060043,80.39666,0.1900881323,-0.9625344151,0.1933752872,,,,
34917,0.0,-659.56366,-133.657959,80.674225,0.1155264352,-0.9741508979,0.1941228244,,,,
34918,0.0,-658.431274,-137.481583,80.720886,0.0333350596,-0.9803866853,0.1942439732,,,,
34919,0.0,-657.774963,-139.437424,80.752251,-0.0105835533,-0.9808961586,0.194243956,,,,
34920,0.0,-656.12085,-143.310989,81.225151,-0.0921936433,-0.9766112896,0.1942439732,,,,
34921,0.0,-654.123657,-148.608078,81.064125,-0.1839739821,-0.9637738699,0.1931152546,,,,
34922,0.0,-652.193237,-152.259567,81.251457,-0.2165834112,-0.9568838884,0.1935583893,,,,
34923,0.0,-651.390228,-154.11763,81.201069,-0.228108297,-0.9540665812,0.1938626076,,,,
34924,0.0,-649.45282,-158.052673,81.076134,-0.2474639027,-0.9492264723,0.1942439732,,,,
34925,0.0,-647.755798,-161.573471,80.651482,-0.2586530152,-0.9462388194,0.194243956,,,,
34926,0.0,-646.7736205,-163.650322,80.5266345,-0.2609436686,-0.9456067034,0.1942439646,,,,
34927,0.0,-645.058228,-167.288345,80.302872,-0.2635335397,-0.9448911855,0.1942439732,,,,
34928,0.0,-643.176453,-171.253525,80.047928,-0.2642300014,-0.9446966631,0.1942439732,,,,
34929,0.0,-642.198059,-173.209869,79.754074,-0.2643508897,-0.9446628425,0.1942439732,,,,
34930,0.0,-640.270142,-177.183441,79.444572,-0.2643508897,-0.9446628425,0.1942439732,,,,
34931,0.0,-638.434753,-180.997498,79.334587,-0.2643508897,-0.9446628425,0.1942439732,,,,
34932,0.0,-637.924011,-182.092926,79.281334,-0.2645759198,-0.944599842,0.1942439732,,,,
34933,0.0,-635.987,-186.048477,79.048668,-0.2652251403,-0.9444177592,0.1942439732,,,,
34934,0.0,-634.295105,-189.809326,78.959717,-0.2671347182,-0.9438793962,0.1942439903,0.0978658607,72.6197752065,168.3134104652,6.0
34935,0.0,-633.509705,-191.515427,78.917526,-0.2688566589,-0.9433903624,0.1942439732,0.1020337661,74.8979886759,170.1978054368,6.0
34936,0.0,-632.130737,-194.77124,78.883202,-0.2734894591,-0.9419867819,0.1945878166,0.1069672966,75.6835151522,168.188666228,6.0
34937,0.0,-630.319641,-198.936737,78.915009,-0.2788299569,-0.9402745236,0.1952886977,0.1154049528,77.7591464631,166.7363300312,6.0
34938,0.0,-629.387939,-200.892578,78.909134,-0.2828331081,-0.9389781135,0.1957690868,0.1194070492,78.809228275,166.3085931678,6.0
34939,0.0,-627.917297,-204.547318,79.078812,-0.2951544238,-0.9350248013,0.1965006032,0.1233663364,76.9757934611,159.9801461131,6.0
34940,0.0,-626.701965,-208.164459,79.6073,-0.3074074143,-0.9310683119,0.1965005861,0.1304555482,78.3699748553,158.6903552701,6.0
34941,0.0,-625.89856,-209.494202,79.371872,-0.3125535284,-0.9293534374,0.1965005861,0.1344984968,79.6408505532,158.9935010517,6.0
34942,0.0,-624.214172,-213.906601,79.750877,-0.3307974464,-0.9230170939,0.1965006203,0.1425664219,79.4489274378,154.391279894,6.0
34943,0.0,-622.899353,-216.92775,79.736786,-0.3441689202,-0.9181150695,0.196500569,,,,
34944,0.0,-622.221619,-218.443863,79.739853,-0.3492467129,-0.9161955322,0.1965005861,,,,
34945,0.0,-620.274597,-223.153473,79.648491,-0.3642730481,-0.9103255825,0.1965005861,,,,
34946,0.0,-619.605164,-224.633759,79.605598,-0.3686665473,-0.9085551661,0.1965006032,,,,
34947,0.0,-618.098145,-228.258789,79.476807,-0.3791560023,-0.9042279832,0.1965005861,,,,
34948,0.0,-616.887146,-231.861588,78.809471,-0.390208631,-0.8995136078,0.1965006203,,,,
34949,0.0,-615.387512,-235.339203,78.740379,-0.401834071,-0.8943807312,0.1965006032,,,,
34950,0.0,-614.894287,-237.155411,78.172714,-0.4079342816,-0.8916149065,0.1965005861,,,,
34951,0.0,-613.865479,-240.218628,77.646301,-0.4204150494,-0.8857983438,0.1965005861,,,,
34952,0.0,-612.507141,-244.166687,77.094238,-0.4337659366,-0.8793376097,0.1965005861,,,,
34953,0.0,-610.838379,-248.889267,76.646614,-0.4500572094,-0.8709271801,0.1973179039,,,,
34954,0.0,-609.536194,-252.490967,76.372307,-0.4614316059,-0.8647294262,0.1983025277,,,,
34955,0.0,-608.944397,-254.0575255,76.417431,-0.4689010705,-0.8605157102,0.1989235147,,,,
34956,0.0,-608.3526,-255.624084,76.462555,-0.4763705351,-0.8563019941,0.1995445016,,,,
34957,0.0,-607.565491,-258.35614,76.378677,-0.4965370471,-0.8446878139,0.1998836109,,,,
34958,0.0,-606.028625,-262.980103,76.491318,-0.5343911815,-0.8213270705,0.1996194091,,,,
34959,0.0,-605.392517,-264.9352115,76.588837,-0.5465080102,-0.8132658776,0.1992879748,,,,
34960,0.0,-603.926514,-269.223358,77.004761,-0.5715699115,-0.796117968,0.1987561757,,,,
34961,0.0,-602.647583,-273.17276,77.5336,-0.6133770228,-0.7643720367,0.1987561757,,,,
34962,0.0,-602.0491335,-275.2427065,77.7624055,-0.6448415941,-0.7371328496,0.1976900383,,,,
34963,0.0,-601.189758,-278.4758,78.034775,-0.7027475212,-0.6845181293,0.1938578141,,,,
34964,0.0,-600.027527,-282.961731,78.435242,-0.7628431987,-0.6190468426,0.1866849238,,,,
34965,0.0,-599.8174745,-284.572815,78.434399,-0.7795417874,-0.598066392,0.1841349173,,,,
34966,0.0,-599.452515,-287.827026,78.48349,-0.8102172082,-0.5580762652,0.1791618199,,,,
34967,0.0,-598.725281,-292.218536,78.81842,-0.8308146026,-0.5281703166,0.1754514539,,,,
34968,0.0,-598.3122865,-294.238998,78.6616745,-0.8319940632,-0.5263774918,0.1752368784,,,,
34969,0.0,-597.707764,-298.088898,78.421883,-0.8331735238,-0.5245846669,0.1750223029,,,,
34970,0.0,-597.289978,-302.436066,78.118019,-0.8357098352,-0.5205345953,0.1750223029,,,,
34971,0.0,-597.066895,-305.580292,77.830887,-0.8408082048,-0.5125570038,0.1741461474,,,,
34972,0.0,-597.138306,-309.500549,77.848434,-0.8462503735,-0.5039342649,0.172946703,,,,
34973,0.0,-596.960632,-313.320465,77.492149,-0.8510361233,-0.4962446103,0.171693924,,,,
34974,0.0,-597.004089,-314.77417,77.436264,-0.8517239639,-0.4950876516,0.1716231526,,,,
34975,0.0,-597.310181,-318.804535,77.339676,-0.8524350783,-0.4938622828,0.1716230838,,,,
34976,0.0,-597.65686,-321.616211,77.307877,-0.8524350783,-0.4938622828,0.1716230838,,,,
34977,0.0,-598.278137,-326.137878,77.36676,-0.8524350783,-0.4938622828,0.1716230838,,,,
34978,0.0,-598.581604,-328.404968,77.469788,-0.8524350783,-0.4938622828,0.1716230838,,,,
34979,0.0,-599.179016,-331.776001,77.651703,-0.8524350783,-0.4938622828,0.1716230838,,,,
34980,0.0,-599.831116,-335.042938,77.828674,-0.8524350783,-0.4938622828,0.1716230838,,,,
34981,0.0,-600.716553,-338.83017,78.113281,-0.8524350783,-0.4938622828,0.1716230838,,,,
34982,0.0,-601.240356,-340.315643,78.413277,-0.8519330005,-0.4947278666,0.1716231354,,,,
34983,0.0,-602.34491,-344.770782,78.89399,-0.8449696096,-0.5068597385,0.1706445559,,,,
34984,0.0,-602.949158,-348.242401,78.833328,-0.8309076628,-0.5296468219,0.1704895889,,,,
34985,0.0,-603.258179,-349.367096,79.056412,-0.8203750048,-0.5456151276,0.1711402464,,,,
34986,0.0,-604.39624,-355.211456,79.057777,-0.7789901954,-0.6024442154,0.1738828424,,,,
34987,0.0,-604.731201,-357.020111,79.057777,-0.7643534659,-0.6203791206,0.1757655422,,,,
34988,0.0,-605.710876,-361.211304,78.782745,-0.7030152815,-0.6874009691,0.1823442395,,,,
34989,0.0,-605.886536,-362.796417,78.782745,-0.6833902819,-0.7064376571,0.1841834931,,,,
34990,0.0,-606.233154,-368.298248,78.82605,-0.6157191981,-0.7648148949,0.1895996987,,,,
34991,0.0,-606.065857,-372.205078,78.474243,-0.5633709199,-0.8032723648,0.1933047193,,,,
34992,0.0,-606.008972,-374.694824,78.072685,-0.5399348617,-0.8188119072,0.1949805264,,,,
34993,0.0,-605.765808,-381.767578,77.446877,-0.4863480067,-0.8507563261,0.1991966115,,,,
34994,0.0,-605.6965025,-383.525467,77.2879565,-0.4824401611,-0.8528864568,0.1995401112,,,,
34995,0.0,-605.627197,-385.283356,77.129036,-0.4785323155,-0.8550165876,0.1998836109,,,,
34996,0.0,-605.452148,-389.93692,77.050209,-0.4773101961,-0.8556994285,0.199883628,,,,
34997,0.0,-605.085449,-395.545105,76.779442,-0.4771369929,-0.8557960305,0.1998835767,,,,
34998,0.0,-604.853119,-397.5129545,76.720005,-0.4771369929,-0.8557960305,0.1998835767,,,,
34999,0.0,-604.620789,-399.480804,76.660568,-0.4771369929,-0.8557960305,0.1998835767,,,,
35000,0.0,-603.878784,-405.29718,76.738342,-0.4771369929,-0.8557960305,0.1998835767,,,,
35001,0.0,-603.5523985,-407.6539,76.8488465,-0.477582948,-0.8555470897,0.1998835767,,,,
35002,0.0,-603.077454,-411.152069,77.018272,-0.4790315718,-0.8546870019,0.2000971815,,,,
35003,0.0,-602.7211915,-413.6873625,77.6054685,-0.4807040562,-0.8536529154,0.2004901232,,,,
35004,0.0,-602.0495,-418.344757,78.244858,-0.4839008613,-0.8516558864,0.2013012858,,,,
35005,0.0,-601.659424,-420.5265505,78.5249255,-0.4883468752,-0.848999171,0.2017194517,,,,
35006,0.0,-600.716858,-424.453491,79.030731,-0.4994742752,-0.8423807441,0.2022872474,,,,
35007,0.0,-599.701721,-429.147034,79.250755,-0.5189129697,-0.8303676503,0.2030243711,,,,
35008,0.0,-599.155487,-431.418976,79.3947105,-0.5325285938,-0.8213856083,0.2036480493,,,,
35009,0.0,-598.323059,-435.49408,79.600952,-0.561376617,-0.8019231941,0.20439052,,,,
35010,0.0,-597.888428,-439.736237,79.704773,-0.5961770971,-0.7764002687,0.204390537,,,,
35011,0.0,-597.695374,-441.085205,79.575867,-0.6104488909,-0.7652826437,0.204192622,,,,
35012,0.0,-597.956299,-446.125549,79.448708,-0.6521908066,-0.730273602,0.2033411371,,,,
35013,0.0,-597.956055,-448.277313,79.334419,-0.6661519714,-0.7175829023,0.2032641862,,,,
35014,0.0,-598.566772,-451.8992,79.310776,-0.7019368396,-0.6829180111,0.2022564296,,,,
35015,0.0,-598.980957,-453.768555,79.310776,-0.7140733965,-0.6704084833,0.2016225432,,,,
35016,0.0,-599.771667,-458.392517,79.301918,-0.7390015261,-0.6430174421,0.2010107302,,,,
35017,0.0,-600.163696,-459.943359,79.299164,-0.7465911797,-0.6341894801,0.2010107302,,,,
35018,0.0,-601.61969,-464.041992,79.31134,-0.763423393,-0.6135548715,0.2018294891,,,,
35019,0.0,-602.3643495,-465.5753935,79.3636015,-0.765669208,-0.610964673,0.2011482425,,,,
35020,0.0,-603.902161,-468.567505,79.455444,-0.7686650831,-0.60767665,0.1997074837,,,,
35021,0.0,-605.606445,-471.361633,79.632828,-0.769602505,-0.6068014229,0.1987561757,,,,
35022,0.0,-607.1640625,-473.3641205,79.808609,-0.769602505,-0.6068014229,0.1987561757,,,,
35023,0.0,-610.296143,-477.391357,80.072487,-0.769602505,-0.6068014229,0.1987561757,,,,
35024,0.0,-612.149902,-478.881622,80.398582,-0.769602505,-0.6068014229,0.1987561757,,,,
35025,0.0,-616.304199,-481.891846,81.009636,-0.769602505,-0.6068014229,0.1987561757,,,,
35026,0.0,-619.711426,-484.611664,81.282402,-0.769602505,-0.6068014229,0.1987561757,,,,
35027,0.0,-620.645447,-485.770294,81.286209,-0.769602505,-0.6068014229,0.1987561757,,,,
35028,0.0,-624.448303,-489.498688,81.20327,-0.769602505,-0.6068014229,0.1987561757,,,,
35029,0.0,-626.199707,-491.254547,80.946533,-0.769602505,-0.6068014229,0.1987561757,,,,
35030,0.0,-629.19165,-494.219604,80.499306,-0.769602505,-0.6068014229,0.1987561757,,,,
35031,0.0,-632.53241,-497.475952,80.327324,-0.769602505,-0.6068014229,0.1987561757,,,,
35032,0.0,-633.440857,-498.409302,79.815277,-0.7694552692,-0.606988109,0.1987561928,,,,
35033,0.0,-639.271057,-503.962585,79.111374,-0.7707438243,-0.6053510938,0.1987561586,,,,
35034,0.0,-640.598694,-505.21965,78.904465,-0.773736168,-0.6015542396,0.1985987012,,,,
35035,0.0,-641.926331,-506.476715,78.697556,-0.7767285118,-0.5977573853,0.1984412438,,,,
35036,0.0,-645.443787,-509.617523,78.858864,-0.7798173157,-0.5939294155,0.1978201294,,,,
35037,0.0,-650.558899,-513.934265,78.859421,-0.7872152381,-0.5811040441,0.2064225251,,,,
35038,0.0,-652.7522585,-516.0321045,78.8662605,-0.7966111803,-0.5653485993,0.2130974344,,,,
35039,0.0,-654.945618,-518.129944,78.8731,-0.8060071225,-0.5495931545,0.2197723437,,,,
35040,0.0,-658.914734,-522.218018,78.881447,-0.8376534766,-0.4922678464,0.23666225,,,,
35041,0.0,-662.222107,-524.321472,79.024971,-0.8655983898,-0.4344708486,0.2489468001,,,,
35042,0.0,-663.686035,-525.5216675,79.255417,-0.8769739589,-0.4068429448,0.253925195,,,,
35043,0.0,-665.149963,-526.721863,79.485863,-0.888349528,-0.3792150409,0.2589035899,,,,
35044,0.0,-667.644775,-528.597473,80.059563,-0.9102544775,-0.316841948,0.2665482436,,,,
35045,0.0,-671.489746,-530.197998,81.138145,-0.9359692542,-0.2157484466,0.2782340076,,,,
35046,0.0,-674.683899,-532.56543,81.941376,-0.9461879536,-0.1530394962,0.2851442953,,,,
35047,0.0,-677.802856,-534.222656,82.227699,-0.950987254,-0.1029235501,0.2915990151,,,,
35048,0.0,-679.3523865,-534.9282835,82.15905,-0.9509512453,-0.0926354833,0.2949463444,,,,
35049,0.0,-681.931335,-536.081055,82.036171,-0.9504196342,-0.0760194265,0.3015353473,,,,
35050,0.0,-686.092896,-537.792053,81.894272,-0.9486517708,-0.0596159746,0.3106537515,,,,
35051,0.0,-688.0700685,-538.5467225,81.691696,-0.9480983752,-0.0533677753,0.3133919392,,,,
35052,0.0,-691.599121,-539.849121,81.37188,-0.9474029239,-0.0450037857,0.3168633129,,,,
35053,0.0,-695.22644,-541.071838,80.914513,-0.9473071928,-0.042439433,0.3175027197,,,,
35054,0.0,-696.894836,-541.580322,80.6634295,-0.94731726,-0.0422137636,0.3175026866,,,,
35055,0.0,-701.008911,-542.771179,80.259621,-0.9473273272,-0.0419880941,0.3175026535,,,,
35056,0.0,-705.420776,-543.951904,79.965042,-0.9473273272,-0.0419880941,0.3175026535,,,,
35057,0.0,-708.911316,-544.76416,79.970055,-0.9473273272,-0.0419880941,0.3175026535,,,,
35058,0.0,-712.756348,-545.595215,79.986465,-0.9473273272,-0.0419880941,0.3175026535,,,,
35059,0.0,-716.315002,-546.307373,80.059631,-0.9473273272,-0.0419880941,0.3175026535,,,,
35060,0.0,-718.077209,-546.641846,80.115601,-0.9473273272,-0.0419880941,0.3175026535,,,,
35061,0.0,-722.182678,-547.369934,80.271591,-0.9473273272,-0.0419880941,0.3175026535,,,,
35062,0.0,-726.05957,-547.860107,80.5718,-0.9473273272,-0.0419880941,0.3175026535,,,,
35063,0.0,-729.952332,-548.098755,79.218697,-0.9473273272,-0.0419880941,0.3175026535,,,,
35064,0.0,-731.199341,-548.149719,78.683113,-0.9473273272,-0.0419880941,0.3175026535,,,,
35065,0.0,-737.022766,-548.27179,76.086151,-0.9473273272,-0.0419880941,0.3175026535,,,,
35066,0.0,-738.636536,-548.686279,74.993439,-0.9473273272,-0.0419880941,0.3175026535,,,,
35067,0.0,-743.282898,-548.415833,72.626129,-0.9473273272,-0.0419880941,0.3175026535,,,,
35068,0.0,-744.935669,-547.363708,71.884636,-0.9473273272,-0.0419880941,0.3175026535,,,,
35069,0.0,-749.339722,-547.209473,69.695992,-0.9473273272,-0.0419880941,0.3175026535,,,,
35070,0.0,-750.478638,-547.184143,69.12944,-0.9473273272,-0.0419880941,0.3175026535,,,,
35071,0.0,-754.759277,-546.602051,66.955605,-0.9473273272,-0.0419880941,0.3175026535,,,,
35072,0.0,-758.360168,-545.985107,65.041199,-0.9474673356,-0.0441192283,0.3167951098,,,,
35073,0.0,-759.487793,-545.7771,64.400703,-0.9475789837,-0.0461691002,0.3161684423,,,,
35074,0.0,-763.20752,-544.581665,62.184055,-0.9478549049,-0.0534667987,0.314185265,,,,
35075,0.0,-768.012817,-542.36377,59.43409,-0.9479224111,-0.0668319028,0.3114106602,,,,
35076,0.0,-769.074402,-541.740417,58.615761,-0.9477117952,-0.0755127812,0.3100647887,,,,
35077,0.0,-774.235657,-538.201843,54.501423,-0.945953794,-0.1099531354,0.3050929818,,,,
35078,0.0,-778.674927,-535.835388,51.777023,-0.9406592682,-0.1562905365,0.3012198687,,,,
35079,0.0,-781.217499,-534.513397,50.4015845,-0.9364078512,-0.1817341026,0.2990701947,,,,
35080,0.0,-785.478149,-532.297546,48.285614,-0.9283505311,-0.2243761039,0.2963455002,,,,
35081,0.0,-788.911377,-530.486755,46.693722,-0.9162005874,-0.2720450767,0.294224336,,,,
35082,0.0,-790.907654,-529.439941,45.816351,-0.9082705224,-0.29714944,0.2933478913,,,,
35083,0.0,-794.322327,-527.723389,44.746464,-0.8939848416,-0.3410358257,0.2906641852,,,,
35084,0.0,-798.394592,-525.7052,43.056721,-0.8798748709,-0.3791454553,0.2864767622,,,,
35085,0.0,-800.345398,-524.774658,42.351192,-0.8730620089,-0.3959228742,0.2846187032,,,,
35086,0.0,-802.886627,-523.6609495,41.1296615,-0.8627976546,-0.4188925416,0.2819022958,,,,
35087,0.0,-805.427856,-522.547241,39.908131,-0.8525333003,-0.4418622089,0.2791858883,,,,
35088,0.0,-812.423279,-519.612976,36.337223,-0.8364859205,-0.4751268985,0.2730306487,,,,
35089,0.0,-816.259277,-518.303284,34.249634,-0.8266801565,-0.4950230037,0.2674923265,,,,
35090,0.0,-818.17395,-517.5137025,33.337313,-0.8222548088,-0.5035981266,0.2649268926,,,,
35091,0.0,-822.536743,-515.744019,31.24576,-0.8132957261,-0.5206232408,0.2598105137,,,,
35092,0.0,-825.5302735,-514.365326,29.7632675,-0.8075582367,-0.5310016432,0.2563876028,,,,
35093,0.0,-830.258667,-512.234192,27.412447,-0.7985466582,-0.5469801881,0.2512685984,,,,
35094,0.0,-833.350647,-512.460999,24.235966,-0.7889587667,-0.5630517898,0.2460015172,,,,
35095,0.0,-834.639648,-512.005188,23.589104,-0.7859973302,-0.5679293355,0.2442631098,,,,
35096,0.0,-839.479553,-510.51889,20.636631,-0.7761569677,-0.5832099161,0.2396801105,,,,
35097,0.0,-842.959167,-509.748749,19.24584,-0.7699858025,-0.5927090338,0.236258048,,,,
35098,0.0,-844.519104,-509.561218,18.729557,-0.7668590601,-0.597224792,0.2350526105,,,,
35099,0.0,-848.440918,-509.620605,17.232544,-0.7570341187,-0.611081438,0.2312548794,,,,
35100,0.0,-852.467957,-509.634827,15.478197,-0.7483924606,-0.6230517551,0.2274098399,,,,
35101,0.0,-854.556458,-509.666718,14.488316,-0.7444952429,-0.6283003912,0.2257552918,,,,
35102,0.0,-858.234985,-509.71933,13.085035,-0.7349014572,-0.6407519946,0.2221637449,,,,
35103,0.0,-862.235291,-509.771057,11.326561,-0.7252137386,-0.6525487229,0.2196478946,,,,
35104,0.0,-864.093323,-509.801453,10.395933,-0.7216450392,-0.6567698553,0.218819091,,,,
35105,0.0,-868.646118,-509.81015,8.373079,-0.7117406109,-0.6682807504,0.2163934876,,,,
35106,0.0,-872.612732,-509.887146,6.386806,-0.6980816924,-0.6834397002,0.2135231299,,,,
35107,0.0,-874.329712,-509.812866,5.731507,-0.6931438118,-0.6887650423,0.2124955829,,,,
35108,0.0,-879.08252,-509.629059,3.273785,-0.6763539475,-0.7061813328,0.2094117068,,,,
35109,0.0,-882.778931,-509.813293,1.303308,-0.6591688464,-0.7229930806,0.206827071,,,,
35110,0.0,-884.226562,-509.584595,0.46232,-0.651996964,-0.7297979283,0.2056573433,,,,
35111,0.0,-889.057678,-509.392822,-2.31656,-0.6342839769,-0.7460417896,0.2027448761,,,,
35112,0.0,-892.834534,-509.607544,-4.270866,-0.6144908494,-0.7630947878,0.2002182332,,,,
35113,0.0,-896.052246,-509.613739,-6.155158,-0.5892649975,-0.7832354183,0.198265081,,,,
35114,0.0,-897.769287,-509.458313,-7.330965,-0.5788544015,-0.7911456732,0.1975249494,,,,
35115,0.0,-902.647339,-509.506409,-10.299791,-0.5476077418,-0.8133346671,0.1965005861,,,,
35116,0.0,-906.536011,-509.900604,-12.284587,-0.5143870551,-0.8352572546,0.1942968763,,,,
35117,0.0,-908.20105,-509.951721,-13.485674,-0.4994492226,-0.8445323037,0.1931726222,0.1487032563,200.1520434801,381.4712130574,3.0
35118,0.0,-910.951599,-510.210388,-15.097611,-0.4821661183,-0.8548066357,0.1918891602,0.1387589481,193.1920240648,380.1520892773,3.0
35119,0.0,-915.829102,-510.902039,-17.592724,-0.4497115415,-0.872941596,0.1890304194,0.123642865,181.8635722146,377.5751781155,3.0
35120,0.0,-919.114441,-511.528107,-19.253025,-0.4213578913,-0.8875410841,0.186355444,0.111395456,172.0969242101,375.2052059433,3.0
35121,0.0,-921.17804,-511.923309,-20.243862,-0.4079112404,-0.8940596734,0.1851100222,0.1062711319,167.701370394,373.8264775113,3.0
35122,0.0,-927.230774,-513.204651,-23.086735,-0.3684926312,-0.9115357861,0.1825258651,0.0927857448,155.3963863931,369.4031072665,3.0
35123,0.0,-929.9058535,-513.878723,-24.128711,-0.3523046782,-0.9179306386,0.1816066286,0.0882492229,150.7980631855,367.2132141956,3.0
35124,0.0,-934.076965,-514.951233,-25.804913,-0.3283243481,-0.9271228455,0.1806830147,0.0816848982,143.9117574983,363.5510622829,3.0
35125,0.0,-938.289795,-516.180908,-27.27306,-0.3046381521,-0.93517338,0.1806829976,0.0768357275,138.3761845528,359.9743505008,3.0
35126,0.0,-941.675842,-517.296936,-28.78508,-0.2856645221,-0.9411426189,0.1806830147,0.0730846711,133.8940904725,356.7935093577,3.0
35127,0.0,-944.906372,-518.601196,-30.397448,-0.26768439,-0.9464136103,0.1806829976,0.0694320387,129.2068465212,352.909233149,3.0
35128,0.0,-947.916138,-519.825623,-31.817162,-0.249523873,-0.951362965,0.1806829976,0.0662652543,125.0605096683,349.3645294424,3.0
35129,0.0,-949.2191165,-520.327301,-32.0415975,-0.240455231,-0.9536908554,0.1804641989,0.0653122412,123.6832302547,347.942858593,3.0
35130,0.0,-952.111633,-521.536133,-32.183647,-0.2226687047,-0.9581378725,0.1799735127,0.0636523845,120.9921123966,344.6339502212,3.0
35131,0.0,-956.594177,-523.677124,-32.342052,-0.1981945226,-0.9635767981,0.1795513447,0.0620881857,117.5846295695,338.983894905,3.0
35132,0.0,-959.768127,-525.246033,-32.539108,-0.1822584217,-0.9667177335,0.1795513618,0.0616066204,115.7228274181,334.8762785599,3.0
35133,0.0,-962.841187,-526.841797,-32.791199,-0.1648749038,-0.9700263963,0.1785078613,0.0606265056,113.4074310661,330.7345126101,3.0
35134,0.0,-964.158936,-527.546265,-32.900688,-0.1587839373,-0.9711394146,0.1779772422,0.0605678445,112.8184371635,329.1711193593,3.0
35135,0.0,-968.507263,-529.870728,-33.273891,-0.1395481152,-0.9744119384,0.1762035692,0.0598893302,109.9427788305,322.5363966347,3.0
35136,0.0,-969.676331,-530.526855,-33.359447,-0.1334479003,-0.9753530944,0.1757213682,0.0600651901,109.3771631526,320.421507414,3.0
35137,0.0,-973.906128,-532.970337,-33.729061,-0.1130735515,-0.9782361834,0.1739779911,0.0598453109,107.0282944919,314.0981383149,3.0
35138,0.0,-975.1781615,-533.787628,-33.7368735,-0.1065545018,-0.9790433,0.1734269348,0.060232338,106.6231447822,311.9417459221,3.0
35139,0.0,-977.714661,-535.38269,-33.709198,-0.0942558546,-0.9805144349,0.1723579906,0.0610238592,105.9508586873,308.012551102,3.0
35140,0.0,-981.677673,-537.948425,-33.452213,-0.0772311012,-0.9823158881,0.1705604089,0.0630612228,105.0396336991,300.5481490699,3.0
35141,0.0,-983.153076,-538.842651,-33.521439,-0.0728840519,-0.982737007,0.1700467292,0.0635772007,104.5450810289,297.956462058,3.0
35142,0.0,-987.683044,-541.912659,-33.056667,-0.0592076837,-0.9837749048,0.1693557995,0.0661239867,103.9172876685,290.5989056341,3.0
35143,0.0,-988.843201,-542.799133,-32.671387,-0.0558382027,-0.9840525981,0.1688862913,0.0670918098,103.8909596094,288.4944024691,3.0
35144,0.0,-993.126343,-545.840454,-32.259045,-0.0402772098,-0.9851122489,0.1671275063,0.0696705207,102.9690637019,280.7802226337,3.0
35145,0.0,-994.220764,-546.604004,-32.196209,-0.0363347579,-0.9853391018,0.1666932509,0.0702025692,102.6148124989,278.7903202837,3.0
35146,0.0,-997.745117,-549.114258,-31.947563,-0.0245294519,-0.9858951978,0.165556531,0.0723882504,101.6913481109,272.2326322084,3.0
35147,0.0,-1001.278381,-551.739746,-31.878523,-0.0160346537,-0.9861794804,0.1649027661,0.0738865594,100.2968132259,265.8664162016,3.0
35148,0.0,-1002.798828,-552.868896,-31.814156,-0.0131151561,-0.9863128966,0.1643619868,0.0744808773,99.5982811455,262.9998698662,3.0
35149,0.0,-1005.979126,-555.310059,-31.787487,-0.0076911372,-0.986595209,0.1630053371,0.0755129627,97.8573789573,256.6996811257,3.0
35150,0.0,-1009.197998,-557.741211,-31.802197,-0.0008896285,-0.986700135,0.1625486146,0.0767575579,96.4316915544,250.9817789368,3.0
35151,0.0,-1012.067261,-559.754272,-32.087849,0.0071550306,-0.9868202962,0.1616617103,0.0774288623,94.5131995793,244.9626196142,3.0
35152,0.0,-1013.92981,-561.214111,-32.21777,0.012775758,-0.9868947212,0.1608589112,0.077790337,93.2707359333,241.2027189153,3.0
35153,0.0,-1017.688721,-564.311707,-32.571667,0.0244853479,-0.9869448498,0.1591864666,0.0786987168,90.6538749867,233.1335681693,3.0
35154,0.0,-1018.46875,-564.985657,-32.633724,0.0261618322,-0.9869461659,0.1589113717,0.0788834602,89.8248606854,230.7420360811,3.0
35155,0.0,-1021.64386,-567.75293,-32.931072,0.030167176,-0.9869405885,0.1582346875,0.0797823466,87.8466918821,224.4382013045,3.0
35156,0.0,-1024.562134,-570.370972,-33.016212,0.0338924907,-0.9869824498,0.1572162297,0.0821609033,86.8074504419,218.6846573612,3.0
35157,0.0,-1026.348755,-571.972412,-33.450569,0.037591554,-0.9870239242,0.1561110123,0.0828686692,85.4308321005,214.3352105611,3.0
35158,0.0,-1029.342041,-574.75531,-33.672016,0.0421019246,-0.9870446243,0.1548235693,0.0841228368,83.7874834774,208.707646944,3.0
35159,0.0,-1031.843628,-577.182373,-33.656982,0.0484906878,-0.986932531,0.1536646751,0.0860098022,82.852217703,204.2021491382,3.0
35160,0.0,-1033.725952,-578.998474,-33.741154,0.0534893174,-0.9869246588,0.1520480543,0.0873852369,82.1506874051,200.9455606378,3.0
35161,0.0,-1036.423828,-581.826965,-33.643982,0.0584547123,-0.9869277329,0.1501888699,0.0894766364,81.5339159903,197.2001768972,3.0
35162,0.0,-1039.499023,-585.285278,-33.314697,0.0671905544,-0.986765506,0.1475779983,0.0918664827,80.910159745,193.2502810528,3.0
35163,0.0,-1040.7307735,-586.615753,-33.1952115,0.071817142,-0.9866661966,0.1459730234,0.0921865112,80.4720399874,191.8885996973,3.0
35164,0.0,-1041.962524,-587.946228,-33.075726,0.0764437297,-0.9865668871,0.1443680485,0.0925065398,80.0339202298,190.5269183417,3.0
35165,0.0,-1044.369141,-590.55603,-32.847313,0.0910597634,-0.9857895601,0.1411632484,0.0915304796,79.3593468079,189.8771049746,3.0
35166,0.0,-1046.971069,-593.406982,-32.271683,0.1042370185,-0.9848907057,0.1382929562,0.0924243804,79.3484883995,188.9750644943,3.0
35167,0.0,-1050.58374,-597.54364,-32.058388,0.1403891354,-0.9809295799,0.1344174465,0.0936303996,78.6211624691,186.0919001594,3.0
35168,0.0,-1052.081604,-599.4253235,-32.0666085,0.1608913938,-0.977692128,0.1334175354,0.093678759,78.2434319777,185.1526107884,3.0
35169,0.0,-1053.579468,-601.307007,-32.074829,0.1813936523,-0.9744546761,0.1324176243,0.0937271184,77.8657014863,184.2133214175,3.0
35170,0.0,-1057.11438,-605.796753,-32.231377,0.2113170434,-0.9684870878,0.1318251413,0.0975279198,77.7715088275,180.5497527726,3.0
35171,0.0,-1059.192505,-608.683716,-32.486465,0.2237474188,-0.9656910607,0.1318251413,0.0976308037,77.5722266081,179.9970645902,3.0
35172,0.0,-1060.2335815,-610.155701,-32.6260715,0.2253309082,-0.9653214334,0.1318251413,0.0980486736,77.6392450576,179.7888894329,3.0
35173,0.0,-1061.274658,-611.627686,-32.765678,0.2269143977,-0.9649518062,0.1318251413,0.0984665434,77.7062635072,179.5807142756,3.0
35174,0.0,-1064.213501,-615.539551,-32.818352,0.2269143977,-0.9649518062,0.1318251413,0.1009227898,78.6841479758,179.7303052342,3.0
35175,0.0,-1065.6881105,-617.6103515,-32.961716,0.2269143977,-0.9649518062,0.1318251413,0.1017017789,78.9452342281,179.6732641269,3.0
35176,0.0,-1067.680298,-620.520325,-33.651398,0.2269143977,-0.9649518062,0.1318251413,0.1012167928,78.8056045859,179.7600284548,3.0
35177,0.0,-1070.280273,-624.147217,-33.904953,0.2269143977,-0.9649518062,0.1318251413,0.1024264804,79.5290578646,180.3933016309,3.0
35178,0.0,-1071.104126,-625.344971,-33.9972345,0.2269143977,-0.9649518062,0.1318251413,0.1024486295,79.7899427162,180.9664920762,3.0
35179,0.0,-1073.145874,-628.364319,-34.060417,0.2269143977,-0.9649518062,0.1318251413,0.1027145581,80.5136339523,182.3841488131,3.0
35180,0.0,-1075.57605,-631.856079,-34.009781,0.2269143977,-0.9649518062,0.1318251413,0.1038939752,81.4104659421,183.4229818786,3.0
35181,0.0,-1077.490967,-634.692078,-33.90527,0.2269143977,-0.9649518062,0.1318251413,0.1048647077,82.5013555056,185.0658554464,3.0
35182,0.0,-1078.063599,-635.548279,-33.874977,0.2269143977,-0.9649518062,0.1318251413,0.1051881776,82.8698570277,185.6222707299,3.0
35183,0.0,-1081.153076,-640.256226,-33.692768,0.2269143977,-0.9649518062,0.1318251413,0.1076961225,84.9964135908,188.2804067651,3.0
35184,0.0,-1082.953613,-643.103149,-33.468269,0.2486002513,-0.9598826501,0.1297043297,0.1046950097,84.636343575,190.0003273386,3.0
35185,0.0,-1083.806885,-644.545471,-33.307526,0.2796923404,-0.9508233993,0.1330678704,0.1016667472,83.8196226473,190.7963267571,3.0
35186,0.0,-1085.381714,-647.394348,-33.038944,0.3716495329,-0.9176042127,0.1409933812,0.0948012984,81.9250383641,192.7699666166,3.0
35187,0.0,-1087.397095,-650.602966,-32.798004,0.4637032491,-0.8737100526,0.1470035397,0.094396602,82.2898654096,194.0224177208,3.0
35188,0.0,-1089.517578,-653.894043,-32.55542,0.5810073,-0.8001599416,0.1489113331,0.1042835637,87.0163976466,195.7070544185,3.0
35189,0.0,-1090.099243,-654.551392,-32.49025,0.6167683028,-0.7730554937,0.148263496,0.1100264542,89.714498711,196.7370765348,3.0
35190,0.0,-1092.910767,-657.469299,-32.488792,0.6986308846,-0.7005564364,0.1453807639,0.1287274201,97.8634565101,199.396022656,3.0
35191,0.0,-1094.340698,-658.861816,-32.490227,0.7311278734,-0.6668311296,0.1441814042,0.1390051635,101.9686734472,200.4835384596,3.0
35192,0.0,-1097.902466,-661.856384,-32.605644,0.8303453641,-0.538831429,0.1420819037,,,,
35193,0.0,-1098.458252,-662.880127,-32.507233,0.8505007182,-0.506420044,0.1420819037,,,,
35194,0.0,-1101.659058,-665.920471,-32.681065,0.8876359103,-0.4382130863,0.1416749156,,,,
35195,0.0,-1104.210449,-668.988159,-32.74284,0.9048909027,-0.4015928284,0.1410519565,,,,
35196,0.0,-1106.479858,-671.916992,-32.992172,0.9110675047,-0.3877802352,0.139937454,,,,
35197,0.0,-1108.735229,-674.896667,-33.237724,0.9123868465,-0.3847143184,0.1398039182,,,,
35198,0.0,-1109.604126,-676.142334,-33.317635,0.9126578641,-0.3842584644,0.1392876719,,,,
35199,0.0,-1112.459839,-680.30426,-33.62529,0.9142630183,-0.380651095,0.1386646212,,,,
35200,0.0,-1113.151245,-681.423584,-33.6842,0.9154559664,-0.3777730817,0.1386646039,,,,
35201,0.0,-1115.741943,-685.709167,-33.747139,0.9217882763,-0.3612257967,0.1407916811,,,,
35202,0.0,-1116.598755,-687.274902,-33.741566,0.9246954763,-0.353064926,0.1424199221,,,,
35203,0.0,-1118.581421,-691.020081,-33.702763,0.9292518472,-0.339761352,0.145097306,,,,
35204,0.0,-1120.238647,-694.178528,-33.563454,0.9323809207,-0.3297365536,0.1481203022,,,,
35205,0.0,-1122.556152,-698.966003,-33.219353,0.9356137757,-0.3185908928,0.1520746715,,,,
35206,0.0,-1123.5059815,-701.0649715,-33.066517,0.9361251855,-0.3167452809,0.1527675236,,,,
35207,0.0,-1124.455811,-703.16394,-32.913681,0.9366365953,-0.314899669,0.1534603757,,,,
35208,0.0,-1124.953857,-704.436401,-32.729076,0.9366635089,-0.3148195974,0.1534603929,,,,
35209,0.0,-1126.921631,-709.307007,-32.43486,0.9366635089,-0.3148195974,0.1534603929,,,,
35210,0.0,-1128.283691,-712.593811,-32.339394,0.9366635089,-0.3148195974,0.1534603929,,,,
35211,0.0,-1129.133911,-714.331909,-32.30629,0.9366635089,-0.3148195974,0.1534603929,,,,
35212,0.0,-1130.817017,-718.494141,-32.244984,0.9370039347,-0.31380493,0.1534603929,,,,
35213,0.0,-1132.431152,-722.413086,-32.202415,0.9370250845,-0.3137417709,0.1534603929,,,,
35214,0.0,-1133.455444,-724.9944765,-32.2575435,0.9372045713,-0.3132046955,0.1534603843,,,,
35215,0.0,-1134.944092,-728.72406,-32.312672,0.9373854198,-0.3126635292,0.1534603929,,,,
35216,0.0,-1136.303711,-732.584167,-32.8634,0.9373854198,-0.3126635292,0.1534603929,,,,
35217,0.0,-1137.529785,-735.620361,-32.874481,0.9373854198,-0.3126635292,0.1534603929,,,,
35218,0.0,-1138.653442,-738.514771,-33.058418,0.937536363,-0.312210636,0.1534603757,,,,
35219,0.0,-1139.942383,-741.790588,-33.161003,0.9377080479,-0.3116945931,0.1534604102,,,,
35220,0.0,-1141.22229,-744.987427,-33.263706,0.9383476872,-0.3097636697,0.1534603757,,,,
35221,0.0,-1143.403198,-752.02655,-32.298725,0.9400045831,-0.3046986811,0.1534604102,,,,
35222,0.0,-1143.884521,-753.391174,-32.298725,0.9415424756,-0.2999127692,0.1534604102,,,,
35223,0.0,-1145.265869,-757.290894,-32.298725,0.9474190476,-0.2807971889,0.1534603757,,,,
35224,0.0,-1145.938354,-760.290771,-32.298744,0.9523269712,-0.2634344458,0.1538688817,,,,
35225,0.0,-1146.082886,-764.550964,-32.298729,0.9568939448,-0.2458929299,0.1545659905,,,,
35226,0.0,-1146.157349,-766.524048,-32.298725,0.9586733307,-0.2388413108,0.1545971323,,,,
35227,0.0,-1146.121216,-770.00061,-32.298725,0.9615048241,-0.2271743705,0.1545971495,,,,
35228,0.0,-1146.233887,-774.228638,-32.298725,0.9627079893,-0.2220203792,0.1545971495,,,,
35229,0.0,-1146.277832,-775.762878,-32.298725,0.9627501469,-0.2216609409,0.1548501922,,,,
35230,0.0,-1146.503296,-780.005432,-32.298725,0.9628019268,-0.2209234191,0.1555805019,,,,
35231,0.0,-1146.750366,-783.963684,-32.298725,0.9629300954,-0.2202558884,0.155733667,,,,
35232,0.0,-1146.862915,-785.369385,-32.298725,0.9629835217,-0.2200221729,0.1557336842,,,,
35233,0.0,-1147.279419,-790.28064,-32.298725,0.9632639858,-0.2187910143,0.1557337015,,,,
35234,0.0,-1147.617432,-793.773804,-32.298725,0.9633180738,-0.2185527461,0.1557337015,,,,
35235,0.0,-1147.791992,-795.476074,-32.298725,0.9633180738,-0.2185527461,0.1557337015,,,,
35236,0.0,-1148.237671,-799.491211,-32.298725,0.9632181652,-0.2185303269,0.1563817842,,,,
35237,0.0,-1148.776123,-803.936157,-32.298725,0.9633690037,-0.2175131179,0.15687003,,,,
35238,0.0,-1148.858398,-805.167358,-32.298725,0.9634081498,-0.2171761102,0.1570963849,,,,
35239,0.0,-1148.839844,-810.046753,-32.298725,0.963457129,-0.2164023338,0.1578619348,,,,
35240,0.0,-1148.829346,-812.866028,-32.298725,0.9635749514,-0.215771542,0.1580061855,,,,
35241,0.0,-1148.686646,-817.032043,-32.298725,0.9637143788,-0.2151479524,0.1580061855,,,,
35242,0.0,-1148.635864,-819.075378,-32.298725,0.9637143788,-0.2151479524,0.1580061855,,,,
35243,0.0,-1148.55481,-822.400757,-32.298725,0.9637143788,-0.2151479524,0.1580061855,,,,
35244,0.0,-1148.397705,-829.04834,-32.298725,0.9637143788,-0.2151479524,0.1580061855,,,,
35245,0.0,-1148.394165,-831.2336425,-32.298725,0.9637143788,-0.2151479524,0.1580061855,,,,
35246,0.0,-1148.390625,-833.418945,-32.298725,0.9637143788,-0.2151479524,0.1580061855,,,,
35247,0.0,-1148.390625,-837.355042,-32.298725,0.9637143788,-0.2151479524,0.1580061855,,,,
35248,0.0,-1148.390015,-840.057861,-32.298725,0.9635990926,-0.2151220913,0.1587427935,,,,
35249,0.0,-1148.390625,-842.511292,-32.298725,0.9635363273,-0.2151082026,0.1591420973,,,,
35250,0.0,-1148.428101,-849.289307,-32.298725,0.9637157724,-0.214302817,0.1591421145,,,,
35251,0.0,-1148.454834,-851.98468,-32.298725,0.9637907492,-0.2138696267,0.1592707588,,,,
35252,0.0,-1148.666382,-856.936401,-32.298725,0.9641829468,-0.2113345166,0.1602777812,,,,
35253,0.0,-1148.758423,-858.684814,-32.298725,0.9643493526,-0.2103946998,0.160512917,,,,
35254,0.0,-1149.07312,-863.288574,-32.298725,0.9645723547,-0.2081603452,0.1620785098,,,,
35255,0.0,-1149.2633665,-865.5425415,-32.298725,0.9647449862,-0.2071722904,0.1623135622,,,,
35256,0.0,-1149.453613,-867.796509,-32.298725,0.9649176177,-0.2061842355,0.1625486146,,,,
35257,0.0,-1149.9375,-872.723328,-32.298725,0.9653184264,-0.2033912246,0.1636836748,,,,
35258,0.0,-1150.071228,-874.785553,-32.298725,0.965454538,-0.2023588183,0.1641558295,,,,
35259,0.0,-1150.185303,-878.824524,-32.298725,0.9656804843,-0.2003739896,0.1652618121,,,,
35260,0.0,-1149.302856,-882.958679,-32.298725,0.9656678588,-0.1984525787,0.1676369903,,,,
35261,0.0,-1148.5325925,-884.3304135,-32.298725,0.9657528493,-0.1977893302,0.1679293967,,,,
35262,0.0,-1147.201294,-886.681152,-32.298725,0.965915267,-0.1967463098,0.1682218375,,,,
35263,0.0,-1146.690796,-884.9259335,-33.4981575,0.9659986232,-0.196336194,0.1682218289,,,,
35264,0.0,-1144.70105,-887.653015,-33.544052,0.9659941145,-0.1959059945,0.1687489614,,,,
35265,0.0,-1143.893799,-886.92395,-33.661667,0.9658921398,-0.1958851383,0.1693557995,,,,
35266,0.0,-1142.749268,-886.57666,-33.469868,0.9658921398,-0.1958851383,0.1693557995,,,,
35267,0.0,-1141.258789,-886.164795,-33.012268,0.9658921398,-0.1958851383,0.1693557995,,,,
35268,0.0,-1140.192749,-886.065186,-32.625813,0.9657537836,-0.1958572548,0.1701751018,,,,
35269,0.0,-1138.92627,-886.339417,-32.813606,0.9657005464,-0.1958462827,0.1704895545,,,,
35270,0.0,-1137.398193,-886.276672,-33.22496,0.9657005464,-0.1958462827,0.1704895545,,,,
35271,0.0,-1135.835083,-886.017883,-33.880726,0.9657005464,-0.1958462827,0.1704895545,,,,
35272,0.0,-1135.675049,-884.889343,-33.601421,0.9653743181,-0.1957802456,0.1724022084,,,,
35273,0.0,-1135.191772,-883.411377,-33.285107,0.965126489,-0.1957300379,0.1738407674,,,,
35274,0.0,-1134.613892,-882.054871,-32.986874,0.9649765316,-0.1934609611,0.1771811222,,,,
35275,0.0,-1133.975342,-880.466492,-32.934906,0.9650221422,-0.1903279506,0.1802984646,,,,
35276,0.0,-1133.365479,-878.870117,-32.740166,0.9665619482,-0.1754114531,0.1870529937,,,,
35277,0.0,-1132.865479,-877.164673,-32.380535,0.9705995154,-0.1350486374,0.1992446893,,,,
35278,0.0,-1132.015137,-874.75946,-32.383091,0.972881604,-0.0958365734,0.2105154051,,,,
35279,0.0,-1131.570068,-872.676575,-32.226952,0.9738855878,-0.0301442688,0.2250292981,,,,
35280,0.0,-1131.392212,-871.031189,-32.076866,0.9700909829,0.046376912,0.2382701554,,,,
35281,0.0,-1130.842651,-868.251221,-32.081753,0.9591194693,0.1295386251,0.2516139668,,,,
35282,0.0,-1130.504395,-865.682129,-32.105366,0.9400469222,0.215204327,0.2645730179,,,,
35283,0.0,-1130.464722,-863.744446,-32.159863,0.9130296767,0.3004636484,0.2758593945,,,,
35284,0.0,-1130.406738,-859.847656,-32.571815,0.8681592239,0.403784183,0.288544443,,,,
35285,0.0,-1130.31543,-857.12793,-32.612083,0.8370849996,0.4622809702,0.2925491549,,,,
35286,0.0,-1130.098267,-854.665649,-32.936543,0.8103039909,0.5067484589,0.2943016169,,,,
35287,0.0,-1129.709229,-851.108154,-33.236588,0.7835506453,0.5466113628,0.2954054914,,,,
35288,0.0,-1129.498291,-848.051453,-33.632923,0.7623444716,0.5756705304,0.2956929945,,,,
35289,0.0,-1129.274048,-845.46051,-33.947044,0.7462267957,0.5970183627,0.294473503,,,,
35290,0.0,-1128.820435,-841.093323,-34.098785,0.7307544066,0.6178096207,0.2903605858,,,,
35291,0.0,-1128.642212,-838.972961,-34.240459,0.7236014691,0.6272274068,0.2880741121,,,,
35292,0.0,-1128.349976,-835.033447,-34.327675,0.7136391354,0.6399288862,0.2849740427,,,,
35293,0.0,-1127.859009,-829.051575,-34.218449,0.6995041403,0.6571441624,0.2808122283,,,,
35294,0.0,-1127.577515,-825.961548,-34.041264,0.6942160571,0.6639222251,0.2779772384,,,,
35295,0.0,-1127.120483,-822.149231,-33.525082,0.6886144472,0.6708797986,0.2751916404,,,,
35296,0.0,-1126.831299,-819.090393,-33.290474,0.685213064,0.6751648363,0.2731949868,,,,
35297,0.0,-1126.61792,-815.596375,-33.231766,0.6796817505,0.6813296703,0.2717031439,,,,
35298,0.0,-1126.227661,-812.593628,-32.855843,0.6739913288,0.6876870539,0.2698558959,,,,
35299,0.0,-1125.945801,-808.792908,-32.708221,0.6682726924,0.6940741785,0.2677174691,,,,
35300,0.0,-1125.743652,-804.215332,-32.618835,0.6611664018,0.7019552043,0.2647978103,,,,
35301,0.0,-1125.717773,-803.4021,-32.618832,0.6598578173,0.7034819874,0.2640090044,,,,
35302,0.0,-1125.320923,-797.10083,-32.704018,0.6538031311,0.710471022,0.2603313132,,,,
35303,0.0,-1125.298279,-795.4548035,-32.689358,0.6516321776,0.7128438941,0.2592635803,,,,
35304,0.0,-1125.21106,-792.121948,-32.772369,0.6476403996,0.7172498186,0.2571276152,,,,
35305,0.0,-1124.848022,-788.126709,-33.111511,0.6426671454,0.7226939388,0.2543470289,,,,
35306,0.0,-1124.259033,-783.946289,-33.231457,0.63821906,0.7274456523,0.2519905838,,,,
35307,0.0,-1123.606689,-780.454468,-33.375904,0.6342135878,0.7316153136,0.2500243146,,,,
35308,0.0,-1122.525391,-776.155701,-33.631466,0.6287724781,0.7372982666,0.2470555339,,,,
35309,0.0,-1121.9422,-774.3339235,-33.947424,0.6271209782,0.7388960801,0.2464675137,,,,
35310,0.0,-1120.981445,-771.17572,-34.263382,0.6241074239,0.7417980474,0.2454090061,,,,
35311,0.0,-1119.549927,-766.822815,-34.419163,0.6189957936,0.7466028724,0.2437793231,,,,
35312,0.0,-1117.97876,-762.69928,-34.420284,0.6151264098,0.7501728938,0.2426110662,,,,
35313,0.0,-1117.002686,-759.880676,-34.418934,0.6121786583,0.7528987042,0.2416212564,,,,
35314,0.0,-1116.085938,-757.128601,-34.395092,0.6101744645,0.7545950707,0.2413988444,,,,
35315,0.0,-1115.04248,-754.290588,-34.356274,0.6099184822,0.7550692959,0.2405614338,,,,
35316,0.0,-1114.126709,-751.943665,-34.20908,0.6096529994,0.7553725341,0.2402822402,,,,
35317,0.0,-1112.30188,-748.248779,-34.06189,0.6091861286,0.7557491077,0.2402822233,,,,
35318,0.0,-1110.507812,-744.83313,-33.755165,0.6090926838,0.7558244212,0.2402822233,,,,
35319,0.0,-1108.965088,-742.156128,-33.443794,0.6090926838,0.7558244212,0.2402822233,,,,
35320,0.0,-1107.922485,-740.410217,-33.236034,0.6090926838,0.7558244212,0.2402822233,,,,
35321,0.0,-1104.766479,-736.130615,-32.46693,0.6090926838,0.7558244212,0.2402822233,,,,
35322,0.0,-1102.835083,-733.643127,-32.050114,0.6090926838,0.7558244212,0.2402822233,,,,
35323,0.0,-1100.575806,-730.138367,-32.356575,0.6090926838,0.7558244212,0.2402822233,,,,
35324,0.0,-1098.602173,-727.114624,-32.557823,0.6090926838,0.7558244212,0.2402822233,,,,
35325,0.0,-1096.459961,-723.887085,-33.385895,0.6090926838,0.7558244212,0.2402822233,,,,
35326,0.0,-1093.060913,-718.898132,-33.838978,0.6090926838,0.7558244212,0.2402822233,,,,
35327,0.0,-1091.716919,-716.7467955,-33.794897,0.6090926838,0.7558244212,0.2402822233,,,,
35328,0.0,-1090.372925,-714.595459,-33.750816,0.6090926838,0.7558244212,0.2402822233,,,,
35329,0.0,-1088.029907,-710.982483,-33.980152,0.6090926838,0.7558244212,0.2402822233,,,,
35330,0.0,-1086.229248,-708.126343,-33.851139,0.6090926838,0.7558244212,0.2402822233,,,,
35331,0.0,-1084.367798,-705.08429,-33.548923,0.6090926838,0.7558244212,0.2402822233,,,,
35332,0.0,-1081.852783,-701.253723,-33.478809,0.6090926838,0.7558244212,0.2402822233,,,,
35333,0.0,-1079.768555,-697.762817,-32.876171,0.6090926838,0.7558244212,0.2402822233,,,,
35334,0.0,-1078.044189,-694.863403,-32.364567,0.6090926838,0.7558244212,0.2402822233,,,,
35335,0.0,-1076.148438,-691.60437,-31.661448,0.6090926838,0.7558244212,0.2402822233,,,,
35336,0.0,-1074.011597,-687.91272,-31.008167,0.6090926838,0.7558244212,0.2402822233,,,,
35337,0.0,-1070.422607,-681.75708,-30.223129,0.6090926838,0.7558244212,0.2402822233,,,,
35338,0.0,-1068.723389,-678.846924,-29.95993,0.6090926838,0.7558244212,0.2402822233,,,,
35339,0.0,-1066.200562,-674.677612,-29.821049,0.6090926838,0.7558244212,0.2402822233,,,,
35340,0.0,-1064.227173,-671.521057,-30.038006,0.6090926838,0.7558244212,0.2402822233,,,,
35341,0.0,-1062.015015,-668.653748,-30.03636,0.6090926838,0.7558244212,0.2402822233,,,,
35342,0.0,-1059.639648,-665.125549,-30.566586,0.6090926838,0.7558244212,0.2402822233,,,,
35343,0.0,-1057.203125,-661.939453,-30.574081,0.6090926838,0.7558244212,0.2402822233,,,,
35344,0.0,-1055.075439,-659.011902,-31.274073,0.6090926838,0.7558244212,0.2402822233,,,,
35345,0.0,-1052.455078,-655.626099,-31.5704,0.6090926838,0.7558244212,0.2402822233,,,,
35346,0.0,-1049.916626,-652.35321,-31.560049,0.6090926838,0.7558244212,0.2402822233,,,,
35347,0.0,-1047.739624,-649.652222,-31.572945,0.6090926838,0.7558244212,0.2402822233,,,,
35348,0.0,-1045.170776,-646.795105,-31.439262,0.6090926838,0.7558244212,0.2402822233,,,,
35349,0.0,-1041.860352,-643.051147,-33.537987,0.6090926838,0.7558244212,0.2402822233,,,,
35350,0.0,-1039.560425,-640.39093,-35.533775,0.6090926838,0.7558244212,0.2402822233,,,,
35351,0.0,-1037.505249,-637.835449,-36.037743,0.6102383614,0.7548997255,0.2402822233,,,,
35352,0.0,-1034.858398,-634.948669,-35.383423,0.6113876566,0.7539692104,0.2402822571,,,,
35353,0.0,-1031.827271,-632.326477,-33.764172,0.6136909495,0.7523516387,0.2394794987,,,,
35354,0.0,-1028.907837,-628.756653,-31.843857,0.6180940861,0.7495158442,0.2370352293,,,,
35355,0.0,-1026.608643,-626.440125,-30.393681,0.6219052123,0.7469421411,0.2351836406,,,,
35356,0.0,-1023.869263,-623.815918,-29.713432,0.6294442014,0.7418322794,0.2312679542,,,,
35357,0.0,-1021.26178,-621.087219,-29.826847,0.635636017,0.7375544542,0.2279918443,,,,
35358,0.0,-1018.328735,-618.312439,-29.983871,0.644232268,0.7313075193,0.2239511043,,,,
35359,0.0,-1015.19043,-614.844604,-30.145014,0.6578806529,0.7214330295,0.2161652852,,,,
35360,0.0,-1012.706299,-612.171204,-30.31287,0.6670762349,0.7142500038,0.2117928917,,,,
35361,0.0,-1010.931396,-610.264648,-30.557285,0.6732952938,0.7094733065,0.2081371538,,,,
35362,0.0,-1007.283325,-606.06134,-31.003113,0.6823444681,0.7024424052,0.2024368896,,,,
35363,0.0,-1005.00293,-603.367249,-31.818895,0.6897322212,0.6965419239,0.1977341932,,,,
35364,0.0,-1002.57196,-600.700745,-31.872152,0.6968614952,0.6907075566,0.1931505315,,,,
35365,0.0,-999.985107,-597.902588,-32.297981,0.7048328603,0.6840157033,0.1879711594,,,,
35366,0.0,-997.626221,-595.434875,-32.742638,0.713978216,0.6763614653,0.1810256207,,,,
35367,0.0,-994.45636,-591.979919,-33.058907,0.7236314033,0.6680998565,0.1732055828,,,,
35368,0.0,-991.96759,-589.2995,-33.256123,0.7312515603,0.6618195249,0.1651244139,,,,
35369,0.0,-988.602966,-585.918823,-33.316467,0.7436001267,0.6512146412,0.1515860902,,,,
35370,0.0,-986.464722,-583.723511,-33.263412,0.7546850421,0.6414286168,0.1379123518,,,,
35371,0.0,-983.868408,-581.086548,-32.970795,0.7696159523,0.6275225618,0.1179267589,,,,
35372,0.0,-981.215698,-578.617981,-33.041286,0.7822587523,0.6147413961,0.1008179568,,,,
35373,0.0,-978.031738,-575.583984,-32.588398,0.7997374353,0.5959134496,0.0728504984,,,,
35374,0.0,-972.832153,-570.21521,-31.16477,0.8242269458,0.5654681213,0.0299290088,,,,
35375,0.0,-971.172699,-568.622803,-30.977025,0.832364191,0.5536387188,0.0149521388,,,,
35376,0.0,-969.513245,-567.030396,-30.78928,0.8405014361,0.5418093164,-2.47313e-05,,,,
35377,0.0,-964.661011,-562.613586,-30.594143,0.8546812364,0.5187589364,-0.0202274577,,,,
35378,0.0,-961.620667,-559.907166,-30.634451,0.8564840561,0.5156224503,-0.0238442957,,,,
35379,0.0,-957.924072,-556.627014,-30.71377,0.8571601764,0.5144324836,-0.0252121348,,,,
35380,0.0,-955.126099,-554.638428,-30.65509,0.8571601764,0.5144324836,-0.0252121348,,,,
35381,0.0,-953.2405395,-553.1032715,-30.760494,0.8571601764,0.5144324836,-0.0252121348,,,,
35382,0.0,-951.35498,-551.568115,-30.865898,0.8571601764,0.5144324836,-0.0252121348,,,,
35383,0.0,-945.500854,-546.733643,-31.675373,0.8571601764,0.5144324836,-0.0252121348,,,,
35384,0.0,-942.453552,-544.429382,-31.900793,0.8571601764,0.5144324836,-0.0252121348,,,,
35385,0.0,-939.486328,-542.293274,-31.899448,0.8571601764,0.5144324836,-0.0252121348,,,,
35386,0.0,-936.086914,-539.908142,-30.894062,0.8571601764,0.5144324836,-0.0252121348,,,,
35387,0.0,-933.004578,-537.812683,-29.330441,0.8571601764,0.5144324836,-0.0252121348,,,,
35388,0.0,-929.049377,-535.565247,-27.078218,0.8571601764,0.5144324836,-0.0252121348,,,,
35389,0.0,-926.34491,-533.633057,-25.746769,0.8571601764,0.5144324836,-0.0252121348,,,,
35390,0.0,-922.442932,-531.345215,-23.605423,0.859996857,0.5095595664,-0.0274673293,,,,
35391,0.0,-919.868042,-530.31543,-21.719326,0.8540377302,0.519165087,-0.0329722283,,,,
35392,0.0,-916.964294,-528.283325,-20.160355,0.8483083556,0.528132847,-0.0380608688,,,,
35393,0.0,-912.731934,-525.98822,-17.674444,0.8145396183,0.5782311267,-0.0466258968,,,,
35394,0.0,-910.560059,-524.802612,-16.559002,0.792650441,0.607239393,-0.054457305,,,,
35395,0.0,-906.91571,-523.112061,-14.765623,0.7667295897,0.6387995035,-0.0637254313,,,,
35396,0.0,-902.613281,-521.126648,-12.748264,0.7403137875,0.6678845526,-0.0765879915,,,,
35397,0.0,-898.911926,-515.898682,-12.767151,0.7248818232,0.6836123577,-0.0849734475,,,,
35398,0.0,-895.660767,-514.788818,-11.519259,0.7131772506,0.6952207807,-0.0897010334,,,,
35399,0.0,-892.535522,-513.726379,-10.160009,0.7035288753,0.7047521795,-0.0914958311,,,,
35400,0.0,-888.334961,-512.611511,-8.310297,0.6912094326,0.7166552482,-0.0929234931,,,,
35401,0.0,-886.106445,-512.033081,-7.329269,0.6855105809,0.7221037416,-0.0929592912,,,,
35402,0.0,-882.297485,-511.247223,-5.636271,0.6787503217,0.728461782,-0.0929593086,,,,
35403,0.0,-877.951599,-510.390015,-3.547154,0.6729112845,0.7338589601,-0.0929592912,,,,
35404,0.0,-874.664368,-509.725372,-1.806478,0.6711317966,0.7354866994,-0.0929592739,,,,
35405,0.0,-871.576416,-509.36676,-0.285672,0.6708407383,0.7357522132,-0.092959048,,,,
35406,0.0,-867.10437,-508.767395,2.074487,0.6708407383,0.7357522132,-0.092959048,,,,
35407,0.0,-864.208008,-508.33609,3.631805,0.6708909978,0.7358071296,-0.0921582179,,,,
35408,0.0,-859.696045,-507.723969,6.13516,0.6709123514,0.7358307558,-0.0918134822,,,,
35409,0.0,-856.442078,-507.442688,8.081357,0.6709676295,0.7358914858,-0.090918432,,,,
35410,0.0,-852.654541,-507.276825,10.468103,0.6709830766,0.7359083244,-0.090667795,,,,
35411,0.0,-848.043335,-506.826172,13.007315,0.6710426082,0.7359736164,-0.0896919943,,,,
35412,0.0,-844.839233,-506.41217,14.638607,0.6723191567,0.7349282491,-0.0886984796,,,,
35413,0.0,-840.511475,-505.944977,16.808447,0.6761182596,0.7317311578,-0.0862183951,,,,
35414,0.0,-836.204102,-505.361511,18.92263,0.679584506,0.7287786756,-0.0839436783,,,,
35415,0.0,-832.66156,-505.040558,20.647701,0.6852435818,0.7237870921,-0.081076993,,,,
35416,0.0,-825.607849,-504.867828,24.01445,0.7016127937,0.7087365539,-0.0737020007,,,,
35417,0.0,-822.9409485,-504.6858825,25.2781495,0.7068594847,0.7037327348,-0.0710661172,,,,
35418,0.0,-817.131653,-504.307495,28.164801,0.7217787726,0.6891605526,-0.0639776219,,,,
35419,0.0,-815.2890625,-504.2108155,29.15918,0.7283318993,0.6824362752,-0.060959894,,,,
35420,0.0,-810.593933,-503.859039,31.605225,0.7445928877,0.6653263036,-0.0540586839,,,,
35421,0.0,-807.576904,-503.691711,33.193493,0.7534862787,0.6555881685,-0.0496244011,,,,
35422,0.0,-805.010986,-503.793945,34.524113,0.7586371099,0.649835472,-0.0467289507,,,,
35423,0.0,-802.40094,-504.131042,35.997097,0.7617337663,0.6463756937,-0.0442733756,,,,
35424,0.0,-800.359314,-504.1078185,37.003233,0.7628159503,0.6451565226,-0.0433753771,,,,
35425,0.0,-795.661377,-504.088043,39.363548,0.7645576236,0.6432714427,-0.0406631428,,,,
35426,0.0,-792.842712,-504.144501,41.181007,0.7656286969,0.6420834696,-0.0392621527,,,,
35427,0.0,-788.770325,-504.188568,43.238609,0.7668543347,0.6406936486,-0.0380273304,,,,
35428,0.0,-785.226685,-504.233673,45.215649,0.7677042411,0.639744655,-0.036837135,,,,
35429,0.0,-781.97052,-504.261475,47.10294,0.7681804451,0.6392437473,-0.0355842001,,,,
35430,0.0,-778.354858,-504.249207,49.35537,0.7685446114,0.6388635448,-0.034533338,,,,
35431,0.0,-775.191162,-504.352509,50.907948,0.7686343505,0.6388591334,-0.0325613717,,,,
35432,0.0,-772.098267,-504.312378,52.771515,0.7697112247,0.6376630171,-0.030504216,,,,
35433,0.0,-768.144043,-504.456085,54.770454,0.7734890052,0.6333044767,-0.0253021476,,,,
35434,0.0,-765.076111,-504.55246,56.313854,0.7760835506,0.6302551301,-0.0217438146,,,,
35435,0.0,-760.649658,-504.720886,58.333466,0.7872778422,0.6164685616,-0.0126535263,,,,
35436,0.0,-757.629395,-505.202393,59.467873,0.7953715267,0.6060894799,-0.0062989563,,,,
35437,0.0,-754.269714,-505.520203,61.101032,0.8092315082,0.5874876539,0.0016194554,,,,
35438,0.0,-751.198547,-506.054413,62.340733,0.8267289626,0.5625114116,0.0100067132,,,,
35439,0.0,-747.025818,-506.892029,64.029785,0.8560618708,0.5164192157,0.0216625712,,,,
35440,0.0,-743.721191,-507.463104,65.509666,0.874364427,0.4844060534,0.0289417376,,,,
35441,0.0,-739.625427,-508.483246,67.027756,0.9063736951,0.4204840317,0.0409866315,,,,
35442,0.0,-737.234619,-508.933258,68.202927,0.9177540833,0.3943590293,0.0469936007,,,,
35443,0.0,-733.330383,-509.792938,69.940094,0.9300565278,0.3634071296,0.0541305211,,,,
35444,0.0,-730.236755,-510.502258,71.352783,0.9371048179,0.3437536282,0.0605640442,,,,
35445,0.0,-727.478027,-511.218567,72.628922,0.9426058558,0.3272434937,0.0663769267,,,,
35446,0.0,-723.757507,-512.173157,74.611839,0.9462641547,0.3149795523,0.0732941413,,,,
35447,0.0,-721.057129,-512.892578,75.899216,0.9468461086,0.3127405705,0.0753377873,,,,
35448,0.0,-717.038513,-514.053345,78.017654,0.9464914285,0.3132226865,0.07775297,,,,
35449,0.0,-714.537903,-514.814209,78.805916,0.9450433956,0.3171533038,0.0794151267,,,,
35450,0.0,-710.49353,-516.052002,79.322617,0.9432590907,0.3219893957,0.0811487332,,,,
35451,0.0,-707.659546,-516.95575,79.357323,0.9398741594,0.3311808271,0.0834015843,,,,
35452,0.0,-704.193604,-518.074646,79.702721,0.9355538827,0.3425426007,0.0860435892,,,,
35453,0.0,-699.879883,-519.441406,79.750343,0.9254363539,0.3680206204,0.0901575172,,,,
35454,0.0,-694.022705,-521.333679,79.716049,0.9013865744,0.4219814814,0.0971281257,,,,
35455,0.0,-691.999054,-521.947052,79.670368,0.8881732202,0.4475440206,0.1000796334,,,,
35456,0.0,-689.975403,-522.560425,79.624687,0.8749598659,0.4731065599,0.1030311412,,,,
35457,0.0,-687.054565,-523.34314,79.489822,0.8452662188,0.5238777321,0.1052479985,,,,
35458,0.0,-684.225464,-523.896057,79.23027,0.8016081665,0.5877693414,0.1093231393,,,,
35459,0.0,-678.777161,-525.049072,78.901215,0.722511378,0.6820398282,0.1131325832,,,,
35460,0.0,-676.063721,-525.631226,78.90358,0.6799729593,0.7242207249,0.1146347076,,,,
35461,0.0,-672.71936,-526.202515,78.593201,0.6426848918,0.7572525328,0.1162958789,,,,
35462,0.0,-668.603821,-526.839111,78.309151,0.5874755386,0.8007415071,0.1169851718,,,,
35463,0.0,-665.955627,-526.978455,77.871635,0.5462189119,0.8294331642,0.1169851544,,,,
35470,0.0,-647.113403,-525.501465,78.35305,0.2379650709,0.9663200467,0.0979703648,,,,
35471,0.0,-643.693848,-524.681641,78.59568,0.2022455678,0.9747121518,0.0950418406,,,,
35472,0.0,-640.14917,-523.74408,79.063911,0.1671238119,0.9816165745,0.0921874842,,,,
35473,0.0,-636.165405,-523.042969,79.073631,0.1228705297,0.9884575474,0.088625673,,,,
35474,0.0,-632.798157,-522.129272,79.447243,0.0929118681,0.991826988,0.0874449002,,,,
35475,0.0,-630.710083,-521.224792,79.568314,0.0618350846,0.9943449997,0.0863391215,,,,
35476,0.0,-627.400818,-520.010254,79.561516,0.0332893036,0.9957974872,0.0853181503,,,,
35477,0.0,-623.551575,-518.422729,79.574005,-0.0100466474,0.9963356201,0.0849376063,,,,
35478,0.0,-621.904602,-517.64209,79.530251,-0.0269878177,0.996020713,0.0849376063,,,,
35479,0.0,-618.171936,-515.82959,79.368698,-0.0646526396,0.9943326359,0.0843957667,,,,
35480,0.0,-615.110718,-514.566223,78.95118,-0.0862558791,0.9927327456,0.0839143559,,,,
35481,0.0,-612.347351,-512.889954,78.952248,-0.1130462392,0.9900502926,0.0837912044,,,,
35482,0.0,-609.812988,-511.401825,78.761978,-0.1352937035,0.9872561207,0.0837912044,,,,
35483,0.0,-607.064026,-509.670929,78.495216,-0.1539959842,0.9845538105,0.0833008466,,,,
35484,0.0,-604.047424,-507.702271,78.100983,-0.1680358444,0.9823030904,0.0827320592,,,,
35485,0.0,-601.371948,-505.688446,77.95311,-0.1837789255,0.9795698321,0.0816593568,,,,
35486,0.0,-599.215454,-503.907501,77.845421,-0.1961282583,0.977185635,0.0814981041,,,,
35487,0.0,-597.156799,-502.060791,77.820999,-0.2062355745,0.9751025315,0.0814981041,,,,
35488,0.0,-593.910522,-499.048157,77.769096,-0.2174051263,0.9726731554,0.0814981215,,,,
35489,0.0,-592.777649,-497.735413,77.945549,-0.2192404079,0.9722611288,0.0814981041,,,,
35490,0.0,-589.994385,-494.166901,78.344612,-0.2252269149,0.9708918044,0.0814981041,,,,
35491,0.0,-588.372498,-491.746826,78.484062,-0.2294175498,0.9699101216,0.0814981215,,,,
35492,0.0,-587.626038,-490.336792,78.634819,-0.23317349,0.9690140245,0.0814981215,,,,
35493,0.0,-585.770203,-486.500214,79.080849,-0.2403524183,0.9672583787,0.0814981215,,,,
35494,0.0,-584.17395,-482.561584,79.530357,-0.2512633134,0.9643505812,0.0830343537,,,,
35495,0.0,-583.216614,-478.814362,80.09816,-0.2622513652,0.9612201934,0.085322689,,,,
35496,0.0,-583.0254215,-477.6687625,80.3707695,-0.2661104975,0.9600017083,0.0869646456,,,,
35497,0.0,-582.834229,-476.523163,80.643379,-0.2699696298,0.9587832232,0.0886066021,,,,
35498,0.0,-582.400696,-473.02597,80.98291,-0.2781449741,0.9560346767,0.0929143176,,,,
35499,0.0,-582.132385,-469.996216,81.234795,-0.2823034648,0.9540331333,0.100625714,,,,
35500,0.0,-582.089966,-466.675049,81.45015,-0.2840978094,0.9523512279,0.1109755536,,,,
35501,0.0,-582.078064,-461.666931,81.407791,-0.2842483666,0.9521376203,0.1124136031,,,,
35502,0.0,-582.177124,-457.995575,81.257713,-0.2842483666,0.9521376203,0.1124136031,,,,
35503,0.0,-582.2688295,-456.4098055,81.2206455,-0.2842483666,0.9521376203,0.1124136031,,,,
35504,0.0,-582.696777,-450.980957,81.019363,-0.2842483666,0.9521376203,0.1124136031,,,,
35505,0.0,-582.870178,-449.2125395,80.9171445,-0.2842483666,0.9521376203,0.1124136031,,,,
35506,0.0,-583.20752,-446.071716,80.731377,-0.2842483666,0.9521376203,0.1124136031,,,,
35507,0.0,-583.739624,-442.112885,80.374001,-0.2842483666,0.9521376203,0.1124136031,,,,
35508,0.0,-583.987976,-440.528534,80.130882,-0.2842483666,0.9521376203,0.1124136031,,,,
35509,0.0,-584.804749,-435.540436,79.686317,-0.2842483666,0.9521376203,0.1124136031,,,,
35510,0.0,-585.476685,-431.720978,79.664337,-0.2842483666,0.9521376203,0.1124136031,,,,
35511,0.0,-586.128845,-428.336334,79.718468,-0.2842483666,0.9521376203,0.1124136031,,,,
35512,0.0,-586.388306,-426.787872,79.869019,-0.2804229937,0.953376177,0.1115204453,,,,
35513,0.0,-586.825684,-423.099731,80.343414,-0.2990394831,0.9473621845,0.1143690471,,,,
35514,0.0,-587.026062,-421.329376,80.268883,-0.3158697319,0.9415246004,0.1172933896,,,,
35515,0.0,-587.304443,-416.869476,80.396553,-0.382203572,0.915696989,0.1241750939,,,,
35516,0.0,-587.326416,-413.069794,80.636353,-0.4661108441,0.8751853613,0.129581111,,,,
35517,0.0,-587.35553,-411.159546,80.707741,-0.5104691718,0.8478973934,0.1332862062,,,,
35518,0.0,-587.47113,-407.380981,80.824417,-0.5994877455,0.78787181,0.1409696917,,,,
35519,0.0,-587.8283995,-405.2531585,80.7756955,-0.6502226544,0.7425166749,0.1456916973,,,,
35520,0.0,-588.616882,-401.803467,80.524506,-0.7275499894,0.668673077,0.1534513902,,,,
35521,0.0,-589.016724,-398.455017,80.403969,-0.771551868,0.6158270314,0.1595768854,,,,
35522,0.0,-589.154541,-394.566528,80.038399,-0.8092014782,0.5636817323,0.165698136,,,,
35523,0.0,-589.517212,-392.51416,80.020142,-0.8238536022,0.5412913333,0.1681336806,,,,
35524,0.0,-589.732727,-387.924164,79.814262,-0.8487872882,0.4996907926,0.1728272292,,,,
35525,0.0,-589.747803,-384.462677,79.254364,-0.8614003466,0.4766672387,0.1754359896,,,,
35526,0.0,-590.008789,-382.957336,79.458351,-0.8647546161,0.4702942648,0.1761327862,,,,
35527,0.0,-590.361267,-377.964661,79.143982,-0.8747387206,0.4506954368,0.1780612084,,,,
35528,0.0,-590.741089,-374.484985,78.81443,-0.8818122893,0.4356519956,0.1805946433,,,,
35529,0.0,-591.006531,-372.13266,78.475266,-0.8850355581,0.428460451,0.1820266544,,,,
35530,0.0,-591.712769,-367.839691,78.332832,-0.8931966668,0.4094514766,0.1858741585,,,,
35531,0.0,-592.446716,-364.339935,78.151871,-0.9020330479,0.3871820671,0.1908570864,,,,
35532,0.0,-592.640808,-363.301392,77.983315,-0.9062235932,0.3762240034,0.1929100787,,,,
35533,0.0,-593.92749,-358.564301,77.946472,-0.9168861204,0.346312224,0.1984633108,,,,
35534,0.0,-594.579529,-356.567017,78.022072,-0.9219614053,0.3317557497,0.1998131368,,,,
35535,0.0,-596.534363,-351.487732,78.027222,-0.943528932,0.2633397952,0.2010107131,,,,
35536,0.0,-597.418457,-349.6363985,78.219761,-0.9532686103,0.224496795,0.1981625433,,,,
35537,0.0,-599.012512,-346.478851,78.763863,-0.9698349696,0.1504965466,0.191757454,,,,
35538,0.0,-599.996338,-344.448822,78.8391535,-0.9772526186,0.0919513523,0.1814773435,,,,
35539,0.0,-600.980164,-342.418793,78.914444,-0.9846702677,0.033406158,0.171197233,,,,
35540,0.0,-601.767151,-339.220276,78.972076,-0.9891294796,-0.0462332071,0.1395899824,,,,
35541,0.0,-602.437439,-335.551331,79.266624,-0.9869579442,-0.1249161932,0.1015379785,,,,
35542,0.0,-603.0283815,-333.037674,79.3234825,-0.979960132,-0.173946511,0.0808757081,,,,
35543,0.0,-603.903564,-329.252319,79.515106,-0.9691769186,-0.2403849653,0.0539552498,,,,
35544,0.0,-604.4529415,-326.8799895,79.515194,-0.9675811256,-0.2471432832,0.0515047245,,,,
35545,0.0,-605.002319,-324.50766,79.515282,-0.9659853325,-0.253901601,0.0490541992,,,,
35546,0.0,-605.747131,-319.166168,79.574951,-0.9517045361,-0.3034818629,0.0464460437,,,,
35547,0.0,-605.886627,-317.1911465,79.5975305,-0.9440610146,-0.3256768304,0.0461767303,,,,
35548,0.0,-606.028748,-313.564453,79.697235,-0.9288652321,-0.3675006439,0.046396739,,,,
35549,0.0,-606.0477295,-311.528,79.532074,-0.9190965488,-0.3902670295,0.0483291832,,,,
35550,0.0,-605.856812,-307.638916,79.694267,-0.9059574418,-0.4201533717,0.0520793419,,,,
35551,0.0,-605.7560425,-305.79158,79.469776,-0.9038980242,-0.4242057815,0.0546842575,,,,
35552,0.0,-605.383057,-302.271576,79.245285,-0.8998987537,-0.4313117156,0.0644394062,,,,
35553,0.0,-604.861145,-300.1582795,79.1975935,-0.8978082519,-0.4344091928,0.0718354382,,,,
35554,0.0,-604.339233,-298.044983,79.149902,-0.8957177501,-0.4375066701,0.0792314703,,,,
35555,0.0,-602.639771,-293.375092,78.645508,-0.8830054309,-0.4557287307,0.1123064248,,,,
35556,0.0,-601.924744,-291.949219,78.379997,-0.876053041,-0.4657613799,0.1248895763,,,,
35557,0.0,-599.82312,-289.122345,77.709511,-0.8576225877,-0.4908661298,0.1534077562,,,,
35558,0.0,-598.98999,-288.212128,77.454163,-0.8491552787,-0.5021558857,0.1636300064,,,,
35559,0.0,-597.649902,-286.681763,76.873497,-0.8272756367,-0.5314228957,0.1822216422,,,,
35560,0.0,-595.09845,-287.935059,76.851921,-0.8143199746,-0.5478996256,0.1915436745,,,,
35561,0.0,-593.519653,-288.232178,76.727058,-0.7799729097,-0.5888089223,0.2120054554,,,,
35562,0.0,-592.604858,-287.920837,76.805084,-0.721578475,-0.6492046658,0.240536497,,,,
35563,0.0,-592.434631,-287.724579,76.791458,-0.6928435787,-0.6757029424,0.2517802796,,,,
35564,0.0,-592.026306,-286.926453,76.820831,-0.6107412713,-0.7407441002,0.2798093591,,,,
37214,0.0,1920.934692,-965.5,-256.298737,1.0,0.0,0.0,,,,
37215,0.0,1920.934692,-965.5,-256.298737,1.0,0.0,0.0,,,,
37216,0.0,1920.743408,-968.628662,-256.298737,0.6903879966,-0.7234392704,0.0001901885,,,,
37217,0.0,1916.3931885,-970.544098,-256.298935,0.1730408181,-0.8311481646,0.0004669977,,,,
37218,0.0,1907.265259,-970.972412,-256.299011,-0.7574664159,-0.6528734367,0.0009510298,0.0192917502,183.3268271231,937.8425910835,3.0
37219,0.0,1905.3406985,-968.895569,-256.298874,-0.8737755144,-0.3966708755,0.0010028224,,,,
37220,0.0,1909.947021,-967.942383,-255.007462,-0.0701307879,-0.9975376238,0.0006014055,,,,
37221,0.0,1910.8853145,-966.7211915,-255.6530995,0.464934606,-0.4987688119,0.0003007028,,,,
37222,0.0,1911.855225,-965.5,-256.298737,1.0,0.0,0.0,,,,
37223,0.0,1911.871094,-965.5,-256.298737,1.0,0.0,0.0,,,,
37224,0.0,1911.870605,-965.5,-256.298737,1.0,0.0,0.0,,,,
37225,0.0,1911.8302,-965.5,-256.298737,1.0,0.0,0.0,,,,
37226,0.0,1911.819458,-965.5,-256.298737,1.0,0.0,0.0,,,,
37227,0.0,1911.836792,-965.5,-256.298737,1.0,0.0,0.0,,,,
37228,0.0,1911.818115,-965.5,-256.298737,1.0,0.0,0.0,,,,
37229,0.0,1911.813721,-965.5,-256.298737,1.0,0.0,0.0,,,,
37230,0.0,1911.896729,-965.5,-256.298737,1.0,0.0,0.0,,,,
37231,0.0,1911.845459,-965.5,-256.298737,1.0,0.0,0.0,,,,
37232,0.0,1911.828003,-965.5,-256.298737,1.0,0.0,0.0,,,,
37233,0.0,1911.798462,-965.5,-256.298737,1.0,0.0,0.0,,,,
37234,0.0,1911.819458,-965.5,-256.298737,1.0,0.0,0.0,,,,
37235,0.0,1911.833496,-965.5,-256.298737,1.0,0.0,0.0,,,,
37236,0.0,1911.846558,-965.5,-256.298737,1.0,0.0,0.0,,,,
37237,0.0,1911.853027,-965.5,-256.298737,1.0,0.0,0.0,,,,
37238,0.0,1911.885864,-965.5,-256.298737,1.0,0.0,0.0,,,,
37239,0.0,1911.900024,-965.5,-256.298737,1.0,0.0,0.0,,,,
37240,0.0,1911.847534,-965.5,-256.298737,1.0,0.0,0.0,,,,
37241,0.0,1911.815796,-965.5,-256.298737,1.0,0.0,0.0,,,,
37242,0.0,1911.797363,-965.5,-256.298737,1.0,0.0,0.0,,,,
37243,0.0,1911.810547,-965.5,-256.298737,1.0,0.0,0.0,,,,
37244,0.0,1911.893066,-965.503479,-256.298859,0.9999827477,0.005642804,0.0016318647,,,,
37245,0.0,1911.930664,-965.513062,-256.298859,0.999749637,0.0214945211,0.0062168227,,,,
37246,0.0,1912.0545655,-965.5284425,-256.3004455,0.9975686478,0.0575879072,0.0134431138,,,,
37247,0.0,1912.178467,-965.543823,-256.302032,0.9953876586,0.0936812934,0.0206694048,,,,
37248,0.0,1912.33667,-965.566711,-256.299042,0.9862886012,0.1615327465,0.0337930004,,,,
37249,0.0,1917.252686,-964.191589,-253.587189,0.9555953015,0.290221272,0.0510806518,,,,
37250,0.0,1917.533203,-962.788757,-254.108398,0.8340716105,0.5453718945,0.0830303881,,,,
37251,0.0,1917.523071,-961.910828,-254.402527,0.7269138142,0.6789499649,0.1030691604,,,,
37252,0.0,1917.413147,-961.3058475,-254.4588015,0.6383031219,0.7520491941,0.1166658177,,,,
37253,0.0,1917.303223,-960.700867,-254.515076,0.5496924296,0.8251484233,0.130262475,,,,
37254,0.0,1916.728394,-959.421143,-254.989014,0.3205172968,0.9335975532,0.1602007215,,,,
37255,0.0,1915.331787,-963.547852,-256.299377,0.2347926569,0.9566185614,0.1724915543,,,,
37256,0.0,1915.37146,-963.439758,-256.29892,0.1937071842,0.9646236006,0.1788262731,,,,
37257,0.0,1915.404175,-963.291748,-256.298767,0.1791877536,0.9665649686,0.1834227644,,,,
37258,0.0,1915.461548,-962.982971,-256.298737,0.1773717772,0.9665596272,0.1852072884,,,,
37259,0.0,1915.489441,-962.8306885,-256.298737,0.1773717772,0.9665596272,0.1852072884,,,,
37260,0.0,1915.572266,-962.379578,-256.298737,0.1773717772,0.9665596272,0.1852072884,,,,
37271,0.0,1916.38269,-959.15918,-256.299713,0.2289181408,0.9583884301,0.1705523432,,,,
37272,0.0,1916.421387,-959.045898,-256.299622,0.2315263527,0.9578943132,0.1698058679,,,,
37273,0.0,1916.551636,-958.681885,-256.299255,0.2400246415,0.9562297354,0.1673704412,,,,
37274,0.0,1916.679688,-958.345215,-256.298798,0.2481030645,0.9545696307,0.1650505667,,,,
37275,0.0,1916.846313,-958.046814,-256.299805,0.2640647795,0.9534651062,0.1455131726,,,,
37276,0.0,1916.935303,-957.902771,-256.299652,0.2725073061,0.9526829033,0.1346664542,,,,
37277,0.0,1917.110107,-957.511353,-256.298737,0.2832141217,0.9542658158,0.0957419139,,,,
37278,0.0,1917.013794,-957.36792,-256.298706,0.263212981,0.9624062129,0.0670313955,,,,
37279,0.0,1916.953125,-957.299866,-256.298431,0.2513869588,0.9661833158,0.0573968395,,,,
37280,0.0,1916.842407,-957.140869,-256.298615,0.2287944306,0.9726380171,0.0403533919,,,,
37281,0.0,1916.773682,-956.965576,-256.298645,0.212416835,0.9767743706,0.0281232498,,,,
37282,0.0,1916.745239,-956.786377,-256.298676,0.2025198194,0.9790245136,0.022287318,,,,
37283,0.0,1916.720581,-956.574463,-256.298706,0.1926283507,0.9811144849,0.0175694652,,,,
37284,0.0,1916.620605,-956.541077,-256.298676,0.1771101054,0.9840541494,0.0164146778,,,,
37285,0.0,1916.010742,-956.607727,-256.298767,0.0845344578,0.9962954371,0.0157901055,,,,
37286,0.0,1915.355591,-956.961548,-256.299133,-0.0262812415,0.9993987217,0.0226161773,,,,
37287,0.0,1914.658081,-957.725586,-256.299225,-0.1839482091,0.9822900979,0.0356261138,,,,
37288,0.0,1914.260254,-959.088867,-256.301453,-0.4077722396,0.9112871216,0.0572501767,,,,
37289,0.0,1914.4907835,-959.7827145,-256.300293,-0.5183101383,0.8419935682,0.071882554,,,,
37290,0.0,1914.721313,-960.476562,-256.299133,-0.628848037,0.7727000149,0.0865149314,,,,
37291,0.0,1914.909058,-960.689819,-256.300232,-0.6702954398,0.7363010204,0.0925463713,,,,
37292,0.0,1914.606201,-960.34375,-256.299347,-0.7749289817,0.6225610006,0.1091002928,,,,
37293,0.0,1914.479004,-960.217102,-256.299011,-0.8220015426,0.5571348798,0.1179584235,,,,
37294,0.0,1914.376465,-960.136597,-256.298767,-0.8395897791,0.5294894539,0.1213668858,,,,
37295,0.0,1914.026489,-959.916382,-256.298737,-0.841780928,0.5259557305,0.1215542629,,,,
37296,0.0,1913.8497925,-959.806,-256.298737,-0.841780928,0.5259557305,0.1215542629,,,,
37297,0.0,1913.552002,-959.619995,-256.298737,-0.841780928,0.5259557305,0.1215542629,,,,
37298,0.0,1913.273193,-959.44574,-256.298737,-0.841780928,0.5259557305,0.1215542629,,,,
37299,0.0,1913.031616,-959.29364,-256.298737,-0.84135751,0.5266327957,0.1215542629,,,,
37300,0.0,1912.768921,-959.120728,-256.298767,-0.8392416468,0.5305569397,0.1190915281,,,,
37301,0.0,1912.6117555,-959.015625,-256.298752,-0.8380275153,0.5326959488,0.1180584307,,,,
37302,0.0,1912.355469,-958.846924,-256.298737,-0.8367524137,0.5349391253,0.1169851718,,,,
37303,0.0,1912.100586,-958.684021,-256.298737,-0.8367524137,0.5349391253,0.1169851718,,,,
37304,0.0,1911.812744,-958.499878,-256.298737,-0.8367524137,0.5349391253,0.1169851718,,,,
37305,0.0,1911.557373,-958.336609,-256.298737,-0.8367524137,0.5349391253,0.1169851718,,,,
37306,0.0,1911.423706,-958.247253,-256.298737,-0.8363024217,0.5358645688,0.1159630257,,,,
37307,0.0,1911.404907,-958.217041,-256.298828,-0.8338841657,0.539932604,0.1144988268,,,,
37308,0.0,1911.32019,-958.069275,-256.298737,-0.8220216531,0.5591369615,0.1079178394,,,,
37309,0.0,1911.098389,-957.554443,-256.29895,-0.7797065955,0.6195667861,0.0905241541,,,,
37310,0.0,1910.984375,-957.108826,-256.30069,-0.7419757886,0.6658775561,0.077968003,,,,
37311,0.0,1910.980469,-955.893738,-256.30069,-0.6314492096,0.773665658,0.0520897822,,,,
37312,0.0,1911.349487,-954.808838,-256.29953,-0.5177266244,0.854874293,0.033898166,,,,
37313,0.0,1911.875122,-954.041199,-256.301544,-0.4215927298,0.9066098377,0.0178373836,,,,
37314,0.0,1912.584595,-953.397095,-256.299683,-0.3207794897,0.9471537229,0.0005867098,,,,
37315,0.0,1913.067383,-953.096191,-256.299194,-0.260743985,0.9653395888,-0.0114914137,,,,
37316,0.0,1913.434082,-952.920715,-256.298859,-0.2179723599,0.975729736,-0.0209650344,,,,
37317,0.0,1913.674805,-952.82666,-256.298737,-0.1908682252,0.981248951,-0.0268294024,,,,
37318,0.0,1913.730591,-952.807007,-256.298737,-0.18464183,0.9823913685,-0.0285410883,,,,
37319,0.0,1913.734009,-952.805786,-256.298737,-0.1842835305,0.9824551138,-0.0286623391,,,,
37320,0.0,1913.734009,-952.805786,-256.298737,-0.1842835305,0.9824551138,-0.0286623391,,,,
37321,0.0,1913.734009,-952.805786,-256.298737,-0.1842835305,0.9824551138,-0.0286623391,,,,
37322,0.0,1913.734009,-952.805786,-256.298737,-0.1842835305,0.9824551138,-0.0286623391,,,,
37323,0.0,1913.734009,-952.805786,-256.298737,-0.1842835305,0.9824551138,-0.0286623391,,,,
37324,0.0,1913.734009,-952.805786,-256.298737,-0.1842835305,0.9824551138,-0.0286623391,,,,
37325,0.0,1913.734009,-952.805786,-256.298737,-0.1842835305,0.9824551138,-0.0286623391,,,,
37326,0.0,1913.734009,-952.805786,-256.298737,-0.1842835305,0.9824551138,-0.0286623391,,,,
37327,0.0,1913.734009,-952.805786,-256.298737,-0.1842807139,0.9824400977,-0.0291902896,,,,
37328,0.0,1913.734009,-952.805786,-256.298737,-0.1842773292,0.9824220533,-0.0298123333,,,,
37329,0.0,1913.734009,-952.805786,-256.298737,-0.1842773292,0.9824220533,-0.0298123333,,,,
37330,0.0,1913.734009,-952.805786,-256.298737,-0.1842773292,0.9824220533,-0.0298123333,,,,
37331,0.0,1913.734009,-952.805786,-256.298737,-0.1842773292,0.9824220533,-0.0298123333,,,,
37332,0.0,1913.734009,-952.805786,-256.298737,-0.1842773292,0.9824220533,-0.0298123333,,,,
37333,0.0,1913.734009,-952.805786,-256.298737,-0.1842773292,0.9824220533,-0.0298123333,,,,
37334,0.0,1913.734009,-952.805786,-256.298737,-0.1842773292,0.9824220533,-0.0298123333,,,,
37335,0.0,1913.756104,-952.798279,-256.298737,-0.1818351859,0.9828769911,-0.0298125078,,,,
37336,0.0,1913.8460085,-952.7699585,-256.298737,-0.1719858072,0.9845739152,-0.0305715804,,,,
37337,0.0,1913.935913,-952.741638,-256.298737,-0.1621364285,0.9862708394,-0.031330653,,,,
37338,0.0,1914.289551,-952.652954,-256.298737,-0.124246269,0.9915843047,-0.0363789967,,,,
37339,0.0,1914.748779,-952.579712,-256.298737,-0.0763185842,0.9961763575,-0.0425222105,,,,
37340,0.0,1915.070923,-952.555054,-256.298737,-0.0293110096,0.9983426631,-0.0495256672,,,,
37341,0.0,1915.367676,-952.636414,-256.298737,0.00655274,0.9984494348,-0.0552791798,,,,
37342,0.0,1915.512268,-952.6807865,-256.298737,0.0218866607,0.9978132598,-0.0602451486,,,,
37343,0.0,1915.65686,-952.725159,-256.298737,0.0372205814,0.9971770848,-0.0652111175,,,,
37344,0.0,1915.99292,-952.765442,-256.298737,0.0576679761,0.9952984925,-0.0778159073,,,,
37345,0.0,1916.149902,-952.154724,-256.298737,0.0666891636,0.9939093066,-0.0877316685,,,,
37346,0.0,1916.227783,-951.611694,-256.298737,0.0657874862,0.9932874174,-0.0951425936,,,,
37347,0.0,1910.081177,-954.029663,-255.727829,0.0640489828,0.9926138911,-0.1030310197,,,,
37348,0.0,1916.019409,-950.168884,-256.307922,0.0621438442,0.9915748613,-0.113654903,,,,
37349,0.0,1915.788696,-949.043762,-256.368927,0.0603570859,0.9904528935,-0.1239358219,,,,
37350,0.0,1915.459961,-947.815552,-256.42276,0.059064246,0.9893064402,-0.133357348,,,,
37351,0.0,1915.088623,-946.305664,-256.480316,0.0600176453,0.9885465629,-0.1384686793,,,,
37352,0.0,1914.948364,-945.564636,-256.507782,0.0605368645,0.9883521121,-0.1396258952,,,,
37353,0.0,1914.79895,-943.069641,-256.674072,0.0621280454,0.9880663637,-0.1409431338,,,,
37354,0.0,1914.868774,-940.9198,-256.848694,0.0623190857,0.9880543525,-0.1409429956,,,,
37355,0.0,1915.180542,-939.182556,-256.976471,0.0623190857,0.9880543525,-0.1409429956,,,,
37356,0.0,1915.741089,-937.329651,-257.153564,0.0623190857,0.9880543525,-0.1409429956,,,,
37357,0.0,1916.705688,-935.037842,-257.306976,0.0623190857,0.9880543525,-0.1409429956,,,,
37358,0.0,1917.680176,-932.87854,-257.422607,0.0623190857,0.9880543525,-0.1409429956,,,,
37359,0.0,1918.800537,-930.950256,-257.531342,0.0623190857,0.9880543525,-0.1409429956,,,,
37360,0.0,1919.6427,-929.879944,-257.569244,0.0623190857,0.9880543525,-0.1409429956,,,,
37361,0.0,1921.885132,-926.7547,-257.423248,0.0623190857,0.9880543525,-0.1409429956,,,,
37362,0.0,1922.673096,-926.110962,-257.325531,0.0623150906,0.9879910108,-0.1413880901,,,,
37363,0.0,1925.042236,-923.544556,-257.231506,0.0617827988,0.9877752704,-0.1431184856,,,,
37364,0.0,1927.471069,-921.755371,-257.081207,0.0611949716,0.9876436534,-0.1442747011,,,,
37365,0.0,1929.481689,-919.866211,-257.120026,0.0605835016,0.9871898297,-0.1476004046,,,,
37366,0.0,1930.296875,-919.689819,-256.940216,0.0603707425,0.9870206865,-0.148813769,,,,
37367,0.0,1933.482666,-917.124329,-256.860321,0.0590060695,0.986313965,-0.1539579365,,,,
37373,0.0,1945.620972,-906.264771,-256.517548,0.0564905778,0.9858845516,-0.1576085832,,,,
37374,0.0,1948.407471,-903.523926,-256.647949,0.0564928533,0.9859242644,-0.157359151,,,,
37375,0.0,1951.437866,-900.487305,-256.817444,0.0564951577,0.9859644809,-0.1571061408,,,,
37376,0.0,1955.68689,-896.129456,-257.132385,0.0564971669,0.9860019566,-0.1568700473,,,,
37377,0.0,1956.791565,-895.058594,-257.1978605,0.0564971669,0.9860019566,-0.1568700473,,,,
37378,0.0,1957.89624,-893.987732,-257.263336,0.0564971669,0.9860019566,-0.1568700473,,,,
37379,0.0,1961.944336,-890.013916,-257.126099,0.0564971669,0.9860019566,-0.1568700473,,,,
37380,0.0,1964.65564,-887.475159,-257.141937,0.0564971669,0.9860019566,-0.1568700473,,,,
37381,0.0,1966.775024,-885.361328,-257.015198,0.0564971669,0.9860019566,-0.1568700473,,,,
37382,0.0,1969.012451,-883.102478,-256.866699,0.0564971669,0.9860019566,-0.1568700473,,,,
37383,0.0,1971.180542,-880.851746,-256.726715,0.0547511254,0.9861004608,-0.1568699956,,,,
37384,0.0,1973.336792,-878.570862,-256.497223,0.0515688802,0.9862720013,-0.1568699783,,,,
37385,0.0,1975.887817,-875.743774,-255.918503,0.0487943313,0.986413155,-0.1568700128,,,,
37386,0.0,1978.283691,-873.146729,-255.447037,0.0474907851,0.9864767761,-0.1568699956,,,,
37387,0.0,1979.319214,-872.13324,-255.393127,0.0469367087,0.9865032944,-0.1568699956,,,,
37388,0.0,1982.293335,-869.494324,-254.799988,0.0447005345,0.9866702369,-0.1564726997,,,,
37389,0.0,1985.834351,-866.724854,-254.202866,0.0422835051,0.9868726737,-0.1558667093,,,,
37390,0.0,1988.318115,-864.377197,-253.780762,0.0392636806,0.9870184581,-0.1557335118,,,,
37391,0.0,1991.626099,-861.921997,-253.602509,0.0344648228,0.9873505151,-0.1547615465,,,,
37392,0.0,1993.472168,-860.146545,-253.204117,0.0284850448,0.9876362574,-0.1541532527,,,,
37393,0.0,1997.192261,-857.265808,-253.094101,0.0208435619,0.9879263135,-0.1535159438,,,,
37394,0.0,1999.431763,-854.970215,-252.840408,0.013727291,0.9882141072,-0.1524612735,,,,
37395,0.0,2002.276855,-852.505371,-253.2341,0.0059555206,0.9884764398,-0.151257594,,,,
37396,0.0,2003.310303,-851.298584,-252.855469,0.0030979709,0.9885003973,-0.1511865307,,,,
37397,0.0,2006.746704,-847.260376,-251.42598,-0.0057865646,0.9884883096,-0.1511865652,,,,
37418,0.0,2009.053955,-815.700684,-234.784042,-0.0776241631,0.9897761161,-0.1196567142,,,,
37419,0.0,2008.984131,-814.130188,-233.793457,-0.0799020562,0.9898396566,-0.1176142659,,,,
37420,0.0,2009.086426,-811.731079,-231.510651,-0.0844057992,0.9899376734,-0.1135740453,,,,
37421,0.0,2008.983398,-811.031799,-230.739594,-0.086401893,0.9899693276,-0.1117830186,,,,
37422,0.0,2008.80896,-811.007629,-230.562195,-0.0869730871,0.9899770677,-0.1112703352,,,,
37423,0.0,2009.01239,-812.6282345,-231.1691895,-0.0869730871,0.9899770677,-0.1112703352,,,,
37424,0.0,2009.100708,-816.674316,-232.403183,-0.0869730871,0.9899770677,-0.1112703352,,,,
37425,0.0,2008.675537,-817.482361,-232.867233,-0.0869730871,0.9899770677,-0.1112703352,,,,
37426,0.0,2008.541992,-817.794128,-233.046539,-0.0869730871,0.9899770677,-0.1112703352,,,,
37427,0.0,2008.5395505,-818.498016,-233.4169385,-0.0869730871,0.9899770677,-0.1112703352,,,,
37428,0.0,2008.537109,-819.201904,-233.787338,-0.0869730871,0.9899770677,-0.1112703352,,,,
37429,0.0,2008.716919,-820.367859,-234.484406,-0.0869730871,0.9899770677,-0.1112703352,,,,
37430,0.0,2009.197876,-821.189148,-235.112289,-0.0869730871,0.9899770677,-0.1112703352,,,,
37431,0.0,2009.769165,-821.927429,-235.77626,-0.0869730871,0.9899770677,-0.1112703352,,,,
37432,0.0,2010.015015,-822.168579,-235.95369,-0.0872858097,0.9899138689,-0.1115872731,,,,
37478,0.0,2005.613647,-877.574219,-254.094086,-0.995038362,-0.0981953696,-0.0160102335,,,,
37479,0.0,2005.306519,-877.604614,-253.946945,-0.995038362,-0.0981953696,-0.0160102335,,,,
37480,0.0,2005.850342,-877.550903,-253.226959,-0.995038362,-0.0981953696,-0.0160102335,,,,
37481,0.0,2006.197388,-877.516663,-252.895737,-0.995038362,-0.0981953696,-0.0160102335,,,,
37482,0.0,2006.05603,-879.000793,-252.958847,-0.994798613,-0.1005196668,-0.0164777455,,,,
37483,0.0,2005.130859,-881.0047,-253.728394,-0.9944789709,-0.1035359754,-0.0170844412,,,,
37484,0.0,2004.373779,-882.832275,-256.46167,-0.994438062,-0.1039156194,-0.0171605613,,,,
37485,0.0,2004.479248,-884.590149,-256.919769,-0.994438062,-0.1039156194,-0.0171605613,,,,
37486,0.0,2004.691895,-886.275696,-256.739105,-0.994438062,-0.1039156194,-0.0171605613,,,,
37487,0.0,2004.635742,-888.195801,-256.708405,-0.994438062,-0.1039156194,-0.0171605613,,,,
37488,0.0,2004.744995,-890.200317,-256.436432,-0.994438062,-0.1039156194,-0.0171605613,,,,
37489,0.0,2004.654907,-890.888184,-256.412109,-0.994438062,-0.1039156194,-0.0171605613,,,,
37490,0.0,2004.31958,-894.377014,-256.198334,-0.994438062,-0.1039156194,-0.0171605613,,,,
37491,0.0,2004.147827,-896.271423,-256.075958,-0.994438062,-0.1039156194,-0.0171605613,,,,
37492,0.0,2004.036255,-898.211243,-256.021759,-0.994438062,-0.1039156194,-0.0171605613,,,,
37493,0.0,2003.985107,-900.301025,-256.054199,-0.994438062,-0.1039156194,-0.0171605613,,,,
37508,0.0,1998.994507,-933.847534,-256.3479,-0.9500388472,-0.3116258094,0.0177635504,,,,
37509,0.0,1998.436768,-936.437195,-256.25061,-0.9456843735,-0.3244715118,0.0199825851,,,,
37510,0.0,1997.772217,-939.325745,-256.176697,-0.9404396315,-0.3392127361,0.0225392803,,,,
37511,0.0,1997.299683,-941.569763,-256.156189,-0.935921732,-0.3513442849,0.0246516744,,,,
37512,0.0,1996.828735,-943.917603,-256.142242,-0.9306208751,-0.3649847172,0.0270359569,,,,
37513,0.0,1995.277222,-947.424927,-256.181122,-0.9292083438,-0.3684677817,0.0283433876,,,,
37514,0.0,1994.062012,-947.162048,-256.878479,-0.9287571596,-0.3695789615,0.0286623391,,,,
37515,0.0,1992.437622,-948.56073,-257.382294,-0.928657416,-0.3698295202,0.0286623391,,,,
37516,0.0,1990.744873,-949.876099,-257.500641,-0.928657416,-0.3698295202,0.0286623391,,,,
37517,0.0,1987.756592,-952.074463,-257.440338,-0.928657416,-0.3698295202,0.0286623391,,,,
37518,0.0,1985.575195,-953.459167,-257.588318,-0.9337060575,-0.3570861616,0.0261241527,,,,
37519,0.0,1983.368896,-954.752502,-257.843872,-0.9388900287,-0.343419782,0.0234172457,,,,
37520,0.0,1980.642456,-955.99353,-258.088623,-0.9561736167,-0.2924137488,0.0150404186,,,,
37521,0.0,1979.581055,-956.396912,-258.205078,-0.962468103,-0.2711458104,0.0116232646,,,,
37522,0.0,1974.679199,-957.819214,-258.469849,-0.9893235274,-0.1456710699,-0.0043471302,,,,
37523,0.0,1973.613159,-957.998962,-258.514557,-0.994065536,-0.1086031882,-0.0062496168,,,,
37524,0.0,1969.099976,-958.152039,-257.954468,-0.9966640684,0.0813952776,-0.0059618349,,,,
37525,0.0,1966.420044,-959.034363,-257.486816,-0.9737878914,0.2274317673,-0.0034545233,,,,
37526,0.0,1964.538086,-959.608276,-257.231567,-0.9425807038,0.3339698193,-0.0024034731,,,,
37527,0.0,1961.169067,-960.688782,-256.768738,-0.8874505762,0.4609014599,-0.0011485311,,,,
37528,0.0,1958.59436,-961.275269,-256.350891,-0.827813028,0.5609782257,-0.0053871072,,,,
37529,0.0,1955.758545,-961.782471,-256.04364,-0.7885169773,0.614946144,-0.0090673325,,,,
37530,0.0,1953.569336,-961.683838,-255.9935,-0.7722970563,0.6351796025,-0.0102043791,,,,
37531,0.0,1950.613281,-961.41925,-255.881851,-0.7551439252,0.6554606132,-0.0113594406,,,,
37532,0.0,1947.874146,-961.280212,-256.228088,-0.75337036,0.6574974817,-0.0114088651,,,,
37533,0.0,1944.922974,-961.151794,-256.456055,-0.7522477414,0.6587815824,-0.0114088651,,,,
37534,0.0,1941.973389,-961.036316,-256.5112,-0.7521278988,0.6589184049,-0.0114087429,,,,
37535,0.0,1939.277222,-960.974792,-256.865845,-0.7521278988,0.6589184049,-0.0114087429,,,,
37536,0.0,1936.267822,-960.934082,-257.000336,-0.7521278988,0.6589184049,-0.0114087429,,,,
37537,0.0,1933.335327,-960.815552,-257.067688,-0.7521278988,0.6589184049,-0.0114087429,,,,
37538,0.0,1931.009155,-960.773071,-257.261017,-0.752124372,0.6589156632,-0.0117931258,,,,
37539,0.0,1927.181763,-960.798218,-257.510345,-0.7521184313,0.6589104587,-0.0124447839,,,,
37540,0.0,1921.665283,-960.673523,-257.645447,-0.7671499123,0.6412094006,-0.018207595,,,,
37541,0.0,1919.199951,-960.691528,-257.505737,-0.7737523414,0.6331538362,-0.0205799408,,,,
37542,0.0,1916.114746,-960.707458,-257.436493,-0.7770446408,0.6290553988,-0.0221569741,,,,
37543,0.0,1912.427002,-960.739685,-257.501343,-0.7795166148,0.6259351405,-0.0236441803,,,,
37544,0.0,1910.6641845,-960.740814,-257.426346,-0.7801336509,0.6251571692,-0.0238531153,,,,
37545,0.0,1906.953857,-960.703857,-257.097321,-0.7811491029,0.6238806751,-0.0240620503,,,,
37546,0.0,1903.070557,-960.788208,-257.026001,-0.7814685106,0.6234805427,-0.024061998,,,,
37547,0.0,1901.512085,-960.78714,-256.7962495,-0.7814685106,0.6234805427,-0.024061998,,,,
37548,0.0,1899.953613,-960.786072,-256.566498,-0.7814685106,0.6234805427,-0.024061998,,,,
37549,0.0,1895.148926,-960.970398,-256.55661,-0.7814685106,0.6234805427,-0.024061998,,,,
37550,0.0,1890.938843,-961.162903,-256.443817,-0.7814685106,0.6234805427,-0.024061998,,,,
37551,0.0,1886.7771,-961.377136,-256.442261,-0.7814685106,0.6234805427,-0.024061998,,,,
37552,0.0,1883.078491,-961.523376,-256.59967,-0.7814685106,0.6234805427,-0.024061998,,,,
37553,0.0,1879.656494,-961.604187,-256.806335,-0.7835069652,0.6209169455,-0.0240620503,,,,
37554,0.0,1878.282593,-961.688721,-256.806335,-0.7881086729,0.6150821881,-0.023635177,,,,
37555,0.0,1874.004639,-961.790771,-257.394775,-0.8182552002,0.5745083617,-0.0199642105,,,,
37556,0.0,1870.300781,-962.016296,-257.980377,-0.862768182,0.5054157507,-0.0136375626,,,,
37557,0.0,1867.450806,-962.320007,-258.284088,-0.9065150722,0.4221404556,-0.0052782177,,,,
37558,0.0,1863.9677736667,-963.15863,-258.2473856667,-0.915190261,0.4017813217,-0.0031203998,,,,
37559,0.0,1860.4847413333,-963.997253,-258.2106833333,-0.9238654498,0.3814221877,-0.0009625818,,,,
37560,0.0,1857.001709,-964.835876,-258.173981,-0.9325406386,0.3610630538,0.0011952361,,,,
37561,0.0,1857.001709,-964.835876,-258.173981,-0.9683161648,-0.2356557959,0.0826447263,,,,
37562,0.0,1857.18103,-968.172241,-257.936859,-0.9948312752,-0.0855677882,0.0546707196,,,,
37563,0.0,1857.133911,-968.830261,-257.466705,-0.9793892815,-0.1891237311,0.0709143825,,,,
37564,0.0,1857.08313,-969.138184,-257.348541,-0.9683161648,-0.2356557959,0.0826447263,,,,
37565,0.0,1856.779175,-969.21228,-257.240601,-0.9683161648,-0.2356557959,0.0826447263,,,,
37566,0.0,1856.734985,-969.222839,-257.254272,-0.9683161648,-0.2356557959,0.0826447263,,,,
37567,0.0,1856.604126,-969.254761,-257.10022,-0.9683161648,-0.2356557959,0.0826447263,,,,
37568,0.0,1856.591553,-969.257751,-256.968414,-0.9683161648,-0.2356557959,0.0826447263,,,,
37569,0.0,1856.628296,-969.248901,-256.824829,-0.9683161648,-0.2356557959,0.0826447263,,,,
37570,0.0,1856.681519,-969.235962,-256.68335,-0.9683161648,-0.2356557959,0.0826447263,,,,
37571,0.0,1856.701172,-969.23114,-256.631012,-0.9683161648,-0.2356557959,0.0826447263,,,,
37572,0.0,1856.930908,-969.175171,-256.413025,-0.9683161648,-0.2356557959,0.0826447263,,,,
37573,0.0,1856.988281,-969.161255,-256.361389,-0.9683161648,-0.2356557959,0.0826447263,,,,
37574,0.0,1857.418701,-969.056519,-256.127625,-0.9683161648,-0.2356557959,0.0826447263,,,,
37575,0.0,1857.783325,-968.967773,-255.943573,-0.9683161648,-0.2356557959,0.0826447263,,,,
37576,0.0,1858.545044,-968.78241,-255.618347,-0.9683161648,-0.2356557959,0.0826447263,,,,
37577,0.0,1858.506592,-968.848572,-255.605988,-0.9683161648,-0.2356557959,0.0826447263,,,,
37578,0.0,1858.81897,-968.959534,-255.482437,-0.9683161648,-0.2356557959,0.0826447263,,,,
37579,0.0,1858.890137,-969.278015,-255.413162,-0.9683161648,-0.2356557959,0.0826447263,,,,
37580,0.0,1858.853516,-969.387817,-255.416245,-0.9683161648,-0.2356557959,0.0826447263,,,,
37581,0.0,1858.825806,-969.761414,-255.362381,-0.9683161648,-0.2356557959,0.0826447263,,,,
37582,0.0,1858.808228,-969.871704,-255.365417,-0.9683161648,-0.2356557959,0.0826447263,,,,
37583,0.0,1858.833252,-970.340332,-255.241806,-0.9683161648,-0.2356557959,0.0826447263,,,,
37584,0.0,1858.847412,-970.604919,-255.197754,-0.9683161648,-0.2356557959,0.0826447263,,,,
37585,0.0,1858.704956,-971.051575,-255.178253,-0.9683161648,-0.2356557959,0.0826447263,,,,
37586,0.0,1858.526733,-971.407349,-255.196259,-0.9683161648,-0.2356557959,0.0826447263,,,,
37587,0.0,1858.367554,-971.696716,-255.212296,-0.9683161648,-0.2356557959,0.0826447263,,,,
37588,0.0,1858.378418,-971.67688,-255.211227,-0.9683161648,-0.2356557959,0.0826447263,,,,
37589,0.0,1858.192749,-972.029846,-255.232391,-0.9683161648,-0.2356557959,0.0826447263,,,,
37590,0.0,1858.109009,-972.172791,-255.231064,-0.9683161648,-0.2356557959,0.0826447263,,,,
37591,0.0,1858.058105,-972.203369,-255.209702,-0.9683161648,-0.2356557959,0.0826447263,,,,
37592,0.0,1857.995605,-972.220825,-255.186035,-0.9683161648,-0.2356557959,0.0826447263,,,,
37593,0.0,1857.992188,-972.219727,-255.184937,-0.9683161648,-0.2356557959,0.0826447263,,,,
37594,0.0,1857.981934,-972.206177,-255.182404,-0.9683161648,-0.2356557959,0.0826447263,,,,
37595,0.0,1857.984497,-972.177673,-255.183121,-0.9683161648,-0.2356557959,0.0826447263,,,,
37596,0.0,1858.010254,-972.116821,-255.219864,-0.9683161648,-0.2356557959,0.0826447263,,,,
37597,0.0,1858.024658,-972.083069,-255.241196,-0.9683161648,-0.2356557959,0.0826447263,,,,
37598,0.0,1858.049805,-972.035706,-255.281494,-0.9683161648,-0.2356557959,0.0826447263,,,,
37599,0.0,1858.06311,-971.996155,-255.334778,-0.9683161648,-0.2356557959,0.0826447263,,,,
37600,0.0,1858.066895,-971.964294,-255.37796,-0.9683161648,-0.2356557959,0.0826447263,,,,
37601,0.0,1858.069214,-971.912109,-255.418442,-0.9683161648,-0.2356557959,0.0826447263,,,,
37602,0.0,1858.038208,-971.784363,-255.496078,-0.9683161648,-0.2356557959,0.0826447263,,,,
37603,0.0,1858.032959,-971.776428,-255.500504,-0.9683161648,-0.2356557959,0.0826447263,,,,
37604,0.0,1857.991577,-971.717407,-255.532791,-0.9683161648,-0.2356557959,0.0826447263,,,,
37605,0.0,1857.900513,-971.579468,-255.585403,-0.9683161648,-0.2356557959,0.0826447263,,,,
37606,0.0,1857.913452,-971.47052,-255.58728,-0.9683161648,-0.2356557959,0.0826447263,,,,
37607,0.0,1858.01416,-971.325073,-255.571686,-0.9683161648,-0.2356557959,0.0826447263,,,,
37608,0.0,1858.103638,-971.176514,-255.553864,-0.9683161648,-0.2356557959,0.0826447263,,,,
37609,0.0,1858.098633,-971.183594,-255.554779,-0.9683161648,-0.2356557959,0.0826447263,,,,
37610,0.0,1858.192505,-971.052246,-255.53952,-0.9683161648,-0.2356557959,0.0826447263,,,,
37611,0.0,1858.277344,-970.947998,-255.520844,-0.9683161648,-0.2356557959,0.0826447263,,,,
37612,0.0,1858.287964,-970.9375,-255.519852,-0.9683161648,-0.2356557959,0.0826447263,,,,
37613,0.0,1858.287231,-970.923889,-255.528168,-0.9683161648,-0.2356557959,0.0826447263,,,,
37614,0.0,1858.279785,-970.933105,-255.541977,-0.9683161648,-0.2356557959,0.0826447263,,,,
37615,0.0,1858.271118,-970.936035,-255.553482,-0.9683161648,-0.2356557959,0.0826447263,,,,
37616,0.0,1858.253418,-970.93457,-255.56662,-0.9683161648,-0.2356557959,0.0826447263,,,,
37617,0.0,1858.374878,-970.910767,-255.561646,-0.9683161648,-0.2356557959,0.0826447263,,,,
37618,0.0,1858.42395,-970.896179,-255.58783,-0.9683161648,-0.2356557959,0.0826447263,,,,
37619,0.0,1858.3933715,-971.066101,-255.632172,-0.9683161648,-0.2356557959,0.0826447263,,,,
37620,0.0,1858.371704,-971.201172,-255.67038,-0.9683161648,-0.2356557959,0.0826447263,,,,
37621,0.0,1858.319885,-971.398102,-255.705719,-0.9683161648,-0.2356557959,0.0826447263,,,,
37622,0.0,1858.268066,-971.595032,-255.741058,-0.9683161648,-0.2356557959,0.0826447263,,,,
37623,0.0,1858.192627,-971.889893,-255.796753,-0.9683161648,-0.2356557959,0.0826447263,,,,
37624,0.0,1858.185425,-971.981689,-255.826584,-0.9683161648,-0.2356557959,0.0826447263,,,,
37625,0.0,1858.215698,-971.909851,-255.844254,-0.9683161648,-0.2356557959,0.0826447263,,,,
37626,0.0,1858.330688,-971.751831,-255.823639,-0.9683161648,-0.2356557959,0.0826447263,,,,
37627,0.0,1858.330933,-971.75116,-255.823608,-0.9683161648,-0.2356557959,0.0826447263,,,,
37628,0.0,1858.405029,-971.669983,-255.785736,-0.9683161648,-0.2356557959,0.0826447263,,,,
37629,0.0,1858.591309,-971.515991,-255.688797,-0.9683161648,-0.2356557959,0.0826447263,,,,
37630,0.0,1858.693481,-971.442322,-255.621475,-0.9683161648,-0.2356557959,0.0826447263,,,,
37631,0.0,1858.784546,-971.37146,-255.547012,-0.9683161648,-0.2356557959,0.0826447263,,,,
37632,0.0,1858.877686,-971.273438,-255.425125,-0.9683161648,-0.2356557959,0.0826447263,,,,
37633,0.0,1858.879944,-971.269623,-255.4213715,-0.9683161648,-0.2356557959,0.0826447263,,,,
37634,0.0,1858.892822,-971.237183,-255.401001,-0.9683161648,-0.2356557959,0.0826447263,,,,
37635,0.0,1858.916504,-971.125122,-255.347473,-0.9683161648,-0.2356557959,0.0826447263,,,,
37636,0.0,1858.874756,-971.044861,-255.33519,-0.9683161648,-0.2356557959,0.0826447263,,,,
37637,0.0,1858.82312,-970.973267,-255.337311,-0.9683161648,-0.2356557959,0.0826447263,,,,
37638,0.0,1858.760864,-970.889343,-255.340668,-0.9683161648,-0.2356557959,0.0826447263,,,,
37639,0.0,1858.703735,-970.808716,-255.345306,-0.9683161648,-0.2356557959,0.0826447263,,,,
37640,0.0,1858.726318,-970.7374575,-255.3379135,-0.9683161648,-0.2356557959,0.0826447263,,,,
37641,0.0,1858.76709,-970.642883,-255.325638,-0.9683161648,-0.2356557959,0.0826447263,,,,
37642,0.0,1858.969238,-970.411072,-255.278152,-0.9683161648,-0.2356557959,0.0826447263,,,,
37643,0.0,1859.057129,-970.324646,-255.262405,-0.9683161648,-0.2356557959,0.0826447263,,,,
37644,0.0,1859.201538,-970.169495,-255.238937,-0.9683161648,-0.2356557959,0.0826447263,,,,
37645,0.0,1859.217651,-970.151123,-255.238205,-0.9683161648,-0.2356557959,0.0826447263,,,,
37646,0.0,1859.238159,-970.145569,-255.237213,-0.9683161648,-0.2356557959,0.0826447263,,,,
37647,0.0,1859.236938,-970.145874,-255.237274,-0.9683161648,-0.2356557959,0.0826447263,,,,
37648,0.0,1859.259766,-970.13385,-255.230728,-0.9683161648,-0.2356557959,0.0826447263,,,,
37649,0.0,1859.435303,-970.134827,-255.169891,-0.9683161648,-0.2356557959,0.0826447263,,,,
37650,0.0,1859.425293,-970.133972,-255.171707,-0.9683161648,-0.2356557959,0.0826447263,,,,
37651,0.0,1859.557739,-970.144165,-255.147537,-0.9683161648,-0.2356557959,0.0826447263,,,,
37652,0.0,1859.496338,-970.348877,-255.150269,-0.9683161648,-0.2356557959,0.0826447263,,,,
37653,0.0,1859.427368,-970.578796,-255.155396,-0.9683161648,-0.2356557959,0.0826447263,,,,
37654,0.0,1859.322021,-970.917358,-255.162323,-0.9683161648,-0.2356557959,0.0826447263,,,,
37655,0.0,1859.336426,-970.872498,-255.161591,-0.9683161648,-0.2356557959,0.0826447263,,,,
37656,0.0,1859.202393,-971.310364,-255.168991,-0.9683161648,-0.2356557959,0.0826447263,,,,
37657,0.0,1859.204712,-971.304749,-255.169342,-0.9683161648,-0.2356557959,0.0826447263,,,,
37658,0.0,1859.204956,-971.303955,-255.169434,-0.9683161648,-0.2356557959,0.0826447263,,,,
37659,0.0,1859.204712,-971.292969,-255.169815,-0.9683161648,-0.2356557959,0.0826447263,,,,
37660,0.0,1859.196655,-971.264343,-255.168213,-0.9683161648,-0.2356557959,0.0826447263,,,,
37661,0.0,1859.190552,-971.230652,-255.168533,-0.9683161648,-0.2356557959,0.0826447263,,,,
37662,0.0,1859.195801,-971.193054,-255.174026,-0.9683161648,-0.2356557959,0.0826447263,,,,
37663,0.0,1859.203613,-971.145691,-255.17926,-0.9683161648,-0.2356557959,0.0826447263,,,,
37664,0.0,1859.20752,-971.098877,-255.184845,-0.9683161648,-0.2356557959,0.0826447263,,,,
37665,0.0,1859.192017,-971.018555,-255.20401,-0.9683161648,-0.2356557959,0.0826447263,,,,
37666,0.0,1859.170044,-970.977112,-255.222534,-0.9683161648,-0.2356557959,0.0826447263,,,,
37667,0.0,1859.157532,-970.9421695,-255.231796,-0.9683161648,-0.2356557959,0.0826447263,,,,
37668,0.0,1859.14502,-970.907227,-255.241058,-0.9683161648,-0.2356557959,0.0826447263,,,,
37669,0.0,1859.069092,-970.787415,-255.265198,-0.9683161648,-0.2356557959,0.0826447263,,,,
37670,0.0,1858.990723,-970.706238,-255.291733,-0.9683161648,-0.2356557959,0.0826447263,,,,
37671,0.0,1858.928101,-970.635071,-255.314285,-0.9683161648,-0.2356557959,0.0826447263,,,,
37672,0.0,1858.857178,-970.552551,-255.327942,-0.9683161648,-0.2356557959,0.0826447263,,,,
37673,0.0,1858.832153,-970.463318,-255.330795,-0.9683161648,-0.2356557959,0.0826447263,,,,
37674,0.0,1858.946411,-970.299255,-255.299438,-0.9683161648,-0.2356557959,0.0826447263,,,,
37675,0.0,1859.148438,-970.055298,-255.262619,-0.9683161648,-0.2356557959,0.0826447263,,,,
37676,0.0,1859.154663,-970.048096,-255.2612,-0.9683161648,-0.2356557959,0.0826447263,,,,
37677,0.0,1859.181763,-970.017395,-255.255249,-0.9683161648,-0.2356557959,0.0826447263,,,,
37678,0.0,1859.238647,-969.940552,-255.245544,-0.9683161648,-0.2356557959,0.0826447263,,,,
37679,0.0,1859.239929,-969.9342345,-255.2470165,-0.9683161648,-0.2356557959,0.0826447263,,,,
37680,0.0,1859.23877,-969.932556,-255.249023,-0.9683161648,-0.2356557959,0.0826447263,,,,
37681,0.0,1859.225708,-969.955078,-255.252869,-0.9683161648,-0.2356557959,0.0826447263,,,,
37682,0.0,1859.213379,-969.966553,-255.259888,-0.9683161648,-0.2356557959,0.0826447263,,,,
37683,0.0,1859.165283,-970.012268,-255.267715,-0.9683161648,-0.2356557959,0.0826447263,,,,
37684,0.0,1859.098877,-970.063904,-255.276367,-0.9683161648,-0.2356557959,0.0826447263,,,,
37685,0.0,1859.085327,-970.073181,-255.278625,-0.9683161648,-0.2356557959,0.0826447263,,,,
37686,0.0,1859.001465,-970.123291,-255.298492,-0.9683161648,-0.2356557959,0.0826447263,,,,
37687,0.0,1858.916504,-970.169922,-255.324677,-0.9683161648,-0.2356557959,0.0826447263,,,,
37688,0.0,1858.861084,-970.211304,-255.343811,-0.9683161648,-0.2356557959,0.0826447263,,,,
37689,0.0,1858.797607,-970.266602,-255.367599,-0.9683161648,-0.2356557959,0.0826447263,,,,
37690,0.0,1858.720459,-970.399658,-255.390259,-0.9683161648,-0.2356557959,0.0826447263,,,,
37691,0.0,1858.720093,-970.40094,-255.390381,-0.9683161648,-0.2356557959,0.0826447263,,,,
37692,0.0,1858.704712,-970.572327,-255.392563,-0.9683161648,-0.2356557959,0.0826447263,,,,
37693,0.0,1858.705444,-970.589966,-255.391968,-0.9683161648,-0.2356557959,0.0826447263,,,,
37694,0.0,1858.773071,-970.777222,-255.369644,-0.9683161648,-0.2356557959,0.0826447263,,,,
37695,0.0,1858.772095,-970.775146,-255.369995,-0.9683161648,-0.2356557959,0.0826447263,,,,
37696,0.0,1858.818115,-970.853027,-255.35582,-0.9683161648,-0.2356557959,0.0826447263,,,,
37697,0.0,1858.866943,-970.94696,-255.339462,-0.9683161648,-0.2356557959,0.0826447263,,,,
37698,0.0,1858.946289,-971.116577,-255.307144,-0.9683161648,-0.2356557959,0.0826447263,,,,
37699,0.0,1858.94165,-971.10321,-255.310394,-0.9683161648,-0.2356557959,0.0826447263,,,,
37700,0.0,1858.977905,-971.208008,-255.284958,-0.9683161648,-0.2356557959,0.0826447263,,,,
37701,0.0,1858.984131,-971.238953,-255.275284,-0.9683161648,-0.2356557959,0.0826447263,,,,
37702,0.0,1859.022705,-971.363464,-255.219879,-0.9683161648,-0.2356557959,0.0826447263,,,,
37703,0.0,1859.031738,-971.386597,-255.202393,-0.9683161648,-0.2356557959,0.0826447263,,,,
37704,0.0,1859.031921,-971.38736,-255.201645,-0.9683161648,-0.2356557959,0.0826447263,,,,
37705,0.0,1859.032104,-971.388123,-255.200897,-0.9683161648,-0.2356557959,0.0826447263,,,,
37706,0.0,1859.038208,-971.410645,-255.180252,-0.9683161648,-0.2356557959,0.0826447263,,,,
37707,0.0,1859.050537,-971.488831,-255.132172,-0.9683161648,-0.2356557959,0.0826447263,,,,
37708,0.0,1859.034729,-971.5114445,-255.118912,-0.9683161648,-0.2356557959,0.0826447263,,,,
37709,0.0,1859.029663,-971.524963,-255.112228,-0.9683161648,-0.2356557959,0.0826447263,,,,
37710,0.0,1859.0129395,-971.534912,-255.109535,-0.9683161648,-0.2356557959,0.0826447263,,,,
37711,0.0,1858.996216,-971.544861,-255.106842,-0.9683161648,-0.2356557959,0.0826447263,,,,
37712,0.0,1858.940918,-971.557007,-255.118195,-0.9683161648,-0.2356557959,0.0826447263,,,,
37713,0.0,1858.809814,-971.584778,-255.144135,-0.9683161648,-0.2356557959,0.0826447263,,,,
37714,0.0,1858.647339,-971.591187,-255.179047,-0.9683161648,-0.2356557959,0.0826447263,,,,
37715,0.0,1858.654785,-971.591614,-255.177383,-0.9683161648,-0.2356557959,0.0826447263,,,,
37716,0.0,1858.55896,-971.590454,-255.199753,-0.9683161648,-0.2356557959,0.0826447263,,,,
37717,0.0,1858.508545,-971.599365,-255.213837,-0.9683161648,-0.2356557959,0.0826447263,,,,
37718,0.0,1858.451416,-971.614136,-255.232574,-0.9683161648,-0.2356557959,0.0826447263,,,,
37719,0.0,1858.455811,-971.648193,-255.242844,-0.9683161648,-0.2356557959,0.0826447263,,,,
37720,0.0,1858.467041,-971.671936,-255.243042,-0.9683161648,-0.2356557959,0.0826447263,,,,
37721,0.0,1858.505615,-971.738464,-255.24321,-0.9683161648,-0.2356557959,0.0826447263,,,,
37722,0.0,1858.517578,-971.769958,-255.243607,-0.9683161648,-0.2356557959,0.0826447263,,,,
37723,0.0,1858.522949,-971.802673,-255.243423,-0.9683161648,-0.2356557959,0.0826447263,,,,
37724,0.0,1858.518677,-971.825684,-255.242767,-0.9683161648,-0.2356557959,0.0826447263,,,,
37725,0.0,1858.517944,-971.826721,-255.242752,-0.9683161648,-0.2356557959,0.0826447263,,,,
37726,0.0,1858.499634,-971.844421,-255.243576,-0.9683161648,-0.2356557959,0.0826447263,,,,
37727,0.0,1858.438477,-971.871216,-255.254776,-0.9683161648,-0.2356557959,0.0826447263,,,,
37728,0.0,1858.413086,-971.880493,-255.256332,-0.9683161648,-0.2356557959,0.0826447263,,,,
37729,0.0,1858.416016,-971.879395,-255.256088,-0.9683161648,-0.2356557959,0.0826447263,,,,
37730,0.0,1858.389771,-971.891785,-255.260757,-0.9683161648,-0.2356557959,0.0826447263,,,,
37731,0.0,1858.36792,-971.904846,-255.265945,-0.9683161648,-0.2356557959,0.0826447263,,,,
37732,0.0,1858.352539,-971.919983,-255.267181,-0.9683161648,-0.2356557959,0.0826447263,,,,
37733,0.0,1858.354614,-971.933228,-255.259537,-0.9683161648,-0.2356557959,0.0826447263,,,,
37734,0.0,1858.355713,-971.94043,-255.254044,-0.9683161648,-0.2356557959,0.0826447263,,,,
37735,0.0,1858.356567,-971.949646,-255.248032,-0.9683161648,-0.2356557959,0.0826447263,,,,
37736,0.0,1858.356689,-971.950073,-255.247986,-0.9683161648,-0.2356557959,0.0826447263,,,,
37737,0.0,1858.356445,-971.963684,-255.245926,-0.9683161648,-0.2356557959,0.0826447263,,,,
37738,0.0,1858.364746,-971.986023,-255.229706,-0.9683161648,-0.2356557959,0.0826447263,,,,
37739,0.0,1858.363525,-971.983459,-255.231598,-0.9683161648,-0.2356557959,0.0826447263,,,,
37740,0.0,1858.369141,-971.996033,-255.225098,-0.9683161648,-0.2356557959,0.0826447263,,,,
37741,0.0,1858.374023,-972.007019,-255.219315,-0.9683161648,-0.2356557959,0.0826447263,,,,
37742,0.0,1858.376343,-972.012207,-255.215912,-0.9683161648,-0.2356557959,0.0826447263,,,,
37743,0.0,1858.387207,-972.034668,-255.206253,-0.9683161648,-0.2356557959,0.0826447263,,,,
37744,0.0,1858.392822,-972.045044,-255.204269,-0.9683161648,-0.2356557959,0.0826447263,,,,
37745,0.0,1858.402588,-972.059692,-255.196716,-0.9683161648,-0.2356557959,0.0826447263,,,,
37746,0.0,1858.410645,-972.088623,-255.186401,-0.9683161648,-0.2356557959,0.0826447263,,,,
37747,0.0,1858.410156,-972.086304,-255.187119,-0.9683161648,-0.2356557959,0.0826447263,,,,
37748,0.0,1858.416016,-972.109375,-255.176575,-0.9683161648,-0.2356557959,0.0826447263,,,,
37749,0.0,1858.420044,-972.123047,-255.169067,-0.9683161648,-0.2356557959,0.0826447263,,,,
37750,0.0,1858.442383,-972.147644,-255.156342,-0.9683161648,-0.2356557959,0.0826447263,,,,
37751,0.0,1858.443115,-972.147949,-255.156006,-0.9683161648,-0.2356557959,0.0826447263,,,,
37752,0.0,1858.452759,-972.14801,-255.149857,-0.9683161648,-0.2356557959,0.0826447263,,,,
37753,0.0,1858.465942,-972.146484,-255.140503,-0.9683161648,-0.2356557959,0.0826447263,,,,
37754,0.0,1858.472412,-972.145142,-255.131088,-0.9683161648,-0.2356557959,0.0826447263,,,,
37755,0.0,1858.481812,-972.138123,-255.122635,-0.9683161648,-0.2356557959,0.0826447263,,,,
37756,0.0,1858.481873,-972.1380005,-255.122536,-0.9683161648,-0.2356557959,0.0826447263,,,,
37757,0.0,1858.481934,-972.137878,-255.122437,-0.9683161648,-0.2356557959,0.0826447263,,,,
37758,0.0,1858.482178,-972.130676,-255.114761,-0.9683161648,-0.2356557959,0.0826447263,,,,
37759,0.0,1858.482178,-972.128601,-255.113373,-0.9683161648,-0.2356557959,0.0826447263,,,,
37760,0.0,1858.482056,-972.118164,-255.106415,-0.9683161648,-0.2356557959,0.0826447263,,,,
37761,0.0,1858.484619,-972.10553,-255.100677,-0.9683161648,-0.2356557959,0.0826447263,,,,
37762,0.0,1858.484863,-972.104614,-255.100357,-0.9683161648,-0.2356557959,0.0826447263,,,,
37763,0.0,1858.486694,-972.09906,-255.098038,-0.9683161648,-0.2356557959,0.0826447263,,,,
37764,0.0,1858.487793,-972.091064,-255.092346,-0.9683161648,-0.2356557959,0.0826447263,,,,
37765,0.0,1858.489624,-972.083618,-255.089661,-0.9683161648,-0.2356557959,0.0826447263,,,,
37766,0.0,1858.495972,-972.06543,-255.087051,-0.9683161648,-0.2356557959,0.0826447263,,,,
37767,0.0,1858.495972,-972.06543,-255.087036,-0.9683161648,-0.2356557959,0.0826447263,,,,
37768,0.0,1858.498535,-972.048889,-255.081451,-0.9683161648,-0.2356557959,0.0826447263,,,,
37769,0.0,1858.498779,-972.0495,-255.081696,-0.9683161648,-0.2356557959,0.0826447263,,,,
37770,0.0,1858.500977,-972.039734,-255.08252,-0.9683161648,-0.2356557959,0.0826447263,,,,
37771,0.0,1858.50415,-972.028748,-255.086151,-0.9683161648,-0.2356557959,0.0826447263,,,,
37772,0.0,1858.501465,-972.019287,-255.08577,-0.9683161648,-0.2356557959,0.0826447263,,,,
37773,0.0,1858.498779,-972.00885,-255.084122,-0.9683161648,-0.2356557959,0.0826447263,,,,
37774,0.0,1858.49646,-971.999634,-255.080933,-0.9683161648,-0.2356557959,0.0826447263,,,,
37775,0.0,1858.494873,-971.981873,-255.071594,-0.9683161648,-0.2356557959,0.0826447263,,,,
37776,0.0,1858.494751,-971.981995,-255.071671,-0.9683161648,-0.2356557959,0.0826447263,,,,
37777,0.0,1858.496338,-971.968933,-255.059662,-0.9683161648,-0.2356557959,0.0826447263,,,,
37778,0.0,1858.49585,-971.967346,-255.058929,-0.9683161648,-0.2356557959,0.0826447263,,,,
37779,0.0,1858.495728,-971.966309,-255.058441,-0.9683161648,-0.2356557959,0.0826447263,,,,
37780,0.0,1858.495117,-971.960266,-255.056976,-0.9683161648,-0.2356557959,0.0826447263,,,,
37781,0.0,1858.496582,-971.958984,-255.058258,-0.9683161648,-0.2356557959,0.0826447263,,,,
37782,0.0,1858.494751,-971.958557,-255.057266,-0.9683161648,-0.2356557959,0.0826447263,,,,
37783,0.0,1858.491943,-971.957825,-255.055939,-0.9683161648,-0.2356557959,0.0826447263,,,,
37784,0.0,1858.492676,-971.956421,-255.057404,-0.9683161648,-0.2356557959,0.0826447263,,,,
37785,0.0,1858.486816,-971.94751,-255.062836,-0.9683161648,-0.2356557959,0.0826447263,,,,
37786,0.0,1858.486755,-971.9474795,-255.062813,-0.9683161648,-0.2356557959,0.0826447263,,,,
37787,0.0,1858.486694,-971.947449,-255.06279,-0.9683161648,-0.2356557959,0.0826447263,,,,
37788,0.0,1858.491333,-971.938965,-255.063049,-0.9683161648,-0.2356557959,0.0826447263,,,,
37789,0.0,1858.490601,-971.940735,-255.062958,-0.9683161648,-0.2356557959,0.0826447263,,,,
37790,0.0,1858.490845,-971.935242,-255.06366,-0.9683161648,-0.2356557959,0.0826447263,,,,
37791,0.0,1858.490112,-971.92926,-255.064651,-0.9683161648,-0.2356557959,0.0826447263,,,,
37792,0.0,1858.493652,-971.917603,-255.075241,-0.9683161648,-0.2356557959,0.0826447263,,,,
37793,0.0,1858.496826,-971.905029,-255.075272,-0.9683161648,-0.2356557959,0.0826447263,,,,
37794,0.0,1858.496948,-971.904968,-255.075195,-0.9683161648,-0.2356557959,0.0826447263,,,,
37795,0.0,1858.496216,-971.886047,-255.083145,-0.9683161648,-0.2356557959,0.0826447263,,,,
37796,0.0,1858.496094,-971.887573,-255.082458,-0.9683161648,-0.2356557959,0.0826447263,,,,
37797,0.0,1858.496704,-971.873047,-255.091583,-0.9683161648,-0.2356557959,0.0826447263,,,,
37798,0.0,1858.496948,-971.872375,-255.09198,-0.9683161648,-0.2356557959,0.0826447263,,,,
37799,0.0,1858.4973755,-971.866882,-255.0938415,-0.9683161648,-0.2356557959,0.0826447263,,,,
37800,0.0,1858.499023,-971.849426,-255.098419,-0.9683161648,-0.2356557959,0.0826447263,,,,
37801,0.0,1858.499146,-971.839294,-255.102859,-0.9683161648,-0.2356557959,0.0826447263,,,,
37802,0.0,1858.498291,-971.830078,-255.108932,-0.9683161648,-0.2356557959,0.0826447263,,,,
37803,0.0,1858.499146,-971.807922,-255.109833,-0.9683161648,-0.2356557959,0.0826447263,,,,
37804,0.0,1858.498657,-971.814392,-255.110275,-0.9683161648,-0.2356557959,0.0826447263,,,,
37805,0.0,1858.501221,-971.79187,-255.114975,-0.9683161648,-0.2356557959,0.0826447263,,,,
37806,0.0,1858.502808,-971.782532,-255.119766,-0.9683161648,-0.2356557959,0.0826447263,,,,
37807,0.0,1858.505005,-971.768677,-255.125931,-0.9683161648,-0.2356557959,0.0826447263,,,,
37808,0.0,1858.506714,-971.75531,-255.131073,-0.9683161648,-0.2356557959,0.0826447263,,,,
37809,0.0,1858.507446,-971.743164,-255.135223,-0.9683161648,-0.2356557959,0.0826447263,,,,
37810,0.0,1858.507568,-971.7276,-255.140015,-0.9683161648,-0.2356557959,0.0826447263,,,,
37811,0.0,1858.509155,-971.715576,-255.142395,-0.9683161648,-0.2356557959,0.0826447263,,,,
37812,0.0,1858.519287,-971.684265,-255.144806,-0.9683161648,-0.2356557959,0.0826447263,,,,
37813,0.0,1858.518555,-971.686035,-255.144592,-0.9683161648,-0.2356557959,0.0826447263,,,,
37814,0.0,1858.533081,-971.64502,-255.147293,-0.9683161648,-0.2356557959,0.0826447263,,,,
37815,0.0,1858.53125,-971.651062,-255.147598,-0.9683161648,-0.2356557959,0.0826447263,,,,
37816,0.0,1858.537842,-971.630371,-255.146683,-0.9683161648,-0.2356557959,0.0826447263,,,,
37817,0.0,1858.544189,-971.611877,-255.146149,-0.9683161648,-0.2356557959,0.0826447263,,,,
37818,0.0,1858.551636,-971.592957,-255.146057,-0.9683161648,-0.2356557959,0.0826447263,,,,
37819,0.0,1858.560669,-971.568481,-255.146423,-0.9683161648,-0.2356557959,0.0826447263,,,,
37820,0.0,1858.568481,-971.546204,-255.147263,-0.9683161648,-0.2356557959,0.0826447263,,,,
37821,0.0,1858.577271,-971.527344,-255.147781,-0.9683161648,-0.2356557959,0.0826447263,,,,
37822,0.0,1858.580322,-971.520813,-255.14798,-0.9683161648,-0.2356557959,0.0826447263,,,,
37823,0.0,1858.591797,-971.496643,-255.147781,-0.9683161648,-0.2356557959,0.0826447263,,,,
37824,0.0,1858.59314,-971.493835,-255.147644,-0.9683161648,-0.2356557959,0.0826447263,,,,
37825,0.0,1858.610718,-971.456726,-255.141632,-0.9683161648,-0.2356557959,0.0826447263,,,,
37826,0.0,1858.611572,-971.454834,-255.140991,-0.9683161648,-0.2356557959,0.0826447263,,,,
37827,0.0,1858.634888,-971.412598,-255.136124,-0.9683161648,-0.2356557959,0.0826447263,,,,
37828,0.0,1858.638184,-971.40686,-255.136322,-0.9683161648,-0.2356557959,0.0826447263,,,,
37829,0.0,1858.643494,-971.399292,-255.1359175,-0.9683161648,-0.2356557959,0.0826447263,,,,
37830,0.0,1858.653442,-971.38501,-255.135178,-0.9683161648,-0.2356557959,0.0826447263,,,,
37831,0.0,1858.6572265,-971.3759765,-255.136925,-0.9683161648,-0.2356557959,0.0826447263,,,,
37832,0.0,1858.661011,-971.366943,-255.138672,-0.9683161648,-0.2356557959,0.0826447263,,,,
37833,0.0,1858.663452,-971.360413,-255.140121,-0.9683161648,-0.2356557959,0.0826447263,,,,
37834,0.0,1858.667236,-971.348633,-255.142868,-0.9683161648,-0.2356557959,0.0826447263,,,,
37835,0.0,1858.671021,-971.329041,-255.150284,-0.9683161648,-0.2356557959,0.0826447263,,,,
37836,0.0,1858.671143,-971.325562,-255.149887,-0.9683161648,-0.2356557959,0.0826447263,,,,
37837,0.0,1858.6704105,-971.32428,-255.1508405,-0.9683161648,-0.2356557959,0.0826447263,,,,
37838,0.0,1858.669678,-971.322998,-255.151794,-0.9683161648,-0.2356557959,0.0826447263,,,,
37839,0.0,1858.668457,-971.321594,-255.154663,-0.9683161648,-0.2356557959,0.0826447263,,,,
37840,0.0,1858.664856,-971.3202515,-255.1625825,-0.9683161648,-0.2356557959,0.0826447263,,,,
37841,0.0,1858.664185,-971.318787,-255.165024,-0.9683161648,-0.2356557959,0.0826447263,,,,
37842,0.0,1858.655029,-971.31958,-255.182098,-0.9683161648,-0.2356557959,0.0826447263,,,,
37843,0.0,1858.650024,-971.320801,-255.18956,-0.9683161648,-0.2356557959,0.0826447263,,,,
37844,0.0,1858.644043,-971.322327,-255.198395,-0.9683161648,-0.2356557959,0.0826447263,,,,
37845,0.0,1858.638184,-971.327942,-255.201096,-0.9683161648,-0.2356557959,0.0826447263,,,,
37846,0.0,1858.630005,-971.343994,-255.201477,-0.9683161648,-0.2356557959,0.0826447263,,,,
37847,0.0,1858.629761,-971.344299,-255.201431,-0.9683161648,-0.2356557959,0.0826447263,,,,
37848,0.0,1858.626587,-971.362488,-255.198044,-0.9683161648,-0.2356557959,0.0826447263,,,,
37849,0.0,1858.625122,-971.395203,-255.190613,-0.9683161648,-0.2356557959,0.0826447263,,,,
37850,0.0,1858.624878,-971.396179,-255.190414,-0.9683161648,-0.2356557959,0.0826447263,,,,
37851,0.0,1858.624634,-971.415894,-255.185913,-0.9683161648,-0.2356557959,0.0826447263,,,,
37852,0.0,1858.624146,-971.434998,-255.181519,-0.9683161648,-0.2356557959,0.0826447263,,,,
37853,0.0,1858.627808,-971.462158,-255.17276,-0.9683161648,-0.2356557959,0.0826447263,,,,
37854,0.0,1858.632812,-971.492493,-255.162613,-0.9683161648,-0.2356557959,0.0826447263,,,,
37855,0.0,1858.63916,-971.517151,-255.149902,-0.9683161648,-0.2356557959,0.0826447263,,,,
37856,0.0,1858.647583,-971.546082,-255.134583,-0.9683161648,-0.2356557959,0.0826447263,,,,
37857,0.0,1858.655396,-971.565979,-255.121674,-0.9683161648,-0.2356557959,0.0826447263,,,,
37858,0.0,1858.661011,-971.579834,-255.11261,-0.9683161648,-0.2356557959,0.0826447263,,,,
37859,0.0,1858.677368,-971.609009,-255.092453,-0.9683161648,-0.2356557959,0.0826447263,,,,
37860,0.0,1858.68811,-971.622131,-255.082718,-0.9683161648,-0.2356557959,0.0826447263,,,,
37861,0.0,1858.701172,-971.631592,-255.074768,-0.9683161648,-0.2356557959,0.0826447263,,,,
37862,0.0,1858.71936,-971.64209,-255.065338,-0.9683161648,-0.2356557959,0.0826447263,,,,
37863,0.0,1858.729492,-971.64978,-255.059723,-0.9683161648,-0.2356557959,0.0826447263,,,,
37864,0.0,1858.73938,-971.658752,-255.053635,-0.9683161648,-0.2356557959,0.0826447263,,,,
37865,0.0,1858.749756,-971.660767,-255.054764,-0.9683161648,-0.2356557959,0.0826447263,,,,
37866,0.0,1858.759888,-971.660645,-255.058289,-0.9683161648,-0.2356557959,0.0826447263,,,,
37867,0.0,1858.767578,-971.651978,-255.070892,-0.9683161648,-0.2356557959,0.0826447263,,,,
37868,0.0,1858.770996,-971.644257,-255.0781555,-0.9683161648,-0.2356557959,0.0826447263,,,,
37869,0.0,1858.774414,-971.636536,-255.085419,-0.9683161648,-0.2356557959,0.0826447263,,,,
37870,0.0,1858.778931,-971.625,-255.093063,-0.9683161648,-0.2356557959,0.0826447263,,,,
37871,0.0,1858.785034,-971.607239,-255.102219,-0.9683161648,-0.2356557959,0.0826447263,,,,
37872,0.0,1858.789673,-971.59259,-255.108734,-0.9683161648,-0.2356557959,0.0826447263,,,,
37873,0.0,1858.796753,-971.571899,-255.1129,-0.9683161648,-0.2356557959,0.0826447263,,,,
37874,0.0,1858.803711,-971.554138,-255.114044,-0.9683161648,-0.2356557959,0.0826447263,,,,
37875,0.0,1858.813965,-971.50946,-255.121796,-0.9683161648,-0.2356557959,0.0826447263,,,,
37876,0.0,1858.812195,-971.4973445,-255.121674,-0.9683161648,-0.2356557959,0.0826447263,,,,
37877,0.0,1858.803101,-971.466919,-255.118225,-0.9683161648,-0.2356557959,0.0826447263,,,,
37878,0.0,1858.799927,-971.4580385,-255.117325,-0.9683161648,-0.2356557959,0.0826447263,,,,
37879,0.0,1858.790649,-971.42865,-255.116409,-0.9683161648,-0.2356557959,0.0826447263,,,,
37880,0.0,1858.784668,-971.407166,-255.115173,-0.9683161648,-0.2356557959,0.0826447263,,,,
37881,0.0,1858.779663,-971.388,-255.113174,-0.9683161648,-0.2356557959,0.0826447263,,,,
37882,0.0,1858.770142,-971.367432,-255.111526,-0.9683161648,-0.2356557959,0.0826447263,,,,
37883,0.0,1858.760254,-971.352661,-255.110962,-0.9683161648,-0.2356557959,0.0826447263,,,,
37884,0.0,1858.74939,-971.33667,-255.111389,-0.9683161648,-0.2356557959,0.0826447263,,,,
37885,0.0,1858.738281,-971.318298,-255.114502,-0.9683161648,-0.2356557959,0.0826447263,,,,
37886,0.0,1858.7316895,-971.3100585,-255.11673,-0.9683161648,-0.2356557959,0.0826447263,,,,
37887,0.0,1858.723389,-971.300232,-255.119614,-0.9683161648,-0.2356557959,0.0826447263,,,,
37888,0.0,1858.701416,-971.279175,-255.129135,-0.9683161648,-0.2356557959,0.0826447263,,,,
37889,0.0,1858.694702,-971.273499,-255.132339,-0.9683161648,-0.2356557959,0.0826447263,,,,
37890,0.0,1858.68689,-971.267578,-255.137131,-0.9683161648,-0.2356557959,0.0826447263,,,,
37891,0.0,1858.677856,-971.262817,-255.144989,-0.9683161648,-0.2356557959,0.0826447263,,,,
37892,0.0,1858.670776,-971.25946,-255.15004,-0.9683161648,-0.2356557959,0.0826447263,,,,
37893,0.0,1858.660278,-971.256592,-255.152023,-0.9683161648,-0.2356557959,0.0826447263,,,,
37894,0.0,1858.653076,-971.256531,-255.152893,-0.9683161648,-0.2356557959,0.0826447263,,,,
37895,0.0,1858.639893,-971.26532,-255.151886,-0.9683161648,-0.2356557959,0.0826447263,,,,
37896,0.0,1858.62793,-971.27417,-255.149872,-0.9683161648,-0.2356557959,0.0826447263,,,,
37897,0.0,1858.615234,-971.285278,-255.145416,-0.9683161648,-0.2356557959,0.0826447263,,,,
37898,0.0,1858.599976,-971.30011,-255.140671,-0.9683161648,-0.2356557959,0.0826447263,,,,
37899,0.0,1858.595947,-971.304382,-255.139862,-0.9683161648,-0.2356557959,0.0826447263,,,,
37900,0.0,1858.578857,-971.328064,-255.135971,-0.9683161648,-0.2356557959,0.0826447263,,,,
37901,0.0,1858.575073,-971.344055,-255.134613,-0.9683161648,-0.2356557959,0.0826447263,,,,
37902,0.0,1858.569702,-971.369446,-255.134109,-0.9683161648,-0.2356557959,0.0826447263,,,,
37903,0.0,1858.567017,-971.385315,-255.1353,-0.9683161648,-0.2356557959,0.0826447263,,,,
37904,0.0,1858.562622,-971.410461,-255.13736,-0.9683161648,-0.2356557959,0.0826447263,,,,
37905,0.0,1858.556885,-971.434265,-255.139465,-0.9683161648,-0.2356557959,0.0826447263,,,,
37906,0.0,1858.552124,-971.45575,-255.142441,-0.9683161648,-0.2356557959,0.0826447263,,,,
37907,0.0,1858.55127,-971.465454,-255.146484,-0.9683161648,-0.2356557959,0.0826447263,,,,
37908,0.0,1858.548706,-971.499634,-255.160095,-0.9683161648,-0.2356557959,0.0826447263,,,,
37909,0.0,1858.546631,-971.526611,-255.16803,-0.9683161648,-0.2356557959,0.0826447263,,,,
37910,0.0,1858.545288,-971.54248,-255.172684,-0.9683161648,-0.2356557959,0.0826447263,,,,
37911,0.0,1858.543091,-971.568298,-255.172882,-0.9683161648,-0.2356557959,0.0826447263,,,,
37912,0.0,1858.540649,-971.59082,-255.172791,-0.9683161648,-0.2356557959,0.0826447263,,,,
37913,0.0,1858.533325,-971.610657,-255.168579,-0.9683161648,-0.2356557959,0.0826447263,,,,
37914,0.0,1858.516968,-971.653076,-255.162384,-0.9683161648,-0.2356557959,0.0826447263,,,,
37915,0.0,1858.508911,-971.671692,-255.160614,-0.9683161648,-0.2356557959,0.0826447263,,,,
37916,0.0,1858.498535,-971.696228,-255.156235,-0.9683161648,-0.2356557959,0.0826447263,,,,
37917,0.0,1858.4943845,-971.7053225,-255.1544875,-0.9683161648,-0.2356557959,0.0826447263,,,,
37918,0.0,1858.490234,-971.714417,-255.15274,-0.9683161648,-0.2356557959,0.0826447263,,,,
37919,0.0,1858.483643,-971.735535,-255.14975,-0.9683161648,-0.2356557959,0.0826447263,,,,
37920,0.0,1858.474976,-971.767761,-255.145523,-0.9683161648,-0.2356557959,0.0826447263,,,,
37921,0.0,1858.471619,-971.783508,-255.1436005,-0.9683161648,-0.2356557959,0.0826447263,,,,
37922,0.0,1858.468262,-971.799255,-255.141678,-0.9683161648,-0.2356557959,0.0826447263,,,,
37923,0.0,1858.465454,-971.816406,-255.139618,-0.9683161648,-0.2356557959,0.0826447263,,,,
37924,0.0,1858.461182,-971.843567,-255.137527,-0.9683161648,-0.2356557959,0.0826447263,,,,
37925,0.0,1858.455322,-971.886658,-255.140656,-0.9683161648,-0.2356557959,0.0826447263,,,,
37926,0.0,1858.455322,-971.8897705,-255.140999,-0.9683161648,-0.2356557959,0.0826447263,,,,
37927,0.0,1858.455078,-971.902405,-255.142395,-0.9683161648,-0.2356557959,0.0826447263,,,,
37928,0.0,1858.45343,-971.917328,-255.143486,-0.9683161648,-0.2356557959,0.0826447263,,,,
37929,0.0,1858.451538,-971.935059,-255.144684,-0.9683161648,-0.2356557959,0.0826447263,,,,
37930,0.0,1858.450806,-971.952759,-255.146332,-0.9683161648,-0.2356557959,0.0826447263,,,,
37931,0.0,1858.451294,-971.962891,-255.147491,-0.9683161648,-0.2356557959,0.0826447263,,,,
37932,0.0,1858.451416,-971.974731,-255.14798,-0.9683161648,-0.2356557959,0.0826447263,,,,
37933,0.0,1858.451904,-971.990662,-255.148331,-0.9683161648,-0.2356557959,0.0826447263,,,,
37934,0.0,1858.450806,-971.999817,-255.148895,-0.9683161648,-0.2356557959,0.0826447263,,,,
37935,0.0,1858.448608,-972.012268,-255.149811,-0.9683161648,-0.2356557959,0.0826447263,,,,
